state_code,district_code,area_name,region_type,age_group,total_persons,total_males,total_females,never_married_persons,never_married_males,never_married_females,currently_married_persons,currently_married_males,currently_married_females,widowed_persons,widowed_males,widowed_females,separated_persons,separated_males,separated_females,divorced_persons,divorced_males,divorced_females,unspecified_persons,unspecified_males,unspecified_females
05,000,State - UTTARAKHAND (05),Total,0-9,1983665,1049167,934498,1983665,1049167,934498,0,0,0,0,0,0,0,0,0,0,0,0,0,0,0
05,000,State - UTTARAKHAND (05),Total,10-14,1145343,603274,542069,1131477,598373,533104,12632,4406,8226,580,175,405,593,296,297,61,24,37,0,0,0
05,000,State - UTTARAKHAND (05),Total,15-19,1124110,588483,535627,1054801,575072,479729,67442,12767,54675,1073,300,773,665,293,372,129,51,78,0,0,0
05,000,State - UTTARAKHAND (05),Total,20-24,970068,484614,485454,571077,377441,193636,394763,106006,288757,2397,596,1801,1336,419,917,495,152,343,0,0,0
05,000,State - UTTARAKHAND (05),Total,25-29,810184,397363,412821,184302,143116,41186,617677,251996,365681,5460,1313,4147,1892,647,1245,853,291,562,0,0,0
05,000,State - UTTARAKHAND (05),Total,30-34,698300,345427,352873,49444,38894,10550,635722,303352,332370,9902,2019,7883,2247,823,1424,985,339,646,0,0,0
05,000,State - UTTARAKHAND (05),Total,35-39,665500,330834,334666,18539,14095,4444,626130,312262,313868,17337,3126,14211,2444,934,1510,1050,417,633,0,0,0
05,000,State - UTTARAKHAND (05),Total,40-44,566709,285531,281178,10890,8269,2621,527189,271633,255556,25697,4457,21240,2150,866,1284,783,306,477,0,0,0
05,000,State - UTTARAKHAND (05),Total,45-49,489377,247982,241395,7530,5749,1781,445236,235403,209833,34229,5875,28354,1796,714,1082,586,241,345,0,0,0
05,000,State - UTTARAKHAND (05),Total,50-54,397158,202024,195134,5674,4285,1389,346538,189708,156830,43093,7356,35737,1426,499,927,427,176,251,0,0,0
05,000,State - UTTARAKHAND (05),Total,55-59,318461,151865,166596,4015,2987,1028,268662,140130,128532,44612,8280,36332,894,358,536,278,110,168,0,0,0
05,000,State - UTTARAKHAND (05),Total,60-64,329056,163220,165836,7696,5160,2536,243764,143200,100564,76286,14359,61927,1053,395,658,257,106,151,0,0,0
05,000,State - UTTARAKHAND (05),Total,65-69,218759,108412,110347,8282,5217,3065,146152,89511,56641,63666,13412,50254,534,216,318,125,56,69,0,0,0
05,000,State - UTTARAKHAND (05),Total,70-74,163443,80970,82473,3907,2696,1211,92530,63399,29131,66519,14682,51837,373,145,228,114,48,66,0,0,0
05,000,State - UTTARAKHAND (05),Total,75-79,84646,40837,43809,1381,994,387,43529,29760,13769,39509,9989,29520,176,78,98,51,16,35,0,0,0
05,000,State - UTTARAKHAND (05),Total,80+,104905,48458,56447,5744,3646,2098,40458,28534,11924,58433,16179,42254,191,74,117,79,25,54,0,0,0
24,000,State - GUJARAT (24),Total,0-9,11296168,5998291,5297877,11296168,5998291,5297877,0,0,0,0,0,0,0,0,0,0,0,0,0,0,0
24,000,State - GUJARAT (24),Total,10-14,6149445,3283834,2865611,5972400,3213522,2758878,165756,65613,100143,6329,2146,4183,3322,1726,1596,1638,827,811,0,0,0
24,000,State - GUJARAT (24),Total,15-19,5865760,3146110,2719650,5083756,2915619,2168137,760489,222357,538132,10903,3515,7388,6257,2797,3460,4355,1822,2533,0,0,0
24,000,State - GUJARAT (24),Total,20-24,5780722,3046127,2734595,2703026,1858814,844212,3024973,1165059,1859914,20488,7065,13423,14570,6820,7750,17665,8369,9296,0,0,0
24,000,State - GUJARAT (24),Total,25-29,5278822,2767283,2511539,885529,683561,201968,4309394,2045661,2263733,35714,12853,22861,19722,9826,9896,28463,15382,13081,0,0,0
24,000,State - GUJARAT (24),Total,30-34,4770528,2467024,2303504,298568,232760,65808,4354753,2184761,2169992,64550,20924,43626,20559,10024,10535,32098,18555,13543,0,0,0
24,000,State - GUJARAT (24),Total,35-39,4341225,2258335,2082890,151313,115176,36137,4035608,2085711,1949897,104393,29745,74648,19455,9655,9800,30456,18048,12408,0,0,0
24,000,State - GUJARAT (24),Total,40-44,3865476,1993876,1871600,93808,68864,24944,3572886,1862028,1710858,157553,40575,116978,16145,7975,8170,25084,14434,10650,0,0,0
24,000,State - GUJARAT (24),Total,45-49,3314013,1711872,1602141,59870,41751,18119,3021569,1605185,1416384,202169,48891,153278,12307,6110,6197,18098,9935,8163,0,0,0
24,000,State - GUJARAT (24),Total,50-54,2697183,1409273,1287910,41559,27409,14150,2381140,1310986,1070154,252778,59972,192806,8976,4372,4604,12730,6534,6196,0,0,0
24,000,State - GUJARAT (24),Total,55-59,2054947,1038088,1016859,27882,17172,10710,1760135,954425,805710,253063,59866,193197,5977,2837,3140,7890,3788,4102,0,0,0
24,000,State - GUJARAT (24),Total,60-64,1727752,851259,876493,31454,17858,13596,1319556,750185,569371,365753,78283,287470,5185,2345,2840,5804,2588,3216,0,0,0
24,000,State - GUJARAT (24),Total,65-69,1170072,550002,620070,26542,14567,11975,816959,462353,354606,320222,70244,249978,3169,1494,1675,3180,1344,1836,0,0,0
24,000,State - GUJARAT (24),Total,70-74,899677,417522,482155,14356,7720,6636,524789,329442,195347,355968,78346,277622,2415,1151,1264,2149,863,1286,0,0,0
24,000,State - GUJARAT (24),Total,75-79,439996,196341,243655,6526,3400,3126,238109,144115,93994,193414,47947,145467,1067,541,526,880,338,542,0,0,0
24,000,State - GUJARAT (24),Total,80+,549062,230477,318585,27338,15582,11756,221959,139474,82485,297416,74362,223054,1249,660,589,1100,399,701,0,0,0
07,000,State - NCT OF DELHI (07),Total,0-9,2917172,1563823,1353349,2917172,1563823,1353349,0,0,0,0,0,0,0,0,0,0,0,0,0,0,0
07,000,State - NCT OF DELHI (07),Total,10-14,1648147,895446,752701,1630529,889249,741280,16436,5738,10698,526,142,384,574,280,294,82,37,45,0,0,0
07,000,State - NCT OF DELHI (07),Total,15-19,1667375,925118,742257,1573417,903773,669644,92077,20693,71384,953,272,681,796,341,455,132,39,93,0,0,0
07,000,State - NCT OF DELHI (07),Total,20-24,1764060,951411,812649,1146296,752401,393895,611721,197257,414464,2912,778,2134,2315,755,1560,816,220,596,0,0,0
07,000,State - NCT OF DELHI (07),Total,25-29,1668326,878196,790130,461196,340305,120891,1193385,533543,659842,6846,2046,4800,4727,1573,3154,2172,729,1443,0,0,0
07,000,State - NCT OF DELHI (07),Total,30-34,1434699,757455,677244,117317,88424,28893,1295251,661991,633260,13491,3722,9769,5435,2067,3368,3205,1251,1954,0,0,0
07,000,State - NCT OF DELHI (07),Total,35-39,1319244,698455,620789,41391,29654,11737,1245076,659985,585091,24170,5304,18866,5218,2037,3181,3389,1475,1914,0,0,0
07,000,State - NCT OF DELHI (07),Total,40-44,1097197,590858,506339,21495,14936,6559,1031623,565556,466067,37368,7616,29752,4016,1609,2407,2695,1141,1554,0,0,0
07,000,State - NCT OF DELHI (07),Total,45-49,911213,495227,415986,12755,8452,4303,843157,474675,368482,50299,10055,40244,2973,1158,1815,2029,887,1142,0,0,0
07,000,State - NCT OF DELHI (07),Total,50-54,687469,376222,311247,9324,5738,3586,615001,356639,258362,59913,12532,47381,1924,767,1157,1307,546,761,0,0,0
07,000,State - NCT OF DELHI (07),Total,55-59,508892,269185,239707,6287,3690,2597,441524,251264,190260,59062,13398,45664,1201,493,708,818,340,478,0,0,0
07,000,State - NCT OF DELHI (07),Total,60-64,472019,238103,233916,8905,5170,3735,365423,211807,153616,95983,20510,75473,1115,406,709,593,210,383,0,0,0
07,000,State - NCT OF DELHI (07),Total,65-69,272452,139398,133054,8922,5117,3805,191326,117017,74309,71532,16983,54549,425,182,243,247,99,148,0,0,0
07,000,State - NCT OF DELHI (07),Total,70-74,189250,94947,94303,3851,2243,1608,114354,74274,40080,70585,18242,52343,252,118,134,208,70,138,0,0,0
07,000,State - NCT OF DELHI (07),Total,75-79,100693,50446,50247,1352,774,578,54500,36309,18191,44640,13279,31361,106,54,52,95,30,65,0,0,0
07,000,State - NCT OF DELHI (07),Total,80+,113031,53861,59170,4827,2942,1885,44783,30445,14338,63143,20348,42795,143,70,73,135,56,79,0,0,0
23,000,State - MADHYA PRADESH (23),Total,0-9,15737741,8183940,7553801,15737741,8183940,7553801,0,0,0,0,0,0,0,0,0,0,0,0,0,0,0
23,000,State - MADHYA PRADESH (23),Total,10-14,8564501,4439329,4125172,8364995,4358420,4006575,188846,76199,112647,6358,2579,3779,3659,1809,1850,643,322,321,0,0,0
23,000,State - MADHYA PRADESH (23),Total,15-19,7446789,3980072,3466717,6453124,3728142,2724982,972597,244086,728511,12635,4830,7805,6785,2499,4286,1648,515,1133,0,0,0
23,000,State - MADHYA PRADESH (23),Total,20-24,6727579,3554088,3173491,2868910,2093914,774996,3797085,1436809,2360276,30782,12501,18281,23735,8582,15153,7067,2282,4785,0,0,0
23,000,State - MADHYA PRADESH (23),Total,25-29,5787506,2988325,2799181,870098,701105,168993,4821726,2249709,2572017,54491,21539,32952,30820,12140,18680,10371,3832,6539,0,0,0
23,000,State - MADHYA PRADESH (23),Total,30-34,5214960,2650705,2564255,266992,218125,48867,4820146,2385326,2434820,84109,29909,54200,32576,13153,19423,11137,4192,6945,0,0,0
23,000,State - MADHYA PRADESH (23),Total,35-39,4861671,2493464,2368207,116371,93115,23256,4571730,2341126,2230604,129599,41436,88163,33077,13672,19405,10894,4115,6779,0,0,0
23,000,State - MADHYA PRADESH (23),Total,40-44,4214474,2193888,2020586,69901,55471,14430,3927833,2069346,1858487,179054,53773,125281,28663,11966,16697,9023,3332,5691,0,0,0
23,000,State - MADHYA PRADESH (23),Total,45-49,3522961,1838798,1684163,44113,34339,9774,3237833,1731753,1506080,213441,61433,152008,21041,8759,12282,6533,2514,4019,0,0,0
23,000,State - MADHYA PRADESH (23),Total,50-54,2694372,1446522,1247850,32760,25142,7618,2388478,1343322,1045156,253961,70265,183696,14713,6129,8584,4460,1664,2796,0,0,0
23,000,State - MADHYA PRADESH (23),Total,55-59,2058077,1030243,1027834,23476,17171,6305,1782936,941744,841192,240473,66635,173838,8667,3777,4890,2525,916,1609,0,0,0
23,000,State - MADHYA PRADESH (23),Total,60-64,1987410,989463,997947,41310,26586,14724,1518487,856895,661592,417199,101481,315718,8035,3585,4450,2379,916,1463,0,0,0
23,000,State - MADHYA PRADESH (23),Total,65-69,1427061,680005,747056,39152,24788,14364,1002894,558380,444514,379075,94047,285028,4633,2268,2365,1307,522,785,0,0,0
23,000,State - MADHYA PRADESH (23),Total,70-74,1107421,545246,562175,22275,14816,7459,649502,420520,228982,431576,107971,323605,3021,1560,1461,1047,379,668,0,0,0
23,000,State - MADHYA PRADESH (23),Total,75-79,523355,244807,278548,10828,7019,3809,294252,176611,117641,216702,60406,156296,1161,622,539,412,149,263,0,0,0
23,000,State - MADHYA PRADESH (23),Total,80+,668069,310035,358034,43172,26278,16894,288846,186164,102682,334011,96645,237366,1451,757,694,589,191,398,0,0,0
18,000,State - ASSAM (18),Total,0-9,6757172,3441268,3315904,6757172,3441268,3315904,0,0,0,0,0,0,0,0,0,0,0,0,0,0,0
18,000,State - ASSAM (18),Total,10-14,3491727,1789381,1702346,3439043,1772901,1666142,48867,15123,33744,2304,678,1626,1088,525,563,425,154,271,0,0,0
18,000,State - ASSAM (18),Total,15-19,3068581,1595489,1473092,2671442,1533011,1138431,387841,60320,327521,5322,1361,3961,1975,580,1395,2001,217,1784,0,0,0
18,000,State - ASSAM (18),Total,20-24,2909405,1415580,1493825,1517872,1031919,485953,1367172,379119,988053,12559,2762,9797,4959,1026,3933,6843,754,6089,0,0,0
18,000,State - ASSAM (18),Total,25-29,2815147,1393042,1422105,773747,571539,202208,1998582,812113,1186469,26332,6253,20079,7193,1700,5493,9293,1437,7856,0,0,0
18,000,State - ASSAM (18),Total,30-34,2330060,1174247,1155813,331698,245500,86198,1940517,916393,1024124,41855,8925,32930,7363,1806,5557,8627,1623,7004,0,0,0
18,000,State - ASSAM (18),Total,35-39,2260473,1153679,1106794,158446,108333,50113,2014770,1027584,987186,70399,13529,56870,8303,2331,5972,8555,1902,6653,0,0,0
18,000,State - ASSAM (18),Total,40-44,1831206,965463,865743,74724,43669,31055,1642433,900515,741918,99294,17412,81882,7857,2255,5602,6898,1612,5286,0,0,0
18,000,State - ASSAM (18),Total,45-49,1595249,846081,749168,43494,21319,22175,1406725,799020,607705,132649,22340,110309,6979,2054,4925,5402,1348,4054,0,0,0
18,000,State - ASSAM (18),Total,50-54,1192363,642260,550103,25183,11916,13267,1003492,602380,401112,154651,25252,129399,5395,1783,3612,3642,929,2713,0,0,0
18,000,State - ASSAM (18),Total,55-59,856825,458242,398583,14409,6813,7596,693285,425637,267648,143590,23937,119653,3511,1275,2236,2030,580,1450,0,0,0
18,000,State - ASSAM (18),Total,60-64,775698,394563,381135,15532,7423,8109,546443,353744,192699,208995,31820,177175,3073,1114,1959,1655,462,1193,0,0,0
18,000,State - ASSAM (18),Total,65-69,503642,253973,249669,11254,5677,5577,326179,220955,105224,163475,26269,137206,1833,776,1057,901,296,605,0,0,0
18,000,State - ASSAM (18),Total,70-74,385277,196445,188832,6188,3156,3032,220951,164269,56682,156272,28128,128144,1266,677,589,600,215,385,0,0,0
18,000,State - ASSAM (18),Total,75-79,184352,96599,87753,2852,1518,1334,100485,77093,23392,80244,17570,62674,531,321,210,240,97,143,0,0,0
18,000,State - ASSAM (18),Total,80+,229575,113237,116338,14196,7914,6282,103448,77306,26142,110933,27453,83480,651,421,230,347,143,204,0,0,0
04,000,State - CHANDIGARH (04),Total,0-9,173048,92602,80446,173048,92602,80446,0,0,0,0,0,0,0,0,0,0,0,0,0,0,0
04,000,State - CHANDIGARH (04),Total,10-14,93464,52140,41324,92490,51779,40711,922,346,576,14,2,12,35,13,22,3,0,3,0,0,0
04,000,State - CHANDIGARH (04),Total,15-19,104418,60521,43897,98824,58957,39867,5491,1525,3966,44,11,33,52,26,26,7,2,5,0,0,0
04,000,State - CHANDIGARH (04),Total,20-24,121244,68467,52777,82230,53943,28287,38700,14407,24293,130,32,98,126,62,64,58,23,35,0,0,0
04,000,State - CHANDIGARH (04),Total,25-29,110237,60694,49543,31656,22904,8752,77766,37479,40287,352,108,244,310,147,163,153,56,97,0,0,0
04,000,State - CHANDIGARH (04),Total,30-34,90803,49625,41178,6792,4809,1983,82727,44354,38373,676,175,501,329,155,174,279,132,147,0,0,0
04,000,State - CHANDIGARH (04),Total,35-39,83672,45566,38106,2365,1579,786,79369,43439,35930,1314,256,1058,315,153,162,309,139,170,0,0,0
04,000,State - CHANDIGARH (04),Total,40-44,68921,37268,31653,1215,787,428,65161,35927,29234,2073,368,1705,259,99,160,213,87,126,0,0,0
04,000,State - CHANDIGARH (04),Total,45-49,60352,32893,27459,709,469,240,56377,31783,24594,2868,460,2408,217,99,118,181,82,99,0,0,0
04,000,State - CHANDIGARH (04),Total,50-54,46942,26108,20834,555,350,205,42730,25022,17708,3390,616,2774,146,68,78,121,52,69,0,0,0
04,000,State - CHANDIGARH (04),Total,55-59,34925,19745,15180,407,235,172,30867,18677,12190,3454,735,2719,120,64,56,77,34,43,0,0,0
04,000,State - CHANDIGARH (04),Total,60-64,25801,13530,12271,447,256,191,20939,12356,8583,4296,863,3433,68,38,30,51,17,34,0,0,0
04,000,State - CHANDIGARH (04),Total,65-69,15839,8250,7589,476,314,162,11850,7112,4738,3451,787,2664,32,20,12,30,17,13,0,0,0
04,000,State - CHANDIGARH (04),Total,70-74,11385,5998,5387,227,158,69,7650,4868,2782,3469,952,2517,24,15,9,15,5,10,0,0,0
04,000,State - CHANDIGARH (04),Total,75-79,6422,3255,3167,89,50,39,3884,2489,1395,2428,702,1726,15,11,4,6,3,3,0,0,0
04,000,State - CHANDIGARH (04),Total,80+,7631,3800,3831,263,157,106,3452,2328,1124,3878,1292,2586,25,19,6,13,4,9,0,0,0
27,000,State - MAHARASHTRA (27),Total,0-9,19182680,10117806,9064874,19182680,10117806,9064874,0,0,0,0,0,0,0,0,0,0,0,0,0,0,0
27,000,State - MAHARASHTRA (27),Total,10-14,10734535,5662261,5072274,10357152,5497871,4859281,348832,152071,196761,17048,6661,10387,9519,4719,4800,1984,939,1045,0,0,0
27,000,State - MAHARASHTRA (27),Total,15-19,10627267,5710400,4916867,9359684,5422147,3937537,1223312,272363,950949,26875,9392,17483,13069,5404,7665,4327,1094,3233,0,0,0
27,000,State - MAHARASHTRA (27),Total,20-24,11090966,5845114,5245852,5993453,4353353,1640100,4997959,1465782,3532177,52517,14019,38498,30805,9046,21759,16232,2914,13318,0,0,0
27,000,State - MAHARASHTRA (27),Total,25-29,10147113,5272560,4874553,2280471,1803361,477110,7696577,3429323,4267254,97488,20764,76724,46121,12888,33233,26456,6224,20232,0,0,0
27,000,State - MAHARASHTRA (27),Total,30-34,8796307,4536297,4260010,613730,450315,163415,7935097,4033340,3901757,160859,28597,132262,54719,15591,39128,31902,8454,23448,0,0,0
27,000,State - MAHARASHTRA (27),Total,35-39,8247160,4209434,4037726,242817,153602,89215,7666499,3992879,3673620,244835,36432,208403,59996,17232,42764,33013,9289,23724,0,0,0
27,000,State - MAHARASHTRA (27),Total,40-44,7196089,3744825,3451264,147228,85247,61981,6639505,3588801,3050704,325402,47024,278378,55171,15888,39283,28783,7865,20918,0,0,0
27,000,State - MAHARASHTRA (27),Total,45-49,6032454,3116218,2916236,93159,50606,42553,5494218,2992565,2501653,382310,55258,327052,41693,12015,29678,21074,5774,15300,0,0,0
27,000,State - MAHARASHTRA (27),Total,50-54,4919317,2580991,2338326,72048,37698,34350,4352438,2459619,1892819,447664,70364,377300,32013,9199,22814,15154,4111,11043,0,0,0
27,000,State - MAHARASHTRA (27),Total,55-59,3885814,1974129,1911685,55402,28321,27081,3345034,1860309,1484725,454897,76389,378508,20791,6356,14435,9690,2754,6936,0,0,0
27,000,State - MAHARASHTRA (27),Total,60-64,3642480,1716639,1925841,68289,32841,35448,2846083,1563980,1282103,700679,111872,588807,19588,5759,13829,7841,2187,5654,0,0,0
27,000,State - MAHARASHTRA (27),Total,65-69,3078352,1440238,1638114,69145,35056,34089,2185354,1267502,917852,802604,131365,671239,15565,4831,10734,5684,1484,4200,0,0,0
27,000,State - MAHARASHTRA (27),Total,70-74,2143136,1039292,1103844,37788,19213,18575,1316315,872304,444011,776226,143110,633116,9459,3643,5816,3348,1022,2326,0,0,0
27,000,State - MAHARASHTRA (27),Total,75-79,1062773,515431,547342,19468,9665,9803,602045,405492,196553,435691,97967,337724,4052,1835,2217,1517,472,1045,0,0,0
27,000,State - MAHARASHTRA (27),Total,80+,1180194,542109,638085,73527,41807,31720,532415,357597,174818,568009,140020,427989,4360,2099,2261,1883,586,1297,0,0,0
30,000,State - GOA (30),Total,0-9,207171,106689,100482,207171,106689,100482,0,0,0,0,0,0,0,0,0,0,0,0,0,0,0
30,000,State - GOA (30),Total,10-14,110989,57417,53572,107570,56090,51480,3134,1212,1922,172,54,118,100,55,45,13,6,7,0,0,0
30,000,State - GOA (30),Total,15-19,113875,60075,53800,104638,57721,46917,8925,2215,6710,214,85,129,83,43,40,15,11,4,0,0,0
30,000,State - GOA (30),Total,20-24,130745,70616,60129,94418,59738,34680,35732,10707,25025,413,106,307,152,55,97,30,10,20,0,0,0
30,000,State - GOA (30),Total,25-29,132626,67744,64882,57592,39825,17767,74100,27693,46407,663,148,515,199,58,141,72,20,52,0,0,0
30,000,State - GOA (30),Total,30-34,125859,63471,62388,27471,20392,7079,96511,42646,53865,1435,297,1138,304,88,216,138,48,90,0,0,0
30,000,State - GOA (30),Total,35-39,126298,63541,62757,13313,9487,3826,109487,53487,56000,2831,361,2470,470,155,315,197,51,146,0,0,0
30,000,State - GOA (30),Total,40-44,108512,55504,53008,6645,4270,2375,96562,50519,46043,4640,490,4150,447,143,304,218,82,136,0,0,0
30,000,State - GOA (30),Total,45-49,94736,47867,46869,4031,2320,1711,83615,44660,38955,6512,678,5834,376,134,242,202,75,127,0,0,0
30,000,State - GOA (30),Total,50-54,76592,38782,37810,2837,1489,1348,65532,36377,29155,7820,766,7054,280,102,178,123,48,75,0,0,0
30,000,State - GOA (30),Total,55-59,65553,32021,33532,2152,1069,1083,54022,29901,24121,9030,929,8101,242,87,155,107,35,72,0,0,0
30,000,State - GOA (30),Total,60-64,61104,29100,32004,2052,951,1101,44370,26543,17827,14407,1503,12904,203,75,128,72,28,44,0,0,0
30,000,State - GOA (30),Total,65-69,41019,19005,22014,1411,647,764,26778,16768,10010,12659,1511,11148,123,55,68,48,24,24,0,0,0
30,000,State - GOA (30),Total,70-74,29055,12890,16165,1026,457,569,16038,10834,5204,11896,1552,10344,57,30,27,38,17,21,0,0,0
30,000,State - GOA (30),Total,75-79,16536,7228,9308,660,263,397,8154,5757,2397,7667,1180,6487,30,21,9,25,7,18,0,0,0
30,000,State - GOA (30),Total,80+,15781,6092,9689,1090,499,591,6074,4119,1955,8550,1450,7100,37,16,21,30,8,22,0,0,0
32,000,State - KERALA (32),Total,0-9,5008204,2550724,2457480,5008204,2550724,2457480,0,0,0,0,0,0,0,0,0,0,0,0,0,0,0
32,000,State - KERALA (32),Total,10-14,2822770,1438917,1383853,2790429,1429759,1360670,30014,8345,21669,1224,293,931,1010,483,527,93,37,56,0,0,0
32,000,State - KERALA (32),Total,15-19,2610552,1328299,1282253,2428944,1309674,1119270,177877,17747,160130,2076,429,1647,1355,422,933,300,27,273,0,0,0
32,000,State - KERALA (32),Total,20-24,2665809,1298826,1366983,1755419,1186960,568459,898766,110483,788283,4671,637,4034,5137,660,4477,1816,86,1730,0,0,0
32,000,State - KERALA (32),Total,25-29,2604092,1203978,1400114,882964,716126,166838,1690523,483930,1206593,11482,1356,10126,14025,2075,11950,5098,491,4607,0,0,0
32,000,State - KERALA (32),Total,30-34,2455501,1128217,1327284,315427,249202,66225,2086394,870617,1215777,23568,2638,20930,22787,4545,18242,7325,1215,6110,0,0,0
32,000,State - KERALA (32),Total,35-39,2579673,1161819,1417854,137332,88142,49190,2353008,1060935,1292073,48431,4197,44234,31921,6752,25169,8981,1793,7188,0,0,0
32,000,State - KERALA (32),Total,40-44,2412498,1117424,1295074,81112,41559,39553,2206927,1061551,1145376,82509,5701,76808,33426,6891,26535,8524,1722,6802,0,0,0
32,000,State - KERALA (32),Total,45-49,2348530,1105598,1242932,63553,26319,37234,2106273,1062830,1043443,136782,8364,128418,34229,6690,27539,7693,1395,6298,0,0,0
32,000,State - KERALA (32),Total,50-54,1928145,931191,996954,49916,17304,32612,1665890,896561,769329,181059,11331,169728,25612,5003,20609,5668,992,4676,0,0,0
32,000,State - KERALA (32),Total,55-59,1742408,861527,880881,41931,13649,28282,1439541,826771,612770,236619,16288,220331,20184,4090,16094,4133,729,3404,0,0,0
32,000,State - KERALA (32),Total,60-64,1414671,685136,729535,35648,10590,25058,1054178,647943,406235,308125,22997,285128,13774,3055,10719,2946,551,2395,0,0,0
32,000,State - KERALA (32),Total,65-69,1002134,459232,542902,25179,7657,17522,660441,424126,236315,306761,25187,281574,8011,1931,6080,1742,331,1411,0,0,0
32,000,State - KERALA (32),Total,70-74,733372,326562,406810,19591,5873,13718,412813,288673,124140,295365,30545,264820,4586,1278,3308,1017,193,824,0,0,0
32,000,State - KERALA (32),Total,75-79,501367,208317,293050,13728,4012,9716,238663,173645,65018,245686,29718,215968,2646,824,1822,644,118,526,0,0,0
32,000,State - KERALA (32),Total,80+,541849,204348,337501,16393,5595,10798,181511,140708,40803,341262,57229,284033,2049,683,1366,634,133,501,0,0,0
25,000,State - DAMAN & DIU (25),Total,0-9,37664,19848,17816,37664,19848,17816,0,0,0,0,0,0,0,0,0,0,0,0,0,0,0
25,000,State - DAMAN & DIU (25),Total,10-14,17321,9300,8021,17060,9178,7882,238,109,129,15,7,8,8,6,2,0,0,0,0,0,0
25,000,State - DAMAN & DIU (25),Total,15-19,26314,18239,8075,23955,17322,6633,2320,901,1419,20,3,17,16,13,3,3,0,3,0,0,0
25,000,State - DAMAN & DIU (25),Total,20-24,38584,27925,10659,23743,20621,3122,14704,7232,7472,42,15,27,81,55,26,14,2,12,0,0,0
25,000,State - DAMAN & DIU (25),Total,25-29,33181,22044,11137,9306,8132,1174,23618,13793,9825,101,23,78,124,86,38,32,10,22,0,0,0
25,000,State - DAMAN & DIU (25),Total,30-34,24031,15314,8717,2565,2008,557,21066,13179,7887,224,35,189,108,68,40,68,24,44,0,0,0
25,000,State - DAMAN & DIU (25),Total,35-39,19550,12255,7295,1089,704,385,17946,11411,6535,327,34,293,131,82,49,57,24,33,0,0,0
25,000,State - DAMAN & DIU (25),Total,40-44,13601,8384,5217,481,257,224,12466,8008,4458,521,63,458,84,42,42,49,14,35,0,0,0
25,000,State - DAMAN & DIU (25),Total,45-49,9618,5649,3969,264,119,145,8561,5426,3135,690,61,629,53,29,24,50,14,36,0,0,0
25,000,State - DAMAN & DIU (25),Total,50-54,6610,3646,2964,163,73,90,5666,3445,2221,712,96,616,39,21,18,30,11,19,0,0,0
25,000,State - DAMAN & DIU (25),Total,55-59,5056,2576,2480,106,39,67,4049,2425,1624,858,96,762,17,9,8,26,7,19,0,0,0
25,000,State - DAMAN & DIU (25),Total,60-64,4308,1977,2331,114,44,70,3009,1803,1206,1158,120,1038,16,7,9,11,3,8,0,0,0
25,000,State - DAMAN & DIU (25),Total,65-69,2753,1182,1571,95,44,51,1651,1013,638,991,119,872,7,5,2,9,1,8,0,0,0
25,000,State - DAMAN & DIU (25),Total,70-74,2103,841,1262,52,23,29,1112,701,411,926,112,814,6,3,3,7,2,5,0,0,0
25,000,State - DAMAN & DIU (25),Total,75-79,1067,437,630,16,8,8,508,349,159,540,79,461,2,0,2,1,1,0,0,0,0
25,000,State - DAMAN & DIU (25),Total,80+,1130,436,694,79,52,27,408,287,121,636,95,541,2,2,0,5,0,5,0,0,0
21,000,State - ODISHA (21),Total,0-9,7727797,3963466,3764331,7727797,3963466,3764331,0,0,0,0,0,0,0,0,0,0,0,0,0,0,0
21,000,State - ODISHA (21),Total,10-14,4348625,2203535,2145090,4283727,2180366,2103361,59513,21159,38354,3071,1000,2071,1982,868,1114,332,142,190,0,0,0
21,000,State - ODISHA (21),Total,15-19,3925398,1972684,1952714,3575567,1912942,1662625,339986,56895,283091,5486,1583,3903,3635,1093,2542,724,171,553,0,0,0
21,000,State - ODISHA (21),Total,20-24,3783527,1870939,1912588,2238095,1490947,747148,1518835,373993,1144842,13340,3197,10143,10676,2388,8288,2581,414,2167,0,0,0
21,000,State - ODISHA (21),Total,25-29,3574037,1772876,1801161,1019954,786494,233460,2503692,975249,1528443,28838,6339,22499,17152,4062,13090,4401,732,3669,0,0,0
21,000,State - ODISHA (21),Total,30-34,3102991,1542233,1560758,321431,239253,82178,2708499,1288241,1420258,48270,9216,39054,19437,4603,14834,5354,920,4434,0,0,0
21,000,State - ODISHA (21),Total,35-39,3051188,1528685,1522503,114634,67400,47234,2831622,1441530,1390092,78052,13387,64665,21090,5350,15740,5790,1018,4772,0,0,0
21,000,State - ODISHA (21),Total,40-44,2691474,1387920,1303554,60846,29389,31457,2494446,1333475,1160971,111895,19335,92560,19200,4931,14269,5087,790,4297,0,0,0
21,000,State - ODISHA (21),Total,45-49,2334030,1212366,1121664,36494,16216,20278,2136925,1165744,971181,142162,25928,116234,14774,3861,10913,3675,617,3058,0,0,0
21,000,State - ODISHA (21),Total,50-54,1847812,957524,890288,22922,9843,13079,1635463,910965,724498,176434,33275,143159,10547,3026,7521,2446,415,2031,0,0,0
21,000,State - ODISHA (21),Total,55-59,1483720,744291,739429,14793,6578,8215,1281531,698294,583237,179089,36911,142178,6693,2192,4501,1614,316,1298,0,0,0
21,000,State - ODISHA (21),Total,60-64,1474061,737635,736426,17207,7568,9639,1125961,662679,463282,322118,64481,257637,7086,2583,4503,1689,324,1365,0,0,0
21,000,State - ODISHA (21),Total,65-69,979525,487849,491676,13164,6201,6963,683856,419664,264192,277571,60001,217570,3996,1791,2205,938,192,746,0,0,0
21,000,State - ODISHA (21),Total,70-74,768070,380635,387435,8506,3910,4596,446991,305352,141639,308761,69604,239157,2998,1569,1429,814,200,614,0,0,0
21,000,State - ODISHA (21),Total,75-79,364800,183294,181506,3551,1741,1810,199291,137569,61722,160308,43027,117281,1353,876,477,297,81,216,0,0,0
21,000,State - ODISHA (21),Total,80+,397992,204857,193135,15553,8733,6820,174060,128047,46013,206307,66853,139454,1648,1117,531,424,107,317,0,0,0
15,000,State - MIZORAM (15),Total,0-9,239021,121429,117592,239021,121429,117592,0,0,0,0,0,0,0,0,0,0,0,0,0,0,0
15,000,State - MIZORAM (15),Total,10-14,116981,59526,57455,115722,59104,56618,1139,378,761,43,12,31,48,22,26,29,10,19,0,0,0
15,000,State - MIZORAM (15),Total,15-19,110343,55907,54436,101650,54009,47641,8196,1784,6412,95,20,75,228,50,178,174,44,130,0,0,0
15,000,State - MIZORAM (15),Total,20-24,111708,55512,56196,67699,39399,28300,41025,15371,25654,483,96,387,1281,327,954,1220,319,901,0,0,0
15,000,State - MIZORAM (15),Total,25-29,102346,51390,50956,34645,20665,13980,62713,29178,33535,912,196,716,1945,661,1284,2131,690,1441,0,0,0
15,000,State - MIZORAM (15),Total,30-34,88374,44341,44033,17328,10206,7122,65276,32186,33090,1380,285,1095,1869,765,1104,2521,899,1622,0,0,0
15,000,State - MIZORAM (15),Total,35-39,72384,36817,35567,8402,4874,3528,58380,30015,28365,1826,374,1452,1482,673,809,2294,881,1413,0,0,0
15,000,State - MIZORAM (15),Total,40-44,58180,29970,28210,4516,2670,1846,47955,25432,22523,2445,472,1973,1213,576,637,2051,820,1231,0,0,0
15,000,State - MIZORAM (15),Total,45-49,53175,27028,26147,3239,1855,1384,43850,23419,20431,3202,563,2639,1015,476,539,1869,715,1154,0,0,0
15,000,State - MIZORAM (15),Total,50-54,44256,22556,21700,2303,1364,939,35692,19452,16240,3823,682,3141,792,398,394,1646,660,986,0,0,0
15,000,State - MIZORAM (15),Total,55-59,31177,16139,15038,1417,797,620,24434,14031,10403,3748,675,3073,535,248,287,1043,388,655,0,0,0
15,000,State - MIZORAM (15),Total,60-64,24480,12357,12123,1181,624,557,17839,10416,7423,4248,829,3419,374,177,197,838,311,527,0,0,0
15,000,State - MIZORAM (15),Total,65-69,16170,8114,8056,865,420,445,10836,6546,4290,3586,788,2798,283,132,151,600,228,372,0,0,0
15,000,State - MIZORAM (15),Total,70-74,12020,6108,5912,483,221,262,7269,4643,2626,3628,926,2702,192,110,82,448,208,240,0,0,0
15,000,State - MIZORAM (15),Total,75-79,7784,3884,3900,227,82,145,3972,2649,1323,3099,904,2195,160,92,68,326,157,169,0,0,0
15,000,State - MIZORAM (15),Total,80+,8174,3882,4292,405,214,191,3010,2030,980,4176,1325,2851,183,115,68,400,198,202,0,0,0
26,000,State - DADRA & NAGAR HAVELI (26),Total,0-9,72810,37961,34849,72810,37961,34849,0,0,0,0,0,0,0,0,0,0,0,0,0,0,0
26,000,State - DADRA & NAGAR HAVELI (26),Total,10-14,35003,18385,16618,34504,18219,16285,477,160,317,6,1,5,13,4,9,3,1,2,0,0,0
26,000,State - DADRA & NAGAR HAVELI (26),Total,15-19,33104,19979,13125,28838,18778,10060,4198,1176,3022,23,5,18,33,19,14,12,1,11,0,0,0
26,000,State - DADRA & NAGAR HAVELI (26),Total,20-24,44301,27595,16706,21576,17914,3662,22395,9554,12841,99,23,76,162,90,72,69,14,55,0,0,0
26,000,State - DADRA & NAGAR HAVELI (26),Total,25-29,39885,23496,16389,7144,6139,1005,32259,17167,15092,174,28,146,223,137,86,85,25,60,0,0,0
26,000,State - DADRA & NAGAR HAVELI (26),Total,30-34,30641,17957,12684,1530,1184,346,28554,16575,11979,259,43,216,218,131,87,80,24,56,0,0,0
26,000,State - DADRA & NAGAR HAVELI (26),Total,35-39,25277,14862,10415,514,354,160,24061,14329,9732,449,62,387,172,97,75,81,20,61,0,0,0
26,000,State - DADRA & NAGAR HAVELI (26),Total,40-44,18181,10554,7627,264,158,106,17142,10246,6896,607,88,519,123,53,70,45,9,36,0,0,0
26,000,State - DADRA & NAGAR HAVELI (26),Total,45-49,13789,7671,6118,145,86,59,12740,7423,5317,767,103,664,102,50,52,35,9,26,0,0,0
26,000,State - DADRA & NAGAR HAVELI (26),Total,50-54,9503,5215,4288,103,49,54,8392,4964,3428,895,151,744,93,47,46,20,4,16,0,0,0
26,000,State - DADRA & NAGAR HAVELI (26),Total,55-59,6951,3526,3425,70,34,36,5899,3321,2578,916,146,770,45,19,26,21,6,15,0,0,0
26,000,State - DADRA & NAGAR HAVELI (26),Total,60-64,5831,2794,3037,122,56,66,4250,2474,1776,1408,243,1165,45,19,26,6,2,4,0,0,0
26,000,State - DADRA & NAGAR HAVELI (26),Total,65-69,3716,1755,1961,77,39,38,2433,1483,950,1179,219,960,24,12,12,3,2,1,0,0,0
26,000,State - DADRA & NAGAR HAVELI (26),Total,70-74,2309,973,1336,39,15,24,1182,766,416,1070,183,887,13,6,7,5,3,2,0,0,0
26,000,State - DADRA & NAGAR HAVELI (26),Total,75-79,958,394,564,8,5,3,447,285,162,492,96,396,10,8,2,1,0,1,0,0,0
26,000,State - DADRA & NAGAR HAVELI (26),Total,80+,1078,443,635,88,45,43,451,282,169,532,114,418,6,2,4,1,0,1,0,0,0
02,000,State - HIMACHAL PRADESH (02),Total,0-9,1136161,596468,539693,1136161,596468,539693,0,0,0,0,0,0,0,0,0,0,0,0,0,0,0
02,000,State - HIMACHAL PRADESH (02),Total,10-14,639224,338240,300984,628334,333862,294472,10218,4105,6113,441,142,299,204,120,84,27,11,16,0,0,0
02,000,State - HIMACHAL PRADESH (02),Total,15-19,640461,336729,303732,603620,327867,275753,35925,8523,27402,586,195,391,264,117,147,66,27,39,0,0,0
02,000,State - HIMACHAL PRADESH (02),Total,20-24,643866,323720,320146,414718,265290,149428,226721,57682,169039,1423,412,1011,715,250,465,289,86,203,0,0,0
02,000,State - HIMACHAL PRADESH (02),Total,25-29,589160,290125,299035,160420,124983,35437,423783,163662,260121,3112,752,2360,1210,493,717,635,235,400,0,0,0
02,000,State - HIMACHAL PRADESH (02),Total,30-34,546357,271253,275104,41609,32227,9382,495676,236410,259266,6456,1358,5098,1595,778,817,1021,480,541,0,0,0
02,000,State - HIMACHAL PRADESH (02),Total,35-39,517966,258230,259736,14855,10587,4268,488620,244021,244599,11264,1990,9274,1943,983,960,1284,649,635,0,0,0
02,000,State - HIMACHAL PRADESH (02),Total,40-44,445560,222269,223291,8786,6042,2744,417222,212330,204892,16731,2562,14169,1675,836,839,1146,499,647,0,0,0
02,000,State - HIMACHAL PRADESH (02),Total,45-49,395128,197642,197486,6066,4114,1952,363319,188809,174510,23345,3616,19729,1423,664,759,975,439,536,0,0,0
02,000,State - HIMACHAL PRADESH (02),Total,50-54,330687,165724,164963,4703,3196,1507,293408,156759,136649,30577,4847,25730,1213,579,634,786,343,443,0,0,0
02,000,State - HIMACHAL PRADESH (02),Total,55-59,266860,135245,131615,3466,2365,1101,227834,126311,101523,34088,5862,28226,885,442,443,587,265,322,0,0,0
02,000,State - HIMACHAL PRADESH (02),Total,60-64,231372,115464,115908,4419,2977,1442,177350,103199,74151,48181,8607,39574,897,452,445,525,229,296,0,0,0
02,000,State - HIMACHAL PRADESH (02),Total,65-69,158607,78387,80220,4007,2629,1378,110761,66870,43891,43022,8474,34548,507,268,239,310,146,164,0,0,0
02,000,State - HIMACHAL PRADESH (02),Total,70-74,130587,62119,68468,2511,1703,808,76527,49813,26714,50872,10255,40617,448,235,213,229,113,116,0,0,0
02,000,State - HIMACHAL PRADESH (02),Total,75-79,75706,36440,39266,1192,853,339,40328,27358,12970,33843,8043,25800,220,134,86,123,52,71,0,0,0
02,000,State - HIMACHAL PRADESH (02),Total,80+,106737,48465,58272,3119,2082,1037,40831,30083,10748,62363,16072,46291,251,162,89,173,66,107,0,0,0
11,000,State - SIKKIM (11),Total,0-9,99014,50373,48641,99014,50373,48641,0,0,0,0,0,0,0,0,0,0,0,0,0,0,0
11,000,State - SIKKIM (11),Total,10-14,66923,33965,32958,65997,33629,32368,862,305,557,31,15,16,27,11,16,6,5,1,0,0,0
11,000,State - SIKKIM (11),Total,15-19,66937,33998,32939,59826,32439,27387,6960,1513,5447,69,22,47,66,17,49,16,7,9,0,0,0
11,000,State - SIKKIM (11),Total,20-24,67297,35146,32151,39714,25100,14614,27058,9869,17189,167,44,123,270,94,176,88,39,49,0,0,0
11,000,State - SIKKIM (11),Total,25-29,64639,34700,29939,20595,13662,6933,43037,20636,22401,354,111,243,490,215,275,163,76,87,0,0,0
11,000,State - SIKKIM (11),Total,30-34,52225,28562,23663,7703,4952,2751,43169,23041,20128,540,180,360,590,261,329,223,128,95,0,0,0
11,000,State - SIKKIM (11),Total,35-39,43627,23396,20231,3750,2295,1455,38235,20498,17737,849,217,632,580,271,309,213,115,98,0,0,0
11,000,State - SIKKIM (11),Total,40-44,36552,20170,16382,2355,1427,928,32268,18060,14208,1122,277,845,622,296,326,185,110,75,0,0,0
11,000,State - SIKKIM (11),Total,45-49,29462,16114,13348,1570,934,636,25627,14374,11253,1563,432,1131,524,259,265,178,115,63,0,0,0
11,000,State - SIKKIM (11),Total,50-54,24432,13624,10808,1160,702,458,20625,12081,8544,2037,529,1508,435,220,215,175,92,83,0,0,0
11,000,State - SIKKIM (11),Total,55-59,17541,9913,7628,857,497,360,14187,8574,5613,2084,622,1462,308,148,160,105,72,33,0,0,0
11,000,State - SIKKIM (11),Total,60-64,13550,7441,6109,878,494,384,9890,6028,3862,2442,735,1707,252,124,128,88,60,28,0,0,0
11,000,State - SIKKIM (11),Total,65-69,10483,5593,4890,870,514,356,6896,4170,2726,2494,800,1694,175,81,94,48,28,20,0,0,0
11,000,State - SIKKIM (11),Total,70-74,7561,4304,3257,425,260,165,4546,3075,1471,2423,884,1539,126,61,65,41,24,17,0,0,0
11,000,State - SIKKIM (11),Total,75-79,4516,2556,1960,185,104,81,2389,1633,756,1868,775,1093,55,33,22,19,11,8,0,0,0
11,000,State - SIKKIM (11),Total,80+,4642,2578,2064,322,193,129,2008,1391,617,2237,952,1285,53,30,23,22,12,10,0,0,0
34,000,State - PUDUCHERRY (34),Total,0-9,192666,98030,94636,192666,98030,94636,0,0,0,0,0,0,0,0,0,0,0,0,0,0,0
34,000,State - PUDUCHERRY (34),Total,10-14,105726,53936,51790,104029,53290,50739,1500,552,948,93,39,54,102,55,47,2,0,2,0,0,0
34,000,State - PUDUCHERRY (34),Total,15-19,102316,52231,50085,95471,51163,44308,6598,995,5603,107,22,85,131,47,84,9,4,5,0,0,0
34,000,State - PUDUCHERRY (34),Total,20-24,108819,51287,57532,72525,44561,27964,35631,6599,29032,335,64,271,301,61,240,27,2,25,0,0,0
34,000,State - PUDUCHERRY (34),Total,25-29,118244,55052,63192,38890,28840,10050,77609,25933,51676,974,151,823,644,116,528,127,12,115,0,0,0
34,000,State - PUDUCHERRY (34),Total,30-34,111070,53761,57309,13720,10630,3090,93995,42633,51362,2243,268,1975,902,189,713,210,41,169,0,0,0
34,000,State - PUDUCHERRY (34),Total,35-39,107459,52655,54804,5050,3557,1493,96791,48414,48377,4080,329,3751,1250,270,980,288,85,203,0,0,0
34,000,State - PUDUCHERRY (34),Total,40-44,89779,45482,44297,2534,1579,955,80479,43147,37332,5410,432,4978,1145,255,890,211,69,142,0,0,0
34,000,State - PUDUCHERRY (34),Total,45-49,79305,40625,38680,1726,948,778,69297,38791,30506,7075,593,6482,1014,232,782,193,61,132,0,0,0
34,000,State - PUDUCHERRY (34),Total,50-54,60923,30858,30065,1236,584,652,51037,29344,21693,7830,722,7108,709,171,538,111,37,74,0,0,0
34,000,State - PUDUCHERRY (34),Total,55-59,50109,24615,25494,1014,423,591,39796,23206,16590,8781,857,7924,433,107,326,85,22,63,0,0,0
34,000,State - PUDUCHERRY (34),Total,60-64,43828,20498,23330,881,356,525,30824,18824,12000,11729,1205,10524,339,99,240,55,14,41,0,0,0
34,000,State - PUDUCHERRY (34),Total,65-69,27983,12154,15829,591,250,341,17222,10742,6480,9926,1100,8826,200,53,147,44,9,35,0,0,0
34,000,State - PUDUCHERRY (34),Total,70-74,22521,9861,12660,474,178,296,11622,8148,3474,10238,1481,8757,161,52,109,26,2,24,0,0,0
34,000,State - PUDUCHERRY (34),Total,75-79,12789,5494,7295,288,110,178,5932,4320,1612,6489,1033,5456,61,27,34,19,4,15,0,0,0
34,000,State - PUDUCHERRY (34),Total,80+,13315,5412,7903,416,202,214,4672,3521,1151,8133,1653,6480,76,32,44,18,4,14,0,0,0
20,000,State - JHARKHAND (20),Total,0-9,7786722,3989013,3797709,7786722,3989013,3797709,0,0,0,0,0,0,0,0,0,0,0,0,0,0,0
20,000,State - JHARKHAND (20),Total,10-14,4104396,2112627,1991769,4024770,2081587,1943183,75027,29169,45858,2927,1082,1845,1362,656,706,310,133,177,0,0,0
20,000,State - JHARKHAND (20),Total,15-19,3205268,1714887,1490381,2742272,1625413,1116859,452930,86589,366341,5988,1933,4055,3102,753,2349,976,199,777,0,0,0
20,000,State - JHARKHAND (20),Total,20-24,2827622,1431263,1396359,1222461,886956,335505,1581981,538233,1043748,13706,3932,9774,7190,1722,5468,2284,420,1864,0,0,0
20,000,State - JHARKHAND (20),Total,25-29,2652639,1342314,1310325,469760,361559,108201,2145601,970619,1174982,25811,6970,18841,8816,2540,6276,2651,626,2025,0,0,0
20,000,State - JHARKHAND (20),Total,30-34,2307296,1165866,1141430,157332,115138,42194,2098763,1038333,1060430,40627,9404,31223,8327,2462,5865,2247,529,1718,0,0,0
20,000,State - JHARKHAND (20),Total,35-39,2136764,1092675,1044089,68903,44581,24322,1994118,1031653,962465,63323,13408,49915,8363,2529,5834,2057,504,1553,0,0,0
20,000,State - JHARKHAND (20),Total,40-44,1788506,930421,858085,38321,22338,15983,1653234,886727,766507,87968,18823,69145,7205,2104,5101,1778,429,1349,0,0,0
20,000,State - JHARKHAND (20),Total,45-49,1534094,798966,735128,24570,13233,11337,1391042,758979,632063,111732,24714,87018,5459,1695,3764,1291,345,946,0,0,0
20,000,State - JHARKHAND (20),Total,50-54,1186181,620682,565499,18303,9364,8939,1031720,580020,451700,131511,29917,101594,3765,1131,2634,882,250,632,0,0,0
20,000,State - JHARKHAND (20),Total,55-59,985234,487604,497630,13747,6921,6826,837007,448358,388649,131298,31360,99938,2560,805,1755,622,160,462,0,0,0
20,000,State - JHARKHAND (20),Total,60-64,957482,474565,482917,19589,8950,10639,709575,416143,293432,225229,48570,176659,2446,747,1699,643,155,488,0,0,0
20,000,State - JHARKHAND (20),Total,65-69,635397,317852,317545,15917,8017,7900,431511,265300,166211,186238,43968,142270,1332,466,866,399,101,298,0,0,0
20,000,State - JHARKHAND (20),Total,70-74,407108,210878,196230,7762,3762,4000,235653,164404,71249,162730,42347,120383,727,294,433,236,71,165,0,0,0
20,000,State - JHARKHAND (20),Total,75-79,167954,83542,84412,3237,1630,1607,92978,60809,32169,71358,20929,50429,287,144,143,94,30,64,0,0,0
20,000,State - JHARKHAND (20),Total,80+,188737,94908,93829,12887,7376,5511,83769,56886,26883,91635,30465,61170,321,148,173,125,33,92,0,0,0
06,000,State - HARYANA (06),Total,0-9,4861276,2655614,2205662,4861276,2655614,2205662,0,0,0,0,0,0,0,0,0,0,0,0,0,0,0
06,000,State - HARYANA (06),Total,10-14,2668678,1474136,1194542,2610766,1449387,1161379,55118,23448,31670,1591,671,920,967,517,450,236,113,123,0,0,0
06,000,State - HARYANA (06),Total,15-19,2677390,1487548,1189842,2406438,1414513,991925,266197,70975,195222,3038,1275,1763,1319,609,710,398,176,222,0,0,0
06,000,State - HARYANA (06),Total,20-24,2567486,1372799,1194687,1297473,919025,378448,1257823,448743,809080,7556,2873,4683,3113,1441,1672,1521,717,804,0,0,0
06,000,State - HARYANA (06),Total,25-29,2231959,1178340,1053619,380090,313520,66570,1828066,855443,972623,16573,5591,10982,4529,2222,2307,2701,1564,1137,0,0,0
06,000,State - HARYANA (06),Total,30-34,1893591,976844,916747,99174,85184,13990,1757636,879414,878222,28851,7925,20926,4794,2403,2391,3136,1918,1218,0,0,0
06,000,State - HARYANA (06),Total,35-39,1761863,912717,849146,44320,38261,6059,1661577,858983,802594,48419,11305,37114,4651,2398,2253,2896,1770,1126,0,0,0
06,000,State - HARYANA (06),Total,40-44,1505950,790581,715369,26784,22935,3849,1405547,749577,655970,67912,14875,53037,3618,1953,1665,2089,1241,848,0,0,0
06,000,State - HARYANA (06),Total,45-49,1241814,655749,586065,16040,13666,2374,1139254,622213,517041,82477,17668,64809,2679,1391,1288,1364,811,553,0,0,0
06,000,State - HARYANA (06),Total,50-54,965228,510688,454540,12114,9939,2175,853991,478922,375069,96277,20405,75872,1830,926,904,1016,496,520,0,0,0
06,000,State - HARYANA (06),Total,55-59,750938,374209,376729,8680,6943,1737,654477,346016,308461,85988,20413,65575,1193,565,628,600,272,328,0,0,0
06,000,State - HARYANA (06),Total,60-64,844349,413958,430391,15161,10935,4226,687390,368629,318761,139932,33567,106365,1331,593,738,535,234,301,0,0,0
06,000,State - HARYANA (06),Total,65-69,504439,255270,249169,14583,9834,4749,374958,215510,159448,113913,29477,84436,710,348,362,275,101,174,0,0,0
06,000,State - HARYANA (06),Total,70-74,374161,188304,185857,7453,5599,1854,236222,148168,88054,129725,34191,95534,520,255,265,241,91,150,0,0,0
06,000,State - HARYANA (06),Total,75-79,196217,97692,98525,3042,2442,600,115658,70105,45553,77204,24987,52217,207,124,83,106,34,72,0,0,0
06,000,State - HARYANA (06),Total,80+,274589,133397,141192,11312,7753,3559,114479,75150,39329,148327,50291,98036,278,143,135,193,60,133,0,0,0
33,000,State - TAMIL NADU (33),Total,0-9,10829956,5565871,5264085,10829956,5565871,5264085,0,0,0,0,0,0,0,0,0,0,0,0,0,0,0
33,000,State - TAMIL NADU (33),Total,10-14,6177547,3188990,2988557,6085966,3162609,2923357,84579,23723,60856,3398,957,2441,3403,1613,1790,201,88,113,0,0,0
33,000,State - TAMIL NADU (33),Total,15-19,6253792,3229838,3023954,5721927,3155287,2566640,519865,71305,448560,6472,1467,5005,5008,1673,3335,520,106,414,0,0,0
33,000,State - TAMIL NADU (33),Total,20-24,6411543,3154804,3256739,3927700,2637484,1290216,2443074,510834,1932240,21694,3086,18608,16322,3010,13312,2753,390,2363,0,0,0
33,000,State - TAMIL NADU (33),Total,25-29,6663746,3237374,3426372,1914147,1526345,387802,4648977,1694350,2954627,56737,8114,48623,36792,7118,29674,7093,1447,5646,0,0,0
33,000,State - TAMIL NADU (33),Total,30-34,5815560,2908749,2906811,567157,454916,112241,5080749,2423907,2656842,106719,15348,91371,50559,11639,38920,10376,2939,7437,0,0,0
33,000,State - TAMIL NADU (33),Total,35-39,5836456,2815205,3021251,200674,143926,56748,5371914,2630201,2741713,189486,22446,167040,62636,15117,47519,11746,3515,8231,0,0,0
33,000,State - TAMIL NADU (33),Total,40-44,5064209,2549846,2514363,106628,67755,38873,4624322,2431559,2192763,264877,32292,232585,58699,15121,43578,9683,3119,6564,0,0,0
33,000,State - TAMIL NADU (33),Total,45-49,4713056,2374915,2338141,69485,39558,29927,4213333,2273811,1939522,371971,46207,325764,50880,13061,37819,7387,2278,5109,0,0,0
33,000,State - TAMIL NADU (33),Total,50-54,3703460,1875563,1827897,50334,25500,24834,3164008,1779359,1384649,448026,59573,388453,36435,9718,26717,4657,1413,3244,0,0,0
33,000,State - TAMIL NADU (33),Total,55-59,3101142,1540924,1560218,36795,17730,19065,2531146,1444676,1086470,504549,70616,433933,25678,6975,18703,2974,927,2047,0,0,0
33,000,State - TAMIL NADU (33),Total,60-64,2782608,1378039,1404569,34268,15411,18857,2014959,1249404,765555,709231,106273,602958,21826,6307,15519,2324,644,1680,0,0,0
33,000,State - TAMIL NADU (33),Total,65-69,1868370,896412,971958,23528,10470,13058,1229164,781454,447710,601729,100104,501625,12658,4010,8648,1291,374,917,0,0,0
33,000,State - TAMIL NADU (33),Total,70-74,1406529,693167,713362,18256,8104,10152,797223,569054,228169,581346,112740,468606,8805,3028,5777,899,241,658,0,0,0
33,000,State - TAMIL NADU (33),Total,75-79,710241,353746,356495,9641,4359,5282,372589,273330,99259,323509,74385,249124,4081,1558,2523,421,114,307,0,0,0
33,000,State - TAMIL NADU (33),Total,80+,742010,339862,402148,18287,9237,9050,296615,222581,74034,422480,106367,316113,4081,1538,2543,547,139,408,0,0,0
14,000,State - MANIPUR (14),Total,0-9,547925,282926,264999,547925,282926,264999,0,0,0,0,0,0,0,0,0,0,0,0,0,0,0
14,000,State - MANIPUR (14),Total,10-14,313763,161146,152617,308890,159473,149417,4459,1512,2947,191,56,135,185,87,98,38,18,20,0,0,0
14,000,State - MANIPUR (14),Total,15-19,287008,144495,142513,267864,140017,127847,18487,4283,14204,364,93,271,220,82,138,73,20,53,0,0,0
14,000,State - MANIPUR (14),Total,20-24,281782,139587,142195,199778,112659,87119,80255,26358,53897,793,165,628,596,308,288,360,97,263,0,0,0
14,000,State - MANIPUR (14),Total,25-29,270477,132888,137589,116659,67166,49493,150384,64543,85841,1678,357,1321,1106,640,466,650,182,468,0,0,0
14,000,State - MANIPUR (14),Total,30-34,220954,109678,111276,50657,28497,22160,165116,79706,85410,3056,536,2520,1257,686,571,868,253,615,0,0,0
14,000,State - MANIPUR (14),Total,35-39,198453,98019,100434,22844,11685,11159,168717,84645,84072,4733,746,3987,1313,698,615,846,245,601,0,0,0
14,000,State - MANIPUR (14),Total,40-44,170829,85896,84933,11036,5016,6020,151423,79026,72397,6357,941,5416,1192,655,537,821,258,563,0,0,0
14,000,State - MANIPUR (14),Total,45-49,147030,73917,73113,5934,2480,3454,131688,69588,62100,7725,1169,6556,949,481,468,734,199,535,0,0,0
14,000,State - MANIPUR (14),Total,50-54,120277,60598,59679,3377,1313,2064,106148,57359,48789,9407,1484,7923,721,271,450,624,171,453,0,0,0
14,000,State - MANIPUR (14),Total,55-59,89499,45409,44090,1948,744,1204,76958,42791,34167,9643,1596,8047,525,160,365,425,118,307,0,0,0
14,000,State - MANIPUR (14),Total,60-64,71897,36567,35330,1807,792,1015,57184,33373,23811,12084,2134,9950,492,184,308,330,84,246,0,0,0
14,000,State - MANIPUR (14),Total,65-69,46648,23218,23430,1341,591,750,34309,20393,13916,10494,2073,8421,325,121,204,179,40,139,0,0,0
14,000,State - MANIPUR (14),Total,70-74,34253,16776,17477,703,282,421,22204,13923,8281,10917,2416,8501,308,132,176,121,23,98,0,0,0
14,000,State - MANIPUR (14),Total,75-79,21428,10663,10765,370,158,212,12764,8270,4494,7999,2094,5905,211,118,93,84,23,61,0,0,0
14,000,State - MANIPUR (14),Total,80+,25794,12571,13223,1464,713,751,12190,8099,4091,11783,3552,8231,278,178,100,79,29,50,0,0,0
31,000,State - LAKSHADWEEP (31),Total,0-9,10459,5408,5051,10459,5408,5051,0,0,0,0,0,0,0,0,0,0,0,0,0,0,0
31,000,State - LAKSHADWEEP (31),Total,10-14,5998,2854,3144,5916,2837,3079,78,16,62,1,0,1,3,1,2,0,0,0,0,0,0
31,000,State - LAKSHADWEEP (31),Total,15-19,5624,2808,2816,5341,2757,2584,278,49,229,3,2,1,2,0,2,0,0,0,0,0,0
31,000,State - LAKSHADWEEP (31),Total,20-24,5829,3071,2758,4270,2805,1465,1544,264,1280,4,2,2,6,0,6,5,0,5,0,0,0
31,000,State - LAKSHADWEEP (31),Total,25-29,5967,3135,2832,2598,2047,551,3308,1079,2229,19,1,18,17,4,13,25,4,21,0,0,0
31,000,State - LAKSHADWEEP (31),Total,30-34,5437,2777,2660,914,713,201,4404,2033,2371,44,10,34,32,9,23,43,12,31,0,0,0
31,000,State - LAKSHADWEEP (31),Total,35-39,5389,2756,2633,294,190,104,4907,2535,2372,83,11,72,44,10,34,61,10,51,0,0,0
31,000,State - LAKSHADWEEP (31),Total,40-44,4608,2453,2155,126,60,66,4279,2365,1914,128,5,123,32,10,22,43,13,30,0,0,0
31,000,State - LAKSHADWEEP (31),Total,45-49,3810,1975,1835,62,28,34,3489,1925,1564,174,12,162,41,7,34,44,3,41,0,0,0
31,000,State - LAKSHADWEEP (31),Total,50-54,3066,1625,1441,39,21,18,2692,1570,1122,259,15,244,35,11,24,41,8,33,0,0,0
31,000,State - LAKSHADWEEP (31),Total,55-59,2901,1513,1388,26,14,12,2456,1451,1005,353,30,323,29,9,20,37,9,28,0,0,0
31,000,State - LAKSHADWEEP (31),Total,60-64,2034,1046,988,23,14,9,1492,970,522,462,52,410,29,8,21,28,2,26,0,0,0
31,000,State - LAKSHADWEEP (31),Total,65-69,1413,753,660,16,7,9,925,668,257,445,70,375,11,3,8,16,5,11,0,0,0
31,000,State - LAKSHADWEEP (31),Total,70-74,849,410,439,12,4,8,456,339,117,360,62,298,6,3,3,15,2,13,0,0,0
31,000,State - LAKSHADWEEP (31),Total,75-79,493,244,249,1,0,1,247,189,58,237,54,183,7,1,6,1,0,1,0,0,0
31,000,State - LAKSHADWEEP (31),Total,80+,481,221,260,15,9,6,186,141,45,265,63,202,4,2,2,11,6,5,0,0,0
17,000,State - MEGHALAYA (17),Total,0-9,795336,403431,391905,795336,403431,391905,0,0,0,0,0,0,0,0,0,0,0,0,0,0,0
17,000,State - MEGHALAYA (17),Total,10-14,382606,193473,189133,376531,191641,184890,5551,1645,3906,230,77,153,254,94,160,40,16,24,0,0,0
17,000,State - MEGHALAYA (17),Total,15-19,326188,164716,161472,290687,158360,132327,33422,6000,27422,526,124,402,1345,202,1143,208,30,178,0,0,0
17,000,State - MEGHALAYA (17),Total,20-24,285012,139140,145872,154456,95690,58766,123555,42156,81399,1425,224,1201,4750,954,3796,826,116,710,0,0,0
17,000,State - MEGHALAYA (17),Total,25-29,251281,124676,126605,66837,42953,23884,175323,79728,95595,2448,397,2051,5527,1371,4156,1146,227,919,0,0,0
17,000,State - MEGHALAYA (17),Total,30-34,189657,95786,93871,25999,16496,9503,154526,77225,77301,3393,566,2827,4678,1249,3429,1061,250,811,0,0,0
17,000,State - MEGHALAYA (17),Total,35-39,174706,87320,87386,13165,8244,4921,150050,76692,73358,5677,850,4827,4626,1266,3360,1188,268,920,0,0,0
17,000,State - MEGHALAYA (17),Total,40-44,145450,73377,72073,7253,4436,2817,124784,66290,58494,8063,1161,6902,4225,1203,3022,1125,287,838,0,0,0
17,000,State - MEGHALAYA (17),Total,45-49,123115,63043,60072,4375,2638,1737,103318,57428,45890,10901,1627,9274,3508,1102,2406,1013,248,765,0,0,0
17,000,State - MEGHALAYA (17),Total,50-54,88743,45910,42833,2906,1695,1211,70421,41464,28957,12011,1704,10307,2558,821,1737,847,226,621,0,0,0
17,000,State - MEGHALAYA (17),Total,55-59,60109,30692,29417,1789,987,802,45411,27321,18090,10715,1616,9099,1632,591,1041,562,177,385,0,0,0
17,000,State - MEGHALAYA (17),Total,60-64,50708,25421,25287,2340,1266,1074,34137,21488,12649,12380,1994,10386,1381,520,861,470,153,317,0,0,0
17,000,State - MEGHALAYA (17),Total,65-69,35774,17482,18292,2140,1150,990,21540,14000,7540,10887,1825,9062,873,389,484,334,118,216,0,0,0
17,000,State - MEGHALAYA (17),Total,70-74,23698,11161,12537,977,516,461,12656,8579,4077,9242,1696,7546,589,292,297,234,78,156,0,0,0
17,000,State - MEGHALAYA (17),Total,75-79,12845,5848,6997,373,192,181,6312,4376,1936,5784,1100,4684,262,135,127,114,45,69,0,0,0
17,000,State - MEGHALAYA (17),Total,80+,15877,7027,8850,1306,714,592,6652,4533,2119,7520,1607,5913,294,144,150,105,29,76,0,0,0
08,000,State - RAJASTHAN (08),Total,0-9,15344908,8117447,7227461,15344908,8117447,7227461,0,0,0,0,0,0,0,0,0,0,0,0,0,0,0
08,000,State - RAJASTHAN (08),Total,10-14,8380518,4430696,3949822,8120298,4337003,3783295,253493,90737,162756,3506,1350,2156,2855,1439,1416,366,167,199,0,0,0
08,000,State - RAJASTHAN (08),Total,15-19,7314017,3889874,3424143,5935107,3497706,2437401,1362319,386279,976040,8434,2959,5475,6866,2545,4321,1291,385,906,0,0,0
08,000,State - RAJASTHAN (08),Total,20-24,6426494,3377483,3049011,2277117,1705003,572114,4102486,1653881,2448605,22922,8605,14317,18819,8186,10633,5150,1808,3342,0,0,0
08,000,State - RAJASTHAN (08),Total,25-29,5348497,2763059,2585438,570321,479381,90940,4707470,2255241,2452229,42347,15001,27346,21423,10528,10895,6936,2908,4028,0,0,0
08,000,State - RAJASTHAN (08),Total,30-34,4722683,2384569,2338114,161906,140036,21870,4465691,2210792,2254899,68840,20919,47921,19673,10000,9673,6573,2822,3751,0,0,0
08,000,State - RAJASTHAN (08),Total,35-39,4334564,2201790,2132774,76165,65710,10455,4127990,2095519,2032471,107046,29028,78018,17623,9023,8600,5740,2510,3230,0,0,0
08,000,State - RAJASTHAN (08),Total,40-44,3735355,1926916,1808439,48928,42555,6373,3520737,1836648,1684089,146513,38276,108237,14650,7406,7244,4527,2031,2496,0,0,0
08,000,State - RAJASTHAN (08),Total,45-49,3145404,1608512,1536892,32430,27976,4454,2922956,1527968,1394988,177060,46207,130853,9926,5091,4835,3032,1270,1762,0,0,0
08,000,State - RAJASTHAN (08),Total,50-54,2516808,1345007,1171801,25631,21977,3654,2250036,1260519,989517,231791,57980,173811,7155,3674,3481,2195,857,1338,0,0,0
08,000,State - RAJASTHAN (08),Total,55-59,1897449,935866,961583,17964,14749,3215,1656342,864129,792213,217943,54440,163503,3973,2074,1899,1227,474,753,0,0,0
08,000,State - RAJASTHAN (08),Total,60-64,1770139,884024,886115,29675,20994,8681,1376982,781361,595621,358771,79390,279381,3628,1872,1756,1083,407,676,0,0,0
08,000,State - RAJASTHAN (08),Total,65-69,1260376,589471,670905,27070,18347,8723,912385,498179,414206,318289,71630,246659,1982,1082,900,650,233,417,0,0,0
08,000,State - RAJASTHAN (08),Total,70-74,1016915,490011,526904,15235,11250,3985,607560,391198,216362,392202,86610,305592,1383,778,605,535,175,360,0,0,0
08,000,State - RAJASTHAN (08),Total,75-79,477655,216016,261639,6946,5001,1945,270818,161098,109720,199151,49548,149603,522,282,240,218,87,131,0,0,0
08,000,State - RAJASTHAN (08),Total,80+,587053,252741,334312,24026,15263,8763,240418,156816,83602,321642,80199,241443,633,346,287,334,117,217,0,0,0
13,000,State - NAGALAND (13),Total,0-9,430361,221938,208423,430361,221938,208423,0,0,0,0,0,0,0,0,0,0,0,0,0,0,0
13,000,State - NAGALAND (13),Total,10-14,248671,129237,119434,245824,128282,117542,2640,876,1764,100,36,64,91,39,52,16,4,12,0,0,0
13,000,State - NAGALAND (13),Total,15-19,229622,117994,111628,216275,115153,101122,12925,2704,10221,165,57,108,196,66,130,61,14,47,0,0,0
13,000,State - NAGALAND (13),Total,20-24,204363,103769,100594,149829,86295,63534,52911,17011,35900,549,130,419,681,233,448,393,100,293,0,0,0
13,000,State - NAGALAND (13),Total,25-29,176901,89598,87303,79652,47688,31964,94177,41012,53165,1152,260,892,1160,409,751,760,229,531,0,0,0
13,000,State - NAGALAND (13),Total,30-34,149924,76505,73419,35160,20911,14249,110106,54249,55857,2258,497,1761,1353,498,855,1047,350,697,0,0,0
13,000,State - NAGALAND (13),Total,35-39,128198,64695,63503,14395,8142,6253,108506,54989,53517,3032,656,2376,1253,556,697,1012,352,660,0,0,0
13,000,State - NAGALAND (13),Total,40-44,109261,57653,51608,6625,3491,3134,96528,52517,44011,4158,822,3336,1070,489,581,880,334,546,0,0,0
13,000,State - NAGALAND (13),Total,45-49,87747,47757,39990,3390,1746,1644,78139,44461,33678,4682,877,3805,868,441,427,668,232,436,0,0,0
13,000,State - NAGALAND (13),Total,50-54,65859,36134,29725,2296,1196,1100,57095,33475,23620,5325,958,4367,634,326,308,509,179,330,0,0,0
13,000,State - NAGALAND (13),Total,55-59,43398,23741,19657,1391,684,707,36550,21833,14717,4761,901,3860,390,196,194,306,127,179,0,0,0
13,000,State - NAGALAND (13),Total,60-64,36519,19683,16836,2013,1025,988,28019,17286,10733,5881,1104,4777,354,174,180,252,94,158,0,0,0
13,000,State - NAGALAND (13),Total,65-69,24243,12801,11442,1863,975,888,17261,10684,6577,4737,985,3752,213,101,112,169,56,113,0,0,0
13,000,State - NAGALAND (13),Total,70-74,17593,9260,8333,775,368,407,11762,7724,4038,4804,1046,3758,141,74,67,111,48,63,0,0,0
13,000,State - NAGALAND (13),Total,75-79,10565,5635,4930,370,178,192,6728,4491,2237,3280,872,2408,123,71,52,64,23,41,0,0,0
13,000,State - NAGALAND (13),Total,80+,13806,7400,6406,874,443,431,7222,5136,2086,5483,1690,3793,160,105,55,67,26,41,0,0,0
28,000,State - ANDHRA PRADESH (28),Total,0-9,13589197,6996285,6592912,13589197,6996285,6592912,0,0,0,0,0,0,0,0,0,0,0,0,0,0,0
28,000,State - ANDHRA PRADESH (28),Total,10-14,8201595,4208884,3992711,8046362,4156097,3890265,145227,49315,95912,6345,1873,4472,3125,1373,1752,536,226,310,0,0,0
28,000,State - ANDHRA PRADESH (28),Total,15-19,8093747,4196307,3897440,7145760,4066429,3079331,926201,125188,801013,12647,2799,9848,7532,1649,5883,1607,242,1365,0,0,0
28,000,State - ANDHRA PRADESH (28),Total,20-24,8132094,4055697,4076397,4146079,3000491,1145588,3907019,1043534,2863485,42163,6086,36077,29653,4574,25079,7180,1012,6168,0,0,0
28,000,State - ANDHRA PRADESH (28),Total,25-29,7799036,3809887,3989149,1452352,1173429,278923,6173956,2612004,3561952,106340,12480,93860,53220,9498,43722,13168,2476,10692,0,0,0
28,000,State - ANDHRA PRADESH (28),Total,30-34,6584371,3300407,3283964,350270,263868,86402,5990253,3002064,2988189,168270,18780,149490,61246,12610,48636,14332,3085,11247,0,0,0
28,000,State - ANDHRA PRADESH (28),Total,35-39,6507339,3198512,3308827,131110,85333,45777,6043437,3068277,2975160,254754,26802,227952,64174,14886,49288,13864,3214,10650,0,0,0
28,000,State - ANDHRA PRADESH (28),Total,40-44,5399473,2794398,2605075,72784,44414,28370,4943594,2695611,2247983,317288,37151,280137,54850,14654,40196,10957,2568,8389,0,0,0
28,000,State - ANDHRA PRADESH (28),Total,45-49,4657269,2374633,2282636,43715,25296,18419,4187305,2287985,1899320,377531,47582,329949,41107,11823,29284,7611,1947,5664,0,0,0
28,000,State - ANDHRA PRADESH (28),Total,50-54,3657386,1862583,1794803,38522,21639,16883,3130407,1768361,1362046,453343,61967,391376,29860,9181,20679,5254,1435,3819,0,0,0
28,000,State - ANDHRA PRADESH (28),Total,55-59,2909598,1350539,1559059,28920,15859,13061,2425035,1266120,1158915,434638,62015,372623,17922,5713,12209,3083,832,2251,0,0,0
28,000,State - ANDHRA PRADESH (28),Total,60-64,3199837,1485764,1714073,38098,18151,19947,2290956,1341879,949077,846941,118315,728626,20387,6507,13880,3455,912,2543,0,0,0
28,000,State - ANDHRA PRADESH (28),Total,65-69,2167854,1034360,1133494,35045,17566,17479,1424017,901319,522698,695807,110666,585141,11015,4197,6818,1970,612,1358,0,0,0
28,000,State - ANDHRA PRADESH (28),Total,70-74,1519358,752743,766615,19285,9973,9312,856675,623361,233314,636006,116149,519857,6101,2799,3302,1291,461,830,0,0,0
28,000,State - ANDHRA PRADESH (28),Total,75-79,636989,307474,329515,7943,4037,3906,339782,242822,96960,286664,59418,227246,2121,1042,1079,479,155,324,0,0,0
28,000,State - ANDHRA PRADESH (28),Total,80+,754203,325987,428216,33052,19057,13995,329029,225605,103424,389205,80183,309022,2255,980,1275,662,162,500,0,0,0
09,000,State - UTTAR PRADESH (09),Total,0-9,45438385,23910805,21527580,45438385,23910805,21527580,0,0,0,0,0,0,0,0,0,0,0,0,0,0,0
09,000,State - UTTAR PRADESH (09),Total,10-14,25869881,13679154,12190727,25317619,13475061,11842558,520568,189727,330841,18642,7746,10896,11177,5680,5497,1875,940,935,0,0,0
09,000,State - UTTAR PRADESH (09),Total,15-19,23040380,12307573,10732807,20668118,11700854,8967264,2317719,584202,1733517,38118,15169,22949,13171,6159,7012,3254,1189,2065,0,0,0
09,000,State - UTTAR PRADESH (09),Total,20-24,17578648,9405485,8173163,8515332,6055288,2460044,8954413,3304649,5649764,72691,30309,42382,25936,11472,14464,10276,3767,6509,0,0,0
09,000,State - UTTAR PRADESH (09),Total,25-29,14579829,7466367,7113462,2368180,1901624,466556,12032730,5482598,6550132,128513,57745,70768,34905,17837,17068,15501,6563,8938,0,0,0
09,000,State - UTTAR PRADESH (09),Total,30-34,12954682,6431401,6523281,751176,617382,133794,11949428,5700816,6248612,203469,87380,116089,34766,18748,16018,15843,7075,8768,0,0,0
09,000,State - UTTAR PRADESH (09),Total,35-39,12556222,6401231,6154991,357900,296138,61762,11819425,5949055,5870370,329645,129871,199774,33949,19099,14850,15303,7068,8235,0,0,0
09,000,State - UTTAR PRADESH (09),Total,40-44,10231402,5395162,4836240,220466,185139,35327,9528569,5021063,4507506,443268,167968,275300,27355,15636,11719,11744,5356,6388,0,0,0
09,000,State - UTTAR PRADESH (09),Total,45-49,8449777,4382148,4067629,142403,118331,24072,7758019,4063075,3694944,522513,186203,336310,18980,10864,8116,7862,3675,4187,0,0,0
09,000,State - UTTAR PRADESH (09),Total,50-54,6587023,3571917,3015106,112111,91923,20188,5811481,3244839,2566642,643410,224386,419024,14179,8050,6129,5842,2719,3123,0,0,0
09,000,State - UTTAR PRADESH (09),Total,55-59,5464146,2626201,2837945,86670,67025,19645,4740669,2336363,2404306,623985,215874,408111,9169,5227,3942,3653,1712,1941,0,0,0
09,000,State - UTTAR PRADESH (09),Total,60-64,5705191,2968771,2736420,145149,100264,44885,4397046,2494181,1902865,1149212,366843,782369,9897,5672,4225,3887,1811,2076,0,0,0
09,000,State - UTTAR PRADESH (09),Total,65-69,3839969,1958472,1881497,140501,90653,49848,2730731,1542376,1188355,960999,321225,639774,5514,3190,2324,2224,1028,1196,0,0,0
09,000,State - UTTAR PRADESH (09),Total,70-74,2832368,1535092,1297276,80683,56105,24578,1688316,1116813,571503,1057780,359036,698744,3875,2352,1523,1714,786,928,0,0,0
09,000,State - UTTAR PRADESH (09),Total,75-79,1249892,638877,611015,41722,27765,13957,721355,426240,295115,484687,183707,300980,1416,852,564,712,313,399,0,0,0
09,000,State - UTTAR PRADESH (09),Total,80+,1812484,935921,876563,177777,112558,65219,824279,510761,313518,807076,310799,496277,2222,1300,922,1130,503,627,0,0,0
29,000,State - KARNATAKA (29),Total,0-9,10288228,5278694,5009534,10288228,5278694,5009534,0,0,0,0,0,0,0,0,0,0,0,0,0,0,0
29,000,State - KARNATAKA (29),Total,10-14,5736646,2955287,2781359,5613604,2915288,2698316,114206,36520,77686,4075,1164,2911,4320,2111,2209,441,204,237,0,0,0
29,000,State - KARNATAKA (29),Total,15-19,5827277,3042048,2785229,5158732,2943591,2215141,652905,94118,558787,8706,1882,6824,6101,2205,3896,833,252,581,0,0,0
29,000,State - KARNATAKA (29),Total,20-24,6052558,3109586,2942972,3474126,2498288,975838,2533903,604124,1929779,26138,3652,22486,15805,3102,12703,2586,420,2166,0,0,0
29,000,State - KARNATAKA (29),Total,25-29,5771606,2879254,2892352,1562681,1267040,295641,4114673,1598779,2515894,61145,7407,53738,28353,5114,23239,4754,914,3840,0,0,0
29,000,State - KARNATAKA (29),Total,30-34,4698380,2389594,2308786,448550,354417,94133,4111408,2015944,2095464,99106,11293,87813,33567,6541,27026,5749,1399,4350,0,0,0
29,000,State - KARNATAKA (29),Total,35-39,4695451,2319088,2376363,163691,112203,51488,4321427,2181584,2139843,164880,15428,149452,39206,8169,31037,6247,1704,4543,0,0,0
29,000,State - KARNATAKA (29),Total,40-44,3826712,1977768,1848944,83183,49064,34119,3491343,1898660,1592683,212257,20587,191670,34792,7934,26858,5137,1523,3614,0,0,0
29,000,State - KARNATAKA (29),Total,45-49,3519782,1804833,1714949,53206,27901,25305,3150927,1740811,1410116,282674,28103,254571,28998,6906,22092,3977,1112,2865,0,0,0
29,000,State - KARNATAKA (29),Total,50-54,2699270,1381969,1317301,37796,18132,19664,2314577,1322533,992044,323912,35349,288563,20292,5168,15124,2693,787,1906,0,0,0
29,000,State - KARNATAKA (29),Total,55-59,2142504,1056054,1086450,26581,12099,14482,1782762,1001992,780770,318821,38000,280821,12570,3462,9108,1770,501,1269,0,0,0
29,000,State - KARNATAKA (29),Total,60-64,2060052,994630,1065422,31781,13738,18043,1519470,916113,603357,495327,60940,434387,11950,3376,8574,1524,463,1061,0,0,0
29,000,State - KARNATAKA (29),Total,65-69,1520119,723687,796432,28293,13348,14945,1025559,644798,380761,457851,62747,395104,7460,2495,4965,956,299,657,0,0,0
29,000,State - KARNATAKA (29),Total,70-74,1061125,510419,550706,15908,7320,8588,612169,434871,177298,428185,66245,361940,4257,1783,2474,606,200,406,0,0,0
29,000,State - KARNATAKA (29),Total,75-79,524426,249834,274592,7512,3398,4114,280793,202168,78625,234133,43342,190791,1743,846,897,245,80,165,0,0,0
29,000,State - KARNATAKA (29),Total,80+,625310,268502,356808,23458,13450,10008,266941,187804,79137,332604,66268,266336,1928,876,1052,379,104,275,0,0,0
22,000,State - CHHATTISGARH (22),Total,0-9,5299823,2691049,2608774,5299823,2691049,2608774,0,0,0,0,0,0,0,0,0,0,0,0,0,0,0
22,000,State - CHHATTISGARH (22),Total,10-14,2884013,1461185,1422828,2843593,1445137,1398456,37629,14901,22728,1565,587,978,1072,503,569,154,57,97,0,0,0
22,000,State - CHHATTISGARH (22),Total,15-19,2599842,1319451,1280391,2369252,1275123,1094129,222972,42173,180799,3770,1173,2597,3211,857,2354,637,125,512,0,0,0
22,000,State - CHHATTISGARH (22),Total,20-24,2389497,1193378,1196119,1129594,776729,352865,1229558,408253,821305,11143,3378,7765,15084,4209,10875,4118,809,3309,0,0,0
22,000,State - CHHATTISGARH (22),Total,25-29,2057300,1049238,1008062,332092,248259,83833,1676739,786535,890204,22163,6520,15643,20143,6385,13758,6163,1539,4624,0,0,0
22,000,State - CHHATTISGARH (22),Total,30-34,1815058,898023,917035,92147,63830,28317,1662069,818077,843992,34104,8401,25703,20343,6074,14269,6395,1641,4754,0,0,0
22,000,State - CHHATTISGARH (22),Total,35-39,1779414,891265,888149,36853,22537,14316,1657072,848315,808757,56789,12316,44473,21945,6482,15463,6755,1615,5140,0,0,0
22,000,State - CHHATTISGARH (22),Total,40-44,1576553,796402,780151,20083,11432,8651,1454378,761632,692746,77604,16548,61056,19047,5480,13567,5441,1310,4131,0,0,0
22,000,State - CHHATTISGARH (22),Total,45-49,1334374,692974,641400,11610,6301,5309,1203696,659634,544062,100411,21775,78636,14619,4265,10354,4038,999,3039,0,0,0
22,000,State - CHHATTISGARH (22),Total,50-54,992947,510326,482621,7065,3779,3286,859737,477962,381775,113356,24921,88435,10257,3070,7187,2532,594,1938,0,0,0
22,000,State - CHHATTISGARH (22),Total,55-59,789353,389338,400015,4799,2527,2272,657505,357537,299968,119002,26712,92290,6483,2098,4385,1564,464,1100,0,0,0
22,000,State - CHHATTISGARH (22),Total,60-64,743742,348956,394786,9469,4817,4652,534379,302970,231409,192167,38772,153395,6351,2040,4311,1376,357,1019,0,0,0
22,000,State - CHHATTISGARH (22),Total,65-69,533810,244336,289474,10016,5195,4821,340110,199431,140679,179208,38122,141086,3691,1351,2340,785,237,548,0,0,0
22,000,State - CHHATTISGARH (22),Total,70-74,373000,174249,198751,3603,1915,1688,198210,132743,65467,168488,38563,129925,2237,901,1336,462,127,335,0,0,0
22,000,State - CHHATTISGARH (22),Total,75-79,166578,75545,91033,1414,722,692,84011,53466,30545,80153,20936,59217,820,372,448,180,49,131,0,0,0
22,000,State - CHHATTISGARH (22),Total,80+,186779,85073,101706,10516,5864,4652,74497,49750,24747,100747,29036,71711,786,350,436,233,73,160,0,0,0
01,000,State - JAMMU & KASHMIR (01),Total,0-9,2826857,1510319,1316538,2826857,1510319,1316538,0,0,0,0,0,0,0,0,0,0,0,0,0,0,0
01,000,State - JAMMU & KASHMIR (01),Total,10-14,1413853,744855,668998,1390103,735299,654804,22412,8938,13474,752,338,414,474,238,236,112,42,70,0,0,0
01,000,State - JAMMU & KASHMIR (01),Total,15-19,1237462,640362,597100,1164768,619890,544878,70857,19740,51117,1049,394,655,562,258,304,226,80,146,0,0,0
01,000,State - JAMMU & KASHMIR (01),Total,20-24,1160913,603578,557335,824471,489767,334704,331703,112025,219678,2537,848,1689,1210,648,562,992,290,702,0,0,0
01,000,State - JAMMU & KASHMIR (01),Total,25-29,1086122,584559,501563,409021,272833,136188,668659,308479,360180,4539,1524,3015,2051,1130,921,1852,593,1259,0,0,0
01,000,State - JAMMU & KASHMIR (01),Total,30-34,926903,495746,431157,135058,93977,41081,779604,397604,382000,7752,2472,5280,1962,813,1149,2527,880,1647,0,0,0
01,000,State - JAMMU & KASHMIR (01),Total,35-39,837945,441265,396680,41338,29243,12095,779603,406605,372998,12143,3518,8625,2026,841,1185,2835,1058,1777,0,0,0
01,000,State - JAMMU & KASHMIR (01),Total,40-44,714085,387739,326346,19301,13479,5822,671494,367317,304177,18753,5247,13506,1932,756,1176,2605,940,1665,0,0,0
01,000,State - JAMMU & KASHMIR (01),Total,45-49,590790,311560,279230,9752,6976,2776,553342,296449,256893,24042,6639,17403,1678,666,1012,1976,830,1146,0,0,0
01,000,State - JAMMU & KASHMIR (01),Total,50-54,468566,255599,212967,7254,5191,2063,423212,239528,183684,35043,9590,25453,1468,621,847,1589,669,920,0,0,0
01,000,State - JAMMU & KASHMIR (01),Total,55-59,340031,172753,167278,4627,3250,1377,301197,159684,141513,32304,8988,23316,966,400,566,937,431,506,0,0,0
01,000,State - JAMMU & KASHMIR (01),Total,60-64,322726,173427,149299,6812,4458,2354,255615,152098,103517,58254,15928,42326,1139,527,612,906,416,490,0,0,0
01,000,State - JAMMU & KASHMIR (01),Total,65-69,203965,102743,101222,5213,3163,2050,151448,85959,65489,46034,12998,33036,776,395,381,494,228,266,0,0,0
01,000,State - JAMMU & KASHMIR (01),Total,70-74,184019,97472,86547,4312,2577,1735,112876,74906,37970,65415,19203,46212,862,484,378,554,302,252,0,0,0
01,000,State - JAMMU & KASHMIR (01),Total,75-79,85076,43094,41982,1842,1109,733,49903,31314,18589,32765,10348,22417,370,224,146,196,99,97,0,0,0
01,000,State - JAMMU & KASHMIR (01),Total,80+,126870,65844,61026,7245,4241,3004,57125,39482,17643,61678,21617,40061,568,381,187,254,123,131,0,0,0
19,000,State - WEST BENGAL (19),Total,0-9,15580952,7960625,7620327,15580952,7960625,7620327,0,0,0,0,0,0,0,0,0,0,0,0,0,0,0
19,000,State - WEST BENGAL (19),Total,10-14,9156523,4677506,4479017,8968831,4605359,4363472,174562,67363,107199,7022,2000,5022,4822,2258,2564,1286,526,760,0,0,0
19,000,State - WEST BENGAL (19),Total,15-19,9058031,4702325,4355706,7592878,4476118,3116760,1432835,218843,1213992,16647,3701,12946,10063,2825,7238,5608,838,4770,0,0,0
19,000,State - WEST BENGAL (19),Total,20-24,8758322,4422630,4335692,4131499,3109346,1022153,4552683,1299195,3253488,30950,6099,24851,26210,5323,20887,16980,2667,14313,0,0,0
19,000,State - WEST BENGAL (19),Total,25-29,7997909,4044904,3953005,1834704,1490506,344198,6047767,2531606,3516161,56682,10394,46288,36289,8041,28248,22467,4357,18110,0,0,0
19,000,State - WEST BENGAL (19),Total,30-34,6841590,3464659,3376931,700953,554461,146492,5988941,2880738,3108203,88911,14740,74171,39738,9782,29956,23047,4938,18109,0,0,0
19,000,State - WEST BENGAL (19),Total,35-39,7012646,3523361,3489285,350444,251950,98494,6436032,3232021,3204011,156562,21920,134642,44934,11715,33219,24674,5755,18919,0,0,0
19,000,State - WEST BENGAL (19),Total,40-44,6153060,3219604,2933456,208237,137683,70554,5633795,3034614,2599181,248170,31026,217144,41227,11039,30188,21631,5242,16389,0,0,0
19,000,State - WEST BENGAL (19),Total,45-49,5335719,2814212,2521507,141727,87591,54136,4815183,2670631,2144552,327636,42395,285241,34672,9578,25094,16501,4017,12484,0,0,0
19,000,State - WEST BENGAL (19),Total,50-54,4257880,2317232,1940648,102238,59717,42521,3694864,2190091,1504773,422919,56619,366300,25888,7778,18110,11971,3027,8944,0,0,0
19,000,State - WEST BENGAL (19),Total,55-59,3268650,1746903,1521747,67770,39271,28499,2719971,1637045,1082926,456701,63115,393586,17020,5554,11466,7188,1918,5270,0,0,0
19,000,State - WEST BENGAL (19),Total,60-64,2745454,1406401,1339053,56290,31754,24536,2008643,1283827,724816,662300,84842,577458,13251,4611,8640,4970,1367,3603,0,0,0
19,000,State - WEST BENGAL (19),Total,65-69,1982993,991280,991713,40116,23058,17058,1299577,876724,422853,632089,86964,545125,8504,3667,4837,2707,867,1840,0,0,0
19,000,State - WEST BENGAL (19),Total,70-74,1390607,686881,703726,26131,15523,10608,784558,578338,206220,572886,89533,483353,5446,2932,2514,1586,555,1031,0,0,0
19,000,State - WEST BENGAL (19),Total,75-79,739767,360216,379551,14802,9084,5718,377531,286668,90863,343955,62408,281547,2801,1795,1006,678,261,417,0,0,0
19,000,State - WEST BENGAL (19),Total,80+,883561,406536,477025,66537,39796,26741,382291,273717,108574,430503,90546,339957,3253,2150,1103,977,327,650,0,0,0
10,000,State - BIHAR (10),Total,0-9,27801306,14373230,13428076,27801306,14373230,13428076,0,0,0,0,0,0,0,0,0,0,0,0,0,0,0
10,000,State - BIHAR (10),Total,10-14,13919882,7323831,6596051,13613355,7206151,6407204,291001,110702,180299,9435,3948,5487,5290,2645,2645,801,385,416,0,0,0
10,000,State - BIHAR (10),Total,15-19,9472695,5290581,4182114,8080569,4986611,3093958,1369449,294887,1074562,16789,6490,10299,4893,2249,2644,995,344,651,0,0,0
10,000,State - BIHAR (10),Total,20-24,8064735,4210585,3854150,3074442,2451967,622475,4949771,1744055,3205716,30580,10956,19624,7720,3005,4715,2222,602,1620,0,0,0
10,000,State - BIHAR (10),Total,25-29,7671705,3828687,3843018,923859,798645,125214,6680441,3007157,3673284,54851,18316,36535,9543,3688,5855,3011,881,2130,0,0,0
10,000,State - BIHAR (10),Total,30-34,7055737,3510596,3545141,264823,223449,41374,6686845,3254636,3432209,90628,27581,63047,10255,3932,6323,3186,998,2188,0,0,0
10,000,State - BIHAR (10),Total,35-39,6457261,3308161,3149100,96836,76399,20437,6214732,3189930,3024802,133564,37275,96289,9339,3714,5625,2790,843,1947,0,0,0
10,000,State - BIHAR (10),Total,40-44,5165692,2756809,2408883,51839,40411,11428,4922704,2661020,2261684,180843,51453,129390,7950,3187,4763,2356,738,1618,0,0,0
10,000,State - BIHAR (10),Total,45-49,4270374,2209994,2060380,30368,23234,7134,4021455,2121712,1899743,211270,62264,149006,5714,2314,3400,1567,470,1097,0,0,0
10,000,State - BIHAR (10),Total,50-54,3312740,1808425,1504315,24270,17760,6510,3008509,1706337,1302172,274448,82173,192275,4341,1765,2576,1172,390,782,0,0,0
10,000,State - BIHAR (10),Total,55-59,2796678,1330356,1466322,20542,14206,6336,2509957,1231427,1278530,262638,83267,179371,2723,1167,1556,818,289,529,0,0,0
10,000,State - BIHAR (10),Total,60-64,3008008,1559925,1448083,54855,31472,23383,2410889,1371239,1039650,538092,155607,382485,3219,1316,1903,953,291,662,0,0,0
10,000,State - BIHAR (10),Total,65-69,2089779,1103718,986061,52328,31102,21226,1551655,918505,633150,483171,152925,330246,1985,966,1019,640,220,420,0,0,0
10,000,State - BIHAR (10),Total,70-74,1379531,784383,595148,25483,15519,9964,866044,604398,261646,486224,163565,322659,1310,733,577,470,168,302,0,0,0
10,000,State - BIHAR (10),Total,75-79,550479,297973,252506,10561,6422,4139,331359,210046,121313,207896,81159,126737,479,278,201,184,68,116,0,0,0
10,000,State - BIHAR (10),Total,80+,679348,360594,318754,51766,31247,20519,321639,210785,110854,305002,118073,186929,646,383,263,295,106,189,0,0,0
03,000,State - PUNJAB (03),Total,0-9,4501548,2451638,2049910,4501548,2451638,2049910,0,0,0,0,0,0,0,0,0,0,0,0,0,0,0
03,000,State - PUNJAB (03),Total,10-14,2583402,1445530,1137872,2521057,1417971,1103086,58443,25645,32798,2056,886,1170,1562,879,683,284,149,135,0,0,0
03,000,State - PUNJAB (03),Total,15-19,2817683,1570180,1247503,2629591,1512294,1117297,181646,55014,126632,3624,1471,2153,2204,1174,1030,618,227,391,0,0,0
03,000,State - PUNJAB (03),Total,20-24,2776636,1465531,1311105,1750438,1115844,634594,1010474,343104,667370,7352,2630,4722,5243,2601,2642,3129,1352,1777,0,0,0
03,000,State - PUNJAB (03),Total,25-29,2463861,1270405,1193456,613471,446759,166712,1820019,810721,1009298,14504,4802,9702,9047,4526,4521,6820,3597,3223,0,0,0
03,000,State - PUNJAB (03),Total,30-34,2116539,1082533,1034006,156726,121732,34994,1914945,943179,971766,26393,7536,18857,10064,5197,4867,8411,4889,3522,0,0,0
03,000,State - PUNJAB (03),Total,35-39,1989071,1010862,978209,62615,49975,12640,1863008,940049,922959,46123,10852,35271,9743,5182,4561,7582,4804,2778,0,0,0
03,000,State - PUNJAB (03),Total,40-44,1788469,909208,879261,40102,32497,7605,1662761,852652,810109,71511,15774,55737,8308,4547,3761,5787,3738,2049,0,0,0
03,000,State - PUNJAB (03),Total,45-49,1587771,818135,769636,28767,23818,4949,1451242,766813,684429,97186,21320,75866,6517,3558,2959,4059,2626,1433,0,0,0
03,000,State - PUNJAB (03),Total,50-54,1254464,663664,590800,23455,19302,4153,1108345,612438,495907,115168,27507,87661,4827,2738,2089,2669,1679,990,0,0,0
03,000,State - PUNJAB (03),Total,55-59,956555,485845,470710,16515,13301,3214,829784,442173,387611,105690,27761,77929,3080,1700,1380,1486,910,576,0,0,0
03,000,State - PUNJAB (03),Total,60-64,996590,482483,514107,22546,17297,5249,796148,417940,378208,173157,44748,128409,3393,1764,1629,1346,734,612,0,0,0
03,000,State - PUNJAB (03),Total,65-69,719588,372806,346782,21463,16017,5446,533804,306572,227232,161108,48453,112655,2399,1313,1086,814,451,363,0,0,0
03,000,State - PUNJAB (03),Total,70-74,513472,272120,241352,13774,10918,2856,321564,205145,116419,175617,54642,120975,2021,1158,863,496,257,239,0,0,0
03,000,State - PUNJAB (03),Total,75-79,256666,130203,126463,6223,4959,1264,149113,89092,60021,100084,35396,64688,998,629,369,248,127,121,0,0,0
03,000,State - PUNJAB (03),Total,80+,379501,186050,193451,19051,13125,5926,155397,99554,55843,203287,72347,130940,1377,846,531,389,178,211,0,0,0
12,000,State - ARUNACHAL PRADESH (12),Total,0-9,314002,159163,154839,314002,159163,154839,0,0,0,0,0,0,0,0,0,0,0,0,0,0,0
12,000,State - ARUNACHAL PRADESH (12),Total,10-14,179359,90439,88920,175848,89241,86607,3245,1086,2159,133,47,86,107,52,55,26,13,13,0,0,0
12,000,State - ARUNACHAL PRADESH (12),Total,15-19,155968,78673,77295,141142,75323,65819,14422,3203,11219,212,70,142,140,56,84,52,21,31,0,0,0
12,000,State - ARUNACHAL PRADESH (12),Total,20-24,131696,66033,65663,75763,47364,28399,54965,18372,36593,479,125,354,341,138,203,148,34,114,0,0,0
12,000,State - ARUNACHAL PRADESH (12),Total,25-29,123714,63366,60348,32653,22310,10343,89311,40504,48807,935,242,693,564,229,335,251,81,170,0,0,0
12,000,State - ARUNACHAL PRADESH (12),Total,30-34,101171,52462,48709,11079,7440,3639,87636,44359,43277,1553,330,1223,603,238,365,300,95,205,0,0,0
12,000,State - ARUNACHAL PRADESH (12),Total,35-39,94391,48211,46180,4933,3239,1694,85917,44078,41839,2533,506,2027,714,295,419,294,93,201,0,0,0
12,000,State - ARUNACHAL PRADESH (12),Total,40-44,78603,42861,35742,2665,1753,912,71445,40088,31357,3590,650,2940,673,282,391,230,88,142,0,0,0
12,000,State - ARUNACHAL PRADESH (12),Total,45-49,63679,35173,28506,1603,1071,532,57007,32932,24075,4324,853,3471,565,255,310,180,62,118,0,0,0
12,000,State - ARUNACHAL PRADESH (12),Total,50-54,46110,26487,19623,1182,799,383,39320,24345,14975,5011,1049,3962,462,240,222,135,54,81,0,0,0
12,000,State - ARUNACHAL PRADESH (12),Total,55-59,29886,16996,12890,739,516,223,24534,15309,9225,4284,1004,3280,260,136,124,69,31,38,0,0,0
12,000,State - ARUNACHAL PRADESH (12),Total,60-64,25445,13492,11953,1054,660,394,18104,11303,6801,5938,1340,4598,275,152,123,74,37,37,0,0,0
12,000,State - ARUNACHAL PRADESH (12),Total,65-69,14973,7642,7331,883,517,366,9825,6009,3816,4070,1021,3049,170,86,84,25,9,16,0,0,0
12,000,State - ARUNACHAL PRADESH (12),Total,70-74,10647,5547,5100,457,280,177,6335,4163,2172,3720,1030,2690,107,57,50,28,17,11,0,0,0
12,000,State - ARUNACHAL PRADESH (12),Total,75-79,5135,2687,2448,190,125,65,2864,1870,994,2009,651,1358,63,35,28,9,6,3,0,0,0
12,000,State - ARUNACHAL PRADESH (12),Total,80+,7439,3821,3618,864,483,381,3736,2393,1343,2770,900,1870,52,36,16,17,9,8,0,0,0
35,000,State - ANDAMAN & NICOBAR ISLANDS (35),Total,0-9,59208,30153,29055,59208,30153,29055,0,0,0,0,0,0,0,0,0,0,0,0,0,0,0
35,000,State - ANDAMAN & NICOBAR ISLANDS (35),Total,10-14,33467,17118,16349,33062,16977,16085,381,136,245,14,3,11,10,2,8,0,0,0,0,0,0
35,000,State - ANDAMAN & NICOBAR ISLANDS (35),Total,15-19,33026,17266,15760,30264,16944,13320,2711,309,2402,29,7,22,19,5,14,3,1,2,0,0,0
35,000,State - ANDAMAN & NICOBAR ISLANDS (35),Total,20-24,37115,19528,17587,23301,16404,6897,13646,3073,10573,71,15,56,79,33,46,18,3,15,0,0,0
35,000,State - ANDAMAN & NICOBAR ISLANDS (35),Total,25-29,41722,22230,19492,14042,10709,3333,27180,11376,15804,241,57,184,209,84,125,50,4,46,0,0,0
35,000,State - ANDAMAN & NICOBAR ISLANDS (35),Total,30-34,35723,19359,16364,4799,3609,1190,30160,15554,14606,452,79,373,232,92,140,80,25,55,0,0,0
35,000,State - ANDAMAN & NICOBAR ISLANDS (35),Total,35-39,32842,17170,15672,2099,1451,648,29618,15467,14151,784,126,658,277,108,169,64,18,46,0,0,0
35,000,State - ANDAMAN & NICOBAR ISLANDS (35),Total,40-44,26735,14813,11922,1103,758,345,24265,13781,10484,1090,154,936,217,92,125,60,28,32,0,0,0
35,000,State - ANDAMAN & NICOBAR ISLANDS (35),Total,45-49,23861,13270,10591,651,470,181,21459,12471,8988,1515,223,1292,188,87,101,48,19,29,0,0,0
35,000,State - ANDAMAN & NICOBAR ISLANDS (35),Total,50-54,17296,9710,7586,425,299,126,14875,9056,5819,1820,268,1552,143,74,69,33,13,20,0,0,0
35,000,State - ANDAMAN & NICOBAR ISLANDS (35),Total,55-59,13794,7870,5924,299,198,101,11449,7273,4176,1925,337,1588,99,53,46,22,9,13,0,0,0
35,000,State - ANDAMAN & NICOBAR ISLANDS (35),Total,60-64,10376,5807,4569,290,193,97,7717,5110,2607,2256,438,1818,101,61,40,12,5,7,0,0,0
35,000,State - ANDAMAN & NICOBAR ISLANDS (35),Total,65-69,6226,3430,2796,193,130,63,4243,2891,1352,1735,375,1360,47,31,16,8,3,5,0,0,0
35,000,State - ANDAMAN & NICOBAR ISLANDS (35),Total,70-74,4098,2378,1720,99,70,29,2510,1929,581,1444,351,1093,37,25,12,8,3,5,0,0,0
35,000,State - ANDAMAN & NICOBAR ISLANDS (35),Total,75-79,2251,1295,956,40,31,9,1269,967,302,921,280,641,21,17,4,0,0,0,0,0,0
35,000,State - ANDAMAN & NICOBAR ISLANDS (35),Total,80+,2473,1279,1194,86,57,29,1123,887,236,1241,318,923,16,14,2,7,3,4,0,0,0
16,000,State - TRIPURA (16),Total,0-9,660301,337046,323255,660301,337046,323255,0,0,0,0,0,0,0,0,0,0,0,0,0,0,0
16,000,State - TRIPURA (16),Total,10-14,357690,183001,174689,352585,181249,171336,4709,1623,3086,239,63,176,115,53,62,42,13,29,0,0,0
16,000,State - TRIPURA (16),Total,15-19,357829,181136,176693,304223,172967,131256,52259,7900,44359,671,138,533,454,95,359,222,36,186,0,0,0
16,000,State - TRIPURA (16),Total,20-24,373177,183779,189398,186136,130642,55494,182951,52485,130466,1715,312,1403,1486,215,1271,889,125,764,0,0,0
16,000,State - TRIPURA (16),Total,25-29,344149,175059,169090,87352,67908,19444,250247,105972,144275,3273,588,2685,2117,389,1728,1160,202,958,0,0,0
16,000,State - TRIPURA (16),Total,30-34,286989,149231,137758,32969,25467,7502,245725,122384,123341,4937,782,4155,2186,399,1787,1172,199,973,0,0,0
16,000,State - TRIPURA (16),Total,35-39,279342,143051,136291,13144,9084,4060,253982,132175,121807,8541,1073,7468,2376,483,1893,1299,236,1063,0,0,0
16,000,State - TRIPURA (16),Total,40-44,238751,124093,114658,5740,3328,2412,217529,118642,98887,12267,1387,10880,2187,501,1686,1028,235,793,0,0,0
16,000,State - TRIPURA (16),Total,45-49,205469,106717,98752,3401,1793,1608,183435,102528,80907,16164,1852,14312,1723,387,1336,746,157,589,0,0,0
16,000,State - TRIPURA (16),Total,50-54,162186,86627,75559,2220,1107,1113,138355,82647,55708,19843,2423,17420,1195,312,883,573,138,435,0,0,0
16,000,State - TRIPURA (16),Total,55-59,116874,61849,55025,1352,634,718,95544,58477,37067,19006,2462,16544,690,188,502,282,88,194,0,0,0
16,000,State - TRIPURA (16),Total,60-64,97129,49611,47518,1252,623,629,70560,45423,25137,24541,3290,21251,533,184,349,243,91,152,0,0,0
16,000,State - TRIPURA (16),Total,65-69,70480,35044,35436,923,501,422,45752,30891,14861,23321,3452,19869,374,154,220,110,46,64,0,0,0
16,000,State - TRIPURA (16),Total,70-74,52324,25535,26789,569,323,246,29006,21286,7720,22415,3743,18672,255,147,108,79,36,43,0,0,0
16,000,State - TRIPURA (16),Total,75-79,30086,14259,15827,289,154,135,14919,11240,3679,14699,2769,11930,131,73,58,48,23,25,0,0,0
16,000,State - TRIPURA (16),Total,80+,39525,17471,22054,1431,791,640,15624,11864,3760,22255,4702,17553,155,90,65,60,24,36,0,0,0
