state_code,district_code,area_name,region_type,age_group,total_persons,total_males,total_females,never_married_persons,never_married_males,never_married_females,currently_married_persons,currently_married_males,currently_married_females,widowed_persons,widowed_males,widowed_females,separated_persons,separated_males,separated_females,divorced_persons,divorced_males,divorced_females,unspecified_persons,unspecified_males,unspecified_females
35,000,State - ANDAMAN & NICOBAR ISLANDS (35),Total,All ages,380581,202871,177710,170177,98582,71595,192735,100341,92394,15561,3036,12525,1695,778,917,413,134,279,0,0,0
35,000,State - ANDAMAN & NICOBAR ISLANDS (35),Total,0-9,59208,30153,29055,59208,30153,29055,0,0,0,0,0,0,0,0,0,0,0,0,0,0,0
35,000,State - ANDAMAN & NICOBAR ISLANDS (35),Total,10-14,33467,17118,16349,33062,16977,16085,381,136,245,14,3,11,10,2,8,0,0,0,0,0,0
35,000,State - ANDAMAN & NICOBAR ISLANDS (35),Total,15-19,33026,17266,15760,30264,16944,13320,2711,309,2402,29,7,22,19,5,14,3,1,2,0,0,0
35,000,State - ANDAMAN & NICOBAR ISLANDS (35),Total,20-24,37115,19528,17587,23301,16404,6897,13646,3073,10573,71,15,56,79,33,46,18,3,15,0,0,0
35,000,State - ANDAMAN & NICOBAR ISLANDS (35),Total,25-29,41722,22230,19492,14042,10709,3333,27180,11376,15804,241,57,184,209,84,125,50,4,46,0,0,0
35,000,State - ANDAMAN & NICOBAR ISLANDS (35),Total,30-34,35723,19359,16364,4799,3609,1190,30160,15554,14606,452,79,373,232,92,140,80,25,55,0,0,0
35,000,State - ANDAMAN & NICOBAR ISLANDS (35),Total,35-39,32842,17170,15672,2099,1451,648,29618,15467,14151,784,126,658,277,108,169,64,18,46,0,0,0
35,000,State - ANDAMAN & NICOBAR ISLANDS (35),Total,40-44,26735,14813,11922,1103,758,345,24265,13781,10484,1090,154,936,217,92,125,60,28,32,0,0,0
35,000,State - ANDAMAN & NICOBAR ISLANDS (35),Total,45-49,23861,13270,10591,651,470,181,21459,12471,8988,1515,223,1292,188,87,101,48,19,29,0,0,0
35,000,State - ANDAMAN & NICOBAR ISLANDS (35),Total,50-54,17296,9710,7586,425,299,126,14875,9056,5819,1820,268,1552,143,74,69,33,13,20,0,0,0
35,000,State - ANDAMAN & NICOBAR ISLANDS (35),Total,55-59,13794,7870,5924,299,198,101,11449,7273,4176,1925,337,1588,99,53,46,22,9,13,0,0,0
35,000,State - ANDAMAN & NICOBAR ISLANDS (35),Total,60-64,10376,5807,4569,290,193,97,7717,5110,2607,2256,438,1818,101,61,40,12,5,7,0,0,0
35,000,State - ANDAMAN & NICOBAR ISLANDS (35),Total,65-69,6226,3430,2796,193,130,63,4243,2891,1352,1735,375,1360,47,31,16,8,3,5,0,0,0
35,000,State - ANDAMAN & NICOBAR ISLANDS (35),Total,70-74,4098,2378,1720,99,70,29,2510,1929,581,1444,351,1093,37,25,12,8,3,5,0,0,0
35,000,State - ANDAMAN & NICOBAR ISLANDS (35),Total,75-79,2251,1295,956,40,31,9,1269,967,302,921,280,641,21,17,4,0,0,0,0,0,0
35,000,State - ANDAMAN & NICOBAR ISLANDS (35),Total,80+,2473,1279,1194,86,57,29,1123,887,236,1241,318,923,16,14,2,7,3,4,0,0,0
35,000,State - ANDAMAN & NICOBAR ISLANDS (35),Total,Age not stated,368,195,173,216,129,87,129,61,68,23,5,18,0,0,0,0,0,0,0,0,0
35,000,State - ANDAMAN & NICOBAR ISLANDS (35),Total,Less than 18,112309,57548,54761,111061,57243,53818,1205,293,912,26,8,18,16,3,13,1,1,0,0,0,0
35,000,State - ANDAMAN & NICOBAR ISLANDS (35),Total,Less than 21,133013,68364,64649,127882,67633,60249,5039,711,4328,51,11,40,35,8,27,6,1,5,0,0,0
35,000,State - ANDAMAN & NICOBAR ISLANDS (35),Rural,All ages,237093,126287,110806,106415,61403,45012,118721,61918,56803,10524,2327,8197,1183,554,629,250,85,165,0,0,0
35,000,State - ANDAMAN & NICOBAR ISLANDS (35),Rural,0-9,37940,19318,18622,37940,19318,18622,0,0,0,0,0,0,0,0,0,0,0,0,0,0,0
35,000,State - ANDAMAN & NICOBAR ISLANDS (35),Rural,10-14,21226,10731,10495,21004,10658,10346,210,71,139,8,0,8,4,2,2,0,0,0,0,0,0
35,000,State - ANDAMAN & NICOBAR ISLANDS (35),Rural,15-19,20369,10644,9725,18570,10461,8109,1774,177,1597,13,4,9,10,1,9,2,1,1,0,0,0
35,000,State - ANDAMAN & NICOBAR ISLANDS (35),Rural,20-24,22540,11654,10886,13577,9543,4034,8850,2080,6770,39,9,30,63,20,43,11,2,9,0,0,0
35,000,State - ANDAMAN & NICOBAR ISLANDS (35),Rural,25-29,25558,13675,11883,8424,6397,2027,16834,7196,9638,154,41,113,117,37,80,29,4,25,0,0,0
35,000,State - ANDAMAN & NICOBAR ISLANDS (35),Rural,30-34,21811,11945,9866,3063,2301,762,18256,9516,8740,302,58,244,146,58,88,44,12,32,0,0,0
35,000,State - ANDAMAN & NICOBAR ISLANDS (35),Rural,35-39,19802,10424,9378,1446,1009,437,17630,9226,8404,501,103,398,188,75,113,37,11,26,0,0,0
35,000,State - ANDAMAN & NICOBAR ISLANDS (35),Rural,40-44,15959,8921,7038,788,559,229,14330,8159,6171,652,115,537,149,70,79,40,18,22,0,0,0
35,000,State - ANDAMAN & NICOBAR ISLANDS (35),Rural,45-49,14432,7991,6441,471,357,114,12830,7382,5448,960,177,783,139,60,79,32,15,17,0,0,0
35,000,State - ANDAMAN & NICOBAR ISLANDS (35),Rural,50-54,10675,5987,4688,304,222,82,9067,5482,3585,1174,214,960,111,60,51,19,9,10,0,0,0
35,000,State - ANDAMAN & NICOBAR ISLANDS (35),Rural,55-59,8662,4889,3773,200,150,50,7152,4452,2700,1220,238,982,74,44,30,16,5,11,0,0,0
35,000,State - ANDAMAN & NICOBAR ISLANDS (35),Rural,60-64,7102,3899,3203,217,151,66,5219,3368,1851,1577,322,1255,80,54,26,9,4,5,0,0,0
35,000,State - ANDAMAN & NICOBAR ISLANDS (35),Rural,65-69,4469,2477,1992,145,100,45,3034,2060,974,1245,291,954,41,25,16,4,1,3,0,0,0
35,000,State - ANDAMAN & NICOBAR ISLANDS (35),Rural,70-74,2905,1687,1218,66,52,14,1745,1345,400,1064,270,794,27,19,8,3,1,2,0,0,0
35,000,State - ANDAMAN & NICOBAR ISLANDS (35),Rural,75-79,1606,952,654,30,23,7,910,699,211,647,214,433,19,16,3,0,0,0,0,0,0
35,000,State - ANDAMAN & NICOBAR ISLANDS (35),Rural,80+,1857,992,865,55,35,20,828,675,153,955,267,688,15,13,2,4,2,2,0,0,0
35,000,State - ANDAMAN & NICOBAR ISLANDS (35),Rural,Age not stated,180,101,79,115,67,48,52,30,22,13,4,9,0,0,0,0,0,0,0,0,0
35,000,State - ANDAMAN & NICOBAR ISLANDS (35),Rural,Less than 18,71274,36404,34870,70538,36246,34292,715,151,564,13,4,9,7,2,5,1,1,0,0,0,0
35,000,State - ANDAMAN & NICOBAR ISLANDS (35),Rural,Less than 21,83957,42959,40998,80668,42538,38130,3242,412,2830,24,5,19,19,3,16,4,1,3,0,0,0
35,000,State - ANDAMAN & NICOBAR ISLANDS (35),Urban,All ages,143488,76584,66904,63762,37179,26583,74014,38423,35591,5037,709,4328,512,224,288,163,49,114,0,0,0
35,000,State - ANDAMAN & NICOBAR ISLANDS (35),Urban,0-9,21268,10835,10433,21268,10835,10433,0,0,0,0,0,0,0,0,0,0,0,0,0,0,0
35,000,State - ANDAMAN & NICOBAR ISLANDS (35),Urban,10-14,12241,6387,5854,12058,6319,5739,171,65,106,6,3,3,6,0,6,0,0,0,0,0,0
35,000,State - ANDAMAN & NICOBAR ISLANDS (35),Urban,15-19,12657,6622,6035,11694,6483,5211,937,132,805,16,3,13,9,4,5,1,0,1,0,0,0
35,000,State - ANDAMAN & NICOBAR ISLANDS (35),Urban,20-24,14575,7874,6701,9724,6861,2863,4796,993,3803,32,6,26,16,13,3,7,1,6,0,0,0
35,000,State - ANDAMAN & NICOBAR ISLANDS (35),Urban,25-29,16164,8555,7609,5618,4312,1306,10346,4180,6166,87,16,71,92,47,45,21,0,21,0,0,0
35,000,State - ANDAMAN & NICOBAR ISLANDS (35),Urban,30-34,13912,7414,6498,1736,1308,428,11904,6038,5866,150,21,129,86,34,52,36,13,23,0,0,0
35,000,State - ANDAMAN & NICOBAR ISLANDS (35),Urban,35-39,13040,6746,6294,653,442,211,11988,6241,5747,283,23,260,89,33,56,27,7,20,0,0,0
35,000,State - ANDAMAN & NICOBAR ISLANDS (35),Urban,40-44,10776,5892,4884,315,199,116,9935,5622,4313,438,39,399,68,22,46,20,10,10,0,0,0
35,000,State - ANDAMAN & NICOBAR ISLANDS (35),Urban,45-49,9429,5279,4150,180,113,67,8629,5089,3540,555,46,509,49,27,22,16,4,12,0,0,0
35,000,State - ANDAMAN & NICOBAR ISLANDS (35),Urban,50-54,6621,3723,2898,121,77,44,5808,3574,2234,646,54,592,32,14,18,14,4,10,0,0,0
35,000,State - ANDAMAN & NICOBAR ISLANDS (35),Urban,55-59,5132,2981,2151,99,48,51,4297,2821,1476,705,99,606,25,9,16,6,4,2,0,0,0
35,000,State - ANDAMAN & NICOBAR ISLANDS (35),Urban,60-64,3274,1908,1366,73,42,31,2498,1742,756,679,116,563,21,7,14,3,1,2,0,0,0
35,000,State - ANDAMAN & NICOBAR ISLANDS (35),Urban,65-69,1757,953,804,48,30,18,1209,831,378,490,84,406,6,6,0,4,2,2,0,0,0
35,000,State - ANDAMAN & NICOBAR ISLANDS (35),Urban,70-74,1193,691,502,33,18,15,765,584,181,380,81,299,10,6,4,5,2,3,0,0,0
35,000,State - ANDAMAN & NICOBAR ISLANDS (35),Urban,75-79,645,343,302,10,8,2,359,268,91,274,66,208,2,1,1,0,0,0,0,0,0
35,000,State - ANDAMAN & NICOBAR ISLANDS (35),Urban,80+,616,287,329,31,22,9,295,212,83,286,51,235,1,1,0,3,1,2,0,0,0
35,000,State - ANDAMAN & NICOBAR ISLANDS (35),Urban,Age not stated,188,94,94,101,62,39,77,31,46,10,1,9,0,0,0,0,0,0,0,0,0
35,000,State - ANDAMAN & NICOBAR ISLANDS (35),Urban,Less than 18,41035,21144,19891,40523,20997,19526,490,142,348,13,4,9,9,1,8,0,0,0,0,0,0
35,000,State - ANDAMAN & NICOBAR ISLANDS (35),Urban,Less than 21,49056,25405,23651,47214,25095,22119,1797,299,1498,27,6,21,16,5,11,2,0,2,0,0,0
35,638,District - Nicobars (01),Total,All ages,36842,20727,16115,17418,10293,7125,17511,9804,7707,1838,592,1246,67,34,33,8,4,4,0,0,0
35,638,District - Nicobars (01),Total,0-9,5805,2988,2817,5805,2988,2817,0,0,0,0,0,0,0,0,0,0,0,0,0,0,0
35,638,District - Nicobars (01),Total,10-14,2684,1369,1315,2661,1358,1303,22,11,11,1,0,1,0,0,0,0,0,0,0,0,0
35,638,District - Nicobars (01),Total,15-19,2773,1536,1237,2644,1516,1128,126,19,107,3,1,2,0,0,0,0,0,0,0,0,0
35,638,District - Nicobars (01),Total,20-24,3544,2143,1401,2436,1751,685,1088,382,706,9,2,7,10,7,3,1,1,0,0,0,0
35,638,District - Nicobars (01),Total,25-29,3980,2375,1605,1675,1229,446,2269,1132,1137,28,10,18,7,3,4,1,1,0,0,0,0
35,638,District - Nicobars (01),Total,30-34,3491,2008,1483,772,557,215,2648,1427,1221,60,18,42,11,6,5,0,0,0,0,0,0
35,638,District - Nicobars (01),Total,35-39,3332,1854,1478,531,335,196,2693,1482,1211,103,35,68,5,2,3,0,0,0,0,0,0
35,638,District - Nicobars (01),Total,40-44,2791,1636,1155,326,205,121,2333,1386,947,123,39,84,7,5,2,2,1,1,0,0,0
35,638,District - Nicobars (01),Total,45-49,2474,1467,1007,199,132,67,2091,1276,815,173,53,120,9,5,4,2,1,1,0,0,0
35,638,District - Nicobars (01),Total,50-54,1892,1086,806,124,76,48,1523,946,577,244,64,180,1,0,1,0,0,0,0,0,0
35,638,District - Nicobars (01),Total,55-59,1380,792,588,78,50,28,1087,676,411,209,65,144,6,1,5,0,0,0,0,0,0
35,638,District - Nicobars (01),Total,60-64,972,544,428,70,42,28,659,423,236,238,76,162,5,3,2,0,0,0,0,0,0
35,638,District - Nicobars (01),Total,65-69,722,369,353,32,20,12,476,290,186,211,58,153,2,1,1,1,0,1,0,0,0
35,638,District - Nicobars (01),Total,70-74,454,259,195,17,9,8,252,174,78,182,75,107,2,1,1,1,0,1,0,0,0
35,638,District - Nicobars (01),Total,75-79,242,142,100,6,4,2,127,98,29,108,40,68,1,0,1,0,0,0,0,0,0
35,638,District - Nicobars (01),Total,80+,260,133,127,11,5,6,104,74,30,144,54,90,1,0,1,0,0,0,0,0,0
35,638,District - Nicobars (01),Total,Age not stated,46,26,20,31,16,15,13,8,5,2,2,0,0,0,0,0,0,0,0,0,0
35,638,District - Nicobars (01),Total,Less than 18,10092,5214,4878,10027,5192,4835,63,21,42,2,1,1,0,0,0,0,0,0,0,0,0
35,638,District - Nicobars (01),Total,Less than 21,11940,6295,5645,11654,6232,5422,281,62,219,5,1,4,0,0,0,0,0,0,0,0,0
35,638,District - Nicobars (01),Rural,All ages,36842,20727,16115,17418,10293,7125,17511,9804,7707,1838,592,1246,67,34,33,8,4,4,0,0,0
35,638,District - Nicobars (01),Rural,0-9,5805,2988,2817,5805,2988,2817,0,0,0,0,0,0,0,0,0,0,0,0,0,0,0
35,638,District - Nicobars (01),Rural,10-14,2684,1369,1315,2661,1358,1303,22,11,11,1,0,1,0,0,0,0,0,0,0,0,0
35,638,District - Nicobars (01),Rural,15-19,2773,1536,1237,2644,1516,1128,126,19,107,3,1,2,0,0,0,0,0,0,0,0,0
35,638,District - Nicobars (01),Rural,20-24,3544,2143,1401,2436,1751,685,1088,382,706,9,2,7,10,7,3,1,1,0,0,0,0
35,638,District - Nicobars (01),Rural,25-29,3980,2375,1605,1675,1229,446,2269,1132,1137,28,10,18,7,3,4,1,1,0,0,0,0
35,638,District - Nicobars (01),Rural,30-34,3491,2008,1483,772,557,215,2648,1427,1221,60,18,42,11,6,5,0,0,0,0,0,0
35,638,District - Nicobars (01),Rural,35-39,3332,1854,1478,531,335,196,2693,1482,1211,103,35,68,5,2,3,0,0,0,0,0,0
35,638,District - Nicobars (01),Rural,40-44,2791,1636,1155,326,205,121,2333,1386,947,123,39,84,7,5,2,2,1,1,0,0,0
35,638,District - Nicobars (01),Rural,45-49,2474,1467,1007,199,132,67,2091,1276,815,173,53,120,9,5,4,2,1,1,0,0,0
35,638,District - Nicobars (01),Rural,50-54,1892,1086,806,124,76,48,1523,946,577,244,64,180,1,0,1,0,0,0,0,0,0
35,638,District - Nicobars (01),Rural,55-59,1380,792,588,78,50,28,1087,676,411,209,65,144,6,1,5,0,0,0,0,0,0
35,638,District - Nicobars (01),Rural,60-64,972,544,428,70,42,28,659,423,236,238,76,162,5,3,2,0,0,0,0,0,0
35,638,District - Nicobars (01),Rural,65-69,722,369,353,32,20,12,476,290,186,211,58,153,2,1,1,1,0,1,0,0,0
35,638,District - Nicobars (01),Rural,70-74,454,259,195,17,9,8,252,174,78,182,75,107,2,1,1,1,0,1,0,0,0
35,638,District - Nicobars (01),Rural,75-79,242,142,100,6,4,2,127,98,29,108,40,68,1,0,1,0,0,0,0,0,0
35,638,District - Nicobars (01),Rural,80+,260,133,127,11,5,6,104,74,30,144,54,90,1,0,1,0,0,0,0,0,0
35,638,District - Nicobars (01),Rural,Age not stated,46,26,20,31,16,15,13,8,5,2,2,0,0,0,0,0,0,0,0,0,0
35,638,District - Nicobars (01),Rural,Less than 18,10092,5214,4878,10027,5192,4835,63,21,42,2,1,1,0,0,0,0,0,0,0,0,0
35,638,District - Nicobars (01),Rural,Less than 21,11940,6295,5645,11654,6232,5422,281,62,219,5,1,4,0,0,0,0,0,0,0,0,0
35,638,District - Nicobars (01),Urban,All ages,0,0,0,0,0,0,0,0,0,0,0,0,0,0,0,0,0,0,0,0,0
35,638,District - Nicobars (01),Urban,0-9,0,0,0,0,0,0,0,0,0,0,0,0,0,0,0,0,0,0,0,0,0
35,638,District - Nicobars (01),Urban,10-14,0,0,0,0,0,0,0,0,0,0,0,0,0,0,0,0,0,0,0,0,0
35,638,District - Nicobars (01),Urban,15-19,0,0,0,0,0,0,0,0,0,0,0,0,0,0,0,0,0,0,0,0,0
35,638,District - Nicobars (01),Urban,20-24,0,0,0,0,0,0,0,0,0,0,0,0,0,0,0,0,0,0,0,0,0
35,638,District - Nicobars (01),Urban,25-29,0,0,0,0,0,0,0,0,0,0,0,0,0,0,0,0,0,0,0,0,0
35,638,District - Nicobars (01),Urban,30-34,0,0,0,0,0,0,0,0,0,0,0,0,0,0,0,0,0,0,0,0,0
35,638,District - Nicobars (01),Urban,35-39,0,0,0,0,0,0,0,0,0,0,0,0,0,0,0,0,0,0,0,0,0
35,638,District - Nicobars (01),Urban,40-44,0,0,0,0,0,0,0,0,0,0,0,0,0,0,0,0,0,0,0,0,0
35,638,District - Nicobars (01),Urban,45-49,0,0,0,0,0,0,0,0,0,0,0,0,0,0,0,0,0,0,0,0,0
35,638,District - Nicobars (01),Urban,50-54,0,0,0,0,0,0,0,0,0,0,0,0,0,0,0,0,0,0,0,0,0
35,638,District - Nicobars (01),Urban,55-59,0,0,0,0,0,0,0,0,0,0,0,0,0,0,0,0,0,0,0,0,0
35,638,District - Nicobars (01),Urban,60-64,0,0,0,0,0,0,0,0,0,0,0,0,0,0,0,0,0,0,0,0,0
35,638,District - Nicobars (01),Urban,65-69,0,0,0,0,0,0,0,0,0,0,0,0,0,0,0,0,0,0,0,0,0
35,638,District - Nicobars (01),Urban,70-74,0,0,0,0,0,0,0,0,0,0,0,0,0,0,0,0,0,0,0,0,0
35,638,District - Nicobars (01),Urban,75-79,0,0,0,0,0,0,0,0,0,0,0,0,0,0,0,0,0,0,0,0,0
35,638,District - Nicobars (01),Urban,80+,0,0,0,0,0,0,0,0,0,0,0,0,0,0,0,0,0,0,0,0,0
35,638,District - Nicobars (01),Urban,Age not stated,0,0,0,0,0,0,0,0,0,0,0,0,0,0,0,0,0,0,0,0,0
35,638,District - Nicobars (01),Urban,Less than 18,0,0,0,0,0,0,0,0,0,0,0,0,0,0,0,0,0,0,0,0,0
35,638,District - Nicobars (01),Urban,Less than 21,0,0,0,0,0,0,0,0,0,0,0,0,0,0,0,0,0,0,0,0,0
35,639,District - North  & Middle Andaman (02),Total,All ages,105597,54861,50736,47664,27090,20574,52258,26334,25924,4904,1077,3827,680,316,364,91,44,47,0,0,0
35,639,District - North  & Middle Andaman (02),Total,0-9,17407,8848,8559,17407,8848,8559,0,0,0,0,0,0,0,0,0,0,0,0,0,0,0
35,639,District - North  & Middle Andaman (02),Total,10-14,10495,5325,5170,10417,5302,5115,75,23,52,2,0,2,1,0,1,0,0,0,0,0,0
35,639,District - North  & Middle Andaman (02),Total,15-19,9374,4845,4529,8546,4799,3747,817,45,772,3,1,2,7,0,7,1,0,1,0,0,0
35,639,District - North  & Middle Andaman (02),Total,20-24,9386,4504,4882,5451,3751,1700,3892,741,3151,10,2,8,28,9,19,5,1,4,0,0,0
35,639,District - North  & Middle Andaman (02),Total,25-29,10688,5435,5253,3325,2515,810,7226,2881,4345,57,19,38,72,18,54,8,2,6,0,0,0
35,639,District - North  & Middle Andaman (02),Total,30-34,9113,4763,4350,1220,904,316,7675,3809,3866,127,17,110,80,29,51,11,4,7,0,0,0
35,639,District - North  & Middle Andaman (02),Total,35-39,8583,4321,4262,525,382,143,7723,3843,3880,210,39,171,112,49,63,13,8,5,0,0,0
35,639,District - North  & Middle Andaman (02),Total,40-44,6906,3812,3094,251,192,59,6304,3527,2777,250,40,210,85,41,44,16,12,4,0,0,0
35,639,District - North  & Middle Andaman (02),Total,45-49,6139,3309,2830,128,108,20,5511,3096,2415,414,70,344,73,28,45,13,7,6,0,0,0
35,639,District - North  & Middle Andaman (02),Total,50-54,4638,2536,2102,76,58,18,3998,2356,1642,490,80,410,68,38,30,6,4,2,0,0,0
35,639,District - North  & Middle Andaman (02),Total,55-59,3809,2097,1712,54,44,10,3156,1931,1225,552,97,455,40,24,16,7,1,6,0,0,0
35,639,District - North  & Middle Andaman (02),Total,60-64,3545,1879,1666,84,61,23,2592,1626,966,811,155,656,51,35,16,7,2,5,0,0,0
35,639,District - North  & Middle Andaman (02),Total,65-69,2184,1239,945,79,50,29,1494,1022,472,587,152,435,24,15,9,0,0,0,0,0,0
35,639,District - North  & Middle Andaman (02),Total,70-74,1514,913,601,34,29,5,899,718,181,561,152,409,18,12,6,2,2,0,0,0,0
35,639,District - North  & Middle Andaman (02),Total,75-79,817,501,316,14,11,3,475,367,108,318,115,203,10,8,2,0,0,0,0,0,0
35,639,District - North  & Middle Andaman (02),Total,80+,957,507,450,25,17,8,410,341,69,509,138,371,11,10,1,2,1,1,0,0,0
35,639,District - North  & Middle Andaman (02),Total,Age not stated,42,27,15,28,19,9,11,8,3,3,0,3,0,0,0,0,0,0,0,0,0
35,639,District - North  & Middle Andaman (02),Total,Less than 18,33650,17169,16481,33364,17126,16238,280,42,238,3,1,2,3,0,3,0,0,0,0,0,0
35,639,District - North  & Middle Andaman (02),Total,Less than 21,39118,19900,19218,37648,19787,17861,1450,112,1338,6,1,5,11,0,11,3,0,3,0,0,0
35,639,District - North  & Middle Andaman (02),Rural,All ages,102856,53457,49399,46474,26418,20056,50891,25654,25237,4747,1034,3713,659,310,349,85,41,44,0,0,0
35,639,District - North  & Middle Andaman (02),Rural,0-9,17042,8676,8366,17042,8676,8366,0,0,0,0,0,0,0,0,0,0,0,0,0,0,0
35,639,District - North  & Middle Andaman (02),Rural,10-14,10302,5217,5085,10228,5194,5034,71,23,48,2,0,2,1,0,1,0,0,0,0,0,0
35,639,District - North  & Middle Andaman (02),Rural,15-19,9133,4717,4416,8320,4672,3648,802,44,758,3,1,2,7,0,7,1,0,1,0,0,0
35,639,District - North  & Middle Andaman (02),Rural,20-24,9083,4357,4726,5232,3616,1616,3809,729,3080,10,2,8,28,9,19,4,1,3,0,0,0
35,639,District - North  & Middle Andaman (02),Rural,25-29,10382,5285,5097,3200,2433,767,7049,2813,4236,57,19,38,69,18,51,7,2,5,0,0,0
35,639,District - North  & Middle Andaman (02),Rural,30-34,8902,4652,4250,1182,875,307,7511,3727,3784,122,17,105,76,29,47,11,4,7,0,0,0
35,639,District - North  & Middle Andaman (02),Rural,35-39,8375,4213,4162,507,370,137,7544,3752,3792,207,38,169,105,46,59,12,7,5,0,0,0
35,639,District - North  & Middle Andaman (02),Rural,40-44,6748,3744,3004,248,191,57,6160,3462,2698,244,40,204,81,40,41,15,11,4,0,0,0
35,639,District - North  & Middle Andaman (02),Rural,45-49,5953,3237,2716,127,107,20,5344,3027,2317,396,68,328,73,28,45,13,7,6,0,0,0
35,639,District - North  & Middle Andaman (02),Rural,50-54,4479,2452,2027,76,58,18,3861,2274,1587,468,78,390,68,38,30,6,4,2,0,0,0
35,639,District - North  & Middle Andaman (02),Rural,55-59,3684,2024,1660,53,43,10,3046,1864,1182,538,92,446,40,24,16,7,1,6,0,0,0
35,639,District - North  & Middle Andaman (02),Rural,60-64,3420,1803,1617,82,59,23,2504,1561,943,779,147,632,49,34,15,6,2,4,0,0,0
35,639,District - North  & Middle Andaman (02),Rural,65-69,2119,1197,922,76,48,28,1445,989,456,575,146,429,23,14,9,0,0,0,0,0,0
35,639,District - North  & Middle Andaman (02),Rural,70-74,1461,875,586,34,29,5,871,692,179,537,141,396,18,12,6,1,1,0,0,0,0
35,639,District - North  & Middle Andaman (02),Rural,75-79,798,487,311,14,11,3,461,355,106,313,113,200,10,8,2,0,0,0,0,0,0
35,639,District - North  & Middle Andaman (02),Rural,80+,933,494,439,25,17,8,402,334,68,493,132,361,11,10,1,2,1,1,0,0,0
35,639,District - North  & Middle Andaman (02),Rural,Age not stated,42,27,15,28,19,9,11,8,3,3,0,3,0,0,0,0,0,0,0,0,0
35,639,District - North  & Middle Andaman (02),Rural,Less than 18,32939,16812,16127,32660,16770,15890,273,41,232,3,1,2,3,0,3,0,0,0,0,0,0
35,639,District - North  & Middle Andaman (02),Rural,Less than 21,38255,19465,18790,36817,19354,17463,1419,110,1309,6,1,5,11,0,11,2,0,2,0,0,0
35,639,District - North  & Middle Andaman (02),Urban,All ages,2741,1404,1337,1190,672,518,1367,680,687,157,43,114,21,6,15,6,3,3,0,0,0
35,639,District - North  & Middle Andaman (02),Urban,0-9,365,172,193,365,172,193,0,0,0,0,0,0,0,0,0,0,0,0,0,0,0
35,639,District - North  & Middle Andaman (02),Urban,10-14,193,108,85,189,108,81,4,0,4,0,0,0,0,0,0,0,0,0,0,0,0
35,639,District - North  & Middle Andaman (02),Urban,15-19,241,128,113,226,127,99,15,1,14,0,0,0,0,0,0,0,0,0,0,0,0
35,639,District - North  & Middle Andaman (02),Urban,20-24,303,147,156,219,135,84,83,12,71,0,0,0,0,0,0,1,0,1,0,0,0
35,639,District - North  & Middle Andaman (02),Urban,25-29,306,150,156,125,82,43,177,68,109,0,0,0,3,0,3,1,0,1,0,0,0
35,639,District - North  & Middle Andaman (02),Urban,30-34,211,111,100,38,29,9,164,82,82,5,0,5,4,0,4,0,0,0,0,0,0
35,639,District - North  & Middle Andaman (02),Urban,35-39,208,108,100,18,12,6,179,91,88,3,1,2,7,3,4,1,1,0,0,0,0
35,639,District - North  & Middle Andaman (02),Urban,40-44,158,68,90,3,1,2,144,65,79,6,0,6,4,1,3,1,1,0,0,0,0
35,639,District - North  & Middle Andaman (02),Urban,45-49,186,72,114,1,1,0,167,69,98,18,2,16,0,0,0,0,0,0,0,0,0
35,639,District - North  & Middle Andaman (02),Urban,50-54,159,84,75,0,0,0,137,82,55,22,2,20,0,0,0,0,0,0,0,0,0
35,639,District - North  & Middle Andaman (02),Urban,55-59,125,73,52,1,1,0,110,67,43,14,5,9,0,0,0,0,0,0,0,0,0
35,639,District - North  & Middle Andaman (02),Urban,60-64,125,76,49,2,2,0,88,65,23,32,8,24,2,1,1,1,0,1,0,0,0
35,639,District - North  & Middle Andaman (02),Urban,65-69,65,42,23,3,2,1,49,33,16,12,6,6,1,1,0,0,0,0,0,0,0
35,639,District - North  & Middle Andaman (02),Urban,70-74,53,38,15,0,0,0,28,26,2,24,11,13,0,0,0,1,1,0,0,0,0
35,639,District - North  & Middle Andaman (02),Urban,75-79,19,14,5,0,0,0,14,12,2,5,2,3,0,0,0,0,0,0,0,0,0
35,639,District - North  & Middle Andaman (02),Urban,80+,24,13,11,0,0,0,8,7,1,16,6,10,0,0,0,0,0,0,0,0,0
35,639,District - North  & Middle Andaman (02),Urban,Age not stated,0,0,0,0,0,0,0,0,0,0,0,0,0,0,0,0,0,0,0,0,0
35,639,District - North  & Middle Andaman (02),Urban,Less than 18,711,357,354,704,356,348,7,1,6,0,0,0,0,0,0,0,0,0,0,0,0
35,639,District - North  & Middle Andaman (02),Urban,Less than 21,863,435,428,831,433,398,31,2,29,0,0,0,0,0,0,1,0,1,0,0,0
35,640,District - South Andaman (03),Total,All ages,238142,127283,110859,105095,61199,43896,122966,64203,58763,8819,1367,7452,948,428,520,314,86,228,0,0,0
35,640,District - South Andaman (03),Total,0-9,35996,18317,17679,35996,18317,17679,0,0,0,0,0,0,0,0,0,0,0,0,0,0,0
35,640,District - South Andaman (03),Total,10-14,20288,10424,9864,19984,10317,9667,284,102,182,11,3,8,9,2,7,0,0,0,0,0,0
35,640,District - South Andaman (03),Total,15-19,20879,10885,9994,19074,10629,8445,1768,245,1523,23,5,18,12,5,7,2,1,1,0,0,0
35,640,District - South Andaman (03),Total,20-24,24185,12881,11304,15414,10902,4512,8666,1950,6716,52,11,41,41,17,24,12,1,11,0,0,0
35,640,District - South Andaman (03),Total,25-29,27054,14420,12634,9042,6965,2077,17685,7363,10322,156,28,128,130,63,67,41,1,40,0,0,0
35,640,District - South Andaman (03),Total,30-34,23119,12588,10531,2807,2148,659,19837,10318,9519,265,44,221,141,57,84,69,21,48,0,0,0
35,640,District - South Andaman (03),Total,35-39,20927,10995,9932,1043,734,309,19202,10142,9060,471,52,419,160,57,103,51,10,41,0,0,0
35,640,District - South Andaman (03),Total,40-44,17038,9365,7673,526,361,165,15628,8868,6760,717,75,642,125,46,79,42,15,27,0,0,0
35,640,District - South Andaman (03),Total,45-49,15248,8494,6754,324,230,94,13857,8099,5758,928,100,828,106,54,52,33,11,22,0,0,0
35,640,District - South Andaman (03),Total,50-54,10766,6088,4678,225,165,60,9354,5754,3600,1086,124,962,74,36,38,27,9,18,0,0,0
35,640,District - South Andaman (03),Total,55-59,8605,4981,3624,167,104,63,7206,4666,2540,1164,175,989,53,28,25,15,8,7,0,0,0
35,640,District - South Andaman (03),Total,60-64,5859,3384,2475,136,90,46,4466,3061,1405,1207,207,1000,45,23,22,5,3,2,0,0,0
35,640,District - South Andaman (03),Total,65-69,3320,1822,1498,82,60,22,2273,1579,694,937,165,772,21,15,6,7,3,4,0,0,0
35,640,District - South Andaman (03),Total,70-74,2130,1206,924,48,32,16,1359,1037,322,701,124,577,17,12,5,5,1,4,0,0,0
35,640,District - South Andaman (03),Total,75-79,1192,652,540,20,16,4,667,502,165,495,125,370,10,9,1,0,0,0,0,0,0
35,640,District - South Andaman (03),Total,80+,1256,639,617,50,35,15,609,472,137,588,126,462,4,4,0,5,2,3,0,0,0
35,640,District - South Andaman (03),Total,Age not stated,280,142,138,157,94,63,105,45,60,18,3,15,0,0,0,0,0,0,0,0,0
35,640,District - South Andaman (03),Total,Less than 18,68567,35165,33402,67670,34925,32745,862,230,632,21,6,15,13,3,10,1,1,0,0,0,0
35,640,District - South Andaman (03),Total,Less than 21,81955,42169,39786,78580,41614,36966,3308,537,2771,40,9,31,24,8,16,3,1,2,0,0,0
35,640,District - South Andaman (03),Rural,All ages,97395,52103,45292,42523,24692,17831,50319,26460,23859,3939,701,3238,457,210,247,157,40,117,0,0,0
35,640,District - South Andaman (03),Rural,0-9,15093,7654,7439,15093,7654,7439,0,0,0,0,0,0,0,0,0,0,0,0,0,0,0
35,640,District - South Andaman (03),Rural,10-14,8240,4145,4095,8115,4106,4009,117,37,80,5,0,5,3,2,1,0,0,0,0,0,0
35,640,District - South Andaman (03),Rural,15-19,8463,4391,4072,7606,4273,3333,846,114,732,7,2,5,3,1,2,1,1,0,0,0,0
35,640,District - South Andaman (03),Rural,20-24,9913,5154,4759,5909,4176,1733,3953,969,2984,20,5,15,25,4,21,6,0,6,0,0,0
35,640,District - South Andaman (03),Rural,25-29,11196,6015,5181,3549,2735,814,7516,3251,4265,69,12,57,41,16,25,21,1,20,0,0,0
35,640,District - South Andaman (03),Rural,30-34,9418,5285,4133,1109,869,240,8097,4362,3735,120,23,97,59,23,36,33,8,25,0,0,0
35,640,District - South Andaman (03),Rural,35-39,8095,4357,3738,408,304,104,7393,3992,3401,191,30,161,78,27,51,25,4,21,0,0,0
35,640,District - South Andaman (03),Rural,40-44,6420,3541,2879,214,163,51,5837,3311,2526,285,36,249,61,25,36,23,6,17,0,0,0
35,640,District - South Andaman (03),Rural,45-49,6005,3287,2718,145,118,27,5395,3079,2316,391,56,335,57,27,30,17,7,10,0,0,0
35,640,District - South Andaman (03),Rural,50-54,4304,2449,1855,104,88,16,3683,2262,1421,462,72,390,42,22,20,13,5,8,0,0,0
35,640,District - South Andaman (03),Rural,55-59,3598,2073,1525,69,57,12,3019,1912,1107,473,81,392,28,19,9,9,4,5,0,0,0
35,640,District - South Andaman (03),Rural,60-64,2710,1552,1158,65,50,15,2056,1384,672,560,99,461,26,17,9,3,2,1,0,0,0
35,640,District - South Andaman (03),Rural,65-69,1628,911,717,37,32,5,1113,781,332,459,87,372,16,10,6,3,1,2,0,0,0
35,640,District - South Andaman (03),Rural,70-74,990,553,437,15,14,1,622,479,143,345,54,291,7,6,1,1,0,1,0,0,0
35,640,District - South Andaman (03),Rural,75-79,566,323,243,10,8,2,322,246,76,226,61,165,8,8,0,0,0,0,0,0,0
35,640,District - South Andaman (03),Rural,80+,664,365,299,19,13,6,322,267,55,318,81,237,3,3,0,2,1,1,0,0,0
35,640,District - South Andaman (03),Rural,Age not stated,92,48,44,56,32,24,28,14,14,8,2,6,0,0,0,0,0,0,0,0,0
35,640,District - South Andaman (03),Rural,Less than 18,28243,14378,13865,27851,14284,13567,379,89,290,8,2,6,4,2,2,1,1,0,0,0,0
35,640,District - South Andaman (03),Rural,Less than 21,33762,17199,16563,32197,16952,15245,1542,240,1302,13,3,10,8,3,5,2,1,1,0,0,0
35,640,District - South Andaman (03),Urban,All ages,140747,75180,65567,62572,36507,26065,72647,37743,34904,4880,666,4214,491,218,273,157,46,111,0,0,0
35,640,District - South Andaman (03),Urban,0-9,20903,10663,10240,20903,10663,10240,0,0,0,0,0,0,0,0,0,0,0,0,0,0,0
35,640,District - South Andaman (03),Urban,10-14,12048,6279,5769,11869,6211,5658,167,65,102,6,3,3,6,0,6,0,0,0,0,0,0
35,640,District - South Andaman (03),Urban,15-19,12416,6494,5922,11468,6356,5112,922,131,791,16,3,13,9,4,5,1,0,1,0,0,0
35,640,District - South Andaman (03),Urban,20-24,14272,7727,6545,9505,6726,2779,4713,981,3732,32,6,26,16,13,3,6,1,5,0,0,0
35,640,District - South Andaman (03),Urban,25-29,15858,8405,7453,5493,4230,1263,10169,4112,6057,87,16,71,89,47,42,20,0,20,0,0,0
35,640,District - South Andaman (03),Urban,30-34,13701,7303,6398,1698,1279,419,11740,5956,5784,145,21,124,82,34,48,36,13,23,0,0,0
35,640,District - South Andaman (03),Urban,35-39,12832,6638,6194,635,430,205,11809,6150,5659,280,22,258,82,30,52,26,6,20,0,0,0
35,640,District - South Andaman (03),Urban,40-44,10618,5824,4794,312,198,114,9791,5557,4234,432,39,393,64,21,43,19,9,10,0,0,0
35,640,District - South Andaman (03),Urban,45-49,9243,5207,4036,179,112,67,8462,5020,3442,537,44,493,49,27,22,16,4,12,0,0,0
35,640,District - South Andaman (03),Urban,50-54,6462,3639,2823,121,77,44,5671,3492,2179,624,52,572,32,14,18,14,4,10,0,0,0
35,640,District - South Andaman (03),Urban,55-59,5007,2908,2099,98,47,51,4187,2754,1433,691,94,597,25,9,16,6,4,2,0,0,0
35,640,District - South Andaman (03),Urban,60-64,3149,1832,1317,71,40,31,2410,1677,733,647,108,539,19,6,13,2,1,1,0,0,0
35,640,District - South Andaman (03),Urban,65-69,1692,911,781,45,28,17,1160,798,362,478,78,400,5,5,0,4,2,2,0,0,0
35,640,District - South Andaman (03),Urban,70-74,1140,653,487,33,18,15,737,558,179,356,70,286,10,6,4,4,1,3,0,0,0
35,640,District - South Andaman (03),Urban,75-79,626,329,297,10,8,2,345,256,89,269,64,205,2,1,1,0,0,0,0,0,0
35,640,District - South Andaman (03),Urban,80+,592,274,318,31,22,9,287,205,82,270,45,225,1,1,0,3,1,2,0,0,0
35,640,District - South Andaman (03),Urban,Age not stated,188,94,94,101,62,39,77,31,46,10,1,9,0,0,0,0,0,0,0,0,0
35,640,District - South Andaman (03),Urban,Less than 18,40324,20787,19537,39819,20641,19178,483,141,342,13,4,9,9,1,8,0,0,0,0,0,0
35,640,District - South Andaman (03),Urban,Less than 21,48193,24970,23223,46383,24662,21721,1766,297,1469,27,6,21,16,5,11,1,0,1,0,0,0
