state_code,district_code,area_name,region_type,age_group,total_persons,total_males,total_females,never_married_persons,never_married_males,never_married_females,currently_married_persons,currently_married_males,currently_married_females,widowed_persons,widowed_males,widowed_females,separated_persons,separated_males,separated_females,divorced_persons,divorced_males,divorced_females,unspecified_persons,unspecified_males,unspecified_females
28,000,State - ANDHRA PRADESH (28),Total,All ages,84580777,42442146,42138631,35569606,20152212,15417394,43451300,21399281,22052019,5066315,768834,4297481,407276,102230,305046,86280,19589,66691,0,0,0
28,000,State - ANDHRA PRADESH (28),Total,0-9,13589197,6996285,6592912,13589197,6996285,6592912,0,0,0,0,0,0,0,0,0,0,0,0,0,0,0
28,000,State - ANDHRA PRADESH (28),Total,10-14,8201595,4208884,3992711,8046362,4156097,3890265,145227,49315,95912,6345,1873,4472,3125,1373,1752,536,226,310,0,0,0
28,000,State - ANDHRA PRADESH (28),Total,15-19,8093747,4196307,3897440,7145760,4066429,3079331,926201,125188,801013,12647,2799,9848,7532,1649,5883,1607,242,1365,0,0,0
28,000,State - ANDHRA PRADESH (28),Total,20-24,8132094,4055697,4076397,4146079,3000491,1145588,3907019,1043534,2863485,42163,6086,36077,29653,4574,25079,7180,1012,6168,0,0,0
28,000,State - ANDHRA PRADESH (28),Total,25-29,7799036,3809887,3989149,1452352,1173429,278923,6173956,2612004,3561952,106340,12480,93860,53220,9498,43722,13168,2476,10692,0,0,0
28,000,State - ANDHRA PRADESH (28),Total,30-34,6584371,3300407,3283964,350270,263868,86402,5990253,3002064,2988189,168270,18780,149490,61246,12610,48636,14332,3085,11247,0,0,0
28,000,State - ANDHRA PRADESH (28),Total,35-39,6507339,3198512,3308827,131110,85333,45777,6043437,3068277,2975160,254754,26802,227952,64174,14886,49288,13864,3214,10650,0,0,0
28,000,State - ANDHRA PRADESH (28),Total,40-44,5399473,2794398,2605075,72784,44414,28370,4943594,2695611,2247983,317288,37151,280137,54850,14654,40196,10957,2568,8389,0,0,0
28,000,State - ANDHRA PRADESH (28),Total,45-49,4657269,2374633,2282636,43715,25296,18419,4187305,2287985,1899320,377531,47582,329949,41107,11823,29284,7611,1947,5664,0,0,0
28,000,State - ANDHRA PRADESH (28),Total,50-54,3657386,1862583,1794803,38522,21639,16883,3130407,1768361,1362046,453343,61967,391376,29860,9181,20679,5254,1435,3819,0,0,0
28,000,State - ANDHRA PRADESH (28),Total,55-59,2909598,1350539,1559059,28920,15859,13061,2425035,1266120,1158915,434638,62015,372623,17922,5713,12209,3083,832,2251,0,0,0
28,000,State - ANDHRA PRADESH (28),Total,60-64,3199837,1485764,1714073,38098,18151,19947,2290956,1341879,949077,846941,118315,728626,20387,6507,13880,3455,912,2543,0,0,0
28,000,State - ANDHRA PRADESH (28),Total,65-69,2167854,1034360,1133494,35045,17566,17479,1424017,901319,522698,695807,110666,585141,11015,4197,6818,1970,612,1358,0,0,0
28,000,State - ANDHRA PRADESH (28),Total,70-74,1519358,752743,766615,19285,9973,9312,856675,623361,233314,636006,116149,519857,6101,2799,3302,1291,461,830,0,0,0
28,000,State - ANDHRA PRADESH (28),Total,75-79,636989,307474,329515,7943,4037,3906,339782,242822,96960,286664,59418,227246,2121,1042,1079,479,155,324,0,0,0
28,000,State - ANDHRA PRADESH (28),Total,80+,754203,325987,428216,33052,19057,13995,329029,225605,103424,389205,80183,309022,2255,980,1275,662,162,500,0,0,0
28,000,State - ANDHRA PRADESH (28),Total,Age not stated,771431,387686,383745,391112,234288,156824,338407,145836,192571,38373,6568,31805,2708,744,1964,831,250,581,0,0,0
28,000,State - ANDHRA PRADESH (28),Total,Less than 18,26485403,13671721,12813682,26057104,13562530,12494574,408327,103176,305151,13032,3457,9575,5890,2207,3683,1050,351,699,0,0,0
28,000,State - ANDHRA PRADESH (28),Total,Less than 21,32063845,16447320,15616525,30101687,16126247,13975440,1914070,310690,1603380,27461,5912,21549,16998,3831,13167,3629,640,2989,0,0,0
28,000,State - ANDHRA PRADESH (28),Rural,All ages,56361702,28243241,28118461,23219447,13227392,9992055,29113493,14349770,14763723,3656469,575563,3080906,309496,76986,232510,62797,13530,49267,0,0,0
28,000,State - ANDHRA PRADESH (28),Rural,0-9,9189027,4724698,4464329,9189027,4724698,4464329,0,0,0,0,0,0,0,0,0,0,0,0,0,0,0
28,000,State - ANDHRA PRADESH (28),Rural,10-14,5565402,2859860,2705542,5474951,2829244,2645707,84474,28523,55951,3763,1150,2613,1959,845,1114,255,98,157,0,0,0
28,000,State - ANDHRA PRADESH (28),Rural,15-19,5334069,2799993,2534076,4668758,2714975,1953783,650348,82131,568217,8232,1773,6459,5544,989,4555,1187,125,1062,0,0,0
28,000,State - ANDHRA PRADESH (28),Rural,20-24,5263277,2682670,2580607,2502811,1916689,586122,2702653,757923,1944730,29281,4044,25237,22979,3281,19698,5553,733,4820,0,0,0
28,000,State - ANDHRA PRADESH (28),Rural,25-29,4995581,2453142,2542439,770954,649472,121482,4098669,1786024,2312645,75533,8803,66730,40601,7018,33583,9824,1825,7999,0,0,0
28,000,State - ANDHRA PRADESH (28),Rural,30-34,4233619,2106915,2126704,172345,130565,41780,3884978,1951786,1933192,119268,13060,106208,46718,9349,37369,10310,2155,8155,0,0,0
28,000,State - ANDHRA PRADESH (28),Rural,35-39,4246358,2064444,2181914,66297,41969,24328,3944369,1990592,1953777,177494,18788,158706,48333,10985,37348,9865,2110,7755,0,0,0
28,000,State - ANDHRA PRADESH (28),Rural,40-44,3540901,1819821,1721080,38425,23082,15343,3234378,1757304,1477074,218696,26695,192001,41507,11030,30477,7895,1710,6185,0,0,0
28,000,State - ANDHRA PRADESH (28),Rural,45-49,3067300,1549594,1517706,22688,13097,9591,2754571,1491997,1262574,253757,34233,219524,30867,8998,21869,5417,1269,4148,0,0,0
28,000,State - ANDHRA PRADESH (28),Rural,50-54,2441460,1229218,1212242,20907,12139,8768,2085768,1164257,921511,308322,44818,263504,22651,7017,15634,3812,987,2825,0,0,0
28,000,State - ANDHRA PRADESH (28),Rural,55-59,1975179,878394,1096785,15021,8736,6285,1650501,820427,830074,293919,44230,249689,13536,4419,9117,2202,582,1620,0,0,0
28,000,State - ANDHRA PRADESH (28),Rural,60-64,2342553,1066864,1275689,22195,10997,11198,1670364,959207,711157,631226,90724,540502,16101,5228,10873,2667,708,1959,0,0,0
28,000,State - ANDHRA PRADESH (28),Rural,65-69,1624701,774178,850523,20252,10562,9690,1065221,672818,392403,529000,86865,442135,8711,3452,5259,1517,481,1036,0,0,0
28,000,State - ANDHRA PRADESH (28),Rural,70-74,1148018,573247,574771,11014,6097,4917,642227,472904,169323,488884,91546,397338,4919,2326,2593,974,374,600,0,0,0
28,000,State - ANDHRA PRADESH (28),Rural,75-79,460041,224296,235745,4046,2232,1814,244659,176779,67880,209342,44342,165000,1660,831,829,334,112,222,0,0,0
28,000,State - ANDHRA PRADESH (28),Rural,80+,532778,234293,298485,17291,10177,7114,226628,162921,63707,286738,60334,226404,1633,741,892,488,120,368,0,0,0
28,000,State - ANDHRA PRADESH (28),Rural,Age not stated,401438,201614,199824,202465,122661,79804,173685,74177,99508,23014,4158,18856,1777,477,1300,497,141,356,0,0,0
28,000,State - ANDHRA PRADESH (28),Rural,Less than 18,17834125,9217963,8616162,17566386,9152552,8413834,255245,61741,193504,8052,2187,5865,3853,1329,2524,589,154,435,0,0,0
28,000,State - ANDHRA PRADESH (28),Rural,Less than 21,21577429,11109126,10468303,20191613,10891508,9300105,1352579,211093,1141486,17999,3762,14237,12550,2417,10133,2688,346,2342,0,0,0
28,000,State - ANDHRA PRADESH (28),Urban,All ages,28219075,14198905,14020170,12350159,6924820,5425339,14337807,7049511,7288296,1409846,193271,1216575,97780,25244,72536,23483,6059,17424,0,0,0
28,000,State - ANDHRA PRADESH (28),Urban,0-9,4400170,2271587,2128583,4400170,2271587,2128583,0,0,0,0,0,0,0,0,0,0,0,0,0,0,0
28,000,State - ANDHRA PRADESH (28),Urban,10-14,2636193,1349024,1287169,2571411,1326853,1244558,60753,20792,39961,2582,723,1859,1166,528,638,281,128,153,0,0,0
28,000,State - ANDHRA PRADESH (28),Urban,15-19,2759678,1396314,1363364,2477002,1351454,1125548,275853,43057,232796,4415,1026,3389,1988,660,1328,420,117,303,0,0,0
28,000,State - ANDHRA PRADESH (28),Urban,20-24,2868817,1373027,1495790,1643268,1083802,559466,1204366,285611,918755,12882,2042,10840,6674,1293,5381,1627,279,1348,0,0,0
28,000,State - ANDHRA PRADESH (28),Urban,25-29,2803455,1356745,1446710,681398,523957,157441,2075287,825980,1249307,30807,3677,27130,12619,2480,10139,3344,651,2693,0,0,0
28,000,State - ANDHRA PRADESH (28),Urban,30-34,2350752,1193492,1157260,177925,133303,44622,2105275,1050278,1054997,49002,5720,43282,14528,3261,11267,4022,930,3092,0,0,0
28,000,State - ANDHRA PRADESH (28),Urban,35-39,2260981,1134068,1126913,64813,43364,21449,2099068,1077685,1021383,77260,8014,69246,15841,3901,11940,3999,1104,2895,0,0,0
28,000,State - ANDHRA PRADESH (28),Urban,40-44,1858572,974577,883995,34359,21332,13027,1709216,938307,770909,98592,10456,88136,13343,3624,9719,3062,858,2204,0,0,0
28,000,State - ANDHRA PRADESH (28),Urban,45-49,1589969,825039,764930,21027,12199,8828,1432734,795988,636746,123774,13349,110425,10240,2825,7415,2194,678,1516,0,0,0
28,000,State - ANDHRA PRADESH (28),Urban,50-54,1215926,633365,582561,17615,9500,8115,1044639,604104,440535,145021,17149,127872,7209,2164,5045,1442,448,994,0,0,0
28,000,State - ANDHRA PRADESH (28),Urban,55-59,934419,472145,462274,13899,7123,6776,774534,445693,328841,140719,17785,122934,4386,1294,3092,881,250,631,0,0,0
28,000,State - ANDHRA PRADESH (28),Urban,60-64,857284,418900,438384,15903,7154,8749,620592,382672,237920,215715,27591,188124,4286,1279,3007,788,204,584,0,0,0
28,000,State - ANDHRA PRADESH (28),Urban,65-69,543153,260182,282971,14793,7004,7789,358796,228501,130295,166807,23801,143006,2304,745,1559,453,131,322,0,0,0
28,000,State - ANDHRA PRADESH (28),Urban,70-74,371340,179496,191844,8271,3876,4395,214448,150457,63991,147122,24603,122519,1182,473,709,317,87,230,0,0,0
28,000,State - ANDHRA PRADESH (28),Urban,75-79,176948,83178,93770,3897,1805,2092,95123,66043,29080,77322,15076,62246,461,211,250,145,43,102,0,0,0
28,000,State - ANDHRA PRADESH (28),Urban,80+,221425,91694,129731,15761,8880,6881,102401,62684,39717,102467,19849,82618,622,239,383,174,42,132,0,0,0
28,000,State - ANDHRA PRADESH (28),Urban,Age not stated,369993,186072,183921,188647,111627,77020,164722,71659,93063,15359,2410,12949,931,267,664,334,109,225,0,0,0
28,000,State - ANDHRA PRADESH (28),Urban,Less than 18,8651278,4453758,4197520,8490718,4409978,4080740,153082,41435,111647,4980,1270,3710,2037,878,1159,461,197,264,0,0,0
28,000,State - ANDHRA PRADESH (28),Urban,Less than 21,10486416,5338194,5148222,9910074,5234739,4675335,561491,99597,461894,9462,2150,7312,4448,1414,3034,941,294,647,0,0,0
28,532,District - Adilabad (01),Total,All ages,2741239,1369597,1371642,1237521,691411,546110,1334454,652005,682449,149951,21923,128028,13095,3065,10030,6218,1193,5025,0,0,0
28,532,District - Adilabad (01),Total,0-9,465274,239840,225434,465274,239840,225434,0,0,0,0,0,0,0,0,0,0,0,0,0,0,0
28,532,District - Adilabad (01),Total,10-14,291813,148800,143013,285769,146639,139130,5652,2024,3628,236,65,171,136,61,75,20,11,9,0,0,0
28,532,District - Adilabad (01),Total,15-19,280583,142884,137699,250135,137755,112380,29505,4920,24585,517,129,388,310,63,247,116,17,99,0,0,0
28,532,District - Adilabad (01),Total,20-24,260882,131538,129344,131824,94655,37169,125914,36405,89509,1478,229,1249,1092,180,912,574,69,505,0,0,0
28,532,District - Adilabad (01),Total,25-29,237826,117622,120204,39416,31984,7432,192493,84686,107807,3293,464,2829,1685,323,1362,939,165,774,0,0,0
28,532,District - Adilabad (01),Total,30-34,205149,101640,103509,8397,6122,2275,188279,94297,93982,5484,657,4827,1999,404,1595,990,160,830,0,0,0
28,532,District - Adilabad (01),Total,35-39,195268,95843,99425,3241,1987,1254,181109,92424,88685,7989,844,7145,1965,407,1558,964,181,783,0,0,0
28,532,District - Adilabad (01),Total,40-44,164943,83096,81847,1812,1069,743,150262,80274,69988,10353,1176,9177,1741,438,1303,775,139,636,0,0,0
28,532,District - Adilabad (01),Total,45-49,139191,70290,68901,1074,587,487,124874,67880,56994,11482,1399,10083,1240,315,925,521,109,412,0,0,0
28,532,District - Adilabad (01),Total,50-54,106868,54829,52039,1097,621,476,91158,52113,39045,13351,1770,11581,879,238,641,383,87,296,0,0,0
28,532,District - Adilabad (01),Total,55-59,83269,38043,45226,863,451,412,69123,35606,33517,12581,1794,10787,488,138,350,214,54,160,0,0,0
28,532,District - Adilabad (01),Total,60-64,91285,41573,49712,1393,639,754,64822,37412,27410,24207,3292,20915,626,166,460,237,64,173,0,0,0
28,532,District - Adilabad (01),Total,65-69,60783,27572,33211,1490,702,788,39059,23652,15407,19771,3065,16706,299,106,193,164,47,117,0,0,0
28,532,District - Adilabad (01),Total,70-74,41190,19056,22134,773,375,398,22889,15617,7272,17218,2947,14271,207,84,123,103,33,70,0,0,0
28,532,District - Adilabad (01),Total,75-79,17166,7497,9669,265,115,150,9001,5877,3124,7792,1462,6330,76,33,43,32,10,22,0,0,0
28,532,District - Adilabad (01),Total,80+,21961,8897,13064,1293,722,571,9858,6179,3679,10667,1953,8714,80,28,52,63,15,48,0,0,0
28,532,District - Adilabad (01),Total,Age not stated,77788,40577,37211,43405,27148,16257,30456,12639,17817,3532,677,2855,272,81,191,123,32,91,0,0,0
28,532,District - Adilabad (01),Total,Less than 18,923528,473726,449802,907883,469268,438615,14830,4207,10623,524,142,382,246,91,155,45,18,27,0,0,0
28,532,District - Adilabad (01),Total,Less than 21,1108940,566072,542868,1045157,553937,491220,61811,11723,50088,1053,229,824,676,148,528,243,35,208,0,0,0
28,532,District - Adilabad (01),Rural,All ages,1980980,985303,995677,884964,492340,392624,967251,472144,495107,112759,17298,95461,10695,2527,8168,5311,994,4317,0,0,0
28,532,District - Adilabad (01),Rural,0-9,351726,180779,170947,351726,180779,170947,0,0,0,0,0,0,0,0,0,0,0,0,0,0,0
28,532,District - Adilabad (01),Rural,10-14,215497,109890,105607,211093,108324,102769,4119,1467,2652,170,43,127,101,49,52,14,7,7,0,0,0
28,532,District - Adilabad (01),Rural,15-19,199504,102149,97355,176210,98257,77953,22551,3739,18812,386,94,292,255,49,206,102,10,92,0,0,0
28,532,District - Adilabad (01),Rural,20-24,179532,90479,89053,82032,61308,20724,95010,28802,66208,1111,172,939,887,140,747,492,57,435,0,0,0
28,532,District - Adilabad (01),Rural,25-29,167652,81999,85653,21262,17450,3812,141833,63771,78062,2417,363,2054,1344,271,1073,796,144,652,0,0,0
28,532,District - Adilabad (01),Rural,30-34,147261,72603,74658,4671,3272,1399,136076,68372,67704,4078,510,3568,1608,325,1283,828,124,704,0,0,0
28,532,District - Adilabad (01),Rural,35-39,139414,68801,70613,2045,1219,826,129142,66450,62692,5801,656,5145,1595,329,1266,831,147,684,0,0,0
28,532,District - Adilabad (01),Rural,40-44,115603,58424,57179,1182,661,521,104873,56394,48479,7415,882,6533,1449,362,1087,684,125,559,0,0,0
28,532,District - Adilabad (01),Rural,45-49,95833,48101,47732,704,373,331,85581,46293,39288,8095,1088,7007,1013,260,753,440,87,353,0,0,0
28,532,District - Adilabad (01),Rural,50-54,74879,37474,37405,736,423,313,63458,35388,28070,9615,1390,8225,737,197,540,333,76,257,0,0,0
28,532,District - Adilabad (01),Rural,55-59,60377,26049,34328,545,277,268,50094,24211,25883,9139,1400,7739,416,117,299,183,44,139,0,0,0
28,532,District - Adilabad (01),Rural,60-64,71348,32205,39143,968,436,532,50731,28851,21880,18915,2724,16191,529,141,388,205,53,152,0,0,0
28,532,District - Adilabad (01),Rural,65-69,47872,21615,26257,1036,499,537,30841,18509,12332,15596,2469,13127,256,96,160,143,42,101,0,0,0
28,532,District - Adilabad (01),Rural,70-74,32261,14964,17297,539,270,269,17964,12227,5737,13493,2366,11127,176,71,105,89,30,59,0,0,0
28,532,District - Adilabad (01),Rural,75-79,13242,5751,7491,178,83,95,6975,4506,2469,5995,1126,4869,67,29,38,27,7,20,0,0,0
28,532,District - Adilabad (01),Rural,80+,16560,6722,9838,863,468,395,7477,4708,2769,8114,1513,6601,56,20,36,50,13,37,0,0,0
28,532,District - Adilabad (01),Rural,Age not stated,52419,27298,25121,29174,18241,10933,20526,8456,12070,2419,502,1917,206,71,135,94,28,66,0,0,0
28,532,District - Adilabad (01),Rural,Less than 18,686531,352105,334426,675017,348849,326168,10914,3077,7837,381,98,283,184,71,113,35,10,25,0,0,0
28,532,District - Adilabad (01),Rural,Less than 21,817998,417694,400304,768943,408363,360580,47507,9028,38479,788,165,623,549,115,434,211,23,188,0,0,0
28,532,District - Adilabad (01),Urban,All ages,760259,384294,375965,352557,199071,153486,367203,179861,187342,37192,4625,32567,2400,538,1862,907,199,708,0,0,0
28,532,District - Adilabad (01),Urban,0-9,113548,59061,54487,113548,59061,54487,0,0,0,0,0,0,0,0,0,0,0,0,0,0,0
28,532,District - Adilabad (01),Urban,10-14,76316,38910,37406,74676,38315,36361,1533,557,976,66,22,44,35,12,23,6,4,2,0,0,0
28,532,District - Adilabad (01),Urban,15-19,81079,40735,40344,73925,39498,34427,6954,1181,5773,131,35,96,55,14,41,14,7,7,0,0,0
28,532,District - Adilabad (01),Urban,20-24,81350,41059,40291,49792,33347,16445,30904,7603,23301,367,57,310,205,40,165,82,12,70,0,0,0
28,532,District - Adilabad (01),Urban,25-29,70174,35623,34551,18154,14534,3620,50660,20915,29745,876,101,775,341,52,289,143,21,122,0,0,0
28,532,District - Adilabad (01),Urban,30-34,57888,29037,28851,3726,2850,876,52203,25925,26278,1406,147,1259,391,79,312,162,36,126,0,0,0
28,532,District - Adilabad (01),Urban,35-39,55854,27042,28812,1196,768,428,51967,25974,25993,2188,188,2000,370,78,292,133,34,99,0,0,0
28,532,District - Adilabad (01),Urban,40-44,49340,24672,24668,630,408,222,45389,23880,21509,2938,294,2644,292,76,216,91,14,77,0,0,0
28,532,District - Adilabad (01),Urban,45-49,43358,22189,21169,370,214,156,39293,21587,17706,3387,311,3076,227,55,172,81,22,59,0,0,0
28,532,District - Adilabad (01),Urban,50-54,31989,17355,14634,361,198,163,27700,16725,10975,3736,380,3356,142,41,101,50,11,39,0,0,0
28,532,District - Adilabad (01),Urban,55-59,22892,11994,10898,318,174,144,19029,11395,7634,3442,394,3048,72,21,51,31,10,21,0,0,0
28,532,District - Adilabad (01),Urban,60-64,19937,9368,10569,425,203,222,14091,8561,5530,5292,568,4724,97,25,72,32,11,21,0,0,0
28,532,District - Adilabad (01),Urban,65-69,12911,5957,6954,454,203,251,8218,5143,3075,4175,596,3579,43,10,33,21,5,16,0,0,0
28,532,District - Adilabad (01),Urban,70-74,8929,4092,4837,234,105,129,4925,3390,1535,3725,581,3144,31,13,18,14,3,11,0,0,0
28,532,District - Adilabad (01),Urban,75-79,3924,1746,2178,87,32,55,2026,1371,655,1797,336,1461,9,4,5,5,3,2,0,0,0
28,532,District - Adilabad (01),Urban,80+,5401,2175,3226,430,254,176,2381,1471,910,2553,440,2113,24,8,16,13,2,11,0,0,0
28,532,District - Adilabad (01),Urban,Age not stated,25369,13279,12090,14231,8907,5324,9930,4183,5747,1113,175,938,66,10,56,29,4,25,0,0,0
28,532,District - Adilabad (01),Urban,Less than 18,236997,121621,115376,232866,120419,112447,3916,1130,2786,143,44,99,62,20,42,10,8,2,0,0,0
28,532,District - Adilabad (01),Urban,Less than 21,290942,148378,142564,276214,145574,130640,14304,2695,11609,265,64,201,127,33,94,32,12,20,0,0,0
28,533,District - Nizamabad (02),Total,All ages,2551335,1250641,1300694,1093172,607002,486170,1270888,618340,652548,164322,21098,143224,16482,3180,13302,6471,1021,5450,0,0,0
28,533,District - Nizamabad (02),Total,0-9,423075,216150,206925,423075,216150,206925,0,0,0,0,0,0,0,0,0,0,0,0,0,0,0
28,533,District - Nizamabad (02),Total,10-14,264999,135099,129900,259287,133050,126237,5264,1860,3404,314,127,187,112,52,60,22,10,12,0,0,0
28,533,District - Nizamabad (02),Total,15-19,246388,125141,121247,218186,120170,98016,27353,4804,22549,488,96,392,257,62,195,104,9,95,0,0,0
28,533,District - Nizamabad (02),Total,20-24,238689,116429,122260,117703,84178,33525,117851,31826,86025,1423,203,1220,1178,159,1019,534,63,471,0,0,0
28,533,District - Nizamabad (02),Total,25-29,226622,109245,117377,37097,30383,6714,183375,77971,105404,3335,445,2890,1882,306,1576,933,140,793,0,0,0
28,533,District - Nizamabad (02),Total,30-34,194416,94357,100059,7793,5675,2118,177879,87587,90292,5426,553,4873,2322,376,1946,996,166,830,0,0,0
28,533,District - Nizamabad (02),Total,35-39,192968,94291,98677,3009,1803,1206,178250,91096,87154,8065,749,7316,2593,481,2112,1051,162,889,0,0,0
28,533,District - Nizamabad (02),Total,40-44,157554,80339,77215,1666,965,701,142491,77754,64737,10244,1120,9124,2307,380,1927,846,120,726,0,0,0
28,533,District - Nizamabad (02),Total,45-49,131463,65879,65584,860,472,388,116271,63577,52694,11911,1356,10555,1807,384,1423,614,90,524,0,0,0
28,533,District - Nizamabad (02),Total,50-54,103161,49899,53262,899,509,390,86160,47361,38799,14352,1710,12642,1321,256,1065,429,63,366,0,0,0
28,533,District - Nizamabad (02),Total,55-59,83669,36156,47513,698,368,330,67815,33798,34017,14112,1767,12345,768,174,594,276,49,227,0,0,0
28,533,District - Nizamabad (02),Total,60-64,98405,43530,54875,1058,438,620,67739,39320,28419,28428,3473,24955,887,243,644,293,56,237,0,0,0
28,533,District - Nizamabad (02),Total,65-69,63522,28332,35190,1026,462,564,40295,24881,15414,21652,2852,18800,410,110,300,139,27,112,0,0,0
28,533,District - Nizamabad (02),Total,70-74,45906,20440,25466,577,253,324,24379,17154,7225,20630,2928,17702,239,75,164,81,30,51,0,0,0
28,533,District - Nizamabad (02),Total,75-79,18744,7934,10810,231,111,120,9326,6319,3007,9074,1460,7614,85,36,49,28,8,20,0,0,0
28,533,District - Nizamabad (02),Total,80+,24166,8879,15287,1188,638,550,10091,6257,3834,12756,1944,10812,95,34,61,36,6,30,0,0,0
28,533,District - Nizamabad (02),Total,Age not stated,37588,18541,19047,18819,11377,7442,16349,6775,9574,2112,315,1797,219,52,167,89,22,67,0,0,0
28,533,District - Nizamabad (02),Total,Less than 18,833550,426251,407299,819000,421809,397191,13697,4154,9543,590,184,406,213,91,122,50,13,37,0,0,0
28,533,District - Nizamabad (02),Total,Less than 21,1000048,507434,492614,940018,495878,444140,58006,11106,46900,1121,276,845,651,139,512,252,35,217,0,0,0
28,533,District - Nizamabad (02),Rural,All ages,1962963,958837,1004126,816766,455684,361082,991285,481794,509491,134582,17712,116870,14608,2764,11844,5722,883,4839,0,0,0
28,533,District - Nizamabad (02),Rural,0-9,322554,165080,157474,322554,165080,157474,0,0,0,0,0,0,0,0,0,0,0,0,0,0,0
28,533,District - Nizamabad (02),Rural,10-14,203831,104157,99674,199412,102584,96828,4056,1415,2641,256,108,148,89,42,47,18,8,10,0,0,0
28,533,District - Nizamabad (02),Rural,15-19,187224,95982,91242,164163,91940,72223,22343,3901,18442,404,81,323,225,52,173,89,8,81,0,0,0
28,533,District - Nizamabad (02),Rural,20-24,178806,87810,90996,81529,60930,20599,94600,26528,68072,1168,171,997,1030,129,901,479,52,427,0,0,0
28,533,District - Nizamabad (02),Rural,25-29,171192,82306,88886,22708,19194,3514,143339,62391,80948,2677,347,2330,1646,256,1390,822,118,704,0,0,0
28,533,District - Nizamabad (02),Rural,30-34,147700,71166,76534,4651,3313,1338,135726,66926,68800,4402,457,3945,2052,323,1729,869,147,722,0,0,0
28,533,District - Nizamabad (02),Rural,35-39,148374,71950,76424,1940,1098,842,136631,69681,66950,6580,623,5957,2309,414,1895,914,134,780,0,0,0
28,533,District - Nizamabad (02),Rural,40-44,120701,60576,60125,1060,607,453,108488,58634,49854,8317,906,7411,2076,328,1748,760,101,659,0,0,0
28,533,District - Nizamabad (02),Rural,45-49,101983,50399,51584,591,315,276,89749,48553,41196,9479,1112,8367,1608,338,1270,556,81,475,0,0,0
28,533,District - Nizamabad (02),Rural,50-54,80494,38608,41886,610,343,267,66801,36574,30227,11513,1405,10108,1187,229,958,383,57,326,0,0,0
28,533,District - Nizamabad (02),Rural,55-59,65741,27597,38144,489,270,219,53152,25696,27456,11171,1428,9743,682,159,523,247,44,203,0,0,0
28,533,District - Nizamabad (02),Rural,60-64,80647,35283,45364,791,338,453,55146,31691,23455,23662,2984,20678,782,217,565,266,53,213,0,0,0
28,533,District - Nizamabad (02),Rural,65-69,52026,23112,28914,730,334,396,32892,20185,12707,17935,2469,15466,351,101,250,118,23,95,0,0,0
28,533,District - Nizamabad (02),Rural,70-74,38163,16966,21197,415,192,223,20115,14159,5956,17350,2518,14832,210,69,141,73,28,45,0,0,0
28,533,District - Nizamabad (02),Rural,75-79,15199,6435,8764,154,75,79,7518,5099,2419,7429,1225,6204,75,29,46,23,7,16,0,0,0
28,533,District - Nizamabad (02),Rural,80+,19806,7305,12501,860,465,395,8280,5187,3093,10546,1615,8931,85,33,52,35,5,30,0,0,0
28,533,District - Nizamabad (02),Rural,Age not stated,28522,14105,14417,14109,8606,5503,12449,5174,7275,1693,263,1430,201,45,156,70,17,53,0,0,0
28,533,District - Nizamabad (02),Rural,Less than 18,636773,326662,310111,625331,323187,302144,10742,3233,7509,487,158,329,174,73,101,39,11,28,0,0,0
28,533,District - Nizamabad (02),Rural,Less than 21,764460,389412,375048,715182,379955,335227,47553,9076,38477,931,233,698,568,117,451,226,31,195,0,0,0
28,533,District - Nizamabad (02),Urban,All ages,588372,291804,296568,276406,151318,125088,279603,136546,143057,29740,3386,26354,1874,416,1458,749,138,611,0,0,0
28,533,District - Nizamabad (02),Urban,0-9,100521,51070,49451,100521,51070,49451,0,0,0,0,0,0,0,0,0,0,0,0,0,0,0
28,533,District - Nizamabad (02),Urban,10-14,61168,30942,30226,59875,30466,29409,1208,445,763,58,19,39,23,10,13,4,2,2,0,0,0
28,533,District - Nizamabad (02),Urban,15-19,59164,29159,30005,54023,28230,25793,5010,903,4107,84,15,69,32,10,22,15,1,14,0,0,0
28,533,District - Nizamabad (02),Urban,20-24,59883,28619,31264,36174,23248,12926,23251,5298,17953,255,32,223,148,30,118,55,11,44,0,0,0
28,533,District - Nizamabad (02),Urban,25-29,55430,26939,28491,14389,11189,3200,40036,15580,24456,658,98,560,236,50,186,111,22,89,0,0,0
28,533,District - Nizamabad (02),Urban,30-34,46716,23191,23525,3142,2362,780,42153,20661,21492,1024,96,928,270,53,217,127,19,108,0,0,0
28,533,District - Nizamabad (02),Urban,35-39,44594,22341,22253,1069,705,364,41619,21415,20204,1485,126,1359,284,67,217,137,28,109,0,0,0
28,533,District - Nizamabad (02),Urban,40-44,36853,19763,17090,606,358,248,34003,19120,14883,1927,214,1713,231,52,179,86,19,67,0,0,0
28,533,District - Nizamabad (02),Urban,45-49,29480,15480,14000,269,157,112,26522,15024,11498,2432,244,2188,199,46,153,58,9,49,0,0,0
28,533,District - Nizamabad (02),Urban,50-54,22667,11291,11376,289,166,123,19359,10787,8572,2839,305,2534,134,27,107,46,6,40,0,0,0
28,533,District - Nizamabad (02),Urban,55-59,17928,8559,9369,209,98,111,14663,8102,6561,2941,339,2602,86,15,71,29,5,24,0,0,0
28,533,District - Nizamabad (02),Urban,60-64,17758,8247,9511,267,100,167,12593,7629,4964,4766,489,4277,105,26,79,27,3,24,0,0,0
28,533,District - Nizamabad (02),Urban,65-69,11496,5220,6276,296,128,168,7403,4696,2707,3717,383,3334,59,9,50,21,4,17,0,0,0
28,533,District - Nizamabad (02),Urban,70-74,7743,3474,4269,162,61,101,4264,2995,1269,3280,410,2870,29,6,23,8,2,6,0,0,0
28,533,District - Nizamabad (02),Urban,75-79,3545,1499,2046,77,36,41,1808,1220,588,1645,235,1410,10,7,3,5,1,4,0,0,0
28,533,District - Nizamabad (02),Urban,80+,4360,1574,2786,328,173,155,1811,1070,741,2210,329,1881,10,1,9,1,1,0,0,0,0
28,533,District - Nizamabad (02),Urban,Age not stated,9066,4436,4630,4710,2771,1939,3900,1601,2299,419,52,367,18,7,11,19,5,14,0,0,0
28,533,District - Nizamabad (02),Urban,Less than 18,196777,99589,97188,193669,98622,95047,2955,921,2034,103,26,77,39,18,21,11,2,9,0,0,0
28,533,District - Nizamabad (02),Urban,Less than 21,235588,118022,117566,224836,115923,108913,10453,2030,8423,190,43,147,83,22,61,26,4,22,0,0,0
28,534,District - Karimnagar (03),Total,All ages,3776269,1880800,1895469,1544941,868690,676251,1974296,968824,1005472,233371,37721,195650,15739,3886,11853,7922,1679,6243,0,0,0
28,534,District - Karimnagar (03),Total,0-9,513912,265006,248906,513912,265006,248906,0,0,0,0,0,0,0,0,0,0,0,0,0,0,0
28,534,District - Karimnagar (03),Total,10-14,371045,189598,181447,364677,187289,177388,5991,2178,3813,275,87,188,89,39,50,13,5,8,0,0,0
28,534,District - Karimnagar (03),Total,15-19,367249,185934,181315,335850,180999,154851,30510,4733,25777,545,145,400,249,49,200,95,8,87,0,0,0
28,534,District - Karimnagar (03),Total,20-24,358220,180718,177502,200139,141109,59030,154838,39052,115786,1650,341,1309,1022,156,866,571,60,511,0,0,0
28,534,District - Karimnagar (03),Total,25-29,329808,162750,167058,63993,52984,11009,258610,108638,149972,4260,566,3694,1837,348,1489,1108,214,894,0,0,0
28,534,District - Karimnagar (03),Total,30-34,282262,138442,143820,12581,9368,3213,258937,127448,131489,7338,918,6420,2186,467,1719,1220,241,979,0,0,0
28,534,District - Karimnagar (03),Total,35-39,290961,139846,151115,4809,2885,1924,271492,134967,136525,11181,1248,9933,2280,500,1780,1199,246,953,0,0,0
28,534,District - Karimnagar (03),Total,40-44,246670,125902,120768,3020,1791,1229,226674,121717,104957,13839,1678,12161,2095,517,1578,1042,199,843,0,0,0
28,534,District - Karimnagar (03),Total,45-49,211842,107480,104362,1765,1038,727,192163,103937,88226,15477,1936,13541,1621,404,1217,816,165,651,0,0,0
28,534,District - Karimnagar (03),Total,50-54,165896,84688,81208,1809,1003,806,143746,80472,63274,18490,2717,15773,1271,349,922,580,147,433,0,0,0
28,534,District - Karimnagar (03),Total,55-59,133976,61311,72665,1235,703,532,114088,57691,56397,17538,2619,14919,806,216,590,309,82,227,0,0,0
28,534,District - Karimnagar (03),Total,60-64,156440,70566,85874,1882,861,1021,115415,63943,51472,37756,5354,32402,978,303,675,409,105,304,0,0,0
28,534,District - Karimnagar (03),Total,65-69,106880,50164,56716,1856,953,903,74308,43952,30356,30032,5003,25029,481,186,295,203,70,133,0,0,0
28,534,District - Karimnagar (03),Total,70-74,84138,42596,41542,1033,561,472,50194,35489,14705,32429,6295,26134,341,177,164,141,74,67,0,0,0
28,534,District - Karimnagar (03),Total,75-79,36530,17785,18745,389,215,174,20767,14283,6484,15226,3214,12012,100,52,48,48,21,27,0,0,0
28,534,District - Karimnagar (03),Total,80+,44634,20005,24629,1548,914,634,20105,14266,5839,22804,4754,18050,121,56,65,56,15,41,0,0,0
28,534,District - Karimnagar (03),Total,Age not stated,75806,38009,37797,34443,21011,13432,36458,16058,20400,4531,846,3685,262,67,195,112,27,85,0,0,0
28,534,District - Karimnagar (03),Total,Less than 18,1099516,563840,535676,1084096,559255,524841,14636,4334,10302,570,174,396,175,68,107,39,9,30,0,0,0
28,534,District - Karimnagar (03),Total,Less than 21,1347519,687278,660241,1278844,675448,603396,66774,11392,55382,1160,304,856,523,113,410,218,21,197,0,0,0
28,534,District - Karimnagar (03),Rural,All ages,2825044,1401950,1423094,1130144,636525,493619,1487571,728894,758677,187310,31777,155533,13186,3297,9889,6833,1457,5376,0,0,0
28,534,District - Karimnagar (03),Rural,0-9,376810,194226,182584,376810,194226,182584,0,0,0,0,0,0,0,0,0,0,0,0,0,0,0
28,534,District - Karimnagar (03),Rural,10-14,281523,143832,137691,276844,142117,134727,4388,1611,2777,212,69,143,71,31,40,8,4,4,0,0,0
28,534,District - Karimnagar (03),Rural,15-19,273629,139024,134605,248789,135206,113583,24137,3664,20473,418,111,307,200,38,162,85,5,80,0,0,0
28,534,District - Karimnagar (03),Rural,20-24,257960,131693,126267,136865,99864,37001,118479,31393,87086,1299,267,1032,835,121,714,482,48,434,0,0,0
28,534,District - Karimnagar (03),Rural,25-29,235057,115935,119122,39820,33625,6195,189549,81402,108147,3303,450,2853,1473,275,1198,912,183,729,0,0,0
28,534,District - Karimnagar (03),Rural,30-34,205149,99577,105572,8156,5948,2208,188437,92280,96157,5728,759,4969,1806,381,1425,1022,209,813,0,0,0
28,534,District - Karimnagar (03),Rural,35-39,213989,102072,111917,3409,1988,1421,199055,98459,100596,8613,1008,7605,1863,405,1458,1049,212,837,0,0,0
28,534,District - Karimnagar (03),Rural,40-44,182696,92844,89852,2235,1297,938,167017,89547,77470,10748,1385,9363,1791,449,1342,905,166,739,0,0,0
28,534,District - Karimnagar (03),Rural,45-49,154713,78129,76584,1294,747,547,139658,75326,64332,11702,1573,10129,1346,344,1002,713,139,574,0,0,0
28,534,District - Karimnagar (03),Rural,50-54,123731,62224,61507,1416,803,613,106464,58737,47727,14243,2250,11993,1092,304,788,516,130,386,0,0,0
28,534,District - Karimnagar (03),Rural,55-59,101276,44298,56978,961,558,403,86116,41360,44756,13241,2117,11124,691,191,500,267,72,195,0,0,0
28,534,District - Karimnagar (03),Rural,60-64,127224,56139,71085,1465,690,775,93783,50571,43212,30744,4514,26230,865,267,598,367,97,270,0,0,0
28,534,District - Karimnagar (03),Rural,65-69,89235,41555,47680,1366,709,657,62331,36313,26018,24931,4300,20631,424,169,255,183,64,119,0,0,0
28,534,District - Karimnagar (03),Rural,70-74,71203,36446,34757,778,441,337,42932,30327,12605,27053,5440,21613,309,169,140,131,69,62,0,0,0
28,534,District - Karimnagar (03),Rural,75-79,30484,15135,15349,295,178,117,17643,12177,5466,12417,2714,9703,86,45,41,43,21,22,0,0,0
28,534,District - Karimnagar (03),Rural,80+,36847,16947,19900,1123,663,460,16864,12176,4688,18703,4045,14658,105,48,57,52,15,37,0,0,0
28,534,District - Karimnagar (03),Rural,Age not stated,63518,31874,31644,28518,17465,11053,30718,13551,17167,3955,775,3180,229,60,169,98,23,75,0,0,0
28,534,District - Karimnagar (03),Rural,Less than 18,818959,420069,398890,807235,416590,390645,11117,3287,7830,441,135,306,135,51,84,31,6,25,0,0,0
28,534,District - Karimnagar (03),Rural,Less than 21,1002970,512229,490741,948815,502999,445816,52643,8889,43754,898,239,659,423,86,337,191,16,175,0,0,0
28,534,District - Karimnagar (03),Urban,All ages,951225,478850,472375,414797,232165,182632,486725,239930,246795,46061,5944,40117,2553,589,1964,1089,222,867,0,0,0
28,534,District - Karimnagar (03),Urban,0-9,137102,70780,66322,137102,70780,66322,0,0,0,0,0,0,0,0,0,0,0,0,0,0,0
28,534,District - Karimnagar (03),Urban,10-14,89522,45766,43756,87833,45172,42661,1603,567,1036,63,18,45,18,8,10,5,1,4,0,0,0
28,534,District - Karimnagar (03),Urban,15-19,93620,46910,46710,87061,45793,41268,6373,1069,5304,127,34,93,49,11,38,10,3,7,0,0,0
28,534,District - Karimnagar (03),Urban,20-24,100260,49025,51235,63274,41245,22029,36359,7659,28700,351,74,277,187,35,152,89,12,77,0,0,0
28,534,District - Karimnagar (03),Urban,25-29,94751,46815,47936,24173,19359,4814,69061,27236,41825,957,116,841,364,73,291,196,31,165,0,0,0
28,534,District - Karimnagar (03),Urban,30-34,77113,38865,38248,4425,3420,1005,70500,35168,35332,1610,159,1451,380,86,294,198,32,166,0,0,0
28,534,District - Karimnagar (03),Urban,35-39,76972,37774,39198,1400,897,503,72437,36508,35929,2568,240,2328,417,95,322,150,34,116,0,0,0
28,534,District - Karimnagar (03),Urban,40-44,63974,33058,30916,785,494,291,59657,32170,27487,3091,293,2798,304,68,236,137,33,104,0,0,0
28,534,District - Karimnagar (03),Urban,45-49,57129,29351,27778,471,291,180,52505,28611,23894,3775,363,3412,275,60,215,103,26,77,0,0,0
28,534,District - Karimnagar (03),Urban,50-54,42165,22464,19701,393,200,193,37282,21735,15547,4247,467,3780,179,45,134,64,17,47,0,0,0
28,534,District - Karimnagar (03),Urban,55-59,32700,17013,15687,274,145,129,27972,16331,11641,4297,502,3795,115,25,90,42,10,32,0,0,0
28,534,District - Karimnagar (03),Urban,60-64,29216,14427,14789,417,171,246,21632,13372,8260,7012,840,6172,113,36,77,42,8,34,0,0,0
28,534,District - Karimnagar (03),Urban,65-69,17645,8609,9036,490,244,246,11977,7639,4338,5101,703,4398,57,17,40,20,6,14,0,0,0
28,534,District - Karimnagar (03),Urban,70-74,12935,6150,6785,255,120,135,7262,5162,2100,5376,855,4521,32,8,24,10,5,5,0,0,0
28,534,District - Karimnagar (03),Urban,75-79,6046,2650,3396,94,37,57,3124,2106,1018,2809,500,2309,14,7,7,5,0,5,0,0,0
28,534,District - Karimnagar (03),Urban,80+,7787,3058,4729,425,251,174,3241,2090,1151,4101,709,3392,16,8,8,4,0,4,0,0,0
28,534,District - Karimnagar (03),Urban,Age not stated,12288,6135,6153,5925,3546,2379,5740,2507,3233,576,71,505,33,7,26,14,4,10,0,0,0
28,534,District - Karimnagar (03),Urban,Less than 18,280557,143771,136786,276861,142665,134196,3519,1047,2472,129,39,90,40,17,23,8,3,5,0,0,0
28,534,District - Karimnagar (03),Urban,Less than 21,344549,175049,169500,330029,172449,157580,14131,2503,11628,262,65,197,100,27,73,27,5,22,0,0,0
28,535,District - Medak (04),Total,All ages,3033288,1523030,1510258,1331264,753729,577535,1513151,744307,768844,173305,22000,151305,12648,2442,10206,2920,552,2368,0,0,0
28,535,District - Medak (04),Total,0-9,539685,276147,263538,539685,276147,263538,0,0,0,0,0,0,0,0,0,0,0,0,0,0,0
28,535,District - Medak (04),Total,10-14,321072,164203,156869,316643,162816,153827,4164,1297,2867,153,38,115,96,44,52,16,8,8,0,0,0
28,535,District - Medak (04),Total,15-19,299463,155707,143756,264448,151534,112914,34225,4052,30173,392,72,320,308,46,262,90,3,87,0,0,0
28,535,District - Medak (04),Total,20-24,292001,147147,144854,142012,108321,33691,146918,38500,108418,1633,156,1477,1077,131,946,361,39,322,0,0,0
28,535,District - Medak (04),Total,25-29,283548,139815,143733,46171,39593,6578,230906,99556,131350,4150,323,3827,1791,272,1519,530,71,459,0,0,0
28,535,District - Medak (04),Total,30-34,229396,115670,113726,8717,7007,1710,212027,107756,104271,6199,474,5725,1967,327,1640,486,106,380,0,0,0
28,535,District - Medak (04),Total,35-39,225886,112184,113702,2617,1787,830,211631,109276,102355,9209,693,8516,1989,350,1639,440,78,362,0,0,0
28,535,District - Medak (04),Total,40-44,175967,92873,83094,1332,863,469,162341,90723,71618,10304,918,9386,1649,296,1353,341,73,268,0,0,0
28,535,District - Medak (04),Total,45-49,148489,76244,72245,714,464,250,134742,74283,60459,11688,1216,10472,1147,234,913,198,47,151,0,0,0
28,535,District - Medak (04),Total,50-54,115440,57268,58172,709,417,292,99935,55061,44874,13812,1567,12245,840,191,649,144,32,112,0,0,0
28,535,District - Medak (04),Total,55-59,94988,41716,53272,525,296,229,80413,39651,40762,13451,1626,11825,512,122,390,87,21,66,0,0,0
28,535,District - Medak (04),Total,60-64,114728,52730,61998,848,399,449,83551,48652,34899,29614,3487,26127,601,155,446,114,37,77,0,0,0
28,535,District - Medak (04),Total,65-69,76197,35876,40321,837,412,425,51157,32043,19114,23832,3271,20561,322,130,192,49,20,29,0,0,0
28,535,District - Medak (04),Total,70-74,55849,27710,28139,433,205,228,32483,23848,8635,22729,3574,19155,177,74,103,27,9,18,0,0,0
28,535,District - Medak (04),Total,75-79,23290,11007,12283,169,88,81,12693,9080,3613,10359,1807,8552,63,31,32,6,1,5,0,0,0
28,535,District - Medak (04),Total,80+,28876,12218,16658,808,456,352,12521,9005,3516,15439,2718,12721,84,32,52,24,7,17,0,0,0
28,535,District - Medak (04),Total,Age not stated,8413,4515,3898,4596,2924,1672,3444,1524,1920,341,60,281,25,7,18,7,0,7,0,0,0
28,535,District - Medak (04),Total,Less than 18,1035400,531466,503934,1021504,528419,493085,13302,2900,10402,341,73,268,205,63,142,48,11,37,0,0,0
28,535,District - Medak (04),Total,Less than 21,1241879,635575,606304,1168528,624904,543624,71606,10402,61204,885,143,742,658,110,548,202,16,186,0,0,0
28,535,District - Medak (04),Rural,All ages,2305417,1152806,1152611,998250,565627,432623,1151565,565985,585580,142444,18648,123796,10684,2093,8591,2474,453,2021,0,0,0
28,535,District - Medak (04),Rural,0-9,412371,210951,201420,412371,210951,201420,0,0,0,0,0,0,0,0,0,0,0,0,0,0,0
28,535,District - Medak (04),Rural,10-14,248469,127305,121164,245248,126277,118971,3026,962,2064,111,26,85,73,35,38,11,5,6,0,0,0
28,535,District - Medak (04),Rural,15-19,227860,119541,108319,199974,116295,83679,27234,3157,24077,316,55,261,259,31,228,77,3,74,0,0,0
28,535,District - Medak (04),Rural,20-24,213802,108897,104905,98161,77556,20605,113069,31057,82012,1331,133,1198,925,115,810,316,36,280,0,0,0
28,535,District - Medak (04),Rural,25-29,205969,101499,104470,28932,25356,3576,171706,75595,96111,3369,263,3106,1512,225,1287,450,60,390,0,0,0
28,535,District - Medak (04),Rural,30-34,167541,83442,84099,5248,4171,1077,155157,78524,76633,5076,383,4693,1651,278,1373,409,86,323,0,0,0
28,535,District - Medak (04),Rural,35-39,167189,81982,85207,1698,1111,587,156054,79938,76116,7390,577,6813,1673,293,1380,374,63,311,0,0,0
28,535,District - Medak (04),Rural,40-44,131197,68359,62838,929,601,328,120451,66719,53732,8134,730,7404,1401,256,1145,282,53,229,0,0,0
28,535,District - Medak (04),Rural,45-49,112025,56403,55622,478,307,171,101303,54856,46447,9092,994,8098,979,209,770,173,37,136,0,0,0
28,535,District - Medak (04),Rural,50-54,89284,43571,45713,482,291,191,77152,41791,35361,10815,1298,9517,714,164,550,121,27,94,0,0,0
28,535,District - Medak (04),Rural,55-59,75015,31719,43296,323,197,126,63647,30091,33556,10553,1309,9244,420,104,316,72,18,54,0,0,0
28,535,District - Medak (04),Rural,60-64,95149,43303,51846,592,287,305,69259,39857,29402,24681,2982,21699,520,143,377,97,34,63,0,0,0
28,535,District - Medak (04),Rural,65-69,64516,30319,34197,582,300,282,43309,27048,16261,20306,2840,17466,277,115,162,42,16,26,0,0,0
28,535,District - Medak (04),Rural,70-74,47509,23778,23731,312,159,153,27691,20429,7262,19334,3116,16218,152,67,85,20,7,13,0,0,0
28,535,District - Medak (04),Rural,75-79,19548,9308,10240,126,69,57,10646,7658,2988,8723,1556,7167,48,24,24,5,1,4,0,0,0
28,535,District - Medak (04),Rural,80+,23976,10316,13660,572,324,248,10308,7610,2698,13007,2345,10662,69,30,39,20,7,13,0,0,0
28,535,District - Medak (04),Rural,Age not stated,3997,2113,1884,2222,1375,847,1553,693,860,206,41,165,11,4,7,5,0,5,0,0,0
28,535,District - Medak (04),Rural,Less than 18,794523,408506,386017,784074,406234,377840,9997,2163,7834,252,52,200,165,49,116,35,8,27,0,0,0
28,535,District - Medak (04),Rural,Less than 21,951123,488078,463045,892733,479655,413078,56970,8219,48751,699,108,591,543,83,460,178,13,165,0,0,0
28,535,District - Medak (04),Urban,All ages,727871,370224,357647,333014,188102,144912,361586,178322,183264,30861,3352,27509,1964,349,1615,446,99,347,0,0,0
28,535,District - Medak (04),Urban,0-9,127314,65196,62118,127314,65196,62118,0,0,0,0,0,0,0,0,0,0,0,0,0,0,0
28,535,District - Medak (04),Urban,10-14,72603,36898,35705,71395,36539,34856,1138,335,803,42,12,30,23,9,14,5,3,2,0,0,0
28,535,District - Medak (04),Urban,15-19,71603,36166,35437,64474,35239,29235,6991,895,6096,76,17,59,49,15,34,13,0,13,0,0,0
28,535,District - Medak (04),Urban,20-24,78199,38250,39949,43851,30765,13086,33849,7443,26406,302,23,279,152,16,136,45,3,42,0,0,0
28,535,District - Medak (04),Urban,25-29,77579,38316,39263,17239,14237,3002,59200,23961,35239,781,60,721,279,47,232,80,11,69,0,0,0
28,535,District - Medak (04),Urban,30-34,61855,32228,29627,3469,2836,633,56870,29232,27638,1123,91,1032,316,49,267,77,20,57,0,0,0
28,535,District - Medak (04),Urban,35-39,58697,30202,28495,919,676,243,55577,29338,26239,1819,116,1703,316,57,259,66,15,51,0,0,0
28,535,District - Medak (04),Urban,40-44,44770,24514,20256,403,262,141,41890,24004,17886,2170,188,1982,248,40,208,59,20,39,0,0,0
28,535,District - Medak (04),Urban,45-49,36464,19841,16623,236,157,79,33439,19427,14012,2596,222,2374,168,25,143,25,10,15,0,0,0
28,535,District - Medak (04),Urban,50-54,26156,13697,12459,227,126,101,22783,13270,9513,2997,269,2728,126,27,99,23,5,18,0,0,0
28,535,District - Medak (04),Urban,55-59,19973,9997,9976,202,99,103,16766,9560,7206,2898,317,2581,92,18,74,15,3,12,0,0,0
28,535,District - Medak (04),Urban,60-64,19579,9427,10152,256,112,144,14292,8795,5497,4933,505,4428,81,12,69,17,3,14,0,0,0
28,535,District - Medak (04),Urban,65-69,11681,5557,6124,255,112,143,7848,4995,2853,3526,431,3095,45,15,30,7,4,3,0,0,0
28,535,District - Medak (04),Urban,70-74,8340,3932,4408,121,46,75,4792,3419,1373,3395,458,2937,25,7,18,7,2,5,0,0,0
28,535,District - Medak (04),Urban,75-79,3742,1699,2043,43,19,24,2047,1422,625,1636,251,1385,15,7,8,1,0,1,0,0,0
28,535,District - Medak (04),Urban,80+,4900,1902,2998,236,132,104,2213,1395,818,2432,373,2059,15,2,13,4,0,4,0,0,0
28,535,District - Medak (04),Urban,Age not stated,4416,2402,2014,2374,1549,825,1891,831,1060,135,19,116,14,3,11,2,0,2,0,0,0
28,535,District - Medak (04),Urban,Less than 18,240877,122960,117917,237430,122185,115245,3305,737,2568,89,21,68,40,14,26,13,3,10,0,0,0
28,535,District - Medak (04),Urban,Less than 21,290756,147497,143259,275795,145249,130546,14636,2183,12453,186,35,151,115,27,88,24,3,21,0,0,0
28,536,District - Hyderabad (05),Total,All ages,3943323,2018575,1924748,1881496,1058388,823108,1907489,932197,975292,142231,24122,118109,8195,2693,5502,3912,1175,2737,0,0,0
28,536,District - Hyderabad (05),Total,0-9,680327,354688,325639,680327,354688,325639,0,0,0,0,0,0,0,0,0,0,0,0,0,0,0
28,536,District - Hyderabad (05),Total,10-14,377399,195104,182295,361153,189621,171532,15213,5139,10074,676,184,492,248,110,138,109,50,59,0,0,0
28,536,District - Hyderabad (05),Total,15-19,379760,194945,184815,338017,185507,152510,40456,9035,31421,824,202,622,347,164,183,116,37,79,0,0,0
28,536,District - Hyderabad (05),Total,20-24,414782,203305,211477,256356,163384,92972,155573,39260,116313,1987,391,1596,595,206,389,271,64,207,0,0,0
28,536,District - Hyderabad (05),Total,25-29,396862,192865,203997,119799,87343,32456,271975,104492,167483,3673,652,3021,973,276,697,442,102,340,0,0,0
28,536,District - Hyderabad (05),Total,30-34,332567,169446,163121,36558,26078,10480,288539,141908,146631,5847,1005,4842,1059,297,762,564,158,406,0,0,0
28,536,District - Hyderabad (05),Total,35-39,292188,149605,142583,13681,8942,4739,268645,138942,129703,8170,1247,6923,1122,320,802,570,154,416,0,0,0
28,536,District - Hyderabad (05),Total,40-44,245833,129221,116612,7536,4596,2940,225949,122654,103295,10881,1526,9355,975,283,692,492,162,330,0,0,0
28,536,District - Hyderabad (05),Total,45-49,197655,103875,93780,4550,2585,1965,179118,99126,79992,12802,1770,11032,789,248,541,396,146,250,0,0,0
28,536,District - Hyderabad (05),Total,50-54,157723,84032,73691,3683,1995,1688,138048,79486,58562,15132,2265,12867,597,200,397,263,86,177,0,0,0
28,536,District - Hyderabad (05),Total,55-59,118014,62647,55367,2890,1425,1465,100119,58849,41270,14441,2187,12254,392,135,257,172,51,121,0,0,0
28,536,District - Hyderabad (05),Total,60-64,99234,51890,47344,3193,1447,1746,77109,47243,29866,18385,3006,15379,385,144,241,162,50,112,0,0,0
28,536,District - Hyderabad (05),Total,65-69,63579,32990,30589,2872,1344,1528,46031,29011,17020,14341,2500,11841,234,103,131,101,32,69,0,0,0
28,536,District - Hyderabad (05),Total,70-74,44375,22783,21592,1890,944,946,29093,19237,9856,13197,2524,10673,121,60,61,74,18,56,0,0,0
28,536,District - Hyderabad (05),Total,75-79,24049,11916,12133,1040,463,577,14777,9710,5067,8130,1699,6431,75,36,39,27,8,19,0,0,0
28,536,District - Hyderabad (05),Total,80+,35695,16467,19228,4318,2435,1883,20371,11545,8826,10847,2425,8422,103,48,55,56,14,42,0,0,0
28,536,District - Hyderabad (05),Total,Age not stated,83281,42796,40485,43633,25591,18042,36473,16560,19913,2898,539,2359,180,63,117,97,43,54,0,0,0
28,536,District - Hyderabad (05),Total,Less than 18,1276897,663000,613897,1242670,652776,589894,32499,9666,22833,1129,291,838,433,195,238,166,72,94,0,0,0
28,536,District - Hyderabad (05),Total,Less than 21,1531380,790818,740562,1446031,769855,676176,82434,20080,62354,1934,469,1465,708,311,397,273,103,170,0,0,0
28,536,District - Hyderabad (05),Rural,All ages,0,0,0,0,0,0,0,0,0,0,0,0,0,0,0,0,0,0,0,0,0
28,536,District - Hyderabad (05),Rural,0-9,0,0,0,0,0,0,0,0,0,0,0,0,0,0,0,0,0,0,0,0,0
28,536,District - Hyderabad (05),Rural,10-14,0,0,0,0,0,0,0,0,0,0,0,0,0,0,0,0,0,0,0,0,0
28,536,District - Hyderabad (05),Rural,15-19,0,0,0,0,0,0,0,0,0,0,0,0,0,0,0,0,0,0,0,0,0
28,536,District - Hyderabad (05),Rural,20-24,0,0,0,0,0,0,0,0,0,0,0,0,0,0,0,0,0,0,0,0,0
28,536,District - Hyderabad (05),Rural,25-29,0,0,0,0,0,0,0,0,0,0,0,0,0,0,0,0,0,0,0,0,0
28,536,District - Hyderabad (05),Rural,30-34,0,0,0,0,0,0,0,0,0,0,0,0,0,0,0,0,0,0,0,0,0
28,536,District - Hyderabad (05),Rural,35-39,0,0,0,0,0,0,0,0,0,0,0,0,0,0,0,0,0,0,0,0,0
28,536,District - Hyderabad (05),Rural,40-44,0,0,0,0,0,0,0,0,0,0,0,0,0,0,0,0,0,0,0,0,0
28,536,District - Hyderabad (05),Rural,45-49,0,0,0,0,0,0,0,0,0,0,0,0,0,0,0,0,0,0,0,0,0
28,536,District - Hyderabad (05),Rural,50-54,0,0,0,0,0,0,0,0,0,0,0,0,0,0,0,0,0,0,0,0,0
28,536,District - Hyderabad (05),Rural,55-59,0,0,0,0,0,0,0,0,0,0,0,0,0,0,0,0,0,0,0,0,0
28,536,District - Hyderabad (05),Rural,60-64,0,0,0,0,0,0,0,0,0,0,0,0,0,0,0,0,0,0,0,0,0
28,536,District - Hyderabad (05),Rural,65-69,0,0,0,0,0,0,0,0,0,0,0,0,0,0,0,0,0,0,0,0,0
28,536,District - Hyderabad (05),Rural,70-74,0,0,0,0,0,0,0,0,0,0,0,0,0,0,0,0,0,0,0,0,0
28,536,District - Hyderabad (05),Rural,75-79,0,0,0,0,0,0,0,0,0,0,0,0,0,0,0,0,0,0,0,0,0
28,536,District - Hyderabad (05),Rural,80+,0,0,0,0,0,0,0,0,0,0,0,0,0,0,0,0,0,0,0,0,0
28,536,District - Hyderabad (05),Rural,Age not stated,0,0,0,0,0,0,0,0,0,0,0,0,0,0,0,0,0,0,0,0,0
28,536,District - Hyderabad (05),Rural,Less than 18,0,0,0,0,0,0,0,0,0,0,0,0,0,0,0,0,0,0,0,0,0
28,536,District - Hyderabad (05),Rural,Less than 21,0,0,0,0,0,0,0,0,0,0,0,0,0,0,0,0,0,0,0,0,0
28,536,District - Hyderabad (05),Urban,All ages,3943323,2018575,1924748,1881496,1058388,823108,1907489,932197,975292,142231,24122,118109,8195,2693,5502,3912,1175,2737,0,0,0
28,536,District - Hyderabad (05),Urban,0-9,680327,354688,325639,680327,354688,325639,0,0,0,0,0,0,0,0,0,0,0,0,0,0,0
28,536,District - Hyderabad (05),Urban,10-14,377399,195104,182295,361153,189621,171532,15213,5139,10074,676,184,492,248,110,138,109,50,59,0,0,0
28,536,District - Hyderabad (05),Urban,15-19,379760,194945,184815,338017,185507,152510,40456,9035,31421,824,202,622,347,164,183,116,37,79,0,0,0
28,536,District - Hyderabad (05),Urban,20-24,414782,203305,211477,256356,163384,92972,155573,39260,116313,1987,391,1596,595,206,389,271,64,207,0,0,0
28,536,District - Hyderabad (05),Urban,25-29,396862,192865,203997,119799,87343,32456,271975,104492,167483,3673,652,3021,973,276,697,442,102,340,0,0,0
28,536,District - Hyderabad (05),Urban,30-34,332567,169446,163121,36558,26078,10480,288539,141908,146631,5847,1005,4842,1059,297,762,564,158,406,0,0,0
28,536,District - Hyderabad (05),Urban,35-39,292188,149605,142583,13681,8942,4739,268645,138942,129703,8170,1247,6923,1122,320,802,570,154,416,0,0,0
28,536,District - Hyderabad (05),Urban,40-44,245833,129221,116612,7536,4596,2940,225949,122654,103295,10881,1526,9355,975,283,692,492,162,330,0,0,0
28,536,District - Hyderabad (05),Urban,45-49,197655,103875,93780,4550,2585,1965,179118,99126,79992,12802,1770,11032,789,248,541,396,146,250,0,0,0
28,536,District - Hyderabad (05),Urban,50-54,157723,84032,73691,3683,1995,1688,138048,79486,58562,15132,2265,12867,597,200,397,263,86,177,0,0,0
28,536,District - Hyderabad (05),Urban,55-59,118014,62647,55367,2890,1425,1465,100119,58849,41270,14441,2187,12254,392,135,257,172,51,121,0,0,0
28,536,District - Hyderabad (05),Urban,60-64,99234,51890,47344,3193,1447,1746,77109,47243,29866,18385,3006,15379,385,144,241,162,50,112,0,0,0
28,536,District - Hyderabad (05),Urban,65-69,63579,32990,30589,2872,1344,1528,46031,29011,17020,14341,2500,11841,234,103,131,101,32,69,0,0,0
28,536,District - Hyderabad (05),Urban,70-74,44375,22783,21592,1890,944,946,29093,19237,9856,13197,2524,10673,121,60,61,74,18,56,0,0,0
28,536,District - Hyderabad (05),Urban,75-79,24049,11916,12133,1040,463,577,14777,9710,5067,8130,1699,6431,75,36,39,27,8,19,0,0,0
28,536,District - Hyderabad (05),Urban,80+,35695,16467,19228,4318,2435,1883,20371,11545,8826,10847,2425,8422,103,48,55,56,14,42,0,0,0
28,536,District - Hyderabad (05),Urban,Age not stated,83281,42796,40485,43633,25591,18042,36473,16560,19913,2898,539,2359,180,63,117,97,43,54,0,0,0
28,536,District - Hyderabad (05),Urban,Less than 18,1276897,663000,613897,1242670,652776,589894,32499,9666,22833,1129,291,838,433,195,238,166,72,94,0,0,0
28,536,District - Hyderabad (05),Urban,Less than 21,1531380,790818,740562,1446031,769855,676176,82434,20080,62354,1934,469,1465,708,311,397,273,103,170,0,0,0
28,537,District - Rangareddy (06),Total,All ages,5296741,2701008,2595733,2330616,1323833,1006783,2741415,1342444,1398971,208518,30619,177899,13216,3346,9870,2976,766,2210,0,0,0
28,537,District - Rangareddy (06),Total,0-9,909599,469606,439993,909599,469606,439993,0,0,0,0,0,0,0,0,0,0,0,0,0,0,0
28,537,District - Rangareddy (06),Total,10-14,484906,248457,236449,468768,242822,225946,15129,5298,9831,683,202,481,268,110,158,58,25,33,0,0,0
28,537,District - Rangareddy (06),Total,15-19,478399,246310,232089,418010,235892,182118,58886,10002,48884,1015,266,749,410,127,283,78,23,55,0,0,0
28,537,District - Rangareddy (06),Total,20-24,534397,258192,276205,281828,197683,84145,248576,59768,188808,2634,428,2206,1122,254,868,237,59,178,0,0,0
28,537,District - Rangareddy (06),Total,25-29,559687,270446,289241,119320,94968,24352,432344,174212,258132,5766,808,4958,1840,371,1469,417,87,330,0,0,0
28,537,District - Rangareddy (06),Total,30-34,459760,240584,219176,28949,21848,7101,419941,217127,202814,8339,1071,7268,2030,431,1599,501,107,394,0,0,0
28,537,District - Rangareddy (06),Total,35-39,415783,215648,200135,10144,6759,3385,390987,206900,184087,12137,1394,10743,2009,463,1546,506,132,374,0,0,0
28,537,District - Rangareddy (06),Total,40-44,316773,171360,145413,5231,3306,1925,295269,165820,129449,14334,1723,12611,1602,418,1184,337,93,244,0,0,0
28,537,District - Rangareddy (06),Total,45-49,263548,138999,124549,3104,1813,1291,241854,134746,107108,17219,2048,15171,1127,314,813,244,78,166,0,0,0
28,537,District - Rangareddy (06),Total,50-54,200127,104133,95994,2876,1581,1295,176692,99714,76978,19604,2583,17021,795,206,589,160,49,111,0,0,0
28,537,District - Rangareddy (06),Total,55-59,158063,78653,79410,2402,1253,1149,135609,74489,61120,19403,2727,16676,543,162,381,106,22,84,0,0,0
28,537,District - Rangareddy (06),Total,60-64,151221,76994,74227,3182,1431,1751,116475,70998,45477,30906,4364,26542,558,178,380,100,23,77,0,0,0
28,537,District - Rangareddy (06),Total,65-69,93807,47921,45886,3137,1520,1617,66666,42708,23958,23710,3604,20106,245,77,168,49,12,37,0,0,0
28,537,District - Rangareddy (06),Total,70-74,62692,31953,30739,1724,835,889,39892,27462,12430,20851,3569,17282,181,74,107,44,13,31,0,0,0
28,537,District - Rangareddy (06),Total,75-79,29870,14523,15347,767,368,399,17876,12040,5836,11144,2087,9057,66,24,42,17,4,13,0,0,0
28,537,District - Rangareddy (06),Total,80+,42257,18720,23537,3392,1991,1401,23199,13771,9428,15517,2899,12618,113,50,63,36,9,27,0,0,0
28,537,District - Rangareddy (06),Total,Age not stated,135852,68509,67343,68183,40157,28026,62020,27389,34631,5256,846,4410,307,87,220,86,30,56,0,0,0
28,537,District - Rangareddy (06),Total,Less than 18,1670518,862303,808215,1633433,851625,781808,35282,10111,25171,1264,359,905,445,171,274,94,37,57,0,0,0
28,537,District - Rangareddy (06),Total,Less than 21,1999171,1024342,974829,1875252,1000473,874779,120585,22964,97621,2233,557,1676,923,288,635,178,60,118,0,0,0
28,537,District - Rangareddy (06),Rural,All ages,1577569,801013,776556,715620,411095,304525,769862,376531,393331,85026,11976,73050,6239,1232,5007,822,179,643,0,0,0
28,537,District - Rangareddy (06),Rural,0-9,283477,145698,137779,283477,145698,137779,0,0,0,0,0,0,0,0,0,0,0,0,0,0,0
28,537,District - Rangareddy (06),Rural,10-14,165378,85000,80378,161278,83522,77756,3818,1391,2427,205,55,150,61,26,35,16,6,10,0,0,0
28,537,District - Rangareddy (06),Rural,15-19,157046,83419,73627,137455,80419,57036,19044,2865,16179,357,102,255,170,29,141,20,4,16,0,0,0
28,537,District - Rangareddy (06),Rural,20-24,153201,78989,74212,76870,59853,17017,74706,18903,55803,986,140,846,548,77,471,91,16,75,0,0,0
28,537,District - Rangareddy (06),Rural,25-29,146273,72471,73802,25870,22412,3458,116751,49580,67171,2552,310,2242,951,142,809,149,27,122,0,0,0
28,537,District - Rangareddy (06),Rural,30-34,115709,58732,56977,5153,3978,1175,105893,54252,51641,3563,335,3228,971,142,829,129,25,104,0,0,0
28,537,District - Rangareddy (06),Rural,35-39,113682,57182,56500,1946,1298,648,105599,55175,50424,5034,486,4548,985,196,789,118,27,91,0,0,0
28,537,District - Rangareddy (06),Rural,40-44,86457,45858,40599,1100,708,392,78971,44353,34618,5566,622,4944,743,157,586,77,18,59,0,0,0
28,537,District - Rangareddy (06),Rural,45-49,73706,37684,36022,641,422,219,66343,36390,29953,6132,740,5392,522,113,409,68,19,49,0,0,0
28,537,District - Rangareddy (06),Rural,50-54,57483,28395,29088,658,405,253,49562,27006,22556,6870,902,5968,361,75,286,32,7,25,0,0,0
28,537,District - Rangareddy (06),Rural,55-59,47534,21163,26371,551,347,204,39817,19820,19997,6890,925,5965,253,67,186,23,4,19,0,0,0
28,537,District - Rangareddy (06),Rural,60-64,56227,26376,29851,925,464,461,41305,23961,17344,13679,1869,11810,285,77,208,33,5,28,0,0,0
28,537,District - Rangareddy (06),Rural,65-69,37404,18386,19018,852,453,399,25458,16287,9171,10957,1608,9349,119,33,86,18,5,13,0,0,0
28,537,District - Rangareddy (06),Rural,70-74,26324,13406,12918,451,246,205,15884,11432,4452,9889,1687,8202,90,37,53,10,4,6,0,0,0
28,537,District - Rangareddy (06),Rural,75-79,11148,5456,5692,161,83,78,6426,4531,1895,4524,828,3696,35,14,21,2,0,2,0,0,0
28,537,District - Rangareddy (06),Rural,80+,14277,6403,7874,806,463,343,7136,4779,2357,6285,1138,5147,38,20,18,12,3,9,0,0,0
28,537,District - Rangareddy (06),Rural,Age not stated,32243,16395,15848,17426,10324,7102,13149,5806,7343,1537,229,1308,107,27,80,24,9,15,0,0,0
28,537,District - Rangareddy (06),Rural,Less than 18,540781,279938,260843,530813,277063,253750,9419,2707,6712,400,119,281,126,41,85,23,8,15,0,0,0
28,537,District - Rangareddy (06),Rural,Less than 21,647845,334752,313093,607259,327779,279480,39383,6702,32681,786,192,594,361,65,296,56,14,42,0,0,0
28,537,District - Rangareddy (06),Urban,All ages,3719172,1899995,1819177,1614996,912738,702258,1971553,965913,1005640,123492,18643,104849,6977,2114,4863,2154,587,1567,0,0,0
28,537,District - Rangareddy (06),Urban,0-9,626122,323908,302214,626122,323908,302214,0,0,0,0,0,0,0,0,0,0,0,0,0,0,0
28,537,District - Rangareddy (06),Urban,10-14,319528,163457,156071,307490,159300,148190,11311,3907,7404,478,147,331,207,84,123,42,19,23,0,0,0
28,537,District - Rangareddy (06),Urban,15-19,321353,162891,158462,280555,155473,125082,39842,7137,32705,658,164,494,240,98,142,58,19,39,0,0,0
28,537,District - Rangareddy (06),Urban,20-24,381196,179203,201993,204958,137830,67128,173870,40865,133005,1648,288,1360,574,177,397,146,43,103,0,0,0
28,537,District - Rangareddy (06),Urban,25-29,413414,197975,215439,93450,72556,20894,315593,124632,190961,3214,498,2716,889,229,660,268,60,208,0,0,0
28,537,District - Rangareddy (06),Urban,30-34,344051,181852,162199,23796,17870,5926,314048,162875,151173,4776,736,4040,1059,289,770,372,82,290,0,0,0
28,537,District - Rangareddy (06),Urban,35-39,302101,158466,143635,8198,5461,2737,285388,151725,133663,7103,908,6195,1024,267,757,388,105,283,0,0,0
28,537,District - Rangareddy (06),Urban,40-44,230316,125502,104814,4131,2598,1533,216298,121467,94831,8768,1101,7667,859,261,598,260,75,185,0,0,0
28,537,District - Rangareddy (06),Urban,45-49,189842,101315,88527,2463,1391,1072,175511,98356,77155,11087,1308,9779,605,201,404,176,59,117,0,0,0
28,537,District - Rangareddy (06),Urban,50-54,142644,75738,66906,2218,1176,1042,127130,72708,54422,12734,1681,11053,434,131,303,128,42,86,0,0,0
28,537,District - Rangareddy (06),Urban,55-59,110529,57490,53039,1851,906,945,95792,54669,41123,12513,1802,10711,290,95,195,83,18,65,0,0,0
28,537,District - Rangareddy (06),Urban,60-64,94994,50618,44376,2257,967,1290,75170,47037,28133,17227,2495,14732,273,101,172,67,18,49,0,0,0
28,537,District - Rangareddy (06),Urban,65-69,56403,29535,26868,2285,1067,1218,41208,26421,14787,12753,1996,10757,126,44,82,31,7,24,0,0,0
28,537,District - Rangareddy (06),Urban,70-74,36368,18547,17821,1273,589,684,24008,16030,7978,10962,1882,9080,91,37,54,34,9,25,0,0,0
28,537,District - Rangareddy (06),Urban,75-79,18722,9067,9655,606,285,321,11450,7509,3941,6620,1259,5361,31,10,21,15,4,11,0,0,0
28,537,District - Rangareddy (06),Urban,80+,27980,12317,15663,2586,1528,1058,16063,8992,7071,9232,1761,7471,75,30,45,24,6,18,0,0,0
28,537,District - Rangareddy (06),Urban,Age not stated,103609,52114,51495,50757,29833,20924,48871,21583,27288,3719,617,3102,200,60,140,62,21,41,0,0,0
28,537,District - Rangareddy (06),Urban,Less than 18,1129737,582365,547372,1102620,574562,528058,25863,7404,18459,864,240,624,319,130,189,71,29,42,0,0,0
28,537,District - Rangareddy (06),Urban,Less than 21,1351326,689590,661736,1267993,672694,595299,81202,16262,64940,1447,365,1082,562,223,339,122,46,76,0,0,0
28,538,District - Mahbubnagar (07),Total,All ages,4053028,2050386,2002642,1830345,1047195,783150,1968312,964224,1004088,234043,35029,199014,17513,3341,14172,2815,597,2218,0,0,0
28,538,District - Mahbubnagar (07),Total,0-9,782479,404464,378015,782479,404464,378015,0,0,0,0,0,0,0,0,0,0,0,0,0,0,0
28,538,District - Mahbubnagar (07),Total,10-14,447496,230984,216512,439137,228413,210724,7756,2377,5379,365,101,264,204,80,124,34,13,21,0,0,0
28,538,District - Mahbubnagar (07),Total,15-19,388794,206562,182232,332518,199056,133462,54901,7245,47656,777,158,619,502,88,414,96,15,81,0,0,0
28,538,District - Mahbubnagar (07),Total,20-24,372870,190816,182054,172301,134767,37534,196024,55435,140589,2597,351,2246,1606,202,1404,342,61,281,0,0,0
28,538,District - Mahbubnagar (07),Total,25-29,369235,179334,189901,59639,50889,8750,300212,127205,173007,6145,745,5400,2747,421,2326,492,74,418,0,0,0
28,538,District - Mahbubnagar (07),Total,30-34,304471,152917,151554,13506,10596,2910,278290,140738,137552,9173,1044,8129,3008,430,2578,494,109,385,0,0,0
28,538,District - Mahbubnagar (07),Total,35-39,294408,146503,147905,4664,3123,1541,273735,141515,132220,12944,1361,11583,2681,433,2248,384,71,313,0,0,0
28,538,District - Mahbubnagar (07),Total,40-44,231929,122432,109497,2288,1470,818,211754,118635,93119,15390,1828,13562,2214,434,1780,283,65,218,0,0,0
28,538,District - Mahbubnagar (07),Total,45-49,196717,99944,96773,1235,778,457,176138,96328,79810,17703,2438,15265,1459,361,1098,182,39,143,0,0,0
28,538,District - Mahbubnagar (07),Total,50-54,157411,78797,78614,1248,786,462,133224,74514,58710,21759,3178,18581,1045,286,759,135,33,102,0,0,0
28,538,District - Mahbubnagar (07),Total,55-59,123586,56500,67086,1010,618,392,101514,52624,48890,20393,3082,17311,573,147,426,96,29,67,0,0,0
28,538,District - Mahbubnagar (07),Total,60-64,143809,66523,77286,1576,809,767,100069,59657,40412,41380,5831,35549,695,195,500,89,31,58,0,0,0
28,538,District - Mahbubnagar (07),Total,65-69,88534,41684,46850,1514,793,721,57224,36077,21147,29414,4680,24734,327,118,209,55,16,39,0,0,0
28,538,District - Mahbubnagar (07),Total,70-74,65421,32071,33350,819,428,391,37014,26838,10176,27331,4711,22620,204,74,130,53,20,33,0,0,0
28,538,District - Mahbubnagar (07),Total,75-79,25730,12361,13369,327,173,154,14023,9974,4049,11284,2186,9098,68,23,45,28,5,23,0,0,0
28,538,District - Mahbubnagar (07),Total,80+,32939,14360,18579,1597,964,633,15103,10269,4834,16123,3095,13028,85,26,59,31,6,25,0,0,0
28,538,District - Mahbubnagar (07),Total,Age not stated,27199,14134,13065,14487,9068,5419,11331,4793,6538,1265,240,1025,95,23,72,21,10,11,0,0,0
28,538,District - Mahbubnagar (07),Total,Less than 18,1456626,757137,699489,1431641,751530,680111,23789,5270,18519,751,187,564,378,131,247,67,19,48,0,0,0
28,538,District - Mahbubnagar (07),Total,Less than 21,1729986,896993,832993,1615091,877846,737245,111809,18555,93254,1733,340,1393,1133,211,922,220,41,179,0,0,0
28,538,District - Mahbubnagar (07),Rural,All ages,3445336,1742438,1702898,1540892,883683,657209,1681636,823837,857799,204395,31379,173016,15893,3012,12881,2520,527,1993,0,0,0
28,538,District - Mahbubnagar (07),Rural,0-9,677576,350241,327335,677576,350241,327335,0,0,0,0,0,0,0,0,0,0,0,0,0,0,0
28,538,District - Mahbubnagar (07),Rural,10-14,379766,195755,184011,372676,193580,179096,6562,1995,4567,313,92,221,189,77,112,26,11,15,0,0,0
28,538,District - Mahbubnagar (07),Rural,15-19,326591,175218,151373,276823,168629,108194,48543,6364,42179,686,131,555,455,80,375,84,14,70,0,0,0
28,538,District - Mahbubnagar (07),Rural,20-24,311404,160932,150472,136400,110547,25853,170919,49839,121080,2298,315,1983,1468,176,1292,319,55,264,0,0,0
28,538,District - Mahbubnagar (07),Rural,25-29,310039,150672,159367,44288,38708,5580,257439,110852,146587,5391,671,4720,2479,375,2104,442,66,376,0,0,0
28,538,District - Mahbubnagar (07),Rural,30-34,255426,128043,127383,9794,7669,2125,234371,118983,115388,8048,910,7138,2772,388,2384,441,93,348,0,0,0
28,538,District - Mahbubnagar (07),Rural,35-39,247135,122228,124907,3485,2319,1166,229759,118297,111462,11113,1164,9949,2442,386,2056,336,62,274,0,0,0
28,538,District - Mahbubnagar (07),Rural,40-44,195048,102487,92561,1724,1103,621,177807,99315,78492,13262,1626,11636,2001,388,1613,254,55,199,0,0,0
28,538,District - Mahbubnagar (07),Rural,45-49,166027,83694,82333,930,591,339,148636,80582,68054,14989,2159,12830,1309,328,981,163,34,129,0,0,0
28,538,District - Mahbubnagar (07),Rural,50-54,134542,67083,67459,1001,641,360,113875,63308,50567,18612,2844,15768,936,261,675,118,29,89,0,0,0
28,538,District - Mahbubnagar (07),Rural,55-59,105888,47651,58237,758,473,285,87089,44265,42824,17449,2749,14700,506,136,370,86,28,58,0,0,0
28,538,District - Mahbubnagar (07),Rural,60-64,127131,58501,68630,1325,691,634,88354,52319,36035,36734,5286,31448,637,178,459,81,27,54,0,0,0
28,538,District - Mahbubnagar (07),Rural,65-69,78799,37082,41717,1252,665,587,50959,32054,18905,26241,4243,21998,298,106,192,49,14,35,0,0,0
28,538,District - Mahbubnagar (07),Rural,70-74,58296,28842,29454,674,365,309,33045,24070,8975,24348,4320,20028,182,68,114,47,19,28,0,0,0
28,538,District - Mahbubnagar (07),Rural,75-79,22577,10979,11598,257,148,109,12436,8878,3558,9797,1926,7871,61,22,39,26,5,21,0,0,0
28,538,District - Mahbubnagar (07),Rural,80+,28733,12653,16080,1291,786,505,13216,9070,4146,14114,2765,11349,81,26,55,31,6,25,0,0,0
28,538,District - Mahbubnagar (07),Rural,Age not stated,20358,10377,9981,10638,6527,4111,8626,3646,4980,1000,178,822,77,17,60,17,9,8,0,0,0
28,538,District - Mahbubnagar (07),Rural,Less than 18,1247276,648615,598661,1225682,643850,581832,20539,4462,16077,653,164,489,347,123,224,55,16,39,0,0,0
28,538,District - Mahbubnagar (07),Rural,Less than 21,1479697,769011,710686,1377861,752005,625856,99074,16482,82592,1539,298,1241,1027,189,838,196,37,159,0,0,0
28,538,District - Mahbubnagar (07),Urban,All ages,607692,307948,299744,289453,163512,125941,286676,140387,146289,29648,3650,25998,1620,329,1291,295,70,225,0,0,0
28,538,District - Mahbubnagar (07),Urban,0-9,104903,54223,50680,104903,54223,50680,0,0,0,0,0,0,0,0,0,0,0,0,0,0,0
28,538,District - Mahbubnagar (07),Urban,10-14,67730,35229,32501,66461,34833,31628,1194,382,812,52,9,43,15,3,12,8,2,6,0,0,0
28,538,District - Mahbubnagar (07),Urban,15-19,62203,31344,30859,55695,30427,25268,6358,881,5477,91,27,64,47,8,39,12,1,11,0,0,0
28,538,District - Mahbubnagar (07),Urban,20-24,61466,29884,31582,35901,24220,11681,25105,5596,19509,299,36,263,138,26,112,23,6,17,0,0,0
28,538,District - Mahbubnagar (07),Urban,25-29,59196,28662,30534,15351,12181,3170,42773,16353,26420,754,74,680,268,46,222,50,8,42,0,0,0
28,538,District - Mahbubnagar (07),Urban,30-34,49045,24874,24171,3712,2927,785,43919,21755,22164,1125,134,991,236,42,194,53,16,37,0,0,0
28,538,District - Mahbubnagar (07),Urban,35-39,47273,24275,22998,1179,804,375,43976,23218,20758,1831,197,1634,239,47,192,48,9,39,0,0,0
28,538,District - Mahbubnagar (07),Urban,40-44,36881,19945,16936,564,367,197,33947,19320,14627,2128,202,1926,213,46,167,29,10,19,0,0,0
28,538,District - Mahbubnagar (07),Urban,45-49,30690,16250,14440,305,187,118,27502,15746,11756,2714,279,2435,150,33,117,19,5,14,0,0,0
28,538,District - Mahbubnagar (07),Urban,50-54,22869,11714,11155,247,145,102,19349,11206,8143,3147,334,2813,109,25,84,17,4,13,0,0,0
28,538,District - Mahbubnagar (07),Urban,55-59,17698,8849,8849,252,145,107,14425,8359,6066,2944,333,2611,67,11,56,10,1,9,0,0,0
28,538,District - Mahbubnagar (07),Urban,60-64,16678,8022,8656,251,118,133,11715,7338,4377,4646,545,4101,58,17,41,8,4,4,0,0,0
28,538,District - Mahbubnagar (07),Urban,65-69,9735,4602,5133,262,128,134,6265,4023,2242,3173,437,2736,29,12,17,6,2,4,0,0,0
28,538,District - Mahbubnagar (07),Urban,70-74,7125,3229,3896,145,63,82,3969,2768,1201,2983,391,2592,22,6,16,6,1,5,0,0,0
28,538,District - Mahbubnagar (07),Urban,75-79,3153,1382,1771,70,25,45,1587,1096,491,1487,260,1227,7,1,6,2,0,2,0,0,0
28,538,District - Mahbubnagar (07),Urban,80+,4206,1707,2499,306,178,128,1887,1199,688,2009,330,1679,4,0,4,0,0,0,0,0,0
28,538,District - Mahbubnagar (07),Urban,Age not stated,6841,3757,3084,3849,2541,1308,2705,1147,1558,265,62,203,18,6,12,4,1,3,0,0,0
28,538,District - Mahbubnagar (07),Urban,Less than 18,209350,108522,100828,205959,107680,98279,3250,808,2442,98,23,75,31,8,23,12,3,9,0,0,0
28,538,District - Mahbubnagar (07),Urban,Less than 21,250289,127982,122307,237230,125841,111389,12735,2073,10662,194,42,152,106,22,84,24,4,20,0,0,0
28,539,District - Nalgonda (08),Total,All ages,3488809,1759772,1729037,1462670,838095,624575,1798485,887273,911212,207828,29246,178582,15767,4078,11689,4059,1080,2979,0,0,0
28,539,District - Nalgonda (08),Total,0-9,554222,287667,266555,554222,287667,266555,0,0,0,0,0,0,0,0,0,0,0,0,0,0,0
28,539,District - Nalgonda (08),Total,10-14,358772,184054,174718,353258,182157,171101,5213,1791,3422,166,45,121,124,55,69,11,6,5,0,0,0
28,539,District - Nalgonda (08),Total,15-19,354258,184876,169382,312094,179852,132242,41259,4831,36428,463,110,353,341,71,270,101,12,89,0,0,0
28,539,District - Nalgonda (08),Total,20-24,342001,174642,167359,166355,127396,38959,172296,46764,125532,1714,224,1490,1262,181,1081,374,77,297,0,0,0
28,539,District - Nalgonda (08),Total,25-29,323096,160488,162608,51128,43927,7201,264219,115510,148709,4816,443,4373,2220,451,1769,713,157,556,0,0,0
28,539,District - Nalgonda (08),Total,30-34,257516,130050,127466,9826,7658,2168,237508,121120,116388,7117,590,6527,2373,502,1871,692,180,512,0,0,0
28,539,District - Nalgonda (08),Total,35-39,257600,126320,131280,3362,2216,1146,240525,122411,118114,10625,939,9686,2427,594,1833,661,160,501,0,0,0
28,539,District - Nalgonda (08),Total,40-44,202868,106284,96584,1882,1155,727,186284,103213,83071,12224,1211,11013,1998,569,1429,480,136,344,0,0,0
28,539,District - Nalgonda (08),Total,45-49,179153,89425,89728,1108,667,441,162158,86667,75491,14162,1581,12581,1414,412,1002,311,98,213,0,0,0
28,539,District - Nalgonda (08),Total,50-54,145510,72766,72744,1013,613,400,126249,69601,56648,16922,2123,14799,1080,344,736,246,85,161,0,0,0
28,539,District - Nalgonda (08),Total,55-59,118779,51529,67250,708,423,285,101756,48947,52809,15514,1909,13605,671,209,462,130,41,89,0,0,0
28,539,District - Nalgonda (08),Total,60-64,144482,66443,78039,1086,568,518,107529,61091,46438,34797,4464,30333,894,265,629,176,55,121,0,0,0
28,539,District - Nalgonda (08),Total,65-69,97477,47601,49876,1075,551,524,68184,42676,25508,27707,4149,23558,437,192,245,74,33,41,0,0,0
28,539,District - Nalgonda (08),Total,70-74,75096,39323,35773,540,304,236,45745,33910,11835,28478,4953,23525,292,133,159,41,23,18,0,0,0
28,539,District - Nalgonda (08),Total,75-79,30850,16178,14672,230,135,95,18102,13513,4589,12411,2478,9933,92,46,46,15,6,9,0,0,0
28,539,District - Nalgonda (08),Total,80+,39554,18343,21211,1070,621,449,18094,13718,4376,20246,3948,16298,116,46,70,28,10,18,0,0,0
28,539,District - Nalgonda (08),Total,Age not stated,7575,3783,3792,3713,2185,1528,3364,1510,1854,466,79,387,26,8,18,6,1,5,0,0,0
28,539,District - Nalgonda (08),Total,Less than 18,1118420,579571,538849,1101362,575541,525821,16353,3813,12540,416,113,303,248,93,155,41,11,30,0,0,0
28,539,District - Nalgonda (08),Total,Less than 21,1364238,703483,660755,1275842,690429,585413,86486,12670,73816,973,195,778,740,156,584,197,33,164,0,0,0
28,539,District - Nalgonda (08),Rural,All ages,2826302,1427716,1398586,1165047,671726,493321,1471078,726135,744943,173132,25382,147750,13529,3528,10001,3516,945,2571,0,0,0
28,539,District - Nalgonda (08),Rural,0-9,452274,234870,217404,452274,234870,217404,0,0,0,0,0,0,0,0,0,0,0,0,0,0,0
28,539,District - Nalgonda (08),Rural,10-14,286722,147078,139644,282313,145539,136774,4157,1449,2708,138,37,101,105,48,57,9,5,4,0,0,0
28,539,District - Nalgonda (08),Rural,15-19,282460,149121,133339,247073,144952,102121,34631,4011,30620,358,88,270,299,58,241,99,12,87,0,0,0
28,539,District - Nalgonda (08),Rural,20-24,273915,142797,131118,128294,102096,26198,142770,40284,102486,1402,183,1219,1112,161,951,337,73,264,0,0,0
28,539,District - Nalgonda (08),Rural,25-29,255921,128099,127822,36485,32015,4470,212932,95193,117739,3959,368,3591,1916,384,1532,629,139,490,0,0,0
28,539,District - Nalgonda (08),Rural,30-34,202886,102179,100707,6737,5165,1572,187787,95941,91846,5753,484,5269,2030,437,1593,579,152,427,0,0,0
28,539,District - Nalgonda (08),Rural,35-39,203865,99014,104851,2430,1544,886,190425,96066,94359,8427,785,7642,2038,486,1552,545,133,412,0,0,0
28,539,District - Nalgonda (08),Rural,40-44,162043,84204,77839,1454,895,559,148746,81706,67040,9734,989,8745,1689,496,1193,420,118,302,0,0,0
28,539,District - Nalgonda (08),Rural,45-49,144433,71478,72955,829,496,333,131065,69219,61846,11075,1325,9750,1198,355,843,266,83,183,0,0,0
28,539,District - Nalgonda (08),Rural,50-54,119693,59494,60199,789,487,302,104263,56824,47439,13504,1810,11694,926,300,626,211,73,138,0,0,0
28,539,District - Nalgonda (08),Rural,55-59,99094,41877,57217,528,324,204,85475,39715,45760,12406,1615,10791,568,184,384,117,39,78,0,0,0
28,539,District - Nalgonda (08),Rural,60-64,124889,57305,67584,831,445,386,93741,52684,41057,29364,3887,25477,794,236,558,159,53,106,0,0,0
28,539,District - Nalgonda (08),Rural,65-69,85380,41922,43458,847,442,405,60208,37591,22617,23868,3682,20186,391,175,216,66,32,34,0,0,0
28,539,District - Nalgonda (08),Rural,70-74,66165,35131,31034,435,256,179,40690,30295,10395,24741,4436,20305,262,123,139,37,21,16,0,0,0
28,539,District - Nalgonda (08),Rural,75-79,26734,14236,12498,179,105,74,15888,11926,3962,10574,2161,8413,81,40,41,12,4,8,0,0,0
28,539,District - Nalgonda (08),Rural,80+,34177,16096,18081,820,475,345,15775,12106,3669,17457,3468,13989,99,39,60,26,8,18,0,0,0
28,539,District - Nalgonda (08),Rural,Age not stated,5651,2815,2836,2729,1620,1109,2525,1125,1400,372,64,308,21,6,15,4,0,4,0,0,0
28,539,District - Nalgonda (08),Rural,Less than 18,900872,467679,433193,887151,464418,422733,13139,3078,10061,332,93,239,212,80,132,38,10,28,0,0,0
28,539,District - Nalgonda (08),Rural,Less than 21,1101468,570370,531098,1026746,559299,467447,73107,10746,62361,781,158,623,646,136,510,188,31,157,0,0,0
28,539,District - Nalgonda (08),Urban,All ages,662507,332056,330451,297623,166369,131254,327407,161138,166269,34696,3864,30832,2238,550,1688,543,135,408,0,0,0
28,539,District - Nalgonda (08),Urban,0-9,101948,52797,49151,101948,52797,49151,0,0,0,0,0,0,0,0,0,0,0,0,0,0,0
28,539,District - Nalgonda (08),Urban,10-14,72050,36976,35074,70945,36618,34327,1056,342,714,28,8,20,19,7,12,2,1,1,0,0,0
28,539,District - Nalgonda (08),Urban,15-19,71798,35755,36043,65021,34900,30121,6628,820,5808,105,22,83,42,13,29,2,0,2,0,0,0
28,539,District - Nalgonda (08),Urban,20-24,68086,31845,36241,38061,25300,12761,29526,6480,23046,312,41,271,150,20,130,37,4,33,0,0,0
28,539,District - Nalgonda (08),Urban,25-29,67175,32389,34786,14643,11912,2731,51287,20317,30970,857,75,782,304,67,237,84,18,66,0,0,0
28,539,District - Nalgonda (08),Urban,30-34,54630,27871,26759,3089,2493,596,49721,25179,24542,1364,106,1258,343,65,278,113,28,85,0,0,0
28,539,District - Nalgonda (08),Urban,35-39,53735,27306,26429,932,672,260,50100,26345,23755,2198,154,2044,389,108,281,116,27,89,0,0,0
28,539,District - Nalgonda (08),Urban,40-44,40825,22080,18745,428,260,168,37538,21507,16031,2490,222,2268,309,73,236,60,18,42,0,0,0
28,539,District - Nalgonda (08),Urban,45-49,34720,17947,16773,279,171,108,31093,17448,13645,3087,256,2831,216,57,159,45,15,30,0,0,0
28,539,District - Nalgonda (08),Urban,50-54,25817,13272,12545,224,126,98,21986,12777,9209,3418,313,3105,154,44,110,35,12,23,0,0,0
28,539,District - Nalgonda (08),Urban,55-59,19685,9652,10033,180,99,81,16281,9232,7049,3108,294,2814,103,25,78,13,2,11,0,0,0
28,539,District - Nalgonda (08),Urban,60-64,19593,9138,10455,255,123,132,13788,8407,5381,5433,577,4856,100,29,71,17,2,15,0,0,0
28,539,District - Nalgonda (08),Urban,65-69,12097,5679,6418,228,109,119,7976,5085,2891,3839,467,3372,46,17,29,8,1,7,0,0,0
28,539,District - Nalgonda (08),Urban,70-74,8931,4192,4739,105,48,57,5055,3615,1440,3737,517,3220,30,10,20,4,2,2,0,0,0
28,539,District - Nalgonda (08),Urban,75-79,4116,1942,2174,51,30,21,2214,1587,627,1837,317,1520,11,6,5,3,2,1,0,0,0
28,539,District - Nalgonda (08),Urban,80+,5377,2247,3130,250,146,104,2319,1612,707,2789,480,2309,17,7,10,2,2,0,0,0,0
28,539,District - Nalgonda (08),Urban,Age not stated,1924,968,956,984,565,419,839,385,454,94,15,79,5,2,3,2,1,1,0,0,0
28,539,District - Nalgonda (08),Urban,Less than 18,217548,111892,105656,214211,111123,103088,3214,735,2479,84,20,64,36,13,23,3,1,2,0,0,0
28,539,District - Nalgonda (08),Urban,Less than 21,262770,133113,129657,249096,131130,117966,13379,1924,11455,192,37,155,94,20,74,9,2,7,0,0,0
28,540,District - Warangal (09),Total,All ages,3512576,1759281,1753295,1464106,826337,637769,1820541,897309,923232,211096,31040,180056,12560,3487,9073,4273,1108,3165,0,0,0
28,540,District - Warangal (09),Total,0-9,520112,269501,250611,520112,269501,250611,0,0,0,0,0,0,0,0,0,0,0,0,0,0,0
28,540,District - Warangal (09),Total,10-14,373688,192527,181161,367659,190374,177285,5678,2027,3651,214,72,142,116,45,71,21,9,12,0,0,0
28,540,District - Warangal (09),Total,15-19,351103,181155,169948,314801,175953,138848,35497,5017,30480,458,118,340,245,59,186,102,8,94,0,0,0
28,540,District - Warangal (09),Total,20-24,330463,166805,163658,172534,124225,48309,155034,42116,112918,1568,231,1337,970,180,790,357,53,304,0,0,0
28,540,District - Warangal (09),Total,25-29,316588,154622,161966,55493,45282,10211,254390,108349,146041,4316,502,3814,1663,332,1331,726,157,569,0,0,0
28,540,District - Warangal (09),Total,30-34,266392,131606,134786,11522,8611,2911,244917,121562,123355,7286,776,6510,1920,473,1447,747,184,563,0,0,0
28,540,District - Warangal (09),Total,35-39,269991,131783,138208,4074,2566,1508,251774,127502,124272,11576,1070,10506,1887,462,1425,680,183,497,0,0,0
28,540,District - Warangal (09),Total,40-44,218655,113279,105376,2374,1412,962,200659,109844,90815,13489,1397,12092,1608,471,1137,525,155,370,0,0,0
28,540,District - Warangal (09),Total,45-49,186414,94571,91843,1337,735,602,168650,91628,77022,14942,1738,13204,1168,368,800,317,102,215,0,0,0
28,540,District - Warangal (09),Total,50-54,146914,73682,73232,1222,678,544,126980,70493,56487,17526,2123,15403,947,321,626,239,67,172,0,0,0
28,540,District - Warangal (09),Total,55-59,123468,54172,69296,886,487,399,105072,51264,53808,16820,2185,14635,551,192,359,139,44,95,0,0,0
28,540,District - Warangal (09),Total,60-64,145584,66118,79466,1158,546,612,109210,60706,48504,34408,4583,29825,642,231,411,166,52,114,0,0,0
28,540,District - Warangal (09),Total,65-69,101671,48820,52851,1021,501,520,72760,43804,28956,27396,4330,23066,383,141,242,111,44,67,0,0,0
28,540,District - Warangal (09),Total,70-74,74892,39116,35776,628,311,317,46697,33501,13196,27270,5159,22111,221,115,106,76,30,46,0,0,0
28,540,District - Warangal (09),Total,75-79,32468,16291,16177,250,108,142,19195,13559,5636,12915,2577,10338,94,43,51,14,4,10,0,0,0
28,540,District - Warangal (09),Total,80+,39875,18321,21554,1154,627,527,18473,13578,4895,20111,4061,16050,98,43,55,39,12,27,0,0,0
28,540,District - Warangal (09),Total,Age not stated,14298,6912,7386,7881,4420,3461,5555,2359,3196,801,118,683,47,11,36,14,4,10,0,0,0
28,540,District - Warangal (09),Total,Less than 18,1100804,569866,530938,1084282,565452,518830,15804,4203,11601,453,133,320,209,66,143,56,12,44,0,0,0
28,540,District - Warangal (09),Total,Less than 21,1337128,687930,649198,1260155,675076,585079,75178,12454,62724,1015,237,778,578,139,439,202,24,178,0,0,0
28,540,District - Warangal (09),Rural,All ages,2520243,1260594,1259649,1029294,581926,447368,1318714,650240,668474,159093,24746,134347,9709,2784,6925,3433,898,2535,0,0,0
28,540,District - Warangal (09),Rural,0-9,378498,196444,182054,378498,196444,182054,0,0,0,0,0,0,0,0,0,0,0,0,0,0,0
28,540,District - Warangal (09),Rural,10-14,275433,141453,133980,271111,139894,131217,4066,1468,2598,159,51,108,81,34,47,16,6,10,0,0,0
28,540,District - Warangal (09),Rural,15-19,248684,128567,120117,220685,124621,96064,27379,3810,23569,334,89,245,193,41,152,93,6,87,0,0,0
28,540,District - Warangal (09),Rural,20-24,228026,117440,110586,109587,83749,25838,116178,33334,82844,1187,166,1021,773,144,629,301,47,254,0,0,0
28,540,District - Warangal (09),Rural,25-29,217344,106424,110920,30164,25614,4550,182146,80029,102117,3178,388,2790,1275,262,1013,581,131,450,0,0,0
28,540,District - Warangal (09),Rural,30-34,183870,90600,93270,5915,4380,1535,170430,85115,85315,5454,577,4877,1474,372,1102,597,156,441,0,0,0
28,540,District - Warangal (09),Rural,35-39,187613,90646,96967,2252,1329,923,175021,88021,87000,8400,793,7607,1410,360,1050,530,143,387,0,0,0
28,540,District - Warangal (09),Rural,40-44,151596,78366,73230,1421,820,601,138942,76013,62929,9595,1043,8552,1226,372,854,412,118,294,0,0,0
28,540,District - Warangal (09),Rural,45-49,130584,65264,65320,819,419,400,118064,63140,54924,10542,1326,9216,911,302,609,248,77,171,0,0,0
28,540,District - Warangal (09),Rural,50-54,105151,52099,53052,728,384,344,91058,49745,41313,12423,1662,10761,752,255,497,190,53,137,0,0,0
28,540,District - Warangal (09),Rural,55-59,90434,37803,52631,520,296,224,77584,35656,41928,11789,1657,10132,428,156,272,113,38,75,0,0,0
28,540,District - Warangal (09),Rural,60-64,114759,51542,63217,752,369,383,86674,47201,39473,26681,3728,22953,513,199,314,139,45,94,0,0,0
28,540,District - Warangal (09),Rural,65-69,81866,39408,42458,669,329,340,59226,35373,23853,21574,3555,18019,302,115,187,95,36,59,0,0,0
28,540,District - Warangal (09),Rural,70-74,60758,32400,28358,416,214,202,38478,27791,10687,21620,4278,17342,183,92,91,61,25,36,0,0,0
28,540,District - Warangal (09),Rural,75-79,25616,13160,12456,154,67,87,15545,10996,4549,9828,2056,7772,78,37,41,11,4,7,0,0,0
28,540,District - Warangal (09),Rural,80+,31479,14944,16535,718,401,317,14853,11206,3647,15795,3293,12502,79,35,44,34,9,25,0,0,0
28,540,District - Warangal (09),Rural,Age not stated,8532,4034,4498,4885,2596,2289,3070,1342,1728,534,84,450,31,8,23,12,4,8,0,0,0
28,540,District - Warangal (09),Rural,Less than 18,800144,413822,386322,788179,410634,377545,11434,3036,8398,330,98,232,153,46,107,48,8,40,0,0,0
28,540,District - Warangal (09),Rural,Less than 21,970194,499580,470614,910193,489559,420634,58605,9717,48888,762,181,581,452,104,348,182,19,163,0,0,0
28,540,District - Warangal (09),Urban,All ages,992333,498687,493646,434812,244411,190401,501827,247069,254758,52003,6294,45709,2851,703,2148,840,210,630,0,0,0
28,540,District - Warangal (09),Urban,0-9,141614,73057,68557,141614,73057,68557,0,0,0,0,0,0,0,0,0,0,0,0,0,0,0
28,540,District - Warangal (09),Urban,10-14,98255,51074,47181,96548,50480,46068,1612,559,1053,55,21,34,35,11,24,5,3,2,0,0,0
28,540,District - Warangal (09),Urban,15-19,102419,52588,49831,94116,51332,42784,8118,1207,6911,124,29,95,52,18,34,9,2,7,0,0,0
28,540,District - Warangal (09),Urban,20-24,102437,49365,53072,62947,40476,22471,38856,8782,30074,381,65,316,197,36,161,56,6,50,0,0,0
28,540,District - Warangal (09),Urban,25-29,99244,48198,51046,25329,19668,5661,72244,28320,43924,1138,114,1024,388,70,318,145,26,119,0,0,0
28,540,District - Warangal (09),Urban,30-34,82522,41006,41516,5607,4231,1376,74487,36447,38040,1832,199,1633,446,101,345,150,28,122,0,0,0
28,540,District - Warangal (09),Urban,35-39,82378,41137,41241,1822,1237,585,76753,39481,37272,3176,277,2899,477,102,375,150,40,110,0,0,0
28,540,District - Warangal (09),Urban,40-44,67059,34913,32146,953,592,361,61717,33831,27886,3894,354,3540,382,99,283,113,37,76,0,0,0
28,540,District - Warangal (09),Urban,45-49,55830,29307,26523,518,316,202,50586,28488,22098,4400,412,3988,257,66,191,69,25,44,0,0,0
28,540,District - Warangal (09),Urban,50-54,41763,21583,20180,494,294,200,35922,20748,15174,5103,461,4642,195,66,129,49,14,35,0,0,0
28,540,District - Warangal (09),Urban,55-59,33034,16369,16665,366,191,175,27488,15608,11880,5031,528,4503,123,36,87,26,6,20,0,0,0
28,540,District - Warangal (09),Urban,60-64,30825,14576,16249,406,177,229,22536,13505,9031,7727,855,6872,129,32,97,27,7,20,0,0,0
28,540,District - Warangal (09),Urban,65-69,19805,9412,10393,352,172,180,13534,8431,5103,5822,775,5047,81,26,55,16,8,8,0,0,0
28,540,District - Warangal (09),Urban,70-74,14134,6716,7418,212,97,115,8219,5710,2509,5650,881,4769,38,23,15,15,5,10,0,0,0
28,540,District - Warangal (09),Urban,75-79,6852,3131,3721,96,41,55,3650,2563,1087,3087,521,2566,16,6,10,3,0,3,0,0,0
28,540,District - Warangal (09),Urban,80+,8396,3377,5019,436,226,210,3620,2372,1248,4316,768,3548,19,8,11,5,3,2,0,0,0
28,540,District - Warangal (09),Urban,Age not stated,5766,2878,2888,2996,1824,1172,2485,1017,1468,267,34,233,16,3,13,2,0,2,0,0,0
28,540,District - Warangal (09),Urban,Less than 18,300660,156044,144616,296103,154818,141285,4370,1167,3203,123,35,88,56,20,36,8,4,4,0,0,0
28,540,District - Warangal (09),Urban,Less than 21,366934,188350,178584,349962,185517,164445,16573,2737,13836,253,56,197,126,35,91,20,5,15,0,0,0
28,541,District - Khammam (10),Total,All ages,2797370,1390988,1406382,1147827,640384,507443,1460788,718735,742053,168758,26495,142263,17092,4604,12488,2905,770,2135,0,0,0
28,541,District - Khammam (10),Total,0-9,426107,217545,208562,426107,217545,208562,0,0,0,0,0,0,0,0,0,0,0,0,0,0,0
28,541,District - Khammam (10),Total,10-14,279445,141142,138303,274535,139363,135172,4622,1665,2957,163,56,107,109,52,57,16,6,10,0,0,0
28,541,District - Khammam (10),Total,15-19,275217,141876,133341,241796,137123,104673,32658,4590,28068,418,102,316,306,58,248,39,3,36,0,0,0
28,541,District - Khammam (10),Total,20-24,280062,137324,142738,133334,95143,38191,143493,41678,101815,1571,213,1358,1382,248,1134,282,42,240,0,0,0
28,541,District - Khammam (10),Total,25-29,269771,131406,138365,41885,32856,9029,220136,97299,122837,4563,548,4015,2664,564,2100,523,139,384,0,0,0
28,541,District - Khammam (10),Total,30-34,222253,110517,111736,9784,6923,2861,201892,102019,99873,7175,754,6421,2850,682,2168,552,139,413,0,0,0
28,541,District - Khammam (10),Total,35-39,222861,108816,114045,3997,2356,1641,204460,104369,100091,11000,1173,9827,2917,782,2135,487,136,351,0,0,0
28,541,District - Khammam (10),Total,40-44,177616,90991,86625,2316,1281,1035,159930,87452,72478,12839,1489,11350,2197,670,1527,334,99,235,0,0,0
28,541,District - Khammam (10),Total,45-49,151853,76855,74998,1473,800,673,134602,73670,60932,13996,1822,12174,1548,497,1051,234,66,168,0,0,0
28,541,District - Khammam (10),Total,50-54,112516,56577,55939,1154,571,583,94895,53520,41375,15254,2110,13144,1093,336,757,120,40,80,0,0,0
28,541,District - Khammam (10),Total,55-59,91711,40992,50719,788,397,391,76743,38460,38283,13538,1924,11614,559,183,376,83,28,55,0,0,0
28,541,District - Khammam (10),Total,60-64,103524,47110,56414,1130,551,579,75663,42509,33154,25960,3808,22152,683,213,470,88,29,59,0,0,0
28,541,District - Khammam (10),Total,65-69,70086,33636,36450,938,467,471,48906,29620,19286,19860,3405,16455,326,128,198,56,16,40,0,0,0
28,541,District - Khammam (10),Total,70-74,49613,25317,24296,493,264,229,30077,21103,8974,18797,3849,14948,207,87,120,39,14,25,0,0,0
28,541,District - Khammam (10),Total,75-79,21700,10636,11064,169,87,82,12788,8568,4220,8656,1938,6718,75,39,36,12,4,8,0,0,0
28,541,District - Khammam (10),Total,80+,28805,13171,15634,939,524,415,13564,9444,4120,14167,3154,11013,107,44,63,28,5,23,0,0,0
28,541,District - Khammam (10),Total,Age not stated,14230,7077,7153,6989,4133,2856,6359,2769,3590,801,150,651,69,21,48,12,4,8,0,0,0
28,541,District - Khammam (10),Total,Less than 18,862470,440343,422127,848575,436570,412005,13265,3570,9695,375,112,263,231,84,147,24,7,17,0,0,0
28,541,District - Khammam (10),Total,Less than 21,1056679,536716,519963,987070,524656,462414,67943,11699,56244,851,197,654,706,150,556,109,14,95,0,0,0
28,541,District - Khammam (10),Rural,All ages,2141459,1066781,1074678,875303,490074,385229,1118371,550344,568027,131783,21986,109797,13814,3793,10021,2188,584,1604,0,0,0
28,541,District - Khammam (10),Rural,0-9,330187,168369,161818,330187,168369,161818,0,0,0,0,0,0,0,0,0,0,0,0,0,0,0
28,541,District - Khammam (10),Rural,10-14,218220,110725,107495,214459,109381,105078,3530,1249,2281,127,48,79,88,41,47,16,6,10,0,0,0
28,541,District - Khammam (10),Rural,15-19,213728,111295,102433,186603,107454,79149,26512,3726,22786,325,69,256,256,44,212,32,2,30,0,0,0
28,541,District - Khammam (10),Rural,20-24,210452,104918,105534,94839,70336,24503,113013,34179,78834,1223,167,1056,1149,202,947,228,34,194,0,0,0
28,541,District - Khammam (10),Rural,25-29,200931,98307,102624,26794,21239,5555,167997,76045,91952,3595,449,3146,2144,465,1679,401,109,292,0,0,0
28,541,District - Khammam (10),Rural,30-34,166290,82241,84049,6320,4309,2011,151532,76646,74886,5723,634,5089,2311,554,1757,404,98,306,0,0,0
28,541,District - Khammam (10),Rural,35-39,167447,81392,86055,2851,1608,1243,153369,78104,75265,8530,954,7576,2334,631,1703,363,95,268,0,0,0
28,541,District - Khammam (10),Rural,40-44,132952,67992,64960,1727,911,816,119325,65200,54125,9884,1243,8641,1774,560,1214,242,78,164,0,0,0
28,541,District - Khammam (10),Rural,45-49,113033,57229,55804,1090,583,507,100100,54657,45443,10452,1530,8922,1227,412,815,164,47,117,0,0,0
28,541,District - Khammam (10),Rural,50-54,83604,42026,41578,895,454,441,70420,39542,30878,11332,1720,9612,865,280,585,92,30,62,0,0,0
28,541,District - Khammam (10),Rural,55-59,69340,29781,39559,582,305,277,58277,27775,30502,9980,1528,8452,439,148,291,62,25,37,0,0,0
28,541,District - Khammam (10),Rural,60-64,82947,37391,45556,899,433,466,61032,33613,27419,20379,3139,17240,566,180,386,71,26,45,0,0,0
28,541,District - Khammam (10),Rural,65-69,57933,27926,30007,733,365,368,40827,24554,16273,16060,2883,13177,270,110,160,43,14,29,0,0,0
28,541,District - Khammam (10),Rural,70-74,41059,21268,19791,397,221,176,25145,17686,7459,15306,3271,12035,182,78,104,29,12,17,0,0,0
28,541,District - Khammam (10),Rural,75-79,17668,8770,8898,130,68,62,10597,7065,3532,6870,1601,5269,62,33,29,9,3,6,0,0,0
28,541,District - Khammam (10),Rural,80+,23210,10900,12310,701,392,309,11095,7856,3239,11306,2611,8695,86,38,48,22,3,19,0,0,0
28,541,District - Khammam (10),Rural,Age not stated,12458,6251,6207,6096,3646,2450,5600,2447,3153,691,139,552,61,17,44,10,2,8,0,0,0
28,541,District - Khammam (10),Rural,Less than 18,670577,343154,327423,659615,340256,319359,10454,2740,7714,298,87,211,186,64,122,24,7,17,0,0,0
28,541,District - Khammam (10),Rural,Less than 21,821581,419144,402437,765102,409309,355793,55130,9558,45572,669,147,522,584,118,466,96,12,84,0,0,0
28,541,District - Khammam (10),Urban,All ages,655911,324207,331704,272524,150310,122214,342417,168391,174026,36975,4509,32466,3278,811,2467,717,186,531,0,0,0
28,541,District - Khammam (10),Urban,0-9,95920,49176,46744,95920,49176,46744,0,0,0,0,0,0,0,0,0,0,0,0,0,0,0
28,541,District - Khammam (10),Urban,10-14,61225,30417,30808,60076,29982,30094,1092,416,676,36,8,28,21,11,10,0,0,0,0,0,0
28,541,District - Khammam (10),Urban,15-19,61489,30581,30908,55193,29669,25524,6146,864,5282,93,33,60,50,14,36,7,1,6,0,0,0
28,541,District - Khammam (10),Urban,20-24,69610,32406,37204,38495,24807,13688,30480,7499,22981,348,46,302,233,46,187,54,8,46,0,0,0
28,541,District - Khammam (10),Urban,25-29,68840,33099,35741,15091,11617,3474,52139,21254,30885,968,99,869,520,99,421,122,30,92,0,0,0
28,541,District - Khammam (10),Urban,30-34,55963,28276,27687,3464,2614,850,50360,25373,24987,1452,120,1332,539,128,411,148,41,107,0,0,0
28,541,District - Khammam (10),Urban,35-39,55414,27424,27990,1146,748,398,51091,26265,24826,2470,219,2251,583,151,432,124,41,83,0,0,0
28,541,District - Khammam (10),Urban,40-44,44664,22999,21665,589,370,219,40605,22252,18353,2955,246,2709,423,110,313,92,21,71,0,0,0
28,541,District - Khammam (10),Urban,45-49,38820,19626,19194,383,217,166,34502,19013,15489,3544,292,3252,321,85,236,70,19,51,0,0,0
28,541,District - Khammam (10),Urban,50-54,28912,14551,14361,259,117,142,24475,13978,10497,3922,390,3532,228,56,172,28,10,18,0,0,0
28,541,District - Khammam (10),Urban,55-59,22371,11211,11160,206,92,114,18466,10685,7781,3558,396,3162,120,35,85,21,3,18,0,0,0
28,541,District - Khammam (10),Urban,60-64,20577,9719,10858,231,118,113,14631,8896,5735,5581,669,4912,117,33,84,17,3,14,0,0,0
28,541,District - Khammam (10),Urban,65-69,12153,5710,6443,205,102,103,8079,5066,3013,3800,522,3278,56,18,38,13,2,11,0,0,0
28,541,District - Khammam (10),Urban,70-74,8554,4049,4505,96,43,53,4932,3417,1515,3491,578,2913,25,9,16,10,2,8,0,0,0
28,541,District - Khammam (10),Urban,75-79,4032,1866,2166,39,19,20,2191,1503,688,1786,337,1449,13,6,7,3,1,2,0,0,0
28,541,District - Khammam (10),Urban,80+,5595,2271,3324,238,132,106,2469,1588,881,2861,543,2318,21,6,15,6,2,4,0,0,0
28,541,District - Khammam (10),Urban,Age not stated,1772,826,946,893,487,406,759,322,437,110,11,99,8,4,4,2,2,0,0,0,0
28,541,District - Khammam (10),Urban,Less than 18,191893,97189,94704,188960,96314,92646,2811,830,1981,77,25,52,45,20,25,0,0,0,0,0,0
28,541,District - Khammam (10),Urban,Less than 21,235098,117572,117526,221968,115347,106621,12813,2141,10672,182,50,132,122,32,90,13,2,11,0,0,0
28,542,District - Srikakulam (11),Total,All ages,2703114,1341738,1361376,1127740,640893,486847,1367706,672424,695282,189090,24985,164105,13838,2745,11093,4740,691,4049,0,0,0
28,542,District - Srikakulam (11),Total,0-9,423388,216988,206400,423388,216988,206400,0,0,0,0,0,0,0,0,0,0,0,0,0,0,0
28,542,District - Srikakulam (11),Total,10-14,260941,135215,125726,257994,134303,123691,2773,855,1918,120,37,83,48,19,29,6,1,5,0,0,0
28,542,District - Srikakulam (11),Total,15-19,256804,133026,123778,230407,130398,100009,25906,2545,23361,285,57,228,153,26,127,53,0,53,0,0,0
28,542,District - Srikakulam (11),Total,20-24,248563,126454,122109,137029,101918,35111,109343,24333,85010,1011,108,903,853,79,774,327,16,311,0,0,0
28,542,District - Srikakulam (11),Total,25-29,233423,112778,120645,49959,40915,9044,178567,71340,107227,2777,243,2534,1544,209,1335,576,71,505,0,0,0
28,542,District - Srikakulam (11),Total,30-34,206116,99950,106166,12216,8663,3553,186109,90479,95630,5083,395,4688,1907,293,1614,801,120,681,0,0,0
28,542,District - Srikakulam (11),Total,35-39,206329,97855,108474,4495,2251,2244,190755,94529,96226,8084,602,7482,2258,378,1880,737,95,642,0,0,0
28,542,District - Srikakulam (11),Total,40-44,180548,91891,88657,2718,1079,1639,164326,89443,74883,10914,878,10036,1955,405,1550,635,86,549,0,0,0
28,542,District - Srikakulam (11),Total,45-49,154392,78631,75761,1609,570,1039,137554,76344,61210,13186,1262,11924,1532,367,1165,511,88,423,0,0,0
28,542,District - Srikakulam (11),Total,50-54,124717,61126,63591,1342,483,859,105868,58653,47215,16020,1688,14332,1123,243,880,364,59,305,0,0,0
28,542,District - Srikakulam (11),Total,55-59,101124,44498,56626,857,354,503,83167,42029,41138,16230,1891,14339,660,183,477,210,41,169,0,0,0
28,542,District - Srikakulam (11),Total,60-64,120039,53543,66496,1223,418,805,83002,48876,34126,34710,3996,30714,852,208,644,252,45,207,0,0,0
28,542,District - Srikakulam (11),Total,65-69,87859,42538,45321,996,396,600,53860,37308,16552,32340,4653,27687,535,155,380,128,26,102,0,0,0
28,542,District - Srikakulam (11),Total,70-74,55105,26719,28386,501,228,273,28256,21918,6338,25999,4443,21556,262,103,159,87,27,60,0,0,0
28,542,District - Srikakulam (11),Total,75-79,20667,10077,10590,175,77,98,9842,7793,2049,10553,2165,8388,73,35,38,24,7,17,0,0,0
28,542,District - Srikakulam (11),Total,80+,19225,8251,10974,532,312,220,7052,5364,1688,11551,2530,9021,70,39,31,20,6,14,0,0,0
28,542,District - Srikakulam (11),Total,Age not stated,3874,2198,1676,2299,1540,759,1326,615,711,227,37,190,13,3,10,9,3,6,0,0,0
28,542,District - Srikakulam (11),Total,Less than 18,834057,430575,403482,824216,428521,395695,9459,1954,7505,273,69,204,94,30,64,15,1,14,0,0,0
28,542,District - Srikakulam (11),Total,Less than 21,1008552,517501,491051,954561,511105,443456,52909,6215,46694,585,119,466,364,59,305,133,3,130,0,0,0
28,542,District - Srikakulam (11),Rural,All ages,2266411,1126888,1139523,942401,537647,404754,1148016,564388,583628,160202,21946,138256,11606,2312,9294,4186,595,3591,0,0,0
28,542,District - Srikakulam (11),Rural,0-9,359123,183907,175216,359123,183907,175216,0,0,0,0,0,0,0,0,0,0,0,0,0,0,0
28,542,District - Srikakulam (11),Rural,10-14,219947,114763,105184,217456,113991,103465,2343,724,1619,103,31,72,41,17,24,4,0,4,0,0,0
28,542,District - Srikakulam (11),Rural,15-19,215519,112613,102906,192671,110362,82309,22421,2185,20236,241,45,196,134,21,113,52,0,52,0,0,0
28,542,District - Srikakulam (11),Rural,20-24,206629,106494,100135,111818,84928,26890,92941,21389,71552,851,96,755,730,68,662,289,13,276,0,0,0
28,542,District - Srikakulam (11),Rural,25-29,192558,93539,99019,38812,32091,6721,149597,61008,88589,2329,212,2117,1306,164,1142,514,64,450,0,0,0
28,542,District - Srikakulam (11),Rural,30-34,169997,82466,87531,9176,6414,2762,154342,75357,78985,4235,346,3889,1545,245,1300,699,104,595,0,0,0
28,542,District - Srikakulam (11),Rural,35-39,170136,80168,89968,3361,1552,1809,157627,77735,79892,6628,499,6129,1873,303,1570,647,79,568,0,0,0
28,542,District - Srikakulam (11),Rural,40-44,149866,76031,73835,2144,799,1345,136630,74046,62584,8919,762,8157,1619,352,1267,554,72,482,0,0,0
28,542,District - Srikakulam (11),Rural,45-49,127616,65011,62605,1263,421,842,114071,63130,50941,10568,1064,9504,1273,319,954,441,77,364,0,0,0
28,542,District - Srikakulam (11),Rural,50-54,104028,50841,53187,1061,364,697,88621,48766,39855,13075,1464,11611,953,199,754,318,48,270,0,0,0
28,542,District - Srikakulam (11),Rural,55-59,84765,36493,48272,678,274,404,70030,34413,35617,13312,1614,11698,558,157,401,187,35,152,0,0,0
28,542,District - Srikakulam (11),Rural,60-64,103704,45932,57772,1015,349,666,71892,41816,30076,29829,3552,26277,734,175,559,234,40,194,0,0,0
28,542,District - Srikakulam (11),Rural,65-69,77093,37475,39618,828,319,509,47317,32803,14514,28363,4192,24171,463,137,326,122,24,98,0,0,0
28,542,District - Srikakulam (11),Rural,70-74,48306,23526,24780,405,187,218,24703,19251,5452,22875,3974,18901,243,89,154,80,25,55,0,0,0
28,542,District - Srikakulam (11),Rural,75-79,17666,8619,9047,147,65,82,8396,6631,1765,9040,1888,7152,64,29,35,19,6,13,0,0,0
28,542,District - Srikakulam (11),Rural,80+,16191,7108,9083,431,255,176,6030,4638,1392,9653,2175,7478,59,34,25,18,6,12,0,0,0
28,542,District - Srikakulam (11),Rural,Age not stated,3267,1902,1365,2012,1369,643,1055,496,559,181,32,149,11,3,8,8,2,6,0,0,0
28,542,District - Srikakulam (11),Rural,Less than 18,704723,364952,339771,696361,363205,333156,8034,1665,6369,230,55,175,85,27,58,13,0,13,0,0,0
28,542,District - Srikakulam (11),Rural,Less than 21,851847,438898,412949,805001,433338,371663,45909,5411,40498,498,98,400,315,50,265,124,1,123,0,0,0
28,542,District - Srikakulam (11),Urban,All ages,436703,214850,221853,185339,103246,82093,219690,108036,111654,28888,3039,25849,2232,433,1799,554,96,458,0,0,0
28,542,District - Srikakulam (11),Urban,0-9,64265,33081,31184,64265,33081,31184,0,0,0,0,0,0,0,0,0,0,0,0,0,0,0
28,542,District - Srikakulam (11),Urban,10-14,40994,20452,20542,40538,20312,20226,430,131,299,17,6,11,7,2,5,2,1,1,0,0,0
28,542,District - Srikakulam (11),Urban,15-19,41285,20413,20872,37736,20036,17700,3485,360,3125,44,12,32,19,5,14,1,0,1,0,0,0
28,542,District - Srikakulam (11),Urban,20-24,41934,19960,21974,25211,16990,8221,16402,2944,13458,160,12,148,123,11,112,38,3,35,0,0,0
28,542,District - Srikakulam (11),Urban,25-29,40865,19239,21626,11147,8824,2323,28970,10332,18638,448,31,417,238,45,193,62,7,55,0,0,0
28,542,District - Srikakulam (11),Urban,30-34,36119,17484,18635,3040,2249,791,31767,15122,16645,848,49,799,362,48,314,102,16,86,0,0,0
28,542,District - Srikakulam (11),Urban,35-39,36193,17687,18506,1134,699,435,33128,16794,16334,1456,103,1353,385,75,310,90,16,74,0,0,0
28,542,District - Srikakulam (11),Urban,40-44,30682,15860,14822,574,280,294,27696,15397,12299,1995,116,1879,336,53,283,81,14,67,0,0,0
28,542,District - Srikakulam (11),Urban,45-49,26776,13620,13156,346,149,197,23483,13214,10269,2618,198,2420,259,48,211,70,11,59,0,0,0
28,542,District - Srikakulam (11),Urban,50-54,20689,10285,10404,281,119,162,17247,9887,7360,2945,224,2721,170,44,126,46,11,35,0,0,0
28,542,District - Srikakulam (11),Urban,55-59,16359,8005,8354,179,80,99,13137,7616,5521,2918,277,2641,102,26,76,23,6,17,0,0,0
28,542,District - Srikakulam (11),Urban,60-64,16335,7611,8724,208,69,139,11110,7060,4050,4881,444,4437,118,33,85,18,5,13,0,0,0
28,542,District - Srikakulam (11),Urban,65-69,10766,5063,5703,168,77,91,6543,4505,2038,3977,461,3516,72,18,54,6,2,4,0,0,0
28,542,District - Srikakulam (11),Urban,70-74,6799,3193,3606,96,41,55,3553,2667,886,3124,469,2655,19,14,5,7,2,5,0,0,0
28,542,District - Srikakulam (11),Urban,75-79,3001,1458,1543,28,12,16,1446,1162,284,1513,277,1236,9,6,3,5,1,4,0,0,0
28,542,District - Srikakulam (11),Urban,80+,3034,1143,1891,101,57,44,1022,726,296,1898,355,1543,11,5,6,2,0,2,0,0,0
28,542,District - Srikakulam (11),Urban,Age not stated,607,296,311,287,171,116,271,119,152,46,5,41,2,0,2,1,1,0,0,0,0
28,542,District - Srikakulam (11),Urban,Less than 18,129334,65623,63711,127855,65316,62539,1425,289,1136,43,14,29,9,3,6,2,1,1,0,0,0
28,542,District - Srikakulam (11),Urban,Less than 21,156705,78603,78102,149560,77767,71793,7000,804,6196,87,21,66,49,9,40,9,2,7,0,0,0
28,543,District - Vizianagaram (12),Total,All ages,2344474,1161477,1182997,950836,534739,416097,1210533,595065,615468,166552,27711,138841,13326,3296,10030,3227,666,2561,0,0,0
28,543,District - Vizianagaram (12),Total,0-9,362998,185208,177790,362998,185208,177790,0,0,0,0,0,0,0,0,0,0,0,0,0,0,0
28,543,District - Vizianagaram (12),Total,10-14,222262,114435,107827,218556,113176,105380,3454,1173,2281,168,53,115,79,32,47,5,1,4,0,0,0
28,543,District - Vizianagaram (12),Total,15-19,214869,110391,104478,190182,107017,83165,24070,3244,20826,364,81,283,210,41,169,43,8,35,0,0,0
28,543,District - Vizianagaram (12),Total,20-24,208095,104818,103277,106937,78130,28807,98921,26345,72576,1100,166,934,880,138,742,257,39,218,0,0,0
28,543,District - Vizianagaram (12),Total,25-29,198142,96020,102122,38021,30535,7486,155177,64785,90392,2865,390,2475,1623,246,1377,456,64,392,0,0,0
28,543,District - Vizianagaram (12),Total,30-34,179423,87170,92253,10154,7428,2726,162166,78678,83488,4593,544,4049,1984,423,1561,526,97,429,0,0,0
28,543,District - Vizianagaram (12),Total,35-39,184858,88802,96056,4027,2357,1670,170603,85028,85575,7492,813,6679,2158,493,1665,578,111,467,0,0,0
28,543,District - Vizianagaram (12),Total,40-44,162409,82400,80009,2237,1151,1086,147674,79453,68221,10119,1225,8894,1922,484,1438,457,87,370,0,0,0
28,543,District - Vizianagaram (12),Total,45-49,139704,70810,68894,1415,689,726,124243,68010,56233,12404,1656,10748,1334,370,964,308,85,223,0,0,0
28,543,District - Vizianagaram (12),Total,50-54,113383,55759,57624,1242,623,619,95062,52490,42572,15934,2306,13628,958,288,670,187,52,135,0,0,0
28,543,District - Vizianagaram (12),Total,55-59,93839,41729,52110,958,472,486,75696,38397,37299,16424,2603,13821,636,222,414,125,35,90,0,0,0
28,543,District - Vizianagaram (12),Total,60-64,108052,49308,58744,1236,542,694,71964,43108,28856,33954,5366,28588,762,254,508,136,38,98,0,0,0
28,543,District - Vizianagaram (12),Total,65-69,69346,33377,35969,979,400,579,41114,27834,13280,26791,4975,21816,394,149,245,68,19,49,0,0,0
28,543,District - Vizianagaram (12),Total,70-74,39112,18829,20283,476,221,255,19700,14660,5040,18713,3835,14878,193,100,93,30,13,17,0,0,0
28,543,District - Vizianagaram (12),Total,75-79,14284,6799,7485,158,77,81,6738,4948,1790,7326,1751,5575,54,20,34,8,3,5,0,0,0
28,543,District - Vizianagaram (12),Total,80+,13453,5771,7682,736,448,288,5532,3552,1980,7124,1749,5375,48,16,32,13,6,7,0,0,0
28,543,District - Vizianagaram (12),Total,Age not stated,20245,9851,10394,10524,6265,4259,8419,3360,5059,1181,198,983,91,20,71,30,8,22,0,0,0
28,543,District - Vizianagaram (12),Total,Less than 18,710712,364565,346147,699927,361871,338056,10269,2541,7728,345,97,248,154,51,103,17,5,12,0,0,0
28,543,District - Vizianagaram (12),Total,Less than 21,855945,437176,418769,805973,428955,377018,48675,7941,40734,738,170,568,458,95,363,101,15,86,0,0,0
28,543,District - Vizianagaram (12),Rural,All ages,1853563,920428,933135,746277,421621,324656,961004,472100,488904,132912,23529,109383,10756,2650,8106,2614,528,2086,0,0,0
28,543,District - Vizianagaram (12),Rural,0-9,293445,149628,143817,293445,149628,143817,0,0,0,0,0,0,0,0,0,0,0,0,0,0,0
28,543,District - Vizianagaram (12),Rural,10-14,177741,92411,85330,174785,91398,83387,2754,937,1817,135,49,86,65,26,39,2,1,1,0,0,0
28,543,District - Vizianagaram (12),Rural,15-19,169788,88139,81649,149476,85334,64142,19791,2691,17100,300,71,229,185,38,147,36,5,31,0,0,0
28,543,District - Vizianagaram (12),Rural,20-24,160216,82043,78173,78867,59720,19147,79520,22047,57473,881,134,747,732,112,620,216,30,186,0,0,0
28,543,District - Vizianagaram (12),Rural,25-29,152409,74065,78344,26036,21398,4638,122443,52090,70353,2251,330,1921,1314,193,1121,365,54,311,0,0,0
28,543,District - Vizianagaram (12),Rural,30-34,139724,67535,72189,6714,4891,1823,127407,61777,65630,3568,442,3126,1611,343,1268,424,82,342,0,0,0
28,543,District - Vizianagaram (12),Rural,35-39,144305,68912,75393,2729,1525,1204,133665,66258,67407,5770,670,5100,1680,377,1303,461,82,379,0,0,0
28,543,District - Vizianagaram (12),Rural,40-44,127658,64644,63014,1544,774,770,116460,62440,54020,7790,995,6795,1503,373,1130,361,62,299,0,0,0
28,543,District - Vizianagaram (12),Rural,45-49,109228,55345,53883,990,471,519,97479,53155,44324,9463,1362,8101,1046,290,756,250,67,183,0,0,0
28,543,District - Vizianagaram (12),Rural,50-54,89315,43735,45580,849,434,415,75181,41075,34106,12350,1950,10400,785,236,549,150,40,110,0,0,0
28,543,District - Vizianagaram (12),Rural,55-59,74984,32660,42324,652,316,336,60902,29947,30955,12793,2177,10616,529,189,340,108,31,77,0,0,0
28,543,District - Vizianagaram (12),Rural,60-64,89023,40624,48399,905,396,509,59487,35290,24197,27882,4697,23185,634,208,426,115,33,82,0,0,0
28,543,District - Vizianagaram (12),Rural,65-69,57894,28110,29784,736,307,429,34337,23300,11037,22418,4354,18064,344,132,212,59,17,42,0,0,0
28,543,District - Vizianagaram (12),Rural,70-74,32013,15546,16467,346,160,186,16037,11966,4071,15435,3327,12108,169,84,85,26,9,17,0,0,0
28,543,District - Vizianagaram (12),Rural,75-79,11165,5445,5720,98,45,53,5316,3933,1383,5698,1447,4251,46,17,29,7,3,4,0,0,0
28,543,District - Vizianagaram (12),Rural,80+,10217,4529,5688,545,326,219,4325,2812,1513,5293,1371,3922,43,15,28,11,5,6,0,0,0
28,543,District - Vizianagaram (12),Rural,Age not stated,14438,7057,7381,7560,4498,3062,5900,2382,3518,885,153,732,70,17,53,23,7,16,0,0,0
28,543,District - Vizianagaram (12),Rural,Less than 18,570899,294038,276861,562158,291855,270303,8314,2044,6270,281,90,191,134,45,89,12,4,8,0,0,0
28,543,District - Vizianagaram (12),Rural,Less than 21,685190,351964,333226,644063,345089,298974,40058,6637,33421,590,145,445,396,83,313,83,10,73,0,0,0
28,543,District - Vizianagaram (12),Urban,All ages,490911,241049,249862,204559,113118,91441,249529,122965,126564,33640,4182,29458,2570,646,1924,613,138,475,0,0,0
28,543,District - Vizianagaram (12),Urban,0-9,69553,35580,33973,69553,35580,33973,0,0,0,0,0,0,0,0,0,0,0,0,0,0,0
28,543,District - Vizianagaram (12),Urban,10-14,44521,22024,22497,43771,21778,21993,700,236,464,33,4,29,14,6,8,3,0,3,0,0,0
28,543,District - Vizianagaram (12),Urban,15-19,45081,22252,22829,40706,21683,19023,4279,553,3726,64,10,54,25,3,22,7,3,4,0,0,0
28,543,District - Vizianagaram (12),Urban,20-24,47879,22775,25104,28070,18410,9660,19401,4298,15103,219,32,187,148,26,122,41,9,32,0,0,0
28,543,District - Vizianagaram (12),Urban,25-29,45733,21955,23778,11985,9137,2848,32734,12695,20039,614,60,554,309,53,256,91,10,81,0,0,0
28,543,District - Vizianagaram (12),Urban,30-34,39699,19635,20064,3440,2537,903,34759,16901,17858,1025,102,923,373,80,293,102,15,87,0,0,0
28,543,District - Vizianagaram (12),Urban,35-39,40553,19890,20663,1298,832,466,36938,18770,18168,1722,143,1579,478,116,362,117,29,88,0,0,0
28,543,District - Vizianagaram (12),Urban,40-44,34751,17756,16995,693,377,316,31214,17013,14201,2329,230,2099,419,111,308,96,25,71,0,0,0
28,543,District - Vizianagaram (12),Urban,45-49,30476,15465,15011,425,218,207,26764,14855,11909,2941,294,2647,288,80,208,58,18,40,0,0,0
28,543,District - Vizianagaram (12),Urban,50-54,24068,12024,12044,393,189,204,19881,11415,8466,3584,356,3228,173,52,121,37,12,25,0,0,0
28,543,District - Vizianagaram (12),Urban,55-59,18855,9069,9786,306,156,150,14794,8450,6344,3631,426,3205,107,33,74,17,4,13,0,0,0
28,543,District - Vizianagaram (12),Urban,60-64,19029,8684,10345,331,146,185,12477,7818,4659,6072,669,5403,128,46,82,21,5,16,0,0,0
28,543,District - Vizianagaram (12),Urban,65-69,11452,5267,6185,243,93,150,6777,4534,2243,4373,621,3752,50,17,33,9,2,7,0,0,0
28,543,District - Vizianagaram (12),Urban,70-74,7099,3283,3816,130,61,69,3663,2694,969,3278,508,2770,24,16,8,4,4,0,0,0,0
28,543,District - Vizianagaram (12),Urban,75-79,3119,1354,1765,60,32,28,1422,1015,407,1628,304,1324,8,3,5,1,0,1,0,0,0
28,543,District - Vizianagaram (12),Urban,80+,3236,1242,1994,191,122,69,1207,740,467,1831,378,1453,5,1,4,2,1,1,0,0,0
28,543,District - Vizianagaram (12),Urban,Age not stated,5807,2794,3013,2964,1767,1197,2519,978,1541,296,45,251,21,3,18,7,1,6,0,0,0
28,543,District - Vizianagaram (12),Urban,Less than 18,139813,70527,69286,137769,70016,67753,1955,497,1458,64,7,57,20,6,14,5,1,4,0,0,0
28,543,District - Vizianagaram (12),Urban,Less than 21,170755,85212,85543,161910,83866,78044,8617,1304,7313,148,25,123,62,12,50,18,5,13,0,0,0
28,544,District - Visakhapatnam (13),Total,All ages,4290589,2138910,2151679,1781100,1000375,780725,2228213,1092319,1135894,257805,39879,217926,19689,5410,14279,3782,927,2855,0,0,0
28,544,District - Visakhapatnam (13),Total,0-9,671283,342582,328701,671283,342582,328701,0,0,0,0,0,0,0,0,0,0,0,0,0,0,0
28,544,District - Visakhapatnam (13),Total,10-14,402050,205966,196084,392545,202391,190154,8904,3365,5539,377,118,259,181,68,113,43,24,19,0,0,0
28,544,District - Visakhapatnam (13),Total,15-19,388888,197546,191342,340823,190119,150704,46881,7105,39776,757,197,560,379,111,268,48,14,34,0,0,0
28,544,District - Visakhapatnam (13),Total,20-24,407228,198334,208894,212834,149947,62887,190472,47699,142773,2200,395,1805,1454,248,1206,268,45,223,0,0,0
28,544,District - Visakhapatnam (13),Total,25-29,405104,195965,209139,84972,66976,17996,311691,127685,184006,5363,800,4563,2569,421,2148,509,83,426,0,0,0
28,544,District - Visakhapatnam (13),Total,30-34,348395,173776,174619,22560,16627,5933,313483,155233,158250,8608,1117,7491,3060,649,2411,684,150,534,0,0,0
28,544,District - Visakhapatnam (13),Total,35-39,349583,170830,178753,8620,5361,3259,323372,162870,160502,13789,1667,12122,3176,788,2388,626,144,482,0,0,0
28,544,District - Visakhapatnam (13),Total,40-44,295452,153122,142330,4640,2612,2028,270109,147347,122762,17536,2261,15275,2681,793,1888,486,109,377,0,0,0
28,544,District - Visakhapatnam (13),Total,45-49,252197,131225,120972,2946,1569,1377,225001,125779,99222,21919,3092,18827,1991,686,1305,340,99,241,0,0,0
28,544,District - Visakhapatnam (13),Total,50-54,191834,97975,93859,2564,1313,1251,161705,92296,69409,25960,3756,22204,1363,527,836,242,83,159,0,0,0
28,544,District - Visakhapatnam (13),Total,55-59,149251,70737,78514,2030,1020,1010,120748,65623,55125,25494,3726,21768,848,325,523,131,43,88,0,0,0
28,544,District - Visakhapatnam (13),Total,60-64,158536,73428,85108,2644,1131,1513,108075,65102,42973,46745,6806,39939,916,340,576,156,49,107,0,0,0
28,544,District - Visakhapatnam (13),Total,65-69,105375,49810,55565,2387,1129,1258,64593,42247,22346,37806,6180,31626,494,218,276,95,36,59,0,0,0
28,544,District - Visakhapatnam (13),Total,70-74,60814,28923,31891,1164,543,621,32921,23417,9504,26443,4834,21609,228,111,117,58,18,40,0,0,0
28,544,District - Visakhapatnam (13),Total,75-79,23791,11012,12779,464,207,257,12350,8554,3796,10866,2201,8665,91,44,47,20,6,14,0,0,0
28,544,District - Visakhapatnam (13),Total,80+,26465,11207,15258,1884,1079,805,13153,7709,5444,11326,2385,8941,85,31,54,17,3,14,0,0,0
28,544,District - Visakhapatnam (13),Total,Age not stated,54343,26472,27871,26740,15769,10971,24755,10288,14467,2616,344,2272,173,50,123,59,21,38,0,0,0
28,544,District - Visakhapatnam (13),Total,Less than 18,1296899,664386,632513,1273202,657565,615637,22544,6441,16103,774,225,549,319,123,196,60,32,28,0,0,0
28,544,District - Visakhapatnam (13),Total,Less than 21,1564668,794273,770395,1468494,776951,691543,93652,16670,76982,1558,398,1160,824,209,615,140,45,95,0,0,0
28,544,District - Visakhapatnam (13),Rural,All ages,2254667,1113234,1141433,936356,521564,414792,1146547,561464,585083,157500,26235,131265,12161,3488,8673,2103,483,1620,0,0,0
28,544,District - Visakhapatnam (13),Rural,0-9,385453,195169,190284,385453,195169,190284,0,0,0,0,0,0,0,0,0,0,0,0,0,0,0
28,544,District - Visakhapatnam (13),Rural,10-14,223222,113324,109898,218671,111688,106983,4205,1512,2693,217,75,142,108,38,70,21,11,10,0,0,0
28,544,District - Visakhapatnam (13),Rural,15-19,207187,105704,101483,178409,101251,77158,28056,4270,23786,446,123,323,243,51,192,33,9,24,0,0,0
28,544,District - Visakhapatnam (13),Rural,20-24,207162,102840,104322,96580,72252,24328,108105,30121,77984,1363,282,1081,954,163,791,160,22,138,0,0,0
28,544,District - Visakhapatnam (13),Rural,25-29,202338,98193,104145,32636,26305,6331,164604,70992,93612,3241,575,2666,1572,274,1298,285,47,238,0,0,0
28,544,District - Visakhapatnam (13),Rural,30-34,172985,85186,87799,8047,5754,2293,157444,78217,79227,5237,741,4496,1868,397,1471,389,77,312,0,0,0
28,544,District - Visakhapatnam (13),Rural,35-39,174470,84101,90369,3165,1848,1317,160850,80597,80253,8252,1112,7140,1879,477,1402,324,67,257,0,0,0
28,544,District - Visakhapatnam (13),Rural,40-44,148399,75529,72870,1881,1036,845,134293,72454,61839,10319,1492,8827,1632,495,1137,274,52,222,0,0,0
28,544,District - Visakhapatnam (13),Rural,45-49,126710,64951,61759,1147,616,531,111776,61822,49954,12406,2018,10388,1202,443,759,179,52,127,0,0,0
28,544,District - Visakhapatnam (13),Rural,50-54,98583,48905,49678,994,513,481,81621,45539,36082,14986,2465,12521,844,347,497,138,41,97,0,0,0
28,544,District - Visakhapatnam (13),Rural,55-59,77673,34274,43399,721,364,357,61878,31320,30558,14461,2329,12132,536,236,300,77,25,52,0,0,0
28,544,District - Visakhapatnam (13),Rural,60-64,95107,42079,53028,1177,518,659,62172,36512,25660,31030,4772,26258,631,249,382,97,28,69,0,0,0
28,544,District - Visakhapatnam (13),Rural,65-69,65934,30859,35075,1046,504,542,38476,25676,12800,26000,4487,21513,357,167,190,55,25,30,0,0,0
28,544,District - Visakhapatnam (13),Rural,70-74,35995,16802,19193,485,219,266,17993,13256,4737,17312,3233,14079,172,83,89,33,11,22,0,0,0
28,544,District - Visakhapatnam (13),Rural,75-79,11843,5409,6434,156,75,81,5653,4062,1591,5959,1232,4727,62,35,27,13,5,8,0,0,0
28,544,District - Visakhapatnam (13),Rural,80+,11759,4990,6769,702,411,291,5344,3359,1985,5660,1202,4458,43,17,26,10,1,9,0,0,0
28,544,District - Visakhapatnam (13),Rural,Age not stated,9847,4919,4928,5086,3041,2045,4077,1755,2322,611,97,514,58,16,42,15,10,5,0,0,0
28,544,District - Visakhapatnam (13),Rural,Less than 18,728015,370406,357609,715552,367048,348504,11800,3144,8656,449,141,308,184,58,126,30,15,15,0,0,0
28,544,District - Visakhapatnam (13),Rural,Less than 21,872065,441052,431013,814829,430669,384160,55667,9991,45676,938,260,678,546,110,436,85,22,63,0,0,0
28,544,District - Visakhapatnam (13),Urban,All ages,2035922,1025676,1010246,844744,478811,365933,1081666,530855,550811,100305,13644,86661,7528,1922,5606,1679,444,1235,0,0,0
28,544,District - Visakhapatnam (13),Urban,0-9,285830,147413,138417,285830,147413,138417,0,0,0,0,0,0,0,0,0,0,0,0,0,0,0
28,544,District - Visakhapatnam (13),Urban,10-14,178828,92642,86186,173874,90703,83171,4699,1853,2846,160,43,117,73,30,43,22,13,9,0,0,0
28,544,District - Visakhapatnam (13),Urban,15-19,181701,91842,89859,162414,88868,73546,18825,2835,15990,311,74,237,136,60,76,15,5,10,0,0,0
28,544,District - Visakhapatnam (13),Urban,20-24,200066,95494,104572,116254,77695,38559,82367,17578,64789,837,113,724,500,85,415,108,23,85,0,0,0
28,544,District - Visakhapatnam (13),Urban,25-29,202766,97772,104994,52336,40671,11665,147087,56693,90394,2122,225,1897,997,147,850,224,36,188,0,0,0
28,544,District - Visakhapatnam (13),Urban,30-34,175410,88590,86820,14513,10873,3640,156039,77016,79023,3371,376,2995,1192,252,940,295,73,222,0,0,0
28,544,District - Visakhapatnam (13),Urban,35-39,175113,86729,88384,5455,3513,1942,162522,82273,80249,5537,555,4982,1297,311,986,302,77,225,0,0,0
28,544,District - Visakhapatnam (13),Urban,40-44,147053,77593,69460,2759,1576,1183,135816,74893,60923,7217,769,6448,1049,298,751,212,57,155,0,0,0
28,544,District - Visakhapatnam (13),Urban,45-49,125487,66274,59213,1799,953,846,113225,63957,49268,9513,1074,8439,789,243,546,161,47,114,0,0,0
28,544,District - Visakhapatnam (13),Urban,50-54,93251,49070,44181,1570,800,770,80084,46757,33327,10974,1291,9683,519,180,339,104,42,62,0,0,0
28,544,District - Visakhapatnam (13),Urban,55-59,71578,36463,35115,1309,656,653,58870,34303,24567,11033,1397,9636,312,89,223,54,18,36,0,0,0
28,544,District - Visakhapatnam (13),Urban,60-64,63429,31349,32080,1467,613,854,45903,28590,17313,15715,2034,13681,285,91,194,59,21,38,0,0,0
28,544,District - Visakhapatnam (13),Urban,65-69,39441,18951,20490,1341,625,716,26117,16571,9546,11806,1693,10113,137,51,86,40,11,29,0,0,0
28,544,District - Visakhapatnam (13),Urban,70-74,24819,12121,12698,679,324,355,14928,10161,4767,9131,1601,7530,56,28,28,25,7,18,0,0,0
28,544,District - Visakhapatnam (13),Urban,75-79,11948,5603,6345,308,132,176,6697,4492,2205,4907,969,3938,29,9,20,7,1,6,0,0,0
28,544,District - Visakhapatnam (13),Urban,80+,14706,6217,8489,1182,668,514,7809,4350,3459,5666,1183,4483,42,14,28,7,2,5,0,0,0
28,544,District - Visakhapatnam (13),Urban,Age not stated,44496,21553,22943,21654,12728,8926,20678,8533,12145,2005,247,1758,115,34,81,44,11,33,0,0,0
28,544,District - Visakhapatnam (13),Urban,Less than 18,568884,293980,274904,557650,290517,267133,10744,3297,7447,325,84,241,135,65,70,30,17,13,0,0,0
28,544,District - Visakhapatnam (13),Urban,Less than 21,692603,353221,339382,653665,346282,307383,37985,6679,31306,620,138,482,278,99,179,55,23,32,0,0,0
28,545,District - East Godavari (14),Total,All ages,5154296,2569688,2584608,2085470,1176881,908589,2689411,1334985,1354426,346348,49922,296426,28754,6983,21771,4313,917,3396,0,0,0
28,545,District - East Godavari (14),Total,0-9,779524,396218,383306,779524,396218,383306,0,0,0,0,0,0,0,0,0,0,0,0,0,0,0
28,545,District - East Godavari (14),Total,10-14,468065,236179,231886,462923,234694,228229,4806,1385,3421,205,55,150,123,42,81,8,3,5,0,0,0
28,545,District - East Godavari (14),Total,15-19,487559,249462,238097,435609,244552,191057,51017,4753,46264,510,88,422,372,63,309,51,6,45,0,0,0
28,545,District - East Godavari (14),Total,20-24,513641,257911,255730,272318,196956,75362,236343,60428,175915,2494,215,2279,2131,276,1855,355,36,319,0,0,0
28,545,District - East Godavari (14),Total,25-29,475539,234764,240775,92332,75081,17251,371187,158400,212787,7228,541,6687,4055,626,3429,737,116,621,0,0,0
28,545,District - East Godavari (14),Total,30-34,409556,204242,205314,21361,16595,4766,371220,185666,185554,11501,961,10540,4598,878,3720,876,142,734,0,0,0
28,545,District - East Godavari (14),Total,35-39,410228,199415,210813,6903,4747,2156,380102,191958,188144,17710,1462,16248,4728,1066,3662,785,182,603,0,0,0
28,545,District - East Godavari (14),Total,40-44,354158,180726,173432,3692,2246,1446,323607,174912,148695,22256,2305,19951,4037,1127,2910,566,136,430,0,0,0
28,545,District - East Godavari (14),Total,45-49,305012,155368,149644,2188,1246,942,273317,150118,123199,26125,2993,23132,3028,901,2127,354,110,244,0,0,0
28,545,District - East Godavari (14),Total,50-54,238779,121736,117043,1561,849,712,204007,116274,87733,30971,3898,27073,2025,648,1377,215,67,148,0,0,0
28,545,District - East Godavari (14),Total,55-59,186083,86805,99278,1140,586,554,154192,81813,72379,29403,3964,25439,1227,409,818,121,33,88,0,0,0
28,545,District - East Godavari (14),Total,60-64,209706,95022,114684,1369,639,730,145686,85852,59834,61272,8066,53206,1264,431,833,115,34,81,0,0,0
28,545,District - East Godavari (14),Total,65-69,143414,68695,74719,1115,544,571,90091,59933,30158,51502,7937,43565,632,250,382,74,31,43,0,0,0
28,545,District - East Godavari (14),Total,70-74,94342,46601,47741,659,329,330,49832,37975,11857,43498,8127,35371,321,159,162,32,11,21,0,0,0
28,545,District - East Godavari (14),Total,75-79,37936,18527,19409,257,129,128,18844,14240,4604,18719,4099,14620,104,52,52,12,7,5,0,0,0
28,545,District - East Godavari (14),Total,80+,37862,16554,21308,949,564,385,14085,10769,3316,22729,5171,17558,88,47,41,11,3,8,0,0,0
28,545,District - East Godavari (14),Total,Age not stated,2892,1463,1429,1570,906,664,1075,509,566,225,40,185,21,8,13,1,0,1,0,0,0
28,545,District - East Godavari (14),Total,Less than 18,1521656,774147,747509,1503922,770671,733251,17001,3284,13717,468,108,360,242,77,165,23,7,16,0,0,0
28,545,District - East Godavari (14),Total,Less than 21,1874987,948671,926316,1765381,935267,830114,107363,13039,94324,1172,193,979,947,160,787,124,12,112,0,0,0
28,545,District - East Godavari (14),Rural,All ages,3840324,1922293,1918031,1546332,879579,666753,2007170,997235,1009935,262053,39532,222521,21656,5309,16347,3113,638,2475,0,0,0
28,545,District - East Godavari (14),Rural,0-9,590843,300430,290413,590843,300430,290413,0,0,0,0,0,0,0,0,0,0,0,0,0,0,0
28,545,District - East Godavari (14),Rural,10-14,350750,176933,173817,346982,175831,171151,3524,1029,2495,147,42,105,94,31,63,3,0,3,0,0,0
28,545,District - East Godavari (14),Rural,15-19,363847,188487,175360,323254,184791,138463,39855,3583,36272,404,66,338,294,44,250,40,3,37,0,0,0
28,545,District - East Godavari (14),Rural,20-24,379659,194927,184732,196444,147579,48865,179369,46965,132404,1878,154,1724,1687,201,1486,281,28,253,0,0,0
28,545,District - East Godavari (14),Rural,25-29,348223,173324,174899,62769,52659,10110,276422,119695,156727,5425,417,5008,3064,470,2594,543,83,460,0,0,0
28,545,District - East Godavari (14),Rural,30-34,301274,150299,150975,13318,10509,2809,275238,138315,136923,8581,725,7856,3488,654,2834,649,96,553,0,0,0
28,545,District - East Godavari (14),Rural,35-39,300908,146441,154467,4078,2811,1267,279704,141585,138119,13013,1133,11880,3577,797,2780,536,115,421,0,0,0
28,545,District - East Godavari (14),Rural,40-44,259899,132721,127178,2142,1295,847,238268,128741,109527,16142,1744,14398,2951,846,2105,396,95,301,0,0,0
28,545,District - East Godavari (14),Rural,45-49,221987,113389,108598,1183,699,484,199796,109656,90140,18520,2270,16250,2236,687,1549,252,77,175,0,0,0
28,545,District - East Godavari (14),Rural,50-54,175054,89147,85907,868,489,379,150357,85127,65230,22213,3000,19213,1469,487,982,147,44,103,0,0,0
28,545,District - East Godavari (14),Rural,55-59,138060,62937,75123,656,372,284,115133,59233,55900,21260,2987,18273,929,320,609,82,25,57,0,0,0
28,545,District - East Godavari (14),Rural,60-64,162777,73263,89514,804,396,408,113479,66045,47434,47439,6453,40986,970,341,629,85,28,57,0,0,0
28,545,District - East Godavari (14),Rural,65-69,113557,54848,58709,694,371,323,71396,47686,23710,40920,6550,34370,488,213,275,59,28,31,0,0,0
28,545,District - East Godavari (14),Rural,70-74,74417,37124,37293,393,222,171,39134,30115,9019,34617,6640,27977,252,138,114,21,9,12,0,0,0
28,545,District - East Godavari (14),Rural,75-79,28691,14227,14464,148,83,65,14193,10860,3333,14260,3239,11021,81,39,42,9,6,3,0,0,0
28,545,District - East Godavari (14),Rural,80+,28334,12735,15599,599,362,237,10576,8252,2324,17091,4085,13006,59,35,24,9,1,8,0,0,0
28,545,District - East Godavari (14),Rural,Age not stated,2044,1061,983,1157,680,477,726,348,378,143,27,116,17,6,11,1,0,1,0,0,0
28,545,District - East Godavari (14),Rural,Less than 18,1145572,583708,561864,1132184,581148,551036,12832,2419,10413,358,85,273,185,55,130,13,1,12,0,0,0
28,545,District - East Godavari (14),Rural,Less than 21,1411650,717493,694157,1326025,707175,618850,83868,10050,73818,909,146,763,748,118,630,100,4,96,0,0,0
28,545,District - East Godavari (14),Urban,All ages,1313972,647395,666577,539138,297302,241836,682241,337750,344491,84295,10390,73905,7098,1674,5424,1200,279,921,0,0,0
28,545,District - East Godavari (14),Urban,0-9,188681,95788,92893,188681,95788,92893,0,0,0,0,0,0,0,0,0,0,0,0,0,0,0
28,545,District - East Godavari (14),Urban,10-14,117315,59246,58069,115941,58863,57078,1282,356,926,58,13,45,29,11,18,5,3,2,0,0,0
28,545,District - East Godavari (14),Urban,15-19,123712,60975,62737,112355,59761,52594,11162,1170,9992,106,22,84,78,19,59,11,3,8,0,0,0
28,545,District - East Godavari (14),Urban,20-24,133982,62984,70998,75874,49377,26497,56974,13463,43511,616,61,555,444,75,369,74,8,66,0,0,0
28,545,District - East Godavari (14),Urban,25-29,127316,61440,65876,29563,22422,7141,94765,38705,56060,1803,124,1679,991,156,835,194,33,161,0,0,0
28,545,District - East Godavari (14),Urban,30-34,108282,53943,54339,8043,6086,1957,95982,47351,48631,2920,236,2684,1110,224,886,227,46,181,0,0,0
28,545,District - East Godavari (14),Urban,35-39,109320,52974,56346,2825,1936,889,100398,50373,50025,4697,329,4368,1151,269,882,249,67,182,0,0,0
28,545,District - East Godavari (14),Urban,40-44,94259,48005,46254,1550,951,599,85339,46171,39168,6114,561,5553,1086,281,805,170,41,129,0,0,0
28,545,District - East Godavari (14),Urban,45-49,83025,41979,41046,1005,547,458,73521,40462,33059,7605,723,6882,792,214,578,102,33,69,0,0,0
28,545,District - East Godavari (14),Urban,50-54,63725,32589,31136,693,360,333,53650,31147,22503,8758,898,7860,556,161,395,68,23,45,0,0,0
28,545,District - East Godavari (14),Urban,55-59,48023,23868,24155,484,214,270,39059,22580,16479,8143,977,7166,298,89,209,39,8,31,0,0,0
28,545,District - East Godavari (14),Urban,60-64,46929,21759,25170,565,243,322,32207,19807,12400,13833,1613,12220,294,90,204,30,6,24,0,0,0
28,545,District - East Godavari (14),Urban,65-69,29857,13847,16010,421,173,248,18695,12247,6448,10582,1387,9195,144,37,107,15,3,12,0,0,0
28,545,District - East Godavari (14),Urban,70-74,19925,9477,10448,266,107,159,10698,7860,2838,8881,1487,7394,69,21,48,11,2,9,0,0,0
28,545,District - East Godavari (14),Urban,75-79,9245,4300,4945,109,46,63,4651,3380,1271,4459,860,3599,23,13,10,3,1,2,0,0,0
28,545,District - East Godavari (14),Urban,80+,9528,3819,5709,350,202,148,3509,2517,992,5638,1086,4552,29,12,17,2,2,0,0,0,0
28,545,District - East Godavari (14),Urban,Age not stated,848,402,446,413,226,187,349,161,188,82,13,69,4,2,2,0,0,0,0,0,0
28,545,District - East Godavari (14),Urban,Less than 18,376084,190439,185645,371738,189523,182215,4169,865,3304,110,23,87,57,22,35,10,6,4,0,0,0
28,545,District - East Godavari (14),Urban,Less than 21,463337,231178,232159,439356,228092,211264,23495,2989,20506,263,47,216,199,42,157,24,8,16,0,0,0
28,546,District - West Godavari (15),Total,All ages,3936966,1964918,1972048,1562493,881627,680866,2082124,1034157,1047967,260575,41678,218897,27627,6556,21071,4147,900,3247,0,0,0
28,546,District - West Godavari (15),Total,0-9,573790,292219,281571,573790,292219,281571,0,0,0,0,0,0,0,0,0,0,0,0,0,0,0
28,546,District - West Godavari (15),Total,10-14,355153,179419,175734,351488,178379,173109,3466,982,2484,125,38,87,65,19,46,9,1,8,0,0,0
28,546,District - West Godavari (15),Total,15-19,373437,192631,180806,336277,188875,147402,36460,3664,32796,326,51,275,333,39,294,41,2,39,0,0,0
28,546,District - West Godavari (15),Total,20-24,391913,197797,194116,206602,149399,57203,181401,47978,133423,1692,173,1519,1894,219,1675,324,28,296,0,0,0
28,546,District - West Godavari (15),Total,25-29,357220,176946,180274,65417,53289,12128,282410,122545,159865,5013,408,4605,3661,579,3082,719,125,594,0,0,0
28,546,District - West Godavari (15),Total,30-34,306817,153029,153788,14135,10907,3228,279367,140509,138858,8162,642,7520,4391,817,3574,762,154,608,0,0,0
28,546,District - West Godavari (15),Total,35-39,313792,152222,161570,4751,3222,1529,290696,146671,144025,12753,1072,11681,4819,1076,3743,773,181,592,0,0,0
28,546,District - West Godavari (15),Total,40-44,270906,137229,133677,2481,1420,1061,248202,132982,115220,15766,1647,14119,3879,1043,2836,578,137,441,0,0,0
28,546,District - West Godavari (15),Total,45-49,236249,120386,115863,1439,768,671,213175,116426,96749,18398,2256,16142,2884,847,2037,353,89,264,0,0,0
28,546,District - West Godavari (15),Total,50-54,181028,93748,87280,1098,552,546,156299,89526,66773,21414,2964,18450,1994,635,1359,223,71,152,0,0,0
28,546,District - West Godavari (15),Total,55-59,142708,66062,76646,737,359,378,120582,62327,58255,20144,2967,17177,1131,375,756,114,34,80,0,0,0
28,546,District - West Godavari (15),Total,60-64,163140,73498,89642,922,417,505,117156,66304,50852,43664,6348,37316,1286,396,890,112,33,79,0,0,0
28,546,District - West Godavari (15),Total,65-69,117801,55312,62489,777,380,397,77237,48155,29082,38999,6490,32509,718,261,457,70,26,44,0,0,0
28,546,District - West Godavari (15),Total,70-74,81978,41050,40928,493,234,259,44766,33187,11579,36311,7456,28855,365,160,205,43,13,30,0,0,0
28,546,District - West Godavari (15),Total,75-79,34495,16993,17502,189,110,79,17609,12907,4702,16571,3926,12645,114,47,67,12,3,9,0,0,0
28,546,District - West Godavari (15),Total,80+,34383,15298,19085,671,393,278,12545,9662,2883,21077,5200,15877,78,40,38,12,3,9,0,0,0
28,546,District - West Godavari (15),Total,Age not stated,2156,1079,1077,1226,704,522,753,332,421,160,40,120,15,3,12,2,0,2,0,0,0
28,546,District - West Godavari (15),Total,Less than 18,1137952,580607,557345,1125420,578086,547334,12079,2409,9670,283,73,210,150,36,114,20,3,17,0,0,0
28,546,District - West Godavari (15),Total,Less than 21,1407423,714892,692531,1327844,704633,623211,77978,10033,67945,738,121,617,763,96,667,100,9,91,0,0,0
28,546,District - West Godavari (15),Rural,All ages,3128189,1567013,1561176,1230817,698530,532287,1664743,827735,837008,206927,34661,172266,22467,5399,17068,3235,688,2547,0,0,0
28,546,District - West Godavari (15),Rural,0-9,462859,235629,227230,462859,235629,227230,0,0,0,0,0,0,0,0,0,0,0,0,0,0,0
28,546,District - West Godavari (15),Rural,10-14,281822,142935,138887,279011,142105,136906,2659,782,1877,90,31,59,55,16,39,7,1,6,0,0,0
28,546,District - West Godavari (15),Rural,15-19,293949,152575,141374,263517,149683,113834,29850,2821,27029,265,42,223,284,29,255,33,0,33,0,0,0
28,546,District - West Godavari (15),Rural,20-24,310032,158986,151046,158314,118307,40007,148475,40320,108155,1372,148,1224,1590,187,1403,281,24,257,0,0,0
28,546,District - West Godavari (15),Rural,25-29,282011,140574,141437,47405,39518,7887,226978,100164,126814,3999,318,3681,3050,473,2577,579,101,478,0,0,0
28,546,District - West Godavari (15),Rural,30-34,242728,121331,121397,9648,7508,2140,222302,112497,109805,6572,542,6030,3610,664,2946,596,120,476,0,0,0
28,546,District - West Godavari (15),Rural,35-39,247823,120014,127809,3158,2108,1050,230129,116013,114116,10039,892,9147,3894,862,3032,603,139,464,0,0,0
28,546,District - West Godavari (15),Rural,40-44,213108,108405,104703,1644,914,730,195636,105145,90491,12274,1364,10910,3117,874,2243,437,108,329,0,0,0
28,546,District - West Godavari (15),Rural,45-49,184711,94208,90503,955,491,464,167230,91164,76066,14003,1813,12190,2274,684,1590,249,56,193,0,0,0
28,546,District - West Godavari (15),Rural,50-54,140955,73322,67633,761,389,372,122276,69997,52279,16168,2360,13808,1588,525,1063,162,51,111,0,0,0
28,546,District - West Godavari (15),Rural,55-59,112306,51227,61079,474,250,224,95617,48274,47343,15223,2385,12838,914,297,617,78,21,57,0,0,0
28,546,District - West Godavari (15),Rural,60-64,132669,59546,73123,642,298,344,96122,53617,42505,34758,5257,29501,1047,344,703,100,30,70,0,0,0
28,546,District - West Godavari (15),Rural,65-69,97473,46104,51369,556,278,278,64559,40056,24503,31732,5520,26212,572,227,345,54,23,31,0,0,0
28,546,District - West Godavari (15),Rural,70-74,68076,34556,33520,373,186,187,37413,27873,9540,29954,6349,23605,301,139,162,35,9,26,0,0,0
28,546,District - West Godavari (15),Rural,75-79,28195,14020,14175,126,70,56,14538,10654,3884,13427,3252,10175,96,42,54,8,2,6,0,0,0
28,546,District - West Godavari (15),Rural,80+,27945,12810,15135,477,284,193,10454,8129,2325,16938,4360,12578,65,34,31,11,3,8,0,0,0
28,546,District - West Godavari (15),Rural,Age not stated,1527,771,756,897,512,385,505,229,276,113,28,85,10,2,8,2,0,2,0,0,0
28,546,District - West Godavari (15),Rural,Less than 18,908670,464443,444227,899070,462522,436548,9240,1828,7412,221,62,159,126,30,96,13,1,12,0,0,0
28,546,District - West Godavari (15),Rural,Less than 21,1123180,572436,550744,1057446,564120,493326,64405,8134,56271,585,98,487,657,77,580,87,7,80,0,0,0
28,546,District - West Godavari (15),Urban,All ages,808777,397905,410872,331676,183097,148579,417381,206422,210959,53648,7017,46631,5160,1157,4003,912,212,700,0,0,0
28,546,District - West Godavari (15),Urban,0-9,110931,56590,54341,110931,56590,54341,0,0,0,0,0,0,0,0,0,0,0,0,0,0,0
28,546,District - West Godavari (15),Urban,10-14,73331,36484,36847,72477,36274,36203,807,200,607,35,7,28,10,3,7,2,0,2,0,0,0
28,546,District - West Godavari (15),Urban,15-19,79488,40056,39432,72760,39192,33568,6610,843,5767,61,9,52,49,10,39,8,2,6,0,0,0
28,546,District - West Godavari (15),Urban,20-24,81881,38811,43070,48288,31092,17196,32926,7658,25268,320,25,295,304,32,272,43,4,39,0,0,0
28,546,District - West Godavari (15),Urban,25-29,75209,36372,38837,18012,13771,4241,55432,22381,33051,1014,90,924,611,106,505,140,24,116,0,0,0
28,546,District - West Godavari (15),Urban,30-34,64089,31698,32391,4487,3399,1088,57065,28012,29053,1590,100,1490,781,153,628,166,34,132,0,0,0
28,546,District - West Godavari (15),Urban,35-39,65969,32208,33761,1593,1114,479,60567,30658,29909,2714,180,2534,925,214,711,170,42,128,0,0,0
28,546,District - West Godavari (15),Urban,40-44,57798,28824,28974,837,506,331,52566,27837,24729,3492,283,3209,762,169,593,141,29,112,0,0,0
28,546,District - West Godavari (15),Urban,45-49,51538,26178,25360,484,277,207,45945,25262,20683,4395,443,3952,610,163,447,104,33,71,0,0,0
28,546,District - West Godavari (15),Urban,50-54,40073,20426,19647,337,163,174,34023,19529,14494,5246,604,4642,406,110,296,61,20,41,0,0,0
28,546,District - West Godavari (15),Urban,55-59,30402,14835,15567,263,109,154,24965,14053,10912,4921,582,4339,217,78,139,36,13,23,0,0,0
28,546,District - West Godavari (15),Urban,60-64,30471,13952,16519,280,119,161,21034,12687,8347,8906,1091,7815,239,52,187,12,3,9,0,0,0
28,546,District - West Godavari (15),Urban,65-69,20328,9208,11120,221,102,119,12678,8099,4579,7267,970,6297,146,34,112,16,3,13,0,0,0
28,546,District - West Godavari (15),Urban,70-74,13902,6494,7408,120,48,72,7353,5314,2039,6357,1107,5250,64,21,43,8,4,4,0,0,0
28,546,District - West Godavari (15),Urban,75-79,6300,2973,3327,63,40,23,3071,2253,818,3144,674,2470,18,5,13,4,1,3,0,0,0
28,546,District - West Godavari (15),Urban,80+,6438,2488,3950,194,109,85,2091,1533,558,4139,840,3299,13,6,7,1,0,1,0,0,0
28,546,District - West Godavari (15),Urban,Age not stated,629,308,321,329,192,137,248,103,145,47,12,35,5,1,4,0,0,0,0,0,0
28,546,District - West Godavari (15),Urban,Less than 18,229282,116164,113118,226350,115564,110786,2839,581,2258,62,11,51,24,6,18,7,2,5,0,0,0
28,546,District - West Godavari (15),Urban,Less than 21,284243,142456,141787,270398,140513,129885,13573,1899,11674,153,23,130,106,19,87,13,2,11,0,0,0
28,547,District - Krishna (16),Total,All ages,4517398,2267375,2250023,1797163,1020893,776270,2407295,1188643,1218652,280632,48567,232065,27566,7972,19594,4742,1300,3442,0,0,0
28,547,District - Krishna (16),Total,0-9,645876,333041,312835,645876,333041,312835,0,0,0,0,0,0,0,0,0,0,0,0,0,0,0
28,547,District - Krishna (16),Total,10-14,395023,202829,192194,383981,199106,184875,10109,3465,6644,674,146,528,217,93,124,42,19,23,0,0,0
28,547,District - Krishna (16),Total,15-19,443109,231151,211958,390798,222748,168050,50647,8066,42581,1128,221,907,433,94,339,103,22,81,0,0,0
28,547,District - Krishna (16),Total,20-24,439514,216455,223059,219871,155734,64137,214356,59889,154467,3150,461,2689,1769,315,1454,368,56,312,0,0,0
28,547,District - Krishna (16),Total,25-29,417421,205635,211786,75334,59071,16263,330827,144818,186009,7062,890,6172,3499,707,2792,699,149,550,0,0,0
28,547,District - Krishna (16),Total,30-34,349438,174950,174488,19476,14294,5182,314515,158160,156355,10719,1380,9339,3989,915,3074,739,201,538,0,0,0
28,547,District - Krishna (16),Total,35-39,357199,172900,184299,8971,5816,3155,327459,163707,163752,15551,1900,13651,4511,1270,3241,707,207,500,0,0,0
28,547,District - Krishna (16),Total,40-44,306810,156648,150162,5121,3222,1899,278184,149481,128703,19145,2544,16601,3764,1227,2537,596,174,422,0,0,0
28,547,District - Krishna (16),Total,45-49,271183,138508,132675,3351,2016,1335,242363,132331,110032,22188,3082,19106,2864,946,1918,417,133,284,0,0,0
28,547,District - Krishna (16),Total,50-54,207483,107919,99564,3130,1842,1288,176960,101348,75612,25061,3883,21178,2050,743,1307,282,103,179,0,0,0
28,547,District - Krishna (16),Total,55-59,163819,78221,85598,2487,1445,1042,136539,72520,64019,23367,3753,19614,1242,446,796,184,57,127,0,0,0
28,547,District - Krishna (16),Total,60-64,167324,77599,89725,2723,1349,1374,122190,69139,53051,40886,6565,34321,1327,487,840,198,59,139,0,0,0
28,547,District - Krishna (16),Total,65-69,124674,59777,64897,2580,1342,1238,84119,51194,32925,37013,6895,30118,829,304,525,133,42,91,0,0,0
28,547,District - Krishna (16),Total,70-74,85982,43629,42353,1554,826,728,50317,35507,14810,33574,7078,26496,452,192,260,85,26,59,0,0,0
28,547,District - Krishna (16),Total,75-79,38160,18929,19231,695,389,306,21266,14510,6756,15983,3924,12059,157,83,74,59,23,36,0,0,0
28,547,District - Krishna (16),Total,80+,46517,20846,25671,2671,1560,1111,21799,13899,7900,21806,5300,16506,179,74,105,62,13,49,0,0,0
28,547,District - Krishna (16),Total,Age not stated,57866,28338,29528,28544,17092,11452,25645,10609,15036,3325,545,2780,284,76,208,68,16,52,0,0,0
28,547,District - Krishna (16),Total,Less than 18,1305592,676165,629427,1277296,668453,608843,26559,7271,19288,1281,277,1004,375,135,240,81,29,52,0,0,0
28,547,District - Krishna (16),Total,Less than 21,1594841,819506,775335,1487579,799949,687630,103613,18801,84812,2424,455,1969,1015,252,763,210,49,161,0,0,0
28,547,District - Krishna (16),Rural,All ages,2673738,1343534,1330204,1029322,590508,438814,1444543,714553,729990,178320,32228,146092,18618,5487,13131,2935,758,2177,0,0,0
28,547,District - Krishna (16),Rural,0-9,385723,199209,186514,385723,199209,186514,0,0,0,0,0,0,0,0,0,0,0,0,0,0,0
28,547,District - Krishna (16),Rural,10-14,238015,122605,115410,232002,120548,111454,5510,1920,3590,362,76,286,121,52,69,20,9,11,0,0,0
28,547,District - Krishna (16),Rural,15-19,244009,129625,114384,213215,124898,88317,29865,4545,25320,587,118,469,272,52,220,70,12,58,0,0,0
28,547,District - Krishna (16),Rural,20-24,257011,130268,126743,123075,91598,31477,130614,38144,92470,1881,276,1605,1196,212,984,245,38,207,0,0,0
28,547,District - Krishna (16),Rural,25-29,237661,117963,119698,36662,29922,6740,193806,86974,106832,4349,523,3826,2373,455,1918,471,89,382,0,0,0
28,547,District - Krishna (16),Rural,30-34,201207,99815,101392,8643,6341,2302,182848,91928,90920,6555,807,5748,2715,620,2095,446,119,327,0,0,0
28,547,District - Krishna (16),Rural,35-39,208433,99694,108739,4081,2573,1508,191486,95059,96427,9460,1097,8363,3006,855,2151,400,110,290,0,0,0
28,547,District - Krishna (16),Rural,40-44,181812,92411,89401,2399,1470,929,165004,88401,76603,11515,1583,9932,2541,855,1686,353,102,251,0,0,0
28,547,District - Krishna (16),Rural,45-49,159202,80600,78602,1544,904,640,142511,77151,65360,12973,1819,11154,1924,656,1268,250,70,180,0,0,0
28,547,District - Krishna (16),Rural,50-54,123142,63657,59485,1522,941,581,105353,59787,45566,14704,2349,12355,1394,522,872,169,58,111,0,0,0
28,547,District - Krishna (16),Rural,55-59,99399,45667,53732,1087,637,450,83604,42384,41220,13759,2308,11451,846,305,541,103,33,70,0,0,0
28,547,District - Krishna (16),Rural,60-64,109181,49457,59724,1355,672,683,80315,44009,36306,26460,4382,22078,916,358,558,135,36,99,0,0,0
28,547,District - Krishna (16),Rural,65-69,85308,41379,43929,1279,702,577,58169,35389,22780,25159,5021,20138,617,243,374,84,24,60,0,0,0
28,547,District - Krishna (16),Rural,70-74,59197,30424,28773,768,424,344,34659,24715,9944,23389,5114,18275,317,149,168,64,22,42,0,0,0
28,547,District - Krishna (16),Rural,75-79,25055,12614,12441,326,203,123,13933,9614,4319,10644,2718,7926,111,62,49,41,17,24,0,0,0
28,547,District - Krishna (16),Rural,80+,29807,13774,16033,1317,813,504,13646,9175,4471,14693,3728,10965,110,49,61,41,9,32,0,0,0
28,547,District - Krishna (16),Rural,Age not stated,29576,14372,15204,14324,8653,5671,13220,5358,7862,1830,309,1521,159,42,117,43,10,33,0,0,0
28,547,District - Krishna (16),Rural,Less than 18,763679,397309,366370,748473,393100,355373,14277,3972,10305,678,151,527,208,74,134,43,12,31,0,0,0
28,547,District - Krishna (16),Rural,Less than 21,935670,484284,451386,870640,472747,397893,62901,11100,51801,1333,252,1081,662,157,505,134,28,106,0,0,0
28,547,District - Krishna (16),Urban,All ages,1843660,923841,919819,767841,430385,337456,962752,474090,488662,102312,16339,85973,8948,2485,6463,1807,542,1265,0,0,0
28,547,District - Krishna (16),Urban,0-9,260153,133832,126321,260153,133832,126321,0,0,0,0,0,0,0,0,0,0,0,0,0,0,0
28,547,District - Krishna (16),Urban,10-14,157008,80224,76784,151979,78558,73421,4599,1545,3054,312,70,242,96,41,55,22,10,12,0,0,0
28,547,District - Krishna (16),Urban,15-19,199100,101526,97574,177583,97850,79733,20782,3521,17261,541,103,438,161,42,119,33,10,23,0,0,0
28,547,District - Krishna (16),Urban,20-24,182503,86187,96316,96796,64136,32660,83742,21745,61997,1269,185,1084,573,103,470,123,18,105,0,0,0
28,547,District - Krishna (16),Urban,25-29,179760,87672,92088,38672,29149,9523,137021,57844,79177,2713,367,2346,1126,252,874,228,60,168,0,0,0
28,547,District - Krishna (16),Urban,30-34,148231,75135,73096,10833,7953,2880,131667,66232,65435,4164,573,3591,1274,295,979,293,82,211,0,0,0
28,547,District - Krishna (16),Urban,35-39,148766,73206,75560,4890,3243,1647,135973,68648,67325,6091,803,5288,1505,415,1090,307,97,210,0,0,0
28,547,District - Krishna (16),Urban,40-44,124998,64237,60761,2722,1752,970,113180,61080,52100,7630,961,6669,1223,372,851,243,72,171,0,0,0
28,547,District - Krishna (16),Urban,45-49,111981,57908,54073,1807,1112,695,99852,55180,44672,9215,1263,7952,940,290,650,167,63,104,0,0,0
28,547,District - Krishna (16),Urban,50-54,84341,44262,40079,1608,901,707,71607,41561,30046,10357,1534,8823,656,221,435,113,45,68,0,0,0
28,547,District - Krishna (16),Urban,55-59,64420,32554,31866,1400,808,592,52935,30136,22799,9608,1445,8163,396,141,255,81,24,57,0,0,0
28,547,District - Krishna (16),Urban,60-64,58143,28142,30001,1368,677,691,41875,25130,16745,14426,2183,12243,411,129,282,63,23,40,0,0,0
28,547,District - Krishna (16),Urban,65-69,39366,18398,20968,1301,640,661,25950,15805,10145,11854,1874,9980,212,61,151,49,18,31,0,0,0
28,547,District - Krishna (16),Urban,70-74,26785,13205,13580,786,402,384,15658,10792,4866,10185,1964,8221,135,43,92,21,4,17,0,0,0
28,547,District - Krishna (16),Urban,75-79,13105,6315,6790,369,186,183,7333,4896,2437,5339,1206,4133,46,21,25,18,6,12,0,0,0
28,547,District - Krishna (16),Urban,80+,16710,7072,9638,1354,747,607,8153,4724,3429,7113,1572,5541,69,25,44,21,4,17,0,0,0
28,547,District - Krishna (16),Urban,Age not stated,28290,13966,14324,14220,8439,5781,12425,5251,7174,1495,236,1259,125,34,91,25,6,19,0,0,0
28,547,District - Krishna (16),Urban,Less than 18,541913,278856,263057,528823,275353,253470,12282,3299,8983,603,126,477,167,61,106,38,17,21,0,0,0
28,547,District - Krishna (16),Urban,Less than 21,659171,335222,323949,616939,327202,289737,40712,7701,33011,1091,203,888,353,95,258,76,21,55,0,0,0
28,548,District - Guntur (17),Total,All ages,4887813,2440521,2447292,1920594,1091617,828977,2596447,1286785,1309662,333201,51396,281805,32795,9426,23369,4776,1297,3479,0,0,0
28,548,District - Guntur (17),Total,0-9,739031,380376,358655,739031,380376,358655,0,0,0,0,0,0,0,0,0,0,0,0,0,0,0
28,548,District - Guntur (17),Total,10-14,446393,230570,215823,441001,228817,212184,4965,1564,3401,198,61,137,211,123,88,18,5,13,0,0,0
28,548,District - Guntur (17),Total,15-19,461689,238430,223259,402556,232824,169732,58073,5431,52642,512,86,426,471,82,389,77,7,70,0,0,0
28,548,District - Guntur (17),Total,20-24,478898,235579,243319,226122,164713,61409,248012,70192,177820,2286,248,2038,2065,366,1699,413,60,353,0,0,0
28,548,District - Guntur (17),Total,25-29,457451,224617,232834,72835,58964,13871,373071,164044,209027,6639,653,5986,4130,791,3339,776,165,611,0,0,0
28,548,District - Guntur (17),Total,30-34,377063,189719,187344,16412,12417,3995,344450,174781,169669,10641,1068,9573,4727,1209,3518,833,244,589,0,0,0
28,548,District - Guntur (17),Total,35-39,381916,183616,198300,6271,4149,2122,353365,176126,177239,16379,1687,14692,5099,1418,3681,802,236,566,0,0,0
28,548,District - Guntur (17),Total,40-44,323500,165413,158087,3774,2371,1403,294090,159010,135080,20357,2427,17930,4635,1411,3224,644,194,450,0,0,0
28,548,District - Guntur (17),Total,45-49,289332,144094,145238,2306,1339,967,258296,138382,119914,24664,3092,21572,3619,1144,2475,447,137,310,0,0,0
28,548,District - Guntur (17),Total,50-54,231861,119535,112326,1794,995,799,196379,113054,83325,30649,4410,26239,2724,966,1758,315,110,205,0,0,0
28,548,District - Guntur (17),Total,55-59,180504,85052,95452,1198,677,521,149022,79580,69442,28514,4167,24347,1630,578,1052,140,50,90,0,0,0
28,548,District - Guntur (17),Total,60-64,189694,87776,101918,1563,769,794,134492,79189,55303,51813,7221,44592,1676,559,1117,150,38,112,0,0,0
28,548,District - Guntur (17),Total,65-69,131977,61818,70159,1390,696,694,86147,53776,32371,43399,6953,36446,957,370,587,84,23,61,0,0,0
28,548,District - Guntur (17),Total,70-74,101685,50127,51558,718,389,329,55157,41182,13975,45269,8311,36958,502,227,275,39,18,21,0,0,0
28,548,District - Guntur (17),Total,75-79,42585,20627,21958,268,133,135,21420,15877,5543,20713,4506,16207,168,106,62,16,5,11,0,0,0
28,548,District - Guntur (17),Total,80+,50156,21033,29123,1065,597,468,18011,13905,4106,30907,6461,24446,156,68,88,17,2,15,0,0,0
28,548,District - Guntur (17),Total,Age not stated,4078,2139,1939,2290,1391,899,1497,692,805,261,45,216,25,8,17,5,3,2,0,0,0
28,548,District - Guntur (17),Total,Less than 18,1449206,751274,697932,1429807,747392,682415,18503,3594,14909,477,110,367,381,170,211,38,8,30,0,0,0
28,548,District - Guntur (17),Total,Less than 21,1774527,907706,866821,1654491,891966,762525,117602,15262,102340,1143,192,951,1124,266,858,167,20,147,0,0,0
28,548,District - Guntur (17),Rural,All ages,3235075,1621491,1613584,1236914,712539,524375,1740294,863787,876507,230843,37380,193463,23756,6900,16856,3268,885,2383,0,0,0
28,548,District - Guntur (17),Rural,0-9,495770,255291,240479,495770,255291,240479,0,0,0,0,0,0,0,0,0,0,0,0,0,0,0
28,548,District - Guntur (17),Rural,10-14,294040,152455,141585,290733,151382,139351,3071,989,2082,115,34,81,110,47,63,11,3,8,0,0,0
28,548,District - Guntur (17),Rural,15-19,295066,157437,137629,253348,153600,99748,40965,3719,37246,352,64,288,342,49,293,59,5,54,0,0,0
28,548,District - Guntur (17),Rural,20-24,309761,155810,153951,135561,104583,30978,170782,50743,120039,1622,177,1445,1494,260,1234,302,47,255,0,0,0
28,548,District - Guntur (17),Rural,25-29,296101,146036,150065,40064,33525,6539,247939,111367,136572,4614,474,4140,2948,554,2394,536,116,420,0,0,0
28,548,District - Guntur (17),Rural,30-34,243870,122361,121509,8476,6355,2121,224116,114204,109912,7297,779,6518,3427,855,2572,554,168,386,0,0,0
28,548,District - Guntur (17),Rural,35-39,248587,118505,130082,3299,2121,1178,230078,114040,116038,11027,1179,9848,3653,1019,2634,530,146,384,0,0,0
28,548,District - Guntur (17),Rural,40-44,211707,107753,103954,2126,1353,773,192247,103548,88699,13545,1707,11838,3360,1022,2338,429,123,306,0,0,0
28,548,District - Guntur (17),Rural,45-49,190135,94354,95781,1262,746,516,170030,90486,79544,15978,2188,13790,2576,844,1732,289,90,199,0,0,0
28,548,District - Guntur (17),Rural,50-54,154022,79407,74615,1040,592,448,130790,74958,55832,19993,3071,16922,1981,705,1276,218,81,137,0,0,0
28,548,District - Guntur (17),Rural,55-59,120960,55881,65079,685,415,270,100575,52075,48500,18427,2919,15508,1176,440,736,97,32,65,0,0,0
28,548,District - Guntur (17),Rural,60-64,133714,61292,72422,953,482,471,95615,55111,40504,35739,5203,30536,1294,463,831,113,33,80,0,0,0
28,548,District - Guntur (17),Rural,65-69,95537,44988,50549,847,444,403,63048,39075,23973,30850,5148,25702,720,303,417,72,18,54,0,0,0
28,548,District - Guntur (17),Rural,70-74,75264,37485,37779,410,250,160,40949,30761,10188,33476,6263,27213,401,197,204,28,14,14,0,0,0
28,548,District - Guntur (17),Rural,75-79,30715,15059,15656,140,75,65,15628,11593,4035,14804,3301,11503,133,86,47,10,4,6,0,0,0
28,548,District - Guntur (17),Rural,80+,37125,15958,21167,634,377,257,13525,10693,2832,22831,4838,17993,119,48,71,16,2,14,0,0,0
28,548,District - Guntur (17),Rural,Age not stated,2701,1419,1282,1566,948,618,936,425,511,173,35,138,22,8,14,4,3,1,0,0,0
28,548,District - Guntur (17),Rural,Less than 18,957368,500203,457165,944611,497735,446876,12187,2317,9870,305,69,236,237,76,161,28,6,22,0,0,0
28,548,District - Guntur (17),Rural,Less than 21,1169916,604640,565276,1084712,593439,491273,83509,10919,72590,779,130,649,788,140,648,128,12,116,0,0,0
28,548,District - Guntur (17),Urban,All ages,1652738,819030,833708,683680,379078,304602,856153,422998,433155,102358,14016,88342,9039,2526,6513,1508,412,1096,0,0,0
28,548,District - Guntur (17),Urban,0-9,243261,125085,118176,243261,125085,118176,0,0,0,0,0,0,0,0,0,0,0,0,0,0,0
28,548,District - Guntur (17),Urban,10-14,152353,78115,74238,150268,77435,72833,1894,575,1319,83,27,56,101,76,25,7,2,5,0,0,0
28,548,District - Guntur (17),Urban,15-19,166623,80993,85630,149208,79224,69984,17108,1712,15396,160,22,138,129,33,96,18,2,16,0,0,0
28,548,District - Guntur (17),Urban,20-24,169137,79769,89368,90561,60130,30431,77230,19449,57781,664,71,593,571,106,465,111,13,98,0,0,0
28,548,District - Guntur (17),Urban,25-29,161350,78581,82769,32771,25439,7332,125132,52677,72455,2025,179,1846,1182,237,945,240,49,191,0,0,0
28,548,District - Guntur (17),Urban,30-34,133193,67358,65835,7936,6062,1874,120334,60577,59757,3344,289,3055,1300,354,946,279,76,203,0,0,0
28,548,District - Guntur (17),Urban,35-39,133329,65111,68218,2972,2028,944,123287,62086,61201,5352,508,4844,1446,399,1047,272,90,182,0,0,0
28,548,District - Guntur (17),Urban,40-44,111793,57660,54133,1648,1018,630,101843,55462,46381,6812,720,6092,1275,389,886,215,71,144,0,0,0
28,548,District - Guntur (17),Urban,45-49,99197,49740,49457,1044,593,451,88266,47896,40370,8686,904,7782,1043,300,743,158,47,111,0,0,0
28,548,District - Guntur (17),Urban,50-54,77839,40128,37711,754,403,351,65589,38096,27493,10656,1339,9317,743,261,482,97,29,68,0,0,0
28,548,District - Guntur (17),Urban,55-59,59544,29171,30373,513,262,251,48447,27505,20942,10087,1248,8839,454,138,316,43,18,25,0,0,0
28,548,District - Guntur (17),Urban,60-64,55980,26484,29496,610,287,323,38877,24078,14799,16074,2018,14056,382,96,286,37,5,32,0,0,0
28,548,District - Guntur (17),Urban,65-69,36440,16830,19610,543,252,291,23099,14701,8398,12549,1805,10744,237,67,170,12,5,7,0,0,0
28,548,District - Guntur (17),Urban,70-74,26421,12642,13779,308,139,169,14208,10421,3787,11793,2048,9745,101,30,71,11,4,7,0,0,0
28,548,District - Guntur (17),Urban,75-79,11870,5568,6302,128,58,70,5792,4284,1508,5909,1205,4704,35,20,15,6,1,5,0,0,0
28,548,District - Guntur (17),Urban,80+,13031,5075,7956,431,220,211,4486,3212,1274,8076,1623,6453,37,20,17,1,0,1,0,0,0
28,548,District - Guntur (17),Urban,Age not stated,1377,720,657,724,443,281,561,267,294,88,10,78,3,0,3,1,0,1,0,0,0
28,548,District - Guntur (17),Urban,Less than 18,491838,251071,240767,485196,249657,235539,6316,1277,5039,172,41,131,144,94,50,10,2,8,0,0,0
28,548,District - Guntur (17),Urban,Less than 21,604611,303066,301545,569779,298527,271252,34093,4343,29750,364,62,302,336,126,210,39,8,31,0,0,0
28,549,District - Prakasam (18),Total,All ages,3397448,1714764,1682684,1373002,791781,581221,1783810,884045,899765,220261,33434,186827,17518,4805,12713,2857,699,2158,0,0,0
28,549,District - Prakasam (18),Total,0-9,565164,292034,273130,565164,292034,273130,0,0,0,0,0,0,0,0,0,0,0,0,0,0,0
28,549,District - Prakasam (18),Total,10-14,328482,169600,158882,324874,168505,156369,3383,1023,2360,138,35,103,77,35,42,10,2,8,0,0,0
28,549,District - Prakasam (18),Total,15-19,307602,165413,142189,265072,161406,103666,41859,3908,37951,327,48,279,288,49,239,56,2,54,0,0,0
28,549,District - Prakasam (18),Total,20-24,320805,162548,158257,145369,112595,32774,172567,49577,122990,1438,157,1281,1175,182,993,256,37,219,0,0,0
28,549,District - Prakasam (18),Total,25-29,310642,152531,158111,46638,39340,7298,257004,112255,144749,4246,399,3847,2252,427,1825,502,110,392,0,0,0
28,549,District - Prakasam (18),Total,30-34,260979,132587,128392,10364,8007,2357,240867,123271,117596,6724,655,6069,2570,561,2009,454,93,361,0,0,0
28,549,District - Prakasam (18),Total,35-39,253543,124242,129301,3798,2630,1168,236990,119780,117210,9630,1022,8608,2688,662,2026,437,148,289,0,0,0
28,549,District - Prakasam (18),Total,40-44,214359,110887,103472,2249,1506,743,197132,107073,90059,12273,1535,10738,2366,684,1682,339,89,250,0,0,0
28,549,District - Prakasam (18),Total,45-49,188510,94157,94353,1259,822,437,170362,90745,79617,14796,1963,12833,1866,567,1299,227,60,167,0,0,0
28,549,District - Prakasam (18),Total,50-54,155445,79375,76070,1026,629,397,133478,75468,58010,19297,2739,16558,1466,485,981,178,54,124,0,0,0
28,549,District - Prakasam (18),Total,55-59,121865,55809,66056,694,437,257,102240,52440,49800,17986,2595,15391,854,313,541,91,24,67,0,0,0
28,549,District - Prakasam (18),Total,60-64,137576,64382,73194,1140,647,493,98370,58114,40256,36991,5239,31752,960,353,607,115,29,86,0,0,0
28,549,District - Prakasam (18),Total,65-69,93626,44488,49138,1133,674,459,61300,38793,22507,30627,4771,25856,496,229,267,70,21,49,0,0,0
28,549,District - Prakasam (18),Total,70-74,73488,36571,36917,554,336,218,39797,30417,9380,32794,5642,27152,274,159,115,69,17,52,0,0,0
28,549,District - Prakasam (18),Total,75-79,28067,13576,14491,187,118,69,13989,10633,3356,13771,2764,11007,99,54,45,21,7,14,0,0,0
28,549,District - Prakasam (18),Total,80+,31640,13729,17911,615,374,241,12048,9495,2553,18889,3816,15073,61,39,22,27,5,22,0,0,0
28,549,District - Prakasam (18),Total,Age not stated,5655,2835,2820,2866,1721,1145,2424,1053,1371,334,54,280,26,6,20,5,1,4,0,0,0
28,549,District - Prakasam (18),Total,Less than 18,1070816,558890,511926,1057165,556408,500757,13139,2352,10787,310,67,243,180,60,120,22,3,19,0,0,0
28,549,District - Prakasam (18),Total,Less than 21,1291385,670329,621056,1204009,658594,545415,85853,11500,74353,778,108,670,619,114,505,126,13,113,0,0,0
28,549,District - Prakasam (18),Rural,All ages,2732866,1382641,1350225,1096772,636100,460672,1439669,713760,725909,179506,28128,151378,14621,4090,10531,2298,563,1735,0,0,0
28,549,District - Prakasam (18),Rural,0-9,464500,240242,224258,464500,240242,224258,0,0,0,0,0,0,0,0,0,0,0,0,0,0,0
28,549,District - Prakasam (18),Rural,10-14,264775,137031,127744,261985,136190,125795,2609,782,1827,110,30,80,63,28,35,8,1,7,0,0,0
28,549,District - Prakasam (18),Rural,15-19,245307,133525,111782,209232,130184,79048,35525,3260,32265,254,38,216,245,41,204,51,2,49,0,0,0
28,549,District - Prakasam (18),Rural,20-24,255581,131486,124095,109948,88506,21442,143220,42669,100551,1192,126,1066,1004,151,853,217,34,183,0,0,0
28,549,District - Prakasam (18),Rural,25-29,246542,121651,124891,32811,28353,4458,207926,92505,115421,3499,330,3169,1890,366,1524,416,97,319,0,0,0
28,549,District - Prakasam (18),Rural,30-34,206871,105158,101713,6973,5381,1592,191869,98697,93172,5542,539,5003,2130,466,1664,357,75,282,0,0,0
28,549,District - Prakasam (18),Rural,35-39,200102,97745,102357,2634,1801,833,187270,94449,92821,7659,840,6819,2205,544,1661,334,111,223,0,0,0
28,549,District - Prakasam (18),Rural,40-44,169357,87528,81829,1622,1074,548,155751,84508,71243,9785,1318,8467,1944,569,1375,255,59,196,0,0,0
28,549,District - Prakasam (18),Rural,45-49,148963,74025,74938,897,586,311,134780,71256,63524,11562,1646,9916,1541,489,1052,183,48,135,0,0,0
28,549,District - Prakasam (18),Rural,50-54,124025,63243,60782,729,446,283,106768,60067,46701,15166,2269,12897,1220,414,806,142,47,95,0,0,0
28,549,District - Prakasam (18),Rural,55-59,97754,44024,53730,485,321,164,82567,41308,41259,13911,2108,11803,721,269,452,70,18,52,0,0,0
28,549,District - Prakasam (18),Rural,60-64,114053,53051,61002,886,516,370,81810,47775,34035,30447,4421,26026,812,313,499,98,26,72,0,0,0
28,549,District - Prakasam (18),Rural,65-69,78262,37301,40961,866,527,339,51719,32513,19206,25177,4036,21141,438,206,232,62,19,43,0,0,0
28,549,District - Prakasam (18),Rural,70-74,62505,31360,31145,431,272,159,34054,26101,7953,27714,4826,22888,246,145,101,60,16,44,0,0,0
28,549,District - Prakasam (18),Rural,75-79,23405,11409,11996,151,97,54,11739,8950,2789,11410,2307,9103,90,51,39,15,4,11,0,0,0
28,549,District - Prakasam (18),Rural,80+,26633,11708,14925,463,285,178,10254,8129,2125,15837,3254,12583,53,35,18,26,5,21,0,0,0
28,549,District - Prakasam (18),Rural,Age not stated,4231,2154,2077,2159,1319,840,1808,791,1017,241,40,201,19,3,16,4,1,3,0,0,0
28,549,District - Prakasam (18),Rural,Less than 18,870016,455321,414695,858967,453376,405591,10645,1839,8806,236,54,182,149,50,99,19,2,17,0,0,0
28,549,District - Prakasam (18),Rural,Less than 21,1047989,546503,501486,974114,536525,437589,72609,9790,62819,630,86,544,520,90,430,116,12,104,0,0,0
28,549,District - Prakasam (18),Urban,All ages,664582,332123,332459,276230,155681,120549,344141,170285,173856,40755,5306,35449,2897,715,2182,559,136,423,0,0,0
28,549,District - Prakasam (18),Urban,0-9,100664,51792,48872,100664,51792,48872,0,0,0,0,0,0,0,0,0,0,0,0,0,0,0
28,549,District - Prakasam (18),Urban,10-14,63707,32569,31138,62889,32315,30574,774,241,533,28,5,23,14,7,7,2,1,1,0,0,0
28,549,District - Prakasam (18),Urban,15-19,62295,31888,30407,55840,31222,24618,6334,648,5686,73,10,63,43,8,35,5,0,5,0,0,0
28,549,District - Prakasam (18),Urban,20-24,65224,31062,34162,35421,24089,11332,29347,6908,22439,246,31,215,171,31,140,39,3,36,0,0,0
28,549,District - Prakasam (18),Urban,25-29,64100,30880,33220,13827,10987,2840,49078,19750,29328,747,69,678,362,61,301,86,13,73,0,0,0
28,549,District - Prakasam (18),Urban,30-34,54108,27429,26679,3391,2626,765,48998,24574,24424,1182,116,1066,440,95,345,97,18,79,0,0,0
28,549,District - Prakasam (18),Urban,35-39,53441,26497,26944,1164,829,335,49720,25331,24389,1971,182,1789,483,118,365,103,37,66,0,0,0
28,549,District - Prakasam (18),Urban,40-44,45002,23359,21643,627,432,195,41381,22565,18816,2488,217,2271,422,115,307,84,30,54,0,0,0
28,549,District - Prakasam (18),Urban,45-49,39547,20132,19415,362,236,126,35582,19489,16093,3234,317,2917,325,78,247,44,12,32,0,0,0
28,549,District - Prakasam (18),Urban,50-54,31420,16132,15288,297,183,114,26710,15401,11309,4131,470,3661,246,71,175,36,7,29,0,0,0
28,549,District - Prakasam (18),Urban,55-59,24111,11785,12326,209,116,93,19673,11132,8541,4075,487,3588,133,44,89,21,6,15,0,0,0
28,549,District - Prakasam (18),Urban,60-64,23523,11331,12192,254,131,123,16560,10339,6221,6544,818,5726,148,40,108,17,3,14,0,0,0
28,549,District - Prakasam (18),Urban,65-69,15364,7187,8177,267,147,120,9581,6280,3301,5450,735,4715,58,23,35,8,2,6,0,0,0
28,549,District - Prakasam (18),Urban,70-74,10983,5211,5772,123,64,59,5743,4316,1427,5080,816,4264,28,14,14,9,1,8,0,0,0
28,549,District - Prakasam (18),Urban,75-79,4662,2167,2495,36,21,15,2250,1683,567,2361,457,1904,9,3,6,6,3,3,0,0,0
28,549,District - Prakasam (18),Urban,80+,5007,2021,2986,152,89,63,1794,1366,428,3052,562,2490,8,4,4,1,0,1,0,0,0
28,549,District - Prakasam (18),Urban,Age not stated,1424,681,743,707,402,305,616,262,354,93,14,79,7,3,4,1,0,1,0,0,0
28,549,District - Prakasam (18),Urban,Less than 18,200800,103569,97231,198198,103032,95166,2494,513,1981,74,13,61,31,10,21,3,1,2,0,0,0
28,549,District - Prakasam (18),Urban,Less than 21,243396,123826,119570,229895,122069,107826,13244,1710,11534,148,22,126,99,24,75,10,1,9,0,0,0
28,550,District - Sri Potti Sriramulu Nellore (19),Total,All ages,2963557,1492974,1470583,1205235,692275,512960,1539453,763938,775515,198578,30984,167594,18569,5312,13257,1722,465,1257,0,0,0
28,550,District - Sri Potti Sriramulu Nellore (19),Total,0-9,452216,233210,219006,452216,233210,219006,0,0,0,0,0,0,0,0,0,0,0,0,0,0,0
28,550,District - Sri Potti Sriramulu Nellore (19),Total,10-14,272221,141628,130593,269261,140760,128501,2792,801,1991,87,32,55,67,28,39,14,7,7,0,0,0
28,550,District - Sri Potti Sriramulu Nellore (19),Total,15-19,301772,161569,140203,268225,157803,110422,32971,3668,29303,254,42,212,280,44,236,42,12,30,0,0,0
28,550,District - Sri Potti Sriramulu Nellore (19),Total,20-24,278088,137345,140743,137338,100155,37183,138045,36801,101244,1287,163,1124,1297,211,1086,121,15,106,0,0,0
28,550,District - Sri Potti Sriramulu Nellore (19),Total,25-29,270416,132485,137931,48435,39428,9007,216018,92135,123883,3505,392,3113,2218,475,1743,240,55,185,0,0,0
28,550,District - Sri Potti Sriramulu Nellore (19),Total,30-34,234556,117001,117555,11965,9269,2696,213736,106328,107408,5760,639,5121,2814,684,2130,281,81,200,0,0,0
28,550,District - Sri Potti Sriramulu Nellore (19),Total,35-39,231813,113709,118104,4722,3330,1392,214764,108518,106246,9105,1010,8095,2919,764,2155,303,87,216,0,0,0
28,550,District - Sri Potti Sriramulu Nellore (19),Total,40-44,199796,102524,97272,2636,1833,803,182401,98274,84127,11874,1546,10328,2628,807,1821,257,64,193,0,0,0
28,550,District - Sri Potti Sriramulu Nellore (19),Total,45-49,174283,88647,85636,1702,1125,577,154932,84716,70216,15468,2130,13338,2007,630,1377,174,46,128,0,0,0
28,550,District - Sri Potti Sriramulu Nellore (19),Total,50-54,140428,71244,69184,1286,808,478,117865,67076,50789,19650,2809,16841,1524,523,1001,103,28,75,0,0,0
28,550,District - Sri Potti Sriramulu Nellore (19),Total,55-59,108369,50969,57400,896,543,353,88130,47255,40875,18401,2815,15586,880,332,548,62,24,38,0,0,0
28,550,District - Sri Potti Sriramulu Nellore (19),Total,60-64,117076,55254,61822,1217,727,490,80304,49149,31155,34540,5021,29519,956,335,621,59,22,37,0,0,0
28,550,District - Sri Potti Sriramulu Nellore (19),Total,65-69,77964,37212,40752,1183,679,504,48289,31869,16420,27916,4419,23497,548,238,310,28,7,21,0,0,0
28,550,District - Sri Potti Sriramulu Nellore (19),Total,70-74,55679,27524,28155,549,350,199,29151,22219,6932,25697,4794,20903,260,152,108,22,9,13,0,0,0
28,550,District - Sri Potti Sriramulu Nellore (19),Total,75-79,22454,10875,11579,246,163,83,10759,8324,2435,11370,2337,9033,74,47,27,5,4,1,0,0,0
28,550,District - Sri Potti Sriramulu Nellore (19),Total,80+,22052,9349,12703,608,333,275,7950,6193,1757,13410,2784,10626,75,37,38,9,2,7,0,0,0
28,550,District - Sri Potti Sriramulu Nellore (19),Total,Age not stated,4374,2429,1945,2750,1759,991,1346,612,734,254,51,203,22,5,17,2,2,0,0,0,0
28,550,District - Sri Potti Sriramulu Nellore (19),Total,Less than 18,908175,475981,432194,896286,473723,422563,11498,2137,9361,205,58,147,153,48,105,33,15,18,0,0,0
28,550,District - Sri Potti Sriramulu Nellore (19),Total,Less than 21,1099888,571116,528772,1032841,561737,471104,65774,9145,56629,565,101,464,630,114,516,78,19,59,0,0,0
28,550,District - Sri Potti Sriramulu Nellore (19),Rural,All ages,2105927,1060810,1045117,833206,481060,352146,1109141,551094,558047,147633,24102,123531,14818,4280,10538,1129,274,855,0,0,0
28,550,District - Sri Potti Sriramulu Nellore (19),Rural,0-9,332648,171551,161097,332648,171551,161097,0,0,0,0,0,0,0,0,0,0,0,0,0,0,0
28,550,District - Sri Potti Sriramulu Nellore (19),Rural,10-14,197113,103035,94078,195034,102416,92618,1955,569,1386,62,24,38,55,23,32,7,3,4,0,0,0
28,550,District - Sri Potti Sriramulu Nellore (19),Rural,15-19,190402,101257,89145,165481,98621,66860,24484,2568,21916,192,35,157,231,32,199,14,1,13,0,0,0
28,550,District - Sri Potti Sriramulu Nellore (19),Rural,20-24,199307,100231,99076,93119,71188,21931,104033,28729,75304,992,128,864,1069,176,893,94,10,84,0,0,0
28,550,District - Sri Potti Sriramulu Nellore (19),Rural,25-29,191812,94705,97107,29719,25087,4632,157455,68887,88568,2685,299,2386,1789,398,1391,164,34,130,0,0,0
28,550,District - Sri Potti Sriramulu Nellore (19),Rural,30-34,165372,82623,82749,6883,5372,1511,151685,76149,75536,4335,494,3841,2285,554,1731,184,54,130,0,0,0
28,550,District - Sri Potti Sriramulu Nellore (19),Rural,35-39,163323,79746,83577,2571,1780,791,151509,76544,74965,6717,765,5952,2329,612,1717,197,45,152,0,0,0
28,550,District - Sri Potti Sriramulu Nellore (19),Rural,40-44,140728,72078,68650,1644,1137,507,128188,69052,59136,8655,1214,7441,2073,636,1437,168,39,129,0,0,0
28,550,District - Sri Potti Sriramulu Nellore (19),Rural,45-49,122790,62343,60447,1011,671,340,109084,59461,49623,11008,1678,9330,1573,503,1070,114,30,84,0,0,0
28,550,District - Sri Potti Sriramulu Nellore (19),Rural,50-54,99543,50271,49272,777,527,250,83371,47131,36240,14151,2190,11961,1180,405,775,64,18,46,0,0,0
28,550,District - Sri Potti Sriramulu Nellore (19),Rural,55-59,77118,35140,41978,513,338,175,62885,32421,30464,13011,2108,10903,674,263,411,35,10,25,0,0,0
28,550,District - Sri Potti Sriramulu Nellore (19),Rural,60-64,88498,41379,47119,788,506,282,60401,36590,23811,26499,3989,22510,770,280,490,40,14,26,0,0,0
28,550,District - Sri Potti Sriramulu Nellore (19),Rural,65-69,59139,28483,30656,703,436,267,36792,24350,12442,21179,3492,17687,444,199,245,21,6,15,0,0,0
28,550,District - Sri Potti Sriramulu Nellore (19),Rural,70-74,42937,21500,21437,378,261,117,22474,17314,5160,19857,3790,16067,210,128,82,18,7,11,0,0,0
28,550,District - Sri Potti Sriramulu Nellore (19),Rural,75-79,16280,8011,8269,145,107,38,7878,6123,1755,8194,1740,6454,62,41,21,1,0,1,0,0,0
28,550,District - Sri Potti Sriramulu Nellore (19),Rural,80+,16317,7134,9183,360,212,148,5996,4779,1217,9898,2114,7784,56,27,29,7,2,5,0,0,0
28,550,District - Sri Potti Sriramulu Nellore (19),Rural,Age not stated,2600,1323,1277,1432,850,582,951,427,524,198,42,156,18,3,15,1,1,0,0,0,0
28,550,District - Sri Potti Sriramulu Nellore (19),Rural,Less than 18,638415,333866,304549,630341,332394,297947,7790,1385,6405,148,47,101,124,37,87,12,3,9,0,0,0
28,550,District - Sri Potti Sriramulu Nellore (19),Rural,Less than 21,774645,401706,372939,723804,394709,329095,49853,6822,43031,428,80,348,521,91,430,39,4,35,0,0,0
28,550,District - Sri Potti Sriramulu Nellore (19),Urban,All ages,857630,432164,425466,372029,211215,160814,430312,212844,217468,50945,6882,44063,3751,1032,2719,593,191,402,0,0,0
28,550,District - Sri Potti Sriramulu Nellore (19),Urban,0-9,119568,61659,57909,119568,61659,57909,0,0,0,0,0,0,0,0,0,0,0,0,0,0,0
28,550,District - Sri Potti Sriramulu Nellore (19),Urban,10-14,75108,38593,36515,74227,38344,35883,837,232,605,25,8,17,12,5,7,7,4,3,0,0,0
28,550,District - Sri Potti Sriramulu Nellore (19),Urban,15-19,111370,60312,51058,102744,59182,43562,8487,1100,7387,62,7,55,49,12,37,28,11,17,0,0,0
28,550,District - Sri Potti Sriramulu Nellore (19),Urban,20-24,78781,37114,41667,44219,28967,15252,34012,8072,25940,295,35,260,228,35,193,27,5,22,0,0,0
28,550,District - Sri Potti Sriramulu Nellore (19),Urban,25-29,78604,37780,40824,18716,14341,4375,58563,23248,35315,820,93,727,429,77,352,76,21,55,0,0,0
28,550,District - Sri Potti Sriramulu Nellore (19),Urban,30-34,69184,34378,34806,5082,3897,1185,62051,30179,31872,1425,145,1280,529,130,399,97,27,70,0,0,0
28,550,District - Sri Potti Sriramulu Nellore (19),Urban,35-39,68490,33963,34527,2151,1550,601,63255,31974,31281,2388,245,2143,590,152,438,106,42,64,0,0,0
28,550,District - Sri Potti Sriramulu Nellore (19),Urban,40-44,59068,30446,28622,992,696,296,54213,29222,24991,3219,332,2887,555,171,384,89,25,64,0,0,0
28,550,District - Sri Potti Sriramulu Nellore (19),Urban,45-49,51493,26304,25189,691,454,237,45848,25255,20593,4460,452,4008,434,127,307,60,16,44,0,0,0
28,550,District - Sri Potti Sriramulu Nellore (19),Urban,50-54,40885,20973,19912,509,281,228,34494,19945,14549,5499,619,4880,344,118,226,39,10,29,0,0,0
28,550,District - Sri Potti Sriramulu Nellore (19),Urban,55-59,31251,15829,15422,383,205,178,25245,14834,10411,5390,707,4683,206,69,137,27,14,13,0,0,0
28,550,District - Sri Potti Sriramulu Nellore (19),Urban,60-64,28578,13875,14703,429,221,208,19903,12559,7344,8041,1032,7009,186,55,131,19,8,11,0,0,0
28,550,District - Sri Potti Sriramulu Nellore (19),Urban,65-69,18825,8729,10096,480,243,237,11497,7519,3978,6737,927,5810,104,39,65,7,1,6,0,0,0
28,550,District - Sri Potti Sriramulu Nellore (19),Urban,70-74,12742,6024,6718,171,89,82,6677,4905,1772,5840,1004,4836,50,24,26,4,2,2,0,0,0
28,550,District - Sri Potti Sriramulu Nellore (19),Urban,75-79,6174,2864,3310,101,56,45,2881,2201,680,3176,597,2579,12,6,6,4,4,0,0,0,0
28,550,District - Sri Potti Sriramulu Nellore (19),Urban,80+,5735,2215,3520,248,121,127,1954,1414,540,3512,670,2842,19,10,9,2,0,2,0,0,0
28,550,District - Sri Potti Sriramulu Nellore (19),Urban,Age not stated,1774,1106,668,1318,909,409,395,185,210,56,9,47,4,2,2,1,1,0,0,0,0
28,550,District - Sri Potti Sriramulu Nellore (19),Urban,Less than 18,269760,142115,127645,265945,141329,124616,3708,752,2956,57,11,46,29,11,18,21,12,9,0,0,0
28,550,District - Sri Potti Sriramulu Nellore (19),Urban,Less than 21,325243,169410,155833,309037,167028,142009,15921,2323,13598,137,21,116,109,23,86,39,15,24,0,0,0
28,551,District - Y.S.R. (20),Total,All ages,2882469,1451777,1430692,1208479,690258,518221,1481071,731619,749452,181805,26932,154873,9876,2676,7200,1238,292,946,0,0,0
28,551,District - Y.S.R. (20),Total,0-9,489871,255100,234771,489871,255100,234771,0,0,0,0,0,0,0,0,0,0,0,0,0,0,0
28,551,District - Y.S.R. (20),Total,10-14,273328,140625,132703,269753,139429,130324,3400,1134,2266,109,32,77,64,28,36,2,2,0,0,0,0
28,551,District - Y.S.R. (20),Total,15-19,264768,138176,126592,236262,134812,101450,27973,3253,24720,288,56,232,218,54,164,27,1,26,0,0,0
28,551,District - Y.S.R. (20),Total,20-24,268608,135324,133284,139021,102612,36409,127629,32437,95192,1103,150,953,754,116,638,101,9,92,0,0,0
28,551,District - Y.S.R. (20),Total,25-29,257092,125098,131994,46083,38496,7587,206744,85977,120767,2833,330,2503,1239,255,984,193,40,153,0,0,0
28,551,District - Y.S.R. (20),Total,30-34,220877,111174,109703,10768,8580,2188,203860,101647,102213,4627,578,4049,1423,323,1100,199,46,153,0,0,0
28,551,District - Y.S.R. (20),Total,35-39,223389,110518,112871,4067,2878,1189,210194,106388,103806,7401,808,6593,1526,390,1136,201,54,147,0,0,0
28,551,District - Y.S.R. (20),Total,40-44,186574,98180,88394,2448,1696,752,172778,94808,77970,9863,1231,8632,1317,399,918,168,46,122,0,0,0
28,551,District - Y.S.R. (20),Total,45-49,162743,83486,79257,1507,1051,456,147599,80394,67205,12537,1690,10847,978,320,658,122,31,91,0,0,0
28,551,District - Y.S.R. (20),Total,50-54,128468,66185,62283,1173,811,362,110547,62915,47632,15898,2191,13707,775,243,532,75,25,50,0,0,0
28,551,District - Y.S.R. (20),Total,55-59,104274,47716,56558,854,526,328,87180,44868,42312,15794,2195,13599,402,121,281,44,6,38,0,0,0
28,551,District - Y.S.R. (20),Total,60-64,118193,54589,63604,1138,674,464,83514,49239,34275,32917,4479,28438,581,191,390,43,6,37,0,0,0
28,551,District - Y.S.R. (20),Total,65-69,80634,37794,42840,962,570,392,50719,32703,18016,28600,4383,24217,318,124,194,35,14,21,0,0,0
28,551,District - Y.S.R. (20),Total,70-74,54688,26377,28311,570,344,226,28586,21644,6942,25354,4310,21044,163,72,91,15,7,8,0,0,0
28,551,District - Y.S.R. (20),Total,75-79,20651,9520,11131,203,122,81,10074,7415,2659,10309,1959,8350,58,21,37,7,3,4,0,0,0
28,551,District - Y.S.R. (20),Total,80+,23504,9030,14474,847,494,353,8669,6026,2643,13934,2492,11442,50,16,34,4,2,2,0,0,0
28,551,District - Y.S.R. (20),Total,Age not stated,4807,2885,1922,2952,2063,889,1605,771,834,238,48,190,10,3,7,2,0,2,0,0,0
28,551,District - Y.S.R. (20),Total,Less than 18,915052,475851,439201,904362,473281,431081,10279,2444,7835,261,69,192,140,54,86,10,3,7,0,0,0
28,551,District - Y.S.R. (20),Total,Less than 21,1104213,571080,533133,1042743,562254,480489,60321,8593,51728,627,123,504,469,106,363,53,4,49,0,0,0
28,551,District - Y.S.R. (20),Rural,All ages,1903337,959693,943644,784392,450806,333586,985582,487295,498287,125473,19431,106042,7110,1973,5137,780,188,592,0,0,0
28,551,District - Y.S.R. (20),Rural,0-9,326528,170113,156415,326528,170113,156415,0,0,0,0,0,0,0,0,0,0,0,0,0,0,0
28,551,District - Y.S.R. (20),Rural,10-14,180205,92486,87719,177977,91770,86207,2105,674,1431,71,20,51,52,22,30,0,0,0,0,0,0
28,551,District - Y.S.R. (20),Rural,15-19,171503,90897,80606,152479,88637,63842,18680,2186,16494,170,37,133,152,36,116,22,1,21,0,0,0
28,551,District - Y.S.R. (20),Rural,20-24,171434,88088,83346,84727,65474,19253,85369,22414,62955,750,111,639,524,81,443,64,8,56,0,0,0
28,551,District - Y.S.R. (20),Rural,25-29,165782,81092,84690,26467,22929,3538,136361,57717,78644,1909,238,1671,921,180,741,124,28,96,0,0,0
28,551,District - Y.S.R. (20),Rural,30-34,143834,72412,71422,6091,4905,1186,133421,66834,66587,3181,403,2778,1023,241,782,118,29,89,0,0,0
28,551,District - Y.S.R. (20),Rural,35-39,145283,71600,73683,2351,1663,688,136825,69062,67763,4892,561,4331,1096,285,811,119,29,90,0,0,0
28,551,District - Y.S.R. (20),Rural,40-44,122047,63974,58073,1490,1055,435,113013,61731,51282,6522,884,5638,912,270,642,110,34,76,0,0,0
28,551,District - Y.S.R. (20),Rural,45-49,106340,54437,51903,928,660,268,96622,52314,44308,8026,1208,6818,695,237,458,69,18,51,0,0,0
28,551,District - Y.S.R. (20),Rural,50-54,84821,43573,41248,728,538,190,73204,41295,31909,10301,1549,8752,536,177,359,52,14,38,0,0,0
28,551,District - Y.S.R. (20),Rural,55-59,69741,30933,38808,510,339,171,58874,28997,29877,10046,1499,8547,281,94,187,30,4,26,0,0,0
28,551,District - Y.S.R. (20),Rural,60-64,83731,38326,45405,746,479,267,59447,34428,25019,23060,3262,19798,450,154,296,28,3,25,0,0,0
28,551,District - Y.S.R. (20),Rural,65-69,58837,27830,31007,645,421,224,37121,24041,13080,20794,3253,17541,253,105,148,24,10,14,0,0,0
28,551,District - Y.S.R. (20),Rural,70-74,39682,19249,20433,378,251,127,20600,15712,4888,18572,3225,15347,122,56,66,10,5,5,0,0,0
28,551,District - Y.S.R. (20),Rural,75-79,14471,6630,7841,120,80,40,7071,5172,1899,7229,1358,5871,46,17,29,5,3,2,0,0,0
28,551,District - Y.S.R. (20),Rural,80+,16353,6418,9935,493,292,201,6009,4312,1697,9810,1797,8013,38,15,23,3,2,1,0,0,0
28,551,District - Y.S.R. (20),Rural,Age not stated,2745,1635,1110,1734,1200,534,860,406,454,140,26,114,9,3,6,2,0,2,0,0,0
28,551,District - Y.S.R. (20),Rural,Less than 18,605783,315342,290441,598921,313726,285195,6595,1534,5061,160,42,118,101,39,62,6,1,5,0,0,0
28,551,District - Y.S.R. (20),Rural,Less than 21,728375,378446,349929,686966,372459,314507,40620,5825,34795,403,84,319,343,76,267,43,2,41,0,0,0
28,551,District - Y.S.R. (20),Urban,All ages,979132,492084,487048,424087,239452,184635,495489,244324,251165,56332,7501,48831,2766,703,2063,458,104,354,0,0,0
28,551,District - Y.S.R. (20),Urban,0-9,163343,84987,78356,163343,84987,78356,0,0,0,0,0,0,0,0,0,0,0,0,0,0,0
28,551,District - Y.S.R. (20),Urban,10-14,93123,48139,44984,91776,47659,44117,1295,460,835,38,12,26,12,6,6,2,2,0,0,0,0
28,551,District - Y.S.R. (20),Urban,15-19,93265,47279,45986,83783,46175,37608,9293,1067,8226,118,19,99,66,18,48,5,0,5,0,0,0
28,551,District - Y.S.R. (20),Urban,20-24,97174,47236,49938,54294,37138,17156,42260,10023,32237,353,39,314,230,35,195,37,1,36,0,0,0
28,551,District - Y.S.R. (20),Urban,25-29,91310,44006,47304,19616,15567,4049,70383,28260,42123,924,92,832,318,75,243,69,12,57,0,0,0
28,551,District - Y.S.R. (20),Urban,30-34,77043,38762,38281,4677,3675,1002,70439,34813,35626,1446,175,1271,400,82,318,81,17,64,0,0,0
28,551,District - Y.S.R. (20),Urban,35-39,78106,38918,39188,1716,1215,501,73369,37326,36043,2509,247,2262,430,105,325,82,25,57,0,0,0
28,551,District - Y.S.R. (20),Urban,40-44,64527,34206,30321,958,641,317,59765,33077,26688,3341,347,2994,405,129,276,58,12,46,0,0,0
28,551,District - Y.S.R. (20),Urban,45-49,56403,29049,27354,579,391,188,50977,28080,22897,4511,482,4029,283,83,200,53,13,40,0,0,0
28,551,District - Y.S.R. (20),Urban,50-54,43647,22612,21035,445,273,172,37343,21620,15723,5597,642,4955,239,66,173,23,11,12,0,0,0
28,551,District - Y.S.R. (20),Urban,55-59,34533,16783,17750,344,187,157,28306,15871,12435,5748,696,5052,121,27,94,14,2,12,0,0,0
28,551,District - Y.S.R. (20),Urban,60-64,34462,16263,18199,392,195,197,24067,14811,9256,9857,1217,8640,131,37,94,15,3,12,0,0,0
28,551,District - Y.S.R. (20),Urban,65-69,21797,9964,11833,317,149,168,13598,8662,4936,7806,1130,6676,65,19,46,11,4,7,0,0,0
28,551,District - Y.S.R. (20),Urban,70-74,15006,7128,7878,192,93,99,7986,5932,2054,6782,1085,5697,41,16,25,5,2,3,0,0,0
28,551,District - Y.S.R. (20),Urban,75-79,6180,2890,3290,83,42,41,3003,2243,760,3080,601,2479,12,4,8,2,0,2,0,0,0
28,551,District - Y.S.R. (20),Urban,80+,7151,2612,4539,354,202,152,2660,1714,946,4124,695,3429,12,1,11,1,0,1,0,0,0
28,551,District - Y.S.R. (20),Urban,Age not stated,2062,1250,812,1218,863,355,745,365,380,98,22,76,1,0,1,0,0,0,0,0,0
28,551,District - Y.S.R. (20),Urban,Less than 18,309269,160509,148760,305441,159555,145886,3684,910,2774,101,27,74,39,15,24,4,2,2,0,0,0
28,551,District - Y.S.R. (20),Urban,Less than 21,375838,192634,183204,355777,189795,165982,19701,2768,16933,224,39,185,126,30,96,10,2,8,0,0,0
28,552,District - Kurnool (21),Total,All ages,4053463,2039227,2014236,1818909,1022506,796403,1999828,983414,1016414,220922,30215,190707,12086,2703,9383,1718,389,1329,0,0,0
28,552,District - Kurnool (21),Total,0-9,754970,388585,366385,754970,388585,366385,0,0,0,0,0,0,0,0,0,0,0,0,0,0,0
28,552,District - Kurnool (21),Total,10-14,442302,227842,214460,434290,224960,209330,7540,2687,4853,284,107,177,170,84,86,18,4,14,0,0,0
28,552,District - Kurnool (21),Total,15-19,407679,214548,193131,352736,206724,146012,53857,7522,46335,701,201,500,334,90,244,51,11,40,0,0,0
28,552,District - Kurnool (21),Total,20-24,395011,198891,196120,179036,133153,45883,212729,65145,147584,2084,401,1683,964,153,811,198,39,159,0,0,0
28,552,District - Kurnool (21),Total,25-29,368722,179175,189547,54504,43194,11310,307545,135097,172448,4719,549,4170,1645,269,1376,309,66,243,0,0,0
28,552,District - Kurnool (21),Total,30-34,307527,154862,152665,13534,9870,3664,284348,143746,140602,7447,832,6615,1913,360,1553,285,54,231,0,0,0
28,552,District - Kurnool (21),Total,35-39,299697,149051,150646,5230,3268,1962,281377,144238,137139,11055,1105,9950,1778,381,1397,257,59,198,0,0,0
28,552,District - Kurnool (21),Total,40-44,241810,127262,114548,3036,1800,1236,222441,123389,99052,14498,1645,12853,1629,374,1255,206,54,152,0,0,0
28,552,District - Kurnool (21),Total,45-49,204584,104257,100327,1731,961,770,184360,101016,83344,17207,1976,15231,1153,269,884,133,35,98,0,0,0
28,552,District - Kurnool (21),Total,50-54,159160,81381,77779,1566,838,728,134959,77592,57367,21677,2702,18975,875,228,647,83,21,62,0,0,0
28,552,District - Kurnool (21),Total,55-59,123816,57039,66777,1051,565,486,102167,53699,48468,20058,2647,17411,491,117,374,49,11,38,0,0,0
28,552,District - Kurnool (21),Total,60-64,132001,60234,71767,1608,674,934,91730,54582,37148,38056,4809,33247,553,157,396,54,12,42,0,0,0
28,552,District - Kurnool (21),Total,65-69,83844,38155,45689,1382,672,710,53667,33446,20221,28505,3935,24570,263,94,169,27,8,19,0,0,0
28,552,District - Kurnool (21),Total,70-74,58640,26973,31667,761,343,418,31206,22313,8893,26507,4246,22261,142,62,80,24,9,15,0,0,0
28,552,District - Kurnool (21),Total,75-79,23091,10185,12906,256,106,150,11494,7899,3595,11272,2148,9124,58,28,30,11,4,7,0,0,0
28,552,District - Kurnool (21),Total,80+,28475,10865,17610,1457,825,632,11342,7267,4075,15612,2753,12859,60,19,41,4,1,3,0,0,0
28,552,District - Kurnool (21),Total,Age not stated,22134,9922,12212,11761,5968,5793,9066,3776,5290,1240,159,1081,58,18,40,9,1,8,0,0,0
28,552,District - Kurnool (21),Total,Less than 18,1433736,742996,690740,1411273,737065,674208,21508,5593,15915,627,200,427,293,127,166,35,11,24,0,0,0
28,552,District - Kurnool (21),Total,Less than 21,1721263,887051,834212,1606489,866589,739900,112500,19838,92662,1430,395,1035,720,203,517,124,26,98,0,0,0
28,552,District - Kurnool (21),Rural,All ages,2904177,1464569,1439608,1289540,729960,559580,1441858,709765,732093,162325,22588,139737,9222,1992,7230,1232,264,968,0,0,0
28,552,District - Kurnool (21),Rural,0-9,555524,285617,269907,555524,285617,269907,0,0,0,0,0,0,0,0,0,0,0,0,0,0,0
28,552,District - Kurnool (21),Rural,10-14,319254,164881,154373,313639,162881,150758,5308,1885,3423,192,64,128,106,50,56,9,1,8,0,0,0
28,552,District - Kurnool (21),Rural,15-19,289102,154817,134285,247769,149016,98753,40600,5623,34977,454,114,340,244,57,187,35,7,28,0,0,0
28,552,District - Kurnool (21),Rural,20-24,276640,141979,134661,114976,90753,24223,159335,50887,108448,1455,203,1252,723,105,618,151,31,120,0,0,0
28,552,District - Kurnool (21),Rural,25-29,258046,126080,131966,30516,25258,5258,222624,100187,122437,3433,388,3045,1252,193,1059,221,54,167,0,0,0
28,552,District - Kurnool (21),Rural,30-34,215404,108667,106737,7388,5375,2013,200947,102382,98565,5414,605,4809,1459,265,1194,196,40,156,0,0,0
28,552,District - Kurnool (21),Rural,35-39,210422,103878,106544,2971,1823,1148,198064,100953,97111,7886,794,7092,1320,276,1044,181,32,149,0,0,0
28,552,District - Kurnool (21),Rural,40-44,170855,89724,81131,1799,1076,723,157314,87102,70212,10356,1250,9106,1245,266,979,141,30,111,0,0,0
28,552,District - Kurnool (21),Rural,45-49,144661,73490,71171,1020,571,449,130837,71220,59617,11834,1478,10356,873,199,674,97,22,75,0,0,0
28,552,District - Kurnool (21),Rural,50-54,113107,57968,55139,991,564,427,96193,55198,40995,15184,2012,13172,675,178,497,64,16,48,0,0,0
28,552,District - Kurnool (21),Rural,55-59,88585,39893,48692,645,366,279,73571,37467,36104,13945,1960,11985,386,93,293,38,7,31,0,0,0
28,552,District - Kurnool (21),Rural,60-64,99269,44776,54493,1044,458,586,68910,40482,28428,28804,3703,25101,469,125,344,42,8,34,0,0,0
28,552,District - Kurnool (21),Rural,65-69,63687,28871,34816,899,444,455,40771,25334,15437,21784,3011,18773,213,77,136,20,5,15,0,0,0
28,552,District - Kurnool (21),Rural,70-74,44624,20454,24170,517,245,272,23467,16885,6582,20501,3265,17236,120,52,68,19,7,12,0,0,0
28,552,District - Kurnool (21),Rural,75-79,16900,7382,9518,170,73,97,8374,5725,2649,8300,1558,6742,49,24,25,7,2,5,0,0,0
28,552,District - Kurnool (21),Rural,80+,21001,8038,12963,963,565,398,8229,5405,2824,11762,2051,9711,44,16,28,3,1,2,0,0,0
28,552,District - Kurnool (21),Rural,Age not stated,17096,8054,9042,8709,4875,3834,7314,3030,4284,1021,132,889,44,16,28,8,1,7,0,0,0
28,552,District - Kurnool (21),Rural,Less than 18,1042350,541200,501150,1026399,537069,489330,15328,3925,11403,415,130,285,187,71,116,21,5,16,0,0,0
28,552,District - Kurnool (21),Rural,Less than 21,1247870,646820,601050,1161452,631310,530142,84867,15143,69724,950,221,729,512,129,383,89,17,72,0,0,0
28,552,District - Kurnool (21),Urban,All ages,1149286,574658,574628,529369,292546,236823,557970,273649,284321,58597,7627,50970,2864,711,2153,486,125,361,0,0,0
28,552,District - Kurnool (21),Urban,0-9,199446,102968,96478,199446,102968,96478,0,0,0,0,0,0,0,0,0,0,0,0,0,0,0
28,552,District - Kurnool (21),Urban,10-14,123048,62961,60087,120651,62079,58572,2232,802,1430,92,43,49,64,34,30,9,3,6,0,0,0
28,552,District - Kurnool (21),Urban,15-19,118577,59731,58846,104967,57708,47259,13257,1899,11358,247,87,160,90,33,57,16,4,12,0,0,0
28,552,District - Kurnool (21),Urban,20-24,118371,56912,61459,64060,42400,21660,53394,14258,39136,629,198,431,241,48,193,47,8,39,0,0,0
28,552,District - Kurnool (21),Urban,25-29,110676,53095,57581,23988,17936,6052,84921,34910,50011,1286,161,1125,393,76,317,88,12,76,0,0,0
28,552,District - Kurnool (21),Urban,30-34,92123,46195,45928,6146,4495,1651,83401,41364,42037,2033,227,1806,454,95,359,89,14,75,0,0,0
28,552,District - Kurnool (21),Urban,35-39,89275,45173,44102,2259,1445,814,83313,43285,40028,3169,311,2858,458,105,353,76,27,49,0,0,0
28,552,District - Kurnool (21),Urban,40-44,70955,37538,33417,1237,724,513,65127,36287,28840,4142,395,3747,384,108,276,65,24,41,0,0,0
28,552,District - Kurnool (21),Urban,45-49,59923,30767,29156,711,390,321,53523,29796,23727,5373,498,4875,280,70,210,36,13,23,0,0,0
28,552,District - Kurnool (21),Urban,50-54,46053,23413,22640,575,274,301,38766,22394,16372,6493,690,5803,200,50,150,19,5,14,0,0,0
28,552,District - Kurnool (21),Urban,55-59,35231,17146,18085,406,199,207,28596,16232,12364,6113,687,5426,105,24,81,11,4,7,0,0,0
28,552,District - Kurnool (21),Urban,60-64,32732,15458,17274,564,216,348,22820,14100,8720,9252,1106,8146,84,32,52,12,4,8,0,0,0
28,552,District - Kurnool (21),Urban,65-69,20157,9284,10873,483,228,255,12896,8112,4784,6721,924,5797,50,17,33,7,3,4,0,0,0
28,552,District - Kurnool (21),Urban,70-74,14016,6519,7497,244,98,146,7739,5428,2311,6006,981,5025,22,10,12,5,2,3,0,0,0
28,552,District - Kurnool (21),Urban,75-79,6191,2803,3388,86,33,53,3120,2174,946,2972,590,2382,9,4,5,4,2,2,0,0,0
28,552,District - Kurnool (21),Urban,80+,7474,2827,4647,494,260,234,3113,1862,1251,3850,702,3148,16,3,13,1,0,1,0,0,0
28,552,District - Kurnool (21),Urban,Age not stated,5038,1868,3170,3052,1093,1959,1752,746,1006,219,27,192,14,2,12,1,0,1,0,0,0
28,552,District - Kurnool (21),Urban,Less than 18,391386,201796,189590,384874,199996,184878,6180,1668,4512,212,70,142,106,56,50,14,6,8,0,0,0
28,552,District - Kurnool (21),Urban,Less than 21,473393,240231,233162,445037,235279,209758,27633,4695,22938,480,174,306,208,74,134,35,9,26,0,0,0
28,553,District - Anantapur (22),Total,All ages,4081148,2064495,2016653,1704167,976795,727372,2115676,1043504,1072172,240072,39345,200727,19240,4387,14853,1993,464,1529,0,0,0
28,553,District - Anantapur (22),Total,0-9,662107,342117,319990,662107,342117,319990,0,0,0,0,0,0,0,0,0,0,0,0,0,0,0
28,553,District - Anantapur (22),Total,10-14,389193,201144,188049,381114,198301,182813,7611,2669,4942,272,81,191,174,87,87,22,6,16,0,0,0
28,553,District - Anantapur (22),Total,15-19,388002,203027,184975,338703,196095,142608,48250,6718,41532,612,128,484,398,78,320,39,8,31,0,0,0
28,553,District - Anantapur (22),Total,20-24,381660,193325,188335,190611,142915,47696,187430,49884,137546,1984,322,1662,1505,182,1323,130,22,108,0,0,0
28,553,District - Anantapur (22),Total,25-29,368434,178117,190317,66177,54346,11831,294739,122646,172093,4627,666,3961,2592,396,2196,299,63,236,0,0,0
28,553,District - Anantapur (22),Total,30-34,312489,158401,154088,17425,13559,3866,284841,143266,141575,7134,999,6135,2806,510,2296,283,67,216,0,0,0
28,553,District - Anantapur (22),Total,35-39,314528,156672,157856,6928,4748,2180,293653,149885,143768,10694,1313,9381,2940,634,2306,313,92,221,0,0,0
28,553,District - Anantapur (22),Total,40-44,254468,134363,120105,3772,2559,1213,234588,129401,105187,13451,1781,11670,2403,557,1846,254,65,189,0,0,0
28,553,District - Anantapur (22),Total,45-49,223080,114323,108757,2184,1382,802,201945,110157,91788,16980,2274,14706,1817,479,1338,154,31,123,0,0,0
28,553,District - Anantapur (22),Total,50-54,177682,90438,87244,2378,1532,846,153352,85474,67878,20516,3021,17495,1340,390,950,96,21,75,0,0,0
28,553,District - Anantapur (22),Total,55-59,144326,67235,77091,1855,1138,717,121357,62680,58677,20195,3160,17035,834,237,597,85,20,65,0,0,0
28,553,District - Anantapur (22),Total,60-64,160958,77316,83642,2221,1123,1098,117289,69788,47501,40307,6074,34233,1037,314,723,104,17,87,0,0,0
28,553,District - Anantapur (22),Total,65-69,112177,55584,56593,2030,1077,953,74062,48291,25771,35375,5982,29393,634,213,421,76,21,55,0,0,0
28,553,District - Anantapur (22),Total,70-74,74481,37257,37224,1077,594,483,41822,30541,11281,31227,5969,25258,302,137,165,53,16,37,0,0,0
28,553,District - Anantapur (22),Total,75-79,31409,15194,16215,432,212,220,16615,11892,4723,14211,3028,11183,122,56,66,29,6,23,0,0,0
28,553,District - Anantapur (22),Total,80+,38579,16349,22230,1876,1123,753,16689,11111,5578,19851,4052,15799,133,58,75,30,5,25,0,0,0
28,553,District - Anantapur (22),Total,Age not stated,47575,23633,23942,23277,13974,9303,21433,9101,12332,2636,495,2141,203,59,144,26,4,22,0,0,0
28,553,District - Anantapur (22),Total,Less than 18,1274486,661262,613224,1251816,655330,596486,21713,5637,16076,590,156,434,333,129,204,34,10,24,0,0,0
28,553,District - Anantapur (22),Total,Less than 21,1547163,798885,748278,1445553,781946,663607,99285,16446,82839,1322,275,1047,910,199,711,93,19,74,0,0,0
28,553,District - Anantapur (22),Rural,All ages,2935437,1489157,1446280,1207090,697739,509351,1535589,757388,778201,176078,30218,145860,15306,3495,11811,1374,317,1057,0,0,0
28,553,District - Anantapur (22),Rural,0-9,480408,248224,232184,480408,248224,232184,0,0,0,0,0,0,0,0,0,0,0,0,0,0,0
28,553,District - Anantapur (22),Rural,10-14,279005,145009,133996,273114,142945,130169,5552,1934,3618,199,65,134,122,60,62,18,5,13,0,0,0
28,553,District - Anantapur (22),Rural,15-19,274918,145504,129414,237997,140350,97647,36120,5003,31117,465,97,368,306,48,258,30,6,24,0,0,0
28,553,District - Anantapur (22),Rural,20-24,268238,138487,129751,127958,100345,27613,137482,37747,99735,1480,231,1249,1226,150,1076,92,14,78,0,0,0
28,553,District - Anantapur (22),Rural,25-29,260038,126087,133951,42144,35765,6379,212134,89450,122684,3479,519,2960,2079,313,1766,202,40,162,0,0,0
28,553,District - Anantapur (22),Rural,30-34,221751,112159,109592,10824,8603,2221,203322,102362,100960,5166,741,4425,2255,406,1849,184,47,137,0,0,0
28,553,District - Anantapur (22),Rural,35-39,222691,110712,111979,4416,3036,1380,208248,106127,102121,7537,987,6550,2281,499,1782,209,63,146,0,0,0
28,553,District - Anantapur (22),Rural,40-44,181160,95576,85584,2388,1675,713,167355,92047,75308,9340,1379,7961,1907,434,1473,170,41,129,0,0,0
28,553,District - Anantapur (22),Rural,45-49,158600,81268,77332,1349,883,466,144104,78277,65827,11607,1705,9902,1437,385,1052,103,18,85,0,0,0
28,553,District - Anantapur (22),Rural,50-54,127664,64665,62999,1571,1060,511,110724,60996,49728,14236,2279,11957,1064,315,749,69,15,54,0,0,0
28,553,District - Anantapur (22),Rural,55-59,104096,47273,56823,1245,799,446,88339,43921,44418,13815,2346,11469,640,196,444,57,11,46,0,0,0
28,553,District - Anantapur (22),Rural,60-64,122833,58870,63963,1555,816,739,90041,53079,36962,30312,4697,25615,850,263,587,75,15,60,0,0,0
28,553,District - Anantapur (22),Rural,65-69,86493,43587,42906,1454,796,658,57544,37908,19636,26913,4693,22220,518,171,347,64,19,45,0,0,0
28,553,District - Anantapur (22),Rural,70-74,57408,29068,28340,804,473,331,32245,23687,8558,24070,4778,19292,247,116,131,42,14,28,0,0,0
28,553,District - Anantapur (22),Rural,75-79,23492,11449,12043,290,150,140,12564,8998,3566,10519,2253,8266,95,43,52,24,5,19,0,0,0
28,553,District - Anantapur (22),Rural,80+,29094,12534,16560,1299,804,495,12795,8643,4152,14876,3039,11837,106,46,60,18,2,16,0,0,0
28,553,District - Anantapur (22),Rural,Age not stated,37548,18685,18863,18274,11015,7259,17020,7209,9811,2064,409,1655,173,50,123,17,2,15,0,0,0
28,553,District - Anantapur (22),Rural,Less than 18,917094,477147,439947,900467,472787,427680,15930,4151,11779,432,118,314,236,82,154,29,9,20,0,0,0
28,553,District - Anantapur (22),Rural,Less than 21,1112732,577598,535134,1036233,564828,471405,74719,12415,62304,1003,205,798,703,135,568,74,15,59,0,0,0
28,553,District - Anantapur (22),Urban,All ages,1145711,575338,570373,497077,279056,218021,580087,286116,293971,63994,9127,54867,3934,892,3042,619,147,472,0,0,0
28,553,District - Anantapur (22),Urban,0-9,181699,93893,87806,181699,93893,87806,0,0,0,0,0,0,0,0,0,0,0,0,0,0,0
28,553,District - Anantapur (22),Urban,10-14,110188,56135,54053,108000,55356,52644,2059,735,1324,73,16,57,52,27,25,4,1,3,0,0,0
28,553,District - Anantapur (22),Urban,15-19,113084,57523,55561,100706,55745,44961,12130,1715,10415,147,31,116,92,30,62,9,2,7,0,0,0
28,553,District - Anantapur (22),Urban,20-24,113422,54838,58584,62653,42570,20083,49948,12137,37811,504,91,413,279,32,247,38,8,30,0,0,0
28,553,District - Anantapur (22),Urban,25-29,108396,52030,56366,24033,18581,5452,82605,33196,49409,1148,147,1001,513,83,430,97,23,74,0,0,0
28,553,District - Anantapur (22),Urban,30-34,90738,46242,44496,6601,4956,1645,81519,40904,40615,1968,258,1710,551,104,447,99,20,79,0,0,0
28,553,District - Anantapur (22),Urban,35-39,91837,45960,45877,2512,1712,800,85405,43758,41647,3157,326,2831,659,135,524,104,29,75,0,0,0
28,553,District - Anantapur (22),Urban,40-44,73308,38787,34521,1384,884,500,67233,37354,29879,4111,402,3709,496,123,373,84,24,60,0,0,0
28,553,District - Anantapur (22),Urban,45-49,64480,33055,31425,835,499,336,57841,31880,25961,5373,569,4804,380,94,286,51,13,38,0,0,0
28,553,District - Anantapur (22),Urban,50-54,50018,25773,24245,807,472,335,42628,24478,18150,6280,742,5538,276,75,201,27,6,21,0,0,0
28,553,District - Anantapur (22),Urban,55-59,40230,19962,20268,610,339,271,33018,18759,14259,6380,814,5566,194,41,153,28,9,19,0,0,0
28,553,District - Anantapur (22),Urban,60-64,38125,18446,19679,666,307,359,27248,16709,10539,9995,1377,8618,187,51,136,29,2,27,0,0,0
28,553,District - Anantapur (22),Urban,65-69,25684,11997,13687,576,281,295,16518,10383,6135,8462,1289,7173,116,42,74,12,2,10,0,0,0
28,553,District - Anantapur (22),Urban,70-74,17073,8189,8884,273,121,152,9577,6854,2723,7157,1191,5966,55,21,34,11,2,9,0,0,0
28,553,District - Anantapur (22),Urban,75-79,7917,3745,4172,142,62,80,4051,2894,1157,3692,775,2917,27,13,14,5,1,4,0,0,0
28,553,District - Anantapur (22),Urban,80+,9485,3815,5670,577,319,258,3894,2468,1426,4975,1013,3962,27,12,15,12,3,9,0,0,0
28,553,District - Anantapur (22),Urban,Age not stated,10027,4948,5079,5003,2959,2044,4413,1892,2521,572,86,486,30,9,21,9,2,7,0,0,0
28,553,District - Anantapur (22),Urban,Less than 18,357392,184115,173277,351349,182543,168806,5783,1486,4297,158,38,120,97,47,50,5,1,4,0,0,0
28,553,District - Anantapur (22),Urban,Less than 21,434431,221287,213144,409320,217118,192202,24566,4031,20535,319,70,249,207,64,143,19,4,15,0,0,0
28,554,District - Chittoor (23),Total,All ages,4174064,2090204,2083860,1710460,976508,733952,2159914,1062725,1097189,277051,44493,232558,24085,5837,18248,2554,641,1913,0,0,0
28,554,District - Chittoor (23),Total,0-9,654187,337993,316194,654187,337993,316194,0,0,0,0,0,0,0,0,0,0,0,0,0,0,0
28,554,District - Chittoor (23),Total,10-14,375547,193464,182083,367696,190732,176964,7342,2556,4786,343,101,242,147,67,80,19,8,11,0,0,0
28,554,District - Chittoor (23),Total,15-19,376355,195547,180808,332255,189215,143040,42987,6082,36905,686,145,541,388,91,297,39,14,25,0,0,0
28,554,District - Chittoor (23),Total,20-24,375703,184000,191703,198605,141403,57202,173254,42022,131232,2079,360,1719,1606,192,1414,159,23,136,0,0,0
28,554,District - Chittoor (23),Total,25-29,366387,177163,189224,77704,63585,14119,280316,112359,167957,5146,723,4423,2891,433,2458,330,63,267,0,0,0
28,554,District - Chittoor (23),Total,30-34,316953,158317,158636,22267,17766,4501,283082,138738,144344,7887,1128,6759,3350,599,2751,367,86,281,0,0,0
28,554,District - Chittoor (23),Total,35-39,322550,157841,164709,8729,6152,2577,297499,149177,148322,12215,1623,10592,3704,774,2930,403,115,288,0,0,0
28,554,District - Chittoor (23),Total,40-44,269875,137976,131899,4523,3011,1512,246449,131952,114497,15339,2060,13279,3248,867,2381,316,86,230,0,0,0
28,554,District - Chittoor (23),Total,45-49,249675,127179,122496,2858,1819,1039,223588,121725,101863,20277,2812,17465,2714,760,1954,238,63,175,0,0,0
28,554,District - Chittoor (23),Total,50-54,195552,99491,96061,2652,1590,1062,166839,93860,72979,24094,3454,20640,1775,535,1240,192,52,140,0,0,0
28,554,District - Chittoor (23),Total,55-59,160097,76948,83149,2158,1316,842,131763,71510,60253,24837,3712,21125,1224,377,847,115,33,82,0,0,0
28,554,District - Chittoor (23),Total,60-64,168830,80338,88492,2588,1352,1236,119602,71906,47696,45245,6663,38582,1268,389,879,127,28,99,0,0,0
28,554,District - Chittoor (23),Total,65-69,116627,55204,61423,2365,1302,1063,74229,47346,26883,39219,6234,32985,733,301,432,81,21,60,0,0,0
28,554,District - Chittoor (23),Total,70-74,84192,41798,42394,1299,756,543,46701,34222,12479,35690,6595,29095,447,212,235,55,13,42,0,0,0
28,554,District - Chittoor (23),Total,75-79,39002,19032,19970,576,331,245,20234,14907,5327,18009,3702,14307,155,86,69,28,6,22,0,0,0
28,554,District - Chittoor (23),Total,80+,43130,18324,24806,1834,1063,771,18775,12621,6154,22312,4539,17773,170,89,81,39,12,27,0,0,0
28,554,District - Chittoor (23),Total,Age not stated,59402,29589,29813,28164,17122,11042,27254,11742,15512,3673,642,3031,265,65,200,46,18,28,0,0,0
28,554,District - Chittoor (23),Total,Less than 18,1249335,647519,601816,1227966,641919,586047,20319,5291,15028,725,180,545,293,114,179,32,15,17,0,0,0
28,554,District - Chittoor (23),Total,Less than 21,1502022,772493,729529,1413741,757799,655942,85913,14162,71751,1423,315,1108,859,193,666,86,24,62,0,0,0
28,554,District - Chittoor (23),Rural,All ages,2942678,1474052,1468626,1183748,681059,502689,1532004,753302,778702,206173,34681,171492,19042,4581,14461,1711,429,1282,0,0,0
28,554,District - Chittoor (23),Rural,0-9,470730,243030,227700,470730,243030,227700,0,0,0,0,0,0,0,0,0,0,0,0,0,0,0
28,554,District - Chittoor (23),Rural,10-14,264674,136797,127877,259128,134881,124247,5157,1779,3378,269,80,189,109,52,57,11,5,6,0,0,0
28,554,District - Chittoor (23),Rural,15-19,256746,135097,121649,224135,130475,93660,31762,4440,27322,518,103,415,300,69,231,31,10,21,0,0,0
28,554,District - Chittoor (23),Rural,20-24,254509,127076,127433,126847,95217,31630,124664,31429,93235,1559,264,1295,1323,150,1173,116,16,100,0,0,0
28,554,District - Chittoor (23),Rural,25-29,251682,122121,129561,48590,41049,7541,196688,80130,116558,3879,571,3308,2303,330,1973,222,41,181,0,0,0
28,554,District - Chittoor (23),Rural,30-34,216770,108320,108450,13519,10952,2567,194628,96028,98600,5760,847,4913,2627,439,2188,236,54,182,0,0,0
28,554,District - Chittoor (23),Rural,35-39,221167,107661,113506,5427,3814,1613,203859,101979,101880,8726,1213,7513,2891,579,2312,264,76,188,0,0,0
28,554,District - Chittoor (23),Rural,40-44,186012,94337,91675,2770,1821,949,169599,90208,79391,10879,1577,9302,2553,670,1883,211,61,150,0,0,0
28,554,District - Chittoor (23),Rural,45-49,174020,87792,86228,1763,1125,638,155752,83889,71863,14251,2137,12114,2104,601,1503,150,40,110,0,0,0
28,554,District - Chittoor (23),Rural,50-54,138340,69510,68830,1701,1051,650,118256,65406,52850,16868,2579,14289,1392,442,950,123,32,91,0,0,0
28,554,District - Chittoor (23),Rural,55-59,115039,54054,60985,1413,898,515,95275,50078,45197,17338,2762,14576,943,298,645,70,18,52,0,0,0
28,554,District - Chittoor (23),Rural,60-64,127673,60224,67449,1777,958,819,90648,53705,36943,34128,5223,28905,1033,317,716,87,21,66,0,0,0
28,554,District - Chittoor (23),Rural,65-69,90456,43018,47438,1632,917,715,57921,36773,21148,30243,5059,25184,596,252,344,64,17,47,0,0,0
28,554,District - Chittoor (23),Rural,70-74,65856,32952,32904,909,583,326,36555,26852,9703,27978,5330,22648,373,176,197,41,11,30,0,0,0
28,554,District - Chittoor (23),Rural,75-79,29947,14792,15155,395,233,162,15702,11628,4074,13701,2856,10845,132,72,60,17,3,14,0,0,0
28,554,District - Chittoor (23),Rural,80+,32937,14271,18666,1254,754,500,14441,9897,4544,17069,3527,13542,140,81,59,33,12,21,0,0,0
28,554,District - Chittoor (23),Rural,Age not stated,46120,23000,23120,21758,13301,8457,21097,9081,12016,3007,553,2454,223,53,170,35,12,23,0,0,0
28,554,District - Chittoor (23),Rural,Less than 18,885105,459478,425627,869785,455506,414279,14518,3735,10783,565,139,426,215,87,128,22,11,11,0,0,0
28,554,District - Chittoor (23),Rural,Less than 21,1058964,547016,511948,993494,536177,457317,63622,10439,53183,1100,236,864,686,148,538,62,16,46,0,0,0
28,554,District - Chittoor (23),Urban,All ages,1231386,616152,615234,526712,295449,231263,627910,309423,318487,70878,9812,61066,5043,1256,3787,843,212,631,0,0,0
28,554,District - Chittoor (23),Urban,0-9,183457,94963,88494,183457,94963,88494,0,0,0,0,0,0,0,0,0,0,0,0,0,0,0
28,554,District - Chittoor (23),Urban,10-14,110873,56667,54206,108568,55851,52717,2185,777,1408,74,21,53,38,15,23,8,3,5,0,0,0
28,554,District - Chittoor (23),Urban,15-19,119609,60450,59159,108120,58740,49380,11225,1642,9583,168,42,126,88,22,66,8,4,4,0,0,0
28,554,District - Chittoor (23),Urban,20-24,121194,56924,64270,71758,46186,25572,48590,10593,37997,520,96,424,283,42,241,43,7,36,0,0,0
28,554,District - Chittoor (23),Urban,25-29,114705,55042,59663,29114,22536,6578,83628,32229,51399,1267,152,1115,588,103,485,108,22,86,0,0,0
28,554,District - Chittoor (23),Urban,30-34,100183,49997,50186,8748,6814,1934,88454,42710,45744,2127,281,1846,723,160,563,131,32,99,0,0,0
28,554,District - Chittoor (23),Urban,35-39,101383,50180,51203,3302,2338,964,93640,47198,46442,3489,410,3079,813,195,618,139,39,100,0,0,0
28,554,District - Chittoor (23),Urban,40-44,83863,43639,40224,1753,1190,563,76850,41744,35106,4460,483,3977,695,197,498,105,25,80,0,0,0
28,554,District - Chittoor (23),Urban,45-49,75655,39387,36268,1095,694,401,67836,37836,30000,6026,675,5351,610,159,451,88,23,65,0,0,0
28,554,District - Chittoor (23),Urban,50-54,57212,29981,27231,951,539,412,48583,28454,20129,7226,875,6351,383,93,290,69,20,49,0,0,0
28,554,District - Chittoor (23),Urban,55-59,45058,22894,22164,745,418,327,36488,21432,15056,7499,950,6549,281,79,202,45,15,30,0,0,0
28,554,District - Chittoor (23),Urban,60-64,41157,20114,21043,811,394,417,28954,18201,10753,11117,1440,9677,235,72,163,40,7,33,0,0,0
28,554,District - Chittoor (23),Urban,65-69,26171,12186,13985,733,385,348,16308,10573,5735,8976,1175,7801,137,49,88,17,4,13,0,0,0
28,554,District - Chittoor (23),Urban,70-74,18336,8846,9490,390,173,217,10146,7370,2776,7712,1265,6447,74,36,38,14,2,12,0,0,0
28,554,District - Chittoor (23),Urban,75-79,9055,4240,4815,181,98,83,4532,3279,1253,4308,846,3462,23,14,9,11,3,8,0,0,0
28,554,District - Chittoor (23),Urban,80+,10193,4053,6140,580,309,271,4334,2724,1610,5243,1012,4231,30,8,22,6,0,6,0,0,0
28,554,District - Chittoor (23),Urban,Age not stated,13282,6589,6693,6406,3821,2585,6157,2661,3496,666,89,577,42,12,30,11,6,5,0,0,0
28,554,District - Chittoor (23),Urban,Less than 18,364230,188041,176189,358181,186413,171768,5801,1556,4245,160,41,119,78,27,51,10,4,6,0,0,0
28,554,District - Chittoor (23),Urban,Less than 21,443058,225477,217581,420247,221622,198625,22291,3723,18568,323,79,244,173,45,128,24,8,16,0,0,0
