state_code,district_code,area_name,region_type,age_group,total_persons,total_males,total_females,never_married_persons,never_married_males,never_married_females,currently_married_persons,currently_married_males,currently_married_females,widowed_persons,widowed_males,widowed_females,separated_persons,separated_males,separated_females,divorced_persons,divorced_males,divorced_females,unspecified_persons,unspecified_males,unspecified_females
12,000,State - ARUNACHAL PRADESH (12),Total,All ages,1383727,713912,669815,765934,410829,355105,569238,290314,278924,41619,9832,31787,5097,2287,2810,1839,650,1189,0,0,0
12,000,State - ARUNACHAL PRADESH (12),Total,0-9,314002,159163,154839,314002,159163,154839,0,0,0,0,0,0,0,0,0,0,0,0,0,0,0
12,000,State - ARUNACHAL PRADESH (12),Total,10-14,179359,90439,88920,175848,89241,86607,3245,1086,2159,133,47,86,107,52,55,26,13,13,0,0,0
12,000,State - ARUNACHAL PRADESH (12),Total,15-19,155968,78673,77295,141142,75323,65819,14422,3203,11219,212,70,142,140,56,84,52,21,31,0,0,0
12,000,State - ARUNACHAL PRADESH (12),Total,20-24,131696,66033,65663,75763,47364,28399,54965,18372,36593,479,125,354,341,138,203,148,34,114,0,0,0
12,000,State - ARUNACHAL PRADESH (12),Total,25-29,123714,63366,60348,32653,22310,10343,89311,40504,48807,935,242,693,564,229,335,251,81,170,0,0,0
12,000,State - ARUNACHAL PRADESH (12),Total,30-34,101171,52462,48709,11079,7440,3639,87636,44359,43277,1553,330,1223,603,238,365,300,95,205,0,0,0
12,000,State - ARUNACHAL PRADESH (12),Total,35-39,94391,48211,46180,4933,3239,1694,85917,44078,41839,2533,506,2027,714,295,419,294,93,201,0,0,0
12,000,State - ARUNACHAL PRADESH (12),Total,40-44,78603,42861,35742,2665,1753,912,71445,40088,31357,3590,650,2940,673,282,391,230,88,142,0,0,0
12,000,State - ARUNACHAL PRADESH (12),Total,45-49,63679,35173,28506,1603,1071,532,57007,32932,24075,4324,853,3471,565,255,310,180,62,118,0,0,0
12,000,State - ARUNACHAL PRADESH (12),Total,50-54,46110,26487,19623,1182,799,383,39320,24345,14975,5011,1049,3962,462,240,222,135,54,81,0,0,0
12,000,State - ARUNACHAL PRADESH (12),Total,55-59,29886,16996,12890,739,516,223,24534,15309,9225,4284,1004,3280,260,136,124,69,31,38,0,0,0
12,000,State - ARUNACHAL PRADESH (12),Total,60-64,25445,13492,11953,1054,660,394,18104,11303,6801,5938,1340,4598,275,152,123,74,37,37,0,0,0
12,000,State - ARUNACHAL PRADESH (12),Total,65-69,14973,7642,7331,883,517,366,9825,6009,3816,4070,1021,3049,170,86,84,25,9,16,0,0,0
12,000,State - ARUNACHAL PRADESH (12),Total,70-74,10647,5547,5100,457,280,177,6335,4163,2172,3720,1030,2690,107,57,50,28,17,11,0,0,0
12,000,State - ARUNACHAL PRADESH (12),Total,75-79,5135,2687,2448,190,125,65,2864,1870,994,2009,651,1358,63,35,28,9,6,3,0,0,0
12,000,State - ARUNACHAL PRADESH (12),Total,80+,7439,3821,3618,864,483,381,3736,2393,1343,2770,900,1870,52,36,16,17,9,8,0,0,0
12,000,State - ARUNACHAL PRADESH (12),Total,Age not stated,1509,859,650,877,545,332,572,300,272,58,14,44,1,0,1,1,0,1,0,0,0
12,000,State - ARUNACHAL PRADESH (12),Total,Less than 18,589556,298212,291344,580587,295574,285013,8476,2440,6036,252,86,166,187,88,99,54,24,30,0,0,0
12,000,State - ARUNACHAL PRADESH (12),Total,Less than 21,683970,345310,338660,654955,337987,316968,28136,7004,21132,452,145,307,323,133,190,104,41,63,0,0,0
12,000,State - ARUNACHAL PRADESH (12),Rural,All ages,1066358,546011,520347,595506,319912,275594,430209,215137,215072,35261,8707,26554,3936,1702,2234,1446,553,893,0,0,0
12,000,State - ARUNACHAL PRADESH (12),Rural,0-9,254121,128830,125291,254121,128830,125291,0,0,0,0,0,0,0,0,0,0,0,0,0,0,0
12,000,State - ARUNACHAL PRADESH (12),Rural,10-14,140026,70980,69046,137396,70088,67308,2426,814,1612,109,35,74,75,33,42,20,10,10,0,0,0
12,000,State - ARUNACHAL PRADESH (12),Rural,15-19,116064,58961,57103,104786,56391,48395,10949,2459,8490,173,53,120,115,42,73,41,16,25,0,0,0
12,000,State - ARUNACHAL PRADESH (12),Rural,20-24,97891,49023,48868,55204,34728,20476,41905,14061,27844,397,112,285,261,91,170,124,31,93,0,0,0
12,000,State - ARUNACHAL PRADESH (12),Rural,25-29,90931,45974,44957,23353,15987,7366,66215,29550,36665,741,210,531,415,154,261,207,73,134,0,0,0
12,000,State - ARUNACHAL PRADESH (12),Rural,30-34,74292,38006,36286,8240,5640,2600,64190,31818,32372,1200,289,911,428,175,253,234,84,150,0,0,0
12,000,State - ARUNACHAL PRADESH (12),Rural,35-39,69148,34826,34322,3814,2596,1218,62618,31520,31098,1963,422,1541,530,212,318,223,76,147,0,0,0
12,000,State - ARUNACHAL PRADESH (12),Rural,40-44,57742,30631,27111,2175,1470,705,52107,28325,23782,2793,557,2236,505,208,297,162,71,91,0,0,0
12,000,State - ARUNACHAL PRADESH (12),Rural,45-49,47781,25465,22316,1307,900,407,42438,23606,18832,3458,720,2738,439,186,253,139,53,86,0,0,0
12,000,State - ARUNACHAL PRADESH (12),Rural,50-54,36249,20048,16201,989,686,303,30671,18264,12407,4118,882,3236,362,170,192,109,46,63,0,0,0
12,000,State - ARUNACHAL PRADESH (12),Rural,55-59,24559,13401,11158,629,455,174,20035,11941,8094,3628,873,2755,209,107,102,58,25,33,0,0,0
12,000,State - ARUNACHAL PRADESH (12),Rural,60-64,22262,11659,10603,896,577,319,15809,9704,6105,5249,1210,4039,245,135,110,63,33,30,0,0,0
12,000,State - ARUNACHAL PRADESH (12),Rural,65-69,13346,6755,6591,687,416,271,8826,5326,3500,3656,928,2728,155,78,77,22,7,15,0,0,0
12,000,State - ARUNACHAL PRADESH (12),Rural,70-74,9647,5048,4599,385,236,149,5765,3781,1984,3376,965,2411,99,52,47,22,14,8,0,0,0
12,000,State - ARUNACHAL PRADESH (12),Rural,75-79,4655,2435,2220,160,111,49,2618,1688,930,1814,600,1214,57,31,26,6,5,1,0,0,0
12,000,State - ARUNACHAL PRADESH (12),Rural,80+,6451,3308,3143,647,363,284,3212,2070,1142,2537,838,1699,40,28,12,15,9,6,0,0,0
12,000,State - ARUNACHAL PRADESH (12),Rural,Age not stated,1193,661,532,717,438,279,425,210,215,49,13,36,1,0,1,1,0,1,0,0,0
12,000,State - ARUNACHAL PRADESH (12),Rural,Less than 18,465579,236340,229239,458990,234407,224583,6204,1792,4412,202,61,141,140,60,80,43,20,23,0,0,0
12,000,State - ARUNACHAL PRADESH (12),Rural,Less than 21,536841,271911,264930,514530,266221,248309,21601,5448,16153,374,115,259,253,95,158,83,32,51,0,0,0
12,000,State - ARUNACHAL PRADESH (12),Urban,All ages,317369,167901,149468,170428,90917,79511,139029,75177,63852,6358,1125,5233,1161,585,576,393,97,296,0,0,0
12,000,State - ARUNACHAL PRADESH (12),Urban,0-9,59881,30333,29548,59881,30333,29548,0,0,0,0,0,0,0,0,0,0,0,0,0,0,0
12,000,State - ARUNACHAL PRADESH (12),Urban,10-14,39333,19459,19874,38452,19153,19299,819,272,547,24,12,12,32,19,13,6,3,3,0,0,0
12,000,State - ARUNACHAL PRADESH (12),Urban,15-19,39904,19712,20192,36356,18932,17424,3473,744,2729,39,17,22,25,14,11,11,5,6,0,0,0
12,000,State - ARUNACHAL PRADESH (12),Urban,20-24,33805,17010,16795,20559,12636,7923,13060,4311,8749,82,13,69,80,47,33,24,3,21,0,0,0
12,000,State - ARUNACHAL PRADESH (12),Urban,25-29,32783,17392,15391,9300,6323,2977,23096,10954,12142,194,32,162,149,75,74,44,8,36,0,0,0
12,000,State - ARUNACHAL PRADESH (12),Urban,30-34,26879,14456,12423,2839,1800,1039,23446,12541,10905,353,41,312,175,63,112,66,11,55,0,0,0
12,000,State - ARUNACHAL PRADESH (12),Urban,35-39,25243,13385,11858,1119,643,476,23299,12558,10741,570,84,486,184,83,101,71,17,54,0,0,0
12,000,State - ARUNACHAL PRADESH (12),Urban,40-44,20861,12230,8631,490,283,207,19338,11763,7575,797,93,704,168,74,94,68,17,51,0,0,0
12,000,State - ARUNACHAL PRADESH (12),Urban,45-49,15898,9708,6190,296,171,125,14569,9326,5243,866,133,733,126,69,57,41,9,32,0,0,0
12,000,State - ARUNACHAL PRADESH (12),Urban,50-54,9861,6439,3422,193,113,80,8649,6081,2568,893,167,726,100,70,30,26,8,18,0,0,0
12,000,State - ARUNACHAL PRADESH (12),Urban,55-59,5327,3595,1732,110,61,49,4499,3368,1131,656,131,525,51,29,22,11,6,5,0,0,0
12,000,State - ARUNACHAL PRADESH (12),Urban,60-64,3183,1833,1350,158,83,75,2295,1599,696,689,130,559,30,17,13,11,4,7,0,0,0
12,000,State - ARUNACHAL PRADESH (12),Urban,65-69,1627,887,740,196,101,95,999,683,316,414,93,321,15,8,7,3,2,1,0,0,0
12,000,State - ARUNACHAL PRADESH (12),Urban,70-74,1000,499,501,72,44,28,570,382,188,344,65,279,8,5,3,6,3,3,0,0,0
12,000,State - ARUNACHAL PRADESH (12),Urban,75-79,480,252,228,30,14,16,246,182,64,195,51,144,6,4,2,3,1,2,0,0,0
12,000,State - ARUNACHAL PRADESH (12),Urban,80+,988,513,475,217,120,97,524,323,201,233,62,171,12,8,4,2,0,2,0,0,0
12,000,State - ARUNACHAL PRADESH (12),Urban,Age not stated,316,198,118,160,107,53,147,90,57,9,1,8,0,0,0,0,0,0,0,0,0
12,000,State - ARUNACHAL PRADESH (12),Urban,Less than 18,123977,61872,62105,121597,61167,60430,2272,648,1624,50,25,25,47,28,19,11,4,7,0,0,0
12,000,State - ARUNACHAL PRADESH (12),Urban,Less than 21,147129,73399,73730,140425,71766,68659,6535,1556,4979,78,30,48,70,38,32,21,9,12,0,0,0
12,245,District - Tawang (01),Total,All ages,49977,29151,20826,25925,14701,11224,21836,13860,7976,1823,451,1372,234,98,136,159,41,118,0,0,0
12,245,District - Tawang (01),Total,0-9,8632,4322,4310,8632,4322,4310,0,0,0,0,0,0,0,0,0,0,0,0,0,0,0
12,245,District - Tawang (01),Total,10-14,5045,2390,2655,4979,2369,2610,62,20,42,2,0,2,2,1,1,0,0,0,0,0,0
12,245,District - Tawang (01),Total,15-19,4870,2525,2345,4555,2444,2111,304,79,225,6,1,5,2,0,2,3,1,2,0,0,0
12,245,District - Tawang (01),Total,20-24,5865,3769,2096,3868,2771,1097,1954,990,964,14,2,12,20,5,15,9,1,8,0,0,0
12,245,District - Tawang (01),Total,25-29,6297,4328,1969,2205,1691,514,4007,2618,1389,29,4,25,25,9,16,31,6,25,0,0,0
12,245,District - Tawang (01),Total,30-34,4757,3274,1483,649,467,182,3995,2778,1217,47,7,40,37,13,24,29,9,20,0,0,0
12,245,District - Tawang (01),Total,35-39,3864,2507,1357,301,204,97,3408,2250,1158,81,20,61,43,25,18,31,8,23,0,0,0
12,245,District - Tawang (01),Total,40-44,2988,1856,1132,175,118,57,2621,1696,925,142,25,117,37,15,22,13,2,11,0,0,0
12,245,District - Tawang (01),Total,45-49,2240,1398,842,118,70,48,1933,1290,643,159,29,130,20,8,12,10,1,9,0,0,0
12,245,District - Tawang (01),Total,50-54,1595,915,680,107,61,46,1263,782,481,200,67,133,14,4,10,11,1,10,0,0,0
12,245,District - Tawang (01),Total,55-59,972,546,426,58,42,16,737,446,291,165,53,112,8,3,5,4,2,2,0,0,0
12,245,District - Tawang (01),Total,60-64,983,460,523,91,47,44,607,352,255,268,54,214,9,4,5,8,3,5,0,0,0
12,245,District - Tawang (01),Total,65-69,624,283,341,61,27,34,368,205,163,187,46,141,5,4,1,3,1,2,0,0,0
12,245,District - Tawang (01),Total,70-74,448,192,256,46,23,23,223,121,102,175,45,130,2,1,1,2,2,0,0,0,0
12,245,District - Tawang (01),Total,75-79,299,140,159,24,16,8,139,82,57,131,39,92,5,3,2,0,0,0,0,0,0
12,245,District - Tawang (01),Total,80+,478,233,245,48,27,21,203,140,63,217,59,158,5,3,2,5,4,1,0,0,0
12,245,District - Tawang (01),Total,Age not stated,20,13,7,8,2,6,12,11,1,0,0,0,0,0,0,0,0,0,0,0,0
12,245,District - Tawang (01),Total,Less than 18,16365,8017,8348,16196,7973,8223,161,42,119,4,1,3,3,1,2,1,0,1,0,0,0
12,245,District - Tawang (01),Total,Less than 21,19777,9954,9823,19131,9757,9374,623,193,430,9,1,8,9,2,7,5,1,4,0,0,0
12,245,District - Tawang (01),Rural,All ages,38775,20792,17983,21922,12128,9794,14797,8097,6700,1698,436,1262,217,91,126,141,40,101,0,0,0
12,245,District - Tawang (01),Rural,0-9,7624,3839,3785,7624,3839,3785,0,0,0,0,0,0,0,0,0,0,0,0,0,0,0
12,245,District - Tawang (01),Rural,10-14,4427,2120,2307,4375,2105,2270,49,14,35,2,0,2,1,1,0,0,0,0,0,0,0
12,245,District - Tawang (01),Rural,15-19,4225,2236,1989,3948,2166,1782,267,68,199,6,1,5,2,0,2,2,1,1,0,0,0
12,245,District - Tawang (01),Rural,20-24,4455,2660,1795,3008,2042,966,1409,613,796,13,2,11,17,2,15,8,1,7,0,0,0
12,245,District - Tawang (01),Rural,25-29,4015,2355,1660,1491,1033,458,2451,1305,1146,27,4,23,21,7,14,25,6,19,0,0,0
12,245,District - Tawang (01),Rural,30-34,2826,1617,1209,523,366,157,2201,1223,978,40,6,34,35,13,22,27,9,18,0,0,0
12,245,District - Tawang (01),Rural,35-39,2555,1456,1099,275,187,88,2142,1219,923,70,17,53,42,25,17,26,8,18,0,0,0
12,245,District - Tawang (01),Rural,40-44,2116,1155,961,158,104,54,1779,1011,768,134,24,110,34,14,20,11,2,9,0,0,0
12,245,District - Tawang (01),Rural,45-49,1679,956,723,107,62,45,1403,859,544,141,27,114,18,7,11,10,1,9,0,0,0
12,245,District - Tawang (01),Rural,50-54,1379,752,627,102,58,44,1067,625,442,185,64,121,14,4,10,11,1,10,0,0,0
12,245,District - Tawang (01),Rural,55-59,860,464,396,55,41,14,635,366,269,160,53,107,7,3,4,3,1,2,0,0,0
12,245,District - Tawang (01),Rural,60-64,903,417,486,83,42,41,549,314,235,254,54,200,9,4,5,8,3,5,0,0,0
12,245,District - Tawang (01),Rural,65-69,584,257,327,57,24,33,337,183,154,182,45,137,5,4,1,3,1,2,0,0,0
12,245,District - Tawang (01),Rural,70-74,423,182,241,44,21,23,210,113,97,165,45,120,2,1,1,2,2,0,0,0,0
12,245,District - Tawang (01),Rural,75-79,279,131,148,24,16,8,132,75,57,118,37,81,5,3,2,0,0,0,0,0,0
12,245,District - Tawang (01),Rural,80+,417,193,224,42,22,20,164,107,57,201,57,144,5,3,2,5,4,1,0,0,0
12,245,District - Tawang (01),Rural,Age not stated,8,2,6,6,0,6,2,2,0,0,0,0,0,0,0,0,0,0,0,0,0
12,245,District - Tawang (01),Rural,Less than 18,14343,7102,7241,14205,7071,7134,132,29,103,4,1,3,2,1,1,0,0,0,0,0,0
12,245,District - Tawang (01),Rural,Less than 21,17366,8833,8533,16805,8664,8141,540,165,375,9,1,8,8,2,6,4,1,3,0,0,0
12,245,District - Tawang (01),Urban,All ages,11202,8359,2843,4003,2573,1430,7039,5763,1276,125,15,110,17,7,10,18,1,17,0,0,0
12,245,District - Tawang (01),Urban,0-9,1008,483,525,1008,483,525,0,0,0,0,0,0,0,0,0,0,0,0,0,0,0
12,245,District - Tawang (01),Urban,10-14,618,270,348,604,264,340,13,6,7,0,0,0,1,0,1,0,0,0,0,0,0
12,245,District - Tawang (01),Urban,15-19,645,289,356,607,278,329,37,11,26,0,0,0,0,0,0,1,0,1,0,0,0
12,245,District - Tawang (01),Urban,20-24,1410,1109,301,860,729,131,545,377,168,1,0,1,3,3,0,1,0,1,0,0,0
12,245,District - Tawang (01),Urban,25-29,2282,1973,309,714,658,56,1556,1313,243,2,0,2,4,2,2,6,0,6,0,0,0
12,245,District - Tawang (01),Urban,30-34,1931,1657,274,126,101,25,1794,1555,239,7,1,6,2,0,2,2,0,2,0,0,0
12,245,District - Tawang (01),Urban,35-39,1309,1051,258,26,17,9,1266,1031,235,11,3,8,1,0,1,5,0,5,0,0,0
12,245,District - Tawang (01),Urban,40-44,872,701,171,17,14,3,842,685,157,8,1,7,3,1,2,2,0,2,0,0,0
12,245,District - Tawang (01),Urban,45-49,561,442,119,11,8,3,530,431,99,18,2,16,2,1,1,0,0,0,0,0,0
12,245,District - Tawang (01),Urban,50-54,216,163,53,5,3,2,196,157,39,15,3,12,0,0,0,0,0,0,0,0,0
12,245,District - Tawang (01),Urban,55-59,112,82,30,3,1,2,102,80,22,5,0,5,1,0,1,1,1,0,0,0,0
12,245,District - Tawang (01),Urban,60-64,80,43,37,8,5,3,58,38,20,14,0,14,0,0,0,0,0,0,0,0,0
12,245,District - Tawang (01),Urban,65-69,40,26,14,4,3,1,31,22,9,5,1,4,0,0,0,0,0,0,0,0,0
12,245,District - Tawang (01),Urban,70-74,25,10,15,2,2,0,13,8,5,10,0,10,0,0,0,0,0,0,0,0,0
12,245,District - Tawang (01),Urban,75-79,20,9,11,0,0,0,7,7,0,13,2,11,0,0,0,0,0,0,0,0,0
12,245,District - Tawang (01),Urban,80+,61,40,21,6,5,1,39,33,6,16,2,14,0,0,0,0,0,0,0,0,0
12,245,District - Tawang (01),Urban,Age not stated,12,11,1,2,2,0,10,9,1,0,0,0,0,0,0,0,0,0,0,0,0
12,245,District - Tawang (01),Urban,Less than 18,2022,915,1107,1991,902,1089,29,13,16,0,0,0,1,0,1,1,0,1,0,0,0
12,245,District - Tawang (01),Urban,Less than 21,2411,1121,1290,2326,1093,1233,83,28,55,0,0,0,1,0,1,1,0,1,0,0,0
12,246,District - West Kameng (02),Total,All ages,83947,46155,37792,42718,23757,18961,38328,21367,16961,2307,748,1559,385,204,181,209,79,130,0,0,0
12,246,District - West Kameng (02),Total,0-9,16980,8569,8411,16980,8569,8411,0,0,0,0,0,0,0,0,0,0,0,0,0,0,0
12,246,District - West Kameng (02),Total,10-14,9297,4631,4666,9167,4585,4582,124,43,81,2,1,1,4,2,2,0,0,0,0,0,0
12,246,District - West Kameng (02),Total,15-19,8329,4157,4172,7442,3969,3473,869,181,688,6,2,4,5,2,3,7,3,4,0,0,0
12,246,District - West Kameng (02),Total,20-24,9049,4905,4144,5005,3443,1562,3982,1448,2534,14,2,12,27,10,17,21,2,19,0,0,0
12,246,District - West Kameng (02),Total,25-29,9371,5527,3844,2399,1885,514,6853,3593,3260,52,20,32,43,17,26,24,12,12,0,0,0
12,246,District - West Kameng (02),Total,30-34,6998,4107,2891,686,525,161,6150,3532,2618,82,23,59,50,20,30,30,7,23,0,0,0
12,246,District - West Kameng (02),Total,35-39,6284,3630,2654,291,227,64,5786,3330,2456,139,44,95,43,18,25,25,11,14,0,0,0
12,246,District - West Kameng (02),Total,40-44,4923,3006,1917,159,124,35,4513,2792,1721,179,51,128,54,32,22,18,7,11,0,0,0
12,246,District - West Kameng (02),Total,45-49,4157,2505,1652,112,80,32,3735,2327,1408,241,62,179,46,26,20,23,10,13,0,0,0
12,246,District - West Kameng (02),Total,50-54,2837,1781,1056,85,63,22,2434,1607,827,270,80,190,32,24,8,16,7,9,0,0,0
12,246,District - West Kameng (02),Total,55-59,1946,1213,733,70,58,12,1575,1045,530,270,90,180,17,14,3,14,6,8,0,0,0
12,246,District - West Kameng (02),Total,60-64,1464,844,620,84,61,23,1005,657,348,329,98,231,31,23,8,15,5,10,0,0,0
12,246,District - West Kameng (02),Total,65-69,878,454,424,90,60,30,542,321,221,227,66,161,15,5,10,4,2,2,0,0,0
12,246,District - West Kameng (02),Total,70-74,602,339,263,38,29,9,352,221,131,200,81,119,7,5,2,5,3,2,0,0,0
12,246,District - West Kameng (02),Total,75-79,331,189,142,14,13,1,180,112,68,126,58,68,6,2,4,5,4,1,0,0,0
12,246,District - West Kameng (02),Total,80+,435,256,179,50,35,15,211,148,63,167,69,98,5,4,1,2,0,2,0,0,0
12,246,District - West Kameng (02),Total,Age not stated,66,42,24,46,31,15,17,10,7,3,1,2,0,0,0,0,0,0,0,0,0
12,246,District - West Kameng (02),Total,Less than 18,31195,15639,15556,30820,15522,15298,360,109,251,4,2,2,6,3,3,5,3,2,0,0,0
12,246,District - West Kameng (02),Total,Less than 21,36758,18438,18320,35033,18018,17015,1689,408,1281,10,3,7,15,6,9,11,3,8,0,0,0
12,246,District - West Kameng (02),Rural,All ages,68015,37809,30206,34295,19222,15073,31356,17726,13630,1911,642,1269,294,152,142,159,67,92,0,0,0
12,246,District - West Kameng (02),Rural,0-9,14187,7156,7031,14187,7156,7031,0,0,0,0,0,0,0,0,0,0,0,0,0,0,0
12,246,District - West Kameng (02),Rural,10-14,7432,3650,3782,7326,3613,3713,101,35,66,2,1,1,3,1,2,0,0,0,0,0,0
12,246,District - West Kameng (02),Rural,15-19,6349,3164,3185,5598,3002,2596,737,155,582,5,2,3,4,2,2,5,3,2,0,0,0
12,246,District - West Kameng (02),Rural,20-24,7283,4051,3232,3867,2793,1074,3364,1247,2117,13,2,11,21,7,14,18,2,16,0,0,0
12,246,District - West Kameng (02),Rural,25-29,7757,4772,2985,1943,1596,347,5720,3132,2588,42,20,22,32,12,20,20,12,8,0,0,0
12,246,District - West Kameng (02),Rural,30-34,5736,3461,2275,531,414,117,5082,3005,2077,64,21,43,37,17,20,22,4,18,0,0,0
12,246,District - West Kameng (02),Rural,35-39,4955,2943,2012,226,181,45,4571,2703,1868,112,40,72,30,12,18,16,7,9,0,0,0
12,246,District - West Kameng (02),Rural,40-44,3915,2432,1483,128,99,29,3599,2258,1341,134,43,91,43,26,17,11,6,5,0,0,0
12,246,District - West Kameng (02),Rural,45-49,3320,1992,1328,91,69,22,2988,1852,1136,189,46,143,34,17,17,18,8,10,0,0,0
12,246,District - West Kameng (02),Rural,50-54,2233,1396,837,66,52,14,1903,1254,649,229,68,161,22,15,7,13,7,6,0,0,0
12,246,District - West Kameng (02),Rural,55-59,1594,963,631,59,50,9,1286,822,464,224,75,149,12,10,2,13,6,7,0,0,0
12,246,District - West Kameng (02),Rural,60-64,1254,718,536,75,55,20,860,551,309,281,87,194,26,20,6,12,5,7,0,0,0
12,246,District - West Kameng (02),Rural,65-69,777,400,377,79,57,22,481,282,199,201,57,144,13,3,10,3,1,2,0,0,0
12,246,District - West Kameng (02),Rural,70-74,523,295,228,32,24,8,311,191,120,169,72,97,7,5,2,4,3,1,0,0,0
12,246,District - West Kameng (02),Rural,75-79,279,158,121,11,10,1,159,97,62,101,47,54,5,1,4,3,3,0,0,0,0
12,246,District - West Kameng (02),Rural,80+,379,233,146,44,32,12,187,137,50,142,60,82,5,4,1,1,0,1,0,0,0
12,246,District - West Kameng (02),Rural,Age not stated,42,25,17,32,19,13,7,5,2,3,1,2,0,0,0,0,0,0,0,0,0
12,246,District - West Kameng (02),Rural,Less than 18,25347,12654,12693,25044,12560,12484,291,87,204,4,2,2,4,2,2,4,3,1,0,0,0
12,246,District - West Kameng (02),Rural,Less than 21,29684,14839,14845,28231,14482,13749,1424,346,1078,9,3,6,12,5,7,8,3,5,0,0,0
12,246,District - West Kameng (02),Urban,All ages,15932,8346,7586,8423,4535,3888,6972,3641,3331,396,106,290,91,52,39,50,12,38,0,0,0
12,246,District - West Kameng (02),Urban,0-9,2793,1413,1380,2793,1413,1380,0,0,0,0,0,0,0,0,0,0,0,0,0,0,0
12,246,District - West Kameng (02),Urban,10-14,1865,981,884,1841,972,869,23,8,15,0,0,0,1,1,0,0,0,0,0,0,0
12,246,District - West Kameng (02),Urban,15-19,1980,993,987,1844,967,877,132,26,106,1,0,1,1,0,1,2,0,2,0,0,0
12,246,District - West Kameng (02),Urban,20-24,1766,854,912,1138,650,488,618,201,417,1,0,1,6,3,3,3,0,3,0,0,0
12,246,District - West Kameng (02),Urban,25-29,1614,755,859,456,289,167,1133,461,672,10,0,10,11,5,6,4,0,4,0,0,0
12,246,District - West Kameng (02),Urban,30-34,1262,646,616,155,111,44,1068,527,541,18,2,16,13,3,10,8,3,5,0,0,0
12,246,District - West Kameng (02),Urban,35-39,1329,687,642,65,46,19,1215,627,588,27,4,23,13,6,7,9,4,5,0,0,0
12,246,District - West Kameng (02),Urban,40-44,1008,574,434,31,25,6,914,534,380,45,8,37,11,6,5,7,1,6,0,0,0
12,246,District - West Kameng (02),Urban,45-49,837,513,324,21,11,10,747,475,272,52,16,36,12,9,3,5,2,3,0,0,0
12,246,District - West Kameng (02),Urban,50-54,604,385,219,19,11,8,531,353,178,41,12,29,10,9,1,3,0,3,0,0,0
12,246,District - West Kameng (02),Urban,55-59,352,250,102,11,8,3,289,223,66,46,15,31,5,4,1,1,0,1,0,0,0
12,246,District - West Kameng (02),Urban,60-64,210,126,84,9,6,3,145,106,39,48,11,37,5,3,2,3,0,3,0,0,0
12,246,District - West Kameng (02),Urban,65-69,101,54,47,11,3,8,61,39,22,26,9,17,2,2,0,1,1,0,0,0,0
12,246,District - West Kameng (02),Urban,70-74,79,44,35,6,5,1,41,30,11,31,9,22,0,0,0,1,0,1,0,0,0
12,246,District - West Kameng (02),Urban,75-79,52,31,21,3,3,0,21,15,6,25,11,14,1,1,0,2,1,1,0,0,0
12,246,District - West Kameng (02),Urban,80+,56,23,33,6,3,3,24,11,13,25,9,16,0,0,0,1,0,1,0,0,0
12,246,District - West Kameng (02),Urban,Age not stated,24,17,7,14,12,2,10,5,5,0,0,0,0,0,0,0,0,0,0,0,0
12,246,District - West Kameng (02),Urban,Less than 18,5848,2985,2863,5776,2962,2814,69,22,47,0,0,0,2,1,1,1,0,1,0,0,0
12,246,District - West Kameng (02),Urban,Less than 21,7074,3599,3475,6802,3536,3266,265,62,203,1,0,1,3,1,2,3,0,3,0,0,0
12,247,District - East Kameng (03),Total,All ages,78690,38775,39915,45051,23495,21556,30677,14737,15940,2723,429,2294,192,90,102,47,24,23,0,0,0
12,247,District - East Kameng (03),Total,0-9,21928,10915,11013,21928,10915,11013,0,0,0,0,0,0,0,0,0,0,0,0,0,0,0
12,247,District - East Kameng (03),Total,10-14,11623,5747,5876,11359,5658,5701,243,81,162,10,2,8,10,6,4,1,0,1,0,0,0
12,247,District - East Kameng (03),Total,15-19,8537,4302,4235,7539,4077,3462,977,220,757,17,2,15,3,3,0,1,0,1,0,0,0
12,247,District - East Kameng (03),Total,20-24,5897,2756,3141,2618,1676,942,3213,1052,2161,45,19,26,19,8,11,2,1,1,0,0,0
12,247,District - East Kameng (03),Total,25-29,5767,2650,3117,868,641,227,4792,1976,2816,80,21,59,18,8,10,9,4,5,0,0,0
12,247,District - East Kameng (03),Total,30-34,5148,2517,2631,295,233,62,4710,2244,2466,117,27,90,22,12,10,4,1,3,0,0,0
12,247,District - East Kameng (03),Total,35-39,5083,2366,2717,129,92,37,4692,2224,2468,227,33,194,28,13,15,7,4,3,0,0,0
12,247,District - East Kameng (03),Total,40-44,4246,2138,2108,69,44,25,3839,2039,1800,312,41,271,16,6,10,10,8,2,0,0,0
12,247,District - East Kameng (03),Total,45-49,3445,1745,1700,35,27,8,3032,1663,1369,359,44,315,14,10,4,5,1,4,0,0,0
12,247,District - East Kameng (03),Total,50-54,2618,1404,1214,24,18,6,2128,1309,819,440,65,375,21,9,12,5,3,2,0,0,0
12,247,District - East Kameng (03),Total,55-59,1646,875,771,23,17,6,1297,803,494,309,48,261,16,6,10,1,1,0,0,0,0
12,247,District - East Kameng (03),Total,60-64,1309,660,649,41,21,20,902,583,319,353,51,302,12,4,8,1,1,0,0,0,0
12,247,District - East Kameng (03),Total,65-69,612,291,321,39,24,15,371,238,133,194,27,167,7,2,5,1,0,1,0,0,0
12,247,District - East Kameng (03),Total,70-74,394,187,207,16,10,6,224,150,74,151,25,126,3,2,1,0,0,0,0,0,0
12,247,District - East Kameng (03),Total,75-79,132,72,60,2,2,0,85,60,25,44,9,35,1,1,0,0,0,0,0,0,0
12,247,District - East Kameng (03),Total,80+,249,116,133,28,14,14,155,87,68,64,15,49,2,0,2,0,0,0,0,0,0
12,247,District - East Kameng (03),Total,Age not stated,56,34,22,38,26,12,17,8,9,1,0,1,0,0,0,0,0,0,0,0,0
12,247,District - East Kameng (03),Total,Less than 18,38993,19459,19534,38380,19264,19116,580,183,397,19,3,16,13,9,4,1,0,1,0,0,0
12,247,District - East Kameng (03),Total,Less than 21,43799,21770,22029,41865,21285,20580,1881,466,1415,35,8,27,15,11,4,3,0,3,0,0,0
12,247,District - East Kameng (03),Rural,All ages,60340,29506,30834,34162,17839,16323,23718,11192,12526,2282,379,1903,139,73,66,39,23,16,0,0,0
12,247,District - East Kameng (03),Rural,0-9,16954,8428,8526,16954,8428,8526,0,0,0,0,0,0,0,0,0,0,0,0,0,0,0
12,247,District - East Kameng (03),Rural,10-14,8767,4323,4444,8561,4255,4306,189,61,128,9,2,7,8,5,3,0,0,0,0,0,0
12,247,District - East Kameng (03),Rural,15-19,6344,3247,3097,5591,3081,2510,734,161,573,15,2,13,3,3,0,1,0,1,0,0,0
12,247,District - East Kameng (03),Rural,20-24,4343,2040,2303,1919,1233,686,2371,784,1587,39,17,22,13,5,8,1,1,0,0,0,0
12,247,District - East Kameng (03),Rural,25-29,4227,1906,2321,601,447,154,3545,1432,2113,60,16,44,15,8,7,6,3,3,0,0,0
12,247,District - East Kameng (03),Rural,30-34,3764,1786,1978,207,168,39,3443,1586,1857,97,23,74,13,8,5,4,1,3,0,0,0
12,247,District - East Kameng (03),Rural,35-39,3778,1683,2095,82,64,18,3496,1578,1918,178,27,151,16,10,6,6,4,2,0,0,0
12,247,District - East Kameng (03),Rural,40-44,3356,1632,1724,61,37,24,3015,1544,1471,257,38,219,13,5,8,10,8,2,0,0,0
12,247,District - East Kameng (03),Rural,45-49,2775,1344,1431,29,22,7,2427,1272,1155,304,42,262,11,7,4,4,1,3,0,0,0
12,247,District - East Kameng (03),Rural,50-54,2146,1130,1016,14,11,3,1757,1054,703,357,54,303,14,8,6,4,3,1,0,0,0
12,247,District - East Kameng (03),Rural,55-59,1440,759,681,17,12,5,1153,698,455,258,42,216,11,6,5,1,1,0,0,0,0
12,247,District - East Kameng (03),Rural,60-64,1158,592,566,35,19,16,808,521,287,304,48,256,10,3,7,1,1,0,0,0,0
12,247,District - East Kameng (03),Rural,65-69,554,269,285,31,21,10,343,221,122,173,25,148,6,2,4,1,0,1,0,0,0
12,247,District - East Kameng (03),Rural,70-74,360,174,186,14,8,6,209,142,67,134,22,112,3,2,1,0,0,0,0,0,0
12,247,District - East Kameng (03),Rural,75-79,124,67,57,1,1,0,82,57,25,40,8,32,1,1,0,0,0,0,0,0,0
12,247,District - East Kameng (03),Rural,80+,201,95,106,11,7,4,132,75,57,56,13,43,2,0,2,0,0,0,0,0,0
12,247,District - East Kameng (03),Rural,Age not stated,49,31,18,34,25,9,14,6,8,1,0,1,0,0,0,0,0,0,0,0,0
12,247,District - East Kameng (03),Rural,Less than 18,29720,14852,14868,29249,14706,14543,444,135,309,16,3,13,11,8,3,0,0,0,0,0,0
12,247,District - East Kameng (03),Rural,Less than 21,33331,16606,16725,31884,16243,15641,1402,346,1056,32,8,24,12,9,3,1,0,1,0,0,0
12,247,District - East Kameng (03),Urban,All ages,18350,9269,9081,10889,5656,5233,6959,3545,3414,441,50,391,53,17,36,8,1,7,0,0,0
12,247,District - East Kameng (03),Urban,0-9,4974,2487,2487,4974,2487,2487,0,0,0,0,0,0,0,0,0,0,0,0,0,0,0
12,247,District - East Kameng (03),Urban,10-14,2856,1424,1432,2798,1403,1395,54,20,34,1,0,1,2,1,1,1,0,1,0,0,0
12,247,District - East Kameng (03),Urban,15-19,2193,1055,1138,1948,996,952,243,59,184,2,0,2,0,0,0,0,0,0,0,0,0
12,247,District - East Kameng (03),Urban,20-24,1554,716,838,699,443,256,842,268,574,6,2,4,6,3,3,1,0,1,0,0,0
12,247,District - East Kameng (03),Urban,25-29,1540,744,796,267,194,73,1247,544,703,20,5,15,3,0,3,3,1,2,0,0,0
12,247,District - East Kameng (03),Urban,30-34,1384,731,653,88,65,23,1267,658,609,20,4,16,9,4,5,0,0,0,0,0,0
12,247,District - East Kameng (03),Urban,35-39,1305,683,622,47,28,19,1196,646,550,49,6,43,12,3,9,1,0,1,0,0,0
12,247,District - East Kameng (03),Urban,40-44,890,506,384,8,7,1,824,495,329,55,3,52,3,1,2,0,0,0,0,0,0
12,247,District - East Kameng (03),Urban,45-49,670,401,269,6,5,1,605,391,214,55,2,53,3,3,0,1,0,1,0,0,0
12,247,District - East Kameng (03),Urban,50-54,472,274,198,10,7,3,371,255,116,83,11,72,7,1,6,1,0,1,0,0,0
12,247,District - East Kameng (03),Urban,55-59,206,116,90,6,5,1,144,105,39,51,6,45,5,0,5,0,0,0,0,0,0
12,247,District - East Kameng (03),Urban,60-64,151,68,83,6,2,4,94,62,32,49,3,46,2,1,1,0,0,0,0,0,0
12,247,District - East Kameng (03),Urban,65-69,58,22,36,8,3,5,28,17,11,21,2,19,1,0,1,0,0,0,0,0,0
12,247,District - East Kameng (03),Urban,70-74,34,13,21,2,2,0,15,8,7,17,3,14,0,0,0,0,0,0,0,0,0
12,247,District - East Kameng (03),Urban,75-79,8,5,3,1,1,0,3,3,0,4,1,3,0,0,0,0,0,0,0,0,0
12,247,District - East Kameng (03),Urban,80+,48,21,27,17,7,10,23,12,11,8,2,6,0,0,0,0,0,0,0,0,0
12,247,District - East Kameng (03),Urban,Age not stated,7,3,4,4,1,3,3,2,1,0,0,0,0,0,0,0,0,0,0,0,0
12,247,District - East Kameng (03),Urban,Less than 18,9273,4607,4666,9131,4558,4573,136,48,88,3,0,3,2,1,1,1,0,1,0,0,0
12,247,District - East Kameng (03),Urban,Less than 21,10468,5164,5304,9981,5042,4939,479,120,359,3,0,3,3,2,1,2,0,2,0,0,0
12,248,District - Papum Pare (04),Total,All ages,176573,89182,87391,99726,52507,47219,72447,35913,36534,3513,430,3083,727,293,434,160,39,121,0,0,0
12,248,District - Papum Pare (04),Total,0-9,37293,18869,18424,37293,18869,18424,0,0,0,0,0,0,0,0,0,0,0,0,0,0,0
12,248,District - Papum Pare (04),Total,10-14,22949,11189,11760,22311,11018,11293,593,150,443,23,9,14,16,10,6,6,2,4,0,0,0
12,248,District - Papum Pare (04),Total,15-19,22569,10967,11602,20222,10471,9751,2268,467,1801,36,13,23,41,16,25,2,0,2,0,0,0
12,248,District - Papum Pare (04),Total,20-24,20182,9843,10339,12062,7299,4763,8004,2509,5495,57,8,49,50,27,23,9,0,9,0,0,0
12,248,District - Papum Pare (04),Total,25-29,17599,8578,9021,4876,3172,1704,12500,5347,7153,112,14,98,95,41,54,16,4,12,0,0,0
12,248,District - Papum Pare (04),Total,30-34,13517,6686,6831,1370,851,519,11826,5774,6052,206,29,177,89,28,61,26,4,22,0,0,0
12,248,District - Papum Pare (04),Total,35-39,12325,6160,6165,516,289,227,11379,5791,5588,299,33,266,104,40,64,27,7,20,0,0,0
12,248,District - Papum Pare (04),Total,40-44,10342,5614,4728,235,117,118,9542,5421,4121,442,39,403,99,29,70,24,8,16,0,0,0
12,248,District - Papum Pare (04),Total,45-49,7628,4400,3228,124,67,57,6950,4250,2700,446,47,399,84,32,52,24,4,20,0,0,0
12,248,District - Papum Pare (04),Total,50-54,4751,2878,1873,74,33,41,4130,2744,1386,467,61,406,66,35,31,14,5,9,0,0,0
12,248,District - Papum Pare (04),Total,55-59,2768,1728,1040,51,24,27,2319,1636,683,364,54,310,31,13,18,3,1,2,0,0,0
12,248,District - Papum Pare (04),Total,60-64,1879,951,928,100,44,56,1333,858,475,421,39,382,24,9,15,1,1,0,0,0,0
12,248,District - Papum Pare (04),Total,65-69,926,466,460,120,65,55,595,367,228,198,29,169,11,4,7,2,1,1,0,0,0
12,248,District - Papum Pare (04),Total,70-74,627,294,333,32,18,14,383,249,134,203,23,180,6,2,4,3,2,1,0,0,0
12,248,District - Papum Pare (04),Total,75-79,290,145,145,23,11,12,170,116,54,90,14,76,7,4,3,0,0,0,0,0,0
12,248,District - Papum Pare (04),Total,80+,615,262,353,132,60,72,343,182,161,134,17,117,4,3,1,2,0,2,0,0,0
12,248,District - Papum Pare (04),Total,Age not stated,313,152,161,185,99,86,112,52,60,15,1,14,0,0,0,1,0,1,0,0,0
12,248,District - Papum Pare (04),Total,Less than 18,73897,36630,37267,72284,36241,36043,1519,351,1168,47,18,29,39,18,21,8,2,6,0,0,0
12,248,District - Papum Pare (04),Total,Less than 21,87831,43379,44452,83306,42354,40952,4372,970,3402,75,22,53,68,31,37,10,2,8,0,0,0
12,248,District - Papum Pare (04),Rural,All ages,79610,39935,39675,45942,24327,21615,31458,15275,16183,1793,215,1578,361,104,257,56,14,42,0,0,0
12,248,District - Papum Pare (04),Rural,0-9,18613,9340,9273,18613,9340,9273,0,0,0,0,0,0,0,0,0,0,0,0,0,0,0
12,248,District - Papum Pare (04),Rural,10-14,11301,5578,5723,10933,5480,5453,341,87,254,14,4,10,9,6,3,4,1,3,0,0,0
12,248,District - Papum Pare (04),Rural,15-19,9945,4811,5134,8807,4565,4242,1083,229,854,26,9,17,27,8,19,2,0,2,0,0,0
12,248,District - Papum Pare (04),Rural,20-24,8572,4338,4234,4836,3093,1743,3683,1235,2448,31,5,26,16,5,11,6,0,6,0,0,0
12,248,District - Papum Pare (04),Rural,25-29,7032,3429,3603,1671,1178,493,5264,2235,3029,51,6,45,37,7,30,9,3,6,0,0,0
12,248,District - Papum Pare (04),Rural,30-34,5506,2679,2827,460,302,158,4914,2352,2562,92,19,73,33,5,28,7,1,6,0,0,0
12,248,District - Papum Pare (04),Rural,35-39,5033,2428,2605,178,128,50,4651,2274,2377,141,10,131,56,15,41,7,1,6,0,0,0
12,248,District - Papum Pare (04),Rural,40-44,4377,2359,2018,74,46,28,4050,2280,1770,197,16,181,50,14,36,6,3,3,0,0,0
12,248,District - Papum Pare (04),Rural,45-49,3099,1733,1366,38,23,15,2827,1682,1145,193,17,176,38,10,28,3,1,2,0,0,0
12,248,District - Papum Pare (04),Rural,50-54,2145,1203,942,29,16,13,1834,1146,688,235,24,211,40,15,25,7,2,5,0,0,0
12,248,District - Papum Pare (04),Rural,55-59,1299,755,544,22,16,6,1069,704,365,188,28,160,18,6,12,2,1,1,0,0,0
12,248,District - Papum Pare (04),Rural,60-64,1075,515,560,36,16,20,769,471,298,253,23,230,17,5,12,0,0,0,0,0,0
12,248,District - Papum Pare (04),Rural,65-69,530,256,274,41,22,19,367,214,153,112,16,96,10,4,6,0,0,0,0,0,0
12,248,District - Papum Pare (04),Rural,70-74,378,188,190,10,6,4,243,162,81,119,18,101,5,1,4,1,1,0,0,0,0
12,248,District - Papum Pare (04),Rural,75-79,176,93,83,12,8,4,110,74,36,49,8,41,5,3,2,0,0,0,0,0,0
12,248,District - Papum Pare (04),Rural,80+,334,144,190,60,29,31,190,103,87,83,12,71,0,0,0,1,0,1,0,0,0
12,248,District - Papum Pare (04),Rural,Age not stated,195,86,109,122,59,63,63,27,36,9,0,9,0,0,0,1,0,1,0,0,0
12,248,District - Papum Pare (04),Rural,Less than 18,36010,17854,18156,35179,17658,17521,768,176,592,32,9,23,25,10,15,6,1,5,0,0,0
12,248,District - Papum Pare (04),Rural,Less than 21,42160,20818,21342,39877,20285,19592,2183,503,1680,50,13,37,42,16,26,8,1,7,0,0,0
12,248,District - Papum Pare (04),Urban,All ages,96963,49247,47716,53784,28180,25604,40989,20638,20351,1720,215,1505,366,189,177,104,25,79,0,0,0
12,248,District - Papum Pare (04),Urban,0-9,18680,9529,9151,18680,9529,9151,0,0,0,0,0,0,0,0,0,0,0,0,0,0,0
12,248,District - Papum Pare (04),Urban,10-14,11648,5611,6037,11378,5538,5840,252,63,189,9,5,4,7,4,3,2,1,1,0,0,0
12,248,District - Papum Pare (04),Urban,15-19,12624,6156,6468,11415,5906,5509,1185,238,947,10,4,6,14,8,6,0,0,0,0,0,0
12,248,District - Papum Pare (04),Urban,20-24,11610,5505,6105,7226,4206,3020,4321,1274,3047,26,3,23,34,22,12,3,0,3,0,0,0
12,248,District - Papum Pare (04),Urban,25-29,10567,5149,5418,3205,1994,1211,7236,3112,4124,61,8,53,58,34,24,7,1,6,0,0,0
12,248,District - Papum Pare (04),Urban,30-34,8011,4007,4004,910,549,361,6912,3422,3490,114,10,104,56,23,33,19,3,16,0,0,0
12,248,District - Papum Pare (04),Urban,35-39,7292,3732,3560,338,161,177,6728,3517,3211,158,23,135,48,25,23,20,6,14,0,0,0
12,248,District - Papum Pare (04),Urban,40-44,5965,3255,2710,161,71,90,5492,3141,2351,245,23,222,49,15,34,18,5,13,0,0,0
12,248,District - Papum Pare (04),Urban,45-49,4529,2667,1862,86,44,42,4123,2568,1555,253,30,223,46,22,24,21,3,18,0,0,0
12,248,District - Papum Pare (04),Urban,50-54,2606,1675,931,45,17,28,2296,1598,698,232,37,195,26,20,6,7,3,4,0,0,0
12,248,District - Papum Pare (04),Urban,55-59,1469,973,496,29,8,21,1250,932,318,176,26,150,13,7,6,1,0,1,0,0,0
12,248,District - Papum Pare (04),Urban,60-64,804,436,368,64,28,36,564,387,177,168,16,152,7,4,3,1,1,0,0,0,0
12,248,District - Papum Pare (04),Urban,65-69,396,210,186,79,43,36,228,153,75,86,13,73,1,0,1,2,1,1,0,0,0
12,248,District - Papum Pare (04),Urban,70-74,249,106,143,22,12,10,140,87,53,84,5,79,1,1,0,2,1,1,0,0,0
12,248,District - Papum Pare (04),Urban,75-79,114,52,62,11,3,8,60,42,18,41,6,35,2,1,1,0,0,0,0,0,0
12,248,District - Papum Pare (04),Urban,80+,281,118,163,72,31,41,153,79,74,51,5,46,4,3,1,1,0,1,0,0,0
12,248,District - Papum Pare (04),Urban,Age not stated,118,66,52,63,40,23,49,25,24,6,1,5,0,0,0,0,0,0,0,0,0
12,248,District - Papum Pare (04),Urban,Less than 18,37887,18776,19111,37105,18583,18522,751,175,576,15,9,6,14,8,6,2,1,1,0,0,0
12,248,District - Papum Pare (04),Urban,Less than 21,45671,22561,23110,43429,22069,21360,2189,467,1722,25,9,16,26,15,11,2,1,1,0,0,0
12,249,District - Upper Subansiri (05),Total,All ages,83448,41758,41690,47540,24952,22588,32892,16180,16712,2630,442,2188,262,121,141,124,63,61,0,0,0
12,249,District - Upper Subansiri (05),Total,0-9,19003,9683,9320,19003,9683,9320,0,0,0,0,0,0,0,0,0,0,0,0,0,0,0
12,249,District - Upper Subansiri (05),Total,10-14,11891,6067,5824,11648,5983,5665,222,74,148,12,4,8,7,4,3,2,2,0,0,0,0
12,249,District - Upper Subansiri (05),Total,15-19,10669,5199,5470,9602,4948,4654,1033,242,791,21,3,18,11,5,6,2,1,1,0,0,0
12,249,District - Upper Subansiri (05),Total,20-24,7919,3808,4111,4464,2594,1870,3387,1194,2193,45,10,35,15,6,9,8,4,4,0,0,0
12,249,District - Upper Subansiri (05),Total,25-29,6572,3072,3500,1536,951,585,4921,2087,2834,75,15,60,26,13,13,14,6,8,0,0,0
12,249,District - Upper Subansiri (05),Total,30-34,5788,2865,2923,592,395,197,5011,2421,2590,137,26,111,25,14,11,23,9,14,0,0,0
12,249,District - Upper Subansiri (05),Total,35-39,5629,2735,2894,215,134,81,5156,2538,2618,196,34,162,40,16,24,22,13,9,0,0,0
12,249,District - Upper Subansiri (05),Total,40-44,4895,2544,2351,116,75,41,4383,2390,1993,330,48,282,47,19,28,19,12,7,0,0,0
12,249,District - Upper Subansiri (05),Total,45-49,3743,1926,1817,58,31,27,3287,1810,1477,356,68,288,29,11,18,13,6,7,0,0,0
12,249,District - Upper Subansiri (05),Total,50-54,2765,1508,1257,43,27,16,2304,1406,898,388,61,327,23,12,11,7,2,5,0,0,0
12,249,District - Upper Subansiri (05),Total,55-59,1614,833,781,25,13,12,1286,773,513,291,40,251,6,4,2,6,3,3,0,0,0
12,249,District - Upper Subansiri (05),Total,60-64,1357,726,631,45,25,20,946,634,312,347,56,291,14,7,7,5,4,1,0,0,0
12,249,District - Upper Subansiri (05),Total,65-69,618,299,319,32,11,21,383,251,132,193,31,162,8,5,3,2,1,1,0,0,0
12,249,District - Upper Subansiri (05),Total,70-74,413,214,199,23,10,13,268,179,89,112,21,91,9,4,5,1,0,1,0,0,0
12,249,District - Upper Subansiri (05),Total,75-79,143,73,70,9,4,5,87,59,28,45,9,36,2,1,1,0,0,0,0,0,0
12,249,District - Upper Subansiri (05),Total,80+,320,155,165,60,29,31,181,110,71,79,16,63,0,0,0,0,0,0,0,0,0
12,249,District - Upper Subansiri (05),Total,Age not stated,109,51,58,69,39,30,37,12,25,3,0,3,0,0,0,0,0,0,0,0,0
12,249,District - Upper Subansiri (05),Total,Less than 18,37368,18955,18413,36724,18772,17952,601,169,432,24,4,20,16,8,8,3,2,1,0,0,0
12,249,District - Upper Subansiri (05),Total,Less than 21,44157,22236,21921,42041,21660,20381,2048,553,1495,43,10,33,20,10,10,5,3,2,0,0,0
12,249,District - Upper Subansiri (05),Rural,All ages,70043,34840,35203,39917,20966,18951,27498,13339,14159,2293,378,1915,222,96,126,113,61,52,0,0,0
12,249,District - Upper Subansiri (05),Rural,0-9,16242,8331,7911,16242,8331,7911,0,0,0,0,0,0,0,0,0,0,0,0,0,0,0
12,249,District - Upper Subansiri (05),Rural,10-14,9942,5097,4845,9737,5024,4713,186,65,121,11,3,8,6,3,3,2,2,0,0,0,0
12,249,District - Upper Subansiri (05),Rural,15-19,8693,4217,4476,7800,4011,3789,861,197,664,19,3,16,11,5,6,2,1,1,0,0,0
12,249,District - Upper Subansiri (05),Rural,20-24,6609,3168,3441,3739,2151,1588,2814,999,1815,37,10,27,12,4,8,7,4,3,0,0,0
12,249,District - Upper Subansiri (05),Rural,25-29,5440,2516,2924,1286,778,508,4058,1713,2345,63,11,52,19,8,11,14,6,8,0,0,0
12,249,District - Upper Subansiri (05),Rural,30-34,4802,2353,2449,504,328,176,4138,1980,2158,121,23,98,19,13,6,20,9,11,0,0,0
12,249,District - Upper Subansiri (05),Rural,35-39,4585,2192,2393,182,110,72,4180,2029,2151,167,29,138,34,11,23,22,13,9,0,0,0
12,249,District - Upper Subansiri (05),Rural,40-44,4065,2041,2024,103,66,37,3625,1911,1714,280,37,243,41,15,26,16,12,4,0,0,0
12,249,District - Upper Subansiri (05),Rural,45-49,3194,1578,1616,49,25,24,2787,1475,1312,317,61,256,29,11,18,12,6,6,0,0,0
12,249,District - Upper Subansiri (05),Rural,50-54,2363,1240,1123,39,23,16,1961,1159,802,340,49,291,17,7,10,6,2,4,0,0,0
12,249,District - Upper Subansiri (05),Rural,55-59,1415,711,704,19,9,10,1140,666,474,246,31,215,5,3,2,5,2,3,0,0,0
12,249,District - Upper Subansiri (05),Rural,60-64,1235,670,565,44,25,19,873,588,285,302,48,254,12,6,6,4,3,1,0,0,0
12,249,District - Upper Subansiri (05),Rural,65-69,560,277,283,27,11,16,355,231,124,169,29,140,7,5,2,2,1,1,0,0,0
12,249,District - Upper Subansiri (05),Rural,70-74,388,201,187,21,8,13,252,168,84,105,21,84,9,4,5,1,0,1,0,0,0
12,249,District - Upper Subansiri (05),Rural,75-79,129,65,64,9,4,5,81,53,28,38,7,31,1,1,0,0,0,0,0,0,0
12,249,District - Upper Subansiri (05),Rural,80+,294,143,151,53,27,26,165,100,65,76,16,60,0,0,0,0,0,0,0,0,0
12,249,District - Upper Subansiri (05),Rural,Age not stated,87,40,47,63,35,28,22,5,17,2,0,2,0,0,0,0,0,0,0,0,0
12,249,District - Upper Subansiri (05),Rural,Less than 18,31458,16047,15411,30918,15891,15027,500,144,356,22,3,19,15,7,8,3,2,1,0,0,0
12,249,District - Upper Subansiri (05),Rural,Less than 21,37046,18723,18323,35286,18237,17049,1697,465,1232,39,9,30,19,9,10,5,3,2,0,0,0
12,249,District - Upper Subansiri (05),Urban,All ages,13405,6918,6487,7623,3986,3637,5394,2841,2553,337,64,273,40,25,15,11,2,9,0,0,0
12,249,District - Upper Subansiri (05),Urban,0-9,2761,1352,1409,2761,1352,1409,0,0,0,0,0,0,0,0,0,0,0,0,0,0,0
12,249,District - Upper Subansiri (05),Urban,10-14,1949,970,979,1911,959,952,36,9,27,1,1,0,1,1,0,0,0,0,0,0,0
12,249,District - Upper Subansiri (05),Urban,15-19,1976,982,994,1802,937,865,172,45,127,2,0,2,0,0,0,0,0,0,0,0,0
12,249,District - Upper Subansiri (05),Urban,20-24,1310,640,670,725,443,282,573,195,378,8,0,8,3,2,1,1,0,1,0,0,0
12,249,District - Upper Subansiri (05),Urban,25-29,1132,556,576,250,173,77,863,374,489,12,4,8,7,5,2,0,0,0,0,0,0
12,249,District - Upper Subansiri (05),Urban,30-34,986,512,474,88,67,21,873,441,432,16,3,13,6,1,5,3,0,3,0,0,0
12,249,District - Upper Subansiri (05),Urban,35-39,1044,543,501,33,24,9,976,509,467,29,5,24,6,5,1,0,0,0,0,0,0
12,249,District - Upper Subansiri (05),Urban,40-44,830,503,327,13,9,4,758,479,279,50,11,39,6,4,2,3,0,3,0,0,0
12,249,District - Upper Subansiri (05),Urban,45-49,549,348,201,9,6,3,500,335,165,39,7,32,0,0,0,1,0,1,0,0,0
12,249,District - Upper Subansiri (05),Urban,50-54,402,268,134,4,4,0,343,247,96,48,12,36,6,5,1,1,0,1,0,0,0
12,249,District - Upper Subansiri (05),Urban,55-59,199,122,77,6,4,2,146,107,39,45,9,36,1,1,0,1,1,0,0,0,0
12,249,District - Upper Subansiri (05),Urban,60-64,122,56,66,1,0,1,73,46,27,45,8,37,2,1,1,1,1,0,0,0,0
12,249,District - Upper Subansiri (05),Urban,65-69,58,22,36,5,0,5,28,20,8,24,2,22,1,0,1,0,0,0,0,0,0
12,249,District - Upper Subansiri (05),Urban,70-74,25,13,12,2,2,0,16,11,5,7,0,7,0,0,0,0,0,0,0,0,0
12,249,District - Upper Subansiri (05),Urban,75-79,14,8,6,0,0,0,6,6,0,7,2,5,1,0,1,0,0,0,0,0,0
12,249,District - Upper Subansiri (05),Urban,80+,26,12,14,7,2,5,16,10,6,3,0,3,0,0,0,0,0,0,0,0,0
12,249,District - Upper Subansiri (05),Urban,Age not stated,22,11,11,6,4,2,15,7,8,1,0,1,0,0,0,0,0,0,0,0,0
12,249,District - Upper Subansiri (05),Urban,Less than 18,5910,2908,3002,5806,2881,2925,101,25,76,2,1,1,1,1,0,0,0,0,0,0,0
12,249,District - Upper Subansiri (05),Urban,Less than 21,7111,3513,3598,6755,3423,3332,351,88,263,4,1,3,1,1,0,0,0,0,0,0,0
12,250,District - West Siang (06),Total,All ages,112274,58168,54106,60363,32254,28109,48192,24963,23229,3286,781,2505,279,115,164,154,55,99,0,0,0
12,250,District - West Siang (06),Total,0-9,22576,11552,11024,22576,11552,11024,0,0,0,0,0,0,0,0,0,0,0,0,0,0,0
12,250,District - West Siang (06),Total,10-14,15038,7490,7548,14744,7379,7365,265,95,170,17,8,9,11,7,4,1,1,0,0,0,0
12,250,District - West Siang (06),Total,15-19,13006,6478,6528,11921,6204,5717,1059,263,796,15,6,9,3,1,2,8,4,4,0,0,0
12,250,District - West Siang (06),Total,20-24,10048,5135,4913,6130,3835,2295,3864,1286,2578,27,9,18,16,1,15,11,4,7,0,0,0
12,250,District - West Siang (06),Total,25-29,9747,5114,4633,2868,1906,962,6774,3176,3598,52,11,41,24,7,17,29,14,15,0,0,0
12,250,District - West Siang (06),Total,30-34,8374,4429,3945,990,634,356,7245,3751,3494,82,20,62,32,14,18,25,10,15,0,0,0
12,250,District - West Siang (06),Total,35-39,7727,3914,3813,422,270,152,7099,3593,3506,155,33,122,28,10,18,23,8,15,0,0,0
12,250,District - West Siang (06),Total,40-44,6811,3803,3008,217,149,68,6338,3589,2749,210,46,164,31,17,14,15,2,13,0,0,0
12,250,District - West Siang (06),Total,45-49,5393,2971,2422,104,71,33,4973,2843,2130,256,36,220,44,18,26,16,3,13,0,0,0
12,250,District - West Siang (06),Total,50-54,4107,2289,1818,78,60,18,3643,2154,1489,343,60,283,34,11,23,9,4,5,0,0,0
12,250,District - West Siang (06),Total,55-59,2747,1474,1273,49,33,16,2337,1371,966,340,60,280,17,9,8,4,1,3,0,0,0
12,250,District - West Siang (06),Total,60-64,2761,1402,1359,70,53,17,2073,1205,868,594,133,461,15,7,8,9,4,5,0,0,0
12,250,District - West Siang (06),Total,65-69,1602,859,743,64,40,24,1124,699,425,399,115,284,13,5,8,2,0,2,0,0,0
12,250,District - West Siang (06),Total,70-74,1178,640,538,30,14,16,736,504,232,406,118,288,5,4,1,1,0,1,0,0,0
12,250,District - West Siang (06),Total,75-79,435,235,200,7,5,2,265,174,91,160,54,106,3,2,1,0,0,0,0,0,0
12,250,District - West Siang (06),Total,80+,639,334,305,47,21,26,362,239,123,227,72,155,2,2,0,1,0,1,0,0,0
12,250,District - West Siang (06),Total,Age not stated,85,49,36,46,28,18,35,21,14,3,0,3,1,0,1,0,0,0,0,0,0
12,250,District - West Siang (06),Total,Less than 18,45944,23160,22784,45189,22913,22276,710,226,484,28,13,15,13,7,6,4,1,3,0,0,0
12,250,District - West Siang (06),Total,Less than 21,53347,26895,26452,51240,26320,24920,2032,541,1491,41,18,23,22,9,13,12,7,5,0,0,0
12,250,District - West Siang (06),Rural,All ages,87306,44687,42619,47350,25381,21969,36625,18443,18182,2979,728,2251,232,91,141,120,44,76,0,0,0
12,250,District - West Siang (06),Rural,0-9,18215,9365,8850,18215,9365,8850,0,0,0,0,0,0,0,0,0,0,0,0,0,0,0
12,250,District - West Siang (06),Rural,10-14,11973,6001,5972,11760,5924,5836,191,67,124,14,6,8,8,4,4,0,0,0,0,0,0
12,250,District - West Siang (06),Rural,15-19,9550,4780,4770,8798,4596,4202,734,179,555,11,3,8,3,1,2,4,1,3,0,0,0
12,250,District - West Siang (06),Rural,20-24,7523,3795,3728,4614,2856,1758,2867,929,1938,19,7,12,15,1,14,8,2,6,0,0,0
12,250,District - West Siang (06),Rural,25-29,7081,3641,3440,2178,1457,721,4816,2159,2657,43,11,32,19,4,15,25,10,15,0,0,0
12,250,District - West Siang (06),Rural,30-34,6062,3146,2916,806,530,276,5148,2578,2570,65,18,47,23,10,13,20,10,10,0,0,0
12,250,District - West Siang (06),Rural,35-39,5616,2741,2875,363,238,125,5092,2457,2635,122,30,92,23,9,14,16,7,9,0,0,0
12,250,District - West Siang (06),Rural,40-44,5037,2695,2342,184,130,54,4652,2510,2142,167,40,127,23,13,10,11,2,9,0,0,0
12,250,District - West Siang (06),Rural,45-49,4196,2192,2004,94,66,28,3836,2073,1763,216,36,180,37,14,23,13,3,10,0,0,0
12,250,District - West Siang (06),Rural,50-54,3412,1832,1580,69,53,16,3011,1715,1296,297,52,245,28,8,20,7,4,3,0,0,0
12,250,District - West Siang (06),Rural,55-59,2419,1256,1163,45,31,14,2040,1160,880,316,56,260,15,8,7,3,1,2,0,0,0
12,250,District - West Siang (06),Rural,60-64,2550,1280,1270,63,46,17,1907,1101,806,556,122,434,15,7,8,9,4,5,0,0,0
12,250,District - West Siang (06),Rural,65-69,1489,795,694,52,30,22,1041,650,391,382,111,271,12,4,8,2,0,2,0,0,0
12,250,District - West Siang (06),Rural,70-74,1111,601,510,28,13,15,688,472,216,389,112,277,5,4,1,1,0,1,0,0,0
12,250,District - West Siang (06),Rural,75-79,418,226,192,7,5,2,251,166,85,157,53,104,3,2,1,0,0,0,0,0,0
12,250,District - West Siang (06),Rural,80+,579,298,281,33,15,18,321,210,111,222,71,151,2,2,0,1,0,1,0,0,0
12,250,District - West Siang (06),Rural,Age not stated,75,43,32,41,26,15,30,17,13,3,0,3,1,0,1,0,0,0,0,0,0
12,250,District - West Siang (06),Rural,Less than 18,36250,18411,17839,35735,18244,17491,482,155,327,21,8,13,10,4,6,2,0,2,0,0,0
12,250,District - West Siang (06),Rural,Less than 21,41841,21184,20657,40316,20782,19534,1468,381,1087,33,13,20,18,6,12,6,2,4,0,0,0
12,250,District - West Siang (06),Urban,All ages,24968,13481,11487,13013,6873,6140,11567,6520,5047,307,53,254,47,24,23,34,11,23,0,0,0
12,250,District - West Siang (06),Urban,0-9,4361,2187,2174,4361,2187,2174,0,0,0,0,0,0,0,0,0,0,0,0,0,0,0
12,250,District - West Siang (06),Urban,10-14,3065,1489,1576,2984,1455,1529,74,28,46,3,2,1,3,3,0,1,1,0,0,0,0
12,250,District - West Siang (06),Urban,15-19,3456,1698,1758,3123,1608,1515,325,84,241,4,3,1,0,0,0,4,3,1,0,0,0
12,250,District - West Siang (06),Urban,20-24,2525,1340,1185,1516,979,537,997,357,640,8,2,6,1,0,1,3,2,1,0,0,0
12,250,District - West Siang (06),Urban,25-29,2666,1473,1193,690,449,241,1958,1017,941,9,0,9,5,3,2,4,4,0,0,0,0
12,250,District - West Siang (06),Urban,30-34,2312,1283,1029,184,104,80,2097,1173,924,17,2,15,9,4,5,5,0,5,0,0,0
12,250,District - West Siang (06),Urban,35-39,2111,1173,938,59,32,27,2007,1136,871,33,3,30,5,1,4,7,1,6,0,0,0
12,250,District - West Siang (06),Urban,40-44,1774,1108,666,33,19,14,1686,1079,607,43,6,37,8,4,4,4,0,4,0,0,0
12,250,District - West Siang (06),Urban,45-49,1197,779,418,10,5,5,1137,770,367,40,0,40,7,4,3,3,0,3,0,0,0
12,250,District - West Siang (06),Urban,50-54,695,457,238,9,7,2,632,439,193,46,8,38,6,3,3,2,0,2,0,0,0
12,250,District - West Siang (06),Urban,55-59,328,218,110,4,2,2,297,211,86,24,4,20,2,1,1,1,0,1,0,0,0
12,250,District - West Siang (06),Urban,60-64,211,122,89,7,7,0,166,104,62,38,11,27,0,0,0,0,0,0,0,0,0
12,250,District - West Siang (06),Urban,65-69,113,64,49,12,10,2,83,49,34,17,4,13,1,1,0,0,0,0,0,0,0
12,250,District - West Siang (06),Urban,70-74,67,39,28,2,1,1,48,32,16,17,6,11,0,0,0,0,0,0,0,0,0
12,250,District - West Siang (06),Urban,75-79,17,9,8,0,0,0,14,8,6,3,1,2,0,0,0,0,0,0,0,0,0
12,250,District - West Siang (06),Urban,80+,60,36,24,14,6,8,41,29,12,5,1,4,0,0,0,0,0,0,0,0,0
12,250,District - West Siang (06),Urban,Age not stated,10,6,4,5,2,3,5,4,1,0,0,0,0,0,0,0,0,0,0,0,0
12,250,District - West Siang (06),Urban,Less than 18,9694,4749,4945,9454,4669,4785,228,71,157,7,5,2,3,3,0,2,1,1,0,0,0
12,250,District - West Siang (06),Urban,Less than 21,11506,5711,5795,10924,5538,5386,564,160,404,8,5,3,4,3,1,6,5,1,0,0,0
12,251,District - East Siang (07),Total,All ages,99214,50116,49098,54240,28640,25600,41272,20391,20881,3015,848,2167,418,167,251,269,70,199,0,0,0
12,251,District - East Siang (07),Total,0-9,19215,9717,9498,19215,9717,9498,0,0,0,0,0,0,0,0,0,0,0,0,0,0,0
12,251,District - East Siang (07),Total,10-14,12885,6475,6410,12664,6395,6269,207,74,133,10,5,5,4,1,3,0,0,0,0,0,0
12,251,District - East Siang (07),Total,15-19,11594,5793,5801,10677,5586,5091,897,197,700,7,5,2,7,2,5,6,3,3,0,0,0
12,251,District - East Siang (07),Total,20-24,9583,4605,4978,6208,3548,2660,3297,1036,2261,25,5,20,32,11,21,21,5,16,0,0,0
12,251,District - East Siang (07),Total,25-29,8716,4104,4612,2888,1770,1118,5711,2291,3420,39,14,25,51,21,30,27,8,19,0,0,0
12,251,District - East Siang (07),Total,30-34,7243,3540,3703,1172,725,447,5893,2771,3122,75,17,58,53,15,38,50,12,38,0,0,0
12,251,District - East Siang (07),Total,35-39,7175,3485,3690,575,358,217,6352,3079,3273,134,19,115,63,20,43,51,9,42,0,0,0
12,251,District - East Siang (07),Total,40-44,5935,3143,2792,265,160,105,5386,2915,2471,187,33,154,59,26,33,38,9,29,0,0,0
12,251,District - East Siang (07),Total,45-49,4981,2742,2239,139,86,53,4519,2566,1953,253,61,192,43,20,23,27,9,18,0,0,0
12,251,District - East Siang (07),Total,50-54,3537,2031,1506,85,63,22,3110,1867,1243,290,75,215,32,18,14,20,8,12,0,0,0
12,251,District - East Siang (07),Total,55-59,2209,1211,998,49,36,13,1838,1096,742,288,70,218,21,8,13,13,1,12,0,0,0
12,251,District - East Siang (07),Total,60-64,2311,1209,1102,79,48,31,1714,1010,704,494,140,354,17,7,10,7,4,3,0,0,0
12,251,District - East Siang (07),Total,65-69,1656,857,799,77,52,25,1127,671,456,436,127,309,14,7,7,2,0,2,0,0,0
12,251,District - East Siang (07),Total,70-74,1050,585,465,39,23,16,636,430,206,357,123,234,14,8,6,4,1,3,0,0,0
12,251,District - East Siang (07),Total,75-79,543,290,253,11,10,1,305,201,104,218,76,142,6,2,4,3,1,2,0,0,0
12,251,District - East Siang (07),Total,80+,496,269,227,51,28,23,245,163,82,198,77,121,2,1,1,0,0,0,0,0,0
12,251,District - East Siang (07),Total,Age not stated,85,60,25,46,35,11,35,24,11,4,1,3,0,0,0,0,0,0,0,0,0
12,251,District - East Siang (07),Total,Less than 18,39349,19815,19534,38748,19636,19112,577,167,410,12,6,6,8,3,5,4,3,1,0,0,0
12,251,District - East Siang (07),Total,Less than 21,46030,23109,22921,44287,22651,21636,1691,437,1254,24,11,13,18,5,13,10,5,5,0,0,0
12,251,District - East Siang (07),Rural,All ages,71579,36147,35432,39432,20930,18502,29205,14329,14876,2431,711,1720,307,118,189,204,59,145,0,0,0
12,251,District - East Siang (07),Rural,0-9,14282,7201,7081,14282,7201,7081,0,0,0,0,0,0,0,0,0,0,0,0,0,0,0
12,251,District - East Siang (07),Rural,10-14,9234,4697,4537,9106,4654,4452,118,39,79,8,4,4,2,0,2,0,0,0,0,0,0
12,251,District - East Siang (07),Rural,15-19,7997,4065,3932,7423,3926,3497,560,135,425,4,2,2,5,0,5,5,2,3,0,0,0
12,251,District - East Siang (07),Rural,20-24,6776,3290,3486,4474,2553,1921,2237,718,1519,20,3,17,26,11,15,19,5,14,0,0,0
12,251,District - East Siang (07),Rural,25-29,6183,2926,3257,2182,1325,857,3911,1569,2342,30,12,18,39,13,26,21,7,14,0,0,0
12,251,District - East Siang (07),Rural,30-34,5070,2486,2584,890,569,321,4059,1884,2175,44,11,33,38,11,27,39,11,28,0,0,0
12,251,District - East Siang (07),Rural,35-39,4889,2388,2501,417,264,153,4302,2089,2213,88,13,75,43,15,28,39,7,32,0,0,0
12,251,District - East Siang (07),Rural,40-44,4064,2127,1937,218,138,80,3666,1940,1726,118,24,94,42,19,23,20,6,14,0,0,0
12,251,District - East Siang (07),Rural,45-49,3480,1861,1619,103,70,33,3142,1728,1414,183,42,141,29,12,17,23,9,14,0,0,0
12,251,District - East Siang (07),Rural,50-54,2633,1458,1175,64,48,16,2308,1338,970,226,57,169,20,9,11,15,6,9,0,0,0
12,251,District - East Siang (07),Rural,55-59,1698,889,809,39,28,11,1401,798,603,230,56,174,17,6,11,11,1,10,0,0,0
12,251,District - East Siang (07),Rural,60-64,1912,961,951,62,37,25,1418,799,619,412,116,296,15,6,9,5,3,2,0,0,0
12,251,District - East Siang (07),Rural,65-69,1429,729,700,52,37,15,989,572,417,374,113,261,12,7,5,2,0,2,0,0,0
12,251,District - East Siang (07),Rural,70-74,931,511,420,25,15,10,568,373,195,323,115,208,12,7,5,3,1,2,0,0,0
12,251,District - East Siang (07),Rural,75-79,487,269,218,10,9,1,280,186,94,190,72,118,5,1,4,2,1,1,0,0,0
12,251,District - East Siang (07),Rural,80+,429,229,200,39,21,18,211,137,74,177,70,107,2,1,1,0,0,0,0,0,0
12,251,District - East Siang (07),Rural,Age not stated,85,60,25,46,35,11,35,24,11,4,1,3,0,0,0,0,0,0,0,0,0
12,251,District - East Siang (07),Rural,Less than 18,28483,14417,14066,28142,14316,13826,324,94,230,10,5,5,4,0,4,3,2,1,0,0,0
12,251,District - East Siang (07),Rural,Less than 21,33210,16780,16430,32072,16474,15598,1097,293,804,19,7,12,13,2,11,9,4,5,0,0,0
12,251,District - East Siang (07),Urban,All ages,27635,13969,13666,14808,7710,7098,12067,6062,6005,584,137,447,111,49,62,65,11,54,0,0,0
12,251,District - East Siang (07),Urban,0-9,4933,2516,2417,4933,2516,2417,0,0,0,0,0,0,0,0,0,0,0,0,0,0,0
12,251,District - East Siang (07),Urban,10-14,3651,1778,1873,3558,1741,1817,89,35,54,2,1,1,2,1,1,0,0,0,0,0,0
12,251,District - East Siang (07),Urban,15-19,3597,1728,1869,3254,1660,1594,337,62,275,3,3,0,2,2,0,1,1,0,0,0,0
12,251,District - East Siang (07),Urban,20-24,2807,1315,1492,1734,995,739,1060,318,742,5,2,3,6,0,6,2,0,2,0,0,0
12,251,District - East Siang (07),Urban,25-29,2533,1178,1355,706,445,261,1800,722,1078,9,2,7,12,8,4,6,1,5,0,0,0
12,251,District - East Siang (07),Urban,30-34,2173,1054,1119,282,156,126,1834,887,947,31,6,25,15,4,11,11,1,10,0,0,0
12,251,District - East Siang (07),Urban,35-39,2286,1097,1189,158,94,64,2050,990,1060,46,6,40,20,5,15,12,2,10,0,0,0
12,251,District - East Siang (07),Urban,40-44,1871,1016,855,47,22,25,1720,975,745,69,9,60,17,7,10,18,3,15,0,0,0
12,251,District - East Siang (07),Urban,45-49,1501,881,620,36,16,20,1377,838,539,70,19,51,14,8,6,4,0,4,0,0,0
12,251,District - East Siang (07),Urban,50-54,904,573,331,21,15,6,802,529,273,64,18,46,12,9,3,5,2,3,0,0,0
12,251,District - East Siang (07),Urban,55-59,511,322,189,10,8,2,437,298,139,58,14,44,4,2,2,2,0,2,0,0,0
12,251,District - East Siang (07),Urban,60-64,399,248,151,17,11,6,296,211,85,82,24,58,2,1,1,2,1,1,0,0,0
12,251,District - East Siang (07),Urban,65-69,227,128,99,25,15,10,138,99,39,62,14,48,2,0,2,0,0,0,0,0,0
12,251,District - East Siang (07),Urban,70-74,119,74,45,14,8,6,68,57,11,34,8,26,2,1,1,1,0,1,0,0,0
12,251,District - East Siang (07),Urban,75-79,56,21,35,1,1,0,25,15,10,28,4,24,1,1,0,1,0,1,0,0,0
12,251,District - East Siang (07),Urban,80+,67,40,27,12,7,5,34,26,8,21,7,14,0,0,0,0,0,0,0,0,0
12,251,District - East Siang (07),Urban,Age not stated,0,0,0,0,0,0,0,0,0,0,0,0,0,0,0,0,0,0,0,0,0
12,251,District - East Siang (07),Urban,Less than 18,10866,5398,5468,10606,5320,5286,253,73,180,2,1,1,4,3,1,1,1,0,0,0,0
12,251,District - East Siang (07),Urban,Less than 21,12820,6329,6491,12215,6177,6038,594,144,450,5,4,1,5,3,2,1,1,0,0,0,0
12,252,District - Upper Siang (08),Total,All ages,35320,18699,16621,18803,10274,8529,14795,7688,7107,1352,562,790,285,140,145,85,35,50,0,0,0
12,252,District - Upper Siang (08),Total,0-9,7382,3766,3616,7382,3766,3616,0,0,0,0,0,0,0,0,0,0,0,0,0,0,0
12,252,District - Upper Siang (08),Total,10-14,4489,2278,2211,4393,2250,2143,81,23,58,6,2,4,9,3,6,0,0,0,0,0,0
12,252,District - Upper Siang (08),Total,15-19,3489,1772,1717,3188,1693,1495,285,71,214,7,4,3,9,4,5,0,0,0,0,0,0
12,252,District - Upper Siang (08),Total,20-24,2901,1526,1375,1847,1183,664,1030,336,694,6,2,4,11,5,6,7,0,7,0,0,0
12,252,District - Upper Siang (08),Total,25-29,2829,1484,1345,835,574,261,1954,893,1061,13,4,9,17,9,8,10,4,6,0,0,0
12,252,District - Upper Siang (08),Total,30-34,2799,1527,1272,384,265,119,2328,1232,1096,37,12,25,37,15,22,13,3,10,0,0,0
12,252,District - Upper Siang (08),Total,35-39,2307,1258,1049,186,129,57,2021,1087,934,45,17,28,39,20,19,16,5,11,0,0,0
12,252,District - Upper Siang (08),Total,40-44,2005,1158,847,140,106,34,1763,1005,758,51,23,28,40,20,20,11,4,7,0,0,0
12,252,District - Upper Siang (08),Total,45-49,1799,960,839,105,83,22,1582,827,755,76,31,45,32,17,15,4,2,2,0,0,0
12,252,District - Upper Siang (08),Total,50-54,1442,885,557,81,65,16,1200,742,458,119,51,68,31,20,11,11,7,4,0,0,0
12,252,District - Upper Siang (08),Total,55-59,994,558,436,55,37,18,818,466,352,105,45,60,12,6,6,4,4,0,0,0,0
12,252,District - Upper Siang (08),Total,60-64,1039,559,480,75,50,25,738,420,318,210,82,128,14,6,8,2,1,1,0,0,0
12,252,District - Upper Siang (08),Total,65-69,622,324,298,29,18,11,416,238,178,166,63,103,8,3,5,3,2,1,0,0,0
12,252,District - Upper Siang (08),Total,70-74,526,270,256,23,11,12,292,170,122,197,83,114,11,4,7,3,2,1,0,0,0
12,252,District - Upper Siang (08),Total,75-79,277,149,128,12,7,5,136,87,49,122,52,70,7,3,4,0,0,0,0,0,0
12,252,District - Upper Siang (08),Total,80+,352,190,162,32,13,19,125,82,43,186,89,97,8,5,3,1,1,0,0,0,0
12,252,District - Upper Siang (08),Total,Age not stated,68,35,33,36,24,12,26,9,17,6,2,4,0,0,0,0,0,0,0,0,0
12,252,District - Upper Siang (08),Total,Less than 18,14101,7171,6930,13874,7108,6766,202,52,150,10,4,6,15,7,8,0,0,0,0,0,0
12,252,District - Upper Siang (08),Total,Less than 21,16126,8207,7919,15527,8041,7486,563,152,411,15,7,8,20,7,13,1,0,1,0,0,0
12,252,District - Upper Siang (08),Rural,All ages,28780,15335,13445,15253,8429,6824,11975,6243,5732,1282,545,737,207,90,117,63,28,35,0,0,0
12,252,District - Upper Siang (08),Rural,0-9,6014,3060,2954,6014,3060,2954,0,0,0,0,0,0,0,0,0,0,0,0,0,0,0
12,252,District - Upper Siang (08),Rural,10-14,3566,1828,1738,3499,1809,1690,59,17,42,6,2,4,2,0,2,0,0,0,0,0,0
12,252,District - Upper Siang (08),Rural,15-19,2670,1374,1296,2458,1316,1142,198,52,146,7,4,3,7,2,5,0,0,0,0,0,0
12,252,District - Upper Siang (08),Rural,20-24,2358,1285,1073,1535,1008,527,807,273,534,6,2,4,8,2,6,2,0,2,0,0,0
12,252,District - Upper Siang (08),Rural,25-29,2287,1245,1042,710,502,208,1545,731,814,10,3,7,14,6,8,8,3,5,0,0,0
12,252,District - Upper Siang (08),Rural,30-34,2246,1259,987,338,240,98,1843,993,850,31,12,19,24,11,13,10,3,7,0,0,0
12,252,District - Upper Siang (08),Rural,35-39,1742,985,757,160,114,46,1506,840,666,40,16,24,25,11,14,11,4,7,0,0,0
12,252,District - Upper Siang (08),Rural,40-44,1559,869,690,124,92,32,1362,747,615,45,22,23,21,7,14,7,1,6,0,0,0
12,252,District - Upper Siang (08),Rural,45-49,1507,783,724,101,79,22,1305,660,645,69,29,40,28,13,15,4,2,2,0,0,0
12,252,District - Upper Siang (08),Rural,50-54,1274,766,508,76,62,14,1052,630,422,109,50,59,27,17,10,10,7,3,0,0,0
12,252,District - Upper Siang (08),Rural,55-59,869,476,393,52,36,16,712,392,320,95,43,52,8,3,5,2,2,0,0,0,0
12,252,District - Upper Siang (08),Rural,60-64,942,496,446,69,46,23,659,363,296,201,81,120,11,5,6,2,1,1,0,0,0
12,252,District - Upper Siang (08),Rural,65-69,591,308,283,28,17,11,391,225,166,161,61,100,8,3,5,3,2,1,0,0,0
12,252,District - Upper Siang (08),Rural,70-74,504,258,246,22,11,11,276,161,115,192,80,112,11,4,7,3,2,1,0,0,0
12,252,District - Upper Siang (08),Rural,75-79,269,142,127,10,5,5,131,83,48,121,51,70,7,3,4,0,0,0,0,0,0
12,252,District - Upper Siang (08),Rural,80+,324,172,152,28,12,16,106,69,37,183,87,96,6,3,3,1,1,0,0,0,0
12,252,District - Upper Siang (08),Rural,Age not stated,58,29,29,29,20,9,23,7,16,6,2,4,0,0,0,0,0,0,0,0,0
12,252,District - Upper Siang (08),Rural,Less than 18,11287,5765,5522,11135,5723,5412,136,36,100,10,4,6,6,2,4,0,0,0,0,0,0
12,252,District - Upper Siang (08),Rural,Less than 21,12870,6593,6277,12437,6467,5970,407,117,290,15,7,8,11,2,9,0,0,0,0,0,0
12,252,District - Upper Siang (08),Urban,All ages,6540,3364,3176,3550,1845,1705,2820,1445,1375,70,17,53,78,50,28,22,7,15,0,0,0
12,252,District - Upper Siang (08),Urban,0-9,1368,706,662,1368,706,662,0,0,0,0,0,0,0,0,0,0,0,0,0,0,0
12,252,District - Upper Siang (08),Urban,10-14,923,450,473,894,441,453,22,6,16,0,0,0,7,3,4,0,0,0,0,0,0
12,252,District - Upper Siang (08),Urban,15-19,819,398,421,730,377,353,87,19,68,0,0,0,2,2,0,0,0,0,0,0,0
12,252,District - Upper Siang (08),Urban,20-24,543,241,302,312,175,137,223,63,160,0,0,0,3,3,0,5,0,5,0,0,0
12,252,District - Upper Siang (08),Urban,25-29,542,239,303,125,72,53,409,162,247,3,1,2,3,3,0,2,1,1,0,0,0
12,252,District - Upper Siang (08),Urban,30-34,553,268,285,46,25,21,485,239,246,6,0,6,13,4,9,3,0,3,0,0,0
12,252,District - Upper Siang (08),Urban,35-39,565,273,292,26,15,11,515,247,268,5,1,4,14,9,5,5,1,4,0,0,0
12,252,District - Upper Siang (08),Urban,40-44,446,289,157,16,14,2,401,258,143,6,1,5,19,13,6,4,3,1,0,0,0
12,252,District - Upper Siang (08),Urban,45-49,292,177,115,4,4,0,277,167,110,7,2,5,4,4,0,0,0,0,0,0,0
12,252,District - Upper Siang (08),Urban,50-54,168,119,49,5,3,2,148,112,36,10,1,9,4,3,1,1,0,1,0,0,0
12,252,District - Upper Siang (08),Urban,55-59,125,82,43,3,1,2,106,74,32,10,2,8,4,3,1,2,2,0,0,0,0
12,252,District - Upper Siang (08),Urban,60-64,97,63,34,6,4,2,79,57,22,9,1,8,3,1,2,0,0,0,0,0,0
12,252,District - Upper Siang (08),Urban,65-69,31,16,15,1,1,0,25,13,12,5,2,3,0,0,0,0,0,0,0,0,0
12,252,District - Upper Siang (08),Urban,70-74,22,12,10,1,0,1,16,9,7,5,3,2,0,0,0,0,0,0,0,0,0
12,252,District - Upper Siang (08),Urban,75-79,8,7,1,2,2,0,5,4,1,1,1,0,0,0,0,0,0,0,0,0,0
12,252,District - Upper Siang (08),Urban,80+,28,18,10,4,1,3,19,13,6,3,2,1,2,2,0,0,0,0,0,0,0
12,252,District - Upper Siang (08),Urban,Age not stated,10,6,4,7,4,3,3,2,1,0,0,0,0,0,0,0,0,0,0,0,0
12,252,District - Upper Siang (08),Urban,Less than 18,2814,1406,1408,2739,1385,1354,66,16,50,0,0,0,9,5,4,0,0,0,0,0,0
12,252,District - Upper Siang (08),Urban,Less than 21,3256,1614,1642,3090,1574,1516,156,35,121,0,0,0,9,5,4,1,0,1,0,0,0
12,253,District - Changlang (09),Total,All ages,148226,76948,71278,80669,43706,36963,62637,31787,30850,4493,1276,3217,336,147,189,91,32,59,0,0,0
12,253,District - Changlang (09),Total,0-9,36940,18677,18263,36940,18677,18263,0,0,0,0,0,0,0,0,0,0,0,0,0,0,0
12,253,District - Changlang (09),Total,10-14,17934,9187,8747,17575,9047,8528,342,130,212,6,4,2,8,4,4,3,2,1,0,0,0
12,253,District - Changlang (09),Total,15-19,14862,7833,7029,13148,7441,5707,1681,382,1299,17,4,13,12,5,7,4,1,3,0,0,0
12,253,District - Changlang (09),Total,20-24,13512,6630,6882,6839,4382,2457,6586,2223,4363,57,16,41,19,6,13,11,3,8,0,0,0
12,253,District - Changlang (09),Total,25-29,13382,6853,6529,3055,2145,910,10180,4667,5513,90,21,69,45,17,28,12,3,9,0,0,0
12,253,District - Changlang (09),Total,30-34,11043,5643,5400,1166,770,396,9667,4812,4855,154,42,112,43,13,30,13,6,7,0,0,0
12,253,District - Changlang (09),Total,35-39,10049,5253,4796,610,389,221,9147,4770,4377,212,62,150,66,28,38,14,4,10,0,0,0
12,253,District - Changlang (09),Total,40-44,7623,4240,3383,358,229,129,6897,3905,2992,314,83,231,41,19,22,13,4,9,0,0,0
12,253,District - Changlang (09),Total,45-49,6303,3460,2843,220,144,76,5595,3181,2414,450,118,332,30,15,15,8,2,6,0,0,0
12,253,District - Changlang (09),Total,50-54,4864,2741,2123,150,96,54,4186,2482,1704,498,149,349,25,13,12,5,1,4,0,0,0
12,253,District - Changlang (09),Total,55-59,3599,2079,1520,104,69,35,3009,1865,1144,473,134,339,11,10,1,2,1,1,0,0,0
12,253,District - Changlang (09),Total,60-64,2899,1616,1283,141,94,47,2137,1345,792,603,168,435,14,6,8,4,3,1,0,0,0
12,253,District - Changlang (09),Total,65-69,1823,919,904,107,62,45,1269,740,529,442,115,327,5,2,3,0,0,0,0,0,0
12,253,District - Changlang (09),Total,70-74,1466,770,696,63,42,21,915,603,312,478,121,357,10,4,6,0,0,0,0,0,0
12,253,District - Changlang (09),Total,75-79,798,419,379,33,15,18,468,306,162,295,96,199,1,1,0,1,1,0,0,0,0
12,253,District - Changlang (09),Total,80+,965,529,436,75,48,27,484,335,149,399,141,258,6,4,2,1,1,0,0,0,0
12,253,District - Changlang (09),Total,Age not stated,164,99,65,85,56,29,74,41,33,5,2,3,0,0,0,0,0,0,0,0,0
12,253,District - Changlang (09),Total,Less than 18,63937,32716,31221,63054,32430,30624,850,271,579,12,5,7,15,7,8,6,3,3,0,0,0
12,253,District - Changlang (09),Total,Less than 21,73010,37261,35749,69693,36397,33296,3252,840,2412,32,11,21,24,10,14,9,3,6,0,0,0
12,253,District - Changlang (09),Rural,All ages,128998,66283,62715,71024,38247,32777,53518,26705,26813,4079,1169,2910,296,132,164,81,30,51,0,0,0
12,253,District - Changlang (09),Rural,0-9,33590,16992,16598,33590,16992,16598,0,0,0,0,0,0,0,0,0,0,0,0,0,0,0
12,253,District - Changlang (09),Rural,10-14,15746,8038,7708,15470,7924,7546,261,106,155,6,4,2,6,2,4,3,2,1,0,0,0
12,253,District - Changlang (09),Rural,15-19,12719,6670,6049,11191,6330,4861,1497,330,1167,17,4,13,11,5,6,3,1,2,0,0,0
12,253,District - Changlang (09),Rural,20-24,11470,5520,5950,5614,3556,2058,5775,1943,3832,54,14,40,17,4,13,10,3,7,0,0,0
12,253,District - Changlang (09),Rural,25-29,11348,5671,5677,2461,1698,763,8756,3935,4821,79,18,61,42,17,25,10,3,7,0,0,0
12,253,District - Changlang (09),Rural,30-34,9449,4813,4636,958,628,330,8311,4125,4186,132,42,90,35,12,23,13,6,7,0,0,0
12,253,District - Changlang (09),Rural,35-39,8442,4452,3990,525,341,184,7678,4033,3645,169,52,117,58,23,35,12,3,9,0,0,0
12,253,District - Changlang (09),Rural,40-44,6136,3341,2795,315,201,114,5511,3043,2468,260,76,184,38,17,21,12,4,8,0,0,0
12,253,District - Changlang (09),Rural,45-49,5178,2733,2445,198,129,69,4565,2486,2079,383,102,281,24,14,10,8,2,6,0,0,0
12,253,District - Changlang (09),Rural,50-54,4130,2239,1891,140,89,51,3523,2006,1517,442,131,311,21,12,9,4,1,3,0,0,0
12,253,District - Changlang (09),Rural,55-59,3152,1756,1396,100,66,34,2618,1564,1054,424,117,307,9,9,0,1,0,1,0,0,0
12,253,District - Changlang (09),Rural,60-64,2692,1480,1212,136,91,45,1975,1222,753,564,158,406,14,6,8,3,3,0,0,0,0
12,253,District - Changlang (09),Rural,65-69,1736,864,872,101,59,42,1210,694,516,420,109,311,5,2,3,0,0,0,0,0,0
12,253,District - Changlang (09),Rural,70-74,1398,733,665,59,40,19,869,574,295,460,115,345,10,4,6,0,0,0,0,0,0
12,253,District - Changlang (09),Rural,75-79,762,397,365,30,15,15,443,287,156,287,93,194,1,1,0,1,1,0,0,0,0
12,253,District - Changlang (09),Rural,80+,903,496,407,63,40,23,457,319,138,377,132,245,5,4,1,1,1,0,0,0,0
12,253,District - Changlang (09),Rural,Age not stated,147,88,59,73,48,25,69,38,31,5,2,3,0,0,0,0,0,0,0,0,0
12,253,District - Changlang (09),Rural,Less than 18,57090,29176,27914,56360,28940,27420,701,223,478,12,5,7,12,5,7,5,3,2,0,0,0
12,253,District - Changlang (09),Rural,Less than 21,64916,33029,31887,61982,32274,29708,2873,733,2140,32,11,21,21,8,13,8,3,5,0,0,0
12,253,District - Changlang (09),Urban,All ages,19228,10665,8563,9645,5459,4186,9119,5082,4037,414,107,307,40,15,25,10,2,8,0,0,0
12,253,District - Changlang (09),Urban,0-9,3350,1685,1665,3350,1685,1665,0,0,0,0,0,0,0,0,0,0,0,0,0,0,0
12,253,District - Changlang (09),Urban,10-14,2188,1149,1039,2105,1123,982,81,24,57,0,0,0,2,2,0,0,0,0,0,0,0
12,253,District - Changlang (09),Urban,15-19,2143,1163,980,1957,1111,846,184,52,132,0,0,0,1,0,1,1,0,1,0,0,0
12,253,District - Changlang (09),Urban,20-24,2042,1110,932,1225,826,399,811,280,531,3,2,1,2,2,0,1,0,1,0,0,0
12,253,District - Changlang (09),Urban,25-29,2034,1182,852,594,447,147,1424,732,692,11,3,8,3,0,3,2,0,2,0,0,0
12,253,District - Changlang (09),Urban,30-34,1594,830,764,208,142,66,1356,687,669,22,0,22,8,1,7,0,0,0,0,0,0
12,253,District - Changlang (09),Urban,35-39,1607,801,806,85,48,37,1469,737,732,43,10,33,8,5,3,2,1,1,0,0,0
12,253,District - Changlang (09),Urban,40-44,1487,899,588,43,28,15,1386,862,524,54,7,47,3,2,1,1,0,1,0,0,0
12,253,District - Changlang (09),Urban,45-49,1125,727,398,22,15,7,1030,695,335,67,16,51,6,1,5,0,0,0,0,0,0
12,253,District - Changlang (09),Urban,50-54,734,502,232,10,7,3,663,476,187,56,18,38,4,1,3,1,0,1,0,0,0
12,253,District - Changlang (09),Urban,55-59,447,323,124,4,3,1,391,301,90,49,17,32,2,1,1,1,1,0,0,0,0
12,253,District - Changlang (09),Urban,60-64,207,136,71,5,3,2,162,123,39,39,10,29,0,0,0,1,0,1,0,0,0
12,253,District - Changlang (09),Urban,65-69,87,55,32,6,3,3,59,46,13,22,6,16,0,0,0,0,0,0,0,0,0
12,253,District - Changlang (09),Urban,70-74,68,37,31,4,2,2,46,29,17,18,6,12,0,0,0,0,0,0,0,0,0
12,253,District - Changlang (09),Urban,75-79,36,22,14,3,0,3,25,19,6,8,3,5,0,0,0,0,0,0,0,0,0
12,253,District - Changlang (09),Urban,80+,62,33,29,12,8,4,27,16,11,22,9,13,1,0,1,0,0,0,0,0,0
12,253,District - Changlang (09),Urban,Age not stated,17,11,6,12,8,4,5,3,2,0,0,0,0,0,0,0,0,0,0,0,0
12,253,District - Changlang (09),Urban,Less than 18,6847,3540,3307,6694,3490,3204,149,48,101,0,0,0,3,2,1,1,0,1,0,0,0
12,253,District - Changlang (09),Urban,Less than 21,8094,4232,3862,7711,4123,3588,379,107,272,0,0,0,3,2,1,1,0,1,0,0,0
12,254,District - Tirap (10),Total,All ages,111975,57604,54371,62594,33452,29142,44685,22641,22044,4295,1342,2953,312,137,175,89,32,57,0,0,0
12,254,District - Tirap (10),Total,0-9,29291,14964,14327,29291,14964,14327,0,0,0,0,0,0,0,0,0,0,0,0,0,0,0
12,254,District - Tirap (10),Total,10-14,14304,7352,6952,14116,7294,6822,177,55,122,5,1,4,4,2,2,2,0,2,0,0,0
12,254,District - Tirap (10),Total,15-19,10992,5572,5420,10132,5357,4775,823,195,628,19,12,7,12,5,7,6,3,3,0,0,0
12,254,District - Tirap (10),Total,20-24,8739,4292,4447,4996,3074,1922,3670,1190,2480,37,14,23,25,10,15,11,4,7,0,0,0
12,254,District - Tirap (10),Total,25-29,8459,4155,4304,1998,1370,628,6333,2742,3591,82,29,53,35,13,22,11,1,10,0,0,0
12,254,District - Tirap (10),Total,30-34,7071,3640,3431,737,503,234,6178,3080,3098,117,39,78,24,11,13,15,7,8,0,0,0
12,254,District - Tirap (10),Total,35-39,6924,3607,3317,381,265,116,6294,3255,3039,209,70,139,33,14,19,7,3,4,0,0,0
12,254,District - Tirap (10),Total,40-44,6195,3348,2847,252,165,87,5602,3095,2507,298,72,226,33,13,20,10,3,7,0,0,0
12,254,District - Tirap (10),Total,45-49,5479,2961,2518,168,112,56,4942,2729,2213,332,103,229,29,13,16,8,4,4,0,0,0
12,254,District - Tirap (10),Total,50-54,4223,2344,1879,135,89,46,3652,2126,1526,401,117,284,28,12,16,7,0,7,0,0,0
12,254,District - Tirap (10),Total,55-59,3071,1721,1350,72,55,17,2530,1515,1015,445,139,306,18,8,10,6,4,2,0,0,0
12,254,District - Tirap (10),Total,60-64,2509,1245,1264,92,53,39,1766,1023,743,623,158,465,25,10,15,3,1,2,0,0,0
12,254,District - Tirap (10),Total,65-69,1587,798,789,60,35,25,1054,614,440,448,134,314,25,15,10,0,0,0,0,0,0
12,254,District - Tirap (10),Total,70-74,1229,621,608,47,32,15,710,422,288,461,160,301,9,5,4,2,2,0,0,0,0
12,254,District - Tirap (10),Total,75-79,757,380,377,15,13,2,399,245,154,334,118,216,9,4,5,0,0,0,0,0,0
12,254,District - Tirap (10),Total,80+,1047,539,508,53,36,17,511,327,184,479,174,305,3,2,1,1,0,1,0,0,0
12,254,District - Tirap (10),Total,Age not stated,98,65,33,49,35,14,44,28,16,5,2,3,0,0,0,0,0,0,0,0,0
12,254,District - Tirap (10),Total,Less than 18,50414,25861,24553,49914,25718,24196,467,130,337,16,7,9,12,5,7,5,1,4,0,0,0
12,254,District - Tirap (10),Total,Less than 21,56987,29072,27915,55224,28602,26622,1703,441,1262,33,17,16,19,9,10,8,3,5,0,0,0
12,254,District - Tirap (10),Rural,All ages,91165,46185,44980,51789,27656,24133,35127,17126,18001,3904,1253,2651,273,124,149,72,26,46,0,0,0
12,254,District - Tirap (10),Rural,0-9,25242,12888,12354,25242,12888,12354,0,0,0,0,0,0,0,0,0,0,0,0,0,0,0
12,254,District - Tirap (10),Rural,10-14,11807,6130,5677,11651,6083,5568,145,44,101,5,1,4,4,2,2,2,0,2,0,0,0
12,254,District - Tirap (10),Rural,15-19,8635,4415,4220,7930,4240,3690,675,160,515,15,9,6,10,4,6,5,2,3,0,0,0
12,254,District - Tirap (10),Rural,20-24,6770,3253,3517,3815,2297,1518,2887,929,1958,34,14,20,24,9,15,10,4,6,0,0,0
12,254,District - Tirap (10),Rural,25-29,6416,3049,3367,1488,999,489,4819,2011,2808,70,26,44,29,12,17,10,1,9,0,0,0
12,254,District - Tirap (10),Rural,30-34,5243,2630,2613,552,380,172,4570,2200,2370,93,35,58,17,9,8,11,6,5,0,0,0
12,254,District - Tirap (10),Rural,35-39,5250,2650,2600,315,226,89,4732,2348,2384,170,59,111,27,14,13,6,3,3,0,0,0
12,254,District - Tirap (10),Rural,40-44,4549,2284,2265,214,141,73,4067,2069,1998,234,60,174,26,11,15,8,3,5,0,0,0
12,254,District - Tirap (10),Rural,45-49,4315,2231,2084,148,100,48,3854,2022,1832,280,95,185,28,13,15,5,1,4,0,0,0
12,254,District - Tirap (10),Rural,50-54,3480,1827,1653,109,78,31,2988,1635,1353,356,105,251,22,9,13,5,0,5,0,0,0
12,254,District - Tirap (10),Rural,55-59,2702,1457,1245,61,51,10,2217,1269,948,402,127,275,17,7,10,5,3,2,0,0,0
12,254,District - Tirap (10),Rural,60-64,2312,1128,1184,77,46,31,1626,922,704,583,150,433,24,9,15,2,1,1,0,0,0
12,254,District - Tirap (10),Rural,65-69,1494,749,745,52,32,20,995,573,422,422,129,293,25,15,10,0,0,0,0,0,0
12,254,District - Tirap (10),Rural,70-74,1166,589,577,41,27,14,675,400,275,440,156,284,8,4,4,2,2,0,0,0,0
12,254,District - Tirap (10),Rural,75-79,734,364,370,14,12,2,384,233,151,327,115,212,9,4,5,0,0,0,0,0,0
12,254,District - Tirap (10),Rural,80+,989,504,485,44,29,15,473,303,170,468,170,298,3,2,1,1,0,1,0,0,0
12,254,District - Tirap (10),Rural,Age not stated,61,37,24,36,27,9,20,8,12,5,2,3,0,0,0,0,0,0,0,0,0
12,254,District - Tirap (10),Rural,Less than 18,42374,21833,20541,41976,21726,20250,369,97,272,14,5,9,10,4,6,5,1,4,0,0,0
12,254,District - Tirap (10),Rural,Less than 21,47610,24385,23225,46167,24000,22167,1390,361,1029,29,14,15,17,8,9,7,2,5,0,0,0
12,254,District - Tirap (10),Urban,All ages,20810,11419,9391,10805,5796,5009,9558,5515,4043,391,89,302,39,13,26,17,6,11,0,0,0
12,254,District - Tirap (10),Urban,0-9,4049,2076,1973,4049,2076,1973,0,0,0,0,0,0,0,0,0,0,0,0,0,0,0
12,254,District - Tirap (10),Urban,10-14,2497,1222,1275,2465,1211,1254,32,11,21,0,0,0,0,0,0,0,0,0,0,0,0
12,254,District - Tirap (10),Urban,15-19,2357,1157,1200,2202,1117,1085,148,35,113,4,3,1,2,1,1,1,1,0,0,0,0
12,254,District - Tirap (10),Urban,20-24,1969,1039,930,1181,777,404,783,261,522,3,0,3,1,1,0,1,0,1,0,0,0
12,254,District - Tirap (10),Urban,25-29,2043,1106,937,510,371,139,1514,731,783,12,3,9,6,1,5,1,0,1,0,0,0
12,254,District - Tirap (10),Urban,30-34,1828,1010,818,185,123,62,1608,880,728,24,4,20,7,2,5,4,1,3,0,0,0
12,254,District - Tirap (10),Urban,35-39,1674,957,717,66,39,27,1562,907,655,39,11,28,6,0,6,1,0,1,0,0,0
12,254,District - Tirap (10),Urban,40-44,1646,1064,582,38,24,14,1535,1026,509,64,12,52,7,2,5,2,0,2,0,0,0
12,254,District - Tirap (10),Urban,45-49,1164,730,434,20,12,8,1088,707,381,52,8,44,1,0,1,3,3,0,0,0,0
12,254,District - Tirap (10),Urban,50-54,743,517,226,26,11,15,664,491,173,45,12,33,6,3,3,2,0,2,0,0,0
12,254,District - Tirap (10),Urban,55-59,369,264,105,11,4,7,313,246,67,43,12,31,1,1,0,1,1,0,0,0,0
12,254,District - Tirap (10),Urban,60-64,197,117,80,15,7,8,140,101,39,40,8,32,1,1,0,1,0,1,0,0,0
12,254,District - Tirap (10),Urban,65-69,93,49,44,8,3,5,59,41,18,26,5,21,0,0,0,0,0,0,0,0,0
12,254,District - Tirap (10),Urban,70-74,63,32,31,6,5,1,35,22,13,21,4,17,1,1,0,0,0,0,0,0,0
12,254,District - Tirap (10),Urban,75-79,23,16,7,1,1,0,15,12,3,7,3,4,0,0,0,0,0,0,0,0,0
12,254,District - Tirap (10),Urban,80+,58,35,23,9,7,2,38,24,14,11,4,7,0,0,0,0,0,0,0,0,0
12,254,District - Tirap (10),Urban,Age not stated,37,28,9,13,8,5,24,20,4,0,0,0,0,0,0,0,0,0,0,0,0
12,254,District - Tirap (10),Urban,Less than 18,8040,4028,4012,7938,3992,3946,98,33,65,2,2,0,2,1,1,0,0,0,0,0,0
12,254,District - Tirap (10),Urban,Less than 21,9377,4687,4690,9057,4602,4455,313,80,233,4,3,1,2,1,1,1,1,0,0,0,0
12,255,District - Lower Subansiri (11),Total,All ages,83030,41843,41187,48556,25742,22814,31427,15508,15919,2649,435,2214,321,128,193,77,30,47,0,0,0
12,255,District - Lower Subansiri (11),Total,0-9,15921,8121,7800,15921,8121,7800,0,0,0,0,0,0,0,0,0,0,0,0,0,0,0
12,255,District - Lower Subansiri (11),Total,10-14,11147,5702,5445,10881,5601,5280,250,97,153,14,3,11,2,1,1,0,0,0,0,0,0
12,255,District - Lower Subansiri (11),Total,15-19,11592,5709,5883,10739,5514,5225,829,188,641,18,6,12,5,0,5,1,1,0,0,0,0
12,255,District - Lower Subansiri (11),Total,20-24,8913,4341,4572,6077,3458,2619,2789,871,1918,34,7,27,13,5,8,0,0,0,0,0,0
12,255,District - Lower Subansiri (11),Total,25-29,7685,3794,3891,2941,1837,1104,4652,1931,2721,51,9,42,35,15,20,6,2,4,0,0,0
12,255,District - Lower Subansiri (11),Total,30-34,5999,2935,3064,1064,675,389,4797,2229,2568,85,11,74,39,15,24,14,5,9,0,0,0
12,255,District - Lower Subansiri (11),Total,35-39,5781,2809,2972,406,241,165,5146,2535,2611,175,15,160,39,12,27,15,6,9,0,0,0
12,255,District - Lower Subansiri (11),Total,40-44,4650,2441,2209,173,91,82,4184,2301,1883,238,33,205,43,14,29,12,2,10,0,0,0
12,255,District - Lower Subansiri (11),Total,45-49,3875,2061,1814,102,58,44,3357,1937,1420,348,42,306,53,19,34,15,5,10,0,0,0
12,255,District - Lower Subansiri (11),Total,50-54,2691,1475,1216,58,36,22,2207,1380,827,389,37,352,32,19,13,5,3,2,0,0,0
12,255,District - Lower Subansiri (11),Total,55-59,1704,915,789,31,18,13,1333,827,506,315,58,257,21,9,12,4,3,1,0,0,0
12,255,District - Lower Subansiri (11),Total,60-64,1343,670,673,39,23,16,911,566,345,374,70,304,15,9,6,4,2,2,0,0,0
12,255,District - Lower Subansiri (11),Total,65-69,789,389,400,35,19,16,480,307,173,261,59,202,13,4,9,0,0,0,0,0,0
12,255,District - Lower Subansiri (11),Total,70-74,477,247,230,7,3,4,272,198,74,189,42,147,9,4,5,0,0,0,0,0,0
12,255,District - Lower Subansiri (11),Total,75-79,169,87,82,2,1,1,88,62,26,77,22,55,2,2,0,0,0,0,0,0,0
12,255,District - Lower Subansiri (11),Total,80+,239,116,123,47,27,20,111,68,43,80,20,60,0,0,0,1,1,0,0,0,0
12,255,District - Lower Subansiri (11),Total,Age not stated,55,31,24,33,19,14,21,11,10,1,1,0,0,0,0,0,0,0,0,0,0
12,255,District - Lower Subansiri (11),Total,Less than 18,34223,17312,16911,33579,17111,16468,612,190,422,28,9,19,3,1,2,1,1,0,0,0,0
12,255,District - Lower Subansiri (11),Total,Less than 21,41112,20730,20382,39427,20281,19146,1630,436,1194,42,10,32,12,2,10,1,1,0,0,0,0
12,255,District - Lower Subansiri (11),Rural,All ages,70224,35460,34764,41372,22096,19276,26206,12836,13370,2310,395,1915,270,106,164,66,27,39,0,0,0
12,255,District - Lower Subansiri (11),Rural,0-9,13716,7044,6672,13716,7044,6672,0,0,0,0,0,0,0,0,0,0,0,0,0,0,0
12,255,District - Lower Subansiri (11),Rural,10-14,9446,4858,4588,9245,4783,4462,191,73,118,9,1,8,1,1,0,0,0,0,0,0,0
12,255,District - Lower Subansiri (11),Rural,15-19,9698,4844,4854,8987,4671,4316,694,169,525,11,3,8,5,0,5,1,1,0,0,0,0
12,255,District - Lower Subansiri (11),Rural,20-24,7560,3723,3837,5193,2970,2223,2329,741,1588,29,7,22,9,5,4,0,0,0,0,0,0
12,255,District - Lower Subansiri (11),Rural,25-29,6417,3176,3241,2500,1552,948,3840,1599,2241,42,8,34,30,15,15,5,2,3,0,0,0
12,255,District - Lower Subansiri (11),Rural,30-34,4947,2415,2532,918,599,319,3914,1788,2126,70,11,59,31,12,19,14,5,9,0,0,0
12,255,District - Lower Subansiri (11),Rural,35-39,4767,2301,2466,351,212,139,4232,2061,2171,140,13,127,33,10,23,11,5,6,0,0,0
12,255,District - Lower Subansiri (11),Rural,40-44,3881,2007,1874,158,84,74,3476,1881,1595,203,32,171,35,9,26,9,1,8,0,0,0
12,255,District - Lower Subansiri (11),Rural,45-49,3207,1667,1540,81,48,33,2763,1560,1203,303,37,266,47,17,30,13,5,8,0,0,0
12,255,District - Lower Subansiri (11),Rural,50-54,2318,1251,1067,53,32,21,1909,1171,738,330,34,296,22,12,10,4,2,2,0,0,0
12,255,District - Lower Subansiri (11),Rural,55-59,1488,783,705,27,16,11,1159,701,458,277,54,223,21,9,12,4,3,1,0,0,0
12,255,District - Lower Subansiri (11),Rural,60-64,1222,608,614,36,22,14,828,512,316,340,64,276,14,8,6,4,2,2,0,0,0
12,255,District - Lower Subansiri (11),Rural,65-69,704,344,360,27,17,10,427,269,158,237,54,183,13,4,9,0,0,0,0,0,0
12,255,District - Lower Subansiri (11),Rural,70-74,437,227,210,6,3,3,246,181,65,178,41,137,7,2,5,0,0,0,0,0,0
12,255,District - Lower Subansiri (11),Rural,75-79,158,80,78,2,1,1,83,58,25,71,19,52,2,2,0,0,0,0,0,0,0
12,255,District - Lower Subansiri (11),Rural,80+,209,104,105,41,25,16,98,62,36,69,16,53,0,0,0,1,1,0,0,0,0
12,255,District - Lower Subansiri (11),Rural,Age not stated,49,28,21,31,17,14,17,10,7,1,1,0,0,0,0,0,0,0,0,0,0
12,255,District - Lower Subansiri (11),Rural,Less than 18,29130,14870,14260,28624,14709,13915,486,155,331,17,4,13,2,1,1,1,1,0,0,0,0
12,255,District - Lower Subansiri (11),Rural,Less than 21,34958,17786,17172,33570,17404,16166,1351,374,977,28,5,23,8,2,6,1,1,0,0,0,0
12,255,District - Lower Subansiri (11),Urban,All ages,12806,6383,6423,7184,3646,3538,5221,2672,2549,339,40,299,51,22,29,11,3,8,0,0,0
12,255,District - Lower Subansiri (11),Urban,0-9,2205,1077,1128,2205,1077,1128,0,0,0,0,0,0,0,0,0,0,0,0,0,0,0
12,255,District - Lower Subansiri (11),Urban,10-14,1701,844,857,1636,818,818,59,24,35,5,2,3,1,0,1,0,0,0,0,0,0
12,255,District - Lower Subansiri (11),Urban,15-19,1894,865,1029,1752,843,909,135,19,116,7,3,4,0,0,0,0,0,0,0,0,0
12,255,District - Lower Subansiri (11),Urban,20-24,1353,618,735,884,488,396,460,130,330,5,0,5,4,0,4,0,0,0,0,0,0
12,255,District - Lower Subansiri (11),Urban,25-29,1268,618,650,441,285,156,812,332,480,9,1,8,5,0,5,1,0,1,0,0,0
12,255,District - Lower Subansiri (11),Urban,30-34,1052,520,532,146,76,70,883,441,442,15,0,15,8,3,5,0,0,0,0,0,0
12,255,District - Lower Subansiri (11),Urban,35-39,1014,508,506,55,29,26,914,474,440,35,2,33,6,2,4,4,1,3,0,0,0
12,255,District - Lower Subansiri (11),Urban,40-44,769,434,335,15,7,8,708,420,288,35,1,34,8,5,3,3,1,2,0,0,0
12,255,District - Lower Subansiri (11),Urban,45-49,668,394,274,21,10,11,594,377,217,45,5,40,6,2,4,2,0,2,0,0,0
12,255,District - Lower Subansiri (11),Urban,50-54,373,224,149,5,4,1,298,209,89,59,3,56,10,7,3,1,1,0,0,0,0
12,255,District - Lower Subansiri (11),Urban,55-59,216,132,84,4,2,2,174,126,48,38,4,34,0,0,0,0,0,0,0,0,0
12,255,District - Lower Subansiri (11),Urban,60-64,121,62,59,3,1,2,83,54,29,34,6,28,1,1,0,0,0,0,0,0,0
12,255,District - Lower Subansiri (11),Urban,65-69,85,45,40,8,2,6,53,38,15,24,5,19,0,0,0,0,0,0,0,0,0
12,255,District - Lower Subansiri (11),Urban,70-74,40,20,20,1,0,1,26,17,9,11,1,10,2,2,0,0,0,0,0,0,0
12,255,District - Lower Subansiri (11),Urban,75-79,11,7,4,0,0,0,5,4,1,6,3,3,0,0,0,0,0,0,0,0,0
12,255,District - Lower Subansiri (11),Urban,80+,30,12,18,6,2,4,13,6,7,11,4,7,0,0,0,0,0,0,0,0,0
12,255,District - Lower Subansiri (11),Urban,Age not stated,6,3,3,2,2,0,4,1,3,0,0,0,0,0,0,0,0,0,0,0,0
12,255,District - Lower Subansiri (11),Urban,Less than 18,5093,2442,2651,4955,2402,2553,126,35,91,11,5,6,1,0,1,0,0,0,0,0,0
12,255,District - Lower Subansiri (11),Urban,Less than 21,6154,2944,3210,5857,2877,2980,279,62,217,14,5,9,4,0,4,0,0,0,0,0,0
12,256,District - Kurung Kumey (12),Total,All ages,92076,45318,46758,55558,29165,26393,33857,15752,18105,2256,247,2009,306,117,189,99,37,62,0,0,0
12,256,District - Kurung Kumey (12),Total,0-9,25522,12913,12609,25522,12913,12609,0,0,0,0,0,0,0,0,0,0,0,0,0,0,0
12,256,District - Kurung Kumey (12),Total,10-14,13916,7041,6875,13698,6981,6717,197,52,145,9,4,5,10,2,8,2,2,0,0,0,0
12,256,District - Kurung Kumey (12),Total,15-19,11124,5672,5452,10205,5478,4727,891,182,709,11,4,7,9,4,5,8,4,4,0,0,0
12,256,District - Kurung Kumey (12),Total,20-24,7240,3357,3883,4002,2391,1611,3151,942,2209,38,5,33,32,16,16,17,3,14,0,0,0
12,256,District - Kurung Kumey (12),Total,25-29,6577,2916,3661,1182,807,375,5266,2078,3188,89,18,71,24,7,17,16,6,10,0,0,0
12,256,District - Kurung Kumey (12),Total,30-34,5949,2704,3245,363,267,96,5391,2406,2985,151,17,134,30,9,21,14,5,9,0,0,0
12,256,District - Kurung Kumey (12),Total,35-39,5866,2496,3370,143,88,55,5465,2369,3096,217,23,194,31,13,18,10,3,7,0,0,0
12,256,District - Kurung Kumey (12),Total,40-44,5111,2469,2642,94,56,38,4687,2374,2313,278,25,253,42,12,30,10,2,8,0,0,0
12,256,District - Kurung Kumey (12),Total,45-49,3787,1992,1795,51,29,22,3419,1921,1498,274,29,245,37,10,27,6,3,3,0,0,0
12,256,District - Kurung Kumey (12),Total,50-54,2796,1538,1258,44,20,24,2394,1479,915,318,26,292,32,9,23,8,4,4,0,0,0
12,256,District - Kurung Kumey (12),Total,55-59,1527,814,713,24,11,13,1248,765,483,228,26,202,24,11,13,3,1,2,0,0,0
12,256,District - Kurung Kumey (12),Total,60-64,1288,730,558,33,20,13,936,664,272,301,33,268,15,10,5,3,3,0,0,0,0
12,256,District - Kurung Kumey (12),Total,65-69,520,255,265,30,12,18,336,228,108,146,11,135,7,4,3,1,0,1,0,0,0
12,256,District - Kurung Kumey (12),Total,70-74,364,183,181,15,10,5,219,154,65,120,11,109,9,7,2,1,1,0,0,0,0
12,256,District - Kurung Kumey (12),Total,75-79,107,56,51,4,3,1,69,45,24,31,6,25,3,2,1,0,0,0,0,0,0
12,256,District - Kurung Kumey (12),Total,80+,234,101,133,64,27,37,126,64,62,43,9,34,1,1,0,0,0,0,0,0,0
12,256,District - Kurung Kumey (12),Total,Age not stated,148,81,67,84,52,32,62,29,33,2,0,2,0,0,0,0,0,0,0,0,0
12,256,District - Kurung Kumey (12),Total,Less than 18,46568,23654,22914,45995,23510,22485,539,131,408,15,5,10,14,4,10,5,4,1,0,0,0
12,256,District - Kurung Kumey (12),Total,Less than 21,52983,26793,26190,51176,26388,24788,1737,380,1357,27,9,18,30,9,21,13,7,6,0,0,0
12,256,District - Kurung Kumey (12),Rural,All ages,89731,44072,45659,54214,28435,25779,32934,15247,17687,2187,240,1947,299,115,184,97,35,62,0,0,0
12,256,District - Kurung Kumey (12),Rural,0-9,24859,12561,12298,24859,12561,12298,0,0,0,0,0,0,0,0,0,0,0,0,0,0,0
12,256,District - Kurung Kumey (12),Rural,10-14,13602,6887,6715,13396,6830,6566,185,49,136,9,4,5,10,2,8,2,2,0,0,0,0
12,256,District - Kurung Kumey (12),Rural,15-19,10881,5564,5317,10001,5375,4626,852,177,675,11,4,7,9,4,5,8,4,4,0,0,0
12,256,District - Kurung Kumey (12),Rural,20-24,7042,3255,3787,3907,2328,1579,3050,904,2146,38,5,33,30,15,15,17,3,14,0,0,0
12,256,District - Kurung Kumey (12),Rural,25-29,6340,2784,3556,1133,767,366,5085,1987,3098,83,17,66,23,7,16,16,6,10,0,0,0
12,256,District - Kurung Kumey (12),Rural,30-34,5762,2613,3149,346,254,92,5224,2328,2896,149,17,132,29,9,20,14,5,9,0,0,0
12,256,District - Kurung Kumey (12),Rural,35-39,5697,2392,3305,137,83,54,5312,2270,3042,208,23,185,30,13,17,10,3,7,0,0,0
12,256,District - Kurung Kumey (12),Rural,40-44,4993,2398,2595,93,55,38,4580,2305,2275,269,24,245,41,12,29,10,2,8,0,0,0
12,256,District - Kurung Kumey (12),Rural,45-49,3709,1937,1772,50,29,21,3349,1868,1481,268,28,240,36,9,27,6,3,3,0,0,0
12,256,District - Kurung Kumey (12),Rural,50-54,2727,1493,1234,43,20,23,2337,1435,902,307,25,282,32,9,23,8,4,4,0,0,0
12,256,District - Kurung Kumey (12),Rural,55-59,1499,801,698,23,10,13,1230,754,476,219,25,194,24,11,13,3,1,2,0,0,0
12,256,District - Kurung Kumey (12),Rural,60-64,1270,722,548,33,20,13,927,658,269,293,32,261,15,10,5,2,2,0,0,0,0
12,256,District - Kurung Kumey (12),Rural,65-69,516,255,261,29,12,17,335,228,107,144,11,133,7,4,3,1,0,1,0,0,0
12,256,District - Kurung Kumey (12),Rural,70-74,355,179,176,14,10,4,217,152,65,115,10,105,9,7,2,0,0,0,0,0,0
12,256,District - Kurung Kumey (12),Rural,75-79,104,55,49,4,3,1,68,44,24,29,6,23,3,2,1,0,0,0,0,0,0
12,256,District - Kurung Kumey (12),Rural,80+,230,98,132,62,26,36,124,62,62,43,9,34,1,1,0,0,0,0,0,0,0
12,256,District - Kurung Kumey (12),Rural,Age not stated,145,78,67,84,52,32,59,26,33,2,0,2,0,0,0,0,0,0,0,0,0
12,256,District - Kurung Kumey (12),Rural,Less than 18,45440,23077,22363,44891,22938,21953,515,126,389,15,5,10,14,4,10,5,4,1,0,0,0
12,256,District - Kurung Kumey (12),Rural,Less than 21,51712,26153,25559,49971,25761,24210,1671,367,1304,27,9,18,30,9,21,13,7,6,0,0,0
12,256,District - Kurung Kumey (12),Urban,All ages,2345,1246,1099,1344,730,614,923,505,418,69,7,62,7,2,5,2,2,0,0,0,0
12,256,District - Kurung Kumey (12),Urban,0-9,663,352,311,663,352,311,0,0,0,0,0,0,0,0,0,0,0,0,0,0,0
12,256,District - Kurung Kumey (12),Urban,10-14,314,154,160,302,151,151,12,3,9,0,0,0,0,0,0,0,0,0,0,0,0
12,256,District - Kurung Kumey (12),Urban,15-19,243,108,135,204,103,101,39,5,34,0,0,0,0,0,0,0,0,0,0,0,0
12,256,District - Kurung Kumey (12),Urban,20-24,198,102,96,95,63,32,101,38,63,0,0,0,2,1,1,0,0,0,0,0,0
12,256,District - Kurung Kumey (12),Urban,25-29,237,132,105,49,40,9,181,91,90,6,1,5,1,0,1,0,0,0,0,0,0
12,256,District - Kurung Kumey (12),Urban,30-34,187,91,96,17,13,4,167,78,89,2,0,2,1,0,1,0,0,0,0,0,0
12,256,District - Kurung Kumey (12),Urban,35-39,169,104,65,6,5,1,153,99,54,9,0,9,1,0,1,0,0,0,0,0,0
12,256,District - Kurung Kumey (12),Urban,40-44,118,71,47,1,1,0,107,69,38,9,1,8,1,0,1,0,0,0,0,0,0
12,256,District - Kurung Kumey (12),Urban,45-49,78,55,23,1,0,1,70,53,17,6,1,5,1,1,0,0,0,0,0,0,0
12,256,District - Kurung Kumey (12),Urban,50-54,69,45,24,1,0,1,57,44,13,11,1,10,0,0,0,0,0,0,0,0,0
12,256,District - Kurung Kumey (12),Urban,55-59,28,13,15,1,1,0,18,11,7,9,1,8,0,0,0,0,0,0,0,0,0
12,256,District - Kurung Kumey (12),Urban,60-64,18,8,10,0,0,0,9,6,3,8,1,7,0,0,0,1,1,0,0,0,0
12,256,District - Kurung Kumey (12),Urban,65-69,4,0,4,1,0,1,1,0,1,2,0,2,0,0,0,0,0,0,0,0,0
12,256,District - Kurung Kumey (12),Urban,70-74,9,4,5,1,0,1,2,2,0,5,1,4,0,0,0,1,1,0,0,0,0
12,256,District - Kurung Kumey (12),Urban,75-79,3,1,2,0,0,0,1,1,0,2,0,2,0,0,0,0,0,0,0,0,0
12,256,District - Kurung Kumey (12),Urban,80+,4,3,1,2,1,1,2,2,0,0,0,0,0,0,0,0,0,0,0,0,0
12,256,District - Kurung Kumey (12),Urban,Age not stated,3,3,0,0,0,0,3,3,0,0,0,0,0,0,0,0,0,0,0,0,0
12,256,District - Kurung Kumey (12),Urban,Less than 18,1128,577,551,1104,572,532,24,5,19,0,0,0,0,0,0,0,0,0,0,0,0
12,256,District - Kurung Kumey (12),Urban,Less than 21,1271,640,631,1205,627,578,66,13,53,0,0,0,0,0,0,0,0,0,0,0,0
12,257,District - Dibang Valley (13),Total,All ages,8004,4414,3590,4474,2623,1851,3030,1635,1395,388,101,287,90,48,42,22,7,15,0,0,0
12,257,District - Dibang Valley (13),Total,0-9,1603,850,753,1603,850,753,0,0,0,0,0,0,0,0,0,0,0,0,0,0,0
12,257,District - Dibang Valley (13),Total,10-14,949,468,481,935,462,473,13,5,8,0,0,0,1,1,0,0,0,0,0,0,0
12,257,District - Dibang Valley (13),Total,15-19,859,423,436,783,413,370,73,9,64,1,0,1,2,1,1,0,0,0,0,0,0
12,257,District - Dibang Valley (13),Total,20-24,871,511,360,539,397,142,322,107,215,5,3,2,5,4,1,0,0,0,0,0,0
12,257,District - Dibang Valley (13),Total,25-29,831,480,351,280,220,60,531,251,280,6,0,6,12,8,4,2,1,1,0,0,0
12,257,District - Dibang Valley (13),Total,30-34,591,333,258,103,83,20,463,245,218,13,2,11,7,2,5,5,1,4,0,0,0
12,257,District - Dibang Valley (13),Total,35-39,591,330,261,58,50,8,477,270,207,29,4,25,20,6,14,7,0,7,0,0,0
12,257,District - Dibang Valley (13),Total,40-44,511,310,201,43,41,2,397,248,149,53,13,40,16,6,10,2,2,0,0,0,0
12,257,District - Dibang Valley (13),Total,45-49,395,240,155,32,29,3,297,192,105,55,13,42,7,4,3,4,2,2,0,0,0
12,257,District - Dibang Valley (13),Total,50-54,252,149,103,16,12,4,174,113,61,54,18,36,7,6,1,1,0,1,0,0,0
12,257,District - Dibang Valley (13),Total,55-59,175,107,68,10,6,4,122,86,36,39,12,27,4,3,1,0,0,0,0,0,0
12,257,District - Dibang Valley (13),Total,60-64,155,93,62,18,17,1,82,59,23,50,13,37,5,4,1,0,0,0,0,0,0
12,257,District - Dibang Valley (13),Total,65-69,95,42,53,11,6,5,36,23,13,46,11,35,2,2,0,0,0,0,0,0,0
12,257,District - Dibang Valley (13),Total,70-74,36,20,16,2,2,0,15,12,3,17,5,12,1,0,1,1,1,0,0,0,0
12,257,District - Dibang Valley (13),Total,75-79,15,6,9,0,0,0,5,2,3,9,3,6,1,1,0,0,0,0,0,0,0
12,257,District - Dibang Valley (13),Total,80+,58,41,17,29,26,3,19,12,7,10,3,7,0,0,0,0,0,0,0,0,0
12,257,District - Dibang Valley (13),Total,Age not stated,17,11,6,12,9,3,4,1,3,1,1,0,0,0,0,0,0,0,0,0,0
12,257,District - Dibang Valley (13),Total,Less than 18,3072,1573,1499,3022,1559,1463,46,12,34,1,0,1,3,2,1,0,0,0,0,0,0
12,257,District - Dibang Valley (13),Total,Less than 21,3606,1854,1752,3460,1825,1635,140,26,114,2,0,2,4,3,1,0,0,0,0,0,0
12,257,District - Dibang Valley (13),Rural,All ages,5620,3098,2522,3170,1909,1261,2045,1056,989,321,88,233,67,39,28,17,6,11,0,0,0
12,257,District - Dibang Valley (13),Rural,0-9,1156,616,540,1156,616,540,0,0,0,0,0,0,0,0,0,0,0,0,0,0,0
12,257,District - Dibang Valley (13),Rural,10-14,669,344,325,656,338,318,12,5,7,0,0,0,1,1,0,0,0,0,0,0,0
12,257,District - Dibang Valley (13),Rural,15-19,597,301,296,536,293,243,58,7,51,1,0,1,2,1,1,0,0,0,0,0,0
12,257,District - Dibang Valley (13),Rural,20-24,616,359,257,369,276,93,238,76,162,4,3,1,5,4,1,0,0,0,0,0,0
12,257,District - Dibang Valley (13),Rural,25-29,553,330,223,196,159,37,342,164,178,4,0,4,9,6,3,2,1,1,0,0,0
12,257,District - Dibang Valley (13),Rural,30-34,409,234,175,79,69,10,316,161,155,7,2,5,4,1,3,3,1,2,0,0,0
12,257,District - Dibang Valley (13),Rural,35-39,389,216,173,49,44,5,298,163,135,24,4,20,13,5,8,5,0,5,0,0,0
12,257,District - Dibang Valley (13),Rural,40-44,341,199,142,41,39,2,238,140,98,48,13,35,12,5,7,2,2,0,0,0,0
12,257,District - Dibang Valley (13),Rural,45-49,269,152,117,27,25,2,194,112,82,39,10,29,5,3,2,4,2,2,0,0,0
12,257,District - Dibang Valley (13),Rural,50-54,192,109,83,12,11,1,127,79,48,46,14,32,6,5,1,1,0,1,0,0,0
12,257,District - Dibang Valley (13),Rural,55-59,146,86,60,10,6,4,97,67,30,36,11,25,3,2,1,0,0,0,0,0,0
12,257,District - Dibang Valley (13),Rural,60-64,125,78,47,16,16,0,67,48,19,38,10,28,4,4,0,0,0,0,0,0,0
12,257,District - Dibang Valley (13),Rural,65-69,83,37,46,8,6,2,31,19,12,43,11,32,1,1,0,0,0,0,0,0,0
12,257,District - Dibang Valley (13),Rural,70-74,27,17,10,2,2,0,12,11,1,12,4,8,1,0,1,0,0,0,0,0,0
12,257,District - Dibang Valley (13),Rural,75-79,13,5,8,0,0,0,4,2,2,8,2,6,1,1,0,0,0,0,0,0,0
12,257,District - Dibang Valley (13),Rural,80+,21,7,14,3,2,1,8,2,6,10,3,7,0,0,0,0,0,0,0,0,0
12,257,District - Dibang Valley (13),Rural,Age not stated,14,8,6,10,7,3,3,0,3,1,1,0,0,0,0,0,0,0,0,0,0
12,257,District - Dibang Valley (13),Rural,Less than 18,2169,1133,1036,2128,1121,1007,37,10,27,1,0,1,3,2,1,0,0,0,0,0,0
12,257,District - Dibang Valley (13),Rural,Less than 21,2566,1348,1218,2447,1323,1124,114,22,92,1,0,1,4,3,1,0,0,0,0,0,0
12,257,District - Dibang Valley (13),Urban,All ages,2384,1316,1068,1304,714,590,985,579,406,67,13,54,23,9,14,5,1,4,0,0,0
12,257,District - Dibang Valley (13),Urban,0-9,447,234,213,447,234,213,0,0,0,0,0,0,0,0,0,0,0,0,0,0,0
12,257,District - Dibang Valley (13),Urban,10-14,280,124,156,279,124,155,1,0,1,0,0,0,0,0,0,0,0,0,0,0,0
12,257,District - Dibang Valley (13),Urban,15-19,262,122,140,247,120,127,15,2,13,0,0,0,0,0,0,0,0,0,0,0,0
12,257,District - Dibang Valley (13),Urban,20-24,255,152,103,170,121,49,84,31,53,1,0,1,0,0,0,0,0,0,0,0,0
12,257,District - Dibang Valley (13),Urban,25-29,278,150,128,84,61,23,189,87,102,2,0,2,3,2,1,0,0,0,0,0,0
12,257,District - Dibang Valley (13),Urban,30-34,182,99,83,24,14,10,147,84,63,6,0,6,3,1,2,2,0,2,0,0,0
12,257,District - Dibang Valley (13),Urban,35-39,202,114,88,9,6,3,179,107,72,5,0,5,7,1,6,2,0,2,0,0,0
12,257,District - Dibang Valley (13),Urban,40-44,170,111,59,2,2,0,159,108,51,5,0,5,4,1,3,0,0,0,0,0,0
12,257,District - Dibang Valley (13),Urban,45-49,126,88,38,5,4,1,103,80,23,16,3,13,2,1,1,0,0,0,0,0,0
12,257,District - Dibang Valley (13),Urban,50-54,60,40,20,4,1,3,47,34,13,8,4,4,1,1,0,0,0,0,0,0,0
12,257,District - Dibang Valley (13),Urban,55-59,29,21,8,0,0,0,25,19,6,3,1,2,1,1,0,0,0,0,0,0,0
12,257,District - Dibang Valley (13),Urban,60-64,30,15,15,2,1,1,15,11,4,12,3,9,1,0,1,0,0,0,0,0,0
12,257,District - Dibang Valley (13),Urban,65-69,12,5,7,3,0,3,5,4,1,3,0,3,1,1,0,0,0,0,0,0,0
12,257,District - Dibang Valley (13),Urban,70-74,9,3,6,0,0,0,3,1,2,5,1,4,0,0,0,1,1,0,0,0,0
12,257,District - Dibang Valley (13),Urban,75-79,2,1,1,0,0,0,1,0,1,1,1,0,0,0,0,0,0,0,0,0,0
12,257,District - Dibang Valley (13),Urban,80+,37,34,3,26,24,2,11,10,1,0,0,0,0,0,0,0,0,0,0,0,0
12,257,District - Dibang Valley (13),Urban,Age not stated,3,3,0,2,2,0,1,1,0,0,0,0,0,0,0,0,0,0,0,0,0
12,257,District - Dibang Valley (13),Urban,Less than 18,903,440,463,894,438,456,9,2,7,0,0,0,0,0,0,0,0,0,0,0,0
12,257,District - Dibang Valley (13),Urban,Less than 21,1040,506,534,1013,502,511,26,4,22,1,0,1,0,0,0,0,0,0,0,0,0
12,258,District - Lower Dibang Valley (14),Total,All ages,54080,28053,26027,29569,16017,13552,22471,11446,11025,1610,406,1204,320,145,175,110,39,71,0,0,0
12,258,District - Lower Dibang Valley (14),Total,0-9,11888,6050,5838,11888,6050,5838,0,0,0,0,0,0,0,0,0,0,0,0,0,0,0
12,258,District - Lower Dibang Valley (14),Total,10-14,7003,3582,3421,6888,3540,3348,104,37,67,5,1,4,5,3,2,1,1,0,0,0,0
12,258,District - Lower Dibang Valley (14),Total,15-19,6173,3160,3013,5576,3022,2554,588,136,452,3,1,2,4,1,3,2,0,2,0,0,0
12,258,District - Lower Dibang Valley (14),Total,20-24,5244,2559,2685,2958,1869,1089,2243,676,1567,12,4,8,19,7,12,12,3,9,0,0,0
12,258,District - Lower Dibang Valley (14),Total,25-29,4832,2421,2411,1255,850,405,3477,1542,1935,38,14,24,43,12,31,19,3,16,0,0,0
12,258,District - Lower Dibang Valley (14),Total,30-34,3860,1979,1881,404,262,142,3344,1678,1666,56,11,45,43,23,20,13,5,8,0,0,0
12,258,District - Lower Dibang Valley (14),Total,35-39,3608,1818,1790,198,140,58,3242,1636,1606,104,22,82,46,16,30,18,4,14,0,0,0
12,258,District - Lower Dibang Valley (14),Total,40-44,3113,1640,1473,114,79,35,2800,1507,1293,139,28,111,44,17,27,16,9,7,0,0,0
12,258,District - Lower Dibang Valley (14),Total,45-49,2673,1478,1195,55,42,13,2419,1382,1037,162,33,129,31,18,13,6,3,3,0,0,0
12,258,District - Lower Dibang Valley (14),Total,50-54,1984,1230,754,46,37,9,1693,1129,564,206,44,162,32,16,16,7,4,3,0,0,0
12,258,District - Lower Dibang Valley (14),Total,55-59,1216,761,455,29,24,5,1008,678,330,157,47,110,19,10,9,3,2,1,0,0,0
12,258,District - Lower Dibang Valley (14),Total,60-64,974,564,410,42,28,14,696,468,228,211,55,156,20,12,8,5,1,4,0,0,0
12,258,District - Lower Dibang Valley (14),Total,65-69,599,342,257,34,22,12,392,266,126,166,49,117,4,4,0,3,1,2,0,0,0
12,258,District - Lower Dibang Valley (14),Total,70-74,423,203,220,21,14,7,225,142,83,171,44,127,3,1,2,3,2,1,0,0,0
12,258,District - Lower Dibang Valley (14),Total,75-79,179,99,80,6,4,2,94,72,22,76,21,55,3,2,1,0,0,0,0,0,0
12,258,District - Lower Dibang Valley (14),Total,80+,277,149,128,35,22,13,134,91,43,102,32,70,4,3,1,2,1,1,0,0,0
12,258,District - Lower Dibang Valley (14),Total,Age not stated,34,18,16,20,12,8,12,6,6,2,0,2,0,0,0,0,0,0,0,0,0
12,258,District - Lower Dibang Valley (14),Total,Less than 18,22756,11598,11158,22409,11488,10921,332,104,228,6,1,5,7,4,3,2,1,1,0,0,0
12,258,District - Lower Dibang Valley (14),Total,Less than 21,26401,13428,12973,25258,13158,12100,1117,260,857,11,3,8,10,5,5,5,2,3,0,0,0
12,258,District - Lower Dibang Valley (14),Rural,All ages,42691,21989,20702,23299,12653,10646,17621,8821,8800,1423,378,1045,247,101,146,101,36,65,0,0,0
12,258,District - Lower Dibang Valley (14),Rural,0-9,10030,5086,4944,10030,5086,4944,0,0,0,0,0,0,0,0,0,0,0,0,0,0,0
12,258,District - Lower Dibang Valley (14),Rural,10-14,5253,2712,2541,5166,2681,2485,80,29,51,5,1,4,2,1,1,0,0,0,0,0,0
12,258,District - Lower Dibang Valley (14),Rural,15-19,4559,2339,2220,4049,2220,1829,502,117,385,3,1,2,4,1,3,1,0,1,0,0,0
12,258,District - Lower Dibang Valley (14),Rural,20-24,4241,2050,2191,2309,1473,836,1896,567,1329,11,4,7,14,3,11,11,3,8,0,0,0
12,258,District - Lower Dibang Valley (14),Rural,25-29,3859,1915,1944,956,637,319,2827,1253,1574,29,14,15,30,8,22,17,3,14,0,0,0
12,258,District - Lower Dibang Valley (14),Rural,30-34,2971,1536,1435,295,197,98,2583,1306,1277,44,9,35,37,19,18,12,5,7,0,0,0
12,258,District - Lower Dibang Valley (14),Rural,35-39,2715,1362,1353,155,113,42,2417,1214,1203,90,22,68,36,10,26,17,3,14,0,0,0
12,258,District - Lower Dibang Valley (14),Rural,40-44,2346,1208,1138,92,69,23,2090,1093,997,116,27,89,33,10,23,15,9,6,0,0,0
12,258,District - Lower Dibang Valley (14),Rural,45-49,1996,1082,914,45,34,11,1788,1003,785,138,31,107,20,12,8,5,2,3,0,0,0
12,258,District - Lower Dibang Valley (14),Rural,50-54,1531,906,625,42,35,7,1274,819,455,180,36,144,28,12,16,7,4,3,0,0,0
12,258,District - Lower Dibang Valley (14),Rural,55-59,976,572,404,23,18,5,795,502,293,141,44,97,14,6,8,3,2,1,0,0,0
12,258,District - Lower Dibang Valley (14),Rural,60-64,864,491,373,37,26,11,612,402,210,193,52,141,17,10,7,5,1,4,0,0,0
12,258,District - Lower Dibang Valley (14),Rural,65-69,532,306,226,26,18,8,349,240,109,151,44,107,3,3,0,3,1,2,0,0,0
12,258,District - Lower Dibang Valley (14),Rural,70-74,382,187,195,18,12,6,206,131,75,153,41,112,2,1,1,3,2,1,0,0,0
12,258,District - Lower Dibang Valley (14),Rural,75-79,162,89,73,6,4,2,82,63,19,71,20,51,3,2,1,0,0,0,0,0,0
12,258,District - Lower Dibang Valley (14),Rural,80+,243,131,112,31,19,12,109,76,33,97,32,65,4,3,1,2,1,1,0,0,0
12,258,District - Lower Dibang Valley (14),Rural,Age not stated,31,17,14,19,11,8,11,6,5,1,0,1,0,0,0,0,0,0,0,0,0
12,258,District - Lower Dibang Valley (14),Rural,Less than 18,18046,9209,8837,17770,9123,8647,265,83,182,6,1,5,4,2,2,1,0,1,0,0,0
12,258,District - Lower Dibang Valley (14),Rural,Less than 21,20930,10655,10275,19960,10428,9532,949,220,729,11,3,8,7,3,4,3,1,2,0,0,0
12,258,District - Lower Dibang Valley (14),Urban,All ages,11389,6064,5325,6270,3364,2906,4850,2625,2225,187,28,159,73,44,29,9,3,6,0,0,0
12,258,District - Lower Dibang Valley (14),Urban,0-9,1858,964,894,1858,964,894,0,0,0,0,0,0,0,0,0,0,0,0,0,0,0
12,258,District - Lower Dibang Valley (14),Urban,10-14,1750,870,880,1722,859,863,24,8,16,0,0,0,3,2,1,1,1,0,0,0,0
12,258,District - Lower Dibang Valley (14),Urban,15-19,1614,821,793,1527,802,725,86,19,67,0,0,0,0,0,0,1,0,1,0,0,0
12,258,District - Lower Dibang Valley (14),Urban,20-24,1003,509,494,649,396,253,347,109,238,1,0,1,5,4,1,1,0,1,0,0,0
12,258,District - Lower Dibang Valley (14),Urban,25-29,973,506,467,299,213,86,650,289,361,9,0,9,13,4,9,2,0,2,0,0,0
12,258,District - Lower Dibang Valley (14),Urban,30-34,889,443,446,109,65,44,761,372,389,12,2,10,6,4,2,1,0,1,0,0,0
12,258,District - Lower Dibang Valley (14),Urban,35-39,893,456,437,43,27,16,825,422,403,14,0,14,10,6,4,1,1,0,0,0,0
12,258,District - Lower Dibang Valley (14),Urban,40-44,767,432,335,22,10,12,710,414,296,23,1,22,11,7,4,1,0,1,0,0,0
12,258,District - Lower Dibang Valley (14),Urban,45-49,677,396,281,10,8,2,631,379,252,24,2,22,11,6,5,1,1,0,0,0,0
12,258,District - Lower Dibang Valley (14),Urban,50-54,453,324,129,4,2,2,419,310,109,26,8,18,4,4,0,0,0,0,0,0,0
12,258,District - Lower Dibang Valley (14),Urban,55-59,240,189,51,6,6,0,213,176,37,16,3,13,5,4,1,0,0,0,0,0,0
12,258,District - Lower Dibang Valley (14),Urban,60-64,110,73,37,5,2,3,84,66,18,18,3,15,3,2,1,0,0,0,0,0,0
12,258,District - Lower Dibang Valley (14),Urban,65-69,67,36,31,8,4,4,43,26,17,15,5,10,1,1,0,0,0,0,0,0,0
12,258,District - Lower Dibang Valley (14),Urban,70-74,41,16,25,3,2,1,19,11,8,18,3,15,1,0,1,0,0,0,0,0,0
12,258,District - Lower Dibang Valley (14),Urban,75-79,17,10,7,0,0,0,12,9,3,5,1,4,0,0,0,0,0,0,0,0,0
12,258,District - Lower Dibang Valley (14),Urban,80+,34,18,16,4,3,1,25,15,10,5,0,5,0,0,0,0,0,0,0,0,0
12,258,District - Lower Dibang Valley (14),Urban,Age not stated,3,1,2,1,1,0,1,0,1,1,0,1,0,0,0,0,0,0,0,0,0
12,258,District - Lower Dibang Valley (14),Urban,Less than 18,4710,2389,2321,4639,2365,2274,67,21,46,0,0,0,3,2,1,1,1,0,0,0,0
12,258,District - Lower Dibang Valley (14),Urban,Less than 21,5471,2773,2698,5298,2730,2568,168,40,128,0,0,0,3,2,1,2,1,1,0,0,0
12,259,District - Lohit (15),Total,All ages,145726,76221,69505,78552,42917,35635,62066,31770,30296,4448,1173,3275,532,303,229,128,58,70,0,0,0
12,259,District - Lohit (15),Total,0-9,34743,17659,17084,34743,17659,17084,0,0,0,0,0,0,0,0,0,0,0,0,0,0,0
12,259,District - Lohit (15),Total,10-14,18187,9333,8854,17841,9197,8644,320,127,193,10,2,8,10,5,5,6,2,4,0,0,0
12,259,District - Lohit (15),Total,15-19,15267,7992,7275,13603,7638,5965,1626,344,1282,24,5,19,12,5,7,2,0,2,0,0,0
12,259,District - Lohit (15),Total,20-24,13737,6912,6825,7129,4709,2420,6514,2166,4348,50,16,34,36,17,19,8,4,4,0,0,0
12,259,District - Lohit (15),Total,25-29,12956,6640,6316,2935,2071,864,9829,4492,5337,108,41,67,60,29,31,24,7,17,0,0,0
12,259,District - Lohit (15),Total,30-34,10485,5381,5104,956,667,289,9281,4630,4651,163,44,119,61,30,31,24,10,14,0,0,0
12,259,District - Lohit (15),Total,35-39,9845,5090,4755,419,302,117,9068,4674,4394,268,71,197,73,38,35,17,5,12,0,0,0
12,259,District - Lohit (15),Total,40-44,8226,4537,3689,212,159,53,7582,4250,3332,352,82,270,63,34,29,17,12,5,0,0,0
12,259,District - Lohit (15),Total,45-49,6937,3870,3067,153,115,38,6246,3595,2651,473,123,350,54,30,24,11,7,4,0,0,0
12,259,District - Lohit (15),Total,50-54,5000,2958,2042,121,93,28,4285,2718,1567,543,113,430,44,30,14,7,4,3,0,0,0
12,259,District - Lohit (15),Total,55-59,3213,1912,1301,68,55,13,2708,1718,990,404,116,288,31,22,9,2,1,1,0,0,0
12,259,District - Lohit (15),Total,60-64,2690,1528,1162,69,51,18,1954,1280,674,621,164,457,40,29,11,6,4,2,0,0,0
12,259,District - Lohit (15),Total,65-69,1665,903,762,66,49,17,1108,713,395,463,122,341,26,18,8,2,1,1,0,0,0
12,259,District - Lohit (15),Total,70-74,1197,668,529,41,29,12,743,529,214,405,105,300,6,4,2,2,1,1,0,0,0
12,259,District - Lohit (15),Total,75-79,565,310,255,22,16,6,319,223,96,218,67,151,6,4,2,0,0,0,0,0,0
12,259,District - Lohit (15),Total,80+,865,436,429,86,48,38,429,280,149,340,100,240,10,8,2,0,0,0,0,0,0
12,259,District - Lohit (15),Total,Age not stated,148,92,56,88,59,29,54,31,23,6,2,4,0,0,0,0,0,0,0,0,0
12,259,District - Lohit (15),Total,Less than 18,62273,31868,30405,61432,31595,29837,798,259,539,22,5,17,14,7,7,7,2,5,0,0,0
12,259,District - Lohit (15),Total,Less than 21,71781,36786,34995,68458,35970,32488,3238,789,2449,46,12,34,30,12,18,9,3,6,0,0,0
12,259,District - Lohit (15),Rural,All ages,113296,58991,54305,61426,33471,27955,47819,24246,23573,3539,989,2550,411,237,174,101,48,53,0,0,0
12,259,District - Lohit (15),Rural,0-9,28423,14442,13981,28423,14442,13981,0,0,0,0,0,0,0,0,0,0,0,0,0,0,0
12,259,District - Lohit (15),Rural,10-14,14354,7295,7059,14061,7188,6873,273,100,173,7,1,6,8,4,4,5,2,3,0,0,0
12,259,District - Lohit (15),Rural,15-19,11348,5930,5418,10036,5645,4391,1282,277,1005,18,4,14,10,4,6,2,0,2,0,0,0
12,259,District - Lohit (15),Rural,20-24,10409,5255,5154,5079,3451,1628,5256,1773,3483,36,14,22,32,14,18,6,3,3,0,0,0
12,259,District - Lohit (15),Rural,25-29,10002,5090,4912,2070,1476,594,7780,3549,4231,89,37,52,45,21,24,18,7,11,0,0,0
12,259,District - Lohit (15),Rural,30-34,8025,4132,3893,700,490,210,7147,3577,3570,120,37,83,42,21,21,16,7,9,0,0,0
12,259,District - Lohit (15),Rural,35-39,7452,3921,3531,321,235,86,6866,3596,3270,202,61,141,48,24,24,15,5,10,0,0,0
12,259,District - Lohit (15),Rural,40-44,6023,3306,2717,171,131,40,5529,3066,2463,266,73,193,45,28,17,12,8,4,0,0,0
12,259,District - Lohit (15),Rural,45-49,5044,2785,2259,121,94,27,4517,2558,1959,352,103,249,43,23,20,11,7,4,0,0,0
12,259,District - Lohit (15),Rural,50-54,3651,2096,1555,98,74,24,3114,1900,1214,394,94,300,40,26,14,5,2,3,0,0,0
12,259,District - Lohit (15),Rural,55-59,2528,1434,1094,56,47,9,2124,1269,855,321,99,222,25,18,7,2,1,1,0,0,0
12,259,District - Lohit (15),Rural,60-64,2269,1271,998,60,45,15,1631,1056,575,536,139,397,37,27,10,5,4,1,0,0,0
12,259,District - Lohit (15),Rural,65-69,1413,749,664,51,38,13,952,598,354,387,97,290,21,15,6,2,1,1,0,0,0
12,259,District - Lohit (15),Rural,70-74,1049,594,455,36,27,9,662,472,190,344,90,254,5,4,1,2,1,1,0,0,0
12,259,District - Lohit (15),Rural,75-79,466,257,209,14,13,1,273,186,87,174,55,119,5,3,2,0,0,0,0,0,0
12,259,District - Lohit (15),Rural,80+,732,369,363,66,35,31,373,246,127,288,83,205,5,5,0,0,0,0,0,0,0
12,259,District - Lohit (15),Rural,Age not stated,108,65,43,63,40,23,40,23,17,5,2,3,0,0,0,0,0,0,0,0,0
12,259,District - Lohit (15),Rural,Less than 18,49772,25376,24396,49107,25167,23940,633,198,435,14,3,11,12,6,6,6,2,4,0,0,0
12,259,District - Lohit (15),Rural,Less than 21,56895,29061,27834,54207,28395,25812,2622,645,1977,33,9,24,25,9,16,8,3,5,0,0,0
12,259,District - Lohit (15),Urban,All ages,32430,17230,15200,17126,9446,7680,14247,7524,6723,909,184,725,121,66,55,27,10,17,0,0,0
12,259,District - Lohit (15),Urban,0-9,6320,3217,3103,6320,3217,3103,0,0,0,0,0,0,0,0,0,0,0,0,0,0,0
12,259,District - Lohit (15),Urban,10-14,3833,2038,1795,3780,2009,1771,47,27,20,3,1,2,2,1,1,1,0,1,0,0,0
12,259,District - Lohit (15),Urban,15-19,3919,2062,1857,3567,1993,1574,344,67,277,6,1,5,2,1,1,0,0,0,0,0,0
12,259,District - Lohit (15),Urban,20-24,3328,1657,1671,2050,1258,792,1258,393,865,14,2,12,4,3,1,2,1,1,0,0,0
12,259,District - Lohit (15),Urban,25-29,2954,1550,1404,865,595,270,2049,943,1106,19,4,15,15,8,7,6,0,6,0,0,0
12,259,District - Lohit (15),Urban,30-34,2460,1249,1211,256,177,79,2134,1053,1081,43,7,36,19,9,10,8,3,5,0,0,0
12,259,District - Lohit (15),Urban,35-39,2393,1169,1224,98,67,31,2202,1078,1124,66,10,56,25,14,11,2,0,2,0,0,0
12,259,District - Lohit (15),Urban,40-44,2203,1231,972,41,28,13,2053,1184,869,86,9,77,18,6,12,5,4,1,0,0,0
12,259,District - Lohit (15),Urban,45-49,1893,1085,808,32,21,11,1729,1037,692,121,20,101,11,7,4,0,0,0,0,0,0
12,259,District - Lohit (15),Urban,50-54,1349,862,487,23,19,4,1171,818,353,149,19,130,4,4,0,2,2,0,0,0,0
12,259,District - Lohit (15),Urban,55-59,685,478,207,12,8,4,584,449,135,83,17,66,6,4,2,0,0,0,0,0,0
12,259,District - Lohit (15),Urban,60-64,421,257,164,9,6,3,323,224,99,85,25,60,3,2,1,1,0,1,0,0,0
12,259,District - Lohit (15),Urban,65-69,252,154,98,15,11,4,156,115,41,76,25,51,5,3,2,0,0,0,0,0,0
12,259,District - Lohit (15),Urban,70-74,148,74,74,5,2,3,81,57,24,61,15,46,1,0,1,0,0,0,0,0,0
12,259,District - Lohit (15),Urban,75-79,99,53,46,8,3,5,46,37,9,44,12,32,1,1,0,0,0,0,0,0,0
12,259,District - Lohit (15),Urban,80+,133,67,66,20,13,7,56,34,22,52,17,35,5,3,2,0,0,0,0,0,0
12,259,District - Lohit (15),Urban,Age not stated,40,27,13,25,19,6,14,8,6,1,0,1,0,0,0,0,0,0,0,0,0
12,259,District - Lohit (15),Urban,Less than 18,12501,6492,6009,12325,6428,5897,165,61,104,8,2,6,2,1,1,1,0,1,0,0,0
12,259,District - Lohit (15),Urban,Less than 21,14886,7725,7161,14251,7575,6676,616,144,472,13,3,10,5,3,2,1,0,1,0,0,0
12,260,District - Anjaw (16),Total,All ages,21167,11507,9660,11596,6627,4969,8626,4676,3950,831,161,670,98,34,64,16,9,7,0,0,0
12,260,District - Anjaw (16),Total,0-9,5085,2536,2549,5085,2536,2549,0,0,0,0,0,0,0,0,0,0,0,0,0,0,0
12,260,District - Anjaw (16),Total,10-14,2702,1507,1195,2649,1482,1167,45,23,22,2,1,1,4,0,4,2,1,1,0,0,0
12,260,District - Anjaw (16),Total,15-19,2036,1119,917,1810,1068,742,219,47,172,4,2,2,3,2,1,0,0,0,0,0,0
12,260,District - Anjaw (16),Total,20-24,1996,1084,912,1021,735,286,959,346,613,13,3,10,2,0,2,1,0,1,0,0,0
12,260,District - Anjaw (16),Total,25-29,2094,1250,844,532,420,112,1531,820,711,19,7,12,11,3,8,1,0,1,0,0,0
12,260,District - Anjaw (16),Total,30-34,1549,902,647,148,118,30,1357,776,581,31,3,28,11,4,7,2,1,1,0,0,0
12,260,District - Anjaw (16),Total,35-39,1333,753,580,83,61,22,1185,677,508,43,6,37,18,6,12,4,3,1,0,0,0
12,260,District - Anjaw (16),Total,40-44,1029,614,415,43,40,3,911,561,350,65,8,57,8,3,5,2,2,0,0,0,0
12,260,District - Anjaw (16),Total,45-49,844,464,380,27,27,0,721,419,302,84,14,70,12,4,8,0,0,0,0,0,0
12,260,District - Anjaw (16),Total,50-54,648,361,287,35,26,9,517,307,210,85,25,60,9,2,7,2,1,1,0,0,0
12,260,District - Anjaw (16),Total,55-59,485,249,236,21,18,3,369,219,150,91,12,79,4,0,4,0,0,0,0,0,0
12,260,District - Anjaw (16),Total,60-64,484,235,249,35,25,10,304,179,125,139,26,113,5,5,0,1,0,1,0,0,0
12,260,District - Anjaw (16),Total,65-69,357,161,196,28,15,13,224,128,96,98,16,82,7,2,5,0,0,0,0,0,0
12,260,District - Anjaw (16),Total,70-74,217,114,103,14,10,4,122,79,43,78,23,55,3,2,1,0,0,0,0,0,0
12,260,District - Anjaw (16),Total,75-79,95,37,58,6,5,1,55,24,31,33,7,26,1,1,0,0,0,0,0,0,0
12,260,District - Anjaw (16),Total,80+,170,95,75,27,22,5,97,65,32,45,7,38,0,0,0,1,1,0,0,0,0
12,260,District - Anjaw (16),Total,Age not stated,43,26,17,32,19,13,10,6,4,1,1,0,0,0,0,0,0,0,0,0,0
12,260,District - Anjaw (16),Total,Less than 18,9101,4784,4317,8967,4734,4233,122,44,78,4,3,1,6,2,4,2,1,1,0,0,0
12,260,District - Anjaw (16),Total,Less than 21,10265,5398,4867,9829,5280,4549,420,112,308,7,3,4,7,2,5,2,1,1,0,0,0
12,260,District - Anjaw (16),Rural,All ages,20185,10882,9303,10939,6223,4716,8307,4456,3851,829,161,668,94,33,61,16,9,7,0,0,0
12,260,District - Anjaw (16),Rural,0-9,4974,2481,2493,4974,2481,2493,0,0,0,0,0,0,0,0,0,0,0,0,0,0,0
12,260,District - Anjaw (16),Rural,10-14,2507,1422,1085,2454,1397,1057,45,23,22,2,1,1,4,0,4,2,1,1,0,0,0
12,260,District - Anjaw (16),Rural,15-19,1854,1004,850,1633,954,679,215,46,169,4,2,2,2,2,0,0,0,0,0,0,0
12,260,District - Anjaw (16),Rural,20-24,1864,981,883,926,648,278,922,330,592,13,3,10,2,0,2,1,0,1,0,0,0
12,260,District - Anjaw (16),Rural,25-29,1974,1169,805,487,383,104,1456,776,680,19,7,12,11,3,8,1,0,1,0,0,0
12,260,District - Anjaw (16),Rural,30-34,1474,846,628,133,106,27,1297,732,565,31,3,28,11,4,7,2,1,1,0,0,0
12,260,District - Anjaw (16),Rural,35-39,1283,716,567,78,56,22,1143,646,497,42,6,36,16,5,11,4,3,1,0,0,0
12,260,District - Anjaw (16),Rural,40-44,984,578,406,41,38,3,868,527,341,65,8,57,8,3,5,2,2,0,0,0,0
12,260,District - Anjaw (16),Rural,45-49,813,439,374,25,25,0,693,396,297,83,14,69,12,4,8,0,0,0,0,0,0
12,260,District - Anjaw (16),Rural,50-54,635,350,285,33,24,9,506,298,208,85,25,60,9,2,7,2,1,1,0,0,0
12,260,District - Anjaw (16),Rural,55-59,474,239,235,21,18,3,359,209,150,91,12,79,3,0,3,0,0,0,0,0,0
12,260,District - Anjaw (16),Rural,60-64,479,232,247,34,25,9,300,176,124,139,26,113,5,5,0,1,0,1,0,0,0
12,260,District - Anjaw (16),Rural,65-69,354,160,194,26,15,11,223,127,96,98,16,82,7,2,5,0,0,0,0,0,0
12,260,District - Anjaw (16),Rural,70-74,215,112,103,13,9,4,121,78,43,78,23,55,3,2,1,0,0,0,0,0,0
12,260,District - Anjaw (16),Rural,75-79,95,37,58,6,5,1,55,24,31,33,7,26,1,1,0,0,0,0,0,0,0
12,260,District - Anjaw (16),Rural,80+,167,92,75,27,22,5,94,62,32,45,7,38,0,0,0,1,1,0,0,0,0
12,260,District - Anjaw (16),Rural,Age not stated,39,24,15,28,17,11,10,6,4,1,1,0,0,0,0,0,0,0,0,0,0
12,260,District - Anjaw (16),Rural,Less than 18,8660,4564,4096,8527,4514,4013,121,44,77,4,3,1,6,2,4,2,1,1,0,0,0
12,260,District - Anjaw (16),Rural,Less than 21,9746,5118,4628,9318,5002,4316,413,110,303,7,3,4,6,2,4,2,1,1,0,0,0
12,260,District - Anjaw (16),Urban,All ages,982,625,357,657,404,253,319,220,99,2,0,2,4,1,3,0,0,0,0,0,0
12,260,District - Anjaw (16),Urban,0-9,111,55,56,111,55,56,0,0,0,0,0,0,0,0,0,0,0,0,0,0,0
12,260,District - Anjaw (16),Urban,10-14,195,85,110,195,85,110,0,0,0,0,0,0,0,0,0,0,0,0,0,0,0
12,260,District - Anjaw (16),Urban,15-19,182,115,67,177,114,63,4,1,3,0,0,0,1,0,1,0,0,0,0,0,0
12,260,District - Anjaw (16),Urban,20-24,132,103,29,95,87,8,37,16,21,0,0,0,0,0,0,0,0,0,0,0,0
12,260,District - Anjaw (16),Urban,25-29,120,81,39,45,37,8,75,44,31,0,0,0,0,0,0,0,0,0,0,0,0
12,260,District - Anjaw (16),Urban,30-34,75,56,19,15,12,3,60,44,16,0,0,0,0,0,0,0,0,0,0,0,0
12,260,District - Anjaw (16),Urban,35-39,50,37,13,5,5,0,42,31,11,1,0,1,2,1,1,0,0,0,0,0,0
12,260,District - Anjaw (16),Urban,40-44,45,36,9,2,2,0,43,34,9,0,0,0,0,0,0,0,0,0,0,0,0
12,260,District - Anjaw (16),Urban,45-49,31,25,6,2,2,0,28,23,5,1,0,1,0,0,0,0,0,0,0,0,0
12,260,District - Anjaw (16),Urban,50-54,13,11,2,2,2,0,11,9,2,0,0,0,0,0,0,0,0,0,0,0,0
12,260,District - Anjaw (16),Urban,55-59,11,10,1,0,0,0,10,10,0,0,0,0,1,0,1,0,0,0,0,0,0
12,260,District - Anjaw (16),Urban,60-64,5,3,2,1,0,1,4,3,1,0,0,0,0,0,0,0,0,0,0,0,0
12,260,District - Anjaw (16),Urban,65-69,3,1,2,2,0,2,1,1,0,0,0,0,0,0,0,0,0,0,0,0,0
12,260,District - Anjaw (16),Urban,70-74,2,2,0,1,1,0,1,1,0,0,0,0,0,0,0,0,0,0,0,0,0
12,260,District - Anjaw (16),Urban,75-79,0,0,0,0,0,0,0,0,0,0,0,0,0,0,0,0,0,0,0,0,0
12,260,District - Anjaw (16),Urban,80+,3,3,0,0,0,0,3,3,0,0,0,0,0,0,0,0,0,0,0,0,0
12,260,District - Anjaw (16),Urban,Age not stated,4,2,2,4,2,2,0,0,0,0,0,0,0,0,0,0,0,0,0,0,0
12,260,District - Anjaw (16),Urban,Less than 18,441,220,221,440,220,220,1,0,1,0,0,0,0,0,0,0,0,0,0,0,0
12,260,District - Anjaw (16),Urban,Less than 21,519,280,239,511,278,233,7,2,5,0,0,0,1,0,1,0,0,0,0,0,0
