state_code,district_code,area_name,region_type,age_group,total_persons,total_males,total_females,never_married_persons,never_married_males,never_married_females,currently_married_persons,currently_married_males,currently_married_females,widowed_persons,widowed_males,widowed_females,separated_persons,separated_males,separated_females,divorced_persons,divorced_males,divorced_females,unspecified_persons,unspecified_males,unspecified_females
18,000,State - ASSAM (18),Total,All ages,31205576,15939443,15266133,15868475,8820415,7048060,13807668,6834718,6972950,1409905,253863,1156042,62030,18671,43359,57498,11776,45722,0,0,0
18,000,State - ASSAM (18),Total,0-9,6757172,3441268,3315904,6757172,3441268,3315904,0,0,0,0,0,0,0,0,0,0,0,0,0,0,0
18,000,State - ASSAM (18),Total,10-14,3491727,1789381,1702346,3439043,1772901,1666142,48867,15123,33744,2304,678,1626,1088,525,563,425,154,271,0,0,0
18,000,State - ASSAM (18),Total,15-19,3068581,1595489,1473092,2671442,1533011,1138431,387841,60320,327521,5322,1361,3961,1975,580,1395,2001,217,1784,0,0,0
18,000,State - ASSAM (18),Total,20-24,2909405,1415580,1493825,1517872,1031919,485953,1367172,379119,988053,12559,2762,9797,4959,1026,3933,6843,754,6089,0,0,0
18,000,State - ASSAM (18),Total,25-29,2815147,1393042,1422105,773747,571539,202208,1998582,812113,1186469,26332,6253,20079,7193,1700,5493,9293,1437,7856,0,0,0
18,000,State - ASSAM (18),Total,30-34,2330060,1174247,1155813,331698,245500,86198,1940517,916393,1024124,41855,8925,32930,7363,1806,5557,8627,1623,7004,0,0,0
18,000,State - ASSAM (18),Total,35-39,2260473,1153679,1106794,158446,108333,50113,2014770,1027584,987186,70399,13529,56870,8303,2331,5972,8555,1902,6653,0,0,0
18,000,State - ASSAM (18),Total,40-44,1831206,965463,865743,74724,43669,31055,1642433,900515,741918,99294,17412,81882,7857,2255,5602,6898,1612,5286,0,0,0
18,000,State - ASSAM (18),Total,45-49,1595249,846081,749168,43494,21319,22175,1406725,799020,607705,132649,22340,110309,6979,2054,4925,5402,1348,4054,0,0,0
18,000,State - ASSAM (18),Total,50-54,1192363,642260,550103,25183,11916,13267,1003492,602380,401112,154651,25252,129399,5395,1783,3612,3642,929,2713,0,0,0
18,000,State - ASSAM (18),Total,55-59,856825,458242,398583,14409,6813,7596,693285,425637,267648,143590,23937,119653,3511,1275,2236,2030,580,1450,0,0,0
18,000,State - ASSAM (18),Total,60-64,775698,394563,381135,15532,7423,8109,546443,353744,192699,208995,31820,177175,3073,1114,1959,1655,462,1193,0,0,0
18,000,State - ASSAM (18),Total,65-69,503642,253973,249669,11254,5677,5577,326179,220955,105224,163475,26269,137206,1833,776,1057,901,296,605,0,0,0
18,000,State - ASSAM (18),Total,70-74,385277,196445,188832,6188,3156,3032,220951,164269,56682,156272,28128,128144,1266,677,589,600,215,385,0,0,0
18,000,State - ASSAM (18),Total,75-79,184352,96599,87753,2852,1518,1334,100485,77093,23392,80244,17570,62674,531,321,210,240,97,143,0,0,0
18,000,State - ASSAM (18),Total,80+,229575,113237,116338,14196,7914,6282,103448,77306,26142,110933,27453,83480,651,421,230,347,143,204,0,0,0
18,000,State - ASSAM (18),Total,Age not stated,18824,9894,8930,11223,6539,4684,6478,3147,3331,1031,174,857,53,27,26,39,7,32,0,0,0
18,000,State - ASSAM (18),Total,Less than 18,12077721,6200852,5876869,11907326,6159011,5748315,161913,39261,122652,5405,1454,3951,1972,862,1110,1105,264,841,0,0,0
18,000,State - ASSAM (18),Total,Less than 21,14047221,7171250,6875971,13310828,7037036,6273792,718103,129834,588269,10367,2601,7766,4025,1276,2749,3898,503,3395,0,0,0
18,000,State - ASSAM (18),Rural,All ages,26807034,13678989,13128045,13828784,7665773,6163011,11681533,5764465,5917068,1196150,225051,971099,49869,13328,36541,50698,10372,40326,0,0,0
18,000,State - ASSAM (18),Rural,0-9,6091507,3099230,2992277,6091507,3099230,2992277,0,0,0,0,0,0,0,0,0,0,0,0,0,0,0
18,000,State - ASSAM (18),Rural,10-14,3099766,1587764,1512002,3053641,1573434,1480207,42840,13163,29677,2014,608,1406,905,427,478,366,132,234,0,0,0
18,000,State - ASSAM (18),Rural,15-19,2664091,1388492,1275599,2304198,1332276,971922,351583,54320,297263,4723,1219,3504,1715,483,1232,1872,194,1678,0,0,0
18,000,State - ASSAM (18),Rural,20-24,2477603,1203111,1274492,1234865,854999,379866,1221012,344153,876859,11192,2500,8692,4181,764,3417,6353,695,5658,0,0,0
18,000,State - ASSAM (18),Rural,25-29,2386510,1183063,1203447,604607,452087,152520,1744274,722702,1021572,23438,5772,17666,5809,1183,4626,8382,1319,7063,0,0,0
18,000,State - ASSAM (18),Rural,30-34,1949510,984620,964890,252282,186305,65977,1647567,787557,860010,36301,8085,28216,5728,1215,4513,7632,1458,6174,0,0,0
18,000,State - ASSAM (18),Rural,35-39,1879751,962030,917721,119793,80645,39148,1686073,865883,820190,60078,12288,47790,6411,1569,4842,7396,1645,5751,0,0,0
18,000,State - ASSAM (18),Rural,40-44,1507048,793546,713502,56652,32137,24515,1354617,742782,611835,83777,15732,68045,6078,1502,4576,5924,1393,4531,0,0,0
18,000,State - ASSAM (18),Rural,45-49,1310964,693457,617507,33002,15563,17439,1156235,655310,500925,111595,20048,91547,5537,1381,4156,4595,1155,3440,0,0,0
18,000,State - ASSAM (18),Rural,50-54,974992,519994,454998,18788,8626,10162,818513,486959,331554,130368,22459,107909,4246,1167,3079,3077,783,2294,0,0,0
18,000,State - ASSAM (18),Rural,55-59,702760,371541,331219,10561,4890,5671,567043,344115,222928,120562,21136,99426,2844,894,1950,1750,506,1244,0,0,0
18,000,State - ASSAM (18),Rural,60-64,649041,327339,321702,11981,5684,6297,454481,292204,162277,178525,28189,150336,2605,857,1748,1449,405,1044,0,0,0
18,000,State - ASSAM (18),Rural,65-69,422443,211838,210605,8707,4389,4318,272481,183557,88924,138843,22985,115858,1601,643,958,811,264,547,0,0,0
18,000,State - ASSAM (18),Rural,70-74,327588,166867,160721,4862,2427,2435,187464,138838,48626,133600,24821,108779,1123,580,543,539,201,338,0,0,0
18,000,State - ASSAM (18),Rural,75-79,153054,80838,72216,2186,1173,1013,83974,64241,19733,66216,15065,51151,470,273,197,208,86,122,0,0,0
18,000,State - ASSAM (18),Rural,80+,195387,97407,97980,11935,6574,5361,88481,66337,22144,94085,23997,70088,574,369,205,312,130,182,0,0,0
18,000,State - ASSAM (18),Rural,Age not stated,15019,7852,7167,9217,5334,3883,4895,2344,2551,833,147,686,42,21,21,32,6,26,0,0,0
18,000,State - ASSAM (18),Rural,Less than 18,10785819,5536281,5249538,10634904,5499515,5135389,143513,34515,108998,4747,1314,3433,1656,703,953,999,234,765,0,0,0
18,000,State - ASSAM (18),Rural,Less than 21,12487482,6373359,6114123,11821753,6252480,5569273,649434,117052,532382,9209,2343,6866,3455,1039,2416,3631,445,3186,0,0,0
18,000,State - ASSAM (18),Urban,All ages,4398542,2260454,2138088,2039691,1154642,885049,2126135,1070253,1055882,213755,28812,184943,12161,5343,6818,6800,1404,5396,0,0,0
18,000,State - ASSAM (18),Urban,0-9,665665,342038,323627,665665,342038,323627,0,0,0,0,0,0,0,0,0,0,0,0,0,0,0
18,000,State - ASSAM (18),Urban,10-14,391961,201617,190344,385402,199467,185935,6027,1960,4067,290,70,220,183,98,85,59,22,37,0,0,0
18,000,State - ASSAM (18),Urban,15-19,404490,206997,197493,367244,200735,166509,36258,6000,30258,599,142,457,260,97,163,129,23,106,0,0,0
18,000,State - ASSAM (18),Urban,20-24,431802,212469,219333,283007,176920,106087,146160,34966,111194,1367,262,1105,778,262,516,490,59,431,0,0,0
18,000,State - ASSAM (18),Urban,25-29,428637,209979,218658,169140,119452,49688,254308,89411,164897,2894,481,2413,1384,517,867,911,118,793,0,0,0
18,000,State - ASSAM (18),Urban,30-34,380550,189627,190923,79416,59195,20221,292950,128836,164114,5554,840,4714,1635,591,1044,995,165,830,0,0,0
18,000,State - ASSAM (18),Urban,35-39,380722,191649,189073,38653,27688,10965,328697,161701,166996,10321,1241,9080,1892,762,1130,1159,257,902,0,0,0
18,000,State - ASSAM (18),Urban,40-44,324158,171917,152241,18072,11532,6540,287816,157733,130083,15517,1680,13837,1779,753,1026,974,219,755,0,0,0
18,000,State - ASSAM (18),Urban,45-49,284285,152624,131661,10492,5756,4736,250490,143710,106780,21054,2292,18762,1442,673,769,807,193,614,0,0,0
18,000,State - ASSAM (18),Urban,50-54,217371,122266,95105,6395,3290,3105,184979,115421,69558,24283,2793,21490,1149,616,533,565,146,419,0,0,0
18,000,State - ASSAM (18),Urban,55-59,154065,86701,67364,3848,1923,1925,126242,81522,44720,23028,2801,20227,667,381,286,280,74,206,0,0,0
18,000,State - ASSAM (18),Urban,60-64,126657,67224,59433,3551,1739,1812,91962,61540,30422,30470,3631,26839,468,257,211,206,57,149,0,0,0
18,000,State - ASSAM (18),Urban,65-69,81199,42135,39064,2547,1288,1259,53698,37398,16300,24632,3284,21348,232,133,99,90,32,58,0,0,0
18,000,State - ASSAM (18),Urban,70-74,57689,29578,28111,1326,729,597,33487,25431,8056,22672,3307,19365,143,97,46,61,14,47,0,0,0
18,000,State - ASSAM (18),Urban,75-79,31298,15761,15537,666,345,321,16511,12852,3659,14028,2505,11523,61,48,13,32,11,21,0,0,0
18,000,State - ASSAM (18),Urban,80+,34188,15830,18358,2261,1340,921,14967,10969,3998,16848,3456,13392,77,52,25,35,13,22,0,0,0
18,000,State - ASSAM (18),Urban,Age not stated,3805,2042,1763,2006,1205,801,1583,803,780,198,27,171,11,6,5,7,1,6,0,0,0
18,000,State - ASSAM (18),Urban,Less than 18,1291902,664571,627331,1272422,659496,612926,18400,4746,13654,658,140,518,316,159,157,106,30,76,0,0,0
18,000,State - ASSAM (18),Urban,Less than 21,1559739,797891,761848,1489075,784556,704519,68669,12782,55887,1158,258,900,570,237,333,267,58,209,0,0,0
18,300,District - Kokrajhar (01),Total,All ages,887142,452905,434237,446198,248068,198130,398580,197618,200962,39397,6617,32780,1824,375,1449,1143,227,916,0,0,0
18,300,District - Kokrajhar (01),Total,0-9,198846,101635,97211,198846,101635,97211,0,0,0,0,0,0,0,0,0,0,0,0,0,0,0
18,300,District - Kokrajhar (01),Total,10-14,101991,52377,49614,100129,51848,48281,1750,490,1260,72,18,54,29,17,12,11,4,7,0,0,0
18,300,District - Kokrajhar (01),Total,15-19,91091,47788,43303,76193,45293,30900,14607,2430,12177,172,45,127,67,16,51,52,4,48,0,0,0
18,300,District - Kokrajhar (01),Total,20-24,81497,39679,41818,37442,26485,10957,43271,13072,30199,460,80,380,173,24,149,151,18,133,0,0,0
18,300,District - Kokrajhar (01),Total,25-29,79246,39920,39326,17984,13404,4580,60037,26306,33731,779,148,631,245,36,209,201,26,175,0,0,0
18,300,District - Kokrajhar (01),Total,30-34,63643,31687,31956,6875,4741,2134,55216,26670,28546,1217,211,1006,194,39,155,141,26,115,0,0,0
18,300,District - Kokrajhar (01),Total,35-39,64832,32903,31929,3568,2094,1474,58721,30364,28357,2141,361,1780,244,47,197,158,37,121,0,0,0
18,300,District - Kokrajhar (01),Total,40-44,51303,26703,24600,1603,791,812,46455,25408,21047,2894,436,2458,229,45,184,122,23,99,0,0,0
18,300,District - Kokrajhar (01),Total,45-49,44937,23703,21234,875,394,481,39805,22694,17111,3941,563,3378,206,28,178,110,24,86,0,0,0
18,300,District - Kokrajhar (01),Total,50-54,31562,16815,14747,537,237,300,26546,15913,10633,4251,615,3636,168,33,135,60,17,43,0,0,0
18,300,District - Kokrajhar (01),Total,55-59,23108,12444,10664,263,136,127,18695,11624,7071,4021,649,3372,85,21,64,44,14,30,0,0,0
18,300,District - Kokrajhar (01),Total,60-64,19256,9583,9673,360,162,198,13321,8570,4751,5458,815,4643,74,21,53,43,15,28,0,0,0
18,300,District - Kokrajhar (01),Total,65-69,13302,6396,6906,325,179,146,8413,5525,2888,4488,675,3813,54,14,40,22,3,19,0,0,0
18,300,District - Kokrajhar (01),Total,70-74,10073,4971,5102,195,91,104,5645,4075,1570,4193,783,3410,27,15,12,13,7,6,0,0,0
18,300,District - Kokrajhar (01),Total,75-79,5318,2727,2591,101,53,48,2868,2173,695,2336,491,1845,9,8,1,4,2,2,0,0,0
18,300,District - Kokrajhar (01),Total,80+,6337,3150,3187,425,242,183,2944,2167,777,2938,723,2215,19,11,8,11,7,4,0,0,0
18,300,District - Kokrajhar (01),Total,Age not stated,800,424,376,477,283,194,286,137,149,36,4,32,1,0,1,0,0,0,0,0,0
18,300,District - Kokrajhar (01),Total,Less than 18,355501,183660,171841,348902,182137,166765,6351,1451,4900,165,40,125,55,28,27,28,4,24,0,0,0
18,300,District - Kokrajhar (01),Total,Less than 21,412386,211388,200998,386303,206321,179982,25505,4940,20565,352,78,274,129,38,91,97,11,86,0,0,0
18,300,District - Kokrajhar (01),Rural,All ages,832201,424446,407755,421203,233761,187442,371480,183876,187604,36695,6240,30455,1725,350,1375,1098,219,879,0,0,0
18,300,District - Kokrajhar (01),Rural,0-9,190770,97462,93308,190770,97462,93308,0,0,0,0,0,0,0,0,0,0,0,0,0,0,0
18,300,District - Kokrajhar (01),Rural,10-14,97213,49944,47269,95444,49439,46005,1669,468,1201,61,17,44,29,17,12,10,3,7,0,0,0
18,300,District - Kokrajhar (01),Rural,15-19,85982,45132,40850,71607,42724,28883,14100,2346,11754,158,42,116,65,16,49,52,4,48,0,0,0
18,300,District - Kokrajhar (01),Rural,20-24,76169,36980,39189,34019,24250,9769,41413,12619,28794,423,73,350,167,21,146,147,17,130,0,0,0
18,300,District - Kokrajhar (01),Rural,25-29,73905,37224,36681,15970,11939,4031,56773,25085,31688,733,140,593,233,34,199,196,26,170,0,0,0
18,300,District - Kokrajhar (01),Rural,30-34,58962,29355,29607,5937,4050,1887,51580,25047,26533,1130,194,936,179,38,141,136,26,110,0,0,0
18,300,District - Kokrajhar (01),Rural,35-39,59774,30390,29384,3092,1764,1328,54305,28209,26096,2003,339,1664,228,44,184,146,34,112,0,0,0
18,300,District - Kokrajhar (01),Rural,40-44,46941,24334,22607,1376,659,717,42577,23205,19372,2658,408,2250,215,39,176,115,23,92,0,0,0
18,300,District - Kokrajhar (01),Rural,45-49,41282,21647,19635,741,322,419,36585,20745,15840,3657,530,3127,192,26,166,107,24,83,0,0,0
18,300,District - Kokrajhar (01),Rural,50-54,28902,15331,13571,466,211,255,24271,14494,9777,3949,580,3369,160,30,130,56,16,40,0,0,0
18,300,District - Kokrajhar (01),Rural,55-59,21255,11391,9864,214,110,104,17175,10642,6533,3746,608,3138,78,17,61,42,14,28,0,0,0
18,300,District - Kokrajhar (01),Rural,60-64,17934,8911,9023,315,140,175,12373,7960,4413,5131,776,4355,73,21,52,42,14,28,0,0,0
18,300,District - Kokrajhar (01),Rural,65-69,12324,5937,6387,279,154,125,7805,5123,2682,4167,643,3524,51,14,37,22,3,19,0,0,0
18,300,District - Kokrajhar (01),Rural,70-74,9428,4647,4781,172,79,93,5287,3804,1483,3929,742,3187,27,15,12,13,7,6,0,0,0
18,300,District - Kokrajhar (01),Rural,75-79,4921,2535,2386,88,46,42,2651,2013,638,2170,467,1703,9,8,1,3,1,2,0,0,0
18,300,District - Kokrajhar (01),Rural,80+,5943,2961,2982,387,217,170,2773,2048,725,2754,679,2075,18,10,8,11,7,4,0,0,0
18,300,District - Kokrajhar (01),Rural,Age not stated,496,265,231,326,195,131,143,68,75,26,2,24,1,0,1,0,0,0,0,0,0
18,300,District - Kokrajhar (01),Rural,Less than 18,339678,175479,164199,333325,174016,159309,6125,1394,4731,146,38,108,55,28,27,27,3,24,0,0,0
18,300,District - Kokrajhar (01),Rural,Less than 21,393250,201552,191698,368147,196666,171481,24557,4764,19793,324,74,250,126,38,88,96,10,86,0,0,0
18,300,District - Kokrajhar (01),Urban,All ages,54941,28459,26482,24995,14307,10688,27100,13742,13358,2702,377,2325,99,25,74,45,8,37,0,0,0
18,300,District - Kokrajhar (01),Urban,0-9,8076,4173,3903,8076,4173,3903,0,0,0,0,0,0,0,0,0,0,0,0,0,0,0
18,300,District - Kokrajhar (01),Urban,10-14,4778,2433,2345,4685,2409,2276,81,22,59,11,1,10,0,0,0,1,1,0,0,0,0
18,300,District - Kokrajhar (01),Urban,15-19,5109,2656,2453,4586,2569,2017,507,84,423,14,3,11,2,0,2,0,0,0,0,0,0
18,300,District - Kokrajhar (01),Urban,20-24,5328,2699,2629,3423,2235,1188,1858,453,1405,37,7,30,6,3,3,4,1,3,0,0,0
18,300,District - Kokrajhar (01),Urban,25-29,5341,2696,2645,2014,1465,549,3264,1221,2043,46,8,38,12,2,10,5,0,5,0,0,0
18,300,District - Kokrajhar (01),Urban,30-34,4681,2332,2349,938,691,247,3636,1623,2013,87,17,70,15,1,14,5,0,5,0,0,0
18,300,District - Kokrajhar (01),Urban,35-39,5058,2513,2545,476,330,146,4416,2155,2261,138,22,116,16,3,13,12,3,9,0,0,0
18,300,District - Kokrajhar (01),Urban,40-44,4362,2369,1993,227,132,95,3878,2203,1675,236,28,208,14,6,8,7,0,7,0,0,0
18,300,District - Kokrajhar (01),Urban,45-49,3655,2056,1599,134,72,62,3220,1949,1271,284,33,251,14,2,12,3,0,3,0,0,0
18,300,District - Kokrajhar (01),Urban,50-54,2660,1484,1176,71,26,45,2275,1419,856,302,35,267,8,3,5,4,1,3,0,0,0
18,300,District - Kokrajhar (01),Urban,55-59,1853,1053,800,49,26,23,1520,982,538,275,41,234,7,4,3,2,0,2,0,0,0
18,300,District - Kokrajhar (01),Urban,60-64,1322,672,650,45,22,23,948,610,338,327,39,288,1,0,1,1,1,0,0,0,0
18,300,District - Kokrajhar (01),Urban,65-69,978,459,519,46,25,21,608,402,206,321,32,289,3,0,3,0,0,0,0,0,0
18,300,District - Kokrajhar (01),Urban,70-74,645,324,321,23,12,11,358,271,87,264,41,223,0,0,0,0,0,0,0,0,0
18,300,District - Kokrajhar (01),Urban,75-79,397,192,205,13,7,6,217,160,57,166,24,142,0,0,0,1,1,0,0,0,0
18,300,District - Kokrajhar (01),Urban,80+,394,189,205,38,25,13,171,119,52,184,44,140,1,1,0,0,0,0,0,0,0
18,300,District - Kokrajhar (01),Urban,Age not stated,304,159,145,151,88,63,143,69,74,10,2,8,0,0,0,0,0,0,0,0,0
18,300,District - Kokrajhar (01),Urban,Less than 18,15823,8181,7642,15577,8121,7456,226,57,169,19,2,17,0,0,0,1,1,0,0,0,0
18,300,District - Kokrajhar (01),Urban,Less than 21,19136,9836,9300,18156,9655,8501,948,176,772,28,4,24,3,0,3,1,1,0,0,0,0
18,301,District - Dhubri (02),Total,All ages,1949258,997848,951410,1013956,572818,441138,845530,416848,428682,80099,6911,73188,5002,655,4347,4671,616,4055,0,0,0
18,301,District - Dhubri (02),Total,0-9,524705,266723,257982,524705,266723,257982,0,0,0,0,0,0,0,0,0,0,0,0,0,0,0
18,301,District - Dhubri (02),Total,10-14,232151,120946,111205,228121,119751,108370,3758,1127,2631,136,33,103,87,25,62,49,10,39,0,0,0
18,301,District - Dhubri (02),Total,15-19,185117,99147,85970,143291,93601,49690,40938,5428,35510,350,63,287,221,39,182,317,16,301,0,0,0
18,301,District - Dhubri (02),Total,20-24,180560,88433,92127,67642,53473,14169,110581,34683,75898,1020,126,894,496,59,437,821,92,729,0,0,0
18,301,District - Dhubri (02),Total,25-29,164059,82678,81381,27787,23071,4716,132984,59266,73718,1753,188,1565,669,66,603,866,87,779,0,0,0
18,301,District - Dhubri (02),Total,30-34,132763,68084,64679,10752,8639,2113,118244,59075,59169,2418,233,2185,650,57,593,699,80,619,0,0,0
18,301,District - Dhubri (02),Total,35-39,123002,63051,59951,4714,3521,1193,113203,59086,54117,3773,268,3505,693,83,610,619,93,526,0,0,0
18,301,District - Dhubri (02),Total,40-44,99926,52476,47450,1907,1281,626,91557,50707,40850,5338,349,4989,646,73,573,478,66,412,0,0,0
18,301,District - Dhubri (02),Total,45-49,83684,43534,40150,1078,625,453,74768,42347,32421,6973,470,6503,525,41,484,340,51,289,0,0,0
18,301,District - Dhubri (02),Total,50-54,63968,34197,29771,628,333,295,54211,33194,21017,8517,568,7949,393,59,334,219,43,176,0,0,0
18,301,District - Dhubri (02),Total,55-59,45079,23882,21197,350,176,174,36487,23063,13424,7905,566,7339,227,49,178,110,28,82,0,0,0
18,301,District - Dhubri (02),Total,60-64,40077,20090,19987,573,284,289,27931,18942,8989,11323,814,10509,184,32,152,66,18,48,0,0,0
18,301,District - Dhubri (02),Total,65-69,25973,12341,13632,467,252,215,16348,11332,5016,9041,721,8320,84,24,60,33,12,21,0,0,0
18,301,District - Dhubri (02),Total,70-74,21473,9849,11624,240,118,122,11677,8855,2822,9465,846,8619,63,19,44,28,11,17,0,0,0
18,301,District - Dhubri (02),Total,75-79,10721,5034,5687,138,63,75,5584,4376,1208,4961,583,4378,26,7,19,12,5,7,0,0,0
18,301,District - Dhubri (02),Total,80+,14454,6575,7879,777,441,336,6596,5039,1557,7035,1070,5965,35,21,14,11,4,7,0,0,0
18,301,District - Dhubri (02),Total,Age not stated,1546,808,738,786,466,320,663,328,335,91,13,78,3,1,2,3,0,3,0,0,0
18,301,District - Dhubri (02),Total,Less than 18,865521,449685,415836,849606,446563,403043,15261,2991,12270,312,68,244,173,44,129,169,19,150,0,0,0
18,301,District - Dhubri (02),Total,Less than 21,988976,508330,480646,917062,496191,420871,70210,11896,58314,711,124,587,412,73,339,581,46,535,0,0,0
18,301,District - Dhubri (02),Rural,All ages,1745557,893914,851643,917090,516801,400289,752105,370411,381694,67952,5675,62277,4271,498,3773,4139,529,3610,0,0,0
18,301,District - Dhubri (02),Rural,0-9,491129,249493,241636,491129,249493,241636,0,0,0,0,0,0,0,0,0,0,0,0,0,0,0
18,301,District - Dhubri (02),Rural,10-14,212895,110996,101899,209116,109874,99242,3530,1059,2471,126,31,95,78,22,56,45,10,35,0,0,0
18,301,District - Dhubri (02),Rural,15-19,165775,89395,76380,126516,84166,42350,38435,5123,33312,327,56,271,195,34,161,302,16,286,0,0,0
18,301,District - Dhubri (02),Rural,20-24,160262,78470,81792,55492,45356,10136,102633,32861,69772,944,114,830,428,53,375,765,86,679,0,0,0
18,301,District - Dhubri (02),Rural,25-29,145090,72956,72134,20534,17579,2955,121576,55073,66503,1608,172,1436,582,52,530,790,80,710,0,0,0
18,301,District - Dhubri (02),Rural,30-34,115825,59545,56280,6998,5703,1295,105543,53532,52011,2128,199,1929,540,44,496,616,67,549,0,0,0
18,301,District - Dhubri (02),Rural,35-39,106656,54755,51901,2785,2066,719,99518,52322,47196,3239,231,3008,577,60,517,537,76,461,0,0,0
18,301,District - Dhubri (02),Rural,40-44,85903,45069,40834,1042,682,360,79360,43995,35365,4544,285,4259,556,54,502,401,53,348,0,0,0
18,301,District - Dhubri (02),Rural,45-49,71441,37187,34254,537,297,240,64340,36445,27895,5825,377,5448,456,29,427,283,39,244,0,0,0
18,301,District - Dhubri (02),Rural,50-54,54369,28922,25447,310,165,145,46385,28243,18142,7162,443,6719,334,40,294,178,31,147,0,0,0
18,301,District - Dhubri (02),Rural,55-59,38104,20080,18024,177,84,93,31038,19477,11561,6612,461,6151,186,33,153,91,25,66,0,0,0
18,301,District - Dhubri (02),Rural,60-64,34139,17096,17043,416,209,207,23965,16185,7780,9540,662,8878,163,25,138,55,15,40,0,0,0
18,301,District - Dhubri (02),Rural,65-69,22198,10507,11691,346,192,154,14119,9721,4398,7639,569,7070,63,13,50,31,12,19,0,0,0
18,301,District - Dhubri (02),Rural,70-74,18616,8572,10044,183,80,103,10267,7764,2503,8083,701,7382,58,16,42,25,11,14,0,0,0
18,301,District - Dhubri (02),Rural,75-79,9111,4304,4807,106,48,58,4874,3790,1084,4100,456,3644,23,6,17,8,4,4,0,0,0
18,301,District - Dhubri (02),Rural,80+,12631,5821,6810,675,370,305,5920,4524,1396,5997,907,5090,30,16,14,9,4,5,0,0,0
18,301,District - Dhubri (02),Rural,Age not stated,1413,746,667,728,437,291,602,297,305,78,11,67,2,1,1,3,0,3,0,0,0
18,301,District - Dhubri (02),Rural,Less than 18,801532,416721,384811,786680,413815,372865,14253,2785,11468,289,63,226,153,39,114,157,19,138,0,0,0
18,301,District - Dhubri (02),Rural,Less than 21,911966,469121,442845,844531,457637,386894,65849,11263,54586,666,112,554,365,64,301,555,45,510,0,0,0
18,301,District - Dhubri (02),Urban,All ages,203701,103934,99767,96866,56017,40849,93425,46437,46988,12147,1236,10911,731,157,574,532,87,445,0,0,0
18,301,District - Dhubri (02),Urban,0-9,33576,17230,16346,33576,17230,16346,0,0,0,0,0,0,0,0,0,0,0,0,0,0,0
18,301,District - Dhubri (02),Urban,10-14,19256,9950,9306,19005,9877,9128,228,68,160,10,2,8,9,3,6,4,0,4,0,0,0
18,301,District - Dhubri (02),Urban,15-19,19342,9752,9590,16775,9435,7340,2503,305,2198,23,7,16,26,5,21,15,0,15,0,0,0
18,301,District - Dhubri (02),Urban,20-24,20298,9963,10335,12150,8117,4033,7948,1822,6126,76,12,64,68,6,62,56,6,50,0,0,0
18,301,District - Dhubri (02),Urban,25-29,18969,9722,9247,7253,5492,1761,11408,4193,7215,145,16,129,87,14,73,76,7,69,0,0,0
18,301,District - Dhubri (02),Urban,30-34,16938,8539,8399,3754,2936,818,12701,5543,7158,290,34,256,110,13,97,83,13,70,0,0,0
18,301,District - Dhubri (02),Urban,35-39,16346,8296,8050,1929,1455,474,13685,6764,6921,534,37,497,116,23,93,82,17,65,0,0,0
18,301,District - Dhubri (02),Urban,40-44,14023,7407,6616,865,599,266,12197,6712,5485,794,64,730,90,19,71,77,13,64,0,0,0
18,301,District - Dhubri (02),Urban,45-49,12243,6347,5896,541,328,213,10428,5902,4526,1148,93,1055,69,12,57,57,12,45,0,0,0
18,301,District - Dhubri (02),Urban,50-54,9599,5275,4324,318,168,150,7826,4951,2875,1355,125,1230,59,19,40,41,12,29,0,0,0
18,301,District - Dhubri (02),Urban,55-59,6975,3802,3173,173,92,81,5449,3586,1863,1293,105,1188,41,16,25,19,3,16,0,0,0
18,301,District - Dhubri (02),Urban,60-64,5938,2994,2944,157,75,82,3966,2757,1209,1783,152,1631,21,7,14,11,3,8,0,0,0
18,301,District - Dhubri (02),Urban,65-69,3775,1834,1941,121,60,61,2229,1611,618,1402,152,1250,21,11,10,2,0,2,0,0,0
18,301,District - Dhubri (02),Urban,70-74,2857,1277,1580,57,38,19,1410,1091,319,1382,145,1237,5,3,2,3,0,3,0,0,0
18,301,District - Dhubri (02),Urban,75-79,1610,730,880,32,15,17,710,586,124,861,127,734,3,1,2,4,1,3,0,0,0
18,301,District - Dhubri (02),Urban,80+,1823,754,1069,102,71,31,676,515,161,1038,163,875,5,5,0,2,0,2,0,0,0
18,301,District - Dhubri (02),Urban,Age not stated,133,62,71,58,29,29,61,31,30,13,2,11,1,0,1,0,0,0,0,0,0
18,301,District - Dhubri (02),Urban,Less than 18,63989,32964,31025,62926,32748,30178,1008,206,802,23,5,18,20,5,15,12,0,12,0,0,0
18,301,District - Dhubri (02),Urban,Less than 21,77010,39209,37801,72531,38554,33977,4361,633,3728,45,12,33,47,9,38,26,1,25,0,0,0
18,302,District - Goalpara (03),Total,All ages,1008183,513292,494891,521609,291267,230342,438883,216822,222061,43890,4545,39345,2047,325,1722,1754,333,1421,0,0,0
18,302,District - Goalpara (03),Total,0-9,245557,125065,120492,245557,125065,120492,0,0,0,0,0,0,0,0,0,0,0,0,0,0,0
18,302,District - Goalpara (03),Total,10-14,118515,61087,57428,116467,60478,55989,1924,569,1355,71,15,56,33,16,17,20,9,11,0,0,0
18,302,District - Goalpara (03),Total,15-19,102641,54846,47795,83942,52060,31882,18318,2716,15602,214,41,173,90,22,68,77,7,70,0,0,0
18,302,District - Goalpara (03),Total,20-24,94834,45526,49308,40520,29221,11299,53384,16190,37194,484,65,419,195,24,171,251,26,225,0,0,0
18,302,District - Goalpara (03),Total,25-29,88962,44433,44529,19090,14250,4840,68394,29989,38405,915,113,802,269,35,234,294,46,248,0,0,0
18,302,District - Goalpara (03),Total,30-34,69734,35460,34274,7619,5519,2100,60346,29727,30619,1271,135,1136,252,29,223,246,50,196,0,0,0
18,302,District - Goalpara (03),Total,35-39,67490,34222,33268,3655,2379,1276,61189,31557,29632,2117,202,1915,278,34,244,251,50,201,0,0,0
18,302,District - Goalpara (03),Total,40-44,54761,28179,26582,1518,795,723,49747,27032,22715,3034,275,2759,238,35,203,224,42,182,0,0,0
18,302,District - Goalpara (03),Total,45-49,47846,24909,22937,949,424,525,42187,24077,18110,4328,353,3975,239,20,219,143,35,108,0,0,0
18,302,District - Goalpara (03),Total,50-54,34845,18762,16083,508,209,299,29285,18152,11133,4797,346,4451,166,31,135,89,24,65,0,0,0
18,302,District - Goalpara (03),Total,55-59,24649,12974,11675,293,122,171,19453,12386,7067,4744,430,4314,98,13,85,61,23,38,0,0,0
18,302,District - Goalpara (03),Total,60-64,20560,9968,10592,332,150,182,14027,9297,4730,6077,495,5582,76,18,58,48,8,40,0,0,0
18,302,District - Goalpara (03),Total,65-69,14264,6823,7441,262,135,127,8731,6114,2617,5187,549,4638,59,16,43,25,9,16,0,0,0
18,302,District - Goalpara (03),Total,70-74,10720,4930,5790,159,54,105,5758,4327,1431,4755,531,4224,33,17,16,15,1,14,0,0,0
18,302,District - Goalpara (03),Total,75-79,5505,2663,2842,77,42,35,2881,2246,635,2537,370,2167,7,5,2,3,0,3,0,0,0
18,302,District - Goalpara (03),Total,80+,6884,3234,3650,439,236,203,3106,2363,743,3320,623,2697,12,9,3,7,3,4,0,0,0
18,302,District - Goalpara (03),Total,Age not stated,416,211,205,222,128,94,153,80,73,39,2,37,2,1,1,0,0,0,0,0,0
18,302,District - Goalpara (03),Total,Less than 18,424578,220251,204327,417396,218567,198829,6906,1608,5298,169,37,132,71,28,43,36,11,25,0,0,0
18,302,District - Goalpara (03),Total,Less than 21,489760,251475,238285,457788,245880,211908,31272,5463,25809,378,68,310,164,44,120,158,20,138,0,0,0
18,302,District - Goalpara (03),Rural,All ages,870121,443244,426877,453867,253335,200532,375823,185410,190413,37240,3956,33284,1710,265,1445,1481,278,1203,0,0,0
18,302,District - Goalpara (03),Rural,0-9,217351,110742,106609,217351,110742,106609,0,0,0,0,0,0,0,0,0,0,0,0,0,0,0
18,302,District - Goalpara (03),Rural,10-14,103968,53741,50227,102197,53213,48984,1670,496,1174,62,14,48,23,11,12,16,7,9,0,0,0
18,302,District - Goalpara (03),Rural,15-19,89052,47698,41354,72569,45246,27323,16153,2392,13761,181,36,145,76,17,59,73,7,66,0,0,0
18,302,District - Goalpara (03),Rural,20-24,80988,38908,42080,33643,24568,9075,46546,14242,32304,416,54,362,163,21,142,220,23,197,0,0,0
18,302,District - Goalpara (03),Rural,25-29,75992,37959,38033,15401,11560,3841,59339,26244,33095,786,91,695,216,24,192,250,40,210,0,0,0
18,302,District - Goalpara (03),Rural,30-34,58991,30086,28905,6044,4359,1685,51432,25542,25890,1097,119,978,200,20,180,218,46,172,0,0,0
18,302,District - Goalpara (03),Rural,35-39,57029,28933,28096,2886,1838,1048,51947,26862,25085,1755,163,1592,230,30,200,211,40,171,0,0,0
18,302,District - Goalpara (03),Rural,40-44,46018,23597,22421,1176,604,572,41989,22688,19301,2492,241,2251,187,29,158,174,35,139,0,0,0
18,302,District - Goalpara (03),Rural,45-49,40368,21078,19290,727,317,410,35727,20419,15308,3591,305,3286,211,14,197,112,23,89,0,0,0
18,302,District - Goalpara (03),Rural,50-54,29306,15754,13552,392,156,236,24732,15247,9485,3968,303,3665,142,28,114,72,20,52,0,0,0
18,302,District - Goalpara (03),Rural,55-59,20962,10909,10053,219,90,129,16549,10406,6143,4059,382,3677,85,12,73,50,19,31,0,0,0
18,302,District - Goalpara (03),Rural,60-64,17516,8401,9115,263,119,144,11954,7827,4127,5191,434,4757,68,15,53,40,6,34,0,0,0
18,302,District - Goalpara (03),Rural,65-69,12272,5908,6364,212,112,100,7551,5291,2260,4429,482,3947,58,15,43,22,8,14,0,0,0
18,302,District - Goalpara (03),Rural,70-74,9171,4201,4970,132,45,87,4913,3689,1224,4081,451,3630,31,15,16,14,1,13,0,0,0
18,302,District - Goalpara (03),Rural,75-79,4777,2309,2468,66,36,30,2490,1937,553,2212,331,1881,7,5,2,2,0,2,0,0,0
18,302,District - Goalpara (03),Rural,80+,6000,2836,3164,390,212,178,2707,2064,643,2885,549,2336,11,8,3,7,3,4,0,0,0
18,302,District - Goalpara (03),Rural,Age not stated,360,184,176,199,118,81,124,64,60,35,1,34,2,1,1,0,0,0,0,0,0
18,302,District - Goalpara (03),Rural,Less than 18,374039,194284,179755,367782,192826,174956,6023,1394,4629,148,35,113,55,20,35,31,9,22,0,0,0
18,302,District - Goalpara (03),Rural,Less than 21,430198,221226,208972,402111,216283,185828,27489,4832,22657,320,61,259,137,33,104,141,17,124,0,0,0
18,302,District - Goalpara (03),Urban,All ages,138062,70048,68014,67742,37932,29810,63060,31412,31648,6650,589,6061,337,60,277,273,55,218,0,0,0
18,302,District - Goalpara (03),Urban,0-9,28206,14323,13883,28206,14323,13883,0,0,0,0,0,0,0,0,0,0,0,0,0,0,0
18,302,District - Goalpara (03),Urban,10-14,14547,7346,7201,14270,7265,7005,254,73,181,9,1,8,10,5,5,4,2,2,0,0,0
18,302,District - Goalpara (03),Urban,15-19,13589,7148,6441,11373,6814,4559,2165,324,1841,33,5,28,14,5,9,4,0,4,0,0,0
18,302,District - Goalpara (03),Urban,20-24,13846,6618,7228,6877,4653,2224,6838,1948,4890,68,11,57,32,3,29,31,3,28,0,0,0
18,302,District - Goalpara (03),Urban,25-29,12970,6474,6496,3689,2690,999,9055,3745,5310,129,22,107,53,11,42,44,6,38,0,0,0
18,302,District - Goalpara (03),Urban,30-34,10743,5374,5369,1575,1160,415,8914,4185,4729,174,16,158,52,9,43,28,4,24,0,0,0
18,302,District - Goalpara (03),Urban,35-39,10461,5289,5172,769,541,228,9242,4695,4547,362,39,323,48,4,44,40,10,30,0,0,0
18,302,District - Goalpara (03),Urban,40-44,8743,4582,4161,342,191,151,7758,4344,3414,542,34,508,51,6,45,50,7,43,0,0,0
18,302,District - Goalpara (03),Urban,45-49,7478,3831,3647,222,107,115,6460,3658,2802,737,48,689,28,6,22,31,12,19,0,0,0
18,302,District - Goalpara (03),Urban,50-54,5539,3008,2531,116,53,63,4553,2905,1648,829,43,786,24,3,21,17,4,13,0,0,0
18,302,District - Goalpara (03),Urban,55-59,3687,2065,1622,74,32,42,2904,1980,924,685,48,637,13,1,12,11,4,7,0,0,0
18,302,District - Goalpara (03),Urban,60-64,3044,1567,1477,69,31,38,2073,1470,603,886,61,825,8,3,5,8,2,6,0,0,0
18,302,District - Goalpara (03),Urban,65-69,1992,915,1077,50,23,27,1180,823,357,758,67,691,1,1,0,3,1,2,0,0,0
18,302,District - Goalpara (03),Urban,70-74,1549,729,820,27,9,18,845,638,207,674,80,594,2,2,0,1,0,1,0,0,0
18,302,District - Goalpara (03),Urban,75-79,728,354,374,11,6,5,391,309,82,325,39,286,0,0,0,1,0,1,0,0,0
18,302,District - Goalpara (03),Urban,80+,884,398,486,49,24,25,399,299,100,435,74,361,1,1,0,0,0,0,0,0,0
18,302,District - Goalpara (03),Urban,Age not stated,56,27,29,23,10,13,29,16,13,4,1,3,0,0,0,0,0,0,0,0,0
18,302,District - Goalpara (03),Urban,Less than 18,50539,25967,24572,49614,25741,23873,883,214,669,21,2,19,16,8,8,5,2,3,0,0,0
18,302,District - Goalpara (03),Urban,Less than 21,59562,30249,29313,55677,29597,26080,3783,631,3152,58,7,51,27,11,16,17,3,14,0,0,0
18,303,District - Barpeta (04),Total,All ages,1693622,867004,826618,866890,490498,376392,750463,369135,381328,70546,6477,64069,2924,481,2443,2799,413,2386,0,0,0
18,303,District - Barpeta (04),Total,0-9,418086,212687,205399,418086,212687,205399,0,0,0,0,0,0,0,0,0,0,0,0,0,0,0
18,303,District - Barpeta (04),Total,10-14,198779,103144,95635,195943,102228,93715,2655,864,1791,102,22,80,48,17,31,31,13,18,0,0,0
18,303,District - Barpeta (04),Total,15-19,156404,87787,68617,131254,84235,47019,24707,3481,21226,229,41,188,92,19,73,122,11,111,0,0,0
18,303,District - Barpeta (04),Total,20-24,153925,74412,79513,65168,48588,16580,87502,25681,61821,590,78,512,207,27,180,458,38,420,0,0,0
18,303,District - Barpeta (04),Total,25-29,145118,71685,73433,30410,23781,6629,112718,47659,65059,1143,146,997,366,49,317,481,50,431,0,0,0
18,303,District - Barpeta (04),Total,30-34,119874,60448,59426,13039,10323,2716,104379,49856,54523,1722,161,1561,332,46,286,402,62,340,0,0,0
18,303,District - Barpeta (04),Total,35-39,113521,57930,55591,5895,4478,1417,104062,53139,50923,2800,200,2600,365,51,314,399,62,337,0,0,0
18,303,District - Barpeta (04),Total,40-44,92238,48070,44168,2373,1594,779,84974,46072,38902,4184,294,3890,398,57,341,309,53,256,0,0,0
18,303,District - Barpeta (04),Total,45-49,79413,41316,38097,1167,651,516,71907,40201,31706,5758,382,5376,348,42,306,233,40,193,0,0,0
18,303,District - Barpeta (04),Total,50-54,61385,32574,28811,689,364,325,52856,31667,21189,7383,475,6908,299,38,261,158,30,128,0,0,0
18,303,District - Barpeta (04),Total,55-59,44080,23511,20569,381,190,191,36401,22740,13661,7061,535,6526,150,28,122,87,18,69,0,0,0
18,303,District - Barpeta (04),Total,60-64,38752,19287,19465,515,267,248,27734,18203,9531,10314,772,9542,135,29,106,54,16,38,0,0,0
18,303,District - Barpeta (04),Total,65-69,25179,12272,12907,366,225,141,16522,11352,5170,8200,672,7528,65,16,49,26,7,19,0,0,0
18,303,District - Barpeta (04),Total,70-74,21022,9889,11133,217,104,113,11888,8889,2999,8841,869,7972,56,22,34,20,5,15,0,0,0
18,303,District - Barpeta (04),Total,75-79,10728,5147,5581,103,47,56,5689,4438,1251,4911,648,4263,20,14,6,5,0,5,0,0,0
18,303,District - Barpeta (04),Total,80+,14209,6385,7824,746,432,314,6166,4749,1417,7247,1174,6073,37,22,15,13,8,5,0,0,0
18,303,District - Barpeta (04),Total,Age not stated,909,460,449,538,304,234,303,144,159,61,8,53,6,4,2,1,0,1,0,0,0
18,303,District - Barpeta (04),Total,Less than 18,710049,370605,339444,701480,368344,333136,8172,2176,5996,240,42,198,87,27,60,70,16,54,0,0,0
18,303,District - Barpeta (04),Total,Less than 21,810467,420835,389632,764203,412989,351214,45372,7692,37680,451,79,372,188,43,145,253,32,221,0,0,0
18,303,District - Barpeta (04),Rural,All ages,1546269,791789,754480,797460,450431,347029,681750,334978,346772,61793,5603,56190,2626,408,2218,2640,369,2271,0,0,0
18,303,District - Barpeta (04),Rural,0-9,396567,201767,194800,396567,201767,194800,0,0,0,0,0,0,0,0,0,0,0,0,0,0,0
18,303,District - Barpeta (04),Rural,10-14,185380,96144,89236,182729,95288,87441,2484,808,1676,92,20,72,45,15,30,30,13,17,0,0,0
18,303,District - Barpeta (04),Rural,15-19,142454,80457,61997,118483,77087,41396,23562,3306,20256,205,37,168,85,17,68,119,10,109,0,0,0
18,303,District - Barpeta (04),Rural,20-24,139225,67124,72101,55370,42381,12989,82677,24614,58063,548,70,478,180,22,158,450,37,413,0,0,0
18,303,District - Barpeta (04),Rural,25-29,131454,64899,66555,24479,19532,4947,105141,45144,59997,1044,137,907,324,38,286,466,48,418,0,0,0
18,303,District - Barpeta (04),Rural,30-34,107275,54144,53131,9851,7832,2019,95215,46081,49134,1538,141,1397,299,36,263,372,54,318,0,0,0
18,303,District - Barpeta (04),Rural,35-39,101160,51806,49354,4390,3324,1066,93622,48207,45415,2455,178,2277,323,45,278,370,52,318,0,0,0
18,303,District - Barpeta (04),Rural,40-44,81329,42391,38938,1745,1146,599,75316,40904,34412,3624,245,3379,356,48,308,288,48,240,0,0,0
18,303,District - Barpeta (04),Rural,45-49,69905,36290,33615,854,457,397,63554,35442,28112,4975,323,4652,307,32,275,215,36,179,0,0,0
18,303,District - Barpeta (04),Rural,50-54,54080,28523,25557,499,261,238,46727,27812,18915,6439,392,6047,272,34,238,143,24,119,0,0,0
18,303,District - Barpeta (04),Rural,55-59,38890,20636,18254,275,135,140,32236,20018,12218,6159,441,5718,139,25,114,81,17,64,0,0,0
18,303,District - Barpeta (04),Rural,60-64,34394,17077,17317,432,221,211,24778,16151,8627,9010,668,8342,125,23,102,49,14,35,0,0,0
18,303,District - Barpeta (04),Rural,65-69,22193,10828,11365,319,195,124,14676,10053,4623,7114,558,6556,60,16,44,24,6,18,0,0,0
18,303,District - Barpeta (04),Rural,70-74,18795,8881,9914,182,82,100,10744,8008,2736,7798,766,7032,53,21,32,18,4,14,0,0,0
18,303,District - Barpeta (04),Rural,75-79,9495,4572,4923,88,41,47,5088,3955,1133,4296,563,3733,19,13,6,4,0,4,0,0,0
18,303,District - Barpeta (04),Rural,80+,12821,5819,7002,687,397,290,5650,4340,1310,6440,1056,5384,34,20,14,10,6,4,0,0,0
18,303,District - Barpeta (04),Rural,Age not stated,852,431,421,510,285,225,280,135,145,56,8,48,5,3,2,1,0,1,0,0,0
18,303,District - Barpeta (04),Rural,Less than 18,666928,348272,318656,658911,346156,312755,7653,2038,5615,215,38,177,81,24,57,68,16,52,0,0,0
18,303,District - Barpeta (04),Rural,Less than 21,758243,393982,364261,714288,386517,327771,43126,7323,35803,409,72,337,172,39,133,248,31,217,0,0,0
18,303,District - Barpeta (04),Urban,All ages,147353,75215,72138,69430,40067,29363,68713,34157,34556,8753,874,7879,298,73,225,159,44,115,0,0,0
18,303,District - Barpeta (04),Urban,0-9,21519,10920,10599,21519,10920,10599,0,0,0,0,0,0,0,0,0,0,0,0,0,0,0
18,303,District - Barpeta (04),Urban,10-14,13399,7000,6399,13214,6940,6274,171,56,115,10,2,8,3,2,1,1,0,1,0,0,0
18,303,District - Barpeta (04),Urban,15-19,13950,7330,6620,12771,7148,5623,1145,175,970,24,4,20,7,2,5,3,1,2,0,0,0
18,303,District - Barpeta (04),Urban,20-24,14700,7288,7412,9798,6207,3591,4825,1067,3758,42,8,34,27,5,22,8,1,7,0,0,0
18,303,District - Barpeta (04),Urban,25-29,13664,6786,6878,5931,4249,1682,7577,2515,5062,99,9,90,42,11,31,15,2,13,0,0,0
18,303,District - Barpeta (04),Urban,30-34,12599,6304,6295,3188,2491,697,9164,3775,5389,184,20,164,33,10,23,30,8,22,0,0,0
18,303,District - Barpeta (04),Urban,35-39,12361,6124,6237,1505,1154,351,10440,4932,5508,345,22,323,42,6,36,29,10,19,0,0,0
18,303,District - Barpeta (04),Urban,40-44,10909,5679,5230,628,448,180,9658,5168,4490,560,49,511,42,9,33,21,5,16,0,0,0
18,303,District - Barpeta (04),Urban,45-49,9508,5026,4482,313,194,119,8353,4759,3594,783,59,724,41,10,31,18,4,14,0,0,0
18,303,District - Barpeta (04),Urban,50-54,7305,4051,3254,190,103,87,6129,3855,2274,944,83,861,27,4,23,15,6,9,0,0,0
18,303,District - Barpeta (04),Urban,55-59,5190,2875,2315,106,55,51,4165,2722,1443,902,94,808,11,3,8,6,1,5,0,0,0
18,303,District - Barpeta (04),Urban,60-64,4358,2210,2148,83,46,37,2956,2052,904,1304,104,1200,10,6,4,5,2,3,0,0,0
18,303,District - Barpeta (04),Urban,65-69,2986,1444,1542,47,30,17,1846,1299,547,1086,114,972,5,0,5,2,1,1,0,0,0
18,303,District - Barpeta (04),Urban,70-74,2227,1008,1219,35,22,13,1144,881,263,1043,103,940,3,1,2,2,1,1,0,0,0
18,303,District - Barpeta (04),Urban,75-79,1233,575,658,15,6,9,601,483,118,615,85,530,1,1,0,1,0,1,0,0,0
18,303,District - Barpeta (04),Urban,80+,1388,566,822,59,35,24,516,409,107,807,118,689,3,2,1,3,2,1,0,0,0
18,303,District - Barpeta (04),Urban,Age not stated,57,29,28,28,19,9,23,9,14,5,0,5,1,1,0,0,0,0,0,0,0
18,303,District - Barpeta (04),Urban,Less than 18,43121,22333,20788,42569,22188,20381,519,138,381,25,4,21,6,3,3,2,0,2,0,0,0
18,303,District - Barpeta (04),Urban,Less than 21,52224,26853,25371,49915,26472,23443,2246,369,1877,42,7,35,16,4,12,5,1,4,0,0,0
18,304,District - Morigaon (05),Total,All ages,957423,486651,470772,499028,276259,222769,414889,203877,211012,39984,5795,34189,1428,321,1107,2094,399,1695,0,0,0
18,304,District - Morigaon (05),Total,0-9,237926,121213,116713,237926,121213,116713,0,0,0,0,0,0,0,0,0,0,0,0,0,0,0
18,304,District - Morigaon (05),Total,10-14,114433,58521,55912,112562,57926,54636,1750,559,1191,80,25,55,19,4,15,22,7,15,0,0,0
18,304,District - Morigaon (05),Total,15-19,92456,48555,43901,77873,46180,31693,14268,2314,11954,172,33,139,45,18,27,98,10,88,0,0,0
18,304,District - Morigaon (05),Total,20-24,85234,41056,44178,37602,27394,10208,46790,13510,33280,462,93,369,106,24,82,274,35,239,0,0,0
18,304,District - Morigaon (05),Total,25-29,82688,40912,41776,17212,13271,3941,64097,27398,36699,881,160,721,137,23,114,361,60,301,0,0,0
18,304,District - Morigaon (05),Total,30-34,67532,33840,33692,7078,5293,1785,58662,28271,30391,1316,189,1127,171,24,147,305,63,242,0,0,0
18,304,District - Morigaon (05),Total,35-39,63440,32273,31167,3289,2174,1115,57722,29711,28011,1938,289,1649,196,50,146,295,49,246,0,0,0
18,304,District - Morigaon (05),Total,40-44,50621,26426,24195,1719,947,772,45832,25046,20786,2650,345,2305,192,35,157,228,53,175,0,0,0
18,304,District - Morigaon (05),Total,45-49,43631,22769,20862,978,434,544,38811,21800,17011,3488,455,3033,152,39,113,202,41,161,0,0,0
18,304,District - Morigaon (05),Total,50-54,33459,17661,15798,546,241,305,28352,16827,11525,4304,540,3764,130,25,105,127,28,99,0,0,0
18,304,District - Morigaon (05),Total,55-59,22830,12065,10765,305,134,171,18715,11385,7330,3662,512,3150,81,20,61,67,14,53,0,0,0
18,304,District - Morigaon (05),Total,60-64,22619,11115,11504,309,147,162,16170,10227,5943,6003,715,5288,91,16,75,46,10,36,0,0,0
18,304,District - Morigaon (05),Total,65-69,14043,6975,7068,246,114,132,9259,6233,3026,4465,600,3865,44,15,29,29,13,16,0,0,0
18,304,District - Morigaon (05),Total,70-74,11960,6038,5922,170,82,88,7136,5261,1875,4593,671,3922,40,14,26,21,10,11,0,0,0
18,304,District - Morigaon (05),Total,75-79,5288,2713,2575,74,37,37,3063,2280,783,2133,388,1745,10,4,6,8,4,4,0,0,0
18,304,District - Morigaon (05),Total,80+,8072,3870,4202,474,262,212,3791,2830,961,3785,766,3019,14,10,4,8,2,6,0,0,0
18,304,District - Morigaon (05),Total,Age not stated,1191,649,542,665,410,255,471,225,246,52,14,38,0,0,0,3,0,3,0,0,0
18,304,District - Morigaon (05),Total,Less than 18,408546,209818,198728,402397,208272,194125,5884,1471,4413,176,48,128,41,16,25,48,11,37,0,0,0
18,304,District - Morigaon (05),Total,Less than 21,467313,238879,228434,440312,233767,206545,26355,4986,21369,373,80,293,92,24,68,181,22,159,0,0,0
18,304,District - Morigaon (05),Rural,All ages,884125,449123,435002,463940,256553,207387,380474,186625,193849,36599,5342,31257,1175,238,937,1937,365,1572,0,0,0
18,304,District - Morigaon (05),Rural,0-9,225187,114679,110508,225187,114679,110508,0,0,0,0,0,0,0,0,0,0,0,0,0,0,0
18,304,District - Morigaon (05),Rural,10-14,107263,54873,52390,105496,54313,51183,1653,527,1126,79,24,55,17,4,13,18,5,13,0,0,0
18,304,District - Morigaon (05),Rural,15-19,85243,44903,40340,71502,42670,28832,13447,2178,11269,163,32,131,38,16,22,93,7,86,0,0,0
18,304,District - Morigaon (05),Rural,20-24,77805,37504,40301,33189,24564,8625,43827,12798,31029,441,88,353,87,19,68,261,35,226,0,0,0
18,304,District - Morigaon (05),Rural,25-29,75621,37370,38251,14795,11503,3292,59553,25640,33913,830,152,678,111,18,93,332,57,275,0,0,0
18,304,District - Morigaon (05),Rural,30-34,61661,30861,30800,6066,4512,1554,53968,26093,27875,1199,178,1021,147,20,127,281,58,223,0,0,0
18,304,District - Morigaon (05),Rural,35-39,57522,29451,28071,2809,1836,973,52559,27270,25289,1737,267,1470,152,32,120,265,46,219,0,0,0
18,304,District - Morigaon (05),Rural,40-44,45588,23780,21808,1497,800,697,41347,22591,18756,2376,314,2062,157,26,131,211,49,162,0,0,0
18,304,District - Morigaon (05),Rural,45-49,39092,20341,18751,859,372,487,34773,19495,15278,3146,411,2735,123,25,98,191,38,153,0,0,0
18,304,District - Morigaon (05),Rural,50-54,29965,15582,14383,477,208,269,25357,14831,10526,3905,502,3403,108,17,91,118,24,94,0,0,0
18,304,District - Morigaon (05),Rural,55-59,20544,10673,9871,266,110,156,16845,10070,6775,3309,470,2839,62,11,51,62,12,50,0,0,0
18,304,District - Morigaon (05),Rural,60-64,20899,10246,10653,274,134,140,14990,9445,5545,5516,647,4869,78,12,66,41,8,33,0,0,0
18,304,District - Morigaon (05),Rural,65-69,12985,6451,6534,226,106,120,8595,5774,2821,4101,549,3552,37,11,26,26,11,15,0,0,0
18,304,District - Morigaon (05),Rural,70-74,11199,5660,5539,162,82,80,6708,4921,1787,4273,634,3639,36,13,23,20,10,10,0,0,0
18,304,District - Morigaon (05),Rural,75-79,4922,2533,2389,72,36,36,2874,2131,743,1958,358,1600,10,4,6,8,4,4,0,0,0
18,304,District - Morigaon (05),Rural,80+,7545,3622,3923,445,245,200,3564,2664,900,3517,702,2815,12,10,2,7,1,6,0,0,0
18,304,District - Morigaon (05),Rural,Age not stated,1084,594,490,618,383,235,414,197,217,49,14,35,0,0,0,3,0,3,0,0,0
18,304,District - Morigaon (05),Rural,Less than 18,384428,197486,186942,378644,196026,182618,5534,1389,4145,171,47,124,35,15,20,44,9,35,0,0,0
18,304,District - Morigaon (05),Rural,Less than 21,438441,224240,214201,412973,219418,193555,24860,4705,20155,359,78,281,79,22,57,170,17,153,0,0,0
18,304,District - Morigaon (05),Urban,All ages,73298,37528,35770,35088,19706,15382,34415,17252,17163,3385,453,2932,253,83,170,157,34,123,0,0,0
18,304,District - Morigaon (05),Urban,0-9,12739,6534,6205,12739,6534,6205,0,0,0,0,0,0,0,0,0,0,0,0,0,0,0
18,304,District - Morigaon (05),Urban,10-14,7170,3648,3522,7066,3613,3453,97,32,65,1,1,0,2,0,2,4,2,2,0,0,0
18,304,District - Morigaon (05),Urban,15-19,7213,3652,3561,6371,3510,2861,821,136,685,9,1,8,7,2,5,5,3,2,0,0,0
18,304,District - Morigaon (05),Urban,20-24,7429,3552,3877,4413,2830,1583,2963,712,2251,21,5,16,19,5,14,13,0,13,0,0,0
18,304,District - Morigaon (05),Urban,25-29,7067,3542,3525,2417,1768,649,4544,1758,2786,51,8,43,26,5,21,29,3,26,0,0,0
18,304,District - Morigaon (05),Urban,30-34,5871,2979,2892,1012,781,231,4694,2178,2516,117,11,106,24,4,20,24,5,19,0,0,0
18,304,District - Morigaon (05),Urban,35-39,5918,2822,3096,480,338,142,5163,2441,2722,201,22,179,44,18,26,30,3,27,0,0,0
18,304,District - Morigaon (05),Urban,40-44,5033,2646,2387,222,147,75,4485,2455,2030,274,31,243,35,9,26,17,4,13,0,0,0
18,304,District - Morigaon (05),Urban,45-49,4539,2428,2111,119,62,57,4038,2305,1733,342,44,298,29,14,15,11,3,8,0,0,0
18,304,District - Morigaon (05),Urban,50-54,3494,2079,1415,69,33,36,2995,1996,999,399,38,361,22,8,14,9,4,5,0,0,0
18,304,District - Morigaon (05),Urban,55-59,2286,1392,894,39,24,15,1870,1315,555,353,42,311,19,9,10,5,2,3,0,0,0
18,304,District - Morigaon (05),Urban,60-64,1720,869,851,35,13,22,1180,782,398,487,68,419,13,4,9,5,2,3,0,0,0
18,304,District - Morigaon (05),Urban,65-69,1058,524,534,20,8,12,664,459,205,364,51,313,7,4,3,3,2,1,0,0,0
18,304,District - Morigaon (05),Urban,70-74,761,378,383,8,0,8,428,340,88,320,37,283,4,1,3,1,0,1,0,0,0
18,304,District - Morigaon (05),Urban,75-79,366,180,186,2,1,1,189,149,40,175,30,145,0,0,0,0,0,0,0,0,0
18,304,District - Morigaon (05),Urban,80+,527,248,279,29,17,12,227,166,61,268,64,204,2,0,2,1,1,0,0,0,0
18,304,District - Morigaon (05),Urban,Age not stated,107,55,52,47,27,20,57,28,29,3,0,3,0,0,0,0,0,0,0,0,0
18,304,District - Morigaon (05),Urban,Less than 18,24118,12332,11786,23753,12246,11507,350,82,268,5,1,4,6,1,5,4,2,2,0,0,0
18,304,District - Morigaon (05),Urban,Less than 21,28872,14639,14233,27339,14349,12990,1495,281,1214,14,2,12,13,2,11,11,5,6,0,0,0
18,305,District - Nagaon (06),Total,All ages,2823768,1439112,1384656,1472050,820805,651245,1215481,598343,617138,123849,17562,106287,5361,1237,4124,7027,1165,5862,0,0,0
18,305,District - Nagaon (06),Total,0-9,667906,339790,328116,667906,339790,328116,0,0,0,0,0,0,0,0,0,0,0,0,0,0,0
18,305,District - Nagaon (06),Total,10-14,337490,171406,166084,332887,169975,162912,4269,1317,2952,178,45,133,109,55,54,47,14,33,0,0,0
18,305,District - Nagaon (06),Total,15-19,273468,142792,130676,233554,137043,96511,38972,5568,33404,474,111,363,204,49,155,264,21,243,0,0,0
18,305,District - Nagaon (06),Total,20-24,255222,124381,130841,121928,88564,33364,130639,35457,95182,1207,204,1003,501,82,419,947,74,873,0,0,0
18,305,District - Nagaon (06),Total,25-29,244191,121158,123033,60160,46910,13250,179653,73482,106171,2508,476,2032,600,95,505,1270,195,1075,0,0,0
18,305,District - Nagaon (06),Total,30-34,199547,100308,99239,25507,19677,5830,168498,79677,88821,3819,664,3155,635,122,513,1088,168,920,0,0,0
18,305,District - Nagaon (06),Total,35-39,190984,97027,93957,12397,8952,3445,170813,86857,83956,6061,881,5180,697,150,547,1016,187,829,0,0,0
18,305,District - Nagaon (06),Total,40-44,154763,81416,73347,6259,3990,2269,138808,76056,62752,8312,1111,7201,604,119,485,780,140,640,0,0,0
18,305,District - Nagaon (06),Total,45-49,132740,69330,63410,3544,1842,1702,117256,65910,51346,10769,1346,9423,572,124,448,599,108,491,0,0,0
18,305,District - Nagaon (06),Total,50-54,102976,55222,47754,2121,1056,1065,86815,52414,34401,13180,1542,11638,472,125,347,388,85,303,0,0,0
18,305,District - Nagaon (06),Total,55-59,71952,38515,33437,1168,597,571,58510,36294,22216,11723,1482,10241,321,84,237,230,58,172,0,0,0
18,305,District - Nagaon (06),Total,60-64,69347,35177,34170,1124,547,577,49544,32448,17096,18255,2083,16172,247,64,183,177,35,142,0,0,0
18,305,District - Nagaon (06),Total,65-69,44443,22717,21726,679,326,353,29407,20540,8867,14138,1781,12357,147,41,106,72,29,43,0,0,0
18,305,District - Nagaon (06),Total,70-74,35701,18046,17655,461,224,237,20898,15741,5157,14151,1998,12153,123,57,66,68,26,42,0,0,0
18,305,District - Nagaon (06),Total,75-79,17475,9225,8250,263,153,110,9742,7654,2088,7394,1386,6008,46,22,24,30,10,20,0,0,0
18,305,District - Nagaon (06),Total,80+,24218,11920,12298,1298,707,591,11190,8708,2482,11602,2442,9160,80,48,32,48,15,33,0,0,0
18,305,District - Nagaon (06),Total,Age not stated,1345,682,663,794,452,342,467,220,247,78,10,68,3,0,3,3,0,3,0,0,0
18,305,District - Nagaon (06),Total,Less than 18,1169951,598456,571495,1154242,594781,559461,14926,3456,11470,456,118,338,191,79,112,136,22,114,0,0,0
18,305,District - Nagaon (06),Total,Less than 21,1344284,684638,659646,1270758,672207,598551,71669,12054,59615,905,201,704,412,119,293,540,57,483,0,0,0
18,305,District - Nagaon (06),Rural,All ages,2454234,1250985,1203249,1299289,722526,576763,1040771,511212,529559,103521,15279,88242,4331,929,3402,6322,1039,5283,0,0,0
18,305,District - Nagaon (06),Rural,0-9,609926,310193,299733,609926,310193,299733,0,0,0,0,0,0,0,0,0,0,0,0,0,0,0
18,305,District - Nagaon (06),Rural,10-14,303547,154148,149399,299435,152862,146573,3831,1191,2640,147,38,109,91,45,46,43,12,31,0,0,0
18,305,District - Nagaon (06),Rural,15-19,239028,125259,113769,202676,120027,82649,35505,5073,30432,417,101,316,175,37,138,255,21,234,0,0,0
18,305,District - Nagaon (06),Rural,20-24,219548,107138,112410,99705,74319,25386,117450,32506,84944,1068,184,884,433,62,371,892,67,825,0,0,0
18,305,District - Nagaon (06),Rural,25-29,208995,104041,104954,46468,36991,9477,158639,66346,92293,2235,441,1794,488,80,408,1165,183,982,0,0,0
18,305,District - Nagaon (06),Rural,30-34,168852,85165,83687,18867,14576,4291,145238,69733,75505,3290,604,2686,477,92,385,980,160,820,0,0,0
18,305,District - Nagaon (06),Rural,35-39,160161,81685,78476,8983,6434,2549,144620,74178,70442,5107,802,4305,545,112,433,906,159,747,0,0,0
18,305,District - Nagaon (06),Rural,40-44,128332,67425,60907,4530,2804,1726,115726,63417,52309,6940,1004,5936,465,80,385,671,120,551,0,0,0
18,305,District - Nagaon (06),Rural,45-49,109462,56905,52557,2530,1268,1262,97021,54276,42745,8937,1183,7754,449,82,367,525,96,429,0,0,0
18,305,District - Nagaon (06),Rural,50-54,84835,45110,39725,1543,709,834,71673,42886,28787,10918,1361,9557,370,84,286,331,70,261,0,0,0
18,305,District - Nagaon (06),Rural,55-59,59141,31339,27802,833,409,424,48188,29529,18659,9653,1289,8364,269,62,207,198,50,148,0,0,0
18,305,District - Nagaon (06),Rural,60-64,58309,29373,28936,873,404,469,41721,27106,14615,15341,1787,13554,216,48,168,158,28,130,0,0,0
18,305,District - Nagaon (06),Rural,65-69,37174,19013,18161,518,239,279,24729,17201,7528,11731,1511,10220,132,36,96,64,26,38,0,0,0
18,305,District - Nagaon (06),Rural,70-74,30368,15460,14908,375,173,202,17962,13502,4460,11861,1712,10149,108,49,59,62,24,38,0,0,0
18,305,District - Nagaon (06),Rural,75-79,14524,7774,6750,204,119,85,8273,6486,1787,5978,1144,4834,39,15,24,30,10,20,0,0,0
18,305,District - Nagaon (06),Rural,80+,20827,10347,10480,1117,602,515,9764,7578,2186,9832,2109,7723,73,45,28,41,13,28,0,0,0
18,305,District - Nagaon (06),Rural,Age not stated,1205,610,595,706,397,309,431,204,227,66,9,57,1,0,1,1,0,1,0,0,0
18,305,District - Nagaon (06),Rural,Less than 18,1057788,541161,516627,1043764,537874,505890,13356,3102,10254,377,102,275,161,63,98,130,20,110,0,0,0
18,305,District - Nagaon (06),Rural,Less than 21,1209523,616318,593205,1142716,604994,537722,65145,11001,54144,791,181,610,356,91,265,515,51,464,0,0,0
18,305,District - Nagaon (06),Urban,All ages,369534,188127,181407,172761,98279,74482,174710,87131,87579,20328,2283,18045,1030,308,722,705,126,579,0,0,0
18,305,District - Nagaon (06),Urban,0-9,57980,29597,28383,57980,29597,28383,0,0,0,0,0,0,0,0,0,0,0,0,0,0,0
18,305,District - Nagaon (06),Urban,10-14,33943,17258,16685,33452,17113,16339,438,126,312,31,7,24,18,10,8,4,2,2,0,0,0
18,305,District - Nagaon (06),Urban,15-19,34440,17533,16907,30878,17016,13862,3467,495,2972,57,10,47,29,12,17,9,0,9,0,0,0
18,305,District - Nagaon (06),Urban,20-24,35674,17243,18431,22223,14245,7978,13189,2951,10238,139,20,119,68,20,48,55,7,48,0,0,0
18,305,District - Nagaon (06),Urban,25-29,35196,17117,18079,13692,9919,3773,21014,7136,13878,273,35,238,112,15,97,105,12,93,0,0,0
18,305,District - Nagaon (06),Urban,30-34,30695,15143,15552,6640,5101,1539,23260,9944,13316,529,60,469,158,30,128,108,8,100,0,0,0
18,305,District - Nagaon (06),Urban,35-39,30823,15342,15481,3414,2518,896,26193,12679,13514,954,79,875,152,38,114,110,28,82,0,0,0
18,305,District - Nagaon (06),Urban,40-44,26431,13991,12440,1729,1186,543,23082,12639,10443,1372,107,1265,139,39,100,109,20,89,0,0,0
18,305,District - Nagaon (06),Urban,45-49,23278,12425,10853,1014,574,440,20235,11634,8601,1832,163,1669,123,42,81,74,12,62,0,0,0
18,305,District - Nagaon (06),Urban,50-54,18141,10112,8029,578,347,231,15142,9528,5614,2262,181,2081,102,41,61,57,15,42,0,0,0
18,305,District - Nagaon (06),Urban,55-59,12811,7176,5635,335,188,147,10322,6765,3557,2070,193,1877,52,22,30,32,8,24,0,0,0
18,305,District - Nagaon (06),Urban,60-64,11038,5804,5234,251,143,108,7823,5342,2481,2914,296,2618,31,16,15,19,7,12,0,0,0
18,305,District - Nagaon (06),Urban,65-69,7269,3704,3565,161,87,74,4678,3339,1339,2407,270,2137,15,5,10,8,3,5,0,0,0
18,305,District - Nagaon (06),Urban,70-74,5333,2586,2747,86,51,35,2936,2239,697,2290,286,2004,15,8,7,6,2,4,0,0,0
18,305,District - Nagaon (06),Urban,75-79,2951,1451,1500,59,34,25,1469,1168,301,1416,242,1174,7,7,0,0,0,0,0,0,0
18,305,District - Nagaon (06),Urban,80+,3391,1573,1818,181,105,76,1426,1130,296,1770,333,1437,7,3,4,7,2,5,0,0,0
18,305,District - Nagaon (06),Urban,Age not stated,140,72,68,88,55,33,36,16,20,12,1,11,2,0,2,2,0,2,0,0,0
18,305,District - Nagaon (06),Urban,Less than 18,112163,57295,54868,110478,56907,53571,1570,354,1216,79,16,63,30,16,14,6,2,4,0,0,0
18,305,District - Nagaon (06),Urban,Less than 21,134761,68320,66441,128042,67213,60829,6524,1053,5471,114,20,94,56,28,28,25,6,19,0,0,0
18,306,District - Sonitpur (07),Total,All ages,1924110,983904,940206,966930,530590,436340,857344,428574,428770,92926,22579,70347,3860,1356,2504,3050,805,2245,0,0,0
18,306,District - Sonitpur (07),Total,0-9,407353,207003,200350,407353,207003,200350,0,0,0,0,0,0,0,0,0,0,0,0,0,0,0
18,306,District - Sonitpur (07),Total,10-14,212378,107940,104438,209038,106963,102075,3077,866,2211,164,58,106,76,39,37,23,14,9,0,0,0
18,306,District - Sonitpur (07),Total,15-19,186590,94712,91878,163378,91000,72378,22678,3560,19118,330,99,231,108,41,67,96,12,84,0,0,0
18,306,District - Sonitpur (07),Total,20-24,177180,84940,92240,92777,61557,31220,82896,23069,59827,854,201,653,308,69,239,345,44,301,0,0,0
18,306,District - Sonitpur (07),Total,25-29,176490,87655,88835,47676,34423,13253,126024,52484,73540,1882,539,1343,445,125,320,463,84,379,0,0,0
18,306,District - Sonitpur (07),Total,30-34,145666,74262,71404,20459,14479,5980,121331,58686,62645,2976,867,2109,435,116,319,465,114,351,0,0,0
18,306,District - Sonitpur (07),Total,35-39,139402,71663,67739,10427,6896,3531,123139,63139,60000,4840,1307,3533,526,182,344,470,139,331,0,0,0
18,306,District - Sonitpur (07),Total,40-44,114197,60510,53687,5318,3000,2318,101134,55552,45582,6943,1702,5241,447,157,290,355,99,256,0,0,0
18,306,District - Sonitpur (07),Total,45-49,101974,54564,47410,3270,1612,1658,88829,50497,38332,9149,2204,6945,434,163,271,292,88,204,0,0,0
18,306,District - Sonitpur (07),Total,50-54,76429,41709,34720,1998,970,1028,63306,38068,25238,10566,2470,8096,350,128,222,209,73,136,0,0,0
18,306,District - Sonitpur (07),Total,55-59,54392,29024,25368,1129,524,605,43432,26153,17279,9488,2224,7264,222,75,147,121,48,73,0,0,0
18,306,District - Sonitpur (07),Total,60-64,50387,26571,23816,1169,544,625,34845,22812,12033,14060,3075,10985,228,109,119,85,31,54,0,0,0
18,306,District - Sonitpur (07),Total,65-69,31793,16626,15167,741,375,366,20526,13921,6605,10338,2239,8099,130,66,64,58,25,33,0,0,0
18,306,District - Sonitpur (07),Total,70-74,24131,13020,11111,441,238,203,13646,10396,3250,9938,2326,7612,76,45,31,30,15,15,0,0,0
18,306,District - Sonitpur (07),Total,75-79,10945,6031,4914,200,105,95,5999,4614,1385,4701,1291,3410,36,17,19,9,4,5,0,0,0
18,306,District - Sonitpur (07),Total,80+,13571,6991,6580,874,487,387,5999,4505,1494,6638,1964,4674,35,21,14,25,14,11,0,0,0
18,306,District - Sonitpur (07),Total,Age not stated,1232,683,549,682,414,268,483,252,231,59,13,46,4,3,1,4,1,3,0,0,0
18,306,District - Sonitpur (07),Total,Less than 18,731210,372577,358633,720434,370055,350379,10237,2324,7913,367,121,246,119,57,62,53,20,33,0,0,0
18,306,District - Sonitpur (07),Total,Less than 21,851499,430772,420727,807548,422612,384936,42845,7841,35004,683,194,489,245,91,154,178,34,144,0,0,0
18,306,District - Sonitpur (07),Rural,All ages,1750265,894985,855280,888486,486636,401850,771936,385287,386649,83862,21291,62571,3177,1017,2160,2804,754,2050,0,0,0
18,306,District - Sonitpur (07),Rural,0-9,382345,194225,188120,382345,194225,188120,0,0,0,0,0,0,0,0,0,0,0,0,0,0,0
18,306,District - Sonitpur (07),Rural,10-14,197538,100478,97060,194397,99573,94824,2889,800,2089,159,57,102,71,35,36,22,13,9,0,0,0
18,306,District - Sonitpur (07),Rural,15-19,171135,86835,84300,149238,83307,65931,21394,3386,18008,316,96,220,98,35,63,89,11,78,0,0,0
18,306,District - Sonitpur (07),Rural,20-24,160705,76985,83720,81922,54887,27035,77390,21811,55579,802,194,608,266,53,213,325,40,285,0,0,0
18,306,District - Sonitpur (07),Rural,25-29,160123,79790,80333,41116,29842,11274,116428,49259,67169,1788,519,1269,364,90,274,427,80,347,0,0,0
18,306,District - Sonitpur (07),Rural,30-34,130756,66893,63863,17243,12140,5103,109980,53746,56234,2754,818,1936,355,83,272,424,106,318,0,0,0
18,306,District - Sonitpur (07),Rural,35-39,124254,64185,60069,8728,5679,3049,110249,56973,53276,4442,1264,3178,413,139,274,422,130,292,0,0,0
18,306,District - Sonitpur (07),Rural,40-44,100929,53607,47322,4514,2516,1998,89447,49264,40183,6287,1627,4660,347,105,242,334,95,239,0,0,0
18,306,District - Sonitpur (07),Rural,45-49,89936,48033,41903,2763,1324,1439,78306,44402,33904,8233,2099,6134,368,124,244,266,84,182,0,0,0
18,306,District - Sonitpur (07),Rural,50-54,67064,36373,30691,1644,797,847,55420,33072,22348,9533,2347,7186,279,89,190,188,68,120,0,0,0
18,306,District - Sonitpur (07),Rural,55-59,47826,25292,22534,926,416,510,38082,22675,15407,8527,2104,6423,180,53,127,111,44,67,0,0,0
18,306,District - Sonitpur (07),Rural,60-64,44704,23487,21217,999,469,530,30727,20012,10715,12712,2895,9817,188,82,106,78,29,49,0,0,0
18,306,District - Sonitpur (07),Rural,65-69,28348,14762,13586,633,319,314,18236,12279,5957,9311,2087,7224,114,55,59,54,22,32,0,0,0
18,306,District - Sonitpur (07),Rural,70-74,21668,11711,9957,386,210,176,12196,9258,2938,8993,2192,6801,65,37,28,28,14,14,0,0,0
18,306,District - Sonitpur (07),Rural,75-79,9576,5352,4224,167,87,80,5311,4067,1244,4059,1180,2879,31,14,17,8,4,4,0,0,0
18,306,District - Sonitpur (07),Rural,80+,12179,6322,5857,808,442,366,5423,4048,1375,5890,1799,4091,34,20,14,24,13,11,0,0,0
18,306,District - Sonitpur (07),Rural,Age not stated,1179,655,524,657,403,254,458,235,223,56,13,43,4,3,1,4,1,3,0,0,0
18,306,District - Sonitpur (07),Rural,Less than 18,682400,347730,334670,672297,345380,326917,9592,2163,7429,351,118,233,111,50,61,49,19,30,0,0,0
18,306,District - Sonitpur (07),Rural,Less than 21,792500,400905,391595,751068,393182,357886,40389,7425,32964,653,189,464,223,77,146,167,32,135,0,0,0
18,306,District - Sonitpur (07),Urban,All ages,173845,88919,84926,78444,43954,34490,85408,43287,42121,9064,1288,7776,683,339,344,246,51,195,0,0,0
18,306,District - Sonitpur (07),Urban,0-9,25008,12778,12230,25008,12778,12230,0,0,0,0,0,0,0,0,0,0,0,0,0,0,0
18,306,District - Sonitpur (07),Urban,10-14,14840,7462,7378,14641,7390,7251,188,66,122,5,1,4,5,4,1,1,1,0,0,0,0
18,306,District - Sonitpur (07),Urban,15-19,15455,7877,7578,14140,7693,6447,1284,174,1110,14,3,11,10,6,4,7,1,6,0,0,0
18,306,District - Sonitpur (07),Urban,20-24,16475,7955,8520,10855,6670,4185,5506,1258,4248,52,7,45,42,16,26,20,4,16,0,0,0
18,306,District - Sonitpur (07),Urban,25-29,16367,7865,8502,6560,4581,1979,9596,3225,6371,94,20,74,81,35,46,36,4,32,0,0,0
18,306,District - Sonitpur (07),Urban,30-34,14910,7369,7541,3216,2339,877,11351,4940,6411,222,49,173,80,33,47,41,8,33,0,0,0
18,306,District - Sonitpur (07),Urban,35-39,15148,7478,7670,1699,1217,482,12890,6166,6724,398,43,355,113,43,70,48,9,39,0,0,0
18,306,District - Sonitpur (07),Urban,40-44,13268,6903,6365,804,484,320,11687,6288,5399,656,75,581,100,52,48,21,4,17,0,0,0
18,306,District - Sonitpur (07),Urban,45-49,12038,6531,5507,507,288,219,10523,6095,4428,916,105,811,66,39,27,26,4,22,0,0,0
18,306,District - Sonitpur (07),Urban,50-54,9365,5336,4029,354,173,181,7886,4996,2890,1033,123,910,71,39,32,21,5,16,0,0,0
18,306,District - Sonitpur (07),Urban,55-59,6566,3732,2834,203,108,95,5350,3478,1872,961,120,841,42,22,20,10,4,6,0,0,0
18,306,District - Sonitpur (07),Urban,60-64,5683,3084,2599,170,75,95,4118,2800,1318,1348,180,1168,40,27,13,7,2,5,0,0,0
18,306,District - Sonitpur (07),Urban,65-69,3445,1864,1581,108,56,52,2290,1642,648,1027,152,875,16,11,5,4,3,1,0,0,0
18,306,District - Sonitpur (07),Urban,70-74,2463,1309,1154,55,28,27,1450,1138,312,945,134,811,11,8,3,2,1,1,0,0,0
18,306,District - Sonitpur (07),Urban,75-79,1369,679,690,33,18,15,688,547,141,642,111,531,5,3,2,1,0,1,0,0,0
18,306,District - Sonitpur (07),Urban,80+,1392,669,723,66,45,21,576,457,119,748,165,583,1,1,0,1,1,0,0,0,0
18,306,District - Sonitpur (07),Urban,Age not stated,53,28,25,25,11,14,25,17,8,3,0,3,0,0,0,0,0,0,0,0,0
18,306,District - Sonitpur (07),Urban,Less than 18,48810,24847,23963,48137,24675,23462,645,161,484,16,3,13,8,7,1,4,1,3,0,0,0
18,306,District - Sonitpur (07),Urban,Less than 21,58999,29867,29132,56480,29430,27050,2456,416,2040,30,5,25,22,14,8,11,2,9,0,0,0
18,307,District - Lakhimpur (08),Total,All ages,1042137,529674,512463,530480,289967,240513,465070,229575,235495,43429,9350,34079,1666,480,1186,1492,302,1190,0,0,0
18,307,District - Lakhimpur (08),Total,0-9,228583,116360,112223,228583,116360,112223,0,0,0,0,0,0,0,0,0,0,0,0,0,0,0
18,307,District - Lakhimpur (08),Total,10-14,118490,60864,57626,117128,60439,56689,1284,387,897,47,19,28,22,16,6,9,3,6,0,0,0
18,307,District - Lakhimpur (08),Total,15-19,102738,52527,50211,89561,50338,39223,12943,2137,10806,138,27,111,44,18,26,52,7,45,0,0,0
18,307,District - Lakhimpur (08),Total,20-24,95594,45629,49965,48312,31686,16626,46602,13823,32779,370,82,288,115,24,91,195,14,181,0,0,0
18,307,District - Lakhimpur (08),Total,25-29,93980,45488,48492,24471,17168,7303,68367,28055,40312,709,184,525,181,46,135,252,35,217,0,0,0
18,307,District - Lakhimpur (08),Total,30-34,81142,40559,40583,11142,7653,3489,68409,32505,35904,1208,307,901,163,43,120,220,51,169,0,0,0
18,307,District - Lakhimpur (08),Total,35-39,75760,38946,36814,5249,3347,1902,68041,35013,33028,2056,490,1566,213,57,156,201,39,162,0,0,0
18,307,District - Lakhimpur (08),Total,40-44,59859,31662,28197,2379,1258,1121,54231,29725,24506,2874,578,2296,232,62,170,143,39,104,0,0,0
18,307,District - Lakhimpur (08),Total,45-49,52111,27760,24351,1290,561,729,46454,26326,20128,4025,789,3236,189,48,141,153,36,117,0,0,0
18,307,District - Lakhimpur (08),Total,50-54,37285,20003,17282,626,279,347,32037,18780,13257,4367,875,3492,159,43,116,96,26,70,0,0,0
18,307,District - Lakhimpur (08),Total,55-59,27247,14362,12885,325,142,183,22569,13376,9193,4192,810,3382,101,23,78,60,11,49,0,0,0
18,307,District - Lakhimpur (08),Total,60-64,25835,13126,12709,389,200,189,18668,11687,6981,6631,1195,5436,94,26,68,53,18,35,0,0,0
18,307,District - Lakhimpur (08),Total,65-69,16912,8326,8586,278,126,152,11086,7186,3900,5458,983,4475,66,24,42,24,7,17,0,0,0
18,307,District - Lakhimpur (08),Total,70-74,12853,6767,6086,144,80,64,7580,5507,2073,5066,1150,3916,47,22,25,16,8,8,0,0,0
18,307,District - Lakhimpur (08),Total,75-79,6099,3276,2823,66,36,30,3369,2476,893,2639,747,1892,15,12,3,10,5,5,0,0,0
18,307,District - Lakhimpur (08),Total,80+,7384,3884,3500,368,201,167,3354,2556,798,3631,1109,2522,23,15,8,8,3,5,0,0,0
18,307,District - Lakhimpur (08),Total,Age not stated,265,135,130,169,93,76,76,36,40,18,5,13,2,1,1,0,0,0,0,0,0
18,307,District - Lakhimpur (08),Total,Less than 18,409327,209822,199505,404011,208610,195401,5127,1138,3989,120,38,82,43,27,16,26,9,17,0,0,0
18,307,District - Lakhimpur (08),Total,Less than 21,473480,240954,232526,449657,236337,213320,23370,4504,18866,262,62,200,87,40,47,104,11,93,0,0,0
18,307,District - Lakhimpur (08),Rural,All ages,950804,482582,468222,487643,265966,221677,420990,207239,213751,39431,8755,30676,1416,362,1054,1324,260,1064,0,0,0
18,307,District - Lakhimpur (08),Rural,0-9,213095,108388,104707,213095,108388,104707,0,0,0,0,0,0,0,0,0,0,0,0,0,0,0
18,307,District - Lakhimpur (08),Rural,10-14,109730,56288,53442,108490,55901,52589,1170,353,817,46,18,28,18,14,4,6,2,4,0,0,0
18,307,District - Lakhimpur (08),Rural,15-19,94095,48173,45922,81925,46158,35767,11954,1967,9987,128,26,102,40,17,23,48,5,43,0,0,0
18,307,District - Lakhimpur (08),Rural,20-24,86892,41487,45405,43186,28443,14743,43089,12933,30156,335,77,258,100,20,80,182,14,168,0,0,0
18,307,District - Lakhimpur (08),Rural,25-29,85333,41316,44017,21582,15117,6465,62748,25956,36792,634,178,456,151,35,116,218,30,188,0,0,0
18,307,District - Lakhimpur (08),Rural,30-34,73169,36553,36616,9650,6576,3074,62089,29608,32481,1094,287,807,139,37,102,197,45,152,0,0,0
18,307,District - Lakhimpur (08),Rural,35-39,68086,35078,33008,4544,2844,1700,61339,31707,29632,1840,449,1391,185,44,141,178,34,144,0,0,0
18,307,District - Lakhimpur (08),Rural,40-44,53228,28089,25139,2048,1068,980,48298,26398,21900,2562,550,2012,192,39,153,128,34,94,0,0,0
18,307,District - Lakhimpur (08),Rural,45-49,46353,24576,21777,1084,465,619,41402,23310,18092,3588,747,2841,148,25,123,131,29,102,0,0,0
18,307,District - Lakhimpur (08),Rural,50-54,33138,17590,15548,535,237,298,28458,16497,11961,3930,805,3125,131,29,102,84,22,62,0,0,0
18,307,District - Lakhimpur (08),Rural,55-59,24463,12741,11722,273,121,152,20252,11846,8406,3794,747,3047,91,16,75,53,11,42,0,0,0
18,307,District - Lakhimpur (08),Rural,60-64,23396,11848,11548,325,173,152,16897,10522,6375,6044,1115,4929,84,24,60,46,14,32,0,0,0
18,307,District - Lakhimpur (08),Rural,65-69,15365,7514,7851,241,111,130,10059,6463,3596,4986,916,4070,57,19,38,22,5,17,0,0,0
18,307,District - Lakhimpur (08),Rural,70-74,11804,6208,5596,131,71,60,6975,5033,1942,4640,1078,3562,43,18,25,15,8,7,0,0,0
18,307,District - Lakhimpur (08),Rural,75-79,5584,3004,2580,54,30,24,3095,2257,838,2412,702,1710,14,11,3,9,4,5,0,0,0
18,307,District - Lakhimpur (08),Rural,80+,6834,3607,3227,327,178,149,3098,2358,740,3381,1055,2326,21,13,8,7,3,4,0,0,0
18,307,District - Lakhimpur (08),Rural,Age not stated,239,122,117,153,85,68,67,31,36,17,5,12,2,1,1,0,0,0,0,0,0
18,307,District - Lakhimpur (08),Rural,Less than 18,380107,194724,185383,375206,193614,181592,4727,1042,3685,114,37,77,38,24,14,22,7,15,0,0,0
18,307,District - Lakhimpur (08),Rural,Less than 21,438536,223064,215472,416541,218781,197760,21584,4179,17405,242,59,183,77,37,40,92,8,84,0,0,0
18,307,District - Lakhimpur (08),Urban,All ages,91333,47092,44241,42837,24001,18836,44080,22336,21744,3998,595,3403,250,118,132,168,42,126,0,0,0
18,307,District - Lakhimpur (08),Urban,0-9,15488,7972,7516,15488,7972,7516,0,0,0,0,0,0,0,0,0,0,0,0,0,0,0
18,307,District - Lakhimpur (08),Urban,10-14,8760,4576,4184,8638,4538,4100,114,34,80,1,1,0,4,2,2,3,1,2,0,0,0
18,307,District - Lakhimpur (08),Urban,15-19,8643,4354,4289,7636,4180,3456,989,170,819,10,1,9,4,1,3,4,2,2,0,0,0
18,307,District - Lakhimpur (08),Urban,20-24,8702,4142,4560,5126,3243,1883,3513,890,2623,35,5,30,15,4,11,13,0,13,0,0,0
18,307,District - Lakhimpur (08),Urban,25-29,8647,4172,4475,2889,2051,838,5619,2099,3520,75,6,69,30,11,19,34,5,29,0,0,0
18,307,District - Lakhimpur (08),Urban,30-34,7973,4006,3967,1492,1077,415,6320,2897,3423,114,20,94,24,6,18,23,6,17,0,0,0
18,307,District - Lakhimpur (08),Urban,35-39,7674,3868,3806,705,503,202,6702,3306,3396,216,41,175,28,13,15,23,5,18,0,0,0
18,307,District - Lakhimpur (08),Urban,40-44,6631,3573,3058,331,190,141,5933,3327,2606,312,28,284,40,23,17,15,5,10,0,0,0
18,307,District - Lakhimpur (08),Urban,45-49,5758,3184,2574,206,96,110,5052,3016,2036,437,42,395,41,23,18,22,7,15,0,0,0
18,307,District - Lakhimpur (08),Urban,50-54,4147,2413,1734,91,42,49,3579,2283,1296,437,70,367,28,14,14,12,4,8,0,0,0
18,307,District - Lakhimpur (08),Urban,55-59,2784,1621,1163,52,21,31,2317,1530,787,398,63,335,10,7,3,7,0,7,0,0,0
18,307,District - Lakhimpur (08),Urban,60-64,2439,1278,1161,64,27,37,1771,1165,606,587,80,507,10,2,8,7,4,3,0,0,0
18,307,District - Lakhimpur (08),Urban,65-69,1547,812,735,37,15,22,1027,723,304,472,67,405,9,5,4,2,2,0,0,0,0
18,307,District - Lakhimpur (08),Urban,70-74,1049,559,490,13,9,4,605,474,131,426,72,354,4,4,0,1,0,1,0,0,0
18,307,District - Lakhimpur (08),Urban,75-79,515,272,243,12,6,6,274,219,55,227,45,182,1,1,0,1,1,0,0,0,0
18,307,District - Lakhimpur (08),Urban,80+,550,277,273,41,23,18,256,198,58,250,54,196,2,2,0,1,0,1,0,0,0
18,307,District - Lakhimpur (08),Urban,Age not stated,26,13,13,16,8,8,9,5,4,1,0,1,0,0,0,0,0,0,0,0,0
18,307,District - Lakhimpur (08),Urban,Less than 18,29220,15098,14122,28805,14996,13809,400,96,304,6,1,5,5,3,2,4,2,2,0,0,0
18,307,District - Lakhimpur (08),Urban,Less than 21,34944,17890,17054,33116,17556,15560,1786,325,1461,20,3,17,10,3,7,12,3,9,0,0,0
18,308,District - Dhemaji (09),Total,All ages,686133,351249,334884,354048,193365,160683,306737,151729,155008,23900,5721,18179,751,249,502,697,185,512,0,0,0
18,308,District - Dhemaji (09),Total,0-9,152814,78362,74452,152814,78362,74452,0,0,0,0,0,0,0,0,0,0,0,0,0,0,0
18,308,District - Dhemaji (09),Total,10-14,82165,42008,40157,81128,41687,39441,966,300,666,46,7,39,21,12,9,4,2,2,0,0,0
18,308,District - Dhemaji (09),Total,15-19,70330,36254,34076,62381,34775,27606,7821,1441,6380,81,26,55,24,9,15,23,3,20,0,0,0
18,308,District - Dhemaji (09),Total,20-24,64718,31160,33558,32846,21586,11260,31567,9501,22066,196,48,148,50,11,39,59,14,45,0,0,0
18,308,District - Dhemaji (09),Total,25-29,64194,31747,32447,14953,10592,4361,48627,21002,27625,440,122,318,65,13,52,109,18,91,0,0,0
18,308,District - Dhemaji (09),Total,30-34,52844,27030,25814,5387,3652,1735,46585,23166,23419,687,166,521,76,25,51,109,21,88,0,0,0
18,308,District - Dhemaji (09),Total,35-39,47748,24782,22966,2170,1394,776,44218,23081,21137,1173,264,909,88,23,65,99,20,79,0,0,0
18,308,District - Dhemaji (09),Total,40-44,37101,19636,17465,827,479,348,34517,18743,15774,1589,356,1233,88,25,63,80,33,47,0,0,0
18,308,District - Dhemaji (09),Total,45-49,31937,17214,14723,450,239,211,29219,16466,12753,2106,445,1661,81,30,51,81,34,47,0,0,0
18,308,District - Dhemaji (09),Total,50-54,22908,12186,10722,189,101,88,20091,11521,8570,2512,524,1988,61,18,43,55,22,33,0,0,0
18,308,District - Dhemaji (09),Total,55-59,16963,8842,8121,118,62,56,14450,8225,6225,2327,540,1787,53,13,40,15,2,13,0,0,0
18,308,District - Dhemaji (09),Total,60-64,15787,8150,7637,169,92,77,11996,7288,4708,3549,749,2800,50,17,33,23,4,19,0,0,0
18,308,District - Dhemaji (09),Total,65-69,10327,5141,5186,119,66,53,7328,4445,2883,2830,609,2221,42,20,22,8,1,7,0,0,0
18,308,District - Dhemaji (09),Total,70-74,7869,4183,3686,79,46,33,4859,3382,1477,2881,731,2150,28,17,11,22,7,15,0,0,0
18,308,District - Dhemaji (09),Total,75-79,3894,2185,1709,23,15,8,2323,1658,665,1530,501,1029,14,9,5,4,2,2,0,0,0
18,308,District - Dhemaji (09),Total,80+,4303,2252,2051,231,122,109,2115,1489,626,1941,632,1309,10,7,3,6,2,4,0,0,0
18,308,District - Dhemaji (09),Total,Age not stated,231,117,114,164,95,69,55,21,34,12,1,11,0,0,0,0,0,0,0,0,0
18,308,District - Dhemaji (09),Total,Less than 18,278398,143041,135357,274813,142140,132673,3433,858,2575,101,22,79,36,18,18,15,3,12,0,0,0
18,308,District - Dhemaji (09),Total,Less than 21,321089,164124,156965,306188,161042,145146,14640,3010,11630,176,46,130,51,21,30,34,5,29,0,0,0
18,308,District - Dhemaji (09),Rural,All ages,637848,326278,311570,330050,179910,150140,284431,140585,143846,22070,5408,16662,655,204,451,642,171,471,0,0,0
18,308,District - Dhemaji (09),Rural,0-9,144113,73839,70274,144113,73839,70274,0,0,0,0,0,0,0,0,0,0,0,0,0,0,0
18,308,District - Dhemaji (09),Rural,10-14,76994,39345,37649,76022,39045,36977,903,279,624,44,7,37,21,12,9,4,2,2,0,0,0
18,308,District - Dhemaji (09),Rural,15-19,65307,33672,31635,57803,32270,25533,7381,1366,6015,77,25,52,23,8,15,23,3,20,0,0,0
18,308,District - Dhemaji (09),Rural,20-24,59871,28765,31106,29819,19646,10173,29773,9051,20722,180,44,136,45,10,35,54,14,40,0,0,0
18,308,District - Dhemaji (09),Rural,25-29,59583,29535,30048,13422,9486,3936,45591,19905,25686,407,114,293,60,12,48,103,18,85,0,0,0
18,308,District - Dhemaji (09),Rural,30-34,48803,24990,23813,4765,3208,1557,43231,21587,21644,646,158,488,61,16,45,100,21,79,0,0,0
18,308,District - Dhemaji (09),Rural,35-39,43836,22800,21036,1951,1229,722,40650,21280,19370,1074,253,821,71,20,51,90,18,72,0,0,0
18,308,District - Dhemaji (09),Rural,40-44,33920,17945,15975,746,429,317,31604,17133,14471,1425,338,1087,73,16,57,72,29,43,0,0,0
18,308,District - Dhemaji (09),Rural,45-49,29105,15637,13468,402,209,193,26673,14965,11708,1891,412,1479,64,20,44,75,31,44,0,0,0
18,308,District - Dhemaji (09),Rural,50-54,20989,11096,9893,168,91,77,18433,10475,7958,2285,495,1790,55,16,39,48,19,29,0,0,0
18,308,District - Dhemaji (09),Rural,55-59,15710,8130,7580,107,56,51,13390,7548,5842,2151,513,1638,50,12,38,12,1,11,0,0,0
18,308,District - Dhemaji (09),Rural,60-64,14650,7542,7108,155,85,70,11142,6735,4407,3285,704,2581,46,15,31,22,3,19,0,0,0
18,308,District - Dhemaji (09),Rural,65-69,9632,4753,4879,108,59,49,6844,4106,2738,2635,570,2065,37,17,20,8,1,7,0,0,0
18,308,District - Dhemaji (09),Rural,70-74,7420,3941,3479,75,42,33,4576,3170,1406,2720,706,2014,27,16,11,22,7,15,0,0,0
18,308,District - Dhemaji (09),Rural,75-79,3657,2053,1604,20,13,7,2192,1559,633,1429,472,957,12,7,5,4,2,2,0,0,0
18,308,District - Dhemaji (09),Rural,80+,4043,2125,1918,221,114,107,1998,1406,592,1809,596,1213,10,7,3,5,2,3,0,0,0
18,308,District - Dhemaji (09),Rural,Age not stated,215,110,105,153,89,64,50,20,30,12,1,11,0,0,0,0,0,0,0,0,0
18,308,District - Dhemaji (09),Rural,Less than 18,261493,134306,127187,258109,133457,124652,3238,807,2431,96,22,74,35,17,18,15,3,12,0,0,0
18,308,District - Dhemaji (09),Rural,Less than 21,301046,153794,147252,286974,150867,136107,13824,2859,10965,165,43,122,49,20,29,34,5,29,0,0,0
18,308,District - Dhemaji (09),Urban,All ages,48285,24971,23314,23998,13455,10543,22306,11144,11162,1830,313,1517,96,45,51,55,14,41,0,0,0
18,308,District - Dhemaji (09),Urban,0-9,8701,4523,4178,8701,4523,4178,0,0,0,0,0,0,0,0,0,0,0,0,0,0,0
18,308,District - Dhemaji (09),Urban,10-14,5171,2663,2508,5106,2642,2464,63,21,42,2,0,2,0,0,0,0,0,0,0,0,0
18,308,District - Dhemaji (09),Urban,15-19,5023,2582,2441,4578,2505,2073,440,75,365,4,1,3,1,1,0,0,0,0,0,0,0
18,308,District - Dhemaji (09),Urban,20-24,4847,2395,2452,3027,1940,1087,1794,450,1344,16,4,12,5,1,4,5,0,5,0,0,0
18,308,District - Dhemaji (09),Urban,25-29,4611,2212,2399,1531,1106,425,3036,1097,1939,33,8,25,5,1,4,6,0,6,0,0,0
18,308,District - Dhemaji (09),Urban,30-34,4041,2040,2001,622,444,178,3354,1579,1775,41,8,33,15,9,6,9,0,9,0,0,0
18,308,District - Dhemaji (09),Urban,35-39,3912,1982,1930,219,165,54,3568,1801,1767,99,11,88,17,3,14,9,2,7,0,0,0
18,308,District - Dhemaji (09),Urban,40-44,3181,1691,1490,81,50,31,2913,1610,1303,164,18,146,15,9,6,8,4,4,0,0,0
18,308,District - Dhemaji (09),Urban,45-49,2832,1577,1255,48,30,18,2546,1501,1045,215,33,182,17,10,7,6,3,3,0,0,0
18,308,District - Dhemaji (09),Urban,50-54,1919,1090,829,21,10,11,1658,1046,612,227,29,198,6,2,4,7,3,4,0,0,0
18,308,District - Dhemaji (09),Urban,55-59,1253,712,541,11,6,5,1060,677,383,176,27,149,3,1,2,3,1,2,0,0,0
18,308,District - Dhemaji (09),Urban,60-64,1137,608,529,14,7,7,854,553,301,264,45,219,4,2,2,1,1,0,0,0,0
18,308,District - Dhemaji (09),Urban,65-69,695,388,307,11,7,4,484,339,145,195,39,156,5,3,2,0,0,0,0,0,0
18,308,District - Dhemaji (09),Urban,70-74,449,242,207,4,4,0,283,212,71,161,25,136,1,1,0,0,0,0,0,0,0
18,308,District - Dhemaji (09),Urban,75-79,237,132,105,3,2,1,131,99,32,101,29,72,2,2,0,0,0,0,0,0,0
18,308,District - Dhemaji (09),Urban,80+,260,127,133,10,8,2,117,83,34,132,36,96,0,0,0,1,0,1,0,0,0
18,308,District - Dhemaji (09),Urban,Age not stated,16,7,9,11,6,5,5,1,4,0,0,0,0,0,0,0,0,0,0,0,0
18,308,District - Dhemaji (09),Urban,Less than 18,16905,8735,8170,16704,8683,8021,195,51,144,5,0,5,1,1,0,0,0,0,0,0,0
18,308,District - Dhemaji (09),Urban,Less than 21,20043,10330,9713,19214,10175,9039,816,151,665,11,3,8,2,1,1,0,0,0,0,0,0
18,309,District - Tinsukia (10),Total,All ages,1327929,680231,647698,664134,362816,301318,593561,297454,296107,65568,17924,47644,2895,1420,1475,1771,617,1154,0,0,0
18,309,District - Tinsukia (10),Total,0-9,267622,136428,131194,267622,136428,131194,0,0,0,0,0,0,0,0,0,0,0,0,0,0,0
18,309,District - Tinsukia (10),Total,10-14,144499,74462,70037,142496,73821,68675,1838,573,1265,96,30,66,54,32,22,15,6,9,0,0,0
18,309,District - Tinsukia (10),Total,15-19,133626,68076,65550,119633,65444,54189,13659,2526,11133,246,82,164,54,17,37,34,7,27,0,0,0
18,309,District - Tinsukia (10),Total,20-24,129219,62089,67130,69220,43889,25331,58934,17853,41081,704,262,442,171,55,116,190,30,160,0,0,0
18,309,District - Tinsukia (10),Total,25-29,124908,62195,62713,33233,22987,10246,89494,38427,51067,1573,570,1003,321,128,193,287,83,204,0,0,0
18,309,District - Tinsukia (10),Total,30-34,102664,52484,50180,14066,9723,4343,85627,41781,43846,2320,741,1579,366,146,220,285,93,192,0,0,0
18,309,District - Tinsukia (10),Total,35-39,97097,50368,46729,6765,4360,2405,85922,44638,41284,3766,1094,2672,391,181,210,253,95,158,0,0,0
18,309,District - Tinsukia (10),Total,40-44,80794,42244,38550,3822,2192,1630,70867,38266,32601,5484,1510,3974,397,193,204,224,83,141,0,0,0
18,309,District - Tinsukia (10),Total,45-49,71603,38123,33480,2355,1265,1090,61777,34815,26962,6961,1781,5180,319,167,152,191,95,96,0,0,0
18,309,District - Tinsukia (10),Total,50-54,52834,29060,23774,1433,778,655,43265,26015,17250,7742,2053,5689,270,161,109,124,53,71,0,0,0
18,309,District - Tinsukia (10),Total,55-59,37878,20406,17472,844,453,391,29988,17974,12014,6780,1816,4964,198,131,67,68,32,36,0,0,0
18,309,District - Tinsukia (10),Total,60-64,33949,17670,16279,832,451,381,23180,14704,8476,9720,2403,7317,170,93,77,47,19,28,0,0,0
18,309,District - Tinsukia (10),Total,65-69,19894,10013,9881,546,313,233,12667,8058,4609,6569,1583,4986,91,52,39,21,7,14,0,0,0
18,309,District - Tinsukia (10),Total,70-74,15262,8145,7117,325,191,134,8618,6219,2399,6243,1688,4555,59,41,18,17,6,11,0,0,0
18,309,District - Tinsukia (10),Total,75-79,7268,3931,3337,106,65,41,3862,2833,1029,3273,1018,2255,17,11,6,10,4,6,0,0,0
18,309,District - Tinsukia (10),Total,80+,8292,4270,4022,535,283,252,3677,2685,992,4061,1289,2772,15,10,5,4,3,1,0,0,0
18,309,District - Tinsukia (10),Total,Age not stated,520,267,253,301,173,128,186,87,99,30,4,26,2,2,0,1,1,0,0,0,0
18,309,District - Tinsukia (10),Total,Less than 18,491765,251828,239937,485541,250197,235344,5894,1506,4388,229,74,155,74,41,33,27,10,17,0,0,0
18,309,District - Tinsukia (10),Total,Less than 21,577291,293842,283449,549998,288036,261962,26590,5568,21022,491,162,329,135,58,77,77,18,59,0,0,0
18,309,District - Tinsukia (10),Rural,All ages,1063186,541395,521791,543435,294047,249388,463851,230492,233359,52531,15513,37018,1935,814,1121,1434,529,905,0,0,0
18,309,District - Tinsukia (10),Rural,0-9,228168,115894,112274,228168,115894,112274,0,0,0,0,0,0,0,0,0,0,0,0,0,0,0
18,309,District - Tinsukia (10),Rural,10-14,121189,62250,58939,119500,61720,57780,1550,471,1079,84,29,55,42,25,17,13,5,8,0,0,0
18,309,District - Tinsukia (10),Rural,15-19,109597,55599,53998,97420,53281,44139,11886,2224,9662,215,72,143,44,15,29,32,7,25,0,0,0
18,309,District - Tinsukia (10),Rural,20-24,103479,49234,54245,52367,33319,19048,50190,15613,34577,622,239,383,134,37,97,166,26,140,0,0,0
18,309,District - Tinsukia (10),Rural,25-29,99537,49510,50027,23755,16238,7517,73915,32579,41336,1401,537,864,219,79,140,247,77,170,0,0,0
18,309,District - Tinsukia (10),Rural,30-34,79999,40902,39097,9883,6572,3311,67640,33489,34151,2009,679,1330,237,82,155,230,80,150,0,0,0
18,309,District - Tinsukia (10),Rural,35-39,74261,38417,35844,4635,2844,1791,66010,34397,31613,3177,1004,2173,248,91,157,191,81,110,0,0,0
18,309,District - Tinsukia (10),Rural,40-44,61138,31727,29411,2655,1436,1219,53504,28771,24733,4565,1354,3211,237,96,141,177,70,107,0,0,0
18,309,District - Tinsukia (10),Rural,45-49,53760,28385,25375,1604,838,766,46099,25790,20309,5700,1590,4110,211,89,122,146,78,68,0,0,0
18,309,District - Tinsukia (10),Rural,50-54,39163,21077,18086,932,500,432,31664,18655,13009,6304,1800,4504,164,78,86,99,44,55,0,0,0
18,309,District - Tinsukia (10),Rural,55-59,28448,14936,13512,567,312,255,22249,12923,9326,5457,1600,3857,125,74,51,50,27,23,0,0,0
18,309,District - Tinsukia (10),Rural,60-64,26131,13424,12707,588,321,267,17493,10939,6554,7882,2085,5797,127,60,67,41,19,22,0,0,0
18,309,District - Tinsukia (10),Rural,65-69,15009,7474,7535,384,223,161,9430,5897,3533,5105,1310,3795,74,39,35,16,5,11,0,0,0
18,309,District - Tinsukia (10),Rural,70-74,11668,6318,5350,246,147,99,6597,4724,1873,4765,1410,3355,45,31,14,15,6,9,0,0,0
18,309,District - Tinsukia (10),Rural,75-79,5200,2847,2353,76,46,30,2768,1997,771,2334,794,1540,15,9,6,7,1,6,0,0,0
18,309,District - Tinsukia (10),Rural,80+,6021,3187,2834,419,222,197,2701,1950,751,2887,1006,1881,11,7,4,3,2,1,0,0,0
18,309,District - Tinsukia (10),Rural,Age not stated,418,214,204,236,134,102,155,73,82,24,4,20,2,2,0,1,1,0,0,0,0
18,309,District - Tinsukia (10),Rural,Less than 18,414940,211754,203186,409635,210382,199253,5021,1262,3759,198,68,130,61,33,28,25,9,16,0,0,0
18,309,District - Tinsukia (10),Rural,Less than 21,484674,245714,238960,461033,240625,220408,23032,4882,18150,430,145,285,110,46,64,69,16,53,0,0,0
18,309,District - Tinsukia (10),Urban,All ages,264743,138836,125907,120699,68769,51930,129710,66962,62748,13037,2411,10626,960,606,354,337,88,249,0,0,0
18,309,District - Tinsukia (10),Urban,0-9,39454,20534,18920,39454,20534,18920,0,0,0,0,0,0,0,0,0,0,0,0,0,0,0
18,309,District - Tinsukia (10),Urban,10-14,23310,12212,11098,22996,12101,10895,288,102,186,12,1,11,12,7,5,2,1,1,0,0,0
18,309,District - Tinsukia (10),Urban,15-19,24029,12477,11552,22213,12163,10050,1773,302,1471,31,10,21,10,2,8,2,0,2,0,0,0
18,309,District - Tinsukia (10),Urban,20-24,25740,12855,12885,16853,10570,6283,8744,2240,6504,82,23,59,37,18,19,24,4,20,0,0,0
18,309,District - Tinsukia (10),Urban,25-29,25371,12685,12686,9478,6749,2729,15579,5848,9731,172,33,139,102,49,53,40,6,34,0,0,0
18,309,District - Tinsukia (10),Urban,30-34,22665,11582,11083,4183,3151,1032,17987,8292,9695,311,62,249,129,64,65,55,13,42,0,0,0
18,309,District - Tinsukia (10),Urban,35-39,22836,11951,10885,2130,1516,614,19912,10241,9671,589,90,499,143,90,53,62,14,48,0,0,0
18,309,District - Tinsukia (10),Urban,40-44,19656,10517,9139,1167,756,411,17363,9495,7868,919,156,763,160,97,63,47,13,34,0,0,0
18,309,District - Tinsukia (10),Urban,45-49,17843,9738,8105,751,427,324,15678,9025,6653,1261,191,1070,108,78,30,45,17,28,0,0,0
18,309,District - Tinsukia (10),Urban,50-54,13671,7983,5688,501,278,223,11601,7360,4241,1438,253,1185,106,83,23,25,9,16,0,0,0
18,309,District - Tinsukia (10),Urban,55-59,9430,5470,3960,277,141,136,7739,5051,2688,1323,216,1107,73,57,16,18,5,13,0,0,0
18,309,District - Tinsukia (10),Urban,60-64,7818,4246,3572,244,130,114,5687,3765,1922,1838,318,1520,43,33,10,6,0,6,0,0,0
18,309,District - Tinsukia (10),Urban,65-69,4885,2539,2346,162,90,72,3237,2161,1076,1464,273,1191,17,13,4,5,2,3,0,0,0
18,309,District - Tinsukia (10),Urban,70-74,3594,1827,1767,79,44,35,2021,1495,526,1478,278,1200,14,10,4,2,0,2,0,0,0
18,309,District - Tinsukia (10),Urban,75-79,2068,1084,984,30,19,11,1094,836,258,939,224,715,2,2,0,3,3,0,0,0,0
18,309,District - Tinsukia (10),Urban,80+,2271,1083,1188,116,61,55,976,735,241,1174,283,891,4,3,1,1,1,0,0,0,0
18,309,District - Tinsukia (10),Urban,Age not stated,102,53,49,65,39,26,31,14,17,6,0,6,0,0,0,0,0,0,0,0,0
18,309,District - Tinsukia (10),Urban,Less than 18,76825,40074,36751,75906,39815,36091,873,244,629,31,6,25,13,8,5,2,1,1,0,0,0
18,309,District - Tinsukia (10),Urban,Less than 21,92617,48128,44489,88965,47411,41554,3558,686,2872,61,17,44,25,12,13,8,2,6,0,0,0
18,310,District - Dibrugarh (11),Total,All ages,1326335,676434,649901,642688,351651,291037,613557,305856,307701,66217,17370,48847,2244,1079,1165,1629,478,1151,0,0,0
18,310,District - Dibrugarh (11),Total,0-9,241048,122998,118050,241048,122998,118050,0,0,0,0,0,0,0,0,0,0,0,0,0,0,0
18,310,District - Dibrugarh (11),Total,10-14,136430,70279,66151,134376,69552,64824,1876,655,1221,107,36,71,58,32,26,13,4,9,0,0,0
18,310,District - Dibrugarh (11),Total,15-19,131642,66811,64831,118634,64383,54251,12663,2310,10353,234,81,153,73,29,44,38,8,30,0,0,0
18,310,District - Dibrugarh (11),Total,20-24,129599,62113,67486,72942,45871,27071,55792,15967,39825,572,182,390,135,52,83,158,41,117,0,0,0
18,310,District - Dibrugarh (11),Total,25-29,128428,63701,64727,37447,25881,11566,89195,37198,51997,1354,498,856,203,76,127,229,48,181,0,0,0
18,310,District - Dibrugarh (11),Total,30-34,106968,54535,52433,16154,11113,5041,88084,42536,45548,2211,728,1483,270,99,171,249,59,190,0,0,0
18,310,District - Dibrugarh (11),Total,35-39,103446,52779,50667,8292,5028,3264,90693,46441,44252,3908,1082,2826,283,132,151,270,96,174,0,0,0
18,310,District - Dibrugarh (11),Total,40-44,84519,44007,40512,4579,2421,2158,74192,40020,34172,5249,1348,3901,302,150,152,197,68,129,0,0,0
18,310,District - Dibrugarh (11),Total,45-49,76931,40535,36396,3049,1387,1662,66270,37141,29129,7136,1790,5346,282,150,132,194,67,127,0,0,0
18,310,District - Dibrugarh (11),Total,50-54,56162,30495,25667,1771,813,958,46281,27623,18658,7816,1945,5871,185,86,99,109,28,81,0,0,0
18,310,District - Dibrugarh (11),Total,55-59,41144,21825,19319,1113,521,592,32524,19388,13136,7287,1809,5478,159,87,72,61,20,41,0,0,0
18,310,District - Dibrugarh (11),Total,60-64,35569,18103,17466,1050,491,559,24610,15271,9339,9756,2254,7502,108,73,35,45,14,31,0,0,0
18,310,District - Dibrugarh (11),Total,65-69,21817,11137,10680,690,330,360,14226,9099,5127,6789,1652,5137,77,45,32,35,11,24,0,0,0
18,310,District - Dibrugarh (11),Total,70-74,15710,8220,7490,360,181,179,9018,6361,2657,6265,1642,4623,47,27,20,20,9,11,0,0,0
18,310,District - Dibrugarh (11),Total,75-79,7600,4160,3440,189,100,89,4153,3089,1064,3226,946,2280,30,23,7,2,2,0,0,0,0
18,310,District - Dibrugarh (11),Total,80+,8772,4417,4355,662,361,301,3810,2668,1142,4264,1370,2894,28,15,13,8,3,5,0,0,0
18,310,District - Dibrugarh (11),Total,Age not stated,550,319,231,332,220,112,170,89,81,43,7,36,4,3,1,1,0,1,0,0,0
18,310,District - Dibrugarh (11),Total,Less than 18,455685,233260,222425,449623,231577,218046,5690,1549,4141,252,80,172,93,46,47,27,8,19,0,0,0
18,310,District - Dibrugarh (11),Total,Less than 21,539415,274362,265053,514375,269145,245230,24353,4981,19372,456,146,310,154,72,82,77,18,59,0,0,0
18,310,District - Dibrugarh (11),Rural,All ages,1082605,550299,532306,533637,290229,243408,491299,243579,247720,54811,15396,39415,1549,699,850,1309,396,913,0,0,0
18,310,District - Dibrugarh (11),Rural,0-9,207154,105488,101666,207154,105488,101666,0,0,0,0,0,0,0,0,0,0,0,0,0,0,0
18,310,District - Dibrugarh (11),Rural,10-14,116574,59952,56622,114879,59352,55527,1544,538,1006,96,34,62,42,24,18,13,4,9,0,0,0
18,310,District - Dibrugarh (11),Rural,15-19,110112,55774,54338,98736,53660,45076,11079,2010,9069,214,74,140,50,22,28,33,8,25,0,0,0
18,310,District - Dibrugarh (11),Rural,20-24,105870,50428,55442,56772,36115,20657,48363,14078,34285,496,168,328,96,31,65,143,36,107,0,0,0
18,310,District - Dibrugarh (11),Rural,25-29,104339,51913,52426,27968,19378,8590,74828,31977,42851,1211,471,740,137,43,94,195,44,151,0,0,0
18,310,District - Dibrugarh (11),Rural,30-34,85585,43781,41804,11847,7975,3872,71464,35044,36420,1908,663,1245,165,53,112,201,46,155,0,0,0
18,310,District - Dibrugarh (11),Rural,35-39,81912,41956,39956,6010,3425,2585,72157,37367,34790,3351,1003,2348,184,80,104,210,81,129,0,0,0
18,310,District - Dibrugarh (11),Rural,40-44,65913,34261,31652,3365,1673,1692,57744,31205,26539,4453,1228,3225,204,100,104,147,55,92,0,0,0
18,310,District - Dibrugarh (11),Rural,45-49,59781,31334,28447,2358,1012,1346,51058,28560,22498,6018,1618,4400,189,88,101,158,56,102,0,0,0
18,310,District - Dibrugarh (11),Rural,50-54,42870,22809,20061,1314,575,739,34818,20424,14394,6523,1733,4790,134,58,76,81,19,62,0,0,0
18,310,District - Dibrugarh (11),Rural,55-59,31754,16346,15408,808,363,445,24742,14296,10446,6041,1612,4429,117,59,58,46,16,30,0,0,0
18,310,District - Dibrugarh (11),Rural,60-64,28249,14227,14022,768,343,425,19243,11802,7441,8119,2014,6105,85,56,29,34,12,22,0,0,0
18,310,District - Dibrugarh (11),Rural,65-69,17172,8711,8461,488,230,258,11051,7002,4049,5547,1437,4110,60,33,27,26,9,17,0,0,0
18,310,District - Dibrugarh (11),Rural,70-74,12442,6465,5977,258,122,136,7055,4889,2166,5078,1428,3650,36,19,17,15,7,8,0,0,0
18,310,District - Dibrugarh (11),Rural,75-79,5741,3186,2555,135,72,63,3153,2323,830,2428,773,1655,24,17,7,1,1,0,0,0,0
18,310,District - Dibrugarh (11),Rural,80+,6717,3430,3287,519,278,241,2877,2004,873,3294,1133,2161,22,13,9,5,2,3,0,0,0
18,310,District - Dibrugarh (11),Rural,Age not stated,420,238,182,258,168,90,123,60,63,34,7,27,4,3,1,1,0,1,0,0,0
18,310,District - Dibrugarh (11),Rural,Less than 18,389554,199075,190479,384459,197668,186791,4774,1289,3485,231,76,155,64,34,30,26,8,18,0,0,0
18,310,District - Dibrugarh (11),Rural,Less than 21,459100,233063,226037,437235,228528,208707,21277,4330,16947,409,136,273,108,52,56,71,17,54,0,0,0
18,310,District - Dibrugarh (11),Urban,All ages,243730,126135,117595,109051,61422,47629,122258,62277,59981,11406,1974,9432,695,380,315,320,82,238,0,0,0
18,310,District - Dibrugarh (11),Urban,0-9,33894,17510,16384,33894,17510,16384,0,0,0,0,0,0,0,0,0,0,0,0,0,0,0
18,310,District - Dibrugarh (11),Urban,10-14,19856,10327,9529,19497,10200,9297,332,117,215,11,2,9,16,8,8,0,0,0,0,0,0
18,310,District - Dibrugarh (11),Urban,15-19,21530,11037,10493,19898,10723,9175,1584,300,1284,20,7,13,23,7,16,5,0,5,0,0,0
18,310,District - Dibrugarh (11),Urban,20-24,23729,11685,12044,16170,9756,6414,7429,1889,5540,76,14,62,39,21,18,15,5,10,0,0,0
18,310,District - Dibrugarh (11),Urban,25-29,24089,11788,12301,9479,6503,2976,14367,5221,9146,143,27,116,66,33,33,34,4,30,0,0,0
18,310,District - Dibrugarh (11),Urban,30-34,21383,10754,10629,4307,3138,1169,16620,7492,9128,303,65,238,105,46,59,48,13,35,0,0,0
18,310,District - Dibrugarh (11),Urban,35-39,21534,10823,10711,2282,1603,679,18536,9074,9462,557,79,478,99,52,47,60,15,45,0,0,0
18,310,District - Dibrugarh (11),Urban,40-44,18606,9746,8860,1214,748,466,16448,8815,7633,796,120,676,98,50,48,50,13,37,0,0,0
18,310,District - Dibrugarh (11),Urban,45-49,17150,9201,7949,691,375,316,15212,8581,6631,1118,172,946,93,62,31,36,11,25,0,0,0
18,310,District - Dibrugarh (11),Urban,50-54,13292,7686,5606,457,238,219,11463,7199,4264,1293,212,1081,51,28,23,28,9,19,0,0,0
18,310,District - Dibrugarh (11),Urban,55-59,9390,5479,3911,305,158,147,7782,5092,2690,1246,197,1049,42,28,14,15,4,11,0,0,0
18,310,District - Dibrugarh (11),Urban,60-64,7320,3876,3444,282,148,134,5367,3469,1898,1637,240,1397,23,17,6,11,2,9,0,0,0
18,310,District - Dibrugarh (11),Urban,65-69,4645,2426,2219,202,100,102,3175,2097,1078,1242,215,1027,17,12,5,9,2,7,0,0,0
18,310,District - Dibrugarh (11),Urban,70-74,3268,1755,1513,102,59,43,1963,1472,491,1187,214,973,11,8,3,5,2,3,0,0,0
18,310,District - Dibrugarh (11),Urban,75-79,1859,974,885,54,28,26,1000,766,234,798,173,625,6,6,0,1,1,0,0,0,0
18,310,District - Dibrugarh (11),Urban,80+,2055,987,1068,143,83,60,933,664,269,970,237,733,6,2,4,3,1,2,0,0,0
18,310,District - Dibrugarh (11),Urban,Age not stated,130,81,49,74,52,22,47,29,18,9,0,9,0,0,0,0,0,0,0,0,0
18,310,District - Dibrugarh (11),Urban,Less than 18,66131,34185,31946,65164,33909,31255,916,260,656,21,4,17,29,12,17,1,0,1,0,0,0
18,310,District - Dibrugarh (11),Urban,Less than 21,80315,41299,39016,77140,40617,36523,3076,651,2425,47,10,37,46,20,26,6,1,5,0,0,0
18,311,District - Sivasagar (12),Total,All ages,1151050,589216,561834,548241,304098,244143,538936,266944,271992,59679,16350,43329,2325,1218,1107,1869,606,1263,0,0,0
18,311,District - Sivasagar (12),Total,0-9,206638,105375,101263,206638,105375,101263,0,0,0,0,0,0,0,0,0,0,0,0,0,0,0
18,311,District - Sivasagar (12),Total,10-14,116152,59653,56499,114713,59205,55508,1307,402,905,76,17,59,47,24,23,9,5,4,0,0,0
18,311,District - Sivasagar (12),Total,15-19,110261,56061,54200,99038,54230,44808,10948,1733,9215,188,69,119,42,20,22,45,9,36,0,0,0
18,311,District - Sivasagar (12),Total,20-24,108099,52081,56018,60531,39376,21155,46865,12470,34395,417,147,270,144,58,86,142,30,112,0,0,0
18,311,District - Sivasagar (12),Total,25-29,106906,52483,54423,32119,23123,8996,73180,28720,44460,1085,450,635,240,108,132,282,82,200,0,0,0
18,311,District - Sivasagar (12),Total,30-34,91388,46077,45311,15117,11087,4030,73983,34220,39763,1755,570,1185,257,121,136,276,79,197,0,0,0
18,311,District - Sivasagar (12),Total,35-39,93072,47363,45709,8028,5332,2696,81167,40733,40434,3234,1020,2214,335,177,158,308,101,207,0,0,0
18,311,District - Sivasagar (12),Total,40-44,76714,40605,36109,4230,2442,1788,67538,36628,30910,4361,1259,3102,316,170,146,269,106,163,0,0,0
18,311,District - Sivasagar (12),Total,45-49,69773,37749,32024,2889,1442,1447,59977,34267,25710,6404,1803,4601,290,163,127,213,74,139,0,0,0
18,311,District - Sivasagar (12),Total,50-54,49774,27181,22593,1630,801,829,41023,24435,16588,6815,1801,5014,184,104,80,122,40,82,0,0,0
18,311,District - Sivasagar (12),Total,55-59,36690,19423,17267,919,428,491,29347,17332,12015,6205,1554,4651,148,81,67,71,28,43,0,0,0
18,311,District - Sivasagar (12),Total,60-64,32673,16710,15963,809,387,422,22708,14270,8438,8954,1960,6994,142,71,71,60,22,38,0,0,0
18,311,District - Sivasagar (12),Total,65-69,21527,11245,10282,499,257,242,14039,9294,4745,6879,1634,5245,76,48,28,34,12,22,0,0,0
18,311,District - Sivasagar (12),Total,70-74,15541,8461,7080,265,149,116,9036,6614,2422,6168,1654,4514,54,37,17,18,7,11,0,0,0
18,311,District - Sivasagar (12),Total,75-79,7309,4162,3147,113,61,52,4103,3097,1006,3063,982,2081,21,16,5,9,6,3,0,0,0
18,311,District - Sivasagar (12),Total,80+,8196,4411,3785,467,266,201,3633,2692,941,4058,1428,2630,28,20,8,10,5,5,0,0,0
18,311,District - Sivasagar (12),Total,Age not stated,337,176,161,236,137,99,82,37,45,17,2,15,1,0,1,1,0,1,0,0,0
18,311,District - Sivasagar (12),Total,Less than 18,388028,198718,189310,383326,197533,185793,4417,1079,3338,185,60,125,69,35,34,31,11,20,0,0,0
18,311,District - Sivasagar (12),Total,Less than 21,459009,233483,225526,437575,229525,208050,20887,3774,17113,353,111,242,118,56,62,76,17,59,0,0,0
18,311,District - Sivasagar (12),Rural,All ages,1040954,531286,509668,498906,275972,222934,483676,238438,245238,54898,15526,39372,1781,784,997,1693,566,1127,0,0,0
18,311,District - Sivasagar (12),Rural,0-9,190215,96863,93352,190215,96863,93352,0,0,0,0,0,0,0,0,0,0,0,0,0,0,0
18,311,District - Sivasagar (12),Rural,10-14,106767,54752,52015,105446,54338,51108,1201,371,830,69,17,52,42,21,21,9,5,4,0,0,0
18,311,District - Sivasagar (12),Rural,15-19,100573,51071,49502,90130,49358,40772,10187,1621,8566,177,65,112,39,18,21,40,9,31,0,0,0
18,311,District - Sivasagar (12),Rural,20-24,97704,46896,50808,53893,35140,18753,43179,11554,31625,391,143,248,112,33,79,129,26,103,0,0,0
18,311,District - Sivasagar (12),Rural,25-29,96101,47136,48965,28159,20330,7829,66499,26246,40253,1017,430,587,170,53,117,256,77,179,0,0,0
18,311,District - Sivasagar (12),Rural,30-34,81637,41119,40518,13259,9694,3565,66300,30734,35566,1635,547,1088,190,71,119,253,73,180,0,0,0
18,311,District - Sivasagar (12),Rural,35-39,82987,42115,40872,7072,4659,2413,72420,36285,36135,2994,981,2013,231,97,134,270,93,177,0,0,0
18,311,District - Sivasagar (12),Rural,40-44,67984,35809,32175,3763,2141,1622,59732,32270,27462,4007,1203,2804,231,97,134,251,98,153,0,0,0
18,311,District - Sivasagar (12),Rural,45-49,62261,33438,28823,2579,1253,1326,53353,30279,23074,5924,1732,4192,218,105,113,187,69,118,0,0,0
18,311,District - Sivasagar (12),Rural,50-54,44151,23801,20350,1453,704,749,36179,21289,14890,6266,1703,4563,139,65,74,114,40,74,0,0,0
18,311,District - Sivasagar (12),Rural,55-59,33045,17351,15694,812,376,436,26357,15410,10947,5691,1477,4214,123,61,62,62,27,35,0,0,0
18,311,District - Sivasagar (12),Rural,60-64,29608,15113,14495,695,332,363,20446,12836,7610,8288,1867,6421,124,57,67,55,21,34,0,0,0
18,311,District - Sivasagar (12),Rural,65-69,19419,10131,9288,448,233,215,12575,8298,4277,6296,1547,4749,67,41,26,33,12,21,0,0,0
18,311,District - Sivasagar (12),Rural,70-74,14171,7719,6452,241,135,106,8195,5988,2207,5668,1554,4114,51,35,16,16,7,9,0,0,0
18,311,District - Sivasagar (12),Rural,75-79,6585,3765,2820,97,49,48,3688,2781,907,2773,916,1857,19,14,5,8,5,3,0,0,0
18,311,District - Sivasagar (12),Rural,80+,7433,4044,3389,421,238,183,3291,2444,847,3688,1342,2346,24,16,8,9,4,5,0,0,0
18,311,District - Sivasagar (12),Rural,Age not stated,313,163,150,223,129,94,74,32,42,14,2,12,1,0,1,1,0,1,0,0,0
18,311,District - Sivasagar (12),Rural,Less than 18,356670,182413,174257,352325,181307,171018,4081,1007,3074,173,57,116,62,31,31,29,11,18,0,0,0
18,311,District - Sivasagar (12),Rural,Less than 21,421288,213975,207313,401349,210272,191077,19430,3528,15902,332,107,225,106,51,55,71,17,54,0,0,0
18,311,District - Sivasagar (12),Urban,All ages,110096,57930,52166,49335,28126,21209,55260,28506,26754,4781,824,3957,544,434,110,176,40,136,0,0,0
18,311,District - Sivasagar (12),Urban,0-9,16423,8512,7911,16423,8512,7911,0,0,0,0,0,0,0,0,0,0,0,0,0,0,0
18,311,District - Sivasagar (12),Urban,10-14,9385,4901,4484,9267,4867,4400,106,31,75,7,0,7,5,3,2,0,0,0,0,0,0
18,311,District - Sivasagar (12),Urban,15-19,9688,4990,4698,8908,4872,4036,761,112,649,11,4,7,3,2,1,5,0,5,0,0,0
18,311,District - Sivasagar (12),Urban,20-24,10395,5185,5210,6638,4236,2402,3686,916,2770,26,4,22,32,25,7,13,4,9,0,0,0
18,311,District - Sivasagar (12),Urban,25-29,10805,5347,5458,3960,2793,1167,6681,2474,4207,68,20,48,70,55,15,26,5,21,0,0,0
18,311,District - Sivasagar (12),Urban,30-34,9751,4958,4793,1858,1393,465,7683,3486,4197,120,23,97,67,50,17,23,6,17,0,0,0
18,311,District - Sivasagar (12),Urban,35-39,10085,5248,4837,956,673,283,8747,4448,4299,240,39,201,104,80,24,38,8,30,0,0,0
18,311,District - Sivasagar (12),Urban,40-44,8730,4796,3934,467,301,166,7806,4358,3448,354,56,298,85,73,12,18,8,10,0,0,0
18,311,District - Sivasagar (12),Urban,45-49,7512,4311,3201,310,189,121,6624,3988,2636,480,71,409,72,58,14,26,5,21,0,0,0
18,311,District - Sivasagar (12),Urban,50-54,5623,3380,2243,177,97,80,4844,3146,1698,549,98,451,45,39,6,8,0,8,0,0,0
18,311,District - Sivasagar (12),Urban,55-59,3645,2072,1573,107,52,55,2990,1922,1068,514,77,437,25,20,5,9,1,8,0,0,0
18,311,District - Sivasagar (12),Urban,60-64,3065,1597,1468,114,55,59,2262,1434,828,666,93,573,18,14,4,5,1,4,0,0,0
18,311,District - Sivasagar (12),Urban,65-69,2108,1114,994,51,24,27,1464,996,468,583,87,496,9,7,2,1,0,1,0,0,0
18,311,District - Sivasagar (12),Urban,70-74,1370,742,628,24,14,10,841,626,215,500,100,400,3,2,1,2,0,2,0,0,0
18,311,District - Sivasagar (12),Urban,75-79,724,397,327,16,12,4,415,316,99,290,66,224,2,2,0,1,1,0,0,0,0
18,311,District - Sivasagar (12),Urban,80+,763,367,396,46,28,18,342,248,94,370,86,284,4,4,0,1,1,0,0,0,0
18,311,District - Sivasagar (12),Urban,Age not stated,24,13,11,13,8,5,8,5,3,3,0,3,0,0,0,0,0,0,0,0,0
18,311,District - Sivasagar (12),Urban,Less than 18,31358,16305,15053,31001,16226,14775,336,72,264,12,3,9,7,4,3,2,0,2,0,0,0
18,311,District - Sivasagar (12),Urban,Less than 21,37721,19508,18213,36226,19253,16973,1457,246,1211,21,4,17,12,5,7,5,0,5,0,0,0
18,312,District - Jorhat (13),Total,All ages,1092256,556805,535451,515285,285106,230179,517813,257140,260673,55796,13393,42403,1810,759,1051,1552,407,1145,0,0,0
18,312,District - Jorhat (13),Total,0-9,184143,93678,90465,184143,93678,90465,0,0,0,0,0,0,0,0,0,0,0,0,0,0,0
18,312,District - Jorhat (13),Total,10-14,108807,56136,52671,106924,55532,51392,1690,524,1166,142,59,83,42,16,26,9,5,4,0,0,0
18,312,District - Jorhat (13),Total,15-19,105318,53456,51862,94072,51327,42745,10886,1981,8905,268,119,149,59,19,40,33,10,23,0,0,0
18,312,District - Jorhat (13),Total,20-24,102529,49435,53094,58890,37691,21199,42941,11529,31412,455,164,291,102,37,65,141,14,127,0,0,0
18,312,District - Jorhat (13),Total,25-29,104111,50848,53263,33532,23572,9960,69235,26839,42396,940,323,617,211,74,137,193,40,153,0,0,0
18,312,District - Jorhat (13),Total,30-34,90776,45546,45230,16261,11593,4668,72441,33296,39145,1622,521,1101,208,86,122,244,50,194,0,0,0
18,312,District - Jorhat (13),Total,35-39,88730,45063,43667,8456,5477,2979,76992,38651,38341,2770,754,2016,264,102,162,248,79,169,0,0,0
18,312,District - Jorhat (13),Total,40-44,71951,38222,33729,4309,2245,2064,63384,34854,28530,3872,980,2892,189,83,106,197,60,137,0,0,0
18,312,District - Jorhat (13),Total,45-49,64093,34182,29911,2827,1223,1604,55629,31589,24040,5243,1208,4035,213,93,120,181,69,112,0,0,0
18,312,District - Jorhat (13),Total,50-54,47649,25510,22139,1731,775,956,39519,23223,16296,6116,1401,4715,162,81,81,121,30,91,0,0,0
18,312,District - Jorhat (13),Total,55-59,35505,18326,17179,989,437,552,28736,16645,12091,5610,1177,4433,112,50,62,58,17,41,0,0,0
18,312,District - Jorhat (13),Total,60-64,33722,17198,16524,1042,450,592,23913,15026,8887,8609,1675,6934,101,35,66,57,12,45,0,0,0
18,312,District - Jorhat (13),Total,65-69,22522,11607,10915,595,278,317,14841,9901,4940,6990,1398,5592,63,26,37,33,4,29,0,0,0
18,312,District - Jorhat (13),Total,70-74,15679,8534,7145,320,168,152,9327,6920,2407,5960,1403,4557,52,36,16,20,7,13,0,0,0
18,312,District - Jorhat (13),Total,75-79,7482,4166,3316,127,72,55,4232,3238,994,3104,846,2258,13,7,6,6,3,3,0,0,0
18,312,District - Jorhat (13),Total,80+,8503,4503,4000,542,296,246,3867,2834,1033,4066,1354,2712,17,12,5,11,7,4,0,0,0
18,312,District - Jorhat (13),Total,Age not stated,736,395,341,525,292,233,180,90,90,29,11,18,2,2,0,0,0,0,0,0,0
18,312,District - Jorhat (13),Total,Less than 18,356042,182196,173846,350377,180687,169690,5279,1348,3931,295,123,172,73,28,45,18,10,8,0,0,0
18,312,District - Jorhat (13),Total,Less than 21,422849,214896,207953,401471,210516,190955,20681,4103,16578,517,221,296,112,40,72,68,16,52,0,0,0
18,312,District - Jorhat (13),Rural,All ages,871722,442968,428754,417952,230083,187869,406878,200740,206138,44492,11398,33094,1160,413,747,1240,334,906,0,0,0
18,312,District - Jorhat (13),Rural,0-9,152790,77538,75252,152790,77538,75252,0,0,0,0,0,0,0,0,0,0,0,0,0,0,0
18,312,District - Jorhat (13),Rural,10-14,90093,46335,43758,88563,45845,42718,1366,420,946,124,54,70,33,11,22,7,5,2,0,0,0
18,312,District - Jorhat (13),Rural,15-19,85948,43431,42517,76599,41680,34919,9045,1621,7424,227,104,123,48,17,31,29,9,20,0,0,0
18,312,District - Jorhat (13),Rural,20-24,81467,39178,42289,45565,29451,16114,35339,9553,25786,378,143,235,67,20,47,118,11,107,0,0,0
18,312,District - Jorhat (13),Rural,25-29,82474,40154,42320,25543,17982,7561,55868,21810,34058,774,292,482,133,38,95,156,32,124,0,0,0
18,312,District - Jorhat (13),Rural,30-34,71391,35813,35578,12437,8794,3643,57336,26498,30838,1306,443,863,116,38,78,196,40,156,0,0,0
18,312,District - Jorhat (13),Rural,35-39,69274,35217,34057,6502,4147,2355,60212,30315,29897,2217,646,1571,149,42,107,194,67,127,0,0,0
18,312,District - Jorhat (13),Rural,40-44,55388,29419,25969,3354,1679,1675,48686,26792,21894,3086,857,2229,110,38,72,152,53,99,0,0,0
18,312,District - Jorhat (13),Rural,45-49,49367,26220,23147,2169,881,1288,42763,24193,18570,4164,1039,3125,128,49,79,143,58,85,0,0,0
18,312,District - Jorhat (13),Rural,50-54,36193,19208,16985,1280,565,715,29885,17390,12495,4840,1193,3647,100,42,58,88,18,70,0,0,0
18,312,District - Jorhat (13),Rural,55-59,27193,13790,13403,740,335,405,21944,12432,9512,4382,981,3401,77,28,49,50,14,36,0,0,0
18,312,District - Jorhat (13),Rural,60-64,26589,13443,13146,762,322,440,18746,11644,7102,6956,1442,5514,80,26,54,45,9,36,0,0,0
18,312,District - Jorhat (13),Rural,65-69,17924,9141,8783,441,204,237,11705,7727,3978,5698,1192,4506,51,16,35,29,2,27,0,0,0
18,312,District - Jorhat (13),Rural,70-74,12544,6859,5685,229,120,109,7457,5521,1936,4797,1180,3617,43,31,12,18,7,11,0,0,0
18,312,District - Jorhat (13),Rural,75-79,5771,3270,2501,100,61,39,3288,2494,794,2370,708,1662,9,5,4,4,2,2,0,0,0
18,312,District - Jorhat (13),Rural,80+,6693,3623,3070,435,236,199,3082,2254,828,3151,1116,2035,14,10,4,11,7,4,0,0,0
18,312,District - Jorhat (13),Rural,Age not stated,623,329,294,443,243,200,156,76,80,22,8,14,2,2,0,0,0,0,0,0,0
18,312,District - Jorhat (13),Rural,Less than 18,294815,150427,144388,290165,149198,140967,4324,1088,3236,255,110,145,56,21,35,15,10,5,0,0,0
18,312,District - Jorhat (13),Rural,Less than 21,348826,176713,172113,330977,173074,157903,17259,3396,13863,441,197,244,88,31,57,61,15,46,0,0,0
18,312,District - Jorhat (13),Urban,All ages,220534,113837,106697,97333,55023,42310,110935,56400,54535,11304,1995,9309,650,346,304,312,73,239,0,0,0
18,312,District - Jorhat (13),Urban,0-9,31353,16140,15213,31353,16140,15213,0,0,0,0,0,0,0,0,0,0,0,0,0,0,0
18,312,District - Jorhat (13),Urban,10-14,18714,9801,8913,18361,9687,8674,324,104,220,18,5,13,9,5,4,2,0,2,0,0,0
18,312,District - Jorhat (13),Urban,15-19,19370,10025,9345,17473,9647,7826,1841,360,1481,41,15,26,11,2,9,4,1,3,0,0,0
18,312,District - Jorhat (13),Urban,20-24,21062,10257,10805,13325,8240,5085,7602,1976,5626,77,21,56,35,17,18,23,3,20,0,0,0
18,312,District - Jorhat (13),Urban,25-29,21637,10694,10943,7989,5590,2399,13367,5029,8338,166,31,135,78,36,42,37,8,29,0,0,0
18,312,District - Jorhat (13),Urban,30-34,19385,9733,9652,3824,2799,1025,15105,6798,8307,316,78,238,92,48,44,48,10,38,0,0,0
18,312,District - Jorhat (13),Urban,35-39,19456,9846,9610,1954,1330,624,16780,8336,8444,553,108,445,115,60,55,54,12,42,0,0,0
18,312,District - Jorhat (13),Urban,40-44,16563,8803,7760,955,566,389,14698,8062,6636,786,123,663,79,45,34,45,7,38,0,0,0
18,312,District - Jorhat (13),Urban,45-49,14726,7962,6764,658,342,316,12866,7396,5470,1079,169,910,85,44,41,38,11,27,0,0,0
18,312,District - Jorhat (13),Urban,50-54,11456,6302,5154,451,210,241,9634,5833,3801,1276,208,1068,62,39,23,33,12,21,0,0,0
18,312,District - Jorhat (13),Urban,55-59,8312,4536,3776,249,102,147,6792,4213,2579,1228,196,1032,35,22,13,8,3,5,0,0,0
18,312,District - Jorhat (13),Urban,60-64,7133,3755,3378,280,128,152,5167,3382,1785,1653,233,1420,21,9,12,12,3,9,0,0,0
18,312,District - Jorhat (13),Urban,65-69,4598,2466,2132,154,74,80,3136,2174,962,1292,206,1086,12,10,2,4,2,2,0,0,0
18,312,District - Jorhat (13),Urban,70-74,3135,1675,1460,91,48,43,1870,1399,471,1163,223,940,9,5,4,2,0,2,0,0,0
18,312,District - Jorhat (13),Urban,75-79,1711,896,815,27,11,16,944,744,200,734,138,596,4,2,2,2,1,1,0,0,0
18,312,District - Jorhat (13),Urban,80+,1810,880,930,107,60,47,785,580,205,915,238,677,3,2,1,0,0,0,0,0,0
18,312,District - Jorhat (13),Urban,Age not stated,113,66,47,82,49,33,24,14,10,7,3,4,0,0,0,0,0,0,0,0,0
18,312,District - Jorhat (13),Urban,Less than 18,61227,31769,29458,60212,31489,28723,955,260,695,40,13,27,17,7,10,3,0,3,0,0,0
18,312,District - Jorhat (13),Urban,Less than 21,74023,38183,35840,70494,37442,33052,3422,707,2715,76,24,52,24,9,15,7,1,6,0,0,0
18,313,District - Golaghat (14),Total,All ages,1066888,543161,523727,522526,286693,235833,488207,241749,246458,52260,13401,38859,1893,733,1160,2002,585,1417,0,0,0
18,313,District - Golaghat (14),Total,0-9,199006,101090,97916,199006,101090,97916,0,0,0,0,0,0,0,0,0,0,0,0,0,0,0
18,313,District - Golaghat (14),Total,10-14,117308,60011,57297,115674,59461,56213,1485,486,999,89,26,63,53,34,19,7,4,3,0,0,0
18,313,District - Golaghat (14),Total,15-19,108123,54589,53534,96402,52634,43768,11412,1860,9552,187,60,127,82,27,55,40,8,32,0,0,0
18,313,District - Golaghat (14),Total,20-24,102501,48740,53761,54695,35539,19156,47075,12992,34083,398,136,262,131,39,92,202,34,168,0,0,0
18,313,District - Golaghat (14),Total,25-29,102215,50308,51907,28589,20280,8309,72097,29532,42565,1000,348,652,208,70,138,321,78,243,0,0,0
18,313,District - Golaghat (14),Total,30-34,84554,42785,41769,12749,9133,3616,69632,33021,36611,1659,470,1189,187,62,125,327,99,228,0,0,0
18,313,District - Golaghat (14),Total,35-39,82109,41832,40277,6065,3944,2121,72567,36949,35618,2910,754,2156,244,85,159,323,100,223,0,0,0
18,313,District - Golaghat (14),Total,40-44,64562,34466,30096,2994,1647,1347,57241,31631,25610,3896,1032,2864,201,80,121,230,76,154,0,0,0
18,313,District - Golaghat (14),Total,45-49,57860,30764,27096,2034,946,1088,50242,28424,21818,5187,1260,3927,201,72,129,196,62,134,0,0,0
18,313,District - Golaghat (14),Total,50-54,42803,22807,19996,1243,536,707,35440,20784,14656,5812,1381,4431,162,57,105,146,49,97,0,0,0
18,313,District - Golaghat (14),Total,55-59,31598,16830,14768,759,311,448,25144,15028,10116,5495,1405,4090,123,59,64,77,27,50,0,0,0
18,313,District - Golaghat (14),Total,60-64,28645,14680,13965,738,332,406,19867,12606,7261,7866,1676,6190,109,40,69,65,26,39,0,0,0
18,313,District - Golaghat (14),Total,65-69,18970,9887,9083,463,225,238,12220,8181,4039,6171,1431,4740,83,38,45,33,12,21,0,0,0
18,313,District - Golaghat (14),Total,70-74,13082,7030,6052,245,125,120,7443,5487,1956,5312,1377,3935,62,37,25,20,4,16,0,0,0
18,313,District - Golaghat (14),Total,75-79,6119,3399,2720,101,54,47,3289,2511,778,2688,809,1879,34,22,12,7,3,4,0,0,0
18,313,District - Golaghat (14),Total,80+,7027,3727,3300,506,282,224,2938,2202,736,3564,1230,2334,12,10,2,7,3,4,0,0,0
18,313,District - Golaghat (14),Total,Age not stated,406,216,190,263,154,109,115,55,60,26,6,20,1,1,0,1,0,1,0,0,0
18,313,District - Golaghat (14),Total,Less than 18,381269,194393,186876,376088,193036,183052,4871,1243,3628,189,57,132,97,47,50,24,10,14,0,0,0
18,313,District - Golaghat (14),Total,Less than 21,449781,227433,222348,427274,223235,204039,21913,4006,17907,354,109,245,155,66,89,85,17,68,0,0,0
18,313,District - Golaghat (14),Rural,All ages,969152,493125,476027,478126,261839,216287,439972,217516,222456,47577,12628,34949,1660,603,1057,1817,539,1278,0,0,0
18,313,District - Golaghat (14),Rural,0-9,184694,93719,90975,184694,93719,90975,0,0,0,0,0,0,0,0,0,0,0,0,0,0,0
18,313,District - Golaghat (14),Rural,10-14,108452,55441,53011,106945,54931,52014,1368,450,918,85,26,59,48,30,18,6,4,2,0,0,0
18,313,District - Golaghat (14),Rural,15-19,99251,50101,49150,88332,48281,40051,10636,1729,8907,172,57,115,74,26,48,37,8,29,0,0,0
18,313,District - Golaghat (14),Rural,20-24,93361,44379,48982,48803,31967,16836,43880,12218,31662,370,129,241,120,32,88,188,33,155,0,0,0
18,313,District - Golaghat (14),Rural,25-29,93004,45912,47092,25093,17804,7289,66478,27634,38844,949,339,610,189,61,128,295,74,221,0,0,0
18,313,District - Golaghat (14),Rural,30-34,75939,38672,37267,11015,7867,3148,62924,30213,32711,1544,457,1087,159,46,113,297,89,208,0,0,0
18,313,District - Golaghat (14),Rural,35-39,72883,37269,35614,5188,3360,1828,64528,33033,31495,2670,723,1947,200,62,138,297,91,206,0,0,0
18,313,District - Golaghat (14),Rural,40-44,57039,30349,26690,2559,1377,1182,50564,27848,22716,3536,990,2546,168,65,103,212,69,143,0,0,0
18,313,District - Golaghat (14),Rural,45-49,51499,27230,24269,1750,797,953,44628,25119,19509,4771,1199,3572,177,57,120,173,58,115,0,0,0
18,313,District - Golaghat (14),Rural,50-54,38132,20140,17992,1076,450,626,31476,18299,13177,5311,1306,4005,144,42,102,125,43,82,0,0,0
18,313,District - Golaghat (14),Rural,55-59,28385,15008,13377,642,257,385,22496,13356,9140,5074,1322,3752,104,46,58,69,27,42,0,0,0
18,313,District - Golaghat (14),Rural,60-64,25717,13147,12570,649,293,356,17754,11218,6536,7157,1577,5580,98,37,61,59,22,37,0,0,0
18,313,District - Golaghat (14),Rural,65-69,17032,8914,8118,406,203,203,10966,7335,3631,5550,1330,4220,79,35,44,31,11,20,0,0,0
18,313,District - Golaghat (14),Rural,70-74,11749,6298,5451,206,106,100,6652,4865,1787,4820,1290,3530,56,33,23,15,4,11,0,0,0
18,313,District - Golaghat (14),Rural,75-79,5400,3024,2376,86,46,40,2916,2217,699,2360,738,1622,31,20,11,7,3,4,0,0,0
18,313,District - Golaghat (14),Rural,80+,6250,3328,2922,446,244,202,2602,1932,670,3185,1139,2046,12,10,2,5,3,2,0,0,0
18,313,District - Golaghat (14),Rural,Age not stated,365,194,171,236,137,99,104,50,54,23,6,17,1,1,0,1,0,1,0,0,0
18,313,District - Golaghat (14),Rural,Less than 18,352871,179752,173119,348095,178494,169601,4490,1152,3338,175,54,121,89,42,47,22,10,12,0,0,0
18,313,District - Golaghat (14),Rural,Less than 21,415679,210033,205646,394658,206112,188546,20474,3740,16734,328,104,224,140,60,80,79,17,62,0,0,0
18,313,District - Golaghat (14),Urban,All ages,97736,50036,47700,44400,24854,19546,48235,24233,24002,4683,773,3910,233,130,103,185,46,139,0,0,0
18,313,District - Golaghat (14),Urban,0-9,14312,7371,6941,14312,7371,6941,0,0,0,0,0,0,0,0,0,0,0,0,0,0,0
18,313,District - Golaghat (14),Urban,10-14,8856,4570,4286,8729,4530,4199,117,36,81,4,0,4,5,4,1,1,0,1,0,0,0
18,313,District - Golaghat (14),Urban,15-19,8872,4488,4384,8070,4353,3717,776,131,645,15,3,12,8,1,7,3,0,3,0,0,0
18,313,District - Golaghat (14),Urban,20-24,9140,4361,4779,5892,3572,2320,3195,774,2421,28,7,21,11,7,4,14,1,13,0,0,0
18,313,District - Golaghat (14),Urban,25-29,9211,4396,4815,3496,2476,1020,5619,1898,3721,51,9,42,19,9,10,26,4,22,0,0,0
18,313,District - Golaghat (14),Urban,30-34,8615,4113,4502,1734,1266,468,6708,2808,3900,115,13,102,28,16,12,30,10,20,0,0,0
18,313,District - Golaghat (14),Urban,35-39,9226,4563,4663,877,584,293,8039,3916,4123,240,31,209,44,23,21,26,9,17,0,0,0
18,313,District - Golaghat (14),Urban,40-44,7523,4117,3406,435,270,165,6677,3783,2894,360,42,318,33,15,18,18,7,11,0,0,0
18,313,District - Golaghat (14),Urban,45-49,6361,3534,2827,284,149,135,5614,3305,2309,416,61,355,24,15,9,23,4,19,0,0,0
18,313,District - Golaghat (14),Urban,50-54,4671,2667,2004,167,86,81,3964,2485,1479,501,75,426,18,15,3,21,6,15,0,0,0
18,313,District - Golaghat (14),Urban,55-59,3213,1822,1391,117,54,63,2648,1672,976,421,83,338,19,13,6,8,0,8,0,0,0
18,313,District - Golaghat (14),Urban,60-64,2928,1533,1395,89,39,50,2113,1388,725,709,99,610,11,3,8,6,4,2,0,0,0
18,313,District - Golaghat (14),Urban,65-69,1938,973,965,57,22,35,1254,846,408,621,101,520,4,3,1,2,1,1,0,0,0
18,313,District - Golaghat (14),Urban,70-74,1333,732,601,39,19,20,791,622,169,492,87,405,6,4,2,5,0,5,0,0,0
18,313,District - Golaghat (14),Urban,75-79,719,375,344,15,8,7,373,294,79,328,71,257,3,2,1,0,0,0,0,0,0
18,313,District - Golaghat (14),Urban,80+,777,399,378,60,38,22,336,270,66,379,91,288,0,0,0,2,0,2,0,0,0
18,313,District - Golaghat (14),Urban,Age not stated,41,22,19,27,17,10,11,5,6,3,0,3,0,0,0,0,0,0,0,0,0
18,313,District - Golaghat (14),Urban,Less than 18,28398,14641,13757,27993,14542,13451,381,91,290,14,3,11,8,5,3,2,0,2,0,0,0
18,313,District - Golaghat (14),Urban,Less than 21,34102,17400,16702,32616,17123,15493,1439,266,1173,26,5,21,15,6,9,6,0,6,0,0,0
18,314,District - Karbi Anglong (15),Total,All ages,956313,490167,466146,524817,284675,240142,393549,195500,198049,35671,9017,26654,1549,711,838,727,264,463,0,0,0
18,314,District - Karbi Anglong (15),Total,0-9,220596,112722,107874,220596,112722,107874,0,0,0,0,0,0,0,0,0,0,0,0,0,0,0
18,314,District - Karbi Anglong (15),Total,10-14,115294,58717,56577,113544,58132,55412,1633,533,1100,70,28,42,39,21,18,8,3,5,0,0,0
18,314,District - Karbi Anglong (15),Total,15-19,106030,53922,52108,95351,51923,43428,10472,1936,8536,140,43,97,51,15,36,16,5,11,0,0,0
18,314,District - Karbi Anglong (15),Total,20-24,90423,44184,46239,51209,32730,18479,38662,11291,27371,379,112,267,127,43,84,46,8,38,0,0,0
18,314,District - Karbi Anglong (15),Total,25-29,86290,42721,43569,24386,16765,7621,60804,25593,35211,833,270,563,180,66,114,87,27,60,0,0,0
18,314,District - Karbi Anglong (15),Total,30-34,68647,34720,33927,9291,6154,3137,57754,28089,29665,1315,367,948,186,73,113,101,37,64,0,0,0
18,314,District - Karbi Anglong (15),Total,35-39,67751,35024,32727,4428,2816,1612,60895,31514,29381,2104,578,1526,216,89,127,108,27,81,0,0,0
18,314,District - Karbi Anglong (15),Total,40-44,52650,28344,24306,2083,1261,822,47383,26204,21179,2900,735,2165,182,94,88,102,50,52,0,0,0
18,314,District - Karbi Anglong (15),Total,45-49,44691,24130,20561,1068,605,463,39647,22564,17083,3730,854,2876,165,79,86,81,28,53,0,0,0
18,314,District - Karbi Anglong (15),Total,50-54,31412,17457,13955,558,317,241,26322,16024,10298,4352,1023,3329,131,77,54,49,16,33,0,0,0
18,314,District - Karbi Anglong (15),Total,55-59,21758,11702,10056,333,185,148,17568,10584,6984,3741,863,2878,80,49,31,36,21,15,0,0,0
18,314,District - Karbi Anglong (15),Total,60-64,18776,9906,8870,419,219,200,13334,8520,4814,4923,1116,3807,76,39,37,24,12,12,0,0,0
18,314,District - Karbi Anglong (15),Total,65-69,11781,5962,5819,401,208,193,7919,4882,3037,3389,834,2555,52,29,23,20,9,11,0,0,0
18,314,District - Karbi Anglong (15),Total,70-74,9176,4883,4293,186,92,94,5510,3906,1604,3435,863,2572,32,15,17,13,7,6,0,0,0
18,314,District - Karbi Anglong (15),Total,75-79,4284,2309,1975,76,41,35,2506,1761,745,1680,496,1184,11,7,4,11,4,7,0,0,0
18,314,District - Karbi Anglong (15),Total,80+,5936,3040,2896,403,228,175,2851,1959,892,2638,829,1809,21,15,6,23,9,14,0,0,0
18,314,District - Karbi Anglong (15),Total,Age not stated,818,424,394,485,277,208,289,140,149,42,6,36,0,0,0,2,1,1,0,0,0
18,314,District - Karbi Anglong (15),Total,Less than 18,400191,204463,195728,395067,203112,191955,4897,1259,3638,147,53,94,65,33,32,15,6,9,0,0,0
18,314,District - Karbi Anglong (15),Total,Less than 21,466317,237085,229232,445686,232735,212951,20202,4212,15990,290,91,199,105,37,68,34,10,24,0,0,0
18,314,District - Karbi Anglong (15),Rural,All ages,843347,431924,411423,465800,252330,213470,343982,170462,173520,31666,8354,23312,1266,548,718,633,230,403,0,0,0
18,314,District - Karbi Anglong (15),Rural,0-9,200900,102548,98352,200900,102548,98352,0,0,0,0,0,0,0,0,0,0,0,0,0,0,0
18,314,District - Karbi Anglong (15),Rural,10-14,103214,52527,50687,101617,51987,49630,1485,492,993,69,28,41,35,17,18,8,3,5,0,0,0
18,314,District - Karbi Anglong (15),Rural,15-19,92845,47409,45436,83312,45594,37718,9339,1755,7584,132,41,91,47,14,33,15,5,10,0,0,0
18,314,District - Karbi Anglong (15),Rural,20-24,77919,38089,39830,43247,27876,15371,34188,10071,24117,329,100,229,113,35,78,42,7,35,0,0,0
18,314,District - Karbi Anglong (15),Rural,25-29,75059,37146,37913,20289,14029,6260,53791,22782,31009,754,255,499,154,58,96,71,22,49,0,0,0
18,314,District - Karbi Anglong (15),Rural,30-34,59469,30141,29328,7588,5004,2584,50491,24705,25786,1156,347,809,147,52,95,87,33,54,0,0,0
18,314,District - Karbi Anglong (15),Rural,35-39,58696,30421,28275,3634,2308,1326,52969,27493,25476,1824,526,1298,177,72,105,92,22,70,0,0,0
18,314,District - Karbi Anglong (15),Rural,40-44,45091,24243,20848,1733,1061,672,40623,22395,18228,2508,677,1831,140,66,74,87,44,43,0,0,0
18,314,District - Karbi Anglong (15),Rural,45-49,38474,20659,17815,913,521,392,34146,19280,14866,3229,782,2447,118,53,65,68,23,45,0,0,0
18,314,District - Karbi Anglong (15),Rural,50-54,27127,14914,12213,488,276,212,22637,13612,9025,3852,953,2899,105,58,47,45,15,30,0,0,0
18,314,District - Karbi Anglong (15),Rural,55-59,18960,10016,8944,288,162,126,15262,9002,6260,3313,796,2517,65,37,28,32,19,13,0,0,0
18,314,District - Karbi Anglong (15),Rural,60-64,16760,8817,7943,386,204,182,11883,7546,4337,4404,1023,3381,64,32,32,23,12,11,0,0,0
18,314,District - Karbi Anglong (15),Rural,65-69,10589,5361,5228,361,186,175,7124,4362,2762,3039,781,2258,47,25,22,18,7,11,0,0,0
18,314,District - Karbi Anglong (15),Rural,70-74,8266,4390,3876,176,87,89,4947,3477,1470,3103,808,2295,27,11,16,13,7,6,0,0,0
18,314,District - Karbi Anglong (15),Rural,75-79,3844,2074,1770,69,37,32,2244,1568,676,1511,459,1052,9,6,3,11,4,7,0,0,0
18,314,District - Karbi Anglong (15),Rural,80+,5395,2793,2602,365,209,156,2590,1794,796,2403,772,1631,18,12,6,19,6,13,0,0,0
18,314,District - Karbi Anglong (15),Rural,Age not stated,739,376,363,434,241,193,263,128,135,40,6,34,0,0,0,2,1,1,0,0,0
18,314,District - Karbi Anglong (15),Rural,Less than 18,360597,184190,176407,356040,182961,173079,4344,1144,3200,140,51,89,58,28,30,15,6,9,0,0,0
18,314,District - Karbi Anglong (15),Rural,Less than 21,418261,212750,205511,399780,208783,190997,18076,3837,14239,276,88,188,96,32,64,33,10,23,0,0,0
18,314,District - Karbi Anglong (15),Urban,All ages,112966,58243,54723,59017,32345,26672,49567,25038,24529,4005,663,3342,283,163,120,94,34,60,0,0,0
18,314,District - Karbi Anglong (15),Urban,0-9,19696,10174,9522,19696,10174,9522,0,0,0,0,0,0,0,0,0,0,0,0,0,0,0
18,314,District - Karbi Anglong (15),Urban,10-14,12080,6190,5890,11927,6145,5782,148,41,107,1,0,1,4,4,0,0,0,0,0,0,0
18,314,District - Karbi Anglong (15),Urban,15-19,13185,6513,6672,12039,6329,5710,1133,181,952,8,2,6,4,1,3,1,0,1,0,0,0
18,314,District - Karbi Anglong (15),Urban,20-24,12504,6095,6409,7962,4854,3108,4474,1220,3254,50,12,38,14,8,6,4,1,3,0,0,0
18,314,District - Karbi Anglong (15),Urban,25-29,11231,5575,5656,4097,2736,1361,7013,2811,4202,79,15,64,26,8,18,16,5,11,0,0,0
18,314,District - Karbi Anglong (15),Urban,30-34,9178,4579,4599,1703,1150,553,7263,3384,3879,159,20,139,39,21,18,14,4,10,0,0,0
18,314,District - Karbi Anglong (15),Urban,35-39,9055,4603,4452,794,508,286,7926,4021,3905,280,52,228,39,17,22,16,5,11,0,0,0
18,314,District - Karbi Anglong (15),Urban,40-44,7559,4101,3458,350,200,150,6760,3809,2951,392,58,334,42,28,14,15,6,9,0,0,0
18,314,District - Karbi Anglong (15),Urban,45-49,6217,3471,2746,155,84,71,5501,3284,2217,501,72,429,47,26,21,13,5,8,0,0,0
18,314,District - Karbi Anglong (15),Urban,50-54,4285,2543,1742,70,41,29,3685,2412,1273,500,70,430,26,19,7,4,1,3,0,0,0
18,314,District - Karbi Anglong (15),Urban,55-59,2798,1686,1112,45,23,22,2306,1582,724,428,67,361,15,12,3,4,2,2,0,0,0
18,314,District - Karbi Anglong (15),Urban,60-64,2016,1089,927,33,15,18,1451,974,477,519,93,426,12,7,5,1,0,1,0,0,0
18,314,District - Karbi Anglong (15),Urban,65-69,1192,601,591,40,22,18,795,520,275,350,53,297,5,4,1,2,2,0,0,0,0
18,314,District - Karbi Anglong (15),Urban,70-74,910,493,417,10,5,5,563,429,134,332,55,277,5,4,1,0,0,0,0,0,0
18,314,District - Karbi Anglong (15),Urban,75-79,440,235,205,7,4,3,262,193,69,169,37,132,2,1,1,0,0,0,0,0,0
18,314,District - Karbi Anglong (15),Urban,80+,541,247,294,38,19,19,261,165,96,235,57,178,3,3,0,4,3,1,0,0,0
18,314,District - Karbi Anglong (15),Urban,Age not stated,79,48,31,51,36,15,26,12,14,2,0,2,0,0,0,0,0,0,0,0,0
18,314,District - Karbi Anglong (15),Urban,Less than 18,39594,20273,19321,39027,20151,18876,553,115,438,7,2,5,7,5,2,0,0,0,0,0,0
18,314,District - Karbi Anglong (15),Urban,Less than 21,48056,24335,23721,45906,23952,21954,2126,375,1751,14,3,11,9,5,4,1,0,1,0,0,0
18,315,District - Dima Hasao (16),Total,All ages,214102,110802,103300,118439,63930,54509,87435,44831,42604,7401,1612,5789,591,353,238,236,76,160,0,0,0
18,315,District - Dima Hasao (16),Total,0-9,46780,23826,22954,46780,23826,22954,0,0,0,0,0,0,0,0,0,0,0,0,0,0,0
18,315,District - Dima Hasao (16),Total,10-14,24937,12766,12171,24627,12670,11957,292,88,204,10,4,6,7,4,3,1,0,1,0,0,0
18,315,District - Dima Hasao (16),Total,15-19,22807,11400,11407,20905,11066,9839,1830,315,1515,43,12,31,21,7,14,8,0,8,0,0,0
18,315,District - Dima Hasao (16),Total,20-24,21102,10318,10784,13470,8157,5313,7464,2125,5339,80,10,70,66,24,42,22,2,20,0,0,0
18,315,District - Dima Hasao (16),Total,25-29,19837,10050,9787,6902,4547,2355,12651,5416,7235,168,40,128,80,39,41,36,8,28,0,0,0
18,315,District - Dima Hasao (16),Total,30-34,16057,8507,7550,2842,1896,946,12822,6494,6328,285,71,214,78,41,37,30,5,25,0,0,0
18,315,District - Dima Hasao (16),Total,35-39,14723,7721,7002,1223,799,424,12988,6767,6221,413,106,307,70,38,32,29,11,18,0,0,0
18,315,District - Dima Hasao (16),Total,40-44,12363,6721,5642,589,365,224,11074,6185,4889,599,118,481,68,39,29,33,14,19,0,0,0
18,315,District - Dima Hasao (16),Total,45-49,10556,5709,4847,314,175,139,9382,5317,4065,767,147,620,71,60,11,22,10,12,0,0,0
18,315,District - Dima Hasao (16),Total,50-54,7937,4392,3545,232,134,98,6714,4042,2672,928,170,758,47,40,7,16,6,10,0,0,0
18,315,District - Dima Hasao (16),Total,55-59,5601,3248,2353,137,80,57,4635,2971,1664,784,169,615,35,24,11,10,4,6,0,0,0
18,315,District - Dima Hasao (16),Total,60-64,4391,2375,2016,114,61,53,3245,2098,1147,1000,197,803,19,12,7,13,7,6,0,0,0
18,315,District - Dima Hasao (16),Total,65-69,2622,1431,1191,81,45,36,1848,1227,621,683,153,530,5,4,1,5,2,3,0,0,0
18,315,District - Dima Hasao (16),Total,70-74,1904,1006,898,39,18,21,1197,838,359,655,140,515,8,7,1,5,3,2,0,0,0
18,315,District - Dima Hasao (16),Total,75-79,1135,633,502,29,16,13,658,487,171,437,122,315,7,6,1,4,2,2,0,0,0
18,315,District - Dima Hasao (16),Total,80+,1240,644,596,82,40,42,607,442,165,541,153,388,8,7,1,2,2,0,0,0,0
18,315,District - Dima Hasao (16),Total,Age not stated,110,55,55,73,35,38,28,19,9,8,0,8,1,1,0,0,0,0,0,0,0
18,315,District - Dima Hasao (16),Total,Less than 18,85570,43597,41973,84559,43347,41212,959,233,726,31,10,21,16,7,9,5,0,5,0,0,0
18,315,District - Dima Hasao (16),Total,Less than 21,99607,50448,49159,96001,49709,46292,3488,708,2780,70,18,52,36,13,23,12,0,12,0,0,0
18,315,District - Dima Hasao (16),Rural,All ages,151613,77817,73796,86015,46142,39873,59790,30076,29714,5229,1293,3936,407,248,159,172,58,114,0,0,0
18,315,District - Dima Hasao (16),Rural,0-9,35984,18283,17701,35984,18283,17701,0,0,0,0,0,0,0,0,0,0,0,0,0,0,0
18,315,District - Dima Hasao (16),Rural,10-14,18381,9429,8952,18171,9364,8807,199,60,139,5,2,3,5,3,2,1,0,1,0,0,0
18,315,District - Dima Hasao (16),Rural,15-19,16399,8202,8197,14970,7952,7018,1374,235,1139,33,10,23,15,5,10,7,0,7,0,0,0
18,315,District - Dima Hasao (16),Rural,20-24,14622,7064,7558,8978,5460,3518,5514,1574,3940,60,8,52,53,20,33,17,2,15,0,0,0
18,315,District - Dima Hasao (16),Rural,25-29,13451,6750,6701,4284,2794,1490,8958,3894,5064,121,29,92,60,27,33,28,6,22,0,0,0
18,315,District - Dima Hasao (16),Rural,30-34,10450,5463,4987,1718,1121,597,8460,4253,4207,203,62,141,52,26,26,17,1,16,0,0,0
18,315,District - Dima Hasao (16),Rural,35-39,9498,4919,4579,725,463,262,8438,4348,4090,277,80,197,38,22,16,20,6,14,0,0,0
18,315,District - Dima Hasao (16),Rural,40-44,7748,4146,3602,379,241,138,6920,3775,3145,382,89,293,46,29,17,21,12,9,0,0,0
18,315,District - Dima Hasao (16),Rural,45-49,7034,3719,3315,223,135,88,6243,3416,2827,497,115,382,53,44,9,18,9,9,0,0,0
18,315,District - Dima Hasao (16),Rural,50-54,5361,2871,2490,166,104,62,4527,2598,1929,627,138,489,31,28,3,10,3,7,0,0,0
18,315,District - Dima Hasao (16),Rural,55-59,3957,2225,1732,100,65,35,3274,2006,1268,557,136,421,19,15,4,7,3,4,0,0,0
18,315,District - Dima Hasao (16),Rural,60-64,3320,1769,1551,82,47,35,2454,1539,915,761,167,594,13,9,4,10,7,3,0,0,0
18,315,District - Dima Hasao (16),Rural,65-69,2013,1111,902,61,30,31,1438,953,485,506,123,383,3,3,0,5,2,3,0,0,0
18,315,District - Dima Hasao (16),Rural,70-74,1490,798,692,30,13,17,960,659,301,489,118,371,6,5,1,5,3,2,0,0,0
18,315,District - Dima Hasao (16),Rural,75-79,854,492,362,22,12,10,515,381,134,308,92,216,5,5,0,4,2,2,0,0,0
18,315,District - Dima Hasao (16),Rural,80+,958,528,430,63,29,34,491,367,124,395,124,271,7,6,1,2,2,0,0,0,0
18,315,District - Dima Hasao (16),Rural,Age not stated,93,48,45,59,29,30,25,18,7,8,0,8,1,1,0,0,0,0,0,0,0
18,315,District - Dima Hasao (16),Rural,Less than 18,64329,32788,31541,63622,32615,31007,673,161,512,20,7,13,10,5,5,4,0,4,0,0,0
18,315,District - Dima Hasao (16),Rural,Less than 21,74470,37683,36787,71775,37137,34638,2607,523,2084,51,13,38,26,10,16,11,0,11,0,0,0
18,315,District - Dima Hasao (16),Urban,All ages,62489,32985,29504,32424,17788,14636,27645,14755,12890,2172,319,1853,184,105,79,64,18,46,0,0,0
18,315,District - Dima Hasao (16),Urban,0-9,10796,5543,5253,10796,5543,5253,0,0,0,0,0,0,0,0,0,0,0,0,0,0,0
18,315,District - Dima Hasao (16),Urban,10-14,6556,3337,3219,6456,3306,3150,93,28,65,5,2,3,2,1,1,0,0,0,0,0,0
18,315,District - Dima Hasao (16),Urban,15-19,6408,3198,3210,5935,3114,2821,456,80,376,10,2,8,6,2,4,1,0,1,0,0,0
18,315,District - Dima Hasao (16),Urban,20-24,6480,3254,3226,4492,2697,1795,1950,551,1399,20,2,18,13,4,9,5,0,5,0,0,0
18,315,District - Dima Hasao (16),Urban,25-29,6386,3300,3086,2618,1753,865,3693,1522,2171,47,11,36,20,12,8,8,2,6,0,0,0
18,315,District - Dima Hasao (16),Urban,30-34,5607,3044,2563,1124,775,349,4362,2241,2121,82,9,73,26,15,11,13,4,9,0,0,0
18,315,District - Dima Hasao (16),Urban,35-39,5225,2802,2423,498,336,162,4550,2419,2131,136,26,110,32,16,16,9,5,4,0,0,0
18,315,District - Dima Hasao (16),Urban,40-44,4615,2575,2040,210,124,86,4154,2410,1744,217,29,188,22,10,12,12,2,10,0,0,0
18,315,District - Dima Hasao (16),Urban,45-49,3522,1990,1532,91,40,51,3139,1901,1238,270,32,238,18,16,2,4,1,3,0,0,0
18,315,District - Dima Hasao (16),Urban,50-54,2576,1521,1055,66,30,36,2187,1444,743,301,32,269,16,12,4,6,3,3,0,0,0
18,315,District - Dima Hasao (16),Urban,55-59,1644,1023,621,37,15,22,1361,965,396,227,33,194,16,9,7,3,1,2,0,0,0
18,315,District - Dima Hasao (16),Urban,60-64,1071,606,465,32,14,18,791,559,232,239,30,209,6,3,3,3,0,3,0,0,0
18,315,District - Dima Hasao (16),Urban,65-69,609,320,289,20,15,5,410,274,136,177,30,147,2,1,1,0,0,0,0,0,0
18,315,District - Dima Hasao (16),Urban,70-74,414,208,206,9,5,4,237,179,58,166,22,144,2,2,0,0,0,0,0,0,0
18,315,District - Dima Hasao (16),Urban,75-79,281,141,140,7,4,3,143,106,37,129,30,99,2,1,1,0,0,0,0,0,0
18,315,District - Dima Hasao (16),Urban,80+,282,116,166,19,11,8,116,75,41,146,29,117,1,1,0,0,0,0,0,0,0
18,315,District - Dima Hasao (16),Urban,Age not stated,17,7,10,14,6,8,3,1,2,0,0,0,0,0,0,0,0,0,0,0,0
18,315,District - Dima Hasao (16),Urban,Less than 18,21241,10809,10432,20937,10732,10205,286,72,214,11,3,8,6,2,4,1,0,1,0,0,0
18,315,District - Dima Hasao (16),Urban,Less than 21,25137,12765,12372,24226,12572,11654,881,185,696,19,5,14,10,3,7,1,0,1,0,0,0
18,316,District - Cachar (17),Total,All ages,1736617,886284,850333,917904,510553,407351,719633,356277,363356,90206,17281,72925,4437,1311,3126,4437,862,3575,0,0,0
18,316,District - Cachar (17),Total,0-9,370219,189185,181034,370219,189185,181034,0,0,0,0,0,0,0,0,0,0,0,0,0,0,0
18,316,District - Cachar (17),Total,10-14,188152,96099,92053,185537,95302,90235,2431,736,1695,107,24,83,58,27,31,19,10,9,0,0,0
18,316,District - Cachar (17),Total,15-19,176440,90121,86319,161379,87766,73613,14575,2236,12339,299,71,228,102,37,65,85,11,74,0,0,0
18,316,District - Cachar (17),Total,20-24,163281,81137,82144,101880,67195,34685,60023,13680,46343,631,140,491,366,77,289,381,45,336,0,0,0
18,316,District - Cachar (17),Total,25-29,150898,74479,76419,52724,38912,13812,95517,34974,60543,1443,381,1062,579,128,451,635,84,551,0,0,0
18,316,District - Cachar (17),Total,30-34,126719,63177,63542,22637,17047,5590,100388,45323,55065,2450,591,1859,574,112,462,670,104,566,0,0,0
18,316,District - Cachar (17),Total,35-39,125710,63848,61862,10110,7368,2742,109782,55205,54577,4479,974,3505,641,171,470,698,130,568,0,0,0
18,316,District - Cachar (17),Total,40-44,103609,54563,49046,4475,2931,1544,91220,50048,41172,6722,1301,5421,585,166,419,607,117,490,0,0,0
18,316,District - Cachar (17),Total,45-49,88861,46710,42151,2470,1431,1039,76579,43416,33163,8843,1603,7240,503,150,353,466,110,356,0,0,0
18,316,District - Cachar (17),Total,50-54,69247,36792,32455,1550,827,723,56437,33905,22532,10604,1866,8738,325,116,209,331,78,253,0,0,0
18,316,District - Cachar (17),Total,55-59,50824,27288,23536,1011,537,474,39561,24920,14641,9823,1677,8146,234,94,140,195,60,135,0,0,0
18,316,District - Cachar (17),Total,60-64,45604,23411,22193,1056,523,533,30985,20740,10245,13236,2034,11202,180,71,109,147,43,104,0,0,0
18,316,District - Cachar (17),Total,65-69,29851,15396,14455,801,357,444,18612,13190,5422,10220,1756,8464,125,62,63,93,31,62,0,0,0
18,316,District - Cachar (17),Total,70-74,22384,11602,10782,415,231,184,12291,9403,2888,9542,1898,7644,86,55,31,50,15,35,0,0,0
18,316,District - Cachar (17),Total,75-79,10590,5582,5008,191,107,84,5515,4320,1195,4833,1128,3705,31,20,11,20,7,13,0,0,0
18,316,District - Cachar (17),Total,80+,13276,6392,6884,810,452,358,5460,4072,1388,6922,1827,5095,45,24,21,39,17,22,0,0,0
18,316,District - Cachar (17),Total,Age not stated,952,502,450,639,382,257,257,109,148,52,10,42,3,1,2,1,0,1,0,0,0
18,316,District - Cachar (17),Total,Less than 18,661818,337930,323888,654267,335963,318304,7096,1831,5265,305,73,232,105,49,56,45,14,31,0,0,0
18,316,District - Cachar (17),Total,Less than 21,777335,396117,381218,747000,390932,356068,29390,4960,24430,538,120,418,225,77,148,182,28,154,0,0,0
18,316,District - Cachar (17),Rural,All ages,1421153,727083,694070,765977,425484,340493,575015,284753,290262,72780,15096,57684,3501,981,2520,3880,769,3111,0,0,0
18,316,District - Cachar (17),Rural,0-9,320002,163578,156424,320002,163578,156424,0,0,0,0,0,0,0,0,0,0,0,0,0,0,0
18,316,District - Cachar (17),Rural,10-14,160223,81714,78509,158003,81040,76963,2060,618,1442,94,23,71,51,25,26,15,8,7,0,0,0
18,316,District - Cachar (17),Rural,15-19,147659,75666,71993,134734,73655,61079,12499,1910,10589,256,60,196,91,31,60,79,10,69,0,0,0
18,316,District - Cachar (17),Rural,20-24,132726,66211,66515,80876,54247,26629,50636,11733,38903,562,132,430,302,57,245,350,42,308,0,0,0
18,316,District - Cachar (17),Rural,25-29,121051,60054,60997,39654,29886,9768,79126,29652,49474,1251,351,900,456,90,366,564,75,489,0,0,0
18,316,District - Cachar (17),Rural,30-34,100977,50474,50503,16452,12515,3937,81378,37244,44134,2108,537,1571,444,84,360,595,94,501,0,0,0
18,316,District - Cachar (17),Rural,35-39,100153,51025,49128,7090,5197,1893,88150,44690,43460,3823,906,2917,485,118,367,605,114,491,0,0,0
18,316,District - Cachar (17),Rural,40-44,81751,43189,38562,3031,1988,1043,72139,39782,32357,5610,1195,4415,457,122,335,514,102,412,0,0,0
18,316,District - Cachar (17),Rural,45-49,69471,36811,32660,1639,962,677,59772,34171,25601,7268,1471,5797,393,113,280,399,94,305,0,0,0
18,316,District - Cachar (17),Rural,50-54,53357,28403,24954,977,550,427,43211,26042,17169,8635,1657,6978,254,84,170,280,70,210,0,0,0
18,316,District - Cachar (17),Rural,55-59,38735,20889,17846,632,348,284,29945,18958,10987,7801,1457,6344,183,71,112,174,55,119,0,0,0
18,316,District - Cachar (17),Rural,60-64,35283,18086,17197,711,355,356,23679,15898,7781,10627,1738,8889,145,58,87,121,37,84,0,0,0
18,316,District - Cachar (17),Rural,65-69,23079,11911,11168,519,225,294,14256,10127,4129,8117,1483,6634,103,47,56,84,29,55,0,0,0
18,316,District - Cachar (17),Rural,70-74,17528,9164,8364,290,158,132,9508,7318,2190,7612,1629,5983,73,44,29,45,15,30,0,0,0
18,316,District - Cachar (17),Rural,75-79,7937,4310,3627,131,75,56,4180,3300,880,3583,911,2672,27,17,10,16,7,9,0,0,0
18,316,District - Cachar (17),Rural,80+,10375,5157,5218,651,358,293,4264,3227,1037,5388,1536,3852,34,19,15,38,17,21,0,0,0
18,316,District - Cachar (17),Rural,Age not stated,846,441,405,585,347,238,212,83,129,45,10,35,3,1,2,1,0,1,0,0,0
18,316,District - Cachar (17),Rural,Less than 18,567132,289623,277509,560717,287951,272766,6024,1552,4472,260,65,195,91,43,48,40,12,28,0,0,0
18,316,District - Cachar (17),Rural,Less than 21,663110,338113,324997,637089,333686,303403,25195,4230,20965,467,107,360,194,66,128,165,24,141,0,0,0
18,316,District - Cachar (17),Urban,All ages,315464,159201,156263,151927,85069,66858,144618,71524,73094,17426,2185,15241,936,330,606,557,93,464,0,0,0
18,316,District - Cachar (17),Urban,0-9,50217,25607,24610,50217,25607,24610,0,0,0,0,0,0,0,0,0,0,0,0,0,0,0
18,316,District - Cachar (17),Urban,10-14,27929,14385,13544,27534,14262,13272,371,118,253,13,1,12,7,2,5,4,2,2,0,0,0
18,316,District - Cachar (17),Urban,15-19,28781,14455,14326,26645,14111,12534,2076,326,1750,43,11,32,11,6,5,6,1,5,0,0,0
18,316,District - Cachar (17),Urban,20-24,30555,14926,15629,21004,12948,8056,9387,1947,7440,69,8,61,64,20,44,31,3,28,0,0,0
18,316,District - Cachar (17),Urban,25-29,29847,14425,15422,13070,9026,4044,16391,5322,11069,192,30,162,123,38,85,71,9,62,0,0,0
18,316,District - Cachar (17),Urban,30-34,25742,12703,13039,6185,4532,1653,19010,8079,10931,342,54,288,130,28,102,75,10,65,0,0,0
18,316,District - Cachar (17),Urban,35-39,25557,12823,12734,3020,2171,849,21632,10515,11117,656,68,588,156,53,103,93,16,77,0,0,0
18,316,District - Cachar (17),Urban,40-44,21858,11374,10484,1444,943,501,19081,10266,8815,1112,106,1006,128,44,84,93,15,78,0,0,0
18,316,District - Cachar (17),Urban,45-49,19390,9899,9491,831,469,362,16807,9245,7562,1575,132,1443,110,37,73,67,16,51,0,0,0
18,316,District - Cachar (17),Urban,50-54,15890,8389,7501,573,277,296,13226,7863,5363,1969,209,1760,71,32,39,51,8,43,0,0,0
18,316,District - Cachar (17),Urban,55-59,12089,6399,5690,379,189,190,9616,5962,3654,2022,220,1802,51,23,28,21,5,16,0,0,0
18,316,District - Cachar (17),Urban,60-64,10321,5325,4996,345,168,177,7306,4842,2464,2609,296,2313,35,13,22,26,6,20,0,0,0
18,316,District - Cachar (17),Urban,65-69,6772,3485,3287,282,132,150,4356,3063,1293,2103,273,1830,22,15,7,9,2,7,0,0,0
18,316,District - Cachar (17),Urban,70-74,4856,2438,2418,125,73,52,2783,2085,698,1930,269,1661,13,11,2,5,0,5,0,0,0
18,316,District - Cachar (17),Urban,75-79,2653,1272,1381,60,32,28,1335,1020,315,1250,217,1033,4,3,1,4,0,4,0,0,0
18,316,District - Cachar (17),Urban,80+,2901,1235,1666,159,94,65,1196,845,351,1534,291,1243,11,5,6,1,0,1,0,0,0
18,316,District - Cachar (17),Urban,Age not stated,106,61,45,54,35,19,45,26,19,7,0,7,0,0,0,0,0,0,0,0,0
18,316,District - Cachar (17),Urban,Less than 18,94686,48307,46379,93550,48012,45538,1072,279,793,45,8,37,14,6,8,5,2,3,0,0,0
18,316,District - Cachar (17),Urban,Less than 21,114225,58004,56221,109911,57246,52665,4195,730,3465,71,13,58,31,11,20,17,4,13,0,0,0
18,317,District - Karimganj (18),Total,All ages,1228686,625864,602822,679635,378356,301279,480422,236930,243492,61365,9320,52045,3298,753,2545,3966,505,3461,0,0,0
18,317,District - Karimganj (18),Total,0-9,302221,153486,148735,302221,153486,148735,0,0,0,0,0,0,0,0,0,0,0,0,0,0,0
18,317,District - Karimganj (18),Total,10-14,139930,71147,68783,138011,70586,67425,1760,505,1255,101,34,67,36,15,21,22,7,15,0,0,0
18,317,District - Karimganj (18),Total,15-19,123965,62775,61190,110410,61052,49358,13115,1657,11458,221,39,182,114,21,93,105,6,99,0,0,0
18,317,District - Karimganj (18),Total,20-24,112858,56340,56518,66468,46101,20367,45062,10095,34967,507,76,431,329,37,292,492,31,461,0,0,0
18,317,District - Karimganj (18),Total,25-29,100876,50614,50262,33871,26368,7503,64901,23939,40962,1008,190,818,402,55,347,694,62,632,0,0,0
18,317,District - Karimganj (18),Total,30-34,82193,41297,40896,13957,11037,2920,65365,29856,35509,1783,275,1508,445,68,377,643,61,582,0,0,0
18,317,District - Karimganj (18),Total,35-39,79954,40751,39203,6225,4685,1540,69983,35464,34519,2667,442,2225,456,82,374,623,78,545,0,0,0
18,317,District - Karimganj (18),Total,40-44,66822,34898,31924,2892,1941,951,58912,32266,26646,4146,542,3604,404,86,318,468,63,405,0,0,0
18,317,District - Karimganj (18),Total,45-49,55399,29251,26148,1486,875,611,48147,27567,20580,5144,682,4462,331,78,253,291,49,242,0,0,0
18,317,District - Karimganj (18),Total,50-54,44851,23986,20865,961,539,422,36879,22449,14430,6502,865,5637,263,79,184,246,54,192,0,0,0
18,317,District - Karimganj (18),Total,55-59,32911,17930,14981,605,333,272,25772,16609,9163,6246,900,5346,166,61,105,122,27,95,0,0,0
18,317,District - Karimganj (18),Total,60-64,31100,15730,15370,706,366,340,21070,14139,6931,9063,1144,7919,149,58,91,112,23,89,0,0,0
18,317,District - Karimganj (18),Total,65-69,20627,10518,10109,542,283,259,12576,9122,3454,7359,1052,6307,88,43,45,62,18,44,0,0,0
18,317,District - Karimganj (18),Total,70-74,16041,8020,8021,253,142,111,8683,6757,1926,7009,1078,5931,54,28,26,42,15,27,0,0,0
18,317,District - Karimganj (18),Total,75-79,7763,3880,3883,131,63,68,3816,3073,743,3779,726,3053,24,16,8,13,2,11,0,0,0
18,317,District - Karimganj (18),Total,80+,10697,4993,5704,566,317,249,4273,3375,898,5796,1269,4527,36,25,11,26,7,19,0,0,0
18,317,District - Karimganj (18),Total,Age not stated,478,248,230,330,182,148,108,57,51,34,6,28,1,1,0,5,2,3,0,0,0
18,317,District - Karimganj (18),Total,Less than 18,514913,261557,253356,508875,260208,248667,5680,1256,4424,234,54,180,77,29,48,47,10,37,0,0,0
18,317,District - Karimganj (18),Total,Less than 21,595778,301610,294168,570003,297735,272268,24882,3720,21162,444,95,349,213,43,170,236,17,219,0,0,0
18,317,District - Karimganj (18),Rural,All ages,1118986,570510,548476,625734,348197,277537,431841,212590,219251,54671,8569,46102,2977,674,2303,3763,480,3283,0,0,0
18,317,District - Karimganj (18),Rural,0-9,285137,144771,140366,285137,144771,140366,0,0,0,0,0,0,0,0,0,0,0,0,0,0,0
18,317,District - Karimganj (18),Rural,10-14,130615,66389,64226,128834,65880,62954,1636,455,1181,91,33,58,34,15,19,20,6,14,0,0,0
18,317,District - Karimganj (18),Rural,15-19,114112,57863,56249,101264,56227,45037,12428,1571,10857,207,39,168,111,21,90,102,5,97,0,0,0
18,317,District - Karimganj (18),Rural,20-24,102524,51359,51165,59062,41659,17403,42193,9562,32631,483,72,411,307,36,271,479,30,449,0,0,0
18,317,District - Karimganj (18),Rural,25-29,90914,45757,45157,29101,23120,5981,59838,22347,37491,947,178,769,359,50,309,669,62,607,0,0,0
18,317,District - Karimganj (18),Rural,30-34,73262,36947,36315,11317,9109,2208,59280,27456,31824,1644,262,1382,404,61,343,617,59,558,0,0,0
18,317,District - Karimganj (18),Rural,35-39,70781,36185,34596,4731,3633,1098,62601,31982,30619,2458,426,2032,404,70,334,587,74,513,0,0,0
18,317,District - Karimganj (18),Rural,40-44,58548,30557,27991,2062,1400,662,52011,28519,23492,3683,508,3175,351,72,279,441,58,383,0,0,0
18,317,District - Karimganj (18),Rural,45-49,48338,25486,22852,1035,636,399,42167,24089,18078,4580,647,3933,294,68,226,262,46,216,0,0,0
18,317,District - Karimganj (18),Rural,50-54,39190,20930,18260,660,392,268,32272,19618,12654,5799,803,4996,232,66,166,227,51,176,0,0,0
18,317,District - Karimganj (18),Rural,55-59,28630,15585,13045,417,232,185,22465,14445,8020,5481,830,4651,152,53,99,115,25,90,0,0,0
18,317,District - Karimganj (18),Rural,60-64,27499,13913,13586,541,288,253,18633,12507,6126,8088,1046,7042,134,51,83,103,21,82,0,0,0
18,317,District - Karimganj (18),Rural,65-69,18258,9343,8915,456,241,215,11157,8098,3059,6503,944,5559,83,43,40,59,17,42,0,0,0
18,317,District - Karimganj (18),Rural,70-74,14357,7205,7152,207,114,93,7785,6061,1724,6272,988,5284,52,27,25,41,15,26,0,0,0
18,317,District - Karimganj (18),Rural,75-79,6763,3434,3329,100,49,51,3367,2722,645,3260,645,2615,24,16,8,12,2,10,0,0,0
18,317,District - Karimganj (18),Rural,80+,9608,4555,5053,498,275,223,3907,3107,800,5143,1142,4001,35,24,11,25,7,18,0,0,0
18,317,District - Karimganj (18),Rural,Age not stated,450,231,219,312,171,141,101,51,50,32,6,26,1,1,0,4,2,2,0,0,0
18,317,District - Karimganj (18),Rural,Less than 18,482891,245260,237631,477228,244008,233220,5333,1162,4171,214,53,161,73,29,44,43,8,35,0,0,0
18,317,District - Karimganj (18),Rural,Less than 21,557163,282105,275058,532770,278470,254300,23548,3485,20063,411,92,319,203,43,160,231,15,216,0,0,0
18,317,District - Karimganj (18),Urban,All ages,109700,55354,54346,53901,30159,23742,48581,24340,24241,6694,751,5943,321,79,242,203,25,178,0,0,0
18,317,District - Karimganj (18),Urban,0-9,17084,8715,8369,17084,8715,8369,0,0,0,0,0,0,0,0,0,0,0,0,0,0,0
18,317,District - Karimganj (18),Urban,10-14,9315,4758,4557,9177,4706,4471,124,50,74,10,1,9,2,0,2,2,1,1,0,0,0
18,317,District - Karimganj (18),Urban,15-19,9853,4912,4941,9146,4825,4321,687,86,601,14,0,14,3,0,3,3,1,2,0,0,0
18,317,District - Karimganj (18),Urban,20-24,10334,4981,5353,7406,4442,2964,2869,533,2336,24,4,20,22,1,21,13,1,12,0,0,0
18,317,District - Karimganj (18),Urban,25-29,9962,4857,5105,4770,3248,1522,5063,1592,3471,61,12,49,43,5,38,25,0,25,0,0,0
18,317,District - Karimganj (18),Urban,30-34,8931,4350,4581,2640,1928,712,6085,2400,3685,139,13,126,41,7,34,26,2,24,0,0,0
18,317,District - Karimganj (18),Urban,35-39,9173,4566,4607,1494,1052,442,7382,3482,3900,209,16,193,52,12,40,36,4,32,0,0,0
18,317,District - Karimganj (18),Urban,40-44,8274,4341,3933,830,541,289,6901,3747,3154,463,34,429,53,14,39,27,5,22,0,0,0
18,317,District - Karimganj (18),Urban,45-49,7061,3765,3296,451,239,212,5980,3478,2502,564,35,529,37,10,27,29,3,26,0,0,0
18,317,District - Karimganj (18),Urban,50-54,5661,3056,2605,301,147,154,4607,2831,1776,703,62,641,31,13,18,19,3,16,0,0,0
18,317,District - Karimganj (18),Urban,55-59,4281,2345,1936,188,101,87,3307,2164,1143,765,70,695,14,8,6,7,2,5,0,0,0
18,317,District - Karimganj (18),Urban,60-64,3601,1817,1784,165,78,87,2437,1632,805,975,98,877,15,7,8,9,2,7,0,0,0
18,317,District - Karimganj (18),Urban,65-69,2369,1175,1194,86,42,44,1419,1024,395,856,108,748,5,0,5,3,1,2,0,0,0
18,317,District - Karimganj (18),Urban,70-74,1684,815,869,46,28,18,898,696,202,737,90,647,2,1,1,1,0,1,0,0,0
18,317,District - Karimganj (18),Urban,75-79,1000,446,554,31,14,17,449,351,98,519,81,438,0,0,0,1,0,1,0,0,0
18,317,District - Karimganj (18),Urban,80+,1089,438,651,68,42,26,366,268,98,653,127,526,1,1,0,1,0,1,0,0,0
18,317,District - Karimganj (18),Urban,Age not stated,28,17,11,18,11,7,7,6,1,2,0,2,0,0,0,1,0,1,0,0,0
18,317,District - Karimganj (18),Urban,Less than 18,32022,16297,15725,31647,16200,15447,347,94,253,20,1,19,4,0,4,4,2,2,0,0,0
18,317,District - Karimganj (18),Urban,Less than 21,38615,19505,19110,37233,19265,17968,1334,235,1099,33,3,30,10,0,10,5,2,3,0,0,0
18,318,District - Hailakandi (19),Total,All ages,659296,337890,321406,367219,204819,162400,256067,126080,129987,31146,5890,25256,2267,665,1602,2597,436,2161,0,0,0
18,318,District - Hailakandi (19),Total,0-9,160571,81610,78961,160571,81610,78961,0,0,0,0,0,0,0,0,0,0,0,0,0,0,0
18,318,District - Hailakandi (19),Total,10-14,78267,39661,38606,77282,39368,37914,909,263,646,48,14,34,18,10,8,10,6,4,0,0,0
18,318,District - Hailakandi (19),Total,15-19,68236,35153,33083,61665,34170,27495,6301,928,5373,130,30,100,68,16,52,72,9,63,0,0,0
18,318,District - Hailakandi (19),Total,20-24,58960,29856,29104,34595,24323,10272,23621,5417,18204,285,74,211,174,21,153,285,21,264,0,0,0
18,318,District - Hailakandi (19),Total,25-29,53887,26627,27260,17177,13542,3635,35442,12840,22602,620,129,491,264,64,200,384,52,332,0,0,0
18,318,District - Hailakandi (19),Total,30-34,45447,22849,22598,7822,6290,1532,36060,16270,19790,931,190,741,234,41,193,400,58,342,0,0,0
18,318,District - Hailakandi (19),Total,35-39,44788,22925,21863,3630,2784,846,38871,19729,19142,1603,280,1323,309,66,243,375,66,309,0,0,0
18,318,District - Hailakandi (19),Total,40-44,36706,19452,17254,1582,1051,531,32123,17847,14276,2402,426,1976,300,75,225,299,53,246,0,0,0
18,318,District - Hailakandi (19),Total,45-49,29302,15693,13609,787,488,299,25303,14636,10667,2745,443,2302,245,79,166,222,47,175,0,0,0
18,318,District - Hailakandi (19),Total,50-54,23663,12679,10984,464,258,206,19253,11719,7534,3550,590,2960,211,71,140,185,41,144,0,0,0
18,318,District - Hailakandi (19),Total,55-59,16188,8775,7413,258,134,124,12652,8042,4610,3047,524,2523,133,60,73,98,15,83,0,0,0
18,318,District - Hailakandi (19),Total,60-64,16609,8632,7977,380,202,178,11176,7610,3566,4794,741,4053,133,51,82,126,28,98,0,0,0
18,318,District - Hailakandi (19),Total,65-69,10416,5501,4915,309,181,128,6387,4636,1751,3572,621,2951,85,46,39,63,17,46,0,0,0
18,318,District - Hailakandi (19),Total,70-74,8172,4282,3890,129,79,50,4406,3430,976,3550,731,2819,49,33,16,38,9,29,0,0,0
18,318,District - Hailakandi (19),Total,75-79,3283,1786,1497,53,24,29,1653,1311,342,1540,430,1110,20,15,5,17,6,11,0,0,0
18,318,District - Hailakandi (19),Total,80+,4510,2241,2269,302,173,129,1852,1379,473,2313,665,1648,23,16,7,20,8,12,0,0,0
18,318,District - Hailakandi (19),Total,Age not stated,291,168,123,213,142,71,58,23,35,16,2,14,1,1,0,3,0,3,0,0,0
18,318,District - Hailakandi (19),Total,Less than 18,278859,141673,137186,275908,140915,134993,2737,695,2042,136,32,104,48,18,30,30,13,17,0,0,0
18,318,District - Hailakandi (19),Total,Less than 21,324026,164803,159223,310711,162602,148109,12780,2088,10692,263,66,197,125,31,94,147,16,131,0,0,0
18,318,District - Hailakandi (19),Rural,All ages,611156,313747,297409,343908,191829,152079,234343,115302,119041,28281,5564,22717,2124,630,1494,2500,422,2078,0,0,0
18,318,District - Hailakandi (19),Rural,0-9,153584,78091,75493,153584,78091,75493,0,0,0,0,0,0,0,0,0,0,0,0,0,0,0
18,318,District - Hailakandi (19),Rural,10-14,73963,37461,36502,73036,37183,35853,857,250,607,46,14,32,15,9,6,9,5,4,0,0,0
18,318,District - Hailakandi (19),Rural,15-19,63789,32910,30879,57534,31980,25554,5995,875,5120,123,30,93,67,16,51,70,9,61,0,0,0
18,318,District - Hailakandi (19),Rural,20-24,54441,27617,26824,31303,22333,8970,22425,5173,17252,274,71,203,162,19,143,277,21,256,0,0,0
18,318,District - Hailakandi (19),Rural,25-29,49667,24619,25048,15125,12166,2959,33328,12215,21113,592,126,466,248,61,187,374,51,323,0,0,0
18,318,District - Hailakandi (19),Rural,30-34,41555,20993,20562,6669,5440,1229,33401,15275,18126,876,181,695,226,40,186,383,57,326,0,0,0
18,318,District - Hailakandi (19),Rural,35-39,40783,20986,19797,3024,2368,656,35629,18233,17396,1490,263,1227,283,61,222,357,61,296,0,0,0
18,318,District - Hailakandi (19),Rural,40-44,33050,17623,15427,1280,872,408,28973,16224,12749,2232,405,1827,276,71,205,289,51,238,0,0,0
18,318,District - Hailakandi (19),Rural,45-49,26240,14067,12173,605,388,217,22658,13135,9523,2537,423,2114,227,75,152,213,46,167,0,0,0
18,318,District - Hailakandi (19),Rural,50-54,21002,11196,9806,368,210,158,17002,10322,6680,3260,562,2698,198,64,134,174,38,136,0,0,0
18,318,District - Hailakandi (19),Rural,55-59,14230,7660,6570,189,106,83,11086,6985,4101,2732,496,2236,127,58,69,96,15,81,0,0,0
18,318,District - Hailakandi (19),Rural,60-64,15013,7841,7172,322,177,145,10075,6879,3196,4371,709,3662,124,48,76,121,28,93,0,0,0
18,318,District - Hailakandi (19),Rural,65-69,9346,4982,4364,269,159,110,5722,4177,1545,3210,583,2627,84,46,38,61,17,44,0,0,0
18,318,District - Hailakandi (19),Rural,70-74,7369,3908,3461,104,67,37,3998,3106,892,3185,694,2491,46,32,14,36,9,27,0,0,0
18,318,District - Hailakandi (19),Rural,75-79,2886,1607,1279,42,21,21,1480,1178,302,1328,388,940,19,14,5,17,6,11,0,0,0
18,318,District - Hailakandi (19),Rural,80+,3994,2048,1946,271,149,122,1666,1257,409,2015,618,1397,22,16,6,20,8,12,0,0,0
18,318,District - Hailakandi (19),Rural,Age not stated,244,138,106,183,119,64,48,18,30,10,1,9,0,0,0,3,0,3,0,0,0
18,318,District - Hailakandi (19),Rural,Less than 18,264952,134655,130297,262185,133942,128243,2563,652,1911,131,32,99,44,17,27,29,12,17,0,0,0
18,318,District - Hailakandi (19),Rural,Less than 21,307215,156301,150914,294499,154208,140291,12205,1982,10223,252,66,186,116,30,86,143,15,128,0,0,0
18,318,District - Hailakandi (19),Urban,All ages,48140,24143,23997,23311,12990,10321,21724,10778,10946,2865,326,2539,143,35,108,97,14,83,0,0,0
18,318,District - Hailakandi (19),Urban,0-9,6987,3519,3468,6987,3519,3468,0,0,0,0,0,0,0,0,0,0,0,0,0,0,0
18,318,District - Hailakandi (19),Urban,10-14,4304,2200,2104,4246,2185,2061,52,13,39,2,0,2,3,1,2,1,1,0,0,0,0
18,318,District - Hailakandi (19),Urban,15-19,4447,2243,2204,4131,2190,1941,306,53,253,7,0,7,1,0,1,2,0,2,0,0,0
18,318,District - Hailakandi (19),Urban,20-24,4519,2239,2280,3292,1990,1302,1196,244,952,11,3,8,12,2,10,8,0,8,0,0,0
18,318,District - Hailakandi (19),Urban,25-29,4220,2008,2212,2052,1376,676,2114,625,1489,28,3,25,16,3,13,10,1,9,0,0,0
18,318,District - Hailakandi (19),Urban,30-34,3892,1856,2036,1153,850,303,2659,995,1664,55,9,46,8,1,7,17,1,16,0,0,0
18,318,District - Hailakandi (19),Urban,35-39,4005,1939,2066,606,416,190,3242,1496,1746,113,17,96,26,5,21,18,5,13,0,0,0
18,318,District - Hailakandi (19),Urban,40-44,3656,1829,1827,302,179,123,3150,1623,1527,170,21,149,24,4,20,10,2,8,0,0,0
18,318,District - Hailakandi (19),Urban,45-49,3062,1626,1436,182,100,82,2645,1501,1144,208,20,188,18,4,14,9,1,8,0,0,0
18,318,District - Hailakandi (19),Urban,50-54,2661,1483,1178,96,48,48,2251,1397,854,290,28,262,13,7,6,11,3,8,0,0,0
18,318,District - Hailakandi (19),Urban,55-59,1958,1115,843,69,28,41,1566,1057,509,315,28,287,6,2,4,2,0,2,0,0,0
18,318,District - Hailakandi (19),Urban,60-64,1596,791,805,58,25,33,1101,731,370,423,32,391,9,3,6,5,0,5,0,0,0
18,318,District - Hailakandi (19),Urban,65-69,1070,519,551,40,22,18,665,459,206,362,38,324,1,0,1,2,0,2,0,0,0
18,318,District - Hailakandi (19),Urban,70-74,803,374,429,25,12,13,408,324,84,365,37,328,3,1,2,2,0,2,0,0,0
18,318,District - Hailakandi (19),Urban,75-79,397,179,218,11,3,8,173,133,40,212,42,170,1,1,0,0,0,0,0,0,0
18,318,District - Hailakandi (19),Urban,80+,516,193,323,31,24,7,186,122,64,298,47,251,1,0,1,0,0,0,0,0,0
18,318,District - Hailakandi (19),Urban,Age not stated,47,30,17,30,23,7,10,5,5,6,1,5,1,1,0,0,0,0,0,0,0
18,318,District - Hailakandi (19),Urban,Less than 18,13907,7018,6889,13723,6973,6750,174,43,131,5,0,5,4,1,3,1,1,0,0,0,0
18,318,District - Hailakandi (19),Urban,Less than 21,16811,8502,8309,16212,8394,7818,575,106,469,11,0,11,9,1,8,4,1,3,0,0,0
18,319,District - Bongaigaon (20),Total,All ages,738804,375818,362986,373910,210702,163208,328060,161135,166925,33988,3351,30637,1604,384,1220,1242,246,996,0,0,0
18,319,District - Bongaigaon (20),Total,0-9,168629,85662,82967,168629,85662,82967,0,0,0,0,0,0,0,0,0,0,0,0,0,0,0
18,319,District - Bongaigaon (20),Total,10-14,84618,43575,41043,83467,43222,40245,1074,332,742,43,12,31,27,9,18,7,0,7,0,0,0
18,319,District - Bongaigaon (20),Total,15-19,70896,38537,32359,59775,37046,22729,10919,1455,9464,91,16,75,56,17,39,55,3,52,0,0,0
18,319,District - Bongaigaon (20),Total,20-24,69865,33420,36445,31551,22804,8747,37746,10546,27200,247,38,209,137,17,120,184,15,169,0,0,0
18,319,District - Bongaigaon (20),Total,25-29,64788,32404,32384,15587,11900,3687,48304,20377,27927,501,57,444,186,39,147,210,31,179,0,0,0
18,319,District - Bongaigaon (20),Total,30-34,52115,26341,25774,6900,5279,1621,43982,20898,23084,875,92,783,185,36,149,173,36,137,0,0,0
18,319,District - Bongaigaon (20),Total,35-39,51099,25299,25800,3432,2379,1053,45712,22663,23049,1571,140,1431,210,66,144,174,51,123,0,0,0
18,319,District - Bongaigaon (20),Total,40-44,43359,22267,21092,1725,1013,712,38889,20996,17893,2391,180,2211,199,44,155,155,34,121,0,0,0
18,319,District - Bongaigaon (20),Total,45-49,38276,19835,18441,898,416,482,33730,19094,14636,3349,260,3089,186,31,155,113,34,79,0,0,0
18,319,District - Bongaigaon (20),Total,50-54,28436,15297,13139,518,249,269,23947,14706,9241,3759,294,3465,146,34,112,66,14,52,0,0,0
18,319,District - Bongaigaon (20),Total,55-59,19917,10847,9070,297,128,169,15928,10367,5561,3549,317,3232,100,28,72,43,7,36,0,0,0
18,319,District - Bongaigaon (20),Total,60-64,16467,8024,8443,303,136,167,11187,7490,3697,4867,371,4496,80,20,60,30,7,23,0,0,0
18,319,District - Bongaigaon (20),Total,65-69,11207,5304,5903,259,157,102,6878,4744,2134,4010,379,3631,42,16,26,18,8,10,0,0,0
18,319,District - Bongaigaon (20),Total,70-74,8912,4139,4773,97,42,55,4897,3664,1233,3891,422,3469,22,9,13,5,2,3,0,0,0
18,319,District - Bongaigaon (20),Total,75-79,4503,2194,2309,40,21,19,2354,1868,486,2091,294,1797,14,9,5,4,2,2,0,0,0
18,319,District - Bongaigaon (20),Total,80+,5497,2557,2940,286,163,123,2453,1906,547,2740,477,2263,13,9,4,5,2,3,0,0,0
18,319,District - Bongaigaon (20),Total,Age not stated,220,116,104,146,85,61,60,29,31,13,2,11,1,0,1,0,0,0,0,0,0
18,319,District - Bongaigaon (20),Total,Less than 18,294860,152830,142030,291104,151932,139172,3586,859,2727,93,17,76,55,21,34,22,1,21,0,0,0
18,319,District - Bongaigaon (20),Total,Less than 21,341531,175673,165858,321054,172443,148611,20076,3162,16914,180,34,146,115,29,86,106,5,101,0,0,0
18,319,District - Bongaigaon (20),Rural,All ages,628994,319786,309208,323779,182072,141707,274698,134486,140212,28137,2753,25384,1292,265,1027,1088,210,878,0,0,0
18,319,District - Bongaigaon (20),Rural,0-9,152221,77170,75051,152221,77170,75051,0,0,0,0,0,0,0,0,0,0,0,0,0,0,0
18,319,District - Bongaigaon (20),Rural,10-14,75032,38560,36472,74015,38244,35771,953,296,657,38,11,27,21,9,12,5,0,5,0,0,0
18,319,District - Bongaigaon (20),Rural,15-19,60834,33449,27385,50710,32117,18593,9939,1302,8637,83,14,69,51,14,37,51,2,49,0,0,0
18,319,District - Bongaigaon (20),Rural,20-24,59068,28181,30887,24636,18472,6164,33929,9649,24280,212,31,181,118,14,104,173,15,158,0,0,0
18,319,District - Bongaigaon (20),Rural,25-29,54539,27393,27146,11512,8997,2515,42254,18290,23964,429,50,379,150,27,123,194,29,165,0,0,0
18,319,District - Bongaigaon (20),Rural,30-34,42953,21846,21107,4969,3792,1177,36996,17918,19078,694,79,615,149,26,123,145,31,114,0,0,0
18,319,District - Bongaigaon (20),Rural,35-39,41888,20919,20969,2465,1671,794,37865,19048,18817,1246,116,1130,157,43,114,155,41,114,0,0,0
18,319,District - Bongaigaon (20),Rural,40-44,34741,17922,16819,1211,667,544,31361,17048,14313,1894,151,1743,145,29,116,130,27,103,0,0,0
18,319,District - Bongaigaon (20),Rural,45-49,30482,15769,14713,642,277,365,26871,15218,11653,2712,219,2493,160,25,135,97,30,67,0,0,0
18,319,District - Bongaigaon (20),Rural,50-54,22449,11752,10697,345,144,201,18863,11353,7510,3067,223,2844,121,20,101,53,12,41,0,0,0
18,319,District - Bongaigaon (20),Rural,55-59,15641,8300,7341,196,74,122,12450,7966,4484,2876,240,2636,83,15,68,36,5,31,0,0,0
18,319,District - Bongaigaon (20),Rural,60-64,13702,6611,7091,240,106,134,9243,6174,3069,4138,315,3823,60,11,49,21,5,16,0,0,0
18,319,District - Bongaigaon (20),Rural,65-69,9214,4265,4949,194,113,81,5620,3834,1786,3352,302,3050,33,9,24,15,7,8,0,0,0
18,319,District - Bongaigaon (20),Rural,70-74,7658,3529,4129,76,29,47,4202,3132,1070,3354,358,2996,21,8,13,5,2,3,0,0,0
18,319,District - Bongaigaon (20),Rural,75-79,3754,1853,1901,26,14,12,2007,1595,412,1707,235,1472,10,7,3,4,2,2,0,0,0
18,319,District - Bongaigaon (20),Rural,80+,4687,2201,2486,230,135,95,2116,1648,468,2325,408,1917,12,8,4,4,2,2,0,0,0
18,319,District - Bongaigaon (20),Rural,Age not stated,131,66,65,91,50,41,29,15,14,10,1,9,1,0,1,0,0,0,0,0,0
18,319,District - Bongaigaon (20),Rural,Less than 18,263013,136326,126687,259707,135524,124183,3158,766,2392,82,15,67,47,20,27,19,1,18,0,0,0
18,319,District - Bongaigaon (20),Rural,Less than 21,303093,155952,147141,284456,153042,131414,18278,2851,15427,162,30,132,100,25,75,97,4,93,0,0,0
18,319,District - Bongaigaon (20),Urban,All ages,109810,56032,53778,50131,28630,21501,53362,26649,26713,5851,598,5253,312,119,193,154,36,118,0,0,0
18,319,District - Bongaigaon (20),Urban,0-9,16408,8492,7916,16408,8492,7916,0,0,0,0,0,0,0,0,0,0,0,0,0,0,0
18,319,District - Bongaigaon (20),Urban,10-14,9586,5015,4571,9452,4978,4474,121,36,85,5,1,4,6,0,6,2,0,2,0,0,0
18,319,District - Bongaigaon (20),Urban,15-19,10062,5088,4974,9065,4929,4136,980,153,827,8,2,6,5,3,2,4,1,3,0,0,0
18,319,District - Bongaigaon (20),Urban,20-24,10797,5239,5558,6915,4332,2583,3817,897,2920,35,7,28,19,3,16,11,0,11,0,0,0
18,319,District - Bongaigaon (20),Urban,25-29,10249,5011,5238,4075,2903,1172,6050,2087,3963,72,7,65,36,12,24,16,2,14,0,0,0
18,319,District - Bongaigaon (20),Urban,30-34,9162,4495,4667,1931,1487,444,6986,2980,4006,181,13,168,36,10,26,28,5,23,0,0,0
18,319,District - Bongaigaon (20),Urban,35-39,9211,4380,4831,967,708,259,7847,3615,4232,325,24,301,53,23,30,19,10,9,0,0,0
18,319,District - Bongaigaon (20),Urban,40-44,8618,4345,4273,514,346,168,7528,3948,3580,497,29,468,54,15,39,25,7,18,0,0,0
18,319,District - Bongaigaon (20),Urban,45-49,7794,4066,3728,256,139,117,6859,3876,2983,637,41,596,26,6,20,16,4,12,0,0,0
18,319,District - Bongaigaon (20),Urban,50-54,5987,3545,2442,173,105,68,5084,3353,1731,692,71,621,25,14,11,13,2,11,0,0,0
18,319,District - Bongaigaon (20),Urban,55-59,4276,2547,1729,101,54,47,3478,2401,1077,673,77,596,17,13,4,7,2,5,0,0,0
18,319,District - Bongaigaon (20),Urban,60-64,2765,1413,1352,63,30,33,1944,1316,628,729,56,673,20,9,11,9,2,7,0,0,0
18,319,District - Bongaigaon (20),Urban,65-69,1993,1039,954,65,44,21,1258,910,348,658,77,581,9,7,2,3,1,2,0,0,0
18,319,District - Bongaigaon (20),Urban,70-74,1254,610,644,21,13,8,695,532,163,537,64,473,1,1,0,0,0,0,0,0,0
18,319,District - Bongaigaon (20),Urban,75-79,749,341,408,14,7,7,347,273,74,384,59,325,4,2,2,0,0,0,0,0,0
18,319,District - Bongaigaon (20),Urban,80+,810,356,454,56,28,28,337,258,79,415,69,346,1,1,0,1,0,1,0,0,0
18,319,District - Bongaigaon (20),Urban,Age not stated,89,50,39,55,35,20,31,14,17,3,1,2,0,0,0,0,0,0,0,0,0
18,319,District - Bongaigaon (20),Urban,Less than 18,31847,16504,15343,31397,16408,14989,428,93,335,11,2,9,8,1,7,3,0,3,0,0,0
18,319,District - Bongaigaon (20),Urban,Less than 21,38438,19721,18717,36598,19401,17197,1798,311,1487,18,4,14,15,4,11,9,1,8,0,0,0
18,320,District - Chirang (21),Total,All ages,482162,244860,237302,247678,136477,111201,211843,104578,107265,20745,3230,17515,1274,409,865,622,166,456,0,0,0
18,320,District - Chirang (21),Total,0-9,107794,54865,52929,107794,54865,52929,0,0,0,0,0,0,0,0,0,0,0,0,0,0,0
18,320,District - Chirang (21),Total,10-14,57354,29315,28039,56348,29043,27305,943,248,695,39,13,26,17,7,10,7,4,3,0,0,0
18,320,District - Chirang (21),Total,15-19,49625,25908,23717,42446,24736,17710,7014,1135,5879,104,19,85,34,13,21,27,5,22,0,0,0
18,320,District - Chirang (21),Total,20-24,43470,20989,22481,21271,14713,6558,21826,6204,15622,185,33,152,104,21,83,84,18,66,0,0,0
18,320,District - Chirang (21),Total,25-29,43275,21212,22063,10620,7695,2925,32015,13394,18621,400,68,332,135,42,93,105,13,92,0,0,0
18,320,District - Chirang (21),Total,30-34,35035,17373,17662,4193,2875,1318,29948,14322,15626,646,107,539,174,51,123,74,18,56,0,0,0
18,320,District - Chirang (21),Total,35-39,35354,17914,17440,2166,1230,936,31829,16452,15377,1100,144,956,166,54,112,93,34,59,0,0,0
18,320,District - Chirang (21),Total,40-44,27874,14407,13467,1058,513,545,25041,13641,11400,1536,181,1355,172,52,120,67,20,47,0,0,0
18,320,District - Chirang (21),Total,45-49,23981,12725,11256,573,220,353,21103,12173,8930,2113,282,1831,150,42,108,42,8,34,0,0,0
18,320,District - Chirang (21),Total,50-54,16818,8918,7900,300,108,192,14130,8497,5633,2246,269,1977,94,31,63,48,13,35,0,0,0
18,320,District - Chirang (21),Total,55-59,12339,6567,5772,164,79,85,9875,6148,3727,2201,306,1895,75,24,51,24,10,14,0,0,0
18,320,District - Chirang (21),Total,60-64,10696,5363,5333,181,81,100,7465,4820,2645,2967,428,2539,62,24,38,21,10,11,0,0,0
18,320,District - Chirang (21),Total,65-69,6954,3462,3492,136,73,63,4520,3026,1494,2250,344,1906,40,17,23,8,2,6,0,0,0
18,320,District - Chirang (21),Total,70-74,5368,2656,2712,74,38,36,3068,2242,826,2194,361,1833,25,13,12,7,2,5,0,0,0
18,320,District - Chirang (21),Total,75-79,2616,1373,1243,37,21,16,1437,1095,342,1117,242,875,15,10,5,10,5,5,0,0,0
18,320,District - Chirang (21),Total,80+,3491,1749,1742,231,131,100,1606,1174,432,1638,432,1206,11,8,3,5,4,1,0,0,0
18,320,District - Chirang (21),Total,Age not stated,118,64,54,86,56,30,23,7,16,9,1,8,0,0,0,0,0,0,0,0,0
18,320,District - Chirang (21),Total,Less than 18,194977,100081,94896,191749,99321,92428,3073,716,2357,104,23,81,30,13,17,21,8,13,0,0,0
18,320,District - Chirang (21),Total,Less than 21,225739,115282,110457,212992,112911,100081,12436,2291,10145,181,40,141,72,24,48,58,16,42,0,0,0
18,320,District - Chirang (21),Rural,All ages,446825,226895,219930,230946,126858,104088,195406,96462,98944,18726,3032,15694,1192,388,804,555,155,400,0,0,0
18,320,District - Chirang (21),Rural,0-9,101743,51784,49959,101743,51784,49959,0,0,0,0,0,0,0,0,0,0,0,0,0,0,0
18,320,District - Chirang (21),Rural,10-14,53921,27582,26339,52981,27330,25651,888,233,655,34,11,23,16,6,10,2,2,0,0,0,0
18,320,District - Chirang (21),Rural,15-19,46370,24222,22148,39592,23114,16478,6628,1072,5556,96,19,77,31,12,19,23,5,18,0,0,0
18,320,District - Chirang (21),Rural,20-24,40081,19289,20792,19224,13322,5902,20515,5902,14613,172,31,141,94,18,76,76,16,60,0,0,0
18,320,District - Chirang (21),Rural,25-29,39799,19513,20286,9358,6721,2637,29855,12676,17179,359,63,296,130,40,90,97,13,84,0,0,0
18,320,District - Chirang (21),Rural,30-34,32064,15919,16145,3622,2429,1193,27635,13323,14312,582,101,481,164,48,116,61,18,43,0,0,0
18,320,District - Chirang (21),Rural,35-39,32495,16482,16013,1880,1019,861,29373,15243,14130,1002,140,862,156,49,107,84,31,53,0,0,0
18,320,District - Chirang (21),Rural,40-44,25437,13166,12271,951,439,512,22876,12484,10392,1395,172,1223,154,51,103,61,20,41,0,0,0
18,320,District - Chirang (21),Rural,45-49,21859,11555,10304,511,184,327,19249,11059,8190,1917,265,1652,143,41,102,39,6,33,0,0,0
18,320,District - Chirang (21),Rural,50-54,15211,8029,7182,263,88,175,12804,7642,5162,2016,256,1760,87,30,57,41,13,28,0,0,0
18,320,District - Chirang (21),Rural,55-59,11224,5968,5256,147,73,74,9004,5581,3423,1983,282,1701,67,23,44,23,9,14,0,0,0
18,320,District - Chirang (21),Rural,60-64,9787,4893,4894,164,71,93,6829,4388,2441,2714,402,2312,60,22,38,20,10,10,0,0,0
18,320,District - Chirang (21),Rural,65-69,6310,3154,3156,122,65,57,4120,2745,1375,2022,325,1697,39,17,22,7,2,5,0,0,0
18,320,District - Chirang (21),Rural,70-74,4883,2419,2464,67,33,34,2813,2029,784,1971,342,1629,25,13,12,7,2,5,0,0,0
18,320,District - Chirang (21),Rural,75-79,2365,1255,1110,33,18,15,1317,1000,317,991,223,768,15,10,5,9,4,5,0,0,0
18,320,District - Chirang (21),Rural,80+,3168,1607,1561,211,118,93,1478,1078,400,1463,399,1064,11,8,3,5,4,1,0,0,0
18,320,District - Chirang (21),Rural,Age not stated,108,58,50,77,50,27,22,7,15,9,1,8,0,0,0,0,0,0,0,0,0
18,320,District - Chirang (21),Rural,Less than 18,183622,94285,89337,180575,93571,87004,2911,676,2235,95,21,74,27,11,16,14,6,8,0,0,0
18,320,District - Chirang (21),Rural,Less than 21,212201,108400,103801,200193,106167,94026,11731,2161,9570,165,37,128,66,22,44,46,13,33,0,0,0
18,320,District - Chirang (21),Urban,All ages,35337,17965,17372,16732,9619,7113,16437,8116,8321,2019,198,1821,82,21,61,67,11,56,0,0,0
18,320,District - Chirang (21),Urban,0-9,6051,3081,2970,6051,3081,2970,0,0,0,0,0,0,0,0,0,0,0,0,0,0,0
18,320,District - Chirang (21),Urban,10-14,3433,1733,1700,3367,1713,1654,55,15,40,5,2,3,1,1,0,5,2,3,0,0,0
18,320,District - Chirang (21),Urban,15-19,3255,1686,1569,2854,1622,1232,386,63,323,8,0,8,3,1,2,4,0,4,0,0,0
18,320,District - Chirang (21),Urban,20-24,3389,1700,1689,2047,1391,656,1311,302,1009,13,2,11,10,3,7,8,2,6,0,0,0
18,320,District - Chirang (21),Urban,25-29,3476,1699,1777,1262,974,288,2160,718,1442,41,5,36,5,2,3,8,0,8,0,0,0
18,320,District - Chirang (21),Urban,30-34,2971,1454,1517,571,446,125,2313,999,1314,64,6,58,10,3,7,13,0,13,0,0,0
18,320,District - Chirang (21),Urban,35-39,2859,1432,1427,286,211,75,2456,1209,1247,98,4,94,10,5,5,9,3,6,0,0,0
18,320,District - Chirang (21),Urban,40-44,2437,1241,1196,107,74,33,2165,1157,1008,141,9,132,18,1,17,6,0,6,0,0,0
18,320,District - Chirang (21),Urban,45-49,2122,1170,952,62,36,26,1854,1114,740,196,17,179,7,1,6,3,2,1,0,0,0
18,320,District - Chirang (21),Urban,50-54,1607,889,718,37,20,17,1326,855,471,230,13,217,7,1,6,7,0,7,0,0,0
18,320,District - Chirang (21),Urban,55-59,1115,599,516,17,6,11,871,567,304,218,24,194,8,1,7,1,1,0,0,0,0
18,320,District - Chirang (21),Urban,60-64,909,470,439,17,10,7,636,432,204,253,26,227,2,2,0,1,0,1,0,0,0
18,320,District - Chirang (21),Urban,65-69,644,308,336,14,8,6,400,281,119,228,19,209,1,0,1,1,0,1,0,0,0
18,320,District - Chirang (21),Urban,70-74,485,237,248,7,5,2,255,213,42,223,19,204,0,0,0,0,0,0,0,0,0
18,320,District - Chirang (21),Urban,75-79,251,118,133,4,3,1,120,95,25,126,19,107,0,0,0,1,1,0,0,0,0
18,320,District - Chirang (21),Urban,80+,323,142,181,20,13,7,128,96,32,175,33,142,0,0,0,0,0,0,0,0,0
18,320,District - Chirang (21),Urban,Age not stated,10,6,4,9,6,3,1,0,1,0,0,0,0,0,0,0,0,0,0,0,0
18,320,District - Chirang (21),Urban,Less than 18,11355,5796,5559,11174,5750,5424,162,40,122,9,2,7,3,2,1,7,2,5,0,0,0
18,320,District - Chirang (21),Urban,Less than 21,13538,6882,6656,12799,6744,6055,705,130,575,16,3,13,6,2,4,12,3,9,0,0,0
18,321,District - Kamrup (22),Total,All ages,1517542,778461,739081,754092,427127,326965,692142,342528,349614,66595,7868,58727,2059,499,1560,2654,439,2215,0,0,0
18,321,District - Kamrup (22),Total,0-9,295322,150165,145157,295322,150165,145157,0,0,0,0,0,0,0,0,0,0,0,0,0,0,0
18,321,District - Kamrup (22),Total,10-14,164088,84230,79858,161538,83422,78116,2361,748,1613,131,37,94,39,17,22,19,6,13,0,0,0
18,321,District - Kamrup (22),Total,15-19,148648,78960,69688,131443,76275,55168,16767,2601,14166,276,61,215,66,14,52,96,9,87,0,0,0
18,321,District - Kamrup (22),Total,20-24,144435,71198,73237,82621,55723,26898,60865,15338,45527,496,82,414,172,39,133,281,16,265,0,0,0
18,321,District - Kamrup (22),Total,25-29,143282,70982,72300,45689,34619,11070,95959,36106,59853,1033,159,874,212,50,162,389,48,341,0,0,0
18,321,District - Kamrup (22),Total,30-34,117381,58756,58625,19595,15398,4197,95436,43007,52429,1674,226,1448,250,54,196,426,71,355,0,0,0
18,321,District - Kamrup (22),Total,35-39,116523,59940,56583,8937,6638,2299,104005,52853,51152,2938,323,2615,241,50,191,402,76,326,0,0,0
18,321,District - Kamrup (22),Total,40-44,92738,49934,42804,3455,2166,1289,84602,47236,37366,4111,426,3685,246,48,198,324,58,266,0,0,0
18,321,District - Kamrup (22),Total,45-49,81590,44119,37471,1682,818,864,73800,42642,31158,5623,569,5054,220,39,181,265,51,214,0,0,0
18,321,District - Kamrup (22),Total,50-54,59764,32262,27502,805,353,452,52079,31222,20857,6506,602,5904,186,43,143,188,42,146,0,0,0
18,321,District - Kamrup (22),Total,55-59,43839,23818,20021,443,217,226,36650,22826,13824,6541,728,5813,113,27,86,92,20,72,0,0,0
18,321,District - Kamrup (22),Total,60-64,40740,20222,20518,536,249,287,29257,18936,10321,10743,990,9753,115,29,86,89,18,71,0,0,0
18,321,District - Kamrup (22),Total,65-69,27408,13337,14071,442,207,235,17683,12104,5579,9171,988,8183,73,25,48,39,13,26,0,0,0
18,321,District - Kamrup (22),Total,70-74,20220,9905,10315,248,112,136,11780,8711,3069,8122,1060,7062,43,15,28,27,7,20,0,0,0
18,321,District - Kamrup (22),Total,75-79,9350,4705,4645,130,78,52,5223,4029,1194,3957,579,3378,34,18,16,6,1,5,0,0,0
18,321,District - Kamrup (22),Total,80+,11419,5510,5909,711,400,311,5415,4044,1371,5234,1032,4202,48,31,17,11,3,8,0,0,0
18,321,District - Kamrup (22),Total,Age not stated,795,418,377,495,287,208,260,125,135,39,6,33,1,0,1,0,0,0,0,0,0
18,321,District - Kamrup (22),Total,Less than 18,547637,282183,265454,539807,280169,259638,7403,1901,5502,305,72,233,65,28,37,57,13,44,0,0,0
18,321,District - Kamrup (22),Total,Less than 21,644716,331099,313617,612082,325290,286792,31813,5643,26170,520,114,406,134,34,100,167,18,149,0,0,0
18,321,District - Kamrup (22),Rural,All ages,1375148,706140,669008,685603,388336,297267,626119,309895,316224,59169,7100,52069,1820,399,1421,2437,410,2027,0,0,0
18,321,District - Kamrup (22),Rural,0-9,275391,139953,135438,275391,139953,135438,0,0,0,0,0,0,0,0,0,0,0,0,0,0,0
18,321,District - Kamrup (22),Rural,10-14,151110,77622,73488,148779,76890,71889,2157,679,1478,123,33,90,33,14,19,18,6,12,0,0,0
18,321,District - Kamrup (22),Rural,15-19,134547,71770,62777,118358,69278,49080,15781,2416,13365,256,55,201,59,12,47,93,9,84,0,0,0
18,321,District - Kamrup (22),Rural,20-24,129373,63666,65707,71916,49127,22789,56569,14408,42161,458,77,381,157,38,119,273,16,257,0,0,0
18,321,District - Kamrup (22),Rural,25-29,128943,63920,65023,39228,30034,9194,88225,33655,54570,939,143,796,190,41,149,361,47,314,0,0,0
18,321,District - Kamrup (22),Rural,30-34,105493,53068,52425,16727,13274,3453,86662,39475,47187,1489,210,1279,221,44,177,394,65,329,0,0,0
18,321,District - Kamrup (22),Rural,35-39,104270,53863,50407,7590,5636,1954,93503,47821,45682,2591,293,2298,213,38,175,373,75,298,0,0,0
18,321,District - Kamrup (22),Rural,40-44,82737,44704,38033,2907,1823,1084,75720,42413,33307,3595,374,3221,213,40,173,302,54,248,0,0,0
18,321,District - Kamrup (22),Rural,45-49,72549,39317,33232,1430,688,742,65821,38055,27766,4885,505,4380,186,26,160,227,43,184,0,0,0
18,321,District - Kamrup (22),Rural,50-54,53050,28567,24483,661,278,383,46320,27676,18644,5741,543,5198,161,30,131,167,40,127,0,0,0
18,321,District - Kamrup (22),Rural,55-59,38978,21131,17847,365,179,186,32676,20274,12402,5757,642,5115,101,19,82,79,17,62,0,0,0
18,321,District - Kamrup (22),Rural,60-64,36318,18009,18309,458,214,244,26160,16861,9299,9519,897,8622,103,20,83,78,17,61,0,0,0
18,321,District - Kamrup (22),Rural,65-69,24583,11954,12629,376,181,195,15909,10851,5058,8198,889,7309,66,21,45,34,12,22,0,0,0
18,321,District - Kamrup (22),Rural,70-74,18236,8911,9325,212,94,118,10667,7836,2831,7293,962,6331,42,14,28,22,5,17,0,0,0
18,321,District - Kamrup (22),Rural,75-79,8398,4248,4150,113,69,44,4725,3638,1087,3523,524,2999,32,16,16,5,1,4,0,0,0
18,321,District - Kamrup (22),Rural,80+,10418,5044,5374,627,349,278,4974,3718,1256,4764,948,3816,42,26,16,11,3,8,0,0,0
18,321,District - Kamrup (22),Rural,Age not stated,754,393,361,465,269,196,250,119,131,38,5,33,1,0,1,0,0,0,0,0,0
18,321,District - Kamrup (22),Rural,Less than 18,506591,261236,245355,499361,259391,239970,6837,1745,5092,283,64,219,55,23,32,55,13,42,0,0,0
18,321,District - Kamrup (22),Rural,Less than 21,594100,305298,288802,563515,299900,263615,29819,5248,24571,484,103,381,119,29,90,163,18,145,0,0,0
18,321,District - Kamrup (22),Urban,All ages,142394,72321,70073,68489,38791,29698,66023,32633,33390,7426,768,6658,239,100,139,217,29,188,0,0,0
18,321,District - Kamrup (22),Urban,0-9,19931,10212,9719,19931,10212,9719,0,0,0,0,0,0,0,0,0,0,0,0,0,0,0
18,321,District - Kamrup (22),Urban,10-14,12978,6608,6370,12759,6532,6227,204,69,135,8,4,4,6,3,3,1,0,1,0,0,0
18,321,District - Kamrup (22),Urban,15-19,14101,7190,6911,13085,6997,6088,986,185,801,20,6,14,7,2,5,3,0,3,0,0,0
18,321,District - Kamrup (22),Urban,20-24,15062,7532,7530,10705,6596,4109,4296,930,3366,38,5,33,15,1,14,8,0,8,0,0,0
18,321,District - Kamrup (22),Urban,25-29,14339,7062,7277,6461,4585,1876,7734,2451,5283,94,16,78,22,9,13,28,1,27,0,0,0
18,321,District - Kamrup (22),Urban,30-34,11888,5688,6200,2868,2124,744,8774,3532,5242,185,16,169,29,10,19,32,6,26,0,0,0
18,321,District - Kamrup (22),Urban,35-39,12253,6077,6176,1347,1002,345,10502,5032,5470,347,30,317,28,12,16,29,1,28,0,0,0
18,321,District - Kamrup (22),Urban,40-44,10001,5230,4771,548,343,205,8882,4823,4059,516,52,464,33,8,25,22,4,18,0,0,0
18,321,District - Kamrup (22),Urban,45-49,9041,4802,4239,252,130,122,7979,4587,3392,738,64,674,34,13,21,38,8,30,0,0,0
18,321,District - Kamrup (22),Urban,50-54,6714,3695,3019,144,75,69,5759,3546,2213,765,59,706,25,13,12,21,2,19,0,0,0
18,321,District - Kamrup (22),Urban,55-59,4861,2687,2174,78,38,40,3974,2552,1422,784,86,698,12,8,4,13,3,10,0,0,0
18,321,District - Kamrup (22),Urban,60-64,4422,2213,2209,78,35,43,3097,2075,1022,1224,93,1131,12,9,3,11,1,10,0,0,0
18,321,District - Kamrup (22),Urban,65-69,2825,1383,1442,66,26,40,1774,1253,521,973,99,874,7,4,3,5,1,4,0,0,0
18,321,District - Kamrup (22),Urban,70-74,1984,994,990,36,18,18,1113,875,238,829,98,731,1,1,0,5,2,3,0,0,0
18,321,District - Kamrup (22),Urban,75-79,952,457,495,17,9,8,498,391,107,434,55,379,2,2,0,1,0,1,0,0,0
18,321,District - Kamrup (22),Urban,80+,1001,466,535,84,51,33,441,326,115,470,84,386,6,5,1,0,0,0,0,0,0
18,321,District - Kamrup (22),Urban,Age not stated,41,25,16,30,18,12,10,6,4,1,1,0,0,0,0,0,0,0,0,0,0
18,321,District - Kamrup (22),Urban,Less than 18,41046,20947,20099,40446,20778,19668,566,156,410,22,8,14,10,5,5,2,0,2,0,0,0
18,321,District - Kamrup (22),Urban,Less than 21,50616,25801,24815,48567,25390,23177,1994,395,1599,36,11,25,15,5,10,4,0,4,0,0,0
18,322,District - Kamrup Metropolitan (23),Total,All ages,1253938,647585,606353,570683,322943,247740,626651,315241,311410,52058,7715,44343,2794,1296,1498,1752,390,1362,0,0,0
18,322,District - Kamrup Metropolitan (23),Total,0-9,184515,94843,89672,184515,94843,89672,0,0,0,0,0,0,0,0,0,0,0,0,0,0,0
18,322,District - Kamrup Metropolitan (23),Total,10-14,109683,56136,53547,107318,55301,52017,2181,761,1420,113,38,75,53,31,22,18,5,13,0,0,0
18,322,District - Kamrup Metropolitan (23),Total,15-19,112387,57893,54494,101883,55892,45991,10201,1901,8300,188,49,139,75,40,35,40,11,29,0,0,0
18,322,District - Kamrup Metropolitan (23),Total,20-24,124612,62083,62529,82704,51853,30851,41243,10072,31171,366,75,291,180,66,114,119,17,102,0,0,0
18,322,District - Kamrup Metropolitan (23),Total,25-29,128256,62306,65950,49466,34731,14735,77417,27244,50173,812,152,660,320,139,181,241,40,201,0,0,0
18,322,District - Kamrup Metropolitan (23),Total,30-34,113804,56867,56937,21945,16242,5703,89728,40170,49558,1518,266,1252,374,160,214,239,29,210,0,0,0
18,322,District - Kamrup Metropolitan (23),Total,35-39,113605,57671,55934,9973,7013,2960,99956,50015,49941,2962,406,2556,414,167,247,300,70,230,0,0,0
18,322,District - Kamrup Metropolitan (23),Total,40-44,93183,49943,43240,4239,2611,1628,84162,46603,37559,4114,479,3635,400,176,224,268,74,194,0,0,0
18,322,District - Kamrup Metropolitan (23),Total,45-49,80908,43474,37434,2388,1221,1167,72382,41371,31011,5597,688,4909,325,144,181,216,50,166,0,0,0
18,322,District - Kamrup Metropolitan (23),Total,50-54,60329,33673,26656,1361,667,694,52382,32048,20334,6159,755,5404,286,163,123,141,40,101,0,0,0
18,322,District - Kamrup Metropolitan (23),Total,55-59,42962,24100,18862,841,396,445,36150,22875,13275,5765,730,5035,140,78,62,66,21,45,0,0,0
18,322,District - Kamrup Metropolitan (23),Total,60-64,34798,19242,15556,909,432,477,26612,17759,8853,7115,971,6144,118,67,51,44,13,31,0,0,0
18,322,District - Kamrup Metropolitan (23),Total,65-69,21381,11697,9684,744,382,362,15063,10440,4623,5509,854,4655,41,14,27,24,7,17,0,0,0
18,322,District - Kamrup Metropolitan (23),Total,70-74,14992,8197,6795,424,234,190,9413,7044,2369,5109,889,4220,32,24,8,14,6,8,0,0,0
18,322,District - Kamrup Metropolitan (23),Total,75-79,7890,4183,3707,193,94,99,4573,3482,1091,3099,594,2505,15,11,4,10,2,8,0,0,0
18,322,District - Kamrup Metropolitan (23),Total,80+,8556,4173,4383,754,423,331,4248,2982,1266,3533,753,2780,14,12,2,7,3,4,0,0,0
18,322,District - Kamrup Metropolitan (23),Total,Age not stated,2077,1104,973,1026,608,418,940,474,466,99,16,83,7,4,3,5,2,3,0,0,0
18,322,District - Kamrup Metropolitan (23),Total,Less than 18,358648,184341,174307,352322,182505,169817,5962,1711,4251,227,56,171,101,58,43,36,11,25,0,0,0
18,322,District - Kamrup Metropolitan (23),Total,Less than 21,433976,222390,211586,413772,218141,195631,19600,4048,15552,371,98,273,155,85,70,78,18,60,0,0,0
18,322,District - Kamrup Metropolitan (23),Rural,All ages,216927,111062,105865,107907,59962,47945,97914,49036,48878,10355,1828,8527,389,142,247,362,94,268,0,0,0
18,322,District - Kamrup Metropolitan (23),Rural,0-9,40248,20323,19925,40248,20323,19925,0,0,0,0,0,0,0,0,0,0,0,0,0,0,0
18,322,District - Kamrup Metropolitan (23),Rural,10-14,23411,11853,11558,23018,11705,11313,368,139,229,16,7,9,7,2,5,2,0,2,0,0,0
18,322,District - Kamrup Metropolitan (23),Rural,15-19,21915,11185,10730,19406,10769,8637,2443,396,2047,41,9,32,18,9,9,7,2,5,0,0,0
18,322,District - Kamrup Metropolitan (23),Rural,20-24,21869,10830,11039,12657,8478,4179,9077,2330,6747,79,14,65,24,3,21,32,5,27,0,0,0
18,322,District - Kamrup Metropolitan (23),Rural,25-29,21486,10605,10881,6667,4850,1817,14519,5697,8822,190,36,154,46,9,37,64,13,51,0,0,0
18,322,District - Kamrup Metropolitan (23),Rural,30-34,17168,8664,8504,2728,2016,712,14001,6561,7440,331,60,271,57,21,36,51,6,45,0,0,0
18,322,District - Kamrup Metropolitan (23),Rural,35-39,17418,8886,8532,1428,952,476,15233,7796,7437,656,106,550,55,16,39,46,16,30,0,0,0
18,322,District - Kamrup Metropolitan (23),Rural,40-44,13627,7339,6288,628,355,273,12049,6828,5221,860,124,736,37,15,22,53,17,36,0,0,0
18,322,District - Kamrup Metropolitan (23),Rural,45-49,11968,6578,5390,362,157,205,10437,6226,4211,1087,169,918,37,15,22,45,11,34,0,0,0
18,322,District - Kamrup Metropolitan (23),Rural,50-54,8340,4582,3758,184,80,104,6966,4302,2664,1143,177,966,26,14,12,21,9,12,0,0,0
18,322,District - Kamrup Metropolitan (23),Rural,55-59,5625,3117,2508,84,28,56,4501,2924,1577,1008,153,855,19,8,11,13,4,9,0,0,0
18,322,District - Kamrup Metropolitan (23),Rural,60-64,5211,2665,2546,134,54,80,3555,2362,1193,1479,233,1246,29,12,17,14,4,10,0,0,0
18,322,District - Kamrup Metropolitan (23),Rural,65-69,3230,1678,1552,130,73,57,2015,1381,634,1065,219,846,12,2,10,8,3,5,0,0,0
18,322,District - Kamrup Metropolitan (23),Rural,70-74,2642,1386,1256,65,37,28,1456,1118,338,1109,222,887,11,9,2,1,0,1,0,0,0
18,322,District - Kamrup Metropolitan (23),Rural,75-79,1186,608,578,22,14,8,609,467,142,548,123,425,6,3,3,1,1,0,0,0,0
18,322,District - Kamrup Metropolitan (23),Rural,80+,1530,737,793,115,54,61,668,502,166,740,175,565,4,4,0,3,2,1,0,0,0
18,322,District - Kamrup Metropolitan (23),Rural,Age not stated,53,26,27,31,17,14,17,7,10,3,1,2,1,0,1,1,1,0,0,0,0
18,322,District - Kamrup Metropolitan (23),Rural,Less than 18,76455,38800,37655,75237,38441,36796,1150,339,811,45,12,33,18,7,11,5,1,4,0,0,0
18,322,District - Kamrup Metropolitan (23),Rural,Less than 21,90973,45932,45041,86171,45052,41119,4686,850,3836,74,17,57,27,11,16,15,2,13,0,0,0
18,322,District - Kamrup Metropolitan (23),Urban,All ages,1037011,536523,500488,462776,262981,199795,528737,266205,262532,41703,5887,35816,2405,1154,1251,1390,296,1094,0,0,0
18,322,District - Kamrup Metropolitan (23),Urban,0-9,144267,74520,69747,144267,74520,69747,0,0,0,0,0,0,0,0,0,0,0,0,0,0,0
18,322,District - Kamrup Metropolitan (23),Urban,10-14,86272,44283,41989,84300,43596,40704,1813,622,1191,97,31,66,46,29,17,16,5,11,0,0,0
18,322,District - Kamrup Metropolitan (23),Urban,15-19,90472,46708,43764,82477,45123,37354,7758,1505,6253,147,40,107,57,31,26,33,9,24,0,0,0
18,322,District - Kamrup Metropolitan (23),Urban,20-24,102743,51253,51490,70047,43375,26672,32166,7742,24424,287,61,226,156,63,93,87,12,75,0,0,0
18,322,District - Kamrup Metropolitan (23),Urban,25-29,106770,51701,55069,42799,29881,12918,62898,21547,41351,622,116,506,274,130,144,177,27,150,0,0,0
18,322,District - Kamrup Metropolitan (23),Urban,30-34,96636,48203,48433,19217,14226,4991,75727,33609,42118,1187,206,981,317,139,178,188,23,165,0,0,0
18,322,District - Kamrup Metropolitan (23),Urban,35-39,96187,48785,47402,8545,6061,2484,84723,42219,42504,2306,300,2006,359,151,208,254,54,200,0,0,0
18,322,District - Kamrup Metropolitan (23),Urban,40-44,79556,42604,36952,3611,2256,1355,72113,39775,32338,3254,355,2899,363,161,202,215,57,158,0,0,0
18,322,District - Kamrup Metropolitan (23),Urban,45-49,68940,36896,32044,2026,1064,962,61945,35145,26800,4510,519,3991,288,129,159,171,39,132,0,0,0
18,322,District - Kamrup Metropolitan (23),Urban,50-54,51989,29091,22898,1177,587,590,45416,27746,17670,5016,578,4438,260,149,111,120,31,89,0,0,0
18,322,District - Kamrup Metropolitan (23),Urban,55-59,37337,20983,16354,757,368,389,31649,19951,11698,4757,577,4180,121,70,51,53,17,36,0,0,0
18,322,District - Kamrup Metropolitan (23),Urban,60-64,29587,16577,13010,775,378,397,23057,15397,7660,5636,738,4898,89,55,34,30,9,21,0,0,0
18,322,District - Kamrup Metropolitan (23),Urban,65-69,18151,10019,8132,614,309,305,13048,9059,3989,4444,635,3809,29,12,17,16,4,12,0,0,0
18,322,District - Kamrup Metropolitan (23),Urban,70-74,12350,6811,5539,359,197,162,7957,5926,2031,4000,667,3333,21,15,6,13,6,7,0,0,0
18,322,District - Kamrup Metropolitan (23),Urban,75-79,6704,3575,3129,171,80,91,3964,3015,949,2551,471,2080,9,8,1,9,1,8,0,0,0
18,322,District - Kamrup Metropolitan (23),Urban,80+,7026,3436,3590,639,369,270,3580,2480,1100,2793,578,2215,10,8,2,4,1,3,0,0,0
18,322,District - Kamrup Metropolitan (23),Urban,Age not stated,2024,1078,946,995,591,404,923,467,456,96,15,81,6,4,2,4,1,3,0,0,0
18,322,District - Kamrup Metropolitan (23),Urban,Less than 18,282193,145541,136652,277085,144064,133021,4812,1372,3440,182,44,138,83,51,32,31,10,21,0,0,0
18,322,District - Kamrup Metropolitan (23),Urban,Less than 21,343003,176458,166545,327601,173089,154512,14914,3198,11716,297,81,216,128,74,54,63,16,47,0,0,0
18,323,District - Nalbari (24),Total,All ages,771639,396006,375633,381469,217038,164431,352397,174378,178019,35647,4124,31523,914,253,661,1212,213,999,0,0,0
18,323,District - Nalbari (24),Total,0-9,140509,71591,68918,140509,71591,68918,0,0,0,0,0,0,0,0,0,0,0,0,0,0,0
18,323,District - Nalbari (24),Total,10-14,81286,41415,39871,80105,41013,39092,1109,379,730,40,9,31,23,12,11,9,2,7,0,0,0
18,323,District - Nalbari (24),Total,15-19,74719,38941,35778,67358,37716,29642,7206,1196,6010,88,16,72,27,11,16,40,2,38,0,0,0
18,323,District - Nalbari (24),Total,20-24,73124,36417,36707,45697,30119,15578,27080,6256,20824,176,20,156,65,11,54,106,11,95,0,0,0
18,323,District - Nalbari (24),Total,25-29,72423,35542,36881,26199,20013,6186,45565,15449,30116,410,53,357,78,11,67,171,16,155,0,0,0
18,323,District - Nalbari (24),Total,30-34,61165,30987,30178,11850,9788,2062,48351,21054,27297,737,101,636,88,18,70,139,26,113,0,0,0
18,323,District - Nalbari (24),Total,35-39,60165,31060,29105,5002,4049,953,53594,26805,26789,1274,145,1129,99,22,77,196,39,157,0,0,0
18,323,District - Nalbari (24),Total,40-44,48003,26075,21928,1743,1191,552,44152,24658,19494,1819,169,1650,127,25,102,162,32,130,0,0,0
18,323,District - Nalbari (24),Total,45-49,41987,22921,19066,872,468,404,38214,22134,16080,2641,266,2375,118,28,90,142,25,117,0,0,0
18,323,District - Nalbari (24),Total,50-54,31997,17442,14555,415,201,214,28218,16880,11338,3201,318,2883,83,27,56,80,16,64,0,0,0
18,323,District - Nalbari (24),Total,55-59,22827,12385,10442,214,100,114,19367,11931,7436,3142,326,2816,48,17,31,56,11,45,0,0,0
18,323,District - Nalbari (24),Total,60-64,22067,10792,11275,314,160,154,15879,10079,5800,5768,520,5248,61,21,40,45,12,33,0,0,0
18,323,District - Nalbari (24),Total,65-69,16792,8158,8634,311,154,157,10569,7419,3150,5836,559,5277,42,17,25,34,9,25,0,0,0
18,323,District - Nalbari (24),Total,70-74,12744,6288,6456,161,68,93,7251,5596,1655,5290,606,4684,26,14,12,16,4,12,0,0,0
18,323,District - Nalbari (24),Total,75-79,5529,2872,2657,52,26,26,3017,2410,607,2442,426,2016,10,6,4,8,4,4,0,0,0
18,323,District - Nalbari (24),Total,80+,5853,2903,2950,371,215,156,2694,2083,611,2763,588,2175,17,13,4,8,4,4,0,0,0
18,323,District - Nalbari (24),Total,Age not stated,449,217,232,296,166,130,131,49,82,20,2,18,2,0,2,0,0,0,0,0,0
18,323,District - Nalbari (24),Total,Less than 18,266260,136365,129895,262696,135386,127310,3415,944,2471,92,15,77,36,17,19,21,3,18,0,0,0
18,323,District - Nalbari (24),Total,Less than 21,314751,160842,153909,300577,158215,142362,13863,2563,11300,168,32,136,67,24,43,76,8,68,0,0,0
18,323,District - Nalbari (24),Rural,All ages,688909,353677,335232,342802,195043,147759,312955,154618,158337,31253,3609,27644,822,228,594,1077,179,898,0,0,0
18,323,District - Nalbari (24),Rural,0-9,129088,65734,63354,129088,65734,63354,0,0,0,0,0,0,0,0,0,0,0,0,0,0,0
18,323,District - Nalbari (24),Rural,10-14,73936,37654,36282,72863,37294,35569,1009,340,669,35,7,28,20,11,9,9,2,7,0,0,0
18,323,District - Nalbari (24),Rural,15-19,67022,35041,31981,60203,33927,26276,6684,1091,5593,73,12,61,25,11,14,37,0,37,0,0,0
18,323,District - Nalbari (24),Rural,20-24,65072,32446,32626,39794,26584,13210,24960,5824,19136,155,16,139,64,11,53,99,11,88,0,0,0
18,323,District - Nalbari (24),Rural,25-29,64241,31634,32607,22535,17396,5139,41110,14166,26944,372,49,323,70,11,59,154,12,142,0,0,0
18,323,District - Nalbari (24),Rural,30-34,53975,27419,26556,10030,8351,1679,43083,18936,24147,657,92,565,75,16,59,130,24,106,0,0,0
18,323,District - Nalbari (24),Rural,35-39,52918,27443,25475,4233,3440,793,47313,23822,23491,1112,126,986,88,21,67,172,34,138,0,0,0
18,323,District - Nalbari (24),Rural,40-44,41982,22824,19158,1471,1000,471,38720,21638,17082,1542,140,1402,114,22,92,135,24,111,0,0,0
18,323,District - Nalbari (24),Rural,45-49,36664,19991,16673,731,381,350,33399,19332,14067,2312,237,2075,102,21,81,120,20,100,0,0,0
18,323,District - Nalbari (24),Rural,50-54,27884,15104,12780,337,158,179,24607,14637,9970,2795,273,2522,75,23,52,70,13,57,0,0,0
18,323,District - Nalbari (24),Rural,55-59,20020,10840,9180,193,88,105,17010,10447,6563,2725,281,2444,45,16,29,47,8,39,0,0,0
18,323,District - Nalbari (24),Rural,60-64,19447,9444,10003,271,136,135,14006,8831,5175,5072,446,4626,57,20,37,41,11,30,0,0,0
18,323,District - Nalbari (24),Rural,65-69,14871,7193,7678,255,126,129,9401,6551,2850,5145,493,4652,37,15,22,33,8,25,0,0,0
18,323,District - Nalbari (24),Rural,70-74,11241,5557,5684,140,62,78,6426,4958,1468,4636,520,4116,25,13,12,14,4,10,0,0,0
18,323,District - Nalbari (24),Rural,75-79,4900,2545,2355,45,21,24,2694,2129,565,2144,386,1758,9,5,4,8,4,4,0,0,0
18,323,District - Nalbari (24),Rural,80+,5222,2602,2620,332,188,144,2408,1869,539,2460,529,1931,14,12,2,8,4,4,0,0,0
18,323,District - Nalbari (24),Rural,Age not stated,426,206,220,281,157,124,125,47,78,18,2,16,2,0,2,0,0,0,0,0,0
18,323,District - Nalbari (24),Rural,Less than 18,243031,124488,118543,239787,123612,116175,3115,847,2268,78,11,67,32,16,16,19,2,17,0,0,0
18,323,District - Nalbari (24),Rural,Less than 21,286364,146388,139976,273242,144002,129240,12844,2332,10512,144,25,119,62,23,39,72,6,66,0,0,0
18,323,District - Nalbari (24),Urban,All ages,82730,42329,40401,38667,21995,16672,39442,19760,19682,4394,515,3879,92,25,67,135,34,101,0,0,0
18,323,District - Nalbari (24),Urban,0-9,11421,5857,5564,11421,5857,5564,0,0,0,0,0,0,0,0,0,0,0,0,0,0,0
18,323,District - Nalbari (24),Urban,10-14,7350,3761,3589,7242,3719,3523,100,39,61,5,2,3,3,1,2,0,0,0,0,0,0
18,323,District - Nalbari (24),Urban,15-19,7697,3900,3797,7155,3789,3366,522,105,417,15,4,11,2,0,2,3,2,1,0,0,0
18,323,District - Nalbari (24),Urban,20-24,8052,3971,4081,5903,3535,2368,2120,432,1688,21,4,17,1,0,1,7,0,7,0,0,0
18,323,District - Nalbari (24),Urban,25-29,8182,3908,4274,3664,2617,1047,4455,1283,3172,38,4,34,8,0,8,17,4,13,0,0,0
18,323,District - Nalbari (24),Urban,30-34,7190,3568,3622,1820,1437,383,5268,2118,3150,80,9,71,13,2,11,9,2,7,0,0,0
18,323,District - Nalbari (24),Urban,35-39,7247,3617,3630,769,609,160,6281,2983,3298,162,19,143,11,1,10,24,5,19,0,0,0
18,323,District - Nalbari (24),Urban,40-44,6021,3251,2770,272,191,81,5432,3020,2412,277,29,248,13,3,10,27,8,19,0,0,0
18,323,District - Nalbari (24),Urban,45-49,5323,2930,2393,141,87,54,4815,2802,2013,329,29,300,16,7,9,22,5,17,0,0,0
18,323,District - Nalbari (24),Urban,50-54,4113,2338,1775,78,43,35,3611,2243,1368,406,45,361,8,4,4,10,3,7,0,0,0
18,323,District - Nalbari (24),Urban,55-59,2807,1545,1262,21,12,9,2357,1484,873,417,45,372,3,1,2,9,3,6,0,0,0
18,323,District - Nalbari (24),Urban,60-64,2620,1348,1272,43,24,19,1873,1248,625,696,74,622,4,1,3,4,1,3,0,0,0
18,323,District - Nalbari (24),Urban,65-69,1921,965,956,56,28,28,1168,868,300,691,66,625,5,2,3,1,1,0,0,0,0
18,323,District - Nalbari (24),Urban,70-74,1503,731,772,21,6,15,825,638,187,654,86,568,1,1,0,2,0,2,0,0,0
18,323,District - Nalbari (24),Urban,75-79,629,327,302,7,5,2,323,281,42,298,40,258,1,1,0,0,0,0,0,0,0
18,323,District - Nalbari (24),Urban,80+,631,301,330,39,27,12,286,214,72,303,59,244,3,1,2,0,0,0,0,0,0
18,323,District - Nalbari (24),Urban,Age not stated,23,11,12,15,9,6,6,2,4,2,0,2,0,0,0,0,0,0,0,0,0
18,323,District - Nalbari (24),Urban,Less than 18,23229,11877,11352,22909,11774,11135,300,97,203,14,4,10,4,1,3,2,1,1,0,0,0
18,323,District - Nalbari (24),Urban,Less than 21,28387,14454,13933,27335,14213,13122,1019,231,788,24,7,17,5,1,4,4,2,2,0,0,0
18,324,District - Baksa (25),Total,All ages,950075,481330,468745,464157,257856,206301,439517,215164,224353,43288,7430,35858,1689,517,1172,1424,363,1061,0,0,0
18,324,District - Baksa (25),Total,0-9,182896,93088,89808,182896,93088,89808,0,0,0,0,0,0,0,0,0,0,0,0,0,0,0
18,324,District - Baksa (25),Total,10-14,105760,53778,51982,103983,53232,50751,1672,508,1164,61,16,45,30,15,15,14,7,7,0,0,0
18,324,District - Baksa (25),Total,15-19,97629,50442,47187,85967,48457,37510,11402,1923,9479,167,42,125,49,13,36,44,7,37,0,0,0
18,324,District - Baksa (25),Total,20-24,87953,42900,45053,46778,32087,14691,40564,10691,29873,325,65,260,148,37,111,138,20,118,0,0,0
18,324,District - Baksa (25),Total,25-29,88851,43324,45527,24213,18150,6063,63540,24936,38604,709,158,551,188,42,146,201,38,163,0,0,0
18,324,District - Baksa (25),Total,30-34,73632,36405,37227,9584,7065,2519,62395,28990,33405,1243,235,1008,194,52,142,216,63,153,0,0,0
18,324,District - Baksa (25),Total,35-39,73872,37578,36294,4578,2935,1643,66762,34191,32571,2094,316,1778,232,74,158,206,62,144,0,0,0
18,324,District - Baksa (25),Total,40-44,58439,30815,27624,2076,1093,983,53092,29169,23923,2868,427,2441,210,68,142,193,58,135,0,0,0
18,324,District - Baksa (25),Total,45-49,50339,26773,23566,1129,450,679,45085,25655,19430,3790,575,3215,192,54,138,143,39,104,0,0,0
18,324,District - Baksa (25),Total,50-54,36552,19389,17163,604,212,392,31277,18422,12855,4449,698,3751,135,39,96,87,18,69,0,0,0
18,324,District - Baksa (25),Total,55-59,27126,13987,13139,326,107,219,22173,13113,9060,4478,720,3758,93,35,58,56,12,44,0,0,0
18,324,District - Baksa (25),Total,60-64,24530,11850,12680,391,151,240,17230,10682,6548,6761,973,5788,96,29,67,52,15,37,0,0,0
18,324,District - Baksa (25),Total,65-69,16782,8146,8636,376,167,209,10850,7065,3785,5469,881,4588,55,25,30,32,8,24,0,0,0
18,324,District - Baksa (25),Total,70-74,12505,6219,6286,190,85,105,7143,5183,1960,5123,930,4193,26,13,13,23,8,15,0,0,0
18,324,District - Baksa (25),Total,75-79,5807,2989,2818,90,45,45,3125,2366,759,2568,568,2000,16,5,11,8,5,3,0,0,0
18,324,District - Baksa (25),Total,80+,6781,3344,3437,530,299,231,3053,2205,848,3164,822,2342,24,15,9,10,3,7,0,0,0
18,324,District - Baksa (25),Total,Age not stated,621,303,318,446,233,213,154,65,89,19,4,15,1,1,0,1,0,1,0,0,0
18,324,District - Baksa (25),Total,Less than 18,347917,177810,170107,342457,176411,166046,5209,1320,3889,165,45,120,56,26,30,30,8,22,0,0,0
18,324,District - Baksa (25),Total,Less than 21,408345,207765,200580,386624,203723,182901,21225,3915,17310,301,75,226,115,35,80,80,17,63,0,0,0
18,324,District - Baksa (25),Rural,All ages,937833,475027,462806,458230,254474,203756,433752,212318,221434,42755,7359,35396,1679,516,1163,1417,360,1057,0,0,0
18,324,District - Baksa (25),Rural,0-9,180663,91965,88698,180663,91965,88698,0,0,0,0,0,0,0,0,0,0,0,0,0,0,0
18,324,District - Baksa (25),Rural,10-14,104431,53108,51323,102671,52567,50104,1656,504,1152,61,16,45,30,15,15,13,6,7,0,0,0
18,324,District - Baksa (25),Rural,15-19,96361,49761,46600,84830,47792,37038,11271,1907,9364,167,42,125,49,13,36,44,7,37,0,0,0
18,324,District - Baksa (25),Rural,20-24,86798,42328,44470,46140,31642,14498,40052,10566,29486,323,63,260,146,37,109,137,20,117,0,0,0
18,324,District - Baksa (25),Rural,25-29,87648,42711,44937,23852,17849,6003,62707,24625,38082,702,157,545,188,42,146,199,38,161,0,0,0
18,324,District - Baksa (25),Rural,30-34,72630,35893,36737,9451,6951,2500,61552,28596,32956,1222,233,989,192,52,140,213,61,152,0,0,0
18,324,District - Baksa (25),Rural,35-39,72878,37075,35803,4511,2886,1625,65862,33739,32123,2069,314,1755,230,74,156,206,62,144,0,0,0
18,324,District - Baksa (25),Rural,40-44,57637,30360,27277,2060,1085,975,52345,28726,23619,2830,423,2407,209,68,141,193,58,135,0,0,0
18,324,District - Baksa (25),Rural,45-49,49691,26428,23263,1119,446,673,44488,25320,19168,3749,569,3180,192,54,138,143,39,104,0,0,0
18,324,District - Baksa (25),Rural,50-54,36090,19131,16959,599,210,389,30870,18171,12699,4401,693,3708,133,39,94,87,18,69,0,0,0
18,324,District - Baksa (25),Rural,55-59,26768,13794,12974,324,106,218,21882,12933,8949,4414,709,3705,92,34,58,56,12,44,0,0,0
18,324,District - Baksa (25),Rural,60-64,24238,11703,12535,390,150,240,17020,10545,6475,6680,964,5716,96,29,67,52,15,37,0,0,0
18,324,District - Baksa (25),Rural,65-69,16603,8067,8536,374,166,208,10733,6990,3743,5409,878,4531,55,25,30,32,8,24,0,0,0
18,324,District - Baksa (25),Rural,70-74,12350,6138,6212,188,85,103,7064,5119,1945,5049,913,4136,26,13,13,23,8,15,0,0,0
18,324,District - Baksa (25),Rural,75-79,5727,2948,2779,90,45,45,3077,2327,750,2536,566,1970,16,5,11,8,5,3,0,0,0
18,324,District - Baksa (25),Rural,80+,6705,3316,3389,527,298,229,3020,2185,835,3124,815,2309,24,15,9,10,3,7,0,0,0
18,324,District - Baksa (25),Rural,Age not stated,615,301,314,441,231,210,153,65,88,19,4,15,1,1,0,1,0,1,0,0,0
18,324,District - Baksa (25),Rural,Less than 18,343629,175624,168005,338211,174233,163978,5168,1313,3855,165,45,120,56,26,30,29,7,22,0,0,0
18,324,District - Baksa (25),Rural,Less than 21,403224,205160,198064,381776,201163,180613,20956,3872,17084,300,74,226,113,35,78,79,16,63,0,0,0
18,324,District - Baksa (25),Urban,All ages,12242,6303,5939,5927,3382,2545,5765,2846,2919,533,71,462,10,1,9,7,3,4,0,0,0
18,324,District - Baksa (25),Urban,0-9,2233,1123,1110,2233,1123,1110,0,0,0,0,0,0,0,0,0,0,0,0,0,0,0
18,324,District - Baksa (25),Urban,10-14,1329,670,659,1312,665,647,16,4,12,0,0,0,0,0,0,1,1,0,0,0,0
18,324,District - Baksa (25),Urban,15-19,1268,681,587,1137,665,472,131,16,115,0,0,0,0,0,0,0,0,0,0,0,0
18,324,District - Baksa (25),Urban,20-24,1155,572,583,638,445,193,512,125,387,2,2,0,2,0,2,1,0,1,0,0,0
18,324,District - Baksa (25),Urban,25-29,1203,613,590,361,301,60,833,311,522,7,1,6,0,0,0,2,0,2,0,0,0
18,324,District - Baksa (25),Urban,30-34,1002,512,490,133,114,19,843,394,449,21,2,19,2,0,2,3,2,1,0,0,0
18,324,District - Baksa (25),Urban,35-39,994,503,491,67,49,18,900,452,448,25,2,23,2,0,2,0,0,0,0,0,0
18,324,District - Baksa (25),Urban,40-44,802,455,347,16,8,8,747,443,304,38,4,34,1,0,1,0,0,0,0,0,0
18,324,District - Baksa (25),Urban,45-49,648,345,303,10,4,6,597,335,262,41,6,35,0,0,0,0,0,0,0,0,0
18,324,District - Baksa (25),Urban,50-54,462,258,204,5,2,3,407,251,156,48,5,43,2,0,2,0,0,0,0,0,0
18,324,District - Baksa (25),Urban,55-59,358,193,165,2,1,1,291,180,111,64,11,53,1,1,0,0,0,0,0,0,0
18,324,District - Baksa (25),Urban,60-64,292,147,145,1,1,0,210,137,73,81,9,72,0,0,0,0,0,0,0,0,0
18,324,District - Baksa (25),Urban,65-69,179,79,100,2,1,1,117,75,42,60,3,57,0,0,0,0,0,0,0,0,0
18,324,District - Baksa (25),Urban,70-74,155,81,74,2,0,2,79,64,15,74,17,57,0,0,0,0,0,0,0,0,0
18,324,District - Baksa (25),Urban,75-79,80,41,39,0,0,0,48,39,9,32,2,30,0,0,0,0,0,0,0,0,0
18,324,District - Baksa (25),Urban,80+,76,28,48,3,1,2,33,20,13,40,7,33,0,0,0,0,0,0,0,0,0
18,324,District - Baksa (25),Urban,Age not stated,6,2,4,5,2,3,1,0,1,0,0,0,0,0,0,0,0,0,0,0,0
18,324,District - Baksa (25),Urban,Less than 18,4288,2186,2102,4246,2178,2068,41,7,34,0,0,0,0,0,0,1,1,0,0,0,0
18,324,District - Baksa (25),Urban,Less than 21,5121,2605,2516,4848,2560,2288,269,43,226,1,1,0,2,0,2,1,1,0,0,0,0
18,325,District - Darrang (26),Total,All ages,928500,475273,453227,482667,270942,211725,407434,199776,207658,34588,3918,30670,1966,356,1610,1845,281,1564,0,0,0
18,325,District - Darrang (26),Total,0-9,228732,116527,112205,228732,116527,112205,0,0,0,0,0,0,0,0,0,0,0,0,0,0,0
18,325,District - Darrang (26),Total,10-14,109659,56408,53251,108032,55901,52131,1536,479,1057,55,18,37,22,9,13,14,1,13,0,0,0
18,325,District - Darrang (26),Total,15-19,84706,45938,38768,70286,43831,26455,14143,2063,12080,130,19,111,58,17,41,89,8,81,0,0,0
18,325,District - Darrang (26),Total,20-24,80066,38805,41261,35395,26308,9087,43950,12397,31553,315,51,264,149,26,123,257,23,234,0,0,0
18,325,District - Darrang (26),Total,25-29,80273,39490,40783,19218,15220,3998,59810,24101,35709,660,90,570,240,40,200,345,39,306,0,0,0
18,325,District - Darrang (26),Total,30-34,66184,32878,33306,9219,7106,2113,55519,25580,29939,944,106,838,216,42,174,286,44,242,0,0,0
18,325,District - Darrang (26),Total,35-39,63904,32182,31722,4805,3237,1568,57072,28713,28359,1551,146,1405,233,40,193,243,46,197,0,0,0
18,325,District - Darrang (26),Total,40-44,51337,26954,24383,2387,1157,1230,46335,25552,20783,2152,173,1979,255,34,221,208,38,170,0,0,0
18,325,District - Darrang (26),Total,45-49,45100,24159,20941,1617,505,1112,40258,23344,16914,2860,258,2602,226,26,200,139,26,113,0,0,0
18,325,District - Darrang (26),Total,50-54,34189,18189,16000,891,228,663,29430,17636,11794,3589,281,3308,178,28,150,101,16,85,0,0,0
18,325,District - Darrang (26),Total,55-59,23975,12832,11143,432,123,309,19814,12369,7445,3540,311,3229,135,17,118,54,12,42,0,0,0
18,325,District - Darrang (26),Total,60-64,22149,11242,10907,446,174,272,16261,10553,5708,5288,480,4808,105,22,83,49,13,36,0,0,0
18,325,District - Darrang (26),Total,65-69,14005,7177,6828,283,135,148,9506,6592,2914,4127,427,3700,58,14,44,31,9,22,0,0,0
18,325,District - Darrang (26),Total,70-74,11746,5997,5749,177,74,103,7185,5370,1815,4316,528,3788,55,21,34,13,4,9,0,0,0
18,325,District - Darrang (26),Total,75-79,5340,2925,2415,76,38,38,3115,2478,637,2126,396,1730,20,13,7,3,0,3,0,0,0
18,325,District - Darrang (26),Total,80+,6698,3341,3357,366,207,159,3389,2493,896,2917,632,2285,15,7,8,11,2,9,0,0,0
18,325,District - Darrang (26),Total,Age not stated,437,229,208,305,171,134,111,56,55,18,2,16,1,0,1,2,0,2,0,0,0
18,325,District - Darrang (26),Total,Less than 18,388955,201451,187504,383403,200142,183261,5323,1254,4069,130,28,102,50,22,28,49,5,44,0,0,0
18,325,District - Darrang (26),Total,Less than 21,443769,228545,215224,417736,223968,193768,25496,4486,21010,261,46,215,117,31,86,159,14,145,0,0,0
18,325,District - Darrang (26),Rural,All ages,873006,446460,426546,456744,255889,200855,380727,186407,194320,31999,3603,28396,1800,296,1504,1736,265,1471,0,0,0
18,325,District - Darrang (26),Rural,0-9,220378,112197,108181,220378,112197,108181,0,0,0,0,0,0,0,0,0,0,0,0,0,0,0
18,325,District - Darrang (26),Rural,10-14,104406,53721,50685,102841,53232,49609,1477,462,1015,52,17,35,22,9,13,14,1,13,0,0,0
18,325,District - Darrang (26),Rural,15-19,79633,43280,36353,65676,41229,24447,13692,2009,11683,125,19,106,53,15,38,87,8,79,0,0,0
18,325,District - Darrang (26),Rural,20-24,74927,36155,38772,31982,24055,7927,42255,12006,30249,303,48,255,141,24,117,246,22,224,0,0,0
18,325,District - Darrang (26),Rural,25-29,75016,36905,38111,17111,13616,3495,56733,23134,33599,621,86,535,223,31,192,328,38,290,0,0,0
18,325,District - Darrang (26),Rural,30-34,61354,30531,30823,8177,6289,1888,51848,24063,27785,872,105,767,190,32,158,267,42,225,0,0,0
18,325,District - Darrang (26),Rural,35-39,59070,29846,29224,4266,2846,1420,52956,26790,26166,1424,134,1290,203,32,171,221,44,177,0,0,0
18,325,District - Darrang (26),Rural,40-44,46984,24633,22351,2125,989,1136,42451,23419,19032,1982,164,1818,231,26,205,195,35,160,0,0,0
18,325,District - Darrang (26),Rural,45-49,41384,22052,19332,1459,417,1042,36960,21353,15607,2631,238,2393,209,21,188,125,23,102,0,0,0
18,325,District - Darrang (26),Rural,50-54,31439,16571,14868,813,191,622,27054,16088,10966,3317,256,3061,156,20,136,99,16,83,0,0,0
18,325,District - Darrang (26),Rural,55-59,22089,11772,10317,395,107,288,18255,11360,6895,3260,281,2979,129,14,115,50,10,40,0,0,0
18,325,District - Darrang (26),Rural,60-64,20630,10413,10217,415,159,256,15184,9799,5385,4885,424,4461,99,19,80,47,12,35,0,0,0
18,325,District - Darrang (26),Rural,65-69,13079,6702,6377,260,124,136,8906,6172,2734,3830,386,3444,54,12,42,29,8,21,0,0,0
18,325,District - Darrang (26),Rural,70-74,11003,5620,5383,162,66,96,6745,5033,1712,4029,496,3533,54,21,33,13,4,9,0,0,0
18,325,District - Darrang (26),Rural,75-79,4916,2714,2202,65,31,34,2892,2304,588,1936,366,1570,20,13,7,3,0,3,0,0,0
18,325,District - Darrang (26),Rural,80+,6273,3127,3146,325,178,147,3209,2359,850,2714,581,2133,15,7,8,10,2,8,0,0,0
18,325,District - Darrang (26),Rural,Age not stated,425,221,204,294,163,131,110,56,54,18,2,16,1,0,1,2,0,2,0,0,0
18,325,District - Darrang (26),Rural,Less than 18,372357,192856,179501,367015,191596,175419,5121,1207,3914,124,27,97,49,21,28,48,5,43,0,0,0
18,325,District - Darrang (26),Rural,Less than 21,423881,218263,205618,398716,213826,184890,24650,4351,20299,249,44,205,112,29,83,154,13,141,0,0,0
18,325,District - Darrang (26),Urban,All ages,55494,28813,26681,25923,15053,10870,26707,13369,13338,2589,315,2274,166,60,106,109,16,93,0,0,0
18,325,District - Darrang (26),Urban,0-9,8354,4330,4024,8354,4330,4024,0,0,0,0,0,0,0,0,0,0,0,0,0,0,0
18,325,District - Darrang (26),Urban,10-14,5253,2687,2566,5191,2669,2522,59,17,42,3,1,2,0,0,0,0,0,0,0,0,0
18,325,District - Darrang (26),Urban,15-19,5073,2658,2415,4610,2602,2008,451,54,397,5,0,5,5,2,3,2,0,2,0,0,0
18,325,District - Darrang (26),Urban,20-24,5139,2650,2489,3413,2253,1160,1695,391,1304,12,3,9,8,2,6,11,1,10,0,0,0
18,325,District - Darrang (26),Urban,25-29,5257,2585,2672,2107,1604,503,3077,967,2110,39,4,35,17,9,8,17,1,16,0,0,0
18,325,District - Darrang (26),Urban,30-34,4830,2347,2483,1042,817,225,3671,1517,2154,72,1,71,26,10,16,19,2,17,0,0,0
18,325,District - Darrang (26),Urban,35-39,4834,2336,2498,539,391,148,4116,1923,2193,127,12,115,30,8,22,22,2,20,0,0,0
18,325,District - Darrang (26),Urban,40-44,4353,2321,2032,262,168,94,3884,2133,1751,170,9,161,24,8,16,13,3,10,0,0,0
18,325,District - Darrang (26),Urban,45-49,3716,2107,1609,158,88,70,3298,1991,1307,229,20,209,17,5,12,14,3,11,0,0,0
18,325,District - Darrang (26),Urban,50-54,2750,1618,1132,78,37,41,2376,1548,828,272,25,247,22,8,14,2,0,2,0,0,0
18,325,District - Darrang (26),Urban,55-59,1886,1060,826,37,16,21,1559,1009,550,280,30,250,6,3,3,4,2,2,0,0,0
18,325,District - Darrang (26),Urban,60-64,1519,829,690,31,15,16,1077,754,323,403,56,347,6,3,3,2,1,1,0,0,0
18,325,District - Darrang (26),Urban,65-69,926,475,451,23,11,12,600,420,180,297,41,256,4,2,2,2,1,1,0,0,0
18,325,District - Darrang (26),Urban,70-74,743,377,366,15,8,7,440,337,103,287,32,255,1,0,1,0,0,0,0,0,0
18,325,District - Darrang (26),Urban,75-79,424,211,213,11,7,4,223,174,49,190,30,160,0,0,0,0,0,0,0,0,0
18,325,District - Darrang (26),Urban,80+,425,214,211,41,29,12,180,134,46,203,51,152,0,0,0,1,0,1,0,0,0
18,325,District - Darrang (26),Urban,Age not stated,12,8,4,11,8,3,1,0,1,0,0,0,0,0,0,0,0,0,0,0,0
18,325,District - Darrang (26),Urban,Less than 18,16598,8595,8003,16388,8546,7842,202,47,155,6,1,5,1,1,0,1,0,1,0,0,0
18,325,District - Darrang (26),Urban,Less than 21,19888,10282,9606,19020,10142,8878,846,135,711,12,2,10,5,2,3,5,1,4,0,0,0
18,326,District - Udalguri (27),Total,All ages,831668,421617,410051,421742,230996,190746,367467,180636,186831,39667,9112,30555,1558,476,1082,1234,397,837,0,0,0
18,326,District - Udalguri (27),Total,0-9,168155,85291,82864,168155,85291,82864,0,0,0,0,0,0,0,0,0,0,0,0,0,0,0
18,326,District - Udalguri (27),Total,10-14,93111,47300,45811,91665,46843,44822,1337,424,913,80,21,59,21,9,12,8,3,5,0,0,0
18,326,District - Udalguri (27),Total,15-19,82688,42098,40590,73368,40538,32830,9076,1489,7587,162,47,115,49,16,33,33,8,25,0,0,0
18,326,District - Udalguri (27),Total,20-24,78545,38259,40286,43718,28886,14832,34227,9210,25017,378,118,260,108,22,86,114,23,91,0,0,0
18,326,District - Udalguri (27),Total,25-29,76715,38080,38635,23032,16364,6668,52555,21387,31168,773,241,532,169,41,128,186,47,139,0,0,0
18,326,District - Udalguri (27),Total,30-34,62586,30985,31601,9658,6698,2960,51332,23853,27479,1253,335,918,169,43,126,174,56,118,0,0,0
18,326,District - Udalguri (27),Total,35-39,62392,31564,30828,4967,3024,1943,54872,27854,27018,2156,563,1593,199,58,141,198,65,133,0,0,0
18,326,District - Udalguri (27),Total,40-44,50814,26468,24346,2583,1294,1289,44971,24370,20601,2854,680,2174,230,64,166,176,60,116,0,0,0
18,326,District - Udalguri (27),Total,45-49,45726,24130,21596,1455,602,853,39964,22553,17411,3979,864,3115,196,64,132,132,47,85,0,0,0
18,326,District - Udalguri (27),Total,50-54,33129,17602,15527,874,330,544,27397,16214,11183,4628,985,3643,149,46,103,81,27,54,0,0,0
18,326,District - Udalguri (27),Total,55-59,23443,12334,11109,392,161,231,18689,11269,7420,4233,857,3376,81,27,54,48,20,28,0,0,0
18,326,District - Udalguri (27),Total,60-64,20593,10346,10247,366,165,201,14228,8967,5261,5895,1174,4721,70,27,43,34,13,21,0,0,0
18,326,District - Udalguri (27),Total,65-69,12850,6378,6472,293,127,166,8155,5327,2828,4337,894,3443,46,19,27,19,11,8,0,0,0
18,326,District - Udalguri (27),Total,70-74,10037,5168,4869,174,90,84,5598,4091,1507,4205,953,3252,41,24,17,19,10,9,0,0,0
18,326,District - Udalguri (27),Total,75-79,4511,2349,2162,73,41,32,2336,1730,606,2079,563,1516,16,8,8,7,7,0,0,0,0
18,326,District - Udalguri (27),Total,80+,5399,2761,2638,440,248,192,2361,1705,656,2584,800,1784,11,8,3,3,0,3,0,0,0
18,326,District - Udalguri (27),Total,Age not stated,974,504,470,529,294,235,369,193,176,71,17,54,3,0,3,2,0,2,0,0,0
18,326,District - Udalguri (27),Total,Less than 18,311246,158261,152985,306876,157101,149775,4125,1084,3041,180,48,132,46,20,26,19,8,11,0,0,0
18,326,District - Udalguri (27),Total,Less than 21,363732,184180,179552,346078,180829,165249,17190,3220,13970,318,91,227,92,28,64,54,12,42,0,0,0
18,326,District - Udalguri (27),Rural,All ages,794094,402442,391652,404255,221068,183187,349555,171672,177883,37657,8881,28776,1429,429,1000,1198,392,806,0,0,0
18,326,District - Udalguri (27),Rural,0-9,162664,82543,80121,162664,82543,80121,0,0,0,0,0,0,0,0,0,0,0,0,0,0,0
18,326,District - Udalguri (27),Rural,10-14,89520,45457,44063,88153,45024,43129,1267,404,863,76,20,56,16,6,10,8,3,5,0,0,0
18,326,District - Udalguri (27),Rural,15-19,79053,40234,38819,70073,38727,31346,8746,1439,7307,154,46,108,48,15,33,32,7,25,0,0,0
18,326,District - Udalguri (27),Rural,20-24,74837,36400,38437,41305,27338,13967,32950,8904,24046,368,117,251,102,18,84,112,23,89,0,0,0
18,326,District - Udalguri (27),Rural,25-29,73145,36341,36804,21606,15348,6258,50454,20671,29783,744,236,508,158,39,119,183,47,136,0,0,0
18,326,District - Udalguri (27),Rural,30-34,59315,29383,29932,8972,6156,2816,48840,22805,26035,1189,329,860,143,37,106,171,56,115,0,0,0
18,326,District - Udalguri (27),Rural,35-39,59108,29923,29185,4641,2777,1864,52045,26473,25572,2045,555,1490,186,55,131,191,63,128,0,0,0
18,326,District - Udalguri (27),Rural,40-44,48065,25038,23027,2444,1203,1241,42535,23050,19485,2709,666,2043,207,59,148,170,60,110,0,0,0
18,326,District - Udalguri (27),Rural,45-49,43198,22724,20474,1376,559,817,37742,21216,16526,3771,843,2928,182,60,122,127,46,81,0,0,0
18,326,District - Udalguri (27),Rural,50-54,31335,16628,14707,838,316,522,25902,15284,10618,4382,962,3420,135,39,96,78,27,51,0,0,0
18,326,District - Udalguri (27),Rural,55-59,22183,11622,10561,372,148,224,17690,10606,7084,4000,826,3174,76,22,54,45,20,25,0,0,0
18,326,District - Udalguri (27),Rural,60-64,19598,9840,9758,353,158,195,13531,8493,5038,5615,1152,4463,66,25,41,33,12,21,0,0,0
18,326,District - Udalguri (27),Rural,65-69,12221,6073,6148,281,120,161,7739,5046,2693,4138,878,3260,45,18,27,18,11,7,0,0,0
18,326,District - Udalguri (27),Rural,70-74,9522,4902,4620,167,88,79,5309,3856,1453,3992,927,3065,36,21,15,18,10,8,0,0,0
18,326,District - Udalguri (27),Rural,75-79,4260,2222,2038,69,37,32,2206,1625,581,1962,545,1417,16,8,8,7,7,0,0,0,0
18,326,District - Udalguri (27),Rural,80+,5117,2620,2497,423,239,184,2240,1612,628,2441,762,1679,10,7,3,3,0,3,0,0,0
18,326,District - Udalguri (27),Rural,Age not stated,953,492,461,518,287,231,359,188,171,71,17,54,3,0,3,2,0,2,0,0,0
18,326,District - Udalguri (27),Rural,Less than 18,299977,152566,147411,295822,151457,144365,3925,1039,2886,171,46,125,40,16,24,19,8,11,0,0,0
18,326,District - Udalguri (27),Rural,Less than 21,350157,177314,172843,333170,174088,159082,16544,3103,13441,305,89,216,85,23,62,53,11,42,0,0,0
18,326,District - Udalguri (27),Urban,All ages,37574,19175,18399,17487,9928,7559,17912,8964,8948,2010,231,1779,129,47,82,36,5,31,0,0,0
18,326,District - Udalguri (27),Urban,0-9,5491,2748,2743,5491,2748,2743,0,0,0,0,0,0,0,0,0,0,0,0,0,0,0
18,326,District - Udalguri (27),Urban,10-14,3591,1843,1748,3512,1819,1693,70,20,50,4,1,3,5,3,2,0,0,0,0,0,0
18,326,District - Udalguri (27),Urban,15-19,3635,1864,1771,3295,1811,1484,330,50,280,8,1,7,1,1,0,1,1,0,0,0,0
18,326,District - Udalguri (27),Urban,20-24,3708,1859,1849,2413,1548,865,1277,306,971,10,1,9,6,4,2,2,0,2,0,0,0
18,326,District - Udalguri (27),Urban,25-29,3570,1739,1831,1426,1016,410,2101,716,1385,29,5,24,11,2,9,3,0,3,0,0,0
18,326,District - Udalguri (27),Urban,30-34,3271,1602,1669,686,542,144,2492,1048,1444,64,6,58,26,6,20,3,0,3,0,0,0
18,326,District - Udalguri (27),Urban,35-39,3284,1641,1643,326,247,79,2827,1381,1446,111,8,103,13,3,10,7,2,5,0,0,0
18,326,District - Udalguri (27),Urban,40-44,2749,1430,1319,139,91,48,2436,1320,1116,145,14,131,23,5,18,6,0,6,0,0,0
18,326,District - Udalguri (27),Urban,45-49,2528,1406,1122,79,43,36,2222,1337,885,208,21,187,14,4,10,5,1,4,0,0,0
18,326,District - Udalguri (27),Urban,50-54,1794,974,820,36,14,22,1495,930,565,246,23,223,14,7,7,3,0,3,0,0,0
18,326,District - Udalguri (27),Urban,55-59,1260,712,548,20,13,7,999,663,336,233,31,202,5,5,0,3,0,3,0,0,0
18,326,District - Udalguri (27),Urban,60-64,995,506,489,13,7,6,697,474,223,280,22,258,4,2,2,1,1,0,0,0,0
18,326,District - Udalguri (27),Urban,65-69,629,305,324,12,7,5,416,281,135,199,16,183,1,1,0,1,0,1,0,0,0
18,326,District - Udalguri (27),Urban,70-74,515,266,249,7,2,5,289,235,54,213,26,187,5,3,2,1,0,1,0,0,0
18,326,District - Udalguri (27),Urban,75-79,251,127,124,4,4,0,130,105,25,117,18,99,0,0,0,0,0,0,0,0,0
18,326,District - Udalguri (27),Urban,80+,282,141,141,17,9,8,121,93,28,143,38,105,1,1,0,0,0,0,0,0,0
18,326,District - Udalguri (27),Urban,Age not stated,21,12,9,11,7,4,10,5,5,0,0,0,0,0,0,0,0,0,0,0,0
18,326,District - Udalguri (27),Urban,Less than 18,11269,5695,5574,11054,5644,5410,200,45,155,9,2,7,6,4,2,0,0,0,0,0,0
18,326,District - Udalguri (27),Urban,Less than 21,13575,6866,6709,12908,6741,6167,646,117,529,13,2,11,7,5,2,1,1,0,0,0,0
