state_code,district_code,area_name,region_type,age_group,total_persons,total_males,total_females,never_married_persons,never_married_males,never_married_females,currently_married_persons,currently_married_males,currently_married_females,widowed_persons,widowed_males,widowed_females,separated_persons,separated_males,separated_females,divorced_persons,divorced_males,divorced_females,unspecified_persons,unspecified_males,unspecified_females
10,000,State - BIHAR (10),Total,All ages,104099452,54278157,49821295,54402082,30463744,23938338,46302047,22716906,23585141,3297891,1059098,2238793,75805,31542,44263,21627,6867,14760,0,0,0
10,000,State - BIHAR (10),Total,0-9,27801306,14373230,13428076,27801306,14373230,13428076,0,0,0,0,0,0,0,0,0,0,0,0,0,0,0
10,000,State - BIHAR (10),Total,10-14,13919882,7323831,6596051,13613355,7206151,6407204,291001,110702,180299,9435,3948,5487,5290,2645,2645,801,385,416,0,0,0
10,000,State - BIHAR (10),Total,15-19,9472695,5290581,4182114,8080569,4986611,3093958,1369449,294887,1074562,16789,6490,10299,4893,2249,2644,995,344,651,0,0,0
10,000,State - BIHAR (10),Total,20-24,8064735,4210585,3854150,3074442,2451967,622475,4949771,1744055,3205716,30580,10956,19624,7720,3005,4715,2222,602,1620,0,0,0
10,000,State - BIHAR (10),Total,25-29,7671705,3828687,3843018,923859,798645,125214,6680441,3007157,3673284,54851,18316,36535,9543,3688,5855,3011,881,2130,0,0,0
10,000,State - BIHAR (10),Total,30-34,7055737,3510596,3545141,264823,223449,41374,6686845,3254636,3432209,90628,27581,63047,10255,3932,6323,3186,998,2188,0,0,0
10,000,State - BIHAR (10),Total,35-39,6457261,3308161,3149100,96836,76399,20437,6214732,3189930,3024802,133564,37275,96289,9339,3714,5625,2790,843,1947,0,0,0
10,000,State - BIHAR (10),Total,40-44,5165692,2756809,2408883,51839,40411,11428,4922704,2661020,2261684,180843,51453,129390,7950,3187,4763,2356,738,1618,0,0,0
10,000,State - BIHAR (10),Total,45-49,4270374,2209994,2060380,30368,23234,7134,4021455,2121712,1899743,211270,62264,149006,5714,2314,3400,1567,470,1097,0,0,0
10,000,State - BIHAR (10),Total,50-54,3312740,1808425,1504315,24270,17760,6510,3008509,1706337,1302172,274448,82173,192275,4341,1765,2576,1172,390,782,0,0,0
10,000,State - BIHAR (10),Total,55-59,2796678,1330356,1466322,20542,14206,6336,2509957,1231427,1278530,262638,83267,179371,2723,1167,1556,818,289,529,0,0,0
10,000,State - BIHAR (10),Total,60-64,3008008,1559925,1448083,54855,31472,23383,2410889,1371239,1039650,538092,155607,382485,3219,1316,1903,953,291,662,0,0,0
10,000,State - BIHAR (10),Total,65-69,2089779,1103718,986061,52328,31102,21226,1551655,918505,633150,483171,152925,330246,1985,966,1019,640,220,420,0,0,0
10,000,State - BIHAR (10),Total,70-74,1379531,784383,595148,25483,15519,9964,866044,604398,261646,486224,163565,322659,1310,733,577,470,168,302,0,0,0
10,000,State - BIHAR (10),Total,75-79,550479,297973,252506,10561,6422,4139,331359,210046,121313,207896,81159,126737,479,278,201,184,68,116,0,0,0
10,000,State - BIHAR (10),Total,80+,679348,360594,318754,51766,31247,20519,321639,210785,110854,305002,118073,186929,646,383,263,295,106,189,0,0,0
10,000,State - BIHAR (10),Total,Age not stated,403502,220309,183193,224880,135919,88961,165597,80070,85527,12460,4046,8414,398,200,198,167,74,93,0,0,0
10,000,State - BIHAR (10),Total,Less than 18,47503065,24928014,22575051,46776266,24685864,22090402,697615,229665,467950,19921,7954,11967,7990,3949,4041,1273,582,691,0,0,0
10,000,State - BIHAR (10),Total,Less than 21,53543616,28226988,25316628,50702711,27502377,23200334,2791225,704488,2086737,35114,13558,21556,12226,5703,6523,2340,862,1478,0,0,0
10,000,State - BIHAR (10),Rural,All ages,92341436,48073850,44267586,48276598,26967206,21309392,41082859,20125088,20957771,2899297,948392,1950905,64380,27366,37014,18302,5798,12504,0,0,0
10,000,State - BIHAR (10),Rural,0-9,25231089,13027788,12203301,25231089,13027788,12203301,0,0,0,0,0,0,0,0,0,0,0,0,0,0,0
10,000,State - BIHAR (10),Rural,10-14,12472947,6563975,5908972,12198648,6458838,5739810,260631,98973,161658,8244,3463,4781,4734,2370,2364,690,331,359,0,0,0
10,000,State - BIHAR (10),Rural,15-19,8243729,4622498,3621231,6974119,4346360,2627759,1249852,268155,981697,14617,5703,8914,4297,1987,2310,844,293,551,0,0,0
10,000,State - BIHAR (10),Rural,20-24,7011053,3644529,3366524,2468647,2023209,445438,4507094,1608379,2898715,26812,9781,17031,6587,2638,3949,1913,522,1391,0,0,0
10,000,State - BIHAR (10),Rural,25-29,6722688,3340162,3382526,675676,597751,77925,5988438,2722077,3266361,47986,16365,31621,8029,3217,4812,2559,752,1807,0,0,0
10,000,State - BIHAR (10),Rural,30-34,6203044,3074406,3128638,188727,159083,29644,5923809,2886517,3037292,79372,24558,54814,8464,3390,5074,2672,858,1814,0,0,0
10,000,State - BIHAR (10),Rural,35-39,5671251,2902365,2768886,72869,57036,15833,5472225,2808126,2664099,116142,33370,82772,7710,3154,4556,2305,679,1626,0,0,0
10,000,State - BIHAR (10),Rural,40-44,4510868,2404576,2106292,41010,32063,8947,4304480,2323210,1981270,156753,45986,110767,6670,2707,3963,1955,610,1345,0,0,0
10,000,State - BIHAR (10),Rural,45-49,3721533,1918799,1802734,24455,18831,5624,3509360,1842194,1667166,181634,55435,126199,4788,1956,2832,1296,383,913,0,0,0
10,000,State - BIHAR (10),Rural,50-54,2885694,1575237,1310457,20058,14897,5161,2623716,1485286,1138430,237268,73221,164047,3679,1524,2155,973,309,664,0,0,0
10,000,State - BIHAR (10),Rural,55-59,2450329,1151517,1298812,17173,12070,5103,2203901,1064499,1139402,226246,73726,152520,2319,993,1326,690,229,461,0,0,0
10,000,State - BIHAR (10),Rural,60-64,2677437,1385714,1291723,48297,27922,20375,2149557,1216041,933516,475908,140339,335569,2830,1155,1675,845,257,588,0,0,0
10,000,State - BIHAR (10),Rural,65-69,1870640,986570,884070,45242,27253,17989,1391642,820132,571510,431424,138129,293295,1762,860,902,570,196,374,0,0,0
10,000,State - BIHAR (10),Rural,70-74,1231828,701151,530677,22038,13618,8420,773743,539224,234519,434442,147500,286942,1172,650,522,433,159,274,0,0,0
10,000,State - BIHAR (10),Rural,75-79,486894,263161,223733,8906,5521,3385,295012,185484,109528,182397,71850,110547,423,247,176,156,59,97,0,0,0
10,000,State - BIHAR (10),Rural,80+,601387,320855,280532,44462,27009,17453,286712,187927,98785,269375,105473,163902,576,346,230,262,100,162,0,0,0
10,000,State - BIHAR (10),Rural,Age not stated,349025,190547,158478,195182,117957,77225,142687,68864,73823,10677,3493,7184,340,172,168,139,61,78,0,0,0
10,000,State - BIHAR (10),Rural,Less than 18,42749538,22425805,20323733,42097078,22208738,19888340,626863,206026,420837,17386,7003,10383,7122,3538,3584,1089,500,589,0,0,0
10,000,State - BIHAR (10),Rural,Less than 21,47999397,25294647,22704750,45413700,24633989,20779711,2542155,642897,1899258,30730,11949,18781,10795,5070,5725,2017,742,1275,0,0,0
10,000,State - BIHAR (10),Urban,All ages,11758016,6204307,5553709,6125484,3496538,2628946,5219188,2591818,2627370,398594,110706,287888,11425,4176,7249,3325,1069,2256,0,0,0
10,000,State - BIHAR (10),Urban,0-9,2570217,1345442,1224775,2570217,1345442,1224775,0,0,0,0,0,0,0,0,0,0,0,0,0,0,0
10,000,State - BIHAR (10),Urban,10-14,1446935,759856,687079,1414707,747313,667394,30370,11729,18641,1191,485,706,556,275,281,111,54,57,0,0,0
10,000,State - BIHAR (10),Urban,15-19,1228966,668083,560883,1106450,640251,466199,119597,26732,92865,2172,787,1385,596,262,334,151,51,100,0,0,0
10,000,State - BIHAR (10),Urban,20-24,1053682,566056,487626,605795,428758,177037,442677,135676,307001,3768,1175,2593,1133,367,766,309,80,229,0,0,0
10,000,State - BIHAR (10),Urban,25-29,949017,488525,460492,248183,200894,47289,692003,285080,406923,6865,1951,4914,1514,471,1043,452,129,323,0,0,0
10,000,State - BIHAR (10),Urban,30-34,852693,436190,416503,76096,64366,11730,763036,368119,394917,11256,3023,8233,1791,542,1249,514,140,374,0,0,0
10,000,State - BIHAR (10),Urban,35-39,786010,405796,380214,23967,19363,4604,742507,381804,360703,17422,3905,13517,1629,560,1069,485,164,321,0,0,0
10,000,State - BIHAR (10),Urban,40-44,654824,352233,302591,10829,8348,2481,618224,337810,280414,24090,5467,18623,1280,480,800,401,128,273,0,0,0
10,000,State - BIHAR (10),Urban,45-49,548841,291195,257646,5913,4403,1510,512095,279518,232577,29636,6829,22807,926,358,568,271,87,184,0,0,0
10,000,State - BIHAR (10),Urban,50-54,427046,233188,193858,4212,2863,1349,384793,221051,163742,37180,8952,28228,662,241,421,199,81,118,0,0,0
10,000,State - BIHAR (10),Urban,55-59,346349,178839,167510,3369,2136,1233,306056,166928,139128,36392,9541,26851,404,174,230,128,60,68,0,0,0
10,000,State - BIHAR (10),Urban,60-64,330571,174211,156360,6558,3550,3008,261332,155198,106134,62184,15268,46916,389,161,228,108,34,74,0,0,0
10,000,State - BIHAR (10),Urban,65-69,219139,117148,101991,7086,3849,3237,160013,98373,61640,51747,14796,36951,223,106,117,70,24,46,0,0,0
10,000,State - BIHAR (10),Urban,70-74,147703,83232,64471,3445,1901,1544,92301,65174,27127,51782,16065,35717,138,83,55,37,9,28,0,0,0
10,000,State - BIHAR (10),Urban,75-79,63585,34812,28773,1655,901,754,36347,24562,11785,25499,9309,16190,56,31,25,28,9,19,0,0,0
10,000,State - BIHAR (10),Urban,80+,77961,39739,38222,7304,4238,3066,34927,22858,12069,35627,12600,23027,70,37,33,33,6,27,0,0,0
10,000,State - BIHAR (10),Urban,Age not stated,54477,29762,24715,29698,17962,11736,22910,11206,11704,1783,553,1230,58,28,30,28,13,15,0,0,0
10,000,State - BIHAR (10),Urban,Less than 18,4753527,2502209,2251318,4679188,2477126,2202062,70752,23639,47113,2535,951,1584,868,411,457,184,82,102,0,0,0
10,000,State - BIHAR (10),Urban,Less than 21,5544219,2932341,2611878,5289011,2868388,2420623,249070,61591,187479,4384,1609,2775,1431,633,798,323,120,203,0,0,0
10,203,District - Pashchim Champaran (01),Total,All ages,3935042,2061110,1873932,2078166,1153899,924267,1730797,858952,871845,122816,46829,75987,2534,1164,1370,729,266,463,0,0,0
10,203,District - Pashchim Champaran (01),Total,0-9,1125507,577658,547849,1125507,577658,547849,0,0,0,0,0,0,0,0,0,0,0,0,0,0,0
10,203,District - Pashchim Champaran (01),Total,10-14,526888,277964,248924,516220,273915,242305,10125,3783,6342,330,153,177,184,101,83,29,12,17,0,0,0
10,203,District - Pashchim Champaran (01),Total,15-19,331086,189463,141623,283413,178256,105157,47024,10905,36119,485,228,257,133,63,70,31,11,20,0,0,0
10,203,District - Pashchim Champaran (01),Total,20-24,278401,146737,131664,98083,79243,18840,179028,66911,112117,1012,465,547,223,98,125,55,20,35,0,0,0
10,203,District - Pashchim Champaran (01),Total,25-29,282323,139565,142758,27826,24216,3610,252142,114319,137823,1986,890,1096,279,114,165,90,26,64,0,0,0
10,203,District - Pashchim Champaran (01),Total,30-34,274148,136647,137501,8662,7433,1229,261953,127738,134215,3149,1313,1836,280,119,161,104,44,60,0,0,0
10,203,District - Pashchim Champaran (01),Total,35-39,253856,131593,122263,3467,2872,595,245187,126722,118465,4796,1831,2965,302,133,169,104,35,69,0,0,0
10,203,District - Pashchim Champaran (01),Total,40-44,197574,108255,89319,2050,1710,340,188520,103769,84751,6620,2611,4009,294,131,163,90,34,56,0,0,0
10,203,District - Pashchim Champaran (01),Total,45-49,162627,84507,78120,1322,1069,253,153222,80173,73049,7819,3157,4662,197,91,106,67,17,50,0,0,0
10,203,District - Pashchim Champaran (01),Total,50-54,125414,70935,54479,1069,852,217,112984,65683,47301,11117,4288,6829,195,94,101,49,18,31,0,0,0
10,203,District - Pashchim Champaran (01),Total,55-59,103876,48804,55072,851,636,215,92340,44103,48237,10524,3994,6530,131,60,71,30,11,19,0,0,0
10,203,District - Pashchim Champaran (01),Total,60-64,113023,59876,53147,2023,1211,812,88447,50962,37485,22388,7633,14755,128,55,73,37,15,22,0,0,0
10,203,District - Pashchim Champaran (01),Total,65-69,75680,40839,34841,1819,1109,710,53916,32453,21463,19840,7221,12619,86,45,41,19,11,8,0,0,0
10,203,District - Pashchim Champaran (01),Total,70-74,46277,27139,19138,911,554,357,27157,19638,7519,18136,6903,11233,61,38,23,12,6,6,0,0,0
10,203,District - Pashchim Champaran (01),Total,75-79,15630,8514,7116,299,170,129,8869,5619,3250,6445,2715,3730,11,6,5,6,4,2,0,0,0
10,203,District - Pashchim Champaran (01),Total,80+,17893,9719,8174,1612,995,617,8244,5337,2907,8008,3373,4635,25,13,12,4,1,3,0,0,0
10,203,District - Pashchim Champaran (01),Total,Age not stated,4839,2895,1944,3032,2000,1032,1639,837,802,161,54,107,5,3,2,2,1,1,0,0,0
10,203,District - Pashchim Champaran (01),Total,Less than 18,1857845,972694,885151,1832831,964305,868526,24075,7940,16135,631,293,338,267,139,128,41,17,24,0,0,0
10,203,District - Pashchim Champaran (01),Total,Less than 21,2068134,1093036,975098,1968426,1064327,904099,98135,27956,70179,1120,529,591,380,195,185,73,29,44,0,0,0
10,203,District - Pashchim Champaran (01),Rural,All ages,3541877,1853809,1688068,1868614,1035451,833163,1561383,774481,786902,109101,42605,66496,2169,1042,1127,610,230,380,0,0,0
10,203,District - Pashchim Champaran (01),Rural,0-9,1031494,528704,502790,1031494,528704,502790,0,0,0,0,0,0,0,0,0,0,0,0,0,0,0
10,203,District - Pashchim Champaran (01),Rural,10-14,476593,251845,224748,466750,248104,218646,9346,3494,5852,295,138,157,178,98,80,24,11,13,0,0,0
10,203,District - Pashchim Champaran (01),Rural,15-19,290885,167335,123550,247064,157002,90062,43237,10055,33182,437,208,229,118,60,58,29,10,19,0,0,0
10,203,District - Pashchim Champaran (01),Rural,20-24,244785,128210,116575,79417,65707,13710,164224,61972,102252,911,427,484,184,85,99,49,19,30,0,0,0
10,203,District - Pashchim Champaran (01),Rural,25-29,252258,124007,128251,20965,18563,2402,229223,104507,124716,1771,816,955,228,102,126,71,19,52,0,0,0
10,203,District - Pashchim Champaran (01),Rural,30-34,246375,122676,123699,6708,5759,949,236573,115586,120987,2777,1185,1592,231,107,124,86,39,47,0,0,0
10,203,District - Pashchim Champaran (01),Rural,35-39,227811,118219,109592,2866,2376,490,220401,114035,106366,4213,1664,2549,247,114,133,84,30,54,0,0,0
10,203,District - Pashchim Champaran (01),Rural,40-44,176086,96681,79405,1740,1462,278,168215,92715,75500,5802,2359,3443,256,115,141,73,30,43,0,0,0
10,203,District - Pashchim Champaran (01),Rural,45-49,144539,74713,69826,1114,907,207,136384,70868,65516,6810,2839,3971,174,84,90,57,15,42,0,0,0
10,203,District - Pashchim Champaran (01),Rural,50-54,111707,63417,48290,947,767,180,100756,58634,42122,9800,3923,5877,166,80,86,38,13,25,0,0,0
10,203,District - Pashchim Champaran (01),Rural,55-59,93135,43372,49763,717,550,167,83012,39139,43873,9263,3621,5642,118,54,64,25,8,17,0,0,0
10,203,District - Pashchim Champaran (01),Rural,60-64,102126,54307,47819,1860,1121,739,80033,46095,33938,20090,7026,13064,111,52,59,32,13,19,0,0,0
10,203,District - Pashchim Champaran (01),Rural,65-69,68224,36895,31329,1676,1038,638,48713,29226,19487,17745,6580,11165,72,40,32,18,11,7,0,0,0
10,203,District - Pashchim Champaran (01),Rural,70-74,41716,24554,17162,835,518,317,24462,17669,6793,16354,6330,10024,53,31,22,12,6,6,0,0,0
10,203,District - Pashchim Champaran (01),Rural,75-79,13871,7555,6316,265,156,109,7934,4968,2966,5657,2422,3235,9,5,4,6,4,2,0,0,0
10,203,District - Pashchim Champaran (01),Rural,80+,15818,8643,7175,1408,868,540,7360,4746,2614,7026,3016,4010,20,12,8,4,1,3,0,0,0
10,203,District - Pashchim Champaran (01),Rural,Age not stated,4454,2676,1778,2788,1849,939,1510,772,738,150,51,99,4,3,1,2,1,1,0,0,0
10,203,District - Pashchim Champaran (01),Rural,Less than 18,1689380,884542,804838,1666479,876835,789644,22052,7293,14759,560,264,296,253,134,119,36,16,20,0,0,0
10,203,District - Pashchim Champaran (01),Rural,Less than 21,1873704,990345,883359,1782079,963709,818370,90203,25943,64260,1010,481,529,347,185,162,65,27,38,0,0,0
10,203,District - Pashchim Champaran (01),Urban,All ages,393165,207301,185864,209552,118448,91104,169414,84471,84943,13715,4224,9491,365,122,243,119,36,83,0,0,0
10,203,District - Pashchim Champaran (01),Urban,0-9,94013,48954,45059,94013,48954,45059,0,0,0,0,0,0,0,0,0,0,0,0,0,0,0
10,203,District - Pashchim Champaran (01),Urban,10-14,50295,26119,24176,49470,25811,23659,779,289,490,35,15,20,6,3,3,5,1,4,0,0,0
10,203,District - Pashchim Champaran (01),Urban,15-19,40201,22128,18073,36349,21254,15095,3787,850,2937,48,20,28,15,3,12,2,1,1,0,0,0
10,203,District - Pashchim Champaran (01),Urban,20-24,33616,18527,15089,18666,13536,5130,14804,4939,9865,101,38,63,39,13,26,6,1,5,0,0,0
10,203,District - Pashchim Champaran (01),Urban,25-29,30065,15558,14507,6861,5653,1208,22919,9812,13107,215,74,141,51,12,39,19,7,12,0,0,0
10,203,District - Pashchim Champaran (01),Urban,30-34,27773,13971,13802,1954,1674,280,25380,12152,13228,372,128,244,49,12,37,18,5,13,0,0,0
10,203,District - Pashchim Champaran (01),Urban,35-39,26045,13374,12671,601,496,105,24786,12687,12099,583,167,416,55,19,36,20,5,15,0,0,0
10,203,District - Pashchim Champaran (01),Urban,40-44,21488,11574,9914,310,248,62,20305,11054,9251,818,252,566,38,16,22,17,4,13,0,0,0
10,203,District - Pashchim Champaran (01),Urban,45-49,18088,9794,8294,208,162,46,16838,9305,7533,1009,318,691,23,7,16,10,2,8,0,0,0
10,203,District - Pashchim Champaran (01),Urban,50-54,13707,7518,6189,122,85,37,12228,7049,5179,1317,365,952,29,14,15,11,5,6,0,0,0
10,203,District - Pashchim Champaran (01),Urban,55-59,10741,5432,5309,134,86,48,9328,4964,4364,1261,373,888,13,6,7,5,3,2,0,0,0
10,203,District - Pashchim Champaran (01),Urban,60-64,10897,5569,5328,163,90,73,8414,4867,3547,2298,607,1691,17,3,14,5,2,3,0,0,0
10,203,District - Pashchim Champaran (01),Urban,65-69,7456,3944,3512,143,71,72,5203,3227,1976,2095,641,1454,14,5,9,1,0,1,0,0,0
10,203,District - Pashchim Champaran (01),Urban,70-74,4561,2585,1976,76,36,40,2695,1969,726,1782,573,1209,8,7,1,0,0,0,0,0,0
10,203,District - Pashchim Champaran (01),Urban,75-79,1759,959,800,34,14,20,935,651,284,788,293,495,2,1,1,0,0,0,0,0,0
10,203,District - Pashchim Champaran (01),Urban,80+,2075,1076,999,204,127,77,884,591,293,982,357,625,5,1,4,0,0,0,0,0,0
10,203,District - Pashchim Champaran (01),Urban,Age not stated,385,219,166,244,151,93,129,65,64,11,3,8,1,0,1,0,0,0,0,0,0
10,203,District - Pashchim Champaran (01),Urban,Less than 18,168465,88152,80313,166352,87470,78882,2023,647,1376,71,29,42,14,5,9,5,1,4,0,0,0
10,203,District - Pashchim Champaran (01),Urban,Less than 21,194430,102691,91739,186347,100618,85729,7932,2013,5919,110,48,62,33,10,23,8,2,6,0,0,0
10,204,District - Purba Champaran (02),Total,All ages,5099371,2681209,2418162,2694793,1515208,1179585,2247227,1107640,1139587,153933,56836,97097,2689,1237,1452,729,288,441,0,0,0
10,204,District - Purba Champaran (02),Total,0-9,1474055,764156,709899,1474055,764156,709899,0,0,0,0,0,0,0,0,0,0,0,0,0,0,0
10,204,District - Purba Champaran (02),Total,10-14,685087,365982,319105,670218,360361,309857,14120,5298,8822,463,193,270,252,116,136,34,14,20,0,0,0
10,204,District - Purba Champaran (02),Total,15-19,421622,248553,173069,359306,233844,125462,61314,14276,47038,778,325,453,188,91,97,36,17,19,0,0,0
10,204,District - Purba Champaran (02),Total,20-24,365803,190512,175291,121255,100286,20969,243047,89578,153469,1230,520,710,192,96,96,79,32,47,0,0,0
10,204,District - Purba Champaran (02),Total,25-29,369855,182548,187307,32350,28407,3943,334841,153045,181796,2315,953,1362,255,110,145,94,33,61,0,0,0
10,204,District - Purba Champaran (02),Total,30-34,348944,173132,175812,9728,8250,1478,334800,163191,171609,3942,1464,2478,368,178,190,106,49,57,0,0,0
10,204,District - Purba Champaran (02),Total,35-39,320042,164527,155515,3989,3231,758,309611,159119,150492,6065,2037,4028,296,115,181,81,25,56,0,0,0
10,204,District - Purba Champaran (02),Total,40-44,248016,133907,114109,2507,2041,466,236696,128819,107877,8436,2894,5542,273,110,163,104,43,61,0,0,0
10,204,District - Purba Champaran (02),Total,45-49,205338,105249,100089,1594,1300,294,193515,100248,93267,9941,3592,6349,236,88,148,52,21,31,0,0,0
10,204,District - Purba Champaran (02),Total,50-54,159818,88123,71695,1402,1105,297,144416,82161,62255,13785,4756,9029,174,84,90,41,17,24,0,0,0
10,204,District - Purba Champaran (02),Total,55-59,137994,63879,74115,1174,865,309,123518,58161,65357,13155,4779,8376,122,65,57,25,9,16,0,0,0
10,204,District - Purba Champaran (02),Total,60-64,149816,81165,68651,2828,1797,1031,118031,69450,48581,28789,9842,18947,140,68,72,28,8,20,0,0,0
10,204,District - Purba Champaran (02),Total,65-69,93765,50563,43202,2378,1553,825,68095,40480,27615,23196,8480,14716,80,45,35,16,5,11,0,0,0
10,204,District - Purba Champaran (02),Total,70-74,59967,35415,24552,1263,815,448,36377,25990,10387,22251,8563,13688,65,43,22,11,4,7,0,0,0
10,204,District - Purba Champaran (02),Total,75-79,21243,11998,9245,470,313,157,12405,7971,4434,8351,3704,4647,10,7,3,7,3,4,0,0,0
10,204,District - Purba Champaran (02),Total,80+,25406,13875,11531,2339,1469,870,12158,7784,4374,10870,4598,6272,31,19,12,8,5,3,0,0,0
10,204,District - Purba Champaran (02),Total,Age not stated,12600,7625,4975,7937,5415,2522,4283,2069,2214,366,136,230,7,2,5,7,3,4,0,0,0
10,204,District - Purba Champaran (02),Total,Less than 18,2418754,1282798,1135956,2386017,1271557,1114460,31347,10653,20694,975,397,578,361,168,193,54,23,31,0,0,0
10,204,District - Purba Champaran (02),Total,Less than 21,2690645,1439900,1250745,2557621,1402582,1155039,130805,36363,94442,1621,671,950,507,246,261,91,38,53,0,0,0
10,204,District - Purba Champaran (02),Rural,All ages,4698028,2468181,2229847,2482890,1394439,1088451,2070416,1019290,1051126,141627,53040,88587,2442,1147,1295,653,265,388,0,0,0
10,204,District - Purba Champaran (02),Rural,0-9,1373641,711730,661911,1373641,711730,661911,0,0,0,0,0,0,0,0,0,0,0,0,0,0,0
10,204,District - Purba Champaran (02),Rural,10-14,634009,338713,295296,620298,333542,286756,13017,4869,8148,425,180,245,237,108,129,32,14,18,0,0,0
10,204,District - Purba Champaran (02),Rural,15-19,382802,226575,156227,324570,212839,111731,57296,13333,43963,725,300,425,176,86,90,35,17,18,0,0,0
10,204,District - Purba Champaran (02),Rural,20-24,332473,172445,160028,104412,87840,16572,226691,84003,142688,1127,483,644,171,89,82,72,30,42,0,0,0
10,204,District - Purba Champaran (02),Rural,25-29,338798,166634,172164,26245,23327,2918,310140,142289,167851,2104,883,1221,227,102,125,82,33,49,0,0,0
10,204,District - Purba Champaran (02),Rural,30-34,319977,158480,161497,7992,6757,1235,307931,150162,157769,3640,1360,2280,322,158,164,92,43,49,0,0,0
10,204,District - Purba Champaran (02),Rural,35-39,293283,150621,142662,3506,2845,661,283884,145734,138150,5553,1917,3636,266,103,163,74,22,52,0,0,0
10,204,District - Purba Champaran (02),Rural,40-44,226324,122166,104158,2237,1839,398,216041,117479,98562,7718,2706,5012,243,107,136,85,35,50,0,0,0
10,204,District - Purba Champaran (02),Rural,45-49,187713,95829,91884,1454,1189,265,176922,91182,85740,9077,3359,5718,212,80,132,48,19,29,0,0,0
10,204,District - Purba Champaran (02),Rural,50-54,146305,80780,65525,1266,1010,256,132234,75217,57017,12606,4456,8150,161,80,81,38,17,21,0,0,0
10,204,District - Purba Champaran (02),Rural,55-59,126684,58175,68509,1071,790,281,113486,52883,60603,11991,4433,7558,112,61,51,24,8,16,0,0,0
10,204,District - Purba Champaran (02),Rural,60-64,138698,75237,63461,2645,1693,952,109287,64234,45053,26611,9240,17371,131,63,68,24,7,17,0,0,0
10,204,District - Purba Champaran (02),Rural,65-69,86977,46866,40111,2220,1459,761,63158,37420,25738,21508,7941,13567,76,41,35,15,5,10,0,0,0
10,204,District - Purba Champaran (02),Rural,70-74,55566,32874,22692,1180,765,415,33716,24099,9617,20599,7965,12634,61,41,20,10,4,6,0,0,0
10,204,District - Purba Champaran (02),Rural,75-79,19502,11010,8492,428,289,139,11400,7292,4108,7657,3419,4238,10,7,3,7,3,4,0,0,0
10,204,District - Purba Champaran (02),Rural,80+,23245,12742,10503,2077,1300,777,11190,7149,4041,9940,4269,5671,30,19,11,8,5,3,0,0,0
10,204,District - Purba Champaran (02),Rural,Age not stated,12031,7304,4727,7648,5225,2423,4023,1945,2078,346,129,217,7,2,5,7,3,4,0,0,0
10,204,District - Purba Champaran (02),Rural,Less than 18,2243805,1190028,1053777,2213457,1179629,1033828,29055,9852,19203,902,366,536,339,158,181,52,23,29,0,0,0
10,204,District - Purba Champaran (02),Rural,Less than 21,2490349,1332716,1157633,2366377,1297829,1068548,121910,33996,87914,1500,623,877,475,230,245,87,38,49,0,0,0
10,204,District - Purba Champaran (02),Urban,All ages,401343,213028,188315,211903,120769,91134,176811,88350,88461,12306,3796,8510,247,90,157,76,23,53,0,0,0
10,204,District - Purba Champaran (02),Urban,0-9,100414,52426,47988,100414,52426,47988,0,0,0,0,0,0,0,0,0,0,0,0,0,0,0
10,204,District - Purba Champaran (02),Urban,10-14,51078,27269,23809,49920,26819,23101,1103,429,674,38,13,25,15,8,7,2,0,2,0,0,0
10,204,District - Purba Champaran (02),Urban,15-19,38820,21978,16842,34736,21005,13731,4018,943,3075,53,25,28,12,5,7,1,0,1,0,0,0
10,204,District - Purba Champaran (02),Urban,20-24,33330,18067,15263,16843,12446,4397,16356,5575,10781,103,37,66,21,7,14,7,2,5,0,0,0
10,204,District - Purba Champaran (02),Urban,25-29,31057,15914,15143,6105,5080,1025,24701,10756,13945,211,70,141,28,8,20,12,0,12,0,0,0
10,204,District - Purba Champaran (02),Urban,30-34,28967,14652,14315,1736,1493,243,26869,13029,13840,302,104,198,46,20,26,14,6,8,0,0,0
10,204,District - Purba Champaran (02),Urban,35-39,26759,13906,12853,483,386,97,25727,13385,12342,512,120,392,30,12,18,7,3,4,0,0,0
10,204,District - Purba Champaran (02),Urban,40-44,21692,11741,9951,270,202,68,20655,11340,9315,718,188,530,30,3,27,19,8,11,0,0,0
10,204,District - Purba Champaran (02),Urban,45-49,17625,9420,8205,140,111,29,16593,9066,7527,864,233,631,24,8,16,4,2,2,0,0,0
10,204,District - Purba Champaran (02),Urban,50-54,13513,7343,6170,136,95,41,12182,6944,5238,1179,300,879,13,4,9,3,0,3,0,0,0
10,204,District - Purba Champaran (02),Urban,55-59,11310,5704,5606,103,75,28,10032,5278,4754,1164,346,818,10,4,6,1,1,0,0,0,0
10,204,District - Purba Champaran (02),Urban,60-64,11118,5928,5190,183,104,79,8744,5216,3528,2178,602,1576,9,5,4,4,1,3,0,0,0
10,204,District - Purba Champaran (02),Urban,65-69,6788,3697,3091,158,94,64,4937,3060,1877,1688,539,1149,4,4,0,1,0,1,0,0,0
10,204,District - Purba Champaran (02),Urban,70-74,4401,2541,1860,83,50,33,2661,1891,770,1652,598,1054,4,2,2,1,0,1,0,0,0
10,204,District - Purba Champaran (02),Urban,75-79,1741,988,753,42,24,18,1005,679,326,694,285,409,0,0,0,0,0,0,0,0,0
10,204,District - Purba Champaran (02),Urban,80+,2161,1133,1028,262,169,93,968,635,333,930,329,601,1,0,1,0,0,0,0,0,0
10,204,District - Purba Champaran (02),Urban,Age not stated,569,321,248,289,190,99,260,124,136,20,7,13,0,0,0,0,0,0,0,0,0
10,204,District - Purba Champaran (02),Urban,Less than 18,174949,92770,82179,172560,91928,80632,2292,801,1491,73,31,42,22,10,12,2,0,2,0,0,0
10,204,District - Purba Champaran (02),Urban,Less than 21,200296,107184,93112,191244,104753,86491,8895,2367,6528,121,48,73,32,16,16,4,0,4,0,0,0
10,205,District - Sheohar (03),Total,All ages,656246,346673,309573,340032,191736,148296,295446,147342,148104,20243,7356,12887,410,200,210,115,39,76,0,0,0
10,205,District - Sheohar (03),Total,0-9,184328,96094,88234,184328,96094,88234,0,0,0,0,0,0,0,0,0,0,0,0,0,0,0
10,205,District - Sheohar (03),Total,10-14,87688,46852,40836,85300,45934,39366,2244,855,1389,86,31,55,56,32,24,2,0,2,0,0,0
10,205,District - Sheohar (03),Total,15-19,55574,32259,23315,46934,30279,16655,8481,1904,6577,123,56,67,30,17,13,6,3,3,0,0,0
10,205,District - Sheohar (03),Total,20-24,47865,25179,22686,14979,12539,2440,32647,12528,20119,195,93,102,39,17,22,5,2,3,0,0,0
10,205,District - Sheohar (03),Total,25-29,45786,23177,22609,3823,3410,413,41632,19617,22015,281,127,154,40,21,19,10,2,8,0,0,0
10,205,District - Sheohar (03),Total,30-34,42958,21507,21451,1189,1031,158,41292,20293,20999,432,161,271,34,16,18,11,6,5,0,0,0
10,205,District - Sheohar (03),Total,35-39,40126,20896,19230,477,390,87,38894,20234,18660,684,241,443,52,25,27,19,6,13,0,0,0
10,205,District - Sheohar (03),Total,40-44,31347,17183,14164,263,223,40,30113,16606,13507,925,333,592,35,17,18,11,4,7,0,0,0
10,205,District - Sheohar (03),Total,45-49,25478,13327,12151,192,159,33,24201,12755,11446,1056,405,651,25,8,17,4,0,4,0,0,0
10,205,District - Sheohar (03),Total,50-54,19820,11001,8819,162,133,29,18243,10327,7916,1378,524,854,22,11,11,15,6,9,0,0,0
10,205,District - Sheohar (03),Total,55-59,17750,8206,9544,152,112,40,16200,7575,8625,1385,513,872,13,6,7,0,0,0,0,0,0
10,205,District - Sheohar (03),Total,60-64,22089,11191,10898,313,208,105,18380,9812,8568,3367,1164,2203,18,5,13,11,2,9,0,0,0
10,205,District - Sheohar (03),Total,65-69,16320,8965,7355,311,208,103,12384,7533,4851,3593,1208,2385,21,12,9,11,4,7,0,0,0
10,205,District - Sheohar (03),Total,70-74,9666,5716,3950,193,126,67,6037,4362,1675,3421,1222,2199,11,5,6,4,1,3,0,0,0
10,205,District - Sheohar (03),Total,75-79,3649,1957,1692,75,47,28,2122,1345,777,1446,563,883,4,1,3,2,1,1,0,0,0
10,205,District - Sheohar (03),Total,80+,4104,2217,1887,332,214,118,1948,1302,646,1818,697,1121,2,2,0,4,2,2,0,0,0
10,205,District - Sheohar (03),Total,Age not stated,1698,946,752,1009,629,380,628,294,334,53,18,35,8,5,3,0,0,0,0,0,0
10,205,District - Sheohar (03),Total,Less than 18,306018,162810,143208,301059,161055,140004,4725,1652,3073,154,58,96,75,43,32,5,2,3,0,0,0
10,205,District - Sheohar (03),Total,Less than 21,341863,182883,158980,323155,177775,145380,18318,4937,13381,282,115,167,98,53,45,10,3,7,0,0,0
10,205,District - Sheohar (03),Rural,All ages,628130,331792,296338,325103,183286,141817,283176,141202,141974,19356,7080,12276,382,187,195,113,37,76,0,0,0
10,205,District - Sheohar (03),Rural,0-9,176516,92014,84502,176516,92014,84502,0,0,0,0,0,0,0,0,0,0,0,0,0,0,0
10,205,District - Sheohar (03),Rural,10-14,83885,44817,39068,81598,43941,37657,2153,818,1335,81,28,53,51,30,21,2,0,2,0,0,0
10,205,District - Sheohar (03),Rural,15-19,52993,30814,22179,44760,28933,15827,8085,1810,6275,114,53,61,28,15,13,6,3,3,0,0,0
10,205,District - Sheohar (03),Rural,20-24,45649,24008,21641,14164,11869,2295,31262,12033,19229,183,88,95,35,16,19,5,2,3,0,0,0
10,205,District - Sheohar (03),Rural,25-29,43632,22058,21574,3573,3182,391,39749,18733,21016,263,121,142,38,21,17,9,1,8,0,0,0
10,205,District - Sheohar (03),Rural,30-34,41040,20521,20519,1125,974,151,39463,19373,20090,412,154,258,30,15,15,10,5,5,0,0,0
10,205,District - Sheohar (03),Rural,35-39,38461,20044,18417,467,383,84,37276,19403,17873,652,232,420,47,20,27,19,6,13,0,0,0
10,205,District - Sheohar (03),Rural,40-44,30019,16408,13611,259,219,40,28826,15844,12982,891,325,566,32,16,16,11,4,7,0,0,0
10,205,District - Sheohar (03),Rural,45-49,24412,12778,11634,189,157,32,23197,12227,10970,998,387,611,24,7,17,4,0,4,0,0,0
10,205,District - Sheohar (03),Rural,50-54,19012,10560,8452,157,130,27,17512,9911,7601,1307,502,805,21,11,10,15,6,9,0,0,0
10,205,District - Sheohar (03),Rural,55-59,17021,7864,9157,148,109,39,15535,7251,8284,1326,498,828,12,6,6,0,0,0,0,0,0
10,205,District - Sheohar (03),Rural,60-64,21204,10724,10480,295,194,101,17686,9409,8277,3194,1114,2080,18,5,13,11,2,9,0,0,0
10,205,District - Sheohar (03),Rural,65-69,15755,8661,7094,283,191,92,11993,7295,4698,3447,1159,2288,21,12,9,11,4,7,0,0,0
10,205,District - Sheohar (03),Rural,70-74,9354,5541,3813,182,121,61,5859,4228,1631,3298,1186,2112,11,5,6,4,1,3,0,0,0
10,205,District - Sheohar (03),Rural,75-79,3533,1902,1631,73,47,26,2068,1311,757,1386,542,844,4,1,3,2,1,1,0,0,0
10,205,District - Sheohar (03),Rural,80+,3970,2146,1824,319,203,116,1892,1265,627,1753,674,1079,2,2,0,4,2,2,0,0,0
10,205,District - Sheohar (03),Rural,Age not stated,1674,932,742,995,619,376,620,291,329,51,17,34,8,5,3,0,0,0,0,0,0
10,205,District - Sheohar (03),Rural,Less than 18,292838,155843,136995,288113,154169,133944,4509,1579,2930,142,53,89,69,40,29,5,2,3,0,0,0
10,205,District - Sheohar (03),Rural,Less than 21,327069,174986,152083,309153,170098,139055,17554,4729,12825,263,107,156,89,49,40,10,3,7,0,0,0
10,205,District - Sheohar (03),Urban,All ages,28116,14881,13235,14929,8450,6479,12270,6140,6130,887,276,611,28,13,15,2,2,0,0,0,0
10,205,District - Sheohar (03),Urban,0-9,7812,4080,3732,7812,4080,3732,0,0,0,0,0,0,0,0,0,0,0,0,0,0,0
10,205,District - Sheohar (03),Urban,10-14,3803,2035,1768,3702,1993,1709,91,37,54,5,3,2,5,2,3,0,0,0,0,0,0
10,205,District - Sheohar (03),Urban,15-19,2581,1445,1136,2174,1346,828,396,94,302,9,3,6,2,2,0,0,0,0,0,0,0
10,205,District - Sheohar (03),Urban,20-24,2216,1171,1045,815,670,145,1385,495,890,12,5,7,4,1,3,0,0,0,0,0,0
10,205,District - Sheohar (03),Urban,25-29,2154,1119,1035,250,228,22,1883,884,999,18,6,12,2,0,2,1,1,0,0,0,0
10,205,District - Sheohar (03),Urban,30-34,1918,986,932,64,57,7,1829,920,909,20,7,13,4,1,3,1,1,0,0,0,0
10,205,District - Sheohar (03),Urban,35-39,1665,852,813,10,7,3,1618,831,787,32,9,23,5,5,0,0,0,0,0,0,0
10,205,District - Sheohar (03),Urban,40-44,1328,775,553,4,4,0,1287,762,525,34,8,26,3,1,2,0,0,0,0,0,0
10,205,District - Sheohar (03),Urban,45-49,1066,549,517,3,2,1,1004,528,476,58,18,40,1,1,0,0,0,0,0,0,0
10,205,District - Sheohar (03),Urban,50-54,808,441,367,5,3,2,731,416,315,71,22,49,1,0,1,0,0,0,0,0,0
10,205,District - Sheohar (03),Urban,55-59,729,342,387,4,3,1,665,324,341,59,15,44,1,0,1,0,0,0,0,0,0
10,205,District - Sheohar (03),Urban,60-64,885,467,418,18,14,4,694,403,291,173,50,123,0,0,0,0,0,0,0,0,0
10,205,District - Sheohar (03),Urban,65-69,565,304,261,28,17,11,391,238,153,146,49,97,0,0,0,0,0,0,0,0,0
10,205,District - Sheohar (03),Urban,70-74,312,175,137,11,5,6,178,134,44,123,36,87,0,0,0,0,0,0,0,0,0
10,205,District - Sheohar (03),Urban,75-79,116,55,61,2,0,2,54,34,20,60,21,39,0,0,0,0,0,0,0,0,0
10,205,District - Sheohar (03),Urban,80+,134,71,63,13,11,2,56,37,19,65,23,42,0,0,0,0,0,0,0,0,0
10,205,District - Sheohar (03),Urban,Age not stated,24,14,10,14,10,4,8,3,5,2,1,1,0,0,0,0,0,0,0,0,0
10,205,District - Sheohar (03),Urban,Less than 18,13180,6967,6213,12946,6886,6060,216,73,143,12,5,7,6,3,3,0,0,0,0,0,0
10,205,District - Sheohar (03),Urban,Less than 21,14794,7897,6897,14002,7677,6325,764,208,556,19,8,11,9,4,5,0,0,0,0,0,0
10,206,District - Sitamarhi (04),Total,All ages,3423574,1803252,1620322,1798826,1015189,783637,1520538,753318,767220,101702,33619,68083,1951,919,1032,557,207,350,0,0,0
10,206,District - Sitamarhi (04),Total,0-9,955283,496489,458794,955283,496489,458794,0,0,0,0,0,0,0,0,0,0,0,0,0,0,0
10,206,District - Sitamarhi (04),Total,10-14,459182,246079,213103,449411,242154,207257,9264,3694,5570,372,164,208,106,52,54,29,15,14,0,0,0
10,206,District - Sitamarhi (04),Total,15-19,292234,169406,122828,249143,160115,89028,42456,9022,33434,498,203,295,106,51,55,31,15,16,0,0,0
10,206,District - Sitamarhi (04),Total,20-24,256750,134693,122057,87737,72997,14740,167827,61193,106634,953,386,567,171,91,80,62,26,36,0,0,0
10,206,District - Sitamarhi (04),Total,25-29,242891,122183,120708,23319,20601,2718,217847,100892,116955,1407,549,858,237,114,123,81,27,54,0,0,0
10,206,District - Sitamarhi (04),Total,30-34,228548,114720,113828,6817,5846,971,218836,107895,110941,2538,825,1713,272,123,149,85,31,54,0,0,0
10,206,District - Sitamarhi (04),Total,35-39,207509,107527,99982,2467,1977,490,201091,104237,96854,3646,1182,2464,246,115,131,59,16,43,0,0,0
10,206,District - Sitamarhi (04),Total,40-44,167140,89944,77196,1458,1153,305,160305,87033,73272,5116,1641,3475,202,95,107,59,22,37,0,0,0
10,206,District - Sitamarhi (04),Total,45-49,136785,71045,65740,828,629,199,129771,68459,61312,6002,1879,4123,159,71,88,25,7,18,0,0,0
10,206,District - Sitamarhi (04),Total,50-54,107367,58805,48562,717,514,203,98122,55501,42621,8384,2728,5656,120,54,66,24,8,16,0,0,0
10,206,District - Sitamarhi (04),Total,55-59,91739,43337,48402,562,388,174,82900,40169,42731,8176,2740,5436,73,26,47,28,14,14,0,0,0
10,206,District - Sitamarhi (04),Total,60-64,102870,53242,49628,1640,910,730,83273,46976,36297,17838,5306,12532,95,41,54,24,9,15,0,0,0
10,206,District - Sitamarhi (04),Total,65-69,69375,37492,31883,1401,819,582,51606,31400,20206,16293,5245,11048,55,20,35,20,8,12,0,0,0
10,206,District - Sitamarhi (04),Total,70-74,42960,24488,18472,828,489,339,26739,18839,7900,15332,5130,10202,44,26,18,17,4,13,0,0,0
10,206,District - Sitamarhi (04),Total,75-79,15898,8665,7233,324,188,136,9322,6101,3221,6237,2367,3870,14,9,5,1,0,1,0,0,0
10,206,District - Sitamarhi (04),Total,80+,18826,9864,8962,1631,953,678,9118,5892,3226,8051,3004,5047,22,13,9,4,2,2,0,0,0
10,206,District - Sitamarhi (04),Total,Age not stated,28217,15273,12944,15260,8967,6293,12061,6015,6046,859,270,589,29,18,11,8,3,5,0,0,0
10,206,District - Sitamarhi (04),Total,Less than 18,1594383,846910,747473,1572516,839110,733406,21001,7425,13576,661,273,388,161,79,82,44,23,21,0,0,0
10,206,District - Sitamarhi (04),Total,Less than 21,1784401,953536,830865,1691422,929581,761841,91482,23305,68177,1165,492,673,258,124,134,74,34,40,0,0,0
10,206,District - Sitamarhi (04),Rural,All ages,3233076,1701685,1531391,1699827,958099,741728,1435013,710582,724431,95918,31939,63979,1796,874,922,522,191,331,0,0,0
10,206,District - Sitamarhi (04),Rural,0-9,910653,472789,437864,910653,472789,437864,0,0,0,0,0,0,0,0,0,0,0,0,0,0,0
10,206,District - Sitamarhi (04),Rural,10-14,435490,233514,201976,426287,229820,196467,8723,3473,5250,351,157,194,102,51,51,27,13,14,0,0,0
10,206,District - Sitamarhi (04),Rural,15-19,273840,159068,114772,232898,150324,82574,40349,8486,31863,464,194,270,99,49,50,30,15,15,0,0,0
10,206,District - Sitamarhi (04),Rural,20-24,240538,125999,114539,79207,66761,12446,160222,58759,101463,893,369,524,160,88,72,56,22,34,0,0,0
10,206,District - Sitamarhi (04),Rural,25-29,227991,114525,113466,20134,17910,2224,206257,95961,110296,1319,524,795,206,106,100,75,24,51,0,0,0
10,206,District - Sitamarhi (04),Rural,30-34,214789,107559,107230,5896,5033,863,206190,101611,104579,2377,764,1613,244,120,124,82,31,51,0,0,0
10,206,District - Sitamarhi (04),Rural,35-39,194869,100929,93940,2202,1758,444,188987,97929,91058,3398,1118,2280,227,109,118,55,15,40,0,0,0
10,206,District - Sitamarhi (04),Rural,40-44,156983,84420,72563,1313,1036,277,150639,81718,68921,4792,1558,3234,186,89,97,53,19,34,0,0,0
10,206,District - Sitamarhi (04),Rural,45-49,128406,66553,61853,764,576,188,121883,64126,57757,5590,1778,3812,145,66,79,24,7,17,0,0,0
10,206,District - Sitamarhi (04),Rural,50-54,100749,55235,45514,648,465,183,92092,52116,39976,7872,2593,5279,116,53,63,21,8,13,0,0,0
10,206,District - Sitamarhi (04),Rural,55-59,86219,40547,45672,522,367,155,77944,37551,40393,7657,2591,5066,68,24,44,28,14,14,0,0,0
10,206,District - Sitamarhi (04),Rural,60-64,97456,50408,47048,1547,861,686,78945,44411,34534,16848,5088,11760,93,40,53,23,8,15,0,0,0
10,206,District - Sitamarhi (04),Rural,65-69,65978,35617,30361,1329,778,551,49115,29823,19292,15463,4991,10472,52,18,34,19,7,12,0,0,0
10,206,District - Sitamarhi (04),Rural,70-74,40890,23297,17593,787,466,321,25412,17901,7511,14634,4902,9732,40,24,16,17,4,13,0,0,0
10,206,District - Sitamarhi (04),Rural,75-79,15049,8198,6851,303,177,126,8849,5785,3064,5883,2227,3656,13,9,4,1,0,1,0,0,0
10,206,District - Sitamarhi (04),Rural,80+,17745,9292,8453,1508,884,624,8606,5555,3051,7608,2840,4768,19,11,8,4,2,2,0,0,0
10,206,District - Sitamarhi (04),Rural,Age not stated,25431,13735,11696,13829,8094,5735,10800,5377,5423,769,245,524,26,17,9,7,2,5,0,0,0
10,206,District - Sitamarhi (04),Rural,Less than 18,1514949,804469,710480,1494389,797161,697228,19745,6948,12797,621,263,358,152,76,76,42,21,21,0,0,0
10,206,District - Sitamarhi (04),Rural,Less than 21,1692963,904436,788527,1604450,881642,722808,87106,22171,64935,1093,470,623,244,121,123,70,32,38,0,0,0
10,206,District - Sitamarhi (04),Urban,All ages,190498,101567,88931,98999,57090,41909,85525,42736,42789,5784,1680,4104,155,45,110,35,16,19,0,0,0
10,206,District - Sitamarhi (04),Urban,0-9,44630,23700,20930,44630,23700,20930,0,0,0,0,0,0,0,0,0,0,0,0,0,0,0
10,206,District - Sitamarhi (04),Urban,10-14,23692,12565,11127,23124,12334,10790,541,221,320,21,7,14,4,1,3,2,2,0,0,0,0
10,206,District - Sitamarhi (04),Urban,15-19,18394,10338,8056,16245,9791,6454,2107,536,1571,34,9,25,7,2,5,1,0,1,0,0,0
10,206,District - Sitamarhi (04),Urban,20-24,16212,8694,7518,8530,6236,2294,7605,2434,5171,60,17,43,11,3,8,6,4,2,0,0,0
10,206,District - Sitamarhi (04),Urban,25-29,14900,7658,7242,3185,2691,494,11590,4931,6659,88,25,63,31,8,23,6,3,3,0,0,0
10,206,District - Sitamarhi (04),Urban,30-34,13759,7161,6598,921,813,108,12646,6284,6362,161,61,100,28,3,25,3,0,3,0,0,0
10,206,District - Sitamarhi (04),Urban,35-39,12640,6598,6042,265,219,46,12104,6308,5796,248,64,184,19,6,13,4,1,3,0,0,0
10,206,District - Sitamarhi (04),Urban,40-44,10157,5524,4633,145,117,28,9666,5315,4351,324,83,241,16,6,10,6,3,3,0,0,0
10,206,District - Sitamarhi (04),Urban,45-49,8379,4492,3887,64,53,11,7888,4333,3555,412,101,311,14,5,9,1,0,1,0,0,0
10,206,District - Sitamarhi (04),Urban,50-54,6618,3570,3048,69,49,20,6030,3385,2645,512,135,377,4,1,3,3,0,3,0,0,0
10,206,District - Sitamarhi (04),Urban,55-59,5520,2790,2730,40,21,19,4956,2618,2338,519,149,370,5,2,3,0,0,0,0,0,0
10,206,District - Sitamarhi (04),Urban,60-64,5414,2834,2580,93,49,44,4328,2565,1763,990,218,772,2,1,1,1,1,0,0,0,0
10,206,District - Sitamarhi (04),Urban,65-69,3397,1875,1522,72,41,31,2491,1577,914,830,254,576,3,2,1,1,1,0,0,0,0
10,206,District - Sitamarhi (04),Urban,70-74,2070,1191,879,41,23,18,1327,938,389,698,228,470,4,2,2,0,0,0,0,0,0
10,206,District - Sitamarhi (04),Urban,75-79,849,467,382,21,11,10,473,316,157,354,140,214,1,0,1,0,0,0,0,0,0
10,206,District - Sitamarhi (04),Urban,80+,1081,572,509,123,69,54,512,337,175,443,164,279,3,2,1,0,0,0,0,0,0
10,206,District - Sitamarhi (04),Urban,Age not stated,2786,1538,1248,1431,873,558,1261,638,623,90,25,65,3,1,2,1,1,0,0,0,0
10,206,District - Sitamarhi (04),Urban,Less than 18,79434,42441,36993,78127,41949,36178,1256,477,779,40,10,30,9,3,6,2,2,0,0,0,0
10,206,District - Sitamarhi (04),Urban,Less than 21,91438,49100,42338,86972,47939,39033,4376,1134,3242,72,22,50,14,3,11,4,2,2,0,0,0
10,207,District - Madhubani (05),Total,All ages,4487379,2329313,2158066,2295277,1283309,1011968,2047180,1004831,1042349,141204,39763,101441,2975,1206,1769,743,204,539,0,0,0
10,207,District - Madhubani (05),Total,0-9,1193151,615716,577435,1193151,615716,577435,0,0,0,0,0,0,0,0,0,0,0,0,0,0,0
10,207,District - Madhubani (05),Total,10-14,604694,316723,287971,592350,311917,280433,11702,4507,7195,339,144,195,279,142,137,24,13,11,0,0,0
10,207,District - Madhubani (05),Total,15-19,392964,221114,171850,333628,209130,124498,58435,11629,46806,644,243,401,218,102,116,39,10,29,0,0,0
10,207,District - Madhubani (05),Total,20-24,340878,177729,163149,118527,99549,18978,220791,77661,143130,1224,384,840,274,120,154,62,15,47,0,0,0
10,207,District - Madhubani (05),Total,25-29,328768,162960,165808,32931,29434,3497,293342,132766,160576,2017,598,1419,354,128,226,124,34,90,0,0,0
10,207,District - Madhubani (05),Total,30-34,308226,151964,156262,8327,7057,1270,295994,143810,152184,3461,939,2522,353,128,225,91,30,61,0,0,0
10,207,District - Madhubani (05),Total,35-39,284956,146045,138911,2885,2253,632,276388,142442,133946,5243,1187,4056,343,136,207,97,27,70,0,0,0
10,207,District - Madhubani (05),Total,40-44,226055,119536,106519,1498,1136,362,217397,116698,100699,6821,1598,5223,265,85,180,74,19,55,0,0,0
10,207,District - Madhubani (05),Total,45-49,190187,98927,91260,936,669,267,180436,95984,84452,8527,2181,6346,235,82,153,53,11,42,0,0,0
10,207,District - Madhubani (05),Total,50-54,147276,78599,68677,702,450,252,135292,75208,60084,11044,2854,8190,194,77,117,44,10,34,0,0,0
10,207,District - Madhubani (05),Total,55-59,126740,60879,65861,648,402,246,114500,57180,57320,11461,3254,8207,101,36,65,30,7,23,0,0,0
10,207,District - Madhubani (05),Total,60-64,135403,68567,66836,1557,831,726,109439,61539,47900,24202,6130,18072,162,54,108,43,13,30,0,0,0
10,207,District - Madhubani (05),Total,65-69,93395,49455,43940,1421,774,647,68802,42112,26690,23064,6518,16546,87,47,40,21,4,17,0,0,0
10,207,District - Madhubani (05),Total,70-74,57556,31312,26244,861,462,399,35634,24730,10904,20990,6088,14902,49,27,22,22,5,17,0,0,0
10,207,District - Madhubani (05),Total,75-79,23813,12650,11163,427,249,178,13980,9139,4841,9374,3244,6130,25,17,8,7,1,6,0,0,0
10,207,District - Madhubani (05),Total,80+,27716,14030,13686,2152,1260,892,12928,8413,4515,12598,4334,8264,29,20,9,9,3,6,0,0,0
10,207,District - Madhubani (05),Total,Age not stated,5601,3107,2494,3276,2020,1256,2120,1013,1107,195,67,128,7,5,2,3,2,1,0,0,0
10,207,District - Madhubani (05),Total,Less than 18,2039499,1067843,971656,2010087,1058044,952043,28187,9279,18908,759,289,470,420,210,210,46,21,25,0,0,0
10,207,District - Madhubani (05),Total,Less than 21,2286971,1202842,1084129,2164599,1173723,990876,120350,28324,92026,1362,498,864,575,267,308,85,30,55,0,0,0
10,207,District - Madhubani (05),Rural,All ages,4325884,2244287,2081597,2211084,1235253,975831,1975315,969127,1006188,135898,38539,97359,2875,1176,1699,712,192,520,0,0,0
10,207,District - Madhubani (05),Rural,0-9,1155449,596158,559291,1155449,596158,559291,0,0,0,0,0,0,0,0,0,0,0,0,0,0,0
10,207,District - Madhubani (05),Rural,10-14,584313,305905,278408,572328,301257,271071,11363,4355,7008,325,139,186,275,141,134,22,13,9,0,0,0
10,207,District - Madhubani (05),Rural,15-19,376847,212289,164558,319198,200631,118567,56775,11312,45463,620,236,384,216,101,115,38,9,29,0,0,0
10,207,District - Madhubani (05),Rural,20-24,326796,170093,156703,111012,93942,17070,214279,75640,138639,1177,378,799,267,118,149,61,15,46,0,0,0
10,207,District - Madhubani (05),Rural,25-29,316227,156494,159733,30010,26953,3057,283802,128801,155001,1946,581,1365,347,126,221,122,33,89,0,0,0
10,207,District - Madhubani (05),Rural,30-34,296684,146099,150585,7502,6344,1158,285419,138696,146723,3343,906,2437,336,124,212,84,29,55,0,0,0
10,207,District - Madhubani (05),Rural,35-39,274183,140412,133771,2652,2064,588,266122,137046,129076,4986,1145,3841,332,133,199,91,24,67,0,0,0
10,207,District - Madhubani (05),Rural,40-44,217321,114948,102373,1392,1050,342,209066,112256,96810,6538,1544,4994,256,83,173,69,15,54,0,0,0
10,207,District - Madhubani (05),Rural,45-49,182532,94919,87613,883,628,255,173217,92075,81142,8154,2124,6030,227,81,146,51,11,40,0,0,0
10,207,District - Madhubani (05),Rural,50-54,141293,75347,65946,664,419,245,129861,72078,57783,10544,2768,7776,181,73,108,43,9,34,0,0,0
10,207,District - Madhubani (05),Rural,55-59,121910,58374,63536,614,378,236,110215,54819,55396,10959,3139,7820,95,32,63,27,6,21,0,0,0
10,207,District - Madhubani (05),Rural,60-64,130816,66163,64653,1488,797,691,105788,59351,46437,23342,5949,17393,156,53,103,42,13,29,0,0,0
10,207,District - Madhubani (05),Rural,65-69,90414,47860,42554,1360,749,611,66637,40728,25909,22313,6335,15978,83,44,39,21,4,17,0,0,0
10,207,District - Madhubani (05),Rural,70-74,55761,30339,25422,824,446,378,34556,23951,10605,20315,5912,14403,44,25,19,22,5,17,0,0,0
10,207,District - Madhubani (05),Rural,75-79,23060,12250,10810,417,244,173,13571,8857,4714,9040,3131,5909,25,17,8,7,1,6,0,0,0
10,207,District - Madhubani (05),Rural,80+,26756,13584,13172,2055,1203,852,12562,8173,4389,12102,4185,7917,28,20,8,9,3,6,0,0,0
10,207,District - Madhubani (05),Rural,Age not stated,5522,3053,2469,3236,1990,1246,2082,989,1093,194,67,127,7,5,2,3,2,1,0,0,0
10,207,District - Madhubani (05),Rural,Less than 18,1971659,1032188,939471,1943146,1022700,920446,27330,8982,18348,726,278,448,414,208,206,43,20,23,0,0,0
10,207,District - Madhubani (05),Rural,Less than 21,2208803,1161550,1047253,2089978,1133230,956748,116871,27542,89329,1306,484,822,567,265,302,81,29,52,0,0,0
10,207,District - Madhubani (05),Urban,All ages,161495,85026,76469,84193,48056,36137,71865,35704,36161,5306,1224,4082,100,30,70,31,12,19,0,0,0
10,207,District - Madhubani (05),Urban,0-9,37702,19558,18144,37702,19558,18144,0,0,0,0,0,0,0,0,0,0,0,0,0,0,0
10,207,District - Madhubani (05),Urban,10-14,20381,10818,9563,20022,10660,9362,339,152,187,14,5,9,4,1,3,2,0,2,0,0,0
10,207,District - Madhubani (05),Urban,15-19,16117,8825,7292,14430,8499,5931,1660,317,1343,24,7,17,2,1,1,1,1,0,0,0,0
10,207,District - Madhubani (05),Urban,20-24,14082,7636,6446,7515,5607,1908,6512,2021,4491,47,6,41,7,2,5,1,0,1,0,0,0
10,207,District - Madhubani (05),Urban,25-29,12541,6466,6075,2921,2481,440,9540,3965,5575,71,17,54,7,2,5,2,1,1,0,0,0
10,207,District - Madhubani (05),Urban,30-34,11542,5865,5677,825,713,112,10575,5114,5461,118,33,85,17,4,13,7,1,6,0,0,0
10,207,District - Madhubani (05),Urban,35-39,10773,5633,5140,233,189,44,10266,5396,4870,257,42,215,11,3,8,6,3,3,0,0,0
10,207,District - Madhubani (05),Urban,40-44,8734,4588,4146,106,86,20,8331,4442,3889,283,54,229,9,2,7,5,4,1,0,0,0
10,207,District - Madhubani (05),Urban,45-49,7655,4008,3647,53,41,12,7219,3909,3310,373,57,316,8,1,7,2,0,2,0,0,0
10,207,District - Madhubani (05),Urban,50-54,5983,3252,2731,38,31,7,5431,3130,2301,500,86,414,13,4,9,1,1,0,0,0,0
10,207,District - Madhubani (05),Urban,55-59,4830,2505,2325,34,24,10,4285,2361,1924,502,115,387,6,4,2,3,1,2,0,0,0
10,207,District - Madhubani (05),Urban,60-64,4587,2404,2183,69,34,35,3651,2188,1463,860,181,679,6,1,5,1,0,1,0,0,0
10,207,District - Madhubani (05),Urban,65-69,2981,1595,1386,61,25,36,2165,1384,781,751,183,568,4,3,1,0,0,0,0,0,0
10,207,District - Madhubani (05),Urban,70-74,1795,973,822,37,16,21,1078,779,299,675,176,499,5,2,3,0,0,0,0,0,0
10,207,District - Madhubani (05),Urban,75-79,753,400,353,10,5,5,409,282,127,334,113,221,0,0,0,0,0,0,0,0,0
10,207,District - Madhubani (05),Urban,80+,960,446,514,97,57,40,366,240,126,496,149,347,1,0,1,0,0,0,0,0,0
10,207,District - Madhubani (05),Urban,Age not stated,79,54,25,40,30,10,38,24,14,1,0,1,0,0,0,0,0,0,0,0,0
10,207,District - Madhubani (05),Urban,Less than 18,67840,35655,32185,66941,35344,31597,857,297,560,33,11,22,6,2,4,3,1,2,0,0,0
10,207,District - Madhubani (05),Urban,Less than 21,78168,41292,36876,74621,40493,34128,3479,782,2697,56,14,42,8,2,6,4,1,3,0,0,0
10,208,District - Supaul (06),Total,All ages,2229076,1155283,1073793,1149475,634423,515052,1016682,501797,514885,60661,18372,42289,1808,593,1215,450,98,352,0,0,0
10,208,District - Supaul (06),Total,0-9,639348,327666,311682,639348,327666,311682,0,0,0,0,0,0,0,0,0,0,0,0,0,0,0
10,208,District - Supaul (06),Total,10-14,304876,161182,143694,298960,159034,139926,5590,2004,3586,167,66,101,140,68,72,19,10,9,0,0,0
10,208,District - Supaul (06),Total,15-19,175255,100021,75234,146524,94910,51614,28315,4961,23354,282,92,190,114,56,58,20,2,18,0,0,0
10,208,District - Supaul (06),Total,20-24,164616,79092,85524,42610,35532,7078,121198,43286,77912,597,215,382,177,52,125,34,7,27,0,0,0
10,208,District - Supaul (06),Total,25-29,169343,83904,85439,11614,10127,1487,156422,73370,83052,996,322,674,241,70,171,70,15,55,0,0,0
10,208,District - Supaul (06),Total,30-34,154490,76857,77633,3217,2639,578,149351,73708,75643,1640,431,1209,212,65,147,70,14,56,0,0,0
10,208,District - Supaul (06),Total,35-39,140022,73480,66542,1107,821,286,136307,72003,64304,2334,574,1760,223,69,154,51,13,38,0,0,0
10,208,District - Supaul (06),Total,40-44,108571,57474,51097,543,390,153,104606,56236,48370,3166,782,2384,196,57,139,60,9,51,0,0,0
10,208,District - Supaul (06),Total,45-49,91937,48186,43751,379,266,113,87587,46882,40705,3796,995,2801,134,37,97,41,6,35,0,0,0
10,208,District - Supaul (06),Total,50-54,70308,37907,32401,308,190,118,65042,36308,28734,4821,1378,3443,109,24,85,28,7,21,0,0,0
10,208,District - Supaul (06),Total,55-59,59465,29428,30037,281,181,100,54193,27682,26511,4904,1538,3366,68,22,46,19,5,14,0,0,0
10,208,District - Supaul (06),Total,60-64,58597,30412,28185,771,393,378,48062,27304,20758,9656,2687,6969,93,26,67,15,2,13,0,0,0
10,208,District - Supaul (06),Total,65-69,41234,22069,19165,626,373,253,30969,18840,12129,9584,2836,6748,47,18,29,8,2,6,0,0,0
10,208,District - Supaul (06),Total,70-74,24608,13663,10945,373,199,174,15593,10728,4865,8611,2721,5890,24,13,11,7,2,5,0,0,0
10,208,District - Supaul (06),Total,75-79,10433,5548,4885,177,98,79,6274,4039,2235,3969,1403,2566,10,7,3,3,1,2,0,0,0
10,208,District - Supaul (06),Total,80+,12965,6738,6227,890,531,359,6005,3892,2113,6050,2306,3744,16,7,9,4,2,2,0,0,0
10,208,District - Supaul (06),Total,Age not stated,3008,1656,1352,1747,1073,674,1168,554,614,88,26,62,4,2,2,1,1,0,0,0,0
10,208,District - Supaul (06),Total,Less than 18,1051983,551562,500421,1038659,547347,491312,12734,3966,8768,354,132,222,208,105,103,28,12,16,0,0,0
10,208,District - Supaul (06),Total,Less than 21,1159331,606925,552406,1100348,594201,506147,58035,12366,45669,604,204,400,299,141,158,45,13,32,0,0,0
10,208,District - Supaul (06),Rural,All ages,2123518,1099495,1024023,1094881,603360,491521,969228,477929,491299,57286,17563,39723,1691,550,1141,432,93,339,0,0,0
10,208,District - Supaul (06),Rural,0-9,613579,314324,299255,613579,314324,299255,0,0,0,0,0,0,0,0,0,0,0,0,0,0,0
10,208,District - Supaul (06),Rural,10-14,290971,153867,137104,285253,151778,133475,5412,1954,3458,157,64,93,131,61,70,18,10,8,0,0,0
10,208,District - Supaul (06),Rural,15-19,165546,94541,71005,137933,89611,48322,27209,4781,22428,273,92,181,112,55,57,19,2,17,0,0,0
10,208,District - Supaul (06),Rural,20-24,155676,74432,81244,38454,32372,6082,116467,41800,74667,562,204,358,159,49,110,34,7,27,0,0,0
10,208,District - Supaul (06),Rural,25-29,160981,79564,81417,10009,8740,1269,149734,70441,79293,946,307,639,223,62,161,69,14,55,0,0,0
10,208,District - Supaul (06),Rural,30-34,147017,72986,74031,2795,2270,525,142418,70229,72189,1540,412,1128,197,61,136,67,14,53,0,0,0
10,208,District - Supaul (06),Rural,35-39,133094,69836,63258,997,731,266,129641,68484,61157,2198,547,1651,209,62,147,49,12,37,0,0,0
10,208,District - Supaul (06),Rural,40-44,102859,54331,48528,502,354,148,99144,53172,45972,2975,745,2230,183,53,130,55,7,48,0,0,0
10,208,District - Supaul (06),Rural,45-49,87051,45613,41438,356,247,109,83000,44387,38613,3532,939,2593,123,34,89,40,6,34,0,0,0
10,208,District - Supaul (06),Rural,50-54,66446,35822,30624,294,178,116,61530,34305,27225,4497,1311,3186,98,21,77,27,7,20,0,0,0
10,208,District - Supaul (06),Rural,55-59,56175,27672,28503,272,176,96,51225,26007,25218,4597,1466,3131,64,19,45,17,4,13,0,0,0
10,208,District - Supaul (06),Rural,60-64,55864,28935,26929,748,379,369,45894,25954,19940,9115,2574,6541,92,26,66,15,2,13,0,0,0
10,208,District - Supaul (06),Rural,65-69,39441,21109,18332,603,357,246,29668,18011,11657,9116,2721,6395,46,18,28,8,2,6,0,0,0
10,208,District - Supaul (06),Rural,70-74,23484,13068,10416,359,192,167,14958,10266,4692,8136,2595,5541,24,13,11,7,2,5,0,0,0
10,208,District - Supaul (06),Rural,75-79,9957,5293,4664,171,94,77,5987,3845,2142,3787,1346,2441,10,7,3,2,1,1,0,0,0
10,208,District - Supaul (06),Rural,80+,12444,6487,5957,861,519,342,5795,3745,2050,5768,2214,3554,16,7,9,4,2,2,0,0,0
10,208,District - Supaul (06),Rural,Age not stated,2933,1615,1318,1695,1038,657,1146,548,598,87,26,61,4,2,2,1,1,0,0,0,0
10,208,District - Supaul (06),Rural,Less than 18,1006469,527576,478893,993645,523501,470144,12261,3835,8426,338,130,208,198,98,100,27,12,15,0,0,0
10,208,District - Supaul (06),Rural,Less than 21,1107595,579639,527956,1050985,567349,483636,55710,11946,43764,573,199,374,284,132,152,43,13,30,0,0,0
10,208,District - Supaul (06),Urban,All ages,105558,55788,49770,54594,31063,23531,47454,23868,23586,3375,809,2566,117,43,74,18,5,13,0,0,0
10,208,District - Supaul (06),Urban,0-9,25769,13342,12427,25769,13342,12427,0,0,0,0,0,0,0,0,0,0,0,0,0,0,0
10,208,District - Supaul (06),Urban,10-14,13905,7315,6590,13707,7256,6451,178,50,128,10,2,8,9,7,2,1,0,1,0,0,0
10,208,District - Supaul (06),Urban,15-19,9709,5480,4229,8591,5299,3292,1106,180,926,9,0,9,2,1,1,1,0,1,0,0,0
10,208,District - Supaul (06),Urban,20-24,8940,4660,4280,4156,3160,996,4731,1486,3245,35,11,24,18,3,15,0,0,0,0,0,0
10,208,District - Supaul (06),Urban,25-29,8362,4340,4022,1605,1387,218,6688,2929,3759,50,15,35,18,8,10,1,1,0,0,0,0
10,208,District - Supaul (06),Urban,30-34,7473,3871,3602,422,369,53,6933,3479,3454,100,19,81,15,4,11,3,0,3,0,0,0
10,208,District - Supaul (06),Urban,35-39,6928,3644,3284,110,90,20,6666,3519,3147,136,27,109,14,7,7,2,1,1,0,0,0
10,208,District - Supaul (06),Urban,40-44,5712,3143,2569,41,36,5,5462,3064,2398,191,37,154,13,4,9,5,2,3,0,0,0
10,208,District - Supaul (06),Urban,45-49,4886,2573,2313,23,19,4,4587,2495,2092,264,56,208,11,3,8,1,0,1,0,0,0
10,208,District - Supaul (06),Urban,50-54,3862,2085,1777,14,12,2,3512,2003,1509,324,67,257,11,3,8,1,0,1,0,0,0
10,208,District - Supaul (06),Urban,55-59,3290,1756,1534,9,5,4,2968,1675,1293,307,72,235,4,3,1,2,1,1,0,0,0
10,208,District - Supaul (06),Urban,60-64,2733,1477,1256,23,14,9,2168,1350,818,541,113,428,1,0,1,0,0,0,0,0,0
10,208,District - Supaul (06),Urban,65-69,1793,960,833,23,16,7,1301,829,472,468,115,353,1,0,1,0,0,0,0,0,0
10,208,District - Supaul (06),Urban,70-74,1124,595,529,14,7,7,635,462,173,475,126,349,0,0,0,0,0,0,0,0,0
10,208,District - Supaul (06),Urban,75-79,476,255,221,6,4,2,287,194,93,182,57,125,0,0,0,1,0,1,0,0,0
10,208,District - Supaul (06),Urban,80+,521,251,270,29,12,17,210,147,63,282,92,190,0,0,0,0,0,0,0,0,0
10,208,District - Supaul (06),Urban,Age not stated,75,41,34,52,35,17,22,6,16,1,0,1,0,0,0,0,0,0,0,0,0
10,208,District - Supaul (06),Urban,Less than 18,45514,23986,21528,45014,23846,21168,473,131,342,16,2,14,10,7,3,1,0,1,0,0,0
10,208,District - Supaul (06),Urban,Less than 21,51736,27286,24450,49363,26852,22511,2325,420,1905,31,5,26,15,9,6,2,0,2,0,0,0
10,209,District - Araria (07),Total,All ages,2811569,1463333,1348236,1518478,841292,677186,1215404,602144,613260,74206,19102,55104,2573,663,1910,908,132,776,0,0,0
10,209,District - Araria (07),Total,0-9,833000,425914,407086,833000,425914,407086,0,0,0,0,0,0,0,0,0,0,0,0,0,0,0
10,209,District - Araria (07),Total,10-14,384787,201419,183368,376717,198198,178519,7672,3042,4630,220,91,129,158,79,79,20,9,11,0,0,0
10,209,District - Araria (07),Total,15-19,242051,137282,104769,204837,130719,74118,36606,6357,30249,398,139,259,169,62,107,41,5,36,0,0,0
10,209,District - Araria (07),Total,20-24,208174,105196,102978,71050,59909,11141,135864,44951,90913,840,257,583,298,67,231,122,12,110,0,0,0
10,209,District - Araria (07),Total,25-29,204931,102392,102539,19645,17366,2279,183181,84567,98614,1558,353,1205,360,81,279,187,25,162,0,0,0
10,209,District - Araria (07),Total,30-34,185551,91592,93959,4779,3917,862,177694,87081,90613,2578,518,2060,370,61,309,130,15,115,0,0,0
10,209,District - Araria (07),Total,35-39,174334,90574,83760,1777,1304,473,168485,88528,79957,3604,649,2955,351,78,273,117,15,102,0,0,0
10,209,District - Araria (07),Total,40-44,137862,73353,64509,856,590,266,131909,71780,60129,4737,907,3830,276,64,212,84,12,72,0,0,0
10,209,District - Araria (07),Total,45-49,114265,60601,53664,539,359,180,107917,59066,48851,5541,1118,4423,197,47,150,71,11,60,0,0,0
10,209,District - Araria (07),Total,50-54,86580,47209,39371,388,232,156,79295,45551,33744,6717,1385,5332,135,31,104,45,10,35,0,0,0
10,209,District - Araria (07),Total,55-59,68922,33965,34957,349,219,130,62151,32184,29967,6313,1538,4775,85,19,66,24,5,19,0,0,0
10,209,District - Araria (07),Total,60-64,69851,36761,33090,734,354,380,56823,33626,23197,12179,2752,9427,81,23,58,34,6,28,0,0,0
10,209,District - Araria (07),Total,65-69,47840,26184,21656,721,384,337,35585,22748,12837,11476,3030,8446,40,19,21,18,3,15,0,0,0
10,209,District - Araria (07),Total,70-74,28012,16404,11608,366,183,183,18252,13275,4977,9363,2933,6430,23,11,12,8,2,6,0,0,0
10,209,District - Araria (07),Total,75-79,10398,5935,4463,188,103,85,6556,4473,2083,3639,1350,2289,10,7,3,5,2,3,0,0,0
10,209,District - Araria (07),Total,80+,12488,7096,5392,1066,632,434,6425,4394,2031,4980,2060,2920,15,10,5,2,0,2,0,0,0
10,209,District - Araria (07),Total,Age not stated,2523,1456,1067,1466,909,557,989,521,468,63,22,41,5,4,1,0,0,0,0,0,0
10,209,District - Araria (07),Total,Less than 18,1364567,711274,653293,1346349,705014,641335,17507,5962,11545,440,174,266,240,111,129,31,13,18,0,0,0
10,209,District - Araria (07),Total,Less than 21,1517897,792611,725286,1441326,776650,664676,75279,15494,59785,813,293,520,392,158,234,87,16,71,0,0,0
10,209,District - Araria (07),Rural,All ages,2642792,1374254,1268538,1429001,790801,638200,1141629,564951,576678,68982,17786,51196,2340,603,1737,840,113,727,0,0,0
10,209,District - Araria (07),Rural,0-9,791974,404820,387154,791974,404820,387154,0,0,0,0,0,0,0,0,0,0,0,0,0,0,0
10,209,District - Araria (07),Rural,10-14,362975,189987,172988,355323,186938,168385,7273,2880,4393,211,87,124,149,73,76,19,9,10,0,0,0
10,209,District - Araria (07),Rural,15-19,225289,128277,97012,190007,122079,67928,34720,6004,28716,367,131,236,156,58,98,39,5,34,0,0,0
10,209,District - Araria (07),Rural,20-24,193564,97480,96084,63457,54229,9228,128924,42939,85985,792,237,555,277,63,214,114,12,102,0,0,0
10,209,District - Araria (07),Rural,25-29,191512,95473,96039,16671,14863,1808,172889,80183,92706,1452,332,1120,330,75,255,170,20,150,0,0,0
10,209,District - Araria (07),Rural,30-34,173795,85539,88256,3945,3193,752,166993,81796,85197,2409,485,1924,331,54,277,117,11,106,0,0,0
10,209,District - Araria (07),Rural,35-39,163119,84670,78449,1504,1077,427,157854,82924,74930,3343,591,2752,307,67,240,111,11,100,0,0,0
10,209,District - Araria (07),Rural,40-44,128723,68296,60427,756,512,244,123210,66865,56345,4427,851,3576,254,57,197,76,11,65,0,0,0
10,209,District - Araria (07),Rural,45-49,106524,56416,50108,454,301,153,100686,55016,45670,5143,1049,4094,175,42,133,66,8,58,0,0,0
10,209,District - Araria (07),Rural,50-54,80701,43936,36765,335,196,139,73984,42423,31561,6220,1283,4937,121,26,95,41,8,33,0,0,0
10,209,District - Araria (07),Rural,55-59,64176,31477,32699,308,193,115,57962,29841,28121,5806,1421,4385,77,17,60,23,5,18,0,0,0
10,209,District - Araria (07),Rural,60-64,65505,34368,31137,670,319,351,53364,31463,21901,11362,2558,8804,76,22,54,33,6,27,0,0,0
10,209,District - Araria (07),Rural,65-69,44849,24511,20338,671,356,315,33398,21292,12106,10726,2841,7885,37,19,18,17,3,14,0,0,0
10,209,District - Araria (07),Rural,70-74,26307,15423,10884,340,167,173,17196,12493,4703,8742,2751,5991,21,10,11,8,2,6,0,0,0
10,209,District - Araria (07),Rural,75-79,9695,5539,4156,171,98,73,6147,4185,1962,3364,1248,2116,9,6,3,4,2,2,0,0,0
10,209,District - Araria (07),Rural,80+,11661,6658,5003,1013,598,415,6073,4149,1924,4558,1901,2657,15,10,5,2,0,2,0,0,0
10,209,District - Araria (07),Rural,Age not stated,2423,1384,1039,1402,862,540,956,498,458,60,20,40,5,4,1,0,0,0,0,0,0
10,209,District - Araria (07),Rural,Less than 18,1291757,673487,618270,1274605,667569,607036,16486,5637,10849,412,164,248,224,104,120,30,13,17,0,0,0
10,209,District - Araria (07),Rural,Less than 21,1434279,749068,685211,1361691,733958,627733,71385,14670,56715,759,277,482,363,147,216,81,16,65,0,0,0
10,209,District - Araria (07),Urban,All ages,168777,89079,79698,89477,50491,38986,73775,37193,36582,5224,1316,3908,233,60,173,68,19,49,0,0,0
10,209,District - Araria (07),Urban,0-9,41026,21094,19932,41026,21094,19932,0,0,0,0,0,0,0,0,0,0,0,0,0,0,0
10,209,District - Araria (07),Urban,10-14,21812,11432,10380,21394,11260,10134,399,162,237,9,4,5,9,6,3,1,0,1,0,0,0
10,209,District - Araria (07),Urban,15-19,16762,9005,7757,14830,8640,6190,1886,353,1533,31,8,23,13,4,9,2,0,2,0,0,0
10,209,District - Araria (07),Urban,20-24,14610,7716,6894,7593,5680,1913,6940,2012,4928,48,20,28,21,4,17,8,0,8,0,0,0
10,209,District - Araria (07),Urban,25-29,13419,6919,6500,2974,2503,471,10292,4384,5908,106,21,85,30,6,24,17,5,12,0,0,0
10,209,District - Araria (07),Urban,30-34,11756,6053,5703,834,724,110,10701,5285,5416,169,33,136,39,7,32,13,4,9,0,0,0
10,209,District - Araria (07),Urban,35-39,11215,5904,5311,273,227,46,10631,5604,5027,261,58,203,44,11,33,6,4,2,0,0,0
10,209,District - Araria (07),Urban,40-44,9139,5057,4082,100,78,22,8699,4915,3784,310,56,254,22,7,15,8,1,7,0,0,0
10,209,District - Araria (07),Urban,45-49,7741,4185,3556,85,58,27,7231,4050,3181,398,69,329,22,5,17,5,3,2,0,0,0
10,209,District - Araria (07),Urban,50-54,5879,3273,2606,53,36,17,5311,3128,2183,497,102,395,14,5,9,4,2,2,0,0,0
10,209,District - Araria (07),Urban,55-59,4746,2488,2258,41,26,15,4189,2343,1846,507,117,390,8,2,6,1,0,1,0,0,0
10,209,District - Araria (07),Urban,60-64,4346,2393,1953,64,35,29,3459,2163,1296,817,194,623,5,1,4,1,0,1,0,0,0
10,209,District - Araria (07),Urban,65-69,2991,1673,1318,50,28,22,2187,1456,731,750,189,561,3,0,3,1,0,1,0,0,0
10,209,District - Araria (07),Urban,70-74,1705,981,724,26,16,10,1056,782,274,621,182,439,2,1,1,0,0,0,0,0,0
10,209,District - Araria (07),Urban,75-79,703,396,307,17,5,12,409,288,121,275,102,173,1,1,0,1,0,1,0,0,0
10,209,District - Araria (07),Urban,80+,827,438,389,53,34,19,352,245,107,422,159,263,0,0,0,0,0,0,0,0,0
10,209,District - Araria (07),Urban,Age not stated,100,72,28,64,47,17,33,23,10,3,2,1,0,0,0,0,0,0,0,0,0
10,209,District - Araria (07),Urban,Less than 18,72810,37787,35023,71744,37445,34299,1021,325,696,28,10,18,16,7,9,1,0,1,0,0,0
10,209,District - Araria (07),Urban,Less than 21,83618,43543,40075,79635,42692,36943,3894,824,3070,54,16,38,29,11,18,6,0,6,0,0,0
10,210,District - Kishanganj (08),Total,All ages,1690400,866970,823430,982427,534957,447470,650633,321384,329249,54996,10161,44835,1582,368,1214,762,100,662,0,0,0
10,210,District - Kishanganj (08),Total,0-9,495924,251545,244379,495924,251545,244379,0,0,0,0,0,0,0,0,0,0,0,0,0,0,0
10,210,District - Kishanganj (08),Total,10-14,235574,119952,115622,232053,118604,113449,3313,1261,2052,118,41,77,83,43,40,7,3,4,0,0,0
10,210,District - Kishanganj (08),Total,15-19,164326,86245,78081,150441,83579,66862,13517,2542,10975,258,90,168,93,32,61,17,2,15,0,0,0
10,210,District - Kishanganj (08),Total,20-24,126113,66333,59780,66705,50587,16118,58721,15567,43154,461,133,328,147,36,111,79,10,69,0,0,0
10,210,District - Kishanganj (08),Total,25-29,117678,58917,58761,23868,20700,3168,92544,37930,54614,960,226,734,198,44,154,108,17,91,0,0,0
10,210,District - Kishanganj (08),Total,30-34,102972,50634,52338,6491,5486,1005,94502,44792,49710,1607,296,1311,230,40,190,142,20,122,0,0,0
10,210,District - Kishanganj (08),Total,35-39,101549,50895,50654,2042,1536,506,96747,48910,47837,2458,396,2062,196,40,156,106,13,93,0,0,0
10,210,District - Kishanganj (08),Total,40-44,85148,44386,40762,883,605,278,80174,43233,36941,3787,502,3285,205,39,166,99,7,92,0,0,0
10,210,District - Kishanganj (08),Total,45-49,71445,37834,33611,473,306,167,66189,36833,29356,4576,657,3919,140,31,109,67,7,60,0,0,0
10,210,District - Kishanganj (08),Total,50-54,54157,29541,24616,378,234,144,47991,28398,19593,5653,891,4762,88,13,75,47,5,42,0,0,0
10,210,District - Kishanganj (08),Total,55-59,39926,20595,19331,275,179,96,34543,19603,14940,5016,796,4220,72,14,58,20,3,17,0,0,0
10,210,District - Kishanganj (08),Total,60-64,39444,20485,18959,667,326,341,29105,18588,10517,9581,1556,8025,62,11,51,29,4,25,0,0,0
10,210,District - Kishanganj (08),Total,65-69,26147,13627,12520,551,292,259,17114,11793,5321,8427,1531,6896,33,8,25,22,3,19,0,0,0
10,210,District - Kishanganj (08),Total,70-74,15764,8450,7314,222,112,110,9067,6906,2161,6448,1420,5028,19,10,9,8,2,6,0,0,0
10,210,District - Kishanganj (08),Total,75-79,5657,2956,2701,89,46,43,3248,2303,945,2309,603,1706,8,3,5,3,1,2,0,0,0
10,210,District - Kishanganj (08),Total,80+,7352,3874,3478,558,324,234,3480,2528,952,3302,1015,2287,6,4,2,6,3,3,0,0,0
10,210,District - Kishanganj (08),Total,Age not stated,1224,701,523,807,496,311,378,197,181,35,8,27,2,0,2,2,0,2,0,0,0
10,210,District - Kishanganj (08),Total,Less than 18,833006,423945,409061,824976,421288,403688,7592,2495,5097,289,94,195,135,63,72,14,5,9,0,0,0
10,210,District - Kishanganj (08),Total,Less than 21,936067,478723,457344,904789,472355,432434,30518,6114,24404,507,161,346,211,87,124,42,6,36,0,0,0
10,210,District - Kishanganj (08),Rural,All ages,1529277,783318,745959,895317,486589,408728,582801,287376,295425,49118,8949,40169,1375,317,1058,666,87,579,0,0,0
10,210,District - Kishanganj (08),Rural,0-9,457027,231811,225216,457027,231811,225216,0,0,0,0,0,0,0,0,0,0,0,0,0,0,0
10,210,District - Kishanganj (08),Rural,10-14,215199,109635,105564,212082,108442,103640,2925,1114,1811,105,34,71,80,42,38,7,3,4,0,0,0
10,210,District - Kishanganj (08),Rural,15-19,147569,77331,70238,135213,75001,60212,12031,2223,9808,223,74,149,87,31,56,15,2,13,0,0,0
10,210,District - Kishanganj (08),Rural,20-24,112378,59208,53170,59045,45032,14013,52760,14021,38739,387,115,272,120,32,88,66,8,58,0,0,0
10,210,District - Kishanganj (08),Rural,25-29,105098,52586,52512,20661,18020,2641,83333,34316,49017,837,197,640,172,39,133,95,14,81,0,0,0
10,210,District - Kishanganj (08),Rural,30-34,92062,45116,46946,5452,4610,842,84852,40188,44664,1440,266,1174,195,34,161,123,18,105,0,0,0
10,210,District - Kishanganj (08),Rural,35-39,90910,45397,45513,1661,1222,439,86811,43787,43024,2179,345,1834,163,32,131,96,11,85,0,0,0
10,210,District - Kishanganj (08),Rural,40-44,76244,39611,36633,718,480,238,71878,38648,33230,3378,442,2936,182,34,148,88,7,81,0,0,0
10,210,District - Kishanganj (08),Rural,45-49,63878,33775,30103,364,230,134,59249,32946,26303,4090,570,3520,121,24,97,54,5,49,0,0,0
10,210,District - Kishanganj (08),Rural,50-54,48025,26135,21890,311,195,116,42590,25160,17430,5014,768,4246,74,8,66,36,4,32,0,0,0
10,210,District - Kishanganj (08),Rural,55-59,35505,18159,17346,225,145,80,30743,17292,13451,4451,706,3745,67,13,54,19,3,16,0,0,0
10,210,District - Kishanganj (08),Rural,60-64,35320,18237,17083,602,290,312,25972,16555,9417,8662,1379,7283,57,9,48,27,4,23,0,0,0
10,210,District - Kishanganj (08),Rural,65-69,23562,12204,11358,500,259,241,15322,10559,4763,7691,1378,6313,28,6,22,21,2,19,0,0,0
10,210,District - Kishanganj (08),Rural,70-74,13978,7454,6524,188,95,93,8005,6083,1922,5761,1267,4494,16,7,9,8,2,6,0,0,0
10,210,District - Kishanganj (08),Rural,75-79,4999,2604,2395,68,36,32,2900,2044,856,2023,521,1502,5,2,3,3,1,2,0,0,0
10,210,District - Kishanganj (08),Rural,80+,6451,3428,3023,482,276,206,3110,2266,844,2847,879,1968,6,4,2,6,3,3,0,0,0
10,210,District - Kishanganj (08),Rural,Age not stated,1072,627,445,718,445,273,320,174,146,30,8,22,2,0,2,2,0,2,0,0,0
10,210,District - Kishanganj (08),Rural,Less than 18,763571,388543,375028,756488,386204,370284,6691,2196,4495,252,77,175,127,61,66,13,5,8,0,0,0
10,210,District - Kishanganj (08),Rural,Less than 21,856128,437767,418361,828174,432156,396018,27285,5387,21898,435,134,301,195,84,111,39,6,33,0,0,0
10,210,District - Kishanganj (08),Urban,All ages,161123,83652,77471,87110,48368,38742,67832,34008,33824,5878,1212,4666,207,51,156,96,13,83,0,0,0
10,210,District - Kishanganj (08),Urban,0-9,38897,19734,19163,38897,19734,19163,0,0,0,0,0,0,0,0,0,0,0,0,0,0,0
10,210,District - Kishanganj (08),Urban,10-14,20375,10317,10058,19971,10162,9809,388,147,241,13,7,6,3,1,2,0,0,0,0,0,0
10,210,District - Kishanganj (08),Urban,15-19,16757,8914,7843,15228,8578,6650,1486,319,1167,35,16,19,6,1,5,2,0,2,0,0,0
10,210,District - Kishanganj (08),Urban,20-24,13735,7125,6610,7660,5555,2105,5961,1546,4415,74,18,56,27,4,23,13,2,11,0,0,0
10,210,District - Kishanganj (08),Urban,25-29,12580,6331,6249,3207,2680,527,9211,3614,5597,123,29,94,26,5,21,13,3,10,0,0,0
10,210,District - Kishanganj (08),Urban,30-34,10910,5518,5392,1039,876,163,9650,4604,5046,167,30,137,35,6,29,19,2,17,0,0,0
10,210,District - Kishanganj (08),Urban,35-39,10639,5498,5141,381,314,67,9936,5123,4813,279,51,228,33,8,25,10,2,8,0,0,0
10,210,District - Kishanganj (08),Urban,40-44,8904,4775,4129,165,125,40,8296,4585,3711,409,60,349,23,5,18,11,0,11,0,0,0
10,210,District - Kishanganj (08),Urban,45-49,7567,4059,3508,109,76,33,6940,3887,3053,486,87,399,19,7,12,13,2,11,0,0,0
10,210,District - Kishanganj (08),Urban,50-54,6132,3406,2726,67,39,28,5401,3238,2163,639,123,516,14,5,9,11,1,10,0,0,0
10,210,District - Kishanganj (08),Urban,55-59,4421,2436,1985,50,34,16,3800,2311,1489,565,90,475,5,1,4,1,0,1,0,0,0
10,210,District - Kishanganj (08),Urban,60-64,4124,2248,1876,65,36,29,3133,2033,1100,919,177,742,5,2,3,2,0,2,0,0,0
10,210,District - Kishanganj (08),Urban,65-69,2585,1423,1162,51,33,18,1792,1234,558,736,153,583,5,2,3,1,1,0,0,0,0
10,210,District - Kishanganj (08),Urban,70-74,1786,996,790,34,17,17,1062,823,239,687,153,534,3,3,0,0,0,0,0,0,0
10,210,District - Kishanganj (08),Urban,75-79,658,352,306,21,10,11,348,259,89,286,82,204,3,1,2,0,0,0,0,0,0
10,210,District - Kishanganj (08),Urban,80+,901,446,455,76,48,28,370,262,108,455,136,319,0,0,0,0,0,0,0,0,0
10,210,District - Kishanganj (08),Urban,Age not stated,152,74,78,89,51,38,58,23,35,5,0,5,0,0,0,0,0,0,0,0,0
10,210,District - Kishanganj (08),Urban,Less than 18,69435,35402,34033,68488,35084,33404,901,299,602,37,17,20,8,2,6,1,0,1,0,0,0
10,210,District - Kishanganj (08),Urban,Less than 21,79939,40956,38983,76615,40199,36416,3233,727,2506,72,27,45,16,3,13,3,0,3,0,0,0
10,211,District - Purnia (09),Total,All ages,3264619,1699370,1565249,1798466,997851,800615,1369205,676761,692444,92555,23635,68920,3256,916,2340,1137,207,930,0,0,0
10,211,District - Purnia (09),Total,0-9,941333,481852,459481,941333,481852,459481,0,0,0,0,0,0,0,0,0,0,0,0,0,0,0
10,211,District - Purnia (09),Total,10-14,439691,230529,209162,429786,226795,202991,9284,3477,5807,406,152,254,174,88,86,41,17,24,0,0,0
10,211,District - Purnia (09),Total,15-19,290647,161677,128970,251247,154448,96799,38531,6931,31600,643,223,420,178,66,112,48,9,39,0,0,0
10,211,District - Purnia (09),Total,20-24,250487,127770,122717,101511,80469,21042,147474,46924,100550,1025,274,751,353,77,276,124,26,98,0,0,0
10,211,District - Purnia (09),Total,25-29,233354,116778,116576,31794,27069,4725,199064,89188,109876,1854,399,1455,472,99,373,170,23,147,0,0,0
10,211,District - Purnia (09),Total,30-34,210625,105052,105573,8927,7256,1671,198032,97084,100948,2974,572,2402,501,109,392,191,31,160,0,0,0
10,211,District - Purnia (09),Total,35-39,196360,101605,94755,3102,2213,889,188233,98416,89817,4446,849,3597,422,104,318,157,23,134,0,0,0
10,211,District - Purnia (09),Total,40-44,158445,84082,74363,1521,1013,508,150384,81760,68624,6092,1201,4891,327,94,233,121,14,107,0,0,0
10,211,District - Purnia (09),Total,45-49,131126,69165,61961,914,551,363,122805,67049,55756,7058,1468,5590,267,80,187,82,17,65,0,0,0
10,211,District - Purnia (09),Total,50-54,100611,54938,45673,644,351,293,91034,52507,38527,8689,2012,6677,182,51,131,62,17,45,0,0,0
10,211,District - Purnia (09),Total,55-59,80476,40235,40241,584,312,272,71382,37832,33550,8357,2045,6312,117,39,78,36,7,29,0,0,0
10,211,District - Purnia (09),Total,60-64,80592,42415,38177,1196,565,631,63488,38193,25295,15763,3611,12152,104,39,65,41,7,34,0,0,0
10,211,District - Purnia (09),Total,65-69,53293,29349,23944,1128,552,576,38405,25154,13251,13666,3606,10060,73,34,39,21,3,18,0,0,0
10,211,District - Purnia (09),Total,70-74,30889,17955,12934,619,276,343,19474,14313,5161,10760,3350,7410,24,12,12,12,4,8,0,0,0
10,211,District - Purnia (09),Total,75-79,11268,6225,5043,348,162,186,6747,4595,2152,4163,1463,2700,10,5,5,0,0,0,0,0,0
10,211,District - Purnia (09),Total,80+,15563,8534,7029,1925,1158,767,8167,5283,2884,5448,2087,3361,13,5,8,10,1,9,0,0,0
10,211,District - Purnia (09),Total,Age not stated,39859,21209,18650,21887,12809,9078,16701,8055,8646,1211,323,888,39,14,25,21,8,13,0,0,0
10,211,District - Purnia (09),Total,Less than 18,1558273,812238,746035,1537364,804883,732481,19767,6907,12860,811,294,517,269,131,138,62,23,39,0,0,0
10,211,District - Purnia (09),Total,Less than 21,1742296,908268,834028,1659657,891359,768298,80753,16260,64493,1333,446,887,436,174,262,117,29,88,0,0,0
10,211,District - Purnia (09),Rural,All ages,2921614,1519522,1402092,1618977,896153,722824,1217557,601337,616220,81299,21034,60265,2775,817,1958,1006,181,825,0,0,0
10,211,District - Purnia (09),Rural,0-9,863865,442044,421821,863865,442044,421821,0,0,0,0,0,0,0,0,0,0,0,0,0,0,0
10,211,District - Purnia (09),Rural,10-14,397733,208576,189157,388814,205212,183602,8356,3131,5225,364,138,226,161,79,82,38,16,22,0,0,0
10,211,District - Purnia (09),Rural,15-19,257437,143686,113751,221775,137229,84546,34899,6191,28708,563,197,366,156,61,95,44,8,36,0,0,0
10,211,District - Purnia (09),Rural,20-24,220438,112192,108246,85139,68696,16443,133991,43145,90846,895,254,641,304,73,231,109,24,85,0,0,0
10,211,District - Purnia (09),Rural,25-29,205741,102797,102944,24761,21333,3428,178794,80990,97804,1642,365,1277,396,88,308,148,21,127,0,0,0
10,211,District - Purnia (09),Rural,30-34,186090,92568,93522,6613,5311,1302,176255,86637,89618,2632,498,2134,422,96,326,168,26,142,0,0,0
10,211,District - Purnia (09),Rural,35-39,173386,89655,83731,2318,1599,719,166711,87203,79508,3857,745,3112,357,88,269,143,20,123,0,0,0
10,211,District - Purnia (09),Rural,40-44,139582,73869,65713,1222,790,432,132629,71918,60711,5346,1063,4283,280,86,194,105,12,93,0,0,0
10,211,District - Purnia (09),Rural,45-49,115323,60634,54689,701,411,290,108170,58869,49301,6165,1275,4890,215,67,148,72,12,60,0,0,0
10,211,District - Purnia (09),Rural,50-54,88675,48305,40370,532,287,245,80353,46188,34165,7585,1773,5812,149,43,106,56,14,42,0,0,0
10,211,District - Purnia (09),Rural,55-59,70733,35116,35617,468,245,223,62850,33012,29838,7283,1818,5465,102,35,67,30,6,24,0,0,0
10,211,District - Purnia (09),Rural,60-64,71425,37553,33872,1014,474,540,56259,33800,22459,14024,3237,10787,90,35,55,38,7,31,0,0,0
10,211,District - Purnia (09),Rural,65-69,47326,26110,21216,957,463,494,34120,22343,11777,12164,3267,8897,67,34,33,18,3,15,0,0,0
10,211,District - Purnia (09),Rural,70-74,27270,15843,11427,510,230,280,17166,12576,4590,9562,3022,6540,22,11,11,10,4,6,0,0,0
10,211,District - Purnia (09),Rural,75-79,9729,5393,4336,267,122,145,5854,3967,1887,3600,1301,2299,8,3,5,0,0,0,0,0,0
10,211,District - Purnia (09),Rural,80+,13417,7415,6002,1637,980,657,7136,4612,2524,4622,1817,2805,13,5,8,9,1,8,0,0,0
10,211,District - Purnia (09),Rural,Age not stated,33444,17766,15678,18384,10727,7657,14014,6755,7259,995,264,731,33,13,20,18,7,11,0,0,0
10,211,District - Purnia (09),Rural,Less than 18,1418917,739647,679270,1400195,733053,667142,17705,6191,11514,714,262,452,245,119,126,58,22,36,0,0,0
10,211,District - Purnia (09),Rural,Less than 21,1581991,824645,757346,1506874,809379,697495,73438,14677,58761,1182,403,779,388,159,229,109,27,82,0,0,0
10,211,District - Purnia (09),Urban,All ages,343005,179848,163157,179489,101698,77791,151648,75424,76224,11256,2601,8655,481,99,382,131,26,105,0,0,0
10,211,District - Purnia (09),Urban,0-9,77468,39808,37660,77468,39808,37660,0,0,0,0,0,0,0,0,0,0,0,0,0,0,0
10,211,District - Purnia (09),Urban,10-14,41958,21953,20005,40972,21583,19389,928,346,582,42,14,28,13,9,4,3,1,2,0,0,0
10,211,District - Purnia (09),Urban,15-19,33210,17991,15219,29472,17219,12253,3632,740,2892,80,26,54,22,5,17,4,1,3,0,0,0
10,211,District - Purnia (09),Urban,20-24,30049,15578,14471,16372,11773,4599,13483,3779,9704,130,20,110,49,4,45,15,2,13,0,0,0
10,211,District - Purnia (09),Urban,25-29,27613,13981,13632,7033,5736,1297,20270,8198,12072,212,34,178,76,11,65,22,2,20,0,0,0
10,211,District - Purnia (09),Urban,30-34,24535,12484,12051,2314,1945,369,21777,10447,11330,342,74,268,79,13,66,23,5,18,0,0,0
10,211,District - Purnia (09),Urban,35-39,22974,11950,11024,784,614,170,21522,11213,10309,589,104,485,65,16,49,14,3,11,0,0,0
10,211,District - Purnia (09),Urban,40-44,18863,10213,8650,299,223,76,17755,9842,7913,746,138,608,47,8,39,16,2,14,0,0,0
10,211,District - Purnia (09),Urban,45-49,15803,8531,7272,213,140,73,14635,8180,6455,893,193,700,52,13,39,10,5,5,0,0,0
10,211,District - Purnia (09),Urban,50-54,11936,6633,5303,112,64,48,10681,6319,4362,1104,239,865,33,8,25,6,3,3,0,0,0
10,211,District - Purnia (09),Urban,55-59,9743,5119,4624,116,67,49,8532,4820,3712,1074,227,847,15,4,11,6,1,5,0,0,0
10,211,District - Purnia (09),Urban,60-64,9167,4862,4305,182,91,91,7229,4393,2836,1739,374,1365,14,4,10,3,0,3,0,0,0
10,211,District - Purnia (09),Urban,65-69,5967,3239,2728,171,89,82,4285,2811,1474,1502,339,1163,6,0,6,3,0,3,0,0,0
10,211,District - Purnia (09),Urban,70-74,3619,2112,1507,109,46,63,2308,1737,571,1198,328,870,2,1,1,2,0,2,0,0,0
10,211,District - Purnia (09),Urban,75-79,1539,832,707,81,40,41,893,628,265,563,162,401,2,2,0,0,0,0,0,0,0
10,211,District - Purnia (09),Urban,80+,2146,1119,1027,288,178,110,1031,671,360,826,270,556,0,0,0,1,0,1,0,0,0
10,211,District - Purnia (09),Urban,Age not stated,6415,3443,2972,3503,2082,1421,2687,1300,1387,216,59,157,6,1,5,3,1,2,0,0,0
10,211,District - Purnia (09),Urban,Less than 18,139356,72591,66765,137169,71830,65339,2062,716,1346,97,32,65,24,12,12,4,1,3,0,0,0
10,211,District - Purnia (09),Urban,Less than 21,160305,83623,76682,152783,81980,70803,7315,1583,5732,151,43,108,48,15,33,8,2,6,0,0,0
10,212,District - Katihar (10),Total,All ages,3071029,1600430,1470599,1693329,943353,749976,1278011,633840,644171,93956,21922,72034,4133,1079,3054,1600,236,1364,0,0,0
10,212,District - Katihar (10),Total,0-9,887301,452970,434331,887301,452970,434331,0,0,0,0,0,0,0,0,0,0,0,0,0,0,0
10,212,District - Katihar (10),Total,10-14,420901,218657,202244,412997,215612,197385,7452,2864,4588,260,92,168,177,84,93,15,5,10,0,0,0
10,212,District - Katihar (10),Total,15-19,278480,157249,121231,241048,150922,90126,36729,6104,30625,480,173,307,174,43,131,49,7,42,0,0,0
10,212,District - Katihar (10),Total,20-24,242945,127163,115782,99785,81820,17965,141443,44913,96530,1028,292,736,470,107,363,219,31,188,0,0,0
10,212,District - Katihar (10),Total,25-29,224575,114052,110523,31756,27525,4231,190099,85912,104187,1876,455,1421,589,125,464,255,35,220,0,0,0
10,212,District - Katihar (10),Total,30-34,197318,99018,98300,8551,7079,1472,185010,91174,93836,2928,616,2312,589,123,466,240,26,214,0,0,0
10,212,District - Katihar (10),Total,35-39,186608,96222,90386,3058,2238,820,178471,93057,85414,4298,780,3518,552,116,436,229,31,198,0,0,0
10,212,District - Katihar (10),Total,40-44,150829,80445,70384,1569,1061,508,142543,78059,64484,6057,1162,4895,485,142,343,175,21,154,0,0,0
10,212,District - Katihar (10),Total,45-49,125648,65988,59660,894,576,318,117270,63907,53363,6989,1385,5604,348,95,253,147,25,122,0,0,0
10,212,District - Katihar (10),Total,50-54,97414,53308,44106,603,346,257,87616,51060,36556,8857,1817,7040,246,63,183,92,22,70,0,0,0
10,212,District - Katihar (10),Total,55-59,75404,38440,36964,515,284,231,66325,36193,30132,8353,1902,6451,151,45,106,60,16,44,0,0,0
10,212,District - Katihar (10),Total,60-64,72711,37648,35063,1075,520,555,56007,33991,22016,15416,3082,12334,158,50,108,55,5,50,0,0,0
10,212,District - Katihar (10),Total,65-69,48971,25778,23193,883,471,412,34344,22075,12269,13625,3191,10434,89,37,52,30,4,26,0,0,0
10,212,District - Katihar (10),Total,70-74,31811,17409,14402,387,194,193,19303,14055,5248,12049,3131,8918,52,24,28,20,5,15,0,0,0
10,212,District - Katihar (10),Total,75-79,12040,6366,5674,131,76,55,7029,4778,2251,4848,1494,3354,26,16,10,6,2,4,0,0,0
10,212,District - Katihar (10),Total,80+,15132,8116,7016,997,595,402,7330,5190,2140,6779,2321,4458,20,9,11,6,1,5,0,0,0
10,212,District - Katihar (10),Total,Age not stated,2941,1601,1340,1779,1064,715,1040,508,532,113,29,84,7,0,7,2,0,2,0,0,0
10,212,District - Katihar (10),Total,Less than 18,1477247,767607,709640,1459432,761616,697816,16986,5681,11305,555,196,359,251,105,146,23,9,14,0,0,0
10,212,District - Katihar (10),Total,Less than 21,1656772,863940,792832,1578225,848696,729529,76952,14742,62210,1015,337,678,462,149,313,118,16,102,0,0,0
10,212,District - Katihar (10),Rural,All ages,2797207,1455744,1341463,1550257,861294,688963,1158131,573872,584259,83561,19366,64195,3767,1006,2761,1491,206,1285,0,0,0
10,212,District - Katihar (10),Rural,0-9,828436,422573,405863,828436,422573,405863,0,0,0,0,0,0,0,0,0,0,0,0,0,0,0
10,212,District - Katihar (10),Rural,10-14,388148,201637,186511,380848,198824,182024,6880,2640,4240,235,87,148,170,81,89,15,5,10,0,0,0
10,212,District - Katihar (10),Rural,15-19,250236,141953,108283,215438,136122,79316,34154,5629,28525,435,156,279,162,39,123,47,7,40,0,0,0
10,212,District - Katihar (10),Rural,20-24,217681,113590,104091,84712,70899,13813,131401,42293,89108,920,263,657,441,106,335,207,29,178,0,0,0
10,212,District - Katihar (10),Rural,25-29,201628,102191,99437,24947,21948,2999,174255,79680,94575,1673,414,1259,522,117,405,231,32,199,0,0,0
10,212,District - Katihar (10),Rural,30-34,177199,88619,88580,6315,5149,1166,167510,82799,84711,2636,535,2101,516,112,404,222,24,198,0,0,0
10,212,District - Katihar (10),Rural,35-39,167688,86234,81454,2219,1542,677,160969,83889,77080,3795,675,3120,494,104,390,211,24,187,0,0,0
10,212,District - Katihar (10),Rural,40-44,134965,71920,63045,1193,767,426,127756,69985,57771,5406,1022,4384,442,127,315,168,19,149,0,0,0
10,212,District - Katihar (10),Rural,45-49,112436,58905,53531,696,431,265,105109,57151,47958,6179,1212,4967,317,90,227,135,21,114,0,0,0
10,212,District - Katihar (10),Rural,50-54,86859,47343,39516,477,264,213,78239,45386,32853,7834,1618,6216,225,59,166,84,16,68,0,0,0
10,212,District - Katihar (10),Rural,55-59,67049,33886,33163,427,235,192,59144,31952,27192,7283,1647,5636,138,39,99,57,13,44,0,0,0
10,212,District - Katihar (10),Rural,60-64,65536,33919,31617,931,448,483,50557,30655,19902,13839,2763,11076,155,48,107,54,5,49,0,0,0
10,212,District - Katihar (10),Rural,65-69,44080,23114,20966,748,403,345,30945,19809,11136,12274,2862,9412,85,36,49,28,4,24,0,0,0
10,212,District - Katihar (10),Rural,70-74,28499,15574,12925,323,160,163,17365,12632,4733,10742,2754,7988,49,23,26,20,5,15,0,0,0
10,212,District - Katihar (10),Rural,75-79,10659,5598,5061,108,65,43,6289,4241,2048,4232,1275,2957,26,16,10,4,1,3,0,0,0
10,212,District - Katihar (10),Rural,80+,13568,7306,6262,874,529,345,6678,4706,1972,5990,2061,3929,20,9,11,6,1,5,0,0,0
10,212,District - Katihar (10),Rural,Age not stated,2540,1382,1158,1565,935,630,880,425,455,88,22,66,5,0,5,2,0,2,0,0,0
10,212,District - Katihar (10),Rural,Less than 18,1368921,711200,657721,1352526,705675,646851,15625,5230,10395,505,184,321,242,102,140,23,9,14,0,0,0
10,212,District - Katihar (10),Rural,Less than 21,1530320,797794,732526,1457140,783631,673509,71710,13699,58011,921,306,615,436,142,294,113,16,97,0,0,0
10,212,District - Katihar (10),Urban,All ages,273822,144686,129136,143072,82059,61013,119880,59968,59912,10395,2556,7839,366,73,293,109,30,79,0,0,0
10,212,District - Katihar (10),Urban,0-9,58865,30397,28468,58865,30397,28468,0,0,0,0,0,0,0,0,0,0,0,0,0,0,0
10,212,District - Katihar (10),Urban,10-14,32753,17020,15733,32149,16788,15361,572,224,348,25,5,20,7,3,4,0,0,0,0,0,0
10,212,District - Katihar (10),Urban,15-19,28244,15296,12948,25610,14800,10810,2575,475,2100,45,17,28,12,4,8,2,0,2,0,0,0
10,212,District - Katihar (10),Urban,20-24,25264,13573,11691,15073,10921,4152,10042,2620,7422,108,29,79,29,1,28,12,2,10,0,0,0
10,212,District - Katihar (10),Urban,25-29,22947,11861,11086,6809,5577,1232,15844,6232,9612,203,41,162,67,8,59,24,3,21,0,0,0
10,212,District - Katihar (10),Urban,30-34,20119,10399,9720,2236,1930,306,17500,8375,9125,292,81,211,73,11,62,18,2,16,0,0,0
10,212,District - Katihar (10),Urban,35-39,18920,9988,8932,839,696,143,17502,9168,8334,503,105,398,58,12,46,18,7,11,0,0,0
10,212,District - Katihar (10),Urban,40-44,15864,8525,7339,376,294,82,14787,8074,6713,651,140,511,43,15,28,7,2,5,0,0,0
10,212,District - Katihar (10),Urban,45-49,13212,7083,6129,198,145,53,12161,6756,5405,810,173,637,31,5,26,12,4,8,0,0,0
10,212,District - Katihar (10),Urban,50-54,10555,5965,4590,126,82,44,9377,5674,3703,1023,199,824,21,4,17,8,6,2,0,0,0
10,212,District - Katihar (10),Urban,55-59,8355,4554,3801,88,49,39,7181,4241,2940,1070,255,815,13,6,7,3,3,0,0,0,0
10,212,District - Katihar (10),Urban,60-64,7175,3729,3446,144,72,72,5450,3336,2114,1577,319,1258,3,2,1,1,0,1,0,0,0
10,212,District - Katihar (10),Urban,65-69,4891,2664,2227,135,68,67,3399,2266,1133,1351,329,1022,4,1,3,2,0,2,0,0,0
10,212,District - Katihar (10),Urban,70-74,3312,1835,1477,64,34,30,1938,1423,515,1307,377,930,3,1,2,0,0,0,0,0,0
10,212,District - Katihar (10),Urban,75-79,1381,768,613,23,11,12,740,537,203,616,219,397,0,0,0,2,1,1,0,0,0
10,212,District - Katihar (10),Urban,80+,1564,810,754,123,66,57,652,484,168,789,260,529,0,0,0,0,0,0,0,0,0
10,212,District - Katihar (10),Urban,Age not stated,401,219,182,214,129,85,160,83,77,25,7,18,2,0,2,0,0,0,0,0,0
10,212,District - Katihar (10),Urban,Less than 18,108326,56407,51919,106906,55941,50965,1361,451,910,50,12,38,9,3,6,0,0,0,0,0,0
10,212,District - Katihar (10),Urban,Less than 21,126452,66146,60306,121085,65065,56020,5242,1043,4199,94,31,63,26,7,19,5,0,5,0,0,0
10,213,District - Madhepura (11),Total,All ages,2001762,1047559,954203,1043138,582731,460407,901818,446322,455496,55246,17915,37331,1277,492,785,283,99,184,0,0,0
10,213,District - Madhepura (11),Total,0-9,585696,302688,283008,585696,302688,283008,0,0,0,0,0,0,0,0,0,0,0,0,0,0,0
10,213,District - Madhepura (11),Total,10-14,267793,143179,124614,261617,140812,120805,5856,2220,3636,163,66,97,141,76,65,16,5,11,0,0,0
10,213,District - Madhepura (11),Total,15-19,158110,91435,66675,131019,86377,44642,26681,4882,21799,296,111,185,100,59,41,14,6,8,0,0,0
10,213,District - Madhepura (11),Total,20-24,150313,73582,76731,41505,34479,7026,108093,38848,69245,549,201,348,147,51,96,19,3,16,0,0,0
10,213,District - Madhepura (11),Total,25-29,149859,74348,75511,11260,9818,1442,137395,64131,73264,1020,340,680,155,51,104,29,8,21,0,0,0
10,213,District - Madhepura (11),Total,30-34,138982,69539,69443,3438,2885,553,133714,66099,67615,1639,496,1143,147,43,104,44,16,28,0,0,0
10,213,District - Madhepura (11),Total,35-39,125070,65724,59346,1296,1011,285,121295,64004,57291,2290,649,1641,152,48,104,37,12,25,0,0,0
10,213,District - Madhepura (11),Total,40-44,98141,52892,45249,690,510,180,94199,51469,42730,3110,871,2239,120,33,87,22,9,13,0,0,0
10,213,District - Madhepura (11),Total,45-49,82042,43204,38838,416,289,127,77690,41789,35901,3813,1080,2733,103,38,65,20,8,12,0,0,0
10,213,District - Madhepura (11),Total,50-54,62735,34160,28575,291,197,94,57366,32434,24932,4979,1493,3486,82,32,50,17,4,13,0,0,0
10,213,District - Madhepura (11),Total,55-59,53088,25855,27233,268,173,95,47856,24110,23746,4920,1554,3366,32,13,19,12,5,7,0,0,0
10,213,District - Madhepura (11),Total,60-64,53330,28433,24897,1149,648,501,42353,24879,17474,9776,2886,6890,39,13,26,13,7,6,0,0,0
10,213,District - Madhepura (11),Total,65-69,34388,18778,15610,1104,704,400,25329,15433,9896,7916,2619,5297,25,16,9,14,6,8,0,0,0
10,213,District - Madhepura (11),Total,70-74,21315,12292,9023,449,264,185,13335,9422,3913,7500,2593,4907,17,8,9,14,5,9,0,0,0
10,213,District - Madhepura (11),Total,75-79,7819,4290,3529,127,65,62,4801,3040,1761,2882,1178,1704,5,5,0,4,2,2,0,0,0
10,213,District - Madhepura (11),Total,80+,9707,5206,4501,752,461,291,4627,2995,1632,4314,1744,2570,7,3,4,7,3,4,0,0,0
10,213,District - Madhepura (11),Total,Age not stated,3374,1954,1420,2061,1350,711,1228,567,661,79,34,45,5,3,2,1,0,1,0,0,0
10,213,District - Madhepura (11),Total,Less than 18,949184,502689,446495,935772,498200,437572,12843,4233,8610,348,136,212,195,109,86,26,11,15,0,0,0
10,213,District - Madhepura (11),Total,Less than 21,1050324,555218,495106,994049,542636,451413,55387,12215,43172,583,212,371,272,144,128,33,11,22,0,0,0
10,213,District - Madhepura (11),Rural,All ages,1913301,1000760,912541,997433,556702,440731,862047,426392,435655,52370,17112,35258,1185,461,724,266,93,173,0,0,0
10,213,District - Madhepura (11),Rural,0-9,564771,291939,272832,564771,291939,272832,0,0,0,0,0,0,0,0,0,0,0,0,0,0,0
10,213,District - Madhepura (11),Rural,10-14,256658,137152,119506,250719,134884,115835,5635,2133,3502,156,60,96,133,70,63,15,5,10,0,0,0
10,213,District - Madhepura (11),Rural,15-19,149498,86607,62891,123419,81753,41666,25695,4688,21007,279,106,173,93,56,37,12,4,8,0,0,0
10,213,District - Madhepura (11),Rural,20-24,142847,69781,73066,37795,31839,5956,104379,37700,66679,514,189,325,140,50,90,19,3,16,0,0,0
10,213,District - Madhepura (11),Rural,25-29,142726,70733,71993,9680,8511,1169,131917,61852,70065,958,317,641,144,46,98,27,7,20,0,0,0
10,213,District - Madhepura (11),Rural,30-34,132398,66210,66188,2954,2468,486,127723,63215,64508,1547,471,1076,132,40,92,42,16,26,0,0,0
10,213,District - Madhepura (11),Rural,35-39,118979,62586,56393,1143,883,260,115486,61031,54455,2177,617,1560,141,45,96,32,10,22,0,0,0
10,213,District - Madhepura (11),Rural,40-44,93025,50025,43000,613,446,167,89352,48701,40651,2929,838,2091,110,31,79,21,9,12,0,0,0
10,213,District - Madhepura (11),Rural,45-49,77906,40910,36996,387,267,120,73813,39581,34232,3592,1020,2572,95,34,61,19,8,11,0,0,0
10,213,District - Madhepura (11),Rural,50-54,59562,32398,27164,269,185,84,54512,30761,23751,4690,1418,3272,74,30,44,17,4,13,0,0,0
10,213,District - Madhepura (11),Rural,55-59,50509,24493,26016,253,164,89,45617,22839,22778,4598,1473,3125,30,13,17,11,4,7,0,0,0
10,213,District - Madhepura (11),Rural,60-64,51017,27165,23852,1087,615,472,40584,23782,16802,9295,2748,6547,38,13,25,13,7,6,0,0,0
10,213,District - Madhepura (11),Rural,65-69,32963,17985,14978,1051,672,379,24319,14757,9562,7557,2535,5022,23,15,8,13,6,7,0,0,0
10,213,District - Madhepura (11),Rural,70-74,20427,11804,8623,430,252,178,12804,9048,3756,7163,2491,4672,17,8,9,13,5,8,0,0,0
10,213,District - Madhepura (11),Rural,75-79,7457,4100,3357,119,60,59,4590,2900,1690,2739,1133,1606,5,5,0,4,2,2,0,0,0
10,213,District - Madhepura (11),Rural,80+,9239,4951,4288,714,435,279,4413,2849,1564,4100,1662,2438,5,2,3,7,3,4,0,0,0
10,213,District - Madhepura (11),Rural,Age not stated,3319,1921,1398,2029,1329,700,1208,555,653,76,34,42,5,3,2,1,0,1,0,0,0
10,213,District - Madhepura (11),Rural,Less than 18,911980,483046,428934,899138,478753,420385,12307,4056,8251,329,127,202,183,101,82,23,9,14,0,0,0
10,213,District - Madhepura (11),Rural,Less than 21,1007741,532687,475054,953501,520582,432919,53399,11762,41637,554,199,355,257,135,122,30,9,21,0,0,0
10,213,District - Madhepura (11),Urban,All ages,88461,46799,41662,45705,26029,19676,39771,19930,19841,2876,803,2073,92,31,61,17,6,11,0,0,0
10,213,District - Madhepura (11),Urban,0-9,20925,10749,10176,20925,10749,10176,0,0,0,0,0,0,0,0,0,0,0,0,0,0,0
10,213,District - Madhepura (11),Urban,10-14,11135,6027,5108,10898,5928,4970,221,87,134,7,6,1,8,6,2,1,0,1,0,0,0
10,213,District - Madhepura (11),Urban,15-19,8612,4828,3784,7600,4624,2976,986,194,792,17,5,12,7,3,4,2,2,0,0,0,0
10,213,District - Madhepura (11),Urban,20-24,7466,3801,3665,3710,2640,1070,3714,1148,2566,35,12,23,7,1,6,0,0,0,0,0,0
10,213,District - Madhepura (11),Urban,25-29,7133,3615,3518,1580,1307,273,5478,2279,3199,62,23,39,11,5,6,2,1,1,0,0,0
10,213,District - Madhepura (11),Urban,30-34,6584,3329,3255,484,417,67,5991,2884,3107,92,25,67,15,3,12,2,0,2,0,0,0
10,213,District - Madhepura (11),Urban,35-39,6091,3138,2953,153,128,25,5809,2973,2836,113,32,81,11,3,8,5,2,3,0,0,0
10,213,District - Madhepura (11),Urban,40-44,5116,2867,2249,77,64,13,4847,2768,2079,181,33,148,10,2,8,1,0,1,0,0,0
10,213,District - Madhepura (11),Urban,45-49,4136,2294,1842,29,22,7,3877,2208,1669,221,60,161,8,4,4,1,0,1,0,0,0
10,213,District - Madhepura (11),Urban,50-54,3173,1762,1411,22,12,10,2854,1673,1181,289,75,214,8,2,6,0,0,0,0,0,0
10,213,District - Madhepura (11),Urban,55-59,2579,1362,1217,15,9,6,2239,1271,968,322,81,241,2,0,2,1,1,0,0,0,0
10,213,District - Madhepura (11),Urban,60-64,2313,1268,1045,62,33,29,1769,1097,672,481,138,343,1,0,1,0,0,0,0,0,0
10,213,District - Madhepura (11),Urban,65-69,1425,793,632,53,32,21,1010,676,334,359,84,275,2,1,1,1,0,1,0,0,0
10,213,District - Madhepura (11),Urban,70-74,888,488,400,19,12,7,531,374,157,337,102,235,0,0,0,1,0,1,0,0,0
10,213,District - Madhepura (11),Urban,75-79,362,190,172,8,5,3,211,140,71,143,45,98,0,0,0,0,0,0,0,0,0
10,213,District - Madhepura (11),Urban,80+,468,255,213,38,26,12,214,146,68,214,82,132,2,1,1,0,0,0,0,0,0
10,213,District - Madhepura (11),Urban,Age not stated,55,33,22,32,21,11,20,12,8,3,0,3,0,0,0,0,0,0,0,0,0
10,213,District - Madhepura (11),Urban,Less than 18,37204,19643,17561,36634,19447,17187,536,177,359,19,9,10,12,8,4,3,2,1,0,0,0
10,213,District - Madhepura (11),Urban,Less than 21,42583,22531,20052,40548,22054,18494,1988,453,1535,29,13,16,15,9,6,3,2,1,0,0,0
10,214,District - Saharsa (12),Total,All ages,1900661,997174,903487,993646,559663,433983,851804,421360,430444,53821,15691,38130,1119,393,726,271,67,204,0,0,0
10,214,District - Saharsa (12),Total,0-9,555947,288175,267772,555947,288175,267772,0,0,0,0,0,0,0,0,0,0,0,0,0,0,0
10,214,District - Saharsa (12),Total,10-14,252545,136848,115697,248226,135161,113065,4093,1589,2504,126,50,76,87,41,46,13,7,6,0,0,0
10,214,District - Saharsa (12),Total,15-19,150693,87255,63438,124335,82597,41738,26039,4551,21488,234,73,161,70,31,39,15,3,12,0,0,0
10,214,District - Saharsa (12),Total,20-24,147119,72673,74446,42648,35000,7648,103827,37452,66375,495,174,321,114,38,76,35,9,26,0,0,0
10,214,District - Saharsa (12),Total,25-29,143388,72283,71105,13342,11757,1585,128996,60199,68797,834,262,572,178,55,123,38,10,28,0,0,0
10,214,District - Saharsa (12),Total,30-34,130181,65813,64368,3808,3310,498,124787,62072,62715,1398,367,1031,152,55,97,36,9,27,0,0,0
10,214,District - Saharsa (12),Total,35-39,116093,60553,55540,1169,973,196,112752,59047,53705,2015,488,1527,126,40,86,31,5,26,0,0,0
10,214,District - Saharsa (12),Total,40-44,92822,50078,42744,555,447,108,89279,48884,40395,2844,700,2144,115,40,75,29,7,22,0,0,0
10,214,District - Saharsa (12),Total,45-49,76767,40339,36428,289,219,70,72867,39162,33705,3519,932,2587,79,23,56,13,3,10,0,0,0
10,214,District - Saharsa (12),Total,50-54,58806,31927,26879,232,158,74,53869,30503,23366,4627,1242,3385,71,22,49,7,2,5,0,0,0
10,214,District - Saharsa (12),Total,55-59,49404,23998,25406,201,131,70,44826,22533,22293,4325,1315,3010,35,15,20,17,4,13,0,0,0
10,214,District - Saharsa (12),Total,60-64,51055,26562,24493,583,309,274,41118,23755,17363,9297,2483,6814,43,13,30,14,2,12,0,0,0
10,214,District - Saharsa (12),Total,65-69,33950,18022,15928,513,301,212,25468,15394,10074,7935,2320,5615,21,5,16,13,2,11,0,0,0
10,214,District - Saharsa (12),Total,70-74,21301,11945,9356,260,135,125,13389,9487,3902,7629,2311,5318,19,10,9,4,2,2,0,0,0
10,214,District - Saharsa (12),Total,75-79,8691,4537,4154,122,70,52,5201,3309,1892,3362,1155,2207,6,3,3,0,0,0,0,0,0
10,214,District - Saharsa (12),Total,80+,10663,5432,5231,630,392,238,4893,3240,1653,5135,1798,3337,2,2,0,3,0,3,0,0,0
10,214,District - Saharsa (12),Total,Age not stated,1236,734,502,786,528,258,400,183,217,46,21,25,1,0,1,3,2,1,0,0,0
10,214,District - Saharsa (12),Total,Less than 18,898412,478972,419440,887608,475558,412050,10389,3253,7136,273,92,181,126,61,65,16,8,8,0,0,0
10,214,District - Saharsa (12),Total,Less than 21,999029,531051,467978,944769,519073,425696,53545,11721,41824,494,159,335,184,84,100,37,14,23,0,0,0
10,214,District - Saharsa (12),Rural,All ages,1744121,913883,830238,912933,513341,399592,780337,385583,394754,49600,14543,35057,1009,361,648,242,55,187,0,0,0
10,214,District - Saharsa (12),Rural,0-9,518684,268643,250041,518684,268643,250041,0,0,0,0,0,0,0,0,0,0,0,0,0,0,0
10,214,District - Saharsa (12),Rural,10-14,233397,126609,106788,229362,125040,104322,3828,1480,2348,119,48,71,78,36,42,10,5,5,0,0,0
10,214,District - Saharsa (12),Rural,15-19,135872,78999,56873,111198,74644,36554,24375,4252,20123,223,69,154,63,31,32,13,3,10,0,0,0
10,214,District - Saharsa (12),Rural,20-24,133580,65690,67890,35792,30091,5701,97214,35390,61824,445,165,280,97,36,61,32,8,24,0,0,0
10,214,District - Saharsa (12),Rural,25-29,130412,65637,64775,10336,9237,1099,119109,56091,63018,766,248,518,168,54,114,33,7,26,0,0,0
10,214,District - Saharsa (12),Rural,30-34,118414,59719,58695,2876,2495,381,114074,56819,57255,1293,346,947,136,50,86,35,9,26,0,0,0
10,214,District - Saharsa (12),Rural,35-39,105526,54925,50601,938,775,163,102610,53656,48954,1838,455,1383,113,36,77,27,3,24,0,0,0
10,214,District - Saharsa (12),Rural,40-44,84104,45265,38839,467,376,91,80928,44199,36729,2585,654,1931,99,31,68,25,5,20,0,0,0
10,214,District - Saharsa (12),Rural,45-49,69628,36529,33099,252,197,55,66086,35443,30643,3209,865,2344,71,22,49,10,2,8,0,0,0
10,214,District - Saharsa (12),Rural,50-54,53177,28883,24294,201,139,62,48678,27565,21113,4228,1157,3071,65,21,44,5,1,4,0,0,0
10,214,District - Saharsa (12),Rural,55-59,44576,21442,23134,173,111,62,40446,20116,20330,3910,1198,2712,32,13,19,15,4,11,0,0,0
10,214,District - Saharsa (12),Rural,60-64,46810,24209,22601,555,298,257,37582,21587,15995,8616,2309,6307,43,13,30,14,2,12,0,0,0
10,214,District - Saharsa (12),Rural,65-69,31323,16508,14815,479,282,197,23413,14065,9348,7398,2154,5244,20,5,15,13,2,11,0,0,0
10,214,District - Saharsa (12),Rural,70-74,19664,10994,8670,243,128,115,12307,8715,3592,7093,2140,4953,17,9,8,4,2,2,0,0,0
10,214,District - Saharsa (12),Rural,75-79,8013,4165,3848,104,61,43,4803,3041,1762,3102,1061,2041,4,2,2,0,0,0,0,0,0
10,214,District - Saharsa (12),Rural,80+,9819,5006,4813,565,352,213,4518,2997,1521,4731,1655,3076,2,2,0,3,0,3,0,0,0
10,214,District - Saharsa (12),Rural,Age not stated,1122,660,462,708,472,236,366,167,199,44,19,25,1,0,1,3,2,1,0,0,0
10,214,District - Saharsa (12),Rural,Less than 18,833220,444253,388967,823158,441073,382085,9679,3032,6647,257,86,171,114,56,58,12,6,6,0,0,0
10,214,District - Saharsa (12),Rural,Less than 21,924189,491206,432983,873326,479963,393363,50204,11004,39200,463,149,314,164,78,86,32,12,20,0,0,0
10,214,District - Saharsa (12),Urban,All ages,156540,83291,73249,80713,46322,34391,71467,35777,35690,4221,1148,3073,110,32,78,29,12,17,0,0,0
10,214,District - Saharsa (12),Urban,0-9,37263,19532,17731,37263,19532,17731,0,0,0,0,0,0,0,0,0,0,0,0,0,0,0
10,214,District - Saharsa (12),Urban,10-14,19148,10239,8909,18864,10121,8743,265,109,156,7,2,5,9,5,4,3,2,1,0,0,0
10,214,District - Saharsa (12),Urban,15-19,14821,8256,6565,13137,7953,5184,1664,299,1365,11,4,7,7,0,7,2,0,2,0,0,0
10,214,District - Saharsa (12),Urban,20-24,13539,6983,6556,6856,4909,1947,6613,2062,4551,50,9,41,17,2,15,3,1,2,0,0,0
10,214,District - Saharsa (12),Urban,25-29,12976,6646,6330,3006,2520,486,9887,4108,5779,68,14,54,10,1,9,5,3,2,0,0,0
10,214,District - Saharsa (12),Urban,30-34,11767,6094,5673,932,815,117,10713,5253,5460,105,21,84,16,5,11,1,0,1,0,0,0
10,214,District - Saharsa (12),Urban,35-39,10567,5628,4939,231,198,33,10142,5391,4751,177,33,144,13,4,9,4,2,2,0,0,0
10,214,District - Saharsa (12),Urban,40-44,8718,4813,3905,88,71,17,8351,4685,3666,259,46,213,16,9,7,4,2,2,0,0,0
10,214,District - Saharsa (12),Urban,45-49,7139,3810,3329,37,22,15,6781,3719,3062,310,67,243,8,1,7,3,1,2,0,0,0
10,214,District - Saharsa (12),Urban,50-54,5629,3044,2585,31,19,12,5191,2938,2253,399,85,314,6,1,5,2,1,1,0,0,0
10,214,District - Saharsa (12),Urban,55-59,4828,2556,2272,28,20,8,4380,2417,1963,415,117,298,3,2,1,2,0,2,0,0,0
10,214,District - Saharsa (12),Urban,60-64,4245,2353,1892,28,11,17,3536,2168,1368,681,174,507,0,0,0,0,0,0,0,0,0
10,214,District - Saharsa (12),Urban,65-69,2627,1514,1113,34,19,15,2055,1329,726,537,166,371,1,0,1,0,0,0,0,0,0
10,214,District - Saharsa (12),Urban,70-74,1637,951,686,17,7,10,1082,772,310,536,171,365,2,1,1,0,0,0,0,0,0
10,214,District - Saharsa (12),Urban,75-79,678,372,306,18,9,9,398,268,130,260,94,166,2,1,1,0,0,0,0,0,0
10,214,District - Saharsa (12),Urban,80+,844,426,418,65,40,25,375,243,132,404,143,261,0,0,0,0,0,0,0,0,0
10,214,District - Saharsa (12),Urban,Age not stated,114,74,40,78,56,22,34,16,18,2,2,0,0,0,0,0,0,0,0,0,0
10,214,District - Saharsa (12),Urban,Less than 18,65192,34719,30473,64450,34485,29965,710,221,489,16,6,10,12,5,7,4,2,2,0,0,0
10,214,District - Saharsa (12),Urban,Less than 21,74840,39845,34995,71443,39110,32333,3341,717,2624,31,10,21,20,6,14,5,2,3,0,0,0
10,215,District - Darbhanga (13),Total,All ages,3937385,2059949,1877436,2068629,1169766,898863,1740128,854705,885423,125167,34128,91039,2653,1119,1534,808,231,577,0,0,0
10,215,District - Darbhanga (13),Total,0-9,1051917,545681,506236,1051917,545681,506236,0,0,0,0,0,0,0,0,0,0,0,0,0,0,0
10,215,District - Darbhanga (13),Total,10-14,530531,280844,249687,520266,276928,243338,9737,3673,6064,304,116,188,202,117,85,22,10,12,0,0,0
10,215,District - Darbhanga (13),Total,15-19,362906,206514,156392,315814,197509,118305,46262,8683,37579,604,205,399,198,105,93,28,12,16,0,0,0
10,215,District - Darbhanga (13),Total,20-24,308335,164707,143628,119785,99865,19920,187167,64397,122770,1027,331,696,265,103,162,91,11,80,0,0,0
10,215,District - Darbhanga (13),Total,25-29,281655,141976,139679,33969,30043,3926,245456,111246,134210,1819,544,1275,311,116,195,100,27,73,0,0,0
10,215,District - Darbhanga (13),Total,30-34,260582,129900,130682,9296,7972,1324,247904,120959,126945,2945,815,2130,327,122,205,110,32,78,0,0,0
10,215,District - Darbhanga (13),Total,35-39,241664,123451,118213,3097,2425,672,233686,119781,113905,4461,1081,3380,327,140,187,93,24,69,0,0,0
10,215,District - Darbhanga (13),Total,40-44,197030,103810,93220,1520,1193,327,188816,100995,87821,6319,1478,4841,282,117,165,93,27,66,0,0,0
10,215,District - Darbhanga (13),Total,45-49,166695,86654,80041,863,655,208,157882,83967,73915,7672,1933,5739,213,84,129,65,15,50,0,0,0
10,215,District - Darbhanga (13),Total,50-54,129301,69293,60008,792,587,205,118212,66084,52128,10088,2548,7540,154,53,101,55,21,34,0,0,0
10,215,District - Darbhanga (13),Total,55-59,108768,52805,55963,651,456,195,97824,49443,48381,10155,2846,7309,105,42,63,33,18,15,0,0,0
10,215,District - Darbhanga (13),Total,60-64,115390,57699,57691,1902,1067,835,92397,51487,40910,20951,5103,15848,105,34,71,35,8,27,0,0,0
10,215,District - Darbhanga (13),Total,65-69,83580,44145,39435,1901,1141,760,60737,37442,23295,20830,5516,15314,81,33,48,31,13,18,0,0,0
10,215,District - Darbhanga (13),Total,70-74,50044,27153,22891,823,509,314,30356,21314,9042,18789,5295,13494,46,28,18,30,7,23,0,0,0
10,215,District - Darbhanga (13),Total,75-79,20059,10587,9472,339,212,127,11414,7593,3821,8286,2772,5514,12,7,5,8,3,5,0,0,0
10,215,District - Darbhanga (13),Total,80+,22172,10866,11306,1708,1022,686,9736,6365,3371,10701,3465,7236,17,12,5,10,2,8,0,0,0
10,215,District - Darbhanga (13),Total,Age not stated,6756,3864,2892,3986,2501,1485,2542,1276,1266,216,80,136,8,6,2,4,1,3,0,0,0
10,215,District - Darbhanga (13),Total,Less than 18,1805938,952338,853600,1781813,944520,837293,23107,7395,15712,678,234,444,307,172,135,33,17,16,0,0,0
10,215,District - Darbhanga (13),Total,Less than 21,2033051,1079145,953906,1933485,1056816,876669,97854,21660,76194,1183,398,785,464,249,215,65,22,43,0,0,0
10,215,District - Darbhanga (13),Rural,All ages,3554057,1858545,1695512,1869157,1055358,813799,1570943,770961,799982,110952,31010,79942,2289,1008,1281,716,208,508,0,0,0
10,215,District - Darbhanga (13),Rural,0-9,968286,502095,466191,968286,502095,466191,0,0,0,0,0,0,0,0,0,0,0,0,0,0,0
10,215,District - Darbhanga (13),Rural,10-14,483784,256426,227358,474237,252775,221462,9067,3426,5641,267,103,164,191,112,79,22,10,12,0,0,0
10,215,District - Darbhanga (13),Rural,15-19,322639,184776,137863,279012,176374,102638,42875,8101,34774,545,191,354,183,100,83,24,10,14,0,0,0
10,215,District - Darbhanga (13),Rural,20-24,274181,145961,128220,99670,84897,14773,173288,60653,112635,919,307,612,220,93,127,84,11,73,0,0,0
10,215,District - Darbhanga (13),Rural,25-29,251350,126304,125046,25665,23163,2502,223721,102506,121215,1614,504,1110,267,106,161,83,25,58,0,0,0
10,215,District - Darbhanga (13),Rural,30-34,233400,115919,117481,6861,5824,1037,223571,109201,114370,2603,759,1844,270,104,166,95,31,64,0,0,0
10,215,District - Darbhanga (13),Rural,35-39,216217,110443,105774,2469,1901,568,209465,107412,102053,3934,984,2950,264,123,141,85,23,62,0,0,0
10,215,District - Darbhanga (13),Rural,40-44,175485,92274,83211,1228,953,275,168434,89879,78555,5496,1314,4182,247,106,141,80,22,58,0,0,0
10,215,District - Darbhanga (13),Rural,45-49,147837,76826,71011,705,528,177,140258,74499,65759,6627,1713,4914,191,74,117,56,12,44,0,0,0
10,215,District - Darbhanga (13),Rural,50-54,114473,61321,53152,668,501,167,104813,58458,46355,8817,2301,6516,129,44,85,46,17,29,0,0,0
10,215,District - Darbhanga (13),Rural,55-59,96619,46379,50240,556,392,164,87152,43389,43763,8787,2544,6243,93,38,55,31,16,15,0,0,0
10,215,District - Darbhanga (13),Rural,60-64,104048,51865,52183,1722,968,754,83644,46244,37400,18562,4617,13945,86,28,58,34,8,26,0,0,0
10,215,District - Darbhanga (13),Rural,65-69,76099,40266,35833,1724,1050,674,55489,34110,21379,18788,5063,13725,70,31,39,28,12,16,0,0,0
10,215,District - Darbhanga (13),Rural,70-74,45301,24628,20673,730,454,276,27552,19272,8280,16947,4869,12078,44,27,17,28,6,22,0,0,0
10,215,District - Darbhanga (13),Rural,75-79,18011,9537,8474,311,193,118,10344,6837,3507,7337,2498,4839,12,7,5,7,2,5,0,0,0
10,215,District - Darbhanga (13),Rural,80+,19980,9902,10078,1544,929,615,8901,5793,3108,9510,3168,6342,15,10,5,10,2,8,0,0,0
10,215,District - Darbhanga (13),Rural,Age not stated,6347,3623,2724,3769,2361,1408,2369,1181,1188,199,75,124,7,5,2,3,1,2,0,0,0
10,215,District - Darbhanga (13),Rural,Less than 18,1651252,871439,779813,1628995,864162,764833,21334,6884,14450,604,213,391,288,164,124,31,16,15,0,0,0
10,215,District - Darbhanga (13),Rural,Less than 21,1852941,984279,868662,1760692,963408,797284,90700,20249,70451,1063,366,697,427,236,191,59,20,39,0,0,0
10,215,District - Darbhanga (13),Urban,All ages,383328,201404,181924,199472,114408,85064,169185,83744,85441,14215,3118,11097,364,111,253,92,23,69,0,0,0
10,215,District - Darbhanga (13),Urban,0-9,83631,43586,40045,83631,43586,40045,0,0,0,0,0,0,0,0,0,0,0,0,0,0,0
10,215,District - Darbhanga (13),Urban,10-14,46747,24418,22329,46029,24153,21876,670,247,423,37,13,24,11,5,6,0,0,0,0,0,0
10,215,District - Darbhanga (13),Urban,15-19,40267,21738,18529,36802,21135,15667,3387,582,2805,59,14,45,15,5,10,4,2,2,0,0,0
10,215,District - Darbhanga (13),Urban,20-24,34154,18746,15408,20115,14968,5147,13879,3744,10135,108,24,84,45,10,35,7,0,7,0,0,0
10,215,District - Darbhanga (13),Urban,25-29,30305,15672,14633,8304,6880,1424,21735,8740,12995,205,40,165,44,10,34,17,2,15,0,0,0
10,215,District - Darbhanga (13),Urban,30-34,27182,13981,13201,2435,2148,287,24333,11758,12575,342,56,286,57,18,39,15,1,14,0,0,0
10,215,District - Darbhanga (13),Urban,35-39,25447,13008,12439,628,524,104,24221,12369,11852,527,97,430,63,17,46,8,1,7,0,0,0
10,215,District - Darbhanga (13),Urban,40-44,21545,11536,10009,292,240,52,20382,11116,9266,823,164,659,35,11,24,13,5,8,0,0,0
10,215,District - Darbhanga (13),Urban,45-49,18858,9828,9030,158,127,31,17624,9468,8156,1045,220,825,22,10,12,9,3,6,0,0,0
10,215,District - Darbhanga (13),Urban,50-54,14828,7972,6856,124,86,38,13399,7626,5773,1271,247,1024,25,9,16,9,4,5,0,0,0
10,215,District - Darbhanga (13),Urban,55-59,12149,6426,5723,95,64,31,10672,6054,4618,1368,302,1066,12,4,8,2,2,0,0,0,0
10,215,District - Darbhanga (13),Urban,60-64,11342,5834,5508,180,99,81,8753,5243,3510,2389,486,1903,19,6,13,1,0,1,0,0,0
10,215,District - Darbhanga (13),Urban,65-69,7481,3879,3602,177,91,86,5248,3332,1916,2042,453,1589,11,2,9,3,1,2,0,0,0
10,215,District - Darbhanga (13),Urban,70-74,4743,2525,2218,93,55,38,2804,2042,762,1842,426,1416,2,1,1,2,1,1,0,0,0
10,215,District - Darbhanga (13),Urban,75-79,2048,1050,998,28,19,9,1070,756,314,949,274,675,0,0,0,1,1,0,0,0,0
10,215,District - Darbhanga (13),Urban,80+,2192,964,1228,164,93,71,835,572,263,1191,297,894,2,2,0,0,0,0,0,0,0
10,215,District - Darbhanga (13),Urban,Age not stated,409,241,168,217,140,77,173,95,78,17,5,12,1,1,0,1,0,1,0,0,0
10,215,District - Darbhanga (13),Urban,Less than 18,154686,80899,73787,152818,80358,72460,1773,511,1262,74,21,53,19,8,11,2,1,1,0,0,0
10,215,District - Darbhanga (13),Urban,Less than 21,180110,94866,85244,172793,93408,79385,7154,1411,5743,120,32,88,37,13,24,6,2,4,0,0,0
10,216,District - Muzaffarpur (14),Total,All ages,4801062,2527497,2273565,2459867,1397155,1062712,2175194,1073796,1101398,161417,54314,107103,3632,1807,1825,952,425,527,0,0,0
10,216,District - Muzaffarpur (14),Total,0-9,1222671,637731,584940,1222671,637731,584940,0,0,0,0,0,0,0,0,0,0,0,0,0,0,0
10,216,District - Muzaffarpur (14),Total,10-14,624324,329481,294843,610546,323931,286615,12985,5160,7825,512,239,273,234,130,104,47,21,26,0,0,0
10,216,District - Muzaffarpur (14),Total,15-19,439487,253836,185651,387767,242401,145366,50567,10917,39650,885,381,504,224,119,105,44,18,26,0,0,0
10,216,District - Muzaffarpur (14),Total,20-24,375457,202206,173251,155550,126208,29342,218121,75288,142833,1343,508,835,341,165,176,102,37,65,0,0,0
10,216,District - Muzaffarpur (14),Total,25-29,354796,177894,176902,44298,38175,6123,307464,138509,168955,2465,931,1534,438,224,214,131,55,76,0,0,0
10,216,District - Muzaffarpur (14),Total,30-34,331339,165776,165563,12474,10549,1925,314272,153579,160693,3991,1363,2628,467,230,237,135,55,80,0,0,0
10,216,District - Muzaffarpur (14),Total,35-39,304866,157027,147839,4640,3675,965,293603,151279,142324,6006,1771,4235,488,237,251,129,65,64,0,0,0
10,216,District - Muzaffarpur (14),Total,40-44,242682,130224,112458,2576,2031,545,231484,125608,105876,8157,2356,5801,373,177,196,92,52,40,0,0,0
10,216,District - Muzaffarpur (14),Total,45-49,200302,103801,96501,1538,1230,308,188769,99518,89251,9644,2893,6751,284,128,156,67,32,35,0,0,0
10,216,District - Muzaffarpur (14),Total,50-54,156432,84973,71459,1175,893,282,142444,80071,62373,12551,3884,8667,216,106,110,46,19,27,0,0,0
10,216,District - Muzaffarpur (14),Total,55-59,137659,64478,73181,1017,732,285,124216,59546,64670,12229,4106,8123,156,74,82,41,20,21,0,0,0
10,216,District - Muzaffarpur (14),Total,60-64,157249,80648,76601,2973,1724,1249,127801,70840,56961,26265,7987,18278,168,77,91,42,20,22,0,0,0
10,216,District - Muzaffarpur (14),Total,65-69,112522,60736,51786,3119,1842,1277,84232,50321,33911,25024,8501,16523,116,60,56,31,12,19,0,0,0
10,216,District - Muzaffarpur (14),Total,70-74,70902,40663,30239,1461,869,592,44309,31066,13243,25057,8689,16368,56,33,23,19,6,13,0,0,0
10,216,District - Muzaffarpur (14),Total,75-79,27700,15100,12600,609,369,240,16253,10368,5885,10802,4345,6457,28,16,12,8,2,6,0,0,0
10,216,District - Muzaffarpur (14),Total,80+,34644,18174,16470,2695,1649,1046,15696,10233,5463,16207,6262,9945,31,22,9,15,8,7,0,0,0
10,216,District - Muzaffarpur (14),Total,Age not stated,8030,4749,3281,4758,3146,1612,2978,1493,1485,279,98,181,12,9,3,3,3,0,0,0,0
10,216,District - Muzaffarpur (14),Total,Less than 18,2115011,1119103,995908,2085665,1108415,977250,27829,9971,17858,1070,480,590,376,205,171,71,32,39,0,0,0
10,216,District - Muzaffarpur (14),Total,Less than 21,2394601,1280986,1113615,2281450,1252237,1029213,110669,27637,83032,1827,775,1052,537,289,248,118,48,70,0,0,0
10,216,District - Muzaffarpur (14),Rural,All ages,4327625,2276812,2050813,2224337,1261396,962941,1954898,963937,990961,144517,49498,95019,3092,1626,1466,781,355,426,0,0,0
10,216,District - Muzaffarpur (14),Rural,0-9,1129375,588484,540891,1129375,588484,540891,0,0,0,0,0,0,0,0,0,0,0,0,0,0,0
10,216,District - Muzaffarpur (14),Rural,10-14,570517,300923,269594,557934,295835,262099,11886,4740,7146,453,211,242,204,118,86,40,19,21,0,0,0
10,216,District - Muzaffarpur (14),Rural,15-19,391080,227378,163702,343574,216910,126664,46479,9999,36480,788,345,443,205,108,97,34,16,18,0,0,0
10,216,District - Muzaffarpur (14),Rural,20-24,332228,179015,153213,129142,107947,21195,201522,70429,131093,1183,457,726,292,149,143,89,33,56,0,0,0
10,216,District - Muzaffarpur (14),Rural,25-29,315279,157623,157656,33036,29294,3742,279583,127254,152329,2185,825,1360,369,203,166,106,47,59,0,0,0
10,216,District - Muzaffarpur (14),Rural,30-34,295296,147455,147841,8958,7611,1347,282352,138386,143966,3497,1201,2296,384,213,171,105,44,61,0,0,0
10,216,District - Muzaffarpur (14),Rural,35-39,271235,139702,131533,3550,2820,730,261898,135010,126888,5271,1606,3665,412,213,199,104,53,51,0,0,0
10,216,District - Muzaffarpur (14),Rural,40-44,214546,115153,99393,2087,1662,425,204864,111113,93751,7189,2169,5020,329,165,164,77,44,33,0,0,0
10,216,District - Muzaffarpur (14),Rural,45-49,176193,91076,85117,1288,1045,243,166264,87294,78970,8357,2601,5756,229,110,119,55,26,29,0,0,0
10,216,District - Muzaffarpur (14),Rural,50-54,137838,74829,63009,979,747,232,125587,70432,55155,11050,3535,7515,184,101,83,38,14,24,0,0,0
10,216,District - Muzaffarpur (14),Rural,55-59,122205,56481,65724,860,638,222,110509,52065,58444,10679,3704,6975,127,60,67,30,14,16,0,0,0
10,216,District - Muzaffarpur (14),Rural,60-64,142170,72615,69555,2578,1519,1059,115700,63708,51992,23702,7301,16401,154,71,83,36,16,20,0,0,0
10,216,District - Muzaffarpur (14),Rural,65-69,102241,55001,47240,2539,1514,1025,76766,45628,31138,22809,7798,15011,98,49,49,29,12,17,0,0,0
10,216,District - Muzaffarpur (14),Rural,70-74,64421,36957,27464,1253,762,491,40193,28158,12035,22910,8004,14906,48,28,20,17,5,12,0,0,0
10,216,District - Muzaffarpur (14),Rural,75-79,24768,13507,11261,523,324,199,14593,9234,5359,9626,3936,5690,20,11,9,6,2,4,0,0,0
10,216,District - Muzaffarpur (14),Rural,80+,31007,16336,14671,2353,1436,917,14045,9157,4888,14572,5718,8854,25,18,7,12,7,5,0,0,0
10,216,District - Muzaffarpur (14),Rural,Age not stated,7226,4277,2949,4308,2848,1460,2657,1330,1327,246,87,159,12,9,3,3,3,0,0,0,0
10,216,District - Muzaffarpur (14),Rural,Less than 18,1939196,1025759,913437,1912545,1015988,896557,25305,9128,16177,957,431,526,332,184,148,57,28,29,0,0,0
10,216,District - Muzaffarpur (14),Rural,Less than 21,2187681,1170626,1017055,2083358,1144080,939278,102122,25543,76579,1630,698,932,477,264,213,94,41,53,0,0,0
10,216,District - Muzaffarpur (14),Urban,All ages,473437,250685,222752,235530,135759,99771,220296,109859,110437,16900,4816,12084,540,181,359,171,70,101,0,0,0
10,216,District - Muzaffarpur (14),Urban,0-9,93296,49247,44049,93296,49247,44049,0,0,0,0,0,0,0,0,0,0,0,0,0,0,0
10,216,District - Muzaffarpur (14),Urban,10-14,53807,28558,25249,52612,28096,24516,1099,420,679,59,28,31,30,12,18,7,2,5,0,0,0
10,216,District - Muzaffarpur (14),Urban,15-19,48407,26458,21949,44193,25491,18702,4088,918,3170,97,36,61,19,11,8,10,2,8,0,0,0
10,216,District - Muzaffarpur (14),Urban,20-24,43229,23191,20038,26408,18261,8147,16599,4859,11740,160,51,109,49,16,33,13,4,9,0,0,0
10,216,District - Muzaffarpur (14),Urban,25-29,39517,20271,19246,11262,8881,2381,27881,11255,16626,280,106,174,69,21,48,25,8,17,0,0,0
10,216,District - Muzaffarpur (14),Urban,30-34,36043,18321,17722,3516,2938,578,31920,15193,16727,494,162,332,83,17,66,30,11,19,0,0,0
10,216,District - Muzaffarpur (14),Urban,35-39,33631,17325,16306,1090,855,235,31705,16269,15436,735,165,570,76,24,52,25,12,13,0,0,0
10,216,District - Muzaffarpur (14),Urban,40-44,28136,15071,13065,489,369,120,26620,14495,12125,968,187,781,44,12,32,15,8,7,0,0,0
10,216,District - Muzaffarpur (14),Urban,45-49,24109,12725,11384,250,185,65,22505,12224,10281,1287,292,995,55,18,37,12,6,6,0,0,0
10,216,District - Muzaffarpur (14),Urban,50-54,18594,10144,8450,196,146,50,16857,9639,7218,1501,349,1152,32,5,27,8,5,3,0,0,0
10,216,District - Muzaffarpur (14),Urban,55-59,15454,7997,7457,157,94,63,13707,7481,6226,1550,402,1148,29,14,15,11,6,5,0,0,0
10,216,District - Muzaffarpur (14),Urban,60-64,15079,8033,7046,395,205,190,12101,7132,4969,2563,686,1877,14,6,8,6,4,2,0,0,0
10,216,District - Muzaffarpur (14),Urban,65-69,10281,5735,4546,580,328,252,7466,4693,2773,2215,703,1512,18,11,7,2,0,2,0,0,0
10,216,District - Muzaffarpur (14),Urban,70-74,6481,3706,2775,208,107,101,4116,2908,1208,2147,685,1462,8,5,3,2,1,1,0,0,0
10,216,District - Muzaffarpur (14),Urban,75-79,2932,1593,1339,86,45,41,1660,1134,526,1176,409,767,8,5,3,2,0,2,0,0,0
10,216,District - Muzaffarpur (14),Urban,80+,3637,1838,1799,342,213,129,1651,1076,575,1635,544,1091,6,4,2,3,1,2,0,0,0
10,216,District - Muzaffarpur (14),Urban,Age not stated,804,472,332,450,298,152,321,163,158,33,11,22,0,0,0,0,0,0,0,0,0
10,216,District - Muzaffarpur (14),Urban,Less than 18,175815,93344,82471,173120,92427,80693,2524,843,1681,113,49,64,44,21,23,14,4,10,0,0,0
10,216,District - Muzaffarpur (14),Urban,Less than 21,206920,110360,96560,198092,108157,89935,8547,2094,6453,197,77,120,60,25,35,24,7,17,0,0,0
10,217,District - Gopalganj (15),Total,All ages,2562012,1267666,1294346,1368871,736764,632107,1097773,498687,599086,92917,31225,61692,1892,795,1097,559,195,364,0,0,0
10,217,District - Gopalganj (15),Total,0-9,664725,340364,324361,664725,340364,324361,0,0,0,0,0,0,0,0,0,0,0,0,0,0,0
10,217,District - Gopalganj (15),Total,10-14,360209,183266,176943,352345,180447,171898,7409,2639,4770,282,113,169,158,59,99,15,8,7,0,0,0
10,217,District - Gopalganj (15),Total,15-19,259925,132373,127552,233261,126189,107072,25988,5901,20087,497,195,302,163,84,79,16,4,12,0,0,0
10,217,District - Gopalganj (15),Total,20-24,184707,91622,93085,80262,59230,21032,103528,32077,71451,680,228,452,190,77,113,47,10,37,0,0,0
10,217,District - Gopalganj (15),Total,25-29,173241,78249,94992,20341,17282,3059,151434,60467,90967,1172,392,780,212,81,131,82,27,55,0,0,0
10,217,District - Gopalganj (15),Total,30-34,162609,71764,90845,5374,4432,942,154793,66571,88222,2100,628,1472,256,104,152,86,29,57,0,0,0
10,217,District - Gopalganj (15),Total,35-39,154206,70654,83552,2246,1775,471,148364,67780,80584,3280,976,2304,233,92,141,83,31,52,0,0,0
10,217,District - Gopalganj (15),Total,40-44,124301,60934,63367,1424,1145,279,117975,58311,59664,4654,1378,3276,188,77,111,60,23,37,0,0,0
10,217,District - Gopalganj (15),Total,45-49,105086,49837,55249,897,733,164,98451,47230,51221,5564,1809,3755,136,51,85,38,14,24,0,0,0
10,217,District - Gopalganj (15),Total,50-54,84265,43725,40540,750,616,134,75672,40697,34975,7699,2348,5351,117,52,65,27,12,15,0,0,0
10,217,District - Gopalganj (15),Total,55-59,74485,32918,41567,643,479,164,66394,29960,36434,7360,2434,4926,59,32,27,29,13,16,0,0,0
10,217,District - Gopalganj (15),Total,60-64,82871,42734,40137,1460,936,524,65189,36842,28347,16111,4911,11200,81,34,47,30,11,19,0,0,0
10,217,District - Gopalganj (15),Total,65-69,54461,27731,26730,1362,797,565,39986,22528,17458,13058,4384,8674,36,16,20,19,6,13,0,0,0
10,217,District - Gopalganj (15),Total,70-74,39528,21789,17739,662,455,207,23842,16191,7651,14977,5124,9853,32,15,17,15,4,11,0,0,0
10,217,District - Gopalganj (15),Total,75-79,15713,8257,7456,267,159,108,9145,5487,3658,6280,2596,3684,16,13,3,5,2,3,0,0,0
10,217,District - Gopalganj (15),Total,80+,19339,10155,9184,1348,805,543,8846,5660,3186,9125,3682,5443,13,7,6,7,1,6,0,0,0
10,217,District - Gopalganj (15),Total,Age not stated,2341,1294,1047,1504,920,584,757,346,411,78,27,51,2,1,1,0,0,0,0,0,0
10,217,District - Gopalganj (15),Total,Less than 18,1189467,605791,583676,1171729,600118,571611,16858,5333,11525,611,224,387,248,106,142,21,10,11,0,0,0
10,217,District - Gopalganj (15),Total,Less than 21,1341411,686262,655149,1284678,671226,613452,55295,14465,40830,1017,393,624,378,165,213,43,13,30,0,0,0
10,217,District - Gopalganj (15),Rural,All ages,2399207,1184967,1214240,1281548,688748,592800,1028066,465678,562388,87326,29610,57716,1754,745,1009,513,186,327,0,0,0
10,217,District - Gopalganj (15),Rural,0-9,626088,320420,305668,626088,320420,305668,0,0,0,0,0,0,0,0,0,0,0,0,0,0,0
10,217,District - Gopalganj (15),Rural,10-14,338427,172040,166387,330977,169372,161605,7017,2496,4521,268,107,161,151,57,94,14,8,6,0,0,0
10,217,District - Gopalganj (15),Rural,15-19,242401,123209,119192,217174,117370,99804,24594,5568,19026,468,188,280,151,80,71,14,3,11,0,0,0
10,217,District - Gopalganj (15),Rural,20-24,171401,84744,86657,72842,54043,18799,97697,30398,67299,636,219,417,183,74,109,43,10,33,0,0,0
10,217,District - Gopalganj (15),Rural,25-29,161453,72587,88866,18055,15410,2645,142022,56707,85315,1101,367,734,202,78,124,73,25,48,0,0,0
10,217,District - Gopalganj (15),Rural,30-34,151573,66485,85088,4793,3934,859,144525,61842,82683,1955,587,1368,222,94,128,78,28,50,0,0,0
10,217,District - Gopalganj (15),Rural,35-39,143744,65675,78069,2063,1634,429,138365,63012,75353,3026,915,2111,213,86,127,77,28,49,0,0,0
10,217,District - Gopalganj (15),Rural,40-44,115681,56473,59208,1300,1052,248,109819,54019,55800,4331,1309,3022,176,71,105,55,22,33,0,0,0
10,217,District - Gopalganj (15),Rural,45-49,97955,46328,51627,833,685,148,91771,43876,47895,5192,1704,3488,124,49,75,35,14,21,0,0,0
10,217,District - Gopalganj (15),Rural,50-54,78393,40611,37782,695,574,121,70385,37764,32621,7179,2215,4964,108,46,62,26,12,14,0,0,0
10,217,District - Gopalganj (15),Rural,55-59,69663,30615,39048,610,457,153,62168,27824,34344,6801,2291,4510,55,30,25,29,13,16,0,0,0
10,217,District - Gopalganj (15),Rural,60-64,78124,40301,37823,1363,885,478,61509,34693,26816,15147,4680,10467,78,33,45,27,10,17,0,0,0
10,217,District - Gopalganj (15),Rural,65-69,51636,26262,25374,1258,744,514,37939,21335,16604,12388,4162,8226,33,15,18,18,6,12,0,0,0
10,217,District - Gopalganj (15),Rural,70-74,37413,20635,16778,618,427,191,22556,15316,7240,14196,4874,9322,30,14,16,13,4,9,0,0,0
10,217,District - Gopalganj (15),Rural,75-79,14821,7778,7043,254,152,102,8642,5156,3486,5906,2457,3449,14,11,3,5,2,3,0,0,0
10,217,District - Gopalganj (15),Rural,80+,18333,9642,8691,1268,761,507,8387,5365,3022,8660,3509,5151,12,6,6,6,1,5,0,0,0
10,217,District - Gopalganj (15),Rural,Age not stated,2101,1162,939,1357,828,529,670,307,363,72,26,46,2,1,1,0,0,0,0,0,0
10,217,District - Gopalganj (15),Rural,Less than 18,1118135,569012,549123,1101320,563665,537655,15983,5021,10962,574,213,361,238,103,135,20,10,10,0,0,0
10,217,District - Gopalganj (15),Rural,Less than 21,1259589,643782,615807,1205883,629555,576328,52350,13680,38670,961,377,584,356,158,198,39,12,27,0,0,0
10,217,District - Gopalganj (15),Urban,All ages,162805,82699,80106,87323,48016,39307,69707,33009,36698,5591,1615,3976,138,50,88,46,9,37,0,0,0
10,217,District - Gopalganj (15),Urban,0-9,38637,19944,18693,38637,19944,18693,0,0,0,0,0,0,0,0,0,0,0,0,0,0,0
10,217,District - Gopalganj (15),Urban,10-14,21782,11226,10556,21368,11075,10293,392,143,249,14,6,8,7,2,5,1,0,1,0,0,0
10,217,District - Gopalganj (15),Urban,15-19,17524,9164,8360,16087,8819,7268,1394,333,1061,29,7,22,12,4,8,2,1,1,0,0,0
10,217,District - Gopalganj (15),Urban,20-24,13306,6878,6428,7420,5187,2233,5831,1679,4152,44,9,35,7,3,4,4,0,4,0,0,0
10,217,District - Gopalganj (15),Urban,25-29,11788,5662,6126,2286,1872,414,9412,3760,5652,71,25,46,10,3,7,9,2,7,0,0,0
10,217,District - Gopalganj (15),Urban,30-34,11036,5279,5757,581,498,83,10268,4729,5539,145,41,104,34,10,24,8,1,7,0,0,0
10,217,District - Gopalganj (15),Urban,35-39,10462,4979,5483,183,141,42,9999,4768,5231,254,61,193,20,6,14,6,3,3,0,0,0
10,217,District - Gopalganj (15),Urban,40-44,8620,4461,4159,124,93,31,8156,4292,3864,323,69,254,12,6,6,5,1,4,0,0,0
10,217,District - Gopalganj (15),Urban,45-49,7131,3509,3622,64,48,16,6680,3354,3326,372,105,267,12,2,10,3,0,3,0,0,0
10,217,District - Gopalganj (15),Urban,50-54,5872,3114,2758,55,42,13,5287,2933,2354,520,133,387,9,6,3,1,0,1,0,0,0
10,217,District - Gopalganj (15),Urban,55-59,4822,2303,2519,33,22,11,4226,2136,2090,559,143,416,4,2,2,0,0,0,0,0,0
10,217,District - Gopalganj (15),Urban,60-64,4747,2433,2314,97,51,46,3680,2149,1531,964,231,733,3,1,2,3,1,2,0,0,0
10,217,District - Gopalganj (15),Urban,65-69,2825,1469,1356,104,53,51,2047,1193,854,670,222,448,3,1,2,1,0,1,0,0,0
10,217,District - Gopalganj (15),Urban,70-74,2115,1154,961,44,28,16,1286,875,411,781,250,531,2,1,1,2,0,2,0,0,0
10,217,District - Gopalganj (15),Urban,75-79,892,479,413,13,7,6,503,331,172,374,139,235,2,2,0,0,0,0,0,0,0
10,217,District - Gopalganj (15),Urban,80+,1006,513,493,80,44,36,459,295,164,465,173,292,1,1,0,1,0,1,0,0,0
10,217,District - Gopalganj (15),Urban,Age not stated,240,132,108,147,92,55,87,39,48,6,1,5,0,0,0,0,0,0,0,0,0
10,217,District - Gopalganj (15),Urban,Less than 18,71332,36779,34553,70409,36453,33956,875,312,563,37,11,26,10,3,7,1,0,1,0,0,0
10,217,District - Gopalganj (15),Urban,Less than 21,81822,42480,39342,78795,41671,37124,2945,785,2160,56,16,40,22,7,15,4,1,3,0,0,0
10,218,District - Siwan (16),Total,All ages,3330464,1675090,1655374,1780115,971751,808364,1427834,662398,765436,119272,39583,79689,2553,1114,1439,690,244,446,0,0,0
10,218,District - Siwan (16),Total,0-9,819170,421742,397428,819170,421742,397428,0,0,0,0,0,0,0,0,0,0,0,0,0,0,0
10,218,District - Siwan (16),Total,10-14,465065,237207,227858,457138,234330,222808,7496,2705,4791,241,93,148,172,69,103,18,10,8,0,0,0
10,218,District - Siwan (16),Total,15-19,350890,182602,168288,323786,176434,147352,26452,5931,20521,450,147,303,178,79,99,24,11,13,0,0,0
10,218,District - Siwan (16),Total,20-24,250016,130831,119185,123293,92836,30457,125724,37668,88056,745,235,510,206,75,131,48,17,31,0,0,0
10,218,District - Siwan (16),Total,25-29,230307,108792,121515,32944,28524,4420,195501,79632,115869,1445,489,956,321,119,202,96,28,68,0,0,0
10,218,District - Siwan (16),Total,30-34,215126,98616,116510,8135,6866,1269,203870,90781,113089,2606,746,1860,389,174,215,126,49,77,0,0,0
10,218,District - Siwan (16),Total,35-39,202488,96062,106426,3117,2482,635,194717,92262,102455,4238,1157,3081,305,124,181,111,37,74,0,0,0
10,218,District - Siwan (16),Total,40-44,161635,81112,80523,1789,1429,360,153693,77915,75778,5821,1625,4196,260,119,141,72,24,48,0,0,0
10,218,District - Siwan (16),Total,45-49,134348,65237,69111,1046,849,197,126465,62384,64081,6605,1914,4691,183,74,109,49,16,33,0,0,0
10,218,District - Siwan (16),Total,50-54,105872,55520,50352,832,670,162,95863,52046,43817,8977,2709,6268,150,81,69,50,14,36,0,0,0
10,218,District - Siwan (16),Total,55-59,94180,40951,53229,669,518,151,84965,37671,47294,8457,2715,5742,69,37,32,20,10,10,0,0,0
10,218,District - Siwan (16),Total,60-64,111812,56062,55750,1701,1060,641,90244,49058,41186,19702,5874,13828,130,54,76,35,16,19,0,0,0
10,218,District - Siwan (16),Total,65-69,79283,40408,38875,1761,1077,684,59740,33335,26405,17677,5948,11729,86,43,43,19,5,14,0,0,0
10,218,District - Siwan (16),Total,70-74,56477,31477,25000,814,540,274,35283,23847,11436,20319,7054,13265,54,35,19,7,1,6,0,0,0
10,218,District - Siwan (16),Total,75-79,22830,12147,10683,318,210,108,14063,8445,5618,8434,3484,4950,10,7,3,5,1,4,0,0,0
10,218,District - Siwan (16),Total,80+,27845,14549,13296,1626,953,673,12729,8228,4501,13451,5345,8106,31,20,11,8,3,5,0,0,0
10,218,District - Siwan (16),Total,Age not stated,3120,1775,1345,1976,1231,745,1029,490,539,104,48,56,9,4,5,2,2,0,0,0,0
10,218,District - Siwan (16),Total,Less than 18,1504260,769898,734362,1486835,764149,722686,16583,5439,11144,536,183,353,277,112,165,29,15,14,0,0,0
10,218,District - Siwan (16),Total,Less than 21,1713222,884964,828258,1651968,869487,782481,59836,14968,44868,946,310,636,420,175,245,52,24,28,0,0,0
10,218,District - Siwan (16),Rural,All ages,3147551,1579685,1567866,1680987,916236,764751,1350531,624477,726054,113314,37850,75464,2090,896,1194,629,226,403,0,0,0
10,218,District - Siwan (16),Rural,0-9,781081,401755,379326,781081,401755,379326,0,0,0,0,0,0,0,0,0,0,0,0,0,0,0
10,218,District - Siwan (16),Rural,10-14,441317,224903,216414,433807,222186,211621,7105,2558,4547,230,90,140,158,59,99,17,10,7,0,0,0
10,218,District - Siwan (16),Rural,15-19,329673,171409,158264,303853,165579,138274,25220,5614,19606,419,136,283,159,70,89,22,10,12,0,0,0
10,218,District - Siwan (16),Rural,20-24,233145,121715,111430,112172,85385,26787,120043,36021,84022,700,226,474,185,68,117,45,15,30,0,0,0
10,218,District - Siwan (16),Rural,25-29,215889,101419,114470,28845,25279,3566,185332,75558,109774,1351,452,899,275,105,170,86,25,61,0,0,0
10,218,District - Siwan (16),Rural,30-34,202602,92353,110249,7080,6008,1072,192651,85457,107194,2443,704,1739,311,139,172,117,45,72,0,0,0
10,218,District - Siwan (16),Rural,35-39,190313,89913,100400,2798,2232,566,183190,86452,96738,3991,1106,2885,232,88,144,102,35,67,0,0,0
10,218,District - Siwan (16),Rural,40-44,151401,75716,75685,1634,1306,328,144057,72756,71301,5452,1548,3904,196,86,110,62,20,42,0,0,0
10,218,District - Siwan (16),Rural,45-49,126046,60905,65141,994,809,185,118687,58224,60463,6178,1802,4376,142,56,86,45,14,31,0,0,0
10,218,District - Siwan (16),Rural,50-54,99310,51955,47355,787,637,150,89930,48685,41245,8429,2557,5872,117,62,55,47,14,33,0,0,0
10,218,District - Siwan (16),Rural,55-59,88919,38371,50548,637,497,140,80305,35266,45039,7910,2568,5342,49,30,19,18,10,8,0,0,0
10,218,District - Siwan (16),Rural,60-64,106660,53370,53290,1581,1001,580,86217,46668,39549,18724,5641,13083,105,44,61,33,16,17,0,0,0
10,218,District - Siwan (16),Rural,65-69,75917,38650,37267,1590,975,615,57352,31921,25431,16893,5718,11175,67,31,36,15,5,10,0,0,0
10,218,District - Siwan (16),Rural,70-74,54237,30242,23995,740,496,244,33925,22932,10993,19518,6785,12733,47,28,19,7,1,6,0,0,0
10,218,District - Siwan (16),Rural,75-79,21906,11617,10289,306,203,103,13476,8068,5408,8109,3338,4771,10,7,3,5,1,4,0,0,0
10,218,District - Siwan (16),Rural,80+,26591,13927,12664,1522,894,628,12162,7877,4285,12872,5133,7739,29,20,9,6,3,3,0,0,0
10,218,District - Siwan (16),Rural,Age not stated,2544,1465,1079,1560,994,566,879,420,459,95,46,49,8,3,5,2,2,0,0,0,0
10,218,District - Siwan (16),Rural,Less than 18,1429524,730915,698609,1412999,725487,687512,15736,5142,10594,507,174,333,254,97,157,28,15,13,0,0,0
10,218,District - Siwan (16),Rural,Less than 21,1625410,838896,786514,1566959,824176,742783,57129,14251,42878,893,293,600,381,154,227,48,22,26,0,0,0
10,218,District - Siwan (16),Urban,All ages,182913,95405,87508,99128,55515,43613,77303,37921,39382,5958,1733,4225,463,218,245,61,18,43,0,0,0
10,218,District - Siwan (16),Urban,0-9,38089,19987,18102,38089,19987,18102,0,0,0,0,0,0,0,0,0,0,0,0,0,0,0
10,218,District - Siwan (16),Urban,10-14,23748,12304,11444,23331,12144,11187,391,147,244,11,3,8,14,10,4,1,0,1,0,0,0
10,218,District - Siwan (16),Urban,15-19,21217,11193,10024,19933,10855,9078,1232,317,915,31,11,20,19,9,10,2,1,1,0,0,0
10,218,District - Siwan (16),Urban,20-24,16871,9116,7755,11121,7451,3670,5681,1647,4034,45,9,36,21,7,14,3,2,1,0,0,0
10,218,District - Siwan (16),Urban,25-29,14418,7373,7045,4099,3245,854,10169,4074,6095,94,37,57,46,14,32,10,3,7,0,0,0
10,218,District - Siwan (16),Urban,30-34,12524,6263,6261,1055,858,197,11219,5324,5895,163,42,121,78,35,43,9,4,5,0,0,0
10,218,District - Siwan (16),Urban,35-39,12175,6149,6026,319,250,69,11527,5810,5717,247,51,196,73,36,37,9,2,7,0,0,0
10,218,District - Siwan (16),Urban,40-44,10234,5396,4838,155,123,32,9636,5159,4477,369,77,292,64,33,31,10,4,6,0,0,0
10,218,District - Siwan (16),Urban,45-49,8302,4332,3970,52,40,12,7778,4160,3618,427,112,315,41,18,23,4,2,2,0,0,0
10,218,District - Siwan (16),Urban,50-54,6562,3565,2997,45,33,12,5933,3361,2572,548,152,396,33,19,14,3,0,3,0,0,0
10,218,District - Siwan (16),Urban,55-59,5261,2580,2681,32,21,11,4660,2405,2255,547,147,400,20,7,13,2,0,2,0,0,0
10,218,District - Siwan (16),Urban,60-64,5152,2692,2460,120,59,61,4027,2390,1637,978,233,745,25,10,15,2,0,2,0,0,0
10,218,District - Siwan (16),Urban,65-69,3366,1758,1608,171,102,69,2388,1414,974,784,230,554,19,12,7,4,0,4,0,0,0
10,218,District - Siwan (16),Urban,70-74,2240,1235,1005,74,44,30,1358,915,443,801,269,532,7,7,0,0,0,0,0,0,0
10,218,District - Siwan (16),Urban,75-79,924,530,394,12,7,5,587,377,210,325,146,179,0,0,0,0,0,0,0,0,0
10,218,District - Siwan (16),Urban,80+,1254,622,632,104,59,45,567,351,216,579,212,367,2,0,2,2,0,2,0,0,0
10,218,District - Siwan (16),Urban,Age not stated,576,310,266,416,237,179,150,70,80,9,2,7,1,1,0,0,0,0,0,0,0
10,218,District - Siwan (16),Urban,Less than 18,74736,38983,35753,73836,38662,35174,847,297,550,29,9,20,23,15,8,1,0,1,0,0,0
10,218,District - Siwan (16),Urban,Less than 21,87812,46068,41744,85009,45311,39698,2707,717,1990,53,17,36,39,21,18,4,2,2,0,0,0
10,219,District - Saran (17),Total,All ages,3951862,2022821,1929041,2107101,1169466,937635,1699146,805060,894086,143063,47184,95879,1999,895,1104,553,216,337,0,0,0
10,219,District - Saran (17),Total,0-9,1001776,519420,482356,1001776,519420,482356,0,0,0,0,0,0,0,0,0,0,0,0,0,0,0
10,219,District - Saran (17),Total,10-14,544769,280696,264073,535219,277210,258009,9081,3288,5793,289,110,179,151,76,75,29,12,17,0,0,0
10,219,District - Saran (17),Total,15-19,403131,218813,184318,366710,210746,155964,35680,7767,27913,570,224,346,149,67,82,22,9,13,0,0,0
10,219,District - Saran (17),Total,20-24,293745,155523,138222,135220,105625,29595,157285,49426,107859,1005,371,634,185,85,100,50,16,34,0,0,0
10,219,District - Saran (17),Total,25-29,272694,132453,140241,37764,33246,4518,232645,98413,134232,1954,660,1294,242,97,145,89,37,52,0,0,0
10,219,District - Saran (17),Total,30-34,254354,120287,134067,10219,8745,1474,240417,110344,130073,3400,1073,2327,250,101,149,68,24,44,0,0,0
10,219,District - Saran (17),Total,35-39,239584,116238,123346,4212,3398,814,229726,111211,118515,5306,1487,3819,275,115,160,65,27,38,0,0,0
10,219,District - Saran (17),Total,40-44,193066,99969,93097,2438,1994,444,182884,95691,87193,7487,2174,5313,197,84,113,60,26,34,0,0,0
10,219,District - Saran (17),Total,45-49,160027,79052,80975,1355,1128,227,150027,75225,74802,8458,2608,5850,157,79,78,30,12,18,0,0,0
10,219,District - Saran (17),Total,50-54,126565,67056,59509,1064,864,200,114190,62747,51443,11174,3391,7783,113,47,66,24,7,17,0,0,0
10,219,District - Saran (17),Total,55-59,110272,49158,61114,817,608,209,99252,45329,53923,10116,3185,6931,57,28,29,30,8,22,0,0,0
10,219,District - Saran (17),Total,60-64,127706,64459,63247,2331,1452,879,102999,56424,46575,22257,6527,15730,92,44,48,27,12,15,0,0,0
10,219,District - Saran (17),Total,65-69,93088,47734,45354,2475,1573,902,70026,39429,30597,20516,6696,13820,53,27,26,18,9,9,0,0,0
10,219,District - Saran (17),Total,70-74,67308,37807,29501,1091,746,345,42241,28834,13407,23915,8194,15721,38,20,18,23,13,10,0,0,0
10,219,District - Saran (17),Total,75-79,27719,14891,12828,352,224,128,16822,10499,6323,10519,4155,6364,18,13,5,8,0,8,0,0,0
10,219,District - Saran (17),Total,80+,32728,17283,15445,1900,1095,805,14820,9888,4932,15981,6287,9694,18,9,9,9,4,5,0,0,0
10,219,District - Saran (17),Total,Age not stated,3330,1982,1348,2158,1392,766,1051,545,506,116,42,74,4,3,1,1,0,1,0,0,0
10,219,District - Saran (17),Total,Less than 18,1799412,933704,865708,1778174,926680,851494,20280,6631,13649,682,262,420,235,113,122,41,18,23,0,0,0
10,219,District - Saran (17),Total,Less than 21,2040170,1069303,970867,1959713,1049351,910362,78884,19318,59566,1159,444,715,349,165,184,65,25,40,0,0,0
10,219,District - Saran (17),Rural,All ages,3598660,1838119,1760541,1919144,1062922,856222,1547239,730770,816469,130045,43433,86612,1750,802,948,482,192,290,0,0,0
10,219,District - Saran (17),Rural,0-9,922695,478098,444597,922695,478098,444597,0,0,0,0,0,0,0,0,0,0,0,0,0,0,0
10,219,District - Saran (17),Rural,10-14,499975,257477,242498,491217,254291,236926,8319,2999,5320,270,102,168,141,73,68,28,12,16,0,0,0
10,219,District - Saran (17),Rural,15-19,364478,197792,166686,331180,190443,140737,32629,7074,25555,515,207,308,138,60,78,16,8,8,0,0,0
10,219,District - Saran (17),Rural,20-24,262944,138863,124081,117238,92770,24468,144598,45664,98934,904,337,567,162,79,83,42,13,29,0,0,0
10,219,District - Saran (17),Rural,25-29,245831,118542,127289,30860,27546,3314,212929,90268,122661,1764,611,1153,198,86,112,80,31,49,0,0,0
10,219,District - Saran (17),Rural,30-34,230086,108066,122020,8207,7042,1165,218561,99957,118604,3042,954,2088,217,92,125,59,21,38,0,0,0
10,219,District - Saran (17),Rural,35-39,217336,105000,112336,3522,2842,680,208714,100676,108038,4805,1358,3447,241,99,142,54,25,29,0,0,0
10,219,District - Saran (17),Rural,40-44,174033,89933,84100,2106,1725,381,165010,86139,78871,6700,1978,4722,161,68,93,56,23,33,0,0,0
10,219,District - Saran (17),Rural,45-49,143902,70678,73224,1187,986,201,134988,67216,67772,7568,2398,5170,136,68,68,23,10,13,0,0,0
10,219,District - Saran (17),Rural,50-54,113709,60303,53406,957,783,174,102695,56389,46306,9936,3081,6855,103,44,59,18,6,12,0,0,0
10,219,District - Saran (17),Rural,55-59,99676,43803,55873,728,543,185,89860,40336,49524,9012,2890,6122,49,26,23,27,8,19,0,0,0
10,219,District - Saran (17),Rural,60-64,117451,59228,58223,2140,1347,793,94913,51783,43130,20291,6048,14243,83,39,44,24,11,13,0,0,0
10,219,District - Saran (17),Rural,65-69,85944,44035,41909,2275,1451,824,64764,36348,28416,18838,6202,12636,50,26,24,17,8,9,0,0,0
10,219,District - Saran (17),Rural,70-74,62184,34967,27217,994,683,311,39110,26643,12467,22026,7611,14415,33,18,15,21,12,9,0,0,0
10,219,District - Saran (17),Rural,75-79,25538,13716,11822,315,204,111,15595,9698,5897,9604,3802,5802,17,12,5,7,0,7,0,0,0
10,219,District - Saran (17),Rural,80+,30075,15933,14142,1696,979,717,13683,9123,4560,14670,5818,8852,17,9,8,9,4,5,0,0,0
10,219,District - Saran (17),Rural,Age not stated,2803,1685,1118,1827,1189,638,871,457,414,100,36,64,4,3,1,1,0,1,0,0,0
10,219,District - Saran (17),Rural,Less than 18,1651922,856622,795300,1632540,850219,782321,18494,6035,12459,630,244,386,219,106,113,39,18,21,0,0,0
10,219,District - Saran (17),Rural,Less than 21,1868453,978726,889727,1794817,960416,834401,72198,17720,54478,1057,412,645,323,154,169,58,24,34,0,0,0
10,219,District - Saran (17),Urban,All ages,353202,184702,168500,187957,106544,81413,151907,74290,77617,13018,3751,9267,249,93,156,71,24,47,0,0,0
10,219,District - Saran (17),Urban,0-9,79081,41322,37759,79081,41322,37759,0,0,0,0,0,0,0,0,0,0,0,0,0,0,0
10,219,District - Saran (17),Urban,10-14,44794,23219,21575,44002,22919,21083,762,289,473,19,8,11,10,3,7,1,0,1,0,0,0
10,219,District - Saran (17),Urban,15-19,38653,21021,17632,35530,20303,15227,3051,693,2358,55,17,38,11,7,4,6,1,5,0,0,0
10,219,District - Saran (17),Urban,20-24,30801,16660,14141,17982,12855,5127,12687,3762,8925,101,34,67,23,6,17,8,3,5,0,0,0
10,219,District - Saran (17),Urban,25-29,26863,13911,12952,6904,5700,1204,19716,8145,11571,190,49,141,44,11,33,9,6,3,0,0,0
10,219,District - Saran (17),Urban,30-34,24268,12221,12047,2012,1703,309,21856,10387,11469,358,119,239,33,9,24,9,3,6,0,0,0
10,219,District - Saran (17),Urban,35-39,22248,11238,11010,690,556,134,21012,10535,10477,501,129,372,34,16,18,11,2,9,0,0,0
10,219,District - Saran (17),Urban,40-44,19033,10036,8997,332,269,63,17874,9552,8322,787,196,591,36,16,20,4,3,1,0,0,0
10,219,District - Saran (17),Urban,45-49,16125,8374,7751,168,142,26,15039,8009,7030,890,210,680,21,11,10,7,2,5,0,0,0
10,219,District - Saran (17),Urban,50-54,12856,6753,6103,107,81,26,11495,6358,5137,1238,310,928,10,3,7,6,1,5,0,0,0
10,219,District - Saran (17),Urban,55-59,10596,5355,5241,89,65,24,9392,4993,4399,1104,295,809,8,2,6,3,0,3,0,0,0
10,219,District - Saran (17),Urban,60-64,10255,5231,5024,191,105,86,8086,4641,3445,1966,479,1487,9,5,4,3,1,2,0,0,0
10,219,District - Saran (17),Urban,65-69,7144,3699,3445,200,122,78,5262,3081,2181,1678,494,1184,3,1,2,1,1,0,0,0,0
10,219,District - Saran (17),Urban,70-74,5124,2840,2284,97,63,34,3131,2191,940,1889,583,1306,5,2,3,2,1,1,0,0,0
10,219,District - Saran (17),Urban,75-79,2181,1175,1006,37,20,17,1227,801,426,915,353,562,1,1,0,1,0,1,0,0,0
10,219,District - Saran (17),Urban,80+,2653,1350,1303,204,116,88,1137,765,372,1311,469,842,1,0,1,0,0,0,0,0,0
10,219,District - Saran (17),Urban,Age not stated,527,297,230,331,203,128,180,88,92,16,6,10,0,0,0,0,0,0,0,0,0
10,219,District - Saran (17),Urban,Less than 18,147490,77082,70408,145634,76461,69173,1786,596,1190,52,18,34,16,7,9,2,0,2,0,0,0
10,219,District - Saran (17),Urban,Less than 21,171717,90577,81140,164896,88935,75961,6686,1598,5088,102,32,70,26,11,15,7,1,6,0,0,0
10,220,District - Vaishali (18),Total,All ages,3495021,1844535,1650486,1783925,1024476,759449,1600516,783575,816941,108098,35309,72789,1961,942,1019,521,233,288,0,0,0
10,220,District - Vaishali (18),Total,0-9,867972,454587,413385,867972,454587,413385,0,0,0,0,0,0,0,0,0,0,0,0,0,0,0
10,220,District - Vaishali (18),Total,10-14,455565,241265,214300,446754,237942,208812,8385,3144,5241,280,114,166,107,47,60,39,18,21,0,0,0
10,220,District - Vaishali (18),Total,15-19,312449,182569,129880,269665,174049,95616,42098,8227,33871,523,206,317,117,62,55,46,25,21,0,0,0
10,220,District - Vaishali (18),Total,20-24,281636,152136,129500,110469,92735,17734,169932,58968,110964,999,336,663,190,81,109,46,16,30,0,0,0
10,220,District - Vaishali (18),Total,25-29,259079,130231,128848,29346,26343,3003,227768,103222,124546,1668,536,1132,236,100,136,61,30,31,0,0,0
10,220,District - Vaishali (18),Total,30-34,238959,119617,119342,7965,6818,1147,227857,111872,115985,2774,749,2025,288,144,144,75,34,41,0,0,0
10,220,District - Vaishali (18),Total,35-39,213899,110438,103461,2901,2335,566,206632,106881,99751,4041,1052,2989,266,141,125,59,29,30,0,0,0
10,220,District - Vaishali (18),Total,40-44,169507,91087,78420,1652,1343,309,162202,88081,74121,5395,1529,3866,218,110,108,40,24,16,0,0,0
10,220,District - Vaishali (18),Total,45-49,136767,70817,65950,871,699,172,129446,68245,61201,6292,1792,4500,135,72,63,23,9,14,0,0,0
10,220,District - Vaishali (18),Total,50-54,106144,57329,48815,715,533,182,97572,54521,43051,7755,2233,5522,86,37,49,16,5,11,0,0,0
10,220,District - Vaishali (18),Total,55-59,93309,43239,50070,654,443,211,84666,40220,44446,7890,2535,5355,71,33,38,28,8,20,0,0,0
10,220,District - Vaishali (18),Total,60-64,104294,52894,51400,1755,993,762,86918,47156,39762,15514,4699,10815,85,34,51,22,12,10,0,0,0
10,220,District - Vaishali (18),Total,65-69,79595,42233,37362,1743,1040,703,61991,36009,25982,15794,5153,10641,52,24,28,15,7,8,0,0,0
10,220,District - Vaishali (18),Total,70-74,52095,30071,22024,891,543,348,34635,23843,10792,16525,5663,10862,29,17,12,15,5,10,0,0,0
10,220,District - Vaishali (18),Total,75-79,21842,11919,9923,359,218,141,13773,8540,5233,7697,3157,4540,10,3,7,3,1,2,0,0,0
10,220,District - Vaishali (18),Total,80+,28753,15117,13636,1915,1172,743,14208,9093,5115,12590,4833,7757,23,13,10,17,6,11,0,0,0
10,220,District - Vaishali (18),Total,Age not stated,73156,38986,34170,38298,22683,15615,32433,15553,16880,2361,722,1639,48,24,24,16,4,12,0,0,0
10,220,District - Vaishali (18),Total,Less than 18,1513015,806155,706860,1492368,799303,693065,19798,6493,13305,611,242,369,170,83,87,68,34,34,0,0,0
10,220,District - Vaishali (18),Total,Less than 21,1716652,922476,794176,1627557,901900,725657,87634,19990,67644,1091,410,681,274,132,142,96,44,52,0,0,0
10,220,District - Vaishali (18),Rural,All ages,3261942,1721221,1540721,1664210,955373,708837,1494593,731562,763031,100847,33180,67667,1817,889,928,475,217,258,0,0,0
10,220,District - Vaishali (18),Rural,0-9,816283,427403,388880,816283,427403,388880,0,0,0,0,0,0,0,0,0,0,0,0,0,0,0
10,220,District - Vaishali (18),Rural,10-14,426292,225801,200491,418126,222724,195402,7771,2914,4857,259,101,158,100,46,54,36,16,20,0,0,0
10,220,District - Vaishali (18),Rural,15-19,289273,169444,119829,249059,161478,87581,39588,7693,31895,478,193,285,108,57,51,40,23,17,0,0,0
10,220,District - Vaishali (18),Rural,20-24,261345,141097,120248,99866,84778,15088,160335,55918,104417,928,310,618,177,77,100,39,14,25,0,0,0
10,220,District - Vaishali (18),Rural,25-29,241086,121003,120083,25616,23140,2476,213648,97239,116409,1549,501,1048,220,94,126,53,29,24,0,0,0
10,220,District - Vaishali (18),Rural,30-34,222380,111299,111081,6925,5927,998,212500,104490,108010,2619,713,1906,267,137,130,69,32,37,0,0,0
10,220,District - Vaishali (18),Rural,35-39,198817,102652,96165,2625,2110,515,192152,99390,92762,3746,995,2751,240,131,109,54,26,28,0,0,0
10,220,District - Vaishali (18),Rural,40-44,157312,84528,72784,1512,1231,281,150529,81731,68798,5026,1437,3589,205,105,100,40,24,16,0,0,0
10,220,District - Vaishali (18),Rural,45-49,126752,65515,61237,800,639,161,120003,63120,56883,5800,1679,4121,128,68,60,21,9,12,0,0,0
10,220,District - Vaishali (18),Rural,50-54,98365,53179,45186,672,505,167,90436,50540,39896,7168,2094,5074,76,36,40,13,4,9,0,0,0
10,220,District - Vaishali (18),Rural,55-59,86661,39984,46677,603,413,190,78635,37158,41477,7331,2374,4957,67,33,34,25,6,19,0,0,0
10,220,District - Vaishali (18),Rural,60-64,97585,49365,48220,1628,928,700,81380,43965,37415,14480,4432,10048,77,29,48,20,11,9,0,0,0
10,220,District - Vaishali (18),Rural,65-69,74799,39682,35117,1587,961,626,58373,33859,24514,14773,4831,9942,51,24,27,15,7,8,0,0,0
10,220,District - Vaishali (18),Rural,70-74,48911,28270,20641,815,496,319,32529,22401,10128,15527,5354,10173,25,14,11,15,5,10,0,0,0
10,220,District - Vaishali (18),Rural,75-79,20513,11163,9350,324,204,120,12986,8019,4967,7191,2936,4255,9,3,6,3,1,2,0,0,0
10,220,District - Vaishali (18),Rural,80+,26910,14204,12706,1752,1077,675,13345,8561,4784,11775,4548,7227,21,12,9,17,6,11,0,0,0
10,220,District - Vaishali (18),Rural,Age not stated,68658,36632,32026,36017,21359,14658,30383,14564,15819,2197,682,1515,46,23,23,15,4,11,0,0,0
10,220,District - Vaishali (18),Rural,Less than 18,1418096,755658,662438,1398882,749292,649590,18429,6032,12397,564,223,341,159,80,79,62,31,31,0,0,0
10,220,District - Vaishali (18),Rural,Less than 21,1606837,863654,743183,1523085,844350,678735,82403,18761,63642,1010,377,633,253,126,127,86,40,46,0,0,0
10,220,District - Vaishali (18),Urban,All ages,233079,123314,109765,119715,69103,50612,105923,52013,53910,7251,2129,5122,144,53,91,46,16,30,0,0,0
10,220,District - Vaishali (18),Urban,0-9,51689,27184,24505,51689,27184,24505,0,0,0,0,0,0,0,0,0,0,0,0,0,0,0
10,220,District - Vaishali (18),Urban,10-14,29273,15464,13809,28628,15218,13410,614,230,384,21,13,8,7,1,6,3,2,1,0,0,0
10,220,District - Vaishali (18),Urban,15-19,23176,13125,10051,20606,12571,8035,2510,534,1976,45,13,32,9,5,4,6,2,4,0,0,0
10,220,District - Vaishali (18),Urban,20-24,20291,11039,9252,10603,7957,2646,9597,3050,6547,71,26,45,13,4,9,7,2,5,0,0,0
10,220,District - Vaishali (18),Urban,25-29,17993,9228,8765,3730,3203,527,14120,5983,8137,119,35,84,16,6,10,8,1,7,0,0,0
10,220,District - Vaishali (18),Urban,30-34,16579,8318,8261,1040,891,149,15357,7382,7975,155,36,119,21,7,14,6,2,4,0,0,0
10,220,District - Vaishali (18),Urban,35-39,15082,7786,7296,276,225,51,14480,7491,6989,295,57,238,26,10,16,5,3,2,0,0,0
10,220,District - Vaishali (18),Urban,40-44,12195,6559,5636,140,112,28,11673,6350,5323,369,92,277,13,5,8,0,0,0,0,0,0
10,220,District - Vaishali (18),Urban,45-49,10015,5302,4713,71,60,11,9443,5125,4318,492,113,379,7,4,3,2,0,2,0,0,0
10,220,District - Vaishali (18),Urban,50-54,7779,4150,3629,43,28,15,7136,3981,3155,587,139,448,10,1,9,3,1,2,0,0,0
10,220,District - Vaishali (18),Urban,55-59,6648,3255,3393,51,30,21,6031,3062,2969,559,161,398,4,0,4,3,2,1,0,0,0
10,220,District - Vaishali (18),Urban,60-64,6709,3529,3180,127,65,62,5538,3191,2347,1034,267,767,8,5,3,2,1,1,0,0,0
10,220,District - Vaishali (18),Urban,65-69,4796,2551,2245,156,79,77,3618,2150,1468,1021,322,699,1,0,1,0,0,0,0,0,0
10,220,District - Vaishali (18),Urban,70-74,3184,1801,1383,76,47,29,2106,1442,664,998,309,689,4,3,1,0,0,0,0,0,0
10,220,District - Vaishali (18),Urban,75-79,1329,756,573,35,14,21,787,521,266,506,221,285,1,0,1,0,0,0,0,0,0
10,220,District - Vaishali (18),Urban,80+,1843,913,930,163,95,68,863,532,331,815,285,530,2,1,1,0,0,0,0,0,0
10,220,District - Vaishali (18),Urban,Age not stated,4498,2354,2144,2281,1324,957,2050,989,1061,164,40,124,2,1,1,1,0,1,0,0,0
10,220,District - Vaishali (18),Urban,Less than 18,94919,50497,44422,93486,50011,43475,1369,461,908,47,19,28,11,3,8,6,3,3,0,0,0
10,220,District - Vaishali (18),Urban,Less than 21,109815,58822,50993,104472,57550,46922,5231,1229,4002,81,33,48,21,6,15,10,4,6,0,0,0
10,221,District - Samastipur (19),Total,All ages,4261566,2230003,2031563,2209155,1248191,960964,1906839,935884,970955,141524,44040,97484,3380,1619,1761,668,269,399,0,0,0
10,221,District - Samastipur (19),Total,0-9,1153640,598985,554655,1153640,598985,554655,0,0,0,0,0,0,0,0,0,0,0,0,0,0,0
10,221,District - Samastipur (19),Total,10-14,584896,308132,276764,575088,304180,270908,9247,3688,5559,281,113,168,262,144,118,18,7,11,0,0,0
10,221,District - Samastipur (19),Total,15-19,371310,215162,156148,313399,205295,108104,57155,9536,47619,502,208,294,232,116,116,22,7,15,0,0,0
10,221,District - Samastipur (19),Total,20-24,341312,177620,163692,111947,95071,16876,227868,82001,145867,1045,354,691,381,174,207,71,20,51,0,0,0
10,221,District - Samastipur (19),Total,25-29,315772,157470,158302,28231,25068,3163,284961,131485,153476,2044,670,1374,441,212,229,95,35,60,0,0,0
10,221,District - Samastipur (19),Total,30-34,288854,145097,143757,7684,6553,1131,277101,137242,139859,3468,1012,2456,499,243,256,102,47,55,0,0,0
10,221,District - Samastipur (19),Total,35-39,254383,132440,121943,2897,2418,479,245923,128482,117441,5048,1307,3741,426,199,227,89,34,55,0,0,0
10,221,District - Samastipur (19),Total,40-44,200698,106476,94222,1566,1290,276,191625,103138,88487,7050,1819,5231,379,189,190,78,40,38,0,0,0
10,221,District - Samastipur (19),Total,45-49,169404,86541,82863,899,724,175,159670,83337,76333,8561,2355,6206,226,102,124,48,23,25,0,0,0
10,221,District - Samastipur (19),Total,50-54,135333,72357,62976,705,550,155,122844,68388,54456,11560,3322,8238,193,81,112,31,16,15,0,0,0
10,221,District - Samastipur (19),Total,55-59,117349,56074,61275,591,437,154,105191,52060,53131,11454,3523,7931,95,44,51,18,10,8,0,0,0
10,221,District - Samastipur (19),Total,60-64,125880,64420,61460,1826,1053,773,100480,56796,43684,23441,6524,16917,107,41,66,26,6,20,0,0,0
10,221,District - Samastipur (19),Total,65-69,86713,46270,40443,1684,1033,651,62867,38237,24630,22073,6957,15116,64,35,29,25,8,17,0,0,0
10,221,District - Samastipur (19),Total,70-74,55097,30684,24413,685,444,241,33349,23366,9983,21016,6862,14154,27,11,16,20,1,19,0,0,0
10,221,District - Samastipur (19),Total,75-79,22519,12231,10288,245,167,78,12740,8325,4415,9513,3723,5790,15,11,4,6,5,1,0,0,0
10,221,District - Samastipur (19),Total,80+,25921,13185,12736,1157,737,420,10705,7267,3438,14028,5164,8864,18,10,8,13,7,6,0,0,0
10,221,District - Samastipur (19),Total,Age not stated,12485,6859,5626,6911,4186,2725,5113,2536,2577,440,127,313,15,7,8,6,3,3,0,0,0
10,221,District - Samastipur (19),Total,Less than 18,1964634,1039299,925335,1940249,1031622,908627,23354,7205,16149,603,251,352,401,211,190,27,10,17,0,0,0
10,221,District - Samastipur (19),Total,Less than 21,2204651,1169863,1034788,2085406,1144431,940975,117537,24703,92834,1065,411,654,592,301,291,51,17,34,0,0,0
10,221,District - Samastipur (19),Rural,All ages,4113769,2152273,1961496,2133818,1204936,928882,1840151,902769,937382,135951,42751,93200,3220,1561,1659,629,256,373,0,0,0
10,221,District - Samastipur (19),Rural,0-9,1122605,582711,539894,1122605,582711,539894,0,0,0,0,0,0,0,0,0,0,0,0,0,0,0
10,221,District - Samastipur (19),Rural,10-14,566558,298508,268050,557073,294668,262405,8938,3580,5358,272,111,161,258,142,116,17,7,10,0,0,0
10,221,District - Samastipur (19),Rural,15-19,356025,206860,149165,299709,197265,102444,55593,9280,46313,480,197,283,221,111,110,22,7,15,0,0,0
10,221,District - Samastipur (19),Rural,20-24,327871,170388,157483,104357,89615,14742,222065,80239,141826,1013,344,669,368,170,198,68,20,48,0,0,0
10,221,District - Samastipur (19),Rural,25-29,304119,151431,152688,25257,22631,2626,276385,127903,148482,1970,657,1313,419,206,213,88,34,54,0,0,0
10,221,District - Samastipur (19),Rural,30-34,278129,139626,138503,6751,5754,997,267487,132621,134866,3322,974,2348,474,233,241,95,44,51,0,0,0
10,221,District - Samastipur (19),Rural,35-39,244647,127417,117230,2636,2191,445,236686,123735,112951,4838,1267,3571,406,195,211,81,29,52,0,0,0
10,221,District - Samastipur (19),Rural,40-44,192406,102124,90282,1447,1194,253,183829,98958,84871,6701,1757,4944,355,177,178,74,38,36,0,0,0
10,221,District - Samastipur (19),Rural,45-49,161862,82679,79183,840,677,163,152673,79609,73064,8094,2276,5818,210,94,116,45,23,22,0,0,0
10,221,District - Samastipur (19),Rural,50-54,129401,69156,60245,666,517,149,117505,65323,52182,11019,3224,7795,182,77,105,29,15,14,0,0,0
10,221,District - Samastipur (19),Rural,55-59,112510,53406,59104,557,413,144,100930,49536,51394,10917,3405,7512,90,43,47,16,9,7,0,0,0
10,221,District - Samastipur (19),Rural,60-64,121797,62304,59493,1774,1023,751,97269,54878,42391,22626,6356,16270,103,41,62,25,6,19,0,0,0
10,221,District - Samastipur (19),Rural,65-69,83937,44792,39145,1629,998,631,60951,36997,23954,21272,6756,14516,61,33,28,24,8,16,0,0,0
10,221,District - Samastipur (19),Rural,70-74,53371,29754,23617,650,425,225,32326,22629,9697,20349,6688,13661,26,11,15,20,1,19,0,0,0
10,221,District - Samastipur (19),Rural,75-79,21722,11836,9886,237,163,74,12355,8058,4297,9109,3599,5510,15,11,4,6,5,1,0,0,0
10,221,District - Samastipur (19),Rural,80+,25068,12793,12275,1117,717,400,10363,7041,3322,13557,5018,8539,18,10,8,13,7,6,0,0,0
10,221,District - Samastipur (19),Rural,Age not stated,11741,6488,5253,6513,3974,2539,4796,2382,2414,412,122,290,14,7,7,6,3,3,0,0,0
10,221,District - Samastipur (19),Rural,Less than 18,1906003,1008352,897651,1882425,1000896,881529,22573,6992,15581,587,246,341,392,208,184,26,10,16,0,0,0
10,221,District - Samastipur (19),Rural,Less than 21,2136423,1133811,1002612,2020393,1109043,911350,114378,24063,90315,1029,395,634,574,293,281,49,17,32,0,0,0
10,221,District - Samastipur (19),Urban,All ages,147797,77730,70067,75337,43255,32082,66688,33115,33573,5573,1289,4284,160,58,102,39,13,26,0,0,0
10,221,District - Samastipur (19),Urban,0-9,31035,16274,14761,31035,16274,14761,0,0,0,0,0,0,0,0,0,0,0,0,0,0,0
10,221,District - Samastipur (19),Urban,10-14,18338,9624,8714,18015,9512,8503,309,108,201,9,2,7,4,2,2,1,0,1,0,0,0
10,221,District - Samastipur (19),Urban,15-19,15285,8302,6983,13690,8030,5660,1562,256,1306,22,11,11,11,5,6,0,0,0,0,0,0
10,221,District - Samastipur (19),Urban,20-24,13441,7232,6209,7590,5456,2134,5803,1762,4041,32,10,22,13,4,9,3,0,3,0,0,0
10,221,District - Samastipur (19),Urban,25-29,11653,6039,5614,2974,2437,537,8576,3582,4994,74,13,61,22,6,16,7,1,6,0,0,0
10,221,District - Samastipur (19),Urban,30-34,10725,5471,5254,933,799,134,9614,4621,4993,146,38,108,25,10,15,7,3,4,0,0,0
10,221,District - Samastipur (19),Urban,35-39,9736,5023,4713,261,227,34,9237,4747,4490,210,40,170,20,4,16,8,5,3,0,0,0
10,221,District - Samastipur (19),Urban,40-44,8292,4352,3940,119,96,23,7796,4180,3616,349,62,287,24,12,12,4,2,2,0,0,0
10,221,District - Samastipur (19),Urban,45-49,7542,3862,3680,59,47,12,6997,3728,3269,467,79,388,16,8,8,3,0,3,0,0,0
10,221,District - Samastipur (19),Urban,50-54,5932,3201,2731,39,33,6,5339,3065,2274,541,98,443,11,4,7,2,1,1,0,0,0
10,221,District - Samastipur (19),Urban,55-59,4839,2668,2171,34,24,10,4261,2524,1737,537,118,419,5,1,4,2,1,1,0,0,0
10,221,District - Samastipur (19),Urban,60-64,4083,2116,1967,52,30,22,3211,1918,1293,815,168,647,4,0,4,1,0,1,0,0,0
10,221,District - Samastipur (19),Urban,65-69,2776,1478,1298,55,35,20,1916,1240,676,801,201,600,3,2,1,1,0,1,0,0,0
10,221,District - Samastipur (19),Urban,70-74,1726,930,796,35,19,16,1023,737,286,667,174,493,1,0,1,0,0,0,0,0,0
10,221,District - Samastipur (19),Urban,75-79,797,395,402,8,4,4,385,267,118,404,124,280,0,0,0,0,0,0,0,0,0
10,221,District - Samastipur (19),Urban,80+,853,392,461,40,20,20,342,226,116,471,146,325,0,0,0,0,0,0,0,0,0
10,221,District - Samastipur (19),Urban,Age not stated,744,371,373,398,212,186,317,154,163,28,5,23,1,0,1,0,0,0,0,0,0
10,221,District - Samastipur (19),Urban,Less than 18,58631,30947,27684,57824,30726,27098,781,213,568,16,5,11,9,3,6,1,0,1,0,0,0
10,221,District - Samastipur (19),Urban,Less than 21,68228,36052,32176,65013,35388,29625,3159,640,2519,36,16,20,18,8,10,2,0,2,0,0,0
10,222,District - Begusarai (20),Total,All ages,2970541,1567660,1402881,1564566,892366,672200,1311610,646954,664656,91459,27089,64370,2344,1065,1279,562,186,376,0,0,0
10,222,District - Begusarai (20),Total,0-9,797339,415229,382110,797339,415229,382110,0,0,0,0,0,0,0,0,0,0,0,0,0,0,0
10,222,District - Begusarai (20),Total,10-14,412088,217991,194097,402251,214069,188182,9391,3731,5660,271,104,167,137,70,67,38,17,21,0,0,0
10,222,District - Begusarai (20),Total,15-19,265781,155379,110402,223647,147385,76262,41465,7750,33715,512,190,322,126,45,81,31,9,22,0,0,0
10,222,District - Begusarai (20),Total,20-24,245902,129191,116711,91172,75296,15876,153486,53423,100063,925,357,568,260,100,160,59,15,44,0,0,0
10,222,District - Begusarai (20),Total,25-29,230578,116743,113835,25624,22414,3210,202865,93671,109194,1658,472,1186,347,160,187,84,26,58,0,0,0
10,222,District - Begusarai (20),Total,30-34,206795,105499,101296,7516,6383,1133,196221,98182,98039,2585,733,1852,390,173,217,83,28,55,0,0,0
10,222,District - Begusarai (20),Total,35-39,183090,96201,86889,2678,2157,521,176202,92916,83286,3828,957,2871,309,146,163,73,25,48,0,0,0
10,222,District - Begusarai (20),Total,40-44,141230,76606,64624,1483,1161,322,134411,73947,60464,5050,1349,3701,233,124,109,53,25,28,0,0,0
10,222,District - Begusarai (20),Total,45-49,113759,59560,54199,825,649,176,106717,57286,49431,6008,1532,4476,170,79,91,39,14,25,0,0,0
10,222,District - Begusarai (20),Total,50-54,87649,47709,39940,701,539,162,79161,45062,34099,7673,2064,5609,98,42,56,16,2,14,0,0,0
10,222,District - Begusarai (20),Total,55-59,74549,35434,39115,568,396,172,66553,32878,33675,7333,2124,5209,77,32,45,18,4,14,0,0,0
10,222,District - Begusarai (20),Total,60-64,83714,42673,41041,2643,1494,1149,65088,36987,28101,15876,4150,11726,79,36,43,28,6,22,0,0,0
10,222,District - Begusarai (20),Total,65-69,56420,29972,26448,2510,1568,942,40381,24350,16031,13458,4025,9433,61,26,35,10,3,7,0,0,0
10,222,District - Begusarai (20),Total,70-74,36276,20453,15823,1173,708,465,22242,15650,6592,12818,4072,8746,27,16,11,16,7,9,0,0,0
10,222,District - Begusarai (20),Total,75-79,13860,7591,6269,377,238,139,8128,5303,2825,5341,2045,3296,8,4,4,6,1,5,0,0,0
10,222,District - Begusarai (20),Total,80+,17528,9029,8499,1577,1013,564,7918,5128,2790,8010,2876,5134,19,10,9,4,2,2,0,0,0
10,222,District - Begusarai (20),Total,Age not stated,3983,2400,1583,2482,1667,815,1381,690,691,113,39,74,3,2,1,4,2,2,0,0,0
10,222,District - Begusarai (20),Total,Less than 18,1370080,728175,641905,1348215,720848,627367,21040,6992,14048,570,218,352,198,95,103,57,22,35,0,0,0
10,222,District - Begusarai (20),Total,Less than 21,1545509,824541,720968,1457492,804506,652986,86552,19464,67088,1058,401,657,325,142,183,82,28,54,0,0,0
10,222,District - Begusarai (20),Rural,All ages,2400718,1266308,1134410,1263293,719818,543475,1061882,523113,538769,73284,22362,50922,1827,871,956,432,144,288,0,0,0
10,222,District - Begusarai (20),Rural,0-9,656968,341939,315029,656968,341939,315029,0,0,0,0,0,0,0,0,0,0,0,0,0,0,0
10,222,District - Begusarai (20),Rural,10-14,336790,178338,158452,328644,175094,153550,7766,3082,4684,232,87,145,118,62,56,30,13,17,0,0,0
10,222,District - Begusarai (20),Rural,15-19,209388,123350,86038,174489,116778,57711,34362,6371,27991,412,155,257,105,38,67,20,8,12,0,0,0
10,222,District - Begusarai (20),Rural,20-24,195837,102528,93309,67286,57017,10269,127582,45133,82449,710,282,428,214,84,130,45,12,33,0,0,0
10,222,District - Begusarai (20),Rural,25-29,184224,93032,91192,17227,15413,1814,165321,77080,88241,1336,385,951,272,134,138,68,20,48,0,0,0
10,222,District - Begusarai (20),Rural,30-34,165507,84174,81333,5110,4358,752,157991,79058,78933,2048,596,1452,299,142,157,59,20,39,0,0,0
10,222,District - Begusarai (20),Rural,35-39,145853,76767,69086,1928,1545,383,140660,74310,66350,2983,775,2208,225,118,107,57,19,38,0,0,0
10,222,District - Begusarai (20),Rural,40-44,112146,60684,51462,1140,892,248,106803,58550,48253,3987,1128,2859,172,95,77,44,19,25,0,0,0
10,222,District - Begusarai (20),Rural,45-49,90351,47158,43193,639,503,136,84897,45343,39554,4652,1234,3418,135,67,68,28,11,17,0,0,0
10,222,District - Begusarai (20),Rural,50-54,69801,38042,31759,558,430,128,63176,35927,27249,5976,1649,4327,79,34,45,12,2,10,0,0,0
10,222,District - Begusarai (20),Rural,55-59,59681,27966,31715,449,324,125,53484,25885,27599,5673,1726,3947,63,28,35,12,3,9,0,0,0
10,222,District - Begusarai (20),Rural,60-64,68683,34965,33718,2198,1235,963,53631,30269,23362,12773,3430,9343,60,27,33,21,4,17,0,0,0
10,222,District - Begusarai (20),Rural,65-69,46447,24770,21677,2053,1295,758,33353,20045,13308,10986,3407,7579,45,20,25,10,3,7,0,0,0
10,222,District - Begusarai (20),Rural,70-74,29789,16837,12952,943,575,368,18306,12833,5473,10502,3409,7093,22,13,9,16,7,9,0,0,0
10,222,District - Begusarai (20),Rural,75-79,11351,6219,5132,298,189,109,6729,4351,2378,4312,1675,2637,6,3,3,6,1,5,0,0,0
10,222,District - Begusarai (20),Rural,80+,14492,7507,6985,1264,836,428,6604,4272,2332,6610,2391,4219,11,6,5,3,2,1,0,0,0
10,222,District - Begusarai (20),Rural,Age not stated,3410,2032,1378,2099,1395,704,1217,604,613,92,33,59,1,0,1,1,0,1,0,0,0
10,222,District - Begusarai (20),Rural,Less than 18,1120293,595889,524404,1102380,589882,512498,17234,5730,11504,470,178,292,167,82,85,42,17,25,0,0,0
10,222,District - Begusarai (20),Rural,Less than 21,1259316,672198,587118,1186319,655581,530738,71801,16145,55656,861,327,534,273,122,151,62,23,39,0,0,0
10,222,District - Begusarai (20),Urban,All ages,569823,301352,268471,301273,172548,128725,249728,123841,125887,18175,4727,13448,517,194,323,130,42,88,0,0,0
10,222,District - Begusarai (20),Urban,0-9,140371,73290,67081,140371,73290,67081,0,0,0,0,0,0,0,0,0,0,0,0,0,0,0
10,222,District - Begusarai (20),Urban,10-14,75298,39653,35645,73607,38975,34632,1625,649,976,39,17,22,19,8,11,8,4,4,0,0,0
10,222,District - Begusarai (20),Urban,15-19,56393,32029,24364,49158,30607,18551,7103,1379,5724,100,35,65,21,7,14,11,1,10,0,0,0
10,222,District - Begusarai (20),Urban,20-24,50065,26663,23402,23886,18279,5607,25904,8290,17614,215,75,140,46,16,30,14,3,11,0,0,0
10,222,District - Begusarai (20),Urban,25-29,46354,23711,22643,8397,7001,1396,37544,16591,20953,322,87,235,75,26,49,16,6,10,0,0,0
10,222,District - Begusarai (20),Urban,30-34,41288,21325,19963,2406,2025,381,38230,19124,19106,537,137,400,91,31,60,24,8,16,0,0,0
10,222,District - Begusarai (20),Urban,35-39,37237,19434,17803,750,612,138,35542,18606,16936,845,182,663,84,28,56,16,6,10,0,0,0
10,222,District - Begusarai (20),Urban,40-44,29084,15922,13162,343,269,74,27608,15397,12211,1063,221,842,61,29,32,9,6,3,0,0,0
10,222,District - Begusarai (20),Urban,45-49,23408,12402,11006,186,146,40,21820,11943,9877,1356,298,1058,35,12,23,11,3,8,0,0,0
10,222,District - Begusarai (20),Urban,50-54,17848,9667,8181,143,109,34,15985,9135,6850,1697,415,1282,19,8,11,4,0,4,0,0,0
10,222,District - Begusarai (20),Urban,55-59,14868,7468,7400,119,72,47,13069,6993,6076,1660,398,1262,14,4,10,6,1,5,0,0,0
10,222,District - Begusarai (20),Urban,60-64,15031,7708,7323,445,259,186,11457,6718,4739,3103,720,2383,19,9,10,7,2,5,0,0,0
10,222,District - Begusarai (20),Urban,65-69,9973,5202,4771,457,273,184,7028,4305,2723,2472,618,1854,16,6,10,0,0,0,0,0,0
10,222,District - Begusarai (20),Urban,70-74,6487,3616,2871,230,133,97,3936,2817,1119,2316,663,1653,5,3,2,0,0,0,0,0,0
10,222,District - Begusarai (20),Urban,75-79,2509,1372,1137,79,49,30,1399,952,447,1029,370,659,2,1,1,0,0,0,0,0,0
10,222,District - Begusarai (20),Urban,80+,3036,1522,1514,313,177,136,1314,856,458,1400,485,915,8,4,4,1,0,1,0,0,0
10,222,District - Begusarai (20),Urban,Age not stated,573,368,205,383,272,111,164,86,78,21,6,15,2,2,0,3,2,1,0,0,0
10,222,District - Begusarai (20),Urban,Less than 18,249787,132286,117501,245835,130966,114869,3806,1262,2544,100,40,60,31,13,18,15,5,10,0,0,0
10,222,District - Begusarai (20),Urban,Less than 21,286193,152343,133850,271173,148925,122248,14751,3319,11432,197,74,123,52,20,32,20,5,15,0,0,0
10,223,District - Khagaria (21),Total,All ages,1666886,883786,783100,900370,512912,387458,722391,358258,364133,43056,12161,30895,860,386,474,209,69,140,0,0,0
10,223,District - Khagaria (21),Total,0-9,487308,253500,233808,487308,253500,233808,0,0,0,0,0,0,0,0,0,0,0,0,0,0,0
10,223,District - Khagaria (21),Total,10-14,230659,123627,107032,225663,121668,103995,4774,1853,2921,131,59,72,81,42,39,10,5,5,0,0,0
10,223,District - Khagaria (21),Total,15-19,142900,84867,58033,119982,80771,39211,22579,3957,18622,257,99,158,71,35,36,11,5,6,0,0,0
10,223,District - Khagaria (21),Total,20-24,130795,67910,62885,45612,38821,6791,84597,28866,55731,464,163,301,98,52,46,24,8,16,0,0,0
10,223,District - Khagaria (21),Total,25-29,122983,62588,60395,12675,11326,1349,109422,50953,58469,722,235,487,137,60,77,27,14,13,0,0,0
10,223,District - Khagaria (21),Total,30-34,111990,56632,55358,3400,2981,419,107198,53276,53922,1246,325,921,118,45,73,28,5,23,0,0,0
10,223,District - Khagaria (21),Total,35-39,101096,53480,47616,1083,867,216,98066,52136,45930,1830,426,1404,100,45,55,17,6,11,0,0,0
10,223,District - Khagaria (21),Total,40-44,78678,43063,35615,601,472,129,75539,42016,33523,2432,535,1897,78,30,48,28,10,18,0,0,0
10,223,District - Khagaria (21),Total,45-49,63767,33800,29967,328,244,84,60613,32839,27774,2751,689,2062,61,25,36,14,3,11,0,0,0
10,223,District - Khagaria (21),Total,50-54,48447,27052,21395,281,193,88,44608,25911,18697,3514,930,2584,34,13,21,10,5,5,0,0,0
10,223,District - Khagaria (21),Total,55-59,40282,19351,20931,223,144,79,36623,18206,18417,3402,986,2416,22,13,9,12,2,10,0,0,0
10,223,District - Khagaria (21),Total,60-64,43379,22383,20996,628,327,301,35341,20164,15177,7374,1881,5493,26,8,18,10,3,7,0,0,0
10,223,District - Khagaria (21),Total,65-69,30346,16392,13954,590,348,242,22934,14156,8778,6798,1876,4922,18,10,8,6,2,4,0,0,0
10,223,District - Khagaria (21),Total,70-74,18167,10477,7690,388,217,171,11589,8407,3182,6176,1848,4328,8,4,4,6,1,5,0,0,0
10,223,District - Khagaria (21),Total,75-79,6741,3680,3061,165,103,62,4248,2737,1511,2324,839,1485,3,1,2,1,0,1,0,0,0
10,223,District - Khagaria (21),Total,80+,8434,4442,3992,842,532,310,3985,2648,1337,3599,1259,2340,5,3,2,3,0,3,0,0,0
10,223,District - Khagaria (21),Total,Age not stated,914,542,372,601,398,203,275,133,142,36,11,25,0,0,0,2,0,2,0,0,0
10,223,District - Khagaria (21),Total,Less than 18,804242,429269,374973,792967,425482,367485,10847,3595,7252,293,120,173,122,65,57,13,7,6,0,0,0
10,223,District - Khagaria (21),Total,Less than 21,899474,480929,418545,850662,470704,379958,48097,9932,38165,514,194,320,174,88,86,27,11,16,0,0,0
10,223,District - Khagaria (21),Rural,All ages,1579727,837281,742446,854006,486365,367641,684370,339016,345354,40366,11472,28894,792,361,431,193,67,126,0,0,0
10,223,District - Khagaria (21),Rural,0-9,466778,242757,224021,466778,242757,224021,0,0,0,0,0,0,0,0,0,0,0,0,0,0,0
10,223,District - Khagaria (21),Rural,10-14,219306,117751,101555,214558,115877,98681,4539,1771,2768,121,57,64,80,41,39,8,5,3,0,0,0
10,223,District - Khagaria (21),Rural,15-19,134043,79940,54103,112122,76047,36075,21609,3768,17841,234,88,146,67,32,35,11,5,6,0,0,0
10,223,District - Khagaria (21),Rural,20-24,122957,63696,59261,41326,35644,5682,81086,27846,53240,431,149,282,92,50,42,22,7,15,0,0,0
10,223,District - Khagaria (21),Rural,25-29,116190,58928,57262,11040,9953,1087,104338,48691,55647,661,214,447,125,56,69,26,14,12,0,0,0
10,223,District - Khagaria (21),Rural,30-34,105786,53473,52313,2920,2559,361,101577,50565,51012,1158,302,856,107,43,64,24,4,20,0,0,0
10,223,District - Khagaria (21),Rural,35-39,95464,50494,44970,959,772,187,92702,49265,43437,1699,409,1290,90,42,48,14,6,8,0,0,0
10,223,District - Khagaria (21),Rural,40-44,73961,40493,33468,542,429,113,71032,39518,31514,2288,506,1782,73,30,43,26,10,16,0,0,0
10,223,District - Khagaria (21),Rural,45-49,59704,31552,28152,294,221,73,56801,30654,26147,2542,652,1890,53,22,31,14,3,11,0,0,0
10,223,District - Khagaria (21),Rural,50-54,45411,25307,20104,249,174,75,41832,24241,17591,3294,879,2415,27,8,19,9,5,4,0,0,0
10,223,District - Khagaria (21),Rural,55-59,37895,18048,19847,205,134,71,34498,16981,17517,3160,919,2241,21,12,9,11,2,9,0,0,0
10,223,District - Khagaria (21),Rural,60-64,41265,21277,19988,588,310,278,33642,19155,14487,7002,1802,5200,23,7,16,10,3,7,0,0,0
10,223,District - Khagaria (21),Rural,65-69,28781,15572,13209,567,335,232,21782,13445,8337,6408,1780,4628,18,10,8,6,2,4,0,0,0
10,223,District - Khagaria (21),Rural,70-74,17177,9915,7262,365,198,167,10965,7959,3006,5833,1753,4080,8,4,4,6,1,5,0,0,0
10,223,District - Khagaria (21),Rural,75-79,6263,3425,2838,145,89,56,3965,2545,1420,2149,790,1359,3,1,2,1,0,1,0,0,0
10,223,District - Khagaria (21),Rural,80+,7913,4160,3753,796,503,293,3756,2492,1264,3353,1162,2191,5,3,2,3,0,3,0,0,0
10,223,District - Khagaria (21),Rural,Age not stated,833,493,340,552,363,189,246,120,126,33,10,23,0,0,0,2,0,2,0,0,0
10,223,District - Khagaria (21),Rural,Less than 18,767093,409731,357362,756387,406118,350269,10306,3432,6874,269,111,158,120,63,57,11,7,4,0,0,0
10,223,District - Khagaria (21),Rural,Less than 21,856475,458224,398251,809773,448454,361319,46041,9500,36541,469,176,293,167,83,84,25,11,14,0,0,0
10,223,District - Khagaria (21),Urban,All ages,87159,46505,40654,46364,26547,19817,38021,19242,18779,2690,689,2001,68,25,43,16,2,14,0,0,0
10,223,District - Khagaria (21),Urban,0-9,20530,10743,9787,20530,10743,9787,0,0,0,0,0,0,0,0,0,0,0,0,0,0,0
10,223,District - Khagaria (21),Urban,10-14,11353,5876,5477,11105,5791,5314,235,82,153,10,2,8,1,1,0,2,0,2,0,0,0
10,223,District - Khagaria (21),Urban,15-19,8857,4927,3930,7860,4724,3136,970,189,781,23,11,12,4,3,1,0,0,0,0,0,0
10,223,District - Khagaria (21),Urban,20-24,7838,4214,3624,4286,3177,1109,3511,1020,2491,33,14,19,6,2,4,2,1,1,0,0,0
10,223,District - Khagaria (21),Urban,25-29,6793,3660,3133,1635,1373,262,5084,2262,2822,61,21,40,12,4,8,1,0,1,0,0,0
10,223,District - Khagaria (21),Urban,30-34,6204,3159,3045,480,422,58,5621,2711,2910,88,23,65,11,2,9,4,1,3,0,0,0
10,223,District - Khagaria (21),Urban,35-39,5632,2986,2646,124,95,29,5364,2871,2493,131,17,114,10,3,7,3,0,3,0,0,0
10,223,District - Khagaria (21),Urban,40-44,4717,2570,2147,59,43,16,4507,2498,2009,144,29,115,5,0,5,2,0,2,0,0,0
10,223,District - Khagaria (21),Urban,45-49,4063,2248,1815,34,23,11,3812,2185,1627,209,37,172,8,3,5,0,0,0,0,0,0
10,223,District - Khagaria (21),Urban,50-54,3036,1745,1291,32,19,13,2776,1670,1106,220,51,169,7,5,2,1,0,1,0,0,0
10,223,District - Khagaria (21),Urban,55-59,2387,1303,1084,18,10,8,2125,1225,900,242,67,175,1,1,0,1,0,1,0,0,0
10,223,District - Khagaria (21),Urban,60-64,2114,1106,1008,40,17,23,1699,1009,690,372,79,293,3,1,2,0,0,0,0,0,0
10,223,District - Khagaria (21),Urban,65-69,1565,820,745,23,13,10,1152,711,441,390,96,294,0,0,0,0,0,0,0,0,0
10,223,District - Khagaria (21),Urban,70-74,990,562,428,23,19,4,624,448,176,343,95,248,0,0,0,0,0,0,0,0,0
10,223,District - Khagaria (21),Urban,75-79,478,255,223,20,14,6,283,192,91,175,49,126,0,0,0,0,0,0,0,0,0
10,223,District - Khagaria (21),Urban,80+,521,282,239,46,29,17,229,156,73,246,97,149,0,0,0,0,0,0,0,0,0
10,223,District - Khagaria (21),Urban,Age not stated,81,49,32,49,35,14,29,13,16,3,1,2,0,0,0,0,0,0,0,0,0
10,223,District - Khagaria (21),Urban,Less than 18,37149,19538,17611,36580,19364,17216,541,163,378,24,9,15,2,2,0,2,0,2,0,0,0
10,223,District - Khagaria (21),Urban,Less than 21,42999,22705,20294,40889,22250,18639,2056,432,1624,45,18,27,7,5,2,2,0,2,0,0,0
10,224,District - Bhagalpur (22),Total,All ages,3037766,1615663,1422103,1637948,942464,695484,1306969,647963,659006,90051,24331,65720,2069,730,1339,729,175,554,0,0,0
10,224,District - Bhagalpur (22),Total,0-9,792173,409413,382760,792173,409413,382760,0,0,0,0,0,0,0,0,0,0,0,0,0,0,0
10,224,District - Bhagalpur (22),Total,10-14,399054,211531,187523,391987,208728,183259,6696,2651,4045,234,94,140,122,54,68,15,4,11,0,0,0
10,224,District - Bhagalpur (22),Total,15-19,283976,165165,118811,251471,159722,91749,31982,5260,26722,385,127,258,120,46,74,18,10,8,0,0,0
10,224,District - Bhagalpur (22),Total,20-24,246480,135459,111021,122828,99573,23255,122534,35560,86974,801,233,568,234,80,154,83,13,70,0,0,0
10,224,District - Bhagalpur (22),Total,25-29,231196,119337,111859,45002,39321,5681,184296,79503,104793,1497,404,1093,286,83,203,115,26,89,0,0,0
10,224,District - Bhagalpur (22),Total,30-34,207274,106314,100960,12898,11302,1596,191458,94221,97237,2496,663,1833,307,102,205,115,26,89,0,0,0
10,224,District - Bhagalpur (22),Total,35-39,191368,100632,90736,4130,3395,735,183063,96254,86809,3805,870,2935,276,91,185,94,22,72,0,0,0
10,224,District - Bhagalpur (22),Total,40-44,151916,83588,68328,1908,1525,383,144429,80775,63654,5259,1178,4081,239,89,150,81,21,60,0,0,0
10,224,District - Bhagalpur (22),Total,45-49,124102,66130,57972,1001,741,260,116895,63898,52997,6016,1429,4587,137,49,88,53,13,40,0,0,0
10,224,District - Bhagalpur (22),Total,50-54,96960,53274,43686,696,470,226,88606,50946,37660,7517,1808,5709,104,38,66,37,12,25,0,0,0
10,224,District - Bhagalpur (22),Total,55-59,80375,39108,41267,591,365,226,72427,36817,35610,7263,1892,5371,61,23,38,33,11,22,0,0,0
10,224,District - Bhagalpur (22),Total,60-64,87101,45026,42075,1547,817,730,70430,40709,29721,15017,3464,11553,81,33,48,26,3,23,0,0,0
10,224,District - Bhagalpur (22),Total,65-69,61029,32812,28217,1816,986,830,45552,28280,17272,13600,3530,10070,45,15,30,16,1,15,0,0,0
10,224,District - Bhagalpur (22),Total,70-74,38720,22552,16168,813,473,340,25230,18239,6991,12640,3827,8813,23,10,13,14,3,11,0,0,0
10,224,District - Bhagalpur (22),Total,75-79,14888,8418,6470,322,173,149,9440,6401,3039,5112,1838,3274,7,4,3,7,2,5,0,0,0
10,224,District - Bhagalpur (22),Total,80+,18581,9937,8644,1370,833,537,9160,6221,2939,8022,2872,5150,14,7,7,15,4,11,0,0,0
10,224,District - Bhagalpur (22),Total,Age not stated,12573,6967,5606,7395,4627,2768,4771,2228,2543,387,102,285,13,6,7,7,4,3,0,0,0
10,224,District - Bhagalpur (22),Total,Less than 18,1362298,720010,642288,1346396,714610,631786,15207,5135,10072,484,174,310,189,84,105,22,7,15,0,0,0
10,224,District - Bhagalpur (22),Total,Less than 21,1550284,826478,723806,1480357,813268,667089,68732,12781,55951,840,286,554,302,123,179,53,20,33,0,0,0
10,224,District - Bhagalpur (22),Rural,All ages,2435234,1295386,1139848,1314798,755785,559013,1048321,519391,528930,70074,19519,50555,1553,570,983,488,121,367,0,0,0
10,224,District - Bhagalpur (22),Rural,0-9,661855,341429,320426,661855,341429,320426,0,0,0,0,0,0,0,0,0,0,0,0,0,0,0
10,224,District - Bhagalpur (22),Rural,10-14,326422,173438,152984,320397,171017,149380,5721,2299,3422,199,80,119,96,40,56,9,2,7,0,0,0
10,224,District - Bhagalpur (22),Rural,15-19,221045,131004,90041,193380,126338,67042,27247,4521,22726,313,104,209,90,33,57,15,8,7,0,0,0
10,224,District - Bhagalpur (22),Rural,20-24,190394,104729,85665,86801,73678,13123,102702,30794,71908,644,186,458,185,60,125,62,11,51,0,0,0
10,224,District - Bhagalpur (22),Rural,25-29,181759,93343,88416,28932,26082,2850,151318,66847,84471,1216,326,890,218,67,151,75,21,54,0,0,0
10,224,District - Bhagalpur (22),Rural,30-34,163887,83750,80137,7727,6839,888,153892,76273,77619,1978,542,1436,221,82,139,69,14,55,0,0,0
10,224,District - Bhagalpur (22),Rural,35-39,151706,79866,71840,2447,2002,445,145947,77054,68893,3046,727,2319,204,69,135,62,14,48,0,0,0
10,224,District - Bhagalpur (22),Rural,40-44,118676,65512,53164,1201,974,227,113168,63510,49658,4096,947,3149,171,70,101,40,11,29,0,0,0
10,224,District - Bhagalpur (22),Rural,45-49,95918,51091,44827,654,484,170,90637,49430,41207,4485,1129,3356,102,38,64,40,10,30,0,0,0
10,224,District - Bhagalpur (22),Rural,50-54,74816,41141,33675,489,334,155,68635,39334,29301,5581,1431,4150,80,34,46,31,8,23,0,0,0
10,224,District - Bhagalpur (22),Rural,55-59,62461,29848,32613,423,272,151,56550,28059,28491,5416,1491,3925,48,18,30,24,8,16,0,0,0
10,224,District - Bhagalpur (22),Rural,60-64,69001,35337,33664,1075,568,507,56172,31979,24193,11684,2766,8918,54,22,32,16,2,14,0,0,0
10,224,District - Bhagalpur (22),Rural,65-69,48981,26192,22789,1107,603,504,36932,22729,14203,10898,2848,8050,33,11,22,11,1,10,0,0,0
10,224,District - Bhagalpur (22),Rural,70-74,30910,17995,12915,553,322,231,20192,14534,5658,10134,3127,7007,19,9,10,12,3,9,0,0,0
10,224,District - Bhagalpur (22),Rural,75-79,11593,6573,5020,223,122,101,7542,5040,2502,3817,1406,2411,7,4,3,4,1,3,0,0,0
10,224,District - Bhagalpur (22),Rural,80+,14622,7942,6680,1030,627,403,7337,4986,2351,6230,2318,3912,13,7,6,12,4,8,0,0,0
10,224,District - Bhagalpur (22),Rural,Age not stated,11188,6196,4992,6504,4094,2410,4329,2002,2327,337,91,246,12,6,6,6,3,3,0,0,0
10,224,District - Bhagalpur (22),Rural,Less than 18,1122080,593854,528226,1108652,589206,519446,12858,4436,8422,408,148,260,147,60,87,15,4,11,0,0,0
10,224,District - Bhagalpur (22),Rural,Less than 21,1268273,677744,590529,1208969,666430,542539,58333,10976,47357,693,233,460,236,90,146,42,15,27,0,0,0
10,224,District - Bhagalpur (22),Urban,All ages,602532,320277,282255,323150,186679,136471,258648,128572,130076,19977,4812,15165,516,160,356,241,54,187,0,0,0
10,224,District - Bhagalpur (22),Urban,0-9,130318,67984,62334,130318,67984,62334,0,0,0,0,0,0,0,0,0,0,0,0,0,0,0
10,224,District - Bhagalpur (22),Urban,10-14,72632,38093,34539,71590,37711,33879,975,352,623,35,14,21,26,14,12,6,2,4,0,0,0
10,224,District - Bhagalpur (22),Urban,15-19,62931,34161,28770,58091,33384,24707,4735,739,3996,72,23,49,30,13,17,3,2,1,0,0,0
10,224,District - Bhagalpur (22),Urban,20-24,56086,30730,25356,36027,25895,10132,19832,4766,15066,157,47,110,49,20,29,21,2,19,0,0,0
10,224,District - Bhagalpur (22),Urban,25-29,49437,25994,23443,16070,13239,2831,32978,12656,20322,281,78,203,68,16,52,40,5,35,0,0,0
10,224,District - Bhagalpur (22),Urban,30-34,43387,22564,20823,5171,4463,708,37566,17948,19618,518,121,397,86,20,66,46,12,34,0,0,0
10,224,District - Bhagalpur (22),Urban,35-39,39662,20766,18896,1683,1393,290,37116,19200,17916,759,143,616,72,22,50,32,8,24,0,0,0
10,224,District - Bhagalpur (22),Urban,40-44,33240,18076,15164,707,551,156,31261,17265,13996,1163,231,932,68,19,49,41,10,31,0,0,0
10,224,District - Bhagalpur (22),Urban,45-49,28184,15039,13145,347,257,90,26258,14468,11790,1531,300,1231,35,11,24,13,3,10,0,0,0
10,224,District - Bhagalpur (22),Urban,50-54,22144,12133,10011,207,136,71,19971,11612,8359,1936,377,1559,24,4,20,6,4,2,0,0,0
10,224,District - Bhagalpur (22),Urban,55-59,17914,9260,8654,168,93,75,15877,8758,7119,1847,401,1446,13,5,8,9,3,6,0,0,0
10,224,District - Bhagalpur (22),Urban,60-64,18100,9689,8411,472,249,223,14258,8730,5528,3333,698,2635,27,11,16,10,1,9,0,0,0
10,224,District - Bhagalpur (22),Urban,65-69,12048,6620,5428,709,383,326,8620,5551,3069,2702,682,2020,12,4,8,5,0,5,0,0,0
10,224,District - Bhagalpur (22),Urban,70-74,7810,4557,3253,260,151,109,5038,3705,1333,2506,700,1806,4,1,3,2,0,2,0,0,0
10,224,District - Bhagalpur (22),Urban,75-79,3295,1845,1450,99,51,48,1898,1361,537,1295,432,863,0,0,0,3,1,2,0,0,0
10,224,District - Bhagalpur (22),Urban,80+,3959,1995,1964,340,206,134,1823,1235,588,1792,554,1238,1,0,1,3,0,3,0,0,0
10,224,District - Bhagalpur (22),Urban,Age not stated,1385,771,614,891,533,358,442,226,216,50,11,39,1,0,1,1,1,0,0,0,0
10,224,District - Bhagalpur (22),Urban,Less than 18,240218,126156,114062,237744,125404,112340,2349,699,1650,76,26,50,42,24,18,7,3,4,0,0,0
10,224,District - Bhagalpur (22),Urban,Less than 21,282011,148734,133277,271388,146838,124550,10399,1805,8594,147,53,94,66,33,33,11,5,6,0,0,0
10,225,District - Banka (23),Total,All ages,2034763,1067140,967623,1030638,586021,444617,937350,462099,475251,64038,17859,46179,2119,1029,1090,618,132,486,0,0,0
10,225,District - Banka (23),Total,0-9,542476,278959,263517,542476,278959,263517,0,0,0,0,0,0,0,0,0,0,0,0,0,0,0
10,225,District - Banka (23),Total,10-14,260896,138720,122176,255272,136486,118786,5334,2106,3228,172,74,98,106,48,58,12,6,6,0,0,0
10,225,District - Banka (23),Total,15-19,174756,101359,73397,145157,96344,48813,29085,4832,24253,354,129,225,129,49,80,31,5,26,0,0,0
10,225,District - Banka (23),Total,20-24,157870,82760,75110,57182,48955,8227,99738,33484,66254,594,199,395,266,107,159,90,15,75,0,0,0
10,225,District - Banka (23),Total,25-29,155237,77588,77649,17318,15601,1717,136435,61492,74943,1061,322,739,326,154,172,97,19,78,0,0,0
10,225,District - Banka (23),Total,30-34,141306,71419,69887,4572,3953,619,134609,66837,67772,1712,451,1261,314,153,161,99,25,74,0,0,0
10,225,District - Banka (23),Total,35-39,131150,67841,63309,1555,1217,338,126735,65862,60873,2535,617,1918,249,131,118,76,14,62,0,0,0
10,225,District - Banka (23),Total,40-44,104367,56991,47376,762,576,186,99928,55436,44492,3402,867,2535,213,96,117,62,16,46,0,0,0
10,225,District - Banka (23),Total,45-49,85257,44601,40656,462,341,121,80627,43112,37515,3970,1058,2912,149,80,69,49,10,39,0,0,0
10,225,District - Banka (23),Total,50-54,66168,36555,29613,376,225,151,60610,34943,25667,5058,1326,3732,97,60,37,27,1,26,0,0,0
10,225,District - Banka (23),Total,55-59,54825,25888,28937,349,202,147,49575,24299,25276,4822,1350,3472,61,34,27,18,3,15,0,0,0
10,225,District - Banka (23),Total,60-64,59163,30198,28965,901,500,401,47807,27152,20655,10340,2492,7848,90,47,43,25,7,18,0,0,0
10,225,District - Banka (23),Total,65-69,43437,22465,20972,820,476,344,32710,19326,13384,9835,2627,7208,57,32,25,15,4,11,0,0,0
10,225,District - Banka (23),Total,70-74,29181,16394,12787,482,256,226,18813,13338,5475,9843,2772,7071,35,24,11,8,4,4,0,0,0
10,225,District - Banka (23),Total,75-79,11464,6058,5406,217,121,96,7122,4565,2557,4110,1365,2745,13,6,7,2,1,1,0,0,0
10,225,District - Banka (23),Total,80+,14625,7798,6827,1109,685,424,7340,4908,2432,6161,2197,3964,9,6,3,6,2,4,0,0,0
10,225,District - Banka (23),Total,Age not stated,2585,1546,1039,1628,1124,504,882,407,475,69,13,56,5,2,3,1,0,1,0,0,0
10,225,District - Banka (23),Total,Less than 18,907630,479361,428269,894155,474898,419257,12889,4222,8667,394,159,235,165,74,91,27,8,19,0,0,0
10,225,District - Banka (23),Total,Less than 21,1025625,543211,482414,965756,530857,434899,58811,11970,46841,690,254,436,305,116,189,63,14,49,0,0,0
10,225,District - Banka (23),Rural,All ages,1963450,1029097,934353,994151,564803,429348,905431,446330,459101,61714,17275,44439,1574,564,1010,580,125,455,0,0,0
10,225,District - Banka (23),Rural,0-9,525748,270197,255551,525748,270197,255551,0,0,0,0,0,0,0,0,0,0,0,0,0,0,0
10,225,District - Banka (23),Rural,10-14,252245,134148,118097,246758,131974,114784,5206,2052,3154,168,71,97,102,46,56,11,5,6,0,0,0
10,225,District - Banka (23),Rural,15-19,167922,97536,70386,139031,92636,46395,28392,4723,23669,347,129,218,121,43,78,31,5,26,0,0,0
10,225,District - Banka (23),Rural,20-24,151938,79508,72430,54053,46458,7595,97008,32778,64230,578,195,383,216,62,154,83,15,68,0,0,0
10,225,District - Banka (23),Rural,25-29,149642,74646,74996,16048,14470,1578,132227,59764,72463,1036,318,718,238,77,161,93,17,76,0,0,0
10,225,District - Banka (23),Rural,30-34,136273,68834,67439,4193,3605,588,130105,64692,65413,1656,440,1216,224,72,152,95,25,70,0,0,0
10,225,District - Banka (23),Rural,35-39,126321,65336,60985,1440,1118,322,122193,63541,58652,2455,603,1852,168,61,107,65,13,52,0,0,0
10,225,District - Banka (23),Rural,40-44,100357,54768,45589,724,542,182,96135,53331,42804,3286,837,2449,154,43,111,58,15,43,0,0,0
10,225,District - Banka (23),Rural,45-49,81848,42790,39058,433,316,117,77456,41388,36068,3810,1028,2782,102,48,54,47,10,37,0,0,0
10,225,District - Banka (23),Rural,50-54,63515,35052,28463,361,214,147,58199,33514,24685,4864,1292,3572,64,31,33,27,1,26,0,0,0
10,225,District - Banka (23),Rural,55-59,52735,24830,27905,341,197,144,47724,23307,24417,4616,1307,3309,37,16,21,17,3,14,0,0,0
10,225,District - Banka (23),Rural,60-64,57091,29087,28004,886,491,395,46137,26143,19994,9980,2419,7561,65,27,38,23,7,16,0,0,0
10,225,District - Banka (23),Rural,65-69,42008,21710,20298,796,466,330,31654,18686,12968,9500,2533,6967,43,21,22,15,4,11,0,0,0
10,225,District - Banka (23),Rural,70-74,28159,15820,12339,471,248,223,18173,12889,5284,9488,2671,6817,20,9,11,7,3,4,0,0,0
10,225,District - Banka (23),Rural,75-79,11039,5810,5229,210,116,94,6884,4398,2486,3933,1292,2641,10,3,7,2,1,1,0,0,0
10,225,District - Banka (23),Rural,80+,14077,7515,6562,1071,662,409,7065,4722,2343,5930,2127,3803,6,3,3,5,1,4,0,0,0
10,225,District - Banka (23),Rural,Age not stated,2532,1510,1022,1587,1093,494,873,402,471,67,13,54,4,2,2,1,0,1,0,0,0
10,225,District - Banka (23),Rural,Less than 18,878003,463696,414307,864881,459357,405524,12549,4105,8444,388,156,232,159,71,88,26,7,19,0,0,0
10,225,District - Banka (23),Rural,Less than 21,991642,525097,466545,933293,513016,420277,57333,11720,45613,671,248,423,285,100,185,60,13,47,0,0,0
10,225,District - Banka (23),Urban,All ages,71313,38043,33270,36487,21218,15269,31919,15769,16150,2324,584,1740,545,465,80,38,7,31,0,0,0
10,225,District - Banka (23),Urban,0-9,16728,8762,7966,16728,8762,7966,0,0,0,0,0,0,0,0,0,0,0,0,0,0,0
10,225,District - Banka (23),Urban,10-14,8651,4572,4079,8514,4512,4002,128,54,74,4,3,1,4,2,2,1,1,0,0,0,0
10,225,District - Banka (23),Urban,15-19,6834,3823,3011,6126,3708,2418,693,109,584,7,0,7,8,6,2,0,0,0,0,0,0
10,225,District - Banka (23),Urban,20-24,5932,3252,2680,3129,2497,632,2730,706,2024,16,4,12,50,45,5,7,0,7,0,0,0
10,225,District - Banka (23),Urban,25-29,5595,2942,2653,1270,1131,139,4208,1728,2480,25,4,21,88,77,11,4,2,2,0,0,0
10,225,District - Banka (23),Urban,30-34,5033,2585,2448,379,348,31,4504,2145,2359,56,11,45,90,81,9,4,0,4,0,0,0
10,225,District - Banka (23),Urban,35-39,4829,2505,2324,115,99,16,4542,2321,2221,80,14,66,81,70,11,11,1,10,0,0,0
10,225,District - Banka (23),Urban,40-44,4010,2223,1787,38,34,4,3793,2105,1688,116,30,86,59,53,6,4,1,3,0,0,0
10,225,District - Banka (23),Urban,45-49,3409,1811,1598,29,25,4,3171,1724,1447,160,30,130,47,32,15,2,0,2,0,0,0
10,225,District - Banka (23),Urban,50-54,2653,1503,1150,15,11,4,2411,1429,982,194,34,160,33,29,4,0,0,0,0,0,0
10,225,District - Banka (23),Urban,55-59,2090,1058,1032,8,5,3,1851,992,859,206,43,163,24,18,6,1,0,1,0,0,0
10,225,District - Banka (23),Urban,60-64,2072,1111,961,15,9,6,1670,1009,661,360,73,287,25,20,5,2,0,2,0,0,0
10,225,District - Banka (23),Urban,65-69,1429,755,674,24,10,14,1056,640,416,335,94,241,14,11,3,0,0,0,0,0,0
10,225,District - Banka (23),Urban,70-74,1022,574,448,11,8,3,640,449,191,355,101,254,15,15,0,1,1,0,0,0,0
10,225,District - Banka (23),Urban,75-79,425,248,177,7,5,2,238,167,71,177,73,104,3,3,0,0,0,0,0,0,0
10,225,District - Banka (23),Urban,80+,548,283,265,38,23,15,275,186,89,231,70,161,3,3,0,1,1,0,0,0,0
10,225,District - Banka (23),Urban,Age not stated,53,36,17,41,31,10,9,5,4,2,0,2,1,0,1,0,0,0,0,0,0
10,225,District - Banka (23),Urban,Less than 18,29627,15665,13962,29274,15541,13733,340,117,223,6,3,3,6,3,3,1,1,0,0,0,0
10,225,District - Banka (23),Urban,Less than 21,33983,18114,15869,32463,17841,14622,1478,250,1228,19,6,13,20,16,4,3,1,2,0,0,0
10,226,District - Munger (24),Total,All ages,1367765,729041,638724,714704,416714,297990,603613,299018,304595,48001,12772,35229,1156,444,712,291,93,198,0,0,0
10,226,District - Munger (24),Total,0-9,333253,174016,159237,333253,174016,159237,0,0,0,0,0,0,0,0,0,0,0,0,0,0,0
10,226,District - Munger (24),Total,10-14,174685,93543,81142,171555,92377,79178,2970,1100,1870,88,31,57,62,29,33,10,6,4,0,0,0
10,226,District - Munger (24),Total,15-19,131384,76179,55205,115912,73575,42337,15189,2507,12682,214,73,141,62,24,38,7,0,7,0,0,0
10,226,District - Munger (24),Total,20-24,113935,62635,51300,56772,45400,11372,56602,17096,39506,394,95,299,142,40,102,25,4,21,0,0,0
10,226,District - Munger (24),Total,25-29,106890,55217,51673,21989,19249,2740,83906,35730,48176,800,178,622,155,50,105,40,10,30,0,0,0
10,226,District - Munger (24),Total,30-34,96091,49795,46296,6712,5962,750,87875,43448,44427,1276,315,961,187,56,131,41,14,27,0,0,0
10,226,District - Munger (24),Total,35-39,87575,45695,41880,2300,1963,337,83075,43192,39883,2011,467,1544,149,59,90,40,14,26,0,0,0
10,226,District - Munger (24),Total,40-44,72219,38944,33275,989,809,180,68252,37452,30800,2810,615,2195,135,56,79,33,12,21,0,0,0
10,226,District - Munger (24),Total,45-49,60828,32220,28608,567,458,109,56780,30922,25858,3348,771,2577,114,61,53,19,8,11,0,0,0
10,226,District - Munger (24),Total,50-54,47195,26220,20975,403,322,81,42419,24812,17607,4301,1055,3246,54,25,29,18,6,12,0,0,0
10,226,District - Munger (24),Total,55-59,37955,18905,19050,341,240,101,33699,17638,16061,3864,1001,2863,35,20,15,16,6,10,0,0,0
10,226,District - Munger (24),Total,60-64,39637,20158,19479,642,363,279,31101,17986,13115,7855,1793,6062,30,13,17,9,3,6,0,0,0
10,226,District - Munger (24),Total,65-69,27670,14319,13351,651,367,284,20259,12195,8064,6735,1749,4986,12,4,8,13,4,9,0,0,0
10,226,District - Munger (24),Total,70-74,19037,10783,8254,324,178,146,11937,8600,3337,6765,2001,4764,3,2,1,8,2,6,0,0,0
10,226,District - Munger (24),Total,75-79,7654,4125,3529,142,83,59,4513,3018,1495,2993,1023,1970,4,0,4,2,1,1,0,0,0
10,226,District - Munger (24),Total,80+,9171,4824,4347,584,362,222,4117,2880,1237,4454,1576,2878,7,4,3,9,2,7,0,0,0
10,226,District - Munger (24),Total,Age not stated,2586,1463,1123,1568,990,578,919,442,477,93,29,64,5,1,4,1,1,0,0,0,0
10,226,District - Munger (24),Total,Less than 18,587112,313153,273959,579280,310721,268559,7503,2307,5196,217,75,142,98,44,54,14,6,8,0,0,0
10,226,District - Munger (24),Total,Less than 21,673023,361755,311268,640471,355321,285150,31945,6226,25719,418,133,285,166,67,99,23,8,15,0,0,0
10,226,District - Munger (24),Rural,All ages,987645,527299,460346,517175,301486,215689,436946,216382,220564,32680,9074,23606,666,297,369,178,60,118,0,0,0
10,226,District - Munger (24),Rural,0-9,255764,133239,122525,255764,133239,122525,0,0,0,0,0,0,0,0,0,0,0,0,0,0,0
10,226,District - Munger (24),Rural,10-14,130302,70364,59938,127970,69509,58461,2211,803,1408,61,21,40,53,27,26,7,4,3,0,0,0
10,226,District - Munger (24),Rural,15-19,90246,53604,36642,78565,51669,26896,11480,1866,9614,156,53,103,40,16,24,5,0,5,0,0,0
10,226,District - Munger (24),Rural,20-24,78185,43128,35057,34673,29531,5142,43127,13495,29632,278,65,213,92,34,58,15,3,12,0,0,0
10,226,District - Munger (24),Rural,25-29,75677,38784,36893,12030,11008,1022,62958,27608,35350,574,124,450,85,36,49,30,8,22,0,0,0
10,226,District - Munger (24),Rural,30-34,69104,35609,33495,3373,3072,301,64726,32259,32467,892,235,657,89,34,55,24,9,15,0,0,0
10,226,District - Munger (24),Rural,35-39,62753,32906,29847,1125,950,175,60142,31548,28594,1391,360,1031,78,39,39,17,9,8,0,0,0
10,226,District - Munger (24),Rural,40-44,50324,27579,22745,496,416,80,47862,26673,21189,1860,444,1416,84,37,47,22,9,13,0,0,0
10,226,District - Munger (24),Rural,45-49,41237,21788,19449,280,234,46,38744,20989,17755,2144,529,1615,61,33,28,8,3,5,0,0,0
10,226,District - Munger (24),Rural,50-54,31799,17668,14131,217,179,38,28759,16760,11999,2786,713,2073,24,13,11,13,3,10,0,0,0
10,226,District - Munger (24),Rural,55-59,25963,12373,13590,187,133,54,23276,11555,11721,2469,671,1798,19,9,10,12,5,7,0,0,0
10,226,District - Munger (24),Rural,60-64,28703,14467,14236,405,232,173,22762,12912,9850,5512,1312,4200,19,10,9,5,1,4,0,0,0
10,226,District - Munger (24),Rural,65-69,20310,10522,9788,412,247,165,15144,8999,6145,4738,1271,3467,7,4,3,9,1,8,0,0,0
10,226,District - Munger (24),Rural,70-74,13816,7964,5852,208,127,81,8825,6387,2438,4775,1446,3329,3,2,1,5,2,3,0,0,0
10,226,District - Munger (24),Rural,75-79,5323,2853,2470,83,46,37,3271,2103,1168,1966,704,1262,3,0,3,0,0,0,0,0,0
10,226,District - Munger (24),Rural,80+,6528,3530,2998,416,270,146,3085,2151,934,3018,1105,1913,4,2,2,5,2,3,0,0,0
10,226,District - Munger (24),Rural,Age not stated,1611,921,690,971,624,347,574,274,300,60,21,39,5,1,4,1,1,0,0,0,0
10,226,District - Munger (24),Rural,Less than 18,440831,235879,204952,435054,234092,200962,5531,1690,3841,159,55,104,78,38,40,9,4,5,0,0,0
10,226,District - Munger (24),Rural,Less than 21,499885,269849,230036,475099,264977,210122,24347,4719,19628,299,92,207,123,55,68,17,6,11,0,0,0
10,226,District - Munger (24),Urban,All ages,380120,201742,178378,197529,115228,82301,166667,82636,84031,15321,3698,11623,490,147,343,113,33,80,0,0,0
10,226,District - Munger (24),Urban,0-9,77489,40777,36712,77489,40777,36712,0,0,0,0,0,0,0,0,0,0,0,0,0,0,0
10,226,District - Munger (24),Urban,10-14,44383,23179,21204,43585,22868,20717,759,297,462,27,10,17,9,2,7,3,2,1,0,0,0
10,226,District - Munger (24),Urban,15-19,41138,22575,18563,37347,21906,15441,3709,641,3068,58,20,38,22,8,14,2,0,2,0,0,0
10,226,District - Munger (24),Urban,20-24,35750,19507,16243,22099,15869,6230,13475,3601,9874,116,30,86,50,6,44,10,1,9,0,0,0
10,226,District - Munger (24),Urban,25-29,31213,16433,14780,9959,8241,1718,20948,8122,12826,226,54,172,70,14,56,10,2,8,0,0,0
10,226,District - Munger (24),Urban,30-34,26987,14186,12801,3339,2890,449,23149,11189,11960,384,80,304,98,22,76,17,5,12,0,0,0
10,226,District - Munger (24),Urban,35-39,24822,12789,12033,1175,1013,162,22933,11644,11289,620,107,513,71,20,51,23,5,18,0,0,0
10,226,District - Munger (24),Urban,40-44,21895,11365,10530,493,393,100,20390,10779,9611,950,171,779,51,19,32,11,3,8,0,0,0
10,226,District - Munger (24),Urban,45-49,19591,10432,9159,287,224,63,18036,9933,8103,1204,242,962,53,28,25,11,5,6,0,0,0
10,226,District - Munger (24),Urban,50-54,15396,8552,6844,186,143,43,13660,8052,5608,1515,342,1173,30,12,18,5,3,2,0,0,0
10,226,District - Munger (24),Urban,55-59,11992,6532,5460,154,107,47,10423,6083,4340,1395,330,1065,16,11,5,4,1,3,0,0,0
10,226,District - Munger (24),Urban,60-64,10934,5691,5243,237,131,106,8339,5074,3265,2343,481,1862,11,3,8,4,2,2,0,0,0
10,226,District - Munger (24),Urban,65-69,7360,3797,3563,239,120,119,5115,3196,1919,1997,478,1519,5,0,5,4,3,1,0,0,0
10,226,District - Munger (24),Urban,70-74,5221,2819,2402,116,51,65,3112,2213,899,1990,555,1435,0,0,0,3,0,3,0,0,0
10,226,District - Munger (24),Urban,75-79,2331,1272,1059,59,37,22,1242,915,327,1027,319,708,1,0,1,2,1,1,0,0,0
10,226,District - Munger (24),Urban,80+,2643,1294,1349,168,92,76,1032,729,303,1436,471,965,3,2,1,4,0,4,0,0,0
10,226,District - Munger (24),Urban,Age not stated,975,542,433,597,366,231,345,168,177,33,8,25,0,0,0,0,0,0,0,0,0
10,226,District - Munger (24),Urban,Less than 18,146281,77274,69007,144226,76629,67597,1972,617,1355,58,20,38,20,6,14,5,2,3,0,0,0
10,226,District - Munger (24),Urban,Less than 21,173138,91906,81232,165372,90344,75028,7598,1507,6091,119,41,78,43,12,31,6,2,4,0,0,0
10,227,District - Lakhisarai (25),Total,All ages,1000912,526345,474567,520884,294927,225957,448125,221085,227040,31189,10002,21187,589,287,302,125,44,81,0,0,0
10,227,District - Lakhisarai (25),Total,0-9,271997,141718,130279,271997,141718,130279,0,0,0,0,0,0,0,0,0,0,0,0,0,0,0
10,227,District - Lakhisarai (25),Total,10-14,134594,71228,63366,131723,70201,61522,2761,972,1789,74,35,39,32,17,15,4,3,1,0,0,0
10,227,District - Lakhisarai (25),Total,15-19,91127,51420,39707,74739,47977,26762,16170,3353,12817,166,67,99,42,19,23,10,4,6,0,0,0
10,227,District - Lakhisarai (25),Total,20-24,78164,40838,37326,27693,22650,5043,50110,18070,32040,269,80,189,81,35,46,11,3,8,0,0,0
10,227,District - Lakhisarai (25),Total,25-29,74760,37527,37233,8113,7215,898,65997,30095,35902,553,173,380,79,36,43,18,8,10,0,0,0
10,227,District - Lakhisarai (25),Total,30-34,68206,34469,33737,2166,1867,299,65007,32285,32722,936,271,665,80,40,40,17,6,11,0,0,0
10,227,District - Lakhisarai (25),Total,35-39,61945,32004,29941,801,668,133,59703,30939,28764,1336,347,989,85,43,42,20,7,13,0,0,0
10,227,District - Lakhisarai (25),Total,40-44,48890,26846,22044,507,430,77,46519,25868,20651,1788,513,1275,61,31,30,15,4,11,0,0,0
10,227,District - Lakhisarai (25),Total,45-49,39799,20716,19083,286,242,44,37556,19875,17681,1912,575,1337,39,23,16,6,1,5,0,0,0
10,227,District - Lakhisarai (25),Total,50-54,31494,17411,14083,272,226,46,28475,16399,12076,2712,773,1939,28,11,17,7,2,5,0,0,0
10,227,District - Lakhisarai (25),Total,55-59,25965,12381,13584,230,194,36,23300,11420,11880,2416,759,1657,18,8,10,1,0,1,0,0,0
10,227,District - Lakhisarai (25),Total,60-64,28229,14579,13650,564,363,201,22529,12710,9819,5110,1493,3617,19,11,8,7,2,5,0,0,0
10,227,District - Lakhisarai (25),Total,65-69,20297,10520,9777,559,357,202,15192,8758,6434,4534,1399,3135,8,5,3,4,1,3,0,0,0
10,227,District - Lakhisarai (25),Total,70-74,13630,8152,5478,240,176,64,8742,6328,2414,4638,1643,2995,9,5,4,1,0,1,0,0,0
10,227,District - Lakhisarai (25),Total,75-79,5140,2904,2236,100,75,25,3114,2036,1078,1923,793,1130,2,0,2,1,0,1,0,0,0
10,227,District - Lakhisarai (25),Total,80+,5900,3195,2705,381,252,129,2719,1865,854,2792,1072,1720,5,3,2,3,3,0,0,0,0
10,227,District - Lakhisarai (25),Total,Age not stated,775,437,338,513,316,197,231,112,119,30,9,21,1,0,1,0,0,0,0,0,0
10,227,District - Lakhisarai (25),Total,Less than 18,461918,244531,217387,453808,242171,211637,7865,2246,5619,183,79,104,50,28,22,12,7,5,0,0,0
10,227,District - Lakhisarai (25),Total,Less than 21,520881,276434,244447,489289,268539,220750,31164,7719,23445,316,126,190,96,42,54,16,8,8,0,0,0
10,227,District - Lakhisarai (25),Rural,All ages,857901,450863,407038,446853,252758,194095,383958,189213,194745,26500,8624,17876,492,234,258,98,34,64,0,0,0
10,227,District - Lakhisarai (25),Rural,0-9,237164,123344,113820,237164,123344,113820,0,0,0,0,0,0,0,0,0,0,0,0,0,0,0
10,227,District - Lakhisarai (25),Rural,10-14,116133,61573,54560,113670,60707,52963,2366,817,1549,67,34,33,27,13,14,3,2,1,0,0,0
10,227,District - Lakhisarai (25),Rural,15-19,76727,43542,33185,62283,40473,21810,14256,2991,11265,141,58,83,39,16,23,8,4,4,0,0,0
10,227,District - Lakhisarai (25),Rural,20-24,65896,34355,31541,21970,18314,3656,43618,15938,27680,228,69,159,70,31,39,10,3,7,0,0,0
10,227,District - Lakhisarai (25),Rural,25-29,63437,31768,31669,6249,5621,628,56644,25962,30682,461,149,312,68,31,37,15,5,10,0,0,0
10,227,District - Lakhisarai (25),Rural,30-34,58094,29267,28827,1723,1484,239,55515,27514,28001,783,233,550,63,31,32,10,5,5,0,0,0
10,227,District - Lakhisarai (25),Rural,35-39,52855,27260,25595,649,543,106,50997,26384,24613,1130,295,835,65,33,32,14,5,9,0,0,0
10,227,District - Lakhisarai (25),Rural,40-44,41429,22779,18650,416,353,63,39480,21961,17519,1469,437,1032,53,25,28,11,3,8,0,0,0
10,227,District - Lakhisarai (25),Rural,45-49,33631,17404,16227,237,198,39,31756,16693,15063,1599,491,1108,33,21,12,6,1,5,0,0,0
10,227,District - Lakhisarai (25),Rural,50-54,26833,14840,11993,220,188,32,24301,13984,10317,2281,658,1623,24,8,16,7,2,5,0,0,0
10,227,District - Lakhisarai (25),Rural,55-59,22123,10510,11613,199,167,32,19848,9671,10177,2060,665,1395,16,7,9,0,0,0,0,0,0
10,227,District - Lakhisarai (25),Rural,60-64,24111,12451,11660,500,328,172,19257,10827,8430,4334,1287,3047,14,8,6,6,1,5,0,0,0
10,227,District - Lakhisarai (25),Rural,65-69,17498,9051,8447,501,330,171,13083,7505,5578,3904,1212,2692,6,3,3,4,1,3,0,0,0
10,227,District - Lakhisarai (25),Rural,70-74,11829,7081,4748,204,149,55,7581,5486,2095,4034,1441,2593,9,5,4,1,0,1,0,0,0
10,227,District - Lakhisarai (25),Rural,75-79,4429,2501,1928,93,70,23,2700,1753,947,1633,678,955,2,0,2,1,0,1,0,0,0
10,227,District - Lakhisarai (25),Rural,80+,5040,2759,2281,321,211,110,2365,1635,730,2350,909,1441,2,2,0,2,2,0,0,0,0
10,227,District - Lakhisarai (25),Rural,Age not stated,672,378,294,454,278,176,191,92,99,26,8,18,1,0,1,0,0,0,0,0,0
10,227,District - Lakhisarai (25),Rural,Less than 18,399958,211783,188175,392890,209739,183151,6854,1941,4913,162,75,87,43,22,21,9,6,3,0,0,0
10,227,District - Lakhisarai (25),Rural,Less than 21,449458,238565,210893,421839,231600,190239,27248,6812,20436,272,111,161,86,35,51,13,7,6,0,0,0
10,227,District - Lakhisarai (25),Urban,All ages,143011,75482,67529,74031,42169,31862,64167,31872,32295,4689,1378,3311,97,53,44,27,10,17,0,0,0
10,227,District - Lakhisarai (25),Urban,0-9,34833,18374,16459,34833,18374,16459,0,0,0,0,0,0,0,0,0,0,0,0,0,0,0
10,227,District - Lakhisarai (25),Urban,10-14,18461,9655,8806,18053,9494,8559,395,155,240,7,1,6,5,4,1,1,1,0,0,0,0
10,227,District - Lakhisarai (25),Urban,15-19,14400,7878,6522,12456,7504,4952,1914,362,1552,25,9,16,3,3,0,2,0,2,0,0,0
10,227,District - Lakhisarai (25),Urban,20-24,12268,6483,5785,5723,4336,1387,6492,2132,4360,41,11,30,11,4,7,1,0,1,0,0,0
10,227,District - Lakhisarai (25),Urban,25-29,11323,5759,5564,1864,1594,270,9353,4133,5220,92,24,68,11,5,6,3,3,0,0,0,0
10,227,District - Lakhisarai (25),Urban,30-34,10112,5202,4910,443,383,60,9492,4771,4721,153,38,115,17,9,8,7,1,6,0,0,0
10,227,District - Lakhisarai (25),Urban,35-39,9090,4744,4346,152,125,27,8706,4555,4151,206,52,154,20,10,10,6,2,4,0,0,0
10,227,District - Lakhisarai (25),Urban,40-44,7461,4067,3394,91,77,14,7039,3907,3132,319,76,243,8,6,2,4,1,3,0,0,0
10,227,District - Lakhisarai (25),Urban,45-49,6168,3312,2856,49,44,5,5800,3182,2618,313,84,229,6,2,4,0,0,0,0,0,0
10,227,District - Lakhisarai (25),Urban,50-54,4661,2571,2090,52,38,14,4174,2415,1759,431,115,316,4,3,1,0,0,0,0,0,0
10,227,District - Lakhisarai (25),Urban,55-59,3842,1871,1971,31,27,4,3452,1749,1703,356,94,262,2,1,1,1,0,1,0,0,0
10,227,District - Lakhisarai (25),Urban,60-64,4118,2128,1990,64,35,29,3272,1883,1389,776,206,570,5,3,2,1,1,0,0,0,0
10,227,District - Lakhisarai (25),Urban,65-69,2799,1469,1330,58,27,31,2109,1253,856,630,187,443,2,2,0,0,0,0,0,0,0
10,227,District - Lakhisarai (25),Urban,70-74,1801,1071,730,36,27,9,1161,842,319,604,202,402,0,0,0,0,0,0,0,0,0
10,227,District - Lakhisarai (25),Urban,75-79,711,403,308,7,5,2,414,283,131,290,115,175,0,0,0,0,0,0,0,0,0
10,227,District - Lakhisarai (25),Urban,80+,860,436,424,60,41,19,354,230,124,442,163,279,3,1,2,1,1,0,0,0,0
10,227,District - Lakhisarai (25),Urban,Age not stated,103,59,44,59,38,21,40,20,20,4,1,3,0,0,0,0,0,0,0,0,0
10,227,District - Lakhisarai (25),Urban,Less than 18,61960,32748,29212,60918,32432,28486,1011,305,706,21,4,17,7,6,1,3,1,2,0,0,0
10,227,District - Lakhisarai (25),Urban,Less than 21,71423,37869,33554,67450,36939,30511,3916,907,3009,44,15,29,10,7,3,3,1,2,0,0,0
10,228,District - Sheikhpura (26),Total,All ages,636342,329743,306599,330595,183342,147253,285915,139830,146085,19271,6338,12933,442,188,254,119,45,74,0,0,0
10,228,District - Sheikhpura (26),Total,0-9,175940,90790,85150,175940,90790,85150,0,0,0,0,0,0,0,0,0,0,0,0,0,0,0
10,228,District - Sheikhpura (26),Total,10-14,86377,45600,40777,84072,44698,39374,2208,851,1357,47,21,26,40,21,19,10,9,1,0,0,0
10,228,District - Sheikhpura (26),Total,15-19,56663,30745,25918,45130,27946,17184,11382,2732,8650,106,46,60,38,20,18,7,1,6,0,0,0
10,228,District - Sheikhpura (26),Total,20-24,48697,24819,23878,15783,12291,3492,32659,12440,20219,196,65,131,47,20,27,12,3,9,0,0,0
10,228,District - Sheikhpura (26),Total,25-29,45798,22706,23092,4745,4100,645,40636,18455,22181,361,125,236,46,22,24,10,4,6,0,0,0
10,228,District - Sheikhpura (26),Total,30-34,42064,20663,21401,1511,1236,275,39877,19211,20666,600,186,414,57,22,35,19,8,11,0,0,0
10,228,District - Sheikhpura (26),Total,35-39,38632,19677,18955,612,477,135,37112,18946,18166,838,227,611,54,23,31,16,4,12,0,0,0
10,228,District - Sheikhpura (26),Total,40-44,30957,16582,14375,339,271,68,29525,16009,13516,1038,288,750,46,12,34,9,2,7,0,0,0
10,228,District - Sheikhpura (26),Total,45-49,25245,13117,12128,182,138,44,23780,12550,11230,1249,412,837,30,15,15,4,2,2,0,0,0
10,228,District - Sheikhpura (26),Total,50-54,19384,10675,8709,171,131,40,17702,10053,7649,1477,483,994,29,7,22,5,1,4,0,0,0
10,228,District - Sheikhpura (26),Total,55-59,16785,7847,8938,151,107,44,15165,7254,7911,1452,477,975,14,7,7,3,2,1,0,0,0
10,228,District - Sheikhpura (26),Total,60-64,19151,9933,9218,434,271,163,15534,8685,6849,3163,967,2196,14,7,7,6,3,3,0,0,0
10,228,District - Sheikhpura (26),Total,65-69,13037,6867,6170,381,238,143,9938,5761,4177,2702,864,1838,7,1,6,9,3,6,0,0,0
10,228,District - Sheikhpura (26),Total,70-74,8882,5052,3830,182,118,64,5758,3957,1801,2924,970,1954,11,5,6,7,2,5,0,0,0
10,228,District - Sheikhpura (26),Total,75-79,3560,1964,1596,56,33,23,2262,1425,837,1234,502,732,6,3,3,2,1,1,0,0,0
10,228,District - Sheikhpura (26),Total,80+,4246,2214,2032,277,156,121,2108,1359,749,1859,697,1162,2,2,0,0,0,0,0,0,0
10,228,District - Sheikhpura (26),Total,Age not stated,924,492,432,629,341,288,269,142,127,25,8,17,1,1,0,0,0,0,0,0,0
10,228,District - Sheikhpura (26),Total,Less than 18,296467,155350,141117,290417,153380,137037,5864,1877,3987,115,51,64,57,32,25,14,10,4,0,0,0
10,228,District - Sheikhpura (26),Total,Less than 21,332682,174190,158492,311150,167998,143152,21216,6057,15159,211,83,128,88,42,46,17,10,7,0,0,0
10,228,District - Sheikhpura (26),Rural,All ages,527340,272360,254980,272505,150400,122105,238382,116342,122040,15988,5420,10568,362,160,202,103,38,65,0,0,0
10,228,District - Sheikhpura (26),Rural,0-9,148514,76488,72026,148514,76488,72026,0,0,0,0,0,0,0,0,0,0,0,0,0,0,0
10,228,District - Sheikhpura (26),Rural,10-14,71632,37834,33798,69589,37022,32567,1962,768,1194,38,17,21,33,18,15,10,9,1,0,0,0
10,228,District - Sheikhpura (26),Rural,15-19,45831,24724,21107,35727,22217,13510,9970,2446,7524,92,42,50,36,19,17,6,0,6,0,0,0
10,228,District - Sheikhpura (26),Rural,20-24,39785,20057,19728,11557,9125,2432,28013,10855,17158,167,57,110,38,17,21,10,3,7,0,0,0
10,228,District - Sheikhpura (26),Rural,25-29,37610,18525,19085,3233,2810,423,34040,15587,18453,290,106,184,38,19,19,9,3,6,0,0,0
10,228,District - Sheikhpura (26),Rural,30-34,34350,16812,17538,1045,839,206,32742,15790,16952,500,156,344,47,21,26,16,6,10,0,0,0
10,228,District - Sheikhpura (26),Rural,35-39,31632,16093,15539,476,362,114,30406,15514,14892,696,195,501,40,19,21,14,3,11,0,0,0
10,228,District - Sheikhpura (26),Rural,40-44,25103,13386,11717,273,221,52,23960,12912,11048,827,243,584,37,8,29,6,2,4,0,0,0
10,228,District - Sheikhpura (26),Rural,45-49,20767,10674,10093,153,116,37,19570,10191,9379,1017,355,662,24,11,13,3,1,2,0,0,0
10,228,District - Sheikhpura (26),Rural,50-54,16032,8832,7200,140,113,27,14661,8303,6358,1205,409,796,22,6,16,4,1,3,0,0,0
10,228,District - Sheikhpura (26),Rural,55-59,13955,6492,7463,132,97,35,12653,5986,6667,1158,404,754,10,4,6,2,1,1,0,0,0
10,228,District - Sheikhpura (26),Rural,60-64,16068,8383,7685,371,243,128,13120,7319,5801,2558,811,1747,13,7,6,6,3,3,0,0,0
10,228,District - Sheikhpura (26),Rural,65-69,10919,5742,5177,308,196,112,8357,4803,3554,2240,739,1501,6,1,5,8,3,5,0,0,0
10,228,District - Sheikhpura (26),Rural,70-74,7560,4287,3273,156,97,59,4885,3340,1545,2501,843,1658,11,5,6,7,2,5,0,0,0
10,228,District - Sheikhpura (26),Rural,75-79,3066,1665,1401,46,27,19,1946,1206,740,1068,429,639,4,2,2,2,1,1,0,0,0
10,228,District - Sheikhpura (26),Rural,80+,3694,1931,1763,218,123,95,1864,1200,664,1610,606,1004,2,2,0,0,0,0,0,0,0
10,228,District - Sheikhpura (26),Rural,Age not stated,822,435,387,567,304,263,233,122,111,21,8,13,1,1,0,0,0,0,0,0,0
10,228,District - Sheikhpura (26),Rural,Less than 18,247716,129617,118099,242414,127863,114551,5143,1673,3470,98,44,54,48,28,20,13,9,4,0,0,0
10,228,District - Sheikhpura (26),Rural,Less than 21,276966,144661,132305,258317,139182,119135,18379,5359,13020,179,73,106,75,38,37,16,9,7,0,0,0
10,228,District - Sheikhpura (26),Urban,All ages,109002,57383,51619,58090,32942,25148,47533,23488,24045,3283,918,2365,80,28,52,16,7,9,0,0,0
10,228,District - Sheikhpura (26),Urban,0-9,27426,14302,13124,27426,14302,13124,0,0,0,0,0,0,0,0,0,0,0,0,0,0,0
10,228,District - Sheikhpura (26),Urban,10-14,14745,7766,6979,14483,7676,6807,246,83,163,9,4,5,7,3,4,0,0,0,0,0,0
10,228,District - Sheikhpura (26),Urban,15-19,10832,6021,4811,9403,5729,3674,1412,286,1126,14,4,10,2,1,1,1,1,0,0,0,0
10,228,District - Sheikhpura (26),Urban,20-24,8912,4762,4150,4226,3166,1060,4646,1585,3061,29,8,21,9,3,6,2,0,2,0,0,0
10,228,District - Sheikhpura (26),Urban,25-29,8188,4181,4007,1512,1290,222,6596,2868,3728,71,19,52,8,3,5,1,1,0,0,0,0
10,228,District - Sheikhpura (26),Urban,30-34,7714,3851,3863,466,397,69,7135,3421,3714,100,30,70,10,1,9,3,2,1,0,0,0
10,228,District - Sheikhpura (26),Urban,35-39,7000,3584,3416,136,115,21,6706,3432,3274,142,32,110,14,4,10,2,1,1,0,0,0
10,228,District - Sheikhpura (26),Urban,40-44,5854,3196,2658,66,50,16,5565,3097,2468,211,45,166,9,4,5,3,0,3,0,0,0
10,228,District - Sheikhpura (26),Urban,45-49,4478,2443,2035,29,22,7,4210,2359,1851,232,57,175,6,4,2,1,1,0,0,0,0
10,228,District - Sheikhpura (26),Urban,50-54,3352,1843,1509,31,18,13,3041,1750,1291,272,74,198,7,1,6,1,0,1,0,0,0
10,228,District - Sheikhpura (26),Urban,55-59,2830,1355,1475,19,10,9,2512,1268,1244,294,73,221,4,3,1,1,1,0,0,0,0
10,228,District - Sheikhpura (26),Urban,60-64,3083,1550,1533,63,28,35,2414,1366,1048,605,156,449,1,0,1,0,0,0,0,0,0
10,228,District - Sheikhpura (26),Urban,65-69,2118,1125,993,73,42,31,1581,958,623,462,125,337,1,0,1,1,0,1,0,0,0
10,228,District - Sheikhpura (26),Urban,70-74,1322,765,557,26,21,5,873,617,256,423,127,296,0,0,0,0,0,0,0,0,0
10,228,District - Sheikhpura (26),Urban,75-79,494,299,195,10,6,4,316,219,97,166,73,93,2,1,1,0,0,0,0,0,0
10,228,District - Sheikhpura (26),Urban,80+,552,283,269,59,33,26,244,159,85,249,91,158,0,0,0,0,0,0,0,0,0
10,228,District - Sheikhpura (26),Urban,Age not stated,102,57,45,62,37,25,36,20,16,4,0,4,0,0,0,0,0,0,0,0,0
10,228,District - Sheikhpura (26),Urban,Less than 18,48751,25733,23018,48003,25517,22486,721,204,517,17,7,10,9,4,5,1,1,0,0,0,0
10,228,District - Sheikhpura (26),Urban,Less than 21,55716,29529,26187,52833,28816,24017,2837,698,2139,32,10,22,13,4,9,1,1,0,0,0,0
10,229,District - Nalanda (27),Total,All ages,2877653,1497060,1380593,1468393,820157,648236,1311075,644902,666173,95612,30953,64659,2090,883,1207,483,165,318,0,0,0
10,229,District - Nalanda (27),Total,0-9,755686,391524,364162,755686,391524,364162,0,0,0,0,0,0,0,0,0,0,0,0,0,0,0
10,229,District - Nalanda (27),Total,10-14,375815,198200,177615,367326,195139,172187,8086,2869,5217,222,103,119,167,83,84,14,6,8,0,0,0
10,229,District - Nalanda (27),Total,15-19,258764,140407,118357,212160,129281,82879,45989,10886,35103,473,180,293,121,56,65,21,4,17,0,0,0
10,229,District - Nalanda (27),Total,20-24,224277,115678,108599,82494,63124,19370,140665,52110,88555,878,345,533,196,82,114,44,17,27,0,0,0
10,229,District - Nalanda (27),Total,25-29,214586,107296,107290,28243,24204,4039,184393,82437,101956,1646,533,1113,246,103,143,58,19,39,0,0,0
10,229,District - Nalanda (27),Total,30-34,199555,100206,99349,8776,7484,1292,187508,91689,95819,2911,894,2017,281,103,178,79,36,43,0,0,0
10,229,District - Nalanda (27),Total,35-39,178418,91395,87023,2893,2291,602,171254,87862,83392,3947,1126,2821,256,93,163,68,23,45,0,0,0
10,229,District - Nalanda (27),Total,40-44,145922,78668,67254,1447,1154,293,139092,75896,63196,5093,1515,3578,227,82,145,63,21,42,0,0,0
10,229,District - Nalanda (27),Total,45-49,118302,61447,56855,812,646,166,111344,59008,52336,5972,1726,4246,140,62,78,34,5,29,0,0,0
10,229,District - Nalanda (27),Total,50-54,91804,50476,41328,674,514,160,83527,47586,35941,7472,2313,5159,111,54,57,20,9,11,0,0,0
10,229,District - Nalanda (27),Total,55-59,78170,37164,41006,592,430,162,70206,34327,35879,7295,2379,4916,68,27,41,9,1,8,0,0,0
10,229,District - Nalanda (27),Total,60-64,87128,44186,42942,1533,901,632,70783,38932,31851,14682,4303,10379,104,44,60,26,6,20,0,0,0
10,229,District - Nalanda (27),Total,65-69,64918,33876,31042,1541,923,618,49175,28464,20711,14111,4445,9666,73,39,34,18,5,13,0,0,0
10,229,District - Nalanda (27),Total,70-74,43393,24616,18777,742,463,279,27759,19166,8593,14834,4958,9876,48,22,26,10,7,3,0,0,0
10,229,District - Nalanda (27),Total,75-79,17762,9667,8095,313,203,110,10798,6910,3888,6625,2539,4086,20,14,6,6,1,5,0,0,0
10,229,District - Nalanda (27),Total,80+,19954,10522,9432,1264,747,517,9310,6206,3104,9345,3549,5796,25,17,8,10,3,7,0,0,0
10,229,District - Nalanda (27),Total,Age not stated,3199,1732,1467,1897,1129,768,1186,554,632,106,45,61,7,2,5,3,2,1,0,0,0
10,229,District - Nalanda (27),Total,Less than 18,1286397,675017,611380,1263185,667918,595267,22435,6762,15673,519,213,306,232,116,116,26,8,18,0,0,0
10,229,District - Nalanda (27),Total,Less than 21,1455550,764195,691355,1366737,739359,627378,87471,24267,63204,945,387,558,347,166,181,50,16,34,0,0,0
10,229,District - Nalanda (27),Rural,All ages,2419759,1257728,1162031,1221767,681713,540054,1115534,548118,567416,80425,27007,53418,1676,756,920,357,134,223,0,0,0
10,229,District - Nalanda (27),Rural,0-9,649122,336245,312877,649122,336245,312877,0,0,0,0,0,0,0,0,0,0,0,0,0,0,0
10,229,District - Nalanda (27),Rural,10-14,316460,167348,149112,309088,164676,144412,7034,2507,4527,186,88,98,139,72,67,13,5,8,0,0,0
10,229,District - Nalanda (27),Rural,15-19,210536,115024,95512,168978,105071,63907,41051,9757,31294,393,152,241,98,40,58,16,4,12,0,0,0
10,229,District - Nalanda (27),Rural,20-24,184003,94429,89574,59436,47132,12304,123620,46907,76713,752,305,447,165,74,91,30,11,19,0,0,0
10,229,District - Nalanda (27),Rural,25-29,178474,88764,89710,18709,16381,2328,158124,71805,86319,1402,469,933,202,94,108,37,15,22,0,0,0
10,229,District - Nalanda (27),Rural,30-34,166631,83416,83215,5699,4877,822,158181,77629,80552,2472,793,1679,222,86,136,57,31,26,0,0,0
10,229,District - Nalanda (27),Rural,35-39,148535,75958,72577,1968,1548,420,143019,73326,69693,3287,981,2306,207,82,125,54,21,33,0,0,0
10,229,District - Nalanda (27),Rural,40-44,121326,65110,56216,1058,841,217,115826,62826,53000,4217,1353,2864,181,74,107,44,16,28,0,0,0
10,229,District - Nalanda (27),Rural,45-49,98803,51096,47707,640,506,134,93125,49024,44101,4906,1511,3395,106,50,56,26,5,21,0,0,0
10,229,District - Nalanda (27),Rural,50-54,76499,42082,34417,547,417,130,69818,39645,30173,6034,1966,4068,87,49,38,13,5,8,0,0,0
10,229,District - Nalanda (27),Rural,55-59,65750,30985,34765,480,359,121,59253,28559,30694,5953,2044,3909,55,22,33,9,1,8,0,0,0
10,229,District - Nalanda (27),Rural,60-64,74548,37643,36905,1313,774,539,60906,33077,27829,12230,3750,8480,77,36,41,22,6,16,0,0,0
10,229,District - Nalanda (27),Rural,65-69,56385,29369,27016,1282,781,501,42927,24647,18280,12105,3908,8197,60,31,29,11,2,9,0,0,0
10,229,District - Nalanda (27),Rural,70-74,37460,21287,16173,622,402,220,24141,16564,7577,12648,4293,8355,40,21,19,9,7,2,0,0,0
10,229,District - Nalanda (27),Rural,75-79,15462,8439,7023,254,171,83,9458,6016,3442,5732,2241,3491,14,10,4,4,1,3,0,0,0
10,229,District - Nalanda (27),Rural,80+,17168,9133,8035,1047,629,418,8075,5375,2700,8020,3114,4906,17,13,4,9,2,7,0,0,0
10,229,District - Nalanda (27),Rural,Age not stated,2597,1400,1197,1524,903,621,976,454,522,88,39,49,6,2,4,3,2,1,0,0,0
10,229,District - Nalanda (27),Rural,Less than 18,1091593,573700,517893,1071308,567486,503822,19644,5930,13714,425,180,245,192,97,95,24,7,17,0,0,0
10,229,District - Nalanda (27),Rural,Less than 21,1229306,646462,582844,1150828,624205,526623,77353,21777,55576,798,334,464,288,134,154,39,12,27,0,0,0
10,229,District - Nalanda (27),Urban,All ages,457894,239332,218562,246626,138444,108182,195541,96784,98757,15187,3946,11241,414,127,287,126,31,95,0,0,0
10,229,District - Nalanda (27),Urban,0-9,106564,55279,51285,106564,55279,51285,0,0,0,0,0,0,0,0,0,0,0,0,0,0,0
10,229,District - Nalanda (27),Urban,10-14,59355,30852,28503,58238,30463,27775,1052,362,690,36,15,21,28,11,17,1,1,0,0,0,0
10,229,District - Nalanda (27),Urban,15-19,48228,25383,22845,43182,24210,18972,4938,1129,3809,80,28,52,23,16,7,5,0,5,0,0,0
10,229,District - Nalanda (27),Urban,20-24,40274,21249,19025,23058,15992,7066,17045,5203,11842,126,40,86,31,8,23,14,6,8,0,0,0
10,229,District - Nalanda (27),Urban,25-29,36112,18532,17580,9534,7823,1711,26269,10632,15637,244,64,180,44,9,35,21,4,17,0,0,0
10,229,District - Nalanda (27),Urban,30-34,32924,16790,16134,3077,2607,470,29327,14060,15267,439,101,338,59,17,42,22,5,17,0,0,0
10,229,District - Nalanda (27),Urban,35-39,29883,15437,14446,925,743,182,28235,14536,13699,660,145,515,49,11,38,14,2,12,0,0,0
10,229,District - Nalanda (27),Urban,40-44,24596,13558,11038,389,313,76,23266,13070,10196,876,162,714,46,8,38,19,5,14,0,0,0
10,229,District - Nalanda (27),Urban,45-49,19499,10351,9148,172,140,32,18219,9984,8235,1066,215,851,34,12,22,8,0,8,0,0,0
10,229,District - Nalanda (27),Urban,50-54,15305,8394,6911,127,97,30,13709,7941,5768,1438,347,1091,24,5,19,7,4,3,0,0,0
10,229,District - Nalanda (27),Urban,55-59,12420,6179,6241,112,71,41,10953,5768,5185,1342,335,1007,13,5,8,0,0,0,0,0,0
10,229,District - Nalanda (27),Urban,60-64,12580,6543,6037,220,127,93,9877,5855,4022,2452,553,1899,27,8,19,4,0,4,0,0,0
10,229,District - Nalanda (27),Urban,65-69,8533,4507,4026,259,142,117,6248,3817,2431,2006,537,1469,13,8,5,7,3,4,0,0,0
10,229,District - Nalanda (27),Urban,70-74,5933,3329,2604,120,61,59,3618,2602,1016,2186,665,1521,8,1,7,1,0,1,0,0,0
10,229,District - Nalanda (27),Urban,75-79,2300,1228,1072,59,32,27,1340,894,446,893,298,595,6,4,2,2,0,2,0,0,0
10,229,District - Nalanda (27),Urban,80+,2786,1389,1397,217,118,99,1235,831,404,1325,435,890,8,4,4,1,1,0,0,0,0
10,229,District - Nalanda (27),Urban,Age not stated,602,332,270,373,226,147,210,100,110,18,6,12,1,0,1,0,0,0,0,0,0
10,229,District - Nalanda (27),Urban,Less than 18,194804,101317,93487,191877,100432,91445,2791,832,1959,94,33,61,40,19,21,2,1,1,0,0,0
10,229,District - Nalanda (27),Urban,Less than 21,226244,117733,108511,215909,115154,100755,10118,2490,7628,147,53,94,59,32,27,11,4,7,0,0,0
10,230,District - Patna (28),Total,All ages,5838465,3078512,2759953,2974137,1689947,1284190,2663410,1320744,1342666,195112,65286,129826,4565,1997,2568,1241,538,703,0,0,0
10,230,District - Patna (28),Total,0-9,1373568,720239,653329,1373568,720239,653329,0,0,0,0,0,0,0,0,0,0,0,0,0,0,0
10,230,District - Patna (28),Total,10-14,723673,383717,339956,701916,374754,327162,20498,8370,12128,852,385,467,342,174,168,65,34,31,0,0,0
10,230,District - Patna (28),Total,15-19,573514,315393,258121,495808,295250,200558,76006,19414,56592,1310,537,773,308,150,158,82,42,40,0,0,0
10,230,District - Patna (28),Total,20-24,492670,260913,231757,235504,169600,65904,254404,90262,164142,2148,789,1359,498,216,282,116,46,70,0,0,0
10,230,District - Patna (28),Total,25-29,463139,235105,228034,93265,74939,18326,365504,158615,206889,3691,1266,2425,538,227,311,141,58,83,0,0,0
10,230,District - Patna (28),Total,30-34,425675,217524,208151,29976,25048,4928,388779,190206,198573,6169,1980,4189,594,231,363,157,59,98,0,0,0
10,230,District - Patna (28),Total,35-39,383353,198018,185335,10041,8063,1978,363603,187071,176532,8959,2572,6387,571,229,342,179,83,96,0,0,0
10,230,District - Patna (28),Total,40-44,313543,169227,144316,4870,3769,1101,296196,161687,134509,11849,3511,8338,492,206,286,136,54,82,0,0,0
10,230,District - Patna (28),Total,45-49,260083,136003,124080,2793,2088,705,243199,129670,113529,13652,4044,9608,342,160,182,97,41,56,0,0,0
10,230,District - Patna (28),Total,50-54,202257,111943,90314,2117,1483,634,182617,105122,77495,17199,5217,11982,252,94,158,72,27,45,0,0,0
10,230,District - Patna (28),Total,55-59,165602,82559,83043,1697,1120,577,147772,76101,71671,15925,5239,10686,155,72,83,53,27,26,0,0,0
10,230,District - Patna (28),Total,60-64,168354,88510,79844,3520,2033,1487,135670,77700,57970,28942,8679,20263,178,80,98,44,18,26,0,0,0
10,230,District - Patna (28),Total,65-69,115856,61055,54801,3499,2033,1466,87431,50555,36876,24796,8401,16395,100,51,49,30,15,15,0,0,0
10,230,District - Patna (28),Total,70-74,81827,46622,35205,1908,1136,772,53140,36014,17126,26646,9401,17245,104,59,45,29,12,17,0,0,0
10,230,District - Patna (28),Total,75-79,35930,19726,16204,1040,626,414,21749,13753,7996,13097,5326,7771,30,15,15,14,6,8,0,0,0
10,230,District - Patna (28),Total,80+,45812,24275,21537,4460,2621,1839,21823,13820,8003,19475,7804,11671,37,19,18,17,11,6,0,0,0
10,230,District - Patna (28),Total,Age not stated,13609,7683,5926,8155,5145,3010,5019,2384,2635,402,135,267,24,14,10,9,5,4,0,0,0
10,230,District - Patna (28),Total,Less than 18,2438910,1291864,1147046,2391625,1274546,1117079,45023,16299,28724,1647,713,934,504,249,255,111,57,54,0,0,0
10,230,District - Patna (28),Total,Less than 21,2812451,1496015,1316436,2654182,1449173,1205009,154524,45209,109315,2777,1155,1622,788,388,400,180,90,90,0,0,0
10,230,District - Patna (28),Rural,All ages,3323875,1746025,1577850,1706828,959809,747019,1505556,744842,760714,108584,39933,68651,2427,1207,1220,480,234,246,0,0,0
10,230,District - Patna (28),Rural,0-9,886149,461433,424716,886149,461433,424716,0,0,0,0,0,0,0,0,0,0,0,0,0,0,0
10,230,District - Patna (28),Rural,10-14,434713,230844,203869,421747,225432,196315,12296,5084,7212,458,211,247,186,104,82,26,13,13,0,0,0
10,230,District - Patna (28),Rural,15-19,304424,169173,135251,251993,155736,96257,51532,13053,38479,720,293,427,146,73,73,33,18,15,0,0,0
10,230,District - Patna (28),Rural,20-24,258368,135309,123059,89956,71453,18503,166842,63206,103636,1257,494,763,263,132,131,50,24,26,0,0,0
10,230,District - Patna (28),Rural,25-29,250157,126275,123882,27529,24185,3344,220121,101108,119013,2160,805,1355,281,144,137,66,33,33,0,0,0
10,230,District - Patna (28),Rural,30-34,232920,118362,114558,8621,7322,1299,220412,109620,110792,3536,1253,2283,297,141,156,54,26,28,0,0,0
10,230,District - Patna (28),Rural,35-39,206226,106689,99537,3290,2632,658,197650,102241,95409,4964,1650,3314,270,140,130,52,26,26,0,0,0
10,230,District - Patna (28),Rural,40-44,163716,89202,74514,1893,1519,374,155201,85354,69847,6333,2195,4138,243,110,133,46,24,22,0,0,0
10,230,District - Patna (28),Rural,45-49,132865,68747,64118,1106,873,233,124587,65277,59310,6964,2490,4474,182,93,89,26,14,12,0,0,0
10,230,District - Patna (28),Rural,50-54,102338,57318,45020,941,722,219,92249,53306,38943,8993,3231,5762,131,53,78,24,6,18,0,0,0
10,230,District - Patna (28),Rural,55-59,85481,40366,45115,804,574,230,76603,36746,39857,7976,2998,4978,80,40,40,18,8,10,0,0,0
10,230,District - Patna (28),Rural,60-64,95274,49345,45929,2171,1298,873,76721,42600,34121,16230,5377,10853,129,59,70,23,11,12,0,0,0
10,230,District - Patna (28),Rural,65-69,68576,35771,32805,2112,1301,811,51774,29144,22630,14597,5282,9315,74,36,38,19,8,11,0,0,0
10,230,District - Patna (28),Rural,70-74,48359,27696,20663,1144,729,415,31412,21096,10316,15700,5814,9886,84,49,35,19,8,11,0,0,0
10,230,District - Patna (28),Rural,75-79,20285,11035,9250,578,371,207,12561,7623,4938,7119,3026,4093,20,12,8,7,3,4,0,0,0
10,230,District - Patna (28),Rural,80+,27014,14525,12489,2563,1554,1009,13048,8199,4849,11362,4747,6615,29,15,14,12,10,2,0,0,0
10,230,District - Patna (28),Rural,Age not stated,7010,3935,3075,4231,2675,1556,2547,1185,1362,215,67,148,12,6,6,5,2,3,0,0,0
10,230,District - Patna (28),Rural,Less than 18,1502854,794010,708844,1473756,783363,690393,27895,10085,17810,896,395,501,261,145,116,46,22,24,0,0,0
10,230,District - Patna (28),Rural,Less than 21,1701986,903027,798959,1597107,871311,725796,102863,30810,72053,1526,650,876,413,216,197,77,40,37,0,0,0
10,230,District - Patna (28),Urban,All ages,2514590,1332487,1182103,1267309,730138,537171,1157854,575902,581952,86528,25353,61175,2138,790,1348,761,304,457,0,0,0
10,230,District - Patna (28),Urban,0-9,487419,258806,228613,487419,258806,228613,0,0,0,0,0,0,0,0,0,0,0,0,0,0,0
10,230,District - Patna (28),Urban,10-14,288960,152873,136087,280169,149322,130847,8202,3286,4916,394,174,220,156,70,86,39,21,18,0,0,0
10,230,District - Patna (28),Urban,15-19,269090,146220,122870,243815,139514,104301,24474,6361,18113,590,244,346,162,77,85,49,24,25,0,0,0
10,230,District - Patna (28),Urban,20-24,234302,125604,108698,145548,98147,47401,87562,27056,60506,891,295,596,235,84,151,66,22,44,0,0,0
10,230,District - Patna (28),Urban,25-29,212982,108830,104152,65736,50754,14982,145383,57507,87876,1531,461,1070,257,83,174,75,25,50,0,0,0
10,230,District - Patna (28),Urban,30-34,192755,99162,93593,21355,17726,3629,168367,80586,87781,2633,727,1906,297,90,207,103,33,70,0,0,0
10,230,District - Patna (28),Urban,35-39,177127,91329,85798,6751,5431,1320,165953,84830,81123,3995,922,3073,301,89,212,127,57,70,0,0,0
10,230,District - Patna (28),Urban,40-44,149827,80025,69802,2977,2250,727,140995,76333,64662,5516,1316,4200,249,96,153,90,30,60,0,0,0
10,230,District - Patna (28),Urban,45-49,127218,67256,59962,1687,1215,472,118612,64393,54219,6688,1554,5134,160,67,93,71,27,44,0,0,0
10,230,District - Patna (28),Urban,50-54,99919,54625,45294,1176,761,415,90368,51816,38552,8206,1986,6220,121,41,80,48,21,27,0,0,0
10,230,District - Patna (28),Urban,55-59,80121,42193,37928,893,546,347,71169,39355,31814,7949,2241,5708,75,32,43,35,19,16,0,0,0
10,230,District - Patna (28),Urban,60-64,73080,39165,33915,1349,735,614,58949,35100,23849,12712,3302,9410,49,21,28,21,7,14,0,0,0
10,230,District - Patna (28),Urban,65-69,47280,25284,21996,1387,732,655,35657,21411,14246,10199,3119,7080,26,15,11,11,7,4,0,0,0
10,230,District - Patna (28),Urban,70-74,33468,18926,14542,764,407,357,21728,14918,6810,10946,3587,7359,20,10,10,10,4,6,0,0,0
10,230,District - Patna (28),Urban,75-79,15645,8691,6954,462,255,207,9188,6130,3058,5978,2300,3678,10,3,7,7,3,4,0,0,0
10,230,District - Patna (28),Urban,80+,18798,9750,9048,1897,1067,830,8775,5621,3154,8113,3057,5056,8,4,4,5,1,4,0,0,0
10,230,District - Patna (28),Urban,Age not stated,6599,3748,2851,3924,2470,1454,2472,1199,1273,187,68,119,12,8,4,4,3,1,0,0,0
10,230,District - Patna (28),Urban,Less than 18,936056,497854,438202,917869,491183,426686,17128,6214,10914,751,318,433,243,104,139,65,35,30,0,0,0
10,230,District - Patna (28),Urban,Less than 21,1110465,592988,517477,1057075,577862,479213,51661,14399,37262,1251,505,746,375,172,203,103,50,53,0,0,0
10,231,District - Bhojpur (29),Total,All ages,2728407,1430380,1298027,1402605,793885,608720,1225893,598623,627270,98062,37012,61050,1424,686,738,423,174,249,0,0,0
10,231,District - Bhojpur (29),Total,0-9,675170,352467,322703,675170,352467,322703,0,0,0,0,0,0,0,0,0,0,0,0,0,0,0
10,231,District - Bhojpur (29),Total,10-14,357014,188855,168159,348067,185337,162730,8535,3312,5223,282,134,148,109,63,46,21,9,12,0,0,0
10,231,District - Bhojpur (29),Total,15-19,268265,147836,120429,230662,138230,92432,36980,9314,27666,474,212,262,119,64,55,30,16,14,0,0,0
10,231,District - Bhojpur (29),Total,20-24,217957,117121,100836,91859,71665,20194,125003,44999,80004,939,393,546,124,57,67,32,7,25,0,0,0
10,231,District - Bhojpur (29),Total,25-29,203981,103208,100773,29578,25667,3911,172431,76737,95694,1740,689,1051,168,89,79,64,26,38,0,0,0
10,231,District - Bhojpur (29),Total,30-34,187150,92852,94298,8907,7653,1254,175194,84063,91131,2825,1030,1795,175,80,95,49,26,23,0,0,0
10,231,District - Bhojpur (29),Total,35-39,170949,86716,84233,3437,2782,655,163221,82480,80741,4063,1359,2704,177,80,97,51,15,36,0,0,0
10,231,District - Bhojpur (29),Total,40-44,139323,73965,65358,1874,1487,387,131733,70472,61261,5517,1925,3592,149,62,87,50,19,31,0,0,0
10,231,District - Bhojpur (29),Total,45-49,115650,59311,56339,1102,870,232,108215,56123,52092,6205,2254,3951,100,51,49,28,13,15,0,0,0
10,231,District - Bhojpur (29),Total,50-54,91013,49647,41366,869,689,180,81737,46015,35722,8312,2900,5412,68,30,38,27,13,14,0,0,0
10,231,District - Bhojpur (29),Total,55-59,76245,36239,40006,741,544,197,67737,32827,34910,7690,2831,4859,60,32,28,17,5,12,0,0,0
10,231,District - Bhojpur (29),Total,60-64,80513,42486,38027,1822,1101,721,63646,36231,27415,14954,5116,9838,72,29,43,19,9,10,0,0,0
10,231,District - Bhojpur (29),Total,65-69,56516,29483,27033,1701,1026,675,42076,23791,18285,12691,4648,8043,38,16,22,10,2,8,0,0,0
10,231,District - Bhojpur (29),Total,70-74,41966,24003,17963,884,585,299,26101,17640,8461,14940,5755,9185,31,16,15,10,7,3,0,0,0
10,231,District - Bhojpur (29),Total,75-79,18019,10026,7993,478,311,167,10697,6681,4016,6829,3027,3802,10,6,4,5,1,4,0,0,0
10,231,District - Bhojpur (29),Total,80+,23117,12822,10295,1993,1194,799,10689,6952,3737,10407,4662,5745,21,10,11,7,4,3,0,0,0
10,231,District - Bhojpur (29),Total,Age not stated,5559,3343,2216,3461,2277,1184,1898,986,912,194,77,117,3,1,2,3,2,1,0,0,0
10,231,District - Bhojpur (29),Total,Less than 18,1195590,630375,565215,1174428,623061,551367,20360,6931,13429,584,264,320,182,102,80,36,17,19,0,0,0
10,231,District - Bhojpur (29),Total,Less than 21,1366716,726082,640634,1290519,703643,586876,74849,21818,53031,1021,445,576,269,150,119,58,26,32,0,0,0
10,231,District - Bhojpur (29),Rural,All ages,2338546,1224274,1114272,1196790,676205,520585,1056106,514785,541321,84152,32549,51603,1163,592,571,335,143,192,0,0,0
10,231,District - Bhojpur (29),Rural,0-9,590999,308192,282807,590999,308192,282807,0,0,0,0,0,0,0,0,0,0,0,0,0,0,0
10,231,District - Bhojpur (29),Rural,10-14,308043,163245,144798,300240,160151,140089,7450,2921,4529,245,118,127,91,49,42,17,6,11,0,0,0
10,231,District - Bhojpur (29),Rural,15-19,225719,124696,101023,191998,116070,75928,33199,8384,24815,397,176,221,102,54,48,23,12,11,0,0,0
10,231,District - Bhojpur (29),Rural,20-24,182857,97975,84882,71007,56995,14012,110929,40586,70343,801,339,462,97,50,47,23,5,18,0,0,0
10,231,District - Bhojpur (29),Rural,25-29,172782,86876,85906,21189,18809,2380,149923,67382,82541,1490,591,899,129,72,57,51,22,29,0,0,0
10,231,District - Bhojpur (29),Rural,30-34,159456,78661,80795,6227,5360,867,150621,72292,78329,2433,918,1515,135,70,65,40,21,19,0,0,0
10,231,District - Bhojpur (29),Rural,35-39,145446,73689,71757,2617,2135,482,139207,70276,68931,3448,1195,2253,136,69,67,38,14,24,0,0,0
10,231,District - Bhojpur (29),Rural,40-44,118055,62547,55508,1467,1181,286,111749,59591,52158,4677,1702,2975,121,57,64,41,16,25,0,0,0
10,231,District - Bhojpur (29),Rural,45-49,98091,50075,48016,898,713,185,91839,47317,44522,5251,1988,3263,82,46,36,21,11,10,0,0,0
10,231,District - Bhojpur (29),Rural,50-54,77261,42148,35113,692,562,130,69360,38972,30388,7125,2574,4551,59,27,32,25,13,12,0,0,0
10,231,District - Bhojpur (29),Rural,55-59,65048,30626,34422,618,457,161,57842,27682,30160,6525,2458,4067,52,26,26,11,3,8,0,0,0
10,231,District - Bhojpur (29),Rural,60-64,69111,36563,32548,1591,972,619,54631,31042,23589,12812,4517,8295,61,25,36,16,7,9,0,0,0
10,231,District - Bhojpur (29),Rural,65-69,48909,25426,23483,1456,892,564,36449,20430,16019,10961,4087,6874,35,15,20,8,2,6,0,0,0
10,231,District - Bhojpur (29),Rural,70-74,36361,20815,15546,740,496,244,22617,15215,7402,12966,5082,7884,30,16,14,8,6,2,0,0,0
10,231,District - Bhojpur (29),Rural,75-79,15630,8716,6914,412,272,140,9318,5778,3540,5886,2660,3226,10,6,4,4,0,4,0,0,0
10,231,District - Bhojpur (29),Rural,80+,20080,11203,8877,1693,1022,671,9376,6082,3294,8984,4086,4898,20,9,11,7,4,3,0,0,0
10,231,District - Bhojpur (29),Rural,Age not stated,4698,2821,1877,2946,1926,1020,1596,835,761,151,58,93,3,1,2,2,1,1,0,0,0
10,231,District - Bhojpur (29),Rural,Less than 18,1036722,546739,489983,1018138,540270,477868,17905,6148,11757,495,226,269,154,82,72,30,13,17,0,0,0
10,231,District - Bhojpur (29),Rural,Less than 21,1180634,627345,553289,1112764,607193,505571,66727,19633,47094,874,378,496,224,122,102,45,19,26,0,0,0
10,231,District - Bhojpur (29),Urban,All ages,389861,206106,183755,205815,117680,88135,169787,83838,85949,13910,4463,9447,261,94,167,88,31,57,0,0,0
10,231,District - Bhojpur (29),Urban,0-9,84171,44275,39896,84171,44275,39896,0,0,0,0,0,0,0,0,0,0,0,0,0,0,0
10,231,District - Bhojpur (29),Urban,10-14,48971,25610,23361,47827,25186,22641,1085,391,694,37,16,21,18,14,4,4,3,1,0,0,0
10,231,District - Bhojpur (29),Urban,15-19,42546,23140,19406,38664,22160,16504,3781,930,2851,77,36,41,17,10,7,7,4,3,0,0,0
10,231,District - Bhojpur (29),Urban,20-24,35100,19146,15954,20852,14670,6182,14074,4413,9661,138,54,84,27,7,20,9,2,7,0,0,0
10,231,District - Bhojpur (29),Urban,25-29,31199,16332,14867,8389,6858,1531,22508,9355,13153,250,98,152,39,17,22,13,4,9,0,0,0
10,231,District - Bhojpur (29),Urban,30-34,27694,14191,13503,2680,2293,387,24573,11771,12802,392,112,280,40,10,30,9,5,4,0,0,0
10,231,District - Bhojpur (29),Urban,35-39,25503,13027,12476,820,647,173,24014,12204,11810,615,164,451,41,11,30,13,1,12,0,0,0
10,231,District - Bhojpur (29),Urban,40-44,21268,11418,9850,407,306,101,19984,10881,9103,840,223,617,28,5,23,9,3,6,0,0,0
10,231,District - Bhojpur (29),Urban,45-49,17559,9236,8323,204,157,47,16376,8806,7570,954,266,688,18,5,13,7,2,5,0,0,0
10,231,District - Bhojpur (29),Urban,50-54,13752,7499,6253,177,127,50,12377,7043,5334,1187,326,861,9,3,6,2,0,2,0,0,0
10,231,District - Bhojpur (29),Urban,55-59,11197,5613,5584,123,87,36,9895,5145,4750,1165,373,792,8,6,2,6,2,4,0,0,0
10,231,District - Bhojpur (29),Urban,60-64,11402,5923,5479,231,129,102,9015,5189,3826,2142,599,1543,11,4,7,3,2,1,0,0,0
10,231,District - Bhojpur (29),Urban,65-69,7607,4057,3550,245,134,111,5627,3361,2266,1730,561,1169,3,1,2,2,0,2,0,0,0
10,231,District - Bhojpur (29),Urban,70-74,5605,3188,2417,144,89,55,3484,2425,1059,1974,673,1301,1,0,1,2,1,1,0,0,0
10,231,District - Bhojpur (29),Urban,75-79,2389,1310,1079,66,39,27,1379,903,476,943,367,576,0,0,0,1,1,0,0,0,0
10,231,District - Bhojpur (29),Urban,80+,3037,1619,1418,300,172,128,1313,870,443,1423,576,847,1,1,0,0,0,0,0,0,0
10,231,District - Bhojpur (29),Urban,Age not stated,861,522,339,515,351,164,302,151,151,43,19,24,0,0,0,1,1,0,0,0,0
10,231,District - Bhojpur (29),Urban,Less than 18,158868,83636,75232,156290,82791,73499,2455,783,1672,89,38,51,28,20,8,6,4,2,0,0,0
10,231,District - Bhojpur (29),Urban,Less than 21,186082,98737,87345,177755,96450,81305,8122,2185,5937,147,67,80,45,28,17,13,7,6,0,0,0
10,232,District - Buxar (30),Total,All ages,1706352,887977,818375,874864,489784,385080,769438,373894,395544,60695,23669,37026,1097,522,575,258,108,150,0,0,0
10,232,District - Buxar (30),Total,0-9,430760,223335,207425,430760,223335,207425,0,0,0,0,0,0,0,0,0,0,0,0,0,0,0
10,232,District - Buxar (30),Total,10-14,225520,119632,105888,221020,117969,103051,4291,1567,2724,127,56,71,75,36,39,7,4,3,0,0,0
10,232,District - Buxar (30),Total,15-19,166539,91139,75400,143056,85382,57674,23127,5604,17523,282,116,166,63,35,28,11,2,9,0,0,0
10,232,District - Buxar (30),Total,20-24,129313,67837,61476,51555,39804,11751,77165,27793,49372,488,198,290,82,33,49,23,9,14,0,0,0
10,232,District - Buxar (30),Total,25-29,122622,60818,61804,15036,13153,1883,106528,47233,59295,903,362,541,117,58,59,38,12,26,0,0,0
10,232,District - Buxar (30),Total,30-34,112922,55331,57591,4193,3598,595,107118,51101,56017,1446,565,881,141,57,84,24,10,14,0,0,0
10,232,District - Buxar (30),Total,35-39,105376,52941,52435,1683,1394,289,101257,50640,50617,2281,840,1441,121,52,69,34,15,19,0,0,0
10,232,District - Buxar (30),Total,40-44,86586,45922,40664,996,825,171,82266,43922,38344,3190,1117,2073,112,50,62,22,8,14,0,0,0
10,232,District - Buxar (30),Total,45-49,70488,36005,34483,561,479,82,66291,34124,32167,3539,1355,2184,79,40,39,18,7,11,0,0,0
10,232,District - Buxar (30),Total,50-54,56729,31078,25651,483,385,98,51485,28842,22643,4663,1799,2864,78,40,38,20,12,8,0,0,0
10,232,District - Buxar (30),Total,55-59,49721,22957,26764,397,302,95,44821,20917,23904,4433,1706,2727,58,25,33,12,7,5,0,0,0
10,232,District - Buxar (30),Total,60-64,54583,28895,25688,1063,618,445,44163,24959,19204,9277,3282,5995,61,28,33,19,8,11,0,0,0
10,232,District - Buxar (30),Total,65-69,38435,20201,18234,1067,664,403,28992,16312,12680,8310,3184,5126,52,33,19,14,8,6,0,0,0
10,232,District - Buxar (30),Total,70-74,27892,16118,11774,462,334,128,17489,11823,5666,9900,3936,5964,34,23,11,7,2,5,0,0,0
10,232,District - Buxar (30),Total,75-79,12020,6598,5422,205,143,62,7083,4387,2696,4719,2062,2657,11,6,5,2,0,2,0,0,0
10,232,District - Buxar (30),Total,80+,14618,7988,6630,993,609,384,6551,4305,2246,7059,3066,3993,11,6,5,4,2,2,0,0,0
10,232,District - Buxar (30),Total,Age not stated,2228,1182,1046,1334,790,544,811,365,446,78,25,53,2,0,2,3,2,1,0,0,0
10,232,District - Buxar (30),Total,Less than 18,759162,398997,360165,746877,395145,351732,11854,3658,8196,312,131,181,108,58,50,11,5,6,0,0,0
10,232,District - Buxar (30),Total,Less than 21,862515,455962,406553,816348,442766,373582,45443,12888,32555,544,225,319,158,77,81,22,6,16,0,0,0
10,232,District - Buxar (30),Rural,All ages,1541853,801086,740767,788516,440428,348088,697763,338425,359338,54445,21690,32755,927,455,472,202,88,114,0,0,0
10,232,District - Buxar (30),Rural,0-9,395410,204763,190647,395410,204763,190647,0,0,0,0,0,0,0,0,0,0,0,0,0,0,0
10,232,District - Buxar (30),Rural,10-14,204617,108559,96058,200486,107036,93450,3940,1433,2507,112,51,61,72,35,37,7,4,3,0,0,0
10,232,District - Buxar (30),Rural,15-19,147848,80892,66956,126066,75542,50524,21469,5210,16259,252,107,145,55,32,23,6,1,5,0,0,0
10,232,District - Buxar (30),Rural,20-24,114944,60095,54849,43220,33964,9256,71206,25909,45297,430,185,245,67,29,38,21,8,13,0,0,0
10,232,District - Buxar (30),Rural,25-29,109944,54173,55771,11929,10571,1358,97117,43214,53903,779,332,447,88,45,43,31,11,20,0,0,0
10,232,District - Buxar (30),Rural,30-34,101655,49610,52045,3345,2882,463,96892,46166,50726,1286,506,780,111,47,64,21,9,12,0,0,0
10,232,District - Buxar (30),Rural,35-39,94706,47487,47219,1395,1144,251,91135,45525,45610,2053,760,1293,98,46,52,25,12,13,0,0,0
10,232,District - Buxar (30),Rural,40-44,77490,41093,36397,841,696,145,73716,39325,34391,2823,1026,1797,92,41,51,18,5,13,0,0,0
10,232,District - Buxar (30),Rural,45-49,63083,32043,31040,496,426,70,59369,30332,29037,3136,1243,1893,69,37,32,13,5,8,0,0,0
10,232,District - Buxar (30),Rural,50-54,50841,27928,22913,430,343,87,46165,25885,20280,4169,1659,2510,65,34,31,12,7,5,0,0,0
10,232,District - Buxar (30),Rural,55-59,44789,20447,24342,346,266,80,40452,18605,21847,3932,1551,2381,50,20,30,9,5,4,0,0,0
10,232,District - Buxar (30),Rural,60-64,49786,26400,23386,964,566,398,40406,22768,17638,8344,3033,5311,57,26,31,15,7,8,0,0,0
10,232,District - Buxar (30),Rural,65-69,35097,18444,16653,960,597,363,26639,14915,11724,7435,2892,4543,51,32,19,12,8,4,0,0,0
10,232,District - Buxar (30),Rural,70-74,25518,14836,10682,416,301,115,16083,10898,5185,8982,3613,5369,32,22,10,5,2,3,0,0,0
10,232,District - Buxar (30),Rural,75-79,10891,5996,4895,171,121,50,6480,3989,2491,4230,1882,2348,8,4,4,2,0,2,0,0,0
10,232,District - Buxar (30),Rural,80+,13294,7303,5991,877,532,345,5990,3937,2053,6414,2827,3587,10,5,5,3,2,1,0,0,0
10,232,District - Buxar (30),Rural,Age not stated,1940,1017,923,1164,678,486,704,314,390,68,23,45,2,0,2,2,2,0,0,0,0
10,232,District - Buxar (30),Rural,Less than 18,691626,363252,328374,680357,359720,320637,10876,3350,7526,280,122,158,104,56,48,9,4,5,0,0,0
10,232,District - Buxar (30),Rural,Less than 21,783191,413685,369506,740520,401430,339090,42028,11968,30060,482,209,273,145,73,72,16,5,11,0,0,0
10,232,District - Buxar (30),Urban,All ages,164499,86891,77608,86348,49356,36992,71675,35469,36206,6250,1979,4271,170,67,103,56,20,36,0,0,0
10,232,District - Buxar (30),Urban,0-9,35350,18572,16778,35350,18572,16778,0,0,0,0,0,0,0,0,0,0,0,0,0,0,0
10,232,District - Buxar (30),Urban,10-14,20903,11073,9830,20534,10933,9601,351,134,217,15,5,10,3,1,2,0,0,0,0,0,0
10,232,District - Buxar (30),Urban,15-19,18691,10247,8444,16990,9840,7150,1658,394,1264,30,9,21,8,3,5,5,1,4,0,0,0
10,232,District - Buxar (30),Urban,20-24,14369,7742,6627,8335,5840,2495,5959,1884,4075,58,13,45,15,4,11,2,1,1,0,0,0
10,232,District - Buxar (30),Urban,25-29,12678,6645,6033,3107,2582,525,9411,4019,5392,124,30,94,29,13,16,7,1,6,0,0,0
10,232,District - Buxar (30),Urban,30-34,11267,5721,5546,848,716,132,10226,4935,5291,160,59,101,30,10,20,3,1,2,0,0,0
10,232,District - Buxar (30),Urban,35-39,10670,5454,5216,288,250,38,10122,5115,5007,228,80,148,23,6,17,9,3,6,0,0,0
10,232,District - Buxar (30),Urban,40-44,9096,4829,4267,155,129,26,8550,4597,3953,367,91,276,20,9,11,4,3,1,0,0,0
10,232,District - Buxar (30),Urban,45-49,7405,3962,3443,65,53,12,6922,3792,3130,403,112,291,10,3,7,5,2,3,0,0,0
10,232,District - Buxar (30),Urban,50-54,5888,3150,2738,53,42,11,5320,2957,2363,494,140,354,13,6,7,8,5,3,0,0,0
10,232,District - Buxar (30),Urban,55-59,4932,2510,2422,51,36,15,4369,2312,2057,501,155,346,8,5,3,3,2,1,0,0,0
10,232,District - Buxar (30),Urban,60-64,4797,2495,2302,99,52,47,3757,2191,1566,933,249,684,4,2,2,4,1,3,0,0,0
10,232,District - Buxar (30),Urban,65-69,3338,1757,1581,107,67,40,2353,1397,956,875,292,583,1,1,0,2,0,2,0,0,0
10,232,District - Buxar (30),Urban,70-74,2374,1282,1092,46,33,13,1406,925,481,918,323,595,2,1,1,2,0,2,0,0,0
10,232,District - Buxar (30),Urban,75-79,1129,602,527,34,22,12,603,398,205,489,180,309,3,2,1,0,0,0,0,0,0
10,232,District - Buxar (30),Urban,80+,1324,685,639,116,77,39,561,368,193,645,239,406,1,1,0,1,0,1,0,0,0
10,232,District - Buxar (30),Urban,Age not stated,288,165,123,170,112,58,107,51,56,10,2,8,0,0,0,1,0,1,0,0,0
10,232,District - Buxar (30),Urban,Less than 18,67536,35745,31791,66520,35425,31095,978,308,670,32,9,23,4,2,2,2,1,1,0,0,0
10,232,District - Buxar (30),Urban,Less than 21,79324,42277,37047,75828,41336,34492,3415,920,2495,62,16,46,13,4,9,6,1,5,0,0,0
10,233,District - Kaimur (Bhabua) (31),Total,All ages,1626384,847006,779378,831439,460610,370829,740673,366557,374116,52581,18965,33616,1287,684,603,404,190,214,0,0,0
10,233,District - Kaimur (Bhabua) (31),Total,0-9,436146,224964,211182,436146,224964,211182,0,0,0,0,0,0,0,0,0,0,0,0,0,0,0
10,233,District - Kaimur (Bhabua) (31),Total,10-14,218916,115411,103505,213211,113243,99968,5446,2032,3414,146,72,74,95,55,40,18,9,9,0,0,0
10,233,District - Kaimur (Bhabua) (31),Total,15-19,150967,82920,68047,124067,76634,47433,26508,6132,20376,290,104,186,80,42,38,22,8,14,0,0,0
10,233,District - Kaimur (Bhabua) (31),Total,20-24,118335,61113,57222,36112,28905,7207,81485,31899,49586,604,248,356,107,50,57,27,11,16,0,0,0
10,233,District - Kaimur (Bhabua) (31),Total,25-29,114938,57753,57185,8914,7803,1111,104803,49392,55411,1020,456,564,149,78,71,52,24,28,0,0,0
10,233,District - Kaimur (Bhabua) (31),Total,30-34,105874,52449,53425,2553,2067,486,101565,49657,51908,1566,624,942,134,69,65,56,32,24,0,0,0
10,233,District - Kaimur (Bhabua) (31),Total,35-39,99836,51617,48219,1137,862,275,96269,49847,46422,2249,812,1437,137,78,59,44,18,26,0,0,0
10,233,District - Kaimur (Bhabua) (31),Total,40-44,80156,42696,37460,685,547,138,76593,41085,35508,2709,978,1731,127,74,53,42,12,30,0,0,0
10,233,District - Kaimur (Bhabua) (31),Total,45-49,67547,35098,32449,461,368,93,63811,33475,30336,3139,1188,1951,106,52,54,30,15,15,0,0,0
10,233,District - Kaimur (Bhabua) (31),Total,50-54,51724,28693,23031,410,297,113,47160,26871,20289,4032,1462,2570,99,48,51,23,15,8,0,0,0
10,233,District - Kaimur (Bhabua) (31),Total,55-59,45496,21425,24071,364,284,80,41042,19612,21430,4012,1488,2524,63,35,28,15,6,9,0,0,0
10,233,District - Kaimur (Bhabua) (31),Total,60-64,47472,25223,22249,1025,639,386,38419,21961,16458,7930,2577,5353,74,36,38,24,10,14,0,0,0
10,233,District - Kaimur (Bhabua) (31),Total,65-69,33505,17301,16204,843,565,278,25652,14250,11402,6948,2452,4496,42,22,20,20,12,8,0,0,0
10,233,District - Kaimur (Bhabua) (31),Total,70-74,24287,13762,10525,412,277,135,15682,10705,4977,8153,2753,5400,29,18,11,11,9,2,0,0,0
10,233,District - Kaimur (Bhabua) (31),Total,75-79,10630,5543,5087,197,121,76,6750,4002,2748,3662,1407,2255,17,10,7,4,3,1,0,0,0
10,233,District - Kaimur (Bhabua) (31),Total,80+,13694,7280,6414,1022,623,399,6764,4385,2379,5884,2257,3627,16,13,3,8,2,6,0,0,0
10,233,District - Kaimur (Bhabua) (31),Total,Age not stated,6861,3758,3103,3880,2411,1469,2724,1252,1472,237,87,150,12,4,8,8,4,4,0,0,0
10,233,District - Kaimur (Bhabua) (31),Total,Less than 18,749593,392771,356822,734665,388012,346653,14432,4526,9906,331,139,192,136,80,56,29,14,15,0,0,0
10,233,District - Kaimur (Bhabua) (31),Total,Less than 21,841318,442071,399247,789198,427141,362057,51234,14538,36696,626,257,369,211,115,96,49,20,29,0,0,0
10,233,District - Kaimur (Bhabua) (31),Rural,All ages,1560813,812298,748515,797194,441210,355984,711469,351890,359579,50514,18339,32175,1241,671,570,395,188,207,0,0,0
10,233,District - Kaimur (Bhabua) (31),Rural,0-9,421573,217311,204262,421573,217311,204262,0,0,0,0,0,0,0,0,0,0,0,0,0,0,0
10,233,District - Kaimur (Bhabua) (31),Rural,10-14,210171,110824,99347,204620,108720,95900,5301,1974,3327,138,67,71,94,54,40,18,9,9,0,0,0
10,233,District - Kaimur (Bhabua) (31),Rural,15-19,143732,79036,64696,117518,72891,44627,25841,5996,19845,274,100,174,79,42,37,20,7,13,0,0,0
10,233,District - Kaimur (Bhabua) (31),Rural,20-24,112708,58043,54665,33162,26736,6426,78839,31010,47829,579,237,342,101,49,52,27,11,16,0,0,0
10,233,District - Kaimur (Bhabua) (31),Rural,25-29,109843,55038,54805,7896,6930,966,100785,47570,53215,970,438,532,140,76,64,52,24,28,0,0,0
10,233,District - Kaimur (Bhabua) (31),Rural,30-34,101332,50127,51205,2292,1838,454,97364,47592,49772,1490,599,891,131,67,64,55,31,24,0,0,0
10,233,District - Kaimur (Bhabua) (31),Rural,35-39,95587,49430,46157,1057,792,265,92207,47762,44445,2153,783,1370,127,75,52,43,18,25,0,0,0
10,233,District - Kaimur (Bhabua) (31),Rural,40-44,76622,40803,35819,663,533,130,73177,39234,33943,2616,950,1666,125,74,51,41,12,29,0,0,0
10,233,District - Kaimur (Bhabua) (31),Rural,45-49,64617,33503,31114,445,357,88,61060,31931,29129,2983,1149,1834,101,51,50,28,15,13,0,0,0
10,233,District - Kaimur (Bhabua) (31),Rural,50-54,49387,27444,21943,398,289,109,45011,25679,19332,3860,1413,2447,96,48,48,22,15,7,0,0,0
10,233,District - Kaimur (Bhabua) (31),Rural,55-59,43495,20404,23091,351,274,77,39238,18640,20598,3829,1450,2379,62,34,28,15,6,9,0,0,0
10,233,District - Kaimur (Bhabua) (31),Rural,60-64,45672,24291,21381,991,618,373,36949,21128,15821,7637,2500,5137,72,35,37,23,10,13,0,0,0
10,233,District - Kaimur (Bhabua) (31),Rural,65-69,32281,16617,15664,811,540,271,24705,13664,11041,6703,2379,4324,42,22,20,20,12,8,0,0,0
10,233,District - Kaimur (Bhabua) (31),Rural,70-74,23471,13298,10173,393,267,126,15173,10347,4826,7866,2657,5209,28,18,10,11,9,2,0,0,0
10,233,District - Kaimur (Bhabua) (31),Rural,75-79,10269,5341,4928,195,120,75,6537,3862,2675,3517,1346,2171,16,10,6,4,3,1,0,0,0
10,233,District - Kaimur (Bhabua) (31),Rural,80+,13242,7057,6185,977,596,381,6577,4262,2315,5665,2185,3480,15,12,3,8,2,6,0,0,0
10,233,District - Kaimur (Bhabua) (31),Rural,Age not stated,6811,3731,3080,3852,2398,1454,2705,1239,1466,234,86,148,12,4,8,8,4,4,0,0,0
10,233,District - Kaimur (Bhabua) (31),Rural,Less than 18,721812,378155,343657,707276,373516,333760,14060,4416,9644,314,131,183,135,79,56,27,13,14,0,0,0
10,233,District - Kaimur (Bhabua) (31),Rural,Less than 21,809184,425105,384079,758467,410516,347951,49868,14212,35656,593,244,349,209,114,95,47,19,28,0,0,0
10,233,District - Kaimur (Bhabua) (31),Urban,All ages,65571,34708,30863,34245,19400,14845,29204,14667,14537,2067,626,1441,46,13,33,9,2,7,0,0,0
10,233,District - Kaimur (Bhabua) (31),Urban,0-9,14573,7653,6920,14573,7653,6920,0,0,0,0,0,0,0,0,0,0,0,0,0,0,0
10,233,District - Kaimur (Bhabua) (31),Urban,10-14,8745,4587,4158,8591,4523,4068,145,58,87,8,5,3,1,1,0,0,0,0,0,0,0
10,233,District - Kaimur (Bhabua) (31),Urban,15-19,7235,3884,3351,6549,3743,2806,667,136,531,16,4,12,1,0,1,2,1,1,0,0,0
10,233,District - Kaimur (Bhabua) (31),Urban,20-24,5627,3070,2557,2950,2169,781,2646,889,1757,25,11,14,6,1,5,0,0,0,0,0,0
10,233,District - Kaimur (Bhabua) (31),Urban,25-29,5095,2715,2380,1018,873,145,4018,1822,2196,50,18,32,9,2,7,0,0,0,0,0,0
10,233,District - Kaimur (Bhabua) (31),Urban,30-34,4542,2322,2220,261,229,32,4201,2065,2136,76,25,51,3,2,1,1,1,0,0,0,0
10,233,District - Kaimur (Bhabua) (31),Urban,35-39,4249,2187,2062,80,70,10,4062,2085,1977,96,29,67,10,3,7,1,0,1,0,0,0
10,233,District - Kaimur (Bhabua) (31),Urban,40-44,3534,1893,1641,22,14,8,3416,1851,1565,93,28,65,2,0,2,1,0,1,0,0,0
10,233,District - Kaimur (Bhabua) (31),Urban,45-49,2930,1595,1335,16,11,5,2751,1544,1207,156,39,117,5,1,4,2,0,2,0,0,0
10,233,District - Kaimur (Bhabua) (31),Urban,50-54,2337,1249,1088,12,8,4,2149,1192,957,172,49,123,3,0,3,1,0,1,0,0,0
10,233,District - Kaimur (Bhabua) (31),Urban,55-59,2001,1021,980,13,10,3,1804,972,832,183,38,145,1,1,0,0,0,0,0,0,0
10,233,District - Kaimur (Bhabua) (31),Urban,60-64,1800,932,868,34,21,13,1470,833,637,293,77,216,2,1,1,1,0,1,0,0,0
10,233,District - Kaimur (Bhabua) (31),Urban,65-69,1224,684,540,32,25,7,947,586,361,245,73,172,0,0,0,0,0,0,0,0,0
10,233,District - Kaimur (Bhabua) (31),Urban,70-74,816,464,352,19,10,9,509,358,151,287,96,191,1,0,1,0,0,0,0,0,0
10,233,District - Kaimur (Bhabua) (31),Urban,75-79,361,202,159,2,1,1,213,140,73,145,61,84,1,0,1,0,0,0,0,0,0
10,233,District - Kaimur (Bhabua) (31),Urban,80+,452,223,229,45,27,18,187,123,64,219,72,147,1,1,0,0,0,0,0,0,0
10,233,District - Kaimur (Bhabua) (31),Urban,Age not stated,50,27,23,28,13,15,19,13,6,3,1,2,0,0,0,0,0,0,0,0,0
10,233,District - Kaimur (Bhabua) (31),Urban,Less than 18,27781,14616,13165,27389,14496,12893,372,110,262,17,8,9,1,1,0,2,1,1,0,0,0
10,233,District - Kaimur (Bhabua) (31),Urban,Less than 21,32134,16966,15168,30731,16625,14106,1366,326,1040,33,13,20,2,1,1,2,1,1,0,0,0
10,234,District - Rohtas (32),Total,All ages,2959918,1543546,1416372,1515673,844863,670810,1339920,660628,679292,101173,36584,64589,2617,1259,1358,535,212,323,0,0,0
10,234,District - Rohtas (32),Total,0-9,745635,386468,359167,745635,386468,359167,0,0,0,0,0,0,0,0,0,0,0,0,0,0,0
10,234,District - Rohtas (32),Total,10-14,395233,206459,188774,386869,203146,183723,7962,3130,4832,217,101,116,167,75,92,18,7,11,0,0,0
10,234,District - Rohtas (32),Total,15-19,276877,151175,125702,238367,142097,96270,37900,8826,29074,449,176,273,142,72,70,19,4,15,0,0,0
10,234,District - Rohtas (32),Total,20-24,233349,123179,110170,93495,72267,21228,138556,50422,88134,967,347,620,270,119,151,61,24,37,0,0,0
10,234,District - Rohtas (32),Total,25-29,224080,113016,111064,27413,23599,3814,194659,88594,106065,1642,653,989,303,144,159,63,26,37,0,0,0
10,234,District - Rohtas (32),Total,30-34,206885,103124,103761,7748,6438,1310,195849,95496,100353,2846,992,1854,360,159,201,82,39,43,0,0,0
10,234,District - Rohtas (32),Total,35-39,188611,96968,91643,3098,2399,699,180929,93081,87848,4225,1315,2910,286,150,136,73,23,50,0,0,0
10,234,District - Rohtas (32),Total,40-44,153421,81697,71724,1599,1232,367,145908,78471,67437,5571,1843,3728,282,124,158,61,27,34,0,0,0
10,234,District - Rohtas (32),Total,45-49,124825,65191,59634,857,659,198,117207,62118,55089,6540,2296,4244,187,104,83,34,14,20,0,0,0
10,234,District - Rohtas (32),Total,50-54,95834,52446,43388,641,491,150,86661,48892,37769,8334,2985,5349,162,67,95,36,11,25,0,0,0
10,234,District - Rohtas (32),Total,55-59,80812,38511,42301,562,404,158,72340,35286,37054,7784,2761,5023,112,55,57,14,5,9,0,0,0
10,234,District - Rohtas (32),Total,60-64,86526,45297,41229,2148,1209,939,68554,38828,29726,15670,5191,10479,122,56,66,32,13,19,0,0,0
10,234,District - Rohtas (32),Total,65-69,61081,31721,29360,2091,1230,861,44957,25493,19464,13929,4947,8982,87,45,42,17,6,11,0,0,0
10,234,District - Rohtas (32),Total,70-74,43420,24764,18656,888,561,327,26601,18282,8319,15851,5868,9983,69,43,26,11,10,1,0,0,0
10,234,District - Rohtas (32),Total,75-79,17579,9400,8179,278,182,96,10328,6318,4010,6943,2883,4060,25,16,9,5,1,4,0,0,0
10,234,District - Rohtas (32),Total,80+,21941,11941,10000,1782,1085,697,10021,6639,3382,10089,4186,5903,42,30,12,7,1,6,0,0,0
10,234,District - Rohtas (32),Total,Age not stated,3809,2189,1620,2202,1396,806,1488,752,736,116,40,76,1,0,1,2,1,1,0,0,0
10,234,District - Rohtas (32),Total,Less than 18,1310597,685158,625439,1290411,678400,612011,19407,6417,12990,505,215,290,249,117,132,25,9,16,0,0,0
10,234,District - Rohtas (32),Total,Less than 21,1485639,781043,704596,1407643,759207,648436,76613,21259,55354,956,387,569,376,175,201,51,15,36,0,0,0
10,234,District - Rohtas (32),Rural,All ages,2532153,1318276,1213877,1287261,715453,571808,1156582,569557,587025,85820,32032,53788,2080,1057,1023,410,177,233,0,0,0
10,234,District - Rohtas (32),Rural,0-9,651749,337200,314549,651749,337200,314549,0,0,0,0,0,0,0,0,0,0,0,0,0,0,0
10,234,District - Rohtas (32),Rural,10-14,339989,177591,162398,332591,174663,157928,7060,2772,4288,195,95,100,126,54,72,17,7,10,0,0,0
10,234,District - Rohtas (32),Rural,15-19,230263,126357,103906,195577,118153,77424,34171,7981,26190,382,154,228,119,66,53,14,3,11,0,0,0
10,234,District - Rohtas (32),Rural,20-24,194726,101973,92753,70261,55883,14378,123386,45680,77706,828,298,530,204,94,110,47,18,29,0,0,0
10,234,District - Rohtas (32),Rural,25-29,190048,95372,94676,18663,16431,2232,169710,78223,91487,1387,574,813,236,123,113,52,21,31,0,0,0
10,234,District - Rohtas (32),Rural,30-34,176470,87603,88867,5283,4350,933,168440,82208,86232,2405,872,1533,280,138,142,62,35,27,0,0,0
10,234,District - Rohtas (32),Rural,35-39,160679,82596,78083,2256,1737,519,154570,79542,75028,3563,1169,2394,235,128,107,55,20,35,0,0,0
10,234,District - Rohtas (32),Rural,40-44,129963,69119,60844,1210,924,286,123824,66468,57356,4660,1598,3062,220,104,116,49,25,24,0,0,0
10,234,District - Rohtas (32),Rural,45-49,105583,54914,50669,651,499,152,99406,52326,47080,5366,1997,3369,138,81,57,22,11,11,0,0,0
10,234,District - Rohtas (32),Rural,50-54,80998,44422,36576,515,391,124,73406,41396,32010,6916,2569,4347,137,58,79,24,8,16,0,0,0
10,234,District - Rohtas (32),Rural,55-59,68828,32448,36380,451,327,124,61801,29656,32145,6470,2410,4060,95,53,42,11,2,9,0,0,0
10,234,District - Rohtas (32),Rural,60-64,74571,39073,35498,1847,1040,807,59323,33432,25891,13286,4553,8733,91,39,52,24,9,15,0,0,0
10,234,District - Rohtas (32),Rural,65-69,52935,27438,25497,1789,1064,725,39136,22006,17130,11922,4322,7600,77,41,36,11,5,6,0,0,0
10,234,District - Rohtas (32),Rural,70-74,37750,21650,16100,747,477,270,23253,15925,7328,13678,5200,8478,61,38,23,11,10,1,0,0,0
10,234,District - Rohtas (32),Rural,75-79,15231,8110,7121,231,156,75,9032,5442,3590,5941,2497,3444,23,14,9,4,1,3,0,0,0
10,234,District - Rohtas (32),Rural,80+,19057,10495,8562,1530,940,590,8761,5837,2924,8724,3691,5033,37,26,11,5,1,4,0,0,0
10,234,District - Rohtas (32),Rural,Age not stated,3313,1915,1398,1910,1218,692,1303,663,640,97,33,64,1,0,1,2,1,1,0,0,0
10,234,District - Rohtas (32),Rural,Less than 18,1133416,592281,541135,1115547,586315,529232,17215,5671,11544,438,193,245,194,93,101,22,9,13,0,0,0
10,234,District - Rohtas (32),Rural,Less than 21,1278639,671888,606751,1208844,652181,556663,68627,19211,49416,826,338,488,298,144,154,44,14,30,0,0,0
10,234,District - Rohtas (32),Urban,All ages,427765,225270,202495,228412,129410,99002,183338,91071,92267,15353,4552,10801,537,202,335,125,35,90,0,0,0
10,234,District - Rohtas (32),Urban,0-9,93886,49268,44618,93886,49268,44618,0,0,0,0,0,0,0,0,0,0,0,0,0,0,0
10,234,District - Rohtas (32),Urban,10-14,55244,28868,26376,54278,28483,25795,902,358,544,22,6,16,41,21,20,1,0,1,0,0,0
10,234,District - Rohtas (32),Urban,15-19,46614,24818,21796,42790,23944,18846,3729,845,2884,67,22,45,23,6,17,5,1,4,0,0,0
10,234,District - Rohtas (32),Urban,20-24,38623,21206,17417,23234,16384,6850,15170,4742,10428,139,49,90,66,25,41,14,6,8,0,0,0
10,234,District - Rohtas (32),Urban,25-29,34032,17644,16388,8750,7168,1582,24949,10371,14578,255,79,176,67,21,46,11,5,6,0,0,0
10,234,District - Rohtas (32),Urban,30-34,30415,15521,14894,2465,2088,377,27409,13288,14121,441,120,321,80,21,59,20,4,16,0,0,0
10,234,District - Rohtas (32),Urban,35-39,27932,14372,13560,842,662,180,26359,13539,12820,662,146,516,51,22,29,18,3,15,0,0,0
10,234,District - Rohtas (32),Urban,40-44,23458,12578,10880,389,308,81,22084,12003,10081,911,245,666,62,20,42,12,2,10,0,0,0
10,234,District - Rohtas (32),Urban,45-49,19242,10277,8965,206,160,46,17801,9792,8009,1174,299,875,49,23,26,12,3,9,0,0,0
10,234,District - Rohtas (32),Urban,50-54,14836,8024,6812,126,100,26,13255,7496,5759,1418,416,1002,25,9,16,12,3,9,0,0,0
10,234,District - Rohtas (32),Urban,55-59,11984,6063,5921,111,77,34,10539,5630,4909,1314,351,963,17,2,15,3,3,0,0,0,0
10,234,District - Rohtas (32),Urban,60-64,11955,6224,5731,301,169,132,9231,5396,3835,2384,638,1746,31,17,14,8,4,4,0,0,0
10,234,District - Rohtas (32),Urban,65-69,8146,4283,3863,302,166,136,5821,3487,2334,2007,625,1382,10,4,6,6,1,5,0,0,0
10,234,District - Rohtas (32),Urban,70-74,5670,3114,2556,141,84,57,3348,2357,991,2173,668,1505,8,5,3,0,0,0,0,0,0
10,234,District - Rohtas (32),Urban,75-79,2348,1290,1058,47,26,21,1296,876,420,1002,386,616,2,2,0,1,0,1,0,0,0
10,234,District - Rohtas (32),Urban,80+,2884,1446,1438,252,145,107,1260,802,458,1365,495,870,5,4,1,2,0,2,0,0,0
10,234,District - Rohtas (32),Urban,Age not stated,496,274,222,292,178,114,185,89,96,19,7,12,0,0,0,0,0,0,0,0,0
10,234,District - Rohtas (32),Urban,Less than 18,177181,92877,84304,174864,92085,82779,2192,746,1446,67,22,45,55,24,31,3,0,3,0,0,0
10,234,District - Rohtas (32),Urban,Less than 21,207000,109155,97845,198799,107026,91773,7986,2048,5938,130,49,81,78,31,47,7,1,6,0,0,0
10,235,District - Aurangabad (33),Total,All ages,2540073,1318684,1221389,1306914,718358,588556,1151530,567973,583557,79345,31279,48066,1864,899,965,420,175,245,0,0,0
10,235,District - Aurangabad (33),Total,0-9,661905,340419,321486,661905,340419,321486,0,0,0,0,0,0,0,0,0,0,0,0,0,0,0
10,235,District - Aurangabad (33),Total,10-14,342722,177723,164999,334075,174331,159744,8224,3204,5020,280,117,163,117,59,58,26,12,14,0,0,0
10,235,District - Aurangabad (33),Total,15-19,236024,126222,109802,198203,116515,81688,37236,9461,27775,449,183,266,110,49,61,26,14,12,0,0,0
10,235,District - Aurangabad (33),Total,20-24,195979,101220,94759,69415,53520,15895,125570,47264,78306,782,339,443,180,80,100,32,17,15,0,0,0
10,235,District - Aurangabad (33),Total,25-29,190339,95495,94844,19909,17083,2826,168613,77670,90943,1545,618,927,225,103,122,47,21,26,0,0,0
10,235,District - Aurangabad (33),Total,30-34,175944,87842,88102,5965,4858,1107,167212,81906,85306,2469,946,1523,234,113,121,64,19,45,0,0,0
10,235,District - Aurangabad (33),Total,35-39,158962,82004,76958,2494,1880,614,152806,78709,74097,3396,1289,2107,215,107,108,51,19,32,0,0,0
10,235,District - Aurangabad (33),Total,40-44,126378,68060,58318,1394,1107,287,120307,65152,55155,4457,1702,2755,171,79,92,49,20,29,0,0,0
10,235,District - Aurangabad (33),Total,45-49,103287,53612,49675,822,647,175,97358,50980,46378,4927,1907,3020,139,64,75,41,14,27,0,0,0
10,235,District - Aurangabad (33),Total,50-54,78030,44015,34015,738,554,184,70862,40922,29940,6298,2469,3829,117,62,55,15,8,7,0,0,0
10,235,District - Aurangabad (33),Total,55-59,65837,30870,34967,660,456,204,59123,28005,31118,5965,2374,3591,79,33,46,10,2,8,0,0,0
10,235,District - Aurangabad (33),Total,60-64,72417,38601,33816,2042,1237,805,58209,32831,25378,12056,4475,7581,96,54,42,14,4,10,0,0,0
10,235,District - Aurangabad (33),Total,65-69,52112,27149,24963,1873,1131,742,39488,21925,17563,10659,4046,6613,71,36,35,21,11,10,0,0,0
10,235,District - Aurangabad (33),Total,70-74,36891,21574,15317,850,575,275,23865,16217,7648,12110,4744,7366,54,31,23,12,7,5,0,0,0
10,235,District - Aurangabad (33),Total,75-79,15631,8528,7103,379,236,143,9839,5894,3945,5387,2383,3004,23,13,10,3,2,1,0,0,0
10,235,District - Aurangabad (33),Total,80+,20030,11119,8911,1705,1033,672,9940,6458,3482,8354,3613,4741,25,12,13,6,3,3,0,0,0
10,235,District - Aurangabad (33),Total,Age not stated,7585,4231,3354,4485,2776,1709,2878,1375,1503,211,74,137,8,4,4,3,2,1,0,0,0
10,235,District - Aurangabad (33),Total,Less than 18,1150370,596033,554337,1129923,589013,540910,19685,6683,13002,542,228,314,183,90,93,37,19,18,0,0,0
10,235,District - Aurangabad (33),Total,Less than 21,1297801,675070,622731,1222670,652426,570244,73839,22075,51764,955,404,551,274,132,142,63,33,30,0,0,0
10,235,District - Aurangabad (33),Rural,All ages,2303219,1194619,1108600,1179702,647519,532183,1048968,516977,531991,72474,29127,43347,1706,844,862,369,152,217,0,0,0
10,235,District - Aurangabad (33),Rural,0-9,607268,312093,295175,607268,312093,295175,0,0,0,0,0,0,0,0,0,0,0,0,0,0,0
10,235,District - Aurangabad (33),Rural,10-14,311479,161335,150144,303485,158191,145294,7604,2971,4633,259,109,150,106,53,53,25,11,14,0,0,0
10,235,District - Aurangabad (33),Rural,15-19,209941,112432,97509,174509,103297,71212,34899,8907,25992,413,170,243,98,46,52,22,12,10,0,0,0
10,235,District - Aurangabad (33),Rural,20-24,175151,90183,84968,57767,45535,12232,116471,44242,72229,719,312,407,164,77,87,30,17,13,0,0,0
10,235,District - Aurangabad (33),Rural,25-29,172222,86224,85998,15909,13831,2078,154643,71692,82951,1424,584,840,205,100,105,41,17,24,0,0,0
10,235,District - Aurangabad (33),Rural,30-34,159228,79403,79825,4855,3936,919,151815,74453,77362,2295,895,1400,209,104,105,54,15,39,0,0,0
10,235,District - Aurangabad (33),Rural,35-39,143520,74020,69500,2132,1603,529,138058,71092,66966,3090,1209,1881,198,100,98,42,16,26,0,0,0
10,235,District - Aurangabad (33),Rural,40-44,113681,61273,52408,1243,992,251,108176,58595,49581,4069,1600,2469,150,70,80,43,16,27,0,0,0
10,235,District - Aurangabad (33),Rural,45-49,93100,48065,45035,746,591,155,87726,45614,42112,4467,1790,2677,126,58,68,35,12,23,0,0,0
10,235,District - Aurangabad (33),Rural,50-54,70217,39725,30492,667,513,154,63687,36837,26850,5740,2308,3432,111,61,50,12,6,6,0,0,0
10,235,District - Aurangabad (33),Rural,55-59,59549,27720,31829,591,413,178,53522,25066,28456,5352,2208,3144,74,31,43,10,2,8,0,0,0
10,235,District - Aurangabad (33),Rural,60-64,66258,35347,30911,1890,1151,739,53235,29957,23278,11029,4182,6847,91,53,38,13,4,9,0,0,0
10,235,District - Aurangabad (33),Rural,65-69,47759,24848,22911,1738,1057,681,36179,19996,16183,9753,3750,6003,69,35,34,20,10,10,0,0,0
10,235,District - Aurangabad (33),Rural,70-74,33902,19834,14068,793,543,250,21941,14864,7077,11106,4392,6714,50,28,22,12,7,5,0,0,0
10,235,District - Aurangabad (33),Rural,75-79,14396,7861,6535,352,224,128,9105,5418,3687,4914,2204,2710,23,13,10,2,2,0,0,0,0
10,235,District - Aurangabad (33),Rural,80+,18458,10304,8154,1558,955,603,9215,5988,3227,7655,3346,4309,25,12,13,5,3,2,0,0,0
10,235,District - Aurangabad (33),Rural,Age not stated,7090,3952,3138,4199,2594,1605,2692,1285,1407,189,68,121,7,3,4,3,2,1,0,0,0
10,235,District - Aurangabad (33),Rural,Less than 18,1048612,542997,505615,1029603,536463,493140,18304,6218,12086,505,216,289,166,83,83,34,17,17,0,0,0
10,235,District - Aurangabad (33),Rural,Less than 21,1179809,613397,566412,1109726,592105,517621,68895,20767,48128,880,372,508,250,123,127,58,30,28,0,0,0
10,235,District - Aurangabad (33),Urban,All ages,236854,124065,112789,127212,70839,56373,102562,50996,51566,6871,2152,4719,158,55,103,51,23,28,0,0,0
10,235,District - Aurangabad (33),Urban,0-9,54637,28326,26311,54637,28326,26311,0,0,0,0,0,0,0,0,0,0,0,0,0,0,0
10,235,District - Aurangabad (33),Urban,10-14,31243,16388,14855,30590,16140,14450,620,233,387,21,8,13,11,6,5,1,1,0,0,0,0
10,235,District - Aurangabad (33),Urban,15-19,26083,13790,12293,23694,13218,10476,2337,554,1783,36,13,23,12,3,9,4,2,2,0,0,0
10,235,District - Aurangabad (33),Urban,20-24,20828,11037,9791,11648,7985,3663,9099,3022,6077,63,27,36,16,3,13,2,0,2,0,0,0
10,235,District - Aurangabad (33),Urban,25-29,18117,9271,8846,4000,3252,748,13970,5978,7992,121,34,87,20,3,17,6,4,2,0,0,0
10,235,District - Aurangabad (33),Urban,30-34,16716,8439,8277,1110,922,188,15397,7453,7944,174,51,123,25,9,16,10,4,6,0,0,0
10,235,District - Aurangabad (33),Urban,35-39,15442,7984,7458,362,277,85,14748,7617,7131,306,80,226,17,7,10,9,3,6,0,0,0
10,235,District - Aurangabad (33),Urban,40-44,12697,6787,5910,151,115,36,12131,6557,5574,388,102,286,21,9,12,6,4,2,0,0,0
10,235,District - Aurangabad (33),Urban,45-49,10187,5547,4640,76,56,20,9632,5366,4266,460,117,343,13,6,7,6,2,4,0,0,0
10,235,District - Aurangabad (33),Urban,50-54,7813,4290,3523,71,41,30,7175,4085,3090,558,161,397,6,1,5,3,2,1,0,0,0
10,235,District - Aurangabad (33),Urban,55-59,6288,3150,3138,69,43,26,5601,2939,2662,613,166,447,5,2,3,0,0,0,0,0,0
10,235,District - Aurangabad (33),Urban,60-64,6159,3254,2905,152,86,66,4974,2874,2100,1027,293,734,5,1,4,1,0,1,0,0,0
10,235,District - Aurangabad (33),Urban,65-69,4353,2301,2052,135,74,61,3309,1929,1380,906,296,610,2,1,1,1,1,0,0,0,0
10,235,District - Aurangabad (33),Urban,70-74,2989,1740,1249,57,32,25,1924,1353,571,1004,352,652,4,3,1,0,0,0,0,0,0
10,235,District - Aurangabad (33),Urban,75-79,1235,667,568,27,12,15,734,476,258,473,179,294,0,0,0,1,0,1,0,0,0
10,235,District - Aurangabad (33),Urban,80+,1572,815,757,147,78,69,725,470,255,699,267,432,0,0,0,1,0,1,0,0,0
10,235,District - Aurangabad (33),Urban,Age not stated,495,279,216,286,182,104,186,90,96,22,6,16,1,1,0,0,0,0,0,0,0
10,235,District - Aurangabad (33),Urban,Less than 18,101758,53036,48722,100320,52550,47770,1381,465,916,37,12,25,17,7,10,3,2,1,0,0,0
10,235,District - Aurangabad (33),Urban,Less than 21,117992,61673,56319,112944,60321,52623,4944,1308,3636,75,32,43,24,9,15,5,3,2,0,0,0
10,236,District - Gaya (34),Total,All ages,4391418,2266566,2124852,2245445,1229391,1016054,2011063,989674,1021389,130558,45713,84845,3242,1363,1879,1110,425,685,0,0,0
10,236,District - Gaya (34),Total,0-9,1140782,582984,557798,1140782,582984,557798,0,0,0,0,0,0,0,0,0,0,0,0,0,0,0
10,236,District - Gaya (34),Total,10-14,575742,300061,275681,556031,292576,263455,18838,7100,11738,573,236,337,238,116,122,62,33,29,0,0,0
10,236,District - Gaya (34),Total,15-19,408426,213494,194932,314986,187752,127234,92212,25239,66973,923,371,552,241,105,136,64,27,37,0,0,0
10,236,District - Gaya (34),Total,20-24,353243,181031,172212,112401,84446,27955,238709,95754,142955,1662,628,1034,361,151,210,110,52,58,0,0,0
10,236,District - Gaya (34),Total,25-29,331833,165836,165997,34792,28620,6172,293726,136125,157601,2809,914,1895,385,136,249,121,41,80,0,0,0
10,236,District - Gaya (34),Total,30-34,294317,147701,146616,10664,8430,2234,278728,137615,141113,4345,1442,2903,416,158,258,164,56,108,0,0,0
10,236,District - Gaya (34),Total,35-39,261826,134516,127310,4145,2977,1168,251009,129435,121574,6188,1911,4277,356,148,208,128,45,83,0,0,0
10,236,District - Gaya (34),Total,40-44,209383,112016,97367,2365,1680,685,198845,107543,91302,7707,2611,5096,345,140,205,121,42,79,0,0,0
10,236,District - Gaya (34),Total,45-49,171104,89003,82101,1425,974,451,160470,84946,75524,8929,2984,5945,205,71,134,75,28,47,0,0,0
10,236,District - Gaya (34),Total,50-54,129302,71584,57718,1131,722,409,117113,67069,50044,10824,3689,7135,177,79,98,57,25,32,0,0,0
10,236,District - Gaya (34),Total,55-59,108584,51455,57129,981,591,390,97006,47118,49888,10446,3672,6774,103,54,49,48,20,28,0,0,0
10,236,District - Gaya (34),Total,60-64,112372,59499,52873,2346,1214,1132,90662,51980,38682,19192,6238,12954,127,53,74,45,14,31,0,0,0
10,236,District - Gaya (34),Total,65-69,77706,40382,37324,2318,1235,1083,58968,33401,25567,16316,5696,10620,78,40,38,26,10,16,0,0,0
10,236,District - Gaya (34),Total,70-74,54164,30942,23222,1238,674,564,35266,23969,11297,17570,6253,11317,70,37,33,20,9,11,0,0,0
10,236,District - Gaya (34),Total,75-79,22847,12019,10828,527,282,245,14554,8619,5935,7727,3101,4626,27,12,15,12,5,7,0,0,0
10,236,District - Gaya (34),Total,80+,32358,17329,15029,2787,1588,1199,17307,10821,6486,12204,4892,7312,36,24,12,24,4,20,0,0,0
10,236,District - Gaya (34),Total,Age not stated,107429,56714,50715,56526,32646,23880,47650,22940,24710,3143,1075,2068,77,39,38,33,14,19,0,0,0
10,236,District - Gaya (34),Total,Less than 18,1962171,1013848,948323,1910393,996665,913728,50177,16492,33685,1140,471,669,369,175,194,92,45,47,0,0,0
10,236,District - Gaya (34),Total,Less than 21,2224951,1149300,1075651,2055065,1094870,960195,167163,53285,113878,1988,812,1176,575,258,317,160,75,85,0,0,0
10,236,District - Gaya (34),Rural,All ages,3809817,1960592,1849225,1943503,1058297,885206,1751101,860750,890351,111468,39974,71494,2793,1204,1589,952,367,585,0,0,0
10,236,District - Gaya (34),Rural,0-9,1022453,521233,501220,1022453,521233,501220,0,0,0,0,0,0,0,0,0,0,0,0,0,0,0
10,236,District - Gaya (34),Rural,10-14,508037,264686,243351,490576,258110,232466,16706,6242,10464,481,200,281,219,106,113,55,28,27,0,0,0
10,236,District - Gaya (34),Rural,15-19,346398,180684,165714,260509,156979,103530,84852,23274,61578,765,315,450,210,89,121,62,27,35,0,0,0
10,236,District - Gaya (34),Rural,20-24,299125,151819,147306,80996,62887,18109,216273,88199,128074,1456,558,898,308,131,177,92,44,48,0,0,0
10,236,District - Gaya (34),Rural,25-29,283712,140995,142717,21851,18453,3398,259051,121586,137465,2389,802,1587,323,122,201,98,32,66,0,0,0
10,236,District - Gaya (34),Rural,30-34,252717,126496,126221,6761,5279,1482,241673,119732,121941,3778,1286,2492,359,147,212,146,52,94,0,0,0
10,236,District - Gaya (34),Rural,35-39,224303,115171,109132,2917,2055,862,215679,111245,104434,5294,1702,3592,301,129,172,112,40,72,0,0,0
10,236,District - Gaya (34),Rural,40-44,178627,95323,83304,1780,1271,509,169940,91595,78345,6514,2299,4215,289,122,167,104,36,68,0,0,0
10,236,District - Gaya (34),Rural,45-49,145048,75153,69895,1056,732,324,136282,71711,64571,7475,2626,4849,175,60,115,60,24,36,0,0,0
10,236,District - Gaya (34),Rural,50-54,109599,60825,48774,856,573,283,99493,56952,42541,9049,3211,5838,152,68,84,49,21,28,0,0,0
10,236,District - Gaya (34),Rural,55-59,92815,43358,49457,767,464,303,83253,39647,43606,8669,3184,5485,86,48,38,40,15,25,0,0,0
10,236,District - Gaya (34),Rural,60-64,97906,51838,46068,2043,1067,976,79275,45230,34045,16428,5479,10949,116,48,68,44,14,30,0,0,0
10,236,District - Gaya (34),Rural,65-69,68288,35307,32981,1971,1085,886,52056,29174,22882,14169,5005,9164,73,37,36,19,6,13,0,0,0
10,236,District - Gaya (34),Rural,70-74,47598,27274,20324,1049,592,457,31097,21117,9980,15368,5521,9847,67,35,32,17,9,8,0,0,0
10,236,District - Gaya (34),Rural,75-79,19854,10454,9400,402,223,179,12822,7541,5281,6596,2674,3922,24,11,13,10,5,5,0,0,0
10,236,District - Gaya (34),Rural,80+,27920,15059,12861,2194,1279,915,15081,9478,5603,10589,4274,6315,35,24,11,21,4,17,0,0,0
10,236,District - Gaya (34),Rural,Age not stated,85417,44917,40500,45322,26015,19307,37568,18027,19541,2448,838,1610,56,27,29,23,10,13,0,0,0
10,236,District - Gaya (34),Rural,Less than 18,1739395,897380,842015,1692796,882002,810794,45240,14784,30456,943,400,543,333,154,179,83,40,43,0,0,0
10,236,District - Gaya (34),Rural,Less than 21,1961814,1011335,950479,1806869,961397,845472,152593,48937,103656,1694,706,988,510,227,283,148,68,80,0,0,0
10,236,District - Gaya (34),Urban,All ages,581601,305974,275627,301942,171094,130848,259962,128924,131038,19090,5739,13351,449,159,290,158,58,100,0,0,0
10,236,District - Gaya (34),Urban,0-9,118329,61751,56578,118329,61751,56578,0,0,0,0,0,0,0,0,0,0,0,0,0,0,0
10,236,District - Gaya (34),Urban,10-14,67705,35375,32330,65455,34466,30989,2132,858,1274,92,36,56,19,10,9,7,5,2,0,0,0
10,236,District - Gaya (34),Urban,15-19,62028,32810,29218,54477,30773,23704,7360,1965,5395,158,56,102,31,16,15,2,0,2,0,0,0
10,236,District - Gaya (34),Urban,20-24,54118,29212,24906,31405,21559,9846,22436,7555,14881,206,70,136,53,20,33,18,8,10,0,0,0
10,236,District - Gaya (34),Urban,25-29,48121,24841,23280,12941,10167,2774,34675,14539,20136,420,112,308,62,14,48,23,9,14,0,0,0
10,236,District - Gaya (34),Urban,30-34,41600,21205,20395,3903,3151,752,37055,17883,19172,567,156,411,57,11,46,18,4,14,0,0,0
10,236,District - Gaya (34),Urban,35-39,37523,19345,18178,1228,922,306,35330,18190,17140,894,209,685,55,19,36,16,5,11,0,0,0
10,236,District - Gaya (34),Urban,40-44,30756,16693,14063,585,409,176,28905,15948,12957,1193,312,881,56,18,38,17,6,11,0,0,0
10,236,District - Gaya (34),Urban,45-49,26056,13850,12206,369,242,127,24188,13235,10953,1454,358,1096,30,11,19,15,4,11,0,0,0
10,236,District - Gaya (34),Urban,50-54,19703,10759,8944,275,149,126,17620,10117,7503,1775,478,1297,25,11,14,8,4,4,0,0,0
10,236,District - Gaya (34),Urban,55-59,15769,8097,7672,214,127,87,13753,7471,6282,1777,488,1289,17,6,11,8,5,3,0,0,0
10,236,District - Gaya (34),Urban,60-64,14466,7661,6805,303,147,156,11387,6750,4637,2764,759,2005,11,5,6,1,0,1,0,0,0
10,236,District - Gaya (34),Urban,65-69,9418,5075,4343,347,150,197,6912,4227,2685,2147,691,1456,5,3,2,7,4,3,0,0,0
10,236,District - Gaya (34),Urban,70-74,6566,3668,2898,189,82,107,4169,2852,1317,2202,732,1470,3,2,1,3,0,3,0,0,0
10,236,District - Gaya (34),Urban,75-79,2993,1565,1428,125,59,66,1732,1078,654,1131,427,704,3,1,2,2,0,2,0,0,0
10,236,District - Gaya (34),Urban,80+,4438,2270,2168,593,309,284,2226,1343,883,1615,618,997,1,0,1,3,0,3,0,0,0
10,236,District - Gaya (34),Urban,Age not stated,22012,11797,10215,11204,6631,4573,10082,4913,5169,695,237,458,21,12,9,10,4,6,0,0,0
10,236,District - Gaya (34),Urban,Less than 18,222776,116468,106308,217597,114663,102934,4937,1708,3229,197,71,126,36,21,15,9,5,4,0,0,0
10,236,District - Gaya (34),Urban,Less than 21,263137,137965,125172,248196,133473,114723,14570,4348,10222,294,106,188,65,31,34,12,7,5,0,0,0
10,237,District - Nawada (35),Total,All ages,2219146,1144668,1074478,1122872,617132,505740,1029206,504828,524378,65273,21975,43298,1379,581,798,416,152,264,0,0,0
10,237,District - Nawada (35),Total,0-9,583892,300794,283098,583892,300794,283098,0,0,0,0,0,0,0,0,0,0,0,0,0,0,0
10,237,District - Nawada (35),Total,10-14,301634,157375,144259,292480,154117,138363,8814,3107,5707,192,75,117,125,58,67,23,18,5,0,0,0
10,237,District - Nawada (35),Total,15-19,211784,110110,101674,161852,96845,65007,49396,13043,36353,400,153,247,109,58,51,27,11,16,0,0,0
10,237,District - Nawada (35),Total,20-24,178115,90908,87207,53571,41232,12339,123590,49324,74266,749,267,482,157,70,87,48,15,33,0,0,0
10,237,District - Nawada (35),Total,25-29,165356,82315,83041,15338,13079,2259,148529,68726,79803,1260,414,846,182,77,105,47,19,28,0,0,0
10,237,District - Nawada (35),Total,30-34,148373,74292,74081,4573,3706,867,141468,69883,71585,2087,622,1465,184,67,117,61,14,47,0,0,0
10,237,District - Nawada (35),Total,35-39,133664,67490,66174,1861,1391,470,128836,65215,63621,2780,816,1964,144,57,87,43,11,32,0,0,0
10,237,District - Nawada (35),Total,40-44,111103,58989,52114,1004,755,249,106185,57031,49154,3747,1142,2605,123,47,76,44,14,30,0,0,0
10,237,District - Nawada (35),Total,45-49,92488,47658,44830,625,476,149,87464,45776,41688,4288,1366,2922,89,31,58,22,9,13,0,0,0
10,237,District - Nawada (35),Total,50-54,70521,39196,31325,545,409,136,64367,36964,27403,5524,1791,3733,63,26,37,22,6,16,0,0,0
10,237,District - Nawada (35),Total,55-59,58769,27881,30888,461,319,142,53021,25734,27287,5219,1803,3416,51,19,32,17,6,11,0,0,0
10,237,District - Nawada (35),Total,60-64,59934,32054,27880,1375,769,606,48695,28245,20450,9783,3008,6775,61,25,36,20,7,13,0,0,0
10,237,District - Nawada (35),Total,65-69,41451,20995,20456,1281,741,540,31755,17410,14345,8371,2822,5549,30,16,14,14,6,8,0,0,0
10,237,District - Nawada (35),Total,70-74,30238,17420,12818,525,323,202,19760,13683,6077,9918,3398,6520,28,14,14,7,2,5,0,0,0
10,237,District - Nawada (35),Total,75-79,12114,6421,5693,181,119,62,7861,4669,3192,4052,1622,2430,11,4,7,9,7,2,0,0,0
10,237,District - Nawada (35),Total,80+,15778,8540,7238,969,583,386,7984,5307,2677,6801,2636,4165,14,7,7,10,7,3,0,0,0
10,237,District - Nawada (35),Total,Age not stated,3932,2230,1702,2339,1474,865,1481,711,770,102,40,62,8,5,3,2,0,2,0,0,0
10,237,District - Nawada (35),Total,Less than 18,1012864,525818,487046,986258,517484,468774,25947,8043,17904,433,170,263,183,95,88,43,26,17,0,0,0
10,237,District - Nawada (35),Total,Less than 21,1150270,595845,554425,1060182,568115,492067,88944,27258,61686,803,302,501,274,136,138,67,34,33,0,0,0
10,237,District - Nawada (35),Rural,All ages,2003567,1031656,971911,1008352,552850,455502,934752,457961,476791,58887,20190,38697,1212,519,693,364,136,228,0,0,0
10,237,District - Nawada (35),Rural,0-9,534387,274984,259403,534387,274984,259403,0,0,0,0,0,0,0,0,0,0,0,0,0,0,0
10,237,District - Nawada (35),Rural,10-14,273147,142497,130650,264634,139482,125152,8207,2881,5326,180,71,109,105,47,58,21,16,5,0,0,0
10,237,District - Nawada (35),Rural,15-19,188264,97810,90454,141281,85288,55993,46496,12320,34176,365,141,224,96,50,46,26,11,15,0,0,0
10,237,District - Nawada (35),Rural,20-24,158753,80620,78133,43103,33902,9201,114769,46394,68375,700,249,451,138,61,77,43,14,29,0,0,0
10,237,District - Nawada (35),Rural,25-29,148034,73357,74677,11382,9779,1603,135312,63105,72207,1137,383,754,161,72,89,42,18,24,0,0,0
10,237,District - Nawada (35),Rural,30-34,133219,66554,66665,3546,2837,709,127586,63072,64514,1878,573,1305,159,59,100,50,13,37,0,0,0
10,237,District - Nawada (35),Rural,35-39,119916,60363,59553,1567,1162,405,115671,58385,57286,2522,756,1766,123,52,71,33,8,25,0,0,0
10,237,District - Nawada (35),Rural,40-44,99596,52832,46764,874,663,211,95200,51047,44153,3374,1067,2307,109,43,66,39,12,27,0,0,0
10,237,District - Nawada (35),Rural,45-49,82989,42603,40386,561,432,129,78506,40869,37637,3822,1265,2557,80,29,51,20,8,12,0,0,0
10,237,District - Nawada (35),Rural,50-54,63503,35336,28167,496,372,124,57986,33287,24699,4943,1649,3294,59,24,35,19,4,15,0,0,0
10,237,District - Nawada (35),Rural,55-59,52989,24978,28011,411,287,124,47892,23026,24866,4629,1643,2986,41,16,25,16,6,10,0,0,0
10,237,District - Nawada (35),Rural,60-64,54364,29084,25280,1284,714,570,44186,25578,18608,8821,2763,6058,56,23,33,17,6,11,0,0,0
10,237,District - Nawada (35),Rural,65-69,37740,19030,18710,1184,692,492,28932,15729,13203,7582,2588,4994,28,15,13,14,6,8,0,0,0
10,237,District - Nawada (35),Rural,70-74,27608,15906,11702,485,297,188,18094,12493,5601,8998,3102,5896,24,12,12,7,2,5,0,0,0
10,237,District - Nawada (35),Rural,75-79,11079,5849,5230,157,103,54,7222,4250,2972,3681,1486,2195,11,4,7,8,6,2,0,0,0
10,237,District - Nawada (35),Rural,80+,14362,7802,6560,843,495,348,7341,4879,2462,6155,2415,3740,14,7,7,9,6,3,0,0,0
10,237,District - Nawada (35),Rural,Age not stated,3617,2051,1566,2157,1361,796,1352,646,706,100,39,61,8,5,3,0,0,0,0,0,0
10,237,District - Nawada (35),Rural,Less than 18,920864,477855,443009,896030,470102,425928,24241,7492,16749,398,159,239,155,78,77,40,24,16,0,0,0
10,237,District - Nawada (35),Rural,Less than 21,1042999,539806,503193,958552,513645,444907,83407,25734,57673,743,282,461,236,113,123,61,32,29,0,0,0
10,237,District - Nawada (35),Urban,All ages,215579,113012,102567,114520,64282,50238,94454,46867,47587,6386,1785,4601,167,62,105,52,16,36,0,0,0
10,237,District - Nawada (35),Urban,0-9,49505,25810,23695,49505,25810,23695,0,0,0,0,0,0,0,0,0,0,0,0,0,0,0
10,237,District - Nawada (35),Urban,10-14,28487,14878,13609,27846,14635,13211,607,226,381,12,4,8,20,11,9,2,2,0,0,0,0
10,237,District - Nawada (35),Urban,15-19,23520,12300,11220,20571,11557,9014,2900,723,2177,35,12,23,13,8,5,1,0,1,0,0,0
10,237,District - Nawada (35),Urban,20-24,19362,10288,9074,10468,7330,3138,8821,2930,5891,49,18,31,19,9,10,5,1,4,0,0,0
10,237,District - Nawada (35),Urban,25-29,17322,8958,8364,3956,3300,656,13217,5621,7596,123,31,92,21,5,16,5,1,4,0,0,0
10,237,District - Nawada (35),Urban,30-34,15154,7738,7416,1027,869,158,13882,6811,7071,209,49,160,25,8,17,11,1,10,0,0,0
10,237,District - Nawada (35),Urban,35-39,13748,7127,6621,294,229,65,13165,6830,6335,258,60,198,21,5,16,10,3,7,0,0,0
10,237,District - Nawada (35),Urban,40-44,11507,6157,5350,130,92,38,10985,5984,5001,373,75,298,14,4,10,5,2,3,0,0,0
10,237,District - Nawada (35),Urban,45-49,9499,5055,4444,64,44,20,8958,4907,4051,466,101,365,9,2,7,2,1,1,0,0,0
10,237,District - Nawada (35),Urban,50-54,7018,3860,3158,49,37,12,6381,3677,2704,581,142,439,4,2,2,3,2,1,0,0,0
10,237,District - Nawada (35),Urban,55-59,5780,2903,2877,50,32,18,5129,2708,2421,590,160,430,10,3,7,1,0,1,0,0,0
10,237,District - Nawada (35),Urban,60-64,5570,2970,2600,91,55,36,4509,2667,1842,962,245,717,5,2,3,3,1,2,0,0,0
10,237,District - Nawada (35),Urban,65-69,3711,1965,1746,97,49,48,2823,1681,1142,789,234,555,2,1,1,0,0,0,0,0,0
10,237,District - Nawada (35),Urban,70-74,2630,1514,1116,40,26,14,1666,1190,476,920,296,624,4,2,2,0,0,0,0,0,0
10,237,District - Nawada (35),Urban,75-79,1035,572,463,24,16,8,639,419,220,371,136,235,0,0,0,1,1,0,0,0,0
10,237,District - Nawada (35),Urban,80+,1416,738,678,126,88,38,643,428,215,646,221,425,0,0,0,1,1,0,0,0,0
10,237,District - Nawada (35),Urban,Age not stated,315,179,136,182,113,69,129,65,64,2,1,1,0,0,0,2,0,2,0,0,0
10,237,District - Nawada (35),Urban,Less than 18,92000,47963,44037,90228,47382,42846,1706,551,1155,35,11,24,28,17,11,3,2,1,0,0,0
10,237,District - Nawada (35),Urban,Less than 21,107271,56039,51232,101630,54470,47160,5537,1524,4013,60,20,40,38,23,15,6,2,4,0,0,0
10,238,District - Jamui (36),Total,All ages,1760405,916064,844341,877859,490713,387146,829393,409435,419958,51607,15252,36355,1181,543,638,365,121,244,0,0,0
10,238,District - Jamui (36),Total,0-9,468452,239999,228453,468452,239999,228453,0,0,0,0,0,0,0,0,0,0,0,0,0,0,0
10,238,District - Jamui (36),Total,10-14,226568,120157,106411,220996,118244,102752,5370,1820,3550,120,47,73,78,43,35,4,3,1,0,0,0
10,238,District - Jamui (36),Total,15-19,158297,85975,72322,121778,78377,43401,36126,7488,28638,281,74,207,94,34,60,18,2,16,0,0,0
10,238,District - Jamui (36),Total,20-24,143841,73967,69874,42339,35051,7288,100664,38651,62013,632,196,436,152,51,101,54,18,36,0,0,0
10,238,District - Jamui (36),Total,25-29,138761,69020,69741,12042,10464,1578,125434,58116,67318,1060,329,731,178,92,86,47,19,28,0,0,0
10,238,District - Jamui (36),Total,30-34,122841,62820,60021,3473,2857,616,117543,59431,58112,1611,441,1170,161,74,87,53,17,36,0,0,0
10,238,District - Jamui (36),Total,35-39,109959,57053,52906,1325,1002,323,106234,55380,50854,2248,604,1644,119,54,65,33,13,20,0,0,0
10,238,District - Jamui (36),Total,40-44,87198,47441,39757,653,499,154,83394,46041,37353,3000,831,2169,109,62,47,42,8,34,0,0,0
10,238,District - Jamui (36),Total,45-49,72054,37024,35030,395,279,116,68169,35747,32422,3376,949,2427,86,38,48,28,11,17,0,0,0
10,238,District - Jamui (36),Total,50-54,56018,31156,24862,313,204,109,51180,29625,21555,4433,1282,3151,68,33,35,24,12,12,0,0,0
10,238,District - Jamui (36),Total,55-59,46921,22088,24833,297,202,95,42362,20616,21746,4217,1254,2963,33,12,21,12,4,8,0,0,0
10,238,District - Jamui (36),Total,60-64,50011,26096,23915,893,480,413,40293,23331,16962,8765,2266,6499,41,16,25,19,3,16,0,0,0
10,238,District - Jamui (36),Total,65-69,33429,17389,16040,700,422,278,25523,14968,10555,7165,1975,5190,29,18,11,12,6,6,0,0,0
10,238,District - Jamui (36),Total,70-74,22315,13026,9289,322,192,130,14520,10478,4042,7452,2346,5106,15,9,6,6,1,5,0,0,0
10,238,District - Jamui (36),Total,75-79,8145,4352,3793,116,81,35,5171,3237,1934,2846,1031,1815,4,0,4,8,3,5,0,0,0
10,238,District - Jamui (36),Total,80+,10177,5475,4702,632,386,246,5284,3507,1777,4248,1579,2669,9,3,6,4,0,4,0,0,0
10,238,District - Jamui (36),Total,Age not stated,5418,3026,2392,3133,1974,1159,2126,999,1127,153,48,105,5,4,1,1,1,0,0,0,0
10,238,District - Jamui (36),Total,Less than 18,788501,412753,375748,771876,407979,363897,16223,4617,11606,265,90,175,125,62,63,12,5,7,0,0,0
10,238,District - Jamui (36),Total,Less than 21,895842,467538,428304,828287,450489,377798,66710,16774,49936,591,177,414,217,90,127,37,8,29,0,0,0
10,238,District - Jamui (36),Rural,All ages,1615072,839776,775296,803246,448641,354605,763246,376406,386840,47170,14109,33061,1074,505,569,336,115,221,0,0,0
10,238,District - Jamui (36),Rural,0-9,434462,222513,211949,434462,222513,211949,0,0,0,0,0,0,0,0,0,0,0,0,0,0,0
10,238,District - Jamui (36),Rural,10-14,208487,110656,97831,203247,108862,94385,5055,1707,3348,110,45,65,71,39,32,4,3,1,0,0,0
10,238,District - Jamui (36),Rural,15-19,143328,78089,65239,108892,70930,37962,34067,7056,27011,263,69,194,89,32,57,17,2,15,0,0,0
10,238,District - Jamui (36),Rural,20-24,130776,67008,63768,36003,30296,5707,93989,36462,57527,593,189,404,140,45,95,51,16,35,0,0,0
10,238,District - Jamui (36),Rural,25-29,126972,62885,64087,9734,8502,1232,116052,53970,62082,977,311,666,166,84,82,43,18,25,0,0,0
10,238,District - Jamui (36),Rural,30-34,112501,57507,54994,2854,2310,544,107946,54692,53254,1506,417,1089,147,72,75,48,16,32,0,0,0
10,238,District - Jamui (36),Rural,35-39,100299,52017,48282,1109,828,281,96990,50554,46436,2065,572,1493,104,50,54,31,13,18,0,0,0
10,238,District - Jamui (36),Rural,40-44,79250,43069,36181,574,436,138,75805,41789,34016,2742,780,1962,97,57,40,32,7,25,0,0,0
10,238,District - Jamui (36),Rural,45-49,65600,33612,31988,354,250,104,62094,32424,29670,3045,891,2154,79,36,43,28,11,17,0,0,0
10,238,District - Jamui (36),Rural,50-54,51075,28454,22621,280,183,97,46718,27051,19667,3995,1177,2818,62,32,30,20,11,9,0,0,0
10,238,District - Jamui (36),Rural,55-59,42917,19996,22921,270,186,84,38791,18651,20140,3816,1145,2671,28,10,18,12,4,8,0,0,0
10,238,District - Jamui (36),Rural,60-64,46080,24089,21991,814,439,375,37166,21533,15633,8046,2099,5947,35,15,20,19,3,16,0,0,0
10,238,District - Jamui (36),Rural,65-69,30755,15979,14776,645,386,259,23515,13744,9771,6558,1826,4732,25,17,8,12,6,6,0,0,0
10,238,District - Jamui (36),Rural,70-74,20521,11959,8562,286,171,115,13314,9598,3716,6900,2180,4720,15,9,6,6,1,5,0,0,0
10,238,District - Jamui (36),Rural,75-79,7416,3945,3471,107,75,32,4745,2941,1804,2552,926,1626,4,0,4,8,3,5,0,0,0
10,238,District - Jamui (36),Rural,80+,9380,5059,4321,591,362,229,4925,3260,1665,3852,1434,2418,8,3,5,4,0,4,0,0,0
10,238,District - Jamui (36),Rural,Age not stated,5253,2939,2314,3024,1912,1112,2074,974,1100,150,48,102,4,4,0,1,1,0,0,0,0
10,238,District - Jamui (36),Rural,Less than 18,727486,381089,346397,711862,376596,335266,15252,4346,10906,245,85,160,116,57,59,11,5,6,0,0,0
10,238,District - Jamui (36),Rural,Less than 21,825155,430793,394362,761543,414643,346900,62825,15891,46934,550,169,381,201,82,119,36,8,28,0,0,0
10,238,District - Jamui (36),Urban,All ages,145333,76288,69045,74613,42072,32541,66147,33029,33118,4437,1143,3294,107,38,69,29,6,23,0,0,0
10,238,District - Jamui (36),Urban,0-9,33990,17486,16504,33990,17486,16504,0,0,0,0,0,0,0,0,0,0,0,0,0,0,0
10,238,District - Jamui (36),Urban,10-14,18081,9501,8580,17749,9382,8367,315,113,202,10,2,8,7,4,3,0,0,0,0,0,0
10,238,District - Jamui (36),Urban,15-19,14969,7886,7083,12886,7447,5439,2059,432,1627,18,5,13,5,2,3,1,0,1,0,0,0
10,238,District - Jamui (36),Urban,20-24,13065,6959,6106,6336,4755,1581,6675,2189,4486,39,7,32,12,6,6,3,2,1,0,0,0
10,238,District - Jamui (36),Urban,25-29,11789,6135,5654,2308,1962,346,9382,4146,5236,83,18,65,12,8,4,4,1,3,0,0,0
10,238,District - Jamui (36),Urban,30-34,10340,5313,5027,619,547,72,9597,4739,4858,105,24,81,14,2,12,5,1,4,0,0,0
10,238,District - Jamui (36),Urban,35-39,9660,5036,4624,216,174,42,9244,4826,4418,183,32,151,15,4,11,2,0,2,0,0,0
10,238,District - Jamui (36),Urban,40-44,7948,4372,3576,79,63,16,7589,4252,3337,258,51,207,12,5,7,10,1,9,0,0,0
10,238,District - Jamui (36),Urban,45-49,6454,3412,3042,41,29,12,6075,3323,2752,331,58,273,7,2,5,0,0,0,0,0,0
10,238,District - Jamui (36),Urban,50-54,4943,2702,2241,33,21,12,4462,2574,1888,438,105,333,6,1,5,4,1,3,0,0,0
10,238,District - Jamui (36),Urban,55-59,4004,2092,1912,27,16,11,3571,1965,1606,401,109,292,5,2,3,0,0,0,0,0,0
10,238,District - Jamui (36),Urban,60-64,3931,2007,1924,79,41,38,3127,1798,1329,719,167,552,6,1,5,0,0,0,0,0,0
10,238,District - Jamui (36),Urban,65-69,2674,1410,1264,55,36,19,2008,1224,784,607,149,458,4,1,3,0,0,0,0,0,0
10,238,District - Jamui (36),Urban,70-74,1794,1067,727,36,21,15,1206,880,326,552,166,386,0,0,0,0,0,0,0,0,0
10,238,District - Jamui (36),Urban,75-79,729,407,322,9,6,3,426,296,130,294,105,189,0,0,0,0,0,0,0,0,0
10,238,District - Jamui (36),Urban,80+,797,416,381,41,24,17,359,247,112,396,145,251,1,0,1,0,0,0,0,0,0
10,238,District - Jamui (36),Urban,Age not stated,165,87,78,109,62,47,52,25,27,3,0,3,1,0,1,0,0,0,0,0,0
10,238,District - Jamui (36),Urban,Less than 18,61015,31664,29351,60014,31383,28631,971,271,700,20,5,15,9,5,4,1,0,1,0,0,0
10,238,District - Jamui (36),Urban,Less than 21,70687,36745,33942,66744,35846,30898,3885,883,3002,41,8,33,16,8,8,1,0,1,0,0,0
10,239,District - Jehanabad  (37),Total,All ages,1125313,585582,539731,563194,312652,250542,522139,257460,264679,39126,15101,24025,701,305,396,153,64,89,0,0,0
10,239,District - Jehanabad  (37),Total,0-9,291530,151802,139728,291530,151802,139728,0,0,0,0,0,0,0,0,0,0,0,0,0,0,0
10,239,District - Jehanabad  (37),Total,10-14,149896,78660,71236,146122,77306,68816,3634,1288,2346,89,41,48,46,23,23,5,2,3,0,0,0
10,239,District - Jehanabad  (37),Total,15-19,100927,53471,47456,79994,47980,32014,20668,5365,15303,201,95,106,54,27,27,10,4,6,0,0,0
10,239,District - Jehanabad  (37),Total,20-24,87943,45094,42849,28410,21659,6751,59065,23238,35827,399,164,235,59,30,29,10,3,7,0,0,0
10,239,District - Jehanabad  (37),Total,25-29,83948,41890,42058,8659,7478,1181,74428,34074,40354,761,293,468,78,35,43,22,10,12,0,0,0
10,239,District - Jehanabad  (37),Total,30-34,79563,40134,39429,2688,2272,416,75538,37373,38165,1213,442,771,98,37,61,26,10,16,0,0,0
10,239,District - Jehanabad  (37),Total,35-39,70619,36095,34524,1029,827,202,67718,34583,33135,1758,635,1123,96,39,57,18,11,7,0,0,0
10,239,District - Jehanabad  (37),Total,40-44,57880,31176,26704,629,505,124,54957,29826,25131,2197,808,1389,83,32,51,14,5,9,0,0,0
10,239,District - Jehanabad  (37),Total,45-49,46520,24229,22291,392,325,67,43589,22910,20679,2477,972,1505,53,17,36,9,5,4,0,0,0
10,239,District - Jehanabad  (37),Total,50-54,35400,20021,15379,336,279,57,31880,18529,13351,3144,1198,1946,32,13,19,8,2,6,0,0,0
10,239,District - Jehanabad  (37),Total,55-59,29820,13981,15839,274,221,53,26795,12635,14160,2718,1109,1609,29,13,16,4,3,1,0,0,0
10,239,District - Jehanabad  (37),Total,60-64,33159,17359,15800,723,472,251,26541,14775,11766,5857,2096,3761,29,13,16,9,3,6,0,0,0
10,239,District - Jehanabad  (37),Total,65-69,23872,12558,11314,688,431,257,17887,10124,7763,5272,1990,3282,18,8,10,7,5,2,0,0,0
10,239,District - Jehanabad  (37),Total,70-74,16833,9642,7191,285,209,76,10542,7160,3382,5989,2267,3722,13,6,7,4,0,4,0,0,0
10,239,District - Jehanabad  (37),Total,75-79,7108,3786,3322,134,99,35,4255,2527,1728,2710,1154,1556,6,5,1,3,1,2,0,0,0
10,239,District - Jehanabad  (37),Total,80+,8914,4929,3985,495,333,162,4131,2781,1350,4283,1813,2470,2,2,0,3,0,3,0,0,0
10,239,District - Jehanabad  (37),Total,Age not stated,1381,755,626,806,454,352,511,272,239,58,24,34,5,5,0,1,0,1,0,0,0
10,239,District - Jehanabad  (37),Total,Less than 18,501710,262991,238719,491075,259634,231441,10341,3218,7123,206,97,109,78,37,41,10,5,5,0,0,0
10,239,District - Jehanabad  (37),Total,Less than 21,568765,297972,270793,529302,285706,243596,38914,12015,26899,413,185,228,121,60,61,15,6,9,0,0,0
10,239,District - Jehanabad  (37),Rural,All ages,990117,514154,475963,493132,272787,220345,461649,227425,234224,34593,13622,20971,609,267,342,134,53,81,0,0,0
10,239,District - Jehanabad  (37),Rural,0-9,260868,135554,125314,260868,135554,125314,0,0,0,0,0,0,0,0,0,0,0,0,0,0,0
10,239,District - Jehanabad  (37),Rural,10-14,132057,69209,62848,128708,68008,60700,3223,1145,2078,82,37,45,40,18,22,4,1,3,0,0,0
10,239,District - Jehanabad  (37),Rural,15-19,86287,45558,40729,67278,40538,26740,18775,4904,13871,177,88,89,48,24,24,9,4,5,0,0,0
10,239,District - Jehanabad  (37),Rural,20-24,76186,38843,37343,22558,17525,5033,53216,21140,32076,354,153,201,49,22,27,9,3,6,0,0,0
10,239,District - Jehanabad  (37),Rural,25-29,73351,36472,36879,6564,5721,843,66022,30450,35572,679,263,416,66,30,36,20,8,12,0,0,0
10,239,District - Jehanabad  (37),Rural,30-34,69901,35202,34699,2106,1776,330,66597,32975,33622,1086,406,680,87,36,51,25,9,16,0,0,0
10,239,District - Jehanabad  (37),Rural,35-39,61763,31598,30165,854,693,161,59265,30290,28975,1554,573,981,76,34,42,14,8,6,0,0,0
10,239,District - Jehanabad  (37),Rural,40-44,50439,27129,23310,539,440,99,47904,25927,21977,1910,727,1183,74,30,44,12,5,7,0,0,0
10,239,District - Jehanabad  (37),Rural,45-49,40535,21082,19453,340,285,55,37957,19874,18083,2184,905,1279,47,14,33,7,4,3,0,0,0
10,239,District - Jehanabad  (37),Rural,50-54,30934,17541,13393,307,261,46,27866,16190,11676,2727,1077,1650,28,12,16,6,1,5,0,0,0
10,239,District - Jehanabad  (37),Rural,55-59,26152,12128,14024,252,204,48,23563,10949,12614,2309,963,1346,25,10,15,3,2,1,0,0,0
10,239,District - Jehanabad  (37),Rural,60-64,29527,15430,14097,643,425,218,23659,13078,10581,5188,1911,3277,28,13,15,9,3,6,0,0,0
10,239,District - Jehanabad  (37),Rural,65-69,21426,11258,10168,608,386,222,16129,9072,7057,4667,1789,2878,16,7,9,6,4,2,0,0,0
10,239,District - Jehanabad  (37),Rural,70-74,15166,8702,6464,268,201,67,9497,6444,3053,5386,2052,3334,12,5,7,3,0,3,0,0,0
10,239,District - Jehanabad  (37),Rural,75-79,6325,3358,2967,120,90,30,3783,2228,1555,2413,1034,1379,6,5,1,3,1,2,0,0,0
10,239,District - Jehanabad  (37),Rural,80+,8015,4437,3578,440,293,147,3742,2519,1223,3828,1623,2205,2,2,0,3,0,3,0,0,0
10,239,District - Jehanabad  (37),Rural,Age not stated,1185,653,532,679,387,292,451,240,211,49,21,28,5,5,0,1,0,1,0,0,0
10,239,District - Jehanabad  (37),Rural,Less than 18,444516,232652,211864,434972,229615,205357,9282,2911,6371,184,91,93,69,31,38,9,4,5,0,0,0
10,239,District - Jehanabad  (37),Rural,Less than 21,502048,262414,239634,466391,251259,215132,35160,10928,24232,378,173,205,106,49,57,13,5,8,0,0,0
10,239,District - Jehanabad  (37),Urban,All ages,135196,71428,63768,70062,39865,30197,60490,30035,30455,4533,1479,3054,92,38,54,19,11,8,0,0,0
10,239,District - Jehanabad  (37),Urban,0-9,30662,16248,14414,30662,16248,14414,0,0,0,0,0,0,0,0,0,0,0,0,0,0,0
10,239,District - Jehanabad  (37),Urban,10-14,17839,9451,8388,17414,9298,8116,411,143,268,7,4,3,6,5,1,1,1,0,0,0,0
10,239,District - Jehanabad  (37),Urban,15-19,14640,7913,6727,12716,7442,5274,1893,461,1432,24,7,17,6,3,3,1,0,1,0,0,0
10,239,District - Jehanabad  (37),Urban,20-24,11757,6251,5506,5852,4134,1718,5849,2098,3751,45,11,34,10,8,2,1,0,1,0,0,0
10,239,District - Jehanabad  (37),Urban,25-29,10597,5418,5179,2095,1757,338,8406,3624,4782,82,30,52,12,5,7,2,2,0,0,0,0
10,239,District - Jehanabad  (37),Urban,30-34,9662,4932,4730,582,496,86,8941,4398,4543,127,36,91,11,1,10,1,1,0,0,0,0
10,239,District - Jehanabad  (37),Urban,35-39,8856,4497,4359,175,134,41,8453,4293,4160,204,62,142,20,5,15,4,3,1,0,0,0
10,239,District - Jehanabad  (37),Urban,40-44,7441,4047,3394,90,65,25,7053,3899,3154,287,81,206,9,2,7,2,0,2,0,0,0
10,239,District - Jehanabad  (37),Urban,45-49,5985,3147,2838,52,40,12,5632,3036,2596,293,67,226,6,3,3,2,1,1,0,0,0
10,239,District - Jehanabad  (37),Urban,50-54,4466,2480,1986,29,18,11,4014,2339,1675,417,121,296,4,1,3,2,1,1,0,0,0
10,239,District - Jehanabad  (37),Urban,55-59,3668,1853,1815,22,17,5,3232,1686,1546,409,146,263,4,3,1,1,1,0,0,0,0
10,239,District - Jehanabad  (37),Urban,60-64,3632,1929,1703,80,47,33,2882,1697,1185,669,185,484,1,0,1,0,0,0,0,0,0
10,239,District - Jehanabad  (37),Urban,65-69,2446,1300,1146,80,45,35,1758,1052,706,605,201,404,2,1,1,1,1,0,0,0,0
10,239,District - Jehanabad  (37),Urban,70-74,1667,940,727,17,8,9,1045,716,329,603,215,388,1,1,0,1,0,1,0,0,0
10,239,District - Jehanabad  (37),Urban,75-79,783,428,355,14,9,5,472,299,173,297,120,177,0,0,0,0,0,0,0,0,0
10,239,District - Jehanabad  (37),Urban,80+,899,492,407,55,40,15,389,262,127,455,190,265,0,0,0,0,0,0,0,0,0
10,239,District - Jehanabad  (37),Urban,Age not stated,196,102,94,127,67,60,60,32,28,9,3,6,0,0,0,0,0,0,0,0,0
10,239,District - Jehanabad  (37),Urban,Less than 18,57194,30339,26855,56103,30019,26084,1059,307,752,22,6,16,9,6,3,1,1,0,0,0,0
10,239,District - Jehanabad  (37),Urban,Less than 21,66717,35558,31159,62911,34447,28464,3754,1087,2667,35,12,23,15,11,4,2,1,1,0,0,0
10,240,District - Arwal (38),Total,All ages,700843,363497,337346,355266,196326,158940,320159,157185,162974,24885,9773,15112,402,170,232,131,43,88,0,0,0
10,240,District - Arwal (38),Total,0-9,184550,95177,89373,184550,95177,89373,0,0,0,0,0,0,0,0,0,0,0,0,0,0,0
10,240,District - Arwal (38),Total,10-14,93731,49084,44647,91508,48297,43211,2114,748,1366,79,22,57,28,15,13,2,2,0,0,0,0
10,240,District - Arwal (38),Total,15-19,62584,33497,29087,51321,30749,20572,11119,2698,8421,113,36,77,30,14,16,1,0,1,0,0,0
10,240,District - Arwal (38),Total,20-24,53198,27608,25590,17324,13728,3596,35584,13763,21821,236,93,143,43,22,21,11,2,9,0,0,0
10,240,District - Arwal (38),Total,25-29,50385,25057,25328,4783,4219,564,45102,20629,24473,451,184,267,39,20,19,10,5,5,0,0,0
10,240,District - Arwal (38),Total,30-34,48146,23998,24148,1451,1230,221,45919,22471,23448,719,275,444,40,15,25,17,7,10,0,0,0
10,240,District - Arwal (38),Total,35-39,43217,21867,21350,588,460,128,41528,20987,20541,1028,391,637,58,22,36,15,7,8,0,0,0
10,240,District - Arwal (38),Total,40-44,35673,19185,16488,376,303,73,33821,18306,15515,1433,564,869,35,11,24,8,1,7,0,0,0
10,240,District - Arwal (38),Total,45-49,28995,14958,14037,227,200,27,27190,14140,13050,1539,604,935,34,11,23,5,3,2,0,0,0
10,240,District - Arwal (38),Total,50-54,22593,12568,10025,184,152,32,20272,11579,8693,2106,826,1280,23,10,13,8,1,7,0,0,0
10,240,District - Arwal (38),Total,55-59,19159,9068,10091,161,130,31,17148,8183,8965,1832,750,1082,12,3,9,6,2,4,0,0,0
10,240,District - Arwal (38),Total,60-64,21182,11096,10086,522,307,215,16870,9395,7475,3756,1379,2377,24,11,13,10,4,6,0,0,0
10,240,District - Arwal (38),Total,65-69,15062,7883,7179,498,318,180,11189,6270,4919,3354,1289,2065,14,5,9,7,1,6,0,0,0
10,240,District - Arwal (38),Total,70-74,10835,6199,4636,206,149,57,6636,4536,2100,3969,1507,2462,9,3,6,15,4,11,0,0,0
10,240,District - Arwal (38),Total,75-79,4466,2394,2072,68,47,21,2683,1595,1088,1706,748,958,4,3,1,5,1,4,0,0,0
10,240,District - Arwal (38),Total,80+,5253,2905,2348,291,195,96,2425,1611,814,2520,1092,1428,8,5,3,9,2,7,0,0,0
10,240,District - Arwal (38),Total,Age not stated,1814,953,861,1208,665,543,559,274,285,44,13,31,1,0,1,2,1,1,0,0,0
10,240,District - Arwal (38),Total,Less than 18,316545,164910,151635,310809,163113,147696,5554,1732,3822,140,43,97,40,20,20,2,2,0,0,0,0
10,240,District - Arwal (38),Total,Less than 21,356832,186425,170407,334758,179883,154875,21736,6415,15321,261,87,174,72,38,34,5,2,3,0,0,0
10,240,District - Arwal (38),Rural,All ages,648994,336420,312574,328008,181142,146866,297389,145889,151500,23091,9186,13905,388,164,224,118,39,79,0,0,0
10,240,District - Arwal (38),Rural,0-9,171356,88359,82997,171356,88359,82997,0,0,0,0,0,0,0,0,0,0,0,0,0,0,0
10,240,District - Arwal (38),Rural,10-14,86676,45400,41276,84607,44674,39933,1970,690,1280,69,19,50,28,15,13,2,2,0,0,0,0
10,240,District - Arwal (38),Rural,15-19,57404,30704,26700,46889,28120,18769,10381,2534,7847,105,36,69,28,14,14,1,0,1,0,0,0
10,240,District - Arwal (38),Rural,20-24,48944,25320,23624,15619,12422,3197,33056,12788,20268,218,87,131,42,21,21,9,2,7,0,0,0
10,240,District - Arwal (38),Rural,25-29,46599,23097,23502,4236,3751,485,41910,19154,22756,407,169,238,37,19,18,9,4,5,0,0,0
10,240,District - Arwal (38),Rural,30-34,44707,22251,22456,1299,1097,202,42686,20870,21816,665,262,403,40,15,25,17,7,10,0,0,0
10,240,District - Arwal (38),Rural,35-39,40069,20295,19774,547,430,117,38505,19464,19041,949,374,575,54,20,34,14,7,7,0,0,0
10,240,District - Arwal (38),Rural,40-44,33008,17734,15274,350,286,64,31296,16909,14387,1323,528,795,33,10,23,6,1,5,0,0,0
10,240,District - Arwal (38),Rural,45-49,26868,13868,13000,211,185,26,25188,13098,12090,1431,572,859,34,11,23,4,2,2,0,0,0
10,240,District - Arwal (38),Rural,50-54,20835,11617,9218,170,140,30,18702,10688,8014,1935,779,1156,22,9,13,6,1,5,0,0,0
10,240,District - Arwal (38),Rural,55-59,17758,8378,9380,147,119,28,15920,7552,8368,1673,702,971,12,3,9,6,2,4,0,0,0
10,240,District - Arwal (38),Rural,60-64,19806,10371,9435,495,291,204,15796,8779,7017,3484,1288,2196,23,11,12,8,2,6,0,0,0
10,240,District - Arwal (38),Rural,65-69,14080,7396,6684,463,300,163,10461,5873,4588,3135,1217,1918,14,5,9,7,1,6,0,0,0
10,240,District - Arwal (38),Rural,70-74,10120,5777,4343,194,143,51,6197,4223,1974,3705,1404,2301,9,3,6,15,4,11,0,0,0
10,240,District - Arwal (38),Rural,75-79,4189,2250,1939,65,44,21,2529,1494,1035,1586,708,878,4,3,1,5,1,4,0,0,0
10,240,District - Arwal (38),Rural,80+,4934,2739,2195,268,180,88,2286,1524,762,2365,1028,1337,8,5,3,7,2,5,0,0,0
10,240,District - Arwal (38),Rural,Age not stated,1641,864,777,1092,601,491,506,249,257,41,13,28,0,0,0,2,1,1,0,0,0
10,240,District - Arwal (38),Rural,Less than 18,293074,152667,140407,287730,151002,136728,5175,1603,3572,128,40,88,39,20,19,2,2,0,0,0,0
10,240,District - Arwal (38),Rural,Less than 21,330152,172439,157713,309565,166310,143255,20272,6005,14267,240,84,156,70,38,32,5,2,3,0,0,0
10,240,District - Arwal (38),Urban,All ages,51849,27077,24772,27258,15184,12074,22770,11296,11474,1794,587,1207,14,6,8,13,4,9,0,0,0
10,240,District - Arwal (38),Urban,0-9,13194,6818,6376,13194,6818,6376,0,0,0,0,0,0,0,0,0,0,0,0,0,0,0
10,240,District - Arwal (38),Urban,10-14,7055,3684,3371,6901,3623,3278,144,58,86,10,3,7,0,0,0,0,0,0,0,0,0
10,240,District - Arwal (38),Urban,15-19,5180,2793,2387,4432,2629,1803,738,164,574,8,0,8,2,0,2,0,0,0,0,0,0
10,240,District - Arwal (38),Urban,20-24,4254,2288,1966,1705,1306,399,2528,975,1553,18,6,12,1,1,0,2,0,2,0,0,0
10,240,District - Arwal (38),Urban,25-29,3786,1960,1826,547,468,79,3192,1475,1717,44,15,29,2,1,1,1,1,0,0,0,0
10,240,District - Arwal (38),Urban,30-34,3439,1747,1692,152,133,19,3233,1601,1632,54,13,41,0,0,0,0,0,0,0,0,0
10,240,District - Arwal (38),Urban,35-39,3148,1572,1576,41,30,11,3023,1523,1500,79,17,62,4,2,2,1,0,1,0,0,0
10,240,District - Arwal (38),Urban,40-44,2665,1451,1214,26,17,9,2525,1397,1128,110,36,74,2,1,1,2,0,2,0,0,0
10,240,District - Arwal (38),Urban,45-49,2127,1090,1037,16,15,1,2002,1042,960,108,32,76,0,0,0,1,1,0,0,0,0
10,240,District - Arwal (38),Urban,50-54,1758,951,807,14,12,2,1570,891,679,171,47,124,1,1,0,2,0,2,0,0,0
10,240,District - Arwal (38),Urban,55-59,1401,690,711,14,11,3,1228,631,597,159,48,111,0,0,0,0,0,0,0,0,0
10,240,District - Arwal (38),Urban,60-64,1376,725,651,27,16,11,1074,616,458,272,91,181,1,0,1,2,2,0,0,0,0
10,240,District - Arwal (38),Urban,65-69,982,487,495,35,18,17,728,397,331,219,72,147,0,0,0,0,0,0,0,0,0
10,240,District - Arwal (38),Urban,70-74,715,422,293,12,6,6,439,313,126,264,103,161,0,0,0,0,0,0,0,0,0
10,240,District - Arwal (38),Urban,75-79,277,144,133,3,3,0,154,101,53,120,40,80,0,0,0,0,0,0,0,0,0
10,240,District - Arwal (38),Urban,80+,319,166,153,23,15,8,139,87,52,155,64,91,0,0,0,2,0,2,0,0,0
10,240,District - Arwal (38),Urban,Age not stated,173,89,84,116,64,52,53,25,28,3,0,3,1,0,1,0,0,0,0,0,0
10,240,District - Arwal (38),Urban,Less than 18,23471,12243,11228,23079,12111,10968,379,129,250,12,3,9,1,0,1,0,0,0,0,0,0
10,240,District - Arwal (38),Urban,Less than 21,26680,13986,12694,25193,13573,11620,1464,410,1054,21,3,18,2,0,2,0,0,0,0,0,0
