state_code,district_code,area_name,region_type,age_group,total_persons,total_males,total_females,never_married_persons,never_married_males,never_married_females,currently_married_persons,currently_married_males,currently_married_females,widowed_persons,widowed_males,widowed_females,separated_persons,separated_males,separated_females,divorced_persons,divorced_males,divorced_females,unspecified_persons,unspecified_males,unspecified_females
22,000,State - CHHATTISGARH (22),Total,All ages,25545198,12832895,12712303,12195213,6572982,5622231,11901082,5917409,5983673,1261803,288016,973787,146221,44480,101741,40879,10008,30871,0,0,0
22,000,State - CHHATTISGARH (22),Total,0-9,5299823,2691049,2608774,5299823,2691049,2608774,0,0,0,0,0,0,0,0,0,0,0,0,0,0,0
22,000,State - CHHATTISGARH (22),Total,10-14,2884013,1461185,1422828,2843593,1445137,1398456,37629,14901,22728,1565,587,978,1072,503,569,154,57,97,0,0,0
22,000,State - CHHATTISGARH (22),Total,15-19,2599842,1319451,1280391,2369252,1275123,1094129,222972,42173,180799,3770,1173,2597,3211,857,2354,637,125,512,0,0,0
22,000,State - CHHATTISGARH (22),Total,20-24,2389497,1193378,1196119,1129594,776729,352865,1229558,408253,821305,11143,3378,7765,15084,4209,10875,4118,809,3309,0,0,0
22,000,State - CHHATTISGARH (22),Total,25-29,2057300,1049238,1008062,332092,248259,83833,1676739,786535,890204,22163,6520,15643,20143,6385,13758,6163,1539,4624,0,0,0
22,000,State - CHHATTISGARH (22),Total,30-34,1815058,898023,917035,92147,63830,28317,1662069,818077,843992,34104,8401,25703,20343,6074,14269,6395,1641,4754,0,0,0
22,000,State - CHHATTISGARH (22),Total,35-39,1779414,891265,888149,36853,22537,14316,1657072,848315,808757,56789,12316,44473,21945,6482,15463,6755,1615,5140,0,0,0
22,000,State - CHHATTISGARH (22),Total,40-44,1576553,796402,780151,20083,11432,8651,1454378,761632,692746,77604,16548,61056,19047,5480,13567,5441,1310,4131,0,0,0
22,000,State - CHHATTISGARH (22),Total,45-49,1334374,692974,641400,11610,6301,5309,1203696,659634,544062,100411,21775,78636,14619,4265,10354,4038,999,3039,0,0,0
22,000,State - CHHATTISGARH (22),Total,50-54,992947,510326,482621,7065,3779,3286,859737,477962,381775,113356,24921,88435,10257,3070,7187,2532,594,1938,0,0,0
22,000,State - CHHATTISGARH (22),Total,55-59,789353,389338,400015,4799,2527,2272,657505,357537,299968,119002,26712,92290,6483,2098,4385,1564,464,1100,0,0,0
22,000,State - CHHATTISGARH (22),Total,60-64,743742,348956,394786,9469,4817,4652,534379,302970,231409,192167,38772,153395,6351,2040,4311,1376,357,1019,0,0,0
22,000,State - CHHATTISGARH (22),Total,65-69,533810,244336,289474,10016,5195,4821,340110,199431,140679,179208,38122,141086,3691,1351,2340,785,237,548,0,0,0
22,000,State - CHHATTISGARH (22),Total,70-74,373000,174249,198751,3603,1915,1688,198210,132743,65467,168488,38563,129925,2237,901,1336,462,127,335,0,0,0
22,000,State - CHHATTISGARH (22),Total,75-79,166578,75545,91033,1414,722,692,84011,53466,30545,80153,20936,59217,820,372,448,180,49,131,0,0,0
22,000,State - CHHATTISGARH (22),Total,80+,186779,85073,101706,10516,5864,4652,74497,49750,24747,100747,29036,71711,786,350,436,233,73,160,0,0,0
22,000,State - CHHATTISGARH (22),Total,Age not stated,23115,12107,11008,13284,7766,5518,8520,4030,4490,1133,256,877,132,43,89,46,12,34,0,0,0
22,000,State - CHHATTISGARH (22),Total,Less than 18,9748437,4946932,4801505,9647852,4913850,4734002,94374,30851,63523,3755,1242,2513,2121,874,1247,335,115,220,0,0,0
22,000,State - CHHATTISGARH (22),Total,Less than 21,11381104,5762808,5618296,10891206,5655992,5235214,473830,102176,371654,7412,2357,5055,7153,1989,5164,1503,294,1209,0,0,0
22,000,State - CHHATTISGARH (22),Rural,All ages,19607961,9797426,9810535,9365732,5003895,4361837,9094630,4510018,4584612,1002537,238997,763540,113856,36643,77213,31206,7873,23333,0,0,0
22,000,State - CHHATTISGARH (22),Rural,0-9,4234124,2140591,2093533,4234124,2140591,2093533,0,0,0,0,0,0,0,0,0,0,0,0,0,0,0
22,000,State - CHHATTISGARH (22),Rural,10-14,2289627,1155074,1134553,2258482,1142723,1115759,28994,11464,17530,1239,474,765,808,372,436,104,41,63,0,0,0
22,000,State - CHHATTISGARH (22),Rural,15-19,1998051,1009334,988717,1809448,973033,836415,182479,34576,147903,2975,937,2038,2642,692,1950,507,96,411,0,0,0
22,000,State - CHHATTISGARH (22),Rural,20-24,1773929,885162,888767,756186,535029,221157,992601,342833,649768,9008,2906,6102,12682,3686,8996,3452,708,2744,0,0,0
22,000,State - CHHATTISGARH (22),Rural,25-29,1508182,770527,737655,183528,139126,44402,1286180,619300,666880,17443,5412,12031,16196,5379,10817,4835,1310,3525,0,0,0
22,000,State - CHHATTISGARH (22),Rural,30-34,1340001,656456,683545,47770,31765,16005,1245037,611501,633536,26652,6931,19721,15702,4961,10741,4840,1298,3542,0,0,0
22,000,State - CHHATTISGARH (22),Rural,35-39,1329416,663342,666074,20006,11361,8645,1243716,635322,608394,43989,10222,33767,16749,5246,11503,4956,1191,3765,0,0,0
22,000,State - CHHATTISGARH (22),Rural,40-44,1179152,590214,588938,11167,5973,5194,1089829,565040,524789,59812,13848,45964,14305,4369,9936,4039,984,3055,0,0,0
22,000,State - CHHATTISGARH (22),Rural,45-49,998323,516444,481879,6376,3385,2991,900492,490532,409960,77539,18359,59180,10928,3432,7496,2988,736,2252,0,0,0
22,000,State - CHHATTISGARH (22),Rural,50-54,741578,376646,364932,3876,2100,1776,640388,350750,289638,87779,20848,66931,7650,2494,5156,1885,454,1431,0,0,0
22,000,State - CHHATTISGARH (22),Rural,55-59,603044,290945,312099,2611,1393,1218,501486,265456,236030,92761,22024,70737,5021,1716,3305,1165,356,809,0,0,0
22,000,State - CHHATTISGARH (22),Rural,60-64,588321,273504,314817,6376,3267,3109,421426,235760,185666,154458,32449,122009,4992,1733,3259,1069,295,774,0,0,0
22,000,State - CHHATTISGARH (22),Rural,65-69,429402,195192,234210,6757,3535,3222,272643,158369,114274,146373,31946,114427,2998,1153,1845,631,189,442,0,0,0
22,000,State - CHHATTISGARH (22),Rural,70-74,299448,139047,160401,2308,1224,1084,157786,105094,52692,137191,31856,105335,1788,763,1025,375,110,265,0,0,0
22,000,State - CHHATTISGARH (22),Rural,75-79,132135,58945,73190,896,456,440,66591,41431,25160,63828,16700,47128,675,317,358,145,41,104,0,0,0
22,000,State - CHHATTISGARH (22),Rural,80+,149241,68761,80480,7510,4166,3344,60209,40344,19865,80711,23894,56817,628,298,330,183,59,124,0,0,0
22,000,State - CHHATTISGARH (22),Rural,Age not stated,13987,7242,6745,8311,4768,3543,4773,2246,2527,779,191,588,92,32,60,32,5,27,0,0,0
22,000,State - CHHATTISGARH (22),Rural,Less than 18,7734691,3908245,3826446,7655983,3882496,3773487,73888,24030,49858,2955,986,1969,1629,653,976,236,80,156,0,0,0
22,000,State - CHHATTISGARH (22),Rural,Less than 21,8974708,4524508,4450200,8574939,4436375,4138564,386768,84364,302404,5906,1916,3990,5881,1621,4260,1214,232,982,0,0,0
22,000,State - CHHATTISGARH (22),Urban,All ages,5937237,3035469,2901768,2829481,1569087,1260394,2806452,1407391,1399061,259266,49019,210247,32365,7837,24528,9673,2135,7538,0,0,0
22,000,State - CHHATTISGARH (22),Urban,0-9,1065699,550458,515241,1065699,550458,515241,0,0,0,0,0,0,0,0,0,0,0,0,0,0,0
22,000,State - CHHATTISGARH (22),Urban,10-14,594386,306111,288275,585111,302414,282697,8635,3437,5198,326,113,213,264,131,133,50,16,34,0,0,0
22,000,State - CHHATTISGARH (22),Urban,15-19,601791,310117,291674,559804,302090,257714,40493,7597,32896,795,236,559,569,165,404,130,29,101,0,0,0
22,000,State - CHHATTISGARH (22),Urban,20-24,615568,308216,307352,373408,241700,131708,236957,65420,171537,2135,472,1663,2402,523,1879,666,101,565,0,0,0
22,000,State - CHHATTISGARH (22),Urban,25-29,549118,278711,270407,148564,109133,39431,390559,167235,223324,4720,1108,3612,3947,1006,2941,1328,229,1099,0,0,0
22,000,State - CHHATTISGARH (22),Urban,30-34,475057,241567,233490,44377,32065,12312,417032,206576,210456,7452,1470,5982,4641,1113,3528,1555,343,1212,0,0,0
22,000,State - CHHATTISGARH (22),Urban,35-39,449998,227923,222075,16847,11176,5671,413356,212993,200363,12800,2094,10706,5196,1236,3960,1799,424,1375,0,0,0
22,000,State - CHHATTISGARH (22),Urban,40-44,397401,206188,191213,8916,5459,3457,364549,196592,167957,17792,2700,15092,4742,1111,3631,1402,326,1076,0,0,0
22,000,State - CHHATTISGARH (22),Urban,45-49,336051,176530,159521,5234,2916,2318,303204,169102,134102,22872,3416,19456,3691,833,2858,1050,263,787,0,0,0
22,000,State - CHHATTISGARH (22),Urban,50-54,251369,133680,117689,3189,1679,1510,219349,127212,92137,25577,4073,21504,2607,576,2031,647,140,507,0,0,0
22,000,State - CHHATTISGARH (22),Urban,55-59,186309,98393,87916,2188,1134,1054,156019,92081,63938,26241,4688,21553,1462,382,1080,399,108,291,0,0,0
22,000,State - CHHATTISGARH (22),Urban,60-64,155421,75452,79969,3093,1550,1543,112953,67210,45743,37709,6323,31386,1359,307,1052,307,62,245,0,0,0
22,000,State - CHHATTISGARH (22),Urban,65-69,104408,49144,55264,3259,1660,1599,67467,41062,26405,32835,6176,26659,693,198,495,154,48,106,0,0,0
22,000,State - CHHATTISGARH (22),Urban,70-74,73552,35202,38350,1295,691,604,40424,27649,12775,31297,6707,24590,449,138,311,87,17,70,0,0,0
22,000,State - CHHATTISGARH (22),Urban,75-79,34443,16600,17843,518,266,252,17420,12035,5385,16325,4236,12089,145,55,90,35,8,27,0,0,0
22,000,State - CHHATTISGARH (22),Urban,80+,37538,16312,21226,3006,1698,1308,14288,9406,4882,20036,5142,14894,158,52,106,50,14,36,0,0,0
22,000,State - CHHATTISGARH (22),Urban,Age not stated,9128,4865,4263,4973,2998,1975,3747,1784,1963,354,65,289,40,11,29,14,7,7,0,0,0
22,000,State - CHHATTISGARH (22),Urban,Less than 18,2013746,1038687,975059,1991869,1031354,960515,20486,6821,13665,800,256,544,492,221,271,99,35,64,0,0,0
22,000,State - CHHATTISGARH (22),Urban,Less than 21,2406396,1238300,1168096,2316267,1219617,1096650,87062,17812,69250,1506,441,1065,1272,368,904,289,62,227,0,0,0
22,400,District - Koriya (01),Total,All ages,658917,334737,324180,311891,169571,142320,308429,154082,154347,32743,8828,23915,5034,1989,3045,820,267,553,0,0,0
22,400,District - Koriya (01),Total,0-9,137327,69778,67549,137327,69778,67549,0,0,0,0,0,0,0,0,0,0,0,0,0,0,0
22,400,District - Koriya (01),Total,10-14,73306,37245,36061,72381,36864,35517,865,357,508,26,10,16,33,14,19,1,0,1,0,0,0
22,400,District - Koriya (01),Total,15-19,67899,34794,33105,60358,33323,27035,7305,1407,5898,117,36,81,109,25,84,10,3,7,0,0,0
22,400,District - Koriya (01),Total,20-24,65971,33317,32654,28726,19836,8890,36147,13137,23010,412,160,252,583,167,416,103,17,86,0,0,0
22,400,District - Koriya (01),Total,25-29,55078,28340,26738,8406,6393,2013,44848,21263,23585,819,313,506,855,331,524,150,40,110,0,0,0
22,400,District - Koriya (01),Total,30-34,45982,23018,22964,2209,1689,520,41824,20622,21202,1083,380,703,746,284,462,120,43,77,0,0,0
22,400,District - Koriya (01),Total,35-39,43961,22365,21596,835,622,213,40599,20904,19695,1646,477,1169,748,315,433,133,47,86,0,0,0
22,400,District - Koriya (01),Total,40-44,38623,19360,19263,410,302,108,35278,18188,17090,2235,589,1646,603,246,357,97,35,62,0,0,0
22,400,District - Koriya (01),Total,45-49,36456,18236,18220,262,179,83,32615,17056,15559,3035,782,2253,478,193,285,66,26,40,0,0,0
22,400,District - Koriya (01),Total,50-54,28328,15320,13008,196,128,68,24520,14191,10329,3266,853,2413,296,129,167,50,19,31,0,0,0
22,400,District - Koriya (01),Total,55-59,21001,11558,9443,134,80,54,17539,10508,7031,3088,855,2233,202,100,102,38,15,23,0,0,0
22,400,District - Koriya (01),Total,60-64,16812,8135,8677,136,77,59,11791,6871,4920,4698,1097,3601,162,78,84,25,12,13,0,0,0
22,400,District - Koriya (01),Total,65-69,11450,5389,6061,117,60,57,7190,4312,2878,4019,956,3063,112,56,56,12,5,7,0,0,0
22,400,District - Koriya (01),Total,70-74,8247,3832,4415,53,29,24,4099,2793,1306,4026,981,3045,62,28,34,7,1,6,0,0,0
22,400,District - Koriya (01),Total,75-79,3622,1629,1993,15,9,6,1833,1124,709,1752,484,1268,17,9,8,5,3,2,0,0,0
22,400,District - Koriya (01),Total,80+,4613,2289,2324,192,122,70,1886,1303,583,2510,851,1659,23,12,11,2,1,1,0,0,0
22,400,District - Koriya (01),Total,Age not stated,241,132,109,134,80,54,90,46,44,11,4,7,5,2,3,1,0,1,0,0,0
22,400,District - Koriya (01),Total,Less than 18,251203,128020,123183,248500,127174,121326,2558,796,1762,80,26,54,60,23,37,5,1,4,0,0,0
22,400,District - Koriya (01),Total,Less than 21,294921,149706,145215,279536,146180,133356,14885,3388,11497,218,70,148,248,61,187,34,7,27,0,0,0
22,400,District - Koriya (01),Rural,All ages,453618,228338,225280,211489,113001,98488,214003,106499,107504,23703,6927,16776,3861,1693,2168,562,218,344,0,0,0
22,400,District - Koriya (01),Rural,0-9,103247,51953,51294,103247,51953,51294,0,0,0,0,0,0,0,0,0,0,0,0,0,0,0
22,400,District - Koriya (01),Rural,10-14,51956,26127,25829,51316,25863,25453,596,247,349,19,6,13,25,11,14,0,0,0,0,0,0
22,400,District - Koriya (01),Rural,15-19,44273,22464,21809,38244,21266,16978,5843,1143,4700,90,30,60,90,22,68,6,3,3,0,0,0
22,400,District - Koriya (01),Rural,20-24,43170,21444,21726,13992,10346,3646,28277,10795,17482,337,141,196,488,148,340,76,14,62,0,0,0
22,400,District - Koriya (01),Rural,25-29,37183,18959,18224,2841,2264,577,32940,16105,16835,639,266,373,658,289,369,105,35,70,0,0,0
22,400,District - Koriya (01),Rural,30-34,31919,15872,16047,750,556,194,29707,14735,14972,825,310,515,569,240,329,68,31,37,0,0,0
22,400,District - Koriya (01),Rural,35-39,30146,15552,14594,341,251,90,27968,14594,13374,1180,389,791,566,279,287,91,39,52,0,0,0
22,400,District - Koriya (01),Rural,40-44,25259,12828,12431,168,128,40,23050,12005,11045,1536,471,1065,446,196,250,59,28,31,0,0,0
22,400,District - Koriya (01),Rural,45-49,22701,11564,11137,108,82,26,20139,10668,9471,2048,629,1419,354,164,190,52,21,31,0,0,0
22,400,District - Koriya (01),Rural,50-54,16800,8842,7958,77,50,27,14303,8024,6279,2171,650,1521,215,104,111,34,14,20,0,0,0
22,400,District - Koriya (01),Rural,55-59,13316,6727,6589,51,32,19,10987,5987,5000,2100,614,1486,152,82,70,26,12,14,0,0,0
22,400,District - Koriya (01),Rural,60-64,12438,5994,6444,60,39,21,8745,5002,3743,3481,873,2608,130,68,62,22,12,10,0,0,0
22,400,District - Koriya (01),Rural,65-69,8701,4103,4598,64,31,33,5463,3253,2210,3077,768,2309,88,47,41,9,4,5,0,0,0
22,400,District - Koriya (01),Rural,70-74,6172,2891,3281,26,14,12,3085,2072,1013,3011,780,2231,44,24,20,6,1,5,0,0,0
22,400,District - Koriya (01),Rural,75-79,2732,1217,1515,11,7,4,1408,842,566,1296,359,937,12,6,6,5,3,2,0,0,0
22,400,District - Koriya (01),Rural,80+,3438,1710,1728,96,63,33,1435,997,438,1885,638,1247,20,11,9,2,1,1,0,0,0
22,400,District - Koriya (01),Rural,Age not stated,167,91,76,97,56,41,57,30,27,8,3,5,4,2,2,1,0,1,0,0,0
22,400,District - Koriya (01),Rural,Less than 18,181939,91838,90101,179965,91229,88736,1868,571,1297,56,18,38,48,19,29,2,1,1,0,0,0
22,400,District - Koriya (01),Rural,Less than 21,210177,105575,104602,198051,102747,95304,11728,2713,9015,175,58,117,204,52,152,19,5,14,0,0,0
22,400,District - Koriya (01),Urban,All ages,205299,106399,98900,100402,56570,43832,94426,47583,46843,9040,1901,7139,1173,296,877,258,49,209,0,0,0
22,400,District - Koriya (01),Urban,0-9,34080,17825,16255,34080,17825,16255,0,0,0,0,0,0,0,0,0,0,0,0,0,0,0
22,400,District - Koriya (01),Urban,10-14,21350,11118,10232,21065,11001,10064,269,110,159,7,4,3,8,3,5,1,0,1,0,0,0
22,400,District - Koriya (01),Urban,15-19,23626,12330,11296,22114,12057,10057,1462,264,1198,27,6,21,19,3,16,4,0,4,0,0,0
22,400,District - Koriya (01),Urban,20-24,22801,11873,10928,14734,9490,5244,7870,2342,5528,75,19,56,95,19,76,27,3,24,0,0,0
22,400,District - Koriya (01),Urban,25-29,17895,9381,8514,5565,4129,1436,11908,5158,6750,180,47,133,197,42,155,45,5,40,0,0,0
22,400,District - Koriya (01),Urban,30-34,14063,7146,6917,1459,1133,326,12117,5887,6230,258,70,188,177,44,133,52,12,40,0,0,0
22,400,District - Koriya (01),Urban,35-39,13815,6813,7002,494,371,123,12631,6310,6321,466,88,378,182,36,146,42,8,34,0,0,0
22,400,District - Koriya (01),Urban,40-44,13364,6532,6832,242,174,68,12228,6183,6045,699,118,581,157,50,107,38,7,31,0,0,0
22,400,District - Koriya (01),Urban,45-49,13755,6672,7083,154,97,57,12476,6388,6088,987,153,834,124,29,95,14,5,9,0,0,0
22,400,District - Koriya (01),Urban,50-54,11528,6478,5050,119,78,41,10217,6167,4050,1095,203,892,81,25,56,16,5,11,0,0,0
22,400,District - Koriya (01),Urban,55-59,7685,4831,2854,83,48,35,6552,4521,2031,988,241,747,50,18,32,12,3,9,0,0,0
22,400,District - Koriya (01),Urban,60-64,4374,2141,2233,76,38,38,3046,1869,1177,1217,224,993,32,10,22,3,0,3,0,0,0
22,400,District - Koriya (01),Urban,65-69,2749,1286,1463,53,29,24,1727,1059,668,942,188,754,24,9,15,3,1,2,0,0,0
22,400,District - Koriya (01),Urban,70-74,2075,941,1134,27,15,12,1014,721,293,1015,201,814,18,4,14,1,0,1,0,0,0
22,400,District - Koriya (01),Urban,75-79,890,412,478,4,2,2,425,282,143,456,125,331,5,3,2,0,0,0,0,0,0
22,400,District - Koriya (01),Urban,80+,1175,579,596,96,59,37,451,306,145,625,213,412,3,1,2,0,0,0,0,0,0
22,400,District - Koriya (01),Urban,Age not stated,74,41,33,37,24,13,33,16,17,3,1,2,1,0,1,0,0,0,0,0,0
22,400,District - Koriya (01),Urban,Less than 18,69264,36182,33082,68535,35945,32590,690,225,465,24,8,16,12,4,8,3,0,3,0,0,0
22,400,District - Koriya (01),Urban,Less than 21,84744,44131,40613,81485,43433,38052,3157,675,2482,43,12,31,44,9,35,15,2,13,0,0,0
22,401,District - Surguja (02),Total,All ages,2359886,1193129,1166757,1122689,601975,520714,1111445,552022,559423,106500,31718,74782,16170,6404,9766,3082,1010,2072,0,0,0
22,401,District - Surguja (02),Total,0-9,547926,279034,268892,547926,279034,268892,0,0,0,0,0,0,0,0,0,0,0,0,0,0,0
22,401,District - Surguja (02),Total,10-14,281136,143057,138079,275908,140880,135028,4866,2014,2852,199,94,105,123,50,73,40,19,21,0,0,0
22,401,District - Surguja (02),Total,15-19,223980,114878,109102,193899,108546,85353,29018,6002,23016,451,180,271,521,127,394,91,23,68,0,0,0
22,401,District - Surguja (02),Total,20-24,207910,101989,105921,73289,51728,21561,130380,48888,81492,1336,489,847,2456,796,1660,449,88,361,0,0,0
22,401,District - Surguja (02),Total,25-29,180484,91498,88986,18606,13711,4895,156497,75802,80695,2278,818,1460,2559,993,1566,544,174,370,0,0,0
22,401,District - Surguja (02),Total,30-34,157419,77648,79771,4986,3509,1477,146667,72193,74474,3112,940,2172,2224,856,1368,430,150,280,0,0,0
22,401,District - Surguja (02),Total,35-39,153418,77321,76097,1864,1178,686,144190,73770,70420,4734,1347,3387,2172,893,1279,458,133,325,0,0,0
22,401,District - Surguja (02),Total,40-44,133845,67753,66092,1072,637,435,124345,64499,59846,6356,1807,4549,1760,692,1068,312,118,194,0,0,0
22,401,District - Surguja (02),Total,45-49,117233,60868,56365,687,374,313,106997,57528,49469,7966,2304,5662,1335,578,757,248,84,164,0,0,0
22,401,District - Surguja (02),Total,50-54,88219,46582,41637,480,244,236,77885,43268,34617,8746,2586,6160,968,433,535,140,51,89,0,0,0
22,401,District - Surguja (02),Total,55-59,71932,35380,36552,333,167,166,61860,32163,29697,9028,2714,6314,604,282,322,107,54,53,0,0,0
22,401,District - Surguja (02),Total,60-64,71792,35153,36639,600,281,319,54248,30201,24047,16190,4313,11877,645,308,337,109,50,59,0,0,0
22,401,District - Surguja (02),Total,65-69,51345,25139,26206,579,298,281,35215,20456,14759,15086,4157,10929,382,192,190,83,36,47,0,0,0
22,401,District - Surguja (02),Total,70-74,35129,18108,17021,299,148,151,19841,13489,6352,14748,4362,10386,206,97,109,35,12,23,0,0,0
22,401,District - Surguja (02),Total,75-79,15164,7095,8069,124,59,65,8508,4906,3602,6429,2080,4349,90,42,48,13,8,5,0,0,0
22,401,District - Surguja (02),Total,80+,21496,10864,10632,1269,748,521,10322,6550,3772,9770,3500,6270,114,56,58,21,10,11,0,0,0
22,401,District - Surguja (02),Total,Age not stated,1458,762,696,768,433,335,606,293,313,71,27,44,11,9,2,2,0,2,0,0,0
22,401,District - Surguja (02),Total,Less than 18,964676,492600,472076,951596,488167,463429,12304,4135,8169,434,178,256,271,93,178,71,27,44,0,0,0
22,401,District - Surguja (02),Total,Less than 21,1105651,562118,543533,1044686,546880,497806,58648,14503,44145,908,362,546,1184,313,871,225,60,165,0,0,0
22,401,District - Surguja (02),Rural,All ages,2116965,1067908,1049057,1003009,536216,466793,998576,495041,503535,97504,29584,67920,15070,6121,8949,2806,946,1860,0,0,0
22,401,District - Surguja (02),Rural,0-9,502962,255425,247537,502962,255425,247537,0,0,0,0,0,0,0,0,0,0,0,0,0,0,0
22,401,District - Surguja (02),Rural,10-14,254423,129275,125148,249589,127243,122346,4497,1881,2616,184,86,98,119,48,71,34,17,17,0,0,0
22,401,District - Surguja (02),Rural,15-19,198047,101635,96412,169870,95713,74157,27187,5618,21569,410,163,247,493,118,375,87,23,64,0,0,0
22,401,District - Surguja (02),Rural,20-24,183067,89823,93244,57980,42326,15654,121082,46180,74902,1243,463,780,2336,769,1567,426,85,341,0,0,0
22,401,District - Surguja (02),Rural,25-29,158861,80595,78266,12769,9514,3255,141097,69192,71905,2075,765,1310,2419,958,1461,501,166,335,0,0,0
22,401,District - Surguja (02),Rural,30-34,138610,68188,70422,3346,2324,1022,130003,64030,65973,2812,874,1938,2057,821,1236,392,139,253,0,0,0
22,401,District - Surguja (02),Rural,35-39,135241,68073,67168,1345,843,502,127257,65020,62237,4247,1247,3000,1994,845,1149,398,118,280,0,0,0
22,401,District - Surguja (02),Rural,40-44,117695,59308,58387,820,484,336,109283,56374,52909,5693,1685,4008,1617,653,964,282,112,170,0,0,0
22,401,District - Surguja (02),Rural,45-49,103806,53531,50275,526,285,241,94633,50454,44179,7200,2162,5038,1226,553,673,221,77,144,0,0,0
22,401,District - Surguja (02),Rural,50-54,78260,41043,37217,369,195,174,68963,37969,30994,7912,2418,5494,890,415,475,126,46,80,0,0,0
22,401,District - Surguja (02),Rural,55-59,64970,31502,33468,254,134,120,55864,28536,27328,8205,2517,5688,550,264,286,97,51,46,0,0,0
22,401,District - Surguja (02),Rural,60-64,66123,32385,33738,485,232,253,50012,27752,22260,14919,4053,10866,608,298,310,99,50,49,0,0,0
22,401,District - Surguja (02),Rural,65-69,47371,23192,24179,493,255,238,32423,18801,13622,14013,3920,10093,365,184,181,77,32,45,0,0,0
22,401,District - Surguja (02),Rural,70-74,32338,16667,15671,254,125,129,18227,12375,5852,13630,4061,9569,196,94,102,31,12,19,0,0,0
22,401,District - Surguja (02),Rural,75-79,13939,6467,7472,105,51,54,7844,4467,3377,5890,1900,3990,87,41,46,13,8,5,0,0,0
22,401,District - Surguja (02),Rural,80+,19892,10091,9801,1132,669,463,9633,6117,3516,9002,3243,5759,104,52,52,21,10,11,0,0,0
22,401,District - Surguja (02),Rural,Age not stated,1360,708,652,710,398,312,571,275,296,69,27,42,9,8,1,1,0,1,0,0,0
22,401,District - Surguja (02),Rural,Less than 18,877537,447337,430200,865479,443231,422248,11344,3834,7510,393,159,234,257,88,169,64,25,39,0,0,0
22,401,District - Surguja (02),Rural,Less than 21,1002254,508702,493552,945112,494326,450786,54969,13687,41282,835,332,503,1128,299,829,210,58,152,0,0,0
22,401,District - Surguja (02),Urban,All ages,242921,125221,117700,119680,65759,53921,112869,56981,55888,8996,2134,6862,1100,283,817,276,64,212,0,0,0
22,401,District - Surguja (02),Urban,0-9,44964,23609,21355,44964,23609,21355,0,0,0,0,0,0,0,0,0,0,0,0,0,0,0
22,401,District - Surguja (02),Urban,10-14,26713,13782,12931,26319,13637,12682,369,133,236,15,8,7,4,2,2,6,2,4,0,0,0
22,401,District - Surguja (02),Urban,15-19,25933,13243,12690,24029,12833,11196,1831,384,1447,41,17,24,28,9,19,4,0,4,0,0,0
22,401,District - Surguja (02),Urban,20-24,24843,12166,12677,15309,9402,5907,9298,2708,6590,93,26,67,120,27,93,23,3,20,0,0,0
22,401,District - Surguja (02),Urban,25-29,21623,10903,10720,5837,4197,1640,15400,6610,8790,203,53,150,140,35,105,43,8,35,0,0,0
22,401,District - Surguja (02),Urban,30-34,18809,9460,9349,1640,1185,455,16664,8163,8501,300,66,234,167,35,132,38,11,27,0,0,0
22,401,District - Surguja (02),Urban,35-39,18177,9248,8929,519,335,184,16933,8750,8183,487,100,387,178,48,130,60,15,45,0,0,0
22,401,District - Surguja (02),Urban,40-44,16150,8445,7705,252,153,99,15062,8125,6937,663,122,541,143,39,104,30,6,24,0,0,0
22,401,District - Surguja (02),Urban,45-49,13427,7337,6090,161,89,72,12364,7074,5290,766,142,624,109,25,84,27,7,20,0,0,0
22,401,District - Surguja (02),Urban,50-54,9959,5539,4420,111,49,62,8922,5299,3623,834,168,666,78,18,60,14,5,9,0,0,0
22,401,District - Surguja (02),Urban,55-59,6962,3878,3084,79,33,46,5996,3627,2369,823,197,626,54,18,36,10,3,7,0,0,0
22,401,District - Surguja (02),Urban,60-64,5669,2768,2901,115,49,66,4236,2449,1787,1271,260,1011,37,10,27,10,0,10,0,0,0
22,401,District - Surguja (02),Urban,65-69,3974,1947,2027,86,43,43,2792,1655,1137,1073,237,836,17,8,9,6,4,2,0,0,0
22,401,District - Surguja (02),Urban,70-74,2791,1441,1350,45,23,22,1614,1114,500,1118,301,817,10,3,7,4,0,4,0,0,0
22,401,District - Surguja (02),Urban,75-79,1225,628,597,19,8,11,664,439,225,539,180,359,3,1,2,0,0,0,0,0,0
22,401,District - Surguja (02),Urban,80+,1604,773,831,137,79,58,689,433,256,768,257,511,10,4,6,0,0,0,0,0,0
22,401,District - Surguja (02),Urban,Age not stated,98,54,44,58,35,23,35,18,17,2,0,2,2,1,1,1,0,1,0,0,0
22,401,District - Surguja (02),Urban,Less than 18,87139,45263,41876,86117,44936,41181,960,301,659,41,19,22,14,5,9,7,2,5,0,0,0
22,401,District - Surguja (02),Urban,Less than 21,103397,53416,49981,99574,52554,47020,3679,816,2863,73,30,43,56,14,42,15,2,13,0,0,0
22,402,District - Jashpur  (03),Total,All ages,851669,424747,426922,400023,212562,187461,399323,197533,201790,47540,12874,34666,3839,1495,2344,944,283,661,0,0,0
22,402,District - Jashpur  (03),Total,0-9,174350,87845,86505,174350,87845,86505,0,0,0,0,0,0,0,0,0,0,0,0,0,0,0
22,402,District - Jashpur  (03),Total,10-14,92491,46360,46131,91447,45983,45464,975,350,625,40,12,28,27,14,13,2,1,1,0,0,0
22,402,District - Jashpur  (03),Total,15-19,81408,41550,39858,74069,40133,33936,7107,1353,5754,111,36,75,105,26,79,16,2,14,0,0,0
22,402,District - Jashpur  (03),Total,20-24,75792,37015,38777,37329,23936,13393,37586,12838,24748,356,100,256,406,121,285,115,20,95,0,0,0
22,402,District - Jashpur  (03),Total,25-29,64924,32801,32123,13170,9107,4063,50346,23207,27139,651,227,424,613,226,387,144,34,110,0,0,0
22,402,District - Jashpur  (03),Total,30-34,55545,27205,28340,4130,2682,1448,49676,23972,25704,1073,313,760,536,198,338,130,40,90,0,0,0
22,402,District - Jashpur  (03),Total,35-39,57054,28536,28518,1814,1094,720,52617,26641,25976,1881,496,1385,583,252,331,159,53,106,0,0,0
22,402,District - Jashpur  (03),Total,40-44,53075,25978,27097,988,527,461,48731,24538,24193,2811,691,2120,428,178,250,117,44,73,0,0,0
22,402,District - Jashpur  (03),Total,45-49,48781,25220,23561,621,300,321,43893,23722,20171,3819,1015,2804,368,158,210,80,25,55,0,0,0
22,402,District - Jashpur  (03),Total,50-54,37499,18987,18512,432,203,229,32475,17534,14941,4302,1151,3151,226,82,144,64,17,47,0,0,0
22,402,District - Jashpur  (03),Total,55-59,31069,15343,15726,334,136,198,25985,13883,12102,4529,1223,3306,188,87,101,33,14,19,0,0,0
22,402,District - Jashpur  (03),Total,60-64,29196,13899,15297,413,163,250,21104,11865,9239,7484,1799,5685,160,62,98,35,10,25,0,0,0
22,402,District - Jashpur  (03),Total,65-69,20853,9818,11035,363,162,201,13759,7882,5877,6604,1712,4892,108,53,55,19,9,10,0,0,0
22,402,District - Jashpur  (03),Total,70-74,14644,7087,7557,167,69,98,8105,5346,2759,6308,1647,4661,48,18,30,16,7,9,0,0,0
22,402,District - Jashpur  (03),Total,75-79,7064,3285,3779,65,37,28,3692,2240,1452,3281,997,2284,25,11,14,1,0,1,0,0,0
22,402,District - Jashpur  (03),Total,80+,7775,3730,4045,231,114,117,3237,2148,1089,4277,1452,2825,17,9,8,13,7,6,0,0,0
22,402,District - Jashpur  (03),Total,Age not stated,149,88,61,100,71,29,35,14,21,13,3,10,1,0,1,0,0,0,0,0,0
22,402,District - Jashpur  (03),Total,Less than 18,316222,159625,156597,313196,158731,154465,2865,832,2033,96,32,64,63,29,34,2,1,1,0,0,0
22,402,District - Jashpur  (03),Total,Less than 21,367409,184905,182504,352201,181519,170682,14731,3250,11481,217,68,149,214,59,155,46,9,37,0,0,0
22,402,District - Jashpur  (03),Rural,All ages,775677,386307,389370,360489,191437,169052,366529,181029,185500,44283,12177,32106,3494,1391,2103,882,273,609,0,0,0
22,402,District - Jashpur  (03),Rural,0-9,160169,80537,79632,160169,80537,79632,0,0,0,0,0,0,0,0,0,0,0,0,0,0,0
22,402,District - Jashpur  (03),Rural,10-14,83703,41771,41932,82721,41417,41304,919,331,588,37,11,26,25,12,13,1,0,1,0,0,0
22,402,District - Jashpur  (03),Rural,15-19,72573,37077,35496,65729,35756,29973,6625,1261,5364,104,32,72,100,26,74,15,2,13,0,0,0
22,402,District - Jashpur  (03),Rural,20-24,67803,33299,34504,32243,21100,11143,34738,11971,22767,334,96,238,377,113,264,111,19,92,0,0,0
22,402,District - Jashpur  (03),Rural,25-29,58227,29521,28706,11217,7789,3428,45717,21267,24450,589,218,371,565,213,352,139,34,105,0,0,0
22,402,District - Jashpur  (03),Rural,30-34,49863,24347,25516,3522,2279,1243,44775,21557,23218,971,292,679,475,181,294,120,38,82,0,0,0
22,402,District - Jashpur  (03),Rural,35-39,51671,25814,25857,1596,966,630,47709,24097,23612,1696,466,1230,527,233,294,143,52,91,0,0,0
22,402,District - Jashpur  (03),Rural,40-44,48441,23606,24835,865,467,398,44515,22282,22233,2560,647,1913,389,167,222,112,43,69,0,0,0
22,402,District - Jashpur  (03),Rural,45-49,44716,23030,21686,555,271,284,40275,21629,18646,3483,959,2524,330,147,183,73,24,49,0,0,0
22,402,District - Jashpur  (03),Rural,50-54,34509,17377,17132,376,178,198,29884,16015,13869,3988,1094,2894,201,74,127,60,16,44,0,0,0
22,402,District - Jashpur  (03),Rural,55-59,28939,14213,14726,288,116,172,24216,12839,11377,4234,1166,3068,169,79,90,32,13,19,0,0,0
22,402,District - Jashpur  (03),Rural,60-64,27409,13049,14360,368,144,224,19857,11135,8722,7003,1699,5304,150,61,89,31,10,21,0,0,0
22,402,District - Jashpur  (03),Rural,65-69,19669,9262,10407,323,149,174,13003,7425,5578,6222,1630,4592,103,49,54,18,9,9,0,0,0
22,402,District - Jashpur  (03),Rural,70-74,13798,6675,7123,151,63,88,7667,5040,2627,5923,1549,4374,43,17,26,14,6,8,0,0,0
22,402,District - Jashpur  (03),Rural,75-79,6700,3114,3586,56,30,26,3524,2128,1396,3097,946,2151,22,10,12,1,0,1,0,0,0
22,402,District - Jashpur  (03),Rural,80+,7340,3529,3811,211,105,106,3071,2039,1032,4029,1369,2660,17,9,8,12,7,5,0,0,0
22,402,District - Jashpur  (03),Rural,Age not stated,147,86,61,99,70,29,34,13,21,13,3,10,1,0,1,0,0,0,0,0,0
22,402,District - Jashpur  (03),Rural,Less than 18,287868,144892,142976,285042,144063,140979,2675,772,1903,91,30,61,59,27,32,1,0,1,0,0,0
22,402,District - Jashpur  (03),Rural,Less than 21,333508,167586,165922,319335,164423,154912,13729,3039,10690,203,61,142,199,56,143,42,7,35,0,0,0
22,402,District - Jashpur  (03),Urban,All ages,75992,38440,37552,39534,21125,18409,32794,16504,16290,3257,697,2560,345,104,241,62,10,52,0,0,0
22,402,District - Jashpur  (03),Urban,0-9,14181,7308,6873,14181,7308,6873,0,0,0,0,0,0,0,0,0,0,0,0,0,0,0
22,402,District - Jashpur  (03),Urban,10-14,8788,4589,4199,8726,4566,4160,56,19,37,3,1,2,2,2,0,1,1,0,0,0,0
22,402,District - Jashpur  (03),Urban,15-19,8835,4473,4362,8340,4377,3963,482,92,390,7,4,3,5,0,5,1,0,1,0,0,0
22,402,District - Jashpur  (03),Urban,20-24,7989,3716,4273,5086,2836,2250,2848,867,1981,22,4,18,29,8,21,4,1,3,0,0,0
22,402,District - Jashpur  (03),Urban,25-29,6697,3280,3417,1953,1318,635,4629,1940,2689,62,9,53,48,13,35,5,0,5,0,0,0
22,402,District - Jashpur  (03),Urban,30-34,5682,2858,2824,608,403,205,4901,2415,2486,102,21,81,61,17,44,10,2,8,0,0,0
22,402,District - Jashpur  (03),Urban,35-39,5383,2722,2661,218,128,90,4908,2544,2364,185,30,155,56,19,37,16,1,15,0,0,0
22,402,District - Jashpur  (03),Urban,40-44,4634,2372,2262,123,60,63,4216,2256,1960,251,44,207,39,11,28,5,1,4,0,0,0
22,402,District - Jashpur  (03),Urban,45-49,4065,2190,1875,66,29,37,3618,2093,1525,336,56,280,38,11,27,7,1,6,0,0,0
22,402,District - Jashpur  (03),Urban,50-54,2990,1610,1380,56,25,31,2591,1519,1072,314,57,257,25,8,17,4,1,3,0,0,0
22,402,District - Jashpur  (03),Urban,55-59,2130,1130,1000,46,20,26,1769,1044,725,295,57,238,19,8,11,1,1,0,0,0,0
22,402,District - Jashpur  (03),Urban,60-64,1787,850,937,45,19,26,1247,730,517,481,100,381,10,1,9,4,0,4,0,0,0
22,402,District - Jashpur  (03),Urban,65-69,1184,556,628,40,13,27,756,457,299,382,82,300,5,4,1,1,0,1,0,0,0
22,402,District - Jashpur  (03),Urban,70-74,846,412,434,16,6,10,438,306,132,385,98,287,5,1,4,2,1,1,0,0,0
22,402,District - Jashpur  (03),Urban,75-79,364,171,193,9,7,2,168,112,56,184,51,133,3,1,2,0,0,0,0,0,0
22,402,District - Jashpur  (03),Urban,80+,435,201,234,20,9,11,166,109,57,248,83,165,0,0,0,1,0,1,0,0,0
22,402,District - Jashpur  (03),Urban,Age not stated,2,2,0,1,1,0,1,1,0,0,0,0,0,0,0,0,0,0,0,0,0
22,402,District - Jashpur  (03),Urban,Less than 18,28354,14733,13621,28154,14668,13486,190,60,130,5,2,3,4,2,2,1,1,0,0,0,0
22,402,District - Jashpur  (03),Urban,Less than 21,33901,17319,16582,32866,17096,15770,1002,211,791,14,7,7,15,3,12,4,2,2,0,0,0
22,403,District - Raigarh (04),Total,All ages,1493984,750278,743706,669529,362116,307413,729623,363957,365666,85072,21075,63997,7315,2486,4829,2445,644,1801,0,0,0
22,403,District - Raigarh (04),Total,0-9,282233,144390,137843,282233,144390,137843,0,0,0,0,0,0,0,0,0,0,0,0,0,0,0
22,403,District - Raigarh (04),Total,10-14,157382,79909,77473,155834,79326,76508,1442,538,904,55,23,32,49,22,27,2,0,2,0,0,0
22,403,District - Raigarh (04),Total,15-19,145101,73910,71191,134841,72176,62665,9962,1658,8304,168,43,125,102,30,72,28,3,25,0,0,0
22,403,District - Raigarh (04),Total,20-24,137385,68385,69000,66489,45295,21194,69327,22605,46722,624,234,390,712,198,514,233,53,180,0,0,0
22,403,District - Raigarh (04),Total,25-29,119857,61014,58843,19200,14350,4850,97941,45793,52148,1336,415,921,1030,358,672,350,98,252,0,0,0
22,403,District - Raigarh (04),Total,30-34,109396,53642,55754,4912,3287,1625,100954,49347,51607,2076,551,1525,1071,356,715,383,101,282,0,0,0
22,403,District - Raigarh (04),Total,35-39,109687,55167,54520,1947,1108,839,102504,52750,49754,3746,831,2915,1090,369,721,400,109,291,0,0,0
22,403,District - Raigarh (04),Total,40-44,96915,49074,47841,1110,582,528,89489,47009,42480,5015,1067,3948,964,331,633,337,85,252,0,0,0
22,403,District - Raigarh (04),Total,45-49,82259,42741,39518,676,354,322,74307,40586,33721,6313,1488,4825,711,241,470,252,72,180,0,0,0
22,403,District - Raigarh (04),Total,50-54,62409,31792,30617,433,205,228,54300,29623,24677,7006,1757,5249,500,171,329,170,36,134,0,0,0
22,403,District - Raigarh (04),Total,55-59,50697,25159,25538,313,169,144,42586,22928,19658,7372,1903,5469,333,131,202,93,28,65,0,0,0
22,403,District - Raigarh (04),Total,60-64,50742,23681,27061,419,212,207,37281,20470,16811,12588,2848,9740,355,115,240,99,36,63,0,0,0
22,403,District - Raigarh (04),Total,65-69,37469,17475,19994,390,200,190,24182,14150,10032,12640,3027,9613,210,86,124,47,12,35,0,0,0
22,403,District - Raigarh (04),Total,70-74,26137,12137,14000,162,102,60,13844,9109,4735,12009,2885,9124,99,36,63,23,5,18,0,0,0
22,403,District - Raigarh (04),Total,75-79,12340,5403,6937,69,40,29,6121,3784,2337,6091,1553,4538,49,23,26,10,3,7,0,0,0
22,403,District - Raigarh (04),Total,80+,13694,6246,7448,352,228,124,5297,3559,1738,7994,2440,5554,35,17,18,16,2,14,0,0,0
22,403,District - Raigarh (04),Total,Age not stated,281,153,128,149,92,57,86,48,38,39,10,29,5,2,3,2,1,1,0,0,0
22,403,District - Raigarh (04),Total,Less than 18,527206,268982,258224,523213,267748,255465,3754,1144,2610,152,52,100,79,37,42,8,1,7,0,0,0
22,403,District - Raigarh (04),Total,Less than 21,616840,313835,303005,594456,309568,284888,21732,4083,17649,322,101,221,272,77,195,58,6,52,0,0,0
22,403,District - Raigarh (04),Rural,All ages,1247682,623817,623865,553205,297167,256038,612987,305123,307864,73298,18796,54502,6102,2167,3935,2090,564,1526,0,0,0
22,403,District - Raigarh (04),Rural,0-9,237862,121173,116689,237862,121173,116689,0,0,0,0,0,0,0,0,0,0,0,0,0,0,0
22,403,District - Raigarh (04),Rural,10-14,133742,67620,66122,132414,67110,65304,1234,468,766,48,22,26,45,20,25,1,0,1,0,0,0
22,403,District - Raigarh (04),Rural,15-19,121253,61536,59717,112382,60024,52358,8617,1447,7170,145,37,108,83,25,58,26,3,23,0,0,0
22,403,District - Raigarh (04),Rural,20-24,111893,55681,56212,51014,35290,15724,59473,19934,39539,553,218,335,631,187,444,222,52,170,0,0,0
22,403,District - Raigarh (04),Rural,25-29,95894,48956,46938,12693,9565,3128,80865,38605,42260,1153,373,780,876,321,555,307,92,215,0,0,0
22,403,District - Raigarh (04),Rural,30-34,88404,42819,45585,2948,1893,1055,82460,40032,42428,1802,496,1306,875,307,568,319,91,228,0,0,0
22,403,District - Raigarh (04),Rural,35-39,90686,45405,45281,1209,646,563,85037,43606,41431,3200,743,2457,904,321,583,336,89,247,0,0,0
22,403,District - Raigarh (04),Rural,40-44,80805,40536,40269,676,340,336,74809,38884,35925,4243,955,3288,805,286,519,272,71,201,0,0,0
22,403,District - Raigarh (04),Rural,45-49,68858,35685,33173,422,232,190,62315,33839,28476,5328,1346,3982,587,208,379,206,60,146,0,0,0
22,403,District - Raigarh (04),Rural,50-54,52257,26398,25859,254,126,128,45542,24552,20990,5899,1546,4353,413,145,268,149,29,120,0,0,0
22,403,District - Raigarh (04),Rural,55-59,43022,21098,21924,195,114,81,36242,19177,17065,6231,1667,4564,275,114,161,79,26,53,0,0,0
22,403,District - Raigarh (04),Rural,60-64,43987,20447,23540,295,149,146,32463,17629,14834,10873,2544,8329,274,95,179,82,30,52,0,0,0
22,403,District - Raigarh (04),Rural,65-69,32818,15270,17548,282,150,132,21339,12336,9003,10986,2703,8283,168,70,98,43,11,32,0,0,0
22,403,District - Raigarh (04),Rural,70-74,22995,10734,12261,110,70,40,12274,8045,4229,10502,2582,7920,87,32,55,22,5,17,0,0,0
22,403,District - Raigarh (04),Rural,75-79,10872,4753,6119,49,25,24,5461,3329,2132,5310,1377,3933,42,19,23,10,3,7,0,0,0
22,403,District - Raigarh (04),Rural,80+,12090,5574,6516,269,178,91,4784,3201,1583,6990,2178,4812,32,15,17,15,2,13,0,0,0
22,403,District - Raigarh (04),Rural,Age not stated,244,132,112,131,82,49,72,39,33,35,9,26,5,2,3,1,0,1,0,0,0
22,403,District - Raigarh (04),Rural,Less than 18,445198,226229,218969,441796,225168,216628,3192,981,2211,134,48,86,69,31,38,7,1,6,0,0,0
22,403,District - Raigarh (04),Rural,Less than 21,519124,263060,256064,499851,259329,240522,18695,3564,15131,285,92,193,240,69,171,53,6,47,0,0,0
22,403,District - Raigarh (04),Urban,All ages,246302,126461,119841,116324,64949,51375,116636,58834,57802,11774,2279,9495,1213,319,894,355,80,275,0,0,0
22,403,District - Raigarh (04),Urban,0-9,44371,23217,21154,44371,23217,21154,0,0,0,0,0,0,0,0,0,0,0,0,0,0,0
22,403,District - Raigarh (04),Urban,10-14,23640,12289,11351,23420,12216,11204,208,70,138,7,1,6,4,2,2,1,0,1,0,0,0
22,403,District - Raigarh (04),Urban,15-19,23848,12374,11474,22459,12152,10307,1345,211,1134,23,6,17,19,5,14,2,0,2,0,0,0
22,403,District - Raigarh (04),Urban,20-24,25492,12704,12788,15475,10005,5470,9854,2671,7183,71,16,55,81,11,70,11,1,10,0,0,0
22,403,District - Raigarh (04),Urban,25-29,23963,12058,11905,6507,4785,1722,17076,7188,9888,183,42,141,154,37,117,43,6,37,0,0,0
22,403,District - Raigarh (04),Urban,30-34,20992,10823,10169,1964,1394,570,18494,9315,9179,274,55,219,196,49,147,64,10,54,0,0,0
22,403,District - Raigarh (04),Urban,35-39,19001,9762,9239,738,462,276,17467,9144,8323,546,88,458,186,48,138,64,20,44,0,0,0
22,403,District - Raigarh (04),Urban,40-44,16110,8538,7572,434,242,192,14680,8125,6555,772,112,660,159,45,114,65,14,51,0,0,0
22,403,District - Raigarh (04),Urban,45-49,13401,7056,6345,254,122,132,11992,6747,5245,985,142,843,124,33,91,46,12,34,0,0,0
22,403,District - Raigarh (04),Urban,50-54,10152,5394,4758,179,79,100,8758,5071,3687,1107,211,896,87,26,61,21,7,14,0,0,0
22,403,District - Raigarh (04),Urban,55-59,7675,4061,3614,118,55,63,6344,3751,2593,1141,236,905,58,17,41,14,2,12,0,0,0
22,403,District - Raigarh (04),Urban,60-64,6755,3234,3521,124,63,61,4818,2841,1977,1715,304,1411,81,20,61,17,6,11,0,0,0
22,403,District - Raigarh (04),Urban,65-69,4651,2205,2446,108,50,58,2843,1814,1029,1654,324,1330,42,16,26,4,1,3,0,0,0
22,403,District - Raigarh (04),Urban,70-74,3142,1403,1739,52,32,20,1570,1064,506,1507,303,1204,12,4,8,1,0,1,0,0,0
22,403,District - Raigarh (04),Urban,75-79,1468,650,818,20,15,5,660,455,205,781,176,605,7,4,3,0,0,0,0,0,0
22,403,District - Raigarh (04),Urban,80+,1604,672,932,83,50,33,513,358,155,1004,262,742,3,2,1,1,0,1,0,0,0
22,403,District - Raigarh (04),Urban,Age not stated,37,21,16,18,10,8,14,9,5,4,1,3,0,0,0,1,1,0,0,0,0
22,403,District - Raigarh (04),Urban,Less than 18,82008,42753,39255,81417,42580,38837,562,163,399,18,4,14,10,6,4,1,0,1,0,0,0
22,403,District - Raigarh (04),Urban,Less than 21,97716,50775,46941,94605,50239,44366,3037,519,2518,37,9,28,32,8,24,5,0,5,0,0,0
22,404,District - Korba  (05),Total,All ages,1206640,612915,593725,579366,316208,263158,561624,280930,280694,58652,13514,45138,5316,1822,3494,1682,441,1241,0,0,0
22,404,District - Korba  (05),Total,0-9,245706,124939,120767,245706,124939,120767,0,0,0,0,0,0,0,0,0,0,0,0,0,0,0
22,404,District - Korba  (05),Total,10-14,134493,68022,66471,132159,67071,65088,2180,903,1277,82,21,61,61,24,37,11,3,8,0,0,0
22,404,District - Korba  (05),Total,15-19,124859,64306,60553,114223,62193,52030,10222,1973,8249,239,89,150,138,39,99,37,12,25,0,0,0
22,404,District - Korba  (05),Total,20-24,121363,61440,59923,60446,42071,18375,59438,18901,40537,686,238,448,617,190,427,176,40,136,0,0,0
22,404,District - Korba  (05),Total,25-29,103287,53626,49661,18320,14135,4185,82596,38753,43843,1263,407,856,835,257,578,273,74,199,0,0,0
22,404,District - Korba  (05),Total,30-34,86470,44015,42455,4105,3111,994,79589,40076,39513,1789,502,1287,699,238,461,288,88,200,0,0,0
22,404,District - Korba  (05),Total,35-39,82981,41882,41099,1223,823,400,77742,40019,37723,3009,722,2287,770,257,513,237,61,176,0,0,0
22,404,District - Korba  (05),Total,40-44,75247,38250,36997,602,396,206,69700,36643,33057,4047,931,3116,692,227,465,206,53,153,0,0,0
22,404,District - Korba  (05),Total,45-49,64781,33689,31092,346,223,123,58635,32092,26543,5181,1167,4014,488,179,309,131,28,103,0,0,0
22,404,District - Korba  (05),Total,50-54,49277,26116,23161,254,170,84,42692,24443,18249,5873,1340,4533,350,134,216,108,29,79,0,0,0
22,404,District - Korba  (05),Total,55-59,36495,19104,17391,175,105,70,30129,17567,12562,5896,1324,4572,244,93,151,51,15,36,0,0,0
22,404,District - Korba  (05),Total,60-64,30741,14632,16109,413,194,219,21370,12583,8787,8685,1760,6925,202,81,121,71,14,57,0,0,0
22,404,District - Korba  (05),Total,65-69,21069,9471,11598,421,222,199,12922,7637,5285,7585,1559,6026,105,46,59,36,7,29,0,0,0
22,404,District - Korba  (05),Total,70-74,14722,6622,8100,180,92,88,7432,4921,2511,7010,1562,5448,71,38,33,29,9,20,0,0,0
22,404,District - Korba  (05),Total,75-79,6411,2770,3641,64,33,31,3153,1939,1214,3167,788,2379,15,7,8,12,3,9,0,0,0
22,404,District - Korba  (05),Total,80+,8244,3763,4481,464,263,201,3639,2392,1247,4100,1092,3008,25,11,14,16,5,11,0,0,0
22,404,District - Korba  (05),Total,Age not stated,494,268,226,265,167,98,185,88,97,40,12,28,4,1,3,0,0,0,0,0,0
22,404,District - Korba  (05),Total,Less than 18,455112,231280,223832,449694,229387,220307,5061,1772,3289,226,66,160,109,45,64,22,10,12,0,0,0
22,404,District - Korba  (05),Total,Less than 21,535531,272419,263112,511862,267270,244592,22836,4888,17948,458,155,303,302,85,217,73,21,52,0,0,0
22,404,District - Korba  (05),Rural,All ages,760350,381424,378926,364113,195996,168117,349417,173568,175849,42263,10166,32097,3573,1396,2177,984,298,686,0,0,0
22,404,District - Korba  (05),Rural,0-9,164705,83047,81658,164705,83047,81658,0,0,0,0,0,0,0,0,0,0,0,0,0,0,0
22,404,District - Korba  (05),Rural,10-14,88821,44480,44341,87365,43872,43493,1355,578,777,52,12,40,42,15,27,7,3,4,0,0,0
22,404,District - Korba  (05),Rural,15-19,78011,40135,37876,70778,38689,32089,6936,1346,5590,168,64,104,105,29,76,24,7,17,0,0,0
22,404,District - Korba  (05),Rural,20-24,71666,36215,35451,30394,22270,8124,40179,13560,26619,509,196,313,461,160,301,123,29,94,0,0,0
22,404,District - Korba  (05),Rural,25-29,60067,31045,29022,7026,5600,1426,51461,24891,26570,863,307,556,574,197,377,143,50,93,0,0,0
22,404,District - Korba  (05),Rural,30-34,52054,25854,26200,1606,1187,419,48591,24061,24530,1232,366,866,455,177,278,170,63,107,0,0,0
22,404,District - Korba  (05),Rural,35-39,51059,25716,25343,512,323,189,47862,24608,23254,2057,546,1511,496,202,294,132,37,95,0,0,0
22,404,District - Korba  (05),Rural,40-44,45541,23075,22466,270,171,99,41895,21970,19925,2802,730,2072,452,172,280,122,32,90,0,0,0
22,404,District - Korba  (05),Rural,45-49,38255,19892,18363,164,109,55,34153,18738,15415,3537,893,2644,317,131,186,84,21,63,0,0,0
22,404,District - Korba  (05),Rural,50-54,28541,14584,13957,107,69,38,24143,13366,10777,4001,1024,2977,229,104,125,61,21,40,0,0,0
22,404,District - Korba  (05),Rural,55-59,22595,10924,11671,85,45,40,18252,9831,8421,4072,972,3100,158,69,89,28,7,21,0,0,0
22,404,District - Korba  (05),Rural,60-64,21569,9974,11595,230,112,118,14741,8447,6294,6416,1336,5080,140,67,73,42,12,30,0,0,0
22,404,District - Korba  (05),Rural,65-69,15645,6804,8841,248,133,115,9448,5446,4002,5857,1185,4672,70,34,36,22,6,16,0,0,0
22,404,District - Korba  (05),Rural,70-74,10943,4857,6086,105,54,51,5475,3598,1877,5310,1177,4133,42,23,19,11,5,6,0,0,0
22,404,District - Korba  (05),Rural,75-79,4694,1997,2697,31,18,13,2315,1396,919,2329,574,1755,12,7,5,7,2,5,0,0,0
22,404,District - Korba  (05),Rural,80+,5807,2619,3188,273,158,115,2483,1675,808,3027,775,2252,16,8,8,8,3,5,0,0,0
22,404,District - Korba  (05),Rural,Age not stated,377,206,171,214,139,75,128,57,71,31,9,22,4,1,3,0,0,0,0,0,0
22,404,District - Korba  (05),Rural,Less than 18,300935,151626,149309,297489,150395,147094,3204,1150,2054,153,45,108,75,28,47,14,8,6,0,0,0
22,404,District - Korba  (05),Rural,Less than 21,350276,176917,173359,334137,173361,160776,15549,3369,12180,322,112,210,218,61,157,50,14,36,0,0,0
22,404,District - Korba  (05),Urban,All ages,446290,231491,214799,215253,120212,95041,212207,107362,104845,16389,3348,13041,1743,426,1317,698,143,555,0,0,0
22,404,District - Korba  (05),Urban,0-9,81001,41892,39109,81001,41892,39109,0,0,0,0,0,0,0,0,0,0,0,0,0,0,0
22,404,District - Korba  (05),Urban,10-14,45672,23542,22130,44794,23199,21595,825,325,500,30,9,21,19,9,10,4,0,4,0,0,0
22,404,District - Korba  (05),Urban,15-19,46848,24171,22677,43445,23504,19941,3286,627,2659,71,25,46,33,10,23,13,5,8,0,0,0
22,404,District - Korba  (05),Urban,20-24,49697,25225,24472,30052,19801,10251,19259,5341,13918,177,42,135,156,30,126,53,11,42,0,0,0
22,404,District - Korba  (05),Urban,25-29,43220,22581,20639,11294,8535,2759,31135,13862,17273,400,100,300,261,60,201,130,24,106,0,0,0
22,404,District - Korba  (05),Urban,30-34,34416,18161,16255,2499,1924,575,30998,16015,14983,557,136,421,244,61,183,118,25,93,0,0,0
22,404,District - Korba  (05),Urban,35-39,31922,16166,15756,711,500,211,29880,15411,14469,952,176,776,274,55,219,105,24,81,0,0,0
22,404,District - Korba  (05),Urban,40-44,29706,15175,14531,332,225,107,27805,14673,13132,1245,201,1044,240,55,185,84,21,63,0,0,0
22,404,District - Korba  (05),Urban,45-49,26526,13797,12729,182,114,68,24482,13354,11128,1644,274,1370,171,48,123,47,7,40,0,0,0
22,404,District - Korba  (05),Urban,50-54,20736,11532,9204,147,101,46,18549,11077,7472,1872,316,1556,121,30,91,47,8,39,0,0,0
22,404,District - Korba  (05),Urban,55-59,13900,8180,5720,90,60,30,11877,7736,4141,1824,352,1472,86,24,62,23,8,15,0,0,0
22,404,District - Korba  (05),Urban,60-64,9172,4658,4514,183,82,101,6629,4136,2493,2269,424,1845,62,14,48,29,2,27,0,0,0
22,404,District - Korba  (05),Urban,65-69,5424,2667,2757,173,89,84,3474,2191,1283,1728,374,1354,35,12,23,14,1,13,0,0,0
22,404,District - Korba  (05),Urban,70-74,3779,1765,2014,75,38,37,1957,1323,634,1700,385,1315,29,15,14,18,4,14,0,0,0
22,404,District - Korba  (05),Urban,75-79,1717,773,944,33,15,18,838,543,295,838,214,624,3,0,3,5,1,4,0,0,0
22,404,District - Korba  (05),Urban,80+,2437,1144,1293,191,105,86,1156,717,439,1073,317,756,9,3,6,8,2,6,0,0,0
22,404,District - Korba  (05),Urban,Age not stated,117,62,55,51,28,23,57,31,26,9,3,6,0,0,0,0,0,0,0,0,0
22,404,District - Korba  (05),Urban,Less than 18,154177,79654,74523,152205,78992,73213,1857,622,1235,73,21,52,34,17,17,8,2,6,0,0,0
22,404,District - Korba  (05),Urban,Less than 21,185255,95502,89753,177725,93909,83816,7287,1519,5768,136,43,93,84,24,60,23,7,16,0,0,0
22,405,District - Janjgir - Champa (06),Total,All ages,1619707,815717,803990,796232,433440,362792,728492,361589,366903,84460,18155,66305,7626,2018,5608,2897,515,2382,0,0,0
22,405,District - Janjgir - Champa (06),Total,0-9,326891,167212,159679,326891,167212,159679,0,0,0,0,0,0,0,0,0,0,0,0,0,0,0
22,405,District - Janjgir - Champa (06),Total,10-14,189918,95929,93989,188106,95343,92763,1688,540,1148,83,28,55,34,16,18,7,2,5,0,0,0
22,405,District - Janjgir - Champa (06),Total,15-19,182341,92099,90242,169410,90054,79356,12543,1963,10580,199,44,155,150,34,116,39,4,35,0,0,0
22,405,District - Janjgir - Champa (06),Total,20-24,150923,78498,72425,79499,56393,23106,69806,21729,48077,605,157,448,737,172,565,276,47,229,0,0,0
22,405,District - Janjgir - Champa (06),Total,25-29,125041,64617,60424,21789,17382,4407,100613,46597,54016,1201,327,874,1025,242,783,413,69,344,0,0,0
22,405,District - Janjgir - Champa (06),Total,30-34,109567,55091,54476,5094,3806,1288,101066,50497,50569,1821,405,1416,1102,296,806,484,87,397,0,0,0
22,405,District - Janjgir - Champa (06),Total,35-39,104795,52422,52373,1709,1105,604,98459,50443,48016,3070,512,2558,1100,290,810,457,72,385,0,0,0
22,405,District - Janjgir - Champa (06),Total,40-44,92524,47084,45440,850,520,330,86255,45475,40780,4098,778,3320,943,248,695,378,63,315,0,0,0
22,405,District - Janjgir - Champa (06),Total,45-49,76286,39254,37032,453,263,190,69630,37808,31822,5226,938,4288,728,200,528,249,45,204,0,0,0
22,405,District - Janjgir - Champa (06),Total,50-54,58218,29606,28612,271,158,113,50986,28061,22925,6216,1212,5004,551,141,410,194,34,160,0,0,0
22,405,District - Janjgir - Champa (06),Total,55-59,48637,22932,25705,187,101,86,41285,21318,19967,6710,1393,5317,343,89,254,112,31,81,0,0,0
22,405,District - Janjgir - Champa (06),Total,60-64,54244,24437,29807,430,221,209,40117,21707,18410,13188,2391,10797,388,96,292,121,22,99,0,0,0
22,405,District - Janjgir - Champa (06),Total,65-69,42256,19473,22783,519,295,224,27481,16147,11334,13924,2926,10998,257,85,172,75,20,55,0,0,0
22,405,District - Janjgir - Champa (06),Total,70-74,29858,14092,15766,168,89,79,16016,10906,5110,13453,3018,10435,160,63,97,61,16,45,0,0,0
22,405,District - Janjgir - Champa (06),Total,75-79,13282,6077,7205,79,44,35,6814,4362,2452,6318,1647,4671,56,23,33,15,1,14,0,0,0
22,405,District - Janjgir - Champa (06),Total,80+,14403,6623,7780,439,256,183,5583,3970,1613,8318,2373,5945,48,22,26,15,2,13,0,0,0
22,405,District - Janjgir - Champa (06),Total,Age not stated,523,271,252,338,198,140,150,66,84,30,6,24,4,1,3,1,0,1,0,0,0
22,405,District - Janjgir - Champa (06),Total,Less than 18,625646,317585,308061,620514,316169,304345,4820,1321,3499,212,56,156,78,34,44,22,5,17,0,0,0
22,405,District - Janjgir - Champa (06),Total,Less than 21,739117,375558,363559,711817,370550,341267,26504,4824,21680,397,92,305,303,79,224,96,13,83,0,0,0
22,405,District - Janjgir - Champa (06),Rural,All ages,1394646,701401,693245,687098,373020,314078,625428,310207,315221,73236,15997,57239,6404,1738,4666,2480,439,2041,0,0,0
22,405,District - Janjgir - Champa (06),Rural,0-9,284811,145366,139445,284811,145366,139445,0,0,0,0,0,0,0,0,0,0,0,0,0,0,0
22,405,District - Janjgir - Champa (06),Rural,10-14,166660,83950,82710,165080,83431,81649,1474,476,998,72,27,45,28,14,14,6,2,4,0,0,0
22,405,District - Janjgir - Champa (06),Rural,15-19,158466,79961,78505,147116,78189,68927,11017,1697,9320,170,41,129,128,30,98,35,4,31,0,0,0
22,405,District - Janjgir - Champa (06),Rural,20-24,128475,67211,61264,65772,47417,18355,61284,19454,41830,543,146,397,632,151,481,244,43,201,0,0,0
22,405,District - Janjgir - Champa (06),Rural,25-29,105239,54669,50570,16585,13502,3083,86366,40598,45768,1040,294,746,877,212,665,371,63,308,0,0,0
22,405,District - Janjgir - Champa (06),Rural,30-34,92346,46375,45971,3649,2750,899,85795,42920,42875,1568,367,1201,916,266,650,418,72,346,0,0,0
22,405,District - Janjgir - Champa (06),Rural,35-39,88641,44209,44432,1220,768,452,83540,42700,40840,2591,448,2143,909,237,672,381,56,325,0,0,0
22,405,District - Janjgir - Champa (06),Rural,40-44,78334,39702,38632,592,343,249,73210,38422,34788,3441,675,2766,776,210,566,315,52,263,0,0,0
22,405,District - Janjgir - Champa (06),Rural,45-49,64506,33150,31356,310,179,131,59004,31949,27055,4383,808,3575,607,175,432,202,39,163,0,0,0
22,405,District - Janjgir - Champa (06),Rural,50-54,49378,24901,24477,190,110,80,43328,23606,19722,5251,1041,4210,439,114,325,170,30,140,0,0,0
22,405,District - Janjgir - Champa (06),Rural,55-59,41745,19476,22269,141,75,66,35513,18093,17420,5713,1215,4498,291,68,223,87,25,62,0,0,0
22,405,District - Janjgir - Champa (06),Rural,60-64,47379,21265,26114,347,176,171,35175,18915,16260,11415,2068,9347,337,87,250,105,19,86,0,0,0
22,405,District - Janjgir - Champa (06),Rural,65-69,37410,17261,20149,437,243,194,24395,14302,10093,12279,2621,9658,233,78,155,66,17,49,0,0,0
22,405,District - Janjgir - Champa (06),Rural,70-74,26409,12478,13931,147,78,69,14160,9628,4532,11910,2701,9209,138,56,82,54,15,39,0,0,0
22,405,District - Janjgir - Champa (06),Rural,75-79,11676,5306,6370,65,34,31,6023,3820,2203,5528,1434,4094,47,17,30,13,1,12,0,0,0
22,405,District - Janjgir - Champa (06),Rural,80+,12750,5905,6845,370,207,163,5016,3569,1447,7309,2106,5203,43,22,21,12,1,11,0,0,0
22,405,District - Janjgir - Champa (06),Rural,Age not stated,421,216,205,266,152,114,128,58,70,23,5,18,3,1,2,1,0,1,0,0,0
22,405,District - Janjgir - Champa (06),Rural,Less than 18,546210,276682,269528,541766,275445,266321,4175,1149,3026,181,53,128,68,30,38,20,5,15,0,0,0
22,405,District - Janjgir - Champa (06),Rural,Less than 21,644306,326868,317438,620300,322441,297859,23316,4257,19059,344,87,257,259,71,188,87,12,75,0,0,0
22,405,District - Janjgir - Champa (06),Urban,All ages,225061,114316,110745,109134,60420,48714,103064,51382,51682,11224,2158,9066,1222,280,942,417,76,341,0,0,0
22,405,District - Janjgir - Champa (06),Urban,0-9,42080,21846,20234,42080,21846,20234,0,0,0,0,0,0,0,0,0,0,0,0,0,0,0
22,405,District - Janjgir - Champa (06),Urban,10-14,23258,11979,11279,23026,11912,11114,214,64,150,11,1,10,6,2,4,1,0,1,0,0,0
22,405,District - Janjgir - Champa (06),Urban,15-19,23875,12138,11737,22294,11865,10429,1526,266,1260,29,3,26,22,4,18,4,0,4,0,0,0
22,405,District - Janjgir - Champa (06),Urban,20-24,22448,11287,11161,13727,8976,4751,8522,2275,6247,62,11,51,105,21,84,32,4,28,0,0,0
22,405,District - Janjgir - Champa (06),Urban,25-29,19802,9948,9854,5204,3880,1324,14247,5999,8248,161,33,128,148,30,118,42,6,36,0,0,0
22,405,District - Janjgir - Champa (06),Urban,30-34,17221,8716,8505,1445,1056,389,15271,7577,7694,253,38,215,186,30,156,66,15,51,0,0,0
22,405,District - Janjgir - Champa (06),Urban,35-39,16154,8213,7941,489,337,152,14919,7743,7176,479,64,415,191,53,138,76,16,60,0,0,0
22,405,District - Janjgir - Champa (06),Urban,40-44,14190,7382,6808,258,177,81,13045,7053,5992,657,103,554,167,38,129,63,11,52,0,0,0
22,405,District - Janjgir - Champa (06),Urban,45-49,11780,6104,5676,143,84,59,10626,5859,4767,843,130,713,121,25,96,47,6,41,0,0,0
22,405,District - Janjgir - Champa (06),Urban,50-54,8840,4705,4135,81,48,33,7658,4455,3203,965,171,794,112,27,85,24,4,20,0,0,0
22,405,District - Janjgir - Champa (06),Urban,55-59,6892,3456,3436,46,26,20,5772,3225,2547,997,178,819,52,21,31,25,6,19,0,0,0
22,405,District - Janjgir - Champa (06),Urban,60-64,6865,3172,3693,83,45,38,4942,2792,2150,1773,323,1450,51,9,42,16,3,13,0,0,0
22,405,District - Janjgir - Champa (06),Urban,65-69,4846,2212,2634,82,52,30,3086,1845,1241,1645,305,1340,24,7,17,9,3,6,0,0,0
22,405,District - Janjgir - Champa (06),Urban,70-74,3449,1614,1835,21,11,10,1856,1278,578,1543,317,1226,22,7,15,7,1,6,0,0,0
22,405,District - Janjgir - Champa (06),Urban,75-79,1606,771,835,14,10,4,791,542,249,790,213,577,9,6,3,2,0,2,0,0,0
22,405,District - Janjgir - Champa (06),Urban,80+,1653,718,935,69,49,20,567,401,166,1009,267,742,5,0,5,3,1,2,0,0,0
22,405,District - Janjgir - Champa (06),Urban,Age not stated,102,55,47,72,46,26,22,8,14,7,1,6,1,0,1,0,0,0,0,0,0
22,405,District - Janjgir - Champa (06),Urban,Less than 18,79436,40903,38533,78748,40724,38024,645,172,473,31,3,28,10,4,6,2,0,2,0,0,0
22,405,District - Janjgir - Champa (06),Urban,Less than 21,94811,48690,46121,91517,48109,43408,3188,567,2621,53,5,48,44,8,36,9,1,8,0,0,0
22,406,District - Bilaspur (07),Total,All ages,2663629,1351574,1312055,1309550,716271,593279,1209916,601345,608571,123367,28154,95213,17050,4986,12064,3746,818,2928,0,0,0
22,406,District - Bilaspur (07),Total,0-9,589901,300574,289327,589901,300574,289327,0,0,0,0,0,0,0,0,0,0,0,0,0,0,0
22,406,District - Bilaspur (07),Total,10-14,310771,158607,152164,306490,156976,149514,3936,1487,2449,172,59,113,162,83,79,11,2,9,0,0,0
22,406,District - Bilaspur (07),Total,15-19,271760,141737,130023,244357,136513,107844,26450,4976,21474,446,133,313,429,105,324,78,10,68,0,0,0
22,406,District - Bilaspur (07),Total,20-24,240967,122943,118024,109253,78551,30702,128326,43508,84818,1187,375,812,1815,447,1368,386,62,324,0,0,0
22,406,District - Bilaspur (07),Total,25-29,212085,108405,103680,34736,26964,7772,171963,79909,92054,2325,713,1612,2462,693,1769,599,126,473,0,0,0
22,406,District - Bilaspur (07),Total,30-34,189933,94532,95401,10427,7894,2533,172854,84915,87939,3516,871,2645,2518,714,1804,618,138,480,0,0,0
22,406,District - Bilaspur (07),Total,35-39,180638,91532,89106,3949,2740,1209,168086,86714,81372,5368,1199,4169,2645,747,1898,590,132,458,0,0,0
22,406,District - Bilaspur (07),Total,40-44,155735,79876,75859,2129,1399,730,143761,76190,67571,7222,1551,5671,2130,624,1506,493,112,381,0,0,0
22,406,District - Bilaspur (07),Total,45-49,128726,66807,61919,1171,733,438,116526,63563,52963,9106,1985,7121,1571,440,1131,352,86,266,0,0,0
22,406,District - Bilaspur (07),Total,50-54,96964,50483,46481,720,397,323,84456,47398,37058,10467,2291,8176,1117,352,765,204,45,159,0,0,0
22,406,District - Bilaspur (07),Total,55-59,76691,37494,39197,504,277,227,64392,34500,29892,11013,2470,8543,647,210,437,135,37,98,0,0,0
22,406,District - Bilaspur (07),Total,60-64,76343,36102,40241,1109,588,521,55448,31455,23993,18970,3804,15166,702,233,469,114,22,92,0,0,0
22,406,District - Bilaspur (07),Total,65-69,54265,25780,28485,1335,741,594,35157,21126,14031,17330,3756,13574,376,135,241,67,22,45,0,0,0
22,406,District - Bilaspur (07),Total,70-74,38956,18248,20708,429,234,195,20922,14021,6901,17289,3870,13419,272,114,158,44,9,35,0,0,0
22,406,District - Bilaspur (07),Total,75-79,17567,8073,9494,148,75,73,9007,5827,3180,8302,2124,6178,91,44,47,19,3,16,0,0,0
22,406,District - Bilaspur (07),Total,80+,19328,8873,10455,1036,593,443,7643,5305,2338,10521,2923,7598,96,41,55,32,11,21,0,0,0
22,406,District - Bilaspur (07),Total,Age not stated,2999,1508,1491,1856,1022,834,989,451,538,133,30,103,17,4,13,4,1,3,0,0,0
22,406,District - Bilaspur (07),Total,Less than 18,1066159,544455,521704,1054421,540880,513541,10972,3304,7668,440,142,298,293,123,170,33,6,27,0,0,0
22,406,District - Bilaspur (07),Total,Less than 21,1234291,632054,602237,1177823,619649,558174,54505,11876,42629,869,251,618,928,258,670,166,20,146,0,0,0
22,406,District - Bilaspur (07),Rural,All ages,1983759,1002520,981239,985365,534875,450490,890380,441305,449075,92246,21745,70501,13067,4004,9063,2701,591,2110,0,0,0
22,406,District - Bilaspur (07),Rural,0-9,466498,236386,230112,466498,236386,230112,0,0,0,0,0,0,0,0,0,0,0,0,0,0,0
22,406,District - Bilaspur (07),Rural,10-14,243318,123478,119840,240128,122289,117839,2944,1080,1864,121,45,76,119,63,56,6,1,5,0,0,0
22,406,District - Bilaspur (07),Rural,15-19,204954,106987,97967,182613,102731,79882,21590,4063,17527,336,96,240,357,90,267,58,7,51,0,0,0
22,406,District - Bilaspur (07),Rural,20-24,173767,89255,84512,68193,52141,16052,102874,36381,66493,898,310,588,1487,369,1118,315,54,261,0,0,0
22,406,District - Bilaspur (07),Rural,25-29,150272,77308,72964,16479,13648,2831,129641,62432,67209,1749,553,1196,1944,573,1371,459,102,357,0,0,0
22,406,District - Bilaspur (07),Rural,30-34,134645,66409,68236,4208,3240,968,125411,61810,63601,2625,672,1953,1941,582,1359,460,105,355,0,0,0
22,406,District - Bilaspur (07),Rural,35-39,128976,64919,64057,1490,1047,443,121142,62280,58862,3939,909,3030,2011,599,1412,394,84,310,0,0,0
22,406,District - Bilaspur (07),Rural,40-44,110735,56445,54290,799,538,261,102740,54134,48606,5285,1208,4077,1569,488,1081,342,77,265,0,0,0
22,406,District - Bilaspur (07),Rural,45-49,90697,46858,43839,440,286,154,82318,44607,37711,6541,1561,4980,1158,346,812,240,58,182,0,0,0
22,406,District - Bilaspur (07),Rural,50-54,68000,35123,32877,265,171,94,59300,32898,26402,7510,1757,5753,791,263,528,134,34,100,0,0,0
22,406,District - Bilaspur (07),Rural,55-59,54832,26274,28558,177,113,64,46146,24075,22071,7941,1899,6042,483,165,318,85,22,63,0,0,0
22,406,District - Bilaspur (07),Rural,60-64,56769,26540,30229,721,387,334,41030,22984,18046,14397,2971,11426,544,186,358,77,12,65,0,0,0
22,406,District - Bilaspur (07),Rural,65-69,41123,19207,21916,903,518,385,26395,15625,10770,13470,2934,10536,301,114,187,54,16,38,0,0,0
22,406,District - Bilaspur (07),Rural,70-74,29470,13573,15897,263,149,114,15606,10358,5248,13350,2962,10388,216,95,121,35,9,26,0,0,0
22,406,District - Bilaspur (07),Rural,75-79,12937,5826,7111,84,48,36,6615,4157,2458,6154,1583,4571,69,36,33,15,2,13,0,0,0
22,406,District - Bilaspur (07),Rural,80+,14493,6797,7696,699,422,277,5876,4075,1801,7828,2260,5568,66,32,34,24,8,16,0,0,0
22,406,District - Bilaspur (07),Rural,Age not stated,2273,1135,1138,1405,761,644,752,346,406,102,25,77,11,3,8,3,0,3,0,0,0
22,406,District - Bilaspur (07),Rural,Less than 18,835925,424609,411316,826851,421919,404932,8499,2483,6016,327,107,220,230,98,132,18,2,16,0,0,0
22,406,District - Bilaspur (07),Rural,Less than 21,960807,490071,470736,914862,479929,434933,44420,9733,34687,646,186,460,753,207,546,126,16,110,0,0,0
22,406,District - Bilaspur (07),Urban,All ages,679870,349054,330816,324185,181396,142789,319536,160040,159496,31121,6409,24712,3983,982,3001,1045,227,818,0,0,0
22,406,District - Bilaspur (07),Urban,0-9,123403,64188,59215,123403,64188,59215,0,0,0,0,0,0,0,0,0,0,0,0,0,0,0
22,406,District - Bilaspur (07),Urban,10-14,67453,35129,32324,66362,34687,31675,992,407,585,51,14,37,43,20,23,5,1,4,0,0,0
22,406,District - Bilaspur (07),Urban,15-19,66806,34750,32056,61744,33782,27962,4860,913,3947,110,37,73,72,15,57,20,3,17,0,0,0
22,406,District - Bilaspur (07),Urban,20-24,67200,33688,33512,41060,26410,14650,25452,7127,18325,289,65,224,328,78,250,71,8,63,0,0,0
22,406,District - Bilaspur (07),Urban,25-29,61813,31097,30716,18257,13316,4941,42322,17477,24845,576,160,416,518,120,398,140,24,116,0,0,0
22,406,District - Bilaspur (07),Urban,30-34,55288,28123,27165,6219,4654,1565,47443,23105,24338,891,199,692,577,132,445,158,33,125,0,0,0
22,406,District - Bilaspur (07),Urban,35-39,51662,26613,25049,2459,1693,766,46944,24434,22510,1429,290,1139,634,148,486,196,48,148,0,0,0
22,406,District - Bilaspur (07),Urban,40-44,45000,23431,21569,1330,861,469,41021,22056,18965,1937,343,1594,561,136,425,151,35,116,0,0,0
22,406,District - Bilaspur (07),Urban,45-49,38029,19949,18080,731,447,284,34208,18956,15252,2565,424,2141,413,94,319,112,28,84,0,0,0
22,406,District - Bilaspur (07),Urban,50-54,28964,15360,13604,455,226,229,25156,14500,10656,2957,534,2423,326,89,237,70,11,59,0,0,0
22,406,District - Bilaspur (07),Urban,55-59,21859,11220,10639,327,164,163,18246,10425,7821,3072,571,2501,164,45,119,50,15,35,0,0,0
22,406,District - Bilaspur (07),Urban,60-64,19574,9562,10012,388,201,187,14418,8471,5947,4573,833,3740,158,47,111,37,10,27,0,0,0
22,406,District - Bilaspur (07),Urban,65-69,13142,6573,6569,432,223,209,8762,5501,3261,3860,822,3038,75,21,54,13,6,7,0,0,0
22,406,District - Bilaspur (07),Urban,70-74,9486,4675,4811,166,85,81,5316,3663,1653,3939,908,3031,56,19,37,9,0,9,0,0,0
22,406,District - Bilaspur (07),Urban,75-79,4630,2247,2383,64,27,37,2392,1670,722,2148,541,1607,22,8,14,4,1,3,0,0,0
22,406,District - Bilaspur (07),Urban,80+,4835,2076,2759,337,171,166,1767,1230,537,2693,663,2030,30,9,21,8,3,5,0,0,0
22,406,District - Bilaspur (07),Urban,Age not stated,726,373,353,451,261,190,237,105,132,31,5,26,6,1,5,1,1,0,0,0,0
22,406,District - Bilaspur (07),Urban,Less than 18,230234,119846,110388,227570,118961,108609,2473,821,1652,113,35,78,63,25,38,15,4,11,0,0,0
22,406,District - Bilaspur (07),Urban,Less than 21,273484,141983,131501,262961,139720,123241,10085,2143,7942,223,65,158,175,51,124,40,4,36,0,0,0
22,407,District - Kabeerdham (08),Total,All ages,822526,412058,410468,391261,208049,183212,390301,194036,196265,33098,7945,25153,6545,1731,4814,1321,297,1024,0,0,0
22,407,District - Kabeerdham (08),Total,0-9,203259,102243,101016,203259,102243,101016,0,0,0,0,0,0,0,0,0,0,0,0,0,0,0
22,407,District - Kabeerdham (08),Total,10-14,97035,49043,47992,94679,48036,46643,2200,928,1272,103,49,54,49,28,21,4,2,2,0,0,0
22,407,District - Kabeerdham (08),Total,15-19,78198,40204,37994,64618,36775,27843,13110,3271,9839,155,64,91,281,86,195,34,8,26,0,0,0
22,407,District - Kabeerdham (08),Total,20-24,74609,37283,37326,20610,15320,5290,52433,21513,30920,410,146,264,978,267,711,178,37,141,0,0,0
22,407,District - Kabeerdham (08),Total,25-29,62870,31952,30918,4387,3363,1024,56664,28097,28567,656,189,467,967,258,709,196,45,151,0,0,0
22,407,District - Kabeerdham (08),Total,30-34,57616,27987,29629,1270,920,350,54272,26613,27659,916,222,694,947,194,753,211,38,173,0,0,0
22,407,District - Kabeerdham (08),Total,35-39,54481,27186,27295,545,341,204,51499,26306,25193,1357,299,1058,870,203,667,210,37,173,0,0,0
22,407,District - Kabeerdham (08),Total,40-44,48221,24378,23843,289,182,107,45125,23532,21593,1872,440,1432,768,187,581,167,37,130,0,0,0
22,407,District - Kabeerdham (08),Total,45-49,38199,19957,18242,211,122,89,35039,19080,15959,2288,580,1708,544,145,399,117,30,87,0,0,0
22,407,District - Kabeerdham (08),Total,50-54,27674,14246,13428,116,75,41,24440,13412,11028,2635,630,2005,399,106,293,84,23,61,0,0,0
22,407,District - Kabeerdham (08),Total,55-59,21497,10527,10970,69,41,28,18495,9762,8733,2678,642,2036,215,68,147,40,14,26,0,0,0
22,407,District - Kabeerdham (08),Total,60-64,20799,9763,11036,290,147,143,15422,8496,6926,4799,1022,3777,244,82,162,44,16,28,0,0,0
22,407,District - Kabeerdham (08),Total,65-69,15324,7076,8248,269,144,125,10228,5827,4401,4686,1054,3632,123,44,79,18,7,11,0,0,0
22,407,District - Kabeerdham (08),Total,70-74,11398,5214,6184,97,51,46,6305,4013,2292,4893,1113,3780,93,34,59,10,3,7,0,0,0
22,407,District - Kabeerdham (08),Total,75-79,5060,2245,2815,29,13,16,2639,1618,1021,2358,598,1760,32,16,16,2,0,2,0,0,0
22,407,District - Kabeerdham (08),Total,80+,6102,2647,3455,379,186,193,2398,1554,844,3286,895,2391,33,12,21,6,0,6,0,0,0
22,407,District - Kabeerdham (08),Total,Age not stated,184,107,77,144,90,54,32,14,18,6,2,4,2,1,1,0,0,0,0,0,0
22,407,District - Kabeerdham (08),Total,Less than 18,347875,176111,171764,341773,174001,167772,5764,1962,3802,185,83,102,137,58,79,16,7,9,0,0,0
22,407,District - Kabeerdham (08),Total,Less than 21,397537,200515,197022,370388,192622,177766,26181,7576,18605,341,143,198,550,159,391,77,15,62,0,0,0
22,407,District - Kabeerdham (08),Rural,All ages,735131,367941,367190,348831,185083,163748,349871,173826,176045,29475,7201,22274,5788,1569,4219,1166,262,904,0,0,0
22,407,District - Kabeerdham (08),Rural,0-9,184847,92849,91998,184847,92849,91998,0,0,0,0,0,0,0,0,0,0,0,0,0,0,0
22,407,District - Kabeerdham (08),Rural,10-14,87344,44216,43128,85260,43327,41933,1954,826,1128,85,38,47,41,23,18,4,2,2,0,0,0
22,407,District - Kabeerdham (08),Rural,15-19,69357,35664,33693,56719,32448,24271,12212,3068,9144,138,60,78,260,83,177,28,5,23,0,0,0
22,407,District - Kabeerdham (08),Rural,20-24,66012,33064,32948,16489,12560,3929,48109,20092,28017,365,129,236,889,249,640,160,34,126,0,0,0
22,407,District - Kabeerdham (08),Rural,25-29,55454,28290,27164,2942,2333,609,50896,25519,25377,580,166,414,858,235,623,178,37,141,0,0,0
22,407,District - Kabeerdham (08),Rural,30-34,50852,24569,26283,776,566,210,48270,23598,24672,797,198,599,822,174,648,187,33,154,0,0,0
22,407,District - Kabeerdham (08),Rural,35-39,48296,24031,24265,339,206,133,45808,23339,22469,1199,277,922,769,177,592,181,32,149,0,0,0
22,407,District - Kabeerdham (08),Rural,40-44,42661,21496,21165,187,115,72,40021,20778,19243,1647,404,1243,663,165,498,143,34,109,0,0,0
22,407,District - Kabeerdham (08),Rural,45-49,33803,17615,16188,124,72,52,31125,16865,14260,1983,524,1459,466,125,341,105,29,76,0,0,0
22,407,District - Kabeerdham (08),Rural,50-54,24391,12539,11852,79,54,25,21552,11790,9762,2332,576,1756,352,97,255,76,22,54,0,0,0
22,407,District - Kabeerdham (08),Rural,55-59,19035,9278,9757,50,30,20,16452,8600,7852,2317,576,1741,182,60,122,34,12,22,0,0,0
22,407,District - Kabeerdham (08),Rural,60-64,18662,8721,9941,244,120,124,13845,7574,6271,4307,933,3374,228,79,149,38,15,23,0,0,0
22,407,District - Kabeerdham (08),Rural,65-69,13864,6391,7473,220,112,108,9328,5287,4041,4191,945,3246,110,42,68,15,5,10,0,0,0
22,407,District - Kabeerdham (08),Rural,70-74,10301,4713,5588,65,37,28,5701,3617,2084,4436,1023,3413,90,34,56,9,2,7,0,0,0
22,407,District - Kabeerdham (08),Rural,75-79,4553,1997,2556,25,11,14,2383,1445,938,2113,526,1587,30,15,15,2,0,2,0,0,0
22,407,District - Kabeerdham (08),Rural,80+,5533,2413,3120,338,164,174,2183,1414,769,2979,824,2155,27,11,16,6,0,6,0,0,0
22,407,District - Kabeerdham (08),Rural,Age not stated,166,95,71,127,79,48,32,14,18,6,2,4,1,0,1,0,0,0,0,0,0
22,407,District - Kabeerdham (08),Rural,Less than 18,314465,159171,155294,308968,157271,151697,5207,1775,3432,156,70,86,122,51,71,12,4,8,0,0,0
22,407,District - Kabeerdham (08),Rural,Less than 21,358493,180773,177720,333438,173397,160041,24188,7091,17097,294,124,170,505,150,355,68,11,57,0,0,0
22,407,District - Kabeerdham (08),Urban,All ages,87395,44117,43278,42430,22966,19464,40430,20210,20220,3623,744,2879,757,162,595,155,35,120,0,0,0
22,407,District - Kabeerdham (08),Urban,0-9,18412,9394,9018,18412,9394,9018,0,0,0,0,0,0,0,0,0,0,0,0,0,0,0
22,407,District - Kabeerdham (08),Urban,10-14,9691,4827,4864,9419,4709,4710,246,102,144,18,11,7,8,5,3,0,0,0,0,0,0
22,407,District - Kabeerdham (08),Urban,15-19,8841,4540,4301,7899,4327,3572,898,203,695,17,4,13,21,3,18,6,3,3,0,0,0
22,407,District - Kabeerdham (08),Urban,20-24,8597,4219,4378,4121,2760,1361,4324,1421,2903,45,17,28,89,18,71,18,3,15,0,0,0
22,407,District - Kabeerdham (08),Urban,25-29,7416,3662,3754,1445,1030,415,5768,2578,3190,76,23,53,109,23,86,18,8,10,0,0,0
22,407,District - Kabeerdham (08),Urban,30-34,6764,3418,3346,494,354,140,6002,3015,2987,119,24,95,125,20,105,24,5,19,0,0,0
22,407,District - Kabeerdham (08),Urban,35-39,6185,3155,3030,206,135,71,5691,2967,2724,158,22,136,101,26,75,29,5,24,0,0,0
22,407,District - Kabeerdham (08),Urban,40-44,5560,2882,2678,102,67,35,5104,2754,2350,225,36,189,105,22,83,24,3,21,0,0,0
22,407,District - Kabeerdham (08),Urban,45-49,4396,2342,2054,87,50,37,3914,2215,1699,305,56,249,78,20,58,12,1,11,0,0,0
22,407,District - Kabeerdham (08),Urban,50-54,3283,1707,1576,37,21,16,2888,1622,1266,303,54,249,47,9,38,8,1,7,0,0,0
22,407,District - Kabeerdham (08),Urban,55-59,2462,1249,1213,19,11,8,2043,1162,881,361,66,295,33,8,25,6,2,4,0,0,0
22,407,District - Kabeerdham (08),Urban,60-64,2137,1042,1095,46,27,19,1577,922,655,492,89,403,16,3,13,6,1,5,0,0,0
22,407,District - Kabeerdham (08),Urban,65-69,1460,685,775,49,32,17,900,540,360,495,109,386,13,2,11,3,2,1,0,0,0
22,407,District - Kabeerdham (08),Urban,70-74,1097,501,596,32,14,18,604,396,208,457,90,367,3,0,3,1,1,0,0,0,0
22,407,District - Kabeerdham (08),Urban,75-79,507,248,259,4,2,2,256,173,83,245,72,173,2,1,1,0,0,0,0,0,0
22,407,District - Kabeerdham (08),Urban,80+,569,234,335,41,22,19,215,140,75,307,71,236,6,1,5,0,0,0,0,0,0
22,407,District - Kabeerdham (08),Urban,Age not stated,18,12,6,17,11,6,0,0,0,0,0,0,1,1,0,0,0,0,0,0,0
22,407,District - Kabeerdham (08),Urban,Less than 18,33410,16940,16470,32805,16730,16075,557,187,370,29,13,16,15,7,8,4,3,1,0,0,0
22,407,District - Kabeerdham (08),Urban,Less than 21,39044,19742,19302,36950,19225,17725,1993,485,1508,47,19,28,45,9,36,9,4,5,0,0,0
22,408,District - Rajnandgaon (09),Total,All ages,1537133,762855,774278,719280,382207,337073,724811,360376,364435,80360,16941,63419,9813,2627,7186,2869,704,2165,0,0,0
22,408,District - Rajnandgaon (09),Total,0-9,305346,153628,151718,305346,153628,151718,0,0,0,0,0,0,0,0,0,0,0,0,0,0,0
22,408,District - Rajnandgaon (09),Total,10-14,173245,86518,86727,169566,84976,84590,3468,1451,2017,153,64,89,53,24,29,5,3,2,0,0,0
22,408,District - Rajnandgaon (09),Total,15-19,155473,76624,78849,143305,74027,69278,11677,2433,9244,310,101,209,137,47,90,44,16,28,0,0,0
22,408,District - Rajnandgaon (09),Total,20-24,144827,72579,72248,70346,48771,21575,72797,23338,49459,651,205,446,750,201,549,283,64,219,0,0,0
22,408,District - Rajnandgaon (09),Total,25-29,120024,61638,58386,17762,13309,4453,99543,47599,51944,1217,296,921,1080,327,753,422,107,315,0,0,0
22,408,District - Rajnandgaon (09),Total,30-34,110235,53618,56617,5213,3382,1831,101328,49360,51968,1959,410,1549,1298,366,932,437,100,337,0,0,0
22,408,District - Rajnandgaon (09),Total,35-39,109586,54209,55377,2252,1222,1030,102004,51887,50117,3271,591,2680,1575,381,1194,484,128,356,0,0,0
22,408,District - Rajnandgaon (09),Total,40-44,101331,50993,50338,1250,696,554,93471,48971,44500,4769,886,3883,1447,342,1105,394,98,296,0,0,0
22,408,District - Rajnandgaon (09),Total,45-49,83266,43105,40161,764,373,391,74923,41179,33744,6106,1217,4889,1167,271,896,306,65,241,0,0,0
22,408,District - Rajnandgaon (09),Total,50-54,62434,31240,31194,417,222,195,53774,29301,24473,7228,1457,5771,830,215,615,185,45,140,0,0,0
22,408,District - Rajnandgaon (09),Total,55-59,50386,24591,25795,272,137,135,41236,22619,18617,8285,1672,6613,485,140,345,108,23,85,0,0,0
22,408,District - Rajnandgaon (09),Total,60-64,45242,20832,24410,564,295,269,31495,17973,13522,12629,2412,10217,462,133,329,92,19,73,0,0,0
22,408,District - Rajnandgaon (09),Total,65-69,32032,14136,17896,645,301,344,19265,11352,7913,11814,2385,9429,263,80,183,45,18,27,0,0,0
22,408,District - Rajnandgaon (09),Total,70-74,22813,10065,12748,217,116,101,11352,7455,3897,11057,2428,8629,153,55,98,34,11,23,0,0,0
22,408,District - Rajnandgaon (09),Total,75-79,9722,4195,5527,74,38,36,4521,2927,1594,5057,1203,3854,53,23,30,17,4,13,0,0,0
22,408,District - Rajnandgaon (09),Total,80+,10439,4519,5920,853,467,386,3712,2428,1284,5806,1600,4206,56,21,35,12,3,9,0,0,0
22,408,District - Rajnandgaon (09),Total,Age not stated,732,365,367,434,247,187,245,103,142,48,14,34,4,1,3,1,0,1,0,0,0
22,408,District - Rajnandgaon (09),Total,Less than 18,572380,286743,285637,565102,284010,281092,6815,2556,4259,331,115,216,110,51,59,22,11,11,0,0,0
22,408,District - Rajnandgaon (09),Total,Less than 21,668346,333029,335317,641012,326927,314085,26337,5779,20558,589,208,381,316,91,225,92,24,68,0,0,0
22,408,District - Rajnandgaon (09),Rural,All ages,1264621,626212,638409,591647,312532,279115,597834,296703,301131,65162,14236,50926,7680,2154,5526,2298,587,1711,0,0,0
22,408,District - Rajnandgaon (09),Rural,0-9,258980,129938,129042,258980,129938,129042,0,0,0,0,0,0,0,0,0,0,0,0,0,0,0
22,408,District - Rajnandgaon (09),Rural,10-14,147274,73374,73900,144137,72080,72057,2964,1225,1739,127,51,76,42,16,26,4,2,2,0,0,0
22,408,District - Rajnandgaon (09),Rural,15-19,128515,62932,65583,118001,60712,57289,10107,2096,8011,256,78,178,115,32,83,36,14,22,0,0,0
22,408,District - Rajnandgaon (09),Rural,20-24,117130,58769,58361,52657,37627,15030,63047,20731,42316,545,175,370,630,177,453,251,59,192,0,0,0
22,408,District - Rajnandgaon (09),Rural,25-29,96231,49635,46596,10599,8197,2402,83421,40823,42598,982,249,733,883,268,615,346,98,248,0,0,0
22,408,District - Rajnandgaon (09),Rural,30-34,88463,42745,45718,2675,1641,1034,82866,40381,42485,1542,332,1210,1038,308,730,342,83,259,0,0,0
22,408,District - Rajnandgaon (09),Rural,35-39,89004,43873,45131,1141,543,598,83658,42421,41237,2610,497,2113,1208,308,900,387,104,283,0,0,0
22,408,District - Rajnandgaon (09),Rural,40-44,82522,41412,41110,650,325,325,76661,40005,36656,3792,729,3063,1107,278,829,312,75,237,0,0,0
22,408,District - Rajnandgaon (09),Rural,45-49,67108,34750,32358,377,181,196,60747,33280,27467,4844,1023,3821,904,213,691,236,53,183,0,0,0
22,408,District - Rajnandgaon (09),Rural,50-54,50268,25021,25247,197,98,99,43459,23450,20009,5850,1262,4588,622,177,445,140,34,106,0,0,0
22,408,District - Rajnandgaon (09),Rural,55-59,40933,19837,21096,132,67,65,33531,18215,15316,6810,1424,5386,387,117,270,73,14,59,0,0,0
22,408,District - Rajnandgaon (09),Rural,60-64,36896,16956,19940,382,202,180,25682,14557,11125,10399,2068,8331,354,112,242,79,17,62,0,0,0
22,408,District - Rajnandgaon (09),Rural,65-69,26040,11463,14577,442,217,225,15663,9144,6519,9706,2019,7687,193,67,126,36,16,20,0,0,0
22,408,District - Rajnandgaon (09),Rural,70-74,18541,8196,10345,137,69,68,9233,6057,3176,9029,2016,7013,111,43,68,31,11,20,0,0,0
22,408,District - Rajnandgaon (09),Rural,75-79,7745,3321,4424,50,27,23,3577,2269,1308,4065,1000,3065,40,21,19,13,4,9,0,0,0
22,408,District - Rajnandgaon (09),Rural,80+,8329,3664,4665,700,382,318,3012,1963,1049,4564,1300,3264,42,16,26,11,3,8,0,0,0
22,408,District - Rajnandgaon (09),Rural,Age not stated,642,326,316,390,226,164,206,86,120,41,13,28,4,1,3,1,0,1,0,0,0
22,408,District - Rajnandgaon (09),Rural,Less than 18,484256,241875,242381,478061,239576,238485,5811,2161,3650,276,92,184,91,37,54,17,9,8,0,0,0
22,408,District - Rajnandgaon (09),Rural,Less than 21,562637,279380,283257,539017,274181,264836,22792,4949,17843,489,163,326,264,67,197,75,20,55,0,0,0
22,408,District - Rajnandgaon (09),Urban,All ages,272512,136643,135869,127633,69675,57958,126977,63673,63304,15198,2705,12493,2133,473,1660,571,117,454,0,0,0
22,408,District - Rajnandgaon (09),Urban,0-9,46366,23690,22676,46366,23690,22676,0,0,0,0,0,0,0,0,0,0,0,0,0,0,0
22,408,District - Rajnandgaon (09),Urban,10-14,25971,13144,12827,25429,12896,12533,504,226,278,26,13,13,11,8,3,1,1,0,0,0,0
22,408,District - Rajnandgaon (09),Urban,15-19,26958,13692,13266,25304,13315,11989,1570,337,1233,54,23,31,22,15,7,8,2,6,0,0,0
22,408,District - Rajnandgaon (09),Urban,20-24,27697,13810,13887,17689,11144,6545,9750,2607,7143,106,30,76,120,24,96,32,5,27,0,0,0
22,408,District - Rajnandgaon (09),Urban,25-29,23793,12003,11790,7163,5112,2051,16122,6776,9346,235,47,188,197,59,138,76,9,67,0,0,0
22,408,District - Rajnandgaon (09),Urban,30-34,21772,10873,10899,2538,1741,797,18462,8979,9483,417,78,339,260,58,202,95,17,78,0,0,0
22,408,District - Rajnandgaon (09),Urban,35-39,20582,10336,10246,1111,679,432,18346,9466,8880,661,94,567,367,73,294,97,24,73,0,0,0
22,408,District - Rajnandgaon (09),Urban,40-44,18809,9581,9228,600,371,229,16810,8966,7844,977,157,820,340,64,276,82,23,59,0,0,0
22,408,District - Rajnandgaon (09),Urban,45-49,16158,8355,7803,387,192,195,14176,7899,6277,1262,194,1068,263,58,205,70,12,58,0,0,0
22,408,District - Rajnandgaon (09),Urban,50-54,12166,6219,5947,220,124,96,10315,5851,4464,1378,195,1183,208,38,170,45,11,34,0,0,0
22,408,District - Rajnandgaon (09),Urban,55-59,9453,4754,4699,140,70,70,7705,4404,3301,1475,248,1227,98,23,75,35,9,26,0,0,0
22,408,District - Rajnandgaon (09),Urban,60-64,8346,3876,4470,182,93,89,5813,3416,2397,2230,344,1886,108,21,87,13,2,11,0,0,0
22,408,District - Rajnandgaon (09),Urban,65-69,5992,2673,3319,203,84,119,3602,2208,1394,2108,366,1742,70,13,57,9,2,7,0,0,0
22,408,District - Rajnandgaon (09),Urban,70-74,4272,1869,2403,80,47,33,2119,1398,721,2028,412,1616,42,12,30,3,0,3,0,0,0
22,408,District - Rajnandgaon (09),Urban,75-79,1977,874,1103,24,11,13,944,658,286,992,203,789,13,2,11,4,0,4,0,0,0
22,408,District - Rajnandgaon (09),Urban,80+,2110,855,1255,153,85,68,700,465,235,1242,300,942,14,5,9,1,0,1,0,0,0
22,408,District - Rajnandgaon (09),Urban,Age not stated,90,39,51,44,21,23,39,17,22,7,1,6,0,0,0,0,0,0,0,0,0
22,408,District - Rajnandgaon (09),Urban,Less than 18,88124,44868,43256,87041,44434,42607,1004,395,609,55,23,32,19,14,5,5,2,3,0,0,0
22,408,District - Rajnandgaon (09),Urban,Less than 21,105709,53649,52060,101995,52746,49249,3545,830,2715,100,45,55,52,24,28,17,4,13,0,0,0
22,409,District - Durg (10),Total,All ages,3343872,1682101,1661771,1545424,843107,702317,1613956,801120,812836,156434,30846,125588,22511,5704,16807,5547,1324,4223,0,0,0
22,409,District - Durg (10),Total,0-9,624501,317897,306604,624501,317897,306604,0,0,0,0,0,0,0,0,0,0,0,0,0,0,0
22,409,District - Durg (10),Total,10-14,357471,181323,176148,353063,179530,173533,4125,1683,2442,145,48,97,125,59,66,13,3,10,0,0,0
22,409,District - Durg (10),Total,15-19,344217,175521,168696,319385,171125,148260,24005,4208,19797,392,86,306,368,94,274,67,8,59,0,0,0
22,409,District - Durg (10),Total,20-24,321621,162131,159490,166587,115681,50906,151485,45605,105880,1134,249,885,1931,510,1421,484,86,398,0,0,0
22,409,District - Durg (10),Total,25-29,272022,138669,133353,50368,38468,11900,215822,98678,117144,2298,537,1761,2712,785,1927,822,201,621,0,0,0
22,409,District - Durg (10),Total,30-34,243075,118958,124117,13789,9925,3864,221902,107433,114469,3525,633,2892,2963,750,2213,896,217,679,0,0,0
22,409,District - Durg (10),Total,35-39,245796,121355,124441,5618,3704,1914,229446,115512,113934,6277,1066,5211,3472,848,2624,983,225,758,0,0,0
22,409,District - Durg (10),Total,40-44,223704,114003,109701,3072,1829,1243,208215,109871,98344,8324,1346,6978,3292,776,2516,801,181,620,0,0,0
22,409,District - Durg (10),Total,45-49,185666,97056,88610,1649,915,734,169653,93564,76089,11309,1884,9425,2459,535,1924,596,158,438,0,0,0
22,409,District - Durg (10),Total,50-54,138932,71283,67649,874,485,389,122694,68121,54573,13225,2202,11023,1802,390,1412,337,85,252,0,0,0
22,409,District - Durg (10),Total,55-59,110461,55341,55120,593,347,246,93896,51941,41955,14658,2717,11941,1103,265,838,211,71,140,0,0,0
22,409,District - Durg (10),Total,60-64,100878,47647,53231,1280,673,607,74184,42532,31652,24191,4129,20062,1061,274,787,162,39,123,0,0,0
22,409,District - Durg (10),Total,65-69,72702,32342,40360,1375,716,659,47213,27180,20033,23442,4242,19200,584,180,404,88,24,64,0,0,0
22,409,District - Durg (10),Total,70-74,52831,25259,27572,460,242,218,29349,19952,9397,22615,4930,17685,365,122,243,42,13,29,0,0,0
22,409,District - Durg (10),Total,75-79,24015,11527,12488,171,83,88,12227,8303,3924,11461,3071,8390,131,60,71,25,10,15,0,0,0
22,409,District - Durg (10),Total,80+,23837,10698,13139,1453,793,660,8922,6165,2757,13323,3686,9637,121,51,70,18,3,15,0,0,0
22,409,District - Durg (10),Total,Age not stated,2143,1091,1052,1186,694,492,818,372,446,115,20,95,22,5,17,2,0,2,0,0,0
22,409,District - Durg (10),Total,Less than 18,1188092,603704,584388,1177288,600092,577196,10142,3409,6733,392,93,299,245,105,140,25,5,20,0,0,0
22,409,District - Durg (10),Total,Less than 21,1403519,712976,690543,1349225,702450,646775,52587,10105,42482,730,184,546,823,217,606,154,20,134,0,0,0
22,409,District - Durg (10),Rural,All ages,2059107,1026152,1032955,951076,511632,439444,989129,489386,499743,100452,20349,80103,14962,3929,11033,3488,856,2632,0,0,0
22,409,District - Durg (10),Rural,0-9,410293,207516,202777,410293,207516,202777,0,0,0,0,0,0,0,0,0,0,0,0,0,0,0
22,409,District - Durg (10),Rural,10-14,234797,117866,116931,232031,116745,115286,2578,1050,1528,105,37,68,75,32,43,8,2,6,0,0,0
22,409,District - Durg (10),Rural,15-19,214362,108248,106114,197278,105259,92019,16537,2871,13666,254,52,202,247,60,187,46,6,40,0,0,0
22,409,District - Durg (10),Rural,20-24,188902,95192,93710,82412,61096,21316,103939,33471,70468,766,172,594,1426,382,1044,359,71,288,0,0,0
22,409,District - Durg (10),Rural,25-29,157172,80480,76692,17501,14165,3336,135854,65240,70614,1411,354,1057,1871,565,1306,535,156,379,0,0,0
22,409,District - Durg (10),Rural,30-34,142895,68983,73912,4143,2815,1328,134167,65148,69019,2146,378,1768,1895,498,1397,544,144,400,0,0,0
22,409,District - Durg (10),Rural,35-39,145548,71884,73664,1870,1053,817,137060,69500,67560,3770,649,3121,2276,549,1727,572,133,439,0,0,0
22,409,District - Durg (10),Rural,40-44,130564,65487,65077,1035,531,504,122122,63552,58570,4856,820,4036,2069,488,1581,482,96,386,0,0,0
22,409,District - Durg (10),Rural,45-49,108190,56011,52179,590,303,287,98860,54060,44800,6835,1220,5615,1545,345,1200,360,83,277,0,0,0
22,409,District - Durg (10),Rural,50-54,81655,40854,40801,299,176,123,72000,38918,33082,7982,1440,6542,1170,273,897,204,47,157,0,0,0
22,409,District - Durg (10),Rural,55-59,66894,32406,34488,211,130,81,56703,30217,26486,9088,1819,7269,755,193,562,137,47,90,0,0,0
22,409,District - Durg (10),Rural,60-64,63536,29728,33808,672,357,315,46481,26351,20130,15532,2773,12759,742,214,528,109,33,76,0,0,0
22,409,District - Durg (10),Rural,65-69,46888,20582,26306,712,371,341,30068,17176,12892,15621,2876,12745,423,140,283,64,19,45,0,0,0
22,409,District - Durg (10),Rural,70-74,34221,15755,18466,218,119,99,18429,12306,6123,15292,3227,12065,249,93,156,33,10,23,0,0,0
22,409,District - Durg (10),Rural,75-79,15681,7159,8522,90,37,53,7822,5128,2694,7636,1935,5701,112,51,61,21,8,13,0,0,0
22,409,District - Durg (10),Rural,80+,16043,7243,8800,879,466,413,5977,4153,1824,9083,2582,6501,91,41,50,13,1,12,0,0,0
22,409,District - Durg (10),Rural,Age not stated,1466,758,708,842,493,349,532,245,287,75,15,60,16,5,11,1,0,1,0,0,0
22,409,District - Durg (10),Rural,Less than 18,775394,390637,384757,768452,388351,380101,6519,2166,4353,270,64,206,139,53,86,14,3,11,0,0,0
22,409,District - Durg (10),Rural,Less than 21,905633,456279,449354,868261,449024,419237,36201,6976,29225,487,123,364,574,142,432,110,14,96,0,0,0
22,409,District - Durg (10),Urban,All ages,1284765,655949,628816,594348,331475,262873,624827,311734,313093,55982,10497,45485,7549,1775,5774,2059,468,1591,0,0,0
22,409,District - Durg (10),Urban,0-9,214208,110381,103827,214208,110381,103827,0,0,0,0,0,0,0,0,0,0,0,0,0,0,0
22,409,District - Durg (10),Urban,10-14,122674,63457,59217,121032,62785,58247,1547,633,914,40,11,29,50,27,23,5,1,4,0,0,0
22,409,District - Durg (10),Urban,15-19,129855,67273,62582,122107,65866,56241,7468,1337,6131,138,34,104,121,34,87,21,2,19,0,0,0
22,409,District - Durg (10),Urban,20-24,132719,66939,65780,84175,54585,29590,47546,12134,35412,368,77,291,505,128,377,125,15,110,0,0,0
22,409,District - Durg (10),Urban,25-29,114850,58189,56661,32867,24303,8564,79968,33438,46530,887,183,704,841,220,621,287,45,242,0,0,0
22,409,District - Durg (10),Urban,30-34,100180,49975,50205,9646,7110,2536,87735,42285,45450,1379,255,1124,1068,252,816,352,73,279,0,0,0
22,409,District - Durg (10),Urban,35-39,100248,49471,50777,3748,2651,1097,92386,46012,46374,2507,417,2090,1196,299,897,411,92,319,0,0,0
22,409,District - Durg (10),Urban,40-44,93140,48516,44624,2037,1298,739,86093,46319,39774,3468,526,2942,1223,288,935,319,85,234,0,0,0
22,409,District - Durg (10),Urban,45-49,77476,41045,36431,1059,612,447,70793,39504,31289,4474,664,3810,914,190,724,236,75,161,0,0,0
22,409,District - Durg (10),Urban,50-54,57277,30429,26848,575,309,266,50694,29203,21491,5243,762,4481,632,117,515,133,38,95,0,0,0
22,409,District - Durg (10),Urban,55-59,43567,22935,20632,382,217,165,37193,21724,15469,5570,898,4672,348,72,276,74,24,50,0,0,0
22,409,District - Durg (10),Urban,60-64,37342,17919,19423,608,316,292,27703,16181,11522,8659,1356,7303,319,60,259,53,6,47,0,0,0
22,409,District - Durg (10),Urban,65-69,25814,11760,14054,663,345,318,17145,10004,7141,7821,1366,6455,161,40,121,24,5,19,0,0,0
22,409,District - Durg (10),Urban,70-74,18610,9504,9106,242,123,119,10920,7646,3274,7323,1703,5620,116,29,87,9,3,6,0,0,0
22,409,District - Durg (10),Urban,75-79,8334,4368,3966,81,46,35,4405,3175,1230,3825,1136,2689,19,9,10,4,2,2,0,0,0
22,409,District - Durg (10),Urban,80+,7794,3455,4339,574,327,247,2945,2012,933,4240,1104,3136,30,10,20,5,2,3,0,0,0
22,409,District - Durg (10),Urban,Age not stated,677,333,344,344,201,143,286,127,159,40,5,35,6,0,6,1,0,1,0,0,0
22,409,District - Durg (10),Urban,Less than 18,412698,213067,199631,408836,211741,197095,3623,1243,2380,122,29,93,106,52,54,11,2,9,0,0,0
22,409,District - Durg (10),Urban,Less than 21,497886,256697,241189,480964,253426,227538,16386,3129,13257,243,61,182,249,75,174,44,6,38,0,0,0
22,410,District - Raipur (11),Total,All ages,4063872,2048186,2015686,1967210,1066057,901153,1894326,939637,954689,174387,34969,139418,19627,5494,14133,8322,2029,6293,0,0,0
22,410,District - Raipur (11),Total,0-9,833368,423434,409934,833368,423434,409934,0,0,0,0,0,0,0,0,0,0,0,0,0,0,0
22,410,District - Raipur (11),Total,10-14,461956,234989,226967,455051,232237,222814,6411,2545,3866,245,87,158,207,106,101,42,14,28,0,0,0
22,410,District - Raipur (11),Total,15-19,429067,218134,210933,394476,211758,182718,33456,6060,27396,587,168,419,432,123,309,116,25,91,0,0,0
22,410,District - Raipur (11),Total,20-24,387787,194390,193397,188987,131987,57000,194696,61371,133325,1499,376,1123,1780,484,1296,825,172,653,0,0,0
22,410,District - Raipur (11),Total,25-29,342121,173600,168521,54212,41315,12897,281083,130424,150659,3033,751,2282,2562,789,1773,1231,321,910,0,0,0
22,410,District - Raipur (11),Total,30-34,300993,150199,150794,14650,10314,4336,277567,137790,139777,4727,959,3768,2737,785,1952,1312,351,961,0,0,0
22,410,District - Raipur (11),Total,35-39,287984,145597,142387,5688,3568,2120,270254,139617,130637,7684,1294,6390,2964,787,2177,1394,331,1063,0,0,0
22,410,District - Raipur (11),Total,40-44,246581,125239,121342,3271,1860,1411,229114,120601,108513,10456,1880,8576,2617,646,1971,1123,252,871,0,0,0
22,410,District - Raipur (11),Total,45-49,202597,107227,95370,1902,1058,844,184523,103092,81431,13288,2351,10937,2046,525,1521,838,201,637,0,0,0
22,410,District - Raipur (11),Total,50-54,146332,75026,71306,1152,598,554,128517,71205,57312,14775,2755,12020,1367,357,1010,521,111,410,0,0,0
22,410,District - Raipur (11),Total,55-59,116483,57349,59134,834,426,408,98150,53398,44752,16278,3183,13095,905,258,647,316,84,232,0,0,0
22,410,District - Raipur (11),Total,60-64,109413,51291,58122,1934,948,986,80150,45437,34713,26161,4601,21560,905,237,668,263,68,195,0,0,0
22,410,District - Raipur (11),Total,65-69,80546,36846,43700,2147,1101,1046,51947,30576,21371,25782,4945,20837,519,180,339,151,44,107,0,0,0
22,410,District - Raipur (11),Total,70-74,54610,25227,29383,768,409,359,29910,19761,10149,23524,4911,18613,325,122,203,83,24,59,0,0,0
22,410,District - Raipur (11),Total,75-79,25159,11449,13710,336,159,177,12963,8400,4563,11702,2834,8868,121,49,72,37,7,30,0,0,0
22,410,District - Raipur (11),Total,80+,27641,12247,15394,2185,1198,987,11134,7215,3919,14175,3782,10393,103,37,66,44,15,29,0,0,0
22,410,District - Raipur (11),Total,Age not stated,11234,5942,5292,6249,3687,2562,4451,2145,2306,471,92,379,37,9,28,26,9,17,0,0,0
22,410,District - Raipur (11),Total,Less than 18,1552245,788117,764128,1536384,782688,753696,14810,5045,9765,596,191,405,380,165,215,75,28,47,0,0,0
22,410,District - Raipur (11),Total,Less than 21,1819831,924029,895802,1745387,908590,836797,72059,14747,57312,1111,329,782,984,305,679,290,58,232,0,0,0
22,410,District - Raipur (11),Rural,All ages,2580583,1288567,1292016,1260116,673457,586659,1184736,585330,599406,117253,24606,92647,12719,3780,8939,5759,1394,4365,0,0,0
22,410,District - Raipur (11),Rural,0-9,552769,278812,273957,552769,278812,273957,0,0,0,0,0,0,0,0,0,0,0,0,0,0,0
22,410,District - Raipur (11),Rural,10-14,313413,158457,154956,309360,156821,152539,3757,1507,2250,157,59,98,119,64,55,20,6,14,0,0,0
22,410,District - Raipur (11),Rural,15-19,282417,142184,140233,259511,138051,121460,22164,3933,18231,384,114,270,282,75,207,76,11,65,0,0,0
22,410,District - Raipur (11),Rural,20-24,234038,117928,116110,101433,73910,27523,129729,43233,86496,961,263,698,1279,382,897,636,140,496,0,0,0
22,410,District - Raipur (11),Rural,25-29,198963,101540,97423,21025,16547,4478,173446,83706,89740,1892,482,1410,1715,556,1159,885,249,636,0,0,0
22,410,District - Raipur (11),Rural,30-34,176304,86395,89909,5095,3442,1653,165564,81545,84019,2974,636,2338,1753,523,1230,918,249,669,0,0,0
22,410,District - Raipur (11),Rural,35-39,173237,86427,86810,1963,1110,853,163722,83728,79994,4768,864,3904,1853,516,1337,931,209,722,0,0,0
22,410,District - Raipur (11),Rural,40-44,151135,75096,76039,1238,656,582,141193,72590,68603,6322,1268,5054,1623,416,1207,759,166,593,0,0,0
22,410,District - Raipur (11),Rural,45-49,124702,65699,59003,622,338,284,114016,63251,50765,8274,1636,6638,1236,350,886,554,124,430,0,0,0
22,410,District - Raipur (11),Rural,50-54,90082,45338,44744,382,196,186,79319,42942,36377,9193,1886,7307,851,244,607,337,70,267,0,0,0
22,410,District - Raipur (11),Rural,55-59,74681,35922,38759,264,135,129,63183,33396,29787,10416,2155,8261,601,176,425,217,60,157,0,0,0
22,410,District - Raipur (11),Rural,60-64,73689,33511,40178,1047,513,534,53711,29474,24237,18149,3311,14838,594,171,423,188,42,146,0,0,0
22,410,District - Raipur (11),Rural,65-69,56860,25516,31344,1108,576,532,36461,21137,15324,18788,3640,15148,395,135,260,108,28,80,0,0,0
22,410,District - Raipur (11),Rural,70-74,38384,17573,20811,370,190,180,20737,13662,7075,16972,3599,13373,246,103,143,59,19,40,0,0,0
22,410,District - Raipur (11),Rural,75-79,17095,7601,9494,140,59,81,8752,5527,3225,8095,1972,6123,83,38,45,25,5,20,0,0,0
22,410,District - Raipur (11),Rural,80+,18384,8275,10109,1202,628,574,7414,4936,2478,9668,2672,6996,70,27,43,30,12,18,0,0,0
22,410,District - Raipur (11),Rural,Age not stated,4430,2293,2137,2587,1473,1114,1568,763,805,240,49,191,19,4,15,16,4,12,0,0,0
22,410,District - Raipur (11),Rural,Less than 18,1037610,522899,514711,1028042,519596,508446,8925,3075,5850,386,120,266,220,97,123,37,11,26,0,0,0
22,410,District - Raipur (11),Rural,Less than 21,1208472,609167,599305,1158991,598961,560030,47905,9748,38157,727,226,501,643,201,442,206,31,175,0,0,0
22,410,District - Raipur (11),Urban,All ages,1483289,759619,723670,707094,392600,314494,709590,354307,355283,57134,10363,46771,6908,1714,5194,2563,635,1928,0,0,0
22,410,District - Raipur (11),Urban,0-9,280599,144622,135977,280599,144622,135977,0,0,0,0,0,0,0,0,0,0,0,0,0,0,0
22,410,District - Raipur (11),Urban,10-14,148543,76532,72011,145691,75416,70275,2654,1038,1616,88,28,60,88,42,46,22,8,14,0,0,0
22,410,District - Raipur (11),Urban,15-19,146650,75950,70700,134965,73707,61258,11292,2127,9165,203,54,149,150,48,102,40,14,26,0,0,0
22,410,District - Raipur (11),Urban,20-24,153749,76462,77287,87554,58077,29477,64967,18138,46829,538,113,425,501,102,399,189,32,157,0,0,0
22,410,District - Raipur (11),Urban,25-29,143158,72060,71098,33187,24768,8419,107637,46718,60919,1141,269,872,847,233,614,346,72,274,0,0,0
22,410,District - Raipur (11),Urban,30-34,124689,63804,60885,9555,6872,2683,112003,56245,55758,1753,323,1430,984,262,722,394,102,292,0,0,0
22,410,District - Raipur (11),Urban,35-39,114747,59170,55577,3725,2458,1267,106532,55889,50643,2916,430,2486,1111,271,840,463,122,341,0,0,0
22,410,District - Raipur (11),Urban,40-44,95446,50143,45303,2033,1204,829,87921,48011,39910,4134,612,3522,994,230,764,364,86,278,0,0,0
22,410,District - Raipur (11),Urban,45-49,77895,41528,36367,1280,720,560,70507,39841,30666,5014,715,4299,810,175,635,284,77,207,0,0,0
22,410,District - Raipur (11),Urban,50-54,56250,29688,26562,770,402,368,49198,28263,20935,5582,869,4713,516,113,403,184,41,143,0,0,0
22,410,District - Raipur (11),Urban,55-59,41802,21427,20375,570,291,279,34967,20002,14965,5862,1028,4834,304,82,222,99,24,75,0,0,0
22,410,District - Raipur (11),Urban,60-64,35724,17780,17944,887,435,452,26439,15963,10476,8012,1290,6722,311,66,245,75,26,49,0,0,0
22,410,District - Raipur (11),Urban,65-69,23686,11330,12356,1039,525,514,15486,9439,6047,6994,1305,5689,124,45,79,43,16,27,0,0,0
22,410,District - Raipur (11),Urban,70-74,16226,7654,8572,398,219,179,9173,6099,3074,6552,1312,5240,79,19,60,24,5,19,0,0,0
22,410,District - Raipur (11),Urban,75-79,8064,3848,4216,196,100,96,4211,2873,1338,3607,862,2745,38,11,27,12,2,10,0,0,0
22,410,District - Raipur (11),Urban,80+,9257,3972,5285,983,570,413,3720,2279,1441,4507,1110,3397,33,10,23,14,3,11,0,0,0
22,410,District - Raipur (11),Urban,Age not stated,6804,3649,3155,3662,2214,1448,2883,1382,1501,231,43,188,18,5,13,10,5,5,0,0,0
22,410,District - Raipur (11),Urban,Less than 18,514635,265218,249417,508342,263092,245250,5885,1970,3915,210,71,139,160,68,92,38,17,21,0,0,0
22,410,District - Raipur (11),Urban,Less than 21,611359,314862,296497,586396,309629,276767,24154,4999,19155,384,103,281,341,104,237,84,27,57,0,0,0
22,411,District - Mahasamund (12),Total,All ages,1032754,511967,520787,468092,249820,218272,500500,248254,252246,57224,12130,45094,4559,1266,3293,2379,497,1882,0,0,0
22,411,District - Mahasamund (12),Total,0-9,192782,97800,94982,192782,97800,94982,0,0,0,0,0,0,0,0,0,0,0,0,0,0,0
22,411,District - Mahasamund (12),Total,10-14,113780,57143,56637,112524,56650,55874,1166,457,709,55,20,35,29,11,18,6,5,1,0,0,0
22,411,District - Mahasamund (12),Total,15-19,108701,54607,54094,101490,53417,48073,6999,1128,5871,100,29,71,84,31,53,28,2,26,0,0,0
22,411,District - Mahasamund (12),Total,20-24,90455,45250,45205,43618,30378,13240,45848,14635,31213,369,88,281,391,103,288,229,46,183,0,0,0
22,411,District - Mahasamund (12),Total,25-29,76826,38471,38355,10633,7820,2813,64460,30177,34283,773,183,590,593,199,394,367,92,275,0,0,0
22,411,District - Mahasamund (12),Total,30-34,72223,34516,37707,2743,1675,1068,67305,32365,34940,1262,238,1024,591,158,433,322,80,242,0,0,0
22,411,District - Mahasamund (12),Total,35-39,74757,36805,37952,1286,625,661,70175,35556,34619,2263,389,1874,661,172,489,372,63,309,0,0,0
22,411,District - Mahasamund (12),Total,40-44,67594,33378,34216,721,315,406,62946,32341,30605,3008,508,2500,579,145,434,340,69,271,0,0,0
22,411,District - Mahasamund (12),Total,45-49,57435,29914,27521,437,185,252,52342,28801,23541,3895,734,3161,503,137,366,258,57,201,0,0,0
22,411,District - Mahasamund (12),Total,50-54,43155,21687,21468,267,111,156,37877,20521,17356,4498,945,3553,354,82,272,159,28,131,0,0,0
22,411,District - Mahasamund (12),Total,55-59,36625,17719,18906,171,80,91,30871,16472,14399,5245,1090,4155,238,59,179,100,18,82,0,0,0
22,411,District - Mahasamund (12),Total,60-64,35128,16110,19018,351,177,174,25740,14187,11553,8718,1668,7050,240,66,174,79,12,67,0,0,0
22,411,District - Mahasamund (12),Total,65-69,27207,12228,14979,375,198,177,17440,10136,7304,9205,1851,7354,133,33,100,54,10,44,0,0,0
22,411,District - Mahasamund (12),Total,70-74,18778,8666,10112,106,59,47,9945,6674,3271,8590,1884,6706,97,41,56,40,8,32,0,0,0
22,411,District - Mahasamund (12),Total,75-79,8257,3628,4629,55,24,31,4017,2516,1501,4140,1071,3069,37,15,22,8,2,6,0,0,0
22,411,District - Mahasamund (12),Total,80+,8676,3842,4834,279,146,133,3269,2251,1018,5087,1428,3659,27,13,14,14,4,10,0,0,0
22,411,District - Mahasamund (12),Total,Age not stated,375,203,172,254,160,94,100,37,63,16,4,12,2,1,1,3,1,2,0,0,0
22,411,District - Mahasamund (12),Total,Less than 18,372754,188035,184719,369717,187012,182705,2842,951,1891,124,39,85,62,28,34,9,5,4,0,0,0
22,411,District - Mahasamund (12),Total,Less than 21,437942,220572,217370,421964,217663,204301,15503,2775,12728,215,62,153,186,60,126,74,12,62,0,0,0
22,411,District - Mahasamund (12),Rural,All ages,912602,451691,460911,410473,218412,192061,445056,220631,224425,51223,11124,40099,3794,1077,2717,2056,447,1609,0,0,0
22,411,District - Mahasamund (12),Rural,0-9,170989,86644,84345,170989,86644,84345,0,0,0,0,0,0,0,0,0,0,0,0,0,0,0
22,411,District - Mahasamund (12),Rural,10-14,101402,50904,50498,100279,50465,49814,1044,408,636,49,18,31,26,10,16,4,3,1,0,0,0
22,411,District - Mahasamund (12),Rural,15-19,96040,48198,47842,89639,47141,42498,6213,1004,5209,94,28,66,69,23,46,25,2,23,0,0,0
22,411,District - Mahasamund (12),Rural,20-24,78441,39271,39170,36455,25711,10744,41142,13345,27797,305,81,224,329,91,238,210,43,167,0,0,0
22,411,District - Mahasamund (12),Rural,25-29,66438,33240,33198,7877,5815,2062,57051,27005,30046,692,161,531,498,170,328,320,89,231,0,0,0
22,411,District - Mahasamund (12),Rural,30-34,62851,29861,32990,1922,1117,805,59087,28342,30745,1073,199,874,488,128,360,281,75,206,0,0,0
22,411,District - Mahasamund (12),Rural,35-39,65990,32488,33502,967,433,534,62186,31505,30681,1985,348,1637,544,148,396,308,54,254,0,0,0
22,411,District - Mahasamund (12),Rural,40-44,59742,29496,30246,547,219,328,55815,28626,27189,2602,463,2139,487,123,364,291,65,226,0,0,0
22,411,District - Mahasamund (12),Rural,45-49,50540,26326,24214,330,125,205,46211,25365,20846,3375,671,2704,407,121,286,217,44,173,0,0,0
22,411,District - Mahasamund (12),Rural,50-54,37937,18946,18991,190,75,115,33388,17910,15478,3932,865,3067,293,70,223,134,26,108,0,0,0
22,411,District - Mahasamund (12),Rural,55-59,32743,15752,16991,122,51,71,27668,14636,13032,4662,1002,3660,198,47,151,93,16,77,0,0,0
22,411,District - Mahasamund (12),Rural,60-64,31744,14472,17272,295,151,144,23322,12719,10603,7859,1535,6324,199,56,143,69,11,58,0,0,0
22,411,District - Mahasamund (12),Rural,65-69,24854,11140,13714,298,157,141,15993,9234,6759,8400,1710,6690,115,31,84,48,8,40,0,0,0
22,411,District - Mahasamund (12),Rural,70-74,17235,7978,9257,90,46,44,9187,6145,3042,7840,1748,6092,81,32,49,37,7,30,0,0,0
22,411,District - Mahasamund (12),Rural,75-79,7525,3303,4222,46,21,25,3689,2303,1386,3752,966,2786,32,13,19,6,0,6,0,0,0
22,411,District - Mahasamund (12),Rural,80+,7842,3514,4328,227,118,109,2988,2055,933,4591,1325,3266,26,13,13,10,3,7,0,0,0
22,411,District - Mahasamund (12),Rural,Age not stated,289,158,131,200,123,77,72,29,43,12,4,8,2,1,1,3,1,2,0,0,0
22,411,District - Mahasamund (12),Rural,Less than 18,331018,166794,164224,328334,165883,162451,2509,848,1661,114,37,77,54,23,31,7,3,4,0,0,0
22,411,District - Mahasamund (12),Rural,Less than 21,388224,195371,192853,373981,192766,181215,13833,2489,11344,195,57,138,152,49,103,63,10,53,0,0,0
22,411,District - Mahasamund (12),Urban,All ages,120152,60276,59876,57619,31408,26211,55444,27623,27821,6001,1006,4995,765,189,576,323,50,273,0,0,0
22,411,District - Mahasamund (12),Urban,0-9,21793,11156,10637,21793,11156,10637,0,0,0,0,0,0,0,0,0,0,0,0,0,0,0
22,411,District - Mahasamund (12),Urban,10-14,12378,6239,6139,12245,6185,6060,122,49,73,6,2,4,3,1,2,2,2,0,0,0,0
22,411,District - Mahasamund (12),Urban,15-19,12661,6409,6252,11851,6276,5575,786,124,662,6,1,5,15,8,7,3,0,3,0,0,0
22,411,District - Mahasamund (12),Urban,20-24,12014,5979,6035,7163,4667,2496,4706,1290,3416,64,7,57,62,12,50,19,3,16,0,0,0
22,411,District - Mahasamund (12),Urban,25-29,10388,5231,5157,2756,2005,751,7409,3172,4237,81,22,59,95,29,66,47,3,44,0,0,0
22,411,District - Mahasamund (12),Urban,30-34,9372,4655,4717,821,558,263,8218,4023,4195,189,39,150,103,30,73,41,5,36,0,0,0
22,411,District - Mahasamund (12),Urban,35-39,8767,4317,4450,319,192,127,7989,4051,3938,278,41,237,117,24,93,64,9,55,0,0,0
22,411,District - Mahasamund (12),Urban,40-44,7852,3882,3970,174,96,78,7131,3715,3416,406,45,361,92,22,70,49,4,45,0,0,0
22,411,District - Mahasamund (12),Urban,45-49,6895,3588,3307,107,60,47,6131,3436,2695,520,63,457,96,16,80,41,13,28,0,0,0
22,411,District - Mahasamund (12),Urban,50-54,5218,2741,2477,77,36,41,4489,2611,1878,566,80,486,61,12,49,25,2,23,0,0,0
22,411,District - Mahasamund (12),Urban,55-59,3882,1967,1915,49,29,20,3203,1836,1367,583,88,495,40,12,28,7,2,5,0,0,0
22,411,District - Mahasamund (12),Urban,60-64,3384,1638,1746,56,26,30,2418,1468,950,859,133,726,41,10,31,10,1,9,0,0,0
22,411,District - Mahasamund (12),Urban,65-69,2353,1088,1265,77,41,36,1447,902,545,805,141,664,18,2,16,6,2,4,0,0,0
22,411,District - Mahasamund (12),Urban,70-74,1543,688,855,16,13,3,758,529,229,750,136,614,16,9,7,3,1,2,0,0,0
22,411,District - Mahasamund (12),Urban,75-79,732,325,407,9,3,6,328,213,115,388,105,283,5,2,3,2,2,0,0,0,0
22,411,District - Mahasamund (12),Urban,80+,834,328,506,52,28,24,281,196,85,496,103,393,1,0,1,4,1,3,0,0,0
22,411,District - Mahasamund (12),Urban,Age not stated,86,45,41,54,37,17,28,8,20,4,0,4,0,0,0,0,0,0,0,0,0
22,411,District - Mahasamund (12),Urban,Less than 18,41736,21241,20495,41383,21129,20254,333,103,230,10,2,8,8,5,3,2,2,0,0,0,0
22,411,District - Mahasamund (12),Urban,Less than 21,49718,25201,24517,47983,24897,23086,1670,286,1384,20,5,15,34,11,23,11,2,9,0,0,0
22,412,District - Dhamtari  (13),Total,All ages,799781,397897,401884,371004,199154,171850,379284,188634,190650,42938,8423,34515,4672,1262,3410,1883,424,1459,0,0,0
22,412,District - Dhamtari  (13),Total,0-9,147728,74402,73326,147728,74402,73326,0,0,0,0,0,0,0,0,0,0,0,0,0,0,0
22,412,District - Dhamtari  (13),Total,10-14,86560,43222,43338,85636,42864,42772,858,338,520,44,11,33,19,8,11,3,1,2,0,0,0
22,412,District - Dhamtari  (13),Total,15-19,84876,42563,42313,79893,41757,38136,4834,765,4069,83,25,58,52,13,39,14,3,11,0,0,0
22,412,District - Dhamtari  (13),Total,20-24,77438,38650,38788,40835,28209,12626,35912,10252,25660,284,78,206,250,79,171,157,32,125,0,0,0
22,412,District - Dhamtari  (13),Total,25-29,64523,32920,31603,10294,7937,2357,52855,24620,28235,674,161,513,464,143,321,236,59,177,0,0,0
22,412,District - Dhamtari  (13),Total,30-34,58296,28588,29708,2577,1721,856,53905,26455,27450,1032,191,841,501,141,360,281,80,201,0,0,0
22,412,District - Dhamtari  (13),Total,35-39,58757,29434,29323,1160,653,507,54631,28238,26393,1883,269,1614,736,192,544,347,82,265,0,0,0
22,412,District - Dhamtari  (13),Total,40-44,51551,25512,26039,671,362,309,47464,24555,22909,2475,370,2105,680,168,512,261,57,204,0,0,0
22,412,District - Dhamtari  (13),Total,45-49,44417,23223,21194,471,223,248,39736,22226,17510,3381,618,2763,594,115,479,235,41,194,0,0,0
22,412,District - Dhamtari  (13),Total,50-54,32419,16323,16096,228,134,94,28026,15406,12620,3614,666,2948,433,95,338,118,22,96,0,0,0
22,412,District - Dhamtari  (13),Total,55-59,26652,13062,13590,168,111,57,21920,12030,9890,4189,833,3356,285,70,215,90,18,72,0,0,0
22,412,District - Dhamtari  (13),Total,60-64,24210,11268,12942,317,198,119,17111,9821,7290,6450,1155,5295,266,83,183,66,11,55,0,0,0
22,412,District - Dhamtari  (13),Total,65-69,17778,7855,9923,317,181,136,10807,6436,4371,6412,1164,5248,197,63,134,45,11,34,0,0,0
22,412,District - Dhamtari  (13),Total,70-74,12555,5568,6987,105,61,44,6328,4218,2110,5996,1240,4756,110,46,64,16,3,13,0,0,0
22,412,District - Dhamtari  (13),Total,75-79,5909,2650,3259,48,27,21,2756,1842,914,3058,758,2300,41,21,20,6,2,4,0,0,0
22,412,District - Dhamtari  (13),Total,80+,5906,2550,3356,436,242,194,2082,1406,676,3338,877,2461,42,23,19,8,2,6,0,0,0
22,412,District - Dhamtari  (13),Total,Age not stated,206,107,99,120,72,48,59,26,33,25,7,18,2,2,0,0,0,0,0,0,0
22,412,District - Dhamtari  (13),Total,Less than 18,285173,143272,141901,282959,142530,140429,2069,695,1374,97,29,68,43,15,28,5,3,2,0,0,0
22,412,District - Dhamtari  (13),Total,Less than 21,338233,169482,168751,326789,167527,159262,11113,1863,9250,180,46,134,111,37,74,40,9,31,0,0,0
22,412,District - Dhamtari  (13),Rural,All ages,650586,323420,327166,301420,161298,140122,309203,153642,155561,34760,7098,27662,3675,1027,2648,1528,355,1173,0,0,0
22,412,District - Dhamtari  (13),Rural,0-9,122344,61598,60746,122344,61598,60746,0,0,0,0,0,0,0,0,0,0,0,0,0,0,0
22,412,District - Dhamtari  (13),Rural,10-14,71413,35574,35839,70743,35322,35421,624,239,385,32,7,25,11,5,6,3,1,2,0,0,0
22,412,District - Dhamtari  (13),Rural,15-19,69451,34705,34746,65439,34095,31344,3902,578,3324,60,19,41,37,10,27,13,3,10,0,0,0
22,412,District - Dhamtari  (13),Rural,20-24,62140,31025,31115,31533,22183,9350,30056,8689,21367,223,60,163,198,68,130,130,25,105,0,0,0
22,412,District - Dhamtari  (13),Rural,25-29,51590,26327,25263,6967,5493,1474,43553,20554,22999,511,119,392,363,110,253,196,51,145,0,0,0
22,412,District - Dhamtari  (13),Rural,30-34,46760,22921,23839,1576,1034,542,43772,21561,22211,799,150,649,382,109,273,231,67,164,0,0,0
22,412,District - Dhamtari  (13),Rural,35-39,47280,23732,23548,756,411,345,44179,22883,21296,1490,219,1271,570,152,418,285,67,218,0,0,0
22,412,District - Dhamtari  (13),Rural,40-44,41585,20492,21093,478,247,231,38418,19742,18676,1928,313,1615,545,141,404,216,49,167,0,0,0
22,412,District - Dhamtari  (13),Rural,45-49,35671,18775,16896,305,140,165,32086,17989,14097,2633,523,2110,463,88,375,184,35,149,0,0,0
22,412,District - Dhamtari  (13),Rural,50-54,25968,13025,12943,155,90,65,22508,12264,10244,2881,573,2308,325,78,247,99,20,79,0,0,0
22,412,District - Dhamtari  (13),Rural,55-59,21633,10539,11094,121,83,38,17849,9680,8169,3353,700,2653,242,62,180,68,14,54,0,0,0
22,412,District - Dhamtari  (13),Rural,60-64,19849,9183,10666,236,151,85,14067,7966,6101,5283,988,4295,217,69,148,46,9,37,0,0,0
22,412,District - Dhamtari  (13),Rural,65-69,14794,6543,8251,249,142,107,8980,5335,3645,5368,1001,4367,162,57,105,35,8,27,0,0,0
22,412,District - Dhamtari  (13),Rural,70-74,10404,4624,5780,69,44,25,5214,3480,1734,5015,1056,3959,93,41,52,13,3,10,0,0,0
22,412,District - Dhamtari  (13),Rural,75-79,4819,2192,2627,32,22,10,2266,1521,745,2482,629,1853,34,18,16,5,2,3,0,0,0
22,412,District - Dhamtari  (13),Rural,80+,4738,2087,2651,327,186,141,1692,1144,548,2682,737,1945,33,19,14,4,1,3,0,0,0
22,412,District - Dhamtari  (13),Rural,Age not stated,147,78,69,90,57,33,37,17,20,20,4,16,0,0,0,0,0,0,0,0,0
22,412,District - Dhamtari  (13),Rural,Less than 18,235470,118101,117369,233837,117565,116272,1531,502,1029,71,20,51,26,11,15,5,3,2,0,0,0
22,412,District - Dhamtari  (13),Rural,Less than 21,278710,139442,139268,269415,137927,131488,9052,1440,7612,129,36,93,80,30,50,34,9,25,0,0,0
22,412,District - Dhamtari  (13),Urban,All ages,149195,74477,74718,69584,37856,31728,70081,34992,35089,8178,1325,6853,997,235,762,355,69,286,0,0,0
22,412,District - Dhamtari  (13),Urban,0-9,25384,12804,12580,25384,12804,12580,0,0,0,0,0,0,0,0,0,0,0,0,0,0,0
22,412,District - Dhamtari  (13),Urban,10-14,15147,7648,7499,14893,7542,7351,234,99,135,12,4,8,8,3,5,0,0,0,0,0,0
22,412,District - Dhamtari  (13),Urban,15-19,15425,7858,7567,14454,7662,6792,932,187,745,23,6,17,15,3,12,1,0,1,0,0,0
22,412,District - Dhamtari  (13),Urban,20-24,15298,7625,7673,9302,6026,3276,5856,1563,4293,61,18,43,52,11,41,27,7,20,0,0,0
22,412,District - Dhamtari  (13),Urban,25-29,12933,6593,6340,3327,2444,883,9302,4066,5236,163,42,121,101,33,68,40,8,32,0,0,0
22,412,District - Dhamtari  (13),Urban,30-34,11536,5667,5869,1001,687,314,10133,4894,5239,233,41,192,119,32,87,50,13,37,0,0,0
22,412,District - Dhamtari  (13),Urban,35-39,11477,5702,5775,404,242,162,10452,5355,5097,393,50,343,166,40,126,62,15,47,0,0,0
22,412,District - Dhamtari  (13),Urban,40-44,9966,5020,4946,193,115,78,9046,4813,4233,547,57,490,135,27,108,45,8,37,0,0,0
22,412,District - Dhamtari  (13),Urban,45-49,8746,4448,4298,166,83,83,7650,4237,3413,748,95,653,131,27,104,51,6,45,0,0,0
22,412,District - Dhamtari  (13),Urban,50-54,6451,3298,3153,73,44,29,5518,3142,2376,733,93,640,108,17,91,19,2,17,0,0,0
22,412,District - Dhamtari  (13),Urban,55-59,5019,2523,2496,47,28,19,4071,2350,1721,836,133,703,43,8,35,22,4,18,0,0,0
22,412,District - Dhamtari  (13),Urban,60-64,4361,2085,2276,81,47,34,3044,1855,1189,1167,167,1000,49,14,35,20,2,18,0,0,0
22,412,District - Dhamtari  (13),Urban,65-69,2984,1312,1672,68,39,29,1827,1101,726,1044,163,881,35,6,29,10,3,7,0,0,0
22,412,District - Dhamtari  (13),Urban,70-74,2151,944,1207,36,17,19,1114,738,376,981,184,797,17,5,12,3,0,3,0,0,0
22,412,District - Dhamtari  (13),Urban,75-79,1090,458,632,16,5,11,490,321,169,576,129,447,7,3,4,1,0,1,0,0,0
22,412,District - Dhamtari  (13),Urban,80+,1168,463,705,109,56,53,390,262,128,656,140,516,9,4,5,4,1,3,0,0,0
22,412,District - Dhamtari  (13),Urban,Age not stated,59,29,30,30,15,15,22,9,13,5,3,2,2,2,0,0,0,0,0,0,0
22,412,District - Dhamtari  (13),Urban,Less than 18,49703,25171,24532,49122,24965,24157,538,193,345,26,9,17,17,4,13,0,0,0,0,0,0
22,412,District - Dhamtari  (13),Urban,Less than 21,59523,30040,29483,57374,29600,27774,2061,423,1638,51,10,41,31,7,24,6,0,6,0,0,0
22,413,District - Uttar Bastar Kanker (14),Total,All ages,748941,373338,375603,360023,192587,167436,340237,169941,170296,43899,9456,34443,3422,1021,2401,1360,333,1027,0,0,0
22,413,District - Uttar Bastar Kanker (14),Total,0-9,147138,74381,72757,147138,74381,72757,0,0,0,0,0,0,0,0,0,0,0,0,0,0,0
22,413,District - Uttar Bastar Kanker (14),Total,10-14,80630,40730,39900,79829,40442,39387,737,261,476,37,15,22,24,11,13,3,1,2,0,0,0
22,413,District - Uttar Bastar Kanker (14),Total,15-19,76068,38358,37710,71067,37480,33587,4875,833,4042,77,32,45,41,11,30,8,2,6,0,0,0
22,413,District - Uttar Bastar Kanker (14),Total,20-24,72327,35443,36884,41032,26180,14852,30742,9119,21623,290,74,216,188,49,139,75,21,54,0,0,0
22,413,District - Uttar Bastar Kanker (14),Total,25-29,61435,31237,30198,13035,9364,3671,47175,21555,25620,695,171,524,375,116,259,155,31,124,0,0,0
22,413,District - Uttar Bastar Kanker (14),Total,30-34,52959,26543,26416,3692,2483,1209,47476,23596,23880,1138,276,862,442,134,308,211,54,157,0,0,0
22,413,District - Uttar Bastar Kanker (14),Total,35-39,52546,26482,26064,1528,858,670,48182,24953,23229,2004,442,1562,572,158,414,260,71,189,0,0,0
22,413,District - Uttar Bastar Kanker (14),Total,40-44,48545,23932,24613,805,413,392,44136,22747,21389,2864,567,2297,534,158,376,206,47,159,0,0,0
22,413,District - Uttar Bastar Kanker (14),Total,45-49,43553,22482,21071,441,231,210,38441,21201,17240,4061,880,3181,433,128,305,177,42,135,0,0,0
22,413,District - Uttar Bastar Kanker (14),Total,50-54,32143,16144,15999,268,135,133,26863,14928,11935,4619,975,3644,289,84,205,104,22,82,0,0,0
22,413,District - Uttar Bastar Kanker (14),Total,55-59,24828,12298,12530,129,58,71,19587,11101,8486,4852,1065,3787,192,60,132,68,14,54,0,0,0
22,413,District - Uttar Bastar Kanker (14),Total,60-64,21061,9846,11215,240,134,106,14176,8326,5850,6439,1329,5110,159,41,118,47,16,31,0,0,0
22,413,District - Uttar Bastar Kanker (14),Total,65-69,14673,6419,8254,254,122,132,8593,5134,3459,5713,1123,4590,92,34,58,21,6,15,0,0,0
22,413,District - Uttar Bastar Kanker (14),Total,70-74,10485,4600,5885,96,59,37,5002,3389,1613,5332,1129,4203,43,21,22,12,2,10,0,0,0
22,413,District - Uttar Bastar Kanker (14),Total,75-79,4772,2022,2750,43,27,16,2148,1389,759,2557,598,1959,19,6,13,5,2,3,0,0,0
22,413,District - Uttar Bastar Kanker (14),Total,80+,5488,2287,3201,247,131,116,2014,1369,645,3203,776,2427,17,9,8,7,2,5,0,0,0
22,413,District - Uttar Bastar Kanker (14),Total,Age not stated,290,134,156,179,89,90,90,40,50,18,4,14,2,1,1,1,0,1,0,0,0
22,413,District - Uttar Bastar Kanker (14),Total,Less than 18,272945,138037,134908,270669,137361,133308,2142,625,1517,84,33,51,44,16,28,6,2,4,0,0,0
22,413,District - Uttar Bastar Kanker (14),Total,Less than 21,322013,162210,159803,311139,160090,151049,10600,2025,8575,162,60,102,93,29,64,19,6,13,0,0,0
22,413,District - Uttar Bastar Kanker (14),Rural,All ages,672180,335149,337031,323134,173076,150058,304839,151956,152883,40026,8888,31138,2996,924,2072,1185,305,880,0,0,0
22,413,District - Uttar Bastar Kanker (14),Rural,0-9,134369,67958,66411,134369,67958,66411,0,0,0,0,0,0,0,0,0,0,0,0,0,0,0
22,413,District - Uttar Bastar Kanker (14),Rural,10-14,73018,37060,35958,72305,36812,35493,655,225,430,35,13,22,21,9,12,2,1,1,0,0,0
22,413,District - Uttar Bastar Kanker (14),Rural,15-19,68264,34547,33717,63685,33765,29920,4472,746,3726,65,24,41,36,10,26,6,2,4,0,0,0
22,413,District - Uttar Bastar Kanker (14),Rural,20-24,64209,31540,32669,35703,22992,12711,28006,8411,19595,265,71,194,175,47,128,60,19,41,0,0,0
22,413,District - Uttar Bastar Kanker (14),Rural,25-29,54397,27712,26685,10726,7773,2953,42564,19643,22921,632,161,471,340,106,234,135,29,106,0,0,0
22,413,District - Uttar Bastar Kanker (14),Rural,30-34,46691,23383,23308,2881,1922,959,42190,21025,21165,1032,261,771,397,124,273,191,51,140,0,0,0
22,413,District - Uttar Bastar Kanker (14),Rural,35-39,46449,23424,23025,1197,673,524,42750,22126,20624,1791,416,1375,489,144,345,222,65,157,0,0,0
22,413,District - Uttar Bastar Kanker (14),Rural,40-44,43012,21056,21956,648,332,316,39172,20005,19167,2558,542,2016,458,139,319,176,38,138,0,0,0
22,413,District - Uttar Bastar Kanker (14),Rural,45-49,38918,20102,18816,364,199,165,34368,18909,15459,3656,842,2814,373,112,261,157,40,117,0,0,0
22,413,District - Uttar Bastar Kanker (14),Rural,50-54,28632,14313,14319,217,111,106,23897,13177,10720,4183,924,3259,246,80,166,89,21,68,0,0,0
22,413,District - Uttar Bastar Kanker (14),Rural,55-59,22285,10975,11310,100,49,51,17555,9863,7692,4405,998,3407,164,53,111,61,12,49,0,0,0
22,413,District - Uttar Bastar Kanker (14),Rural,60-64,19226,8933,10293,207,113,94,12863,7525,5338,5970,1242,4728,142,38,104,44,15,29,0,0,0
22,413,District - Uttar Bastar Kanker (14),Rural,65-69,13408,5834,7574,229,109,120,7828,4631,3197,5252,1058,4194,81,30,51,18,6,12,0,0,0
22,413,District - Uttar Bastar Kanker (14),Rural,70-74,9618,4238,5380,78,49,29,4614,3111,1503,4875,1058,3817,40,18,22,11,2,9,0,0,0
22,413,District - Uttar Bastar Kanker (14),Rural,75-79,4379,1847,2532,41,26,15,1965,1263,702,2350,550,1800,18,6,12,5,2,3,0,0,0
22,413,District - Uttar Bastar Kanker (14),Rural,80+,5045,2111,2934,218,112,106,1862,1264,598,2942,725,2217,16,8,8,7,2,5,0,0,0
22,413,District - Uttar Bastar Kanker (14),Rural,Age not stated,260,116,144,166,81,85,78,32,46,15,3,12,0,0,0,1,0,1,0,0,0
22,413,District - Uttar Bastar Kanker (14),Rural,Less than 18,247896,125683,122213,245860,125096,120764,1919,545,1374,73,26,47,40,14,26,4,2,2,0,0,0
22,413,District - Uttar Bastar Kanker (14),Rural,Less than 21,291918,147388,144530,281994,145486,136508,9684,1823,7861,143,48,95,82,25,57,15,6,9,0,0,0
22,413,District - Uttar Bastar Kanker (14),Urban,All ages,76761,38189,38572,36889,19511,17378,35398,17985,17413,3873,568,3305,426,97,329,175,28,147,0,0,0
22,413,District - Uttar Bastar Kanker (14),Urban,0-9,12769,6423,6346,12769,6423,6346,0,0,0,0,0,0,0,0,0,0,0,0,0,0,0
22,413,District - Uttar Bastar Kanker (14),Urban,10-14,7612,3670,3942,7524,3630,3894,82,36,46,2,2,0,3,2,1,1,0,1,0,0,0
22,413,District - Uttar Bastar Kanker (14),Urban,15-19,7804,3811,3993,7382,3715,3667,403,87,316,12,8,4,5,1,4,2,0,2,0,0,0
22,413,District - Uttar Bastar Kanker (14),Urban,20-24,8118,3903,4215,5329,3188,2141,2736,708,2028,25,3,22,13,2,11,15,2,13,0,0,0
22,413,District - Uttar Bastar Kanker (14),Urban,25-29,7038,3525,3513,2309,1591,718,4611,1912,2699,63,10,53,35,10,25,20,2,18,0,0,0
22,413,District - Uttar Bastar Kanker (14),Urban,30-34,6268,3160,3108,811,561,250,5286,2571,2715,106,15,91,45,10,35,20,3,17,0,0,0
22,413,District - Uttar Bastar Kanker (14),Urban,35-39,6097,3058,3039,331,185,146,5432,2827,2605,213,26,187,83,14,69,38,6,32,0,0,0
22,413,District - Uttar Bastar Kanker (14),Urban,40-44,5533,2876,2657,157,81,76,4964,2742,2222,306,25,281,76,19,57,30,9,21,0,0,0
22,413,District - Uttar Bastar Kanker (14),Urban,45-49,4635,2380,2255,77,32,45,4073,2292,1781,405,38,367,60,16,44,20,2,18,0,0,0
22,413,District - Uttar Bastar Kanker (14),Urban,50-54,3511,1831,1680,51,24,27,2966,1751,1215,436,51,385,43,4,39,15,1,14,0,0,0
22,413,District - Uttar Bastar Kanker (14),Urban,55-59,2543,1323,1220,29,9,20,2032,1238,794,447,67,380,28,7,21,7,2,5,0,0,0
22,413,District - Uttar Bastar Kanker (14),Urban,60-64,1835,913,922,33,21,12,1313,801,512,469,87,382,17,3,14,3,1,2,0,0,0
22,413,District - Uttar Bastar Kanker (14),Urban,65-69,1265,585,680,25,13,12,765,503,262,461,65,396,11,4,7,3,0,3,0,0,0
22,413,District - Uttar Bastar Kanker (14),Urban,70-74,867,362,505,18,10,8,388,278,110,457,71,386,3,3,0,1,0,1,0,0,0
22,413,District - Uttar Bastar Kanker (14),Urban,75-79,393,175,218,2,1,1,183,126,57,207,48,159,1,0,1,0,0,0,0,0,0
22,413,District - Uttar Bastar Kanker (14),Urban,80+,443,176,267,29,19,10,152,105,47,261,51,210,1,1,0,0,0,0,0,0,0
22,413,District - Uttar Bastar Kanker (14),Urban,Age not stated,30,18,12,13,8,5,12,8,4,3,1,2,2,1,1,0,0,0,0,0,0
22,413,District - Uttar Bastar Kanker (14),Urban,Less than 18,25049,12354,12695,24809,12265,12544,223,80,143,11,7,4,4,2,2,2,0,2,0,0,0
22,413,District - Uttar Bastar Kanker (14),Urban,Less than 21,30095,14822,15273,29145,14604,14541,916,202,714,19,12,7,11,4,7,4,0,4,0,0,0
22,414,District - Bastar (15),Total,All ages,1413199,698487,714712,697418,364831,332587,625302,310529,314773,79173,19465,59708,10184,3377,6807,1122,285,837,0,0,0
22,414,District - Bastar (15),Total,0-9,315030,157999,157031,315030,157999,157031,0,0,0,0,0,0,0,0,0,0,0,0,0,0,0
22,414,District - Bastar (15),Total,10-14,161362,80848,80514,159719,80231,79488,1519,569,950,68,26,42,52,21,31,4,1,3,0,0,0
22,414,District - Bastar (15),Total,15-19,137808,68048,69760,124808,65524,59284,12587,2418,10169,185,58,127,206,45,161,22,3,19,0,0,0
22,414,District - Bastar (15),Total,20-24,133562,63617,69945,62029,38517,23512,69560,24527,45033,655,213,442,1208,345,863,110,15,95,0,0,0
22,414,District - Bastar (15),Total,25-29,116510,59051,57459,20777,14053,6724,92476,43937,48539,1442,478,964,1626,536,1090,189,47,142,0,0,0
22,414,District - Bastar (15),Total,30-34,99622,49330,50292,6698,4138,2560,88632,43927,44705,2528,729,1799,1576,485,1091,188,51,137,0,0,0
22,414,District - Bastar (15),Total,35-39,96869,48130,48739,2814,1539,1275,87971,44942,43029,4347,1119,3228,1566,492,1074,171,38,133,0,0,0
22,414,District - Bastar (15),Total,40-44,85816,42405,43411,1430,697,733,76891,39727,37164,6089,1536,4553,1248,401,847,158,44,114,0,0,0
22,414,District - Bastar (15),Total,45-49,75850,38422,37428,782,363,419,65804,35620,30184,8217,2062,6155,949,349,600,98,28,70,0,0,0
22,414,District - Bastar (15),Total,50-54,55792,28376,27416,514,278,236,45347,25582,19765,9251,2249,7002,613,248,365,67,19,48,0,0,0
22,414,District - Bastar (15),Total,55-59,42785,20570,22215,337,174,163,33325,18084,15241,8663,2133,6530,418,160,258,42,19,23,0,0,0
22,414,District - Bastar (15),Total,60-64,38056,17809,20247,560,272,288,24439,14561,9878,12680,2840,9840,342,129,213,35,7,28,0,0,0
22,414,District - Bastar (15),Total,65-69,24348,10662,13686,543,272,271,13774,8112,5662,9813,2200,7613,201,74,127,17,4,13,0,0,0
22,414,District - Bastar (15),Total,70-74,15796,7074,8722,177,96,81,7383,5021,2362,8120,1899,6221,109,55,54,7,3,4,0,0,0
22,414,District - Bastar (15),Total,75-79,6150,2671,3479,58,33,25,2780,1767,1013,3271,851,2420,38,20,18,3,0,3,0,0,0
22,414,District - Bastar (15),Total,80+,6642,2847,3795,445,239,206,2382,1533,849,3785,1056,2729,22,13,9,8,6,2,0,0,0
22,414,District - Bastar (15),Total,Age not stated,1201,628,573,697,406,291,432,202,230,59,16,43,10,4,6,3,0,3,0,0,0
22,414,District - Bastar (15),Total,Less than 18,558799,280318,278481,554251,278931,275320,4260,1288,2972,170,63,107,104,33,71,14,3,11,0,0,0
22,414,District - Bastar (15),Total,Less than 21,649125,322912,326213,621465,316638,304827,26742,6030,20712,374,120,254,500,114,386,44,10,34,0,0,0
22,414,District - Bastar (15),Rural,All ages,1219705,600652,619053,603641,313470,290171,537881,266238,271643,68474,17698,50776,8832,3019,5813,877,227,650,0,0,0
22,414,District - Bastar (15),Rural,0-9,282440,141210,141230,282440,141210,141230,0,0,0,0,0,0,0,0,0,0,0,0,0,0,0
22,414,District - Bastar (15),Rural,10-14,142284,71197,71087,140791,70643,70148,1381,513,868,62,22,40,46,18,28,4,1,3,0,0,0
22,414,District - Bastar (15),Rural,15-19,118400,58252,60148,106676,55962,50714,11344,2192,9152,165,52,113,194,43,151,21,3,18,0,0,0
22,414,District - Bastar (15),Rural,20-24,112754,53096,59658,48660,30170,18490,62319,22394,39925,575,200,375,1104,319,785,96,13,83,0,0,0
22,414,District - Bastar (15),Rural,25-29,97706,49258,48448,14458,9627,4831,80349,38653,41696,1267,440,827,1469,495,974,163,43,120,0,0,0
22,414,District - Bastar (15),Rural,30-34,83998,41331,42667,4506,2721,1785,75788,37470,38318,2179,667,1512,1378,434,944,147,39,108,0,0,0
22,414,District - Bastar (15),Rural,35-39,82165,40852,41313,1940,1018,922,75024,38350,36674,3729,1017,2712,1348,440,908,124,27,97,0,0,0
22,414,District - Bastar (15),Rural,40-44,72562,35690,36872,1006,472,534,65199,33412,31787,5212,1423,3789,1031,350,681,114,33,81,0,0,0
22,414,District - Bastar (15),Rural,45-49,64357,32570,31787,521,235,286,55936,30105,25831,7043,1918,5125,788,294,494,69,18,51,0,0,0
22,414,District - Bastar (15),Rural,50-54,47144,23960,23184,354,196,158,38296,21462,16834,7947,2069,5878,499,217,282,48,16,32,0,0,0
22,414,District - Bastar (15),Rural,55-59,36506,17418,19088,225,122,103,28409,15197,13212,7484,1936,5548,354,144,210,34,19,15,0,0,0
22,414,District - Bastar (15),Rural,60-64,32892,15378,17514,445,220,225,20986,12430,8556,11143,2608,8535,292,115,177,26,5,21,0,0,0
22,414,District - Bastar (15),Rural,65-69,21126,9167,11959,441,215,226,11862,6890,4972,8636,1991,6645,175,69,106,12,2,10,0,0,0
22,414,District - Bastar (15),Rural,70-74,13565,6092,7473,132,72,60,6277,4266,2011,7056,1702,5354,93,49,44,7,3,4,0,0,0
22,414,District - Bastar (15),Rural,75-79,5133,2212,2921,41,24,17,2311,1447,864,2748,724,2024,31,17,14,2,0,2,0,0,0
22,414,District - Bastar (15),Rural,80+,5588,2410,3178,371,201,170,2015,1280,735,3175,913,2262,20,11,9,7,5,2,0,0,0
22,414,District - Bastar (15),Rural,Age not stated,1085,559,526,634,362,272,385,177,208,53,16,37,10,4,6,3,0,3,0,0,0
22,414,District - Bastar (15),Rural,Less than 18,495662,248122,247540,491607,246880,244727,3800,1155,2645,149,55,94,92,29,63,14,3,11,0,0,0
22,414,District - Bastar (15),Rural,Less than 21,573323,284321,289002,548273,278600,269673,24210,5501,18709,336,108,228,462,103,359,42,9,33,0,0,0
22,414,District - Bastar (15),Urban,All ages,193494,97835,95659,93777,51361,42416,87421,44291,43130,10699,1767,8932,1352,358,994,245,58,187,0,0,0
22,414,District - Bastar (15),Urban,0-9,32590,16789,15801,32590,16789,15801,0,0,0,0,0,0,0,0,0,0,0,0,0,0,0
22,414,District - Bastar (15),Urban,10-14,19078,9651,9427,18928,9588,9340,138,56,82,6,4,2,6,3,3,0,0,0,0,0,0
22,414,District - Bastar (15),Urban,15-19,19408,9796,9612,18132,9562,8570,1243,226,1017,20,6,14,12,2,10,1,0,1,0,0,0
22,414,District - Bastar (15),Urban,20-24,20808,10521,10287,13369,8347,5022,7241,2133,5108,80,13,67,104,26,78,14,2,12,0,0,0
22,414,District - Bastar (15),Urban,25-29,18804,9793,9011,6319,4426,1893,12127,5284,6843,175,38,137,157,41,116,26,4,22,0,0,0
22,414,District - Bastar (15),Urban,30-34,15624,7999,7625,2192,1417,775,12844,6457,6387,349,62,287,198,51,147,41,12,29,0,0,0
22,414,District - Bastar (15),Urban,35-39,14704,7278,7426,874,521,353,12947,6592,6355,618,102,516,218,52,166,47,11,36,0,0,0
22,414,District - Bastar (15),Urban,40-44,13254,6715,6539,424,225,199,11692,6315,5377,877,113,764,217,51,166,44,11,33,0,0,0
22,414,District - Bastar (15),Urban,45-49,11493,5852,5641,261,128,133,9868,5515,4353,1174,144,1030,161,55,106,29,10,19,0,0,0
22,414,District - Bastar (15),Urban,50-54,8648,4416,4232,160,82,78,7051,4120,2931,1304,180,1124,114,31,83,19,3,16,0,0,0
22,414,District - Bastar (15),Urban,55-59,6279,3152,3127,112,52,60,4916,2887,2029,1179,197,982,64,16,48,8,0,8,0,0,0
22,414,District - Bastar (15),Urban,60-64,5164,2431,2733,115,52,63,3453,2131,1322,1537,232,1305,50,14,36,9,2,7,0,0,0
22,414,District - Bastar (15),Urban,65-69,3222,1495,1727,102,57,45,1912,1222,690,1177,209,968,26,5,21,5,2,3,0,0,0
22,414,District - Bastar (15),Urban,70-74,2231,982,1249,45,24,21,1106,755,351,1064,197,867,16,6,10,0,0,0,0,0,0
22,414,District - Bastar (15),Urban,75-79,1017,459,558,17,9,8,469,320,149,523,127,396,7,3,4,1,0,1,0,0,0
22,414,District - Bastar (15),Urban,80+,1054,437,617,74,38,36,367,253,114,610,143,467,2,2,0,1,1,0,0,0,0
22,414,District - Bastar (15),Urban,Age not stated,116,69,47,63,44,19,47,25,22,6,0,6,0,0,0,0,0,0,0,0,0
22,414,District - Bastar (15),Urban,Less than 18,63137,32196,30941,62644,32051,30593,460,133,327,21,8,13,12,4,8,0,0,0,0,0,0
22,414,District - Bastar (15),Urban,Less than 21,75802,38591,37211,73192,38038,35154,2532,529,2003,38,12,26,38,11,27,2,1,1,0,0,0
22,415,District - Narayanpur (16),Total,All ages,139820,70104,69716,76195,39899,36296,55338,28169,27169,7609,1810,5799,608,204,404,70,22,48,0,0,0
22,415,District - Narayanpur (16),Total,0-9,35753,18136,17617,35753,18136,17617,0,0,0,0,0,0,0,0,0,0,0,0,0,0,0
22,415,District - Narayanpur (16),Total,10-14,18274,9251,9023,17943,9111,8832,309,132,177,18,6,12,4,2,2,0,0,0,0,0,0
22,415,District - Narayanpur (16),Total,15-19,13518,6665,6853,12241,6352,5889,1243,300,943,33,12,21,1,1,0,0,0,0,0,0,0
22,415,District - Narayanpur (16),Total,20-24,12454,5890,6564,6296,3766,2530,6006,2069,3937,86,34,52,62,20,42,4,1,3,0,0,0
22,415,District - Narayanpur (16),Total,25-29,11339,5953,5386,2338,1606,732,8699,4237,4462,188,74,114,98,31,67,16,5,11,0,0,0
22,415,District - Narayanpur (16),Total,30-34,9542,4889,4653,708,440,268,8373,4299,4074,345,114,231,104,33,71,12,3,9,0,0,0
22,415,District - Narayanpur (16),Total,35-39,9379,4697,4682,304,162,142,8428,4352,4076,524,140,384,105,37,68,18,6,12,0,0,0
22,415,District - Narayanpur (16),Total,40-44,8217,4263,3954,142,85,57,7270,3987,3283,710,163,547,91,27,64,4,1,3,0,0,0
22,415,District - Narayanpur (16),Total,45-49,6818,3518,3300,81,47,34,5832,3262,2570,848,187,661,52,19,33,5,3,2,0,0,0
22,415,District - Narayanpur (16),Total,50-54,4706,2504,2202,54,22,32,3630,2231,1399,983,239,744,36,12,24,3,0,3,0,0,0
22,415,District - Narayanpur (16),Total,55-59,3189,1485,1704,37,15,22,2294,1269,1025,836,193,643,20,6,14,2,2,0,0,0,0
22,415,District - Narayanpur (16),Total,60-64,2863,1262,1601,54,28,26,1615,990,625,1177,237,940,15,7,8,2,0,2,0,0,0
22,415,District - Narayanpur (16),Total,65-69,1688,720,968,57,30,27,809,505,304,813,182,631,8,3,5,1,0,1,0,0,0
22,415,District - Narayanpur (16),Total,70-74,1044,439,605,28,16,12,402,282,120,604,135,469,8,5,3,2,1,1,0,0,0
22,415,District - Narayanpur (16),Total,75-79,386,142,244,8,4,4,170,99,71,207,39,168,0,0,0,1,0,1,0,0,0
22,415,District - Narayanpur (16),Total,80+,491,206,285,51,23,28,209,129,80,227,53,174,4,1,3,0,0,0,0,0,0
22,415,District - Narayanpur (16),Total,Age not stated,159,84,75,100,56,44,49,26,23,10,2,8,0,0,0,0,0,0,0,0,0
22,415,District - Narayanpur (16),Total,Less than 18,62433,31586,30847,61680,31320,30360,707,248,459,42,16,26,4,2,2,0,0,0,0,0,0
22,415,District - Narayanpur (16),Total,Less than 21,70864,35574,35290,68126,34846,33280,2658,697,1961,62,25,37,16,6,10,2,0,2,0,0,0
22,415,District - Narayanpur (16),Rural,All ages,117714,58653,59061,64575,33432,31143,46184,23426,22758,6459,1612,4847,452,168,284,44,15,29,0,0,0
22,415,District - Narayanpur (16),Rural,0-9,31798,16056,15742,31798,16056,15742,0,0,0,0,0,0,0,0,0,0,0,0,0,0,0
22,415,District - Narayanpur (16),Rural,10-14,15663,7835,7828,15379,7712,7667,263,115,148,17,6,11,4,2,2,0,0,0,0,0,0
22,415,District - Narayanpur (16),Rural,15-19,11042,5431,5611,9940,5150,4790,1074,270,804,27,10,17,1,1,0,0,0,0,0,0,0
22,415,District - Narayanpur (16),Rural,20-24,9934,4620,5314,4688,2765,1923,5105,1802,3303,80,32,48,58,20,38,3,1,2,0,0,0
22,415,District - Narayanpur (16),Rural,25-29,9143,4782,4361,1640,1120,520,7256,3568,3688,164,66,98,74,24,50,9,4,5,0,0,0
22,415,District - Narayanpur (16),Rural,30-34,7843,3989,3854,467,277,190,6978,3575,3403,313,110,203,77,25,52,8,2,6,0,0,0
22,415,District - Narayanpur (16),Rural,35-39,7808,3875,3933,210,111,99,7057,3599,3458,453,130,323,77,32,45,11,3,8,0,0,0
22,415,District - Narayanpur (16),Rural,40-44,6868,3554,3314,94,60,34,6103,3317,2786,603,153,450,65,23,42,3,1,2,0,0,0
22,415,District - Narayanpur (16),Rural,45-49,5705,2947,2758,59,37,22,4901,2727,2174,708,165,543,34,15,19,3,3,0,0,0,0
22,415,District - Narayanpur (16),Rural,50-54,3864,2058,1806,38,15,23,2951,1817,1134,847,217,630,26,9,17,2,0,2,0,0,0
22,415,District - Narayanpur (16),Rural,55-59,2571,1169,1402,24,9,15,1841,987,854,691,166,525,14,6,8,1,1,0,0,0,0
22,415,District - Narayanpur (16),Rural,60-64,2421,1056,1365,43,22,21,1343,820,523,1020,208,812,13,6,7,2,0,2,0,0,0
22,415,District - Narayanpur (16),Rural,65-69,1416,605,811,48,27,21,670,415,255,696,163,533,2,0,2,0,0,0,0,0,0
22,415,District - Narayanpur (16),Rural,70-74,871,353,518,25,13,12,330,229,101,510,107,403,5,4,1,1,0,1,0,0,0
22,415,District - Narayanpur (16),Rural,75-79,292,109,183,7,3,4,123,75,48,161,31,130,0,0,0,1,0,1,0,0,0
22,415,District - Narayanpur (16),Rural,80+,359,158,201,39,16,23,158,94,64,160,47,113,2,1,1,0,0,0,0,0,0
22,415,District - Narayanpur (16),Rural,Age not stated,116,56,60,76,39,37,31,16,15,9,1,8,0,0,0,0,0,0,0,0,0
22,415,District - Narayanpur (16),Rural,Less than 18,54352,27333,27019,53717,27104,26613,595,213,382,36,14,22,4,2,2,0,0,0,0,0,0
22,415,District - Narayanpur (16),Rural,Less than 21,61271,30564,30707,58885,29907,28978,2314,628,1686,55,23,32,15,6,9,2,0,2,0,0,0
22,415,District - Narayanpur (16),Urban,All ages,22106,11451,10655,11620,6467,5153,9154,4743,4411,1150,198,952,156,36,120,26,7,19,0,0,0
22,415,District - Narayanpur (16),Urban,0-9,3955,2080,1875,3955,2080,1875,0,0,0,0,0,0,0,0,0,0,0,0,0,0,0
22,415,District - Narayanpur (16),Urban,10-14,2611,1416,1195,2564,1399,1165,46,17,29,1,0,1,0,0,0,0,0,0,0,0,0
22,415,District - Narayanpur (16),Urban,15-19,2476,1234,1242,2301,1202,1099,169,30,139,6,2,4,0,0,0,0,0,0,0,0,0
22,415,District - Narayanpur (16),Urban,20-24,2520,1270,1250,1608,1001,607,901,267,634,6,2,4,4,0,4,1,0,1,0,0,0
22,415,District - Narayanpur (16),Urban,25-29,2196,1171,1025,698,486,212,1443,669,774,24,8,16,24,7,17,7,1,6,0,0,0
22,415,District - Narayanpur (16),Urban,30-34,1699,900,799,241,163,78,1395,724,671,32,4,28,27,8,19,4,1,3,0,0,0
22,415,District - Narayanpur (16),Urban,35-39,1571,822,749,94,51,43,1371,753,618,71,10,61,28,5,23,7,3,4,0,0,0
22,415,District - Narayanpur (16),Urban,40-44,1349,709,640,48,25,23,1167,670,497,107,10,97,26,4,22,1,0,1,0,0,0
22,415,District - Narayanpur (16),Urban,45-49,1113,571,542,22,10,12,931,535,396,140,22,118,18,4,14,2,0,2,0,0,0
22,415,District - Narayanpur (16),Urban,50-54,842,446,396,16,7,9,679,414,265,136,22,114,10,3,7,1,0,1,0,0,0
22,415,District - Narayanpur (16),Urban,55-59,618,316,302,13,6,7,453,282,171,145,27,118,6,0,6,1,1,0,0,0,0
22,415,District - Narayanpur (16),Urban,60-64,442,206,236,11,6,5,272,170,102,157,29,128,2,1,1,0,0,0,0,0,0
22,415,District - Narayanpur (16),Urban,65-69,272,115,157,9,3,6,139,90,49,117,19,98,6,3,3,1,0,1,0,0,0
22,415,District - Narayanpur (16),Urban,70-74,173,86,87,3,3,0,72,53,19,94,28,66,3,1,2,1,1,0,0,0,0
22,415,District - Narayanpur (16),Urban,75-79,94,33,61,1,1,0,47,24,23,46,8,38,0,0,0,0,0,0,0,0,0
22,415,District - Narayanpur (16),Urban,80+,132,48,84,12,7,5,51,35,16,67,6,61,2,0,2,0,0,0,0,0,0
22,415,District - Narayanpur (16),Urban,Age not stated,43,28,15,24,17,7,18,10,8,1,1,0,0,0,0,0,0,0,0,0,0
22,415,District - Narayanpur (16),Urban,Less than 18,8081,4253,3828,7963,4216,3747,112,35,77,6,2,4,0,0,0,0,0,0,0,0,0
22,415,District - Narayanpur (16),Urban,Less than 21,9593,5010,4583,9241,4939,4302,344,69,275,7,2,5,1,0,1,0,0,0,0,0,0
22,416,District - Dakshin Bastar Dantewada (17),Total,All ages,533638,264142,269496,274058,142766,131292,224370,112903,111467,33385,7915,25470,1508,464,1044,317,94,223,0,0,0
22,416,District - Dakshin Bastar Dantewada (17),Total,0-9,123511,62747,60764,123511,62747,60764,0,0,0,0,0,0,0,0,0,0,0,0,0,0,0
22,416,District - Dakshin Bastar Dantewada (17),Total,10-14,62909,32507,30402,62339,32278,30061,532,214,318,27,10,17,11,5,6,0,0,0,0,0,0
22,416,District - Dakshin Bastar Dantewada (17),Total,15-19,51228,24231,26997,46224,23261,22963,4880,931,3949,80,23,57,40,15,25,4,1,3,0,0,0
22,416,District - Dakshin Bastar Dantewada (17),Total,20-24,50796,23610,27186,24250,14053,10197,25967,9394,16573,364,106,258,185,52,133,30,5,25,0,0,0
22,416,District - Dakshin Bastar Dantewada (17),Total,25-29,46543,23701,22842,9931,6191,3740,35473,17092,18381,851,313,538,242,91,151,46,14,32,0,0,0
22,416,District - Dakshin Bastar Dantewada (17),Total,30-34,38611,19412,19199,3584,2012,1572,33283,16870,16413,1457,446,1011,225,66,159,62,18,44,0,0,0
22,416,District - Dakshin Bastar Dantewada (17),Total,35-39,38817,19283,19534,1678,864,814,34337,17573,16764,2498,761,1737,238,66,172,66,19,47,0,0,0
22,416,District - Dakshin Bastar Dantewada (17),Total,40-44,33563,16937,16626,843,408,435,28961,15481,13480,3519,972,2547,203,64,139,37,12,25,0,0,0
22,416,District - Dakshin Bastar Dantewada (17),Total,45-49,29197,14719,14478,447,241,206,24242,13376,10866,4327,1055,3272,157,39,118,24,8,16,0,0,0
22,416,District - Dakshin Bastar Dantewada (17),Total,50-54,19757,10093,9664,259,149,110,14865,8846,6019,4526,1069,3457,90,24,66,17,5,12,0,0,0
22,416,District - Dakshin Bastar Dantewada (17),Total,55-59,14124,6608,7516,133,68,65,9962,5672,4290,3973,850,3123,42,11,31,14,7,7,0,0,0
22,416,District - Dakshin Bastar Dantewada (17),Total,60-64,11434,4964,6470,231,133,98,6250,3915,2335,4908,899,4009,35,14,21,10,3,7,0,0,0
22,416,District - Dakshin Bastar Dantewada (17),Total,65-69,6479,2568,3911,218,112,106,3036,1812,1224,3204,637,2567,17,6,11,4,1,3,0,0,0
22,416,District - Dakshin Bastar Dantewada (17),Total,70-74,3674,1468,2206,70,32,38,1447,1016,431,2142,414,1728,14,6,8,1,0,1,0,0,0
22,416,District - Dakshin Bastar Dantewada (17),Total,75-79,1264,513,751,15,11,4,494,315,179,750,183,567,4,3,1,1,1,0,0,0,0
22,416,District - Dakshin Bastar Dantewada (17),Total,80+,1438,594,844,130,64,66,566,353,213,739,175,564,2,2,0,1,0,1,0,0,0
22,416,District - Dakshin Bastar Dantewada (17),Total,Age not stated,293,187,106,195,142,53,75,43,32,20,2,18,3,0,3,0,0,0,0,0,0
22,416,District - Dakshin Bastar Dantewada (17),Total,Less than 18,216950,110232,106718,215311,109734,105577,1550,468,1082,66,20,46,23,10,13,0,0,0,0,0,0
22,416,District - Dakshin Bastar Dantewada (17),Total,Less than 21,251493,125588,125905,240853,123106,117747,10374,2399,7975,167,53,114,88,27,61,11,3,8,0,0,0
22,416,District - Dakshin Bastar Dantewada (17),Rural,All ages,437405,213930,223475,225901,115968,109933,181100,90293,90807,29122,7219,21903,1046,372,674,236,78,158,0,0,0
22,416,District - Dakshin Bastar Dantewada (17),Rural,0-9,104465,52905,51560,104465,52905,51560,0,0,0,0,0,0,0,0,0,0,0,0,0,0,0
22,416,District - Dakshin Bastar Dantewada (17),Rural,10-14,52702,27195,25507,52216,27001,25215,449,179,270,26,10,16,11,5,6,0,0,0,0,0,0
22,416,District - Dakshin Bastar Dantewada (17),Rural,15-19,42240,19558,22682,37932,18731,19201,4199,792,3407,72,23,49,33,11,22,4,1,3,0,0,0
22,416,District - Dakshin Bastar Dantewada (17),Rural,20-24,40568,18428,22140,18316,10161,8155,21751,8116,13635,325,100,225,150,46,104,26,5,21,0,0,0
22,416,District - Dakshin Bastar Dantewada (17),Rural,25-29,36396,18335,18061,6919,4010,2909,28494,13936,14558,773,301,472,177,78,99,33,10,23,0,0,0
22,416,District - Dakshin Bastar Dantewada (17),Rural,30-34,30343,14928,15415,2593,1341,1252,26286,13108,13178,1287,416,871,140,48,92,37,15,22,0,0,0
22,416,District - Dakshin Bastar Dantewada (17),Rural,35-39,31396,15308,16088,1359,675,684,27654,13858,13796,2185,712,1473,152,48,104,46,15,31,0,0,0
22,416,District - Dakshin Bastar Dantewada (17),Rural,40-44,27899,13903,13996,726,350,376,23855,12571,11284,3142,916,2226,146,56,90,30,10,20,0,0,0
22,416,District - Dakshin Bastar Dantewada (17),Rural,45-49,24181,12092,12089,375,207,168,19879,10860,9019,3806,986,2820,101,32,69,20,7,13,0,0,0
22,416,District - Dakshin Bastar Dantewada (17),Rural,50-54,16041,8240,7801,213,129,84,11805,7099,4706,3953,992,2961,55,15,40,15,5,10,0,0,0
22,416,District - Dakshin Bastar Dantewada (17),Rural,55-59,11112,4909,6203,108,59,49,7489,4061,3428,3475,775,2700,30,9,21,10,5,5,0,0,0
22,416,District - Dakshin Bastar Dantewada (17),Rural,60-64,9397,3970,5427,183,110,73,4911,3053,1858,4273,794,3479,22,10,12,8,3,5,0,0,0
22,416,District - Dakshin Bastar Dantewada (17),Rural,65-69,5349,2018,3331,177,91,86,2363,1369,994,2795,552,2243,10,5,5,4,1,3,0,0,0
22,416,District - Dakshin Bastar Dantewada (17),Rural,70-74,2997,1164,1833,48,22,26,1104,773,331,1832,364,1468,12,5,7,1,0,1,0,0,0
22,416,District - Dakshin Bastar Dantewada (17),Rural,75-79,983,374,609,11,8,3,366,221,145,602,142,460,3,2,1,1,1,0,0,0,0
22,416,District - Dakshin Bastar Dantewada (17),Rural,80+,1082,443,639,92,46,46,430,261,169,557,134,423,2,2,0,1,0,1,0,0,0
22,416,District - Dakshin Bastar Dantewada (17),Rural,Age not stated,254,160,94,168,122,46,65,36,29,19,2,17,2,0,2,0,0,0,0,0,0
22,416,District - Dakshin Bastar Dantewada (17),Rural,Less than 18,182280,92222,90058,180915,91811,89104,1282,383,899,63,20,43,20,8,12,0,0,0,0,0,0
22,416,District - Dakshin Bastar Dantewada (17),Rural,Less than 21,210963,104653,106310,201816,102478,99338,8911,2098,6813,153,52,101,73,22,51,10,3,7,0,0,0
22,416,District - Dakshin Bastar Dantewada (17),Urban,All ages,96233,50212,46021,48157,26798,21359,43270,22610,20660,4263,696,3567,462,92,370,81,16,65,0,0,0
22,416,District - Dakshin Bastar Dantewada (17),Urban,0-9,19046,9842,9204,19046,9842,9204,0,0,0,0,0,0,0,0,0,0,0,0,0,0,0
22,416,District - Dakshin Bastar Dantewada (17),Urban,10-14,10207,5312,4895,10123,5277,4846,83,35,48,1,0,1,0,0,0,0,0,0,0,0,0
22,416,District - Dakshin Bastar Dantewada (17),Urban,15-19,8988,4673,4315,8292,4530,3762,681,139,542,8,0,8,7,4,3,0,0,0,0,0,0
22,416,District - Dakshin Bastar Dantewada (17),Urban,20-24,10228,5182,5046,5934,3892,2042,4216,1278,2938,39,6,33,35,6,29,4,0,4,0,0,0
22,416,District - Dakshin Bastar Dantewada (17),Urban,25-29,10147,5366,4781,3012,2181,831,6979,3156,3823,78,12,66,65,13,52,13,4,9,0,0,0
22,416,District - Dakshin Bastar Dantewada (17),Urban,30-34,8268,4484,3784,991,671,320,6997,3762,3235,170,30,140,85,18,67,25,3,22,0,0,0
22,416,District - Dakshin Bastar Dantewada (17),Urban,35-39,7421,3975,3446,319,189,130,6683,3715,2968,313,49,264,86,18,68,20,4,16,0,0,0
22,416,District - Dakshin Bastar Dantewada (17),Urban,40-44,5664,3034,2630,117,58,59,5106,2910,2196,377,56,321,57,8,49,7,2,5,0,0,0
22,416,District - Dakshin Bastar Dantewada (17),Urban,45-49,5016,2627,2389,72,34,38,4363,2516,1847,521,69,452,56,7,49,4,1,3,0,0,0
22,416,District - Dakshin Bastar Dantewada (17),Urban,50-54,3716,1853,1863,46,20,26,3060,1747,1313,573,77,496,35,9,26,2,0,2,0,0,0
22,416,District - Dakshin Bastar Dantewada (17),Urban,55-59,3012,1699,1313,25,9,16,2473,1611,862,498,75,423,12,2,10,4,2,2,0,0,0
22,416,District - Dakshin Bastar Dantewada (17),Urban,60-64,2037,994,1043,48,23,25,1339,862,477,635,105,530,13,4,9,2,0,2,0,0,0
22,416,District - Dakshin Bastar Dantewada (17),Urban,65-69,1130,550,580,41,21,20,673,443,230,409,85,324,7,1,6,0,0,0,0,0,0
22,416,District - Dakshin Bastar Dantewada (17),Urban,70-74,677,304,373,22,10,12,343,243,100,310,50,260,2,1,1,0,0,0,0,0,0
22,416,District - Dakshin Bastar Dantewada (17),Urban,75-79,281,139,142,4,3,1,128,94,34,148,41,107,1,1,0,0,0,0,0,0,0
22,416,District - Dakshin Bastar Dantewada (17),Urban,80+,356,151,205,38,18,20,136,92,44,182,41,141,0,0,0,0,0,0,0,0,0
22,416,District - Dakshin Bastar Dantewada (17),Urban,Age not stated,39,27,12,27,20,7,10,7,3,1,0,1,1,0,1,0,0,0,0,0,0
22,416,District - Dakshin Bastar Dantewada (17),Urban,Less than 18,34670,18010,16660,34396,17923,16473,268,85,183,3,0,3,3,2,1,0,0,0,0,0,0
22,416,District - Dakshin Bastar Dantewada (17),Urban,Less than 21,40530,20935,19595,39037,20628,18409,1463,301,1162,14,1,13,15,5,10,1,0,1,0,0,0
22,417,District - Bijapur (18),Total,All ages,255230,128663,126567,135968,72362,63606,103805,52352,51453,14962,3798,11164,422,130,292,73,21,52,0,0,0
22,417,District - Bijapur (18),Total,0-9,67073,34610,32463,67073,34610,32463,0,0,0,0,0,0,0,0,0,0,0,0,0,0,0
22,417,District - Bijapur (18),Total,10-14,31294,16482,14812,30919,16339,14580,352,134,218,13,4,9,10,5,5,0,0,0,0,0,0
22,417,District - Bijapur (18),Total,15-19,23340,11222,12118,20588,10709,9879,2699,494,2205,37,14,23,15,5,10,1,0,1,0,0,0
22,417,District - Bijapur (18),Total,20-24,23310,10948,12362,9973,6057,3916,13102,4824,8278,195,56,139,35,8,27,5,3,2,0,0,0
22,417,District - Bijapur (18),Total,25-29,22331,11745,10586,4128,2791,1337,17685,8795,8890,463,147,316,45,10,35,10,2,8,0,0,0
22,417,District - Bijapur (18),Total,30-34,17574,8832,8742,1360,842,518,15396,7747,7649,745,221,524,63,20,43,10,2,8,0,0,0
22,417,District - Bijapur (18),Total,35-39,17908,8862,9046,639,331,308,15948,8138,7810,1227,362,865,78,23,55,16,8,8,0,0,0
22,417,District - Bijapur (18),Total,40-44,15466,7987,7479,428,222,206,13226,7277,5949,1734,466,1268,68,20,48,10,2,8,0,0,0
22,417,District - Bijapur (18),Total,45-49,12854,6536,6318,209,117,92,10558,5878,4680,2045,528,1517,36,13,23,6,0,6,0,0,0
22,417,District - Bijapur (18),Total,50-54,8689,4518,4171,130,65,65,6390,3891,2499,2126,544,1582,36,15,21,7,3,4,0,0,0
22,417,District - Bijapur (18),Total,55-59,5801,2818,2983,76,35,41,3993,2322,1671,1709,452,1257,19,9,10,4,0,4,0,0,0
22,417,District - Bijapur (18),Total,60-64,4788,2125,2663,128,76,52,2438,1580,858,2212,468,1744,8,1,7,2,0,2,0,0,0
22,417,District - Bijapur (18),Total,65-69,2326,939,1387,92,40,52,1092,651,441,1136,246,890,4,1,3,2,1,1,0,0,0
22,417,District - Bijapur (18),Total,70-74,1323,543,780,21,11,10,528,377,151,772,155,617,2,0,2,0,0,0,0,0,0
22,417,District - Bijapur (18),Total,75-79,434,171,263,13,6,7,168,108,60,252,57,195,1,0,1,0,0,0,0,0,0
22,417,District - Bijapur (18),Total,80+,566,248,318,75,51,24,202,120,82,288,77,211,1,0,1,0,0,0,0,0,0
22,417,District - Bijapur (18),Total,Age not stated,153,77,76,116,60,56,28,16,12,8,1,7,1,0,1,0,0,0,0,0,0
22,417,District - Bijapur (18),Total,Less than 18,112567,58230,54337,111584,57915,53669,939,300,639,28,8,20,16,7,9,0,0,0,0,0,0
22,417,District - Bijapur (18),Total,Less than 21,128441,65326,63115,122477,63917,58560,5835,1368,4467,92,28,64,35,12,23,2,1,1,0,0,0
22,417,District - Bijapur (18),Rural,All ages,225630,113344,112286,120150,63823,56327,91477,45815,45662,13598,3574,10024,341,114,227,64,18,46,0,0,0
22,417,District - Bijapur (18),Rural,0-9,60576,31218,29358,60576,31218,29358,0,0,0,0,0,0,0,0,0,0,0,0,0,0,0
22,417,District - Bijapur (18),Rural,10-14,27694,14695,12999,27368,14570,12798,306,116,190,11,4,7,9,5,4,0,0,0,0,0,0
22,417,District - Bijapur (18),Rural,15-19,20386,9820,10566,17896,9351,8545,2440,451,1989,37,14,23,12,4,8,1,0,1,0,0,0
22,417,District - Bijapur (18),Rural,20-24,19960,9301,10659,8252,4964,3288,11491,4274,7217,181,53,128,32,8,24,4,2,2,0,0,0
22,417,District - Bijapur (18),Rural,25-29,18949,9875,9074,3264,2164,1100,15209,7563,7646,431,137,294,35,9,26,10,2,8,0,0,0
22,417,District - Bijapur (18),Rural,30-34,15160,7487,7673,1107,660,447,13327,6603,6724,675,207,468,44,16,28,7,1,6,0,0,0
22,417,District - Bijapur (18),Rural,35-39,15823,7760,8063,551,284,267,14103,7108,6995,1099,345,754,56,16,40,14,7,7,0,0,0
22,417,District - Bijapur (18),Rural,40-44,13792,7032,6760,368,195,173,11768,6371,5397,1590,446,1144,57,18,39,9,2,7,0,0,0
22,417,District - Bijapur (18),Rural,45-49,11609,5847,5762,184,104,80,9526,5237,4289,1862,493,1369,32,13,19,5,0,5,0,0,0
22,417,District - Bijapur (18),Rural,50-54,7851,4084,3767,114,61,53,5750,3491,2259,1947,514,1433,33,15,18,7,3,4,0,0,0
22,417,District - Bijapur (18),Rural,55-59,5232,2526,2706,63,29,34,3586,2066,1520,1564,423,1141,16,8,8,3,0,3,0,0,0
22,417,District - Bijapur (18),Rural,60-64,4335,1942,2393,116,69,47,2192,1427,765,2019,445,1574,6,1,5,2,0,2,0,0,0
22,417,District - Bijapur (18),Rural,65-69,2066,834,1232,83,39,44,961,563,398,1016,230,786,4,1,3,2,1,1,0,0,0
22,417,District - Bijapur (18),Rural,70-74,1186,486,700,20,10,10,466,332,134,698,144,554,2,0,2,0,0,0,0,0,0
22,417,District - Bijapur (18),Rural,75-79,380,150,230,12,5,7,147,93,54,220,52,168,1,0,1,0,0,0,0,0,0
22,417,District - Bijapur (18),Rural,80+,488,218,270,67,45,22,180,107,73,240,66,174,1,0,1,0,0,0,0,0,0
22,417,District - Bijapur (18),Rural,Age not stated,143,69,74,109,55,54,25,13,12,8,1,7,1,0,1,0,0,0,0,0,0
22,417,District - Bijapur (18),Rural,Less than 18,100676,52195,48481,99802,51913,47889,833,267,566,26,8,18,15,7,8,0,0,0,0,0,0
22,417,District - Bijapur (18),Rural,Less than 21,114612,58391,56221,109220,57092,52128,5272,1259,4013,88,28,60,30,11,19,2,1,1,0,0,0
22,417,District - Bijapur (18),Urban,All ages,29600,15319,14281,15818,8539,7279,12328,6537,5791,1364,224,1140,81,16,65,9,3,6,0,0,0
22,417,District - Bijapur (18),Urban,0-9,6497,3392,3105,6497,3392,3105,0,0,0,0,0,0,0,0,0,0,0,0,0,0,0
22,417,District - Bijapur (18),Urban,10-14,3600,1787,1813,3551,1769,1782,46,18,28,2,0,2,1,0,1,0,0,0,0,0,0
22,417,District - Bijapur (18),Urban,15-19,2954,1402,1552,2692,1358,1334,259,43,216,0,0,0,3,1,2,0,0,0,0,0,0
22,417,District - Bijapur (18),Urban,20-24,3350,1647,1703,1721,1093,628,1611,550,1061,14,3,11,3,0,3,1,1,0,0,0,0
22,417,District - Bijapur (18),Urban,25-29,3382,1870,1512,864,627,237,2476,1232,1244,32,10,22,10,1,9,0,0,0,0,0,0
22,417,District - Bijapur (18),Urban,30-34,2414,1345,1069,253,182,71,2069,1144,925,70,14,56,19,4,15,3,1,2,0,0,0
22,417,District - Bijapur (18),Urban,35-39,2085,1102,983,88,47,41,1845,1030,815,128,17,111,22,7,15,2,1,1,0,0,0
22,417,District - Bijapur (18),Urban,40-44,1674,955,719,60,27,33,1458,906,552,144,20,124,11,2,9,1,0,1,0,0,0
22,417,District - Bijapur (18),Urban,45-49,1245,689,556,25,13,12,1032,641,391,183,35,148,4,0,4,1,0,1,0,0,0
22,417,District - Bijapur (18),Urban,50-54,838,434,404,16,4,12,640,400,240,179,30,149,3,0,3,0,0,0,0,0,0
22,417,District - Bijapur (18),Urban,55-59,569,292,277,13,6,7,407,256,151,145,29,116,3,1,2,1,0,1,0,0,0
22,417,District - Bijapur (18),Urban,60-64,453,183,270,12,7,5,246,153,93,193,23,170,2,0,2,0,0,0,0,0,0
22,417,District - Bijapur (18),Urban,65-69,260,105,155,9,1,8,131,88,43,120,16,104,0,0,0,0,0,0,0,0,0
22,417,District - Bijapur (18),Urban,70-74,137,57,80,1,1,0,62,45,17,74,11,63,0,0,0,0,0,0,0,0,0
22,417,District - Bijapur (18),Urban,75-79,54,21,33,1,1,0,21,15,6,32,5,27,0,0,0,0,0,0,0,0,0
22,417,District - Bijapur (18),Urban,80+,78,30,48,8,6,2,22,13,9,48,11,37,0,0,0,0,0,0,0,0,0
22,417,District - Bijapur (18),Urban,Age not stated,10,8,2,7,5,2,3,3,0,0,0,0,0,0,0,0,0,0,0,0,0
22,417,District - Bijapur (18),Urban,Less than 18,11891,6035,5856,11782,6002,5780,106,33,73,2,0,2,1,0,1,0,0,0,0,0,0
22,417,District - Bijapur (18),Urban,Less than 21,13829,6935,6894,13257,6825,6432,563,109,454,4,0,4,5,1,4,0,0,0,0,0,0
