state_code,district_code,area_name,region_type,age_group,total_persons,total_males,total_females,never_married_persons,never_married_males,never_married_females,currently_married_persons,currently_married_males,currently_married_females,widowed_persons,widowed_males,widowed_females,separated_persons,separated_males,separated_females,divorced_persons,divorced_males,divorced_females,unspecified_persons,unspecified_males,unspecified_females
07,000,State - NCT OF DELHI (07),Total,All ages,16787941,8987326,7800615,7974823,4622649,3352174,8161917,4200228,3961689,601995,145382,456613,31256,11922,19334,17950,7145,10805,0,0,0
07,000,State - NCT OF DELHI (07),Total,0-9,2917172,1563823,1353349,2917172,1563823,1353349,0,0,0,0,0,0,0,0,0,0,0,0,0,0,0
07,000,State - NCT OF DELHI (07),Total,10-14,1648147,895446,752701,1630529,889249,741280,16436,5738,10698,526,142,384,574,280,294,82,37,45,0,0,0
07,000,State - NCT OF DELHI (07),Total,15-19,1667375,925118,742257,1573417,903773,669644,92077,20693,71384,953,272,681,796,341,455,132,39,93,0,0,0
07,000,State - NCT OF DELHI (07),Total,20-24,1764060,951411,812649,1146296,752401,393895,611721,197257,414464,2912,778,2134,2315,755,1560,816,220,596,0,0,0
07,000,State - NCT OF DELHI (07),Total,25-29,1668326,878196,790130,461196,340305,120891,1193385,533543,659842,6846,2046,4800,4727,1573,3154,2172,729,1443,0,0,0
07,000,State - NCT OF DELHI (07),Total,30-34,1434699,757455,677244,117317,88424,28893,1295251,661991,633260,13491,3722,9769,5435,2067,3368,3205,1251,1954,0,0,0
07,000,State - NCT OF DELHI (07),Total,35-39,1319244,698455,620789,41391,29654,11737,1245076,659985,585091,24170,5304,18866,5218,2037,3181,3389,1475,1914,0,0,0
07,000,State - NCT OF DELHI (07),Total,40-44,1097197,590858,506339,21495,14936,6559,1031623,565556,466067,37368,7616,29752,4016,1609,2407,2695,1141,1554,0,0,0
07,000,State - NCT OF DELHI (07),Total,45-49,911213,495227,415986,12755,8452,4303,843157,474675,368482,50299,10055,40244,2973,1158,1815,2029,887,1142,0,0,0
07,000,State - NCT OF DELHI (07),Total,50-54,687469,376222,311247,9324,5738,3586,615001,356639,258362,59913,12532,47381,1924,767,1157,1307,546,761,0,0,0
07,000,State - NCT OF DELHI (07),Total,55-59,508892,269185,239707,6287,3690,2597,441524,251264,190260,59062,13398,45664,1201,493,708,818,340,478,0,0,0
07,000,State - NCT OF DELHI (07),Total,60-64,472019,238103,233916,8905,5170,3735,365423,211807,153616,95983,20510,75473,1115,406,709,593,210,383,0,0,0
07,000,State - NCT OF DELHI (07),Total,65-69,272452,139398,133054,8922,5117,3805,191326,117017,74309,71532,16983,54549,425,182,243,247,99,148,0,0,0
07,000,State - NCT OF DELHI (07),Total,70-74,189250,94947,94303,3851,2243,1608,114354,74274,40080,70585,18242,52343,252,118,134,208,70,138,0,0,0
07,000,State - NCT OF DELHI (07),Total,75-79,100693,50446,50247,1352,774,578,54500,36309,18191,44640,13279,31361,106,54,52,95,30,65,0,0,0
07,000,State - NCT OF DELHI (07),Total,80+,113031,53861,59170,4827,2942,1885,44783,30445,14338,63143,20348,42795,143,70,73,135,56,79,0,0,0
07,000,State - NCT OF DELHI (07),Total,Age not stated,16702,9175,7527,9787,5958,3829,6280,3035,3245,572,155,417,36,12,24,27,15,12,0,0,0
07,000,State - NCT OF DELHI (07),Total,Less than 18,5537178,2993034,2544144,5488612,2978638,2509974,46327,13570,32757,1130,307,823,975,464,511,134,55,79,0,0,0
07,000,State - NCT OF DELHI (07),Total,Less than 21,6631038,3602542,3028496,6428715,3552435,2876280,198286,48736,149550,1994,536,1458,1726,732,994,317,103,214,0,0,0
07,000,State - NCT OF DELHI (07),Rural,All ages,419042,226321,192721,202613,120204,82409,200733,101914,98819,14790,3785,11005,678,302,376,228,116,112,0,0,0
07,000,State - NCT OF DELHI (07),Rural,0-9,81719,45179,36540,81719,45179,36540,0,0,0,0,0,0,0,0,0,0,0,0,0,0,0
07,000,State - NCT OF DELHI (07),Rural,10-14,45883,25479,20404,45434,25325,20109,406,146,260,15,2,13,25,5,20,3,1,2,0,0,0
07,000,State - NCT OF DELHI (07),Rural,15-19,44367,24916,19451,41185,24248,16937,3131,652,2479,32,8,24,17,6,11,2,2,0,0,0,0
07,000,State - NCT OF DELHI (07),Rural,20-24,44407,23805,20602,24017,17025,6992,20206,6717,13489,86,24,62,72,32,40,26,7,19,0,0,0
07,000,State - NCT OF DELHI (07),Rural,25-29,39250,20584,18666,6556,5464,1092,32325,14986,17339,218,61,157,115,52,63,36,21,15,0,0,0
07,000,State - NCT OF DELHI (07),Rural,30-34,33833,17431,16402,1424,1235,189,31846,16018,15828,405,108,297,116,52,64,42,18,24,0,0,0
07,000,State - NCT OF DELHI (07),Rural,35-39,31648,16738,14910,569,488,81,30165,16004,14161,748,172,576,127,54,73,39,20,19,0,0,0
07,000,State - NCT OF DELHI (07),Rural,40-44,25962,14180,11782,306,257,49,24473,13615,10858,1076,248,828,80,41,39,27,19,8,0,0,0
07,000,State - NCT OF DELHI (07),Rural,45-49,19676,10981,8695,162,134,28,18152,10525,7627,1314,299,1015,33,13,20,15,10,5,0,0,0
07,000,State - NCT OF DELHI (07),Rural,50-54,14347,7917,6430,121,101,20,12750,7481,5269,1441,315,1126,26,13,13,9,7,2,0,0,0
07,000,State - NCT OF DELHI (07),Rural,55-59,10299,5372,4927,78,57,21,8936,4995,3941,1259,305,954,16,11,5,10,4,6,0,0,0
07,000,State - NCT OF DELHI (07),Rural,60-64,11624,5700,5924,225,159,66,9034,5009,4025,2329,520,1809,31,10,21,5,2,3,0,0,0
07,000,State - NCT OF DELHI (07),Rural,65-69,6123,3125,2998,261,170,91,4279,2563,1716,1567,383,1184,9,6,3,7,3,4,0,0,0
07,000,State - NCT OF DELHI (07),Rural,70-74,4318,2171,2147,89,57,32,2554,1661,893,1668,449,1219,5,4,1,2,0,2,0,0,0
07,000,State - NCT OF DELHI (07),Rural,75-79,2047,980,1067,30,26,4,1126,680,446,891,274,617,0,0,0,0,0,0,0,0,0
07,000,State - NCT OF DELHI (07),Rural,80+,3022,1482,1540,117,80,37,1173,784,389,1721,613,1108,6,3,3,5,2,3,0,0,0
07,000,State - NCT OF DELHI (07),Rural,Age not stated,517,281,236,320,199,121,177,78,99,20,4,16,0,0,0,0,0,0,0,0,0
07,000,State - NCT OF DELHI (07),Rural,Less than 18,153880,85349,68531,152609,85002,67607,1199,329,870,34,7,27,35,10,25,3,1,2,0,0,0
07,000,State - NCT OF DELHI (07),Rural,Less than 21,182492,101205,81287,175657,99619,76038,6708,1548,5160,63,15,48,54,17,37,10,6,4,0,0,0
07,000,State - NCT OF DELHI (07),Urban,All ages,16368899,8761005,7607894,7772210,4502445,3269765,7961184,4098314,3862870,587205,141597,445608,30578,11620,18958,17722,7029,10693,0,0,0
07,000,State - NCT OF DELHI (07),Urban,0-9,2835453,1518644,1316809,2835453,1518644,1316809,0,0,0,0,0,0,0,0,0,0,0,0,0,0,0
07,000,State - NCT OF DELHI (07),Urban,10-14,1602264,869967,732297,1585095,863924,721171,16030,5592,10438,511,140,371,549,275,274,79,36,43,0,0,0
07,000,State - NCT OF DELHI (07),Urban,15-19,1623008,900202,722806,1532232,879525,652707,88946,20041,68905,921,264,657,779,335,444,130,37,93,0,0,0
07,000,State - NCT OF DELHI (07),Urban,20-24,1719653,927606,792047,1122279,735376,386903,591515,190540,400975,2826,754,2072,2243,723,1520,790,213,577,0,0,0
07,000,State - NCT OF DELHI (07),Urban,25-29,1629076,857612,771464,454640,334841,119799,1161060,518557,642503,6628,1985,4643,4612,1521,3091,2136,708,1428,0,0,0
07,000,State - NCT OF DELHI (07),Urban,30-34,1400866,740024,660842,115893,87189,28704,1263405,645973,617432,13086,3614,9472,5319,2015,3304,3163,1233,1930,0,0,0
07,000,State - NCT OF DELHI (07),Urban,35-39,1287596,681717,605879,40822,29166,11656,1214911,643981,570930,23422,5132,18290,5091,1983,3108,3350,1455,1895,0,0,0
07,000,State - NCT OF DELHI (07),Urban,40-44,1071235,576678,494557,21189,14679,6510,1007150,551941,455209,36292,7368,28924,3936,1568,2368,2668,1122,1546,0,0,0
07,000,State - NCT OF DELHI (07),Urban,45-49,891537,484246,407291,12593,8318,4275,825005,464150,360855,48985,9756,39229,2940,1145,1795,2014,877,1137,0,0,0
07,000,State - NCT OF DELHI (07),Urban,50-54,673122,368305,304817,9203,5637,3566,602251,349158,253093,58472,12217,46255,1898,754,1144,1298,539,759,0,0,0
07,000,State - NCT OF DELHI (07),Urban,55-59,498593,263813,234780,6209,3633,2576,432588,246269,186319,57803,13093,44710,1185,482,703,808,336,472,0,0,0
07,000,State - NCT OF DELHI (07),Urban,60-64,460395,232403,227992,8680,5011,3669,356389,206798,149591,93654,19990,73664,1084,396,688,588,208,380,0,0,0
07,000,State - NCT OF DELHI (07),Urban,65-69,266329,136273,130056,8661,4947,3714,187047,114454,72593,69965,16600,53365,416,176,240,240,96,144,0,0,0
07,000,State - NCT OF DELHI (07),Urban,70-74,184932,92776,92156,3762,2186,1576,111800,72613,39187,68917,17793,51124,247,114,133,206,70,136,0,0,0
07,000,State - NCT OF DELHI (07),Urban,75-79,98646,49466,49180,1322,748,574,53374,35629,17745,43749,13005,30744,106,54,52,95,30,65,0,0,0
07,000,State - NCT OF DELHI (07),Urban,80+,110009,52379,57630,4710,2862,1848,43610,29661,13949,61422,19735,41687,137,67,70,130,54,76,0,0,0
07,000,State - NCT OF DELHI (07),Urban,Age not stated,16185,8894,7291,9467,5759,3708,6103,2957,3146,552,151,401,36,12,24,27,15,12,0,0,0
07,000,State - NCT OF DELHI (07),Urban,Less than 18,5383298,2907685,2475613,5336003,2893636,2442367,45128,13241,31887,1096,300,796,940,454,486,131,54,77,0,0,0
07,000,State - NCT OF DELHI (07),Urban,Less than 21,6448546,3501337,2947209,6253058,3452816,2800242,191578,47188,144390,1931,521,1410,1672,715,957,307,97,210,0,0,0
07,090,District - North West (01),Total,All ages,3656539,1960922,1695617,1748608,1017879,730729,1765586,905655,859931,131977,33207,98770,6888,2730,4158,3480,1451,2029,0,0,0
07,090,District - North West (01),Total,0-9,654538,352054,302484,654538,352054,302484,0,0,0,0,0,0,0,0,0,0,0,0,0,0,0
07,090,District - North West (01),Total,10-14,375025,204688,170337,371533,203416,168117,3253,1176,2077,100,26,74,125,65,60,14,5,9,0,0,0
07,090,District - North West (01),Total,15-19,374987,210646,164341,353558,206082,147476,21006,4434,16572,208,56,152,179,68,111,36,6,30,0,0,0
07,090,District - North West (01),Total,20-24,382984,206924,176060,240728,160610,80118,140756,45829,94927,708,213,495,605,211,394,187,61,126,0,0,0
07,090,District - North West (01),Total,25-29,351057,185056,166001,86477,65052,21425,261358,118920,142438,1630,526,1104,1106,385,721,486,173,313,0,0,0
07,090,District - North West (01),Total,30-34,299952,156903,143049,20000,15550,4450,274879,139678,135201,3183,898,2285,1191,474,717,699,303,396,0,0,0
07,090,District - North West (01),Total,35-39,280538,147110,133428,7195,5448,1747,265870,139629,126241,5668,1267,4401,1140,468,672,665,298,367,0,0,0
07,090,District - North West (01),Total,40-44,236781,126613,110168,3691,2723,968,223119,121469,101650,8591,1831,6760,878,374,504,502,216,286,0,0,0
07,090,District - North West (01),Total,45-49,196153,106866,89287,2091,1488,603,181740,102521,79219,11343,2432,8911,614,247,367,365,178,187,0,0,0
07,090,District - North West (01),Total,50-54,147333,80981,66352,1444,958,486,132112,76936,55176,13151,2828,10323,399,161,238,227,98,129,0,0,0
07,090,District - North West (01),Total,55-59,108294,56878,51416,961,626,335,94438,53056,41382,12565,3060,9505,216,87,129,114,49,65,0,0,0
07,090,District - North West (01),Total,60-64,105858,53576,52282,1888,1137,751,81732,47353,34379,21918,4966,16952,245,95,150,75,25,50,0,0,0
07,090,District - North West (01),Total,65-69,58706,30327,28379,1937,1158,779,41126,25279,15847,15529,3839,11690,80,37,43,34,14,20,0,0,0
07,090,District - North West (01),Total,70-74,39977,20511,19466,751,473,278,24085,15939,8146,15047,4063,10984,60,27,33,34,9,25,0,0,0
07,090,District - North West (01),Total,75-79,20534,10333,10201,216,130,86,10984,7306,3678,9296,2881,6415,18,12,6,20,4,16,0,0,0
07,090,District - North West (01),Total,80+,22353,10653,11700,791,468,323,8548,5853,2695,12969,4307,8662,27,16,11,18,9,9,0,0,0
07,090,District - North West (01),Total,Age not stated,1469,803,666,809,506,303,580,277,303,71,14,57,5,3,2,4,3,1,0,0,0
07,090,District - North West (01),Total,Less than 18,1248825,678536,570289,1239070,675632,563438,9289,2734,6555,227,56,171,213,106,107,26,8,18,0,0,0
07,090,District - North West (01),Total,Less than 21,1493844,816114,677730,1447179,805247,641932,45756,10574,35182,428,112,316,400,162,238,81,19,62,0,0,0
07,090,District - North West (01),Rural,All ages,213950,115680,98270,105800,62679,43121,99796,50724,49072,7819,2027,5792,415,187,228,120,63,57,0,0,0
07,090,District - North West (01),Rural,0-9,42087,23204,18883,42087,23204,18883,0,0,0,0,0,0,0,0,0,0,0,0,0,0,0
07,090,District - North West (01),Rural,10-14,24398,13363,11035,24189,13299,10890,187,60,127,7,1,6,14,3,11,1,0,1,0,0,0
07,090,District - North West (01),Rural,15-19,23613,13286,10327,21959,12968,8991,1627,312,1315,18,3,15,8,2,6,1,1,0,0,0,0
07,090,District - North West (01),Rural,20-24,22889,12488,10401,12536,8970,3566,10243,3482,6761,50,12,38,42,19,23,18,5,13,0,0,0
07,090,District - North West (01),Rural,25-29,19485,10334,9151,3403,2870,533,15873,7393,8480,116,30,86,67,27,40,26,14,12,0,0,0
07,090,District - North West (01),Rural,30-34,16377,8391,7986,677,598,79,15390,7690,7700,211,59,152,77,34,43,22,10,12,0,0,0
07,090,District - North West (01),Rural,35-39,15663,8251,7412,281,256,25,14879,7848,7031,409,97,312,75,38,37,19,12,7,0,0,0
07,090,District - North West (01),Rural,40-44,13210,7160,6050,145,126,19,12367,6854,5513,628,143,485,55,27,28,15,10,5,0,0,0
07,090,District - North West (01),Rural,45-49,10077,5589,4488,77,61,16,9231,5336,3895,743,179,564,19,7,12,7,6,1,0,0,0
07,090,District - North West (01),Rural,50-54,7435,4161,3274,57,50,7,6544,3908,2636,808,190,618,21,10,11,5,3,2,0,0,0
07,090,District - North West (01),Rural,55-59,5153,2680,2473,35,26,9,4456,2479,1977,651,168,483,10,7,3,1,0,1,0,0,0
07,090,District - North West (01),Rural,60-64,5965,2929,3036,96,73,23,4591,2577,2014,1262,273,989,15,6,9,1,0,1,0,0,0
07,090,District - North West (01),Rural,65-69,3029,1562,1467,96,69,27,2105,1284,821,819,205,614,6,3,3,3,1,2,0,0,0
07,090,District - North West (01),Rural,70-74,2096,1084,1012,34,23,11,1213,808,405,845,250,595,4,3,1,0,0,0,0,0,0
07,090,District - North West (01),Rural,75-79,953,450,503,7,6,1,520,320,200,426,124,302,0,0,0,0,0,0,0,0,0
07,090,District - North West (01),Rural,80+,1376,669,707,51,34,17,502,341,161,820,292,528,2,1,1,1,1,0,0,0,0
07,090,District - North West (01),Rural,Age not stated,144,79,65,70,46,24,68,32,36,6,1,5,0,0,0,0,0,0,0,0,0
07,090,District - North West (01),Rural,Less than 18,80332,44247,36085,79753,44115,35638,547,126,421,14,2,12,17,4,13,1,0,1,0,0,0
07,090,District - North West (01),Rural,Less than 21,95688,52877,42811,92131,52103,40028,3484,753,2731,35,7,28,32,11,21,6,3,3,0,0,0
07,090,District - North West (01),Urban,All ages,3442589,1845242,1597347,1642808,955200,687608,1665790,854931,810859,124158,31180,92978,6473,2543,3930,3360,1388,1972,0,0,0
07,090,District - North West (01),Urban,0-9,612451,328850,283601,612451,328850,283601,0,0,0,0,0,0,0,0,0,0,0,0,0,0,0
07,090,District - North West (01),Urban,10-14,350627,191325,159302,347344,190117,157227,3066,1116,1950,93,25,68,111,62,49,13,5,8,0,0,0
07,090,District - North West (01),Urban,15-19,351374,197360,154014,331599,193114,138485,19379,4122,15257,190,53,137,171,66,105,35,5,30,0,0,0
07,090,District - North West (01),Urban,20-24,360095,194436,165659,228192,151640,76552,130513,42347,88166,658,201,457,563,192,371,169,56,113,0,0,0
07,090,District - North West (01),Urban,25-29,331572,174722,156850,83074,62182,20892,245485,111527,133958,1514,496,1018,1039,358,681,460,159,301,0,0,0
07,090,District - North West (01),Urban,30-34,283575,148512,135063,19323,14952,4371,259489,131988,127501,2972,839,2133,1114,440,674,677,293,384,0,0,0
07,090,District - North West (01),Urban,35-39,264875,138859,126016,6914,5192,1722,250991,131781,119210,5259,1170,4089,1065,430,635,646,286,360,0,0,0
07,090,District - North West (01),Urban,40-44,223571,119453,104118,3546,2597,949,210752,114615,96137,7963,1688,6275,823,347,476,487,206,281,0,0,0
07,090,District - North West (01),Urban,45-49,186076,101277,84799,2014,1427,587,172509,97185,75324,10600,2253,8347,595,240,355,358,172,186,0,0,0
07,090,District - North West (01),Urban,50-54,139898,76820,63078,1387,908,479,125568,73028,52540,12343,2638,9705,378,151,227,222,95,127,0,0,0
07,090,District - North West (01),Urban,55-59,103141,54198,48943,926,600,326,89982,50577,39405,11914,2892,9022,206,80,126,113,49,64,0,0,0
07,090,District - North West (01),Urban,60-64,99893,50647,49246,1792,1064,728,77141,44776,32365,20656,4693,15963,230,89,141,74,25,49,0,0,0
07,090,District - North West (01),Urban,65-69,55677,28765,26912,1841,1089,752,39021,23995,15026,14710,3634,11076,74,34,40,31,13,18,0,0,0
07,090,District - North West (01),Urban,70-74,37881,19427,18454,717,450,267,22872,15131,7741,14202,3813,10389,56,24,32,34,9,25,0,0,0
07,090,District - North West (01),Urban,75-79,19581,9883,9698,209,124,85,10464,6986,3478,8870,2757,6113,18,12,6,20,4,16,0,0,0
07,090,District - North West (01),Urban,80+,20977,9984,10993,740,434,306,8046,5512,2534,12149,4015,8134,25,15,10,17,8,9,0,0,0
07,090,District - North West (01),Urban,Age not stated,1325,724,601,739,460,279,512,245,267,65,13,52,5,3,2,4,3,1,0,0,0
07,090,District - North West (01),Urban,Less than 18,1168493,634289,534204,1159317,631517,527800,8742,2608,6134,213,54,159,196,102,94,25,8,17,0,0,0
07,090,District - North West (01),Urban,Less than 21,1398156,763237,634919,1355048,753144,601904,42272,9821,32451,393,105,288,368,151,217,75,16,59,0,0,0
07,091,District - North (02),Total,All ages,887978,475002,412976,431363,249793,181570,417673,215724,201949,36148,8429,27719,1741,676,1065,1053,380,673,0,0,0
07,091,District - North (02),Total,0-9,150406,80440,69966,150406,80440,69966,0,0,0,0,0,0,0,0,0,0,0,0,0,0,0
07,091,District - North (02),Total,10-14,86043,46487,39556,85236,46192,39044,768,280,488,20,9,11,15,5,10,4,1,3,0,0,0
07,091,District - North (02),Total,15-19,88499,48534,39965,84395,47562,36833,4010,944,3066,60,14,46,29,12,17,5,2,3,0,0,0
07,091,District - North (02),Total,20-24,92874,49720,43154,63960,41066,22894,28613,8573,20040,132,34,98,132,39,93,37,8,29,0,0,0
07,091,District - North (02),Total,25-29,88779,46575,42204,29001,21136,7865,58992,25205,33787,398,117,281,257,77,180,131,40,91,0,0,0
07,091,District - North (02),Total,30-34,76867,40820,36047,8766,6685,2081,66801,33728,33073,791,220,571,317,121,196,192,66,126,0,0,0
07,091,District - North (02),Total,35-39,70718,37918,32800,3378,2511,867,65434,34884,30550,1424,331,1093,279,115,164,203,77,126,0,0,0
07,091,District - North (02),Total,40-44,59201,32179,27022,1750,1299,451,54762,30302,24460,2292,423,1869,236,98,138,161,57,104,0,0,0
07,091,District - North (02),Total,45-49,49715,26860,22855,1045,735,310,45080,25384,19696,3314,617,2697,161,74,87,115,50,65,0,0,0
07,091,District - North (02),Total,50-54,37796,20915,16881,801,547,254,32904,19475,13429,3892,825,3067,114,43,71,85,25,60,0,0,0
07,091,District - North (02),Total,55-59,27369,14718,12651,523,331,192,22962,13486,9476,3767,836,2931,67,37,30,50,28,22,0,0,0
07,091,District - North (02),Total,60-64,24808,12650,12158,678,413,265,18186,10934,7252,5839,1269,4570,69,23,46,36,11,25,0,0,0
07,091,District - North (02),Total,65-69,13979,7105,6874,617,372,245,9190,5721,3469,4124,992,3132,36,18,18,12,2,10,0,0,0
07,091,District - North (02),Total,70-74,9686,4834,4852,231,139,92,5384,3685,1699,4045,997,3048,16,8,8,10,5,5,0,0,0
07,091,District - North (02),Total,75-79,4917,2372,2545,91,57,34,2345,1590,755,2471,722,1749,5,1,4,5,2,3,0,0,0
07,091,District - North (02),Total,80+,5958,2668,3290,250,162,88,2125,1476,649,3568,1019,2549,8,5,3,7,6,1,0,0,0
07,091,District - North (02),Total,Age not stated,363,207,156,235,146,89,117,57,60,11,4,7,0,0,0,0,0,0,0,0,0
07,091,District - North (02),Total,Less than 18,288075,154987,133088,285922,154284,131638,2065,670,1395,55,20,35,28,11,17,5,2,3,0,0,0
07,091,District - North (02),Total,Less than 21,345808,186889,158919,336861,184651,152210,8769,2185,6584,100,27,73,64,22,42,14,4,10,0,0,0
07,091,District - North (02),Rural,All ages,17746,9546,8200,8813,5135,3678,8419,4281,4138,490,121,369,17,5,12,7,4,3,0,0,0
07,091,District - North (02),Rural,0-9,3576,1924,1652,3576,1924,1652,0,0,0,0,0,0,0,0,0,0,0,0,0,0,0
07,091,District - North (02),Rural,10-14,2069,1207,862,2045,1193,852,23,14,9,0,0,0,1,0,1,0,0,0,0,0,0
07,091,District - North (02),Rural,15-19,1905,1029,876,1797,1004,793,107,25,82,0,0,0,1,0,1,0,0,0,0,0,0
07,091,District - North (02),Rural,20-24,1800,942,858,967,672,295,826,267,559,4,2,2,3,1,2,0,0,0,0,0,0
07,091,District - North (02),Rural,25-29,1734,897,837,298,240,58,1426,652,774,7,3,4,2,1,1,1,1,0,0,0,0
07,091,District - North (02),Rural,30-34,1570,784,786,64,51,13,1487,728,759,13,5,8,3,0,3,3,0,3,0,0,0
07,091,District - North (02),Rural,35-39,1431,772,659,21,18,3,1382,746,636,23,5,18,4,2,2,1,1,0,0,0,0
07,091,District - North (02),Rural,40-44,1097,608,489,9,8,1,1053,592,461,33,7,26,1,0,1,1,1,0,0,0,0
07,091,District - North (02),Rural,45-49,827,476,351,6,6,0,762,460,302,59,10,49,0,0,0,0,0,0,0,0,0
07,091,District - North (02),Rural,50-54,494,279,215,2,2,0,449,264,185,41,11,30,1,1,0,1,1,0,0,0,0
07,091,District - North (02),Rural,55-59,362,174,188,1,0,1,316,164,152,45,10,35,0,0,0,0,0,0,0,0,0
07,091,District - North (02),Rural,60-64,404,213,191,12,8,4,306,186,120,85,19,66,1,0,1,0,0,0,0,0,0
07,091,District - North (02),Rural,65-69,176,95,81,8,6,2,126,79,47,42,10,32,0,0,0,0,0,0,0,0,0
07,091,District - North (02),Rural,70-74,143,73,70,3,1,2,84,57,27,56,15,41,0,0,0,0,0,0,0,0,0
07,091,District - North (02),Rural,75-79,64,31,33,0,0,0,31,19,12,33,12,21,0,0,0,0,0,0,0,0,0
07,091,District - North (02),Rural,80+,92,40,52,3,1,2,41,28,13,48,11,37,0,0,0,0,0,0,0,0,0
07,091,District - North (02),Rural,Age not stated,2,2,0,1,1,0,0,0,0,1,1,0,0,0,0,0,0,0,0,0,0
07,091,District - North (02),Rural,Less than 18,6834,3784,3050,6787,3761,3026,45,23,22,0,0,0,2,0,2,0,0,0,0,0,0
07,091,District - North (02),Rural,Less than 21,7958,4360,3598,7693,4287,3406,263,73,190,0,0,0,2,0,2,0,0,0,0,0,0
07,091,District - North (02),Urban,All ages,870232,465456,404776,422550,244658,177892,409254,211443,197811,35658,8308,27350,1724,671,1053,1046,376,670,0,0,0
07,091,District - North (02),Urban,0-9,146830,78516,68314,146830,78516,68314,0,0,0,0,0,0,0,0,0,0,0,0,0,0,0
07,091,District - North (02),Urban,10-14,83974,45280,38694,83191,44999,38192,745,266,479,20,9,11,14,5,9,4,1,3,0,0,0
07,091,District - North (02),Urban,15-19,86594,47505,39089,82598,46558,36040,3903,919,2984,60,14,46,28,12,16,5,2,3,0,0,0
07,091,District - North (02),Urban,20-24,91074,48778,42296,62993,40394,22599,27787,8306,19481,128,32,96,129,38,91,37,8,29,0,0,0
07,091,District - North (02),Urban,25-29,87045,45678,41367,28703,20896,7807,57566,24553,33013,391,114,277,255,76,179,130,39,91,0,0,0
07,091,District - North (02),Urban,30-34,75297,40036,35261,8702,6634,2068,65314,33000,32314,778,215,563,314,121,193,189,66,123,0,0,0
07,091,District - North (02),Urban,35-39,69287,37146,32141,3357,2493,864,64052,34138,29914,1401,326,1075,275,113,162,202,76,126,0,0,0
07,091,District - North (02),Urban,40-44,58104,31571,26533,1741,1291,450,53709,29710,23999,2259,416,1843,235,98,137,160,56,104,0,0,0
07,091,District - North (02),Urban,45-49,48888,26384,22504,1039,729,310,44318,24924,19394,3255,607,2648,161,74,87,115,50,65,0,0,0
07,091,District - North (02),Urban,50-54,37302,20636,16666,799,545,254,32455,19211,13244,3851,814,3037,113,42,71,84,24,60,0,0,0
07,091,District - North (02),Urban,55-59,27007,14544,12463,522,331,191,22646,13322,9324,3722,826,2896,67,37,30,50,28,22,0,0,0
07,091,District - North (02),Urban,60-64,24404,12437,11967,666,405,261,17880,10748,7132,5754,1250,4504,68,23,45,36,11,25,0,0,0
07,091,District - North (02),Urban,65-69,13803,7010,6793,609,366,243,9064,5642,3422,4082,982,3100,36,18,18,12,2,10,0,0,0
07,091,District - North (02),Urban,70-74,9543,4761,4782,228,138,90,5300,3628,1672,3989,982,3007,16,8,8,10,5,5,0,0,0
07,091,District - North (02),Urban,75-79,4853,2341,2512,91,57,34,2314,1571,743,2438,710,1728,5,1,4,5,2,3,0,0,0
07,091,District - North (02),Urban,80+,5866,2628,3238,247,161,86,2084,1448,636,3520,1008,2512,8,5,3,7,6,1,0,0,0
07,091,District - North (02),Urban,Age not stated,361,205,156,234,145,89,117,57,60,10,3,7,0,0,0,0,0,0,0,0,0
07,091,District - North (02),Urban,Less than 18,281241,151203,130038,279135,150523,128612,2020,647,1373,55,20,35,26,11,15,5,2,3,0,0,0
07,091,District - North (02),Urban,Less than 21,337850,182529,155321,329168,180364,148804,8506,2112,6394,100,27,73,62,22,40,14,4,10,0,0,0
07,092,District - North East (03),Total,All ages,2241624,1188425,1053199,1150948,656550,494398,1012730,511301,501429,72355,18332,54023,3747,1455,2292,1844,787,1057,0,0,0
07,092,District - North East (03),Total,0-9,437474,233246,204228,437474,233246,204228,0,0,0,0,0,0,0,0,0,0,0,0,0,0,0
07,092,District - North East (03),Total,10-14,246457,132164,114293,244050,131349,112701,2249,748,1501,54,17,37,90,45,45,14,5,9,0,0,0
07,092,District - North East (03),Total,15-19,250203,135292,114911,237547,132614,104933,12395,2583,9812,123,36,87,119,53,66,19,6,13,0,0,0
07,092,District - North East (03),Total,20-24,245508,129036,116472,155980,101774,54206,88599,27017,61582,428,120,308,356,99,257,145,26,119,0,0,0
07,092,District - North East (03),Total,25-29,213436,111102,102334,51719,39339,12380,159798,71134,88664,930,286,644,665,225,440,324,118,206,0,0,0
07,092,District - North East (03),Total,30-34,176832,92506,84326,11514,9179,2335,162538,82410,80128,1763,509,1254,660,270,390,357,138,219,0,0,0
07,092,District - North East (03),Total,35-39,162115,84715,77400,3683,2940,743,154411,80603,73808,3086,732,2354,587,254,333,348,186,162,0,0,0
07,092,District - North East (03),Total,40-44,134003,72073,61930,1877,1450,427,126663,69237,57426,4742,1066,3676,461,191,270,260,129,131,0,0,0
07,092,District - North East (03),Total,45-49,108066,58651,49415,1008,783,225,100393,56354,44039,6237,1348,4889,291,107,184,137,59,78,0,0,0
07,092,District - North East (03),Total,50-54,77352,42688,34664,696,528,168,69132,40405,28727,7257,1631,5626,173,77,96,94,47,47,0,0,0
07,092,District - North East (03),Total,55-59,56449,29407,27042,454,338,116,48841,27252,21589,6992,1745,5247,111,43,68,51,29,22,0,0,0
07,092,District - North East (03),Total,60-64,59095,29447,29648,989,627,362,44860,25890,18970,13068,2871,10197,124,43,81,54,16,38,0,0,0
07,092,District - North East (03),Total,65-69,31386,16218,15168,1075,641,434,21278,13318,7960,8976,2238,6738,45,14,31,12,7,5,0,0,0
07,092,District - North East (03),Total,70-74,20527,10616,9911,416,263,153,11707,7981,3726,8365,2342,6023,28,20,8,11,10,1,0,0,0
07,092,District - North East (03),Total,75-79,8973,4574,4399,118,68,50,4632,3106,1526,4209,1394,2815,11,4,7,3,2,1,0,0,0
07,092,District - North East (03),Total,80+,10881,5151,5730,663,414,249,4153,2754,1399,6037,1971,4066,19,8,11,9,4,5,0,0,0
07,092,District - North East (03),Total,Age not stated,2867,1539,1328,1685,997,688,1081,509,572,88,26,62,7,2,5,6,5,1,0,0,0
07,092,District - North East (03),Total,Less than 18,831183,444318,386865,824608,442420,382188,6268,1782,4486,139,38,101,147,71,76,21,7,14,0,0,0
07,092,District - North East (03),Total,Less than 21,992427,531682,460745,964444,525337,439107,27419,6139,21280,251,71,180,267,121,146,46,14,32,0,0,0
07,092,District - North East (03),Rural,All ages,21527,11718,9809,11184,6580,4604,9731,4960,4771,586,164,422,18,10,8,8,4,4,0,0,0
07,092,District - North East (03),Rural,0-9,4899,2679,2220,4899,2679,2220,0,0,0,0,0,0,0,0,0,0,0,0,0,0,0
07,092,District - North East (03),Rural,10-14,2532,1394,1138,2513,1389,1124,18,5,13,0,0,0,1,0,1,0,0,0,0,0,0
07,092,District - North East (03),Rural,15-19,2393,1348,1045,2186,1299,887,203,46,157,1,1,0,2,1,1,1,1,0,0,0,0
07,092,District - North East (03),Rural,20-24,2286,1248,1038,1142,840,302,1137,407,730,3,0,3,3,1,2,1,0,1,0,0,0
07,092,District - North East (03),Rural,25-29,1920,1008,912,242,211,31,1664,789,875,9,4,5,2,2,0,3,2,1,0,0,0
07,092,District - North East (03),Rural,30-34,1764,922,842,69,59,10,1672,856,816,20,5,15,1,1,0,2,1,1,0,0,0
07,092,District - North East (03),Rural,35-39,1590,861,729,30,27,3,1523,824,699,34,9,25,3,1,2,0,0,0,0,0,0
07,092,District - North East (03),Rural,40-44,1184,664,520,18,14,4,1125,632,493,39,17,22,2,1,1,0,0,0,0,0,0
07,092,District - North East (03),Rural,45-49,885,496,389,8,8,0,819,474,345,58,14,44,0,0,0,0,0,0,0,0,0
07,092,District - North East (03),Rural,50-54,558,322,236,6,4,2,500,302,198,52,16,36,0,0,0,0,0,0,0,0,0
07,092,District - North East (03),Rural,55-59,449,226,223,4,3,1,382,209,173,63,14,49,0,0,0,0,0,0,0,0,0
07,092,District - North East (03),Rural,60-64,456,233,223,12,9,3,346,197,149,96,26,70,2,1,1,0,0,0,0,0,0
07,092,District - North East (03),Rural,65-69,258,132,126,17,13,4,155,96,59,84,22,62,1,1,0,1,0,1,0,0,0
07,092,District - North East (03),Rural,70-74,158,83,75,6,4,2,95,64,31,56,14,42,1,1,0,0,0,0,0,0,0
07,092,District - North East (03),Rural,75-79,66,31,35,1,0,1,37,25,12,28,6,22,0,0,0,0,0,0,0,0,0
07,092,District - North East (03),Rural,80+,93,49,44,9,6,3,42,27,15,42,16,26,0,0,0,0,0,0,0,0,0
07,092,District - North East (03),Rural,Age not stated,36,22,14,22,15,7,13,7,6,1,0,1,0,0,0,0,0,0,0,0,0
07,092,District - North East (03),Rural,Less than 18,8841,4857,3984,8781,4842,3939,57,13,44,1,1,0,2,1,1,0,0,0,0,0,0
07,092,District - North East (03),Rural,Less than 21,10425,5756,4669,9997,5647,4350,423,106,317,1,1,0,3,1,2,1,1,0,0,0,0
07,092,District - North East (03),Urban,All ages,2220097,1176707,1043390,1139764,649970,489794,1002999,506341,496658,71769,18168,53601,3729,1445,2284,1836,783,1053,0,0,0
07,092,District - North East (03),Urban,0-9,432575,230567,202008,432575,230567,202008,0,0,0,0,0,0,0,0,0,0,0,0,0,0,0
07,092,District - North East (03),Urban,10-14,243925,130770,113155,241537,129960,111577,2231,743,1488,54,17,37,89,45,44,14,5,9,0,0,0
07,092,District - North East (03),Urban,15-19,247810,133944,113866,235361,131315,104046,12192,2537,9655,122,35,87,117,52,65,18,5,13,0,0,0
07,092,District - North East (03),Urban,20-24,243222,127788,115434,154838,100934,53904,87462,26610,60852,425,120,305,353,98,255,144,26,118,0,0,0
07,092,District - North East (03),Urban,25-29,211516,110094,101422,51477,39128,12349,158134,70345,87789,921,282,639,663,223,440,321,116,205,0,0,0
07,092,District - North East (03),Urban,30-34,175068,91584,83484,11445,9120,2325,160866,81554,79312,1743,504,1239,659,269,390,355,137,218,0,0,0
07,092,District - North East (03),Urban,35-39,160525,83854,76671,3653,2913,740,152888,79779,73109,3052,723,2329,584,253,331,348,186,162,0,0,0
07,092,District - North East (03),Urban,40-44,132819,71409,61410,1859,1436,423,125538,68605,56933,4703,1049,3654,459,190,269,260,129,131,0,0,0
07,092,District - North East (03),Urban,45-49,107181,58155,49026,1000,775,225,99574,55880,43694,6179,1334,4845,291,107,184,137,59,78,0,0,0
07,092,District - North East (03),Urban,50-54,76794,42366,34428,690,524,166,68632,40103,28529,7205,1615,5590,173,77,96,94,47,47,0,0,0
07,092,District - North East (03),Urban,55-59,56000,29181,26819,450,335,115,48459,27043,21416,6929,1731,5198,111,43,68,51,29,22,0,0,0
07,092,District - North East (03),Urban,60-64,58639,29214,29425,977,618,359,44514,25693,18821,12972,2845,10127,122,42,80,54,16,38,0,0,0
07,092,District - North East (03),Urban,65-69,31128,16086,15042,1058,628,430,21123,13222,7901,8892,2216,6676,44,13,31,11,7,4,0,0,0
07,092,District - North East (03),Urban,70-74,20369,10533,9836,410,259,151,11612,7917,3695,8309,2328,5981,27,19,8,11,10,1,0,0,0
07,092,District - North East (03),Urban,75-79,8907,4543,4364,117,68,49,4595,3081,1514,4181,1388,2793,11,4,7,3,2,1,0,0,0
07,092,District - North East (03),Urban,80+,10788,5102,5686,654,408,246,4111,2727,1384,5995,1955,4040,19,8,11,9,4,5,0,0,0
07,092,District - North East (03),Urban,Age not stated,2831,1517,1314,1663,982,681,1068,502,566,87,26,61,7,2,5,6,5,1,0,0,0
07,092,District - North East (03),Urban,Less than 18,822342,439461,382881,815827,437578,378249,6211,1769,4442,138,37,101,145,70,75,21,7,14,0,0,0
07,092,District - North East (03),Urban,Less than 21,982002,525926,456076,954447,519690,434757,26996,6033,20963,250,70,180,264,120,144,45,13,32,0,0,0
07,093,District - East (04),Total,All ages,1709346,907500,801846,791834,458907,332927,846132,430780,415352,66019,15783,50236,3349,1238,2111,2012,792,1220,0,0,0
07,093,District - East (04),Total,0-9,281766,151306,130460,281766,151306,130460,0,0,0,0,0,0,0,0,0,0,0,0,0,0,0
07,093,District - East (04),Total,10-14,156648,85026,71622,155086,84493,70593,1436,479,957,38,11,27,79,39,40,9,4,5,0,0,0
07,093,District - East (04),Total,15-19,160541,88681,71860,152688,86934,65754,7679,1685,5994,74,22,52,94,38,56,6,2,4,0,0,0
07,093,District - East (04),Total,20-24,175202,93387,81815,121123,77294,43829,53538,15935,37603,258,71,187,210,68,142,73,19,54,0,0,0
07,093,District - East (04),Total,25-29,174806,90961,83845,54681,40126,14555,118820,50428,68392,570,149,421,503,174,329,232,84,148,0,0,0
07,093,District - East (04),Total,30-34,151437,79744,71693,13593,10269,3324,135621,68814,66807,1302,334,968,572,203,369,349,124,225,0,0,0
07,093,District - East (04),Total,35-39,136723,71704,65019,4495,3160,1335,128876,67656,61220,2355,505,1850,590,222,368,407,161,246,0,0,0
07,093,District - East (04),Total,40-44,113369,60415,52954,2261,1577,684,106752,57789,48963,3592,722,2870,444,183,261,320,144,176,0,0,0
07,093,District - East (04),Total,45-49,95628,50706,44922,1372,913,459,88523,48615,39908,5162,957,4205,305,108,197,266,113,153,0,0,0
07,093,District - East (04),Total,50-54,75247,40420,34827,1048,616,432,67398,38387,29011,6454,1301,5153,194,64,130,153,52,101,0,0,0
07,093,District - East (04),Total,55-59,56384,29346,27038,632,360,272,48845,27475,21370,6683,1424,5259,134,49,85,90,38,52,0,0,0
07,093,District - East (04),Total,60-64,51038,25347,25691,790,473,317,39748,22645,17103,10338,2157,8181,116,49,67,46,23,23,0,0,0
07,093,District - East (04),Total,65-69,31613,15858,15755,719,421,298,22445,13426,9019,8375,1981,6394,48,21,27,26,9,17,0,0,0
07,093,District - East (04),Total,70-74,22906,11397,11509,339,186,153,14131,9047,5084,8399,2151,6248,22,6,16,15,7,8,0,0,0
07,093,District - East (04),Total,75-79,12574,6471,6103,147,88,59,6934,4718,2216,5472,1655,3817,13,5,8,8,5,3,0,0,0
07,093,District - East (04),Total,80+,12362,6089,6273,496,309,187,4934,3443,1491,6902,2322,4580,20,9,11,10,6,4,0,0,0
07,093,District - East (04),Total,Age not stated,1102,642,460,598,382,216,452,238,214,45,21,24,5,0,5,2,1,1,0,0,0
07,093,District - East (04),Total,Less than 18,531617,287415,244202,527312,286201,241111,4081,1130,2951,86,23,63,128,57,71,10,4,6,0,0,0
07,093,District - East (04),Total,Less than 21,636785,345775,291010,620100,341677,278423,16272,3950,12322,172,48,124,217,90,127,24,10,14,0,0,0
07,093,District - East (04),Rural,All ages,3530,1861,1669,1484,869,615,1886,959,927,147,27,120,6,3,3,7,3,4,0,0,0
07,093,District - East (04),Rural,0-9,525,302,223,525,302,223,0,0,0,0,0,0,0,0,0,0,0,0,0,0,0
07,093,District - East (04),Rural,10-14,232,121,111,229,120,109,3,1,2,0,0,0,0,0,0,0,0,0,0,0,0
07,093,District - East (04),Rural,15-19,234,135,99,222,132,90,12,3,9,0,0,0,0,0,0,0,0,0,0,0,0
07,093,District - East (04),Rural,20-24,343,166,177,249,141,108,91,24,67,3,1,2,0,0,0,0,0,0,0,0,0
07,093,District - East (04),Rural,25-29,396,196,200,160,111,49,236,85,151,0,0,0,0,0,0,0,0,0,0,0,0
07,093,District - East (04),Rural,30-34,407,224,183,46,33,13,357,190,167,2,0,2,1,1,0,1,0,1,0,0,0
07,093,District - East (04),Rural,35-39,321,166,155,17,11,6,299,154,145,2,0,2,2,1,1,1,0,1,0,0,0
07,093,District - East (04),Rural,40-44,250,143,107,7,6,1,236,135,101,6,1,5,1,1,0,0,0,0,0,0,0
07,093,District - East (04),Rural,45-49,178,101,77,4,1,3,163,99,64,10,1,9,1,0,1,0,0,0,0,0,0
07,093,District - East (04),Rural,50-54,181,79,102,3,1,2,162,76,86,15,1,14,0,0,0,1,1,0,0,0,0
07,093,District - East (04),Rural,55-59,115,67,48,3,2,1,97,64,33,12,0,12,0,0,0,3,1,2,0,0,0
07,093,District - East (04),Rural,60-64,112,53,59,5,2,3,87,48,39,20,3,17,0,0,0,0,0,0,0,0,0
07,093,District - East (04),Rural,65-69,88,35,53,8,3,5,59,27,32,20,4,16,0,0,0,1,1,0,0,0,0
07,093,District - East (04),Rural,70-74,63,29,34,0,0,0,41,24,17,22,5,17,0,0,0,0,0,0,0,0,0
07,093,District - East (04),Rural,75-79,46,22,24,1,0,1,31,19,12,14,3,11,0,0,0,0,0,0,0,0,0
07,093,District - East (04),Rural,80+,34,19,15,2,2,0,10,9,1,21,8,13,1,0,1,0,0,0,0,0,0
07,093,District - East (04),Rural,Age not stated,5,3,2,3,2,1,2,1,1,0,0,0,0,0,0,0,0,0,0,0,0
07,093,District - East (04),Rural,Less than 18,893,504,389,885,500,385,8,4,4,0,0,0,0,0,0,0,0,0,0,0,0
07,093,District - East (04),Rural,Less than 21,1056,590,466,1031,582,449,24,8,16,1,0,1,0,0,0,0,0,0,0,0,0
07,093,District - East (04),Urban,All ages,1705816,905639,800177,790350,458038,332312,844246,429821,414425,65872,15756,50116,3343,1235,2108,2005,789,1216,0,0,0
07,093,District - East (04),Urban,0-9,281241,151004,130237,281241,151004,130237,0,0,0,0,0,0,0,0,0,0,0,0,0,0,0
07,093,District - East (04),Urban,10-14,156416,84905,71511,154857,84373,70484,1433,478,955,38,11,27,79,39,40,9,4,5,0,0,0
07,093,District - East (04),Urban,15-19,160307,88546,71761,152466,86802,65664,7667,1682,5985,74,22,52,94,38,56,6,2,4,0,0,0
07,093,District - East (04),Urban,20-24,174859,93221,81638,120874,77153,43721,53447,15911,37536,255,70,185,210,68,142,73,19,54,0,0,0
07,093,District - East (04),Urban,25-29,174410,90765,83645,54521,40015,14506,118584,50343,68241,570,149,421,503,174,329,232,84,148,0,0,0
07,093,District - East (04),Urban,30-34,151030,79520,71510,13547,10236,3311,135264,68624,66640,1300,334,966,571,202,369,348,124,224,0,0,0
07,093,District - East (04),Urban,35-39,136402,71538,64864,4478,3149,1329,128577,67502,61075,2353,505,1848,588,221,367,406,161,245,0,0,0
07,093,District - East (04),Urban,40-44,113119,60272,52847,2254,1571,683,106516,57654,48862,3586,721,2865,443,182,261,320,144,176,0,0,0
07,093,District - East (04),Urban,45-49,95450,50605,44845,1368,912,456,88360,48516,39844,5152,956,4196,304,108,196,266,113,153,0,0,0
07,093,District - East (04),Urban,50-54,75066,40341,34725,1045,615,430,67236,38311,28925,6439,1300,5139,194,64,130,152,51,101,0,0,0
07,093,District - East (04),Urban,55-59,56269,29279,26990,629,358,271,48748,27411,21337,6671,1424,5247,134,49,85,87,37,50,0,0,0
07,093,District - East (04),Urban,60-64,50926,25294,25632,785,471,314,39661,22597,17064,10318,2154,8164,116,49,67,46,23,23,0,0,0
07,093,District - East (04),Urban,65-69,31525,15823,15702,711,418,293,22386,13399,8987,8355,1977,6378,48,21,27,25,8,17,0,0,0
07,093,District - East (04),Urban,70-74,22843,11368,11475,339,186,153,14090,9023,5067,8377,2146,6231,22,6,16,15,7,8,0,0,0
07,093,District - East (04),Urban,75-79,12528,6449,6079,146,88,58,6903,4699,2204,5458,1652,3806,13,5,8,8,5,3,0,0,0
07,093,District - East (04),Urban,80+,12328,6070,6258,494,307,187,4924,3434,1490,6881,2314,4567,19,9,10,10,6,4,0,0,0
07,093,District - East (04),Urban,Age not stated,1097,639,458,595,380,215,450,237,213,45,21,24,5,0,5,2,1,1,0,0,0
07,093,District - East (04),Urban,Less than 18,530724,286911,243813,526427,285701,240726,4073,1126,2947,86,23,63,128,57,71,10,4,6,0,0,0
07,093,District - East (04),Urban,Less than 21,635729,345185,290544,619069,341095,277974,16248,3942,12306,171,48,123,217,90,127,24,10,14,0,0,0
07,094,District - New Delhi (05),Total,All ages,142004,77942,64062,64800,37598,27202,72353,39180,33173,4410,995,3415,242,79,163,199,90,109,0,0,0
07,094,District - New Delhi (05),Total,0-9,18935,10011,8924,18935,10011,8924,0,0,0,0,0,0,0,0,0,0,0,0,0,0,0
07,094,District - New Delhi (05),Total,10-14,12312,6565,5747,12066,6477,5589,233,84,149,5,2,3,4,0,4,4,2,2,0,0,0
07,094,District - New Delhi (05),Total,15-19,14164,7914,6250,13319,7668,5651,830,240,590,9,3,6,6,3,3,0,0,0,0,0,0
07,094,District - New Delhi (05),Total,20-24,16611,9528,7083,12229,7859,4370,4334,1653,2681,22,6,16,17,9,8,9,1,8,0,0,0
07,094,District - New Delhi (05),Total,25-29,14054,7791,6263,5280,3649,1631,8678,4115,4563,45,11,34,31,6,25,20,10,10,0,0,0
07,094,District - New Delhi (05),Total,30-34,11123,6097,5026,1263,896,367,9706,5153,4553,87,25,62,41,9,32,26,14,12,0,0,0
07,094,District - New Delhi (05),Total,35-39,11012,5780,5232,424,282,142,10330,5445,4885,184,27,157,47,18,29,27,8,19,0,0,0
07,094,District - New Delhi (05),Total,40-44,11160,5812,5348,325,208,117,10445,5520,4925,338,64,274,27,6,21,25,14,11,0,0,0
07,094,District - New Delhi (05),Total,45-49,10618,5923,4695,194,111,83,9957,5706,4251,422,84,338,17,6,11,28,16,12,0,0,0
07,094,District - New Delhi (05),Total,50-54,8628,4978,3650,172,103,69,7882,4729,3153,529,130,399,21,7,14,24,9,15,0,0,0
07,094,District - New Delhi (05),Total,55-59,6009,3876,2133,124,60,64,5339,3663,1676,516,139,377,15,8,7,15,6,9,0,0,0
07,094,District - New Delhi (05),Total,60-64,2750,1594,1156,102,62,40,2121,1403,718,510,120,390,7,3,4,10,6,4,0,0,0
07,094,District - New Delhi (05),Total,65-69,1414,679,735,80,47,33,938,565,373,388,64,324,3,2,1,5,1,4,0,0,0
07,094,District - New Delhi (05),Total,70-74,1146,492,654,59,36,23,636,364,272,447,91,356,3,1,2,1,0,1,0,0,0
07,094,District - New Delhi (05),Total,75-79,764,311,453,27,14,13,373,221,152,362,74,288,1,1,0,1,1,0,0,0,0
07,094,District - New Delhi (05),Total,80+,1062,461,601,69,41,28,449,264,185,539,154,385,1,0,1,4,2,2,0,0,0
07,094,District - New Delhi (05),Total,Age not stated,242,130,112,132,74,58,102,55,47,7,1,6,1,0,1,0,0,0,0,0,0
07,094,District - New Delhi (05),Total,Less than 18,39276,21057,18219,38709,20867,17842,545,182,363,10,4,6,8,2,6,4,2,2,0,0,0
07,094,District - New Delhi (05),Total,Less than 21,48937,26569,22368,47197,26004,21193,1704,553,1151,18,6,12,12,4,8,6,2,4,0,0,0
07,094,District - New Delhi (05),Rural,All ages,0,0,0,0,0,0,0,0,0,0,0,0,0,0,0,0,0,0,0,0,0
07,094,District - New Delhi (05),Rural,0-9,0,0,0,0,0,0,0,0,0,0,0,0,0,0,0,0,0,0,0,0,0
07,094,District - New Delhi (05),Rural,10-14,0,0,0,0,0,0,0,0,0,0,0,0,0,0,0,0,0,0,0,0,0
07,094,District - New Delhi (05),Rural,15-19,0,0,0,0,0,0,0,0,0,0,0,0,0,0,0,0,0,0,0,0,0
07,094,District - New Delhi (05),Rural,20-24,0,0,0,0,0,0,0,0,0,0,0,0,0,0,0,0,0,0,0,0,0
07,094,District - New Delhi (05),Rural,25-29,0,0,0,0,0,0,0,0,0,0,0,0,0,0,0,0,0,0,0,0,0
07,094,District - New Delhi (05),Rural,30-34,0,0,0,0,0,0,0,0,0,0,0,0,0,0,0,0,0,0,0,0,0
07,094,District - New Delhi (05),Rural,35-39,0,0,0,0,0,0,0,0,0,0,0,0,0,0,0,0,0,0,0,0,0
07,094,District - New Delhi (05),Rural,40-44,0,0,0,0,0,0,0,0,0,0,0,0,0,0,0,0,0,0,0,0,0
07,094,District - New Delhi (05),Rural,45-49,0,0,0,0,0,0,0,0,0,0,0,0,0,0,0,0,0,0,0,0,0
07,094,District - New Delhi (05),Rural,50-54,0,0,0,0,0,0,0,0,0,0,0,0,0,0,0,0,0,0,0,0,0
07,094,District - New Delhi (05),Rural,55-59,0,0,0,0,0,0,0,0,0,0,0,0,0,0,0,0,0,0,0,0,0
07,094,District - New Delhi (05),Rural,60-64,0,0,0,0,0,0,0,0,0,0,0,0,0,0,0,0,0,0,0,0,0
07,094,District - New Delhi (05),Rural,65-69,0,0,0,0,0,0,0,0,0,0,0,0,0,0,0,0,0,0,0,0,0
07,094,District - New Delhi (05),Rural,70-74,0,0,0,0,0,0,0,0,0,0,0,0,0,0,0,0,0,0,0,0,0
07,094,District - New Delhi (05),Rural,75-79,0,0,0,0,0,0,0,0,0,0,0,0,0,0,0,0,0,0,0,0,0
07,094,District - New Delhi (05),Rural,80+,0,0,0,0,0,0,0,0,0,0,0,0,0,0,0,0,0,0,0,0,0
07,094,District - New Delhi (05),Rural,Age not stated,0,0,0,0,0,0,0,0,0,0,0,0,0,0,0,0,0,0,0,0,0
07,094,District - New Delhi (05),Rural,Less than 18,0,0,0,0,0,0,0,0,0,0,0,0,0,0,0,0,0,0,0,0,0
07,094,District - New Delhi (05),Rural,Less than 21,0,0,0,0,0,0,0,0,0,0,0,0,0,0,0,0,0,0,0,0,0
07,094,District - New Delhi (05),Urban,All ages,142004,77942,64062,64800,37598,27202,72353,39180,33173,4410,995,3415,242,79,163,199,90,109,0,0,0
07,094,District - New Delhi (05),Urban,0-9,18935,10011,8924,18935,10011,8924,0,0,0,0,0,0,0,0,0,0,0,0,0,0,0
07,094,District - New Delhi (05),Urban,10-14,12312,6565,5747,12066,6477,5589,233,84,149,5,2,3,4,0,4,4,2,2,0,0,0
07,094,District - New Delhi (05),Urban,15-19,14164,7914,6250,13319,7668,5651,830,240,590,9,3,6,6,3,3,0,0,0,0,0,0
07,094,District - New Delhi (05),Urban,20-24,16611,9528,7083,12229,7859,4370,4334,1653,2681,22,6,16,17,9,8,9,1,8,0,0,0
07,094,District - New Delhi (05),Urban,25-29,14054,7791,6263,5280,3649,1631,8678,4115,4563,45,11,34,31,6,25,20,10,10,0,0,0
07,094,District - New Delhi (05),Urban,30-34,11123,6097,5026,1263,896,367,9706,5153,4553,87,25,62,41,9,32,26,14,12,0,0,0
07,094,District - New Delhi (05),Urban,35-39,11012,5780,5232,424,282,142,10330,5445,4885,184,27,157,47,18,29,27,8,19,0,0,0
07,094,District - New Delhi (05),Urban,40-44,11160,5812,5348,325,208,117,10445,5520,4925,338,64,274,27,6,21,25,14,11,0,0,0
07,094,District - New Delhi (05),Urban,45-49,10618,5923,4695,194,111,83,9957,5706,4251,422,84,338,17,6,11,28,16,12,0,0,0
07,094,District - New Delhi (05),Urban,50-54,8628,4978,3650,172,103,69,7882,4729,3153,529,130,399,21,7,14,24,9,15,0,0,0
07,094,District - New Delhi (05),Urban,55-59,6009,3876,2133,124,60,64,5339,3663,1676,516,139,377,15,8,7,15,6,9,0,0,0
07,094,District - New Delhi (05),Urban,60-64,2750,1594,1156,102,62,40,2121,1403,718,510,120,390,7,3,4,10,6,4,0,0,0
07,094,District - New Delhi (05),Urban,65-69,1414,679,735,80,47,33,938,565,373,388,64,324,3,2,1,5,1,4,0,0,0
07,094,District - New Delhi (05),Urban,70-74,1146,492,654,59,36,23,636,364,272,447,91,356,3,1,2,1,0,1,0,0,0
07,094,District - New Delhi (05),Urban,75-79,764,311,453,27,14,13,373,221,152,362,74,288,1,1,0,1,1,0,0,0,0
07,094,District - New Delhi (05),Urban,80+,1062,461,601,69,41,28,449,264,185,539,154,385,1,0,1,4,2,2,0,0,0
07,094,District - New Delhi (05),Urban,Age not stated,242,130,112,132,74,58,102,55,47,7,1,6,1,0,1,0,0,0,0,0,0
07,094,District - New Delhi (05),Urban,Less than 18,39276,21057,18219,38709,20867,17842,545,182,363,10,4,6,8,2,6,4,2,2,0,0,0
07,094,District - New Delhi (05),Urban,Less than 21,48937,26569,22368,47197,26004,21193,1704,553,1151,18,6,12,12,4,8,6,2,4,0,0,0
07,095,District - Central (06),Total,All ages,582320,307821,274499,282485,161352,121133,267745,139249,128496,29232,6283,22949,1818,561,1257,1040,376,664,0,0,0
07,095,District - Central (06),Total,0-9,90337,47287,43050,90337,47287,43050,0,0,0,0,0,0,0,0,0,0,0,0,0,0,0
07,095,District - Central (06),Total,10-14,50735,26999,23736,50250,26823,23427,442,162,280,26,4,22,13,8,5,4,2,2,0,0,0
07,095,District - Central (06),Total,15-19,55244,30148,25096,52731,29548,23183,2454,580,1874,27,8,19,24,8,16,8,4,4,0,0,0
07,095,District - Central (06),Total,20-24,62330,33308,29022,46057,28385,17672,16026,4871,11155,112,21,91,101,22,79,34,9,25,0,0,0
07,095,District - Central (06),Total,25-29,59004,31008,27996,24107,16657,7450,34173,14190,19983,337,87,250,270,50,220,117,24,93,0,0,0
07,095,District - Central (06),Total,30-34,50745,27061,23684,8629,6092,2537,40952,20669,20283,632,151,481,359,93,266,173,56,117,0,0,0
07,095,District - Central (06),Total,35-39,45599,24157,21442,3650,2464,1186,40319,21286,19033,1146,241,905,307,91,216,177,75,102,0,0,0
07,095,District - Central (06),Total,40-44,39067,20886,18181,1903,1264,639,34854,19165,15689,1928,327,1601,235,80,155,147,50,97,0,0,0
07,095,District - Central (06),Total,45-49,34122,18170,15952,1279,799,480,29973,16808,13165,2552,440,2112,191,75,116,127,48,79,0,0,0
07,095,District - Central (06),Total,50-54,27735,14945,12790,914,539,375,23498,13720,9778,3116,595,2521,108,51,57,99,40,59,0,0,0
07,095,District - Central (06),Total,55-59,20849,11141,9708,561,329,232,17165,10092,7073,2964,649,2315,92,36,56,67,35,32,0,0,0
07,095,District - Central (06),Total,60-64,18411,9371,9040,596,314,282,13188,8150,5038,4523,873,3650,61,24,37,43,10,33,0,0,0
07,095,District - Central (06),Total,65-69,10473,5173,5300,428,228,200,6658,4214,2444,3352,712,2640,20,8,12,15,11,4,0,0,0
07,095,District - Central (06),Total,70-74,7629,3550,4079,238,147,91,4073,2658,1415,3285,730,2555,15,6,9,18,9,9,0,0,0
07,095,District - Central (06),Total,75-79,4319,2034,2285,98,54,44,2036,1403,633,2168,570,1598,10,5,5,7,2,5,0,0,0
07,095,District - Central (06),Total,80+,5032,2220,2812,256,158,98,1735,1192,543,3028,866,2162,9,3,6,4,1,3,0,0,0
07,095,District - Central (06),Total,Age not stated,689,363,326,451,264,187,199,89,110,36,9,27,3,1,2,0,0,0,0,0,0
07,095,District - Central (06),Total,Less than 18,172623,91431,81192,171276,91026,80250,1269,378,891,47,11,36,23,13,10,8,3,5,0,0,0
07,095,District - Central (06),Total,Less than 21,210120,111940,98180,204789,110571,94218,5197,1329,3868,73,16,57,44,17,27,17,7,10,0,0,0
07,095,District - Central (06),Rural,All ages,0,0,0,0,0,0,0,0,0,0,0,0,0,0,0,0,0,0,0,0,0
07,095,District - Central (06),Rural,0-9,0,0,0,0,0,0,0,0,0,0,0,0,0,0,0,0,0,0,0,0,0
07,095,District - Central (06),Rural,10-14,0,0,0,0,0,0,0,0,0,0,0,0,0,0,0,0,0,0,0,0,0
07,095,District - Central (06),Rural,15-19,0,0,0,0,0,0,0,0,0,0,0,0,0,0,0,0,0,0,0,0,0
07,095,District - Central (06),Rural,20-24,0,0,0,0,0,0,0,0,0,0,0,0,0,0,0,0,0,0,0,0,0
07,095,District - Central (06),Rural,25-29,0,0,0,0,0,0,0,0,0,0,0,0,0,0,0,0,0,0,0,0,0
07,095,District - Central (06),Rural,30-34,0,0,0,0,0,0,0,0,0,0,0,0,0,0,0,0,0,0,0,0,0
07,095,District - Central (06),Rural,35-39,0,0,0,0,0,0,0,0,0,0,0,0,0,0,0,0,0,0,0,0,0
07,095,District - Central (06),Rural,40-44,0,0,0,0,0,0,0,0,0,0,0,0,0,0,0,0,0,0,0,0,0
07,095,District - Central (06),Rural,45-49,0,0,0,0,0,0,0,0,0,0,0,0,0,0,0,0,0,0,0,0,0
07,095,District - Central (06),Rural,50-54,0,0,0,0,0,0,0,0,0,0,0,0,0,0,0,0,0,0,0,0,0
07,095,District - Central (06),Rural,55-59,0,0,0,0,0,0,0,0,0,0,0,0,0,0,0,0,0,0,0,0,0
07,095,District - Central (06),Rural,60-64,0,0,0,0,0,0,0,0,0,0,0,0,0,0,0,0,0,0,0,0,0
07,095,District - Central (06),Rural,65-69,0,0,0,0,0,0,0,0,0,0,0,0,0,0,0,0,0,0,0,0,0
07,095,District - Central (06),Rural,70-74,0,0,0,0,0,0,0,0,0,0,0,0,0,0,0,0,0,0,0,0,0
07,095,District - Central (06),Rural,75-79,0,0,0,0,0,0,0,0,0,0,0,0,0,0,0,0,0,0,0,0,0
07,095,District - Central (06),Rural,80+,0,0,0,0,0,0,0,0,0,0,0,0,0,0,0,0,0,0,0,0,0
07,095,District - Central (06),Rural,Age not stated,0,0,0,0,0,0,0,0,0,0,0,0,0,0,0,0,0,0,0,0,0
07,095,District - Central (06),Rural,Less than 18,0,0,0,0,0,0,0,0,0,0,0,0,0,0,0,0,0,0,0,0,0
07,095,District - Central (06),Rural,Less than 21,0,0,0,0,0,0,0,0,0,0,0,0,0,0,0,0,0,0,0,0,0
07,095,District - Central (06),Urban,All ages,582320,307821,274499,282485,161352,121133,267745,139249,128496,29232,6283,22949,1818,561,1257,1040,376,664,0,0,0
07,095,District - Central (06),Urban,0-9,90337,47287,43050,90337,47287,43050,0,0,0,0,0,0,0,0,0,0,0,0,0,0,0
07,095,District - Central (06),Urban,10-14,50735,26999,23736,50250,26823,23427,442,162,280,26,4,22,13,8,5,4,2,2,0,0,0
07,095,District - Central (06),Urban,15-19,55244,30148,25096,52731,29548,23183,2454,580,1874,27,8,19,24,8,16,8,4,4,0,0,0
07,095,District - Central (06),Urban,20-24,62330,33308,29022,46057,28385,17672,16026,4871,11155,112,21,91,101,22,79,34,9,25,0,0,0
07,095,District - Central (06),Urban,25-29,59004,31008,27996,24107,16657,7450,34173,14190,19983,337,87,250,270,50,220,117,24,93,0,0,0
07,095,District - Central (06),Urban,30-34,50745,27061,23684,8629,6092,2537,40952,20669,20283,632,151,481,359,93,266,173,56,117,0,0,0
07,095,District - Central (06),Urban,35-39,45599,24157,21442,3650,2464,1186,40319,21286,19033,1146,241,905,307,91,216,177,75,102,0,0,0
07,095,District - Central (06),Urban,40-44,39067,20886,18181,1903,1264,639,34854,19165,15689,1928,327,1601,235,80,155,147,50,97,0,0,0
07,095,District - Central (06),Urban,45-49,34122,18170,15952,1279,799,480,29973,16808,13165,2552,440,2112,191,75,116,127,48,79,0,0,0
07,095,District - Central (06),Urban,50-54,27735,14945,12790,914,539,375,23498,13720,9778,3116,595,2521,108,51,57,99,40,59,0,0,0
07,095,District - Central (06),Urban,55-59,20849,11141,9708,561,329,232,17165,10092,7073,2964,649,2315,92,36,56,67,35,32,0,0,0
07,095,District - Central (06),Urban,60-64,18411,9371,9040,596,314,282,13188,8150,5038,4523,873,3650,61,24,37,43,10,33,0,0,0
07,095,District - Central (06),Urban,65-69,10473,5173,5300,428,228,200,6658,4214,2444,3352,712,2640,20,8,12,15,11,4,0,0,0
07,095,District - Central (06),Urban,70-74,7629,3550,4079,238,147,91,4073,2658,1415,3285,730,2555,15,6,9,18,9,9,0,0,0
07,095,District - Central (06),Urban,75-79,4319,2034,2285,98,54,44,2036,1403,633,2168,570,1598,10,5,5,7,2,5,0,0,0
07,095,District - Central (06),Urban,80+,5032,2220,2812,256,158,98,1735,1192,543,3028,866,2162,9,3,6,4,1,3,0,0,0
07,095,District - Central (06),Urban,Age not stated,689,363,326,451,264,187,199,89,110,36,9,27,3,1,2,0,0,0,0,0,0
07,095,District - Central (06),Urban,Less than 18,172623,91431,81192,171276,91026,80250,1269,378,891,47,11,36,23,13,10,8,3,5,0,0,0
07,095,District - Central (06),Urban,Less than 21,210120,111940,98180,204789,110571,94218,5197,1329,3868,73,16,57,44,17,27,17,7,10,0,0,0
07,096,District - West (07),Total,All ages,2543243,1356240,1187003,1154682,671616,483066,1274828,656051,618777,104666,24875,79791,5436,2195,3241,3631,1503,2128,0,0,0
07,096,District - West (07),Total,0-9,417636,224004,193632,417636,224004,193632,0,0,0,0,0,0,0,0,0,0,0,0,0,0,0
07,096,District - West (07),Total,10-14,235420,128650,106770,232911,127807,105104,2364,778,1586,70,21,49,69,42,27,6,2,4,0,0,0
07,096,District - West (07),Total,15-19,238589,133446,105143,225049,130250,94799,13266,3099,10167,142,41,101,110,52,58,22,4,18,0,0,0
07,096,District - West (07),Total,20-24,257209,139715,117494,169188,110825,58363,87148,28651,58497,407,98,309,328,98,230,138,43,95,0,0,0
07,096,District - West (07),Total,25-29,250311,131549,118762,70830,51744,19086,177301,79090,98211,977,303,674,774,272,502,429,140,289,0,0,0
07,096,District - West (07),Total,30-34,218338,114672,103666,17994,13361,4633,196719,100105,96614,2007,556,1451,960,389,571,658,261,397,0,0,0
07,096,District - West (07),Total,35-39,202223,106792,95431,6652,4690,1962,190299,100639,89660,3645,773,2872,931,379,552,696,311,385,0,0,0
07,096,District - West (07),Total,40-44,168417,90195,78222,3565,2477,1088,157746,85999,71747,5774,1154,4620,740,301,439,592,264,328,0,0,0
07,096,District - West (07),Total,45-49,143537,76689,66848,2151,1422,729,132354,73333,59021,8008,1472,6536,574,249,325,450,213,237,0,0,0
07,096,District - West (07),Total,50-54,112391,59900,52491,1603,942,661,100137,56715,43422,10029,1960,8069,363,173,190,259,110,149,0,0,0
07,096,District - West (07),Total,55-59,86508,44411,42097,1099,616,483,74964,41583,33381,10075,2060,8015,220,94,126,150,58,92,0,0,0
07,096,District - West (07),Total,60-64,82435,40676,41759,1479,836,643,64164,36454,27710,16483,3269,13214,199,67,132,110,50,60,0,0,0
07,096,District - West (07),Total,65-69,50769,25731,25038,1523,855,668,36127,21842,14285,12991,2975,10016,82,38,44,46,21,25,0,0,0
07,096,District - West (07),Total,70-74,35989,17992,17997,658,361,297,22321,14288,8033,12935,3312,9623,41,20,21,34,11,23,0,0,0
07,096,District - West (07),Total,75-79,20006,10201,9805,205,128,77,10918,7406,3512,8852,2656,6196,18,8,10,13,3,10,0,0,0
07,096,District - West (07),Total,80+,20855,10194,10661,641,385,256,7986,5590,2396,12185,4200,7985,21,9,12,22,10,12,0,0,0
07,096,District - West (07),Total,Age not stated,2610,1423,1187,1498,913,585,1014,479,535,86,25,61,6,4,2,6,2,4,0,0,0
07,096,District - West (07),Total,Less than 18,791625,429333,362292,784576,427297,357279,6753,1919,4834,160,46,114,123,69,54,13,2,11,0,0,0
07,096,District - West (07),Total,Less than 21,948847,517710,431137,919694,510281,409413,28593,7236,21357,277,74,203,241,106,135,42,13,29,0,0,0
07,096,District - West (07),Rural,All ages,6420,3355,3065,2955,1715,1240,3199,1579,1620,260,58,202,5,2,3,1,1,0,0,0,0
07,096,District - West (07),Rural,0-9,1298,718,580,1298,718,580,0,0,0,0,0,0,0,0,0,0,0,0,0,0,0
07,096,District - West (07),Rural,10-14,631,356,275,626,355,271,5,1,4,0,0,0,0,0,0,0,0,0,0,0,0
07,096,District - West (07),Rural,15-19,621,342,279,578,331,247,43,11,32,0,0,0,0,0,0,0,0,0,0,0,0
07,096,District - West (07),Rural,20-24,668,312,356,334,211,123,333,101,232,1,0,1,0,0,0,0,0,0,0,0,0
07,096,District - West (07),Rural,25-29,639,325,314,77,66,11,559,259,300,2,0,2,1,0,1,0,0,0,0,0,0
07,096,District - West (07),Rural,30-34,577,292,285,19,17,2,548,272,276,9,2,7,0,0,0,1,1,0,0,0,0
07,096,District - West (07),Rural,35-39,461,245,216,5,5,0,441,237,204,14,3,11,1,0,1,0,0,0,0,0,0
07,096,District - West (07),Rural,40-44,370,191,179,3,3,0,348,183,165,18,4,14,1,1,0,0,0,0,0,0,0
07,096,District - West (07),Rural,45-49,274,159,115,5,3,2,247,151,96,22,5,17,0,0,0,0,0,0,0,0,0
07,096,District - West (07),Rural,50-54,214,110,104,2,1,1,193,101,92,18,7,11,1,1,0,0,0,0,0,0,0
07,096,District - West (07),Rural,55-59,163,83,80,1,1,0,137,76,61,25,6,19,0,0,0,0,0,0,0,0,0
07,096,District - West (07),Rural,60-64,230,105,125,3,2,1,185,95,90,41,8,33,1,0,1,0,0,0,0,0,0
07,096,District - West (07),Rural,65-69,126,50,76,1,0,1,90,47,43,35,3,32,0,0,0,0,0,0,0,0,0
07,096,District - West (07),Rural,70-74,59,32,27,0,0,0,41,28,13,18,4,14,0,0,0,0,0,0,0,0,0
07,096,District - West (07),Rural,75-79,28,8,20,0,0,0,13,6,7,15,2,13,0,0,0,0,0,0,0,0,0
07,096,District - West (07),Rural,80+,61,27,34,3,2,1,16,11,5,42,14,28,0,0,0,0,0,0,0,0,0
07,096,District - West (07),Rural,Age not stated,0,0,0,0,0,0,0,0,0,0,0,0,0,0,0,0,0,0,0,0,0
07,096,District - West (07),Rural,Less than 18,2294,1281,1013,2275,1277,998,19,4,15,0,0,0,0,0,0,0,0,0,0,0,0
07,096,District - West (07),Rural,Less than 21,2709,1491,1218,2613,1470,1143,96,21,75,0,0,0,0,0,0,0,0,0,0,0,0
07,096,District - West (07),Urban,All ages,2536823,1352885,1183938,1151727,669901,481826,1271629,654472,617157,104406,24817,79589,5431,2193,3238,3630,1502,2128,0,0,0
07,096,District - West (07),Urban,0-9,416338,223286,193052,416338,223286,193052,0,0,0,0,0,0,0,0,0,0,0,0,0,0,0
07,096,District - West (07),Urban,10-14,234789,128294,106495,232285,127452,104833,2359,777,1582,70,21,49,69,42,27,6,2,4,0,0,0
07,096,District - West (07),Urban,15-19,237968,133104,104864,224471,129919,94552,13223,3088,10135,142,41,101,110,52,58,22,4,18,0,0,0
07,096,District - West (07),Urban,20-24,256541,139403,117138,168854,110614,58240,86815,28550,58265,406,98,308,328,98,230,138,43,95,0,0,0
07,096,District - West (07),Urban,25-29,249672,131224,118448,70753,51678,19075,176742,78831,97911,975,303,672,773,272,501,429,140,289,0,0,0
07,096,District - West (07),Urban,30-34,217761,114380,103381,17975,13344,4631,196171,99833,96338,1998,554,1444,960,389,571,657,260,397,0,0,0
07,096,District - West (07),Urban,35-39,201762,106547,95215,6647,4685,1962,189858,100402,89456,3631,770,2861,930,379,551,696,311,385,0,0,0
07,096,District - West (07),Urban,40-44,168047,90004,78043,3562,2474,1088,157398,85816,71582,5756,1150,4606,739,300,439,592,264,328,0,0,0
07,096,District - West (07),Urban,45-49,143263,76530,66733,2146,1419,727,132107,73182,58925,7986,1467,6519,574,249,325,450,213,237,0,0,0
07,096,District - West (07),Urban,50-54,112177,59790,52387,1601,941,660,99944,56614,43330,10011,1953,8058,362,172,190,259,110,149,0,0,0
07,096,District - West (07),Urban,55-59,86345,44328,42017,1098,615,483,74827,41507,33320,10050,2054,7996,220,94,126,150,58,92,0,0,0
07,096,District - West (07),Urban,60-64,82205,40571,41634,1476,834,642,63979,36359,27620,16442,3261,13181,198,67,131,110,50,60,0,0,0
07,096,District - West (07),Urban,65-69,50643,25681,24962,1522,855,667,36037,21795,14242,12956,2972,9984,82,38,44,46,21,25,0,0,0
07,096,District - West (07),Urban,70-74,35930,17960,17970,658,361,297,22280,14260,8020,12917,3308,9609,41,20,21,34,11,23,0,0,0
07,096,District - West (07),Urban,75-79,19978,10193,9785,205,128,77,10905,7400,3505,8837,2654,6183,18,8,10,13,3,10,0,0,0
07,096,District - West (07),Urban,80+,20794,10167,10627,638,383,255,7970,5579,2391,12143,4186,7957,21,9,12,22,10,12,0,0,0
07,096,District - West (07),Urban,Age not stated,2610,1423,1187,1498,913,585,1014,479,535,86,25,61,6,4,2,6,2,4,0,0,0
07,096,District - West (07),Urban,Less than 18,789331,428052,361279,782301,426020,356281,6734,1915,4819,160,46,114,123,69,54,13,2,11,0,0,0
07,096,District - West (07),Urban,Less than 21,946138,516219,429919,917081,508811,408270,28497,7215,21282,277,74,203,241,106,135,42,13,29,0,0,0
07,097,District - South West (08),Total,All ages,2292958,1246046,1046912,1045466,615748,429718,1170906,611209,559697,71218,16983,54235,3397,1319,2078,1971,787,1184,0,0,0
07,097,District - South West (08),Total,0-9,384799,209474,175325,384799,209474,175325,0,0,0,0,0,0,0,0,0,0,0,0,0,0,0
07,097,District - South West (08),Total,10-14,213188,117472,95716,210405,116460,93945,2581,944,1637,118,28,90,73,34,39,11,6,5,0,0,0
07,097,District - South West (08),Total,15-19,213416,120442,92974,200083,117161,82922,13076,3187,9889,144,39,105,107,52,55,6,3,3,0,0,0
07,097,District - South West (08),Total,20-24,243304,133568,109736,154625,103418,51207,88001,29953,58048,366,84,282,234,89,145,78,24,54,0,0,0
07,097,District - South West (08),Total,25-29,242248,129198,113050,63166,46910,16256,177476,81789,95687,891,247,644,520,179,341,195,73,122,0,0,0
07,097,District - South West (08),Total,30-34,211004,113160,97844,15118,11345,3773,193262,100962,92300,1699,484,1215,585,240,345,340,129,211,0,0,0
07,097,District - South West (08),Total,35-39,189213,101889,87324,4920,3473,1447,180303,97408,82895,3024,609,2415,585,232,353,381,167,214,0,0,0
07,097,District - South West (08),Total,40-44,155963,84826,71137,2556,1697,859,148073,81953,66120,4623,877,3746,424,175,249,287,124,163,0,0,0
07,097,District - South West (08),Total,45-49,127029,70319,56710,1402,871,531,119154,68066,51088,5924,1170,4754,343,120,223,206,92,114,0,0,0
07,097,District - South West (08),Total,50-54,94277,52045,42232,1076,625,451,85852,49854,35998,7012,1442,5570,184,57,127,153,67,86,0,0,0
07,097,District - South West (08),Total,55-59,69127,37545,31582,791,444,347,60966,35421,25545,7134,1591,5543,130,49,81,106,40,66,0,0,0
07,097,District - South West (08),Total,60-64,59849,30625,29224,1138,628,510,47925,27625,20300,10605,2303,8302,111,45,66,70,24,46,0,0,0
07,097,District - South West (08),Total,65-69,34456,17950,16506,1344,766,578,24893,15247,9646,8140,1906,6234,39,16,23,40,15,25,0,0,0
07,097,District - South West (08),Total,70-74,23175,11733,11442,619,373,246,14450,9269,5181,8033,2068,5965,29,15,14,44,8,36,0,0,0
07,097,District - South West (08),Total,75-79,12582,6267,6315,178,106,72,6987,4568,2419,5389,1585,3804,9,4,5,19,4,15,0,0,0
07,097,District - South West (08),Total,80+,15209,7237,7972,708,452,256,6459,4247,2212,7990,2517,5473,20,11,9,32,10,22,0,0,0
07,097,District - South West (08),Total,Age not stated,4119,2296,1823,2538,1545,993,1448,716,732,126,33,93,4,1,3,3,1,2,0,0,0
07,097,District - South West (08),Total,Less than 18,721927,396182,325745,714535,393882,320653,7040,2178,4862,206,51,155,131,62,69,15,9,6,0,0,0
07,097,District - South West (08),Total,Less than 21,863440,476551,386889,835029,468871,366158,27858,7495,20363,328,83,245,201,93,108,24,9,15,0,0,0
07,097,District - South West (08),Rural,All ages,143676,77342,66334,66158,39553,26605,72023,36346,35677,5222,1320,3902,197,87,110,76,36,40,0,0,0
07,097,District - South West (08),Rural,0-9,26795,15037,11758,26795,15037,11758,0,0,0,0,0,0,0,0,0,0,0,0,0,0,0
07,097,District - South West (08),Rural,10-14,14672,8281,6391,14509,8226,6283,147,52,95,8,1,7,7,2,5,1,0,1,0,0,0
07,097,District - South West (08),Rural,15-19,14197,7917,6280,13156,7691,5465,1024,221,803,12,3,9,5,2,3,0,0,0,0,0,0
07,097,District - South West (08),Rural,20-24,15171,7931,7240,8132,5707,2425,6989,2205,4784,24,9,15,21,9,12,5,1,4,0,0,0
07,097,District - South West (08),Rural,25-29,13917,7193,6724,2170,1808,362,11624,5339,6285,76,21,55,41,21,20,6,4,2,0,0,0
07,097,District - South West (08),Rural,30-34,12129,6274,5855,487,426,61,11459,5794,5665,144,35,109,29,14,15,10,5,5,0,0,0
07,097,District - South West (08),Rural,35-39,11226,5903,5323,187,154,33,10723,5674,5049,259,57,202,40,11,29,17,7,10,0,0,0
07,097,District - South West (08),Rural,40-44,9134,4984,4150,98,80,18,8676,4815,3861,334,72,262,17,11,6,9,6,3,0,0,0
07,097,District - South West (08),Rural,45-49,6936,3860,3076,48,44,4,6468,3724,2744,399,82,317,13,6,7,8,4,4,0,0,0
07,097,District - South West (08),Rural,50-54,5073,2728,2345,34,27,7,4555,2617,1938,479,81,398,3,1,2,2,2,0,0,0,0
07,097,District - South West (08),Rural,55-59,3787,1985,1802,29,21,8,3307,1857,1450,440,101,339,5,3,2,6,3,3,0,0,0
07,097,District - South West (08),Rural,60-64,4180,2026,2154,82,57,25,3298,1786,1512,784,178,606,12,3,9,4,2,2,0,0,0
07,097,District - South West (08),Rural,65-69,2312,1173,1139,119,74,45,1649,965,684,540,131,409,2,2,0,2,1,1,0,0,0
07,097,District - South West (08),Rural,70-74,1694,817,877,38,24,14,1013,634,379,641,159,482,0,0,0,2,0,2,0,0,0
07,097,District - South West (08),Rural,75-79,856,419,437,17,17,0,475,279,196,364,123,241,0,0,0,0,0,0,0,0,0
07,097,District - South West (08),Rural,80+,1285,653,632,42,34,8,531,351,180,706,265,441,2,2,0,4,1,3,0,0,0
07,097,District - South West (08),Rural,Age not stated,312,161,151,215,126,89,85,33,52,12,2,10,0,0,0,0,0,0,0,0,0
07,097,District - South West (08),Rural,Less than 18,49942,28092,21850,49454,27952,21502,458,133,325,18,3,15,11,4,7,1,0,1,0,0,0
07,097,District - South West (08),Rural,Less than 21,59015,33017,25998,56821,32500,24321,2155,507,1648,25,6,19,13,4,9,1,0,1,0,0,0
07,097,District - South West (08),Urban,All ages,2149282,1168704,980578,979308,576195,403113,1098883,574863,524020,65996,15663,50333,3200,1232,1968,1895,751,1144,0,0,0
07,097,District - South West (08),Urban,0-9,358004,194437,163567,358004,194437,163567,0,0,0,0,0,0,0,0,0,0,0,0,0,0,0
07,097,District - South West (08),Urban,10-14,198516,109191,89325,195896,108234,87662,2434,892,1542,110,27,83,66,32,34,10,6,4,0,0,0
07,097,District - South West (08),Urban,15-19,199219,112525,86694,186927,109470,77457,12052,2966,9086,132,36,96,102,50,52,6,3,3,0,0,0
07,097,District - South West (08),Urban,20-24,228133,125637,102496,146493,97711,48782,81012,27748,53264,342,75,267,213,80,133,73,23,50,0,0,0
07,097,District - South West (08),Urban,25-29,228331,122005,106326,60996,45102,15894,165852,76450,89402,815,226,589,479,158,321,189,69,120,0,0,0
07,097,District - South West (08),Urban,30-34,198875,106886,91989,14631,10919,3712,181803,95168,86635,1555,449,1106,556,226,330,330,124,206,0,0,0
07,097,District - South West (08),Urban,35-39,177987,95986,82001,4733,3319,1414,169580,91734,77846,2765,552,2213,545,221,324,364,160,204,0,0,0
07,097,District - South West (08),Urban,40-44,146829,79842,66987,2458,1617,841,139397,77138,62259,4289,805,3484,407,164,243,278,118,160,0,0,0
07,097,District - South West (08),Urban,45-49,120093,66459,53634,1354,827,527,112686,64342,48344,5525,1088,4437,330,114,216,198,88,110,0,0,0
07,097,District - South West (08),Urban,50-54,89204,49317,39887,1042,598,444,81297,47237,34060,6533,1361,5172,181,56,125,151,65,86,0,0,0
07,097,District - South West (08),Urban,55-59,65340,35560,29780,762,423,339,57659,33564,24095,6694,1490,5204,125,46,79,100,37,63,0,0,0
07,097,District - South West (08),Urban,60-64,55669,28599,27070,1056,571,485,44627,25839,18788,9821,2125,7696,99,42,57,66,22,44,0,0,0
07,097,District - South West (08),Urban,65-69,32144,16777,15367,1225,692,533,23244,14282,8962,7600,1775,5825,37,14,23,38,14,24,0,0,0
07,097,District - South West (08),Urban,70-74,21481,10916,10565,581,349,232,13437,8635,4802,7392,1909,5483,29,15,14,42,8,34,0,0,0
07,097,District - South West (08),Urban,75-79,11726,5848,5878,161,89,72,6512,4289,2223,5025,1462,3563,9,4,5,19,4,15,0,0,0
07,097,District - South West (08),Urban,80+,13924,6584,7340,666,418,248,5928,3896,2032,7284,2252,5032,18,9,9,28,9,19,0,0,0
07,097,District - South West (08),Urban,Age not stated,3807,2135,1672,2323,1419,904,1363,683,680,114,31,83,4,1,3,3,1,2,0,0,0
07,097,District - South West (08),Urban,Less than 18,671985,368090,303895,665081,365930,299151,6582,2045,4537,188,48,140,120,58,62,14,9,5,0,0,0
07,097,District - South West (08),Urban,Less than 21,804425,443534,360891,778208,436371,341837,25703,6988,18715,303,77,226,188,89,99,23,9,14,0,0,0
07,098,District - South (09),Total,All ages,2731929,1467428,1264501,1304637,753206,551431,1333964,691079,642885,85970,20495,65475,4638,1669,2969,2720,979,1741,0,0,0
07,098,District - South (09),Total,0-9,481281,256001,225280,481281,256001,225280,0,0,0,0,0,0,0,0,0,0,0,0,0,0,0
07,098,District - South (09),Total,10-14,272319,147395,124924,268992,146232,122760,3110,1087,2023,95,24,71,106,42,64,16,10,6,0,0,0
07,098,District - South (09),Total,15-19,271732,150015,121717,254047,145954,108093,17361,3941,13420,166,53,113,128,55,73,30,12,18,0,0,0
07,098,District - South (09),Total,20-24,288038,156225,131813,182406,121170,61236,104706,34775,69931,479,131,348,332,120,212,115,29,86,0,0,0
07,098,District - South (09),Total,25-29,274631,144956,129675,75935,55692,20243,196789,88672,108117,1068,320,748,601,205,396,238,67,171,0,0,0
07,098,District - South (09),Total,30-34,238401,126492,111909,20440,15047,5393,214773,110472,104301,2027,545,1482,750,268,482,411,160,251,0,0,0
07,098,District - South (09),Total,35-39,221103,118390,102713,6994,4686,2308,209234,112435,96799,3638,819,2819,752,258,494,485,192,293,0,0,0
07,098,District - South (09),Total,40-44,179236,97859,81377,3567,2241,1326,169209,94122,75087,5488,1152,4336,571,201,370,401,143,258,0,0,0
07,098,District - South (09),Total,45-49,146345,81043,65302,2213,1330,883,135983,77888,58095,7337,1535,5802,477,172,305,335,118,217,0,0,0
07,098,District - South (09),Total,50-54,106710,59350,47360,1570,880,690,96086,56418,39668,8473,1820,6653,368,134,234,213,98,115,0,0,0
07,098,District - South (09),Total,55-59,77903,41863,36040,1142,586,556,68004,39236,28768,8366,1894,6472,216,90,126,175,57,118,0,0,0
07,098,District - South (09),Total,60-64,67775,34817,32958,1245,680,565,53499,31353,22146,12699,2682,10017,183,57,126,149,45,104,0,0,0
07,098,District - South (09),Total,65-69,39656,20357,19299,1199,629,570,28671,17405,11266,9657,2276,7381,72,28,44,57,19,38,0,0,0
07,098,District - South (09),Total,70-74,28215,13822,14393,540,265,275,17567,11043,6524,10029,2488,7541,38,15,23,41,11,30,0,0,0
07,098,District - South (09),Total,75-79,16024,7883,8141,272,129,143,9291,5991,3300,6421,1742,4679,21,14,7,19,7,12,0,0,0
07,098,District - South (09),Total,80+,19319,9188,10131,953,553,400,8394,5626,2768,9925,2992,6933,18,9,9,29,8,21,0,0,0
07,098,District - South (09),Total,Age not stated,3241,1772,1469,1841,1131,710,1287,615,672,102,22,80,5,1,4,6,3,3,0,0,0
07,098,District - South (09),Total,Less than 18,912027,489775,422252,902604,487029,415575,9017,2597,6420,200,58,142,174,73,101,32,18,14,0,0,0
07,098,District - South (09),Total,Less than 21,1090830,589312,501518,1053422,579796,473626,36718,9275,27443,347,99,248,280,117,163,63,25,38,0,0,0
07,098,District - South (09),Rural,All ages,12193,6819,5374,6219,3673,2546,5679,3065,2614,266,68,198,20,8,12,9,5,4,0,0,0
07,098,District - South (09),Rural,0-9,2539,1315,1224,2539,1315,1224,0,0,0,0,0,0,0,0,0,0,0,0,0,0,0
07,098,District - South (09),Rural,10-14,1349,757,592,1323,743,580,23,13,10,0,0,0,2,0,2,1,1,0,0,0,0
07,098,District - South (09),Rural,15-19,1404,859,545,1287,823,464,115,34,81,1,1,0,1,1,0,0,0,0,0,0,0
07,098,District - South (09),Rural,20-24,1250,718,532,657,484,173,587,231,356,1,0,1,3,2,1,2,1,1,0,0,0
07,098,District - South (09),Rural,25-29,1159,631,528,206,158,48,943,469,474,8,3,5,2,1,1,0,0,0,0,0,0
07,098,District - South (09),Rural,30-34,1009,544,465,62,51,11,933,488,445,6,2,4,5,2,3,3,1,2,0,0,0
07,098,District - South (09),Rural,35-39,956,540,416,28,17,11,918,521,397,7,1,6,2,1,1,1,0,1,0,0,0
07,098,District - South (09),Rural,40-44,717,430,287,26,20,6,668,404,264,18,4,14,3,0,3,2,2,0,0,0,0
07,098,District - South (09),Rural,45-49,499,300,199,14,11,3,462,281,181,23,8,15,0,0,0,0,0,0,0,0,0
07,098,District - South (09),Rural,50-54,392,238,154,17,16,1,347,213,134,28,9,19,0,0,0,0,0,0,0,0,0
07,098,District - South (09),Rural,55-59,270,157,113,5,4,1,241,146,95,23,6,17,1,1,0,0,0,0,0,0,0
07,098,District - South (09),Rural,60-64,277,141,136,15,8,7,221,120,101,41,13,28,0,0,0,0,0,0,0,0,0
07,098,District - South (09),Rural,65-69,134,78,56,12,5,7,95,65,30,27,8,19,0,0,0,0,0,0,0,0,0
07,098,District - South (09),Rural,70-74,105,53,52,8,5,3,67,46,21,30,2,28,0,0,0,0,0,0,0,0,0
07,098,District - South (09),Rural,75-79,34,19,15,4,3,1,19,12,7,11,4,7,0,0,0,0,0,0,0,0,0
07,098,District - South (09),Rural,80+,81,25,56,7,1,6,31,17,14,42,7,35,1,0,1,0,0,0,0,0,0
07,098,District - South (09),Rural,Age not stated,18,14,4,9,9,0,9,5,4,0,0,0,0,0,0,0,0,0,0,0,0
07,098,District - South (09),Rural,Less than 18,4744,2584,2160,4674,2555,2119,65,26,39,1,1,0,3,1,2,1,1,0,0,0,0
07,098,District - South (09),Rural,Less than 21,5641,3114,2527,5371,3030,2341,263,80,183,1,1,0,4,1,3,2,2,0,0,0,0
07,098,District - South (09),Urban,All ages,2719736,1460609,1259127,1298418,749533,548885,1328285,688014,640271,85704,20427,65277,4618,1661,2957,2711,974,1737,0,0,0
07,098,District - South (09),Urban,0-9,478742,254686,224056,478742,254686,224056,0,0,0,0,0,0,0,0,0,0,0,0,0,0,0
07,098,District - South (09),Urban,10-14,270970,146638,124332,267669,145489,122180,3087,1074,2013,95,24,71,104,42,62,15,9,6,0,0,0
07,098,District - South (09),Urban,15-19,270328,149156,121172,252760,145131,107629,17246,3907,13339,165,52,113,127,54,73,30,12,18,0,0,0
07,098,District - South (09),Urban,20-24,286788,155507,131281,181749,120686,61063,104119,34544,69575,478,131,347,329,118,211,113,28,85,0,0,0
07,098,District - South (09),Urban,25-29,273472,144325,129147,75729,55534,20195,195846,88203,107643,1060,317,743,599,204,395,238,67,171,0,0,0
07,098,District - South (09),Urban,30-34,237392,125948,111444,20378,14996,5382,213840,109984,103856,2021,543,1478,745,266,479,408,159,249,0,0,0
07,098,District - South (09),Urban,35-39,220147,117850,102297,6966,4669,2297,208316,111914,96402,3631,818,2813,750,257,493,484,192,292,0,0,0
07,098,District - South (09),Urban,40-44,178519,97429,81090,3541,2221,1320,168541,93718,74823,5470,1148,4322,568,201,367,399,141,258,0,0,0
07,098,District - South (09),Urban,45-49,145846,80743,65103,2199,1319,880,135521,77607,57914,7314,1527,5787,477,172,305,335,118,217,0,0,0
07,098,District - South (09),Urban,50-54,106318,59112,47206,1553,864,689,95739,56205,39534,8445,1811,6634,368,134,234,213,98,115,0,0,0
07,098,District - South (09),Urban,55-59,77633,41706,35927,1137,582,555,67763,39090,28673,8343,1888,6455,215,89,126,175,57,118,0,0,0
07,098,District - South (09),Urban,60-64,67498,34676,32822,1230,672,558,53278,31233,22045,12658,2669,9989,183,57,126,149,45,104,0,0,0
07,098,District - South (09),Urban,65-69,39522,20279,19243,1187,624,563,28576,17340,11236,9630,2268,7362,72,28,44,57,19,38,0,0,0
07,098,District - South (09),Urban,70-74,28110,13769,14341,532,260,272,17500,10997,6503,9999,2486,7513,38,15,23,41,11,30,0,0,0
07,098,District - South (09),Urban,75-79,15990,7864,8126,268,126,142,9272,5979,3293,6410,1738,4672,21,14,7,19,7,12,0,0,0
07,098,District - South (09),Urban,80+,19238,9163,10075,946,552,394,8363,5609,2754,9883,2985,6898,17,9,8,29,8,21,0,0,0
07,098,District - South (09),Urban,Age not stated,3223,1758,1465,1832,1122,710,1278,610,668,102,22,80,5,1,4,6,3,3,0,0,0
07,098,District - South (09),Urban,Less than 18,907283,487191,420092,897930,484474,413456,8952,2571,6381,199,57,142,171,72,99,31,17,14,0,0,0
07,098,District - South (09),Urban,Less than 21,1085189,586198,498991,1048051,576766,471285,36455,9195,27260,346,98,248,276,116,160,61,23,38,0,0,0
