state_code,district_code,area_name,region_type,age_group,total_persons,total_males,total_females,never_married_persons,never_married_males,never_married_females,currently_married_persons,currently_married_males,currently_married_females,widowed_persons,widowed_males,widowed_females,separated_persons,separated_males,separated_females,divorced_persons,divorced_males,divorced_females,unspecified_persons,unspecified_males,unspecified_females
24,000,State - GUJARAT (24),Total,All ages,60439692,31491260,28948432,26830085,15298916,11531169,30622779,15382357,15240422,2653419,637677,2015742,141017,68671,72346,192392,103639,88753,0,0,0
24,000,State - GUJARAT (24),Total,0-9,11296168,5998291,5297877,11296168,5998291,5297877,0,0,0,0,0,0,0,0,0,0,0,0,0,0,0
24,000,State - GUJARAT (24),Total,10-14,6149445,3283834,2865611,5972400,3213522,2758878,165756,65613,100143,6329,2146,4183,3322,1726,1596,1638,827,811,0,0,0
24,000,State - GUJARAT (24),Total,15-19,5865760,3146110,2719650,5083756,2915619,2168137,760489,222357,538132,10903,3515,7388,6257,2797,3460,4355,1822,2533,0,0,0
24,000,State - GUJARAT (24),Total,20-24,5780722,3046127,2734595,2703026,1858814,844212,3024973,1165059,1859914,20488,7065,13423,14570,6820,7750,17665,8369,9296,0,0,0
24,000,State - GUJARAT (24),Total,25-29,5278822,2767283,2511539,885529,683561,201968,4309394,2045661,2263733,35714,12853,22861,19722,9826,9896,28463,15382,13081,0,0,0
24,000,State - GUJARAT (24),Total,30-34,4770528,2467024,2303504,298568,232760,65808,4354753,2184761,2169992,64550,20924,43626,20559,10024,10535,32098,18555,13543,0,0,0
24,000,State - GUJARAT (24),Total,35-39,4341225,2258335,2082890,151313,115176,36137,4035608,2085711,1949897,104393,29745,74648,19455,9655,9800,30456,18048,12408,0,0,0
24,000,State - GUJARAT (24),Total,40-44,3865476,1993876,1871600,93808,68864,24944,3572886,1862028,1710858,157553,40575,116978,16145,7975,8170,25084,14434,10650,0,0,0
24,000,State - GUJARAT (24),Total,45-49,3314013,1711872,1602141,59870,41751,18119,3021569,1605185,1416384,202169,48891,153278,12307,6110,6197,18098,9935,8163,0,0,0
24,000,State - GUJARAT (24),Total,50-54,2697183,1409273,1287910,41559,27409,14150,2381140,1310986,1070154,252778,59972,192806,8976,4372,4604,12730,6534,6196,0,0,0
24,000,State - GUJARAT (24),Total,55-59,2054947,1038088,1016859,27882,17172,10710,1760135,954425,805710,253063,59866,193197,5977,2837,3140,7890,3788,4102,0,0,0
24,000,State - GUJARAT (24),Total,60-64,1727752,851259,876493,31454,17858,13596,1319556,750185,569371,365753,78283,287470,5185,2345,2840,5804,2588,3216,0,0,0
24,000,State - GUJARAT (24),Total,65-69,1170072,550002,620070,26542,14567,11975,816959,462353,354606,320222,70244,249978,3169,1494,1675,3180,1344,1836,0,0,0
24,000,State - GUJARAT (24),Total,70-74,899677,417522,482155,14356,7720,6636,524789,329442,195347,355968,78346,277622,2415,1151,1264,2149,863,1286,0,0,0
24,000,State - GUJARAT (24),Total,75-79,439996,196341,243655,6526,3400,3126,238109,144115,93994,193414,47947,145467,1067,541,526,880,338,542,0,0,0
24,000,State - GUJARAT (24),Total,80+,549062,230477,318585,27338,15582,11756,221959,139474,82485,297416,74362,223054,1249,660,589,1100,399,701,0,0,0
24,000,State - GUJARAT (24),Total,Age not stated,238844,125546,113298,109990,66850,43140,114704,55002,59702,12706,2943,9763,642,338,304,802,413,389,0,0,0
24,000,State - GUJARAT (24),Total,Less than 18,20916568,11144019,9772549,20461317,10984105,9477212,432812,151118,281694,12899,4116,8783,6271,3110,3161,3269,1570,1699,0,0,0
24,000,State - GUJARAT (24),Total,Less than 21,24709756,13164110,11545646,23200393,12684105,10516288,1465395,463151,1002244,22506,7192,15314,12420,5748,6672,9042,3914,5128,0,0,0
24,000,State - GUJARAT (24),Rural,All ages,34694609,17799159,16895450,15691082,8749937,6941145,17178996,8539526,8639470,1633356,407813,1225543,74719,33612,41107,116456,68271,48185,0,0,0
24,000,State - GUJARAT (24),Rural,0-9,7009528,3670914,3338614,7009528,3670914,3338614,0,0,0,0,0,0,0,0,0,0,0,0,0,0,0
24,000,State - GUJARAT (24),Rural,10-14,3787881,1989379,1798502,3695201,1954131,1741070,86761,32804,53957,3259,1114,2145,1815,896,919,845,434,411,0,0,0
24,000,State - GUJARAT (24),Rural,15-19,3406534,1781574,1624960,2903338,1633745,1269593,490526,143135,347391,6003,1944,4059,3715,1468,2247,2952,1282,1670,0,0,0
24,000,State - GUJARAT (24),Rural,20-24,3129114,1613761,1515353,1281059,874545,406514,1816287,725374,1090913,11841,4514,7327,7627,2964,4663,12300,6364,5936,0,0,0
24,000,State - GUJARAT (24),Rural,25-29,2767541,1439403,1328138,384286,303446,80840,2333969,1112615,1221354,21570,8579,12991,9741,4089,5652,17975,10674,7301,0,0,0
24,000,State - GUJARAT (24),Rural,30-34,2567865,1309468,1258397,138842,114111,24731,2359135,1164784,1194351,40311,13876,26435,10514,4619,5895,19063,12078,6985,0,0,0
24,000,State - GUJARAT (24),Rural,35-39,2379877,1230816,1149061,74055,60223,13832,2212298,1133821,1078477,65151,20179,44972,10301,4843,5458,18072,11750,6322,0,0,0
24,000,State - GUJARAT (24),Rural,40-44,2149186,1096357,1052829,45915,36187,9728,1983350,1019513,963837,96694,27439,69255,8454,4012,4442,14773,9206,5567,0,0,0
24,000,State - GUJARAT (24),Rural,45-49,1830536,938828,891708,28323,21570,6753,1663675,875683,787992,121762,32294,89468,6340,3057,3283,10436,6224,4212,0,0,0
24,000,State - GUJARAT (24),Rural,50-54,1504667,772574,732093,18813,13830,4983,1320990,713813,607177,152748,38559,114189,4779,2226,2553,7337,4146,3191,0,0,0
24,000,State - GUJARAT (24),Rural,55-59,1161872,569554,592318,11936,8372,3564,989710,519681,470029,152643,37701,114942,3183,1517,1666,4400,2283,2117,0,0,0
24,000,State - GUJARAT (24),Rural,60-64,1023043,494349,528694,14935,9240,5695,774913,432166,342747,226778,49939,176839,2942,1320,1622,3475,1684,1791,0,0,0
24,000,State - GUJARAT (24),Rural,65-69,707269,323610,383659,12634,7425,5209,491925,269730,222195,198835,44687,154148,1938,912,1026,1937,856,1081,0,0,0
24,000,State - GUJARAT (24),Rural,70-74,559725,256602,303123,6677,3922,2755,322126,200814,121312,228040,50546,177494,1575,754,821,1307,566,741,0,0,0
24,000,State - GUJARAT (24),Rural,75-79,262004,113543,148461,2796,1624,1172,142735,83400,59335,115307,27966,87341,688,357,331,478,196,282,0,0,0
24,000,State - GUJARAT (24),Rural,80+,332285,139154,193131,12381,7063,5318,133326,84736,48590,185160,46664,138496,779,430,349,639,261,378,0,0,0
24,000,State - GUJARAT (24),Rural,Age not stated,115682,59273,56409,50363,29589,20774,57270,27457,29813,7254,1812,5442,328,148,180,467,267,200,0,0,0
24,000,State - GUJARAT (24),Rural,Less than 18,12860066,6746400,6113666,12596210,6657548,5938662,251541,84120,167421,6870,2179,4691,3565,1644,1921,1880,909,971,0,0,0
24,000,State - GUJARAT (24),Rural,Less than 21,14988639,7842612,7146027,14044313,7542286,6502027,918898,290641,628257,12312,4045,8267,7161,2962,4199,5955,2678,3277,0,0,0
24,000,State - GUJARAT (24),Urban,All ages,25745083,13692101,12052982,11139003,6548979,4590024,13443783,6842831,6600952,1020063,229864,790199,66298,35059,31239,75936,35368,40568,0,0,0
24,000,State - GUJARAT (24),Urban,0-9,4286640,2327377,1959263,4286640,2327377,1959263,0,0,0,0,0,0,0,0,0,0,0,0,0,0,0
24,000,State - GUJARAT (24),Urban,10-14,2361564,1294455,1067109,2277199,1259391,1017808,78995,32809,46186,3070,1032,2038,1507,830,677,793,393,400,0,0,0
24,000,State - GUJARAT (24),Urban,15-19,2459226,1364536,1094690,2180418,1281874,898544,269963,79222,190741,4900,1571,3329,2542,1329,1213,1403,540,863,0,0,0
24,000,State - GUJARAT (24),Urban,20-24,2651608,1432366,1219242,1421967,984269,437698,1208686,439685,769001,8647,2551,6096,6943,3856,3087,5365,2005,3360,0,0,0
24,000,State - GUJARAT (24),Urban,25-29,2511281,1327880,1183401,501243,380115,121128,1975425,933046,1042379,14144,4274,9870,9981,5737,4244,10488,4708,5780,0,0,0
24,000,State - GUJARAT (24),Urban,30-34,2202663,1157556,1045107,159726,118649,41077,1995618,1019977,975641,24239,7048,17191,10045,5405,4640,13035,6477,6558,0,0,0
24,000,State - GUJARAT (24),Urban,35-39,1961348,1027519,933829,77258,54953,22305,1823310,951890,871420,39242,9566,29676,9154,4812,4342,12384,6298,6086,0,0,0
24,000,State - GUJARAT (24),Urban,40-44,1716290,897519,818771,47893,32677,15216,1589536,842515,747021,60859,13136,47723,7691,3963,3728,10311,5228,5083,0,0,0
24,000,State - GUJARAT (24),Urban,45-49,1483477,773044,710433,31547,20181,11366,1357894,729502,628392,80407,16597,63810,5967,3053,2914,7662,3711,3951,0,0,0
24,000,State - GUJARAT (24),Urban,50-54,1192516,636699,555817,22746,13579,9167,1060150,597173,462977,100030,21413,78617,4197,2146,2051,5393,2388,3005,0,0,0
24,000,State - GUJARAT (24),Urban,55-59,893075,468534,424541,15946,8800,7146,770425,434744,335681,100420,22165,78255,2794,1320,1474,3490,1505,1985,0,0,0
24,000,State - GUJARAT (24),Urban,60-64,704709,356910,347799,16519,8618,7901,544643,318019,226624,138975,28344,110631,2243,1025,1218,2329,904,1425,0,0,0
24,000,State - GUJARAT (24),Urban,65-69,462803,226392,236411,13908,7142,6766,325034,192623,132411,121387,25557,95830,1231,582,649,1243,488,755,0,0,0
24,000,State - GUJARAT (24),Urban,70-74,339952,160920,179032,7679,3798,3881,202663,128628,74035,127928,27800,100128,840,397,443,842,297,545,0,0,0
24,000,State - GUJARAT (24),Urban,75-79,177992,82798,95194,3730,1776,1954,95374,60715,34659,78107,19981,58126,379,184,195,402,142,260,0,0,0
24,000,State - GUJARAT (24),Urban,80+,216777,91323,125454,14957,8519,6438,88633,54738,33895,112256,27698,84558,470,230,240,461,138,323,0,0,0
24,000,State - GUJARAT (24),Urban,Age not stated,123162,66273,56889,59627,37261,22366,57434,27545,29889,5452,1131,4321,314,190,124,335,146,189,0,0,0
24,000,State - GUJARAT (24),Urban,Less than 18,8056502,4397619,3658883,7865107,4326557,3538550,181271,66998,114273,6029,1937,4092,2706,1466,1240,1389,661,728,0,0,0
24,000,State - GUJARAT (24),Urban,Less than 21,9721117,5321498,4399619,9156080,5141819,4014261,546497,172510,373987,10194,3147,7047,5259,2786,2473,3087,1236,1851,0,0,0
24,468,District - Kachchh (01),Total,All ages,2092371,1096737,995634,1000853,563802,437051,996720,510295,486425,85621,18210,67411,5222,2546,2676,3955,1884,2071,0,0,0
24,468,District - Kachchh (01),Total,0-9,453269,235891,217378,453269,235891,217378,0,0,0,0,0,0,0,0,0,0,0,0,0,0,0
24,468,District - Kachchh (01),Total,10-14,220259,115967,104292,217098,114753,102345,2959,1127,1832,122,46,76,74,40,34,6,1,5,0,0,0
24,468,District - Kachchh (01),Total,15-19,199688,106124,93564,179866,101197,78669,19360,4781,14579,204,57,147,193,66,127,65,23,42,0,0,0
24,468,District - Kachchh (01),Total,20-24,212109,114828,97281,98265,71956,26309,112347,42265,70082,523,174,349,594,274,320,380,159,221,0,0,0
24,468,District - Kachchh (01),Total,25-29,193279,103887,89392,28197,22957,5240,162616,79810,82806,1066,404,662,782,398,384,618,318,300,0,0,0
24,468,District - Kachchh (01),Total,30-34,163578,87776,75802,8541,6766,1775,151758,79661,72097,1853,587,1266,796,433,363,630,329,301,0,0,0
24,468,District - Kachchh (01),Total,35-39,140596,74985,65611,4059,3012,1047,132198,70498,61700,3012,816,2196,717,348,369,610,311,299,0,0,0
24,468,District - Kachchh (01),Total,40-44,120342,64028,56314,2664,1891,773,111800,60496,51304,4839,1147,3692,555,256,299,484,238,246,0,0,0
24,468,District - Kachchh (01),Total,45-49,99536,51569,47967,1569,1088,481,91273,48752,42521,5927,1334,4593,410,215,195,357,180,177,0,0,0
24,468,District - Kachchh (01),Total,50-54,82780,44464,38316,1337,856,481,72568,41459,31109,8199,1837,6362,367,164,203,309,148,161,0,0,0
24,468,District - Kachchh (01),Total,55-59,57090,29056,28034,883,558,325,48568,26687,21881,7263,1649,5614,212,103,109,164,59,105,0,0,0
24,468,District - Kachchh (01),Total,60-64,50967,25037,25930,1046,587,459,37529,22074,15455,12026,2227,9799,220,97,123,146,52,94,0,0,0
24,468,District - Kachchh (01),Total,65-69,33485,15261,18224,826,442,384,22759,12891,9868,9714,1847,7867,106,55,51,80,26,54,0,0,0
24,468,District - Kachchh (01),Total,70-74,29279,13169,16110,492,286,206,15980,10451,5529,12659,2369,10290,101,44,57,47,19,28,0,0,0
24,468,District - Kachchh (01),Total,75-79,13433,5719,7714,201,114,87,6863,4215,2648,6305,1358,4947,44,21,23,20,11,9,0,0,0
24,468,District - Kachchh (01),Total,80+,19052,7067,11985,687,359,328,6558,4355,2203,11741,2323,9418,38,24,14,28,6,22,0,0,0
24,468,District - Kachchh (01),Total,Age not stated,3629,1909,1720,1853,1089,764,1584,773,811,168,35,133,13,8,5,11,4,7,0,0,0
24,468,District - Kachchh (01),Total,Less than 18,791347,413970,377377,782447,411108,371339,8477,2701,5776,252,81,171,141,69,72,30,11,19,0,0,0
24,468,District - Kachchh (01),Total,Less than 21,924834,485482,439352,882524,473946,408578,41350,11206,30144,449,141,308,378,146,232,133,43,90,0,0,0
24,468,District - Kachchh (01),Rural,All ages,1363836,713524,650312,673081,377428,295653,627891,321156,306735,57269,12222,45047,3267,1578,1689,2328,1140,1188,0,0,0
24,468,District - Kachchh (01),Rural,0-9,315868,163752,152116,315868,163752,152116,0,0,0,0,0,0,0,0,0,0,0,0,0,0,0
24,468,District - Kachchh (01),Rural,10-14,149428,78161,71267,147856,77604,70252,1467,515,952,69,27,42,33,15,18,3,0,3,0,0,0
24,468,District - Kachchh (01),Rural,15-19,131795,69331,62464,118706,66117,52589,12804,3125,9679,117,39,78,131,36,95,37,14,23,0,0,0
24,468,District - Kachchh (01),Rural,20-24,137723,75800,61923,61676,46289,15387,75081,29107,45974,315,107,208,390,184,206,261,113,148,0,0,0
24,468,District - Kachchh (01),Rural,25-29,121246,66140,55106,16290,13920,2370,103349,51454,51895,712,297,415,510,260,250,385,209,176,0,0,0
24,468,District - Kachchh (01),Rural,30-34,101270,54522,46748,4810,4068,742,94410,49614,44796,1229,404,825,478,252,226,343,184,159,0,0,0
24,468,District - Kachchh (01),Rural,35-39,86260,46200,40060,2203,1741,462,81251,43468,37783,2014,579,1435,433,213,220,359,199,160,0,0,0
24,468,District - Kachchh (01),Rural,40-44,73690,39020,34670,1413,1082,331,68602,36882,31720,3093,777,2316,304,135,169,278,144,134,0,0,0
24,468,District - Kachchh (01),Rural,45-49,60896,31280,29616,848,639,209,55846,29542,26304,3757,870,2887,257,137,120,188,92,96,0,0,0
24,468,District - Kachchh (01),Rural,50-54,51339,27532,23807,687,500,187,44917,25605,19312,5327,1244,4083,229,101,128,179,82,97,0,0,0
24,468,District - Kachchh (01),Rural,55-59,35421,17572,17849,466,343,123,30145,16087,14058,4588,1046,3542,137,66,71,85,30,55,0,0,0
24,468,District - Kachchh (01),Rural,60-64,33283,16280,17003,568,356,212,24462,14325,10137,8000,1489,6511,158,73,85,95,37,58,0,0,0
24,468,District - Kachchh (01),Rural,65-69,21925,9729,12196,422,247,175,14911,8196,6715,6467,1234,5233,72,37,35,53,15,38,0,0,0
24,468,District - Kachchh (01),Rural,70-74,20292,8983,11309,279,179,100,11009,7159,3850,8906,1600,7306,68,33,35,30,12,18,0,0,0
24,468,District - Kachchh (01),Rural,75-79,9101,3758,5343,121,78,43,4722,2821,1901,4209,836,3373,35,16,19,14,7,7,0,0,0
24,468,District - Kachchh (01),Rural,80+,13308,4927,8381,345,193,152,4513,3057,1456,8409,1660,6749,26,16,10,15,1,14,0,0,0
24,468,District - Kachchh (01),Rural,Age not stated,991,537,454,523,320,203,402,199,203,57,13,44,6,4,2,3,1,2,0,0,0
24,468,District - Kachchh (01),Rural,Less than 18,543431,282521,260910,538308,280994,257314,4892,1438,3454,145,53,92,71,30,41,15,6,9,0,0,0
24,468,District - Kachchh (01),Rural,Less than 21,631739,329959,301780,603821,322380,281441,27332,7380,19952,262,87,175,245,84,161,79,28,51,0,0,0
24,468,District - Kachchh (01),Urban,All ages,728535,383213,345322,327772,186374,141398,368829,189139,179690,28352,5988,22364,1955,968,987,1627,744,883,0,0,0
24,468,District - Kachchh (01),Urban,0-9,137401,72139,65262,137401,72139,65262,0,0,0,0,0,0,0,0,0,0,0,0,0,0,0
24,468,District - Kachchh (01),Urban,10-14,70831,37806,33025,69242,37149,32093,1492,612,880,53,19,34,41,25,16,3,1,2,0,0,0
24,468,District - Kachchh (01),Urban,15-19,67893,36793,31100,61160,35080,26080,6556,1656,4900,87,18,69,62,30,32,28,9,19,0,0,0
24,468,District - Kachchh (01),Urban,20-24,74386,39028,35358,36589,25667,10922,37266,13158,24108,208,67,141,204,90,114,119,46,73,0,0,0
24,468,District - Kachchh (01),Urban,25-29,72033,37747,34286,11907,9037,2870,59267,28356,30911,354,107,247,272,138,134,233,109,124,0,0,0
24,468,District - Kachchh (01),Urban,30-34,62308,33254,29054,3731,2698,1033,57348,30047,27301,624,183,441,318,181,137,287,145,142,0,0,0
24,468,District - Kachchh (01),Urban,35-39,54336,28785,25551,1856,1271,585,50947,27030,23917,998,237,761,284,135,149,251,112,139,0,0,0
24,468,District - Kachchh (01),Urban,40-44,46652,25008,21644,1251,809,442,43198,23614,19584,1746,370,1376,251,121,130,206,94,112,0,0,0
24,468,District - Kachchh (01),Urban,45-49,38640,20289,18351,721,449,272,35427,19210,16217,2170,464,1706,153,78,75,169,88,81,0,0,0
24,468,District - Kachchh (01),Urban,50-54,31441,16932,14509,650,356,294,27651,15854,11797,2872,593,2279,138,63,75,130,66,64,0,0,0
24,468,District - Kachchh (01),Urban,55-59,21669,11484,10185,417,215,202,18423,10600,7823,2675,603,2072,75,37,38,79,29,50,0,0,0
24,468,District - Kachchh (01),Urban,60-64,17684,8757,8927,478,231,247,13067,7749,5318,4026,738,3288,62,24,38,51,15,36,0,0,0
24,468,District - Kachchh (01),Urban,65-69,11560,5532,6028,404,195,209,7848,4695,3153,3247,613,2634,34,18,16,27,11,16,0,0,0
24,468,District - Kachchh (01),Urban,70-74,8987,4186,4801,213,107,106,4971,3292,1679,3753,769,2984,33,11,22,17,7,10,0,0,0
24,468,District - Kachchh (01),Urban,75-79,4332,1961,2371,80,36,44,2141,1394,747,2096,522,1574,9,5,4,6,4,2,0,0,0
24,468,District - Kachchh (01),Urban,80+,5744,2140,3604,342,166,176,2045,1298,747,3332,663,2669,12,8,4,13,5,8,0,0,0
24,468,District - Kachchh (01),Urban,Age not stated,2638,1372,1266,1330,769,561,1182,574,608,111,22,89,7,4,3,8,3,5,0,0,0
24,468,District - Kachchh (01),Urban,Less than 18,247916,131449,116467,244139,130114,114025,3585,1263,2322,107,28,79,70,39,31,15,5,10,0,0,0
24,468,District - Kachchh (01),Urban,Less than 21,293095,155523,137572,278703,151566,127137,14018,3826,10192,187,54,133,133,62,71,54,15,39,0,0,0
24,469,District - Banas Kantha (02),Total,All ages,3120506,1610379,1510127,1533681,855591,678090,1461246,724254,736992,115242,25320,89922,4219,1681,2538,6118,3533,2585,0,0,0
24,469,District - Banas Kantha (02),Total,0-9,742514,391378,351136,742514,391378,351136,0,0,0,0,0,0,0,0,0,0,0,0,0,0,0
24,469,District - Banas Kantha (02),Total,10-14,377635,199162,178473,372320,197442,174878,5075,1625,3450,111,27,84,118,62,56,11,6,5,0,0,0
24,469,District - Banas Kantha (02),Total,15-19,324653,172341,152312,276298,158950,117348,47630,13143,34487,254,74,180,349,124,225,122,50,72,0,0,0
24,469,District - Banas Kantha (02),Total,20-24,287527,148851,138676,97875,71320,26555,187400,76638,110762,756,295,461,696,231,465,800,367,433,0,0,0
24,469,District - Banas Kantha (02),Total,25-29,252372,130579,121793,23662,19799,3863,225268,109160,116108,1533,606,927,643,256,387,1266,758,508,0,0,0
24,469,District - Banas Kantha (02),Total,30-34,228441,115957,112484,7739,6612,1127,216140,107524,108616,2814,891,1923,605,216,389,1143,714,429,0,0,0
24,469,District - Banas Kantha (02),Total,35-39,199054,102613,96441,3899,3346,553,189066,97234,91832,4636,1210,3426,507,220,287,946,603,343,0,0,0
24,469,District - Banas Kantha (02),Total,40-44,170741,87277,83464,2188,1850,338,160851,83206,77645,6658,1635,5023,351,155,196,693,431,262,0,0,0
24,469,District - Banas Kantha (02),Total,45-49,140176,71225,68951,1291,1060,231,129762,67898,61864,8458,1919,6539,259,122,137,406,226,180,0,0,0
24,469,District - Banas Kantha (02),Total,50-54,112517,58176,54341,910,719,191,99649,54664,44985,11434,2526,8908,221,93,128,303,174,129,0,0,0
24,469,District - Banas Kantha (02),Total,55-59,83990,40453,43537,547,412,135,72381,37613,34768,10786,2282,8504,123,56,67,153,90,63,0,0,0
24,469,District - Banas Kantha (02),Total,60-64,75176,37065,38111,1021,668,353,56668,32900,23768,17233,3397,13836,140,52,88,114,48,66,0,0,0
24,469,District - Banas Kantha (02),Total,65-69,48327,21959,26368,814,480,334,33437,18555,14882,13935,2861,11074,80,39,41,61,24,37,0,0,0
24,469,District - Banas Kantha (02),Total,70-74,37843,17103,20740,425,261,164,20677,13524,7153,16622,3268,13354,67,32,35,52,18,34,0,0,0
24,469,District - Banas Kantha (02),Total,75-79,16399,6655,9744,182,123,59,8552,4950,3602,7627,1567,6060,22,7,15,16,8,8,0,0,0
24,469,District - Banas Kantha (02),Total,80+,20541,8237,12304,635,365,270,7598,5114,2484,12249,2732,9517,35,15,20,24,11,13,0,0,0
24,469,District - Banas Kantha (02),Total,Age not stated,2600,1348,1252,1361,806,555,1092,506,586,136,30,106,3,1,2,8,5,3,0,0,0
24,469,District - Banas Kantha (02),Total,Less than 18,1318941,696702,622239,1300087,691025,609062,18315,5483,12832,250,61,189,247,115,132,42,18,24,0,0,0
24,469,District - Banas Kantha (02),Total,Less than 21,1520998,802135,718863,1429044,774176,654868,90488,27450,63038,556,167,389,639,233,406,271,109,162,0,0,0
24,469,District - Banas Kantha (02),Rural,All ages,2705591,1393741,1311850,1339432,743456,595976,1258622,623669,634953,99211,22267,76944,3378,1360,2018,4948,2989,1959,0,0,0
24,469,District - Banas Kantha (02),Rural,0-9,661900,347687,314213,661900,347687,314213,0,0,0,0,0,0,0,0,0,0,0,0,0,0,0
24,469,District - Banas Kantha (02),Rural,10-14,332258,174141,158117,327559,172631,154928,4505,1431,3074,88,23,65,98,51,47,8,5,3,0,0,0
24,469,District - Banas Kantha (02),Rural,15-19,280904,148296,132608,236909,135879,101030,43355,12201,31154,223,65,158,319,111,208,98,40,58,0,0,0
24,469,District - Banas Kantha (02),Rural,20-24,246084,127566,118518,77516,57589,19927,166655,69176,97479,643,266,377,592,208,384,678,327,351,0,0,0
24,469,District - Banas Kantha (02),Rural,25-29,216020,112151,103869,18332,15735,2597,194871,95046,99825,1302,529,773,502,205,297,1013,636,377,0,0,0
24,469,District - Banas Kantha (02),Rural,30-34,195222,99203,96019,6198,5417,781,185215,92238,92977,2408,779,1629,476,168,308,925,601,324,0,0,0
24,469,District - Banas Kantha (02),Rural,35-39,168974,87256,81718,3189,2784,405,160692,82729,77963,3947,1058,2889,396,181,215,750,504,246,0,0,0
24,469,District - Banas Kantha (02),Rural,40-44,144867,74135,70732,1792,1551,241,136618,70633,65985,5637,1468,4169,264,121,143,556,362,194,0,0,0
24,469,District - Banas Kantha (02),Rural,45-49,118572,60179,58393,1070,895,175,109796,57313,52483,7190,1697,5493,196,89,107,320,185,135,0,0,0
24,469,District - Banas Kantha (02),Rural,50-54,95342,49168,46174,744,602,142,84396,46130,38266,9797,2223,7574,162,61,101,243,152,91,0,0,0
24,469,District - Banas Kantha (02),Rural,55-59,71483,34099,37384,442,346,96,61605,31630,29975,9215,2002,7213,95,44,51,126,77,49,0,0,0
24,469,District - Banas Kantha (02),Rural,60-64,64869,31965,32904,871,580,291,48854,28301,20553,14949,2999,11950,104,43,61,91,42,49,0,0,0
24,469,District - Banas Kantha (02),Rural,65-69,41808,18912,22896,686,416,270,28995,15923,13072,12008,2520,9488,68,33,35,51,20,31,0,0,0
24,469,District - Banas Kantha (02),Rural,70-74,32993,14895,18098,342,225,117,18011,11754,6257,14533,2872,11661,59,28,31,48,16,32,0,0,0
24,469,District - Banas Kantha (02),Rural,75-79,14169,5677,8492,147,101,46,7431,4232,3199,6560,1332,5228,17,4,13,14,8,6,0,0,0
24,469,District - Banas Kantha (02),Rural,80+,17805,7202,10603,496,285,211,6661,4488,2173,10600,2407,8193,28,12,16,20,10,10,0,0,0
24,469,District - Banas Kantha (02),Rural,Age not stated,2321,1209,1112,1239,733,506,962,444,518,111,27,84,2,1,1,7,4,3,0,0,0
24,469,District - Banas Kantha (02),Rural,Less than 18,1167003,613546,553457,1150086,608408,541678,16451,4972,11479,215,53,162,214,97,117,37,16,21,0,0,0
24,469,District - Banas Kantha (02),Rural,Less than 21,1340722,703988,636734,1257635,678311,579324,81821,25230,56591,479,149,330,568,207,361,219,91,128,0,0,0
24,469,District - Banas Kantha (02),Urban,All ages,414915,216638,198277,194249,112135,82114,202624,100585,102039,16031,3053,12978,841,321,520,1170,544,626,0,0,0
24,469,District - Banas Kantha (02),Urban,0-9,80614,43691,36923,80614,43691,36923,0,0,0,0,0,0,0,0,0,0,0,0,0,0,0
24,469,District - Banas Kantha (02),Urban,10-14,45377,25021,20356,44761,24811,19950,570,194,376,23,4,19,20,11,9,3,1,2,0,0,0
24,469,District - Banas Kantha (02),Urban,15-19,43749,24045,19704,39389,23071,16318,4275,942,3333,31,9,22,30,13,17,24,10,14,0,0,0
24,469,District - Banas Kantha (02),Urban,20-24,41443,21285,20158,20359,13731,6628,20745,7462,13283,113,29,84,104,23,81,122,40,82,0,0,0
24,469,District - Banas Kantha (02),Urban,25-29,36352,18428,17924,5330,4064,1266,30397,14114,16283,231,77,154,141,51,90,253,122,131,0,0,0
24,469,District - Banas Kantha (02),Urban,30-34,33219,16754,16465,1541,1195,346,30925,15286,15639,406,112,294,129,48,81,218,113,105,0,0,0
24,469,District - Banas Kantha (02),Urban,35-39,30080,15357,14723,710,562,148,28374,14505,13869,689,152,537,111,39,72,196,99,97,0,0,0
24,469,District - Banas Kantha (02),Urban,40-44,25874,13142,12732,396,299,97,24233,12573,11660,1021,167,854,87,34,53,137,69,68,0,0,0
24,469,District - Banas Kantha (02),Urban,45-49,21604,11046,10558,221,165,56,19966,10585,9381,1268,222,1046,63,33,30,86,41,45,0,0,0
24,469,District - Banas Kantha (02),Urban,50-54,17175,9008,8167,166,117,49,15253,8534,6719,1637,303,1334,59,32,27,60,22,38,0,0,0
24,469,District - Banas Kantha (02),Urban,55-59,12507,6354,6153,105,66,39,10776,5983,4793,1571,280,1291,28,12,16,27,13,14,0,0,0
24,469,District - Banas Kantha (02),Urban,60-64,10307,5100,5207,150,88,62,7814,4599,3215,2284,398,1886,36,9,27,23,6,17,0,0,0
24,469,District - Banas Kantha (02),Urban,65-69,6519,3047,3472,128,64,64,4442,2632,1810,1927,341,1586,12,6,6,10,4,6,0,0,0
24,469,District - Banas Kantha (02),Urban,70-74,4850,2208,2642,83,36,47,2666,1770,896,2089,396,1693,8,4,4,4,2,2,0,0,0
24,469,District - Banas Kantha (02),Urban,75-79,2230,978,1252,35,22,13,1121,718,403,1067,235,832,5,3,2,2,0,2,0,0,0
24,469,District - Banas Kantha (02),Urban,80+,2736,1035,1701,139,80,59,937,626,311,1649,325,1324,7,3,4,4,1,3,0,0,0
24,469,District - Banas Kantha (02),Urban,Age not stated,279,139,140,122,73,49,130,62,68,25,3,22,1,0,1,1,1,0,0,0,0
24,469,District - Banas Kantha (02),Urban,Less than 18,151938,83156,68782,150001,82617,67384,1864,511,1353,35,8,27,33,18,15,5,2,3,0,0,0
24,469,District - Banas Kantha (02),Urban,Less than 21,180276,98147,82129,171409,95865,75544,8667,2220,6447,77,18,59,71,26,45,52,18,34,0,0,0
24,470,District - Patan   (03),Total,All ages,1343734,694397,649337,612033,348933,263100,661130,326991,334139,62550,14283,48267,2787,1121,1666,5234,3069,2165,0,0,0
24,470,District - Patan   (03),Total,0-9,271004,143772,127232,271004,143772,127232,0,0,0,0,0,0,0,0,0,0,0,0,0,0,0
24,470,District - Patan   (03),Total,10-14,147316,79436,67880,144341,78351,65990,2788,1029,1759,92,25,67,70,22,48,25,9,16,0,0,0
24,470,District - Patan   (03),Total,15-19,135360,72204,63156,114721,66568,48153,20226,5487,14739,192,59,133,142,58,84,79,32,47,0,0,0
24,470,District - Patan   (03),Total,20-24,124031,63944,60087,50574,35123,15451,72202,28327,43875,383,138,245,340,110,230,532,246,286,0,0,0
24,470,District - Patan   (03),Total,25-29,108646,56510,52136,15237,12317,2920,91313,43208,48105,723,291,432,428,164,264,945,530,415,0,0,0
24,470,District - Patan   (03),Total,30-34,99572,50933,48639,5803,4965,838,91062,44691,46371,1348,493,855,416,160,256,943,624,319,0,0,0
24,470,District - Patan   (03),Total,35-39,89866,46629,43237,3019,2604,415,83410,42660,40750,2226,663,1563,389,166,223,822,536,286,0,0,0
24,470,District - Patan   (03),Total,40-44,82428,42058,40370,1855,1571,284,76101,38965,37136,3456,933,2523,316,128,188,700,461,239,0,0,0
24,470,District - Patan   (03),Total,45-49,69515,35299,34216,994,781,213,63628,33125,30503,4270,1045,3225,209,90,119,414,258,156,0,0,0
24,470,District - Patan   (03),Total,50-54,57794,29958,27836,715,552,163,50693,27830,22863,5920,1346,4574,161,68,93,305,162,143,0,0,0
24,470,District - Patan   (03),Total,55-59,44018,21394,22624,400,296,104,37699,19725,17974,5651,1248,4403,87,40,47,181,85,96,0,0,0
24,470,District - Patan   (03),Total,60-64,39351,18979,20372,694,418,276,29727,16718,13009,8733,1750,6983,71,35,36,126,58,68,0,0,0
24,470,District - Patan   (03),Total,65-69,27444,12475,14969,610,343,267,18952,10501,8451,7748,1570,6178,66,28,38,68,33,35,0,0,0
24,470,District - Patan   (03),Total,70-74,22752,10182,12570,306,178,128,12489,8013,4476,9867,1953,7914,49,26,23,41,12,29,0,0,0
24,470,District - Patan   (03),Total,75-79,10136,4330,5806,117,53,64,5239,3190,2049,4741,1068,3673,16,9,7,23,10,13,0,0,0
24,470,District - Patan   (03),Total,80+,11970,4894,7076,453,272,181,4413,2933,1480,7067,1668,5399,19,13,6,18,8,10,0,0,0
24,470,District - Patan   (03),Total,Age not stated,2531,1400,1131,1190,769,421,1188,589,599,133,33,100,8,4,4,12,5,7,0,0,0
24,470,District - Patan   (03),Total,Less than 18,499285,267018,232267,489890,264003,225887,9003,2887,6116,212,61,151,133,49,84,47,18,29,0,0,0
24,470,District - Patan   (03),Total,Less than 21,586937,312658,274279,548257,300775,247482,37808,11582,26226,393,117,276,295,110,185,184,74,110,0,0,0
24,470,District - Patan   (03),Rural,All ages,1062653,548324,514329,488976,277137,211839,519012,256483,262529,48619,11410,37209,2056,832,1224,3990,2462,1528,0,0,0
24,470,District - Patan   (03),Rural,0-9,223745,118194,105551,223745,118194,105551,0,0,0,0,0,0,0,0,0,0,0,0,0,0,0
24,470,District - Patan   (03),Rural,10-14,120226,64368,55858,117799,63478,54321,2275,841,1434,69,21,48,62,19,43,21,9,12,0,0,0
24,470,District - Patan   (03),Rural,15-19,107501,56996,50505,89767,52057,37710,17415,4820,12595,139,47,92,111,43,68,69,29,40,0,0,0
24,470,District - Patan   (03),Rural,20-24,96699,49807,46892,35893,25430,10463,59800,23969,35831,306,114,192,271,84,187,429,210,219,0,0,0
24,470,District - Patan   (03),Rural,25-29,84087,44018,40069,10203,8526,1677,72186,34677,37509,592,244,348,339,128,211,767,443,324,0,0,0
24,470,District - Patan   (03),Rural,30-34,77554,39748,37806,4157,3650,507,71256,35051,36205,1084,412,672,317,130,187,740,505,235,0,0,0
24,470,District - Patan   (03),Rural,35-39,69198,36044,33154,2160,1922,238,64441,33034,31407,1712,539,1173,264,114,150,621,435,186,0,0,0
24,470,District - Patan   (03),Rural,40-44,63422,32421,31001,1292,1134,158,58682,30049,28633,2698,783,1915,224,95,129,526,360,166,0,0,0
24,470,District - Patan   (03),Rural,45-49,52591,26665,25926,656,549,107,48243,25029,23214,3264,835,2429,135,56,79,293,196,97,0,0,0
24,470,District - Patan   (03),Rural,50-54,44085,22754,21331,474,385,89,38722,21109,17613,4570,1089,3481,109,49,60,210,122,88,0,0,0
24,470,District - Patan   (03),Rural,55-59,33649,16140,17509,260,208,52,28874,14862,14012,4335,986,3349,59,27,32,121,57,64,0,0,0
24,470,District - Patan   (03),Rural,60-64,30952,14908,16044,467,297,170,23483,13133,10350,6865,1405,5460,54,28,26,83,45,38,0,0,0
24,470,District - Patan   (03),Rural,65-69,21462,9704,11758,402,244,158,14988,8168,6820,5984,1250,4734,46,21,25,42,21,21,0,0,0
24,470,District - Patan   (03),Rural,70-74,18057,8148,9909,208,128,80,10008,6428,3580,7784,1565,6219,31,18,13,26,9,17,0,0,0
24,470,District - Patan   (03),Rural,75-79,7772,3279,4493,74,37,37,4078,2434,1644,3592,795,2797,10,5,5,18,8,10,0,0,0
24,470,District - Patan   (03),Rural,80+,9380,3872,5508,329,198,131,3508,2359,1149,5511,1295,4216,18,12,6,14,8,6,0,0,0
24,470,District - Patan   (03),Rural,Age not stated,2273,1258,1015,1090,700,390,1053,520,533,114,30,84,6,3,3,10,5,5,0,0,0
24,470,District - Patan   (03),Rural,Less than 18,408720,217406,191314,400851,214869,185982,7563,2432,5131,152,49,103,113,39,74,41,17,24,0,0,0
24,470,District - Patan   (03),Rural,Less than 21,477781,253254,224527,444955,242971,201984,32140,10033,22107,295,99,196,241,85,156,150,66,84,0,0,0
24,470,District - Patan   (03),Urban,All ages,281081,146073,135008,123057,71796,51261,142118,70508,71610,13931,2873,11058,731,289,442,1244,607,637,0,0,0
24,470,District - Patan   (03),Urban,0-9,47259,25578,21681,47259,25578,21681,0,0,0,0,0,0,0,0,0,0,0,0,0,0,0
24,470,District - Patan   (03),Urban,10-14,27090,15068,12022,26542,14873,11669,513,188,325,23,4,19,8,3,5,4,0,4,0,0,0
24,470,District - Patan   (03),Urban,15-19,27859,15208,12651,24954,14511,10443,2811,667,2144,53,12,41,31,15,16,10,3,7,0,0,0
24,470,District - Patan   (03),Urban,20-24,27332,14137,13195,14681,9693,4988,12402,4358,8044,77,24,53,69,26,43,103,36,67,0,0,0
24,470,District - Patan   (03),Urban,25-29,24559,12492,12067,5034,3791,1243,19127,8531,10596,131,47,84,89,36,53,178,87,91,0,0,0
24,470,District - Patan   (03),Urban,30-34,22018,11185,10833,1646,1315,331,19806,9640,10166,264,81,183,99,30,69,203,119,84,0,0,0
24,470,District - Patan   (03),Urban,35-39,20668,10585,10083,859,682,177,18969,9626,9343,514,124,390,125,52,73,201,101,100,0,0,0
24,470,District - Patan   (03),Urban,40-44,19006,9637,9369,563,437,126,17419,8916,8503,758,150,608,92,33,59,174,101,73,0,0,0
24,470,District - Patan   (03),Urban,45-49,16924,8634,8290,338,232,106,15385,8096,7289,1006,210,796,74,34,40,121,62,59,0,0,0
24,470,District - Patan   (03),Urban,50-54,13709,7204,6505,241,167,74,11971,6721,5250,1350,257,1093,52,19,33,95,40,55,0,0,0
24,470,District - Patan   (03),Urban,55-59,10369,5254,5115,140,88,52,8825,4863,3962,1316,262,1054,28,13,15,60,28,32,0,0,0
24,470,District - Patan   (03),Urban,60-64,8399,4071,4328,227,121,106,6244,3585,2659,1868,345,1523,17,7,10,43,13,30,0,0,0
24,470,District - Patan   (03),Urban,65-69,5982,2771,3211,208,99,109,3964,2333,1631,1764,320,1444,20,7,13,26,12,14,0,0,0
24,470,District - Patan   (03),Urban,70-74,4695,2034,2661,98,50,48,2481,1585,896,2083,388,1695,18,8,10,15,3,12,0,0,0
24,470,District - Patan   (03),Urban,75-79,2364,1051,1313,43,16,27,1161,756,405,1149,273,876,6,4,2,5,2,3,0,0,0
24,470,District - Patan   (03),Urban,80+,2590,1022,1568,124,74,50,905,574,331,1556,373,1183,1,1,0,4,0,4,0,0,0
24,470,District - Patan   (03),Urban,Age not stated,258,142,116,100,69,31,135,69,66,19,3,16,2,1,1,2,0,2,0,0,0
24,470,District - Patan   (03),Urban,Less than 18,90565,49612,40953,89039,49134,39905,1440,455,985,60,12,48,20,10,10,6,1,5,0,0,0
24,470,District - Patan   (03),Urban,Less than 21,109156,59404,49752,103302,57804,45498,5668,1549,4119,98,18,80,54,25,29,34,8,26,0,0,0
24,471,District - Mahesana (04),Total,All ages,2035064,1056520,978544,857381,499941,357440,1060676,525321,535355,104264,24397,79867,4404,1903,2501,8339,4958,3381,0,0,0
24,471,District - Mahesana (04),Total,0-9,350988,192063,158925,350988,192063,158925,0,0,0,0,0,0,0,0,0,0,0,0,0,0,0
24,471,District - Mahesana (04),Total,10-14,200146,111239,88907,195733,109596,86137,4167,1529,2638,130,45,85,90,54,36,26,15,11,0,0,0
24,471,District - Mahesana (04),Total,15-19,202417,109784,92633,172044,101024,71020,29708,8549,21159,294,84,210,232,76,156,139,51,88,0,0,0
24,471,District - Mahesana (04),Total,20-24,196144,100379,95765,88724,58474,30250,105546,41104,64442,570,226,344,476,175,301,828,400,428,0,0,0
24,471,District - Mahesana (04),Total,25-29,169756,87643,82113,25625,19912,5713,141125,66248,74877,1029,433,596,570,239,331,1407,811,596,0,0,0
24,471,District - Mahesana (04),Total,30-34,155339,78619,76720,8865,7407,1458,142250,69223,73027,2036,729,1307,609,239,370,1579,1021,558,0,0,0
24,471,District - Mahesana (04),Total,35-39,144340,73752,70588,4595,3880,715,134284,67633,66651,3478,996,2482,614,284,330,1369,959,410,0,0,0
24,471,District - Mahesana (04),Total,40-44,136889,69019,67870,2718,2209,509,126567,64265,62302,5937,1584,4353,564,265,299,1103,696,407,0,0,0
24,471,District - Mahesana (04),Total,45-49,117864,60076,57788,1580,1201,379,107699,56496,51203,7555,1820,5735,399,177,222,631,382,249,0,0,0
24,471,District - Mahesana (04),Total,50-54,96592,49605,46987,1103,831,272,84811,46060,38751,9901,2297,7604,285,135,150,492,282,210,0,0,0
24,471,District - Mahesana (04),Total,55-59,74896,36994,37902,629,453,176,64027,34050,29977,9785,2282,7503,170,84,86,285,125,160,0,0,0
24,471,District - Mahesana (04),Total,60-64,65339,31326,34013,912,574,338,49404,27641,21763,14664,2932,11732,156,75,81,203,104,99,0,0,0
24,471,District - Mahesana (04),Total,65-69,46130,21422,24708,885,537,348,32098,18053,14045,12927,2754,10173,92,30,62,128,48,80,0,0,0
24,471,District - Mahesana (04),Total,70-74,37006,16660,20346,403,246,157,20979,13137,7842,15493,3224,12269,60,22,38,71,31,40,0,0,0
24,471,District - Mahesana (04),Total,75-79,17664,7859,9805,175,97,78,9119,5757,3362,8315,1978,6337,32,18,14,23,9,14,0,0,0
24,471,District - Mahesana (04),Total,80+,19951,8194,11757,813,471,342,7082,4724,2358,11971,2961,9010,43,23,20,42,15,27,0,0,0
24,471,District - Mahesana (04),Total,Age not stated,3603,1886,1717,1589,966,623,1810,852,958,179,52,127,12,7,5,13,9,4,0,0,0
24,471,District - Mahesana (04),Total,Less than 18,671220,369619,301601,656405,364919,291486,14234,4484,9750,298,87,211,212,93,119,71,36,35,0,0,0
24,471,District - Mahesana (04),Total,Less than 21,802281,437902,364379,746882,420511,326371,54051,16906,37145,602,189,413,428,168,260,318,128,190,0,0,0
24,471,District - Mahesana (04),Rural,All ages,1520734,787175,733559,645423,374208,271215,784160,387949,396211,81284,19491,61793,3321,1466,1855,6546,4061,2485,0,0,0
24,471,District - Mahesana (04),Rural,0-9,270856,147039,123817,270856,147039,123817,0,0,0,0,0,0,0,0,0,0,0,0,0,0,0
24,471,District - Mahesana (04),Rural,10-14,152854,84249,68605,149750,83135,66615,2920,1031,1889,95,32,63,67,38,29,22,13,9,0,0,0
24,471,District - Mahesana (04),Rural,15-19,152178,82016,70162,127850,74942,52908,23806,6908,16898,211,59,152,194,67,127,117,40,77,0,0,0
24,471,District - Mahesana (04),Rural,20-24,145249,74295,70954,62096,41176,20920,81693,32482,49211,421,171,250,370,137,233,669,329,340,0,0,0
24,471,District - Mahesana (04),Rural,25-29,123147,64039,59108,17611,13985,3626,103163,48843,54320,798,352,446,452,194,258,1123,665,458,0,0,0
24,471,District - Mahesana (04),Rural,30-34,113165,57346,55819,6350,5470,880,103538,50282,53256,1614,593,1021,439,173,266,1224,828,396,0,0,0
24,471,District - Mahesana (04),Rural,35-39,105761,54287,51474,3399,2951,448,98146,49501,48645,2685,817,1868,451,218,233,1080,800,280,0,0,0
24,471,District - Mahesana (04),Rural,40-44,100769,50854,49915,1988,1685,303,92901,47112,45789,4611,1298,3313,425,206,219,844,553,291,0,0,0
24,471,District - Mahesana (04),Rural,45-49,85335,43562,41773,1136,899,237,77640,40732,36908,5783,1479,4304,290,136,154,486,316,170,0,0,0
24,471,District - Mahesana (04),Rural,50-54,70878,36115,34763,798,625,173,61781,33311,28470,7706,1849,5857,207,97,110,386,233,153,0,0,0
24,471,District - Mahesana (04),Rural,55-59,55180,26912,28268,424,324,100,46851,24590,22261,7573,1835,5738,120,60,60,212,103,109,0,0,0
24,471,District - Mahesana (04),Rural,60-64,49957,23775,26182,639,424,215,37435,20855,16580,11602,2349,9253,116,57,59,165,90,75,0,0,0
24,471,District - Mahesana (04),Rural,65-69,35402,16203,19199,630,394,236,24504,13561,10943,10105,2184,7921,66,25,41,97,39,58,0,0,0
24,471,District - Mahesana (04),Rural,70-74,29067,13036,16031,276,174,102,16371,10213,6158,12313,2607,9706,49,16,33,58,26,32,0,0,0
24,471,District - Mahesana (04),Rural,75-79,13640,6032,7608,117,69,48,7086,4446,2640,6387,1492,4895,29,17,12,21,8,13,0,0,0
24,471,District - Mahesana (04),Rural,80+,15307,6344,8963,555,322,233,5408,3649,1759,9273,2340,6933,38,21,17,33,12,21,0,0,0
24,471,District - Mahesana (04),Rural,Age not stated,1989,1071,918,948,594,354,917,433,484,107,34,73,8,4,4,9,6,3,0,0,0
24,471,District - Mahesana (04),Rural,Less than 18,514308,280985,233323,503057,277466,225591,10808,3360,7448,216,60,156,170,70,100,57,29,28,0,0,0
24,471,District - Mahesana (04),Rural,Less than 21,612798,332085,280713,568845,318234,250611,42924,13482,29442,424,127,297,346,139,207,259,103,156,0,0,0
24,471,District - Mahesana (04),Urban,All ages,514330,269345,244985,211958,125733,86225,276516,137372,139144,22980,4906,18074,1083,437,646,1793,897,896,0,0,0
24,471,District - Mahesana (04),Urban,0-9,80132,45024,35108,80132,45024,35108,0,0,0,0,0,0,0,0,0,0,0,0,0,0,0
24,471,District - Mahesana (04),Urban,10-14,47292,26990,20302,45983,26461,19522,1247,498,749,35,13,22,23,16,7,4,2,2,0,0,0
24,471,District - Mahesana (04),Urban,15-19,50239,27768,22471,44194,26082,18112,5902,1641,4261,83,25,58,38,9,29,22,11,11,0,0,0
24,471,District - Mahesana (04),Urban,20-24,50895,26084,24811,26628,17298,9330,23853,8622,15231,149,55,94,106,38,68,159,71,88,0,0,0
24,471,District - Mahesana (04),Urban,25-29,46609,23604,23005,8014,5927,2087,37962,17405,20557,231,81,150,118,45,73,284,146,138,0,0,0
24,471,District - Mahesana (04),Urban,30-34,42174,21273,20901,2515,1937,578,38712,18941,19771,422,136,286,170,66,104,355,193,162,0,0,0
24,471,District - Mahesana (04),Urban,35-39,38579,19465,19114,1196,929,267,36138,18132,18006,793,179,614,163,66,97,289,159,130,0,0,0
24,471,District - Mahesana (04),Urban,40-44,36120,18165,17955,730,524,206,33666,17153,16513,1326,286,1040,139,59,80,259,143,116,0,0,0
24,471,District - Mahesana (04),Urban,45-49,32529,16514,16015,444,302,142,30059,15764,14295,1772,341,1431,109,41,68,145,66,79,0,0,0
24,471,District - Mahesana (04),Urban,50-54,25714,13490,12224,305,206,99,23030,12749,10281,2195,448,1747,78,38,40,106,49,57,0,0,0
24,471,District - Mahesana (04),Urban,55-59,19716,10082,9634,205,129,76,17176,9460,7716,2212,447,1765,50,24,26,73,22,51,0,0,0
24,471,District - Mahesana (04),Urban,60-64,15382,7551,7831,273,150,123,11969,6786,5183,3062,583,2479,40,18,22,38,14,24,0,0,0
24,471,District - Mahesana (04),Urban,65-69,10728,5219,5509,255,143,112,7594,4492,3102,2822,570,2252,26,5,21,31,9,22,0,0,0
24,471,District - Mahesana (04),Urban,70-74,7939,3624,4315,127,72,55,4608,2924,1684,3180,617,2563,11,6,5,13,5,8,0,0,0
24,471,District - Mahesana (04),Urban,75-79,4024,1827,2197,58,28,30,2033,1311,722,1928,486,1442,3,1,2,2,1,1,0,0,0
24,471,District - Mahesana (04),Urban,80+,4644,1850,2794,258,149,109,1674,1075,599,2698,621,2077,5,2,3,9,3,6,0,0,0
24,471,District - Mahesana (04),Urban,Age not stated,1614,815,799,641,372,269,893,419,474,72,18,54,4,3,1,4,3,1,0,0,0
24,471,District - Mahesana (04),Urban,Less than 18,156912,88634,68278,153348,87453,65895,3426,1124,2302,82,27,55,42,23,19,14,7,7,0,0,0
24,471,District - Mahesana (04),Urban,Less than 21,189483,105817,83666,178037,102277,75760,11127,3424,7703,178,62,116,82,29,53,59,25,34,0,0,0
24,472,District - Sabar Kantha (05),Total,All ages,2428589,1244231,1184358,1089084,609919,479165,1212832,599422,613410,113804,28154,85650,4564,1918,2646,8305,4818,3487,0,0,0
24,472,District - Sabar Kantha (05),Total,0-9,493627,260421,233206,493627,260421,233206,0,0,0,0,0,0,0,0,0,0,0,0,0,0,0
24,472,District - Sabar Kantha (05),Total,10-14,259112,137995,121117,254617,136383,118234,4228,1487,2741,145,57,88,88,49,39,34,19,15,0,0,0
24,472,District - Sabar Kantha (05),Total,15-19,233975,124020,109955,203343,115315,88028,29983,8489,21494,291,75,216,191,69,122,167,72,95,0,0,0
24,472,District - Sabar Kantha (05),Total,20-24,213627,109036,104591,87712,59274,28438,123937,48921,75016,731,265,466,443,161,282,804,415,389,0,0,0
24,472,District - Sabar Kantha (05),Total,25-29,192790,99359,93431,24219,18964,5255,165516,78975,86541,1256,463,793,552,228,324,1247,729,518,0,0,0
24,472,District - Sabar Kantha (05),Total,30-34,180675,90818,89857,8571,6935,1636,167547,81909,85638,2530,865,1665,616,244,372,1411,865,546,0,0,0
24,472,District - Sabar Kantha (05),Total,35-39,166735,85545,81190,4740,3899,841,155753,79271,76482,4325,1289,3036,573,246,327,1344,840,504,0,0,0
24,472,District - Sabar Kantha (05),Total,40-44,149750,74898,74852,2941,2381,560,138746,69715,69031,6468,1888,4580,553,256,297,1042,658,384,0,0,0
24,472,District - Sabar Kantha (05),Total,45-49,133803,68024,65779,1934,1556,378,121968,63497,58471,8648,2290,6358,444,197,247,809,484,325,0,0,0
24,472,District - Sabar Kantha (05),Total,50-54,110790,55889,54901,1294,995,299,97508,51681,45827,11059,2727,8332,332,149,183,597,337,260,0,0,0
24,472,District - Sabar Kantha (05),Total,55-59,87288,42709,44579,856,643,213,74856,39091,35765,10984,2714,8270,251,98,153,341,163,178,0,0,0
24,472,District - Sabar Kantha (05),Total,60-64,75642,36694,38948,1179,742,437,57271,32130,25141,16749,3621,13128,201,78,123,242,123,119,0,0,0
24,472,District - Sabar Kantha (05),Total,65-69,49980,22754,27226,1011,592,419,34388,18887,15501,14325,3170,11155,130,58,72,126,47,79,0,0,0
24,472,District - Sabar Kantha (05),Total,70-74,38367,17518,20849,471,292,179,21693,13640,8053,16034,3507,12527,101,45,56,68,34,34,0,0,0
24,472,District - Sabar Kantha (05),Total,75-79,17356,7608,9748,177,118,59,9268,5520,3748,7840,1941,5899,43,18,25,28,11,17,0,0,0
24,472,District - Sabar Kantha (05),Total,80+,21482,9053,12429,750,414,336,8446,5375,3071,12212,3227,8985,38,19,19,36,18,18,0,0,0
24,472,District - Sabar Kantha (05),Total,Age not stated,3590,1890,1700,1642,995,647,1724,834,890,207,55,152,8,3,5,9,3,6,0,0,0
24,472,District - Sabar Kantha (05),Total,Less than 18,895376,475056,420320,881110,470417,410693,13703,4429,9274,324,95,229,163,78,85,76,37,39,0,0,0
24,472,District - Sabar Kantha (05),Total,Less than 21,1040335,549755,490580,982030,531684,450346,56975,17572,39403,628,196,432,362,146,216,340,157,183,0,0,0
24,472,District - Sabar Kantha (05),Rural,All ages,2064869,1056141,1008728,928602,517815,410787,1027580,507352,520228,97979,25093,72886,3660,1579,2081,7048,4302,2746,0,0,0
24,472,District - Sabar Kantha (05),Rural,0-9,429291,225561,203730,429291,225561,203730,0,0,0,0,0,0,0,0,0,0,0,0,0,0,0
24,472,District - Sabar Kantha (05),Rural,10-14,222472,117867,104605,218650,116510,102140,3601,1254,2347,119,46,73,70,39,31,32,18,14,0,0,0
24,472,District - Sabar Kantha (05),Rural,15-19,197415,104226,93189,170354,96399,73955,26518,7641,18877,240,61,179,160,58,102,143,67,76,0,0,0
24,472,District - Sabar Kantha (05),Rural,20-24,179064,91342,87722,69803,47421,22382,107562,43182,64380,627,228,399,368,134,234,704,377,327,0,0,0
24,472,District - Sabar Kantha (05),Rural,25-29,162104,83833,78271,19268,15290,3978,140239,67280,72959,1102,428,674,438,192,246,1057,643,414,0,0,0
24,472,District - Sabar Kantha (05),Rural,30-34,152182,76621,75561,7091,5858,1233,141252,69034,72218,2194,770,1424,472,195,277,1173,764,409,0,0,0
24,472,District - Sabar Kantha (05),Rural,35-39,140435,72225,68210,3997,3360,637,131126,66739,64387,3738,1178,2560,443,195,248,1131,753,378,0,0,0
24,472,District - Sabar Kantha (05),Rural,40-44,125671,62890,62781,2503,2066,437,116310,58331,57979,5554,1700,3854,436,214,222,868,579,289,0,0,0
24,472,District - Sabar Kantha (05),Rural,45-49,112155,56932,55223,1651,1366,285,102065,52919,49146,7403,2051,5352,342,160,182,694,436,258,0,0,0
24,472,District - Sabar Kantha (05),Rural,50-54,93140,46777,46363,1075,855,220,81753,43055,38698,9523,2442,7081,273,121,152,516,304,212,0,0,0
24,472,District - Sabar Kantha (05),Rural,55-59,73951,36014,37937,712,562,150,63281,32783,30498,9463,2441,7022,207,81,126,288,147,141,0,0,0
24,472,District - Sabar Kantha (05),Rural,60-64,64853,31399,33454,983,633,350,49052,27364,21688,14437,3229,11208,169,62,107,212,111,101,0,0,0
24,472,District - Sabar Kantha (05),Rural,65-69,42844,19425,23419,796,474,322,29536,16033,13503,12290,2825,9465,110,48,62,112,45,67,0,0,0
24,472,District - Sabar Kantha (05),Rural,70-74,33177,15213,17964,386,246,140,18701,11768,6933,13933,3124,10809,95,43,52,62,32,30,0,0,0
24,472,District - Sabar Kantha (05),Rural,75-79,14834,6501,8333,153,103,50,7941,4692,3249,6680,1680,5000,37,17,20,23,9,14,0,0,0
24,472,District - Sabar Kantha (05),Rural,80+,18534,7867,10667,590,329,261,7361,4663,2698,10521,2844,7677,35,17,18,27,14,13,0,0,0
24,472,District - Sabar Kantha (05),Rural,Age not stated,2747,1448,1299,1299,782,517,1282,614,668,155,46,109,5,3,2,6,3,3,0,0,0
24,472,District - Sabar Kantha (05),Rural,Less than 18,772442,408092,364350,760091,404052,356039,11881,3867,8014,270,74,196,132,63,69,68,36,32,0,0,0
24,472,District - Sabar Kantha (05),Rural,Less than 21,894367,470619,423748,843098,454484,388614,50154,15713,34441,518,158,360,298,118,180,299,146,153,0,0,0
24,472,District - Sabar Kantha (05),Urban,All ages,363720,188090,175630,160482,92104,68378,185252,92070,93182,15825,3061,12764,904,339,565,1257,516,741,0,0,0
24,472,District - Sabar Kantha (05),Urban,0-9,64336,34860,29476,64336,34860,29476,0,0,0,0,0,0,0,0,0,0,0,0,0,0,0
24,472,District - Sabar Kantha (05),Urban,10-14,36640,20128,16512,35967,19873,16094,627,233,394,26,11,15,18,10,8,2,1,1,0,0,0
24,472,District - Sabar Kantha (05),Urban,15-19,36560,19794,16766,32989,18916,14073,3465,848,2617,51,14,37,31,11,20,24,5,19,0,0,0
24,472,District - Sabar Kantha (05),Urban,20-24,34563,17694,16869,17909,11853,6056,16375,5739,10636,104,37,67,75,27,48,100,38,62,0,0,0
24,472,District - Sabar Kantha (05),Urban,25-29,30686,15526,15160,4951,3674,1277,25277,11695,13582,154,35,119,114,36,78,190,86,104,0,0,0
24,472,District - Sabar Kantha (05),Urban,30-34,28493,14197,14296,1480,1077,403,26295,12875,13420,336,95,241,144,49,95,238,101,137,0,0,0
24,472,District - Sabar Kantha (05),Urban,35-39,26300,13320,12980,743,539,204,24627,12532,12095,587,111,476,130,51,79,213,87,126,0,0,0
24,472,District - Sabar Kantha (05),Urban,40-44,24079,12008,12071,438,315,123,22436,11384,11052,914,188,726,117,42,75,174,79,95,0,0,0
24,472,District - Sabar Kantha (05),Urban,45-49,21648,11092,10556,283,190,93,19903,10578,9325,1245,239,1006,102,37,65,115,48,67,0,0,0
24,472,District - Sabar Kantha (05),Urban,50-54,17650,9112,8538,219,140,79,15755,8626,7129,1536,285,1251,59,28,31,81,33,48,0,0,0
24,472,District - Sabar Kantha (05),Urban,55-59,13337,6695,6642,144,81,63,11575,6308,5267,1521,273,1248,44,17,27,53,16,37,0,0,0
24,472,District - Sabar Kantha (05),Urban,60-64,10789,5295,5494,196,109,87,8219,4766,3453,2312,392,1920,32,16,16,30,12,18,0,0,0
24,472,District - Sabar Kantha (05),Urban,65-69,7136,3329,3807,215,118,97,4852,2854,1998,2035,345,1690,20,10,10,14,2,12,0,0,0
24,472,District - Sabar Kantha (05),Urban,70-74,5190,2305,2885,85,46,39,2992,1872,1120,2101,383,1718,6,2,4,6,2,4,0,0,0
24,472,District - Sabar Kantha (05),Urban,75-79,2522,1107,1415,24,15,9,1327,828,499,1160,261,899,6,1,5,5,2,3,0,0,0
24,472,District - Sabar Kantha (05),Urban,80+,2948,1186,1762,160,85,75,1085,712,373,1691,383,1308,3,2,1,9,4,5,0,0,0
24,472,District - Sabar Kantha (05),Urban,Age not stated,843,442,401,343,213,130,442,220,222,52,9,43,3,0,3,3,0,3,0,0,0
24,472,District - Sabar Kantha (05),Urban,Less than 18,122934,66964,55970,121019,66365,54654,1822,562,1260,54,21,33,31,15,16,8,1,7,0,0,0
24,472,District - Sabar Kantha (05),Urban,Less than 21,145968,79136,66832,138932,77200,61732,6821,1859,4962,110,38,72,64,28,36,41,11,30,0,0,0
24,473,District - Gandhinagar (06),Total,All ages,1391753,723864,667889,567064,331535,235529,746564,371944,374620,68983,15483,53500,3141,1446,1695,6001,3456,2545,0,0,0
24,473,District - Gandhinagar (06),Total,0-9,242320,131966,110354,242320,131966,110354,0,0,0,0,0,0,0,0,0,0,0,0,0,0,0
24,473,District - Gandhinagar (06),Total,10-14,132993,73558,59435,128112,71896,56216,4612,1543,3069,127,41,86,106,55,51,36,23,13,0,0,0
24,473,District - Gandhinagar (06),Total,15-19,133572,71507,62065,104753,62846,41907,28162,8425,19737,295,90,205,213,86,127,149,60,89,0,0,0
24,473,District - Gandhinagar (06),Total,20-24,136032,70022,66010,55414,37736,17678,79189,31669,47520,529,198,331,304,124,180,596,295,301,0,0,0
24,473,District - Gandhinagar (06),Total,25-29,124412,64096,60316,18398,13901,4497,103748,49126,54622,859,320,539,429,195,234,978,554,424,0,0,0
24,473,District - Gandhinagar (06),Total,30-34,113125,57892,55233,6331,4993,1338,103511,51441,52070,1761,611,1150,471,209,262,1051,638,413,0,0,0
24,473,District - Gandhinagar (06),Total,35-39,103988,53600,50388,3204,2527,677,96392,49346,47046,2901,831,2070,457,218,239,1034,678,356,0,0,0
24,473,District - Gandhinagar (06),Total,40-44,94152,48153,45999,1877,1471,406,86751,44919,41832,4385,1096,3289,344,172,172,795,495,300,0,0,0
24,473,District - Gandhinagar (06),Total,45-49,80597,41165,39432,1091,809,282,73133,38697,34436,5572,1213,4359,266,137,129,535,309,226,0,0,0
24,473,District - Gandhinagar (06),Total,50-54,65699,33961,31738,758,521,237,57107,31579,25528,7272,1582,5690,212,96,116,350,183,167,0,0,0
24,473,District - Gandhinagar (06),Total,55-59,49153,24692,24461,475,314,161,41645,22817,18828,6734,1404,5330,124,68,56,175,89,86,0,0,0
24,473,District - Gandhinagar (06),Total,60-64,41246,19730,21516,619,349,270,30319,17292,13027,10098,2005,8093,83,28,55,127,56,71,0,0,0
24,473,District - Gandhinagar (06),Total,65-69,27488,12850,14638,514,284,230,18668,10799,7869,8190,1710,6480,50,21,29,66,36,30,0,0,0
24,473,District - Gandhinagar (06),Total,70-74,20655,9263,11392,247,134,113,11374,7272,4102,8948,1825,7123,38,16,22,48,16,32,0,0,0
24,473,District - Gandhinagar (06),Total,75-79,9328,4022,5306,117,53,64,4781,3003,1778,4401,954,3447,17,9,8,12,3,9,0,0,0
24,473,District - Gandhinagar (06),Total,80+,11317,4475,6842,551,316,235,4132,2611,1521,6590,1535,5055,14,4,10,30,9,21,0,0,0
24,473,District - Gandhinagar (06),Total,Age not stated,5676,2912,2764,2283,1419,864,3040,1405,1635,321,68,253,13,8,5,19,12,7,0,0,0
24,473,District - Gandhinagar (06),Total,Less than 18,453469,247970,205499,437545,243063,194482,15299,4665,10634,316,96,220,220,96,124,89,50,39,0,0,0
24,473,District - Gandhinagar (06),Total,Less than 21,541621,293733,247888,491629,277597,214032,48758,15666,33092,550,174,376,384,168,216,300,128,172,0,0,0
24,473,District - Gandhinagar (06),Rural,All ages,791126,408436,382690,321771,186802,134969,419679,208249,211430,44054,10171,33883,1841,865,976,3781,2349,1432,0,0,0
24,473,District - Gandhinagar (06),Rural,0-9,144529,78127,66402,144529,78127,66402,0,0,0,0,0,0,0,0,0,0,0,0,0,0,0
24,473,District - Gandhinagar (06),Rural,10-14,79046,43045,36001,75784,41944,33840,3082,1022,2060,86,28,58,70,34,36,24,17,7,0,0,0
24,473,District - Gandhinagar (06),Rural,15-19,77513,40818,36695,57760,34731,23029,19291,5923,13368,204,59,145,152,60,92,106,45,61,0,0,0
24,473,District - Gandhinagar (06),Rural,20-24,75617,38712,36905,25977,18036,7941,48710,20248,28462,343,139,204,184,75,109,403,214,189,0,0,0
24,473,District - Gandhinagar (06),Rural,25-29,67195,34942,32253,8118,6485,1633,57626,27741,29885,560,220,340,263,110,153,628,386,242,0,0,0
24,473,District - Gandhinagar (06),Rural,30-34,62117,31769,30348,3119,2634,485,56941,28136,28805,1135,427,708,274,132,142,648,440,208,0,0,0
24,473,District - Gandhinagar (06),Rural,35-39,57442,29847,27595,1658,1437,221,53011,27231,25780,1878,604,1274,260,124,136,635,451,184,0,0,0
24,473,District - Gandhinagar (06),Rural,40-44,52068,26627,25441,1027,876,151,47593,24571,23022,2778,762,2016,188,102,86,482,316,166,0,0,0
24,473,District - Gandhinagar (06),Rural,45-49,43345,22251,21094,583,491,92,38769,20664,18105,3522,827,2695,150,77,73,321,192,129,0,0,0
24,473,District - Gandhinagar (06),Rural,50-54,35486,17943,17543,408,317,91,30098,16388,13710,4632,1047,3585,120,56,64,228,135,93,0,0,0
24,473,District - Gandhinagar (06),Rural,55-59,26942,13040,13902,234,169,65,22291,11860,10431,4247,905,3342,65,45,20,105,61,44,0,0,0
24,473,District - Gandhinagar (06),Rural,60-64,24481,11397,13084,332,211,121,17413,9810,7603,6615,1325,5290,41,12,29,80,39,41,0,0,0
24,473,District - Gandhinagar (06),Rural,65-69,16405,7397,9008,248,143,105,10853,6151,4702,5233,1067,4166,21,11,10,50,25,25,0,0,0
24,473,District - Gandhinagar (06),Rural,70-74,12708,5542,7166,133,73,60,6742,4256,2486,5773,1185,4588,27,14,13,33,14,19,0,0,0
24,473,District - Gandhinagar (06),Rural,75-79,5587,2339,3248,56,23,33,2818,1761,1057,2693,547,2146,12,6,6,8,2,6,0,0,0
24,473,District - Gandhinagar (06),Rural,80+,6911,2716,4195,279,156,123,2481,1578,903,4128,976,3152,7,3,4,16,3,13,0,0,0
24,473,District - Gandhinagar (06),Rural,Age not stated,3734,1924,1810,1526,949,577,1960,909,1051,227,53,174,7,4,3,14,9,5,0,0,0
24,473,District - Gandhinagar (06),Rural,Less than 18,269348,145791,123557,258473,142406,116067,10442,3223,7219,221,64,157,149,61,88,63,37,26,0,0,0
24,473,District - Gandhinagar (06),Rural,Less than 21,320126,171529,148597,286478,160438,126040,32811,10775,22036,374,115,259,260,109,151,203,92,111,0,0,0
24,473,District - Gandhinagar (06),Urban,All ages,600627,315428,285199,245293,144733,100560,326885,163695,163190,24929,5312,19617,1300,581,719,2220,1107,1113,0,0,0
24,473,District - Gandhinagar (06),Urban,0-9,97791,53839,43952,97791,53839,43952,0,0,0,0,0,0,0,0,0,0,0,0,0,0,0
24,473,District - Gandhinagar (06),Urban,10-14,53947,30513,23434,52328,29952,22376,1530,521,1009,41,13,28,36,21,15,12,6,6,0,0,0
24,473,District - Gandhinagar (06),Urban,15-19,56059,30689,25370,46993,28115,18878,8871,2502,6369,91,31,60,61,26,35,43,15,28,0,0,0
24,473,District - Gandhinagar (06),Urban,20-24,60415,31310,29105,29437,19700,9737,30479,11421,19058,186,59,127,120,49,71,193,81,112,0,0,0
24,473,District - Gandhinagar (06),Urban,25-29,57217,29154,28063,10280,7416,2864,46122,21385,24737,299,100,199,166,85,81,350,168,182,0,0,0
24,473,District - Gandhinagar (06),Urban,30-34,51008,26123,24885,3212,2359,853,46570,23305,23265,626,184,442,197,77,120,403,198,205,0,0,0
24,473,District - Gandhinagar (06),Urban,35-39,46546,23753,22793,1546,1090,456,43381,22115,21266,1023,227,796,197,94,103,399,227,172,0,0,0
24,473,District - Gandhinagar (06),Urban,40-44,42084,21526,20558,850,595,255,39158,20348,18810,1607,334,1273,156,70,86,313,179,134,0,0,0
24,473,District - Gandhinagar (06),Urban,45-49,37252,18914,18338,508,318,190,34364,18033,16331,2050,386,1664,116,60,56,214,117,97,0,0,0
24,473,District - Gandhinagar (06),Urban,50-54,30213,16018,14195,350,204,146,27009,15191,11818,2640,535,2105,92,40,52,122,48,74,0,0,0
24,473,District - Gandhinagar (06),Urban,55-59,22211,11652,10559,241,145,96,19354,10957,8397,2487,499,1988,59,23,36,70,28,42,0,0,0
24,473,District - Gandhinagar (06),Urban,60-64,16765,8333,8432,287,138,149,12906,7482,5424,3483,680,2803,42,16,26,47,17,30,0,0,0
24,473,District - Gandhinagar (06),Urban,65-69,11083,5453,5630,266,141,125,7815,4648,3167,2957,643,2314,29,10,19,16,11,5,0,0,0
24,473,District - Gandhinagar (06),Urban,70-74,7947,3721,4226,114,61,53,4632,3016,1616,3175,640,2535,11,2,9,15,2,13,0,0,0
24,473,District - Gandhinagar (06),Urban,75-79,3741,1683,2058,61,30,31,1963,1242,721,1708,407,1301,5,3,2,4,1,3,0,0,0
24,473,District - Gandhinagar (06),Urban,80+,4406,1759,2647,272,160,112,1651,1033,618,2462,559,1903,7,1,6,14,6,8,0,0,0
24,473,District - Gandhinagar (06),Urban,Age not stated,1942,988,954,757,470,287,1080,496,584,94,15,79,6,4,2,5,3,2,0,0,0
24,473,District - Gandhinagar (06),Urban,Less than 18,184121,102179,81942,179072,100657,78415,4857,1442,3415,95,32,63,71,35,36,26,13,13,0,0,0
24,473,District - Gandhinagar (06),Urban,Less than 21,221495,122204,99291,205151,117159,87992,15947,4891,11056,176,59,117,124,59,65,97,36,61,0,0,0
24,474,District - Ahmadabad (07),Total,All ages,7214225,3788051,3426174,3055450,1778828,1276622,3816318,1911493,1904825,299412,75641,223771,17754,9101,8653,25291,12988,12303,0,0,0
24,474,District - Ahmadabad (07),Total,0-9,1216635,659243,557392,1216635,659243,557392,0,0,0,0,0,0,0,0,0,0,0,0,0,0,0
24,474,District - Ahmadabad (07),Total,10-14,669168,366969,302199,633791,351857,281934,33040,14104,18936,1353,469,884,622,346,276,362,193,169,0,0,0
24,474,District - Ahmadabad (07),Total,15-19,679291,369754,309537,573942,335830,238112,101638,32440,69198,1999,671,1328,1011,512,499,701,301,400,0,0,0
24,474,District - Ahmadabad (07),Total,20-24,710749,369470,341279,358158,240582,117576,345582,126073,219509,3025,963,2062,1926,969,957,2058,883,1175,0,0,0
24,474,District - Ahmadabad (07),Total,25-29,677015,348185,328830,135139,99159,35980,530945,244361,286584,4759,1556,3203,2508,1308,1200,3664,1801,1863,0,0,0
24,474,District - Ahmadabad (07),Total,30-34,604131,310939,293192,46770,33994,12776,542935,270852,272083,7536,2455,5081,2544,1257,1287,4346,2381,1965,0,0,0
24,474,District - Ahmadabad (07),Total,35-39,540179,279388,260791,23667,16885,6782,498644,255698,242946,11576,3375,8201,2190,1125,1065,4102,2305,1797,0,0,0
24,474,District - Ahmadabad (07),Total,40-44,476673,246569,230104,14716,10170,4546,439041,228995,210046,17617,4521,13096,1989,1032,957,3310,1851,1459,0,0,0
24,474,District - Ahmadabad (07),Total,45-49,422912,216889,206023,9641,6299,3342,385904,202805,183099,23367,5633,17734,1524,818,706,2476,1334,1142,0,0,0
24,474,District - Ahmadabad (07),Total,50-54,351026,185734,165292,6869,4234,2635,311577,172853,138724,29721,7164,22557,1183,639,544,1676,844,832,0,0,0
24,474,District - Ahmadabad (07),Total,55-59,269524,140807,128717,4868,2786,2082,233094,129813,103281,29752,7350,22402,795,386,409,1015,472,543,0,0,0
24,474,District - Ahmadabad (07),Total,60-64,214045,109765,104280,5108,2743,2365,166699,97035,69664,40931,9408,31523,630,300,330,677,279,398,0,0,0
24,474,District - Ahmadabad (07),Total,65-69,140102,69713,70389,4310,2291,2019,99977,58763,41214,35136,8338,26798,338,178,160,341,143,198,0,0,0
24,474,District - Ahmadabad (07),Total,70-74,103666,49898,53768,2485,1239,1246,63361,39569,23792,37364,8893,28471,219,109,110,237,88,149,0,0,0
24,474,District - Ahmadabad (07),Total,75-79,54772,25887,28885,1203,573,630,30210,18957,11253,23131,6267,16864,105,45,60,123,45,78,0,0,0
24,474,District - Ahmadabad (07),Total,80+,65017,28550,36467,5046,2915,2131,28246,17098,11148,31448,8432,23016,135,58,77,142,47,95,0,0,0
24,474,District - Ahmadabad (07),Total,Age not stated,19320,10291,9029,13102,8028,5074,5425,2077,3348,697,146,551,35,19,16,61,21,40,0,0,0
24,474,District - Ahmadabad (07),Total,Less than 18,2278643,1241421,1037222,2201046,1211222,989824,73240,28387,44853,2549,840,1709,1146,618,528,662,354,308,0,0,0
24,474,District - Ahmadabad (07),Total,Less than 21,2730896,1482622,1248274,2527278,1413575,1113703,195943,65962,129981,4180,1372,2808,2033,1050,983,1462,663,799,0,0,0
24,474,District - Ahmadabad (07),Rural,All ages,1151178,595583,555595,502757,285669,217088,588126,291999,296127,53533,13890,39643,2355,1145,1210,4407,2880,1527,0,0,0
24,474,District - Ahmadabad (07),Rural,0-9,233380,123431,109949,233380,123431,109949,0,0,0,0,0,0,0,0,0,0,0,0,0,0,0
24,474,District - Ahmadabad (07),Rural,10-14,126352,67526,58826,120921,65491,55430,5075,1876,3199,182,61,121,110,57,53,64,41,23,0,0,0
24,474,District - Ahmadabad (07),Rural,15-19,116738,61234,55504,90002,52818,37184,25948,8079,17869,323,103,220,239,123,116,226,111,115,0,0,0
24,474,District - Ahmadabad (07),Rural,20-24,104183,53959,50224,34251,24635,9616,68593,28675,39918,493,195,298,252,113,139,594,341,253,0,0,0
24,474,District - Ahmadabad (07),Rural,25-29,91129,47476,43653,10476,8606,1870,78870,37944,40926,789,316,473,287,125,162,707,485,222,0,0,0
24,474,District - Ahmadabad (07),Rural,30-34,85095,43301,41794,4423,3687,736,78285,38448,39837,1380,539,841,307,140,167,700,487,213,0,0,0
24,474,District - Ahmadabad (07),Rural,35-39,79643,41481,38162,2682,2239,443,73792,37784,36008,2193,811,1382,314,161,153,662,486,176,0,0,0
24,474,District - Ahmadabad (07),Rural,40-44,70406,36543,33863,1518,1251,267,65042,33838,31204,3070,954,2116,245,123,122,531,377,154,0,0,0
24,474,District - Ahmadabad (07),Rural,45-49,58975,30585,28390,935,764,171,53689,28338,25351,3841,1156,2685,173,94,79,337,233,104,0,0,0
24,474,District - Ahmadabad (07),Rural,50-54,48996,25701,23295,571,444,127,43189,23788,19401,4864,1252,3612,129,71,58,243,146,97,0,0,0
24,474,District - Ahmadabad (07),Rural,55-59,37154,18208,18946,392,300,92,31936,16639,15297,4634,1176,3458,81,35,46,111,58,53,0,0,0
24,474,District - Ahmadabad (07),Rural,60-64,33954,16461,17493,406,273,133,25788,14381,11407,7596,1733,5863,72,27,45,92,47,45,0,0,0
24,474,District - Ahmadabad (07),Rural,65-69,23871,10886,12985,353,217,136,16808,9142,7666,6600,1466,5134,68,40,28,42,21,21,0,0,0
24,474,District - Ahmadabad (07),Rural,70-74,19364,9017,10347,223,138,85,11169,7110,4059,7886,1727,6159,40,19,21,46,23,23,0,0,0
24,474,District - Ahmadabad (07),Rural,75-79,8528,3771,4757,83,52,31,4738,2796,1942,3672,910,2762,16,6,10,19,7,12,0,0,0
24,474,District - Ahmadabad (07),Rural,80+,10905,4597,6308,456,240,216,4505,2872,1633,5901,1466,4435,19,8,11,24,11,13,0,0,0
24,474,District - Ahmadabad (07),Rural,Age not stated,2505,1406,1099,1685,1083,602,699,289,410,109,25,84,3,3,0,9,6,3,0,0,0
24,474,District - Ahmadabad (07),Rural,Less than 18,429998,228391,201607,414534,223099,191435,14688,4955,9733,370,110,260,256,131,125,150,96,54,0,0,0
24,474,District - Ahmadabad (07),Rural,Less than 21,503409,265956,237453,456432,250077,206355,45488,15234,30254,638,206,432,422,213,209,429,226,203,0,0,0
24,474,District - Ahmadabad (07),Urban,All ages,6063047,3192468,2870579,2552693,1493159,1059534,3228192,1619494,1608698,245879,61751,184128,15399,7956,7443,20884,10108,10776,0,0,0
24,474,District - Ahmadabad (07),Urban,0-9,983255,535812,447443,983255,535812,447443,0,0,0,0,0,0,0,0,0,0,0,0,0,0,0
24,474,District - Ahmadabad (07),Urban,10-14,542816,299443,243373,512870,286366,226504,27965,12228,15737,1171,408,763,512,289,223,298,152,146,0,0,0
24,474,District - Ahmadabad (07),Urban,15-19,562553,308520,254033,483940,283012,200928,75690,24361,51329,1676,568,1108,772,389,383,475,190,285,0,0,0
24,474,District - Ahmadabad (07),Urban,20-24,606566,315511,291055,323907,215947,107960,276989,97398,179591,2532,768,1764,1674,856,818,1464,542,922,0,0,0
24,474,District - Ahmadabad (07),Urban,25-29,585886,300709,285177,124663,90553,34110,452075,206417,245658,3970,1240,2730,2221,1183,1038,2957,1316,1641,0,0,0
24,474,District - Ahmadabad (07),Urban,30-34,519036,267638,251398,42347,30307,12040,464650,232404,232246,6156,1916,4240,2237,1117,1120,3646,1894,1752,0,0,0
24,474,District - Ahmadabad (07),Urban,35-39,460536,237907,222629,20985,14646,6339,424852,217914,206938,9383,2564,6819,1876,964,912,3440,1819,1621,0,0,0
24,474,District - Ahmadabad (07),Urban,40-44,406267,210026,196241,13198,8919,4279,373999,195157,178842,14547,3567,10980,1744,909,835,2779,1474,1305,0,0,0
24,474,District - Ahmadabad (07),Urban,45-49,363937,186304,177633,8706,5535,3171,332215,174467,157748,19526,4477,15049,1351,724,627,2139,1101,1038,0,0,0
24,474,District - Ahmadabad (07),Urban,50-54,302030,160033,141997,6298,3790,2508,268388,149065,119323,24857,5912,18945,1054,568,486,1433,698,735,0,0,0
24,474,District - Ahmadabad (07),Urban,55-59,232370,122599,109771,4476,2486,1990,201158,113174,87984,25118,6174,18944,714,351,363,904,414,490,0,0,0
24,474,District - Ahmadabad (07),Urban,60-64,180091,93304,86787,4702,2470,2232,140911,82654,58257,33335,7675,25660,558,273,285,585,232,353,0,0,0
24,474,District - Ahmadabad (07),Urban,65-69,116231,58827,57404,3957,2074,1883,83169,49621,33548,28536,6872,21664,270,138,132,299,122,177,0,0,0
24,474,District - Ahmadabad (07),Urban,70-74,84302,40881,43421,2262,1101,1161,52192,32459,19733,29478,7166,22312,179,90,89,191,65,126,0,0,0
24,474,District - Ahmadabad (07),Urban,75-79,46244,22116,24128,1120,521,599,25472,16161,9311,19459,5357,14102,89,39,50,104,38,66,0,0,0
24,474,District - Ahmadabad (07),Urban,80+,54112,23953,30159,4590,2675,1915,23741,14226,9515,25547,6966,18581,116,50,66,118,36,82,0,0,0
24,474,District - Ahmadabad (07),Urban,Age not stated,16815,8885,7930,11417,6945,4472,4726,1788,2938,588,121,467,32,16,16,52,15,37,0,0,0
24,474,District - Ahmadabad (07),Urban,Less than 18,1848645,1013030,835615,1786512,988123,798389,58552,23432,35120,2179,730,1449,890,487,403,512,258,254,0,0,0
24,474,District - Ahmadabad (07),Urban,Less than 21,2227487,1216666,1010821,2070846,1163498,907348,150455,50728,99727,3542,1166,2376,1611,837,774,1033,437,596,0,0,0
24,475,District - Surendranagar (08),Total,All ages,1756268,909917,846351,820908,461381,359527,857339,427192,430147,70381,17042,53339,3172,1474,1698,4468,2828,1640,0,0,0
24,475,District - Surendranagar (08),Total,0-9,351539,186217,165322,351539,186217,165322,0,0,0,0,0,0,0,0,0,0,0,0,0,0,0
24,475,District - Surendranagar (08),Total,10-14,195488,104464,91024,192558,103339,89219,2690,1030,1660,111,38,73,110,45,65,19,12,7,0,0,0
24,475,District - Surendranagar (08),Total,15-19,182811,96066,86745,162790,90463,72327,19557,5421,14136,188,69,119,171,67,104,105,46,59,0,0,0
24,475,District - Surendranagar (08),Total,20-24,159763,82649,77114,70843,47235,23608,87610,34747,52863,440,200,240,327,151,176,543,316,227,0,0,0
24,475,District - Surendranagar (08),Total,25-29,143834,74896,68938,21015,16621,4394,120842,57234,63608,795,379,416,407,160,247,775,502,273,0,0,0
24,475,District - Surendranagar (08),Total,30-34,128384,65996,62388,7477,6348,1129,118376,58402,59974,1411,560,851,422,196,226,698,490,208,0,0,0
24,475,District - Surendranagar (08),Total,35-39,115314,59831,55483,4168,3497,671,107709,54870,52839,2354,810,1544,435,206,229,648,448,200,0,0,0
24,475,District - Surendranagar (08),Total,40-44,103842,53526,50316,2619,2208,411,96955,49775,47180,3380,1004,2376,344,161,183,544,378,166,0,0,0
24,475,District - Surendranagar (08),Total,45-49,91812,47333,44479,1723,1380,343,85058,44326,40732,4395,1261,3134,263,134,129,373,232,141,0,0,0
24,475,District - Surendranagar (08),Total,50-54,75775,40013,35762,1192,919,273,68518,37372,31146,5586,1452,4134,193,104,89,286,166,120,0,0,0
24,475,District - Surendranagar (08),Total,55-59,56902,28701,28201,685,493,192,50305,26621,23684,5594,1416,4178,148,80,68,170,91,79,0,0,0
24,475,District - Surendranagar (08),Total,60-64,49434,24325,25109,853,561,292,39205,21755,17450,9118,1883,7235,128,56,72,130,70,60,0,0,0
24,475,District - Surendranagar (08),Total,65-69,35767,16567,19200,762,478,284,25952,14203,11749,8902,1814,7088,81,40,41,70,32,38,0,0,0
24,475,District - Surendranagar (08),Total,70-74,29145,13637,15508,387,247,140,17559,11068,6491,11076,2269,8807,63,30,33,60,23,37,0,0,0
24,475,District - Surendranagar (08),Total,75-79,14596,6331,8265,146,101,45,8304,4806,3498,6100,1401,4699,26,16,10,20,7,13,0,0,0
24,475,District - Surendranagar (08),Total,80+,18963,7771,11192,661,381,280,7437,4910,2527,10809,2456,8353,39,18,21,17,6,11,0,0,0
24,475,District - Surendranagar (08),Total,Age not stated,2899,1594,1305,1490,893,597,1262,652,610,122,30,92,15,10,5,10,9,1,0,0,0
24,475,District - Surendranagar (08),Total,Less than 18,657901,349636,308265,649396,346755,302641,8033,2689,5344,222,77,145,200,87,113,50,28,22,0,0,0
24,475,District - Surendranagar (08),Total,Less than 21,769957,407228,362729,731314,395449,335865,37661,11394,26267,408,140,268,363,150,213,211,95,116,0,0,0
24,475,District - Surendranagar (08),Rural,All ages,1259352,649475,609877,598379,332036,266343,607428,302156,305272,48574,12290,36284,1987,973,1014,2984,2020,964,0,0,0
24,475,District - Surendranagar (08),Rural,0-9,268820,141552,127268,268820,141552,127268,0,0,0,0,0,0,0,0,0,0,0,0,0,0,0
24,475,District - Surendranagar (08),Rural,10-14,146195,77166,69029,144059,76328,67731,1951,760,1191,78,30,48,93,39,54,14,9,5,0,0,0
24,475,District - Surendranagar (08),Rural,15-19,132053,68495,63558,116049,63908,52141,15657,4447,11210,134,50,84,125,49,76,88,41,47,0,0,0
24,475,District - Surendranagar (08),Rural,20-24,112052,57785,54267,44880,30173,14707,66191,27101,39090,311,141,170,237,107,130,433,263,170,0,0,0
24,475,District - Surendranagar (08),Rural,25-29,99832,51859,47973,11954,9761,2193,86523,41350,45173,585,288,297,248,98,150,522,362,160,0,0,0
24,475,District - Surendranagar (08),Rural,30-34,90342,46329,44013,4352,3837,515,84219,41563,42656,1030,431,599,270,138,132,471,360,111,0,0,0
24,475,District - Surendranagar (08),Rural,35-39,80206,41851,38355,2338,2053,285,75544,38747,36797,1652,605,1047,255,133,122,417,313,104,0,0,0
24,475,District - Surendranagar (08),Rural,40-44,71606,36998,34608,1463,1288,175,67322,34610,32712,2288,758,1530,189,91,98,344,251,93,0,0,0
24,475,District - Surendranagar (08),Rural,45-49,62304,32191,30113,892,749,143,58089,30246,27843,2935,951,1984,161,90,71,227,155,72,0,0,0
24,475,District - Surendranagar (08),Rural,50-54,51339,26936,24403,605,481,124,46761,25272,21489,3701,1017,2684,116,68,48,156,98,58,0,0,0
24,475,District - Surendranagar (08),Rural,55-59,38738,19274,19464,326,253,73,34504,17924,16580,3726,989,2737,81,48,33,101,60,41,0,0,0
24,475,District - Surendranagar (08),Rural,60-64,33957,16699,17258,464,307,157,27219,14978,12241,6123,1335,4788,66,32,34,85,47,38,0,0,0
24,475,District - Surendranagar (08),Rural,65-69,24868,11377,13491,416,269,147,18322,9808,8514,6032,1250,4782,47,25,22,51,25,26,0,0,0
24,475,District - Surendranagar (08),Rural,70-74,20934,9788,11146,232,151,81,12701,7915,4786,7923,1683,6240,40,21,19,38,18,20,0,0,0
24,475,District - Surendranagar (08),Rural,75-79,10354,4342,6012,78,49,29,6026,3345,2681,4216,930,3286,19,12,7,15,6,9,0,0,0
24,475,District - Surendranagar (08),Rural,80+,13805,5745,8060,398,233,165,5596,3679,1917,7767,1813,5954,30,15,15,14,5,9,0,0,0
24,475,District - Surendranagar (08),Rural,Age not stated,1947,1088,859,1053,644,409,803,411,392,73,19,54,10,7,3,8,7,1,0,0,0
24,475,District - Surendranagar (08),Rural,Less than 18,495639,260974,234665,489141,258761,230380,6142,2064,4078,155,57,98,162,70,92,39,22,17,0,0,0
24,475,District - Surendranagar (08),Rural,Less than 21,575860,301777,274083,545448,292273,253175,29663,9201,20462,292,105,187,281,115,166,176,83,93,0,0,0
24,475,District - Surendranagar (08),Urban,All ages,496916,260442,236474,222529,129345,93184,249911,125036,124875,21807,4752,17055,1185,501,684,1484,808,676,0,0,0
24,475,District - Surendranagar (08),Urban,0-9,82719,44665,38054,82719,44665,38054,0,0,0,0,0,0,0,0,0,0,0,0,0,0,0
24,475,District - Surendranagar (08),Urban,10-14,49293,27298,21995,48499,27011,21488,739,270,469,33,8,25,17,6,11,5,3,2,0,0,0
24,475,District - Surendranagar (08),Urban,15-19,50758,27571,23187,46741,26555,20186,3900,974,2926,54,19,35,46,18,28,17,5,12,0,0,0
24,475,District - Surendranagar (08),Urban,20-24,47711,24864,22847,25963,17062,8901,21419,7646,13773,129,59,70,90,44,46,110,53,57,0,0,0
24,475,District - Surendranagar (08),Urban,25-29,44002,23037,20965,9061,6860,2201,34319,15884,18435,210,91,119,159,62,97,253,140,113,0,0,0
24,475,District - Surendranagar (08),Urban,30-34,38042,19667,18375,3125,2511,614,34157,16839,17318,381,129,252,152,58,94,227,130,97,0,0,0
24,475,District - Surendranagar (08),Urban,35-39,35108,17980,17128,1830,1444,386,32165,16123,16042,702,205,497,180,73,107,231,135,96,0,0,0
24,475,District - Surendranagar (08),Urban,40-44,32236,16528,15708,1156,920,236,29633,15165,14468,1092,246,846,155,70,85,200,127,73,0,0,0
24,475,District - Surendranagar (08),Urban,45-49,29508,15142,14366,831,631,200,26969,14080,12889,1460,310,1150,102,44,58,146,77,69,0,0,0
24,475,District - Surendranagar (08),Urban,50-54,24436,13077,11359,587,438,149,21757,12100,9657,1885,435,1450,77,36,41,130,68,62,0,0,0
24,475,District - Surendranagar (08),Urban,55-59,18164,9427,8737,359,240,119,15801,8697,7104,1868,427,1441,67,32,35,69,31,38,0,0,0
24,475,District - Surendranagar (08),Urban,60-64,15477,7626,7851,389,254,135,11986,6777,5209,2995,548,2447,62,24,38,45,23,22,0,0,0
24,475,District - Surendranagar (08),Urban,65-69,10899,5190,5709,346,209,137,7630,4395,3235,2870,564,2306,34,15,19,19,7,12,0,0,0
24,475,District - Surendranagar (08),Urban,70-74,8211,3849,4362,155,96,59,4858,3153,1705,3153,586,2567,23,9,14,22,5,17,0,0,0
24,475,District - Surendranagar (08),Urban,75-79,4242,1989,2253,68,52,16,2278,1461,817,1884,471,1413,7,4,3,5,1,4,0,0,0
24,475,District - Surendranagar (08),Urban,80+,5158,2026,3132,263,148,115,1841,1231,610,3042,643,2399,9,3,6,3,1,2,0,0,0
24,475,District - Surendranagar (08),Urban,Age not stated,952,506,446,437,249,188,459,241,218,49,11,38,5,3,2,2,2,0,0,0,0
24,475,District - Surendranagar (08),Urban,Less than 18,162262,88662,73600,160255,87994,72261,1891,625,1266,67,20,47,38,17,21,11,6,5,0,0,0
24,475,District - Surendranagar (08),Urban,Less than 21,194097,105451,88646,185866,103176,82690,7998,2193,5805,116,35,81,82,35,47,35,12,23,0,0,0
24,476,District - Rajkot (09),Total,All ages,3804558,1974445,1830113,1634170,932369,701801,2001301,997159,1004142,152763,36364,116399,7197,3564,3633,9127,4989,4138,0,0,0
24,476,District - Rajkot (09),Total,0-9,638586,344475,294111,638586,344475,294111,0,0,0,0,0,0,0,0,0,0,0,0,0,0,0
24,476,District - Rajkot (09),Total,10-14,361053,194056,166997,350896,190124,160772,9501,3650,5851,338,120,218,196,99,97,122,63,59,0,0,0
24,476,District - Rajkot (09),Total,15-19,364446,194521,169925,327481,184345,143136,35841,9725,26116,629,205,424,317,162,155,178,84,94,0,0,0
24,476,District - Rajkot (09),Total,20-24,369044,187555,181489,193383,123592,69791,173222,62964,110258,1154,348,806,651,326,325,634,325,309,0,0,0
24,476,District - Rajkot (09),Total,25-29,347439,178513,168926,63841,46843,16998,279539,129780,149759,1788,694,1094,947,472,475,1324,724,600,0,0,0
24,476,District - Rajkot (09),Total,30-34,305000,157035,147965,21339,16693,4646,278255,137851,140404,2936,1064,1872,976,502,474,1494,925,569,0,0,0
24,476,District - Rajkot (09),Total,35-39,275550,142360,133190,10845,8450,2395,257694,131181,126513,4651,1394,3257,950,461,489,1410,874,536,0,0,0
24,476,District - Rajkot (09),Total,40-44,251047,128907,122140,6605,5000,1605,235139,120945,114194,7361,1935,5426,788,370,418,1154,657,497,0,0,0
24,476,District - Rajkot (09),Total,45-49,221274,113962,107312,4043,2827,1216,206069,107989,98080,9636,2338,7298,628,305,323,898,503,395,0,0,0
24,476,District - Rajkot (09),Total,50-54,184855,97486,87369,2835,1831,1004,168073,91969,76104,12763,3128,9635,503,251,252,681,307,374,0,0,0
24,476,District - Rajkot (09),Total,55-59,137597,70373,67224,1869,1111,758,122357,65842,56515,12628,3060,9568,332,168,164,411,192,219,0,0,0
24,476,District - Rajkot (09),Total,60-64,114628,57722,56906,1856,1062,794,92657,52372,40285,19526,4044,15482,304,127,177,285,117,168,0,0,0
24,476,District - Rajkot (09),Total,65-69,77936,36973,40963,1611,870,741,58372,32184,26188,17566,3752,13814,187,95,92,200,72,128,0,0,0
24,476,District - Rajkot (09),Total,70-74,64243,30722,33521,961,487,474,40652,25217,15435,22299,4852,17447,179,95,84,152,71,81,0,0,0
24,476,District - Rajkot (09),Total,75-79,33247,14710,18537,450,237,213,19250,11143,8107,13393,3248,10145,93,59,34,61,23,38,0,0,0
24,476,District - Rajkot (09),Total,80+,47070,19246,27824,2033,1159,874,19291,11920,7371,25534,6075,19459,119,58,61,93,34,59,0,0,0
24,476,District - Rajkot (09),Total,Age not stated,11543,5829,5714,5536,3263,2273,5389,2427,2962,561,107,454,27,14,13,30,18,12,0,0,0
24,476,District - Rajkot (09),Total,Less than 18,1213208,652602,560606,1188111,644252,543859,23838,7821,16017,722,248,474,350,182,168,187,99,88,0,0,0
24,476,District - Rajkot (09),Total,Less than 21,1451613,778395,673218,1375806,755538,620268,73483,21950,51533,1279,389,890,636,324,312,409,194,215,0,0,0
24,476,District - Rajkot (09),Rural,All ages,1590508,816264,774244,697736,389294,308442,819907,406406,413501,66382,16858,49524,2737,1389,1348,3746,2317,1429,0,0,0
24,476,District - Rajkot (09),Rural,0-9,280134,149560,130574,280134,149560,130574,0,0,0,0,0,0,0,0,0,0,0,0,0,0,0
24,476,District - Rajkot (09),Rural,10-14,162189,85191,76998,157697,83562,74135,4201,1508,2693,147,51,96,89,39,50,55,31,24,0,0,0
24,476,District - Rajkot (09),Rural,15-19,158782,82287,76495,140868,77405,63463,17430,4684,12746,266,82,184,137,68,69,81,48,33,0,0,0
24,476,District - Rajkot (09),Rural,20-24,151231,75155,76076,76017,46279,29738,74080,28404,45676,547,160,387,260,119,141,327,193,134,0,0,0
24,476,District - Rajkot (09),Rural,25-29,130991,67786,63205,22769,16543,6226,106399,50358,56041,824,315,509,389,193,196,610,377,233,0,0,0
24,476,District - Rajkot (09),Rural,30-34,116587,60073,56514,7357,6228,1129,106964,52772,54192,1289,470,819,360,176,184,617,427,190,0,0,0
24,476,District - Rajkot (09),Rural,35-39,107182,55813,51369,3726,3226,500,100661,51379,49282,1905,632,1273,342,177,165,548,399,149,0,0,0
24,476,District - Rajkot (09),Rural,40-44,101137,51968,49169,2292,1932,360,95189,48700,46489,2955,916,2039,256,134,122,445,286,159,0,0,0
24,476,District - Rajkot (09),Rural,45-49,88340,45405,42935,1270,1010,260,82935,43057,39878,3597,1015,2582,193,104,89,345,219,126,0,0,0
24,476,District - Rajkot (09),Rural,50-54,75926,39635,36291,805,589,216,69755,37415,32340,4949,1426,3523,172,87,85,245,118,127,0,0,0
24,476,District - Rajkot (09),Rural,55-59,57397,28604,28793,492,353,139,51733,26762,24971,4916,1352,3564,125,74,51,131,63,68,0,0,0
24,476,District - Rajkot (09),Rural,60-64,49864,24875,24989,605,407,198,41235,22647,18588,7795,1721,6074,118,49,69,111,51,60,0,0,0
24,476,District - Rajkot (09),Rural,65-69,35345,16364,18981,516,325,191,27342,14301,13041,7311,1660,5651,79,44,35,97,34,63,0,0,0
24,476,District - Rajkot (09),Rural,70-74,31309,14827,16482,341,195,146,20330,12194,8136,10491,2355,8136,85,48,37,62,35,27,0,0,0
24,476,District - Rajkot (09),Rural,75-79,16192,6979,9213,151,95,56,9900,5371,4529,6072,1469,4603,47,34,13,22,10,12,0,0,0
24,476,District - Rajkot (09),Rural,80+,24178,9866,14312,802,468,334,10133,6151,3982,13122,3186,9936,76,39,37,45,22,23,0,0,0
24,476,District - Rajkot (09),Rural,Age not stated,3724,1876,1848,1894,1117,777,1620,703,917,196,48,148,9,4,5,5,4,1,0,0,0
24,476,District - Rajkot (09),Rural,Less than 18,536554,283699,252855,524775,280090,244685,11225,3375,7850,307,105,202,160,79,81,87,50,37,0,0,0
24,476,District - Rajkot (09),Rural,Less than 21,638510,335772,302738,602856,324979,277877,34604,10393,24211,569,165,404,282,129,153,199,106,93,0,0,0
24,476,District - Rajkot (09),Urban,All ages,2214050,1158181,1055869,936434,543075,393359,1181394,590753,590641,86381,19506,66875,4460,2175,2285,5381,2672,2709,0,0,0
24,476,District - Rajkot (09),Urban,0-9,358452,194915,163537,358452,194915,163537,0,0,0,0,0,0,0,0,0,0,0,0,0,0,0
24,476,District - Rajkot (09),Urban,10-14,198864,108865,89999,193199,106562,86637,5300,2142,3158,191,69,122,107,60,47,67,32,35,0,0,0
24,476,District - Rajkot (09),Urban,15-19,205664,112234,93430,186613,106940,79673,18411,5041,13370,363,123,240,180,94,86,97,36,61,0,0,0
24,476,District - Rajkot (09),Urban,20-24,217813,112400,105413,117366,77313,40053,99142,34560,64582,607,188,419,391,207,184,307,132,175,0,0,0
24,476,District - Rajkot (09),Urban,25-29,216448,110727,105721,41072,30300,10772,173140,79422,93718,964,379,585,558,279,279,714,347,367,0,0,0
24,476,District - Rajkot (09),Urban,30-34,188413,96962,91451,13982,10465,3517,171291,85079,86212,1647,594,1053,616,326,290,877,498,379,0,0,0
24,476,District - Rajkot (09),Urban,35-39,168368,86547,81821,7119,5224,1895,157033,79802,77231,2746,762,1984,608,284,324,862,475,387,0,0,0
24,476,District - Rajkot (09),Urban,40-44,149910,76939,72971,4313,3068,1245,139950,72245,67705,4406,1019,3387,532,236,296,709,371,338,0,0,0
24,476,District - Rajkot (09),Urban,45-49,132934,68557,64377,2773,1817,956,123134,64932,58202,6039,1323,4716,435,201,234,553,284,269,0,0,0
24,476,District - Rajkot (09),Urban,50-54,108929,57851,51078,2030,1242,788,98318,54554,43764,7814,1702,6112,331,164,167,436,189,247,0,0,0
24,476,District - Rajkot (09),Urban,55-59,80200,41769,38431,1377,758,619,70624,39080,31544,7712,1708,6004,207,94,113,280,129,151,0,0,0
24,476,District - Rajkot (09),Urban,60-64,64764,32847,31917,1251,655,596,51422,29725,21697,11731,2323,9408,186,78,108,174,66,108,0,0,0
24,476,District - Rajkot (09),Urban,65-69,42591,20609,21982,1095,545,550,31030,17883,13147,10255,2092,8163,108,51,57,103,38,65,0,0,0
24,476,District - Rajkot (09),Urban,70-74,32934,15895,17039,620,292,328,20322,13023,7299,11808,2497,9311,94,47,47,90,36,54,0,0,0
24,476,District - Rajkot (09),Urban,75-79,17055,7731,9324,299,142,157,9350,5772,3578,7321,1779,5542,46,25,21,39,13,26,0,0,0
24,476,District - Rajkot (09),Urban,80+,22892,9380,13512,1231,691,540,9158,5769,3389,12412,2889,9523,43,19,24,48,12,36,0,0,0
24,476,District - Rajkot (09),Urban,Age not stated,7819,3953,3866,3642,2146,1496,3769,1724,2045,365,59,306,18,10,8,25,14,11,0,0,0
24,476,District - Rajkot (09),Urban,Less than 18,676654,368903,307751,663336,364162,299174,12613,4446,8167,415,143,272,190,103,87,100,49,51,0,0,0
24,476,District - Rajkot (09),Urban,Less than 21,813103,442623,370480,772950,430559,342391,38879,11557,27322,710,224,486,354,195,159,210,88,122,0,0,0
24,477,District - Jamnagar (10),Total,All ages,2160119,1114192,1045927,987489,552526,434963,1073049,537071,535978,90489,20191,70298,4288,1980,2308,4804,2424,2380,0,0,0
24,477,District - Jamnagar (10),Total,0-9,388760,204616,184144,388760,204616,184144,0,0,0,0,0,0,0,0,0,0,0,0,0,0,0
24,477,District - Jamnagar (10),Total,10-14,222564,117573,104991,218417,116011,102406,3884,1474,2410,144,37,107,99,45,54,20,6,14,0,0,0
24,477,District - Jamnagar (10),Total,15-19,214086,111616,102470,197078,107249,89829,16470,4190,12280,302,93,209,186,67,119,50,17,33,0,0,0
24,477,District - Jamnagar (10),Total,20-24,208365,107510,100855,112568,73401,39167,94373,33541,60832,565,178,387,471,217,254,388,173,215,0,0,0
24,477,District - Jamnagar (10),Total,25-29,186823,96448,90375,36381,27097,9284,148108,68291,79817,1033,420,613,595,261,334,706,379,327,0,0,0
24,477,District - Jamnagar (10),Total,30-34,167868,86074,81794,12346,9533,2813,152241,75146,77095,1866,655,1211,581,271,310,834,469,365,0,0,0
24,477,District - Jamnagar (10),Total,35-39,153158,79639,73519,6231,4687,1544,142610,73401,69209,2986,889,2097,573,248,325,758,414,344,0,0,0
24,477,District - Jamnagar (10),Total,40-44,137662,71306,66356,3983,2905,1078,128107,66692,61415,4493,1173,3320,473,224,249,606,312,294,0,0,0
24,477,District - Jamnagar (10),Total,45-49,117631,61279,56352,2448,1674,774,108781,57909,50872,5626,1307,4319,337,157,180,439,232,207,0,0,0
24,477,District - Jamnagar (10),Total,50-54,97062,51796,45266,1721,1115,606,87431,48637,38794,7263,1728,5535,295,153,142,352,163,189,0,0,0
24,477,District - Jamnagar (10),Total,55-59,71591,36138,35453,1123,668,455,62993,33704,29289,7067,1600,5467,186,84,102,222,82,140,0,0,0
24,477,District - Jamnagar (10),Total,60-64,64056,31576,32480,1284,692,592,50430,28458,21972,11985,2277,9708,158,77,81,199,72,127,0,0,0
24,477,District - Jamnagar (10),Total,65-69,44055,20483,23572,1031,556,475,32042,17739,14303,10774,2077,8697,123,70,53,85,41,44,0,0,0
24,477,District - Jamnagar (10),Total,70-74,36339,16895,19444,565,300,265,22055,13930,8125,13554,2595,10959,96,41,55,69,29,40,0,0,0
24,477,District - Jamnagar (10),Total,75-79,18086,7748,10338,242,111,131,10233,5924,4309,7540,1682,5858,44,22,22,27,9,18,0,0,0
24,477,District - Jamnagar (10),Total,80+,27266,11049,16217,1103,635,468,10988,6926,4062,15079,3432,11647,61,38,23,35,18,17,0,0,0
24,477,District - Jamnagar (10),Total,Age not stated,4747,2446,2301,2208,1276,932,2303,1109,1194,212,48,164,10,5,5,14,8,6,0,0,0
24,477,District - Jamnagar (10),Total,Less than 18,737294,387519,349775,727228,384184,343044,9513,3152,6361,336,96,240,179,74,105,38,13,25,0,0,0
24,477,District - Jamnagar (10),Total,Less than 21,876828,460240,416588,840253,450157,390096,35470,9721,25749,596,164,432,391,154,237,118,44,74,0,0,0
24,477,District - Jamnagar (10),Rural,All ages,1189054,610088,578966,552830,304949,247881,581820,291212,290608,49878,11535,38343,2141,1049,1092,2385,1343,1042,0,0,0
24,477,District - Jamnagar (10),Rural,0-9,224086,117067,107019,224086,117067,107019,0,0,0,0,0,0,0,0,0,0,0,0,0,0,0
24,477,District - Jamnagar (10),Rural,10-14,127611,66895,60716,125796,66216,59580,1698,643,1055,69,14,55,42,20,22,6,2,4,0,0,0
24,477,District - Jamnagar (10),Rural,15-19,118617,60877,57740,110131,58636,51495,8214,2153,6061,134,41,93,111,37,74,27,10,17,0,0,0
24,477,District - Jamnagar (10),Rural,20-24,113428,58138,55290,60549,38557,21992,52124,19248,32876,269,98,171,272,124,148,214,111,103,0,0,0
24,477,District - Jamnagar (10),Rural,25-29,97373,50941,46432,17642,13253,4389,78456,37043,41413,563,254,309,305,142,163,407,249,158,0,0,0
24,477,District - Jamnagar (10),Rural,30-34,87465,45055,42410,5630,4698,932,80145,39585,40560,982,364,618,275,137,138,433,271,162,0,0,0
24,477,District - Jamnagar (10),Rural,35-39,80706,42402,38304,2718,2241,477,75846,39326,36520,1523,496,1027,276,124,152,343,215,128,0,0,0
24,477,District - Jamnagar (10),Rural,40-44,73836,38097,35739,1666,1336,330,69298,35837,33461,2380,651,1729,215,111,104,277,162,115,0,0,0
24,477,District - Jamnagar (10),Rural,45-49,62509,32281,30228,980,741,239,58315,30636,27679,2866,716,2150,141,73,68,207,115,92,0,0,0
24,477,District - Jamnagar (10),Rural,50-54,52210,27510,24700,640,455,185,47549,25976,21573,3706,916,2790,140,85,55,175,78,97,0,0,0
24,477,District - Jamnagar (10),Rural,55-59,39166,19288,19878,376,246,130,34954,18095,16859,3654,861,2793,94,51,43,88,35,53,0,0,0
24,477,District - Jamnagar (10),Rural,60-64,35616,17696,17920,449,250,199,28756,16128,12628,6232,1238,4994,86,44,42,93,36,57,0,0,0
24,477,District - Jamnagar (10),Rural,65-69,24478,11147,13331,394,229,165,18435,9709,8726,5550,1150,4400,62,42,20,37,17,20,0,0,0
24,477,District - Jamnagar (10),Rural,70-74,21843,10204,11639,208,123,85,13673,8510,5163,7873,1534,6339,54,20,34,35,17,18,0,0,0
24,477,District - Jamnagar (10),Rural,75-79,10824,4471,6353,89,44,45,6357,3441,2916,4337,967,3370,31,16,15,10,3,7,0,0,0
24,477,District - Jamnagar (10),Rural,80+,17118,6890,10228,427,257,170,6983,4381,2602,9651,2215,7436,33,22,11,24,15,9,0,0,0
24,477,District - Jamnagar (10),Rural,Age not stated,2168,1129,1039,1049,600,449,1017,501,516,89,20,69,4,1,3,9,7,2,0,0,0
24,477,District - Jamnagar (10),Rural,Less than 18,421789,219743,202046,417246,218229,199017,4290,1439,2851,157,38,119,84,32,52,12,5,7,0,0,0
24,477,District - Jamnagar (10),Rural,Less than 21,498579,259198,239381,480042,254022,226020,18000,4996,13004,269,75,194,216,83,133,52,22,30,0,0,0
24,477,District - Jamnagar (10),Urban,All ages,971065,504104,466961,434659,247577,187082,491229,245859,245370,40611,8656,31955,2147,931,1216,2419,1081,1338,0,0,0
24,477,District - Jamnagar (10),Urban,0-9,164674,87549,77125,164674,87549,77125,0,0,0,0,0,0,0,0,0,0,0,0,0,0,0
24,477,District - Jamnagar (10),Urban,10-14,94953,50678,44275,92621,49795,42826,2186,831,1355,75,23,52,57,25,32,14,4,10,0,0,0
24,477,District - Jamnagar (10),Urban,15-19,95469,50739,44730,86947,48613,38334,8256,2037,6219,168,52,116,75,30,45,23,7,16,0,0,0
24,477,District - Jamnagar (10),Urban,20-24,94937,49372,45565,52019,34844,17175,42249,14293,27956,296,80,216,199,93,106,174,62,112,0,0,0
24,477,District - Jamnagar (10),Urban,25-29,89450,45507,43943,18739,13844,4895,69652,31248,38404,470,166,304,290,119,171,299,130,169,0,0,0
24,477,District - Jamnagar (10),Urban,30-34,80403,41019,39384,6716,4835,1881,72096,35561,36535,884,291,593,306,134,172,401,198,203,0,0,0
24,477,District - Jamnagar (10),Urban,35-39,72452,37237,35215,3513,2446,1067,66764,34075,32689,1463,393,1070,297,124,173,415,199,216,0,0,0
24,477,District - Jamnagar (10),Urban,40-44,63826,33209,30617,2317,1569,748,58809,30855,27954,2113,522,1591,258,113,145,329,150,179,0,0,0
24,477,District - Jamnagar (10),Urban,45-49,55122,28998,26124,1468,933,535,50466,27273,23193,2760,591,2169,196,84,112,232,117,115,0,0,0
24,477,District - Jamnagar (10),Urban,50-54,44852,24286,20566,1081,660,421,39882,22661,17221,3557,812,2745,155,68,87,177,85,92,0,0,0
24,477,District - Jamnagar (10),Urban,55-59,32425,16850,15575,747,422,325,28039,15609,12430,3413,739,2674,92,33,59,134,47,87,0,0,0
24,477,District - Jamnagar (10),Urban,60-64,28440,13880,14560,835,442,393,21674,12330,9344,5753,1039,4714,72,33,39,106,36,70,0,0,0
24,477,District - Jamnagar (10),Urban,65-69,19577,9336,10241,637,327,310,13607,8030,5577,5224,927,4297,61,28,33,48,24,24,0,0,0
24,477,District - Jamnagar (10),Urban,70-74,14496,6691,7805,357,177,180,8382,5420,2962,5681,1061,4620,42,21,21,34,12,22,0,0,0
24,477,District - Jamnagar (10),Urban,75-79,7262,3277,3985,153,67,86,3876,2483,1393,3203,715,2488,13,6,7,17,6,11,0,0,0
24,477,District - Jamnagar (10),Urban,80+,10148,4159,5989,676,378,298,4005,2545,1460,5428,1217,4211,28,16,12,11,3,8,0,0,0
24,477,District - Jamnagar (10),Urban,Age not stated,2579,1317,1262,1159,676,483,1286,608,678,123,28,95,6,4,2,5,1,4,0,0,0
24,477,District - Jamnagar (10),Urban,Less than 18,315505,167776,147729,309982,165955,144027,5223,1713,3510,179,58,121,95,42,53,26,8,18,0,0,0
24,477,District - Jamnagar (10),Urban,Less than 21,378249,201042,177207,360211,196135,164076,17470,4725,12745,327,89,238,175,71,104,66,22,44,0,0,0
24,478,District - Porbandar  (11),Total,All ages,585449,300209,285240,261096,147671,113425,292320,145451,146869,28012,5406,22606,1879,735,1144,2142,946,1196,0,0,0
24,478,District - Porbandar  (11),Total,0-9,98964,52094,46870,98964,52094,46870,0,0,0,0,0,0,0,0,0,0,0,0,0,0,0
24,478,District - Porbandar  (11),Total,10-14,59674,31090,28584,58548,30696,27852,1055,369,686,41,9,32,28,15,13,2,1,1,0,0,0
24,478,District - Porbandar  (11),Total,15-19,55858,29284,26574,51120,28239,22881,4566,992,3574,87,25,62,67,25,42,18,3,15,0,0,0
24,478,District - Porbandar  (11),Total,20-24,51961,27430,24531,28617,19961,8656,22805,7295,15510,152,39,113,211,70,141,176,65,111,0,0,0
24,478,District - Porbandar  (11),Total,25-29,48429,25026,23403,11487,8831,2656,36208,15931,20277,242,72,170,236,73,163,256,119,137,0,0,0
24,478,District - Porbandar  (11),Total,30-34,45714,22953,22761,4526,3370,1156,40015,19166,20849,562,144,418,278,98,180,333,175,158,0,0,0
24,478,District - Porbandar  (11),Total,35-39,43431,22109,21322,2311,1512,799,39628,20160,19468,895,185,710,271,87,184,326,165,161,0,0,0
24,478,District - Porbandar  (11),Total,40-44,40242,20554,19688,1466,866,600,36862,19151,17711,1361,292,1069,232,91,141,321,154,167,0,0,0
24,478,District - Porbandar  (11),Total,45-49,34390,17724,16666,934,487,447,31373,16798,14575,1705,280,1425,160,71,89,218,88,130,0,0,0
24,478,District - Porbandar  (11),Total,50-54,28523,14876,13647,678,342,336,25241,13986,11255,2331,432,1899,112,56,56,161,60,101,0,0,0
24,478,District - Porbandar  (11),Total,55-59,21452,10834,10618,414,187,227,18599,10143,8456,2273,429,1844,59,33,26,107,42,65,0,0,0
24,478,District - Porbandar  (11),Total,60-64,19384,9573,9811,502,238,264,14682,8538,6144,4024,726,3298,83,39,44,93,32,61,0,0,0
24,478,District - Porbandar  (11),Total,65-69,13252,6078,7174,404,216,188,9134,5175,3959,3610,645,2965,47,26,21,57,16,41,0,0,0
24,478,District - Porbandar  (11),Total,70-74,10875,4892,5983,195,93,102,6151,3970,2181,4441,788,3653,53,29,24,35,12,23,0,0,0
24,478,District - Porbandar  (11),Total,75-79,5203,2278,2925,88,33,55,2860,1759,1101,2227,477,1750,15,6,9,13,3,10,0,0,0
24,478,District - Porbandar  (11),Total,80+,6949,2790,4159,278,150,128,2638,1771,867,3989,845,3144,21,14,7,23,10,13,0,0,0
24,478,District - Porbandar  (11),Total,Age not stated,1148,624,524,564,356,208,503,247,256,72,18,54,6,2,4,3,1,2,0,0,0
24,478,District - Porbandar  (11),Total,Less than 18,191816,100434,91382,188971,99570,89401,2692,812,1880,90,22,68,57,27,30,6,3,3,0,0,0
24,478,District - Porbandar  (11),Total,Less than 21,227327,119271,108056,217481,116840,100641,9486,2317,7169,173,47,126,137,55,82,50,12,38,0,0,0
24,478,District - Porbandar  (11),Rural,All ages,299775,153260,146515,133060,74745,58315,150382,74729,75653,14069,2800,11269,1022,420,602,1242,566,676,0,0,0
24,478,District - Porbandar  (11),Rural,0-9,53526,28004,25522,53526,28004,25522,0,0,0,0,0,0,0,0,0,0,0,0,0,0,0
24,478,District - Porbandar  (11),Rural,10-14,31969,16591,15378,31501,16426,15075,450,157,293,10,2,8,8,6,2,0,0,0,0,0,0
24,478,District - Porbandar  (11),Rural,15-19,28390,14816,13574,26090,14299,11791,2217,492,1725,32,9,23,43,14,29,8,2,6,0,0,0
24,478,District - Porbandar  (11),Rural,20-24,25658,13690,11968,12987,9372,3615,12358,4214,8144,65,16,49,134,45,89,114,43,71,0,0,0
24,478,District - Porbandar  (11),Rural,25-29,23457,12210,11247,4415,3556,859,18650,8498,10152,114,39,75,132,40,92,146,77,69,0,0,0
24,478,District - Porbandar  (11),Rural,30-34,22672,11349,11323,1621,1311,310,20447,9810,10637,267,69,198,147,52,95,190,107,83,0,0,0
24,478,District - Porbandar  (11),Rural,35-39,21739,11126,10613,843,583,260,20130,10297,9833,427,87,340,148,53,95,191,106,85,0,0,0
24,478,District - Porbandar  (11),Rural,40-44,20267,10279,9988,560,357,203,18766,9645,9121,643,144,499,117,47,70,181,86,95,0,0,0
24,478,District - Porbandar  (11),Rural,45-49,17126,8834,8292,371,205,166,15822,8411,7411,761,146,615,64,31,33,108,41,67,0,0,0
24,478,District - Porbandar  (11),Rural,50-54,14322,7455,6867,255,145,110,12823,7025,5798,1089,218,871,55,29,26,100,38,62,0,0,0
24,478,District - Porbandar  (11),Rural,55-59,10782,5305,5477,150,69,81,9434,4966,4468,1114,232,882,31,19,12,53,19,34,0,0,0
24,478,District - Porbandar  (11),Rural,60-64,9883,4861,5022,213,111,102,7636,4337,3299,1924,368,1556,52,28,24,58,17,41,0,0,0
24,478,District - Porbandar  (11),Rural,65-69,6965,3169,3796,172,106,66,4946,2703,2243,1778,329,1449,29,20,9,40,11,29,0,0,0
24,478,District - Porbandar  (11),Rural,70-74,5907,2640,3267,77,41,36,3427,2141,1286,2346,429,1917,34,21,13,23,8,15,0,0,0
24,478,District - Porbandar  (11),Rural,75-79,2894,1239,1655,37,14,23,1650,967,683,1186,251,935,12,5,7,9,2,7,0,0,0
24,478,District - Porbandar  (11),Rural,80+,3987,1565,2422,116,68,48,1547,1027,520,2291,453,1838,13,9,4,20,8,12,0,0,0
24,478,District - Porbandar  (11),Rural,Age not stated,231,127,104,126,78,48,79,39,40,22,8,14,3,1,2,1,1,0,0,0,0
24,478,District - Porbandar  (11),Rural,Less than 18,102533,53386,49147,101285,52996,48289,1196,372,824,27,5,22,23,12,11,2,1,1,0,0,0
24,478,District - Porbandar  (11),Rural,Less than 21,120354,62885,57469,115484,61666,53818,4699,1164,3535,64,17,47,77,30,47,30,8,22,0,0,0
24,478,District - Porbandar  (11),Urban,All ages,285674,146949,138725,128036,72926,55110,141938,70722,71216,13943,2606,11337,857,315,542,900,380,520,0,0,0
24,478,District - Porbandar  (11),Urban,0-9,45438,24090,21348,45438,24090,21348,0,0,0,0,0,0,0,0,0,0,0,0,0,0,0
24,478,District - Porbandar  (11),Urban,10-14,27705,14499,13206,27047,14270,12777,605,212,393,31,7,24,20,9,11,2,1,1,0,0,0
24,478,District - Porbandar  (11),Urban,15-19,27468,14468,13000,25030,13940,11090,2349,500,1849,55,16,39,24,11,13,10,1,9,0,0,0
24,478,District - Porbandar  (11),Urban,20-24,26303,13740,12563,15630,10589,5041,10447,3081,7366,87,23,64,77,25,52,62,22,40,0,0,0
24,478,District - Porbandar  (11),Urban,25-29,24972,12816,12156,7072,5275,1797,17558,7433,10125,128,33,95,104,33,71,110,42,68,0,0,0
24,478,District - Porbandar  (11),Urban,30-34,23042,11604,11438,2905,2059,846,19568,9356,10212,295,75,220,131,46,85,143,68,75,0,0,0
24,478,District - Porbandar  (11),Urban,35-39,21692,10983,10709,1468,929,539,19498,9863,9635,468,98,370,123,34,89,135,59,76,0,0,0
24,478,District - Porbandar  (11),Urban,40-44,19975,10275,9700,906,509,397,18096,9506,8590,718,148,570,115,44,71,140,68,72,0,0,0
24,478,District - Porbandar  (11),Urban,45-49,17264,8890,8374,563,282,281,15551,8387,7164,944,134,810,96,40,56,110,47,63,0,0,0
24,478,District - Porbandar  (11),Urban,50-54,14201,7421,6780,423,197,226,12418,6961,5457,1242,214,1028,57,27,30,61,22,39,0,0,0
24,478,District - Porbandar  (11),Urban,55-59,10670,5529,5141,264,118,146,9165,5177,3988,1159,197,962,28,14,14,54,23,31,0,0,0
24,478,District - Porbandar  (11),Urban,60-64,9501,4712,4789,289,127,162,7046,4201,2845,2100,358,1742,31,11,20,35,15,20,0,0,0
24,478,District - Porbandar  (11),Urban,65-69,6287,2909,3378,232,110,122,4188,2472,1716,1832,316,1516,18,6,12,17,5,12,0,0,0
24,478,District - Porbandar  (11),Urban,70-74,4968,2252,2716,118,52,66,2724,1829,895,2095,359,1736,19,8,11,12,4,8,0,0,0
24,478,District - Porbandar  (11),Urban,75-79,2309,1039,1270,51,19,32,1210,792,418,1041,226,815,3,1,2,4,1,3,0,0,0
24,478,District - Porbandar  (11),Urban,80+,2962,1225,1737,162,82,80,1091,744,347,1698,392,1306,8,5,3,3,2,1,0,0,0
24,478,District - Porbandar  (11),Urban,Age not stated,917,497,420,438,278,160,424,208,216,50,10,40,3,1,2,2,0,2,0,0,0
24,478,District - Porbandar  (11),Urban,Less than 18,89283,47048,42235,87686,46574,41112,1496,440,1056,63,17,46,34,15,19,4,2,2,0,0,0
24,478,District - Porbandar  (11),Urban,Less than 21,106973,56386,50587,101997,55174,46823,4787,1153,3634,109,30,79,60,25,35,20,4,16,0,0,0
24,479,District - Junagadh (12),Total,All ages,2743082,1404356,1338726,1277473,709139,568334,1332477,662507,669970,120643,26529,94114,6002,2587,3415,6487,3594,2893,0,0,0
24,479,District - Junagadh (12),Total,0-9,470350,247376,222974,470350,247376,222974,0,0,0,0,0,0,0,0,0,0,0,0,0,0,0
24,479,District - Junagadh (12),Total,10-14,297779,156224,141555,292127,153997,138130,5230,2038,3192,244,84,160,123,71,52,55,34,21,0,0,0
24,479,District - Junagadh (12),Total,15-19,283471,146390,137081,265102,141413,123689,17719,4730,12989,394,135,259,171,80,91,85,32,53,0,0,0
24,479,District - Junagadh (12),Total,20-24,253686,130342,123344,152906,95842,57064,99211,33931,65280,647,217,430,523,174,349,399,178,221,0,0,0
24,479,District - Junagadh (12),Total,25-29,222602,114594,108008,52692,38412,14280,166971,74908,92063,1194,448,746,805,305,500,940,521,419,0,0,0
24,479,District - Junagadh (12),Total,30-34,210767,106309,104458,17553,13775,3778,188740,90755,97985,2403,712,1691,927,362,565,1144,705,439,0,0,0
24,479,District - Junagadh (12),Total,35-39,200205,103123,97082,8812,6777,2035,185294,94140,91154,4092,1136,2956,907,394,513,1100,676,424,0,0,0
24,479,District - Junagadh (12),Total,40-44,182389,93194,89195,4915,3631,1284,169670,87329,82341,6201,1421,4780,723,307,416,880,506,374,0,0,0
24,479,District - Junagadh (12),Total,45-49,155795,80689,75106,2864,2020,844,143894,76431,67463,7838,1604,6234,534,262,272,665,372,293,0,0,0
24,479,District - Junagadh (12),Total,50-54,124036,64749,59287,1775,1131,644,111735,61189,50546,9723,2029,7694,348,167,181,455,233,222,0,0,0
24,479,District - Junagadh (12),Total,55-59,94601,47453,47148,1167,720,447,82731,44251,38480,10163,2201,7962,258,148,110,282,133,149,0,0,0
24,479,District - Junagadh (12),Total,60-64,81975,39901,42074,1472,825,647,63930,35788,28142,16151,3109,13042,228,86,142,194,93,101,0,0,0
24,479,District - Junagadh (12),Total,65-69,57030,26063,30967,1338,718,620,41023,22393,18630,14383,2828,11555,149,68,81,137,56,81,0,0,0
24,479,District - Junagadh (12),Total,70-74,47269,21932,25337,694,395,299,28289,17750,10539,18082,3689,14393,136,71,65,68,27,41,0,0,0
24,479,District - Junagadh (12),Total,75-79,23102,10071,13031,290,168,122,12923,7590,5333,9797,2270,7527,65,35,30,27,8,19,0,0,0
24,479,District - Junagadh (12),Total,80+,33637,13701,19936,1292,727,565,13120,8325,4795,19084,4582,14502,94,52,42,47,15,32,0,0,0
24,479,District - Junagadh (12),Total,Age not stated,4388,2245,2143,2124,1212,912,1997,959,1038,247,64,183,11,5,6,9,5,4,0,0,0
24,479,District - Junagadh (12),Total,Less than 18,939773,491647,448126,926986,487065,439921,11978,4246,7732,506,170,336,209,116,93,94,50,44,0,0,0
24,479,District - Junagadh (12),Total,Less than 21,1114594,582278,532316,1075005,571050,503955,38163,10697,27466,828,263,565,399,182,217,199,86,113,0,0,0
24,479,District - Junagadh (12),Rural,All ages,1836670,940271,896399,854604,473237,381367,891882,443768,448114,81896,18929,62967,4061,1802,2259,4227,2535,1692,0,0,0
24,479,District - Junagadh (12),Rural,0-9,323288,169234,154054,323288,169234,154054,0,0,0,0,0,0,0,0,0,0,0,0,0,0,0
24,479,District - Junagadh (12),Rural,10-14,201675,105644,96031,197935,104138,93797,3507,1409,2098,144,48,96,69,38,31,20,11,9,0,0,0
24,479,District - Junagadh (12),Rural,15-19,187811,97325,90486,175772,94041,81731,11630,3127,8503,248,88,160,114,49,65,47,20,27,0,0,0
24,479,District - Junagadh (12),Rural,20-24,166944,85671,81273,98785,61271,37514,67067,23974,43093,444,161,283,358,120,238,290,145,145,0,0,0
24,479,District - Junagadh (12),Rural,25-29,145114,75324,69790,32752,24226,8526,110342,50176,60166,806,319,487,567,210,357,647,393,254,0,0,0
24,479,District - Junagadh (12),Rural,30-34,140170,71069,69101,10755,8875,1880,126321,60910,65411,1678,511,1167,648,264,384,768,509,259,0,0,0
24,479,District - Junagadh (12),Rural,35-39,132805,69073,63732,5396,4503,893,123245,62943,60302,2806,854,1952,619,286,333,739,487,252,0,0,0
24,479,District - Junagadh (12),Rural,40-44,120848,61933,58915,2863,2292,571,112794,58023,54771,4157,1056,3101,485,221,264,549,341,208,0,0,0
24,479,District - Junagadh (12),Rural,45-49,101270,52557,48713,1500,1174,326,94083,49853,44230,4937,1110,3827,341,176,165,409,244,165,0,0,0
24,479,District - Junagadh (12),Rural,50-54,81495,42242,39253,885,631,254,73974,39955,34019,6138,1383,4755,222,112,110,276,161,115,0,0,0
24,479,District - Junagadh (12),Rural,55-59,62881,31012,31869,577,420,157,55433,28902,26531,6554,1512,5042,149,90,59,168,88,80,0,0,0
24,479,District - Junagadh (12),Rural,60-64,56048,27475,28573,816,505,311,44368,24685,19683,10586,2163,8423,150,60,90,128,62,66,0,0,0
24,479,District - Junagadh (12),Rural,65-69,38968,17738,21230,767,454,313,28563,15244,13319,9446,1958,7488,105,46,59,87,36,51,0,0,0
24,479,District - Junagadh (12),Rural,70-74,33528,15404,18124,405,239,166,20266,12460,7806,12707,2634,10073,104,53,51,46,18,28,0,0,0
24,479,District - Junagadh (12),Rural,75-79,16544,7130,9414,172,109,63,9451,5391,4060,6852,1593,5259,51,30,21,18,7,11,0,0,0
24,479,District - Junagadh (12),Rural,80+,24968,10254,14714,810,465,345,9804,6231,3573,14249,3502,10747,74,46,28,31,10,21,0,0,0
24,479,District - Junagadh (12),Rural,Age not stated,2313,1186,1127,1126,660,466,1034,485,549,144,37,107,5,1,4,4,3,1,0,0,0
24,479,District - Junagadh (12),Rural,Less than 18,638906,333555,305351,630622,330544,300078,7810,2823,4987,308,103,205,124,64,60,42,21,21,0,0,0
24,479,District - Junagadh (12),Rural,Less than 21,754885,393787,361098,728573,386155,342418,25428,7304,18124,528,175,353,251,106,145,105,47,58,0,0,0
24,479,District - Junagadh (12),Urban,All ages,906412,464085,442327,422869,235902,186967,440595,218739,221856,38747,7600,31147,1941,785,1156,2260,1059,1201,0,0,0
24,479,District - Junagadh (12),Urban,0-9,147062,78142,68920,147062,78142,68920,0,0,0,0,0,0,0,0,0,0,0,0,0,0,0
24,479,District - Junagadh (12),Urban,10-14,96104,50580,45524,94192,49859,44333,1723,629,1094,100,36,64,54,33,21,35,23,12,0,0,0
24,479,District - Junagadh (12),Urban,15-19,95660,49065,46595,89330,47372,41958,6089,1603,4486,146,47,99,57,31,26,38,12,26,0,0,0
24,479,District - Junagadh (12),Urban,20-24,86742,44671,42071,54121,34571,19550,32144,9957,22187,203,56,147,165,54,111,109,33,76,0,0,0
24,479,District - Junagadh (12),Urban,25-29,77488,39270,38218,19940,14186,5754,56629,24732,31897,388,129,259,238,95,143,293,128,165,0,0,0
24,479,District - Junagadh (12),Urban,30-34,70597,35240,35357,6798,4900,1898,62419,29845,32574,725,201,524,279,98,181,376,196,180,0,0,0
24,479,District - Junagadh (12),Urban,35-39,67400,34050,33350,3416,2274,1142,62049,31197,30852,1286,282,1004,288,108,180,361,189,172,0,0,0
24,479,District - Junagadh (12),Urban,40-44,61541,31261,30280,2052,1339,713,56876,29306,27570,2044,365,1679,238,86,152,331,165,166,0,0,0
24,479,District - Junagadh (12),Urban,45-49,54525,28132,26393,1364,846,518,49811,26578,23233,2901,494,2407,193,86,107,256,128,128,0,0,0
24,479,District - Junagadh (12),Urban,50-54,42541,22507,20034,890,500,390,37761,21234,16527,3585,646,2939,126,55,71,179,72,107,0,0,0
24,479,District - Junagadh (12),Urban,55-59,31720,16441,15279,590,300,290,27298,15349,11949,3609,689,2920,109,58,51,114,45,69,0,0,0
24,479,District - Junagadh (12),Urban,60-64,25927,12426,13501,656,320,336,19562,11103,8459,5565,946,4619,78,26,52,66,31,35,0,0,0
24,479,District - Junagadh (12),Urban,65-69,18062,8325,9737,571,264,307,12460,7149,5311,4937,870,4067,44,22,22,50,20,30,0,0,0
24,479,District - Junagadh (12),Urban,70-74,13741,6528,7213,289,156,133,8023,5290,2733,5375,1055,4320,32,18,14,22,9,13,0,0,0
24,479,District - Junagadh (12),Urban,75-79,6558,2941,3617,118,59,59,3472,2199,1273,2945,677,2268,14,5,9,9,1,8,0,0,0
24,479,District - Junagadh (12),Urban,80+,8669,3447,5222,482,262,220,3316,2094,1222,4835,1080,3755,20,6,14,16,5,11,0,0,0
24,479,District - Junagadh (12),Urban,Age not stated,2075,1059,1016,998,552,446,963,474,489,103,27,76,6,4,2,5,2,3,0,0,0
24,479,District - Junagadh (12),Urban,Less than 18,300867,158092,142775,296364,156521,139843,4168,1423,2745,198,67,131,85,52,33,52,29,23,0,0,0
24,479,District - Junagadh (12),Urban,Less than 21,359709,188491,171218,346432,184895,161537,12735,3393,9342,300,88,212,148,76,72,94,39,55,0,0,0
24,480,District - Amreli (13),Total,All ages,1514190,771049,743141,691684,379684,312000,748739,372062,376677,68037,16343,51694,2803,1292,1511,2927,1668,1259,0,0,0
24,480,District - Amreli (13),Total,0-9,257473,136665,120808,257473,136665,120808,0,0,0,0,0,0,0,0,0,0,0,0,0,0,0
24,480,District - Amreli (13),Total,10-14,158957,83493,75464,155557,82106,73451,3194,1305,1889,128,39,89,46,24,22,32,19,13,0,0,0
24,480,District - Amreli (13),Total,15-19,164637,83394,81243,152625,80054,72571,11637,3205,8432,239,81,158,93,41,52,43,13,30,0,0,0
24,480,District - Amreli (13),Total,20-24,141186,69727,71459,81906,48185,33721,58417,21198,37219,372,140,232,290,116,174,201,88,113,0,0,0
24,480,District - Amreli (13),Total,25-29,114090,58426,55664,22719,16505,6214,89888,41254,48634,676,292,384,362,135,227,445,240,205,0,0,0
24,480,District - Amreli (13),Total,30-34,106817,54116,52701,7617,6273,1344,96923,46816,50107,1283,471,812,408,176,232,586,380,206,0,0,0
24,480,District - Amreli (13),Total,35-39,102575,52997,49578,3669,3063,606,95979,48722,47257,2043,698,1345,397,189,208,487,325,162,0,0,0
24,480,District - Amreli (13),Total,40-44,97026,49344,47682,2180,1711,469,91029,46357,44672,3102,863,2239,316,170,146,399,243,156,0,0,0
24,480,District - Amreli (13),Total,45-49,83474,42930,40544,1311,992,319,77966,40735,37231,3702,960,2742,247,116,131,248,127,121,0,0,0
24,480,District - Amreli (13),Total,50-54,68982,36200,32782,845,633,212,63029,34175,28854,4761,1206,3555,172,92,80,175,94,81,0,0,0
24,480,District - Amreli (13),Total,55-59,54277,26650,27627,554,383,171,48479,24966,23513,5004,1190,3814,125,60,65,115,51,64,0,0,0
24,480,District - Amreli (13),Total,60-64,49525,24717,24808,692,439,253,40455,22418,18037,8171,1760,6411,131,62,69,76,38,38,0,0,0
24,480,District - Amreli (13),Total,65-69,36871,17116,19755,646,369,277,28235,14976,13259,7873,1714,6159,67,35,32,50,22,28,0,0,0
24,480,District - Amreli (13),Total,70-74,31513,15076,16437,381,225,156,20261,12478,7783,10771,2327,8444,63,30,33,37,16,21,0,0,0
24,480,District - Amreli (13),Total,75-79,16271,7222,9049,159,93,66,9880,5607,4273,6193,1501,4692,29,17,12,10,4,6,0,0,0
24,480,District - Amreli (13),Total,80+,24970,10109,14861,937,562,375,10558,6493,4065,13406,3024,10382,48,23,25,21,7,14,0,0,0
24,480,District - Amreli (13),Total,Age not stated,5546,2867,2679,2413,1426,987,2809,1357,1452,313,77,236,9,6,3,2,1,1,0,0,0
24,480,District - Amreli (13),Total,Less than 18,515582,270761,244821,507546,267795,239751,7626,2812,4814,278,88,190,78,40,38,54,26,28,0,0,0
24,480,District - Amreli (13),Total,Less than 21,618987,322206,296781,593374,314511,278863,24832,7413,17419,476,156,320,208,87,121,97,39,58,0,0,0
24,480,District - Amreli (13),Rural,All ages,1127555,572554,555001,513053,280301,232752,558745,277383,281362,51798,12738,39060,1933,915,1018,2026,1217,809,0,0,0
24,480,District - Amreli (13),Rural,0-9,194724,103080,91644,194724,103080,91644,0,0,0,0,0,0,0,0,0,0,0,0,0,0,0
24,480,District - Amreli (13),Rural,10-14,118838,62075,56763,116336,61057,55279,2346,953,1393,101,34,67,30,16,14,25,15,10,0,0,0
24,480,District - Amreli (13),Rural,15-19,120765,61284,59481,111943,58753,53190,8534,2425,6109,188,66,122,71,30,41,29,10,19,0,0,0
24,480,District - Amreli (13),Rural,20-24,103734,50788,52946,59590,34511,25079,43469,16007,27462,287,111,176,229,88,141,159,71,88,0,0,0
24,480,District - Amreli (13),Rural,25-29,81974,42017,39957,15687,11458,4229,65176,30027,35149,515,238,277,253,101,152,343,193,150,0,0,0
24,480,District - Amreli (13),Rural,30-34,77639,39344,38295,5196,4418,778,70778,34154,36624,987,369,618,284,127,157,394,276,118,0,0,0
24,480,District - Amreli (13),Rural,35-39,74957,38774,36183,2492,2143,349,70348,35718,34630,1503,539,964,270,130,140,344,244,100,0,0,0
24,480,District - Amreli (13),Rural,40-44,71600,36397,35203,1482,1200,282,67340,34230,33110,2302,683,1619,212,115,97,264,169,95,0,0,0
24,480,District - Amreli (13),Rural,45-49,61320,31569,29751,835,669,166,57538,30008,27530,2641,730,1911,152,78,74,154,84,70,0,0,0
24,480,District - Amreli (13),Rural,50-54,51455,26780,24675,533,420,113,47192,25314,21878,3498,917,2581,119,64,55,113,65,48,0,0,0
24,480,District - Amreli (13),Rural,55-59,41048,19887,21161,366,268,98,36926,18650,18276,3608,891,2717,76,44,32,72,34,38,0,0,0
24,480,District - Amreli (13),Rural,60-64,38328,19209,19119,498,325,173,31629,17474,14155,6076,1351,4725,80,38,42,45,21,24,0,0,0
24,480,District - Amreli (13),Rural,65-69,28503,13144,15359,480,280,200,22113,11508,10605,5829,1315,4514,46,25,21,35,16,19,0,0,0
24,480,District - Amreli (13),Rural,70-74,25128,12039,13089,281,168,113,16399,10021,6378,8370,1815,6555,50,23,27,28,12,16,0,0,0
24,480,District - Amreli (13),Rural,75-79,13033,5721,7312,120,70,50,8056,4480,3576,4832,1157,3675,20,12,8,5,2,3,0,0,0
24,480,District - Amreli (13),Rural,80+,20248,8251,11997,650,396,254,8727,5364,3363,10822,2467,8355,34,19,15,15,5,10,0,0,0
24,480,District - Amreli (13),Rural,Age not stated,4261,2195,2066,1840,1085,755,2174,1050,1124,239,55,184,7,5,2,1,0,1,0,0,0
24,480,District - Amreli (13),Rural,Less than 18,386283,202360,183923,380378,200157,180221,5588,2079,3509,221,74,147,57,29,28,39,21,18,0,0,0
24,480,District - Amreli (13),Rural,Less than 21,462599,240295,222304,443592,234470,209122,18403,5604,12799,374,128,246,161,65,96,69,28,41,0,0,0
24,480,District - Amreli (13),Urban,All ages,386635,198495,188140,178631,99383,79248,189994,94679,95315,16239,3605,12634,870,377,493,901,451,450,0,0,0
24,480,District - Amreli (13),Urban,0-9,62749,33585,29164,62749,33585,29164,0,0,0,0,0,0,0,0,0,0,0,0,0,0,0
24,480,District - Amreli (13),Urban,10-14,40119,21418,18701,39221,21049,18172,848,352,496,27,5,22,16,8,8,7,4,3,0,0,0
24,480,District - Amreli (13),Urban,15-19,43872,22110,21762,40682,21301,19381,3103,780,2323,51,15,36,22,11,11,14,3,11,0,0,0
24,480,District - Amreli (13),Urban,20-24,37452,18939,18513,22316,13674,8642,14948,5191,9757,85,29,56,61,28,33,42,17,25,0,0,0
24,480,District - Amreli (13),Urban,25-29,32116,16409,15707,7032,5047,1985,24712,11227,13485,161,54,107,109,34,75,102,47,55,0,0,0
24,480,District - Amreli (13),Urban,30-34,29178,14772,14406,2421,1855,566,26145,12662,13483,296,102,194,124,49,75,192,104,88,0,0,0
24,480,District - Amreli (13),Urban,35-39,27618,14223,13395,1177,920,257,25631,13004,12627,540,159,381,127,59,68,143,81,62,0,0,0
24,480,District - Amreli (13),Urban,40-44,25426,12947,12479,698,511,187,23689,12127,11562,800,180,620,104,55,49,135,74,61,0,0,0
24,480,District - Amreli (13),Urban,45-49,22154,11361,10793,476,323,153,20428,10727,9701,1061,230,831,95,38,57,94,43,51,0,0,0
24,480,District - Amreli (13),Urban,50-54,17527,9420,8107,312,213,99,15837,8861,6976,1263,289,974,53,28,25,62,29,33,0,0,0
24,480,District - Amreli (13),Urban,55-59,13229,6763,6466,188,115,73,11553,6316,5237,1396,299,1097,49,16,33,43,17,26,0,0,0
24,480,District - Amreli (13),Urban,60-64,11197,5508,5689,194,114,80,8826,4944,3882,2095,409,1686,51,24,27,31,17,14,0,0,0
24,480,District - Amreli (13),Urban,65-69,8368,3972,4396,166,89,77,6122,3468,2654,2044,399,1645,21,10,11,15,6,9,0,0,0
24,480,District - Amreli (13),Urban,70-74,6385,3037,3348,100,57,43,3862,2457,1405,2401,512,1889,13,7,6,9,4,5,0,0,0
24,480,District - Amreli (13),Urban,75-79,3238,1501,1737,39,23,16,1824,1127,697,1361,344,1017,9,5,4,5,2,3,0,0,0
24,480,District - Amreli (13),Urban,80+,4722,1858,2864,287,166,121,1831,1129,702,2584,557,2027,14,4,10,6,2,4,0,0,0
24,480,District - Amreli (13),Urban,Age not stated,1285,672,613,573,341,232,635,307,328,74,22,52,2,1,1,1,1,0,0,0,0
24,480,District - Amreli (13),Urban,Less than 18,129299,68401,60898,127168,67638,59530,2038,733,1305,57,14,43,21,11,10,15,5,10,0,0,0
24,480,District - Amreli (13),Urban,Less than 21,156388,81911,74477,149782,80041,69741,6429,1809,4620,102,28,74,47,22,25,28,11,17,0,0,0
24,481,District - Bhavnagar (14),Total,All ages,2880365,1490201,1390164,1371730,764071,607659,1384932,695632,689300,114370,25896,88474,4408,1944,2464,4925,2658,2267,0,0,0
24,481,District - Bhavnagar (14),Total,0-9,561051,298080,262971,561051,298080,262971,0,0,0,0,0,0,0,0,0,0,0,0,0,0,0
24,481,District - Bhavnagar (14),Total,10-14,320936,170105,150831,313020,166820,146200,7432,3067,4365,259,93,166,163,92,71,62,33,29,0,0,0
24,481,District - Bhavnagar (14),Total,15-19,319505,166304,153201,289650,157725,131925,28991,8250,20741,470,142,328,269,123,146,125,64,61,0,0,0
24,481,District - Bhavnagar (14),Total,20-24,273001,140656,132345,136598,88595,48003,134761,51333,83428,781,313,468,467,204,263,394,211,183,0,0,0
24,481,District - Bhavnagar (14),Total,25-29,234445,123329,111116,37254,28770,8484,194536,93384,101152,1348,527,821,584,234,350,723,414,309,0,0,0
24,481,District - Bhavnagar (14),Total,30-34,210679,108313,102366,11840,9259,2581,194982,97438,97544,2410,866,1544,621,252,369,826,498,328,0,0,0
24,481,District - Bhavnagar (14),Total,35-39,192600,99797,92803,5661,4345,1316,181566,93574,87992,4049,1213,2836,567,240,327,757,425,332,0,0,0
24,481,District - Bhavnagar (14),Total,40-44,171742,88268,83474,3559,2603,956,161097,83600,77497,5964,1490,4474,466,206,260,656,369,287,0,0,0
24,481,District - Bhavnagar (14),Total,45-49,145220,75145,70075,2302,1620,682,134388,71288,63100,7729,1847,5882,353,165,188,448,225,223,0,0,0
24,481,District - Bhavnagar (14),Total,50-54,118399,61967,56432,1708,1139,569,106640,58470,48170,9471,2092,7379,248,108,140,332,158,174,0,0,0
24,481,District - Bhavnagar (14),Total,55-59,89381,45002,44379,1175,721,454,78237,41911,36326,9571,2194,7377,187,83,104,211,93,118,0,0,0
24,481,District - Bhavnagar (14),Total,60-64,76804,37791,39013,1425,826,599,60752,34054,26698,14309,2759,11550,144,72,72,174,80,94,0,0,0
24,481,District - Bhavnagar (14),Total,65-69,55868,26002,29866,1267,683,584,41411,22547,18864,13005,2688,10317,108,50,58,77,34,43,0,0,0
24,481,District - Bhavnagar (14),Total,70-74,46230,21722,24508,741,393,348,28866,17961,10905,16455,3292,13163,101,50,51,67,26,41,0,0,0
24,481,District - Bhavnagar (14),Total,75-79,24334,10805,13529,306,160,146,14281,8375,5906,9664,2228,7436,55,29,26,28,13,15,0,0,0
24,481,District - Bhavnagar (14),Total,80+,34105,13833,20272,1465,794,671,13973,8924,5049,18569,4071,14498,64,33,31,34,11,23,0,0,0
24,481,District - Bhavnagar (14),Total,Age not stated,6065,3082,2983,2708,1538,1170,3019,1456,1563,316,81,235,11,3,8,11,4,7,0,0,0
24,481,District - Bhavnagar (14),Total,Less than 18,1074011,568198,505813,1055476,561422,494054,17552,6384,11168,559,176,383,303,155,148,121,61,60,0,0,0
24,481,District - Bhavnagar (14),Total,Less than 21,1271485,670137,601348,1210700,651213,559487,59024,18231,40793,972,303,669,538,267,271,251,123,128,0,0,0
24,481,District - Bhavnagar (14),Rural,All ages,1697964,868833,829131,836450,457496,378954,791786,393638,398148,65384,15392,49992,2337,1061,1276,2007,1246,761,0,0,0
24,481,District - Bhavnagar (14),Rural,0-9,354299,186706,167593,354299,186706,167593,0,0,0,0,0,0,0,0,0,0,0,0,0,0,0
24,481,District - Bhavnagar (14),Rural,10-14,202103,105789,96314,197775,104013,93762,4077,1665,2412,136,45,91,89,51,38,26,15,11,0,0,0
24,481,District - Bhavnagar (14),Rural,15-19,196166,100095,96071,178048,94884,83164,17629,5029,12600,265,77,188,167,72,95,57,33,24,0,0,0
24,481,District - Bhavnagar (14),Rural,20-24,155071,78483,76588,74153,46955,27198,80005,31112,48893,451,187,264,262,111,151,200,118,82,0,0,0
24,481,District - Bhavnagar (14),Rural,25-29,128280,67021,61259,17096,13679,3417,109745,52686,57059,789,321,468,321,123,198,329,212,117,0,0,0
24,481,District - Bhavnagar (14),Rural,30-34,116563,59205,57358,5340,4400,940,109063,53845,55218,1451,543,908,345,152,193,364,265,99,0,0,0
24,481,District - Bhavnagar (14),Rural,35-39,106497,54858,51639,2391,2000,391,101245,51845,49400,2274,690,1584,280,123,157,307,200,107,0,0,0
24,481,District - Bhavnagar (14),Rural,40-44,94797,48260,46537,1369,1076,293,89745,46030,43715,3219,892,2327,231,106,125,233,156,77,0,0,0
24,481,District - Bhavnagar (14),Rural,45-49,79136,40792,38344,813,639,174,74016,38916,35100,3979,1070,2909,162,77,85,166,90,76,0,0,0
24,481,District - Bhavnagar (14),Rural,50-54,64767,33412,31355,619,458,161,59031,31658,27373,4903,1185,3718,114,55,59,100,56,44,0,0,0
24,481,District - Bhavnagar (14),Rural,55-59,50301,24683,25618,393,279,114,44761,23081,21680,4990,1246,3744,83,40,43,74,37,37,0,0,0
24,481,District - Bhavnagar (14),Rural,60-64,45249,22278,22971,644,407,237,36784,20222,16562,7682,1580,6102,74,39,35,65,30,35,0,0,0
24,481,District - Bhavnagar (14),Rural,65-69,34203,15804,18399,633,356,277,26183,13774,12409,7289,1621,5668,69,39,30,29,14,15,0,0,0
24,481,District - Bhavnagar (14),Rural,70-74,29254,13871,15383,346,207,139,18881,11607,7274,9943,2022,7921,59,27,32,25,8,17,0,0,0
24,481,District - Bhavnagar (14),Rural,75-79,15350,6658,8692,127,68,59,9407,5281,4126,5773,1282,4491,31,21,10,12,6,6,0,0,0
24,481,District - Bhavnagar (14),Rural,80+,22618,9223,13395,797,455,342,9681,6157,3524,12079,2583,9496,44,23,21,17,5,12,0,0,0
24,481,District - Bhavnagar (14),Rural,Age not stated,3310,1695,1615,1607,914,693,1533,730,803,161,48,113,6,2,4,3,1,2,0,0,0
24,481,District - Bhavnagar (14),Rural,Less than 18,675940,353720,322220,665321,349911,315410,10087,3612,6475,309,86,223,174,85,89,49,26,23,0,0,0
24,481,District - Bhavnagar (14),Rural,Less than 21,794128,413254,380874,757648,401866,355782,35511,11015,24496,543,162,381,316,150,166,110,61,49,0,0,0
24,481,District - Bhavnagar (14),Urban,All ages,1182401,621368,561033,535280,306575,228705,593146,301994,291152,48986,10504,38482,2071,883,1188,2918,1412,1506,0,0,0
24,481,District - Bhavnagar (14),Urban,0-9,206752,111374,95378,206752,111374,95378,0,0,0,0,0,0,0,0,0,0,0,0,0,0,0
24,481,District - Bhavnagar (14),Urban,10-14,118833,64316,54517,115245,62807,52438,3355,1402,1953,123,48,75,74,41,33,36,18,18,0,0,0
24,481,District - Bhavnagar (14),Urban,15-19,123339,66209,57130,111602,62841,48761,11362,3221,8141,205,65,140,102,51,51,68,31,37,0,0,0
24,481,District - Bhavnagar (14),Urban,20-24,117930,62173,55757,62445,41640,20805,54756,20221,34535,330,126,204,205,93,112,194,93,101,0,0,0
24,481,District - Bhavnagar (14),Urban,25-29,106165,56308,49857,20158,15091,5067,84791,40698,44093,559,206,353,263,111,152,394,202,192,0,0,0
24,481,District - Bhavnagar (14),Urban,30-34,94116,49108,45008,6500,4859,1641,85919,43593,42326,959,323,636,276,100,176,462,233,229,0,0,0
24,481,District - Bhavnagar (14),Urban,35-39,86103,44939,41164,3270,2345,925,80321,41729,38592,1775,523,1252,287,117,170,450,225,225,0,0,0
24,481,District - Bhavnagar (14),Urban,40-44,76945,40008,36937,2190,1527,663,71352,37570,33782,2745,598,2147,235,100,135,423,213,210,0,0,0
24,481,District - Bhavnagar (14),Urban,45-49,66084,34353,31731,1489,981,508,60372,32372,28000,3750,777,2973,191,88,103,282,135,147,0,0,0
24,481,District - Bhavnagar (14),Urban,50-54,53632,28555,25077,1089,681,408,47609,26812,20797,4568,907,3661,134,53,81,232,102,130,0,0,0
24,481,District - Bhavnagar (14),Urban,55-59,39080,20319,18761,782,442,340,33476,18830,14646,4581,948,3633,104,43,61,137,56,81,0,0,0
24,481,District - Bhavnagar (14),Urban,60-64,31555,15513,16042,781,419,362,23968,13832,10136,6627,1179,5448,70,33,37,109,50,59,0,0,0
24,481,District - Bhavnagar (14),Urban,65-69,21665,10198,11467,634,327,307,15228,8773,6455,5716,1067,4649,39,11,28,48,20,28,0,0,0
24,481,District - Bhavnagar (14),Urban,70-74,16976,7851,9125,395,186,209,9985,6354,3631,6512,1270,5242,42,23,19,42,18,24,0,0,0
24,481,District - Bhavnagar (14),Urban,75-79,8984,4147,4837,179,92,87,4874,3094,1780,3891,946,2945,24,8,16,16,7,9,0,0,0
24,481,District - Bhavnagar (14),Urban,80+,11487,4610,6877,668,339,329,4292,2767,1525,6490,1488,5002,20,10,10,17,6,11,0,0,0
24,481,District - Bhavnagar (14),Urban,Age not stated,2755,1387,1368,1101,624,477,1486,726,760,155,33,122,5,1,4,8,3,5,0,0,0
24,481,District - Bhavnagar (14),Urban,Less than 18,398071,214478,183593,390155,211511,178644,7465,2772,4693,250,90,160,129,70,59,72,35,37,0,0,0
24,481,District - Bhavnagar (14),Urban,Less than 21,477357,256883,220474,453052,249347,203705,23513,7216,16297,429,141,288,222,117,105,141,62,79,0,0,0
24,482,District - Anand   (15),Total,All ages,2092745,1087224,1005521,866133,504615,361518,1089180,542479,546701,120817,30286,90531,4839,2171,2668,11776,7673,4103,0,0,0
24,482,District - Anand   (15),Total,0-9,368805,197123,171682,368805,197123,171682,0,0,0,0,0,0,0,0,0,0,0,0,0,0,0
24,482,District - Anand   (15),Total,10-14,202421,109720,92701,196325,107432,88893,5628,2095,3533,251,94,157,162,67,95,55,32,23,0,0,0
24,482,District - Anand   (15),Total,15-19,193477,104508,88969,157860,94295,63565,34542,9777,24765,432,159,273,370,150,220,273,127,146,0,0,0
24,482,District - Anand   (15),Total,20-24,194227,101765,92462,79908,56277,23631,111926,44291,67635,827,355,472,451,183,268,1115,659,456,0,0,0
24,482,District - Anand   (15),Total,25-29,176032,92042,83990,28479,22457,6022,143959,67638,76321,1439,622,817,534,227,307,1621,1098,523,0,0,0
24,482,District - Anand   (15),Total,30-34,167102,85656,81446,11650,9562,2088,149890,73323,76567,2956,1157,1799,631,278,353,1975,1336,639,0,0,0
24,482,District - Anand   (15),Total,35-39,155482,80902,74580,6689,5602,1087,141169,71998,69171,5050,1658,3392,662,288,374,1912,1356,556,0,0,0
24,482,District - Anand   (15),Total,40-44,139101,71397,67704,4222,3529,693,125173,64331,60842,7604,2175,5429,542,268,274,1560,1094,466,0,0,0
24,482,District - Anand   (15),Total,45-49,123408,63483,59925,2853,2291,562,108748,57507,51241,10172,2682,7490,446,222,224,1189,781,408,0,0,0
24,482,District - Anand   (15),Total,50-54,102975,52706,50269,1890,1419,471,87431,47573,39858,12555,3078,9477,338,157,181,761,479,282,0,0,0
24,482,District - Anand   (15),Total,55-59,80942,40816,40126,1229,861,368,66286,36442,29844,12666,3107,9559,248,109,139,513,297,216,0,0,0
24,482,District - Anand   (15),Total,60-64,67865,32312,35553,1158,726,432,48849,27622,21227,17316,3679,13637,193,100,93,349,185,164,0,0,0
24,482,District - Anand   (15),Total,65-69,46796,21659,25137,925,544,381,30124,17690,12434,15454,3272,12182,102,46,56,191,107,84,0,0,0
24,482,District - Anand   (15),Total,70-74,34138,15402,18736,430,277,153,18251,11601,6650,15248,3424,11824,81,39,42,128,61,67,0,0,0
24,482,District - Anand   (15),Total,75-79,16127,7031,9096,213,116,97,7658,4836,2822,8177,2043,6134,39,19,20,40,17,23,0,0,0
24,482,District - Anand   (15),Total,80+,17576,7353,10223,865,513,352,6359,4135,2224,10272,2673,7599,27,11,16,53,21,32,0,0,0
24,482,District - Anand   (15),Total,Age not stated,6271,3349,2922,2632,1591,1041,3187,1620,1567,398,108,290,13,7,6,41,23,18,0,0,0
24,482,District - Anand   (15),Total,Less than 18,686073,369783,316290,666814,363649,303165,18243,5723,12520,513,186,327,350,146,204,153,79,74,0,0,0
24,482,District - Anand   (15),Total,Less than 21,810252,434869,375383,746970,415075,331895,61225,18955,42270,900,330,570,629,251,378,528,258,270,0,0,0
24,482,District - Anand   (15),Rural,All ages,1457758,758499,699259,603516,352430,251086,754276,375776,378500,87840,22707,65133,3290,1485,1805,8836,6101,2735,0,0,0
24,482,District - Anand   (15),Rural,0-9,266509,142563,123946,266509,142563,123946,0,0,0,0,0,0,0,0,0,0,0,0,0,0,0
24,482,District - Anand   (15),Rural,10-14,145684,78874,66810,141357,77252,64105,4015,1497,2518,162,61,101,113,42,71,37,22,15,0,0,0
24,482,District - Anand   (15),Rural,15-19,135369,72982,62387,107763,64926,42837,26806,7727,19079,300,115,185,269,104,165,231,110,121,0,0,0
24,482,District - Anand   (15),Rural,20-24,132545,69952,62593,48515,35280,13235,82264,33734,48530,586,268,318,289,107,182,891,563,328,0,0,0
24,482,District - Anand   (15),Rural,25-29,119791,62970,56821,16952,13928,3024,100111,47494,52617,1094,501,593,359,158,201,1275,889,386,0,0,0
24,482,District - Anand   (15),Rural,30-34,115870,59502,56368,7549,6491,1058,104142,50805,53337,2276,943,1333,436,197,239,1467,1066,401,0,0,0
24,482,District - Anand   (15),Rural,35-39,108367,56966,51401,4499,3970,529,98135,50365,47770,3826,1338,2488,449,197,252,1458,1096,362,0,0,0
24,482,District - Anand   (15),Rural,40-44,96583,49818,46765,2834,2477,357,86436,44542,41894,5776,1759,4017,368,187,181,1169,853,316,0,0,0
24,482,District - Anand   (15),Rural,45-49,84281,43627,40654,1820,1585,235,73677,39146,34531,7603,2120,5483,304,153,151,877,623,254,0,0,0
24,482,District - Anand   (15),Rural,50-54,70396,35736,34660,1121,929,192,59061,31967,27094,9442,2373,7069,235,110,125,537,357,180,0,0,0
24,482,District - Anand   (15),Rural,55-59,54220,27022,27198,719,567,152,43708,23834,19874,9286,2333,6953,161,75,86,346,213,133,0,0,0
24,482,District - Anand   (15),Rural,60-64,46589,21809,24780,732,506,226,32611,18330,14281,12868,2762,10106,129,67,62,249,144,105,0,0,0
24,482,District - Anand   (15),Rural,65-69,31850,14635,17215,627,391,236,20110,11764,8346,10918,2369,8549,67,34,33,128,77,51,0,0,0
24,482,District - Anand   (15),Rural,70-74,23497,10430,13067,264,181,83,12143,7726,4417,10945,2449,8496,58,27,31,87,47,40,0,0,0
24,482,District - Anand   (15),Rural,75-79,10596,4611,5985,118,76,42,4942,3131,1811,5485,1379,4106,29,15,14,22,10,12,0,0,0
24,482,District - Anand   (15),Rural,80+,11811,4969,6842,541,333,208,4201,2749,1452,7013,1862,5151,16,7,9,40,18,22,0,0,0
24,482,District - Anand   (15),Rural,Age not stated,3800,2033,1767,1596,975,621,1914,965,949,260,75,185,8,5,3,22,13,9,0,0,0
24,482,District - Anand   (15),Rural,Less than 18,493019,265662,227357,478828,261139,217689,13479,4242,9237,344,125,219,253,98,155,115,58,57,0,0,0
24,482,District - Anand   (15),Rural,Less than 21,579341,310885,268456,531026,295513,235513,46793,14739,32054,629,242,387,453,170,283,440,221,219,0,0,0
24,482,District - Anand   (15),Urban,All ages,634987,328725,306262,262617,152185,110432,334904,166703,168201,32977,7579,25398,1549,686,863,2940,1572,1368,0,0,0
24,482,District - Anand   (15),Urban,0-9,102296,54560,47736,102296,54560,47736,0,0,0,0,0,0,0,0,0,0,0,0,0,0,0
24,482,District - Anand   (15),Urban,10-14,56737,30846,25891,54968,30180,24788,1613,598,1015,89,33,56,49,25,24,18,10,8,0,0,0
24,482,District - Anand   (15),Urban,15-19,58108,31526,26582,50097,29369,20728,7736,2050,5686,132,44,88,101,46,55,42,17,25,0,0,0
24,482,District - Anand   (15),Urban,20-24,61682,31813,29869,31393,20997,10396,29662,10557,19105,241,87,154,162,76,86,224,96,128,0,0,0
24,482,District - Anand   (15),Urban,25-29,56241,29072,27169,11527,8529,2998,43848,20144,23704,345,121,224,175,69,106,346,209,137,0,0,0
24,482,District - Anand   (15),Urban,30-34,51232,26154,25078,4101,3071,1030,45748,22518,23230,680,214,466,195,81,114,508,270,238,0,0,0
24,482,District - Anand   (15),Urban,35-39,47115,23936,23179,2190,1632,558,43034,21633,21401,1224,320,904,213,91,122,454,260,194,0,0,0
24,482,District - Anand   (15),Urban,40-44,42518,21579,20939,1388,1052,336,38737,19789,18948,1828,416,1412,174,81,93,391,241,150,0,0,0
24,482,District - Anand   (15),Urban,45-49,39127,19856,19271,1033,706,327,35071,18361,16710,2569,562,2007,142,69,73,312,158,154,0,0,0
24,482,District - Anand   (15),Urban,50-54,32579,16970,15609,769,490,279,28370,15606,12764,3113,705,2408,103,47,56,224,122,102,0,0,0
24,482,District - Anand   (15),Urban,55-59,26722,13794,12928,510,294,216,22578,12608,9970,3380,774,2606,87,34,53,167,84,83,0,0,0
24,482,District - Anand   (15),Urban,60-64,21276,10503,10773,426,220,206,16238,9292,6946,4448,917,3531,64,33,31,100,41,59,0,0,0
24,482,District - Anand   (15),Urban,65-69,14946,7024,7922,298,153,145,10014,5926,4088,4536,903,3633,35,12,23,63,30,33,0,0,0
24,482,District - Anand   (15),Urban,70-74,10641,4972,5669,166,96,70,6108,3875,2233,4303,975,3328,23,12,11,41,14,27,0,0,0
24,482,District - Anand   (15),Urban,75-79,5531,2420,3111,95,40,55,2716,1705,1011,2692,664,2028,10,4,6,18,7,11,0,0,0
24,482,District - Anand   (15),Urban,80+,5765,2384,3381,324,180,144,2158,1386,772,3259,811,2448,11,4,7,13,3,10,0,0,0
24,482,District - Anand   (15),Urban,Age not stated,2471,1316,1155,1036,616,420,1273,655,618,138,33,105,5,2,3,19,10,9,0,0,0
24,482,District - Anand   (15),Urban,Less than 18,193054,104121,88933,187986,102510,85476,4764,1481,3283,169,61,108,97,48,49,38,21,17,0,0,0
24,482,District - Anand   (15),Urban,Less than 21,230911,123984,106927,215944,119562,96382,14432,4216,10216,271,88,183,176,81,95,88,37,51,0,0,0
24,483,District - Kheda (16),Total,All ages,2299885,1185727,1114158,948273,544101,404172,1205439,597803,607636,128990,34794,94196,5645,2377,3268,11538,6652,4886,0,0,0
24,483,District - Kheda (16),Total,0-9,423091,224190,198901,423091,224190,198901,0,0,0,0,0,0,0,0,0,0,0,0,0,0,0
24,483,District - Kheda (16),Total,10-14,234864,126156,108708,225331,122488,102843,9028,3464,5564,280,93,187,146,72,74,79,39,40,0,0,0
24,483,District - Kheda (16),Total,15-19,212204,112228,99976,161552,95363,66189,49505,16431,33074,503,173,330,356,138,218,288,123,165,0,0,0
24,483,District - Kheda (16),Total,20-24,205025,106165,98860,72134,50925,21209,130211,53981,76230,968,402,566,527,209,318,1185,648,537,0,0,0
24,483,District - Kheda (16),Total,25-29,185476,96226,89250,25677,20392,5285,155626,73776,81850,1813,778,1035,717,280,437,1643,1000,643,0,0,0
24,483,District - Kheda (16),Total,30-34,178138,90237,87901,11170,9289,1881,160843,78237,82606,3511,1263,2248,732,309,423,1882,1139,743,0,0,0
24,483,District - Kheda (16),Total,35-39,167852,86611,81241,6982,5830,1152,152455,77373,75082,5884,1968,3916,765,331,434,1766,1109,657,0,0,0
24,483,District - Kheda (16),Total,40-44,151619,77300,74319,4373,3616,757,136467,69917,66550,8619,2574,6045,614,275,339,1546,918,628,0,0,0
24,483,District - Kheda (16),Total,45-49,130612,67181,63431,2925,2371,554,115322,60860,54462,10771,3068,7703,520,242,278,1074,640,434,0,0,0
24,483,District - Kheda (16),Total,50-54,109206,55634,53572,1983,1541,442,92873,49916,42957,13239,3592,9647,392,179,213,719,406,313,0,0,0
24,483,District - Kheda (16),Total,55-59,85658,42429,43229,1283,927,356,70593,37748,32845,13016,3416,9600,274,101,173,492,237,255,0,0,0
24,483,District - Kheda (16),Total,60-64,72833,34865,37968,1330,852,478,52437,29561,22876,18462,4199,14263,239,87,152,365,166,199,0,0,0
24,483,District - Kheda (16),Total,65-69,48581,22292,26289,978,577,401,31615,17913,13702,15696,3692,12004,121,45,76,171,65,106,0,0,0
24,483,District - Kheda (16),Total,70-74,36679,16787,19892,542,337,205,19777,12426,7351,16131,3930,12201,113,44,69,116,50,66,0,0,0
24,483,District - Kheda (16),Total,75-79,16752,7688,9064,232,146,86,8378,5251,3127,8066,2251,5815,35,20,15,41,20,21,0,0,0
24,483,District - Kheda (16),Total,80+,18937,8178,10759,974,582,392,7401,4576,2825,10455,2970,7485,45,23,22,62,27,35,0,0,0
24,483,District - Kheda (16),Total,Age not stated,22358,11560,10798,7716,4675,3041,12908,6373,6535,1576,425,1151,49,22,27,109,65,44,0,0,0
24,483,District - Kheda (16),Total,Less than 18,784756,418466,366290,756036,408349,347687,27629,9700,17929,578,186,392,319,137,182,194,94,100,0,0,0
24,483,District - Kheda (16),Total,Less than 21,920422,488084,432338,833113,457624,375489,85055,29569,55486,1022,353,669,652,275,377,580,263,317,0,0,0
24,483,District - Kheda (16),Rural,All ages,1776276,915197,861079,726136,415795,310341,935970,463895,472075,100932,28365,72567,4148,1733,2415,9090,5409,3681,0,0,0
24,483,District - Kheda (16),Rural,0-9,336542,177657,158885,336542,177657,158885,0,0,0,0,0,0,0,0,0,0,0,0,0,0,0
24,483,District - Kheda (16),Rural,10-14,185640,99476,86164,177839,96495,81344,7412,2827,4585,219,75,144,107,48,59,63,31,32,0,0,0
24,483,District - Kheda (16),Rural,15-19,164181,86770,77411,120314,71853,48461,42949,14560,28389,378,137,241,296,111,185,244,109,135,0,0,0
24,483,District - Kheda (16),Rural,20-24,156370,81003,75367,47138,34283,12855,107032,45651,61381,810,350,460,408,161,247,982,558,424,0,0,0
24,483,District - Kheda (16),Rural,25-29,140494,73073,67421,16081,13334,2747,121070,58033,63037,1498,670,828,524,206,318,1321,830,491,0,0,0
24,483,District - Kheda (16),Rural,30-34,136975,69399,67576,7617,6578,1039,124454,60576,63878,2892,1092,1800,548,233,315,1464,920,544,0,0,0
24,483,District - Kheda (16),Rural,35-39,129546,67119,62427,4989,4357,632,117837,59949,57888,4775,1671,3104,568,245,323,1377,897,480,0,0,0
24,483,District - Kheda (16),Rural,40-44,117278,59933,57345,3162,2741,421,105420,53996,51424,7024,2243,4781,450,201,249,1222,752,470,0,0,0
24,483,District - Kheda (16),Rural,45-49,99321,51314,48007,2066,1753,313,87453,46253,41200,8627,2634,5993,340,161,179,835,513,322,0,0,0
24,483,District - Kheda (16),Rural,50-54,82518,41840,40678,1320,1094,226,69890,37325,32565,10489,2979,7510,275,124,151,544,318,226,0,0,0
24,483,District - Kheda (16),Rural,55-59,64438,31624,32814,792,601,191,52855,27967,24888,10215,2795,7420,205,81,124,371,180,191,0,0,0
24,483,District - Kheda (16),Rural,60-64,55150,26210,28940,855,579,276,39437,22096,17341,14406,3344,11062,166,59,107,286,132,154,0,0,0
24,483,District - Kheda (16),Rural,65-69,36772,16674,20098,606,367,239,23818,13286,10532,12129,2944,9185,89,30,59,130,47,83,0,0,0
24,483,District - Kheda (16),Rural,70-74,28047,12765,15282,361,234,127,15014,9367,5647,12493,3098,9395,86,30,56,93,36,57,0,0,0
24,483,District - Kheda (16),Rural,75-79,12377,5679,6698,138,84,54,6227,3870,2357,5959,1701,4258,22,12,10,31,12,19,0,0,0
24,483,District - Kheda (16),Rural,80+,14306,6264,8042,682,389,293,5683,3526,2157,7865,2312,5553,32,16,16,44,21,23,0,0,0
24,483,District - Kheda (16),Rural,Age not stated,16321,8397,7924,5634,3396,2238,9419,4613,4806,1153,320,833,32,15,17,83,53,30,0,0,0
24,483,District - Kheda (16),Rural,Less than 18,620899,330217,290682,596502,321582,274920,23534,8303,15231,448,149,299,250,102,148,165,81,84,0,0,0
24,483,District - Kheda (16),Rural,Less than 21,725485,383750,341735,650816,357165,293651,72860,25854,47006,798,289,509,522,211,311,489,231,258,0,0,0
24,483,District - Kheda (16),Urban,All ages,523609,270530,253079,222137,128306,93831,269469,133908,135561,28058,6429,21629,1497,644,853,2448,1243,1205,0,0,0
24,483,District - Kheda (16),Urban,0-9,86549,46533,40016,86549,46533,40016,0,0,0,0,0,0,0,0,0,0,0,0,0,0,0
24,483,District - Kheda (16),Urban,10-14,49224,26680,22544,47492,25993,21499,1616,637,979,61,18,43,39,24,15,16,8,8,0,0,0
24,483,District - Kheda (16),Urban,15-19,48023,25458,22565,41238,23510,17728,6556,1871,4685,125,36,89,60,27,33,44,14,30,0,0,0
24,483,District - Kheda (16),Urban,20-24,48655,25162,23493,24996,16642,8354,23179,8330,14849,158,52,106,119,48,71,203,90,113,0,0,0
24,483,District - Kheda (16),Urban,25-29,44982,23153,21829,9596,7058,2538,34556,15743,18813,315,108,207,193,74,119,322,170,152,0,0,0
24,483,District - Kheda (16),Urban,30-34,41163,20838,20325,3553,2711,842,36389,17661,18728,619,171,448,184,76,108,418,219,199,0,0,0
24,483,District - Kheda (16),Urban,35-39,38306,19492,18814,1993,1473,520,34618,17424,17194,1109,297,812,197,86,111,389,212,177,0,0,0
24,483,District - Kheda (16),Urban,40-44,34341,17367,16974,1211,875,336,31047,15921,15126,1595,331,1264,164,74,90,324,166,158,0,0,0
24,483,District - Kheda (16),Urban,45-49,31291,15867,15424,859,618,241,27869,14607,13262,2144,434,1710,180,81,99,239,127,112,0,0,0
24,483,District - Kheda (16),Urban,50-54,26688,13794,12894,663,447,216,22983,12591,10392,2750,613,2137,117,55,62,175,88,87,0,0,0
24,483,District - Kheda (16),Urban,55-59,21220,10805,10415,491,326,165,17738,9781,7957,2801,621,2180,69,20,49,121,57,64,0,0,0
24,483,District - Kheda (16),Urban,60-64,17683,8655,9028,475,273,202,13000,7465,5535,4056,855,3201,73,28,45,79,34,45,0,0,0
24,483,District - Kheda (16),Urban,65-69,11809,5618,6191,372,210,162,7797,4627,3170,3567,748,2819,32,15,17,41,18,23,0,0,0
24,483,District - Kheda (16),Urban,70-74,8632,4022,4610,181,103,78,4763,3059,1704,3638,832,2806,27,14,13,23,14,9,0,0,0
24,483,District - Kheda (16),Urban,75-79,4375,2009,2366,94,62,32,2151,1381,770,2107,550,1557,13,8,5,10,8,2,0,0,0
24,483,District - Kheda (16),Urban,80+,4631,1914,2717,292,193,99,1718,1050,668,2590,658,1932,13,7,6,18,6,12,0,0,0
24,483,District - Kheda (16),Urban,Age not stated,6037,3163,2874,2082,1279,803,3489,1760,1729,423,105,318,17,7,10,26,12,14,0,0,0
24,483,District - Kheda (16),Urban,Less than 18,163857,88249,75608,159534,86767,72767,4095,1397,2698,130,37,93,69,35,34,29,13,16,0,0,0
24,483,District - Kheda (16),Urban,Less than 21,194937,104334,90603,182297,100459,81838,12195,3715,8480,224,64,160,130,64,66,91,32,59,0,0,0
24,484,District - Panch Mahals (17),Total,All ages,2390776,1226961,1163815,1093907,605884,488023,1170356,580368,589988,113044,33202,79842,4312,1959,2353,9157,5548,3609,0,0,0
24,484,District - Panch Mahals (17),Total,0-9,519379,269598,249781,519379,269598,249781,0,0,0,0,0,0,0,0,0,0,0,0,0,0,0
24,484,District - Panch Mahals (17),Total,10-14,270176,140066,130110,262629,137109,125520,6994,2703,4291,299,113,186,159,90,69,95,51,44,0,0,0
24,484,District - Panch Mahals (17),Total,15-19,233653,123538,110115,192778,110589,82189,39837,12515,27322,556,194,362,211,97,114,271,143,128,0,0,0
24,484,District - Panch Mahals (17),Total,20-24,210391,109855,100536,71218,50972,20246,136665,57668,78997,1127,481,646,369,153,216,1012,581,431,0,0,0
24,484,District - Panch Mahals (17),Total,25-29,188260,98058,90202,20878,16768,4110,163571,79358,84213,1917,834,1083,504,232,272,1390,866,524,0,0,0
24,484,District - Panch Mahals (17),Total,30-34,175331,89266,86065,8323,6881,1442,161495,79871,81624,3597,1417,2180,523,219,304,1393,878,515,0,0,0
24,484,District - Panch Mahals (17),Total,35-39,161215,83018,78197,4908,4120,788,148887,75814,73073,5502,1925,3577,565,257,308,1353,902,451,0,0,0
24,484,District - Panch Mahals (17),Total,40-44,141840,72105,69735,3259,2699,560,129237,65951,63286,7737,2558,5179,521,230,291,1086,667,419,0,0,0
24,484,District - Panch Mahals (17),Total,45-49,121539,62461,59078,2207,1816,391,108458,56941,51517,9616,2982,6634,433,212,221,825,510,315,0,0,0
24,484,District - Panch Mahals (17),Total,50-54,99852,50704,49148,1460,1163,297,86108,45832,40276,11379,3244,8135,290,119,171,615,346,269,0,0,0
24,484,District - Panch Mahals (17),Total,55-59,78744,38508,40236,941,687,254,65961,34366,31595,11232,3132,8100,224,112,112,386,211,175,0,0,0
24,484,District - Panch Mahals (17),Total,60-64,69976,33941,36035,1078,694,384,52639,28879,23760,15717,4087,11630,204,93,111,338,188,150,0,0,0
24,484,District - Panch Mahals (17),Total,65-69,46128,21468,24660,874,540,334,31592,17309,14283,13350,3463,9887,134,59,75,178,97,81,0,0,0
24,484,District - Panch Mahals (17),Total,70-74,34624,16138,18486,422,263,159,19902,12140,7762,14101,3639,10462,87,42,45,112,54,58,0,0,0
24,484,District - Panch Mahals (17),Total,75-79,15773,6949,8824,166,93,73,8596,4857,3739,6941,1966,4975,39,17,22,31,16,15,0,0,0
24,484,District - Panch Mahals (17),Total,80+,18294,8399,9895,767,426,341,7796,4858,2938,9645,3071,6574,36,21,15,50,23,27,0,0,0
24,484,District - Panch Mahals (17),Total,Age not stated,5601,2889,2712,2620,1466,1154,2618,1306,1312,328,96,232,13,6,7,22,15,7,0,0,0
24,484,District - Panch Mahals (17),Total,Less than 18,933447,486022,447425,911722,478416,433306,20634,7132,13502,612,211,401,280,156,124,199,107,92,0,0,0
24,484,District - Panch Mahals (17),Total,Less than 21,1075452,560307,515145,999713,534331,465382,73617,25062,48555,1121,406,715,445,220,225,556,288,268,0,0,0
24,484,District - Panch Mahals (17),Rural,All ages,2055949,1053376,1002573,941300,518964,422336,1004529,497649,506880,98940,30097,68843,3495,1622,1873,7685,5044,2641,0,0,0
24,484,District - Panch Mahals (17),Rural,0-9,457000,236388,220612,457000,236388,220612,0,0,0,0,0,0,0,0,0,0,0,0,0,0,0
24,484,District - Panch Mahals (17),Rural,10-14,235424,121384,114040,228846,118830,110016,6087,2325,3762,270,107,163,137,79,58,84,43,41,0,0,0
24,484,District - Panch Mahals (17),Rural,15-19,199928,105434,94494,163366,93444,69922,35640,11600,24040,498,176,322,177,82,95,247,132,115,0,0,0
24,484,District - Panch Mahals (17),Rural,20-24,177422,92818,84604,54789,39748,15041,120446,51964,68482,985,431,554,291,124,167,911,551,360,0,0,0
24,484,District - Panch Mahals (17),Rural,25-29,159066,83099,75967,15627,12955,2672,140097,68367,71730,1721,782,939,408,186,222,1213,809,404,0,0,0
24,484,District - Panch Mahals (17),Rural,30-34,149137,76039,73098,6508,5681,827,137815,68079,69736,3258,1320,1938,412,182,230,1144,777,367,0,0,0
24,484,District - Panch Mahals (17),Rural,35-39,136721,70671,66050,3905,3463,442,126365,64407,61958,4888,1787,3101,443,206,237,1120,808,312,0,0,0
24,484,District - Panch Mahals (17),Rural,40-44,119984,61101,58883,2633,2339,294,109237,55613,53624,6800,2358,4442,423,193,230,891,598,293,0,0,0
24,484,District - Panch Mahals (17),Rural,45-49,102478,52498,49980,1732,1522,210,91313,47606,43707,8416,2734,5682,347,181,166,670,455,215,0,0,0
24,484,District - Panch Mahals (17),Rural,50-54,84844,42768,42076,1179,1021,158,72940,38365,34575,9992,2965,7027,239,96,143,494,321,173,0,0,0
24,484,District - Panch Mahals (17),Rural,55-59,67382,32609,34773,716,580,136,56447,28927,27520,9733,2821,6912,183,92,91,303,189,114,0,0,0
24,484,District - Panch Mahals (17),Rural,60-64,61183,29621,31562,856,585,271,46066,25073,20993,13808,3715,10093,175,76,99,278,172,106,0,0,0
24,484,District - Panch Mahals (17),Rural,65-69,40330,18709,21621,726,467,259,27709,15003,12706,11628,3100,8528,112,50,62,155,89,66,0,0,0
24,484,District - Panch Mahals (17),Rural,70-74,30412,14256,16156,347,228,119,17539,10673,6866,12359,3265,9094,75,39,36,92,51,41,0,0,0
24,484,District - Panch Mahals (17),Rural,75-79,13664,5967,7697,133,78,55,7537,4143,3394,5936,1715,4221,34,16,18,24,15,9,0,0,0
24,484,District - Panch Mahals (17),Rural,80+,16106,7518,8588,647,370,277,7024,4374,2650,8365,2735,5630,30,17,13,40,22,18,0,0,0
24,484,District - Panch Mahals (17),Rural,Age not stated,4868,2496,2372,2290,1265,1025,2267,1130,1137,283,86,197,9,3,6,19,12,7,0,0,0
24,484,District - Panch Mahals (17),Rural,Less than 18,816124,423181,392943,796996,416393,380603,18163,6364,11799,550,195,355,238,135,103,177,94,83,0,0,0
24,484,District - Panch Mahals (17),Rural,Less than 21,936870,486396,450474,869378,462629,406749,65620,22946,42674,998,373,625,374,188,186,500,260,240,0,0,0
24,484,District - Panch Mahals (17),Urban,All ages,334827,173585,161242,152607,86920,65687,165827,82719,83108,14104,3105,10999,817,337,480,1472,504,968,0,0,0
24,484,District - Panch Mahals (17),Urban,0-9,62379,33210,29169,62379,33210,29169,0,0,0,0,0,0,0,0,0,0,0,0,0,0,0
24,484,District - Panch Mahals (17),Urban,10-14,34752,18682,16070,33783,18279,15504,907,378,529,29,6,23,22,11,11,11,8,3,0,0,0
24,484,District - Panch Mahals (17),Urban,15-19,33725,18104,15621,29412,17145,12267,4197,915,3282,58,18,40,34,15,19,24,11,13,0,0,0
24,484,District - Panch Mahals (17),Urban,20-24,32969,17037,15932,16429,11224,5205,16219,5704,10515,142,50,92,78,29,49,101,30,71,0,0,0
24,484,District - Panch Mahals (17),Urban,25-29,29194,14959,14235,5251,3813,1438,23474,10991,12483,196,52,144,96,46,50,177,57,120,0,0,0
24,484,District - Panch Mahals (17),Urban,30-34,26194,13227,12967,1815,1200,615,23680,11792,11888,339,97,242,111,37,74,249,101,148,0,0,0
24,484,District - Panch Mahals (17),Urban,35-39,24494,12347,12147,1003,657,346,22522,11407,11115,614,138,476,122,51,71,233,94,139,0,0,0
24,484,District - Panch Mahals (17),Urban,40-44,21856,11004,10852,626,360,266,20000,10338,9662,937,200,737,98,37,61,195,69,126,0,0,0
24,484,District - Panch Mahals (17),Urban,45-49,19061,9963,9098,475,294,181,17145,9335,7810,1200,248,952,86,31,55,155,55,100,0,0,0
24,484,District - Panch Mahals (17),Urban,50-54,15008,7936,7072,281,142,139,13168,7467,5701,1387,279,1108,51,23,28,121,25,96,0,0,0
24,484,District - Panch Mahals (17),Urban,55-59,11362,5899,5463,225,107,118,9514,5439,4075,1499,311,1188,41,20,21,83,22,61,0,0,0
24,484,District - Panch Mahals (17),Urban,60-64,8793,4320,4473,222,109,113,6573,3806,2767,1909,372,1537,29,17,12,60,16,44,0,0,0
24,484,District - Panch Mahals (17),Urban,65-69,5798,2759,3039,148,73,75,3883,2306,1577,1722,363,1359,22,9,13,23,8,15,0,0,0
24,484,District - Panch Mahals (17),Urban,70-74,4212,1882,2330,75,35,40,2363,1467,896,1742,374,1368,12,3,9,20,3,17,0,0,0
24,484,District - Panch Mahals (17),Urban,75-79,2109,982,1127,33,15,18,1059,714,345,1005,251,754,5,1,4,7,1,6,0,0,0
24,484,District - Panch Mahals (17),Urban,80+,2188,881,1307,120,56,64,772,484,288,1280,336,944,6,4,2,10,1,9,0,0,0
24,484,District - Panch Mahals (17),Urban,Age not stated,733,393,340,330,201,129,351,176,175,45,10,35,4,3,1,3,3,0,0,0,0
24,484,District - Panch Mahals (17),Urban,Less than 18,117323,62841,54482,114726,62023,52703,2471,768,1703,62,16,46,42,21,21,22,13,9,0,0,0
24,484,District - Panch Mahals (17),Urban,Less than 21,138582,73911,64671,130335,71702,58633,7997,2116,5881,123,33,90,71,32,39,56,28,28,0,0,0
24,485,District - Dohad   (18),Total,All ages,2127086,1068651,1058435,1098134,575541,522593,953999,469527,484472,68972,20084,48888,1767,755,1012,4214,2744,1470,0,0,0
24,485,District - Dohad   (18),Total,0-9,584013,299462,284551,584013,299462,284551,0,0,0,0,0,0,0,0,0,0,0,0,0,0,0
24,485,District - Dohad   (18),Total,10-14,273568,138395,135173,266267,135393,130874,6886,2825,4061,250,94,156,103,56,47,62,27,35,0,0,0
24,485,District - Dohad   (18),Total,15-19,205903,101596,104307,168823,88766,80057,36398,12536,23862,396,142,254,121,49,72,165,103,62,0,0,0
24,485,District - Dohad   (18),Total,20-24,178324,87332,90992,50182,31769,18413,126725,54830,71895,719,324,395,130,58,72,568,351,217,0,0,0
24,485,District - Dohad   (18),Total,25-29,160808,80905,79903,13339,9570,3769,145477,70291,75186,1214,558,656,150,65,85,628,421,207,0,0,0
24,485,District - Dohad   (18),Total,30-34,145779,73216,72563,4457,3327,1130,138454,68580,69874,2066,824,1242,174,75,99,628,410,218,0,0,0
24,485,District - Dohad   (18),Total,35-39,127304,65353,61951,2289,1770,519,121294,61966,59328,2957,1120,1837,183,92,91,581,405,176,0,0,0
24,485,District - Dohad   (18),Total,40-44,103531,52432,51099,1467,1096,371,97353,49466,47887,4081,1480,2601,152,65,87,478,325,153,0,0,0
24,485,District - Dohad   (18),Total,45-49,90501,45813,44688,1037,769,268,83297,42858,40439,5610,1841,3769,176,78,98,381,267,114,0,0,0
24,485,District - Dohad   (18),Total,50-54,71275,36359,34916,708,519,189,63561,33572,29989,6618,2065,4553,140,46,94,248,157,91,0,0,0
24,485,District - Dohad   (18),Total,55-59,55389,27366,28023,511,323,188,47861,24946,22915,6739,1945,4794,124,47,77,154,105,49,0,0,0
24,485,District - Dohad   (18),Total,60-64,46710,22351,24359,791,447,344,36108,19340,16768,9563,2445,7118,114,45,69,134,74,60,0,0,0
24,485,District - Dohad   (18),Total,65-69,32819,15018,17801,682,362,320,23116,12412,10704,8881,2177,6704,68,25,43,72,42,30,0,0,0
24,485,District - Dohad   (18),Total,70-74,23293,10511,12782,311,160,151,13726,8114,5612,9129,2184,6945,69,26,43,58,27,31,0,0,0
24,485,District - Dohad   (18),Total,75-79,10527,4475,6052,126,62,64,5767,3241,2526,4579,1147,3432,35,14,21,20,11,9,0,0,0
24,485,District - Dohad   (18),Total,80+,12140,5358,6782,608,323,285,5563,3340,2223,5923,1674,4249,25,12,13,21,9,12,0,0,0
24,485,District - Dohad   (18),Total,Age not stated,5202,2709,2493,2523,1423,1100,2413,1210,1203,247,64,183,3,2,1,16,10,6,0,0,0
24,485,District - Dohad   (18),Total,Less than 18,986772,502840,483932,967922,495453,472469,18069,7067,11002,503,182,321,167,85,82,111,53,58,0,0,0
24,485,District - Dohad   (18),Total,Less than 21,1108254,561013,547241,1038099,535149,502950,68733,25257,43476,843,303,540,244,113,131,335,191,144,0,0,0
24,485,District - Dohad   (18),Rural,All ages,1935461,970963,964498,1008234,525419,482815,861842,424064,437778,60472,18356,42116,1368,622,746,3545,2502,1043,0,0,0
24,485,District - Dohad   (18),Rural,0-9,544495,278673,265822,544495,278673,265822,0,0,0,0,0,0,0,0,0,0,0,0,0,0,0
24,485,District - Dohad   (18),Rural,10-14,253377,127729,125648,246660,124975,121685,6346,2595,3751,220,84,136,90,48,42,61,27,34,0,0,0
24,485,District - Dohad   (18),Rural,15-19,186908,91512,95396,152271,79357,72914,34034,11886,22148,354,130,224,100,42,58,149,97,52,0,0,0
24,485,District - Dohad   (18),Rural,20-24,160337,78254,82083,41571,26035,15536,117529,51543,65986,632,296,336,95,50,45,510,330,180,0,0,0
24,485,District - Dohad   (18),Rural,25-29,144919,72926,71993,10476,7506,2970,132689,64455,68234,1100,526,574,111,52,59,543,387,156,0,0,0
24,485,District - Dohad   (18),Rural,30-34,131640,66290,65350,3584,2737,847,125549,62333,63216,1845,777,1068,124,63,61,538,380,158,0,0,0
24,485,District - Dohad   (18),Rural,35-39,114429,58877,55552,1852,1479,373,109327,55892,53435,2629,1063,1566,136,76,60,485,367,118,0,0,0
24,485,District - Dohad   (18),Rural,40-44,92079,46798,45281,1117,873,244,86933,44212,42721,3543,1375,2168,110,51,59,376,287,89,0,0,0
24,485,District - Dohad   (18),Rural,45-49,79838,40474,39364,790,612,178,73768,37845,35923,4851,1721,3130,117,55,62,312,241,71,0,0,0
24,485,District - Dohad   (18),Rural,50-54,62662,31898,30764,534,420,114,56036,29385,26651,5779,1915,3864,107,37,70,206,141,65,0,0,0
24,485,District - Dohad   (18),Rural,55-59,48806,23939,24867,397,270,127,42312,21769,20543,5885,1771,4114,92,36,56,120,93,27,0,0,0
24,485,District - Dohad   (18),Rural,60-64,41625,19939,21686,659,384,275,32292,17204,15088,8465,2242,6223,103,42,61,106,67,39,0,0,0
24,485,District - Dohad   (18),Rural,65-69,29300,13428,15872,575,303,272,20749,11067,9682,7859,1998,5861,64,23,41,53,37,16,0,0,0
24,485,District - Dohad   (18),Rural,70-74,20477,9238,11239,266,138,128,12085,7103,4982,8020,1951,6069,61,23,38,45,23,22,0,0,0
24,485,District - Dohad   (18),Rural,75-79,9067,3767,5300,104,52,52,4971,2704,2267,3946,991,2955,32,11,21,14,9,5,0,0,0
24,485,District - Dohad   (18),Rural,80+,10682,4722,5960,529,281,248,4997,2966,2031,5118,1456,3662,23,11,12,15,8,7,0,0,0
24,485,District - Dohad   (18),Rural,Age not stated,4820,2499,2321,2354,1324,1030,2225,1105,1120,226,60,166,3,2,1,12,8,4,0,0,0
24,485,District - Dohad   (18),Rural,Less than 18,915925,465329,450596,898507,458471,440036,16728,6572,10156,445,164,281,141,72,69,104,50,54,0,0,0
24,485,District - Dohad   (18),Rural,Less than 21,1025399,517418,507981,959921,492949,466972,64218,23910,40308,747,279,468,206,97,109,307,183,124,0,0,0
24,485,District - Dohad   (18),Urban,All ages,191625,97688,93937,89900,50122,39778,92157,45463,46694,8500,1728,6772,399,133,266,669,242,427,0,0,0
24,485,District - Dohad   (18),Urban,0-9,39518,20789,18729,39518,20789,18729,0,0,0,0,0,0,0,0,0,0,0,0,0,0,0
24,485,District - Dohad   (18),Urban,10-14,20191,10666,9525,19607,10418,9189,540,230,310,30,10,20,13,8,5,1,0,1,0,0,0
24,485,District - Dohad   (18),Urban,15-19,18995,10084,8911,16552,9409,7143,2364,650,1714,42,12,30,21,7,14,16,6,10,0,0,0
24,485,District - Dohad   (18),Urban,20-24,17987,9078,8909,8611,5734,2877,9196,3287,5909,87,28,59,35,8,27,58,21,37,0,0,0
24,485,District - Dohad   (18),Urban,25-29,15889,7979,7910,2863,2064,799,12788,5836,6952,114,32,82,39,13,26,85,34,51,0,0,0
24,485,District - Dohad   (18),Urban,30-34,14139,6926,7213,873,590,283,12905,6247,6658,221,47,174,50,12,38,90,30,60,0,0,0
24,485,District - Dohad   (18),Urban,35-39,12875,6476,6399,437,291,146,11967,6074,5893,328,57,271,47,16,31,96,38,58,0,0,0
24,485,District - Dohad   (18),Urban,40-44,11452,5634,5818,350,223,127,10420,5254,5166,538,105,433,42,14,28,102,38,64,0,0,0
24,485,District - Dohad   (18),Urban,45-49,10663,5339,5324,247,157,90,9529,5013,4516,759,120,639,59,23,36,69,26,43,0,0,0
24,485,District - Dohad   (18),Urban,50-54,8613,4461,4152,174,99,75,7525,4187,3338,839,150,689,33,9,24,42,16,26,0,0,0
24,485,District - Dohad   (18),Urban,55-59,6583,3427,3156,114,53,61,5549,3177,2372,854,174,680,32,11,21,34,12,22,0,0,0
24,485,District - Dohad   (18),Urban,60-64,5085,2412,2673,132,63,69,3816,2136,1680,1098,203,895,11,3,8,28,7,21,0,0,0
24,485,District - Dohad   (18),Urban,65-69,3519,1590,1929,107,59,48,2367,1345,1022,1022,179,843,4,2,2,19,5,14,0,0,0
24,485,District - Dohad   (18),Urban,70-74,2816,1273,1543,45,22,23,1641,1011,630,1109,233,876,8,3,5,13,4,9,0,0,0
24,485,District - Dohad   (18),Urban,75-79,1460,708,752,22,10,12,796,537,259,633,156,477,3,3,0,6,2,4,0,0,0
24,485,District - Dohad   (18),Urban,80+,1458,636,822,79,42,37,566,374,192,805,218,587,2,1,1,6,1,5,0,0,0
24,485,District - Dohad   (18),Urban,Age not stated,382,210,172,169,99,70,188,105,83,21,4,17,0,0,0,4,2,2,0,0,0
24,485,District - Dohad   (18),Urban,Less than 18,70847,37511,33336,69415,36982,32433,1341,495,846,58,18,40,26,13,13,7,3,4,0,0,0
24,485,District - Dohad   (18),Urban,Less than 21,82855,43595,39260,78178,42200,35978,4515,1347,3168,96,24,72,38,16,22,28,8,20,0,0,0
24,486,District - Vadodara (19),Total,All ages,4165626,2153736,2011890,1725830,985847,739983,2202676,1098288,1104388,209153,53882,155271,9540,4851,4689,18427,10868,7559,0,0,0
24,486,District - Vadodara (19),Total,0-9,726556,384607,341949,726556,384607,341949,0,0,0,0,0,0,0,0,0,0,0,0,0,0,0
24,486,District - Vadodara (19),Total,10-14,395586,212089,183497,382673,206849,175824,11937,4826,7111,549,189,360,233,126,107,194,99,95,0,0,0
24,486,District - Vadodara (19),Total,15-19,365284,195625,169659,311639,180179,131460,51833,14717,37116,892,321,571,371,168,203,549,240,309,0,0,0
24,486,District - Vadodara (19),Total,20-24,370405,191631,178774,168810,115880,52930,197219,73721,123498,1663,655,1008,843,402,441,1870,973,897,0,0,0
24,486,District - Vadodara (19),Total,25-29,355643,182123,173520,62806,47302,15504,286270,131659,154611,2746,1055,1691,1202,581,621,2619,1526,1093,0,0,0
24,486,District - Vadodara (19),Total,30-34,333074,169315,163759,22598,17090,5508,301363,148120,153243,4946,1720,3226,1311,657,654,2856,1728,1128,0,0,0
24,486,District - Vadodara (19),Total,35-39,314616,160858,153758,12087,9047,3040,289927,146754,143173,8362,2553,5809,1334,698,636,2906,1806,1100,0,0,0
24,486,District - Vadodara (19),Total,40-44,289309,147550,141759,8036,5973,2063,264628,135742,128886,12931,3566,9365,1194,655,539,2520,1614,906,0,0,0
24,486,District - Vadodara (19),Total,45-49,253042,130108,122934,5478,3915,1563,227871,120295,107576,17014,4372,12642,931,467,464,1748,1059,689,0,0,0
24,486,District - Vadodara (19),Total,50-54,210901,109353,101548,3810,2504,1306,183634,100363,83271,21565,5395,16170,681,355,326,1211,736,475,0,0,0
24,486,District - Vadodara (19),Total,55-59,167057,84933,82124,2616,1651,965,140576,77059,63517,22678,5546,17132,458,225,233,729,452,277,0,0,0
24,486,District - Vadodara (19),Total,60-64,136468,67827,68641,2458,1393,1065,102837,59035,43802,30289,6931,23358,383,196,187,501,272,229,0,0,0
24,486,District - Vadodara (19),Total,65-69,90446,43768,46678,1991,1072,919,61818,36183,25635,26105,6227,19878,236,128,108,296,158,138,0,0,0
24,486,District - Vadodara (19),Total,70-74,64029,30208,33821,1081,563,518,36764,23260,13504,25871,6230,19641,150,70,80,163,85,78,0,0,0
24,486,District - Vadodara (19),Total,75-79,31429,14709,16720,562,308,254,16489,10473,6016,14233,3850,10383,68,46,22,77,32,45,0,0,0
24,486,District - Vadodara (19),Total,80+,33380,14533,18847,1926,1065,861,13793,8563,5230,17507,4838,12669,77,40,37,77,27,50,0,0,0
24,486,District - Vadodara (19),Total,Age not stated,28401,14499,13902,10703,6449,4254,15717,7518,8199,1802,434,1368,68,37,31,111,61,50,0,0,0
24,486,District - Vadodara (19),Total,Less than 18,1339967,714034,625933,1307838,702698,605140,30234,10570,19664,1074,359,715,414,213,201,407,194,213,0,0,0
24,486,District - Vadodara (19),Total,Less than 21,1572026,836113,735913,1469944,804019,665925,98370,30590,67780,1858,644,1214,752,356,396,1102,504,598,0,0,0
24,486,District - Vadodara (19),Rural,All ages,2099855,1077943,1021912,883413,496717,386696,1085430,539419,546011,115282,32141,83141,4440,2209,2231,11290,7457,3833,0,0,0
24,486,District - Vadodara (19),Rural,0-9,417708,217185,200523,417708,217185,200523,0,0,0,0,0,0,0,0,0,0,0,0,0,0,0
24,486,District - Vadodara (19),Rural,10-14,218736,114885,103851,212119,112303,99816,6127,2380,3747,291,92,199,113,62,51,86,48,38,0,0,0
24,486,District - Vadodara (19),Rural,15-19,184919,97871,87048,149927,87759,62168,33919,9690,24229,474,175,299,192,74,118,407,173,234,0,0,0
24,486,District - Vadodara (19),Rural,20-24,176398,91324,85074,56345,42144,14201,117243,47784,69459,993,421,572,404,175,229,1413,800,613,0,0,0
24,486,District - Vadodara (19),Rural,25-29,165031,85257,79774,17541,14498,3043,143658,68750,74908,1640,679,961,515,218,297,1677,1112,565,0,0,0
24,486,District - Vadodara (19),Rural,30-34,159271,80882,78389,7994,6702,1292,145968,71578,74390,3035,1143,1892,610,295,315,1664,1164,500,0,0,0
24,486,District - Vadodara (19),Rural,35-39,153256,79317,73939,5086,4251,835,140791,71789,69002,5044,1755,3289,640,332,308,1695,1190,505,0,0,0
24,486,District - Vadodara (19),Rural,40-44,141058,72366,68692,3655,3015,640,128000,65603,62397,7359,2376,4983,528,292,236,1516,1080,436,0,0,0
24,486,District - Vadodara (19),Rural,45-49,119858,62247,57611,2436,1975,461,106509,56509,50000,9478,2862,6616,422,213,209,1013,688,325,0,0,0
24,486,District - Vadodara (19),Rural,50-54,98266,50516,47750,1597,1266,331,83746,45176,38570,11938,3422,8516,301,162,139,684,490,194,0,0,0
24,486,District - Vadodara (19),Rural,55-59,77450,38187,39263,1021,797,224,63462,33735,29727,12354,3275,9079,197,98,99,416,282,134,0,0,0
24,486,District - Vadodara (19),Rural,60-64,66910,32231,34679,1016,670,346,48259,27077,21182,17147,4196,12951,188,102,86,300,186,114,0,0,0
24,486,District - Vadodara (19),Rural,65-69,45717,21080,24637,828,515,313,29782,16731,13051,14794,3650,11144,128,73,55,185,111,74,0,0,0
24,486,District - Vadodara (19),Rural,70-74,32678,14979,17699,433,276,157,17485,10997,6488,14580,3604,10976,89,46,43,91,56,35,0,0,0
24,486,District - Vadodara (19),Rural,75-79,14511,6457,8054,198,134,64,7297,4413,2884,6933,1859,5074,43,29,14,40,22,18,0,0,0
24,486,District - Vadodara (19),Rural,80+,15302,6780,8522,672,400,272,6252,3944,2308,8298,2398,5900,43,23,20,37,15,22,0,0,0
24,486,District - Vadodara (19),Rural,Age not stated,12786,6379,6407,4837,2827,2010,6932,3263,3669,924,234,690,27,15,12,66,40,26,0,0,0
24,486,District - Vadodara (19),Rural,Less than 18,749728,392623,357105,731158,386406,344752,17590,5832,11758,555,179,376,197,97,100,228,109,119,0,0,0
24,486,District - Vadodara (19),Rural,Less than 21,863309,451410,411899,798764,430729,368035,62373,19785,42588,1006,361,645,393,174,219,773,361,412,0,0,0
24,486,District - Vadodara (19),Urban,All ages,2065771,1075793,989978,842417,489130,353287,1117246,558869,558377,93871,21741,72130,5100,2642,2458,7137,3411,3726,0,0,0
24,486,District - Vadodara (19),Urban,0-9,308848,167422,141426,308848,167422,141426,0,0,0,0,0,0,0,0,0,0,0,0,0,0,0
24,486,District - Vadodara (19),Urban,10-14,176850,97204,79646,170554,94546,76008,5810,2446,3364,258,97,161,120,64,56,108,51,57,0,0,0
24,486,District - Vadodara (19),Urban,15-19,180365,97754,82611,161712,92420,69292,17914,5027,12887,418,146,272,179,94,85,142,67,75,0,0,0
24,486,District - Vadodara (19),Urban,20-24,194007,100307,93700,112465,73736,38729,79976,25937,54039,670,234,436,439,227,212,457,173,284,0,0,0
24,486,District - Vadodara (19),Urban,25-29,190612,96866,93746,45265,32804,12461,142612,62909,79703,1106,376,730,687,363,324,942,414,528,0,0,0
24,486,District - Vadodara (19),Urban,30-34,173803,88433,85370,14604,10388,4216,155395,76542,78853,1911,577,1334,701,362,339,1192,564,628,0,0,0
24,486,District - Vadodara (19),Urban,35-39,161360,81541,79819,7001,4796,2205,149136,74965,74171,3318,798,2520,694,366,328,1211,616,595,0,0,0
24,486,District - Vadodara (19),Urban,40-44,148251,75184,73067,4381,2958,1423,136628,70139,66489,5572,1190,4382,666,363,303,1004,534,470,0,0,0
24,486,District - Vadodara (19),Urban,45-49,133184,67861,65323,3042,1940,1102,121362,63786,57576,7536,1510,6026,509,254,255,735,371,364,0,0,0
24,486,District - Vadodara (19),Urban,50-54,112635,58837,53798,2213,1238,975,99888,55187,44701,9627,1973,7654,380,193,187,527,246,281,0,0,0
24,486,District - Vadodara (19),Urban,55-59,89607,46746,42861,1595,854,741,77114,43324,33790,10324,2271,8053,261,127,134,313,170,143,0,0,0
24,486,District - Vadodara (19),Urban,60-64,69558,35596,33962,1442,723,719,54578,31958,22620,13142,2735,10407,195,94,101,201,86,115,0,0,0
24,486,District - Vadodara (19),Urban,65-69,44729,22688,22041,1163,557,606,32036,19452,12584,11311,2577,8734,108,55,53,111,47,64,0,0,0
24,486,District - Vadodara (19),Urban,70-74,31351,15229,16122,648,287,361,19279,12263,7016,11291,2626,8665,61,24,37,72,29,43,0,0,0
24,486,District - Vadodara (19),Urban,75-79,16918,8252,8666,364,174,190,9192,6060,3132,7300,1991,5309,25,17,8,37,10,27,0,0,0
24,486,District - Vadodara (19),Urban,80+,18078,7753,10325,1254,665,589,7541,4619,2922,9209,2440,6769,34,17,17,40,12,28,0,0,0
24,486,District - Vadodara (19),Urban,Age not stated,15615,8120,7495,5866,3622,2244,8785,4255,4530,878,200,678,41,22,19,45,21,24,0,0,0
24,486,District - Vadodara (19),Urban,Less than 18,590239,321411,268828,576680,316292,260388,12644,4738,7906,519,180,339,217,116,101,179,85,94,0,0,0
24,486,District - Vadodara (19),Urban,Less than 21,708717,384703,324014,671180,373290,297890,35997,10805,25192,852,283,569,359,182,177,329,143,186,0,0,0
24,487,District - Narmada (20),Total,All ages,590297,301086,289211,266177,146730,119447,291734,144556,147178,28151,7663,20488,1772,706,1066,2463,1431,1032,0,0,0
24,487,District - Narmada (20),Total,0-9,114441,59106,55335,114441,59106,55335,0,0,0,0,0,0,0,0,0,0,0,0,0,0,0
24,487,District - Narmada (20),Total,10-14,68171,35393,32778,66415,34700,31715,1645,648,997,68,26,42,28,11,17,15,8,7,0,0,0
24,487,District - Narmada (20),Total,15-19,58948,30731,28217,50636,28611,22025,8050,2045,6005,138,43,95,64,18,46,60,14,46,0,0,0
24,487,District - Narmada (20),Total,20-24,50754,26035,24719,20417,14213,6204,29682,11571,18111,223,66,157,156,68,88,276,117,159,0,0,0
24,487,District - Narmada (20),Total,25-29,44516,22732,21784,6438,4757,1681,37136,17580,19556,412,135,277,191,73,118,339,187,152,0,0,0
24,487,District - Narmada (20),Total,30-34,42928,21598,21330,2384,1758,626,39212,19315,19897,766,225,541,197,82,115,369,218,151,0,0,0
24,487,District - Narmada (20),Total,35-39,42464,21524,20940,1370,970,400,39199,19842,19357,1265,352,913,239,104,135,391,256,135,0,0,0
24,487,District - Narmada (20),Total,40-44,39429,19862,19567,933,659,274,36034,18350,17684,1885,543,1342,237,98,139,340,212,128,0,0,0
24,487,District - Narmada (20),Total,45-49,33089,17138,15951,595,426,169,29688,15861,13827,2375,628,1747,183,69,114,248,154,94,0,0,0
24,487,District - Narmada (20),Total,50-54,25712,13234,12478,393,263,130,22435,12108,10327,2597,695,1902,129,52,77,158,116,42,0,0,0
24,487,District - Narmada (20),Total,55-59,20235,10096,10139,280,195,85,16986,9048,7938,2781,766,2015,86,28,58,102,59,43,0,0,0
24,487,District - Narmada (20),Total,60-64,17899,8579,9320,318,181,137,13326,7275,6051,4077,1052,3025,109,33,76,69,38,31,0,0,0
24,487,District - Narmada (20),Total,65-69,12983,6143,6840,247,153,94,8628,4916,3712,4000,1022,2978,77,36,41,31,16,15,0,0,0
24,487,District - Narmada (20),Total,70-74,8742,4175,4567,134,70,64,4884,3122,1762,3646,948,2698,44,21,23,34,14,20,0,0,0
24,487,District - Narmada (20),Total,75-79,3950,1794,2156,43,21,22,2114,1279,835,1774,484,1290,9,2,7,10,8,2,0,0,0
24,487,District - Narmada (20),Total,80+,3945,1873,2072,170,96,74,1731,1130,601,2020,636,1384,15,7,8,9,4,5,0,0,0
24,487,District - Narmada (20),Total,Age not stated,2091,1073,1018,963,551,412,984,466,518,124,42,82,8,4,4,12,10,2,0,0,0
24,487,District - Narmada (20),Total,Less than 18,219108,113592,105516,214505,112109,102396,4355,1400,2955,154,50,104,58,20,38,36,13,23,0,0,0
24,487,District - Narmada (20),Total,Less than 21,253694,131405,122289,238273,126950,111323,14913,4288,10625,259,84,175,124,45,79,125,38,87,0,0,0
24,487,District - Narmada (20),Rural,All ages,528425,269408,259017,237888,130583,107305,261990,129853,132137,24722,7002,17720,1612,638,974,2213,1332,881,0,0,0
24,487,District - Narmada (20),Rural,0-9,105265,54181,51084,105265,54181,51084,0,0,0,0,0,0,0,0,0,0,0,0,0,0,0
24,487,District - Narmada (20),Rural,10-14,61397,31761,29636,59774,31106,28668,1519,614,905,63,23,40,27,11,16,14,7,7,0,0,0
24,487,District - Narmada (20),Rural,15-19,52140,27165,24975,44416,25160,19256,7476,1932,5544,128,42,86,61,17,44,59,14,45,0,0,0
24,487,District - Narmada (20),Rural,20-24,44723,23005,21718,16879,11941,4938,27249,10827,16422,194,63,131,144,61,83,257,113,144,0,0,0
24,487,District - Narmada (20),Rural,25-29,39246,20077,19169,5050,3751,1299,33347,15953,17394,366,124,242,168,67,101,315,182,133,0,0,0
24,487,District - Narmada (20),Rural,30-34,38231,19194,19037,1902,1400,502,35151,17320,17831,676,202,474,169,70,99,333,202,131,0,0,0
24,487,District - Narmada (20),Rural,35-39,37933,19308,18625,1138,806,332,35135,17847,17288,1107,327,780,210,96,114,343,232,111,0,0,0
24,487,District - Narmada (20),Rural,40-44,35195,17754,17441,772,547,225,32261,16425,15836,1638,498,1140,220,89,131,304,195,109,0,0,0
24,487,District - Narmada (20),Rural,45-49,29063,15149,13914,497,361,136,26154,14006,12148,2034,579,1455,163,60,103,215,143,72,0,0,0
24,487,District - Narmada (20),Rural,50-54,22550,11494,11056,319,208,111,19725,10494,9231,2239,634,1605,124,50,74,143,108,35,0,0,0
24,487,District - Narmada (20),Rural,55-59,18037,8941,9096,222,160,62,15217,8006,7211,2434,701,1733,77,22,55,87,52,35,0,0,0
24,487,District - Narmada (20),Rural,60-64,16134,7727,8407,264,150,114,12083,6551,5532,3627,962,2665,102,30,72,58,34,24,0,0,0
24,487,District - Narmada (20),Rural,65-69,11735,5571,6164,206,130,76,7870,4457,3413,3558,937,2621,73,32,41,28,15,13,0,0,0
24,487,District - Narmada (20),Rural,70-74,7874,3805,4069,113,61,52,4428,2834,1594,3261,876,2385,43,21,22,29,13,16,0,0,0
24,487,District - Narmada (20),Rural,75-79,3468,1582,1886,31,17,14,1867,1126,741,1552,429,1123,9,2,7,9,8,1,0,0,0
24,487,District - Narmada (20),Rural,80+,3450,1669,1781,142,84,58,1558,1012,546,1729,563,1166,14,6,8,7,4,3,0,0,0
24,487,District - Narmada (20),Rural,Age not stated,1984,1025,959,898,520,378,950,449,501,116,42,74,8,4,4,12,10,2,0,0,0
24,487,District - Narmada (20),Rural,Less than 18,198990,102815,96175,194751,101421,93330,4010,1317,2693,141,46,95,54,19,35,34,12,22,0,0,0
24,487,District - Narmada (20),Rural,Less than 21,229532,118605,110927,215256,114395,100861,13802,4052,9750,236,79,157,117,42,75,121,37,84,0,0,0
24,487,District - Narmada (20),Urban,All ages,61872,31678,30194,28289,16147,12142,29744,14703,15041,3429,661,2768,160,68,92,250,99,151,0,0,0
24,487,District - Narmada (20),Urban,0-9,9176,4925,4251,9176,4925,4251,0,0,0,0,0,0,0,0,0,0,0,0,0,0,0
24,487,District - Narmada (20),Urban,10-14,6774,3632,3142,6641,3594,3047,126,34,92,5,3,2,1,0,1,1,1,0,0,0,0
24,487,District - Narmada (20),Urban,15-19,6808,3566,3242,6220,3451,2769,574,113,461,10,1,9,3,1,2,1,0,1,0,0,0
24,487,District - Narmada (20),Urban,20-24,6031,3030,3001,3538,2272,1266,2433,744,1689,29,3,26,12,7,5,19,4,15,0,0,0
24,487,District - Narmada (20),Urban,25-29,5270,2655,2615,1388,1006,382,3789,1627,2162,46,11,35,23,6,17,24,5,19,0,0,0
24,487,District - Narmada (20),Urban,30-34,4697,2404,2293,482,358,124,4061,1995,2066,90,23,67,28,12,16,36,16,20,0,0,0
24,487,District - Narmada (20),Urban,35-39,4531,2216,2315,232,164,68,4064,1995,2069,158,25,133,29,8,21,48,24,24,0,0,0
24,487,District - Narmada (20),Urban,40-44,4234,2108,2126,161,112,49,3773,1925,1848,247,45,202,17,9,8,36,17,19,0,0,0
24,487,District - Narmada (20),Urban,45-49,4026,1989,2037,98,65,33,3534,1855,1679,341,49,292,20,9,11,33,11,22,0,0,0
24,487,District - Narmada (20),Urban,50-54,3162,1740,1422,74,55,19,2710,1614,1096,358,61,297,5,2,3,15,8,7,0,0,0
24,487,District - Narmada (20),Urban,55-59,2198,1155,1043,58,35,23,1769,1042,727,347,65,282,9,6,3,15,7,8,0,0,0
24,487,District - Narmada (20),Urban,60-64,1765,852,913,54,31,23,1243,724,519,450,90,360,7,3,4,11,4,7,0,0,0
24,487,District - Narmada (20),Urban,65-69,1248,572,676,41,23,18,758,459,299,442,85,357,4,4,0,3,1,2,0,0,0
24,487,District - Narmada (20),Urban,70-74,868,370,498,21,9,12,456,288,168,385,72,313,1,0,1,5,1,4,0,0,0
24,487,District - Narmada (20),Urban,75-79,482,212,270,12,4,8,247,153,94,222,55,167,0,0,0,1,0,1,0,0,0
24,487,District - Narmada (20),Urban,80+,495,204,291,28,12,16,173,118,55,291,73,218,1,1,0,2,0,2,0,0,0
24,487,District - Narmada (20),Urban,Age not stated,107,48,59,65,31,34,34,17,17,8,0,8,0,0,0,0,0,0,0,0,0
24,487,District - Narmada (20),Urban,Less than 18,20118,10777,9341,19754,10688,9066,345,83,262,13,4,9,4,1,3,2,1,1,0,0,0
24,487,District - Narmada (20),Urban,Less than 21,24162,12800,11362,23017,12555,10462,1111,236,875,23,5,18,7,3,4,4,1,3,0,0,0
24,488,District - Bharuch (21),Total,All ages,1551019,805707,745312,679477,390300,289177,774098,388169,385929,84218,20093,64125,5909,3282,2627,7317,3863,3454,0,0,0
24,488,District - Bharuch (21),Total,0-9,265359,138891,126468,265359,138891,126468,0,0,0,0,0,0,0,0,0,0,0,0,0,0,0
24,488,District - Bharuch (21),Total,10-14,155698,81652,74046,151141,79841,71300,4186,1665,2521,225,77,148,99,50,49,47,19,28,0,0,0
24,488,District - Bharuch (21),Total,15-19,148150,79484,68666,131875,75402,56473,15578,3835,11743,367,109,258,198,99,99,132,39,93,0,0,0
24,488,District - Bharuch (21),Total,20-24,144474,78055,66419,75793,54775,21018,66864,22517,44347,627,220,407,627,333,294,563,210,353,0,0,0
24,488,District - Bharuch (21),Total,25-29,130617,68698,61919,26477,21161,5316,101155,46165,54990,1135,388,747,844,482,362,1006,502,504,0,0,0
24,488,District - Bharuch (21),Total,30-34,121437,62167,59270,9051,7057,1994,108063,53288,54775,2213,636,1577,990,563,427,1120,623,497,0,0,0
24,488,District - Bharuch (21),Total,35-39,118262,60965,57297,4957,3751,1206,107633,55049,52584,3607,963,2644,875,514,361,1190,688,502,0,0,0
24,488,District - Bharuch (21),Total,40-44,109662,56734,52928,3328,2410,918,98951,51916,47035,5628,1409,4219,752,418,334,1003,581,422,0,0,0
24,488,District - Bharuch (21),Total,45-49,93162,49070,44092,2109,1467,642,82360,45054,37306,7337,1771,5566,547,323,224,809,455,354,0,0,0
24,488,District - Bharuch (21),Total,50-54,73531,38531,35000,1416,937,479,62732,35080,27652,8490,2029,6461,369,202,167,524,283,241,0,0,0
24,488,District - Bharuch (21),Total,55-59,57119,29320,27799,990,581,409,46610,26388,20222,8975,2057,6918,206,106,100,338,188,150,0,0,0
24,488,District - Bharuch (21),Total,60-64,45525,21859,23666,882,486,396,32388,18604,13784,11861,2567,9294,162,87,75,232,115,117,0,0,0
24,488,District - Bharuch (21),Total,65-69,31513,14405,17108,770,413,357,19970,11678,8292,10549,2217,8332,95,37,58,129,60,69,0,0,0
24,488,District - Bharuch (21),Total,70-74,23834,10766,13068,398,203,195,12649,8076,4573,10630,2418,8212,66,28,38,91,41,50,0,0,0
24,488,District - Bharuch (21),Total,75-79,11290,5225,6065,211,125,86,5455,3591,1864,5561,1488,4073,23,11,12,40,10,30,0,0,0
24,488,District - Bharuch (21),Total,80+,11916,5014,6902,834,481,353,4523,2889,1634,6503,1618,4885,19,10,9,37,16,21,0,0,0
24,488,District - Bharuch (21),Total,Age not stated,9470,4871,4599,3886,2319,1567,4981,2374,2607,510,126,384,37,19,18,56,33,23,0,0,0
24,488,District - Bharuch (21),Total,Less than 18,509422,267750,241672,498633,264052,234581,10055,3429,6626,454,141,313,191,96,95,89,32,57,0,0,0
24,488,District - Bharuch (21),Total,Less than 21,602442,317810,284632,570342,308909,261433,30713,8379,22334,746,233,513,388,202,186,253,87,166,0,0,0
24,488,District - Bharuch (21),Rural,All ages,1026060,529393,496667,451111,257326,193785,503790,251885,251905,61865,15295,46570,3679,1755,1924,5615,3132,2483,0,0,0
24,488,District - Bharuch (21),Rural,0-9,180115,93274,86841,180115,93274,86841,0,0,0,0,0,0,0,0,0,0,0,0,0,0,0
24,488,District - Bharuch (21),Rural,10-14,105970,54808,51162,103098,53678,49420,2613,1030,1583,151,48,103,70,36,34,38,16,22,0,0,0
24,488,District - Bharuch (21),Rural,15-19,98117,52136,45981,86932,49436,37496,10698,2546,8152,254,76,178,124,49,75,109,29,80,0,0,0
24,488,District - Bharuch (21),Rural,20-24,92930,50488,42442,46565,34343,12222,45125,15692,29433,457,162,295,345,118,227,438,173,265,0,0,0
24,488,District - Bharuch (21),Rural,25-29,82688,43813,38875,16085,13232,2853,64540,29691,34849,840,297,543,450,179,271,773,414,359,0,0,0
24,488,District - Bharuch (21),Rural,30-34,77640,39991,37649,5755,4625,1130,68710,34038,34672,1657,506,1151,637,308,329,881,514,367,0,0,0
24,488,District - Bharuch (21),Rural,35-39,75818,39246,36572,3254,2553,701,68401,35078,33323,2683,764,1919,557,291,266,923,560,363,0,0,0
24,488,District - Bharuch (21),Rural,40-44,70984,36504,34480,2222,1699,523,63316,32965,30351,4191,1114,3077,491,255,236,764,471,293,0,0,0
24,488,District - Bharuch (21),Rural,45-49,60751,31745,29006,1391,1009,382,53137,28800,24337,5253,1369,3884,352,192,160,618,375,243,0,0,0
24,488,District - Bharuch (21),Rural,50-54,48972,25157,23815,935,661,274,41206,22586,18620,6196,1559,4637,242,122,120,393,229,164,0,0,0
24,488,District - Bharuch (21),Rural,55-59,38902,19578,19324,629,399,230,31245,17359,13886,6652,1606,5046,131,69,62,245,145,100,0,0,0
24,488,District - Bharuch (21),Rural,60-64,31986,15110,16876,528,312,216,22333,12659,9674,8834,1985,6849,110,63,47,181,91,90,0,0,0
24,488,District - Bharuch (21),Rural,65-69,22572,10159,12413,493,276,217,14036,8124,5912,7884,1689,6195,64,27,37,95,43,52,0,0,0
24,488,District - Bharuch (21),Rural,70-74,17310,7685,9625,243,130,113,8943,5671,3272,8004,1830,6174,51,21,30,69,33,36,0,0,0
24,488,District - Bharuch (21),Rural,75-79,7921,3626,4295,114,76,38,3791,2489,1302,3980,1052,2928,14,5,9,22,4,18,0,0,0
24,488,District - Bharuch (21),Rural,80+,7988,3361,4627,462,269,193,2982,1920,1062,4503,1153,3350,15,8,7,26,11,15,0,0,0
24,488,District - Bharuch (21),Rural,Age not stated,5396,2712,2684,2290,1354,936,2714,1237,1477,326,85,241,26,12,14,40,24,16,0,0,0
24,488,District - Bharuch (21),Rural,Less than 18,345203,179272,165931,338233,176964,161269,6463,2128,4335,302,90,212,130,62,68,75,28,47,0,0,0
24,488,District - Bharuch (21),Rural,Less than 21,406021,211870,194151,384132,205934,178198,20911,5605,15306,520,158,362,250,106,144,208,67,141,0,0,0
24,488,District - Bharuch (21),Urban,All ages,524959,276314,248645,228366,132974,95392,270308,136284,134024,22353,4798,17555,2230,1527,703,1702,731,971,0,0,0
24,488,District - Bharuch (21),Urban,0-9,85244,45617,39627,85244,45617,39627,0,0,0,0,0,0,0,0,0,0,0,0,0,0,0
24,488,District - Bharuch (21),Urban,10-14,49728,26844,22884,48043,26163,21880,1573,635,938,74,29,45,29,14,15,9,3,6,0,0,0
24,488,District - Bharuch (21),Urban,15-19,50033,27348,22685,44943,25966,18977,4880,1289,3591,113,33,80,74,50,24,23,10,13,0,0,0
24,488,District - Bharuch (21),Urban,20-24,51544,27567,23977,29228,20432,8796,21739,6825,14914,170,58,112,282,215,67,125,37,88,0,0,0
24,488,District - Bharuch (21),Urban,25-29,47929,24885,23044,10392,7929,2463,36615,16474,20141,295,91,204,394,303,91,233,88,145,0,0,0
24,488,District - Bharuch (21),Urban,30-34,43797,22176,21621,3296,2432,864,39353,19250,20103,556,130,426,353,255,98,239,109,130,0,0,0
24,488,District - Bharuch (21),Urban,35-39,42444,21719,20725,1703,1198,505,39232,19971,19261,924,199,725,318,223,95,267,128,139,0,0,0
24,488,District - Bharuch (21),Urban,40-44,38678,20230,18448,1106,711,395,35635,18951,16684,1437,295,1142,261,163,98,239,110,129,0,0,0
24,488,District - Bharuch (21),Urban,45-49,32411,17325,15086,718,458,260,29223,16254,12969,2084,402,1682,195,131,64,191,80,111,0,0,0
24,488,District - Bharuch (21),Urban,50-54,24559,13374,11185,481,276,205,21526,12494,9032,2294,470,1824,127,80,47,131,54,77,0,0,0
24,488,District - Bharuch (21),Urban,55-59,18217,9742,8475,361,182,179,15365,9029,6336,2323,451,1872,75,37,38,93,43,50,0,0,0
24,488,District - Bharuch (21),Urban,60-64,13539,6749,6790,354,174,180,10055,5945,4110,3027,582,2445,52,24,28,51,24,27,0,0,0
24,488,District - Bharuch (21),Urban,65-69,8941,4246,4695,277,137,140,5934,3554,2380,2665,528,2137,31,10,21,34,17,17,0,0,0
24,488,District - Bharuch (21),Urban,70-74,6524,3081,3443,155,73,82,3706,2405,1301,2626,588,2038,15,7,8,22,8,14,0,0,0
24,488,District - Bharuch (21),Urban,75-79,3369,1599,1770,97,49,48,1664,1102,562,1581,436,1145,9,6,3,18,6,12,0,0,0
24,488,District - Bharuch (21),Urban,80+,3928,1653,2275,372,212,160,1541,969,572,2000,465,1535,4,2,2,11,5,6,0,0,0
24,488,District - Bharuch (21),Urban,Age not stated,4074,2159,1915,1596,965,631,2267,1137,1130,184,41,143,11,7,4,16,9,7,0,0,0
24,488,District - Bharuch (21),Urban,Less than 18,164219,88478,75741,160400,87088,73312,3592,1301,2291,152,51,101,61,34,27,14,4,10,0,0,0
24,488,District - Bharuch (21),Urban,Less than 21,196421,105940,90481,186210,102975,83235,9802,2774,7028,226,75,151,138,96,42,45,20,25,0,0,0
24,489,District - The Dangs (22),Total,All ages,228291,113821,114470,113455,59524,53931,106020,52226,53794,7503,1656,5847,684,210,474,629,205,424,0,0,0
24,489,District - The Dangs (22),Total,0-9,59634,30319,29315,59634,30319,29315,0,0,0,0,0,0,0,0,0,0,0,0,0,0,0
24,489,District - The Dangs (22),Total,10-14,28999,14855,14144,28321,14608,13713,640,236,404,17,3,14,14,7,7,7,1,6,0,0,0
24,489,District - The Dangs (22),Total,15-19,20443,10292,10151,16846,9326,7520,3505,942,2563,31,9,22,30,11,19,31,4,27,0,0,0
24,489,District - The Dangs (22),Total,20-24,19599,9270,10329,5764,3639,2125,13564,5546,8018,71,18,53,83,22,61,117,45,72,0,0,0
24,489,District - The Dangs (22),Total,25-29,17420,8509,8911,1490,880,610,15614,7546,8068,112,28,84,87,22,65,117,33,84,0,0,0
24,489,District - The Dangs (22),Total,30-34,14713,7290,7423,441,218,223,13874,6968,6906,216,46,170,101,31,70,81,27,54,0,0,0
24,489,District - The Dangs (22),Total,35-39,12995,6393,6602,196,98,98,12334,6185,6149,301,54,247,83,28,55,81,28,53,0,0,0
24,489,District - The Dangs (22),Total,40-44,12323,5999,6324,102,54,48,11602,5819,5783,475,85,390,79,22,57,65,19,46,0,0,0
24,489,District - The Dangs (22),Total,45-49,11790,5870,5920,102,46,56,10943,5678,5265,634,117,517,60,16,44,51,13,38,0,0,0
24,489,District - The Dangs (22),Total,50-54,9802,4898,4904,75,34,41,8823,4678,4145,831,163,668,41,12,29,32,11,21,0,0,0
24,489,District - The Dangs (22),Total,55-59,7435,3837,3598,52,28,24,6438,3580,2858,879,201,678,49,19,30,17,9,8,0,0,0
24,489,District - The Dangs (22),Total,60-64,5129,2551,2578,71,33,38,3953,2266,1687,1064,235,829,25,9,16,16,8,8,0,0,0
24,489,District - The Dangs (22),Total,65-69,3449,1569,1880,52,31,21,2358,1305,1053,1021,226,795,14,6,8,4,1,3,0,0,0
24,489,District - The Dangs (22),Total,70-74,2344,1101,1243,24,8,16,1335,862,473,973,226,747,8,2,6,4,3,1,0,0,0
24,489,District - The Dangs (22),Total,75-79,982,423,559,9,5,4,520,302,218,447,115,332,6,1,5,0,0,0,0,0,0
24,489,District - The Dangs (22),Total,80+,886,428,458,55,32,23,410,266,144,415,127,288,2,1,1,4,2,2,0,0,0
24,489,District - The Dangs (22),Total,Age not stated,348,217,131,221,165,56,107,47,60,16,3,13,2,1,1,2,1,1,0,0,0
24,489,District - The Dangs (22),Total,Less than 18,101340,51662,49678,99554,51118,48436,1701,519,1182,40,10,30,28,13,15,17,2,15,0,0,0
24,489,District - The Dangs (22),Total,Less than 21,113593,57471,56122,106821,55497,51324,6584,1929,4655,70,16,54,64,20,44,54,9,45,0,0,0
24,489,District - The Dangs (22),Rural,All ages,203604,101710,101894,99888,52555,47333,96055,47309,48746,6521,1482,5039,589,186,403,551,178,373,0,0,0
24,489,District - The Dangs (22),Rural,0-9,55401,28146,27255,55401,28146,27255,0,0,0,0,0,0,0,0,0,0,0,0,0,0,0
24,489,District - The Dangs (22),Rural,10-14,24977,12836,12141,24380,12615,11765,566,210,356,12,3,9,13,7,6,6,1,5,0,0,0
24,489,District - The Dangs (22),Rural,15-19,16787,8775,8012,13527,7865,5662,3175,889,2286,27,7,20,27,10,17,31,4,27,0,0,0
24,489,District - The Dangs (22),Rural,20-24,17380,8133,9247,4523,2829,1694,12614,5225,7389,65,15,50,67,20,47,111,44,67,0,0,0
24,489,District - The Dangs (22),Rural,25-29,15621,7662,7959,1087,624,463,14247,6961,7286,101,26,75,78,20,58,108,31,77,0,0,0
24,489,District - The Dangs (22),Rural,30-34,13038,6450,6588,321,147,174,12384,6220,6164,171,35,136,87,25,62,75,23,52,0,0,0
24,489,District - The Dangs (22),Rural,35-39,11495,5663,5832,143,66,77,10974,5505,5469,243,47,196,73,25,48,62,20,42,0,0,0
24,489,District - The Dangs (22),Rural,40-44,10968,5306,5662,68,36,32,10370,5161,5209,413,76,337,65,19,46,52,14,38,0,0,0
24,489,District - The Dangs (22),Rural,45-49,10543,5235,5308,80,36,44,9868,5079,4789,509,96,413,45,12,33,41,12,29,0,0,0
24,489,District - The Dangs (22),Rural,50-54,8826,4398,4428,54,26,28,8006,4204,3802,700,147,553,37,11,26,29,10,19,0,0,0
24,489,District - The Dangs (22),Rural,55-59,6711,3464,3247,40,20,20,5873,3245,2628,740,175,565,46,18,28,12,6,6,0,0,0
24,489,District - The Dangs (22),Rural,60-64,4673,2320,2353,57,27,30,3630,2068,1562,952,209,743,20,8,12,14,8,6,0,0,0
24,489,District - The Dangs (22),Rural,65-69,3147,1425,1722,47,28,19,2166,1186,980,916,204,712,14,6,8,4,1,3,0,0,0
24,489,District - The Dangs (22),Rural,70-74,2155,1022,1133,19,5,14,1239,801,438,887,213,674,8,2,6,2,1,1,0,0,0
24,489,District - The Dangs (22),Rural,75-79,910,390,520,7,4,3,487,279,208,410,106,304,6,1,5,0,0,0,0,0,0
24,489,District - The Dangs (22),Rural,80+,776,383,393,38,23,15,372,237,135,361,120,241,2,1,1,3,2,1,0,0,0
24,489,District - The Dangs (22),Rural,Age not stated,196,102,94,96,58,38,84,39,45,14,3,11,1,1,0,1,1,0,0,0,0
24,489,District - The Dangs (22),Rural,Less than 18,90622,46521,44101,89095,46028,43067,1454,470,984,31,8,23,26,13,13,16,2,14,0,0,0
24,489,District - The Dangs (22),Rural,Less than 21,101105,51455,49650,94923,49603,45320,6016,1811,4205,59,13,46,54,19,35,53,9,44,0,0,0
24,489,District - The Dangs (22),Urban,All ages,24687,12111,12576,13567,6969,6598,9965,4917,5048,982,174,808,95,24,71,78,27,51,0,0,0
24,489,District - The Dangs (22),Urban,0-9,4233,2173,2060,4233,2173,2060,0,0,0,0,0,0,0,0,0,0,0,0,0,0,0
24,489,District - The Dangs (22),Urban,10-14,4022,2019,2003,3941,1993,1948,74,26,48,5,0,5,1,0,1,1,0,1,0,0,0
24,489,District - The Dangs (22),Urban,15-19,3656,1517,2139,3319,1461,1858,330,53,277,4,2,2,3,1,2,0,0,0,0,0,0
24,489,District - The Dangs (22),Urban,20-24,2219,1137,1082,1241,810,431,950,321,629,6,3,3,16,2,14,6,1,5,0,0,0
24,489,District - The Dangs (22),Urban,25-29,1799,847,952,403,256,147,1367,585,782,11,2,9,9,2,7,9,2,7,0,0,0
24,489,District - The Dangs (22),Urban,30-34,1675,840,835,120,71,49,1490,748,742,45,11,34,14,6,8,6,4,2,0,0,0
24,489,District - The Dangs (22),Urban,35-39,1500,730,770,53,32,21,1360,680,680,58,7,51,10,3,7,19,8,11,0,0,0
24,489,District - The Dangs (22),Urban,40-44,1355,693,662,34,18,16,1232,658,574,62,9,53,14,3,11,13,5,8,0,0,0
24,489,District - The Dangs (22),Urban,45-49,1247,635,612,22,10,12,1075,599,476,125,21,104,15,4,11,10,1,9,0,0,0
24,489,District - The Dangs (22),Urban,50-54,976,500,476,21,8,13,817,474,343,131,16,115,4,1,3,3,1,2,0,0,0
24,489,District - The Dangs (22),Urban,55-59,724,373,351,12,8,4,565,335,230,139,26,113,3,1,2,5,3,2,0,0,0
24,489,District - The Dangs (22),Urban,60-64,456,231,225,14,6,8,323,198,125,112,26,86,5,1,4,2,0,2,0,0,0
24,489,District - The Dangs (22),Urban,65-69,302,144,158,5,3,2,192,119,73,105,22,83,0,0,0,0,0,0,0,0,0
24,489,District - The Dangs (22),Urban,70-74,189,79,110,5,3,2,96,61,35,86,13,73,0,0,0,2,2,0,0,0,0
24,489,District - The Dangs (22),Urban,75-79,72,33,39,2,1,1,33,23,10,37,9,28,0,0,0,0,0,0,0,0,0
24,489,District - The Dangs (22),Urban,80+,110,45,65,17,9,8,38,29,9,54,7,47,0,0,0,1,0,1,0,0,0
24,489,District - The Dangs (22),Urban,Age not stated,152,115,37,125,107,18,23,8,15,2,0,2,1,0,1,1,0,1,0,0,0
24,489,District - The Dangs (22),Urban,Less than 18,10718,5141,5577,10459,5090,5369,247,49,198,9,2,7,2,0,2,1,0,1,0,0,0
24,489,District - The Dangs (22),Urban,Less than 21,12488,6016,6472,11898,5894,6004,568,118,450,11,3,8,10,1,9,1,0,1,0,0,0
24,490,District - Navsari   (23),Total,All ages,1329672,678165,651507,542960,310290,232670,697743,347542,350201,77254,15826,61428,5090,2288,2802,6625,2219,4406,0,0,0
24,490,District - Navsari   (23),Total,0-9,197619,102942,94677,197619,102942,94677,0,0,0,0,0,0,0,0,0,0,0,0,0,0,0
24,490,District - Navsari   (23),Total,10-14,117314,61489,55825,113432,59976,53456,3547,1397,2150,194,54,140,88,41,47,53,21,32,0,0,0
24,490,District - Navsari   (23),Total,15-19,121560,64282,57278,108145,60941,47204,12888,3167,9721,290,79,211,132,59,73,105,36,69,0,0,0
24,490,District - Navsari   (23),Total,20-24,122364,63725,58639,68098,46765,21333,52988,16635,36353,489,97,392,387,139,248,402,89,313,0,0,0
24,490,District - Navsari   (23),Total,25-29,114157,59639,54518,28686,22392,6294,83199,36523,46676,927,238,689,622,253,369,723,233,490,0,0,0
24,490,District - Navsari   (23),Total,30-34,106066,54426,51640,10191,7607,2584,92283,45689,46594,1857,411,1446,725,332,393,1010,387,623,0,0,0
24,490,District - Navsari   (23),Total,35-39,102473,51867,50606,4679,3084,1595,92726,47390,45336,3206,608,2598,831,398,433,1031,387,644,0,0,0
24,490,District - Navsari   (23),Total,40-44,96861,48478,48383,2797,1607,1190,87479,45328,42151,4963,866,4097,665,312,353,957,365,592,0,0,0
24,490,District - Navsari   (23),Total,45-49,84949,42444,42505,1757,909,848,75735,39986,35749,6205,1060,5145,559,264,295,693,225,468,0,0,0
24,490,District - Navsari   (23),Total,50-54,72111,36840,35271,1265,646,619,62371,34511,27860,7590,1367,6223,335,145,190,550,171,379,0,0,0
24,490,District - Navsari   (23),Total,55-59,56601,27974,28627,834,418,416,47078,25780,21298,8113,1571,6542,211,94,117,365,111,254,0,0,0
24,490,District - Navsari   (23),Total,60-64,47108,22779,24329,866,431,435,35317,20163,15154,10453,2021,8432,184,86,98,288,78,210,0,0,0
24,490,District - Navsari   (23),Total,65-69,32162,14923,17239,626,296,330,21942,12653,9289,9276,1867,7409,129,56,73,189,51,138,0,0,0
24,490,District - Navsari   (23),Total,70-74,24335,11072,13263,364,175,189,14028,8731,5297,9725,2092,7633,97,53,44,121,21,100,0,0,0
24,490,District - Navsari   (23),Total,75-79,12670,5608,7062,196,83,113,6686,4142,2544,5687,1348,4339,45,18,27,56,17,39,0,0,0
24,490,District - Navsari   (23),Total,80+,13970,5906,8064,672,356,316,5515,3490,2025,7693,2027,5666,41,21,20,49,12,37,0,0,0
24,490,District - Navsari   (23),Total,Age not stated,7352,3771,3581,2733,1662,1071,3961,1957,2004,586,120,466,39,17,22,33,15,18,0,0,0
24,490,District - Navsari   (23),Total,Less than 18,386554,202474,184080,377493,199462,178031,8456,2803,5653,365,101,264,146,72,74,94,36,58,0,0,0
24,490,District - Navsari   (23),Total,Less than 21,464254,243083,221171,437943,235902,202041,25211,6836,18375,596,156,440,282,122,160,222,67,155,0,0,0
24,490,District - Navsari   (23),Rural,All ages,920535,464749,455786,372551,210584,161967,483489,239508,243981,56072,11621,44451,3547,1468,2079,4876,1568,3308,0,0,0
24,490,District - Navsari   (23),Rural,0-9,136124,70032,66092,136124,70032,66092,0,0,0,0,0,0,0,0,0,0,0,0,0,0,0
24,490,District - Navsari   (23),Rural,10-14,83577,43232,40345,80842,42172,38670,2511,983,1528,133,40,93,57,26,31,34,11,23,0,0,0
24,490,District - Navsari   (23),Rural,15-19,84894,44435,40459,75211,42067,33144,9287,2238,7049,206,59,147,97,39,58,93,32,61,0,0,0
24,490,District - Navsari   (23),Rural,20-24,81132,42059,39073,44003,30479,13524,36211,11382,24829,342,66,276,260,69,191,316,63,253,0,0,0
24,490,District - Navsari   (23),Rural,25-29,74806,38781,36025,18622,14703,3919,54531,23586,30945,678,173,505,408,134,274,567,185,382,0,0,0
24,490,District - Navsari   (23),Rural,30-34,71359,36095,35264,6840,5111,1729,61974,30222,31752,1332,288,1044,489,206,283,724,268,456,0,0,0
24,490,District - Navsari   (23),Rural,35-39,71049,35565,35484,3145,1990,1155,64245,32594,31651,2341,444,1897,579,258,321,739,279,460,0,0,0
24,490,District - Navsari   (23),Rural,40-44,68630,34243,34387,1893,1027,866,62035,32134,29901,3535,628,2907,490,213,277,677,241,436,0,0,0
24,490,District - Navsari   (23),Rural,45-49,59475,29617,29858,1189,577,612,52969,27985,24984,4452,746,3706,363,155,208,502,154,348,0,0,0
24,490,District - Navsari   (23),Rural,50-54,50614,25554,25060,798,392,406,43725,23967,19758,5437,969,4468,241,103,138,413,123,290,0,0,0
24,490,District - Navsari   (23),Rural,55-59,39903,19379,20524,481,206,275,33098,17883,15215,5912,1146,4766,154,67,87,258,77,181,0,0,0
24,490,District - Navsari   (23),Rural,60-64,33930,16204,17726,543,271,272,25362,14326,11036,7671,1485,6186,139,68,71,215,54,161,0,0,0
24,490,District - Navsari   (23),Rural,65-69,23572,10807,12765,385,178,207,16070,9128,6942,6875,1421,5454,103,47,56,139,33,106,0,0,0
24,490,District - Navsari   (23),Rural,70-74,17771,8108,9663,205,90,115,10199,6371,3828,7197,1592,5605,71,41,30,99,14,85,0,0,0
24,490,District - Navsari   (23),Rural,75-79,9005,3963,5042,99,45,54,4741,2898,1843,4090,994,3096,36,14,22,39,12,27,0,0,0
24,490,District - Navsari   (23),Rural,80+,9869,4185,5684,444,225,219,3881,2455,1426,5474,1477,3997,32,17,15,38,11,27,0,0,0
24,490,District - Navsari   (23),Rural,Age not stated,4825,2490,2335,1727,1019,708,2650,1356,1294,397,93,304,28,11,17,23,11,12,0,0,0
24,490,District - Navsari   (23),Rural,Less than 18,270472,139932,130540,263926,137787,126139,6126,2001,4125,253,75,178,98,46,52,69,23,46,0,0,0
24,490,District - Navsari   (23),Rural,Less than 21,323123,167273,155850,304533,162242,142291,17802,4793,13009,417,117,300,191,72,119,180,49,131,0,0,0
24,490,District - Navsari   (23),Urban,All ages,409137,213416,195721,170409,99706,70703,214254,108034,106220,21182,4205,16977,1543,820,723,1749,651,1098,0,0,0
24,490,District - Navsari   (23),Urban,0-9,61495,32910,28585,61495,32910,28585,0,0,0,0,0,0,0,0,0,0,0,0,0,0,0
24,490,District - Navsari   (23),Urban,10-14,33737,18257,15480,32590,17804,14786,1036,414,622,61,14,47,31,15,16,19,10,9,0,0,0
24,490,District - Navsari   (23),Urban,15-19,36666,19847,16819,32934,18874,14060,3601,929,2672,84,20,64,35,20,15,12,4,8,0,0,0
24,490,District - Navsari   (23),Urban,20-24,41232,21666,19566,24095,16286,7809,16777,5253,11524,147,31,116,127,70,57,86,26,60,0,0,0
24,490,District - Navsari   (23),Urban,25-29,39351,20858,18493,10064,7689,2375,28668,12937,15731,249,65,184,214,119,95,156,48,108,0,0,0
24,490,District - Navsari   (23),Urban,30-34,34707,18331,16376,3351,2496,855,30309,15467,14842,525,123,402,236,126,110,286,119,167,0,0,0
24,490,District - Navsari   (23),Urban,35-39,31424,16302,15122,1534,1094,440,28481,14796,13685,865,164,701,252,140,112,292,108,184,0,0,0
24,490,District - Navsari   (23),Urban,40-44,28231,14235,13996,904,580,324,25444,13194,12250,1428,238,1190,175,99,76,280,124,156,0,0,0
24,490,District - Navsari   (23),Urban,45-49,25474,12827,12647,568,332,236,22766,12001,10765,1753,314,1439,196,109,87,191,71,120,0,0,0
24,490,District - Navsari   (23),Urban,50-54,21497,11286,10211,467,254,213,18646,10544,8102,2153,398,1755,94,42,52,137,48,89,0,0,0
24,490,District - Navsari   (23),Urban,55-59,16698,8595,8103,353,212,141,13980,7897,6083,2201,425,1776,57,27,30,107,34,73,0,0,0
24,490,District - Navsari   (23),Urban,60-64,13178,6575,6603,323,160,163,9955,5837,4118,2782,536,2246,45,18,27,73,24,49,0,0,0
24,490,District - Navsari   (23),Urban,65-69,8590,4116,4474,241,118,123,5872,3525,2347,2401,446,1955,26,9,17,50,18,32,0,0,0
24,490,District - Navsari   (23),Urban,70-74,6564,2964,3600,159,85,74,3829,2360,1469,2528,500,2028,26,12,14,22,7,15,0,0,0
24,490,District - Navsari   (23),Urban,75-79,3665,1645,2020,97,38,59,1945,1244,701,1597,354,1243,9,4,5,17,5,12,0,0,0
24,490,District - Navsari   (23),Urban,80+,4101,1721,2380,228,131,97,1634,1035,599,2219,550,1669,9,4,5,11,1,10,0,0,0
24,490,District - Navsari   (23),Urban,Age not stated,2527,1281,1246,1006,643,363,1311,601,710,189,27,162,11,6,5,10,4,6,0,0,0
24,490,District - Navsari   (23),Urban,Less than 18,116082,62542,53540,113567,61675,51892,2330,802,1528,112,26,86,48,26,22,25,13,12,0,0,0
24,490,District - Navsari   (23),Urban,Less than 21,141131,75810,65321,133410,73660,59750,7409,2043,5366,179,39,140,91,50,41,42,18,24,0,0,0
24,491,District - Valsad (24),Total,All ages,1705678,887222,818456,740775,420814,319961,880569,447577,432992,74365,14784,59581,4890,2352,2538,5079,1695,3384,0,0,0
24,491,District - Valsad (24),Total,0-9,314387,163538,150849,314387,163538,150849,0,0,0,0,0,0,0,0,0,0,0,0,0,0,0
24,491,District - Valsad (24),Total,10-14,166818,87496,79322,160521,84907,75614,5890,2409,3481,202,76,126,124,66,58,81,38,43,0,0,0
24,491,District - Valsad (24),Total,15-19,152922,82040,70882,130979,76107,54872,21221,5686,15535,358,97,261,198,97,101,166,53,113,0,0,0
24,491,District - Valsad (24),Total,20-24,160029,85533,74496,77006,55781,21225,81369,29192,52177,676,166,510,512,267,245,466,127,339,0,0,0
24,491,District - Valsad (24),Total,25-29,150376,78753,71623,28872,22839,6033,119077,55095,63982,1062,240,822,716,375,341,649,204,445,0,0,0
24,491,District - Valsad (24),Total,30-34,139866,72615,67251,9124,6668,2456,127398,64989,62409,1874,346,1528,720,333,387,750,279,471,0,0,0
24,491,District - Valsad (24),Total,35-39,133730,69979,63751,4079,2527,1552,124962,66271,58691,3232,568,2664,704,329,375,753,284,469,0,0,0
24,491,District - Valsad (24),Total,40-44,116615,61008,55607,2448,1354,1094,108104,58390,49714,4859,785,4074,533,243,290,671,236,435,0,0,0
24,491,District - Valsad (24),Total,45-49,95663,50041,45622,1454,700,754,87189,47975,39214,6126,1020,5106,388,183,205,506,163,343,0,0,0
24,491,District - Valsad (24),Total,50-54,75455,39827,35628,1016,510,506,66515,37789,28726,7286,1287,5999,294,136,158,344,105,239,0,0,0
24,491,District - Valsad (24),Total,55-59,57842,29127,28715,745,352,393,48935,27139,21796,7747,1476,6271,193,85,108,222,75,147,0,0,0
24,491,District - Valsad (24),Total,60-64,47689,23168,24521,771,378,393,35990,20719,15271,10551,1936,8615,188,77,111,189,58,131,0,0,0
24,491,District - Valsad (24),Total,65-69,31970,15093,16877,670,348,322,21850,12837,9013,9221,1820,7401,118,58,60,111,30,81,0,0,0
24,491,District - Valsad (24),Total,70-74,22886,10426,12460,367,160,207,13084,8211,4873,9281,1996,7285,86,40,46,68,19,49,0,0,0
24,491,District - Valsad (24),Total,75-79,11383,5132,6251,208,87,121,6174,3845,2329,4924,1173,3751,40,19,21,37,8,29,0,0,0
24,491,District - Valsad (24),Total,80+,12681,5655,7026,812,433,379,5635,3518,2117,6151,1663,4488,48,32,16,35,9,26,0,0,0
24,491,District - Valsad (24),Total,Age not stated,15366,7791,7575,7316,4125,3191,7176,3512,3664,815,135,680,28,12,16,31,7,24,0,0,0
24,491,District - Valsad (24),Total,Less than 18,570004,298385,271619,555523,293276,262247,13709,4802,8907,415,133,282,215,117,98,142,57,85,0,0,0
24,491,District - Valsad (24),Total,Less than 21,670279,352224,318055,628020,339594,288426,40828,12122,28706,709,206,503,395,191,204,327,111,216,0,0,0
24,491,District - Valsad (24),Rural,All ages,1070177,542644,527533,466020,257748,208272,547676,272495,275181,49784,9900,39884,3199,1379,1820,3498,1122,2376,0,0,0
24,491,District - Valsad (24),Rural,0-9,208380,107055,101325,208380,107055,101325,0,0,0,0,0,0,0,0,0,0,0,0,0,0,0
24,491,District - Valsad (24),Rural,10-14,110038,56853,53185,105979,55224,50755,3800,1512,2288,121,47,74,84,45,39,54,25,29,0,0,0
24,491,District - Valsad (24),Rural,15-19,94996,49398,45598,80057,45555,34502,14469,3695,10774,222,57,165,127,56,71,121,35,86,0,0,0
24,491,District - Valsad (24),Rural,20-24,93093,47684,45409,40467,28924,11543,51465,18395,33070,453,112,341,347,158,189,361,95,266,0,0,0
24,491,District - Valsad (24),Rural,25-29,85447,43231,42216,14513,11415,3098,69257,31310,37947,722,151,571,466,212,254,489,143,346,0,0,0
24,491,District - Valsad (24),Rural,30-34,81566,41058,40508,4845,3462,1383,74538,37032,37506,1222,201,1021,456,184,272,505,179,326,0,0,0
24,491,District - Valsad (24),Rural,35-39,80289,40780,39509,2187,1216,971,75068,38852,36216,2090,351,1739,426,173,253,518,188,330,0,0,0
24,491,District - Valsad (24),Rural,40-44,72573,36820,35753,1360,681,679,67318,35329,31989,3090,511,2579,347,145,202,458,154,304,0,0,0
24,491,District - Valsad (24),Rural,45-49,61038,31144,29894,800,347,453,55703,29917,25786,3971,668,3303,243,108,135,321,104,217,0,0,0
24,491,District - Valsad (24),Rural,50-54,49076,25369,23707,542,246,296,43316,24106,19210,4802,869,3933,197,76,121,219,72,147,0,0,0
24,491,District - Valsad (24),Rural,55-59,38350,18870,19480,375,173,202,32527,17620,14907,5173,979,4194,135,51,84,140,47,93,0,0,0
24,491,District - Valsad (24),Rural,60-64,32066,15258,16808,433,195,238,24118,13647,10471,7253,1325,5928,132,55,77,130,36,94,0,0,0
24,491,District - Valsad (24),Rural,65-69,21864,10129,11735,380,194,186,14865,8586,6279,6457,1290,5167,88,41,47,74,18,56,0,0,0
24,491,District - Valsad (24),Rural,70-74,15620,7081,8539,217,80,137,8871,5563,3308,6420,1393,5027,66,31,35,46,14,32,0,0,0
24,491,District - Valsad (24),Rural,75-79,7460,3244,4216,120,53,67,4011,2396,1615,3273,773,2500,34,17,17,22,5,17,0,0,0
24,491,District - Valsad (24),Rural,80+,8034,3580,4454,429,212,217,3618,2262,1356,3936,1083,2853,31,21,10,20,2,18,0,0,0
24,491,District - Valsad (24),Rural,Age not stated,10287,5090,5197,4936,2716,2220,4732,2273,2459,579,90,489,20,6,14,20,5,15,0,0,0
24,491,District - Valsad (24),Rural,Less than 18,374843,193477,181366,365336,190232,175104,9017,3049,5968,252,83,169,143,76,67,95,37,58,0,0,0
24,491,District - Valsad (24),Rural,Less than 21,434832,224030,210802,406566,215909,190657,27331,7811,19520,438,123,315,260,114,146,237,73,164,0,0,0
24,491,District - Valsad (24),Urban,All ages,635501,344578,290923,274755,163066,111689,332893,175082,157811,24581,4884,19697,1691,973,718,1581,573,1008,0,0,0
24,491,District - Valsad (24),Urban,0-9,106007,56483,49524,106007,56483,49524,0,0,0,0,0,0,0,0,0,0,0,0,0,0,0
24,491,District - Valsad (24),Urban,10-14,56780,30643,26137,54542,29683,24859,2090,897,1193,81,29,52,40,21,19,27,13,14,0,0,0
24,491,District - Valsad (24),Urban,15-19,57926,32642,25284,50922,30552,20370,6752,1991,4761,136,40,96,71,41,30,45,18,27,0,0,0
24,491,District - Valsad (24),Urban,20-24,66936,37849,29087,36539,26857,9682,29904,10797,19107,223,54,169,165,109,56,105,32,73,0,0,0
24,491,District - Valsad (24),Urban,25-29,64929,35522,29407,14359,11424,2935,49820,23785,26035,340,89,251,250,163,87,160,61,99,0,0,0
24,491,District - Valsad (24),Urban,30-34,58300,31557,26743,4279,3206,1073,52860,27957,24903,652,145,507,264,149,115,245,100,145,0,0,0
24,491,District - Valsad (24),Urban,35-39,53441,29199,24242,1892,1311,581,49894,27419,22475,1142,217,925,278,156,122,235,96,139,0,0,0
24,491,District - Valsad (24),Urban,40-44,44042,24188,19854,1088,673,415,40786,23061,17725,1769,274,1495,186,98,88,213,82,131,0,0,0
24,491,District - Valsad (24),Urban,45-49,34625,18897,15728,654,353,301,31486,18058,13428,2155,352,1803,145,75,70,185,59,126,0,0,0
24,491,District - Valsad (24),Urban,50-54,26379,14458,11921,474,264,210,23199,13683,9516,2484,418,2066,97,60,37,125,33,92,0,0,0
24,491,District - Valsad (24),Urban,55-59,19492,10257,9235,370,179,191,16408,9519,6889,2574,497,2077,58,34,24,82,28,54,0,0,0
24,491,District - Valsad (24),Urban,60-64,15623,7910,7713,338,183,155,11872,7072,4800,3298,611,2687,56,22,34,59,22,37,0,0,0
24,491,District - Valsad (24),Urban,65-69,10106,4964,5142,290,154,136,6985,4251,2734,2764,530,2234,30,17,13,37,12,25,0,0,0
24,491,District - Valsad (24),Urban,70-74,7266,3345,3921,150,80,70,4213,2648,1565,2861,603,2258,20,9,11,22,5,17,0,0,0
24,491,District - Valsad (24),Urban,75-79,3923,1888,2035,88,34,54,2163,1449,714,1651,400,1251,6,2,4,15,3,12,0,0,0
24,491,District - Valsad (24),Urban,80+,4647,2075,2572,383,221,162,2017,1256,761,2215,580,1635,17,11,6,15,7,8,0,0,0
24,491,District - Valsad (24),Urban,Age not stated,5079,2701,2378,2380,1409,971,2444,1239,1205,236,45,191,8,6,2,11,2,9,0,0,0
24,491,District - Valsad (24),Urban,Less than 18,195161,104908,90253,190187,103044,87143,4692,1753,2939,163,50,113,72,41,31,47,20,27,0,0,0
24,491,District - Valsad (24),Urban,Less than 21,235447,128194,107253,221454,123685,97769,13497,4311,9186,271,83,188,135,77,58,90,38,52,0,0,0
24,492,District - Surat (25),Total,All ages,6081322,3402224,2679098,2668377,1643211,1025166,3173291,1693844,1479447,203906,46033,157873,21267,13160,8107,14481,5976,8505,0,0,0
24,492,District - Surat (25),Total,0-9,1054309,577012,477297,1054309,577012,477297,0,0,0,0,0,0,0,0,0,0,0,0,0,0,0
24,492,District - Surat (25),Total,10-14,534689,295107,239582,516510,287637,228873,17327,7161,10166,549,162,387,192,102,90,111,45,66,0,0,0
24,492,District - Surat (25),Total,15-19,586006,350310,235696,518249,329108,189141,66097,20519,45578,894,276,618,521,326,195,245,81,164,0,0,0
24,492,District - Surat (25),Total,20-24,715502,428635,286867,367953,286015,81938,341768,140130,201638,2141,503,1638,2500,1615,885,1140,372,768,0,0,0
24,492,District - Surat (25),Total,25-29,672937,384925,288012,115195,97498,17697,547748,283048,264700,4009,898,3111,3874,2678,1196,2111,803,1308,0,0,0
24,492,District - Surat (25),Total,30-34,563952,316916,247036,30108,24169,5939,520917,287700,233217,6664,1542,5122,3685,2347,1338,2578,1158,1420,0,0,0
24,492,District - Surat (25),Total,35-39,476469,264531,211938,12178,8816,3362,448618,250507,198111,10101,2097,8004,3185,1987,1198,2387,1124,1263,0,0,0
24,492,District - Surat (25),Total,40-44,391237,215318,175919,7234,4751,2483,364994,205317,159677,14808,3012,11796,2393,1433,960,1808,805,1003,0,0,0
24,492,District - Surat (25),Total,45-49,309088,168409,140679,4764,2837,1927,283074,160305,122769,18198,3724,14474,1681,940,741,1371,603,768,0,0,0
24,492,District - Surat (25),Total,50-54,229583,125245,104338,3229,1787,1442,203352,117949,85403,21005,4565,16440,1084,598,486,913,346,567,0,0,0
24,492,District - Surat (25),Total,55-59,164086,86574,77512,2322,1198,1124,139877,80214,59663,20592,4577,16015,670,346,324,625,239,386,0,0,0
24,492,District - Surat (25),Total,60-64,126078,64296,61782,2630,1318,1312,95831,56719,39112,26595,5819,20776,553,287,266,469,153,316,0,0,0
24,492,District - Surat (25),Total,65-69,79835,38868,40967,2329,1193,1136,54426,32384,22042,22530,5063,17467,330,163,167,220,65,155,0,0,0
24,492,District - Surat (25),Total,70-74,56907,26483,30424,1333,651,682,32928,20569,12359,22261,5099,17162,205,106,99,180,58,122,0,0,0
24,492,District - Surat (25),Total,75-79,29469,13490,15979,619,282,337,15526,9685,5841,13145,3442,9703,91,49,42,88,32,56,0,0,0
24,492,District - Surat (25),Total,80+,37457,16323,21134,2639,1593,1046,16402,9811,6591,18198,4817,13381,117,72,45,101,30,71,0,0,0
24,492,District - Surat (25),Total,Age not stated,53718,29782,23936,26776,17346,9430,24406,11826,12580,2216,437,1779,186,111,75,134,62,72,0,0,0
24,492,District - Surat (25),Total,Less than 18,1907719,1055959,851760,1865441,1040087,825354,40630,15276,25354,1047,294,753,389,222,167,212,80,132,0,0,0
24,492,District - Surat (25),Total,Less than 21,2340855,1324177,1016678,2199031,1275832,923199,138310,46983,91327,1911,535,1376,1087,656,431,516,171,345,0,0,0
24,492,District - Surat (25),Rural,All ages,1232109,640060,592049,522441,300000,222441,625445,318547,306898,72779,16423,56356,6067,2918,3149,5377,2172,3205,0,0,0
24,492,District - Surat (25),Rural,0-9,205047,106376,98671,205047,106376,98671,0,0,0,0,0,0,0,0,0,0,0,0,0,0,0
24,492,District - Surat (25),Rural,10-14,119109,62684,56425,116274,61591,54683,2640,1035,1605,137,40,97,34,12,22,24,6,18,0,0,0
24,492,District - Surat (25),Rural,15-19,115462,62704,52758,102088,59408,42680,12936,3145,9791,252,82,170,94,40,54,92,29,63,0,0,0
24,492,District - Surat (25),Rural,20-24,119461,66046,53415,58091,43106,14985,59869,22416,37453,510,161,349,551,211,340,440,152,288,0,0,0
24,492,District - Surat (25),Rural,25-29,109151,59313,49838,20109,16327,3782,86280,41977,44303,1186,325,861,845,416,429,731,268,463,0,0,0
24,492,District - Surat (25),Rural,30-34,99567,52330,47237,6353,4775,1578,89108,46222,42886,2218,468,1750,995,450,545,893,415,478,0,0,0
24,492,District - Surat (25),Rural,35-39,94274,49084,45190,2952,1991,961,85624,45354,40270,3773,806,2967,1037,532,505,888,401,487,0,0,0
24,492,District - Surat (25),Rural,40-44,85351,43358,41993,1819,1081,738,76589,40426,36163,5513,1162,4351,769,398,371,661,291,370,0,0,0
24,492,District - Surat (25),Rural,45-49,71700,36559,35141,1226,643,583,62574,34022,28552,6800,1401,5399,561,270,291,539,223,316,0,0,0
24,492,District - Surat (25),Rural,50-54,57367,28961,28406,811,428,383,48237,26571,21666,7591,1641,5950,377,190,187,351,131,220,0,0,0
24,492,District - Surat (25),Rural,55-59,44683,21771,22912,556,287,269,35927,19601,16326,7696,1662,6034,240,122,118,264,99,165,0,0,0
24,492,District - Surat (25),Rural,60-64,36919,17218,19701,643,302,341,26135,14640,11495,9753,2119,7634,195,101,94,193,56,137,0,0,0
24,492,District - Surat (25),Rural,65-69,25305,11649,13656,517,260,257,16225,9406,6819,8350,1905,6445,130,53,77,83,25,58,0,0,0
24,492,District - Surat (25),Rural,70-74,18682,8325,10357,294,143,151,9989,6202,3787,8229,1906,6323,96,51,45,74,23,51,0,0,0
24,492,District - Surat (25),Rural,75-79,9026,4026,5000,130,58,72,4492,2852,1640,4330,1082,3248,34,22,12,40,12,28,0,0,0
24,492,District - Surat (25),Rural,80+,9936,4169,5767,482,273,209,3748,2361,1387,5624,1498,4126,38,23,15,44,14,30,0,0,0
24,492,District - Surat (25),Rural,Age not stated,11069,5487,5582,5049,2951,2098,5072,2317,2755,817,165,652,71,27,44,60,27,33,0,0,0
24,492,District - Surat (25),Rural,Less than 18,392309,205756,186553,385055,203392,181663,6849,2239,4610,273,78,195,72,30,42,60,17,43,0,0,0
24,492,District - Surat (25),Rural,Less than 21,467480,247147,220333,441064,239751,201313,25521,7108,18413,498,151,347,216,83,133,181,54,127,0,0,0
24,492,District - Surat (25),Urban,All ages,4849213,2762164,2087049,2145936,1343211,802725,2547846,1375297,1172549,131127,29610,101517,15200,10242,4958,9104,3804,5300,0,0,0
24,492,District - Surat (25),Urban,0-9,849262,470636,378626,849262,470636,378626,0,0,0,0,0,0,0,0,0,0,0,0,0,0,0
24,492,District - Surat (25),Urban,10-14,415580,232423,183157,400236,226046,174190,14687,6126,8561,412,122,290,158,90,68,87,39,48,0,0,0
24,492,District - Surat (25),Urban,15-19,470544,287606,182938,416161,269700,146461,53161,17374,35787,642,194,448,427,286,141,153,52,101,0,0,0
24,492,District - Surat (25),Urban,20-24,596041,362589,233452,309862,242909,66953,281899,117714,164185,1631,342,1289,1949,1404,545,700,220,480,0,0,0
24,492,District - Surat (25),Urban,25-29,563786,325612,238174,95086,81171,13915,461468,241071,220397,2823,573,2250,3029,2262,767,1380,535,845,0,0,0
24,492,District - Surat (25),Urban,30-34,464385,264586,199799,23755,19394,4361,431809,241478,190331,4446,1074,3372,2690,1897,793,1685,743,942,0,0,0
24,492,District - Surat (25),Urban,35-39,382195,215447,166748,9226,6825,2401,362994,205153,157841,6328,1291,5037,2148,1455,693,1499,723,776,0,0,0
24,492,District - Surat (25),Urban,40-44,305886,171960,133926,5415,3670,1745,288405,164891,123514,9295,1850,7445,1624,1035,589,1147,514,633,0,0,0
24,492,District - Surat (25),Urban,45-49,237388,131850,105538,3538,2194,1344,220500,126283,94217,11398,2323,9075,1120,670,450,832,380,452,0,0,0
24,492,District - Surat (25),Urban,50-54,172216,96284,75932,2418,1359,1059,155115,91378,63737,13414,2924,10490,707,408,299,562,215,347,0,0,0
24,492,District - Surat (25),Urban,55-59,119403,64803,54600,1766,911,855,103950,60613,43337,12896,2915,9981,430,224,206,361,140,221,0,0,0
24,492,District - Surat (25),Urban,60-64,89159,47078,42081,1987,1016,971,69696,42079,27617,16842,3700,13142,358,186,172,276,97,179,0,0,0
24,492,District - Surat (25),Urban,65-69,54530,27219,27311,1812,933,879,38201,22978,15223,14180,3158,11022,200,110,90,137,40,97,0,0,0
24,492,District - Surat (25),Urban,70-74,38225,18158,20067,1039,508,531,22939,14367,8572,14032,3193,10839,109,55,54,106,35,71,0,0,0
24,492,District - Surat (25),Urban,75-79,20443,9464,10979,489,224,265,11034,6833,4201,8815,2360,6455,57,27,30,48,20,28,0,0,0
24,492,District - Surat (25),Urban,80+,27521,12154,15367,2157,1320,837,12654,7450,5204,12574,3319,9255,79,49,30,57,16,41,0,0,0
24,492,District - Surat (25),Urban,Age not stated,42649,24295,18354,21727,14395,7332,19334,9509,9825,1399,272,1127,115,84,31,74,35,39,0,0,0
24,492,District - Surat (25),Urban,Less than 18,1515410,850203,665207,1480386,836695,643691,33781,13037,20744,774,216,558,317,192,125,152,63,89,0,0,0
24,492,District - Surat (25),Urban,Less than 21,1873375,1077030,796345,1757967,1036081,721886,112789,39875,72914,1413,384,1029,871,573,298,335,117,218,0,0,0
24,493,District - Tapi (26),Total,All ages,807022,402188,404834,326491,176669,149822,432031,213184,218847,42475,10115,32360,3462,1268,2194,2563,952,1611,0,0,0
24,493,District - Tapi (26),Total,0-9,131495,67246,64249,131495,67246,64249,0,0,0,0,0,0,0,0,0,0,0,0,0,0,0
24,493,District - Tapi (26),Total,10-14,78061,40085,37976,75700,39211,36489,2193,807,1386,100,35,65,41,19,22,27,13,14,0,0,0
24,493,District - Tapi (26),Total,15-19,73440,38167,35273,63561,35714,27847,9547,2360,7187,208,53,155,80,29,51,44,11,33,0,0,0
24,493,District - Tapi (26),Total,20-24,72403,35727,36676,32200,20527,11673,39390,14971,24419,329,84,245,266,69,197,218,76,142,0,0,0
24,493,District - Tapi (26),Total,25-29,66648,33182,33466,11326,7457,3869,53939,25312,28627,627,174,453,433,130,303,323,109,214,0,0,0
24,493,District - Tapi (26),Total,30-34,62052,30592,31460,3753,2211,1542,56226,27806,28420,1135,234,901,500,183,317,438,158,280,0,0,0
24,493,District - Tapi (26),Total,35-39,60772,29966,30806,2019,1077,942,56177,28174,28003,1702,374,1328,482,197,285,392,144,248,0,0,0
24,493,District - Tapi (26),Total,40-44,59024,28592,30432,1323,649,674,54148,27091,27057,2741,540,2201,449,163,286,363,149,214,0,0,0
24,493,District - Tapi (26),Total,45-49,53171,26545,26626,864,410,454,47988,25119,22869,3683,775,2908,350,128,222,286,113,173,0,0,0
24,493,District - Tapi (26),Total,50-54,41950,21068,20882,574,268,306,36725,19691,17034,4219,946,3273,251,96,155,181,67,114,0,0,0
24,493,District - Tapi (26),Total,55-59,32079,15852,16227,434,206,228,26963,14481,12482,4390,1053,3337,177,74,103,115,38,77,0,0,0
24,493,District - Tapi (26),Total,60-64,26900,12530,14370,438,195,243,20153,10829,9324,6087,1414,4673,154,61,93,68,31,37,0,0,0
24,493,District - Tapi (26),Total,65-69,19655,9080,10575,369,179,190,13072,7407,5665,6051,1430,4621,121,42,79,42,22,20,0,0,0
24,493,District - Tapi (26),Total,70-74,12684,5784,6900,197,77,120,7075,4350,2725,5307,1309,3998,83,40,43,22,8,14,0,0,0
24,493,District - Tapi (26),Total,75-79,5717,2572,3145,88,38,50,2983,1817,1166,2606,700,1906,31,14,17,9,3,6,0,0,0
24,493,District - Tapi (26),Total,80+,5590,2488,3102,312,162,150,2351,1419,932,2886,885,2001,29,18,11,12,4,8,0,0,0
24,493,District - Tapi (26),Total,Age not stated,5381,2712,2669,1838,1042,796,3101,1550,1551,404,109,295,15,5,10,23,6,17,0,0,0
24,493,District - Tapi (26),Total,Less than 18,253540,130499,123041,247592,128636,118956,5594,1745,3849,230,65,165,76,34,42,48,19,29,0,0,0
24,493,District - Tapi (26),Total,Less than 21,299540,153512,146028,280547,148201,132346,18344,5114,13230,381,108,273,167,57,110,101,32,69,0,0,0
24,493,District - Tapi (26),Rural,All ages,727535,361548,365987,292430,157243,135187,391484,192977,198507,38217,9338,28879,3189,1163,2026,2215,827,1388,0,0,0
24,493,District - Tapi (26),Rural,0-9,118496,60390,58106,118496,60390,58106,0,0,0,0,0,0,0,0,0,0,0,0,0,0,0
24,493,District - Tapi (26),Rural,10-14,70736,36149,34587,68615,35357,33258,1970,731,1239,87,32,55,40,18,22,24,11,13,0,0,0
24,493,District - Tapi (26),Rural,15-19,66205,34296,31909,57217,32046,25171,8689,2173,6516,186,42,144,77,27,50,36,8,28,0,0,0
24,493,District - Tapi (26),Rural,20-24,64586,31804,32782,28000,17739,10261,35852,13862,21990,292,75,217,247,61,186,195,67,128,0,0,0
24,493,District - Tapi (26),Rural,25-29,59332,29444,29888,9530,6150,3380,48547,22915,25632,573,165,408,403,120,283,279,94,185,0,0,0
24,493,District - Tapi (26),Rural,30-34,55528,27304,28224,3175,1851,1324,50508,24917,25591,1001,220,781,459,170,289,385,146,239,0,0,0
24,493,District - Tapi (26),Rural,35-39,54895,26983,27912,1713,898,815,50918,25448,25470,1495,337,1158,432,180,252,337,120,217,0,0,0
24,493,District - Tapi (26),Rural,40-44,53519,25934,27585,1152,545,607,49233,24616,24617,2427,497,1930,402,148,254,305,128,177,0,0,0
24,493,District - Tapi (26),Rural,45-49,48316,24136,24180,756,360,396,43704,22851,20853,3292,711,2581,326,119,207,238,95,143,0,0,0
24,493,District - Tapi (26),Rural,50-54,37796,18923,18873,504,232,272,33161,17666,15495,3740,878,2862,237,89,148,154,58,96,0,0,0
24,493,District - Tapi (26),Rural,55-59,28897,14132,14765,378,172,206,24311,12904,11407,3946,963,2983,159,62,97,103,31,72,0,0,0
24,493,District - Tapi (26),Rural,60-64,24584,11424,13160,394,173,221,18473,9855,8618,5512,1310,4202,143,57,86,62,29,33,0,0,0
24,493,District - Tapi (26),Rural,65-69,18058,8345,9713,329,162,167,12026,6771,5255,5545,1351,4194,118,40,78,40,21,19,0,0,0
24,493,District - Tapi (26),Rural,70-74,11641,5301,6340,178,69,109,6503,3970,2533,4864,1217,3647,76,38,38,20,7,13,0,0,0
24,493,District - Tapi (26),Rural,75-79,5177,2334,2843,79,35,44,2711,1641,1070,2352,644,1708,28,12,16,7,2,5,0,0,0
24,493,District - Tapi (26),Rural,80+,4953,2235,2718,263,139,124,2102,1274,828,2550,800,1750,28,18,10,10,4,6,0,0,0
24,493,District - Tapi (26),Rural,Age not stated,4816,2414,2402,1651,925,726,2776,1383,1393,355,96,259,14,4,10,20,6,14,0,0,0
24,493,District - Tapi (26),Rural,Less than 18,229038,117446,111592,223655,115751,107904,5065,1592,3473,203,56,147,74,32,42,41,15,26,0,0,0
24,493,District - Tapi (26),Rural,Less than 21,270285,138015,132270,253027,133141,119886,16673,4703,11970,337,92,245,161,53,108,87,26,61,0,0,0
24,493,District - Tapi (26),Urban,All ages,79487,40640,38847,34061,19426,14635,40547,20207,20340,4258,777,3481,273,105,168,348,125,223,0,0,0
24,493,District - Tapi (26),Urban,0-9,12999,6856,6143,12999,6856,6143,0,0,0,0,0,0,0,0,0,0,0,0,0,0,0
24,493,District - Tapi (26),Urban,10-14,7325,3936,3389,7085,3854,3231,223,76,147,13,3,10,1,1,0,3,2,1,0,0,0
24,493,District - Tapi (26),Urban,15-19,7235,3871,3364,6344,3668,2676,858,187,671,22,11,11,3,2,1,8,3,5,0,0,0
24,493,District - Tapi (26),Urban,20-24,7817,3923,3894,4200,2788,1412,3538,1109,2429,37,9,28,19,8,11,23,9,14,0,0,0
24,493,District - Tapi (26),Urban,25-29,7316,3738,3578,1796,1307,489,5392,2397,2995,54,9,45,30,10,20,44,15,29,0,0,0
24,493,District - Tapi (26),Urban,30-34,6524,3288,3236,578,360,218,5718,2889,2829,134,14,120,41,13,28,53,12,41,0,0,0
24,493,District - Tapi (26),Urban,35-39,5877,2983,2894,306,179,127,5259,2726,2533,207,37,170,50,17,33,55,24,31,0,0,0
24,493,District - Tapi (26),Urban,40-44,5505,2658,2847,171,104,67,4915,2475,2440,314,43,271,47,15,32,58,21,37,0,0,0
24,493,District - Tapi (26),Urban,45-49,4855,2409,2446,108,50,58,4284,2268,2016,391,64,327,24,9,15,48,18,30,0,0,0
24,493,District - Tapi (26),Urban,50-54,4154,2145,2009,70,36,34,3564,2025,1539,479,68,411,14,7,7,27,9,18,0,0,0
24,493,District - Tapi (26),Urban,55-59,3182,1720,1462,56,34,22,2652,1577,1075,444,90,354,18,12,6,12,7,5,0,0,0
24,493,District - Tapi (26),Urban,60-64,2316,1106,1210,44,22,22,1680,974,706,575,104,471,11,4,7,6,2,4,0,0,0
24,493,District - Tapi (26),Urban,65-69,1597,735,862,40,17,23,1046,636,410,506,79,427,3,2,1,2,1,1,0,0,0
24,493,District - Tapi (26),Urban,70-74,1043,483,560,19,8,11,572,380,192,443,92,351,7,2,5,2,1,1,0,0,0
24,493,District - Tapi (26),Urban,75-79,540,238,302,9,3,6,272,176,96,254,56,198,3,2,1,2,1,1,0,0,0
24,493,District - Tapi (26),Urban,80+,637,253,384,49,23,26,249,145,104,336,85,251,1,0,1,2,0,2,0,0,0
24,493,District - Tapi (26),Urban,Age not stated,565,298,267,187,117,70,325,167,158,49,13,36,1,1,0,3,0,3,0,0,0
24,493,District - Tapi (26),Urban,Less than 18,24502,13053,11449,23937,12885,11052,529,153,376,27,9,18,2,2,0,7,4,3,0,0,0
24,493,District - Tapi (26),Urban,Less than 21,29255,15497,13758,27520,15060,12460,1671,411,1260,44,16,28,6,4,2,14,6,8,0,0,0
