state_code,district_code,area_name,region_type,age_group,total_persons,total_males,total_females,never_married_persons,never_married_males,never_married_females,currently_married_persons,currently_married_males,currently_married_females,widowed_persons,widowed_males,widowed_females,separated_persons,separated_males,separated_females,divorced_persons,divorced_males,divorced_females,unspecified_persons,unspecified_males,unspecified_females
06,000,State - HARYANA (06),Total,All ages,25351462,13494734,11856728,11832332,6976223,4856109,12420879,6217139,6203740,1049146,275849,773297,31776,15914,15862,17329,9609,7720,0,0,0
06,000,State - HARYANA (06),Total,0-9,4861276,2655614,2205662,4861276,2655614,2205662,0,0,0,0,0,0,0,0,0,0,0,0,0,0,0
06,000,State - HARYANA (06),Total,10-14,2668678,1474136,1194542,2610766,1449387,1161379,55118,23448,31670,1591,671,920,967,517,450,236,113,123,0,0,0
06,000,State - HARYANA (06),Total,15-19,2677390,1487548,1189842,2406438,1414513,991925,266197,70975,195222,3038,1275,1763,1319,609,710,398,176,222,0,0,0
06,000,State - HARYANA (06),Total,20-24,2567486,1372799,1194687,1297473,919025,378448,1257823,448743,809080,7556,2873,4683,3113,1441,1672,1521,717,804,0,0,0
06,000,State - HARYANA (06),Total,25-29,2231959,1178340,1053619,380090,313520,66570,1828066,855443,972623,16573,5591,10982,4529,2222,2307,2701,1564,1137,0,0,0
06,000,State - HARYANA (06),Total,30-34,1893591,976844,916747,99174,85184,13990,1757636,879414,878222,28851,7925,20926,4794,2403,2391,3136,1918,1218,0,0,0
06,000,State - HARYANA (06),Total,35-39,1761863,912717,849146,44320,38261,6059,1661577,858983,802594,48419,11305,37114,4651,2398,2253,2896,1770,1126,0,0,0
06,000,State - HARYANA (06),Total,40-44,1505950,790581,715369,26784,22935,3849,1405547,749577,655970,67912,14875,53037,3618,1953,1665,2089,1241,848,0,0,0
06,000,State - HARYANA (06),Total,45-49,1241814,655749,586065,16040,13666,2374,1139254,622213,517041,82477,17668,64809,2679,1391,1288,1364,811,553,0,0,0
06,000,State - HARYANA (06),Total,50-54,965228,510688,454540,12114,9939,2175,853991,478922,375069,96277,20405,75872,1830,926,904,1016,496,520,0,0,0
06,000,State - HARYANA (06),Total,55-59,750938,374209,376729,8680,6943,1737,654477,346016,308461,85988,20413,65575,1193,565,628,600,272,328,0,0,0
06,000,State - HARYANA (06),Total,60-64,844349,413958,430391,15161,10935,4226,687390,368629,318761,139932,33567,106365,1331,593,738,535,234,301,0,0,0
06,000,State - HARYANA (06),Total,65-69,504439,255270,249169,14583,9834,4749,374958,215510,159448,113913,29477,84436,710,348,362,275,101,174,0,0,0
06,000,State - HARYANA (06),Total,70-74,374161,188304,185857,7453,5599,1854,236222,148168,88054,129725,34191,95534,520,255,265,241,91,150,0,0,0
06,000,State - HARYANA (06),Total,75-79,196217,97692,98525,3042,2442,600,115658,70105,45553,77204,24987,52217,207,124,83,106,34,72,0,0,0
06,000,State - HARYANA (06),Total,80+,274589,133397,141192,11312,7753,3559,114479,75150,39329,148327,50291,98036,278,143,135,193,60,133,0,0,0
06,000,State - HARYANA (06),Total,Age not stated,31534,16888,14646,17626,10673,6953,12486,5843,6643,1363,335,1028,37,26,11,22,11,11,0,0,0
06,000,State - HARYANA (06),Total,Less than 18,9119709,5012901,4106808,8976984,4960974,4016010,137355,49558,87797,3338,1346,1992,1606,816,790,426,207,219,0,0,0
06,000,State - HARYANA (06),Total,Less than 21,10821793,5947995,4873798,10281840,5790933,4490907,530187,152818,377369,6018,2444,3574,2863,1406,1457,885,394,491,0,0,0
06,000,State - HARYANA (06),Rural,All ages,16509359,8774006,7735353,7790876,4599173,3191703,7975079,3967059,4008020,715015,191812,523203,19547,10476,9071,8842,5486,3356,0,0,0
06,000,State - HARYANA (06),Rural,0-9,3282805,1791095,1491710,3282805,1791095,1491710,0,0,0,0,0,0,0,0,0,0,0,0,0,0,0
06,000,State - HARYANA (06),Rural,10-14,1812859,996086,816773,1774978,979833,795145,36118,15458,20660,1051,437,614,563,288,275,149,70,79,0,0,0
06,000,State - HARYANA (06),Rural,15-19,1799991,994391,805600,1600527,941107,659420,196327,51935,144392,2045,854,1191,846,385,461,246,110,136,0,0,0
06,000,State - HARYANA (06),Rural,20-24,1658579,889577,769002,761154,562402,198752,889256,323689,565567,5137,1972,3165,2023,984,1039,1009,530,479,0,0,0
06,000,State - HARYANA (06),Rural,25-29,1384241,737729,646512,196909,174158,22751,1171511,557150,614361,11585,3915,7670,2721,1481,1240,1515,1025,490,0,0,0
06,000,State - HARYANA (06),Rural,30-34,1174200,605409,568791,57995,53245,4750,1091796,544049,547747,20075,5455,14620,2790,1547,1243,1544,1113,431,0,0,0
06,000,State - HARYANA (06),Rural,35-39,1097613,569510,528103,28415,26143,2272,1031646,532958,498688,33442,7907,25535,2829,1573,1256,1281,929,352,0,0,0
06,000,State - HARYANA (06),Rural,40-44,947369,495956,451413,17518,16088,1430,880396,467514,412882,46335,10420,35915,2186,1287,899,934,647,287,0,0,0
06,000,State - HARYANA (06),Rural,45-49,765054,403338,361716,10387,9507,880,697828,380427,317401,54639,12108,42531,1595,906,689,605,390,215,0,0,0
06,000,State - HARYANA (06),Rural,50-54,590288,310495,279793,7767,6966,801,518117,289219,228898,62870,13481,49389,1084,583,501,450,246,204,0,0,0
06,000,State - HARYANA (06),Rural,55-59,462888,224344,238544,5595,4912,683,401647,205865,195782,54657,13084,41573,712,353,359,277,130,147,0,0,0
06,000,State - HARYANA (06),Rural,60-64,573957,276636,297321,10514,8060,2454,467884,245065,222819,94369,22977,71392,896,412,484,294,122,172,0,0,0
06,000,State - HARYANA (06),Rural,65-69,343427,171739,171688,9837,7034,2803,255835,144371,111464,77080,20030,57050,506,252,254,169,52,117,0,0,0
06,000,State - HARYANA (06),Rural,70-74,260398,130774,129624,5233,4248,985,164449,102391,62058,90151,23882,66269,401,193,208,164,60,104,0,0,0
06,000,State - HARYANA (06),Rural,75-79,136964,68101,68863,2256,1985,271,81792,48564,33228,52687,17435,35252,161,100,61,68,17,51,0,0,0
06,000,State - HARYANA (06),Rural,80+,198145,97815,100330,7239,5246,1993,82557,54784,27773,108004,37625,70379,217,119,98,128,41,87,0,0,0
06,000,State - HARYANA (06),Rural,Age not stated,20581,11011,9570,11747,7144,4603,7920,3620,4300,888,230,658,17,13,4,9,4,5,0,0,0
06,000,State - HARYANA (06),Rural,Less than 18,6172599,3382668,2789931,6075032,3347601,2727431,94120,33585,60535,2220,884,1336,970,477,493,257,121,136,0,0,0
06,000,State - HARYANA (06),Rural,Less than 21,7304329,4000769,3303560,6912304,3887338,3024966,385609,110676,274933,4043,1635,2408,1798,863,935,575,257,318,0,0,0
06,000,State - HARYANA (06),Urban,All ages,8842103,4720728,4121375,4041456,2377050,1664406,4445800,2250080,2195720,334131,84037,250094,12229,5438,6791,8487,4123,4364,0,0,0
06,000,State - HARYANA (06),Urban,0-9,1578471,864519,713952,1578471,864519,713952,0,0,0,0,0,0,0,0,0,0,0,0,0,0,0
06,000,State - HARYANA (06),Urban,10-14,855819,478050,377769,835788,469554,366234,19000,7990,11010,540,234,306,404,229,175,87,43,44,0,0,0
06,000,State - HARYANA (06),Urban,15-19,877399,493157,384242,805911,473406,332505,69870,19040,50830,993,421,572,473,224,249,152,66,86,0,0,0
06,000,State - HARYANA (06),Urban,20-24,908907,483222,425685,536319,356623,179696,368567,125054,243513,2419,901,1518,1090,457,633,512,187,325,0,0,0
06,000,State - HARYANA (06),Urban,25-29,847718,440611,407107,183181,139362,43819,656555,298293,358262,4988,1676,3312,1808,741,1067,1186,539,647,0,0,0
06,000,State - HARYANA (06),Urban,30-34,719391,371435,347956,41179,31939,9240,665840,335365,330475,8776,2470,6306,2004,856,1148,1592,805,787,0,0,0
06,000,State - HARYANA (06),Urban,35-39,664250,343207,321043,15905,12118,3787,629931,326025,303906,14977,3398,11579,1822,825,997,1615,841,774,0,0,0
06,000,State - HARYANA (06),Urban,40-44,558581,294625,263956,9266,6847,2419,525151,282063,243088,21577,4455,17122,1432,666,766,1155,594,561,0,0,0
06,000,State - HARYANA (06),Urban,45-49,476760,252411,224349,5653,4159,1494,441426,241786,199640,27838,5560,22278,1084,485,599,759,421,338,0,0,0
06,000,State - HARYANA (06),Urban,50-54,374940,200193,174747,4347,2973,1374,335874,189703,146171,33407,6924,26483,746,343,403,566,250,316,0,0,0
06,000,State - HARYANA (06),Urban,55-59,288050,149865,138185,3085,2031,1054,252830,140151,112679,31331,7329,24002,481,212,269,323,142,181,0,0,0
06,000,State - HARYANA (06),Urban,60-64,270392,137322,133070,4647,2875,1772,219506,123564,95942,45563,10590,34973,435,181,254,241,112,129,0,0,0
06,000,State - HARYANA (06),Urban,65-69,161012,83531,77481,4746,2800,1946,119123,71139,47984,36833,9447,27386,204,96,108,106,49,57,0,0,0
06,000,State - HARYANA (06),Urban,70-74,113763,57530,56233,2220,1351,869,71773,45777,25996,39574,10309,29265,119,62,57,77,31,46,0,0,0
06,000,State - HARYANA (06),Urban,75-79,59253,29591,29662,786,457,329,33866,21541,12325,24517,7552,16965,46,24,22,38,17,21,0,0,0
06,000,State - HARYANA (06),Urban,80+,76444,35582,40862,4073,2507,1566,31922,20366,11556,40323,12666,27657,61,24,37,65,19,46,0,0,0
06,000,State - HARYANA (06),Urban,Age not stated,10953,5877,5076,5879,3529,2350,4566,2223,2343,475,105,370,20,13,7,13,7,6,0,0,0
06,000,State - HARYANA (06),Urban,Less than 18,2947110,1630233,1316877,2901952,1613373,1288579,43235,15973,27262,1118,462,656,636,339,297,169,86,83,0,0,0
06,000,State - HARYANA (06),Urban,Less than 21,3517464,1947226,1570238,3369536,1903595,1465941,144578,42142,102436,1975,809,1166,1065,543,522,310,137,173,0,0,0
06,069,District - Panchkula (01),Total,All ages,561293,299679,261614,249811,145362,104449,288806,147783,141023,21094,5753,15341,933,460,473,649,321,328,0,0,0
06,069,District - Panchkula (01),Total,0-9,96369,51930,44439,96369,51930,44439,0,0,0,0,0,0,0,0,0,0,0,0,0,0,0
06,069,District - Panchkula (01),Total,10-14,53025,29298,23727,51913,28825,23088,1043,433,610,43,23,20,21,13,8,5,4,1,0,0,0
06,069,District - Panchkula (01),Total,15-19,51584,28517,23067,47705,27441,20264,3782,1025,2757,60,31,29,30,18,12,7,2,5,0,0,0
06,069,District - Panchkula (01),Total,20-24,54745,29406,25339,32762,21784,10978,21740,7518,14222,134,53,81,76,37,39,33,14,19,0,0,0
06,069,District - Panchkula (01),Total,25-29,53355,27987,25368,12224,9095,3129,40660,18729,21931,284,91,193,116,44,72,71,28,43,0,0,0
06,069,District - Panchkula (01),Total,30-34,46752,24280,22472,2799,2072,727,43208,21949,21259,474,120,354,162,85,77,109,54,55,0,0,0
06,069,District - Panchkula (01),Total,35-39,43620,22763,20857,1209,851,358,41345,21590,19755,802,183,619,124,62,62,140,77,63,0,0,0
06,069,District - Panchkula (01),Total,40-44,36599,19607,16992,759,553,206,34479,18689,15790,1172,273,899,105,47,58,84,45,39,0,0,0
06,069,District - Panchkula (01),Total,45-49,30105,16377,13728,414,324,90,28001,15646,12355,1532,333,1199,82,37,45,76,37,39,0,0,0
06,069,District - Panchkula (01),Total,50-54,23658,12437,11221,352,266,86,21300,11740,9560,1886,365,1521,69,36,33,51,30,21,0,0,0
06,069,District - Panchkula (01),Total,55-59,19016,9986,9030,246,195,51,16819,9289,7530,1883,470,1413,48,24,24,20,8,12,0,0,0
06,069,District - Panchkula (01),Total,60-64,18786,9299,9487,696,477,219,15103,8100,7003,2914,688,2226,46,23,23,27,11,16,0,0,0
06,069,District - Panchkula (01),Total,65-69,12598,6691,5907,828,523,305,9309,5479,3830,2437,674,1763,20,13,7,4,2,2,0,0,0
06,069,District - Panchkula (01),Total,70-74,8857,4733,4124,378,265,113,5824,3689,2135,2630,766,1864,17,9,8,8,4,4,0,0,0
06,069,District - Panchkula (01),Total,75-79,4668,2488,2180,90,73,17,2815,1829,986,1755,580,1175,5,5,0,3,1,2,0,0,0
06,069,District - Panchkula (01),Total,80+,6023,3057,2966,268,199,69,2718,1765,953,3020,1085,1935,8,5,3,9,3,6,0,0,0
06,069,District - Panchkula (01),Total,Age not stated,1533,823,710,799,489,310,660,313,347,68,18,50,4,2,2,2,1,1,0,0,0
06,069,District - Panchkula (01),Total,Less than 18,179760,97955,81805,177347,97055,80292,2285,831,1454,81,41,40,37,23,14,10,5,5,0,0,0
06,069,District - Panchkula (01),Total,Less than 21,212801,116168,96633,204775,113765,91010,7813,2293,5520,132,66,66,63,37,26,18,7,11,0,0,0
06,069,District - Panchkula (01),Rural,All ages,248063,133153,114910,115109,67254,47855,122424,62738,59686,9978,2852,7126,353,196,157,199,113,86,0,0,0
06,069,District - Panchkula (01),Rural,0-9,46291,24914,21377,46291,24914,21377,0,0,0,0,0,0,0,0,0,0,0,0,0,0,0
06,069,District - Panchkula (01),Rural,10-14,25304,13911,11393,24903,13742,11161,372,152,220,21,13,8,6,3,3,2,1,1,0,0,0
06,069,District - Panchkula (01),Rural,15-19,24384,13240,11144,22540,12791,9749,1806,428,1378,24,11,13,13,10,3,1,0,1,0,0,0
06,069,District - Panchkula (01),Rural,20-24,25512,13518,11994,13459,9339,4120,11951,4137,7814,55,24,31,29,11,18,18,7,11,0,0,0
06,069,District - Panchkula (01),Rural,25-29,23471,12625,10846,4004,3296,708,19256,9248,10008,149,51,98,37,17,20,25,13,12,0,0,0
06,069,District - Panchkula (01),Rural,30-34,19570,10429,9141,957,802,155,18291,9511,8780,229,60,169,61,37,24,32,19,13,0,0,0
06,069,District - Panchkula (01),Rural,35-39,18207,9772,8435,499,431,68,17201,9191,8010,413,89,324,50,31,19,44,30,14,0,0,0
06,069,District - Panchkula (01),Rural,40-44,15222,8252,6970,346,310,36,14240,7769,6471,570,138,432,40,18,22,26,17,9,0,0,0
06,069,District - Panchkula (01),Rural,45-49,12136,6754,5382,229,209,20,11147,6355,4792,718,167,551,32,17,15,10,6,4,0,0,0
06,069,District - Panchkula (01),Rural,50-54,8717,4748,3969,172,157,15,7678,4401,3277,836,170,666,17,10,7,14,10,4,0,0,0
06,069,District - Panchkula (01),Rural,55-59,6639,3422,3217,139,128,11,5705,3085,2620,776,200,576,13,6,7,6,3,3,0,0,0
06,069,District - Panchkula (01),Rural,60-64,7774,3819,3955,369,273,96,6056,3168,2888,1313,361,952,25,15,10,11,2,9,0,0,0
06,069,District - Panchkula (01),Rural,65-69,5231,2710,2521,376,270,106,3715,2115,1600,1125,315,810,12,8,4,3,2,1,0,0,0
06,069,District - Panchkula (01),Rural,70-74,3861,2042,1819,188,153,35,2304,1493,811,1356,388,968,10,6,4,3,2,1,0,0,0
06,069,District - Panchkula (01),Rural,75-79,1973,1016,957,55,53,2,1117,685,432,796,275,521,3,3,0,2,0,2,0,0,0
06,069,District - Panchkula (01),Rural,80+,2962,1556,1406,155,123,32,1240,850,390,1562,579,983,5,4,1,0,0,0,0,0,0
06,069,District - Panchkula (01),Rural,Age not stated,809,425,384,427,263,164,345,150,195,35,11,24,0,0,0,2,1,1,0,0,0
06,069,District - Panchkula (01),Rural,Less than 18,86064,46704,39360,85138,46374,38764,873,301,572,37,19,18,13,9,4,3,1,2,0,0,0
06,069,District - Panchkula (01),Rural,Less than 21,101531,55014,46517,97697,53980,43717,3748,992,2756,57,28,29,24,13,11,5,1,4,0,0,0
06,069,District - Panchkula (01),Urban,All ages,313230,166526,146704,134702,78108,56594,166382,85045,81337,11116,2901,8215,580,264,316,450,208,242,0,0,0
06,069,District - Panchkula (01),Urban,0-9,50078,27016,23062,50078,27016,23062,0,0,0,0,0,0,0,0,0,0,0,0,0,0,0
06,069,District - Panchkula (01),Urban,10-14,27721,15387,12334,27010,15083,11927,671,281,390,22,10,12,15,10,5,3,3,0,0,0,0
06,069,District - Panchkula (01),Urban,15-19,27200,15277,11923,25165,14650,10515,1976,597,1379,36,20,16,17,8,9,6,2,4,0,0,0
06,069,District - Panchkula (01),Urban,20-24,29233,15888,13345,19303,12445,6858,9789,3381,6408,79,29,50,47,26,21,15,7,8,0,0,0
06,069,District - Panchkula (01),Urban,25-29,29884,15362,14522,8220,5799,2421,21404,9481,11923,135,40,95,79,27,52,46,15,31,0,0,0
06,069,District - Panchkula (01),Urban,30-34,27182,13851,13331,1842,1270,572,24917,12438,12479,245,60,185,101,48,53,77,35,42,0,0,0
06,069,District - Panchkula (01),Urban,35-39,25413,12991,12422,710,420,290,24144,12399,11745,389,94,295,74,31,43,96,47,49,0,0,0
06,069,District - Panchkula (01),Urban,40-44,21377,11355,10022,413,243,170,20239,10920,9319,602,135,467,65,29,36,58,28,30,0,0,0
06,069,District - Panchkula (01),Urban,45-49,17969,9623,8346,185,115,70,16854,9291,7563,814,166,648,50,20,30,66,31,35,0,0,0
06,069,District - Panchkula (01),Urban,50-54,14941,7689,7252,180,109,71,13622,7339,6283,1050,195,855,52,26,26,37,20,17,0,0,0
06,069,District - Panchkula (01),Urban,55-59,12377,6564,5813,107,67,40,11114,6204,4910,1107,270,837,35,18,17,14,5,9,0,0,0
06,069,District - Panchkula (01),Urban,60-64,11012,5480,5532,327,204,123,9047,4932,4115,1601,327,1274,21,8,13,16,9,7,0,0,0
06,069,District - Panchkula (01),Urban,65-69,7367,3981,3386,452,253,199,5594,3364,2230,1312,359,953,8,5,3,1,0,1,0,0,0
06,069,District - Panchkula (01),Urban,70-74,4996,2691,2305,190,112,78,3520,2196,1324,1274,378,896,7,3,4,5,2,3,0,0,0
06,069,District - Panchkula (01),Urban,75-79,2695,1472,1223,35,20,15,1698,1144,554,959,305,654,2,2,0,1,1,0,0,0,0
06,069,District - Panchkula (01),Urban,80+,3061,1501,1560,113,76,37,1478,915,563,1458,506,952,3,1,2,9,3,6,0,0,0
06,069,District - Panchkula (01),Urban,Age not stated,724,398,326,372,226,146,315,163,152,33,7,26,4,2,2,0,0,0,0,0,0
06,069,District - Panchkula (01),Urban,Less than 18,93696,51251,42445,92209,50681,41528,1412,530,882,44,22,22,24,14,10,7,4,3,0,0,0
06,069,District - Panchkula (01),Urban,Less than 21,111270,61154,50116,107078,59785,47293,4065,1301,2764,75,38,37,39,24,15,13,6,7,0,0,0
06,070,District - Ambala (02),Total,All ages,1128350,598703,529647,497914,293582,204332,576413,289420,286993,50928,14134,36794,1758,869,889,1337,698,639,0,0,0
06,070,District - Ambala (02),Total,0-9,184382,102432,81950,184382,102432,81950,0,0,0,0,0,0,0,0,0,0,0,0,0,0,0
06,070,District - Ambala (02),Total,10-14,100432,56826,43606,98306,55923,42383,2000,846,1154,79,36,43,38,16,22,9,5,4,0,0,0
06,070,District - Ambala (02),Total,15-19,110758,61045,49713,103769,59132,44637,6780,1832,4948,142,53,89,54,23,31,13,5,8,0,0,0
06,070,District - Ambala (02),Total,20-24,116232,60611,55621,71843,46054,25789,43895,14381,29514,284,90,194,132,60,72,78,26,52,0,0,0
06,070,District - Ambala (02),Total,25-29,106055,55711,50344,24608,18658,5950,80432,36679,43753,588,173,415,245,110,135,182,91,91,0,0,0
06,070,District - Ambala (02),Total,30-34,88568,45862,42706,6033,4781,1252,80872,40479,40393,1107,328,779,298,127,171,258,147,111,0,0,0
06,070,District - Ambala (02),Total,35-39,82358,42252,40106,2337,1833,504,77685,39729,37956,1832,425,1407,258,131,127,246,134,112,0,0,0
06,070,District - Ambala (02),Total,40-44,72855,37253,35602,1462,1132,330,68129,35267,32862,2832,608,2224,233,138,95,199,108,91,0,0,0
06,070,District - Ambala (02),Total,45-49,64345,33878,30467,1003,794,209,59238,32075,27163,3806,833,2973,166,91,75,132,85,47,0,0,0
06,070,District - Ambala (02),Total,50-54,50087,26284,23803,779,566,213,44634,24644,19990,4481,975,3506,107,60,47,86,39,47,0,0,0
06,070,District - Ambala (02),Total,55-59,40011,20311,19700,565,404,161,34955,18783,16172,4381,1072,3309,62,29,33,48,23,25,0,0,0
06,070,District - Ambala (02),Total,60-64,41344,20577,20767,713,506,207,33811,18249,15562,6709,1775,4934,67,27,40,44,20,24,0,0,0
06,070,District - Ambala (02),Total,65-69,26171,13256,12915,613,402,211,19662,11162,8500,5830,1653,4177,49,30,19,17,9,8,0,0,0
06,070,District - Ambala (02),Total,70-74,19641,10018,9623,371,235,136,12391,7804,4587,6838,1961,4877,28,14,14,13,4,9,0,0,0
06,070,District - Ambala (02),Total,75-79,10429,5215,5214,182,131,51,6082,3672,2410,4153,1407,2746,9,5,4,3,0,3,0,0,0
06,070,District - Ambala (02),Total,80+,14002,6774,7228,543,339,204,5611,3695,1916,7827,2730,5097,12,8,4,9,2,7,0,0,0
06,070,District - Ambala (02),Total,Age not stated,680,398,282,405,260,145,236,123,113,39,15,24,0,0,0,0,0,0,0,0,0
06,070,District - Ambala (02),Total,Less than 18,349681,195020,154661,344854,193256,151598,4589,1665,2924,158,64,94,67,28,39,13,7,6,0,0,0
06,070,District - Ambala (02),Total,Less than 21,420671,233689,186982,405920,229400,176520,14341,4127,10214,271,100,171,108,49,59,31,13,18,0,0,0
06,070,District - Ambala (02),Rural,All ages,627576,331703,295873,279965,164725,115240,318884,158035,160849,27437,8197,19240,797,439,358,493,307,186,0,0,0
06,070,District - Ambala (02),Rural,0-9,107462,60114,47348,107462,60114,47348,0,0,0,0,0,0,0,0,0,0,0,0,0,0,0
06,070,District - Ambala (02),Rural,10-14,59209,33515,25694,57886,32926,24960,1252,554,698,45,25,20,23,8,15,3,2,1,0,0,0
06,070,District - Ambala (02),Rural,15-19,65483,35870,29613,61224,34674,26550,4144,1149,2995,78,31,47,32,13,19,5,3,2,0,0,0
06,070,District - Ambala (02),Rural,20-24,64579,32902,31677,36747,23659,13088,27562,9148,18414,156,44,112,67,34,33,47,17,30,0,0,0
06,070,District - Ambala (02),Rural,25-29,55698,28693,27005,10110,8023,2087,45081,20467,24614,327,100,227,104,51,53,76,52,24,0,0,0
06,070,District - Ambala (02),Rural,30-34,46737,23761,22976,2339,1975,364,43584,21476,22108,601,178,423,112,58,54,101,74,27,0,0,0
06,070,District - Ambala (02),Rural,35-39,44530,22675,21855,944,801,143,42409,21536,20873,991,227,764,109,63,46,77,48,29,0,0,0
06,070,District - Ambala (02),Rural,40-44,39741,20304,19437,664,561,103,37338,19262,18076,1552,356,1196,119,79,40,68,46,22,0,0,0
06,070,District - Ambala (02),Rural,45-49,33696,17768,15928,438,377,61,31153,16846,14307,1999,474,1525,63,39,24,43,32,11,0,0,0
06,070,District - Ambala (02),Rural,50-54,25614,13517,12097,347,282,65,22927,12652,10275,2263,538,1725,47,30,17,30,15,15,0,0,0
06,070,District - Ambala (02),Rural,55-59,20258,10096,10162,232,184,48,17936,9323,8613,2053,566,1487,23,14,9,14,9,5,0,0,0
06,070,District - Ambala (02),Rural,60-64,23277,11498,11779,396,304,92,19315,10178,9137,3520,1000,2520,32,11,21,14,5,9,0,0,0
06,070,District - Ambala (02),Rural,65-69,14817,7459,7358,354,256,98,11418,6263,5155,3012,920,2092,30,18,12,3,2,1,0,0,0
06,070,District - Ambala (02),Rural,70-74,11445,5988,5457,204,148,56,7386,4648,2738,3827,1180,2647,22,11,11,6,1,5,0,0,0
06,070,District - Ambala (02),Rural,75-79,5971,2978,2993,100,84,16,3639,2091,1548,2226,798,1428,6,5,1,0,0,0,0,0,0
06,070,District - Ambala (02),Rural,80+,8722,4355,4367,301,203,98,3640,2393,1247,4767,1753,3014,8,5,3,6,1,5,0,0,0
06,070,District - Ambala (02),Rural,Age not stated,337,210,127,217,154,63,100,49,51,20,7,13,0,0,0,0,0,0,0,0,0
06,070,District - Ambala (02),Rural,Less than 18,205319,114835,90484,202405,113728,88677,2778,1047,1731,91,42,49,41,15,26,4,3,1,0,0,0
06,070,District - Ambala (02),Rural,Less than 21,246608,137084,109524,237480,134397,103083,8893,2592,6301,155,63,92,66,27,39,14,5,9,0,0,0
06,070,District - Ambala (02),Urban,All ages,500774,267000,233774,217949,128857,89092,257529,131385,126144,23491,5937,17554,961,430,531,844,391,453,0,0,0
06,070,District - Ambala (02),Urban,0-9,76920,42318,34602,76920,42318,34602,0,0,0,0,0,0,0,0,0,0,0,0,0,0,0
06,070,District - Ambala (02),Urban,10-14,41223,23311,17912,40420,22997,17423,748,292,456,34,11,23,15,8,7,6,3,3,0,0,0
06,070,District - Ambala (02),Urban,15-19,45275,25175,20100,42545,24458,18087,2636,683,1953,64,22,42,22,10,12,8,2,6,0,0,0
06,070,District - Ambala (02),Urban,20-24,51653,27709,23944,35096,22395,12701,16333,5233,11100,128,46,82,65,26,39,31,9,22,0,0,0
06,070,District - Ambala (02),Urban,25-29,50357,27018,23339,14498,10635,3863,35351,16212,19139,261,73,188,141,59,82,106,39,67,0,0,0
06,070,District - Ambala (02),Urban,30-34,41831,22101,19730,3694,2806,888,37288,19003,18285,506,150,356,186,69,117,157,73,84,0,0,0
06,070,District - Ambala (02),Urban,35-39,37828,19577,18251,1393,1032,361,35276,18193,17083,841,198,643,149,68,81,169,86,83,0,0,0
06,070,District - Ambala (02),Urban,40-44,33114,16949,16165,798,571,227,30791,16005,14786,1280,252,1028,114,59,55,131,62,69,0,0,0
06,070,District - Ambala (02),Urban,45-49,30649,16110,14539,565,417,148,28085,15229,12856,1807,359,1448,103,52,51,89,53,36,0,0,0
06,070,District - Ambala (02),Urban,50-54,24473,12767,11706,432,284,148,21707,11992,9715,2218,437,1781,60,30,30,56,24,32,0,0,0
06,070,District - Ambala (02),Urban,55-59,19753,10215,9538,333,220,113,17019,9460,7559,2328,506,1822,39,15,24,34,14,20,0,0,0
06,070,District - Ambala (02),Urban,60-64,18067,9079,8988,317,202,115,14496,8071,6425,3189,775,2414,35,16,19,30,15,15,0,0,0
06,070,District - Ambala (02),Urban,65-69,11354,5797,5557,259,146,113,8244,4899,3345,2818,733,2085,19,12,7,14,7,7,0,0,0
06,070,District - Ambala (02),Urban,70-74,8196,4030,4166,167,87,80,5005,3156,1849,3011,781,2230,6,3,3,7,3,4,0,0,0
06,070,District - Ambala (02),Urban,75-79,4458,2237,2221,82,47,35,2443,1581,862,1927,609,1318,3,0,3,3,0,3,0,0,0
06,070,District - Ambala (02),Urban,80+,5280,2419,2861,242,136,106,1971,1302,669,3060,977,2083,4,3,1,3,1,2,0,0,0
06,070,District - Ambala (02),Urban,Age not stated,343,188,155,188,106,82,136,74,62,19,8,11,0,0,0,0,0,0,0,0,0
06,070,District - Ambala (02),Urban,Less than 18,144362,80185,64177,142449,79528,62921,1811,618,1193,67,22,45,26,13,13,9,4,5,0,0,0
06,070,District - Ambala (02),Urban,Less than 21,174063,96605,77458,168440,95003,73437,5448,1535,3913,116,37,79,42,22,20,17,8,9,0,0,0
06,071,District - Yamunanagar (03),Total,All ages,1214205,646718,567487,562789,330089,232700,597182,299827,297355,51129,15165,35964,1885,960,925,1220,677,543,0,0,0
06,071,District - Yamunanagar (03),Total,0-9,212241,116668,95573,212241,116668,95573,0,0,0,0,0,0,0,0,0,0,0,0,0,0,0
06,071,District - Yamunanagar (03),Total,10-14,119376,66458,52918,117243,65530,51713,2035,889,1146,55,19,36,37,18,19,6,2,4,0,0,0
06,071,District - Yamunanagar (03),Total,15-19,127817,71474,56343,120199,69388,50811,7456,2010,5446,102,50,52,45,23,22,15,3,12,0,0,0
06,071,District - Yamunanagar (03),Total,20-24,126631,66914,59717,76219,49743,26476,49903,16992,32911,263,100,163,140,39,101,106,40,66,0,0,0
06,071,District - Yamunanagar (03),Total,25-29,108748,57130,51618,24005,18468,5537,83665,38204,45461,611,234,377,288,144,144,179,80,99,0,0,0
06,071,District - Yamunanagar (03),Total,30-34,90975,46695,44280,5206,4266,940,84123,41816,42307,1099,314,785,299,156,143,248,143,105,0,0,0
06,071,District - Yamunanagar (03),Total,35-39,85597,44075,41522,1965,1622,343,81229,41668,39561,1905,494,1411,282,156,126,216,135,81,0,0,0
06,071,District - Yamunanagar (03),Total,40-44,76437,39595,36842,1175,969,206,72095,37774,34321,2804,652,2152,216,116,100,147,84,63,0,0,0
06,071,District - Yamunanagar (03),Total,45-49,64699,34357,30342,814,667,147,59860,32665,27195,3734,846,2888,183,106,77,108,73,35,0,0,0
06,071,District - Yamunanagar (03),Total,50-54,49723,26344,23379,685,537,148,44341,24674,19667,4542,1044,3498,85,47,38,70,42,28,0,0,0
06,071,District - Yamunanagar (03),Total,55-59,39654,20156,19498,477,373,104,34584,18515,16069,4472,1204,3268,85,42,43,36,22,14,0,0,0
06,071,District - Yamunanagar (03),Total,60-64,43597,21856,21741,672,504,168,35844,19289,16555,6939,1994,4945,105,48,57,37,21,16,0,0,0
06,071,District - Yamunanagar (03),Total,65-69,25252,12874,12378,596,426,170,18705,10645,8060,5880,1770,4110,47,21,26,24,12,12,0,0,0
06,071,District - Yamunanagar (03),Total,70-74,19159,9965,9194,393,301,92,11940,7516,4424,6769,2108,4661,43,28,15,14,12,2,0,0,0
06,071,District - Yamunanagar (03),Total,75-79,10177,5238,4939,195,163,32,5801,3535,2266,4161,1526,2635,15,10,5,5,4,1,0,0,0
06,071,District - Yamunanagar (03),Total,80+,13824,6761,7063,551,375,176,5476,3571,1905,7773,2805,4968,15,6,9,9,4,5,0,0,0
06,071,District - Yamunanagar (03),Total,Age not stated,298,158,140,153,89,64,125,64,61,20,5,15,0,0,0,0,0,0,0,0,0
06,071,District - Yamunanagar (03),Total,Less than 18,407363,225248,182115,402689,223463,179226,4485,1704,2781,115,49,66,61,29,32,13,3,10,0,0,0
06,071,District - Yamunanagar (03),Total,Less than 21,488073,270117,217956,471413,265289,206124,16318,4686,11632,212,88,124,98,45,53,32,9,23,0,0,0
06,071,District - Yamunanagar (03),Rural,All ages,741376,393957,347419,348059,202840,145219,361599,180761,180838,30241,9480,20761,959,554,405,518,322,196,0,0,0
06,071,District - Yamunanagar (03),Rural,0-9,135671,74507,61164,135671,74507,61164,0,0,0,0,0,0,0,0,0,0,0,0,0,0,0
06,071,District - Yamunanagar (03),Rural,10-14,76265,42113,34152,74953,41535,33418,1252,550,702,38,15,23,20,12,8,2,1,1,0,0,0
06,071,District - Yamunanagar (03),Rural,15-19,80934,44843,36091,76048,43515,32533,4795,1284,3511,60,32,28,24,10,14,7,2,5,0,0,0
06,071,District - Yamunanagar (03),Rural,20-24,77049,40311,36738,43202,28419,14783,33550,11766,21784,152,66,86,74,26,48,71,34,37,0,0,0
06,071,District - Yamunanagar (03),Rural,25-29,63802,33548,30254,11544,9233,2311,51677,24047,27630,342,132,210,160,91,69,79,45,34,0,0,0
06,071,District - Yamunanagar (03),Rural,30-34,54139,27544,26595,2476,2141,335,50774,25052,25722,651,195,456,141,85,56,97,71,26,0,0,0
06,071,District - Yamunanagar (03),Rural,35-39,51575,26594,24981,934,825,109,49248,25344,23904,1184,290,894,132,84,48,77,51,26,0,0,0
06,071,District - Yamunanagar (03),Rural,40-44,45997,23997,22000,570,493,77,43674,23010,20664,1590,389,1201,110,70,40,53,35,18,0,0,0
06,071,District - Yamunanagar (03),Rural,45-49,36532,19761,16771,410,357,53,33888,18816,15072,2111,513,1598,87,56,31,36,19,17,0,0,0
06,071,District - Yamunanagar (03),Rural,50-54,26775,14016,12759,353,296,57,23896,13084,10812,2456,587,1869,37,25,12,33,24,9,0,0,0
06,071,District - Yamunanagar (03),Rural,55-59,22260,10946,11314,271,235,36,19406,9964,9442,2531,713,1818,40,23,17,12,11,1,0,0,0
06,071,District - Yamunanagar (03),Rural,60-64,27535,13666,13869,418,334,84,22882,11996,10886,4158,1296,2862,57,29,28,20,11,9,0,0,0
06,071,District - Yamunanagar (03),Rural,65-69,15631,8021,7610,388,304,84,11758,6597,5161,3444,1100,2344,29,15,14,12,5,7,0,0,0
06,071,District - Yamunanagar (03),Rural,70-74,11834,6261,5573,269,231,38,7511,4707,2804,4016,1298,2718,29,18,11,9,7,2,0,0,0
06,071,District - Yamunanagar (03),Rural,75-79,6239,3222,3017,141,127,14,3612,2136,1476,2474,950,1524,8,6,2,4,3,1,0,0,0
06,071,District - Yamunanagar (03),Rural,80+,9006,4542,4464,334,241,93,3629,2393,1236,5026,1901,3125,11,4,7,6,3,3,0,0,0
06,071,District - Yamunanagar (03),Rural,Age not stated,132,65,67,77,47,30,47,15,32,8,3,5,0,0,0,0,0,0,0,0,0
06,071,District - Yamunanagar (03),Rural,Less than 18,260557,143436,117121,257709,142316,115393,2738,1065,1673,75,36,39,32,17,15,3,2,1,0,0,0
06,071,District - Yamunanagar (03),Rural,Less than 21,310677,170952,139725,299803,167811,131992,10674,3051,7623,131,60,71,53,24,29,16,6,10,0,0,0
06,071,District - Yamunanagar (03),Urban,All ages,472829,252761,220068,214730,127249,87481,235583,119066,116517,20888,5685,15203,926,406,520,702,355,347,0,0,0
06,071,District - Yamunanagar (03),Urban,0-9,76570,42161,34409,76570,42161,34409,0,0,0,0,0,0,0,0,0,0,0,0,0,0,0
06,071,District - Yamunanagar (03),Urban,10-14,43111,24345,18766,42290,23995,18295,783,339,444,17,4,13,17,6,11,4,1,3,0,0,0
06,071,District - Yamunanagar (03),Urban,15-19,46883,26631,20252,44151,25873,18278,2661,726,1935,42,18,24,21,13,8,8,1,7,0,0,0
06,071,District - Yamunanagar (03),Urban,20-24,49582,26603,22979,33017,21324,11693,16353,5226,11127,111,34,77,66,13,53,35,6,29,0,0,0
06,071,District - Yamunanagar (03),Urban,25-29,44946,23582,21364,12461,9235,3226,31988,14157,17831,269,102,167,128,53,75,100,35,65,0,0,0
06,071,District - Yamunanagar (03),Urban,30-34,36836,19151,17685,2730,2125,605,33349,16764,16585,448,119,329,158,71,87,151,72,79,0,0,0
06,071,District - Yamunanagar (03),Urban,35-39,34022,17481,16541,1031,797,234,31981,16324,15657,721,204,517,150,72,78,139,84,55,0,0,0
06,071,District - Yamunanagar (03),Urban,40-44,30440,15598,14842,605,476,129,28421,14764,13657,1214,263,951,106,46,60,94,49,45,0,0,0
06,071,District - Yamunanagar (03),Urban,45-49,28167,14596,13571,404,310,94,25972,13849,12123,1623,333,1290,96,50,46,72,54,18,0,0,0
06,071,District - Yamunanagar (03),Urban,50-54,22948,12328,10620,332,241,91,20445,11590,8855,2086,457,1629,48,22,26,37,18,19,0,0,0
06,071,District - Yamunanagar (03),Urban,55-59,17394,9210,8184,206,138,68,15178,8551,6627,1941,491,1450,45,19,26,24,11,13,0,0,0
06,071,District - Yamunanagar (03),Urban,60-64,16062,8190,7872,254,170,84,12962,7293,5669,2781,698,2083,48,19,29,17,10,7,0,0,0
06,071,District - Yamunanagar (03),Urban,65-69,9621,4853,4768,208,122,86,6947,4048,2899,2436,670,1766,18,6,12,12,7,5,0,0,0
06,071,District - Yamunanagar (03),Urban,70-74,7325,3704,3621,124,70,54,4429,2809,1620,2753,810,1943,14,10,4,5,5,0,0,0,0
06,071,District - Yamunanagar (03),Urban,75-79,3938,2016,1922,54,36,18,2189,1399,790,1687,576,1111,7,4,3,1,1,0,0,0,0
06,071,District - Yamunanagar (03),Urban,80+,4818,2219,2599,217,134,83,1847,1178,669,2747,904,1843,4,2,2,3,1,2,0,0,0
06,071,District - Yamunanagar (03),Urban,Age not stated,166,93,73,76,42,34,78,49,29,12,2,10,0,0,0,0,0,0,0,0,0
06,071,District - Yamunanagar (03),Urban,Less than 18,146806,81812,64994,144980,81147,63833,1747,639,1108,40,13,27,29,12,17,10,1,9,0,0,0
06,071,District - Yamunanagar (03),Urban,Less than 21,177396,99165,78231,171610,97478,74132,5644,1635,4009,81,28,53,45,21,24,16,3,13,0,0,0
06,072,District - Kurukshetra (04),Total,All ages,964655,510976,453679,440716,259365,181351,480417,239654,240763,41329,10722,30607,1394,761,633,799,474,325,0,0,0
06,072,District - Kurukshetra (04),Total,0-9,167725,92690,75035,167725,92690,75035,0,0,0,0,0,0,0,0,0,0,0,0,0,0,0
06,072,District - Kurukshetra (04),Total,10-14,92433,52781,39652,91037,52177,38860,1312,565,747,49,18,31,32,19,13,3,2,1,0,0,0
06,072,District - Kurukshetra (04),Total,15-19,101895,57326,44569,95418,55598,39820,6340,1668,4672,94,41,53,35,15,20,8,4,4,0,0,0
06,072,District - Kurukshetra (04),Total,20-24,103442,53295,50147,60215,38395,21820,42876,14772,28104,198,67,131,102,36,66,51,25,26,0,0,0
06,072,District - Kurukshetra (04),Total,25-29,86539,44579,41960,15934,12210,3724,69707,32008,37699,557,176,381,209,106,103,132,79,53,0,0,0
06,072,District - Kurukshetra (04),Total,30-34,71429,36446,34983,3542,2983,559,66525,32988,33537,974,253,721,233,127,106,155,95,60,0,0,0
06,072,District - Kurukshetra (04),Total,35-39,67589,34489,33100,1508,1284,224,63992,32640,31352,1743,360,1383,216,119,97,130,86,44,0,0,0
06,072,District - Kurukshetra (04),Total,40-44,60903,31155,29748,1056,889,167,57064,29625,27439,2519,483,2036,170,97,73,94,61,33,0,0,0
06,072,District - Kurukshetra (04),Total,45-49,50909,26775,24134,620,521,99,46894,25462,21432,3207,673,2534,129,78,51,59,41,18,0,0,0
06,072,District - Kurukshetra (04),Total,50-54,38587,20168,18419,513,417,96,34358,18939,15419,3571,730,2841,80,48,32,65,34,31,0,0,0
06,072,District - Kurukshetra (04),Total,55-59,30979,15294,15685,299,236,63,27161,14212,12949,3434,800,2634,55,31,24,30,15,15,0,0,0
06,072,District - Kurukshetra (04),Total,60-64,35085,17445,17640,615,458,157,28724,15557,13167,5664,1381,4283,51,32,19,31,17,14,0,0,0
06,072,District - Kurukshetra (04),Total,65-69,20417,10247,10170,602,410,192,15276,8651,6625,4496,1163,3333,33,19,14,10,4,6,0,0,0
06,072,District - Kurukshetra (04),Total,70-74,15188,7799,7389,285,231,54,9740,6149,3591,5125,1396,3729,25,19,6,13,4,9,0,0,0
06,072,District - Kurukshetra (04),Total,75-79,7943,3879,4064,92,76,16,4817,2834,1983,3018,958,2060,11,8,3,5,3,2,0,0,0
06,072,District - Kurukshetra (04),Total,80+,12017,5780,6237,385,268,117,5004,3291,1713,6608,2213,4395,11,5,6,9,3,6,0,0,0
06,072,District - Kurukshetra (04),Total,Age not stated,1575,828,747,870,522,348,627,293,334,72,10,62,2,2,0,4,1,3,0,0,0
06,072,District - Kurukshetra (04),Total,Less than 18,319659,179153,140506,316264,177865,138399,3238,1216,2022,106,42,64,46,26,20,5,4,1,0,0,0
06,072,District - Kurukshetra (04),Total,Less than 21,386004,215518,170486,372148,211673,160475,13572,3722,9850,182,72,110,82,41,41,20,10,10,0,0,0
06,072,District - Kurukshetra (04),Rural,All ages,685430,361020,324410,311471,182223,129248,342916,170199,172717,29688,7789,21899,885,509,376,470,300,170,0,0,0
06,072,District - Kurukshetra (04),Rural,0-9,124391,68684,55707,124391,68684,55707,0,0,0,0,0,0,0,0,0,0,0,0,0,0,0
06,072,District - Kurukshetra (04),Rural,10-14,67398,38054,29344,66410,37633,28777,935,400,535,36,12,24,14,7,7,3,2,1,0,0,0
06,072,District - Kurukshetra (04),Rural,15-19,72497,40130,32367,67576,38866,28710,4837,1232,3605,58,23,35,20,6,14,6,3,3,0,0,0
06,072,District - Kurukshetra (04),Rural,20-24,71138,36308,34830,37642,24578,13064,33249,11645,21604,146,41,105,66,24,42,35,20,15,0,0,0
06,072,District - Kurukshetra (04),Rural,25-29,60707,31094,29613,8924,7124,1800,51167,23725,27442,403,123,280,136,70,66,77,52,25,0,0,0
06,072,District - Kurukshetra (04),Rural,30-34,50616,25810,24806,2147,1882,265,47526,23596,23930,714,190,524,137,83,54,92,59,33,0,0,0
06,072,District - Kurukshetra (04),Rural,35-39,47834,24516,23318,946,841,105,45373,23260,22113,1295,272,1023,152,90,62,68,53,15,0,0,0
06,072,District - Kurukshetra (04),Rural,40-44,42827,21917,20910,689,604,85,40165,20850,19315,1811,359,1452,112,67,45,50,37,13,0,0,0
06,072,District - Kurukshetra (04),Rural,45-49,34539,18235,16304,375,324,51,31792,17319,14473,2257,511,1746,81,57,24,34,24,10,0,0,0
06,072,District - Kurukshetra (04),Rural,50-54,25268,13189,12079,306,258,48,22449,12385,10064,2434,498,1936,48,29,19,31,19,12,0,0,0
06,072,District - Kurukshetra (04),Rural,55-59,20391,9693,10698,171,137,34,17865,9011,8854,2304,517,1787,30,18,12,21,10,11,0,0,0
06,072,District - Kurukshetra (04),Rural,60-64,25254,12239,13015,362,261,101,20824,10975,9849,4021,978,3043,26,15,11,21,10,11,0,0,0
06,072,District - Kurukshetra (04),Rural,65-69,14920,7399,7521,431,291,140,11235,6255,4980,3221,835,2386,26,16,10,7,2,5,0,0,0
06,072,District - Kurukshetra (04),Rural,70-74,11154,5727,5427,167,132,35,7277,4550,2727,3682,1027,2655,18,14,4,10,4,6,0,0,0
06,072,District - Kurukshetra (04),Rural,75-79,5998,2897,3101,57,49,8,3754,2151,1603,2173,687,1486,10,8,2,4,2,2,0,0,0
06,072,District - Kurukshetra (04),Rural,80+,9383,4545,4838,261,183,78,4023,2646,1377,5081,1708,3373,9,5,4,9,3,6,0,0,0
06,072,District - Kurukshetra (04),Rural,Age not stated,1115,583,532,616,376,240,445,199,246,52,8,44,0,0,0,2,0,2,0,0,0
06,072,District - Kurukshetra (04),Rural,Less than 18,234907,130758,104149,232466,129869,102597,2340,849,1491,74,27,47,23,10,13,4,3,1,0,0,0
06,072,District - Kurukshetra (04),Rural,Less than 21,280742,155457,125285,270203,152610,117593,10358,2778,7580,121,44,77,43,17,26,17,8,9,0,0,0
06,072,District - Kurukshetra (04),Urban,All ages,279225,149956,129269,129245,77142,52103,137501,69455,68046,11641,2933,8708,509,252,257,329,174,155,0,0,0
06,072,District - Kurukshetra (04),Urban,0-9,43334,24006,19328,43334,24006,19328,0,0,0,0,0,0,0,0,0,0,0,0,0,0,0
06,072,District - Kurukshetra (04),Urban,10-14,25035,14727,10308,24627,14544,10083,377,165,212,13,6,7,18,12,6,0,0,0,0,0,0
06,072,District - Kurukshetra (04),Urban,15-19,29398,17196,12202,27842,16732,11110,1503,436,1067,36,18,18,15,9,6,2,1,1,0,0,0
06,072,District - Kurukshetra (04),Urban,20-24,32304,16987,15317,22573,13817,8756,9627,3127,6500,52,26,26,36,12,24,16,5,11,0,0,0
06,072,District - Kurukshetra (04),Urban,25-29,25832,13485,12347,7010,5086,1924,18540,8283,10257,154,53,101,73,36,37,55,27,28,0,0,0
06,072,District - Kurukshetra (04),Urban,30-34,20813,10636,10177,1395,1101,294,18999,9392,9607,260,63,197,96,44,52,63,36,27,0,0,0
06,072,District - Kurukshetra (04),Urban,35-39,19755,9973,9782,562,443,119,18619,9380,9239,448,88,360,64,29,35,62,33,29,0,0,0
06,072,District - Kurukshetra (04),Urban,40-44,18076,9238,8838,367,285,82,16899,8775,8124,708,124,584,58,30,28,44,24,20,0,0,0
06,072,District - Kurukshetra (04),Urban,45-49,16370,8540,7830,245,197,48,15102,8143,6959,950,162,788,48,21,27,25,17,8,0,0,0
06,072,District - Kurukshetra (04),Urban,50-54,13319,6979,6340,207,159,48,11909,6554,5355,1137,232,905,32,19,13,34,15,19,0,0,0
06,072,District - Kurukshetra (04),Urban,55-59,10588,5601,4987,128,99,29,9296,5201,4095,1130,283,847,25,13,12,9,5,4,0,0,0
06,072,District - Kurukshetra (04),Urban,60-64,9831,5206,4625,253,197,56,7900,4582,3318,1643,403,1240,25,17,8,10,7,3,0,0,0
06,072,District - Kurukshetra (04),Urban,65-69,5497,2848,2649,171,119,52,4041,2396,1645,1275,328,947,7,3,4,3,2,1,0,0,0
06,072,District - Kurukshetra (04),Urban,70-74,4034,2072,1962,118,99,19,2463,1599,864,1443,369,1074,7,5,2,3,0,3,0,0,0
06,072,District - Kurukshetra (04),Urban,75-79,1945,982,963,35,27,8,1063,683,380,845,271,574,1,0,1,1,1,0,0,0,0
06,072,District - Kurukshetra (04),Urban,80+,2634,1235,1399,124,85,39,981,645,336,1527,505,1022,2,0,2,0,0,0,0,0,0
06,072,District - Kurukshetra (04),Urban,Age not stated,460,245,215,254,146,108,182,94,88,20,2,18,2,2,0,2,1,1,0,0,0
06,072,District - Kurukshetra (04),Urban,Less than 18,84752,48395,36357,83798,47996,35802,898,367,531,32,15,17,23,16,7,1,1,0,0,0,0
06,072,District - Kurukshetra (04),Urban,Less than 21,105262,60061,45201,101945,59063,42882,3214,944,2270,61,28,33,39,24,15,3,2,1,0,0,0
06,073,District - Kaithal (05),Total,All ages,1074304,571003,503301,501155,298591,202564,520820,258913,261907,50368,12492,37876,1312,646,666,649,361,288,0,0,0
06,073,District - Kaithal (05),Total,0-9,200020,109580,90440,200020,109580,90440,0,0,0,0,0,0,0,0,0,0,0,0,0,0,0
06,073,District - Kaithal (05),Total,10-14,111341,61997,49344,110036,61526,48510,1207,433,774,68,23,45,28,15,13,2,0,2,0,0,0
06,073,District - Kaithal (05),Total,15-19,115813,64753,51060,106080,62395,43685,9580,2293,7287,92,37,55,55,24,31,6,4,2,0,0,0
06,073,District - Kaithal (05),Total,20-24,110863,59260,51603,55823,39787,16036,54590,19305,35285,276,93,183,115,52,63,59,23,36,0,0,0
06,073,District - Kaithal (05),Total,25-29,92157,49174,42983,15504,13507,1997,75719,35338,40381,669,200,469,171,73,98,94,56,38,0,0,0
06,073,District - Kaithal (05),Total,30-34,77660,39942,37718,4620,4287,333,71418,35186,36232,1321,296,1025,184,94,90,117,79,38,0,0,0
06,073,District - Kaithal (05),Total,35-39,73047,37744,35303,2262,2126,136,68069,34991,33078,2427,464,1963,195,98,97,94,65,29,0,0,0
06,073,District - Kaithal (05),Total,40-44,63723,33138,30585,1443,1344,99,58588,30954,27634,3452,688,2764,166,92,74,74,60,14,0,0,0
06,073,District - Kaithal (05),Total,45-49,51383,26763,24620,757,697,60,46481,25235,21246,3989,755,3234,111,52,59,45,24,21,0,0,0
06,073,District - Kaithal (05),Total,50-54,39517,20579,18938,535,484,51,34187,19138,15049,4696,904,3792,65,37,28,34,16,18,0,0,0
06,073,District - Kaithal (05),Total,55-59,31623,14811,16812,387,347,40,27240,13581,13659,3912,849,3063,59,27,32,25,7,18,0,0,0
06,073,District - Kaithal (05),Total,60-64,41019,19847,21172,717,536,181,33275,17610,15665,6931,1661,5270,70,29,41,26,11,15,0,0,0
06,073,District - Kaithal (05),Total,65-69,24637,12389,12248,659,477,182,18263,10513,7750,5669,1380,4289,29,17,12,17,2,15,0,0,0
06,073,District - Kaithal (05),Total,70-74,17967,9146,8821,291,239,52,11255,7257,3998,6359,1628,4731,32,16,16,30,6,24,0,0,0
06,073,District - Kaithal (05),Total,75-79,8830,4471,4359,121,101,20,5250,3285,1965,3436,1073,2363,15,11,4,8,1,7,0,0,0
06,073,District - Kaithal (05),Total,80+,12727,6362,6365,355,257,98,5325,3665,1660,7014,2425,4589,16,8,8,17,7,10,0,0,0
06,073,District - Kaithal (05),Total,Age not stated,1977,1047,930,1545,901,644,373,129,244,57,16,41,1,1,0,1,0,1,0,0,0
06,073,District - Kaithal (05),Total,Less than 18,380193,210122,170071,376425,208944,167481,3585,1104,2481,126,44,82,53,28,25,4,2,2,0,0,0
06,073,District - Kaithal (05),Total,Less than 21,454290,250785,203505,434161,245577,188584,19789,5078,14711,212,72,140,107,49,58,21,9,12,0,0,0
06,073,District - Kaithal (05),Rural,All ages,838293,445931,392362,392394,234052,158342,404324,200854,203470,40092,10225,29867,1004,517,487,479,283,196,0,0,0
06,073,District - Kaithal (05),Rural,0-9,158208,86575,71633,158208,86575,71633,0,0,0,0,0,0,0,0,0,0,0,0,0,0,0
06,073,District - Kaithal (05),Rural,10-14,88319,48865,39454,87327,48525,38802,916,312,604,51,16,35,24,12,12,1,0,1,0,0,0
06,073,District - Kaithal (05),Rural,15-19,90773,50607,40166,82709,48652,34057,7944,1902,6042,72,28,44,42,21,21,6,4,2,0,0,0
06,073,District - Kaithal (05),Rural,20-24,85876,46191,39685,41489,30244,11245,44017,15801,28216,226,81,145,95,43,52,49,22,27,0,0,0
06,073,District - Kaithal (05),Rural,25-29,70963,38188,32775,11482,10242,1240,58746,27675,31071,541,168,373,121,57,64,73,46,27,0,0,0
06,073,District - Kaithal (05),Rural,30-34,60163,31110,29053,3761,3555,206,55078,27179,27899,1103,244,859,140,74,66,81,58,23,0,0,0
06,073,District - Kaithal (05),Rural,35-39,56339,29353,26986,1901,1809,92,52239,27019,25220,1989,393,1596,150,80,70,60,52,8,0,0,0
06,073,District - Kaithal (05),Rural,40-44,48928,25453,23475,1178,1123,55,44814,23663,21151,2763,553,2210,115,67,48,58,47,11,0,0,0
06,073,District - Kaithal (05),Rural,45-49,38579,20142,18437,607,570,37,34758,18914,15844,3102,602,2500,82,40,42,30,16,14,0,0,0
06,073,District - Kaithal (05),Rural,50-54,29530,15310,14220,448,420,28,25331,14132,11199,3675,716,2959,57,34,23,19,8,11,0,0,0
06,073,District - Kaithal (05),Rural,55-59,24079,11049,13030,324,296,28,20701,10044,10657,2989,682,2307,47,22,25,18,5,13,0,0,0
06,073,District - Kaithal (05),Rural,60-64,32913,15781,17132,577,441,136,26751,13979,12772,5510,1326,4184,55,25,30,20,10,10,0,0,0
06,073,District - Kaithal (05),Rural,65-69,19850,9991,9859,509,383,126,14817,8458,6359,4485,1135,3350,22,13,9,17,2,15,0,0,0
06,073,District - Kaithal (05),Rural,70-74,14506,7461,7045,239,200,39,9136,5916,3220,5077,1327,3750,27,12,15,27,6,21,0,0,0
06,073,District - Kaithal (05),Rural,75-79,7160,3639,3521,104,89,15,4321,2661,1660,2717,879,1838,13,9,4,5,1,4,0,0,0
06,073,District - Kaithal (05),Rural,80+,10490,5359,5131,263,194,69,4458,3092,1366,5741,2059,3682,14,8,6,14,6,8,0,0,0
06,073,District - Kaithal (05),Rural,Age not stated,1617,857,760,1268,734,534,297,107,190,51,16,35,0,0,0,1,0,1,0,0,0
06,073,District - Kaithal (05),Rural,Less than 18,300467,165540,134927,297446,164623,132823,2877,860,2017,96,31,65,45,24,21,3,2,1,0,0,0
06,073,District - Kaithal (05),Rural,Less than 21,358623,197410,161213,342085,193146,148939,16270,4160,12110,165,55,110,84,40,44,19,9,10,0,0,0
06,073,District - Kaithal (05),Urban,All ages,236011,125072,110939,108761,64539,44222,116496,58059,58437,10276,2267,8009,308,129,179,170,78,92,0,0,0
06,073,District - Kaithal (05),Urban,0-9,41812,23005,18807,41812,23005,18807,0,0,0,0,0,0,0,0,0,0,0,0,0,0,0
06,073,District - Kaithal (05),Urban,10-14,23022,13132,9890,22709,13001,9708,291,121,170,17,7,10,4,3,1,1,0,1,0,0,0
06,073,District - Kaithal (05),Urban,15-19,25040,14146,10894,23371,13743,9628,1636,391,1245,20,9,11,13,3,10,0,0,0,0,0,0
06,073,District - Kaithal (05),Urban,20-24,24987,13069,11918,14334,9543,4791,10573,3504,7069,50,12,38,20,9,11,10,1,9,0,0,0
06,073,District - Kaithal (05),Urban,25-29,21194,10986,10208,4022,3265,757,16973,7663,9310,128,32,96,50,16,34,21,10,11,0,0,0
06,073,District - Kaithal (05),Urban,30-34,17497,8832,8665,859,732,127,16340,8007,8333,218,52,166,44,20,24,36,21,15,0,0,0
06,073,District - Kaithal (05),Urban,35-39,16708,8391,8317,361,317,44,15830,7972,7858,438,71,367,45,18,27,34,13,21,0,0,0
06,073,District - Kaithal (05),Urban,40-44,14795,7685,7110,265,221,44,13774,7291,6483,689,135,554,51,25,26,16,13,3,0,0,0
06,073,District - Kaithal (05),Urban,45-49,12804,6621,6183,150,127,23,11723,6321,5402,887,153,734,29,12,17,15,8,7,0,0,0
06,073,District - Kaithal (05),Urban,50-54,9987,5269,4718,87,64,23,8856,5006,3850,1021,188,833,8,3,5,15,8,7,0,0,0
06,073,District - Kaithal (05),Urban,55-59,7544,3762,3782,63,51,12,6539,3537,3002,923,167,756,12,5,7,7,2,5,0,0,0
06,073,District - Kaithal (05),Urban,60-64,8106,4066,4040,140,95,45,6524,3631,2893,1421,335,1086,15,4,11,6,1,5,0,0,0
06,073,District - Kaithal (05),Urban,65-69,4787,2398,2389,150,94,56,3446,2055,1391,1184,245,939,7,4,3,0,0,0,0,0,0
06,073,District - Kaithal (05),Urban,70-74,3461,1685,1776,52,39,13,2119,1341,778,1282,301,981,5,4,1,3,0,3,0,0,0
06,073,District - Kaithal (05),Urban,75-79,1670,832,838,17,12,5,929,624,305,719,194,525,2,2,0,3,0,3,0,0,0
06,073,District - Kaithal (05),Urban,80+,2237,1003,1234,92,63,29,867,573,294,1273,366,907,2,0,2,3,1,2,0,0,0
06,073,District - Kaithal (05),Urban,Age not stated,360,190,170,277,167,110,76,22,54,6,0,6,1,1,0,0,0,0,0,0,0
06,073,District - Kaithal (05),Urban,Less than 18,79726,44582,35144,78979,44321,34658,708,244,464,30,13,17,8,4,4,1,0,1,0,0,0
06,073,District - Kaithal (05),Urban,Less than 21,95667,53375,42292,92076,52431,39645,3519,918,2601,47,17,30,23,9,14,2,0,2,0,0,0
06,074,District - Karnal (06),Total,All ages,1505324,797712,707612,699057,410089,288968,739358,369402,369956,63438,16485,46953,2209,1119,1090,1262,617,645,0,0,0
06,074,District - Karnal (06),Total,0-9,280801,154418,126383,280801,154418,126383,0,0,0,0,0,0,0,0,0,0,0,0,0,0,0
06,074,District - Karnal (06),Total,10-14,153060,85137,67923,150095,83931,66164,2709,1094,1615,133,50,83,97,52,45,26,10,16,0,0,0
06,074,District - Karnal (06),Total,15-19,157663,87425,70238,144671,84160,60511,12664,3123,9541,190,72,118,100,55,45,38,15,23,0,0,0
06,074,District - Karnal (06),Total,20-24,157928,82427,75501,81959,55440,26519,75196,26621,48575,465,199,266,204,111,93,104,56,48,0,0,0
06,074,District - Karnal (06),Total,25-29,135520,70967,64553,22314,17747,4567,111699,52582,59117,986,360,626,321,161,160,200,117,83,0,0,0
06,074,District - Karnal (06),Total,30-34,112201,57454,54747,5527,4660,867,104487,52087,52400,1657,430,1227,330,164,166,200,113,87,0,0,0
06,074,District - Karnal (06),Total,35-39,104746,54345,50401,2535,2146,389,98640,51259,47381,3071,668,2403,326,174,152,174,98,76,0,0,0
06,074,District - Karnal (06),Total,40-44,89197,46005,43192,1510,1222,288,83270,43743,39527,4031,827,3204,265,140,125,121,73,48,0,0,0
06,074,District - Karnal (06),Total,45-49,74265,38971,35294,763,639,124,68000,37140,30860,5248,1058,4190,166,82,84,88,52,36,0,0,0
06,074,District - Karnal (06),Total,50-54,56516,29514,27002,615,492,123,49847,27738,22109,5868,1201,4667,117,59,58,69,24,45,0,0,0
06,074,District - Karnal (06),Total,55-59,45187,22036,23151,506,396,110,39177,20351,18826,5384,1234,4150,77,37,40,43,18,25,0,0,0
06,074,District - Karnal (06),Total,60-64,50922,25032,25890,1187,777,410,41143,22236,18907,8458,1981,6477,88,27,61,46,11,35,0,0,0
06,074,District - Karnal (06),Total,65-69,31039,15739,15300,1711,1069,642,22448,12929,9519,6812,1722,5090,41,15,26,27,4,23,0,0,0
06,074,District - Karnal (06),Total,70-74,22436,11442,10994,817,530,287,13971,8834,5137,7578,2050,5528,27,16,11,43,12,31,0,0,0
06,074,District - Karnal (06),Total,75-79,11551,5660,5891,121,90,31,6797,4094,2703,4584,1463,3121,19,8,11,30,5,25,0,0,0
06,074,District - Karnal (06),Total,80+,17033,8386,8647,731,470,261,7442,4772,2670,8787,3123,5664,23,12,11,50,9,41,0,0,0
06,074,District - Karnal (06),Total,Age not stated,5259,2754,2505,3194,1902,1292,1868,799,1069,186,47,139,8,6,2,3,0,3,0,0,0
06,074,District - Karnal (06),Total,Less than 18,527435,291541,235894,520530,289126,231404,6469,2235,4234,242,80,162,148,80,68,46,20,26,0,0,0
06,074,District - Karnal (06),Total,Less than 21,627895,346386,281509,600747,338870,261877,26432,7206,19226,403,148,255,236,131,105,77,31,46,0,0,0
06,074,District - Karnal (06),Rural,All ages,1050514,557110,493404,494501,289611,204890,510384,254813,255571,43569,11572,31997,1392,769,623,668,345,323,0,0,0
06,074,District - Karnal (06),Rural,0-9,203439,111530,91909,203439,111530,91909,0,0,0,0,0,0,0,0,0,0,0,0,0,0,0
06,074,District - Karnal (06),Rural,10-14,110604,61256,49348,108692,60459,48233,1751,731,1020,91,32,59,52,27,25,18,7,11,0,0,0
06,074,District - Karnal (06),Rural,15-19,113937,62863,51074,104242,60442,43800,9467,2326,7141,141,53,88,66,35,31,21,7,14,0,0,0
06,074,District - Karnal (06),Rural,20-24,110872,57827,53045,53347,37047,16300,57001,20519,36482,309,136,173,144,86,58,71,39,32,0,0,0
06,074,District - Karnal (06),Rural,25-29,92429,48772,43657,12431,10464,1967,78991,37869,41122,710,265,445,194,109,85,103,65,38,0,0,0
06,074,District - Karnal (06),Rural,30-34,76598,39394,37204,3321,2961,360,71792,35945,35847,1188,315,873,205,112,93,92,61,31,0,0,0
06,074,District - Karnal (06),Rural,35-39,71669,37404,34265,1656,1452,204,67579,35291,32288,2145,482,1663,210,127,83,79,52,27,0,0,0
06,074,District - Karnal (06),Rural,40-44,60881,31630,29251,984,846,138,56885,30067,26818,2791,588,2203,172,96,76,49,33,16,0,0,0
06,074,District - Karnal (06),Rural,45-49,48498,25727,22771,459,411,48,44360,24505,19855,3544,735,2809,92,50,42,43,26,17,0,0,0
06,074,District - Karnal (06),Rural,50-54,35736,18677,17059,384,334,50,31368,17481,13887,3890,811,3079,62,36,26,32,15,17,0,0,0
06,074,District - Karnal (06),Rural,55-59,28746,13619,15127,291,260,31,24914,12530,12384,3472,792,2680,49,28,21,20,9,11,0,0,0
06,074,District - Karnal (06),Rural,60-64,35612,17274,18338,869,599,270,28859,15296,13563,5796,1352,4444,61,20,41,27,7,20,0,0,0
06,074,District - Karnal (06),Rural,65-69,21751,10934,10817,1217,790,427,15819,8962,6857,4669,1169,3500,26,10,16,20,3,17,0,0,0
06,074,District - Karnal (06),Rural,70-74,15974,8208,7766,598,401,197,10070,6321,3749,5253,1463,3790,20,13,7,33,10,23,0,0,0
06,074,District - Karnal (06),Rural,75-79,8189,4049,4140,87,71,16,4933,2943,1990,3130,1025,2105,16,6,10,23,4,19,0,0,0
06,074,District - Karnal (06),Rural,80+,12326,6204,6122,457,298,159,5487,3564,1923,6328,2325,4003,18,10,8,36,7,29,0,0,0
06,074,District - Karnal (06),Rural,Age not stated,3253,1742,1511,2027,1246,781,1108,463,645,112,29,83,5,4,1,1,0,1,0,0,0
06,074,District - Karnal (06),Rural,Less than 18,381946,210364,171582,377303,208713,168590,4363,1544,2819,169,54,115,82,42,40,29,11,18,0,0,0
06,074,District - Karnal (06),Rural,Less than 21,454117,249534,204583,433965,244003,189962,19677,5335,14342,283,100,183,145,78,67,47,18,29,0,0,0
06,074,District - Karnal (06),Urban,All ages,454810,240602,214208,204556,120478,84078,228974,114589,114385,19869,4913,14956,817,350,467,594,272,322,0,0,0
06,074,District - Karnal (06),Urban,0-9,77362,42888,34474,77362,42888,34474,0,0,0,0,0,0,0,0,0,0,0,0,0,0,0
06,074,District - Karnal (06),Urban,10-14,42456,23881,18575,41403,23472,17931,958,363,595,42,18,24,45,25,20,8,3,5,0,0,0
06,074,District - Karnal (06),Urban,15-19,43726,24562,19164,40429,23718,16711,3197,797,2400,49,19,30,34,20,14,17,8,9,0,0,0
06,074,District - Karnal (06),Urban,20-24,47056,24600,22456,28612,18393,10219,18195,6102,12093,156,63,93,60,25,35,33,17,16,0,0,0
06,074,District - Karnal (06),Urban,25-29,43091,22195,20896,9883,7283,2600,32708,14713,17995,276,95,181,127,52,75,97,52,45,0,0,0
06,074,District - Karnal (06),Urban,30-34,35603,18060,17543,2206,1699,507,32695,16142,16553,469,115,354,125,52,73,108,52,56,0,0,0
06,074,District - Karnal (06),Urban,35-39,33077,16941,16136,879,694,185,31061,15968,15093,926,186,740,116,47,69,95,46,49,0,0,0
06,074,District - Karnal (06),Urban,40-44,28316,14375,13941,526,376,150,26385,13676,12709,1240,239,1001,93,44,49,72,40,32,0,0,0
06,074,District - Karnal (06),Urban,45-49,25767,13244,12523,304,228,76,23640,12635,11005,1704,323,1381,74,32,42,45,26,19,0,0,0
06,074,District - Karnal (06),Urban,50-54,20780,10837,9943,231,158,73,18479,10257,8222,1978,390,1588,55,23,32,37,9,28,0,0,0
06,074,District - Karnal (06),Urban,55-59,16441,8417,8024,215,136,79,14263,7821,6442,1912,442,1470,28,9,19,23,9,14,0,0,0
06,074,District - Karnal (06),Urban,60-64,15310,7758,7552,318,178,140,12284,6940,5344,2662,629,2033,27,7,20,19,4,15,0,0,0
06,074,District - Karnal (06),Urban,65-69,9288,4805,4483,494,279,215,6629,3967,2662,2143,553,1590,15,5,10,7,1,6,0,0,0
06,074,District - Karnal (06),Urban,70-74,6462,3234,3228,219,129,90,3901,2513,1388,2325,587,1738,7,3,4,10,2,8,0,0,0
06,074,District - Karnal (06),Urban,75-79,3362,1611,1751,34,19,15,1864,1151,713,1454,438,1016,3,2,1,7,1,6,0,0,0
06,074,District - Karnal (06),Urban,80+,4707,2182,2525,274,172,102,1955,1208,747,2459,798,1661,5,2,3,14,2,12,0,0,0
06,074,District - Karnal (06),Urban,Age not stated,2006,1012,994,1167,656,511,760,336,424,74,18,56,3,2,1,2,0,2,0,0,0
06,074,District - Karnal (06),Urban,Less than 18,145489,81177,64312,143227,80413,62814,2106,691,1415,73,26,47,66,38,28,17,9,8,0,0,0
06,074,District - Karnal (06),Urban,Less than 21,173778,96852,76926,166782,94867,71915,6755,1871,4884,120,48,72,91,53,38,30,13,17,0,0,0
06,075,District - Panipat (07),Total,All ages,1205437,646857,558580,580798,342815,237983,577097,290122,286975,45387,12815,32572,1392,654,738,763,451,312,0,0,0
06,075,District - Panipat (07),Total,0-9,242922,132407,110515,242922,132407,110515,0,0,0,0,0,0,0,0,0,0,0,0,0,0,0
06,075,District - Panipat (07),Total,10-14,131451,73076,58375,129090,72124,56966,2258,905,1353,60,23,37,32,18,14,11,6,5,0,0,0
06,075,District - Panipat (07),Total,15-19,130630,73051,57579,118340,70016,48324,12085,2949,9136,127,52,75,58,25,33,20,9,11,0,0,0
06,075,District - Panipat (07),Total,20-24,126101,67661,58440,62487,45012,17475,63071,22426,40645,310,117,193,162,70,92,71,36,35,0,0,0
06,075,District - Panipat (07),Total,25-29,107971,57386,50585,16884,14101,2783,89943,42773,47170,796,323,473,210,105,105,138,84,54,0,0,0
06,075,District - Panipat (07),Total,30-34,89134,46052,43082,4080,3541,539,83392,41918,41474,1297,400,897,214,102,112,151,91,60,0,0,0
06,075,District - Panipat (07),Total,35-39,83196,43356,39840,1804,1602,202,78798,41007,37791,2226,567,1659,231,103,128,137,77,60,0,0,0
06,075,District - Panipat (07),Total,40-44,69586,36992,32594,1124,974,150,64978,35120,29858,3247,757,2490,143,76,67,94,65,29,0,0,0
06,075,District - Panipat (07),Total,45-49,56848,30222,26626,733,629,104,52128,28658,23470,3838,863,2975,102,42,60,47,30,17,0,0,0
06,075,District - Panipat (07),Total,50-54,43473,23229,20244,541,438,103,38394,21741,16653,4446,998,3448,62,32,30,30,20,10,0,0,0
06,075,District - Panipat (07),Total,55-59,33363,16950,16413,368,281,87,29247,15748,13499,3668,881,2787,47,21,26,33,19,14,0,0,0
06,075,District - Panipat (07),Total,60-64,34671,17327,17344,602,444,158,27928,15402,12526,6065,1447,4618,60,26,34,16,8,8,0,0,0
06,075,District - Panipat (07),Total,65-69,20708,10659,10049,525,353,172,15394,8968,6426,4757,1325,3432,25,12,13,7,1,6,0,0,0
06,075,District - Panipat (07),Total,70-74,15253,8004,7249,264,199,65,9629,6206,3423,5338,1589,3749,19,8,11,3,2,1,0,0,0
06,075,District - Panipat (07),Total,75-79,7827,4015,3812,124,94,30,4559,2790,1769,3134,1127,2007,8,3,5,2,1,1,0,0,0
06,075,District - Panipat (07),Total,80+,11949,6276,5673,678,464,214,5184,3460,1724,6065,2339,3726,19,11,8,3,2,1,0,0,0
06,075,District - Panipat (07),Total,Age not stated,354,194,160,232,136,96,109,51,58,13,7,6,0,0,0,0,0,0,0,0,0
06,075,District - Panipat (07),Total,Less than 18,451724,248402,203322,445612,246315,199297,5892,1991,3901,139,52,87,61,33,28,20,11,9,0,0,0
06,075,District - Panipat (07),Total,Less than 21,535048,294840,240208,510094,288095,221999,24545,6572,17973,240,93,147,126,59,67,43,21,22,0,0,0
06,075,District - Panipat (07),Rural,All ages,650352,349642,300710,315070,186879,128191,308365,154647,153718,25955,7581,18374,676,342,334,286,193,93,0,0,0
06,075,District - Panipat (07),Rural,0-9,135092,73944,61148,135092,73944,61148,0,0,0,0,0,0,0,0,0,0,0,0,0,0,0
06,075,District - Panipat (07),Rural,10-14,73066,40427,32639,71801,39891,31910,1218,517,701,30,11,19,14,7,7,3,1,2,0,0,0
06,075,District - Panipat (07),Rural,15-19,72093,39953,32140,64436,38047,26389,7549,1859,5690,65,27,38,30,13,17,13,7,6,0,0,0
06,075,District - Panipat (07),Rural,20-24,68185,36844,31341,30252,22880,7372,37650,13843,23807,175,66,109,79,38,41,29,17,12,0,0,0
06,075,District - Panipat (07),Rural,25-29,55836,30181,25655,7170,6514,656,48045,23379,24666,470,195,275,93,51,42,58,42,16,0,0,0
06,075,District - Panipat (07),Rural,30-34,46059,23939,22120,2129,1979,150,42996,21626,21370,782,236,546,96,54,42,56,44,12,0,0,0
06,075,District - Panipat (07),Rural,35-39,42773,22443,20330,1054,980,74,40249,21057,19192,1323,330,993,109,54,55,38,22,16,0,0,0
06,075,District - Panipat (07),Rural,40-44,35794,19160,16634,708,655,53,33171,18013,15158,1809,425,1384,71,39,32,35,28,7,0,0,0
06,075,District - Panipat (07),Rural,45-49,28330,15024,13306,427,400,27,25696,14114,11582,2143,476,1667,46,21,25,18,13,5,0,0,0
06,075,District - Panipat (07),Rural,50-54,22067,11646,10421,318,286,32,19314,10812,8502,2398,527,1871,28,15,13,9,6,3,0,0,0
06,075,District - Panipat (07),Rural,55-59,17394,8579,8815,215,189,26,15195,7915,7280,1949,457,1492,26,13,13,9,5,4,0,0,0
06,075,District - Panipat (07),Rural,60-64,19948,9738,10210,399,315,84,16170,8579,7591,3334,823,2511,38,16,22,7,5,2,0,0,0
06,075,District - Panipat (07),Rural,65-69,12142,6270,5872,335,250,85,9139,5272,3867,2647,743,1904,16,5,11,5,0,5,0,0,0
06,075,District - Panipat (07),Rural,70-74,9091,4828,4263,188,155,33,5769,3687,2082,3118,978,2140,13,6,7,3,2,1,0,0,0
06,075,District - Panipat (07),Rural,75-79,4745,2441,2304,87,75,12,2858,1693,1165,1794,670,1124,5,3,2,1,0,1,0,0,0
06,075,District - Panipat (07),Rural,80+,7534,4107,3427,332,241,91,3279,2246,1033,3909,1612,2297,12,7,5,2,1,1,0,0,0
06,075,District - Panipat (07),Rural,Age not stated,203,118,85,127,78,49,67,35,32,9,5,4,0,0,0,0,0,0,0,0,0
06,075,District - Panipat (07),Rural,Less than 18,251235,138116,113119,247802,136923,110879,3329,1148,2181,67,25,42,28,15,13,9,5,4,0,0,0
06,075,District - Panipat (07),Rural,Less than 21,296858,163342,133516,281603,159131,122472,15040,4120,10920,130,51,79,64,29,35,21,11,10,0,0,0
06,075,District - Panipat (07),Urban,All ages,555085,297215,257870,265728,155936,109792,268732,135475,133257,19432,5234,14198,716,312,404,477,258,219,0,0,0
06,075,District - Panipat (07),Urban,0-9,107830,58463,49367,107830,58463,49367,0,0,0,0,0,0,0,0,0,0,0,0,0,0,0
06,075,District - Panipat (07),Urban,10-14,58385,32649,25736,57289,32233,25056,1040,388,652,30,12,18,18,11,7,8,5,3,0,0,0
06,075,District - Panipat (07),Urban,15-19,58537,33098,25439,53904,31969,21935,4536,1090,3446,62,25,37,28,12,16,7,2,5,0,0,0
06,075,District - Panipat (07),Urban,20-24,57916,30817,27099,32235,22132,10103,25421,8583,16838,135,51,84,83,32,51,42,19,23,0,0,0
06,075,District - Panipat (07),Urban,25-29,52135,27205,24930,9714,7587,2127,41898,19394,22504,326,128,198,117,54,63,80,42,38,0,0,0
06,075,District - Panipat (07),Urban,30-34,43075,22113,20962,1951,1562,389,40396,20292,20104,515,164,351,118,48,70,95,47,48,0,0,0
06,075,District - Panipat (07),Urban,35-39,40423,20913,19510,750,622,128,38549,19950,18599,903,237,666,122,49,73,99,55,44,0,0,0
06,075,District - Panipat (07),Urban,40-44,33792,17832,15960,416,319,97,31807,17107,14700,1438,332,1106,72,37,35,59,37,22,0,0,0
06,075,District - Panipat (07),Urban,45-49,28518,15198,13320,306,229,77,26432,14544,11888,1695,387,1308,56,21,35,29,17,12,0,0,0
06,075,District - Panipat (07),Urban,50-54,21406,11583,9823,223,152,71,19080,10929,8151,2048,471,1577,34,17,17,21,14,7,0,0,0
06,075,District - Panipat (07),Urban,55-59,15969,8371,7598,153,92,61,14052,7833,6219,1719,424,1295,21,8,13,24,14,10,0,0,0
06,075,District - Panipat (07),Urban,60-64,14723,7589,7134,203,129,74,11758,6823,4935,2731,624,2107,22,10,12,9,3,6,0,0,0
06,075,District - Panipat (07),Urban,65-69,8566,4389,4177,190,103,87,6255,3696,2559,2110,582,1528,9,7,2,2,1,1,0,0,0
06,075,District - Panipat (07),Urban,70-74,6162,3176,2986,76,44,32,3860,2519,1341,2220,611,1609,6,2,4,0,0,0,0,0,0
06,075,District - Panipat (07),Urban,75-79,3082,1574,1508,37,19,18,1701,1097,604,1340,457,883,3,0,3,1,1,0,0,0,0
06,075,District - Panipat (07),Urban,80+,4415,2169,2246,346,223,123,1905,1214,691,2156,727,1429,7,4,3,1,1,0,0,0,0
06,075,District - Panipat (07),Urban,Age not stated,151,76,75,105,58,47,42,16,26,4,2,2,0,0,0,0,0,0,0,0,0
06,075,District - Panipat (07),Urban,Less than 18,200489,110286,90203,197810,109392,88418,2563,843,1720,72,27,45,33,18,15,11,6,5,0,0,0
06,075,District - Panipat (07),Urban,Less than 21,238190,131498,106692,228491,128964,99527,9505,2452,7053,110,42,68,62,30,32,22,10,12,0,0,0
06,076,District - Sonipat (08),Total,All ages,1450001,781299,668702,678556,408782,269774,703813,352873,350940,64968,18205,46763,1790,942,848,874,497,377,0,0,0
06,076,District - Sonipat (08),Total,0-9,271301,151067,120234,271301,151067,120234,0,0,0,0,0,0,0,0,0,0,0,0,0,0,0
06,076,District - Sonipat (08),Total,10-14,149734,83654,66080,146263,82157,64106,3308,1426,1882,101,43,58,39,17,22,23,11,12,0,0,0
06,076,District - Sonipat (08),Total,15-19,155325,86501,68824,141438,83113,58325,13607,3274,10333,191,77,114,59,24,35,30,13,17,0,0,0
06,076,District - Sonipat (08),Total,20-24,150360,81351,69009,79186,57889,21297,70439,23143,47296,468,192,276,180,90,90,87,37,50,0,0,0
06,076,District - Sonipat (08),Total,25-29,128481,68783,59698,23093,19973,3120,103895,48240,55655,1109,370,739,237,113,124,147,87,60,0,0,0
06,076,District - Sonipat (08),Total,30-34,105709,55637,50072,6405,5793,612,96993,49041,47952,1901,560,1341,277,153,124,133,90,43,0,0,0
06,076,District - Sonipat (08),Total,35-39,98086,50991,47095,2917,2650,267,91729,47361,44368,3029,730,2299,254,144,110,157,106,51,0,0,0
06,076,District - Sonipat (08),Total,40-44,85217,45422,39795,1879,1691,188,78728,42539,36189,4309,1029,3280,199,106,93,102,57,45,0,0,0
06,076,District - Sonipat (08),Total,45-49,71204,37903,33301,1013,895,118,64796,35724,29072,5150,1136,4014,180,110,70,65,38,27,0,0,0
06,076,District - Sonipat (08),Total,50-54,58140,30737,27403,758,645,113,51165,28702,22463,6061,1301,4760,116,66,50,40,23,17,0,0,0
06,076,District - Sonipat (08),Total,55-59,45826,23570,22256,508,416,92,39659,21754,17905,5553,1353,4200,80,39,41,26,8,18,0,0,0
06,076,District - Sonipat (08),Total,60-64,48341,23776,24565,887,627,260,38918,21091,17827,8448,2016,6432,65,30,35,23,12,11,0,0,0
06,076,District - Sonipat (08),Total,65-69,28685,14465,14220,841,543,298,21299,12151,9148,6486,1748,4738,42,18,24,17,5,12,0,0,0
06,076,District - Sonipat (08),Total,70-74,22691,11526,11165,399,286,113,14419,9026,5393,7833,2196,5637,30,15,15,10,3,7,0,0,0
06,076,District - Sonipat (08),Total,75-79,11930,6101,5829,177,142,35,6990,4221,2769,4745,1725,3020,12,9,3,6,4,2,0,0,0
06,076,District - Sonipat (08),Total,80+,17705,9165,8540,773,512,261,7365,4929,2436,9542,3716,5826,19,7,12,6,1,5,0,0,0
06,076,District - Sonipat (08),Total,Age not stated,1266,650,616,718,383,335,503,251,252,42,13,29,1,1,0,2,2,0,0,0,0
06,076,District - Sonipat (08),Total,Less than 18,513024,285851,227173,505235,282940,222295,7464,2778,4686,213,81,132,68,30,38,44,22,22,0,0,0
06,076,District - Sonipat (08),Total,Less than 21,611824,340218,271606,583283,332738,250545,27988,7249,20739,367,150,217,129,56,73,57,25,32,0,0,0
06,076,District - Sonipat (08),Rural,All ages,996637,538750,457887,471013,285308,185705,476909,238904,238005,46988,13539,33449,1245,692,553,482,307,175,0,0,0
06,076,District - Sonipat (08),Rural,0-9,189831,105512,84319,189831,105512,84319,0,0,0,0,0,0,0,0,0,0,0,0,0,0,0
06,076,District - Sonipat (08),Rural,10-14,105473,58543,46930,103156,57519,45637,2224,987,1237,63,23,40,21,11,10,9,3,6,0,0,0
06,076,District - Sonipat (08),Rural,15-19,109494,60635,48859,99161,58195,40966,10143,2367,7776,143,58,85,35,10,25,12,5,7,0,0,0
06,076,District - Sonipat (08),Rural,20-24,103171,56658,46513,51571,39528,12043,51096,16903,34193,331,142,189,122,58,64,51,27,24,0,0,0
06,076,District - Sonipat (08),Rural,25-29,86222,46990,39232,14741,13476,1265,70435,33098,37337,812,273,539,155,88,67,79,55,24,0,0,0
06,076,District - Sonipat (08),Rural,30-34,70955,37863,33092,4630,4356,274,64641,32916,31725,1409,421,988,202,111,91,73,59,14,0,0,0
06,076,District - Sonipat (08),Rural,35-39,65116,34253,30863,2231,2105,126,60445,31434,29011,2188,544,1644,174,107,67,78,63,15,0,0,0
06,076,District - Sonipat (08),Rural,40-44,56842,30637,26205,1459,1366,93,52055,28368,23687,3134,783,2351,135,83,52,59,37,22,0,0,0
06,076,District - Sonipat (08),Rural,45-49,46899,25114,21785,761,701,60,42320,23444,18876,3644,858,2786,134,85,49,40,26,14,0,0,0
06,076,District - Sonipat (08),Rural,50-54,38504,20262,18242,523,477,46,33610,18788,14822,4265,932,3333,78,50,28,28,15,13,0,0,0
06,076,District - Sonipat (08),Rural,55-59,30516,15422,15094,367,321,46,26236,14123,12113,3846,948,2898,53,27,26,14,3,11,0,0,0
06,076,District - Sonipat (08),Rural,60-64,33962,16524,17438,631,470,161,27206,14553,12653,6057,1469,4588,54,25,29,14,7,7,0,0,0
06,076,District - Sonipat (08),Rural,65-69,20253,10085,10168,587,391,196,15010,8442,6568,4611,1236,3375,33,13,20,12,3,9,0,0,0
06,076,District - Sonipat (08),Rural,70-74,16629,8383,8246,276,207,69,10530,6513,4017,5790,1647,4143,26,13,13,7,3,4,0,0,0
06,076,District - Sonipat (08),Rural,75-79,8752,4493,4259,131,115,16,5197,3102,2095,3413,1269,2144,9,6,3,2,1,1,0,0,0
06,076,District - Sonipat (08),Rural,80+,13281,7019,6262,523,356,167,5486,3732,1754,7255,2927,4328,13,4,9,4,0,4,0,0,0
06,076,District - Sonipat (08),Rural,Age not stated,737,357,380,434,213,221,275,134,141,27,9,18,1,1,0,0,0,0,0,0,0
06,076,District - Sonipat (08),Rural,Less than 18,360315,199920,160395,354943,197912,157031,5171,1933,3238,148,52,96,35,15,20,18,8,10,0,0,0
06,076,District - Sonipat (08),Rural,Less than 21,429747,238134,191613,408638,232731,175907,20751,5261,15490,256,103,153,79,30,49,23,9,14,0,0,0
06,076,District - Sonipat (08),Urban,All ages,453364,242549,210815,207543,123474,84069,226904,113969,112935,17980,4666,13314,545,250,295,392,190,202,0,0,0
06,076,District - Sonipat (08),Urban,0-9,81470,45555,35915,81470,45555,35915,0,0,0,0,0,0,0,0,0,0,0,0,0,0,0
06,076,District - Sonipat (08),Urban,10-14,44261,25111,19150,43107,24638,18469,1084,439,645,38,20,18,18,6,12,14,8,6,0,0,0
06,076,District - Sonipat (08),Urban,15-19,45831,25866,19965,42277,24918,17359,3464,907,2557,48,19,29,24,14,10,18,8,10,0,0,0
06,076,District - Sonipat (08),Urban,20-24,47189,24693,22496,27615,18361,9254,19343,6240,13103,137,50,87,58,32,26,36,10,26,0,0,0
06,076,District - Sonipat (08),Urban,25-29,42259,21793,20466,8352,6497,1855,33460,15142,18318,297,97,200,82,25,57,68,32,36,0,0,0
06,076,District - Sonipat (08),Urban,30-34,34754,17774,16980,1775,1437,338,32352,16125,16227,492,139,353,75,42,33,60,31,29,0,0,0
06,076,District - Sonipat (08),Urban,35-39,32970,16738,16232,686,545,141,31284,15927,15357,841,186,655,80,37,43,79,43,36,0,0,0
06,076,District - Sonipat (08),Urban,40-44,28375,14785,13590,420,325,95,26673,14171,12502,1175,246,929,64,23,41,43,20,23,0,0,0
06,076,District - Sonipat (08),Urban,45-49,24305,12789,11516,252,194,58,22476,12280,10196,1506,278,1228,46,25,21,25,12,13,0,0,0
06,076,District - Sonipat (08),Urban,50-54,19636,10475,9161,235,168,67,17555,9914,7641,1796,369,1427,38,16,22,12,8,4,0,0,0
06,076,District - Sonipat (08),Urban,55-59,15310,8148,7162,141,95,46,13423,7631,5792,1707,405,1302,27,12,15,12,5,7,0,0,0
06,076,District - Sonipat (08),Urban,60-64,14379,7252,7127,256,157,99,11712,6538,5174,2391,547,1844,11,5,6,9,5,4,0,0,0
06,076,District - Sonipat (08),Urban,65-69,8432,4380,4052,254,152,102,6289,3709,2580,1875,512,1363,9,5,4,5,2,3,0,0,0
06,076,District - Sonipat (08),Urban,70-74,6062,3143,2919,123,79,44,3889,2513,1376,2043,549,1494,4,2,2,3,0,3,0,0,0
06,076,District - Sonipat (08),Urban,75-79,3178,1608,1570,46,27,19,1793,1119,674,1332,456,876,3,3,0,4,3,1,0,0,0
06,076,District - Sonipat (08),Urban,80+,4424,2146,2278,250,156,94,1879,1197,682,2287,789,1498,6,3,3,2,1,1,0,0,0
06,076,District - Sonipat (08),Urban,Age not stated,529,293,236,284,170,114,228,117,111,15,4,11,0,0,0,2,2,0,0,0,0
06,076,District - Sonipat (08),Urban,Less than 18,152709,85931,66778,150292,85028,65264,2293,845,1448,65,29,36,33,15,18,26,14,12,0,0,0
06,076,District - Sonipat (08),Urban,Less than 21,182077,102084,79993,174645,100007,74638,7237,1988,5249,111,47,64,50,26,24,34,16,18,0,0,0
06,077,District - Jind (09),Total,All ages,1334152,713006,621146,620527,371088,249439,648809,323604,325205,62740,17157,45583,1499,779,720,577,378,199,0,0,0
06,077,District - Jind (09),Total,0-9,245977,134024,111953,245977,134024,111953,0,0,0,0,0,0,0,0,0,0,0,0,0,0,0
06,077,District - Jind (09),Total,10-14,143719,78790,64929,140607,77524,63083,2958,1200,1758,94,38,56,51,25,26,9,3,6,0,0,0
06,077,District - Jind (09),Total,15-19,148805,82665,66140,133288,78721,54567,15274,3829,11445,168,73,95,61,36,25,14,6,8,0,0,0
06,077,District - Jind (09),Total,20-24,134678,74269,60409,66475,50065,16410,67523,23914,43609,463,188,275,152,66,86,65,36,29,0,0,0
06,077,District - Jind (09),Total,25-29,110906,60339,50567,18686,16913,1773,90859,42880,47979,1049,357,692,204,110,94,108,79,29,0,0,0
06,077,District - Jind (09),Total,30-34,95474,49261,46213,6022,5653,369,87193,42858,44335,1968,575,1393,186,103,83,105,72,33,0,0,0
06,077,District - Jind (09),Total,35-39,92293,47687,44606,3085,2900,185,85489,43804,41685,3371,763,2608,244,137,107,104,83,21,0,0,0
06,077,District - Jind (09),Total,40-44,81688,42606,39082,1826,1693,133,74980,39823,35157,4655,964,3691,162,80,82,65,46,19,0,0,0
06,077,District - Jind (09),Total,45-49,66249,34959,31290,909,822,87,60058,32961,27097,5135,1086,4049,112,67,45,35,23,12,0,0,0
06,077,District - Jind (09),Total,50-54,50971,27032,23939,609,531,78,44416,25227,19189,5823,1207,4616,94,52,42,29,15,14,0,0,0
06,077,District - Jind (09),Total,55-59,39488,19264,20224,439,375,64,34028,17718,16310,4940,1135,3805,66,30,36,15,6,9,0,0,0
06,077,District - Jind (09),Total,60-64,47651,23144,24507,662,507,155,38573,20557,18016,8332,2044,6288,68,30,38,16,6,10,0,0,0
06,077,District - Jind (09),Total,65-69,28771,14341,14430,552,383,169,21296,12079,9217,6871,1859,5012,48,19,29,4,1,3,0,0,0
06,077,District - Jind (09),Total,70-74,21256,10825,10431,245,195,50,13346,8464,4882,7634,2154,5480,28,11,17,3,1,2,0,0,0
06,077,District - Jind (09),Total,75-79,11057,5734,5323,119,95,24,6575,4067,2508,4353,1566,2787,9,6,3,1,0,1,0,0,0
06,077,District - Jind (09),Total,80+,14284,7583,6701,548,385,163,5887,4054,1833,7834,3136,4698,11,7,4,4,1,3,0,0,0
06,077,District - Jind (09),Total,Age not stated,885,483,402,478,302,176,354,169,185,50,12,38,3,0,3,0,0,0,0,0,0
06,077,District - Jind (09),Total,Less than 18,478852,262212,216640,470788,259447,211341,7786,2643,5143,188,77,111,77,41,36,13,4,9,0,0,0
06,077,District - Jind (09),Total,Less than 21,572009,313838,258171,541491,305455,236036,30002,8155,21847,340,139,201,139,72,67,37,17,20,0,0,0
06,077,District - Jind (09),Rural,All ages,1028569,550519,478050,480375,287964,192411,496782,247729,249053,49888,13933,35955,1120,606,514,404,287,117,0,0,0
06,077,District - Jind (09),Rural,0-9,192081,104481,87600,192081,104481,87600,0,0,0,0,0,0,0,0,0,0,0,0,0,0,0
06,077,District - Jind (09),Rural,10-14,112717,61392,51325,110325,60427,49898,2285,921,1364,70,26,44,30,15,15,7,3,4,0,0,0
06,077,District - Jind (09),Rural,15-19,115935,64150,51785,103267,60978,42289,12491,3086,9405,123,56,67,46,26,20,8,4,4,0,0,0
06,077,District - Jind (09),Rural,20-24,102276,57103,45173,48483,37811,10672,53274,19072,34202,356,142,214,113,48,65,50,30,20,0,0,0
06,077,District - Jind (09),Rural,25-29,83710,46092,37618,13640,12753,887,68999,32897,36102,845,292,553,145,86,59,81,64,17,0,0,0
06,077,District - Jind (09),Rural,30-34,73163,38025,35138,4883,4668,215,66483,32753,33730,1583,468,1115,142,84,58,72,52,20,0,0,0
06,077,District - Jind (09),Rural,35-39,70925,37092,33833,2603,2492,111,65383,33814,31569,2690,621,2069,181,102,79,68,63,5,0,0,0
06,077,District - Jind (09),Rural,40-44,62069,32580,29489,1506,1434,72,56659,30246,26413,3747,806,2941,114,60,54,43,34,9,0,0,0
06,077,District - Jind (09),Rural,45-49,49227,26026,23201,736,681,55,44391,24393,19998,3985,881,3104,90,55,35,25,16,9,0,0,0
06,077,District - Jind (09),Rural,50-54,37486,19821,17665,467,422,45,32482,18414,14068,4448,931,3517,72,44,28,17,10,7,0,0,0
06,077,District - Jind (09),Rural,55-59,29305,13916,15389,339,309,30,25152,12701,12451,3754,879,2875,51,23,28,9,4,5,0,0,0
06,077,District - Jind (09),Rural,60-64,37843,18175,19668,557,439,118,30638,16068,14570,6578,1636,4942,57,27,30,13,5,8,0,0,0
06,077,District - Jind (09),Rural,65-69,23306,11534,11772,435,302,133,17238,9705,7533,5589,1510,4079,40,16,24,4,1,3,0,0,0
06,077,District - Jind (09),Rural,70-74,17298,8846,8452,199,164,35,10850,6888,3962,6227,1786,4441,20,8,12,2,0,2,0,0,0
06,077,District - Jind (09),Rural,75-79,9016,4700,4316,94,80,14,5396,3328,2068,3516,1286,2230,9,6,3,1,0,1,0,0,0
06,077,District - Jind (09),Rural,80+,11538,6217,5321,395,290,105,4794,3318,1476,6337,2602,3735,8,6,2,4,1,3,0,0,0
06,077,District - Jind (09),Rural,Age not stated,674,369,305,365,233,132,267,125,142,40,11,29,2,0,2,0,0,0,0,0,0
06,077,District - Jind (09),Rural,Less than 18,374438,204341,170097,368103,202205,165898,6142,2051,4091,136,56,80,48,25,23,9,4,5,0,0,0
06,077,District - Jind (09),Rural,Less than 21,446859,244376,202483,422115,237659,184456,24371,6553,17818,249,102,147,98,49,49,26,13,13,0,0,0
06,077,District - Jind (09),Urban,All ages,305583,162487,143096,140152,83124,57028,152027,75875,76152,12852,3224,9628,379,173,206,173,91,82,0,0,0
06,077,District - Jind (09),Urban,0-9,53896,29543,24353,53896,29543,24353,0,0,0,0,0,0,0,0,0,0,0,0,0,0,0
06,077,District - Jind (09),Urban,10-14,31002,17398,13604,30282,17097,13185,673,279,394,24,12,12,21,10,11,2,0,2,0,0,0
06,077,District - Jind (09),Urban,15-19,32870,18515,14355,30021,17743,12278,2783,743,2040,45,17,28,15,10,5,6,2,4,0,0,0
06,077,District - Jind (09),Urban,20-24,32402,17166,15236,17992,12254,5738,14249,4842,9407,107,46,61,39,18,21,15,6,9,0,0,0
06,077,District - Jind (09),Urban,25-29,27196,14247,12949,5046,4160,886,21860,9983,11877,204,65,139,59,24,35,27,15,12,0,0,0
06,077,District - Jind (09),Urban,30-34,22311,11236,11075,1139,985,154,20710,10105,10605,385,107,278,44,19,25,33,20,13,0,0,0
06,077,District - Jind (09),Urban,35-39,21368,10595,10773,482,408,74,20106,9990,10116,681,142,539,63,35,28,36,20,16,0,0,0
06,077,District - Jind (09),Urban,40-44,19619,10026,9593,320,259,61,18321,9577,8744,908,158,750,48,20,28,22,12,10,0,0,0
06,077,District - Jind (09),Urban,45-49,17022,8933,8089,173,141,32,15667,8568,7099,1150,205,945,22,12,10,10,7,3,0,0,0
06,077,District - Jind (09),Urban,50-54,13485,7211,6274,142,109,33,11934,6813,5121,1375,276,1099,22,8,14,12,5,7,0,0,0
06,077,District - Jind (09),Urban,55-59,10183,5348,4835,100,66,34,8876,5017,3859,1186,256,930,15,7,8,6,2,4,0,0,0
06,077,District - Jind (09),Urban,60-64,9808,4969,4839,105,68,37,7935,4489,3446,1754,408,1346,11,3,8,3,1,2,0,0,0
06,077,District - Jind (09),Urban,65-69,5465,2807,2658,117,81,36,4058,2374,1684,1282,349,933,8,3,5,0,0,0,0,0,0
06,077,District - Jind (09),Urban,70-74,3958,1979,1979,46,31,15,2496,1576,920,1407,368,1039,8,3,5,1,1,0,0,0,0
06,077,District - Jind (09),Urban,75-79,2041,1034,1007,25,15,10,1179,739,440,837,280,557,0,0,0,0,0,0,0,0,0
06,077,District - Jind (09),Urban,80+,2746,1366,1380,153,95,58,1093,736,357,1497,534,963,3,1,2,0,0,0,0,0,0
06,077,District - Jind (09),Urban,Age not stated,211,114,97,113,69,44,87,44,43,10,1,9,1,0,1,0,0,0,0,0,0
06,077,District - Jind (09),Urban,Less than 18,104414,57871,46543,102685,57242,45443,1644,592,1052,52,21,31,29,16,13,4,0,4,0,0,0
06,077,District - Jind (09),Urban,Less than 21,125150,69462,55688,119376,67796,51580,5631,1602,4029,91,37,54,41,23,18,11,4,7,0,0,0
06,078,District - Fatehabad (10),Total,All ages,942011,495360,446651,436792,253681,183111,460421,230290,230131,42599,10189,32410,1426,715,711,773,485,288,0,0,0
06,078,District - Fatehabad (10),Total,0-9,175300,94860,80440,175300,94860,80440,0,0,0,0,0,0,0,0,0,0,0,0,0,0,0
06,078,District - Fatehabad (10),Total,10-14,101504,55299,46205,98928,54093,44835,2469,1158,1311,62,28,34,38,16,22,7,4,3,0,0,0
06,078,District - Fatehabad (10),Total,15-19,104499,57311,47188,94323,54330,39993,9928,2881,7047,153,62,91,73,32,41,22,6,16,0,0,0
06,078,District - Fatehabad (10),Total,20-24,94904,50448,44456,46662,32592,14070,47703,17608,30095,293,125,168,162,77,85,84,46,38,0,0,0
06,078,District - Fatehabad (10),Total,25-29,79538,41808,37730,12174,10054,2120,66349,31304,35045,643,235,408,228,120,108,144,95,49,0,0,0
06,078,District - Fatehabad (10),Total,30-34,68842,35288,33554,3296,2899,397,64037,31872,32165,1176,320,856,200,103,97,133,94,39,0,0,0
06,078,District - Fatehabad (10),Total,35-39,64915,33089,31826,1498,1331,167,61139,31122,30017,1962,464,1498,207,101,106,109,71,38,0,0,0
06,078,District - Fatehabad (10),Total,40-44,56715,29718,26997,877,769,108,52640,28194,24446,2959,612,2347,146,82,64,93,61,32,0,0,0
06,078,District - Fatehabad (10),Total,45-49,46537,24310,22227,545,482,63,42334,23069,19265,3492,669,2823,110,50,60,56,40,16,0,0,0
06,078,District - Fatehabad (10),Total,50-54,34601,18289,16312,408,347,61,30183,17134,13049,3887,740,3147,80,42,38,43,26,17,0,0,0
06,078,District - Fatehabad (10),Total,55-59,26535,12395,14140,270,226,44,22894,11392,11502,3292,735,2557,47,24,23,32,18,14,0,0,0
06,078,District - Fatehabad (10),Total,60-64,34889,16891,17998,524,379,145,28374,15135,13239,5910,1343,4567,57,24,33,24,10,14,0,0,0
06,078,District - Fatehabad (10),Total,65-69,20053,9923,10130,490,322,168,14645,8453,6192,4879,1126,3753,30,16,14,9,6,3,0,0,0
06,078,District - Fatehabad (10),Total,70-74,14081,6889,7192,180,146,34,8802,5511,3291,5067,1213,3854,22,14,8,10,5,5,0,0,0
06,078,District - Fatehabad (10),Total,75-79,7142,3404,3738,85,72,13,4143,2482,1661,2902,844,2058,9,5,4,3,1,2,0,0,0
06,078,District - Fatehabad (10),Total,80+,10168,4482,5686,316,219,97,3977,2589,1388,5855,1664,4191,16,8,8,4,2,2,0,0,0
06,078,District - Fatehabad (10),Total,Age not stated,1788,956,832,916,560,356,804,386,418,67,9,58,1,1,0,0,0,0,0,0,0
06,078,District - Fatehabad (10),Total,Less than 18,339655,184651,155004,333811,182292,151519,5593,2256,3337,159,64,95,74,31,43,18,8,10,0,0,0
06,078,District - Fatehabad (10),Total,Less than 21,404880,220000,184880,383944,213423,170521,20469,6379,14090,269,113,156,143,66,77,55,19,36,0,0,0
06,078,District - Fatehabad (10),Rural,All ages,762423,400814,361609,353974,205580,148394,371783,185929,185854,34924,8325,26599,1175,620,555,567,360,207,0,0,0
06,078,District - Fatehabad (10),Rural,0-9,143875,77742,66133,143875,77742,66133,0,0,0,0,0,0,0,0,0,0,0,0,0,0,0
06,078,District - Fatehabad (10),Rural,10-14,83736,45433,38303,81623,44451,37172,2025,945,1080,53,20,33,29,14,15,6,3,3,0,0,0
06,078,District - Fatehabad (10),Rural,15-19,85324,46721,38603,76600,44162,32438,8515,2480,6035,129,49,80,62,25,37,18,5,13,0,0,0
06,078,District - Fatehabad (10),Rural,20-24,76396,40772,35624,35548,25434,10114,40396,15128,25268,244,102,142,141,69,72,67,39,28,0,0,0
06,078,District - Fatehabad (10),Rural,25-29,63090,33373,29717,8880,7546,1334,53381,25449,27932,529,193,336,180,103,77,120,82,38,0,0,0
06,078,District - Fatehabad (10),Rural,30-34,55419,28476,26943,2599,2327,272,51583,25731,25852,985,263,722,158,88,70,94,67,27,0,0,0
06,078,District - Fatehabad (10),Rural,35-39,52368,26838,25530,1204,1087,117,49310,25226,24084,1597,380,1217,177,91,86,80,54,26,0,0,0
06,078,District - Fatehabad (10),Rural,40-44,45319,23765,21554,678,612,66,41995,22542,19453,2465,503,1962,120,72,48,61,36,25,0,0,0
06,078,District - Fatehabad (10),Rural,45-49,36445,19010,17435,446,404,42,33046,17981,15065,2820,551,2269,92,45,47,41,29,12,0,0,0
06,078,District - Fatehabad (10),Rural,50-54,26976,14191,12785,331,288,43,23407,13273,10134,3148,582,2566,65,33,32,25,15,10,0,0,0
06,078,District - Fatehabad (10),Rural,55-59,20812,9531,11281,209,186,23,17904,8718,9186,2637,593,2044,39,20,19,23,14,9,0,0,0
06,078,District - Fatehabad (10),Rural,60-64,28856,13870,14986,417,309,108,23482,12423,11059,4894,1107,3787,46,23,23,17,8,9,0,0,0
06,078,District - Fatehabad (10),Rural,65-69,16524,8170,8354,394,259,135,12094,6970,5124,4005,925,3080,25,12,13,6,4,2,0,0,0
06,078,District - Fatehabad (10),Rural,70-74,11516,5632,5884,137,115,22,7252,4545,2707,4104,956,3148,17,12,5,6,4,2,0,0,0
06,078,District - Fatehabad (10),Rural,75-79,5841,2789,3052,69,63,6,3428,2046,1382,2334,675,1659,8,5,3,2,0,2,0,0,0
06,078,District - Fatehabad (10),Rural,80+,8586,3796,4790,252,171,81,3385,2197,1188,4932,1420,3512,16,8,8,1,0,1,0,0,0
06,078,District - Fatehabad (10),Rural,Age not stated,1340,705,635,712,424,288,580,275,305,48,6,42,0,0,0,0,0,0,0,0,0
06,078,District - Fatehabad (10),Rural,Less than 18,279164,151357,127807,274309,149403,124906,4645,1873,2772,133,47,86,62,28,34,15,6,9,0,0,0
06,078,District - Fatehabad (10),Rural,Less than 21,332167,180101,152066,314269,174477,139792,17507,5465,12042,224,87,137,122,56,66,45,16,29,0,0,0
06,078,District - Fatehabad (10),Urban,All ages,179588,94546,85042,82818,48101,34717,88638,44361,44277,7675,1864,5811,251,95,156,206,125,81,0,0,0
06,078,District - Fatehabad (10),Urban,0-9,31425,17118,14307,31425,17118,14307,0,0,0,0,0,0,0,0,0,0,0,0,0,0,0
06,078,District - Fatehabad (10),Urban,10-14,17768,9866,7902,17305,9642,7663,444,213,231,9,8,1,9,2,7,1,1,0,0,0,0
06,078,District - Fatehabad (10),Urban,15-19,19175,10590,8585,17723,10168,7555,1413,401,1012,24,13,11,11,7,4,4,1,3,0,0,0
06,078,District - Fatehabad (10),Urban,20-24,18508,9676,8832,11114,7158,3956,7307,2480,4827,49,23,26,21,8,13,17,7,10,0,0,0
06,078,District - Fatehabad (10),Urban,25-29,16448,8435,8013,3294,2508,786,12968,5855,7113,114,42,72,48,17,31,24,13,11,0,0,0
06,078,District - Fatehabad (10),Urban,30-34,13423,6812,6611,697,572,125,12454,6141,6313,191,57,134,42,15,27,39,27,12,0,0,0
06,078,District - Fatehabad (10),Urban,35-39,12547,6251,6296,294,244,50,11829,5896,5933,365,84,281,30,10,20,29,17,12,0,0,0
06,078,District - Fatehabad (10),Urban,40-44,11396,5953,5443,199,157,42,10645,5652,4993,494,109,385,26,10,16,32,25,7,0,0,0
06,078,District - Fatehabad (10),Urban,45-49,10092,5300,4792,99,78,21,9288,5088,4200,672,118,554,18,5,13,15,11,4,0,0,0
06,078,District - Fatehabad (10),Urban,50-54,7625,4098,3527,77,59,18,6776,3861,2915,739,158,581,15,9,6,18,11,7,0,0,0
06,078,District - Fatehabad (10),Urban,55-59,5723,2864,2859,61,40,21,4990,2674,2316,655,142,513,8,4,4,9,4,5,0,0,0
06,078,District - Fatehabad (10),Urban,60-64,6033,3021,3012,107,70,37,4892,2712,2180,1016,236,780,11,1,10,7,2,5,0,0,0
06,078,District - Fatehabad (10),Urban,65-69,3529,1753,1776,96,63,33,2551,1483,1068,874,201,673,5,4,1,3,2,1,0,0,0
06,078,District - Fatehabad (10),Urban,70-74,2565,1257,1308,43,31,12,1550,966,584,963,257,706,5,2,3,4,1,3,0,0,0
06,078,District - Fatehabad (10),Urban,75-79,1301,615,686,16,9,7,715,436,279,568,169,399,1,0,1,1,1,0,0,0,0
06,078,District - Fatehabad (10),Urban,80+,1582,686,896,64,48,16,592,392,200,923,244,679,0,0,0,3,2,1,0,0,0
06,078,District - Fatehabad (10),Urban,Age not stated,448,251,197,204,136,68,224,111,113,19,3,16,1,1,0,0,0,0,0,0,0
06,078,District - Fatehabad (10),Urban,Less than 18,60491,33294,27197,59502,32889,26613,948,383,565,26,17,9,12,3,9,3,2,1,0,0,0
06,078,District - Fatehabad (10),Urban,Less than 21,72713,39899,32814,69675,38946,30729,2962,914,2048,45,26,19,21,10,11,10,3,7,0,0,0
06,079,District - Sirsa (11),Total,All ages,1295189,682582,612607,589273,342564,246709,648187,324325,323862,54538,13979,40559,2059,1029,1030,1132,685,447,0,0,0
06,079,District - Sirsa (11),Total,0-9,228718,123499,105219,228718,123499,105219,0,0,0,0,0,0,0,0,0,0,0,0,0,0,0
06,079,District - Sirsa (11),Total,10-14,135756,74811,60945,131971,73093,58878,3620,1628,1992,85,43,42,63,39,24,17,8,9,0,0,0
06,079,District - Sirsa (11),Total,15-19,141962,77893,64069,128369,73808,54561,13326,3976,9350,164,65,99,85,35,50,18,9,9,0,0,0
06,079,District - Sirsa (11),Total,20-24,132254,70251,62003,68163,46429,21734,63394,23527,39867,395,151,244,183,81,102,119,63,56,0,0,0
06,079,District - Sirsa (11),Total,25-29,111538,58733,52805,18476,14854,3622,91832,43360,48472,767,272,495,291,145,146,172,102,70,0,0,0
06,079,District - Sirsa (11),Total,30-34,96984,49434,47550,4663,3931,732,90374,44830,45544,1419,379,1040,303,138,165,225,156,69,0,0,0
06,079,District - Sirsa (11),Total,35-39,90741,46388,44353,2086,1749,337,85767,43785,41982,2403,576,1827,292,150,142,193,128,65,0,0,0
06,079,District - Sirsa (11),Total,40-44,79902,41556,38346,1282,1094,188,74901,39472,35429,3353,769,2584,242,142,100,124,79,45,0,0,0
06,079,District - Sirsa (11),Total,45-49,66717,34894,31823,830,705,125,61436,33133,28303,4194,912,3282,181,98,83,76,46,30,0,0,0
06,079,District - Sirsa (11),Total,50-54,50355,26963,23392,602,516,86,44640,25370,19270,4922,981,3941,129,62,67,62,34,28,0,0,0
06,079,District - Sirsa (11),Total,55-59,37525,17875,19650,440,362,78,32858,16480,16378,4123,990,3133,68,28,40,36,15,21,0,0,0
06,079,District - Sirsa (11),Total,60-64,46991,23234,23757,711,554,157,38832,20881,17951,7309,1724,5585,101,54,47,38,21,17,0,0,0
06,079,District - Sirsa (11),Total,65-69,27552,13861,13691,646,456,190,20841,11787,9054,5998,1581,4417,47,24,23,20,13,7,0,0,0
06,079,District - Sirsa (11),Total,70-74,20450,10125,10325,348,273,75,12924,8030,4894,7131,1802,5329,35,16,19,12,4,8,0,0,0
06,079,District - Sirsa (11),Total,75-79,10271,4913,5358,145,120,25,6034,3525,2509,4073,1259,2814,14,7,7,5,2,3,0,0,0
06,079,District - Sirsa (11),Total,80+,15041,6920,8121,615,424,191,6300,4029,2271,8089,2454,5635,24,10,14,13,3,10,0,0,0
06,079,District - Sirsa (11),Total,Age not stated,2432,1232,1200,1208,697,511,1108,512,596,113,21,92,1,0,1,2,2,0,0,0,0
06,079,District - Sirsa (11),Total,Less than 18,448322,244399,203923,440010,241013,198997,8000,3240,4760,172,72,100,112,59,53,28,15,13,0,0,0
06,079,District - Sirsa (11),Total,Less than 21,539598,294049,245549,511318,284917,226401,27715,8874,18841,327,143,184,182,87,95,56,28,28,0,0,0
06,079,District - Sirsa (11),Rural,All ages,975941,514177,461764,443194,257478,185716,489219,244650,244569,41240,10772,30468,1543,795,748,745,482,263,0,0,0
06,079,District - Sirsa (11),Rural,0-9,174838,94018,80820,174838,94018,80820,0,0,0,0,0,0,0,0,0,0,0,0,0,0,0
06,079,District - Sirsa (11),Rural,10-14,104820,57653,47167,101899,56321,45578,2800,1265,1535,60,34,26,45,26,19,16,7,9,0,0,0
06,079,District - Sirsa (11),Rural,15-19,107666,59094,48572,96889,55851,41038,10571,3163,7408,126,49,77,66,26,40,14,5,9,0,0,0
06,079,District - Sirsa (11),Rural,20-24,98454,52507,45947,47752,33201,14551,50166,19067,31099,310,123,187,137,66,71,89,50,39,0,0,0
06,079,District - Sirsa (11),Rural,25-29,82143,43451,38692,11846,9881,1965,69372,33156,36216,598,223,375,206,108,98,121,83,38,0,0,0
06,079,District - Sirsa (11),Rural,30-34,72763,37006,35757,3285,2825,460,68032,33697,34335,1085,279,806,223,101,122,138,104,34,0,0,0
06,079,District - Sirsa (11),Rural,35-39,68134,34939,33195,1569,1346,223,64422,32948,31474,1806,451,1355,222,115,107,115,79,36,0,0,0
06,079,District - Sirsa (11),Rural,40-44,59812,31249,28563,974,850,124,56125,29650,26475,2445,579,1866,189,113,76,79,57,22,0,0,0
06,079,District - Sirsa (11),Rural,45-49,48619,25411,23208,614,539,75,44804,24094,20710,3028,672,2356,126,75,51,47,31,16,0,0,0
06,079,District - Sirsa (11),Rural,50-54,35971,19433,16538,457,406,51,31813,18210,13603,3567,746,2821,96,50,46,38,21,17,0,0,0
06,079,District - Sirsa (11),Rural,55-59,26922,12581,14341,333,284,49,23640,11554,12086,2870,706,2164,53,24,29,26,13,13,0,0,0
06,079,District - Sirsa (11),Rural,60-64,36213,17706,18507,566,450,116,30077,15908,14169,5468,1293,4175,77,41,36,25,14,11,0,0,0
06,079,District - Sirsa (11),Rural,65-69,21503,10767,10736,505,363,142,16383,9155,7228,4562,1218,3344,39,21,18,14,10,4,0,0,0
06,079,District - Sirsa (11),Rural,70-74,16136,8011,8125,295,239,56,10279,6348,3931,5522,1407,4115,31,14,17,9,3,6,0,0,0
06,079,District - Sirsa (11),Rural,75-79,8133,3880,4253,120,106,14,4864,2801,2063,3132,965,2167,13,6,7,4,2,2,0,0,0
06,079,District - Sirsa (11),Rural,80+,12239,5657,6582,457,332,125,5162,3301,1861,6590,2012,4578,20,9,11,10,3,7,0,0,0
06,079,District - Sirsa (11),Rural,Age not stated,1575,814,761,795,466,329,709,333,376,71,15,56,0,0,0,0,0,0,0,0,0
06,079,District - Sirsa (11),Rural,Less than 18,343542,186850,156692,337058,184203,152855,6252,2542,3710,126,55,71,83,40,43,23,10,13,0,0,0
06,079,District - Sirsa (11),Rural,Less than 21,412398,224242,188156,389980,216989,172991,21988,7058,14930,249,112,137,133,62,71,48,21,27,0,0,0
06,079,District - Sirsa (11),Urban,All ages,319248,168405,150843,146079,85086,60993,158968,79675,79293,13298,3207,10091,516,234,282,387,203,184,0,0,0
06,079,District - Sirsa (11),Urban,0-9,53880,29481,24399,53880,29481,24399,0,0,0,0,0,0,0,0,0,0,0,0,0,0,0
06,079,District - Sirsa (11),Urban,10-14,30936,17158,13778,30072,16772,13300,820,363,457,25,9,16,18,13,5,1,1,0,0,0,0
06,079,District - Sirsa (11),Urban,15-19,34296,18799,15497,31480,17957,13523,2755,813,1942,38,16,22,19,9,10,4,4,0,0,0,0
06,079,District - Sirsa (11),Urban,20-24,33800,17744,16056,20411,13228,7183,13228,4460,8768,85,28,57,46,15,31,30,13,17,0,0,0
06,079,District - Sirsa (11),Urban,25-29,29395,15282,14113,6630,4973,1657,22460,10204,12256,169,49,120,85,37,48,51,19,32,0,0,0
06,079,District - Sirsa (11),Urban,30-34,24221,12428,11793,1378,1106,272,22342,11133,11209,334,100,234,80,37,43,87,52,35,0,0,0
06,079,District - Sirsa (11),Urban,35-39,22607,11449,11158,517,403,114,21345,10837,10508,597,125,472,70,35,35,78,49,29,0,0,0
06,079,District - Sirsa (11),Urban,40-44,20090,10307,9783,308,244,64,18776,9822,8954,908,190,718,53,29,24,45,22,23,0,0,0
06,079,District - Sirsa (11),Urban,45-49,18098,9483,8615,216,166,50,16632,9039,7593,1166,240,926,55,23,32,29,15,14,0,0,0
06,079,District - Sirsa (11),Urban,50-54,14384,7530,6854,145,110,35,12827,7160,5667,1355,235,1120,33,12,21,24,13,11,0,0,0
06,079,District - Sirsa (11),Urban,55-59,10603,5294,5309,107,78,29,9218,4926,4292,1253,284,969,15,4,11,10,2,8,0,0,0
06,079,District - Sirsa (11),Urban,60-64,10778,5528,5250,145,104,41,8755,4973,3782,1841,431,1410,24,13,11,13,7,6,0,0,0
06,079,District - Sirsa (11),Urban,65-69,6049,3094,2955,141,93,48,4458,2632,1826,1436,363,1073,8,3,5,6,3,3,0,0,0
06,079,District - Sirsa (11),Urban,70-74,4314,2114,2200,53,34,19,2645,1682,963,1609,395,1214,4,2,2,3,1,2,0,0,0
06,079,District - Sirsa (11),Urban,75-79,2138,1033,1105,25,14,11,1170,724,446,941,294,647,1,1,0,1,0,1,0,0,0
06,079,District - Sirsa (11),Urban,80+,2802,1263,1539,158,92,66,1138,728,410,1499,442,1057,4,1,3,3,0,3,0,0,0
06,079,District - Sirsa (11),Urban,Age not stated,857,418,439,413,231,182,399,179,220,42,6,36,1,0,1,2,2,0,0,0,0
06,079,District - Sirsa (11),Urban,Less than 18,104780,57549,47231,102952,56810,46142,1748,698,1050,46,17,29,29,19,10,5,5,0,0,0,0
06,079,District - Sirsa (11),Urban,Less than 21,127200,69807,57393,121338,67928,53410,5727,1816,3911,78,31,47,49,25,24,8,7,1,0,0,0
06,080,District - Hisar (12),Total,All ages,1743931,931562,812369,804357,477900,326457,857798,432609,425189,78403,19184,59219,2228,1147,1081,1145,722,423,0,0,0
06,080,District - Hisar (12),Total,0-9,313599,170039,143560,313599,170039,143560,0,0,0,0,0,0,0,0,0,0,0,0,0,0,0
06,080,District - Hisar (12),Total,10-14,183658,100180,83478,178828,97983,80845,4605,2093,2512,129,51,78,74,42,32,22,11,11,0,0,0
06,080,District - Hisar (12),Total,15-19,190097,105777,84320,171223,100470,70753,18449,5122,13327,279,118,161,109,45,64,37,22,15,0,0,0
06,080,District - Hisar (12),Total,20-24,177501,98746,78755,92203,68424,23779,84273,29859,54414,680,277,403,223,126,97,122,60,62,0,0,0
06,080,District - Hisar (12),Total,25-29,152975,83398,69577,27372,23823,3549,123775,58820,64955,1309,450,859,317,172,145,202,133,69,0,0,0
06,080,District - Hisar (12),Total,30-34,131450,68401,63049,7620,6789,831,120956,60637,60319,2330,658,1672,332,170,162,212,147,65,0,0,0
06,080,District - Hisar (12),Total,35-39,125209,64849,60360,3454,3064,390,117256,60571,56685,4013,905,3108,308,180,128,178,129,49,0,0,0
06,080,District - Hisar (12),Total,40-44,110169,58018,52151,1863,1630,233,102117,54985,47132,5825,1184,4641,244,133,111,120,86,34,0,0,0
06,080,District - Hisar (12),Total,45-49,89708,47144,42564,1067,923,144,81589,44728,36861,6760,1356,5404,201,85,116,91,52,39,0,0,0
06,080,District - Hisar (12),Total,50-54,68850,36743,32107,761,632,129,60066,34488,25578,7834,1532,6302,127,61,66,62,30,32,0,0,0
06,080,District - Hisar (12),Total,55-59,50521,24864,25657,552,403,149,43552,23059,20493,6298,1341,4957,82,39,43,37,22,15,0,0,0
06,080,District - Hisar (12),Total,60-64,58871,28599,30272,1081,729,352,46972,25422,21550,10691,2392,8299,105,42,63,22,14,8,0,0,0
06,080,District - Hisar (12),Total,65-69,32992,16402,16590,1157,717,440,23556,13711,9845,8215,1942,6273,45,23,22,19,9,10,0,0,0
06,080,District - Hisar (12),Total,70-74,24183,11620,12563,465,327,138,14492,9114,5378,9181,2163,7018,35,13,22,10,3,7,0,0,0
06,080,District - Hisar (12),Total,75-79,12647,6114,6533,151,95,56,7119,4335,2784,5365,1679,3686,7,4,3,5,1,4,0,0,0
06,080,District - Hisar (12),Total,80+,17045,8229,8816,748,488,260,7005,4651,2354,9275,3081,6194,12,7,5,5,2,3,0,0,0
06,080,District - Hisar (12),Total,Age not stated,4456,2439,2017,2213,1364,849,2016,1014,1002,219,55,164,7,5,2,1,1,0,0,0,0
06,080,District - Hisar (12),Total,Less than 18,610441,332892,277549,599534,328547,270987,10455,4149,6306,286,110,176,121,60,61,45,26,19,0,0,0
06,080,District - Hisar (12),Total,Less than 21,731296,400387,330909,693144,389006,304138,37320,11005,26315,524,225,299,225,108,117,83,43,40,0,0,0
06,080,District - Hisar (12),Rural,All ages,1190443,634139,556304,554816,329840,224976,577633,288959,288674,55863,14120,41743,1457,761,696,674,459,215,0,0,0
06,080,District - Hisar (12),Rural,0-9,219976,118936,101040,219976,118936,101040,0,0,0,0,0,0,0,0,0,0,0,0,0,0,0
06,080,District - Hisar (12),Rural,10-14,130444,70490,59954,127140,68971,58169,3144,1446,1698,98,42,56,45,23,22,17,8,9,0,0,0
06,080,District - Hisar (12),Rural,15-19,133592,74015,59577,119646,70158,49488,13654,3732,9922,192,87,105,73,24,49,27,14,13,0,0,0
06,080,District - Hisar (12),Rural,20-24,119371,67132,52239,57710,44878,12832,60950,21923,39027,487,205,282,145,83,62,79,43,36,0,0,0
06,080,District - Hisar (12),Rural,25-29,99641,54550,45091,15984,14717,1267,82383,39307,43076,948,331,617,191,99,92,135,96,39,0,0,0
06,080,District - Hisar (12),Rural,30-34,87791,45335,42456,5168,4827,341,80603,39817,40786,1690,483,1207,213,115,98,117,93,24,0,0,0
06,080,District - Hisar (12),Rural,35-39,84173,43598,40575,2475,2278,197,78427,40427,38000,2965,685,2280,213,133,80,93,75,18,0,0,0
06,080,District - Hisar (12),Rural,40-44,74065,38966,35099,1257,1146,111,68376,36760,31616,4204,914,3290,157,91,66,71,55,16,0,0,0
06,080,District - Hisar (12),Rural,45-49,58507,30599,27908,727,648,79,52855,28863,23992,4755,999,3756,126,58,68,44,31,13,0,0,0
06,080,District - Hisar (12),Rural,50-54,44411,23647,20764,506,450,56,38352,22035,16317,5441,1110,4331,84,38,46,28,14,14,0,0,0
06,080,District - Hisar (12),Rural,55-59,32514,15369,17145,345,285,60,27817,14129,13688,4285,920,3365,44,20,24,23,15,8,0,0,0
06,080,District - Hisar (12),Rural,60-64,41505,20008,21497,763,538,225,32960,17643,15317,7689,1787,5902,80,33,47,13,7,6,0,0,0
06,080,District - Hisar (12),Rural,65-69,23116,11370,11746,776,484,292,16427,9453,6974,5865,1409,4456,35,20,15,13,4,9,0,0,0
06,080,District - Hisar (12),Rural,70-74,17206,8181,9025,322,243,79,10253,6371,3882,6597,1556,5041,29,10,19,5,1,4,0,0,0
06,080,District - Hisar (12),Rural,75-79,9050,4402,4648,104,73,31,5170,3111,2059,3767,1215,2552,6,3,3,3,0,3,0,0,0
06,080,District - Hisar (12),Rural,80+,12272,6035,6237,506,345,161,5009,3342,1667,6741,2339,4402,11,7,4,5,2,3,0,0,0
06,080,District - Hisar (12),Rural,Age not stated,2809,1506,1303,1411,863,548,1253,600,653,139,38,101,5,4,1,1,1,0,0,0,0
06,080,District - Hisar (12),Rural,Less than 18,430593,233543,197050,423016,230548,192468,7259,2860,4399,208,86,122,78,32,46,32,17,15,0,0,0
06,080,District - Hisar (12),Rural,Less than 21,514540,280439,234101,486494,272226,214268,27465,7955,19510,370,166,204,152,64,88,59,28,31,0,0,0
06,080,District - Hisar (12),Urban,All ages,553488,297423,256065,249541,148060,101481,280165,143650,136515,22540,5064,17476,771,386,385,471,263,208,0,0,0
06,080,District - Hisar (12),Urban,0-9,93623,51103,42520,93623,51103,42520,0,0,0,0,0,0,0,0,0,0,0,0,0,0,0
06,080,District - Hisar (12),Urban,10-14,53214,29690,23524,51688,29012,22676,1461,647,814,31,9,22,29,19,10,5,3,2,0,0,0
06,080,District - Hisar (12),Urban,15-19,56505,31762,24743,51577,30312,21265,4795,1390,3405,87,31,56,36,21,15,10,8,2,0,0,0
06,080,District - Hisar (12),Urban,20-24,58130,31614,26516,34493,23546,10947,23323,7936,15387,193,72,121,78,43,35,43,17,26,0,0,0
06,080,District - Hisar (12),Urban,25-29,53334,28848,24486,11388,9106,2282,41392,19513,21879,361,119,242,126,73,53,67,37,30,0,0,0
06,080,District - Hisar (12),Urban,30-34,43659,23066,20593,2452,1962,490,40353,20820,19533,640,175,465,119,55,64,95,54,41,0,0,0
06,080,District - Hisar (12),Urban,35-39,41036,21251,19785,979,786,193,38829,20144,18685,1048,220,828,95,47,48,85,54,31,0,0,0
06,080,District - Hisar (12),Urban,40-44,36104,19052,17052,606,484,122,33741,18225,15516,1621,270,1351,87,42,45,49,31,18,0,0,0
06,080,District - Hisar (12),Urban,45-49,31201,16545,14656,340,275,65,28734,15865,12869,2005,357,1648,75,27,48,47,21,26,0,0,0
06,080,District - Hisar (12),Urban,50-54,24439,13096,11343,255,182,73,21714,12453,9261,2393,422,1971,43,23,20,34,16,18,0,0,0
06,080,District - Hisar (12),Urban,55-59,18007,9495,8512,207,118,89,15735,8930,6805,2013,421,1592,38,19,19,14,7,7,0,0,0
06,080,District - Hisar (12),Urban,60-64,17366,8591,8775,318,191,127,14012,7779,6233,3002,605,2397,25,9,16,9,7,2,0,0,0
06,080,District - Hisar (12),Urban,65-69,9876,5032,4844,381,233,148,7129,4258,2871,2350,533,1817,10,3,7,6,5,1,0,0,0
06,080,District - Hisar (12),Urban,70-74,6977,3439,3538,143,84,59,4239,2743,1496,2584,607,1977,6,3,3,5,2,3,0,0,0
06,080,District - Hisar (12),Urban,75-79,3597,1712,1885,47,22,25,1949,1224,725,1598,464,1134,1,1,0,2,1,1,0,0,0
06,080,District - Hisar (12),Urban,80+,4773,2194,2579,242,143,99,1996,1309,687,2534,742,1792,1,0,1,0,0,0,0,0,0
06,080,District - Hisar (12),Urban,Age not stated,1647,933,714,802,501,301,763,414,349,80,17,63,2,1,1,0,0,0,0,0,0
06,080,District - Hisar (12),Urban,Less than 18,179848,99349,80499,176518,97999,78519,3196,1289,1907,78,24,54,43,28,15,13,9,4,0,0,0
06,080,District - Hisar (12),Urban,Less than 21,216756,119948,96808,206650,116780,89870,9855,3050,6805,154,59,95,73,44,29,24,15,9,0,0,0
06,081,District - Bhiwani (13),Total,All ages,1634445,866672,767773,756985,452727,304258,799594,394881,404713,75199,17609,57590,1760,898,862,907,557,350,0,0,0
06,081,District - Bhiwani (13),Total,0-9,306794,167358,139436,306794,167358,139436,0,0,0,0,0,0,0,0,0,0,0,0,0,0,0
06,081,District - Bhiwani (13),Total,10-14,174834,95424,79410,172050,94282,77768,2614,1063,1551,93,39,54,56,32,24,21,8,13,0,0,0
06,081,District - Bhiwani (13),Total,15-19,176797,98593,78204,158801,94474,64327,17691,3989,13702,180,76,104,87,36,51,38,18,20,0,0,0
06,081,District - Bhiwani (13),Total,20-24,163504,88846,74658,78793,60296,18497,83933,28252,55681,483,165,318,177,75,102,118,58,60,0,0,0
06,081,District - Bhiwani (13),Total,25-29,143031,75801,67230,22469,20235,2234,118826,54915,63911,1327,404,923,256,140,116,153,107,46,0,0,0
06,081,District - Bhiwani (13),Total,30-34,121942,62925,59017,6470,6036,434,112799,56059,56740,2293,596,1697,242,134,108,138,100,38,0,0,0
06,081,District - Bhiwani (13),Total,35-39,110894,57511,53383,3043,2841,202,103757,53646,50111,3675,784,2891,289,145,144,130,95,35,0,0,0
06,081,District - Bhiwani (13),Total,40-44,94702,49517,45185,1700,1573,127,87700,46733,40967,5002,1042,3960,188,98,90,112,71,41,0,0,0
06,081,District - Bhiwani (13),Total,45-49,78222,40472,37750,1007,925,82,71031,38219,32812,5971,1208,4763,143,75,68,70,45,25,0,0,0
06,081,District - Bhiwani (13),Total,50-54,62787,32674,30113,742,671,71,54924,30574,24350,6968,1353,5615,110,53,57,43,23,20,0,0,0
06,081,District - Bhiwani (13),Total,55-59,48122,23654,24468,533,476,57,41666,21882,19784,5835,1252,4583,58,31,27,30,13,17,0,0,0
06,081,District - Bhiwani (13),Total,60-64,59421,28240,31181,950,796,154,48353,25264,23089,10033,2132,7901,66,37,29,19,11,8,0,0,0
06,081,District - Bhiwani (13),Total,65-69,33532,16775,16757,778,607,171,24601,14293,10308,8100,1856,6244,43,17,26,10,2,8,0,0,0
06,081,District - Bhiwani (13),Total,70-74,25294,12328,12966,563,505,58,15569,9751,5818,9125,2059,7066,23,11,12,14,2,12,0,0,0
06,081,District - Bhiwani (13),Total,75-79,13721,6739,6982,305,282,23,7788,4852,2936,5612,1595,4017,12,9,3,4,1,3,0,0,0
06,081,District - Bhiwani (13),Total,80+,18551,8548,10003,761,588,173,7370,4937,2433,10406,3018,7388,8,3,5,6,2,4,0,0,0
06,081,District - Bhiwani (13),Total,Age not stated,2297,1267,1030,1226,782,444,972,452,520,96,30,66,2,2,0,1,1,0,0,0,0
06,081,District - Bhiwani (13),Total,Less than 18,587509,321932,265577,579714,319383,260331,7463,2397,5066,195,84,111,101,51,50,36,17,19,0,0,0
06,081,District - Bhiwani (13),Total,Less than 21,698246,382919,315327,663003,374168,288835,34612,8492,26120,370,142,228,180,83,97,81,34,47,0,0,0
06,081,District - Bhiwani (13),Rural,All ages,1313123,696212,616911,608065,364289,243776,642000,316260,325740,61047,14504,46543,1347,729,618,664,430,234,0,0,0
06,081,District - Bhiwani (13),Rural,0-9,249599,135764,113835,249599,135764,113835,0,0,0,0,0,0,0,0,0,0,0,0,0,0,0
06,081,District - Bhiwani (13),Rural,10-14,142601,77517,65084,140367,76593,63774,2097,859,1238,68,29,39,49,28,21,20,8,12,0,0,0
06,081,District - Bhiwani (13),Rural,15-19,143042,79750,63292,127692,76246,51446,15119,3403,11716,135,54,81,62,29,33,34,18,16,0,0,0
06,081,District - Bhiwani (13),Rural,20-24,129781,71030,58751,59241,46930,12311,69900,23852,46048,412,137,275,136,61,75,92,50,42,0,0,0
06,081,District - Bhiwani (13),Rural,25-29,113348,60356,52992,16418,15361,1057,95502,44455,51047,1116,342,774,193,113,80,119,85,34,0,0,0
06,081,District - Bhiwani (13),Rural,30-34,97459,50399,47060,5145,4910,235,90116,44793,45323,1917,506,1411,184,113,71,97,77,20,0,0,0
06,081,District - Bhiwani (13),Rural,35-39,88138,45922,42216,2467,2335,132,82408,42754,39654,2954,645,2309,221,119,102,88,69,19,0,0,0
06,081,District - Bhiwani (13),Rural,40-44,74902,39205,35697,1376,1293,83,69333,36935,32398,3998,856,3142,127,74,53,68,47,21,0,0,0
06,081,District - Bhiwani (13),Rural,45-49,60872,31512,29360,829,782,47,55182,29670,25512,4694,960,3734,114,62,52,53,38,15,0,0,0
06,081,District - Bhiwani (13),Rural,50-54,48708,25219,23489,611,569,42,42518,23526,18992,5463,1064,4399,83,43,40,33,17,16,0,0,0
06,081,District - Bhiwani (13),Rural,55-59,37406,18094,19312,453,417,36,32360,16682,15678,4530,966,3564,45,20,25,18,9,9,0,0,0
06,081,District - Bhiwani (13),Rural,60-64,48678,22862,25816,827,708,119,39693,20380,19313,8089,1736,6353,55,31,24,14,7,7,0,0,0
06,081,District - Bhiwani (13),Rural,65-69,27912,13947,13965,691,554,137,20611,11863,8748,6566,1515,5051,37,14,23,7,1,6,0,0,0
06,081,District - Bhiwani (13),Rural,70-74,21398,10446,10952,505,465,40,13268,8243,5025,7590,1727,5863,22,10,12,13,1,12,0,0,0
06,081,District - Bhiwani (13),Rural,75-79,11652,5800,5852,286,269,17,6715,4170,2545,4639,1354,3285,10,7,3,2,0,2,0,0,0
06,081,District - Bhiwani (13),Rural,80+,15897,7433,8464,643,507,136,6436,4327,2109,8806,2594,6212,7,3,4,5,2,3,0,0,0
06,081,District - Bhiwani (13),Rural,Age not stated,1730,956,774,915,586,329,742,348,394,70,19,51,2,2,0,1,1,0,0,0,0
06,081,District - Bhiwani (13),Rural,Less than 18,478221,261323,216898,471804,259240,212564,6155,1961,4194,145,60,85,82,45,37,35,17,18,0,0,0
06,081,District - Bhiwani (13),Rural,Less than 21,567256,310441,256815,537457,303027,234430,29304,7209,22095,286,106,180,136,65,71,73,34,39,0,0,0
06,081,District - Bhiwani (13),Urban,All ages,321322,170460,150862,148920,88438,60482,157594,78621,78973,14152,3105,11047,413,169,244,243,127,116,0,0,0
06,081,District - Bhiwani (13),Urban,0-9,57195,31594,25601,57195,31594,25601,0,0,0,0,0,0,0,0,0,0,0,0,0,0,0
06,081,District - Bhiwani (13),Urban,10-14,32233,17907,14326,31683,17689,13994,517,204,313,25,10,15,7,4,3,1,0,1,0,0,0
06,081,District - Bhiwani (13),Urban,15-19,33755,18843,14912,31109,18228,12881,2572,586,1986,45,22,23,25,7,18,4,0,4,0,0,0
06,081,District - Bhiwani (13),Urban,20-24,33723,17816,15907,19552,13366,6186,14033,4400,9633,71,28,43,41,14,27,26,8,18,0,0,0
06,081,District - Bhiwani (13),Urban,25-29,29683,15445,14238,6051,4874,1177,23324,10460,12864,211,62,149,63,27,36,34,22,12,0,0,0
06,081,District - Bhiwani (13),Urban,30-34,24483,12526,11957,1325,1126,199,22683,11266,11417,376,90,286,58,21,37,41,23,18,0,0,0
06,081,District - Bhiwani (13),Urban,35-39,22756,11589,11167,576,506,70,21349,10892,10457,721,139,582,68,26,42,42,26,16,0,0,0
06,081,District - Bhiwani (13),Urban,40-44,19800,10312,9488,324,280,44,18367,9798,8569,1004,186,818,61,24,37,44,24,20,0,0,0
06,081,District - Bhiwani (13),Urban,45-49,17350,8960,8390,178,143,35,15849,8549,7300,1277,248,1029,29,13,16,17,7,10,0,0,0
06,081,District - Bhiwani (13),Urban,50-54,14079,7455,6624,131,102,29,12406,7048,5358,1505,289,1216,27,10,17,10,6,4,0,0,0
06,081,District - Bhiwani (13),Urban,55-59,10716,5560,5156,80,59,21,9306,5200,4106,1305,286,1019,13,11,2,12,4,8,0,0,0
06,081,District - Bhiwani (13),Urban,60-64,10743,5378,5365,123,88,35,8660,4884,3776,1944,396,1548,11,6,5,5,4,1,0,0,0
06,081,District - Bhiwani (13),Urban,65-69,5620,2828,2792,87,53,34,3990,2430,1560,1534,341,1193,6,3,3,3,1,2,0,0,0
06,081,District - Bhiwani (13),Urban,70-74,3896,1882,2014,58,40,18,2301,1508,793,1535,332,1203,1,1,0,1,1,0,0,0,0
06,081,District - Bhiwani (13),Urban,75-79,2069,939,1130,19,13,6,1073,682,391,973,241,732,2,2,0,2,1,1,0,0,0
06,081,District - Bhiwani (13),Urban,80+,2654,1115,1539,118,81,37,934,610,324,1600,424,1176,1,0,1,1,0,1,0,0,0
06,081,District - Bhiwani (13),Urban,Age not stated,567,311,256,311,196,115,230,104,126,26,11,15,0,0,0,0,0,0,0,0,0
06,081,District - Bhiwani (13),Urban,Less than 18,109288,60609,48679,107910,60143,47767,1308,436,872,50,24,26,19,6,13,1,0,1,0,0,0
06,081,District - Bhiwani (13),Urban,Less than 21,130990,72478,58512,125546,71141,54405,5308,1283,4025,84,36,48,44,18,26,8,0,8,0,0,0
06,082,District - Rohtak (14),Total,All ages,1061204,568479,492725,488980,295214,193766,517171,258189,258982,52889,13954,38935,1436,717,719,728,405,323,0,0,0
06,082,District - Rohtak (14),Total,0-9,187480,103263,84217,187480,103263,84217,0,0,0,0,0,0,0,0,0,0,0,0,0,0,0
06,082,District - Rohtak (14),Total,10-14,105308,58439,46869,102785,57266,45519,2377,1114,1263,93,36,57,48,20,28,5,3,2,0,0,0
06,082,District - Rohtak (14),Total,15-19,112334,63037,49297,103127,60753,42374,8993,2195,6798,139,59,80,62,24,38,13,6,7,0,0,0
06,082,District - Rohtak (14),Total,20-24,107524,58580,48944,60645,43898,16747,46323,14448,31875,372,157,215,135,56,79,49,21,28,0,0,0
06,082,District - Rohtak (14),Total,25-29,93095,49523,43572,20080,17067,3013,71801,31990,39811,905,306,599,207,103,104,102,57,45,0,0,0
06,082,District - Rohtak (14),Total,30-34,77927,40927,37000,6008,5372,636,70051,34947,35104,1533,429,1104,200,106,94,135,73,62,0,0,0
06,082,District - Rohtak (14),Total,35-39,72290,37485,34805,2848,2606,242,66601,34101,32500,2533,604,1929,187,98,89,121,76,45,0,0,0
06,082,District - Rohtak (14),Total,40-44,64264,33894,30370,1804,1628,176,58766,31431,27335,3427,679,2748,177,101,76,90,55,35,0,0,0
06,082,District - Rohtak (14),Total,45-49,54873,28886,25987,1029,917,112,49567,27029,22538,4078,827,3251,130,69,61,69,44,25,0,0,0
06,082,District - Rohtak (14),Total,50-54,46402,24656,21746,734,622,112,40477,22890,17587,5038,1063,3975,93,50,43,60,31,29,0,0,0
06,082,District - Rohtak (14),Total,55-59,36352,18503,17849,444,354,90,31431,17098,14333,4383,1002,3381,59,30,29,35,19,16,0,0,0
06,082,District - Rohtak (14),Total,60-64,38753,19036,19717,563,434,129,31385,16985,14400,6718,1582,5136,62,25,37,25,10,15,0,0,0
06,082,District - Rohtak (14),Total,65-69,22808,11584,11224,403,297,106,16976,9878,7098,5382,1386,3996,39,20,19,8,3,5,0,0,0
06,082,District - Rohtak (14),Total,70-74,18476,9079,9397,249,194,55,11469,7108,4361,6730,1765,4965,21,8,13,7,4,3,0,0,0
06,082,District - Rohtak (14),Total,75-79,9616,4805,4811,122,98,24,5589,3399,2190,3897,1305,2592,7,3,4,1,0,1,0,0,0
06,082,District - Rohtak (14),Total,80+,13278,6556,6722,431,304,127,5195,3495,1700,7635,2750,4885,9,4,5,8,3,5,0,0,0
06,082,District - Rohtak (14),Total,Age not stated,424,226,198,228,141,87,170,81,89,26,4,22,0,0,0,0,0,0,0,0,0
06,082,District - Rohtak (14),Total,Less than 18,359627,199471,160156,354190,197260,156930,5172,2105,3067,177,70,107,78,31,47,10,5,5,0,0,0
06,082,District - Rohtak (14),Total,Less than 21,430987,238956,192031,411553,233726,177827,18991,5044,13947,287,118,169,131,55,76,25,13,12,0,0,0
06,082,District - Rohtak (14),Rural,All ages,615040,332034,283006,286199,175139,111060,295674,147167,148507,32004,9038,22966,847,477,370,316,213,103,0,0,0
06,082,District - Rohtak (14),Rural,0-9,112754,61945,50809,112754,61945,50809,0,0,0,0,0,0,0,0,0,0,0,0,0,0,0
06,082,District - Rohtak (14),Rural,10-14,63833,35083,28750,62261,34352,27909,1487,705,782,58,16,42,23,8,15,4,2,2,0,0,0
06,082,District - Rohtak (14),Rural,15-19,66292,37304,28988,60189,35862,24327,5956,1380,4576,95,41,54,42,16,26,10,5,5,0,0,0
06,082,District - Rohtak (14),Rural,20-24,61189,34115,27074,31361,24789,6572,29481,9177,20304,235,103,132,84,35,49,28,11,17,0,0,0
06,082,District - Rohtak (14),Rural,25-29,51896,28415,23481,10117,9415,702,40997,18677,22320,613,211,402,125,78,47,44,34,10,0,0,0
06,082,District - Rohtak (14),Rural,30-34,44042,23570,20472,3695,3491,204,39223,19698,19525,966,278,688,106,65,41,52,38,14,0,0,0
06,082,District - Rohtak (14),Rural,35-39,41077,21713,19364,1950,1864,86,37371,19326,18045,1588,413,1175,112,67,45,56,43,13,0,0,0
06,082,District - Rohtak (14),Rural,40-44,36115,19475,16640,1203,1143,60,32682,17764,14918,2097,476,1621,102,66,36,31,26,5,0,0,0
06,082,District - Rohtak (14),Rural,45-49,29722,15947,13775,646,615,31,26609,14732,11877,2357,528,1829,81,50,31,29,22,7,0,0,0
06,082,District - Rohtak (14),Rural,50-54,24975,13253,11722,433,394,39,21596,12173,9423,2860,634,2226,60,36,24,26,16,10,0,0,0
06,082,District - Rohtak (14),Rural,55-59,19496,9635,9861,270,243,27,16766,8787,7979,2418,582,1836,30,18,12,12,5,7,0,0,0
06,082,District - Rohtak (14),Rural,60-64,23136,11167,11969,368,308,60,18718,9872,8846,4006,969,3037,34,14,20,10,4,6,0,0,0
06,082,District - Rohtak (14),Rural,65-69,13809,6931,6878,280,208,72,10305,5844,4461,3201,865,2336,19,13,6,4,1,3,0,0,0
06,082,District - Rohtak (14),Rural,70-74,11654,5719,5935,163,138,25,7269,4455,2814,4198,1117,3081,17,5,12,7,4,3,0,0,0
06,082,District - Rohtak (14),Rural,75-79,6036,3077,2959,79,68,11,3612,2150,1462,2340,857,1483,4,2,2,1,0,1,0,0,0
06,082,District - Rohtak (14),Rural,80+,8691,4516,4175,261,200,61,3464,2365,1099,4956,1945,3011,8,4,4,2,2,0,0,0,0
06,082,District - Rohtak (14),Rural,Age not stated,323,169,154,169,104,65,138,62,76,16,3,13,0,0,0,0,0,0,0,0,0
06,082,District - Rohtak (14),Rural,Less than 18,216540,119483,97057,213150,118132,95018,3225,1293,1932,115,38,77,43,17,26,7,3,4,0,0,0
06,082,District - Rohtak (14),Rural,Less than 21,258109,142799,115310,245223,139465,105758,12599,3218,9381,190,72,118,78,34,44,19,10,9,0,0,0
06,082,District - Rohtak (14),Urban,All ages,446164,236445,209719,202781,120075,82706,221497,111022,110475,20885,4916,15969,589,240,349,412,192,220,0,0,0
06,082,District - Rohtak (14),Urban,0-9,74726,41318,33408,74726,41318,33408,0,0,0,0,0,0,0,0,0,0,0,0,0,0,0
06,082,District - Rohtak (14),Urban,10-14,41475,23356,18119,40524,22914,17610,890,409,481,35,20,15,25,12,13,1,1,0,0,0,0
06,082,District - Rohtak (14),Urban,15-19,46042,25733,20309,42938,24891,18047,3037,815,2222,44,18,26,20,8,12,3,1,2,0,0,0
06,082,District - Rohtak (14),Urban,20-24,46335,24465,21870,29284,19109,10175,16842,5271,11571,137,54,83,51,21,30,21,10,11,0,0,0
06,082,District - Rohtak (14),Urban,25-29,41199,21108,20091,9963,7652,2311,30804,13313,17491,292,95,197,82,25,57,58,23,35,0,0,0
06,082,District - Rohtak (14),Urban,30-34,33885,17357,16528,2313,1881,432,30828,15249,15579,567,151,416,94,41,53,83,35,48,0,0,0
06,082,District - Rohtak (14),Urban,35-39,31213,15772,15441,898,742,156,29230,14775,14455,945,191,754,75,31,44,65,33,32,0,0,0
06,082,District - Rohtak (14),Urban,40-44,28149,14419,13730,601,485,116,26084,13667,12417,1330,203,1127,75,35,40,59,29,30,0,0,0
06,082,District - Rohtak (14),Urban,45-49,25151,12939,12212,383,302,81,22958,12297,10661,1721,299,1422,49,19,30,40,22,18,0,0,0
06,082,District - Rohtak (14),Urban,50-54,21427,11403,10024,301,228,73,18881,10717,8164,2178,429,1749,33,14,19,34,15,19,0,0,0
06,082,District - Rohtak (14),Urban,55-59,16856,8868,7988,174,111,63,14665,8311,6354,1965,420,1545,29,12,17,23,14,9,0,0,0
06,082,District - Rohtak (14),Urban,60-64,15617,7869,7748,195,126,69,12667,7113,5554,2712,613,2099,28,11,17,15,6,9,0,0,0
06,082,District - Rohtak (14),Urban,65-69,8999,4653,4346,123,89,34,6671,4034,2637,2181,521,1660,20,7,13,4,2,2,0,0,0
06,082,District - Rohtak (14),Urban,70-74,6822,3360,3462,86,56,30,4200,2653,1547,2532,648,1884,4,3,1,0,0,0,0,0,0
06,082,District - Rohtak (14),Urban,75-79,3580,1728,1852,43,30,13,1977,1249,728,1557,448,1109,3,1,2,0,0,0,0,0,0
06,082,District - Rohtak (14),Urban,80+,4587,2040,2547,170,104,66,1731,1130,601,2679,805,1874,1,0,1,6,1,5,0,0,0
06,082,District - Rohtak (14),Urban,Age not stated,101,57,44,59,37,22,32,19,13,10,1,9,0,0,0,0,0,0,0,0,0
06,082,District - Rohtak (14),Urban,Less than 18,143087,79988,63099,141040,79128,61912,1947,812,1135,62,32,30,35,14,21,3,2,1,0,0,0
06,082,District - Rohtak (14),Urban,Less than 21,172878,96157,76721,166330,94261,72069,6392,1826,4566,97,46,51,53,21,32,6,3,3,0,0,0
06,083,District - Jhajjar (15),Total,All ages,958405,514667,443738,431795,263839,167956,478010,237719,240291,46965,12255,34710,1091,530,561,544,324,220,0,0,0
06,083,District - Jhajjar (15),Total,0-9,171897,96542,75355,171897,96542,75355,0,0,0,0,0,0,0,0,0,0,0,0,0,0,0
06,083,District - Jhajjar (15),Total,10-14,95290,53649,41641,92927,52645,40282,2272,961,1311,57,24,33,29,15,14,5,4,1,0,0,0
06,083,District - Jhajjar (15),Total,15-19,99232,55516,43716,89439,53092,36347,9609,2343,7266,145,63,82,31,13,18,8,5,3,0,0,0
06,083,District - Jhajjar (15),Total,20-24,97455,52164,45291,49812,37087,12725,47159,14910,32249,354,115,239,89,34,55,41,18,23,0,0,0
06,083,District - Jhajjar (15),Total,25-29,86101,45694,40407,15139,13389,1750,69954,31945,38009,746,222,524,166,77,89,96,61,35,0,0,0
06,083,District - Jhajjar (15),Total,30-34,72322,37871,34451,4587,4180,407,66136,33168,32968,1301,350,951,176,94,82,122,79,43,0,0,0
06,083,District - Jhajjar (15),Total,35-39,67372,35408,31964,2314,2145,169,62657,32610,30047,2155,515,1640,159,76,83,87,62,25,0,0,0
06,083,District - Jhajjar (15),Total,40-44,57535,30571,26964,1396,1287,109,52936,28480,24456,3014,699,2315,120,64,56,69,41,28,0,0,0
06,083,District - Jhajjar (15),Total,45-49,47866,25629,22237,784,704,80,43432,24089,19343,3517,754,2763,95,58,37,38,24,14,0,0,0
06,083,District - Jhajjar (15),Total,50-54,38988,20562,18426,618,552,66,34074,19034,15040,4194,927,3267,71,33,38,31,16,15,0,0,0
06,083,District - Jhajjar (15),Total,55-59,30614,15597,15017,421,362,59,26333,14324,12009,3808,894,2914,43,15,28,9,2,7,0,0,0
06,083,District - Jhajjar (15),Total,60-64,34994,16580,18414,546,423,123,28123,14674,13449,6261,1456,4805,47,21,26,17,6,11,0,0,0
06,083,District - Jhajjar (15),Total,65-69,20450,10296,10154,420,314,106,15124,8769,6355,4871,1197,3674,26,15,11,9,1,8,0,0,0
06,083,District - Jhajjar (15),Total,70-74,15912,7643,8269,292,232,60,9828,5950,3878,5760,1449,4311,23,9,14,9,3,6,0,0,0
06,083,District - Jhajjar (15),Total,75-79,8905,4365,4540,134,120,14,5130,3068,2062,3630,1174,2456,10,3,7,1,0,1,0,0,0
06,083,District - Jhajjar (15),Total,80+,12493,6005,6488,567,421,146,4811,3175,1636,7107,2404,4703,6,3,3,2,2,0,0,0,0
06,083,District - Jhajjar (15),Total,Age not stated,979,575,404,502,344,158,432,219,213,45,12,33,0,0,0,0,0,0,0,0,0
06,083,District - Jhajjar (15),Total,Less than 18,326297,183203,143094,320642,181136,139506,5462,1976,3486,140,65,75,47,22,25,6,4,2,0,0,0
06,083,District - Jhajjar (15),Total,Less than 21,389071,217732,171339,369341,212590,156751,19361,4988,14373,269,107,162,81,34,47,19,13,6,0,0,0
06,083,District - Jhajjar (15),Rural,All ages,715066,384219,330847,320886,197449,123437,355755,176305,179450,37237,9813,27424,789,396,393,399,256,143,0,0,0
06,083,District - Jhajjar (15),Rural,0-9,128338,72196,56142,128338,72196,56142,0,0,0,0,0,0,0,0,0,0,0,0,0,0,0
06,083,District - Jhajjar (15),Rural,10-14,71366,40034,31332,69701,39332,30369,1598,668,930,41,20,21,22,10,12,4,4,0,0,0,0
06,083,District - Jhajjar (15),Rural,15-19,74406,41447,32959,66671,39609,27062,7608,1784,5824,97,38,59,23,11,12,7,5,2,0,0,0
06,083,District - Jhajjar (15),Rural,20-24,72149,38925,33224,35382,27270,8112,36399,11535,24864,270,81,189,68,26,42,30,13,17,0,0,0
06,083,District - Jhajjar (15),Rural,25-29,62896,33790,29106,10641,9827,814,51504,23704,27800,564,158,406,114,52,62,73,49,24,0,0,0
06,083,District - Jhajjar (15),Rural,30-34,53162,28082,25080,3577,3362,215,48351,24310,24041,1026,274,752,119,73,46,89,63,26,0,0,0
06,083,District - Jhajjar (15),Rural,35-39,49243,26194,23049,1900,1792,108,45492,23878,21614,1674,420,1254,112,53,59,65,51,14,0,0,0
06,083,District - Jhajjar (15),Rural,40-44,42138,22367,19771,1169,1107,62,38524,20624,17900,2313,557,1756,86,49,37,46,30,16,0,0,0
06,083,District - Jhajjar (15),Rural,45-49,34891,18686,16205,654,611,43,31470,17441,14029,2663,567,2096,75,46,29,29,21,8,0,0,0
06,083,District - Jhajjar (15),Rural,50-54,28814,15021,13793,512,475,37,25011,13802,11209,3220,713,2507,49,20,29,22,11,11,0,0,0
06,083,District - Jhajjar (15),Rural,55-59,22754,11447,11307,362,321,41,19440,10439,9001,2914,675,2239,34,12,22,4,0,4,0,0,0
06,083,District - Jhajjar (15),Rural,60-64,27378,12732,14646,448,361,87,21928,11191,10737,4953,1158,3795,35,18,17,14,4,10,0,0,0
06,083,District - Jhajjar (15),Rural,65-69,16126,8010,8116,321,257,64,11933,6832,5101,3844,907,2937,22,13,9,6,1,5,0,0,0
06,083,District - Jhajjar (15),Rural,70-74,12921,6163,6758,249,208,41,7960,4765,3195,4686,1181,3505,19,7,12,7,2,5,0,0,0
06,083,District - Jhajjar (15),Rural,75-79,7323,3606,3717,118,109,9,4238,2503,1735,2960,991,1969,6,3,3,1,0,1,0,0,0
06,083,District - Jhajjar (15),Rural,80+,10412,5084,5328,448,349,99,3981,2666,1315,5976,2064,3912,5,3,2,2,2,0,0,0,0
06,083,District - Jhajjar (15),Rural,Age not stated,749,435,314,395,263,132,318,163,155,36,9,27,0,0,0,0,0,0,0,0,0
06,083,District - Jhajjar (15),Rural,Less than 18,244123,136954,107169,239976,135475,104501,4007,1414,2593,98,44,54,38,17,21,4,4,0,0,0,0
06,083,District - Jhajjar (15),Rural,Less than 21,291049,162696,128353,275710,158811,116899,15076,3777,11299,185,70,115,62,26,36,16,12,4,0,0,0
06,083,District - Jhajjar (15),Urban,All ages,243339,130448,112891,110909,66390,44519,122255,61414,60841,9728,2442,7286,302,134,168,145,68,77,0,0,0
06,083,District - Jhajjar (15),Urban,0-9,43559,24346,19213,43559,24346,19213,0,0,0,0,0,0,0,0,0,0,0,0,0,0,0
06,083,District - Jhajjar (15),Urban,10-14,23924,13615,10309,23226,13313,9913,674,293,381,16,4,12,7,5,2,1,0,1,0,0,0
06,083,District - Jhajjar (15),Urban,15-19,24826,14069,10757,22768,13483,9285,2001,559,1442,48,25,23,8,2,6,1,0,1,0,0,0
06,083,District - Jhajjar (15),Urban,20-24,25306,13239,12067,14430,9817,4613,10760,3375,7385,84,34,50,21,8,13,11,5,6,0,0,0
06,083,District - Jhajjar (15),Urban,25-29,23205,11904,11301,4498,3562,936,18450,8241,10209,182,64,118,52,25,27,23,12,11,0,0,0
06,083,District - Jhajjar (15),Urban,30-34,19160,9789,9371,1010,818,192,17785,8858,8927,275,76,199,57,21,36,33,16,17,0,0,0
06,083,District - Jhajjar (15),Urban,35-39,18129,9214,8915,414,353,61,17165,8732,8433,481,95,386,47,23,24,22,11,11,0,0,0
06,083,District - Jhajjar (15),Urban,40-44,15397,8204,7193,227,180,47,14412,7856,6556,701,142,559,34,15,19,23,11,12,0,0,0
06,083,District - Jhajjar (15),Urban,45-49,12975,6943,6032,130,93,37,11962,6648,5314,854,187,667,20,12,8,9,3,6,0,0,0
06,083,District - Jhajjar (15),Urban,50-54,10174,5541,4633,106,77,29,9063,5232,3831,974,214,760,22,13,9,9,5,4,0,0,0
06,083,District - Jhajjar (15),Urban,55-59,7860,4150,3710,59,41,18,6893,3885,3008,894,219,675,9,3,6,5,2,3,0,0,0
06,083,District - Jhajjar (15),Urban,60-64,7616,3848,3768,98,62,36,6195,3483,2712,1308,298,1010,12,3,9,3,2,1,0,0,0
06,083,District - Jhajjar (15),Urban,65-69,4324,2286,2038,99,57,42,3191,1937,1254,1027,290,737,4,2,2,3,0,3,0,0,0
06,083,District - Jhajjar (15),Urban,70-74,2991,1480,1511,43,24,19,1868,1185,683,1074,268,806,4,2,2,2,1,1,0,0,0
06,083,District - Jhajjar (15),Urban,75-79,1582,759,823,16,11,5,892,565,327,670,183,487,4,0,4,0,0,0,0,0,0
06,083,District - Jhajjar (15),Urban,80+,2081,921,1160,119,72,47,830,509,321,1131,340,791,1,0,1,0,0,0,0,0,0
06,083,District - Jhajjar (15),Urban,Age not stated,230,140,90,107,81,26,114,56,58,9,3,6,0,0,0,0,0,0,0,0,0
06,083,District - Jhajjar (15),Urban,Less than 18,82174,46249,35925,80666,45661,35005,1455,562,893,42,21,21,9,5,4,2,0,2,0,0,0
06,083,District - Jhajjar (15),Urban,Less than 21,98022,55036,42986,93631,53779,39852,4285,1211,3074,84,37,47,19,8,11,3,1,2,0,0,0
06,084,District - Mahendragarh (16),Total,All ages,922088,486665,435423,406205,245649,160556,471358,230119,241239,43271,10201,33070,922,479,443,332,217,115,0,0,0
06,084,District - Mahendragarh (16),Total,0-9,162082,90938,71144,162082,90938,71144,0,0,0,0,0,0,0,0,0,0,0,0,0,0,0
06,084,District - Mahendragarh (16),Total,10-14,98421,54382,44039,95746,53333,42413,2581,999,1582,46,19,27,41,28,13,7,3,4,0,0,0
06,084,District - Mahendragarh (16),Total,15-19,100389,55504,44885,86495,51693,34802,13736,3745,9991,103,40,63,48,23,25,7,3,4,0,0,0
06,084,District - Mahendragarh (16),Total,20-24,91649,48700,42949,40932,30741,10191,50267,17784,32483,278,91,187,126,59,67,46,25,21,0,0,0
06,084,District - Mahendragarh (16),Total,25-29,77459,40627,36832,10404,9444,960,66196,30878,35318,658,189,469,139,74,65,62,42,20,0,0,0
06,084,District - Mahendragarh (16),Total,30-34,66799,33538,33261,2891,2705,186,62620,30488,32132,1111,242,869,116,58,58,61,45,16,0,0,0
06,084,District - Mahendragarh (16),Total,35-39,62872,32011,30861,1489,1390,99,59434,30145,29289,1789,390,1399,114,54,60,46,32,14,0,0,0
06,084,District - Mahendragarh (16),Total,40-44,54218,27553,26665,1024,966,58,50597,25976,24621,2449,514,1935,107,66,41,41,31,10,0,0,0
06,084,District - Mahendragarh (16),Total,45-49,45503,23562,21941,746,716,30,41677,22174,19503,2989,619,2370,69,39,30,22,14,8,0,0,0
06,084,District - Mahendragarh (16),Total,50-54,36786,18974,17812,601,566,35,32690,17708,14982,3432,670,2762,48,19,29,15,11,4,0,0,0
06,084,District - Mahendragarh (16),Total,55-59,29112,14723,14389,486,461,25,25255,13474,11781,3335,768,2567,32,18,14,4,2,2,0,0,0
06,084,District - Mahendragarh (16),Total,60-64,34887,16410,18477,801,699,102,28655,14535,14120,5384,1156,4228,41,19,22,6,1,5,0,0,0
06,084,District - Mahendragarh (16),Total,65-69,21441,10702,10739,643,524,119,16055,9035,7020,4718,1128,3590,15,9,6,10,6,4,0,0,0
06,084,District - Mahendragarh (16),Total,70-74,16625,8127,8498,459,429,30,10472,6398,4074,5677,1294,4383,15,5,10,2,1,1,0,0,0
06,084,District - Mahendragarh (16),Total,75-79,9111,4324,4787,251,239,12,5233,3111,2122,3621,971,2650,3,2,1,3,1,2,0,0,0
06,084,District - Mahendragarh (16),Total,80+,13296,5852,7444,537,430,107,5171,3328,1843,7582,2090,5492,6,4,2,0,0,0,0,0,0
06,084,District - Mahendragarh (16),Total,Age not stated,1438,738,700,618,375,243,719,341,378,99,20,79,2,2,0,0,0,0,0,0,0
06,084,District - Mahendragarh (16),Total,Less than 18,320145,178492,141653,312820,175974,136846,7137,2431,4706,112,43,69,65,39,26,11,5,6,0,0,0
06,084,District - Mahendragarh (16),Total,Less than 21,383368,212641,170727,357919,205365,152554,25110,7133,17977,202,73,129,114,62,52,23,8,15,0,0,0
06,084,District - Mahendragarh (16),Rural,All ages,789233,416358,372875,346141,210020,136121,404381,196807,207574,37719,8977,28742,741,387,354,251,167,84,0,0,0
06,084,District - Mahendragarh (16),Rural,0-9,139007,78050,60957,139007,78050,60957,0,0,0,0,0,0,0,0,0,0,0,0,0,0,0
06,084,District - Mahendragarh (16),Rural,10-14,84900,46815,38085,82530,45894,36636,2290,884,1406,42,15,27,31,19,12,7,3,4,0,0,0
06,084,District - Mahendragarh (16),Rural,15-19,86506,47784,38722,73844,44312,29532,12535,3420,9115,85,33,52,35,16,19,7,3,4,0,0,0
06,084,District - Mahendragarh (16),Rural,20-24,77898,41655,36243,33387,25747,7640,44111,15748,28363,248,81,167,110,54,56,42,25,17,0,0,0
06,084,District - Mahendragarh (16),Rural,25-29,65467,34314,31153,8113,7545,568,56613,26502,30111,577,166,411,119,68,51,45,33,12,0,0,0
06,084,District - Mahendragarh (16),Rural,30-34,56758,28448,28310,2433,2310,123,53246,25851,27395,944,206,738,88,44,44,47,37,10,0,0,0
06,084,District - Mahendragarh (16),Rural,35-39,53269,27119,26150,1268,1204,64,50343,25506,24837,1529,338,1191,90,42,48,39,29,10,0,0,0
06,084,District - Mahendragarh (16),Rural,40-44,45910,23262,22648,902,864,38,42794,21887,20907,2112,444,1668,80,51,29,22,16,6,0,0,0
06,084,District - Mahendragarh (16),Rural,45-49,38296,19869,18427,684,664,20,34987,18631,16356,2554,536,2018,55,30,25,16,8,8,0,0,0
06,084,District - Mahendragarh (16),Rural,50-54,30861,15811,15050,540,519,21,27328,14682,12646,2947,589,2358,38,14,24,8,7,1,0,0,0
06,084,District - Mahendragarh (16),Rural,55-59,24776,12402,12374,445,422,23,21425,11309,10116,2874,653,2221,28,16,12,4,2,2,0,0,0
06,084,District - Mahendragarh (16),Rural,60-64,30705,14357,16348,719,637,82,25240,12690,12550,4709,1015,3694,31,14,17,6,1,5,0,0,0
06,084,District - Mahendragarh (16),Rural,65-69,18851,9407,9444,578,486,92,14143,7922,6221,4110,988,3122,14,8,6,6,3,3,0,0,0
06,084,District - Mahendragarh (16),Rural,70-74,14748,7234,7514,422,403,19,9310,5670,3640,5002,1156,3846,14,5,9,0,0,0,0,0,0
06,084,District - Mahendragarh (16),Rural,75-79,8066,3858,4208,243,233,10,4682,2784,1898,3137,839,2298,2,2,0,2,0,2,0,0,0
06,084,District - Mahendragarh (16),Rural,80+,11913,5303,6610,482,394,88,4672,3008,1664,6754,1898,4856,5,3,2,0,0,0,0,0,0
06,084,District - Mahendragarh (16),Rural,Age not stated,1302,670,632,544,336,208,662,313,349,95,20,75,1,1,0,0,0,0,0,0,0
06,084,District - Mahendragarh (16),Rural,Less than 18,275321,153389,121932,268716,151143,117573,6452,2180,4272,96,35,61,46,26,20,11,5,6,0,0,0
06,084,District - Mahendragarh (16),Rural,Less than 21,329585,182812,146773,306708,176264,130444,22591,6434,16157,176,60,116,87,46,41,23,8,15,0,0,0
06,084,District - Mahendragarh (16),Urban,All ages,132855,70307,62548,60064,35629,24435,66977,33312,33665,5552,1224,4328,181,92,89,81,50,31,0,0,0
06,084,District - Mahendragarh (16),Urban,0-9,23075,12888,10187,23075,12888,10187,0,0,0,0,0,0,0,0,0,0,0,0,0,0,0
06,084,District - Mahendragarh (16),Urban,10-14,13521,7567,5954,13216,7439,5777,291,115,176,4,4,0,10,9,1,0,0,0,0,0,0
06,084,District - Mahendragarh (16),Urban,15-19,13883,7720,6163,12651,7381,5270,1201,325,876,18,7,11,13,7,6,0,0,0,0,0,0
06,084,District - Mahendragarh (16),Urban,20-24,13751,7045,6706,7545,4994,2551,6156,2036,4120,30,10,20,16,5,11,4,0,4,0,0,0
06,084,District - Mahendragarh (16),Urban,25-29,11992,6313,5679,2291,1899,392,9583,4376,5207,81,23,58,20,6,14,17,9,8,0,0,0
06,084,District - Mahendragarh (16),Urban,30-34,10041,5090,4951,458,395,63,9374,4637,4737,167,36,131,28,14,14,14,8,6,0,0,0
06,084,District - Mahendragarh (16),Urban,35-39,9603,4892,4711,221,186,35,9091,4639,4452,260,52,208,24,12,12,7,3,4,0,0,0
06,084,District - Mahendragarh (16),Urban,40-44,8308,4291,4017,122,102,20,7803,4089,3714,337,70,267,27,15,12,19,15,4,0,0,0
06,084,District - Mahendragarh (16),Urban,45-49,7207,3693,3514,62,52,10,6690,3543,3147,435,83,352,14,9,5,6,6,0,0,0,0
06,084,District - Mahendragarh (16),Urban,50-54,5925,3163,2762,61,47,14,5362,3026,2336,485,81,404,10,5,5,7,4,3,0,0,0
06,084,District - Mahendragarh (16),Urban,55-59,4336,2321,2015,41,39,2,3830,2165,1665,461,115,346,4,2,2,0,0,0,0,0,0
06,084,District - Mahendragarh (16),Urban,60-64,4182,2053,2129,82,62,20,3415,1845,1570,675,141,534,10,5,5,0,0,0,0,0,0
06,084,District - Mahendragarh (16),Urban,65-69,2590,1295,1295,65,38,27,1912,1113,799,608,140,468,1,1,0,4,3,1,0,0,0
06,084,District - Mahendragarh (16),Urban,70-74,1877,893,984,37,26,11,1162,728,434,675,138,537,1,0,1,2,1,1,0,0,0
06,084,District - Mahendragarh (16),Urban,75-79,1045,466,579,8,6,2,551,327,224,484,132,352,1,0,1,1,1,0,0,0,0
06,084,District - Mahendragarh (16),Urban,80+,1383,549,834,55,36,19,499,320,179,828,192,636,1,1,0,0,0,0,0,0,0
06,084,District - Mahendragarh (16),Urban,Age not stated,136,68,68,74,39,35,57,28,29,4,0,4,1,1,0,0,0,0,0,0,0
06,084,District - Mahendragarh (16),Urban,Less than 18,44824,25103,19721,44104,24831,19273,685,251,434,16,8,8,19,13,6,0,0,0,0,0,0
06,084,District - Mahendragarh (16),Urban,Less than 21,53783,29829,23954,51211,29101,22110,2519,699,1820,26,13,13,27,16,11,0,0,0,0,0,0
06,085,District - Rewari (17),Total,All ages,900332,474335,425997,395367,235989,159378,462489,227272,235217,41012,10291,30721,1045,553,492,419,230,189,0,0,0
06,085,District - Rewari (17),Total,0-9,163119,91108,72011,163119,91108,72011,0,0,0,0,0,0,0,0,0,0,0,0,0,0,0
06,085,District - Rewari (17),Total,10-14,91291,51004,40287,89998,50452,39546,1218,511,707,47,25,22,24,13,11,4,3,1,0,0,0
06,085,District - Rewari (17),Total,15-19,92184,50541,41643,82190,48120,34070,9859,2365,7494,81,33,48,45,21,24,9,2,7,0,0,0
06,085,District - Rewari (17),Total,20-24,91183,46855,44328,41560,29966,11594,49208,16743,32465,259,72,187,114,58,56,42,16,26,0,0,0
06,085,District - Rewari (17),Total,25-29,80970,41888,39082,10635,9275,1360,69482,32335,37147,667,175,492,124,66,58,62,37,25,0,0,0
06,085,District - Rewari (17),Total,30-34,68949,35064,33885,2514,2317,197,65053,32309,32744,1108,279,829,179,98,81,95,61,34,0,0,0
06,085,District - Rewari (17),Total,35-39,63093,32622,30471,1142,1047,95,59983,31041,28942,1752,413,1339,154,81,73,62,40,22,0,0,0
06,085,District - Rewari (17),Total,40-44,53572,27531,26041,779,724,55,50213,26224,23989,2400,464,1936,131,84,47,49,35,14,0,0,0
06,085,District - Rewari (17),Total,45-49,45090,23344,21746,588,548,40,41457,22140,19317,2937,606,2331,79,37,42,29,13,16,0,0,0
06,085,District - Rewari (17),Total,50-54,35854,18584,17270,458,419,39,31749,17372,14377,3570,755,2815,53,29,24,24,9,15,0,0,0
06,085,District - Rewari (17),Total,55-59,28375,14268,14107,369,339,30,24701,13119,11582,3255,790,2465,38,15,23,12,5,7,0,0,0
06,085,District - Rewari (17),Total,60-64,33678,16177,17501,590,510,80,27637,14310,13327,5404,1331,4073,35,21,14,12,5,7,0,0,0
06,085,District - Rewari (17),Total,65-69,18907,9449,9458,472,377,95,14032,7980,6052,4378,1084,3294,22,8,14,3,0,3,0,0,0
06,085,District - Rewari (17),Total,70-74,14022,6610,7412,282,247,35,8673,5167,3506,5045,1187,3858,19,8,11,3,1,2,0,0,0
06,085,District - Rewari (17),Total,75-79,8072,3813,4259,137,131,6,4698,2713,1985,3224,964,2260,9,4,5,4,1,3,0,0,0
06,085,District - Rewari (17),Total,80+,11649,5282,6367,341,275,66,4411,2888,1523,6869,2107,4762,19,10,9,9,2,7,0,0,0
06,085,District - Rewari (17),Total,Age not stated,324,195,129,193,134,59,115,55,60,16,6,10,0,0,0,0,0,0,0,0,0
06,085,District - Rewari (17),Total,Less than 18,309031,172266,136765,304975,170938,134037,3906,1257,2649,92,41,51,50,26,24,8,4,4,0,0,0
06,085,District - Rewari (17),Total,Less than 21,367622,203495,164127,348548,198555,149993,18811,4823,13988,161,66,95,86,44,42,16,7,9,0,0,0
06,085,District - Rewari (17),Rural,All ages,666902,349710,317192,289236,173033,116203,344333,167797,176536,32299,8278,24021,762,436,326,272,166,106,0,0,0
06,085,District - Rewari (17),Rural,0-9,120286,67364,52922,120286,67364,52922,0,0,0,0,0,0,0,0,0,0,0,0,0,0,0
06,085,District - Rewari (17),Rural,10-14,68361,38053,30308,67412,37646,29766,892,374,518,40,21,19,14,9,5,3,3,0,0,0,0
06,085,District - Rewari (17),Rural,15-19,69012,37654,31358,60931,35716,25215,7983,1898,6085,60,25,35,32,13,19,6,2,4,0,0,0
06,085,District - Rewari (17),Rural,20-24,66797,34089,32708,28202,20880,7322,38277,13090,25187,199,56,143,91,50,41,28,13,15,0,0,0
06,085,District - Rewari (17),Rural,25-29,58296,30060,28236,6539,5997,542,51095,23840,27255,525,138,387,92,55,37,45,30,15,0,0,0
06,085,District - Rewari (17),Rural,30-34,49665,25183,24482,1671,1591,80,46949,23245,23704,851,220,631,127,78,49,67,49,18,0,0,0
06,085,District - Rewari (17),Rural,35-39,45403,23427,21976,849,802,47,43051,22201,20850,1354,331,1023,108,61,47,41,32,9,0,0,0
06,085,District - Rewari (17),Rural,40-44,38699,19684,19015,600,572,28,36169,18675,17494,1809,355,1454,97,65,32,24,17,7,0,0,0
06,085,District - Rewari (17),Rural,45-49,32733,16740,15993,447,431,16,29997,15795,14202,2225,480,1745,48,27,21,16,7,9,0,0,0
06,085,District - Rewari (17),Rural,50-54,26457,13561,12896,348,327,21,23385,12630,10755,2678,580,2098,37,22,15,9,2,7,0,0,0
06,085,District - Rewari (17),Rural,55-59,21392,10651,10741,305,284,21,18512,9733,8779,2534,616,1918,31,14,17,10,4,6,0,0,0
06,085,District - Rewari (17),Rural,60-64,26739,12656,14083,484,434,50,21974,11136,10838,4248,1069,3179,25,14,11,8,3,5,0,0,0
06,085,District - Rewari (17),Rural,65-69,15091,7506,7585,375,316,59,11274,6307,4967,3423,875,2548,17,8,9,2,0,2,0,0,0
06,085,District - Rewari (17),Rural,70-74,11343,5344,5999,235,217,18,7058,4171,2887,4030,948,3082,17,7,10,3,1,2,0,0,0
06,085,District - Rewari (17),Rural,75-79,6621,3130,3491,128,124,4,3887,2222,1665,2595,779,1816,8,4,4,3,1,2,0,0,0
06,085,District - Rewari (17),Rural,80+,9753,4461,5292,276,233,43,3739,2437,1302,5713,1780,3933,18,9,9,7,2,5,0,0,0
06,085,District - Rewari (17),Rural,Age not stated,254,147,107,148,99,49,91,43,48,15,5,10,0,0,0,0,0,0,0,0,0
06,085,District - Rewari (17),Rural,Less than 18,229688,127986,101702,226557,126983,99574,3018,947,2071,74,34,40,33,18,15,6,4,2,0,0,0
06,085,District - Rewari (17),Rural,Less than 21,273032,150879,122153,257879,147010,110869,14962,3781,11181,124,53,71,57,29,28,10,6,4,0,0,0
06,085,District - Rewari (17),Urban,All ages,233430,124625,108805,106131,62956,43175,118156,59475,58681,8713,2013,6700,283,117,166,147,64,83,0,0,0
06,085,District - Rewari (17),Urban,0-9,42833,23744,19089,42833,23744,19089,0,0,0,0,0,0,0,0,0,0,0,0,0,0,0
06,085,District - Rewari (17),Urban,10-14,22930,12951,9979,22586,12806,9780,326,137,189,7,4,3,10,4,6,1,0,1,0,0,0
06,085,District - Rewari (17),Urban,15-19,23172,12887,10285,21259,12404,8855,1876,467,1409,21,8,13,13,8,5,3,0,3,0,0,0
06,085,District - Rewari (17),Urban,20-24,24386,12766,11620,13358,9086,4272,10931,3653,7278,60,16,44,23,8,15,14,3,11,0,0,0
06,085,District - Rewari (17),Urban,25-29,22674,11828,10846,4096,3278,818,18387,8495,9892,142,37,105,32,11,21,17,7,10,0,0,0
06,085,District - Rewari (17),Urban,30-34,19284,9881,9403,843,726,117,18104,9064,9040,257,59,198,52,20,32,28,12,16,0,0,0
06,085,District - Rewari (17),Urban,35-39,17690,9195,8495,293,245,48,16932,8840,8092,398,82,316,46,20,26,21,8,13,0,0,0
06,085,District - Rewari (17),Urban,40-44,14873,7847,7026,179,152,27,14044,7549,6495,591,109,482,34,19,15,25,18,7,0,0,0
06,085,District - Rewari (17),Urban,45-49,12357,6604,5753,141,117,24,11460,6345,5115,712,126,586,31,10,21,13,6,7,0,0,0
06,085,District - Rewari (17),Urban,50-54,9397,5023,4374,110,92,18,8364,4742,3622,892,175,717,16,7,9,15,7,8,0,0,0
06,085,District - Rewari (17),Urban,55-59,6983,3617,3366,64,55,9,6189,3386,2803,721,174,547,7,1,6,2,1,1,0,0,0
06,085,District - Rewari (17),Urban,60-64,6939,3521,3418,106,76,30,5663,3174,2489,1156,262,894,10,7,3,4,2,2,0,0,0
06,085,District - Rewari (17),Urban,65-69,3816,1943,1873,97,61,36,2758,1673,1085,955,209,746,5,0,5,1,0,1,0,0,0
06,085,District - Rewari (17),Urban,70-74,2679,1266,1413,47,30,17,1615,996,619,1015,239,776,2,1,1,0,0,0,0,0,0
06,085,District - Rewari (17),Urban,75-79,1451,683,768,9,7,2,811,491,320,629,185,444,1,0,1,1,0,1,0,0,0
06,085,District - Rewari (17),Urban,80+,1896,821,1075,65,42,23,672,451,221,1156,327,829,1,1,0,2,0,2,0,0,0
06,085,District - Rewari (17),Urban,Age not stated,70,48,22,45,35,10,24,12,12,1,1,0,0,0,0,0,0,0,0,0,0
06,085,District - Rewari (17),Urban,Less than 18,79343,44280,35063,78418,43955,34463,888,310,578,18,7,11,17,8,9,2,0,2,0,0,0
06,085,District - Rewari (17),Urban,Less than 21,94590,52616,41974,90669,51545,39124,3849,1042,2807,37,13,24,29,15,14,6,1,5,0,0,0
06,086,District - Gurgaon (18),Total,All ages,1514432,816690,697742,665436,392913,272523,795444,409546,385898,50756,12914,37842,1632,773,859,1164,544,620,0,0,0
06,086,District - Gurgaon (18),Total,0-9,286039,156670,129369,286039,156670,129369,0,0,0,0,0,0,0,0,0,0,0,0,0,0,0
06,086,District - Gurgaon (18),Total,10-14,140348,77843,62505,136897,76308,60589,3325,1474,1851,71,29,42,40,23,17,15,9,6,0,0,0
06,086,District - Gurgaon (18),Total,15-19,136906,77231,59675,122264,72935,49329,14418,4188,10230,139,67,72,63,29,34,22,12,10,0,0,0
06,086,District - Gurgaon (18),Total,20-24,153479,83840,69639,77285,54822,22463,75576,28776,46800,404,143,261,153,73,80,61,26,35,0,0,0
06,086,District - Gurgaon (18),Total,25-29,158759,83403,75356,27375,21250,6125,130222,61719,68503,837,279,558,207,95,112,118,60,58,0,0,0
06,086,District - Gurgaon (18),Total,30-34,142161,75510,66651,6840,5076,1764,133382,69838,63544,1467,372,1095,282,120,162,190,104,86,0,0,0
06,086,District - Gurgaon (18),Total,35-39,123113,66384,56729,2594,1804,790,117644,63863,53781,2399,486,1913,251,127,124,225,104,121,0,0,0
06,086,District - Gurgaon (18),Total,40-44,92575,51037,41538,1387,954,433,87734,49241,38493,3062,666,2396,196,96,100,196,80,116,0,0,0
06,086,District - Gurgaon (18),Total,45-49,70252,38273,31979,808,554,254,65295,36744,28551,3891,839,3052,149,80,69,109,56,53,0,0,0
06,086,District - Gurgaon (18),Total,50-54,54138,28528,25610,646,433,213,48743,27100,21643,4550,920,3630,109,44,65,90,31,59,0,0,0
06,086,District - Gurgaon (18),Total,55-59,42466,21147,21319,452,290,162,37319,19743,17576,4581,1061,3520,67,30,37,47,23,24,0,0,0
06,086,District - Gurgaon (18),Total,60-64,42350,20643,21707,789,483,306,34715,18601,16114,6748,1525,5223,52,17,35,46,17,29,0,0,0
06,086,District - Gurgaon (18),Total,65-69,27179,13941,13238,745,459,286,20799,12061,8738,5581,1391,4190,31,20,11,23,10,13,0,0,0
06,086,District - Gurgaon (18),Total,70-74,19674,9888,9786,384,252,132,13130,8024,5106,6135,1596,4539,17,10,7,8,6,2,0,0,0
06,086,District - Gurgaon (18),Total,75-79,10555,5384,5171,134,94,40,6611,4074,2537,3797,1210,2587,6,3,3,7,3,4,0,0,0
06,086,District - Gurgaon (18),Total,80+,13945,6692,7253,533,352,181,6318,4002,2316,7079,2329,4750,9,6,3,6,3,3,0,0,0
06,086,District - Gurgaon (18),Total,Age not stated,493,276,217,264,177,87,213,98,115,15,1,14,0,0,0,1,0,1,0,0,0
06,086,District - Gurgaon (18),Total,Less than 18,505385,278647,226738,497453,275588,221865,7693,2949,4744,147,60,87,68,37,31,24,13,11,0,0,0
06,086,District - Gurgaon (18),Total,Less than 21,597520,330752,266768,567702,321305,246397,29366,9235,20131,274,118,156,132,69,63,46,25,21,0,0,0
06,086,District - Gurgaon (18),Rural,All ages,472179,251462,220717,214266,126363,87903,238326,119714,118612,18964,5042,13922,432,230,202,191,113,78,0,0,0
06,086,District - Gurgaon (18),Rural,0-9,95300,52775,42525,95300,52775,42525,0,0,0,0,0,0,0,0,0,0,0,0,0,0,0
06,086,District - Gurgaon (18),Rural,10-14,49956,27568,22388,48722,27018,21704,1189,529,660,24,11,13,17,7,10,4,3,1,0,0,0
06,086,District - Gurgaon (18),Rural,15-19,50022,27449,22573,43279,25516,17763,6644,1888,4756,68,32,36,24,9,15,7,4,3,0,0,0
06,086,District - Gurgaon (18),Rural,20-24,50829,26704,24125,19682,14711,4971,30901,11901,19000,172,55,117,51,24,27,23,13,10,0,0,0
06,086,District - Gurgaon (18),Rural,25-29,43885,23398,20487,3986,3571,415,39458,19658,19800,345,107,238,64,40,24,32,22,10,0,0,0
06,086,District - Gurgaon (18),Rural,30-34,35988,18779,17209,991,880,111,34300,17699,16601,595,142,453,66,33,33,36,25,11,0,0,0
06,086,District - Gurgaon (18),Rural,35-39,32071,16847,15224,479,424,55,30532,16170,14362,979,205,774,56,32,24,25,16,9,0,0,0
06,086,District - Gurgaon (18),Rural,40-44,25852,13689,12163,317,285,32,24267,13099,11168,1203,261,942,42,28,14,23,16,7,0,0,0
06,086,District - Gurgaon (18),Rural,45-49,20546,10874,9672,218,192,26,18779,10314,8465,1512,350,1162,28,15,13,9,3,6,0,0,0
06,086,District - Gurgaon (18),Rural,50-54,16219,8338,7881,185,169,16,14323,7781,6542,1683,372,1311,21,11,10,7,5,2,0,0,0
06,086,District - Gurgaon (18),Rural,55-59,12547,6260,6287,112,97,15,10884,5757,5127,1535,400,1135,13,6,7,3,0,3,0,0,0
06,086,District - Gurgaon (18),Rural,60-64,14246,6778,7468,283,193,90,11519,6005,5514,2413,570,1843,20,6,14,11,4,7,0,0,0
06,086,District - Gurgaon (18),Rural,65-69,8560,4102,4458,254,180,74,6371,3428,2943,1916,485,1431,12,7,5,7,2,5,0,0,0
06,086,District - Gurgaon (18),Rural,70-74,6826,3336,3490,146,116,30,4432,2641,1791,2240,573,1667,8,6,2,0,0,0,0,0,0
06,086,District - Gurgaon (18),Rural,75-79,3570,1770,1800,64,57,7,2218,1263,955,1282,448,834,4,2,2,2,0,2,0,0,0
06,086,District - Gurgaon (18),Rural,80+,5661,2739,2922,183,138,45,2476,1566,910,2994,1031,1963,6,4,2,2,0,2,0,0,0
06,086,District - Gurgaon (18),Rural,Age not stated,101,56,45,65,41,24,33,15,18,3,0,3,0,0,0,0,0,0,0,0,0
06,086,District - Gurgaon (18),Rural,Less than 18,174385,96324,78061,171274,95162,76112,3021,1127,1894,55,21,34,28,10,18,7,4,3,0,0,0
06,086,District - Gurgaon (18),Rural,Less than 21,207360,114139,93221,194197,110090,84107,12973,3964,9009,122,52,70,51,22,29,17,11,6,0,0,0
06,086,District - Gurgaon (18),Urban,All ages,1042253,565228,477025,451170,266550,184620,557118,289832,267286,31792,7872,23920,1200,543,657,973,431,542,0,0,0
06,086,District - Gurgaon (18),Urban,0-9,190739,103895,86844,190739,103895,86844,0,0,0,0,0,0,0,0,0,0,0,0,0,0,0
06,086,District - Gurgaon (18),Urban,10-14,90392,50275,40117,88175,49290,38885,2136,945,1191,47,18,29,23,16,7,11,6,5,0,0,0
06,086,District - Gurgaon (18),Urban,15-19,86884,49782,37102,78985,47419,31566,7774,2300,5474,71,35,36,39,20,19,15,8,7,0,0,0
06,086,District - Gurgaon (18),Urban,20-24,102650,57136,45514,57603,40111,17492,44675,16875,27800,232,88,144,102,49,53,38,13,25,0,0,0
06,086,District - Gurgaon (18),Urban,25-29,114874,60005,54869,23389,17679,5710,90764,42061,48703,492,172,320,143,55,88,86,38,48,0,0,0
06,086,District - Gurgaon (18),Urban,30-34,106173,56731,49442,5849,4196,1653,99082,52139,46943,872,230,642,216,87,129,154,79,75,0,0,0
06,086,District - Gurgaon (18),Urban,35-39,91042,49537,41505,2115,1380,735,87112,47693,39419,1420,281,1139,195,95,100,200,88,112,0,0,0
06,086,District - Gurgaon (18),Urban,40-44,66723,37348,29375,1070,669,401,63467,36142,27325,1859,405,1454,154,68,86,173,64,109,0,0,0
06,086,District - Gurgaon (18),Urban,45-49,49706,27399,22307,590,362,228,46516,26430,20086,2379,489,1890,121,65,56,100,53,47,0,0,0
06,086,District - Gurgaon (18),Urban,50-54,37919,20190,17729,461,264,197,34420,19319,15101,2867,548,2319,88,33,55,83,26,57,0,0,0
06,086,District - Gurgaon (18),Urban,55-59,29919,14887,15032,340,193,147,26435,13986,12449,3046,661,2385,54,24,30,44,23,21,0,0,0
06,086,District - Gurgaon (18),Urban,60-64,28104,13865,14239,506,290,216,23196,12596,10600,4335,955,3380,32,11,21,35,13,22,0,0,0
06,086,District - Gurgaon (18),Urban,65-69,18619,9839,8780,491,279,212,14428,8633,5795,3665,906,2759,19,13,6,16,8,8,0,0,0
06,086,District - Gurgaon (18),Urban,70-74,12848,6552,6296,238,136,102,8698,5383,3315,3895,1023,2872,9,4,5,8,6,2,0,0,0
06,086,District - Gurgaon (18),Urban,75-79,6985,3614,3371,70,37,33,4393,2811,1582,2515,762,1753,2,1,1,5,3,2,0,0,0
06,086,District - Gurgaon (18),Urban,80+,8284,3953,4331,350,214,136,3842,2436,1406,4085,1298,2787,3,2,1,4,3,1,0,0,0
06,086,District - Gurgaon (18),Urban,Age not stated,392,220,172,199,136,63,180,83,97,12,1,11,0,0,0,1,0,1,0,0,0
06,086,District - Gurgaon (18),Urban,Less than 18,331000,182323,148677,326179,180426,145753,4672,1822,2850,92,39,53,40,27,13,17,9,8,0,0,0
06,086,District - Gurgaon (18),Urban,Less than 21,390160,216613,173547,373505,211215,162290,16393,5271,11122,152,66,86,81,47,34,29,14,15,0,0,0
06,087,District - Mewat  (19),Total,All ages,1089263,571162,518101,625923,345556,280367,437020,217606,219414,25087,7431,17656,857,386,471,376,183,193,0,0,0
06,087,District - Mewat  (19),Total,0-9,349039,183653,165386,349039,183653,165386,0,0,0,0,0,0,0,0,0,0,0,0,0,0,0
06,087,District - Mewat  (19),Total,10-14,160185,86053,74132,156254,84335,71919,3831,1664,2167,45,26,19,48,25,23,7,3,4,0,0,0
06,087,District - Mewat  (19),Total,15-19,117902,63285,54617,91855,55225,36630,25804,7943,17861,152,67,85,65,39,26,26,11,15,0,0,0
06,087,District - Mewat  (19),Total,20-24,93889,49309,44580,20971,16440,4531,72428,32625,39803,312,155,157,126,62,64,52,27,25,0,0,0
06,087,District - Mewat  (19),Total,25-29,69915,36664,33251,3467,2927,540,65759,33452,32307,481,188,293,132,54,78,76,43,33,0,0,0
06,087,District - Mewat  (19),Total,30-34,56654,28320,28334,951,763,188,54875,27287,27588,678,198,480,98,41,57,52,31,21,0,0,0
06,087,District - Mewat  (19),Total,35-39,52633,26644,25989,483,379,104,50894,25900,24994,1110,308,802,106,42,64,40,15,25,0,0,0
06,087,District - Mewat  (19),Total,40-44,43918,23196,20722,304,238,66,41908,22452,19456,1591,450,1141,82,38,44,33,18,15,0,0,0
06,087,District - Mewat  (19),Total,45-49,33711,17621,16090,183,151,32,31587,16932,14655,1873,505,1368,46,23,23,22,10,12,0,0,0
06,087,District - Mewat  (19),Total,50-54,25528,13713,11815,172,125,47,23103,12994,10109,2195,572,1623,36,14,22,22,8,14,0,0,0
06,087,District - Mewat  (19),Total,55-59,20272,9482,10790,126,77,49,18276,8878,9398,1830,511,1319,25,12,13,15,4,11,0,0,0
06,087,District - Mewat  (19),Total,60-64,25498,12673,12825,610,346,264,21470,11413,10057,3366,900,2466,38,11,27,14,3,11,0,0,0
06,087,District - Mewat  (19),Total,65-69,15802,8059,7743,544,330,214,12315,6894,5421,2916,827,2089,22,6,16,5,2,3,0,0,0
06,087,District - Mewat  (19),Total,70-74,10899,5786,5113,161,101,60,7453,4742,2711,3268,935,2333,12,4,8,5,4,1,0,0,0
06,087,District - Mewat  (19),Total,75-79,5365,2680,2685,58,30,28,3531,2031,1500,1764,610,1154,10,8,2,2,1,1,0,0,0
06,087,District - Mewat  (19),Total,80+,7324,3630,3694,256,153,103,3567,2296,1271,3486,1172,2314,10,6,4,5,3,2,0,0,0
06,087,District - Mewat  (19),Total,Age not stated,729,394,335,489,283,206,219,103,116,20,7,13,1,1,0,0,0,0,0,0,0
06,087,District - Mewat  (19),Total,Less than 18,581728,309112,272616,569988,304983,265005,11526,4020,7506,124,60,64,74,44,30,16,5,11,0,0,0
06,087,District - Mewat  (19),Total,Less than 21,653401,346972,306429,606452,330332,276120,46486,16411,30075,268,127,141,146,82,64,49,20,29,0,0,0
06,087,District - Mewat  (19),Rural,All ages,965157,506086,459071,559160,308233,250927,383473,190887,192586,21499,6476,15023,710,337,373,315,153,162,0,0,0
06,087,District - Mewat  (19),Rural,0-9,315904,166046,149858,315904,166046,149858,0,0,0,0,0,0,0,0,0,0,0,0,0,0,0
06,087,District - Mewat  (19),Rural,10-14,143980,77395,66585,140424,75853,64571,3467,1495,1972,44,25,19,39,19,20,6,3,3,0,0,0
06,087,District - Mewat  (19),Rural,15-19,104336,55913,48423,80394,48516,31878,23722,7291,16431,142,61,81,58,37,21,20,8,12,0,0,0
06,087,District - Mewat  (19),Rural,20-24,82290,43260,39030,16418,13298,3120,65454,29748,35706,273,135,138,102,55,47,43,24,19,0,0,0
06,087,District - Mewat  (19),Rural,25-29,60517,31784,28733,2423,2073,350,57509,29461,28048,415,168,247,106,45,61,64,37,27,0,0,0
06,087,District - Mewat  (19),Rural,30-34,48836,24392,24444,743,588,155,47393,23572,23821,578,171,407,81,36,45,41,25,16,0,0,0
06,087,District - Mewat  (19),Rural,35-39,45348,22971,22377,386,297,89,43909,22366,21543,942,265,677,77,30,47,34,13,21,0,0,0
06,087,District - Mewat  (19),Rural,40-44,37838,19980,17858,250,198,52,36132,19345,16787,1360,388,972,68,35,33,28,14,14,0,0,0
06,087,District - Mewat  (19),Rural,45-49,28787,15021,13766,145,118,27,26996,14430,12566,1584,442,1142,42,23,19,20,8,12,0,0,0
06,087,District - Mewat  (19),Rural,50-54,21889,11766,10123,148,109,39,19815,11143,8672,1880,497,1383,28,11,17,18,6,12,0,0,0
06,087,District - Mewat  (19),Rural,55-59,17499,8098,9401,101,58,43,15849,7602,8247,1512,424,1088,23,11,12,14,3,11,0,0,0
06,087,District - Mewat  (19),Rural,60-64,22549,11235,11314,531,303,228,19092,10137,8955,2881,782,2099,33,10,23,12,3,9,0,0,0
06,087,District - Mewat  (19),Rural,65-69,13971,7131,6840,475,294,181,10951,6118,4833,2521,712,1809,21,6,15,3,1,2,0,0,0
06,087,District - Mewat  (19),Rural,70-74,9599,5134,4465,144,91,53,6622,4220,2402,2817,815,2002,11,4,7,5,4,1,0,0,0
06,087,District - Mewat  (19),Rural,75-79,4709,2376,2333,49,25,24,3156,1808,1348,1492,534,958,10,8,2,2,1,1,0,0,0
06,087,District - Mewat  (19),Rural,80+,6510,3265,3245,226,135,91,3226,2069,1157,3043,1052,1991,10,6,4,5,3,2,0,0,0
06,087,District - Mewat  (19),Rural,Age not stated,595,319,276,399,231,168,180,82,98,15,5,10,1,1,0,0,0,0,0,0,0
06,087,District - Mewat  (19),Rural,Less than 18,524254,278417,245837,513516,274667,238849,10546,3654,6892,118,56,62,62,37,25,12,3,9,0,0,0
06,087,District - Mewat  (19),Rural,Less than 21,587468,311783,275685,544448,296479,247969,42610,15097,27513,250,117,133,123,74,49,37,16,21,0,0,0
06,087,District - Mewat  (19),Urban,All ages,124106,65076,59030,66763,37323,29440,53547,26719,26828,3588,955,2633,147,49,98,61,30,31,0,0,0
06,087,District - Mewat  (19),Urban,0-9,33135,17607,15528,33135,17607,15528,0,0,0,0,0,0,0,0,0,0,0,0,0,0,0
06,087,District - Mewat  (19),Urban,10-14,16205,8658,7547,15830,8482,7348,364,169,195,1,1,0,9,6,3,1,0,1,0,0,0
06,087,District - Mewat  (19),Urban,15-19,13566,7372,6194,11461,6709,4752,2082,652,1430,10,6,4,7,2,5,6,3,3,0,0,0
06,087,District - Mewat  (19),Urban,20-24,11599,6049,5550,4553,3142,1411,6974,2877,4097,39,20,19,24,7,17,9,3,6,0,0,0
06,087,District - Mewat  (19),Urban,25-29,9398,4880,4518,1044,854,190,8250,3991,4259,66,20,46,26,9,17,12,6,6,0,0,0
06,087,District - Mewat  (19),Urban,30-34,7818,3928,3890,208,175,33,7482,3715,3767,100,27,73,17,5,12,11,6,5,0,0,0
06,087,District - Mewat  (19),Urban,35-39,7285,3673,3612,97,82,15,6985,3534,3451,168,43,125,29,12,17,6,2,4,0,0,0
06,087,District - Mewat  (19),Urban,40-44,6080,3216,2864,54,40,14,5776,3107,2669,231,62,169,14,3,11,5,4,1,0,0,0
06,087,District - Mewat  (19),Urban,45-49,4924,2600,2324,38,33,5,4591,2502,2089,289,63,226,4,0,4,2,2,0,0,0,0
06,087,District - Mewat  (19),Urban,50-54,3639,1947,1692,24,16,8,3288,1851,1437,315,75,240,8,3,5,4,2,2,0,0,0
06,087,District - Mewat  (19),Urban,55-59,2773,1384,1389,25,19,6,2427,1276,1151,318,87,231,2,1,1,1,1,0,0,0,0
06,087,District - Mewat  (19),Urban,60-64,2949,1438,1511,79,43,36,2378,1276,1102,485,118,367,5,1,4,2,0,2,0,0,0
06,087,District - Mewat  (19),Urban,65-69,1831,928,903,69,36,33,1364,776,588,395,115,280,1,0,1,2,1,1,0,0,0
06,087,District - Mewat  (19),Urban,70-74,1300,652,648,17,10,7,831,522,309,451,120,331,1,0,1,0,0,0,0,0,0
06,087,District - Mewat  (19),Urban,75-79,656,304,352,9,5,4,375,223,152,272,76,196,0,0,0,0,0,0,0,0,0
06,087,District - Mewat  (19),Urban,80+,814,365,449,30,18,12,341,227,114,443,120,323,0,0,0,0,0,0,0,0,0
06,087,District - Mewat  (19),Urban,Age not stated,134,75,59,90,52,38,39,21,18,5,2,3,0,0,0,0,0,0,0,0,0
06,087,District - Mewat  (19),Urban,Less than 18,57474,30695,26779,56472,30316,26156,980,366,614,6,4,2,12,7,5,4,2,2,0,0,0
06,087,District - Mewat  (19),Urban,Less than 21,65933,35189,30744,62004,33853,28151,3876,1314,2562,18,10,8,23,8,15,12,4,8,0,0,0
06,088,District - Faridabad (20),Total,All ages,1809733,966110,843623,862498,499953,362545,891522,449860,441662,52388,14783,37605,2028,931,1097,1297,583,714,0,0,0
06,088,District - Faridabad (20),Total,0-9,362603,196878,165725,362603,196878,165725,0,0,0,0,0,0,0,0,0,0,0,0,0,0,0
06,088,District - Faridabad (20),Total,10-14,193985,106285,87700,188716,104100,84616,5020,2064,2956,139,63,76,86,48,38,24,10,14,0,0,0
06,088,District - Faridabad (20),Total,15-19,185941,103417,82524,166196,97936,68260,19391,5334,14057,219,91,128,101,42,59,34,14,20,0,0,0
06,088,District - Faridabad (20),Total,20-24,183097,95954,87143,96161,65382,30779,86071,30236,55835,568,205,363,207,88,119,90,43,47,0,0,0
06,088,District - Faridabad (20),Total,25-29,169976,86977,82999,31363,23634,7729,137168,62778,74390,933,343,590,305,131,174,207,91,116,0,0,0
06,088,District - Faridabad (20),Total,30-34,146586,75110,71476,7103,5335,1768,137284,68989,68295,1633,526,1107,325,149,176,241,111,130,0,0,0
06,088,District - Faridabad (20),Total,35-39,136115,70887,65228,2712,1996,716,130329,67911,62418,2516,706,1810,309,152,157,249,122,127,0,0,0
06,088,District - Faridabad (20),Total,40-44,108868,58575,50293,1493,1031,462,103532,56487,47045,3489,895,2594,212,99,113,142,63,79,0,0,0
06,088,District - Faridabad (20),Total,45-49,89749,48392,41357,931,601,330,84071,46579,37492,4491,1094,3397,161,70,91,95,48,47,0,0,0
06,088,District - Faridabad (20),Total,50-54,67430,36914,30516,642,384,258,61284,35071,26213,5323,1377,3946,108,54,54,73,28,45,0,0,0
06,088,District - Faridabad (20),Total,55-59,50587,26645,23942,499,321,178,44972,24915,20057,4997,1364,3633,66,28,38,53,17,36,0,0,0
06,088,District - Faridabad (20),Total,60-64,45359,23861,21498,768,416,352,37176,21482,15694,7322,1917,5405,64,31,33,29,15,14,0,0,0
06,088,District - Faridabad (20),Total,65-69,27231,14513,12718,818,464,354,20614,12436,8178,5744,1594,4150,34,15,19,21,4,17,0,0,0
06,088,District - Faridabad (20),Total,70-74,18485,9730,8755,357,210,147,12151,7883,4268,5934,1618,4316,26,12,14,17,7,10,0,0,0
06,088,District - Faridabad (20),Total,75-79,9385,4828,4557,187,100,87,5726,3628,2098,3461,1093,2368,5,4,1,6,3,3,0,0,0
06,088,District - Faridabad (20),Total,80+,12552,6195,6357,969,567,402,6015,3741,2274,5540,1876,3664,16,6,10,12,5,7,0,0,0
06,088,District - Faridabad (20),Total,Age not stated,1784,949,835,980,598,382,718,326,392,79,21,58,3,2,1,4,2,2,0,0,0
06,088,District - Faridabad (20),Total,Less than 18,665852,363752,302100,653635,359358,294277,11788,4205,7583,259,106,153,129,63,66,41,20,21,0,0,0
06,088,District - Faridabad (20),Total,Less than 21,785375,429249,356126,745902,417506,328396,38704,11407,27297,476,199,277,225,108,117,68,29,39,0,0,0
06,088,District - Faridabad (20),Rural,All ages,370878,198103,172775,187041,108620,78421,171247,85868,85379,11951,3292,8659,442,224,218,197,99,98,0,0,0
06,088,District - Faridabad (20),Rural,0-9,86291,47021,39270,86291,47021,39270,0,0,0,0,0,0,0,0,0,0,0,0,0,0,0
06,088,District - Faridabad (20),Rural,10-14,44691,24457,20234,43513,23961,19552,1107,465,642,50,22,28,15,7,8,6,2,4,0,0,0
06,088,District - Faridabad (20),Rural,15-19,42334,23207,19127,36168,21487,14681,6073,1682,4391,63,25,38,23,12,11,7,1,6,0,0,0
06,088,District - Faridabad (20),Rural,20-24,38970,20657,18313,15299,11418,3881,23437,9140,14297,156,60,96,48,21,27,30,18,12,0,0,0
06,088,District - Faridabad (20),Rural,25-29,31180,16570,14610,3116,2688,428,27726,13744,13982,236,85,151,73,36,37,29,17,12,0,0,0
06,088,District - Faridabad (20),Rural,30-34,25565,13281,12284,737,632,105,24324,12497,11827,401,97,304,67,37,30,36,18,18,0,0,0
06,088,District - Faridabad (20),Rural,35-39,23333,12208,11125,359,314,45,22311,11698,10613,580,146,434,56,33,23,27,17,10,0,0,0
06,088,District - Faridabad (20),Rural,40-44,18914,9982,8932,224,195,29,17813,9542,8271,817,217,600,43,21,22,17,7,10,0,0,0
06,088,District - Faridabad (20),Rural,45-49,15130,8130,7000,151,115,36,13931,7736,6195,1012,257,755,30,17,13,6,5,1,0,0,0
06,088,District - Faridabad (20),Rural,50-54,11113,5973,5140,105,83,22,9842,5597,4245,1136,279,857,22,10,12,8,4,4,0,0,0
06,088,District - Faridabad (20),Rural,55-59,8382,4211,4171,87,60,27,7329,3898,3431,944,247,697,17,6,11,5,0,5,0,0,0
06,088,District - Faridabad (20),Rural,60-64,8751,4256,4495,188,124,64,7027,3740,3287,1510,379,1131,20,10,10,6,3,3,0,0,0
06,088,District - Faridabad (20),Rural,65-69,5785,2870,2915,182,120,62,4297,2419,1878,1286,324,962,11,6,5,9,1,8,0,0,0
06,088,District - Faridabad (20),Rural,70-74,4385,2195,2190,69,55,14,2872,1781,1091,1430,353,1077,9,3,6,5,3,2,0,0,0
06,088,District - Faridabad (20),Rural,75-79,2268,1117,1151,44,32,12,1455,843,612,764,239,525,3,2,1,2,1,1,0,0,0
06,088,District - Faridabad (20),Rural,80+,3314,1705,1609,186,112,74,1562,1031,531,1557,557,1000,5,3,2,4,2,2,0,0,0
06,088,District - Faridabad (20),Rural,Age not stated,472,263,209,322,203,119,141,55,86,9,5,4,0,0,0,0,0,0,0,0,0
06,088,District - Faridabad (20),Rural,Less than 18,155948,85267,70681,152901,84209,68692,2930,1012,1918,85,34,51,22,9,13,10,3,7,0,0,0
06,088,District - Faridabad (20),Rural,Less than 21,183156,99820,83336,171366,96235,75131,11574,3489,8085,152,67,85,48,25,23,16,4,12,0,0,0
06,088,District - Faridabad (20),Urban,All ages,1438855,768007,670848,675457,391333,284124,720275,363992,356283,40437,11491,28946,1586,707,879,1100,484,616,0,0,0
06,088,District - Faridabad (20),Urban,0-9,276312,149857,126455,276312,149857,126455,0,0,0,0,0,0,0,0,0,0,0,0,0,0,0
06,088,District - Faridabad (20),Urban,10-14,149294,81828,67466,145203,80139,65064,3913,1599,2314,89,41,48,71,41,30,18,8,10,0,0,0
06,088,District - Faridabad (20),Urban,15-19,143607,80210,63397,130028,76449,53579,13318,3652,9666,156,66,90,78,30,48,27,13,14,0,0,0
06,088,District - Faridabad (20),Urban,20-24,144127,75297,68830,80862,53964,26898,62634,21096,41538,412,145,267,159,67,92,60,25,35,0,0,0
06,088,District - Faridabad (20),Urban,25-29,138796,70407,68389,28247,20946,7301,109442,49034,60408,697,258,439,232,95,137,178,74,104,0,0,0
06,088,District - Faridabad (20),Urban,30-34,121021,61829,59192,6366,4703,1663,112960,56492,56468,1232,429,803,258,112,146,205,93,112,0,0,0
06,088,District - Faridabad (20),Urban,35-39,112782,58679,54103,2353,1682,671,108018,56213,51805,1936,560,1376,253,119,134,222,105,117,0,0,0
06,088,District - Faridabad (20),Urban,40-44,89954,48593,41361,1269,836,433,85719,46945,38774,2672,678,1994,169,78,91,125,56,69,0,0,0
06,088,District - Faridabad (20),Urban,45-49,74619,40262,34357,780,486,294,70140,38843,31297,3479,837,2642,131,53,78,89,43,46,0,0,0
06,088,District - Faridabad (20),Urban,50-54,56317,30941,25376,537,301,236,51442,29474,21968,4187,1098,3089,86,44,42,65,24,41,0,0,0
06,088,District - Faridabad (20),Urban,55-59,42205,22434,19771,412,261,151,37643,21017,16626,4053,1117,2936,49,22,27,48,17,31,0,0,0
06,088,District - Faridabad (20),Urban,60-64,36608,19605,17003,580,292,288,30149,17742,12407,5812,1538,4274,44,21,23,23,12,11,0,0,0
06,088,District - Faridabad (20),Urban,65-69,21446,11643,9803,636,344,292,16317,10017,6300,4458,1270,3188,23,9,14,12,3,9,0,0,0
06,088,District - Faridabad (20),Urban,70-74,14100,7535,6565,288,155,133,9279,6102,3177,4504,1265,3239,17,9,8,12,4,8,0,0,0
06,088,District - Faridabad (20),Urban,75-79,7117,3711,3406,143,68,75,4271,2785,1486,2697,854,1843,2,2,0,4,2,2,0,0,0
06,088,District - Faridabad (20),Urban,80+,9238,4490,4748,783,455,328,4453,2710,1743,3983,1319,2664,11,3,8,8,3,5,0,0,0
06,088,District - Faridabad (20),Urban,Age not stated,1312,686,626,658,395,263,577,271,306,70,16,54,3,2,1,4,2,2,0,0,0
06,088,District - Faridabad (20),Urban,Less than 18,509904,278485,231419,500734,275149,225585,8858,3193,5665,174,72,102,107,54,53,31,17,14,0,0,0
06,088,District - Faridabad (20),Urban,Less than 21,602219,329429,272790,574536,321271,253265,27130,7918,19212,324,132,192,177,83,94,52,25,27,0,0,0
06,089,District - Palwal  (21),Total,All ages,1042708,554497,488211,537398,310475,226923,469150,233125,236025,34658,10131,24527,1120,566,554,382,200,182,0,0,0
06,089,District - Palwal  (21),Total,0-9,252868,135590,117278,252868,135590,117278,0,0,0,0,0,0,0,0,0,0,0,0,0,0,0
06,089,District - Palwal  (21),Total,10-14,133527,72750,60777,131076,71780,59296,2356,928,1428,42,15,27,45,23,22,8,4,4,0,0,0
06,089,District - Palwal  (21),Total,15-19,118857,66686,52171,101248,61713,39535,17425,4891,12534,118,48,70,53,27,26,13,7,6,0,0,0
06,089,District - Palwal  (21),Total,20-24,100067,53912,46155,37317,28779,8538,62255,24903,37352,297,118,179,155,91,64,43,21,22,0,0,0
06,089,District - Palwal  (21),Total,25-29,78870,41768,37102,7884,6896,988,70123,34514,35609,651,244,407,156,79,77,56,35,21,0,0,0
06,089,District - Palwal  (21),Total,30-34,65073,32827,32246,1997,1745,252,61858,30668,31190,1004,300,704,158,81,77,56,33,23,0,0,0
06,089,District - Palwal  (21),Total,35-39,62084,31737,30347,1035,895,140,59140,30239,28901,1706,500,1206,145,68,77,58,35,23,0,0,0
06,089,District - Palwal  (21),Total,40-44,53307,27642,25665,641,574,67,50192,26368,23824,2320,620,1700,114,58,56,40,22,18,0,0,0
06,089,District - Palwal  (21),Total,45-49,43579,23017,20562,496,452,44,40322,21811,18511,2645,696,1949,84,42,42,32,16,16,0,0,0
06,089,District - Palwal  (21),Total,50-54,32837,17764,15073,343,296,47,29416,16644,12772,2990,790,2200,71,28,43,17,6,11,0,0,0
06,089,District - Palwal  (21),Total,55-59,25310,12678,12632,293,249,44,22350,11701,10649,2624,707,1917,29,15,14,14,6,8,0,0,0
06,089,District - Palwal  (21),Total,60-64,27242,13311,13931,477,330,147,22379,11836,10543,4326,1122,3204,43,19,24,17,4,13,0,0,0
06,089,District - Palwal  (21),Total,65-69,18214,9104,9110,540,381,159,13748,7636,6112,3893,1071,2822,22,11,11,11,5,6,0,0,0
06,089,District - Palwal  (21),Total,70-74,13612,7021,6591,270,202,68,8744,5545,3199,4568,1262,3306,23,9,14,7,3,4,0,0,0
06,089,District - Palwal  (21),Total,75-79,7015,3522,3493,112,96,16,4370,2560,1810,2519,858,1661,12,7,5,2,1,1,0,0,0
06,089,District - Palwal  (21),Total,80+,9683,4862,4821,406,263,143,4327,2817,1510,4934,1774,3160,9,7,2,7,1,6,0,0,0
06,089,District - Palwal  (21),Total,Age not stated,563,306,257,395,234,161,145,64,81,21,6,15,1,1,0,1,1,0,0,0,0
06,089,District - Palwal  (21),Total,Less than 18,458026,248580,209446,450468,246091,204377,7367,2406,4961,107,41,66,69,35,34,15,7,8,0,0,0
06,089,District - Palwal  (21),Total,Less than 21,531814,289284,242530,498982,279178,219804,32442,9939,22503,232,85,147,130,69,61,28,13,15,0,0,0
06,089,District - Palwal  (21),Rural,All ages,806164,428907,377257,419941,242273,177668,358668,178036,180632,26432,8007,18425,871,460,411,252,131,121,0,0,0
06,089,District - Palwal  (21),Rural,0-9,204171,108977,95194,204171,108977,95194,0,0,0,0,0,0,0,0,0,0,0,0,0,0,0
06,089,District - Palwal  (21),Rural,10-14,105816,57512,48304,103933,56784,47149,1817,699,1118,28,9,19,30,16,14,8,4,4,0,0,0
06,089,District - Palwal  (21),Rural,15-19,91929,51762,40167,77021,47512,29509,14771,4181,10590,89,41,48,38,23,15,10,5,5,0,0,0
06,089,District - Palwal  (21),Rural,20-24,75797,41069,34728,24980,20341,4639,50434,20546,29888,225,92,133,121,72,49,37,18,19,0,0,0
06,089,District - Palwal  (21),Rural,25-29,59044,31485,27559,4800,4412,388,53574,26792,26782,520,194,326,113,64,49,37,23,14,0,0,0
06,089,District - Palwal  (21),Rural,30-34,48752,24583,24169,1308,1183,125,46511,23085,23426,777,229,548,122,66,56,34,20,14,0,0,0
06,089,District - Palwal  (21),Rural,35-39,46088,23632,22456,741,664,77,43944,22512,21432,1256,380,876,118,59,59,29,17,12,0,0,0
06,089,District - Palwal  (21),Rural,40-44,39504,20402,19102,464,431,33,37185,19443,17742,1745,473,1272,87,43,44,23,12,11,0,0,0
06,089,District - Palwal  (21),Rural,45-49,32070,16988,15082,384,358,26,29667,16034,13633,1932,549,1383,71,38,33,16,9,7,0,0,0
06,089,District - Palwal  (21),Rural,50-54,24197,13096,11101,273,245,28,21672,12218,9454,2182,605,1577,55,22,33,15,6,9,0,0,0
06,089,District - Palwal  (21),Rural,55-59,18800,9323,9477,224,196,28,16611,8561,8050,1930,548,1382,23,12,11,12,6,6,0,0,0
06,089,District - Palwal  (21),Rural,60-64,21083,10295,10788,342,259,83,17473,9148,8325,3222,871,2351,35,15,20,11,2,9,0,0,0
06,089,District - Palwal  (21),Rural,65-69,14278,7125,7153,374,276,98,10897,5991,4906,2978,844,2134,20,10,10,9,4,5,0,0,0
06,089,District - Palwal  (21),Rural,70-74,10874,5635,5239,218,167,51,7041,4458,2583,3589,999,2590,22,9,13,4,2,2,0,0,0
06,089,District - Palwal  (21),Rural,75-79,5652,2861,2791,96,83,13,3540,2073,1467,2006,700,1306,8,4,4,2,1,1,0,0,0
06,089,District - Palwal  (21),Rural,80+,7655,3917,3738,298,201,97,3409,2241,1168,3936,1467,2469,8,7,1,4,1,3,0,0,0
06,089,District - Palwal  (21),Rural,Age not stated,454,245,209,314,184,130,122,54,68,17,6,11,0,0,0,1,1,0,0,0,0
06,089,District - Palwal  (21),Rural,Less than 18,365572,197761,167811,359440,195773,163667,5999,1924,4075,74,32,42,46,26,20,13,6,7,0,0,0
06,089,District - Palwal  (21),Rural,Less than 21,422447,229315,193132,394984,220797,174187,27178,8387,18791,168,67,101,93,53,40,24,11,13,0,0,0
06,089,District - Palwal  (21),Urban,All ages,236544,125590,110954,117457,68202,49255,110482,55089,55393,8226,2124,6102,249,106,143,130,69,61,0,0,0
06,089,District - Palwal  (21),Urban,0-9,48697,26613,22084,48697,26613,22084,0,0,0,0,0,0,0,0,0,0,0,0,0,0,0
06,089,District - Palwal  (21),Urban,10-14,27711,15238,12473,27143,14996,12147,539,229,310,14,6,8,15,7,8,0,0,0,0,0,0
06,089,District - Palwal  (21),Urban,15-19,26928,14924,12004,24227,14201,10026,2654,710,1944,29,7,22,15,4,11,3,2,1,0,0,0
06,089,District - Palwal  (21),Urban,20-24,24270,12843,11427,12337,8438,3899,11821,4357,7464,72,26,46,34,19,15,6,3,3,0,0,0
06,089,District - Palwal  (21),Urban,25-29,19826,10283,9543,3084,2484,600,16549,7722,8827,131,50,81,43,15,28,19,12,7,0,0,0
06,089,District - Palwal  (21),Urban,30-34,16321,8244,8077,689,562,127,15347,7583,7764,227,71,156,36,15,21,22,13,9,0,0,0
06,089,District - Palwal  (21),Urban,35-39,15996,8105,7891,294,231,63,15196,7727,7469,450,120,330,27,9,18,29,18,11,0,0,0
06,089,District - Palwal  (21),Urban,40-44,13803,7240,6563,177,143,34,13007,6925,6082,575,147,428,27,15,12,17,10,7,0,0,0
06,089,District - Palwal  (21),Urban,45-49,11509,6029,5480,112,94,18,10655,5777,4878,713,147,566,13,4,9,16,7,9,0,0,0
06,089,District - Palwal  (21),Urban,50-54,8640,4668,3972,70,51,19,7744,4426,3318,808,185,623,16,6,10,2,0,2,0,0,0
06,089,District - Palwal  (21),Urban,55-59,6510,3355,3155,69,53,16,5739,3140,2599,694,159,535,6,3,3,2,0,2,0,0,0
06,089,District - Palwal  (21),Urban,60-64,6159,3016,3143,135,71,64,4906,2688,2218,1104,251,853,8,4,4,6,2,4,0,0,0
06,089,District - Palwal  (21),Urban,65-69,3936,1979,1957,166,105,61,2851,1645,1206,915,227,688,2,1,1,2,1,1,0,0,0
06,089,District - Palwal  (21),Urban,70-74,2738,1386,1352,52,35,17,1703,1087,616,979,263,716,1,0,1,3,1,2,0,0,0
06,089,District - Palwal  (21),Urban,75-79,1363,661,702,16,13,3,830,487,343,513,158,355,4,3,1,0,0,0,0,0,0
06,089,District - Palwal  (21),Urban,80+,2028,945,1083,108,62,46,918,576,342,998,307,691,1,0,1,3,0,3,0,0,0
06,089,District - Palwal  (21),Urban,Age not stated,109,61,48,81,50,31,23,10,13,4,0,4,1,1,0,0,0,0,0,0,0
06,089,District - Palwal  (21),Urban,Less than 18,92454,50819,41635,91028,50318,40710,1368,482,886,33,9,24,23,9,14,2,1,1,0,0,0
06,089,District - Palwal  (21),Urban,Less than 21,109367,59969,49398,103998,58381,45617,5264,1552,3712,64,18,46,37,16,21,4,2,2,0,0,0
