state_code,district_code,area_name,region_type,age_group,total_persons,total_males,total_females,never_married_persons,never_married_males,never_married_females,currently_married_persons,currently_married_males,currently_married_females,widowed_persons,widowed_males,widowed_females,separated_persons,separated_males,separated_females,divorced_persons,divorced_males,divorced_females,unspecified_persons,unspecified_males,unspecified_females
02,000,State - HIMACHAL PRADESH (02),Total,All ages,6864602,3481873,3382729,3043972,1720775,1323197,3432207,1677655,1754552,366748,73273,293475,13481,6525,6956,8194,3645,4549,0,0,0
02,000,State - HIMACHAL PRADESH (02),Total,0-9,1136161,596468,539693,1136161,596468,539693,0,0,0,0,0,0,0,0,0,0,0,0,0,0,0
02,000,State - HIMACHAL PRADESH (02),Total,10-14,639224,338240,300984,628334,333862,294472,10218,4105,6113,441,142,299,204,120,84,27,11,16,0,0,0
02,000,State - HIMACHAL PRADESH (02),Total,15-19,640461,336729,303732,603620,327867,275753,35925,8523,27402,586,195,391,264,117,147,66,27,39,0,0,0
02,000,State - HIMACHAL PRADESH (02),Total,20-24,643866,323720,320146,414718,265290,149428,226721,57682,169039,1423,412,1011,715,250,465,289,86,203,0,0,0
02,000,State - HIMACHAL PRADESH (02),Total,25-29,589160,290125,299035,160420,124983,35437,423783,163662,260121,3112,752,2360,1210,493,717,635,235,400,0,0,0
02,000,State - HIMACHAL PRADESH (02),Total,30-34,546357,271253,275104,41609,32227,9382,495676,236410,259266,6456,1358,5098,1595,778,817,1021,480,541,0,0,0
02,000,State - HIMACHAL PRADESH (02),Total,35-39,517966,258230,259736,14855,10587,4268,488620,244021,244599,11264,1990,9274,1943,983,960,1284,649,635,0,0,0
02,000,State - HIMACHAL PRADESH (02),Total,40-44,445560,222269,223291,8786,6042,2744,417222,212330,204892,16731,2562,14169,1675,836,839,1146,499,647,0,0,0
02,000,State - HIMACHAL PRADESH (02),Total,45-49,395128,197642,197486,6066,4114,1952,363319,188809,174510,23345,3616,19729,1423,664,759,975,439,536,0,0,0
02,000,State - HIMACHAL PRADESH (02),Total,50-54,330687,165724,164963,4703,3196,1507,293408,156759,136649,30577,4847,25730,1213,579,634,786,343,443,0,0,0
02,000,State - HIMACHAL PRADESH (02),Total,55-59,266860,135245,131615,3466,2365,1101,227834,126311,101523,34088,5862,28226,885,442,443,587,265,322,0,0,0
02,000,State - HIMACHAL PRADESH (02),Total,60-64,231372,115464,115908,4419,2977,1442,177350,103199,74151,48181,8607,39574,897,452,445,525,229,296,0,0,0
02,000,State - HIMACHAL PRADESH (02),Total,65-69,158607,78387,80220,4007,2629,1378,110761,66870,43891,43022,8474,34548,507,268,239,310,146,164,0,0,0
02,000,State - HIMACHAL PRADESH (02),Total,70-74,130587,62119,68468,2511,1703,808,76527,49813,26714,50872,10255,40617,448,235,213,229,113,116,0,0,0
02,000,State - HIMACHAL PRADESH (02),Total,75-79,75706,36440,39266,1192,853,339,40328,27358,12970,33843,8043,25800,220,134,86,123,52,71,0,0,0
02,000,State - HIMACHAL PRADESH (02),Total,80+,106737,48465,58272,3119,2082,1037,40831,30083,10748,62363,16072,46291,251,162,89,173,66,107,0,0,0
02,000,State - HIMACHAL PRADESH (02),Total,Age not stated,10163,5353,4810,5986,3530,2456,3684,1720,1964,444,86,358,31,12,19,18,5,13,0,0,0
02,000,State - HIMACHAL PRADESH (02),Total,Less than 18,2153758,1134312,1019446,2130757,1126062,1004695,21798,7779,14019,809,255,554,340,192,148,54,24,30,0,0,0
02,000,State - HIMACHAL PRADESH (02),Total,Less than 21,2551748,1341080,1210668,2475907,1321873,1154034,73863,18486,55377,1292,400,892,559,273,286,127,48,79,0,0,0
02,000,State - HIMACHAL PRADESH (02),Rural,All ages,6176050,3110345,3065705,2736978,1542516,1194462,3079194,1490256,1588938,340294,68237,272057,12293,6033,6260,7291,3303,3988,0,0,0
02,000,State - HIMACHAL PRADESH (02),Rural,0-9,1038490,544184,494306,1038490,544184,494306,0,0,0,0,0,0,0,0,0,0,0,0,0,0,0
02,000,State - HIMACHAL PRADESH (02),Rural,10-14,580265,305500,274765,570600,301634,268966,9070,3620,5450,404,131,273,172,107,65,19,8,11,0,0,0
02,000,State - HIMACHAL PRADESH (02),Rural,15-19,575991,300554,275437,542551,292786,249765,32611,7464,25147,535,178,357,235,103,132,59,23,36,0,0,0
02,000,State - HIMACHAL PRADESH (02),Rural,20-24,573439,285167,288272,363058,233170,129888,208148,51318,156830,1312,380,932,652,221,431,269,78,191,0,0,0
02,000,State - HIMACHAL PRADESH (02),Rural,25-29,523605,255016,268589,136357,108004,28353,382716,145654,237062,2880,692,2188,1091,450,641,561,216,345,0,0,0
02,000,State - HIMACHAL PRADESH (02),Rural,30-34,485375,239272,246103,34930,27529,7401,442178,209344,232834,5916,1254,4662,1452,716,736,899,429,470,0,0,0
02,000,State - HIMACHAL PRADESH (02),Rural,35-39,459275,227906,231369,12499,9110,3389,433678,215470,218208,10252,1835,8417,1735,901,834,1111,590,521,0,0,0
02,000,State - HIMACHAL PRADESH (02),Rural,40-44,394635,195137,199498,7468,5234,2234,369424,186335,183089,15214,2350,12864,1526,782,744,1003,436,567,0,0,0
02,000,State - HIMACHAL PRADESH (02),Rural,45-49,350793,173489,177304,5177,3598,1579,322232,165532,156700,21221,3342,17879,1290,611,679,873,406,467,0,0,0
02,000,State - HIMACHAL PRADESH (02),Rural,50-54,295411,145792,149619,4023,2810,1213,261548,137663,123885,28047,4491,23556,1101,530,571,692,298,394,0,0,0
02,000,State - HIMACHAL PRADESH (02),Rural,55-59,240093,119998,120095,2915,2074,841,204474,111852,92622,31370,5414,25956,823,417,406,511,241,270,0,0,0
02,000,State - HIMACHAL PRADESH (02),Rural,60-64,212263,105331,106932,3859,2676,1183,162218,93964,68254,44862,8042,36820,837,430,407,487,219,268,0,0,0
02,000,State - HIMACHAL PRADESH (02),Rural,65-69,146096,71950,74146,3494,2320,1174,101757,61346,40411,40081,7897,32184,473,249,224,291,138,153,0,0,0
02,000,State - HIMACHAL PRADESH (02),Rural,70-74,120932,57250,63682,2213,1525,688,70471,45818,24653,47601,9577,38024,428,223,205,219,107,112,0,0,0
02,000,State - HIMACHAL PRADESH (02),Rural,75-79,69958,33561,36397,1018,738,280,37143,25159,11984,31471,7488,23983,210,127,83,116,49,67,0,0,0
02,000,State - HIMACHAL PRADESH (02),Rural,80+,100043,45339,54704,2756,1854,902,38180,28184,9996,58706,15086,43620,238,155,83,163,60,103,0,0,0
02,000,State - HIMACHAL PRADESH (02),Rural,Age not stated,9386,4899,4487,5570,3270,2300,3346,1533,1813,422,80,342,30,11,19,18,5,13,0,0,0
02,000,State - HIMACHAL PRADESH (02),Rural,Less than 18,1960289,1028888,931401,1939895,1021620,918275,19324,6844,12480,736,234,502,291,172,119,43,18,25,0,0,0
02,000,State - HIMACHAL PRADESH (02),Rural,Less than 21,2315789,1211572,1104217,2247026,1194728,1052298,66982,16195,50787,1182,369,813,489,240,249,110,40,70,0,0,0
02,000,State - HIMACHAL PRADESH (02),Urban,All ages,688552,371528,317024,306994,178259,128735,353013,187399,165614,26454,5036,21418,1188,492,696,903,342,561,0,0,0
02,000,State - HIMACHAL PRADESH (02),Urban,0-9,97671,52284,45387,97671,52284,45387,0,0,0,0,0,0,0,0,0,0,0,0,0,0,0
02,000,State - HIMACHAL PRADESH (02),Urban,10-14,58959,32740,26219,57734,32228,25506,1148,485,663,37,11,26,32,13,19,8,3,5,0,0,0
02,000,State - HIMACHAL PRADESH (02),Urban,15-19,64470,36175,28295,61069,35081,25988,3314,1059,2255,51,17,34,29,14,15,7,4,3,0,0,0
02,000,State - HIMACHAL PRADESH (02),Urban,20-24,70427,38553,31874,51660,32120,19540,18573,6364,12209,111,32,79,63,29,34,20,8,12,0,0,0
02,000,State - HIMACHAL PRADESH (02),Urban,25-29,65555,35109,30446,24063,16979,7084,41067,18008,23059,232,60,172,119,43,76,74,19,55,0,0,0
02,000,State - HIMACHAL PRADESH (02),Urban,30-34,60982,31981,29001,6679,4698,1981,53498,27066,26432,540,104,436,143,62,81,122,51,71,0,0,0
02,000,State - HIMACHAL PRADESH (02),Urban,35-39,58691,30324,28367,2356,1477,879,54942,28551,26391,1012,155,857,208,82,126,173,59,114,0,0,0
02,000,State - HIMACHAL PRADESH (02),Urban,40-44,50925,27132,23793,1318,808,510,47798,25995,21803,1517,212,1305,149,54,95,143,63,80,0,0,0
02,000,State - HIMACHAL PRADESH (02),Urban,45-49,44335,24153,20182,889,516,373,41087,23277,17810,2124,274,1850,133,53,80,102,33,69,0,0,0
02,000,State - HIMACHAL PRADESH (02),Urban,50-54,35276,19932,15344,680,386,294,31860,19096,12764,2530,356,2174,112,49,63,94,45,49,0,0,0
02,000,State - HIMACHAL PRADESH (02),Urban,55-59,26767,15247,11520,551,291,260,23360,14459,8901,2718,448,2270,62,25,37,76,24,52,0,0,0
02,000,State - HIMACHAL PRADESH (02),Urban,60-64,19109,10133,8976,560,301,259,15132,9235,5897,3319,565,2754,60,22,38,38,10,28,0,0,0
02,000,State - HIMACHAL PRADESH (02),Urban,65-69,12511,6437,6074,513,309,204,9004,5524,3480,2941,577,2364,34,19,15,19,8,11,0,0,0
02,000,State - HIMACHAL PRADESH (02),Urban,70-74,9655,4869,4786,298,178,120,6056,3995,2061,3271,678,2593,20,12,8,10,6,4,0,0,0
02,000,State - HIMACHAL PRADESH (02),Urban,75-79,5748,2879,2869,174,115,59,3185,2199,986,2372,555,1817,10,7,3,7,3,4,0,0,0
02,000,State - HIMACHAL PRADESH (02),Urban,80+,6694,3126,3568,363,228,135,2651,1899,752,3657,986,2671,13,7,6,10,6,4,0,0,0
02,000,State - HIMACHAL PRADESH (02),Urban,Age not stated,777,454,323,416,260,156,338,187,151,22,6,16,1,1,0,0,0,0,0,0,0
02,000,State - HIMACHAL PRADESH (02),Urban,Less than 18,193469,105424,88045,190862,104442,86420,2474,935,1539,73,21,52,49,20,29,11,6,5,0,0,0
02,000,State - HIMACHAL PRADESH (02),Urban,Less than 21,235959,129508,106451,228881,127145,101736,6881,2291,4590,110,31,79,70,33,37,17,8,9,0,0,0
02,023,District - Chamba (01),Total,All ages,519080,261320,257760,251813,136201,115612,238942,118155,120787,26611,6175,20436,1015,476,539,699,313,386,0,0,0
02,023,District - Chamba (01),Total,0-9,102426,52527,49899,102426,52527,49899,0,0,0,0,0,0,0,0,0,0,0,0,0,0,0
02,023,District - Chamba (01),Total,10-14,56293,28743,27550,55238,28312,26926,1022,418,604,22,7,15,8,5,3,3,1,2,0,0,0
02,023,District - Chamba (01),Total,15-19,52835,26822,26013,49385,25942,23443,3384,856,2528,41,13,28,22,10,12,3,1,2,0,0,0
02,023,District - Chamba (01),Total,20-24,51043,25190,25853,29551,18603,10948,21230,6497,14733,151,56,95,77,24,53,34,10,24,0,0,0
02,023,District - Chamba (01),Total,25-29,43958,22103,21855,9138,6787,2351,34353,15167,19186,331,89,242,91,42,49,45,18,27,0,0,0
02,023,District - Chamba (01),Total,30-34,38352,19480,18872,2320,1615,705,35204,17620,17584,617,158,459,126,51,75,85,36,49,0,0,0
02,023,District - Chamba (01),Total,35-39,34264,17174,17090,936,580,356,32128,16284,15844,963,200,763,142,67,75,95,43,52,0,0,0
02,023,District - Chamba (01),Total,40-44,31035,15241,15794,570,354,216,28762,14510,14252,1465,272,1193,137,70,67,101,35,66,0,0,0
02,023,District - Chamba (01),Total,45-49,26955,13512,13443,433,277,156,24377,12768,11609,1970,388,1582,100,43,57,75,36,39,0,0,0
02,023,District - Chamba (01),Total,50-54,22446,11151,11295,358,239,119,19347,10356,8991,2579,473,2106,93,45,48,69,38,31,0,0,0
02,023,District - Chamba (01),Total,55-59,17482,8955,8527,245,172,73,14269,8126,6143,2836,592,2244,66,38,28,66,27,39,0,0,0
02,023,District - Chamba (01),Total,60-64,14627,7221,7406,324,201,123,10427,6129,4298,3758,832,2926,62,29,33,56,30,26,0,0,0
02,023,District - Chamba (01),Total,65-69,10069,4931,5138,252,170,82,6511,3966,2545,3245,764,2481,36,19,17,25,12,13,0,0,0
02,023,District - Chamba (01),Total,70-74,7706,3683,4023,166,108,58,4048,2739,1309,3453,815,2638,25,12,13,14,9,5,0,0,0
02,023,District - Chamba (01),Total,75-79,4001,1946,2055,91,68,23,1888,1302,586,1993,555,1438,15,12,3,14,9,5,0,0,0
02,023,District - Chamba (01),Total,80+,5235,2444,2791,172,120,52,1873,1354,519,3165,954,2211,13,9,4,12,7,5,0,0,0
02,023,District - Chamba (01),Total,Age not stated,353,197,156,208,126,82,119,63,56,22,7,15,2,0,2,2,1,1,0,0,0
02,023,District - Chamba (01),Total,Less than 18,190710,97571,93139,188604,96779,91825,2044,770,1274,45,13,32,14,8,6,3,1,2,0,0,0
02,023,District - Chamba (01),Total,Less than 21,222434,113431,109003,215195,111506,103689,7096,1870,5226,89,31,58,45,20,25,9,4,5,0,0,0
02,023,District - Chamba (01),Rural,All ages,482972,241963,241009,235621,127086,108535,220871,108270,112601,24878,5866,19012,956,447,509,646,294,352,0,0,0
02,023,District - Chamba (01),Rural,0-9,97252,49779,47473,97252,49779,47473,0,0,0,0,0,0,0,0,0,0,0,0,0,0,0
02,023,District - Chamba (01),Rural,10-14,52566,26710,25856,51582,26315,25267,955,382,573,20,7,13,7,5,2,2,1,1,0,0,0
02,023,District - Chamba (01),Rural,15-19,49669,25143,24526,46371,24319,22052,3237,801,2436,37,12,25,21,10,11,3,1,2,0,0,0
02,023,District - Chamba (01),Rural,20-24,47776,23405,24371,27231,17156,10075,20298,6161,14137,141,55,86,72,23,49,34,10,24,0,0,0
02,023,District - Chamba (01),Rural,25-29,40494,20171,20323,7966,5962,2004,32081,14064,18017,321,87,234,87,41,46,39,17,22,0,0,0
02,023,District - Chamba (01),Rural,30-34,35086,17660,17426,1979,1402,577,32320,16022,16298,588,154,434,121,48,73,78,34,44,0,0,0
02,023,District - Chamba (01),Rural,35-39,31301,15577,15724,802,507,295,29383,14778,14605,905,192,713,128,59,69,83,41,42,0,0,0
02,023,District - Chamba (01),Rural,40-44,28508,13901,14607,501,318,183,26403,13225,13178,1379,259,1120,131,68,63,94,31,63,0,0,0
02,023,District - Chamba (01),Rural,45-49,24658,12277,12381,377,252,125,22296,11582,10714,1818,371,1447,95,38,57,72,34,38,0,0,0
02,023,District - Chamba (01),Rural,50-54,20673,10219,10454,306,207,99,17812,9482,8330,2405,453,1952,87,43,44,63,34,29,0,0,0
02,023,District - Chamba (01),Rural,55-59,16119,8227,7892,198,150,48,13152,7458,5694,2648,558,2090,61,35,26,60,26,34,0,0,0
02,023,District - Chamba (01),Rural,60-64,13565,6674,6891,273,184,89,9633,5635,3998,3544,796,2748,61,29,32,54,30,24,0,0,0
02,023,District - Chamba (01),Rural,65-69,9311,4578,4733,221,158,63,6001,3660,2341,3031,732,2299,34,17,17,24,11,13,0,0,0
02,023,District - Chamba (01),Rural,70-74,7166,3412,3754,150,101,49,3732,2515,1217,3246,776,2470,24,11,13,14,9,5,0,0,0
02,023,District - Chamba (01),Rural,75-79,3639,1766,1873,73,57,16,1721,1178,543,1819,512,1307,14,12,2,12,7,5,0,0,0
02,023,District - Chamba (01),Rural,80+,4868,2285,2583,149,107,42,1740,1268,472,2956,895,2061,11,8,3,12,7,5,0,0,0
02,023,District - Chamba (01),Rural,Age not stated,321,179,142,190,112,78,107,59,48,20,7,13,2,0,2,2,1,1,0,0,0
02,023,District - Chamba (01),Rural,Less than 18,179788,91728,88060,177817,90996,86821,1917,711,1206,40,12,28,12,8,4,2,1,1,0,0,0
02,023,District - Chamba (01),Rural,Less than 21,209747,106644,103103,202822,104837,97985,6793,1753,5040,81,30,51,43,20,23,8,4,4,0,0,0
02,023,District - Chamba (01),Urban,All ages,36108,19357,16751,16192,9115,7077,18071,9885,8186,1733,309,1424,59,29,30,53,19,34,0,0,0
02,023,District - Chamba (01),Urban,0-9,5174,2748,2426,5174,2748,2426,0,0,0,0,0,0,0,0,0,0,0,0,0,0,0
02,023,District - Chamba (01),Urban,10-14,3727,2033,1694,3656,1997,1659,67,36,31,2,0,2,1,0,1,1,0,1,0,0,0
02,023,District - Chamba (01),Urban,15-19,3166,1679,1487,3014,1623,1391,147,55,92,4,1,3,1,0,1,0,0,0,0,0,0
02,023,District - Chamba (01),Urban,20-24,3267,1785,1482,2320,1447,873,932,336,596,10,1,9,5,1,4,0,0,0,0,0,0
02,023,District - Chamba (01),Urban,25-29,3464,1932,1532,1172,825,347,2272,1103,1169,10,2,8,4,1,3,6,1,5,0,0,0
02,023,District - Chamba (01),Urban,30-34,3266,1820,1446,341,213,128,2884,1598,1286,29,4,25,5,3,2,7,2,5,0,0,0
02,023,District - Chamba (01),Urban,35-39,2963,1597,1366,134,73,61,2745,1506,1239,58,8,50,14,8,6,12,2,10,0,0,0
02,023,District - Chamba (01),Urban,40-44,2527,1340,1187,69,36,33,2359,1285,1074,86,13,73,6,2,4,7,4,3,0,0,0
02,023,District - Chamba (01),Urban,45-49,2297,1235,1062,56,25,31,2081,1186,895,152,17,135,5,5,0,3,2,1,0,0,0
02,023,District - Chamba (01),Urban,50-54,1773,932,841,52,32,20,1535,874,661,174,20,154,6,2,4,6,4,2,0,0,0
02,023,District - Chamba (01),Urban,55-59,1363,728,635,47,22,25,1117,668,449,188,34,154,5,3,2,6,1,5,0,0,0
02,023,District - Chamba (01),Urban,60-64,1062,547,515,51,17,34,794,494,300,214,36,178,1,0,1,2,0,2,0,0,0
02,023,District - Chamba (01),Urban,65-69,758,353,405,31,12,19,510,306,204,214,32,182,2,2,0,1,1,0,0,0,0
02,023,District - Chamba (01),Urban,70-74,540,271,269,16,7,9,316,224,92,207,39,168,1,1,0,0,0,0,0,0,0
02,023,District - Chamba (01),Urban,75-79,362,180,182,18,11,7,167,124,43,174,43,131,1,0,1,2,2,0,0,0,0
02,023,District - Chamba (01),Urban,80+,367,159,208,23,13,10,133,86,47,209,59,150,2,1,1,0,0,0,0,0,0
02,023,District - Chamba (01),Urban,Age not stated,32,18,14,18,14,4,12,4,8,2,0,2,0,0,0,0,0,0,0,0,0
02,023,District - Chamba (01),Urban,Less than 18,10922,5843,5079,10787,5783,5004,127,59,68,5,1,4,2,0,2,1,0,1,0,0,0
02,023,District - Chamba (01),Urban,Less than 21,12687,6787,5900,12373,6669,5704,303,117,186,8,1,7,2,0,2,1,0,1,0,0,0
02,024,District - Kangra (02),Total,All ages,1510075,750591,759484,660723,378295,282428,755173,354365,400808,90212,15991,74221,2551,1274,1277,1416,666,750,0,0,0
02,024,District - Kangra (02),Total,0-9,240090,128501,111589,240090,128501,111589,0,0,0,0,0,0,0,0,0,0,0,0,0,0,0
02,024,District - Kangra (02),Total,10-14,134434,73181,61253,132435,72434,60001,1811,676,1135,132,35,97,50,32,18,6,4,2,0,0,0
02,024,District - Kangra (02),Total,15-19,136480,72217,64263,131020,70974,60046,5242,1168,4074,140,38,102,66,29,37,12,8,4,0,0,0
02,024,District - Kangra (02),Total,20-24,132145,63164,68981,94025,57109,36916,37660,5931,31729,273,71,202,139,44,95,48,9,39,0,0,0
02,024,District - Kangra (02),Total,25-29,123432,56597,66835,39402,31309,8093,83049,25042,58007,604,121,483,263,91,172,114,34,80,0,0,0
02,024,District - Kangra (02),Total,30-34,117860,55359,62501,9753,8068,1685,106159,46758,59401,1363,257,1106,361,166,195,224,110,114,0,0,0
02,024,District - Kangra (02),Total,35-39,112860,53559,59301,2986,2363,623,106603,50411,56192,2598,424,2174,415,218,197,258,143,115,0,0,0
02,024,District - Kangra (02),Total,40-44,97313,46197,51116,1739,1334,405,91213,44020,47193,3868,562,3306,307,181,126,186,100,86,0,0,0
02,024,District - Kangra (02),Total,45-49,91139,44165,46974,1113,840,273,84261,42381,41880,5317,707,4610,304,161,143,144,76,68,0,0,0
02,024,District - Kangra (02),Total,50-54,76764,37182,39582,827,608,219,68621,35496,33125,7026,932,6094,182,91,91,108,55,53,0,0,0
02,024,District - Kangra (02),Total,55-59,65241,32270,32971,610,453,157,56339,30578,25761,8073,1128,6945,138,72,66,81,39,42,0,0,0
02,024,District - Kangra (02),Total,60-64,57462,28693,28769,981,686,295,44595,26123,18472,11681,1783,9898,133,73,60,72,28,44,0,0,0
02,024,District - Kangra (02),Total,65-69,40778,20268,20510,975,644,331,28587,17659,10928,11099,1898,9201,59,36,23,58,31,27,0,0,0
02,024,District - Kangra (02),Total,70-74,33352,15785,17567,546,402,144,19399,13035,6364,13316,2309,11007,61,31,30,30,8,22,0,0,0
02,024,District - Kangra (02),Total,75-79,19459,9180,10279,262,207,55,10201,7077,3124,8947,1874,7073,25,16,9,24,6,18,0,0,0
02,024,District - Kangra (02),Total,80+,26364,11786,14578,704,501,203,9994,7421,2573,15588,3823,11765,33,27,6,45,14,31,0,0,0
02,024,District - Kangra (02),Total,Age not stated,4902,2487,2415,3255,1862,1393,1439,589,850,187,29,158,15,6,9,6,1,5,0,0,0
02,024,District - Kangra (02),Total,Less than 18,455748,245178,210570,451424,243761,207663,4009,1303,2706,215,53,162,88,53,35,12,8,4,0,0,0
02,024,District - Kangra (02),Total,Less than 21,538936,287999,250937,527379,285245,242134,11072,2580,8492,327,88,239,136,73,63,22,13,9,0,0,0
02,024,District - Kangra (02),Rural,All ages,1423794,705365,718429,621642,355724,265918,712556,332672,379884,85964,15177,70787,2352,1182,1170,1280,610,670,0,0,0
02,024,District - Kangra (02),Rural,0-9,227867,121943,105924,227867,121943,105924,0,0,0,0,0,0,0,0,0,0,0,0,0,0,0
02,024,District - Kangra (02),Rural,10-14,126737,68994,57743,124832,68273,56559,1725,652,1073,126,33,93,49,32,17,5,4,1,0,0,0
02,024,District - Kangra (02),Rural,15-19,128698,68007,60691,123586,66830,56756,4904,1105,3799,133,35,98,63,29,34,12,8,4,0,0,0
02,024,District - Kangra (02),Rural,20-24,124341,59128,65213,88160,53599,34561,35749,5419,30330,254,59,195,133,42,91,45,9,36,0,0,0
02,024,District - Kangra (02),Rural,25-29,115579,52480,63099,36159,29022,7137,78498,23229,55269,579,115,464,237,82,155,106,32,74,0,0,0
02,024,District - Kangra (02),Rural,30-34,110437,51579,58858,8663,7263,1400,99935,43818,56117,1297,241,1056,337,156,181,205,101,104,0,0,0
02,024,District - Kangra (02),Rural,35-39,106069,50147,55922,2597,2085,512,100410,47329,53081,2456,400,2056,381,205,176,225,128,97,0,0,0
02,024,District - Kangra (02),Rural,40-44,91246,43115,48131,1477,1143,334,85666,41174,44492,3649,535,3114,285,170,115,169,93,76,0,0,0
02,024,District - Kangra (02),Rural,45-49,85543,41277,44266,923,703,220,79186,39682,39504,5027,673,4354,278,148,130,129,71,58,0,0,0
02,024,District - Kangra (02),Rural,50-54,72108,34689,37419,702,525,177,64501,33148,31353,6644,886,5758,167,84,83,94,46,48,0,0,0
02,024,District - Kangra (02),Rural,55-59,61485,30232,31253,514,395,119,53119,28674,24445,7654,1060,6594,126,67,59,72,36,36,0,0,0
02,024,District - Kangra (02),Rural,60-64,54571,27122,27449,880,627,253,42368,24718,17650,11137,1688,9449,119,63,56,67,26,41,0,0,0
02,024,District - Kangra (02),Rural,65-69,38882,19299,19583,863,577,286,27296,16865,10431,10617,1796,8821,54,32,22,52,29,23,0,0,0
02,024,District - Kangra (02),Rural,70-74,31766,14995,16771,466,345,121,18485,12419,6066,12734,2198,10536,52,25,27,29,8,21,0,0,0
02,024,District - Kangra (02),Rural,75-79,18496,8709,9787,196,158,38,9718,6743,2975,8537,1788,6749,24,15,9,21,5,16,0,0,0
02,024,District - Kangra (02),Rural,80+,25225,11243,13982,604,429,175,9605,7131,2474,14940,3643,11297,33,27,6,43,13,30,0,0,0
02,024,District - Kangra (02),Rural,Age not stated,4744,2406,2338,3153,1807,1346,1391,566,825,180,27,153,14,5,9,6,1,5,0,0,0
02,024,District - Kangra (02),Rural,Less than 18,431117,231885,199232,427044,230531,196513,3773,1244,2529,204,49,155,85,53,32,11,8,3,0,0,0
02,024,District - Kangra (02),Rural,Less than 21,509602,272180,237422,498733,269575,229158,10407,2439,7968,311,81,230,131,72,59,20,13,7,0,0,0
02,024,District - Kangra (02),Urban,All ages,86281,45226,41055,39081,22571,16510,42617,21693,20924,4248,814,3434,199,92,107,136,56,80,0,0,0
02,024,District - Kangra (02),Urban,0-9,12223,6558,5665,12223,6558,5665,0,0,0,0,0,0,0,0,0,0,0,0,0,0,0
02,024,District - Kangra (02),Urban,10-14,7697,4187,3510,7603,4161,3442,86,24,62,6,2,4,1,0,1,1,0,1,0,0,0
02,024,District - Kangra (02),Urban,15-19,7782,4210,3572,7434,4144,3290,338,63,275,7,3,4,3,0,3,0,0,0,0,0,0
02,024,District - Kangra (02),Urban,20-24,7804,4036,3768,5865,3510,2355,1911,512,1399,19,12,7,6,2,4,3,0,3,0,0,0
02,024,District - Kangra (02),Urban,25-29,7853,4117,3736,3243,2287,956,4551,1813,2738,25,6,19,26,9,17,8,2,6,0,0,0
02,024,District - Kangra (02),Urban,30-34,7423,3780,3643,1090,805,285,6224,2940,3284,66,16,50,24,10,14,19,9,10,0,0,0
02,024,District - Kangra (02),Urban,35-39,6791,3412,3379,389,278,111,6193,3082,3111,142,24,118,34,13,21,33,15,18,0,0,0
02,024,District - Kangra (02),Urban,40-44,6067,3082,2985,262,191,71,5547,2846,2701,219,27,192,22,11,11,17,7,10,0,0,0
02,024,District - Kangra (02),Urban,45-49,5596,2888,2708,190,137,53,5075,2699,2376,290,34,256,26,13,13,15,5,10,0,0,0
02,024,District - Kangra (02),Urban,50-54,4656,2493,2163,125,83,42,4120,2348,1772,382,46,336,15,7,8,14,9,5,0,0,0
02,024,District - Kangra (02),Urban,55-59,3756,2038,1718,96,58,38,3220,1904,1316,419,68,351,12,5,7,9,3,6,0,0,0
02,024,District - Kangra (02),Urban,60-64,2891,1571,1320,101,59,42,2227,1405,822,544,95,449,14,10,4,5,2,3,0,0,0
02,024,District - Kangra (02),Urban,65-69,1896,969,927,112,67,45,1291,794,497,482,102,380,5,4,1,6,2,4,0,0,0
02,024,District - Kangra (02),Urban,70-74,1586,790,796,80,57,23,914,616,298,582,111,471,9,6,3,1,0,1,0,0,0
02,024,District - Kangra (02),Urban,75-79,963,471,492,66,49,17,483,334,149,410,86,324,1,1,0,3,1,2,0,0,0
02,024,District - Kangra (02),Urban,80+,1139,543,596,100,72,28,389,290,99,648,180,468,0,0,0,2,1,1,0,0,0
02,024,District - Kangra (02),Urban,Age not stated,158,81,77,102,55,47,48,23,25,7,2,5,1,1,0,0,0,0,0,0,0
02,024,District - Kangra (02),Urban,Less than 18,24631,13293,11338,24380,13230,11150,236,59,177,11,4,7,3,0,3,1,0,1,0,0,0
02,024,District - Kangra (02),Urban,Less than 21,29334,15819,13515,28646,15670,12976,665,141,524,16,7,9,5,1,4,2,0,2,0,0,0
02,025,District - Lahul & Spiti (03),Total,All ages,31564,16588,14976,14977,8154,6823,14807,7924,6883,1598,451,1147,122,42,80,60,17,43,0,0,0
02,025,District - Lahul & Spiti (03),Total,0-9,4613,2295,2318,4613,2295,2318,0,0,0,0,0,0,0,0,0,0,0,0,0,0,0
02,025,District - Lahul & Spiti (03),Total,10-14,2632,1292,1340,2590,1268,1322,35,21,14,5,2,3,2,1,1,0,0,0,0,0,0
02,025,District - Lahul & Spiti (03),Total,15-19,2709,1460,1249,2563,1408,1155,146,52,94,0,0,0,0,0,0,0,0,0,0,0,0
02,025,District - Lahul & Spiti (03),Total,20-24,2989,1672,1317,2053,1308,745,921,359,562,4,1,3,7,3,4,4,1,3,0,0,0
02,025,District - Lahul & Spiti (03),Total,25-29,2985,1637,1348,1094,739,355,1864,894,970,9,1,8,15,3,12,3,0,3,0,0,0
02,025,District - Lahul & Spiti (03),Total,30-34,2712,1482,1230,517,328,189,2152,1140,1012,23,5,18,9,4,5,11,5,6,0,0,0
02,025,District - Lahul & Spiti (03),Total,35-39,2424,1342,1082,290,180,110,2057,1141,916,57,14,43,12,4,8,8,3,5,0,0,0
02,025,District - Lahul & Spiti (03),Total,40-44,2172,1213,959,212,122,90,1854,1071,783,83,15,68,12,3,9,11,2,9,0,0,0
02,025,District - Lahul & Spiti (03),Total,45-49,1873,1028,845,207,108,99,1525,891,634,121,24,97,12,3,9,8,2,6,0,0,0
02,025,District - Lahul & Spiti (03),Total,50-54,1607,813,794,167,88,79,1262,685,577,163,35,128,11,3,8,4,2,2,0,0,0
02,025,District - Lahul & Spiti (03),Total,55-59,1294,676,618,150,67,83,978,565,413,155,40,115,9,4,5,2,0,2,0,0,0
02,025,District - Lahul & Spiti (03),Total,60-64,1044,515,529,124,54,70,717,403,314,191,55,136,9,2,7,3,1,2,0,0,0
02,025,District - Lahul & Spiti (03),Total,65-69,669,310,359,85,37,48,428,229,199,150,42,108,4,2,2,2,0,2,0,0,0
02,025,District - Lahul & Spiti (03),Total,70-74,591,247,344,97,36,61,300,151,149,185,55,130,8,4,4,1,1,0,0,0,0
02,025,District - Lahul & Spiti (03),Total,75-79,434,202,232,54,24,30,209,116,93,165,59,106,6,3,3,0,0,0,0,0,0
02,025,District - Lahul & Spiti (03),Total,80+,561,268,293,59,31,28,221,134,87,274,101,173,5,2,3,2,0,2,0,0,0
02,025,District - Lahul & Spiti (03),Total,Age not stated,255,136,119,102,61,41,138,72,66,13,2,11,1,1,0,1,0,1,0,0,0
02,025,District - Lahul & Spiti (03),Total,Less than 18,8890,4480,4410,8797,4438,4359,86,39,47,5,2,3,2,1,1,0,0,0,0,0,0
02,025,District - Lahul & Spiti (03),Total,Less than 21,10556,5361,5195,10246,5247,4999,301,111,190,6,2,4,2,1,1,1,0,1,0,0,0
02,025,District - Lahul & Spiti (03),Rural,All ages,31564,16588,14976,14977,8154,6823,14807,7924,6883,1598,451,1147,122,42,80,60,17,43,0,0,0
02,025,District - Lahul & Spiti (03),Rural,0-9,4613,2295,2318,4613,2295,2318,0,0,0,0,0,0,0,0,0,0,0,0,0,0,0
02,025,District - Lahul & Spiti (03),Rural,10-14,2632,1292,1340,2590,1268,1322,35,21,14,5,2,3,2,1,1,0,0,0,0,0,0
02,025,District - Lahul & Spiti (03),Rural,15-19,2709,1460,1249,2563,1408,1155,146,52,94,0,0,0,0,0,0,0,0,0,0,0,0
02,025,District - Lahul & Spiti (03),Rural,20-24,2989,1672,1317,2053,1308,745,921,359,562,4,1,3,7,3,4,4,1,3,0,0,0
02,025,District - Lahul & Spiti (03),Rural,25-29,2985,1637,1348,1094,739,355,1864,894,970,9,1,8,15,3,12,3,0,3,0,0,0
02,025,District - Lahul & Spiti (03),Rural,30-34,2712,1482,1230,517,328,189,2152,1140,1012,23,5,18,9,4,5,11,5,6,0,0,0
02,025,District - Lahul & Spiti (03),Rural,35-39,2424,1342,1082,290,180,110,2057,1141,916,57,14,43,12,4,8,8,3,5,0,0,0
02,025,District - Lahul & Spiti (03),Rural,40-44,2172,1213,959,212,122,90,1854,1071,783,83,15,68,12,3,9,11,2,9,0,0,0
02,025,District - Lahul & Spiti (03),Rural,45-49,1873,1028,845,207,108,99,1525,891,634,121,24,97,12,3,9,8,2,6,0,0,0
02,025,District - Lahul & Spiti (03),Rural,50-54,1607,813,794,167,88,79,1262,685,577,163,35,128,11,3,8,4,2,2,0,0,0
02,025,District - Lahul & Spiti (03),Rural,55-59,1294,676,618,150,67,83,978,565,413,155,40,115,9,4,5,2,0,2,0,0,0
02,025,District - Lahul & Spiti (03),Rural,60-64,1044,515,529,124,54,70,717,403,314,191,55,136,9,2,7,3,1,2,0,0,0
02,025,District - Lahul & Spiti (03),Rural,65-69,669,310,359,85,37,48,428,229,199,150,42,108,4,2,2,2,0,2,0,0,0
02,025,District - Lahul & Spiti (03),Rural,70-74,591,247,344,97,36,61,300,151,149,185,55,130,8,4,4,1,1,0,0,0,0
02,025,District - Lahul & Spiti (03),Rural,75-79,434,202,232,54,24,30,209,116,93,165,59,106,6,3,3,0,0,0,0,0,0
02,025,District - Lahul & Spiti (03),Rural,80+,561,268,293,59,31,28,221,134,87,274,101,173,5,2,3,2,0,2,0,0,0
02,025,District - Lahul & Spiti (03),Rural,Age not stated,255,136,119,102,61,41,138,72,66,13,2,11,1,1,0,1,0,1,0,0,0
02,025,District - Lahul & Spiti (03),Rural,Less than 18,8890,4480,4410,8797,4438,4359,86,39,47,5,2,3,2,1,1,0,0,0,0,0,0
02,025,District - Lahul & Spiti (03),Rural,Less than 21,10556,5361,5195,10246,5247,4999,301,111,190,6,2,4,2,1,1,1,0,1,0,0,0
02,025,District - Lahul & Spiti (03),Urban,All ages,0,0,0,0,0,0,0,0,0,0,0,0,0,0,0,0,0,0,0,0,0
02,025,District - Lahul & Spiti (03),Urban,0-9,0,0,0,0,0,0,0,0,0,0,0,0,0,0,0,0,0,0,0,0,0
02,025,District - Lahul & Spiti (03),Urban,10-14,0,0,0,0,0,0,0,0,0,0,0,0,0,0,0,0,0,0,0,0,0
02,025,District - Lahul & Spiti (03),Urban,15-19,0,0,0,0,0,0,0,0,0,0,0,0,0,0,0,0,0,0,0,0,0
02,025,District - Lahul & Spiti (03),Urban,20-24,0,0,0,0,0,0,0,0,0,0,0,0,0,0,0,0,0,0,0,0,0
02,025,District - Lahul & Spiti (03),Urban,25-29,0,0,0,0,0,0,0,0,0,0,0,0,0,0,0,0,0,0,0,0,0
02,025,District - Lahul & Spiti (03),Urban,30-34,0,0,0,0,0,0,0,0,0,0,0,0,0,0,0,0,0,0,0,0,0
02,025,District - Lahul & Spiti (03),Urban,35-39,0,0,0,0,0,0,0,0,0,0,0,0,0,0,0,0,0,0,0,0,0
02,025,District - Lahul & Spiti (03),Urban,40-44,0,0,0,0,0,0,0,0,0,0,0,0,0,0,0,0,0,0,0,0,0
02,025,District - Lahul & Spiti (03),Urban,45-49,0,0,0,0,0,0,0,0,0,0,0,0,0,0,0,0,0,0,0,0,0
02,025,District - Lahul & Spiti (03),Urban,50-54,0,0,0,0,0,0,0,0,0,0,0,0,0,0,0,0,0,0,0,0,0
02,025,District - Lahul & Spiti (03),Urban,55-59,0,0,0,0,0,0,0,0,0,0,0,0,0,0,0,0,0,0,0,0,0
02,025,District - Lahul & Spiti (03),Urban,60-64,0,0,0,0,0,0,0,0,0,0,0,0,0,0,0,0,0,0,0,0,0
02,025,District - Lahul & Spiti (03),Urban,65-69,0,0,0,0,0,0,0,0,0,0,0,0,0,0,0,0,0,0,0,0,0
02,025,District - Lahul & Spiti (03),Urban,70-74,0,0,0,0,0,0,0,0,0,0,0,0,0,0,0,0,0,0,0,0,0
02,025,District - Lahul & Spiti (03),Urban,75-79,0,0,0,0,0,0,0,0,0,0,0,0,0,0,0,0,0,0,0,0,0
02,025,District - Lahul & Spiti (03),Urban,80+,0,0,0,0,0,0,0,0,0,0,0,0,0,0,0,0,0,0,0,0,0
02,025,District - Lahul & Spiti (03),Urban,Age not stated,0,0,0,0,0,0,0,0,0,0,0,0,0,0,0,0,0,0,0,0,0
02,025,District - Lahul & Spiti (03),Urban,Less than 18,0,0,0,0,0,0,0,0,0,0,0,0,0,0,0,0,0,0,0,0,0
02,025,District - Lahul & Spiti (03),Urban,Less than 21,0,0,0,0,0,0,0,0,0,0,0,0,0,0,0,0,0,0,0,0,0
02,026,District - Kullu (04),Total,All ages,437903,225452,212451,197118,108985,88133,217591,109994,107597,20712,5335,15377,1501,737,764,981,401,580,0,0,0
02,026,District - Kullu (04),Total,0-9,73397,37388,36009,73397,37388,36009,0,0,0,0,0,0,0,0,0,0,0,0,0,0,0
02,026,District - Kullu (04),Total,10-14,42519,21770,20749,41588,21370,20218,878,381,497,35,11,24,16,8,8,2,0,2,0,0,0
02,026,District - Kullu (04),Total,15-19,43817,22757,21060,39944,21749,18195,3798,985,2813,42,13,29,25,6,19,8,4,4,0,0,0
02,026,District - Kullu (04),Total,20-24,45039,23183,21856,24953,16420,8533,19851,6678,13173,118,40,78,86,34,52,31,11,20,0,0,0
02,026,District - Kullu (04),Total,25-29,39955,20875,19080,9454,7000,2454,30061,13733,16328,244,74,170,113,38,75,83,30,53,0,0,0
02,026,District - Kullu (04),Total,30-34,35480,18404,17076,2827,1953,874,31955,16222,15733,438,117,321,161,72,89,99,40,59,0,0,0
02,026,District - Kullu (04),Total,35-39,32940,17046,15894,1184,746,438,30678,15960,14718,739,165,574,199,110,89,140,65,75,0,0,0
02,026,District - Kullu (04),Total,40-44,27863,14350,13513,741,457,284,25769,13568,12201,1034,187,847,165,81,84,154,57,97,0,0,0
02,026,District - Kullu (04),Total,45-49,24227,12497,11730,626,372,254,21833,11685,10148,1492,310,1182,156,78,78,120,52,68,0,0,0
02,026,District - Kullu (04),Total,50-54,19541,10081,9460,483,313,170,16974,9228,7746,1850,434,1416,149,71,78,85,35,50,0,0,0
02,026,District - Kullu (04),Total,55-59,15647,8340,7307,381,244,137,12983,7495,5488,2075,506,1569,118,61,57,90,34,56,0,0,0
02,026,District - Kullu (04),Total,60-64,12959,6573,6386,460,304,156,9461,5487,3974,2831,679,2152,128,67,61,79,36,43,0,0,0
02,026,District - Kullu (04),Total,65-69,8519,4337,4182,355,235,120,5624,3392,2232,2439,658,1781,72,42,30,29,10,19,0,0,0
02,026,District - Kullu (04),Total,70-74,6791,3375,3416,237,154,83,3807,2480,1327,2655,692,1963,59,34,25,33,15,18,0,0,0
02,026,District - Kullu (04),Total,75-79,3770,1878,1892,97,56,41,1881,1257,624,1756,545,1211,21,14,7,15,6,9,0,0,0
02,026,District - Kullu (04),Total,80+,5055,2388,2667,211,124,87,1856,1340,516,2944,897,2047,31,21,10,13,6,7,0,0,0
02,026,District - Kullu (04),Total,Age not stated,384,210,174,180,100,80,182,103,79,20,7,13,2,0,2,0,0,0,0,0,0
02,026,District - Kullu (04),Total,Less than 18,141681,72545,69136,139714,71800,67914,1874,710,1164,62,21,41,26,11,15,5,3,2,0,0,0
02,026,District - Kullu (04),Total,Less than 21,169273,86807,82466,161690,84666,77024,7420,2088,5332,96,30,66,50,16,34,17,7,10,0,0,0
02,026,District - Kullu (04),Rural,All ages,396512,203269,193243,179196,98658,80538,196002,98577,97425,19050,4965,14085,1383,697,686,881,372,509,0,0,0
02,026,District - Kullu (04),Rural,0-9,67414,34239,33175,67414,34239,33175,0,0,0,0,0,0,0,0,0,0,0,0,0,0,0
02,026,District - Kullu (04),Rural,10-14,39130,19935,19195,38293,19582,18711,794,337,457,28,9,19,13,7,6,2,0,2,0,0,0
02,026,District - Kullu (04),Rural,15-19,40210,20765,19445,36589,19830,16759,3551,913,2638,39,13,26,24,6,18,7,3,4,0,0,0
02,026,District - Kullu (04),Rural,20-24,40967,20912,20055,22165,14576,7589,18579,6254,12325,113,39,74,80,32,48,30,11,19,0,0,0
02,026,District - Kullu (04),Rural,25-29,35968,18755,17213,8020,5972,2048,27552,12650,14902,224,70,154,101,36,65,71,27,44,0,0,0
02,026,District - Kullu (04),Rural,30-34,31743,16483,15260,2394,1677,717,28716,14594,14122,403,108,295,147,67,80,83,37,46,0,0,0
02,026,District - Kullu (04),Rural,35-39,29154,15058,14096,1005,642,363,27177,14100,13077,669,153,516,182,102,80,121,61,60,0,0,0
02,026,District - Kullu (04),Rural,40-44,24751,12660,12091,648,406,242,22877,11953,10924,936,172,764,155,79,76,135,50,85,0,0,0
02,026,District - Kullu (04),Rural,45-49,21624,11124,10500,546,332,214,19481,10378,9103,1344,290,1054,144,75,69,109,49,60,0,0,0
02,026,District - Kullu (04),Rural,50-54,17382,8849,8533,414,281,133,15070,8066,7004,1684,405,1279,137,65,72,77,32,45,0,0,0
02,026,District - Kullu (04),Rural,55-59,14027,7452,6575,319,214,105,11623,6669,4954,1894,479,1415,108,58,50,83,32,51,0,0,0
02,026,District - Kullu (04),Rural,60-64,11774,5964,5810,422,291,131,8526,4942,3584,2630,631,1999,120,66,54,76,34,42,0,0,0
02,026,District - Kullu (04),Rural,65-69,7742,3932,3810,328,219,109,5077,3052,2025,2245,613,1632,64,38,26,28,10,18,0,0,0
02,026,District - Kullu (04),Rural,70-74,6222,3067,3155,207,142,65,3451,2244,1207,2477,635,1842,56,32,24,31,14,17,0,0,0
02,026,District - Kullu (04),Rural,75-79,3410,1687,1723,82,49,33,1682,1118,564,1610,500,1110,21,14,7,15,6,9,0,0,0
02,026,District - Kullu (04),Rural,80+,4639,2194,2445,182,112,70,1681,1215,466,2734,841,1893,29,20,9,13,6,7,0,0,0
02,026,District - Kullu (04),Rural,Age not stated,355,193,162,168,94,74,165,92,73,20,7,13,2,0,2,0,0,0,0,0,0
02,026,District - Kullu (04),Rural,Less than 18,130269,66435,63834,128484,65760,62724,1705,644,1061,53,19,34,23,10,13,4,2,2,0,0,0
02,026,District - Kullu (04),Rural,Less than 21,155485,79370,76115,148399,77392,71007,6940,1930,5010,86,28,58,44,14,30,16,6,10,0,0,0
02,026,District - Kullu (04),Urban,All ages,41391,22183,19208,17922,10327,7595,21589,11417,10172,1662,370,1292,118,40,78,100,29,71,0,0,0
02,026,District - Kullu (04),Urban,0-9,5983,3149,2834,5983,3149,2834,0,0,0,0,0,0,0,0,0,0,0,0,0,0,0
02,026,District - Kullu (04),Urban,10-14,3389,1835,1554,3295,1788,1507,84,44,40,7,2,5,3,1,2,0,0,0,0,0,0
02,026,District - Kullu (04),Urban,15-19,3607,1992,1615,3355,1919,1436,247,72,175,3,0,3,1,0,1,1,1,0,0,0,0
02,026,District - Kullu (04),Urban,20-24,4072,2271,1801,2788,1844,944,1272,424,848,5,1,4,6,2,4,1,0,1,0,0,0
02,026,District - Kullu (04),Urban,25-29,3987,2120,1867,1434,1028,406,2509,1083,1426,20,4,16,12,2,10,12,3,9,0,0,0
02,026,District - Kullu (04),Urban,30-34,3737,1921,1816,433,276,157,3239,1628,1611,35,9,26,14,5,9,16,3,13,0,0,0
02,026,District - Kullu (04),Urban,35-39,3786,1988,1798,179,104,75,3501,1860,1641,70,12,58,17,8,9,19,4,15,0,0,0
02,026,District - Kullu (04),Urban,40-44,3112,1690,1422,93,51,42,2892,1615,1277,98,15,83,10,2,8,19,7,12,0,0,0
02,026,District - Kullu (04),Urban,45-49,2603,1373,1230,80,40,40,2352,1307,1045,148,20,128,12,3,9,11,3,8,0,0,0
02,026,District - Kullu (04),Urban,50-54,2159,1232,927,69,32,37,1904,1162,742,166,29,137,12,6,6,8,3,5,0,0,0
02,026,District - Kullu (04),Urban,55-59,1620,888,732,62,30,32,1360,826,534,181,27,154,10,3,7,7,2,5,0,0,0
02,026,District - Kullu (04),Urban,60-64,1185,609,576,38,13,25,935,545,390,201,48,153,8,1,7,3,2,1,0,0,0
02,026,District - Kullu (04),Urban,65-69,777,405,372,27,16,11,547,340,207,194,45,149,8,4,4,1,0,1,0,0,0
02,026,District - Kullu (04),Urban,70-74,569,308,261,30,12,18,356,236,120,178,57,121,3,2,1,2,1,1,0,0,0
02,026,District - Kullu (04),Urban,75-79,360,191,169,15,7,8,199,139,60,146,45,101,0,0,0,0,0,0,0,0,0
02,026,District - Kullu (04),Urban,80+,416,194,222,29,12,17,175,125,50,210,56,154,2,1,1,0,0,0,0,0,0
02,026,District - Kullu (04),Urban,Age not stated,29,17,12,12,6,6,17,11,6,0,0,0,0,0,0,0,0,0,0,0,0
02,026,District - Kullu (04),Urban,Less than 18,11412,6110,5302,11230,6040,5190,169,66,103,9,2,7,3,1,2,1,1,0,0,0,0
02,026,District - Kullu (04),Urban,Less than 21,13788,7437,6351,13291,7274,6017,480,158,322,10,2,8,6,2,4,1,1,0,0,0,0
02,027,District - Mandi (05),Total,All ages,999777,498065,501712,417029,233534,183495,525495,253291,272204,54425,10104,44321,1769,761,1008,1059,375,684,0,0,0
02,027,District - Mandi (05),Total,0-9,164465,85740,78725,164465,85740,78725,0,0,0,0,0,0,0,0,0,0,0,0,0,0,0
02,027,District - Mandi (05),Total,10-14,93888,48938,44950,91418,47870,43548,2358,1012,1346,65,27,38,41,26,15,6,3,3,0,0,0
02,027,District - Mandi (05),Total,15-19,92282,47780,44502,84916,46074,38842,7194,1637,5557,121,48,73,37,15,22,14,6,8,0,0,0
02,027,District - Mandi (05),Total,20-24,89945,44215,45730,49755,33767,15988,39787,10316,29471,261,85,176,109,38,71,33,9,24,0,0,0
02,027,District - Mandi (05),Total,25-29,83705,40476,43229,16369,13246,3123,66534,27002,39532,570,135,435,157,70,87,75,23,52,0,0,0
02,027,District - Mandi (05),Total,30-34,81122,39763,41359,4007,2989,1018,75743,36421,39322,1087,233,854,172,71,101,113,49,64,0,0,0
02,027,District - Mandi (05),Total,35-39,76321,37545,38776,1430,903,527,72720,36141,36579,1767,319,1448,253,122,131,151,60,91,0,0,0
02,027,District - Mandi (05),Total,40-44,64420,31165,33255,885,541,344,60718,30119,30599,2462,371,2091,214,86,128,141,48,93,0,0,0
02,027,District - Mandi (05),Total,45-49,57458,28016,29442,603,368,235,53109,27064,26045,3459,494,2965,166,48,118,121,42,79,0,0,0
02,027,District - Mandi (05),Total,50-54,49047,23876,25171,483,297,186,43770,22830,20940,4504,648,3856,156,72,84,134,29,105,0,0,0
02,027,District - Mandi (05),Total,55-59,39623,19464,20159,346,228,118,33946,18346,15600,5130,816,4314,121,45,76,80,29,51,0,0,0
02,027,District - Mandi (05),Total,60-64,34561,16931,17630,433,282,151,26921,15375,11546,7005,1187,5818,120,52,68,82,35,47,0,0,0
02,027,District - Mandi (05),Total,65-69,23053,11185,11868,379,246,133,16560,9797,6763,6002,1093,4909,66,33,33,46,16,30,0,0,0
02,027,District - Mandi (05),Total,70-74,19324,8980,10344,240,162,78,11885,7460,4425,7095,1314,5781,74,32,42,30,12,18,0,0,0
02,027,District - Mandi (05),Total,75-79,11975,5671,6304,133,99,34,6690,4440,2250,5098,1106,3992,34,20,14,20,6,14,0,0,0
02,027,District - Mandi (05),Total,80+,17078,7531,9547,465,297,168,6845,4984,1861,9713,2214,7499,42,28,14,13,8,5,0,0,0
02,027,District - Mandi (05),Total,Age not stated,1510,789,721,702,425,277,715,347,368,86,14,72,7,3,4,0,0,0,0,0,0
02,027,District - Mandi (05),Total,Less than 18,313665,163511,150154,308806,161564,147242,4634,1845,2789,148,58,90,61,37,24,16,7,9,0,0,0
02,027,District - Mandi (05),Total,Less than 21,369393,191774,177619,354436,188016,166420,14614,3622,10992,234,85,149,87,42,45,22,9,13,0,0,0
02,027,District - Mandi (05),Rural,All ages,937140,466050,471090,391909,219219,172690,491366,236152,255214,51212,9604,41608,1669,727,942,984,348,636,0,0,0
02,027,District - Mandi (05),Rural,0-9,156128,81269,74859,156128,81269,74859,0,0,0,0,0,0,0,0,0,0,0,0,0,0,0
02,027,District - Mandi (05),Rural,10-14,88934,46208,42726,86621,45205,41416,2209,952,1257,63,27,36,36,22,14,5,2,3,0,0,0
02,027,District - Mandi (05),Rural,15-19,86718,44732,41986,79679,43124,36555,6879,1543,5336,115,47,68,33,13,20,12,5,7,0,0,0
02,027,District - Mandi (05),Rural,20-24,84728,41592,43136,46026,31545,14481,38321,9918,28403,251,85,166,100,35,65,30,9,21,0,0,0
02,027,District - Mandi (05),Rural,25-29,78688,38101,40587,14668,12047,2621,63257,25839,37418,544,128,416,149,66,83,70,21,49,0,0,0
02,027,District - Mandi (05),Rural,30-34,75834,37195,38639,3437,2596,841,71115,34268,36847,1012,216,796,165,70,95,105,45,60,0,0,0
02,027,District - Mandi (05),Rural,35-39,70980,34989,35991,1218,776,442,67720,33737,33983,1663,301,1362,238,117,121,141,58,83,0,0,0
02,027,District - Mandi (05),Rural,40-44,59672,28794,30878,743,467,276,56278,27848,28430,2322,354,1968,201,83,118,128,42,86,0,0,0
02,027,District - Mandi (05),Rural,45-49,53012,25750,27262,520,325,195,49002,24876,24126,3224,464,2760,156,47,109,110,38,72,0,0,0
02,027,District - Mandi (05),Rural,50-54,45297,21878,23419,416,264,152,40368,20907,19461,4243,615,3628,146,67,79,124,25,99,0,0,0
02,027,District - Mandi (05),Rural,55-59,36598,17851,18747,295,204,91,31311,16803,14508,4804,774,4030,115,43,72,73,27,46,0,0,0
02,027,District - Mandi (05),Rural,60-64,32210,15762,16448,386,257,129,25039,14281,10758,6594,1140,5454,111,49,62,80,35,45,0,0,0
02,027,District - Mandi (05),Rural,65-69,21496,10365,11131,341,224,117,15396,9059,6337,5651,1034,4617,64,33,31,44,15,29,0,0,0
02,027,District - Mandi (05),Rural,70-74,18068,8351,9717,213,145,68,11038,6912,4126,6714,1250,5464,74,32,42,29,12,17,0,0,0
02,027,District - Mandi (05),Rural,75-79,11192,5316,5876,122,93,29,6257,4140,2117,4760,1058,3702,33,19,14,20,6,14,0,0,0
02,027,District - Mandi (05),Rural,80+,16161,7151,9010,434,277,157,6504,4741,1763,9169,2097,7072,41,28,13,13,8,5,0,0,0
02,027,District - Mandi (05),Rural,Age not stated,1424,746,678,662,401,261,672,328,344,83,14,69,7,3,4,0,0,0,0,0,0
02,027,District - Mandi (05),Rural,Less than 18,297155,154565,142590,292594,152741,139853,4353,1730,2623,141,57,84,53,32,21,14,5,9,0,0,0
02,027,District - Mandi (05),Rural,Less than 21,349348,180908,168440,335086,177363,157723,13943,3418,10525,222,84,138,78,36,42,19,7,12,0,0,0
02,027,District - Mandi (05),Urban,All ages,62637,32015,30622,25120,14315,10805,34129,17139,16990,3213,500,2713,100,34,66,75,27,48,0,0,0
02,027,District - Mandi (05),Urban,0-9,8337,4471,3866,8337,4471,3866,0,0,0,0,0,0,0,0,0,0,0,0,0,0,0
02,027,District - Mandi (05),Urban,10-14,4954,2730,2224,4797,2665,2132,149,60,89,2,0,2,5,4,1,1,1,0,0,0,0
02,027,District - Mandi (05),Urban,15-19,5564,3048,2516,5237,2950,2287,315,94,221,6,1,5,4,2,2,2,1,1,0,0,0
02,027,District - Mandi (05),Urban,20-24,5217,2623,2594,3729,2222,1507,1466,398,1068,10,0,10,9,3,6,3,0,3,0,0,0
02,027,District - Mandi (05),Urban,25-29,5017,2375,2642,1701,1199,502,3277,1163,2114,26,7,19,8,4,4,5,2,3,0,0,0
02,027,District - Mandi (05),Urban,30-34,5288,2568,2720,570,393,177,4628,2153,2475,75,17,58,7,1,6,8,4,4,0,0,0
02,027,District - Mandi (05),Urban,35-39,5341,2556,2785,212,127,85,5000,2404,2596,104,18,86,15,5,10,10,2,8,0,0,0
02,027,District - Mandi (05),Urban,40-44,4748,2371,2377,142,74,68,4440,2271,2169,140,17,123,13,3,10,13,6,7,0,0,0
02,027,District - Mandi (05),Urban,45-49,4446,2266,2180,83,43,40,4107,2188,1919,235,30,205,10,1,9,11,4,7,0,0,0
02,027,District - Mandi (05),Urban,50-54,3750,1998,1752,67,33,34,3402,1923,1479,261,33,228,10,5,5,10,4,6,0,0,0
02,027,District - Mandi (05),Urban,55-59,3025,1613,1412,51,24,27,2635,1543,1092,326,42,284,6,2,4,7,2,5,0,0,0
02,027,District - Mandi (05),Urban,60-64,2351,1169,1182,47,25,22,1882,1094,788,411,47,364,9,3,6,2,0,2,0,0,0
02,027,District - Mandi (05),Urban,65-69,1557,820,737,38,22,16,1164,738,426,351,59,292,2,0,2,2,1,1,0,0,0
02,027,District - Mandi (05),Urban,70-74,1256,629,627,27,17,10,847,548,299,381,64,317,0,0,0,1,0,1,0,0,0
02,027,District - Mandi (05),Urban,75-79,783,355,428,11,6,5,433,300,133,338,48,290,1,1,0,0,0,0,0,0,0
02,027,District - Mandi (05),Urban,80+,917,380,537,31,20,11,341,243,98,544,117,427,1,0,1,0,0,0,0,0,0
02,027,District - Mandi (05),Urban,Age not stated,86,43,43,40,24,16,43,19,24,3,0,3,0,0,0,0,0,0,0,0,0
02,027,District - Mandi (05),Urban,Less than 18,16510,8946,7564,16212,8823,7389,281,115,166,7,1,6,8,5,3,2,2,0,0,0,0
02,027,District - Mandi (05),Urban,Less than 21,20045,10866,9179,19350,10653,8697,671,204,467,12,1,11,9,6,3,3,2,1,0,0,0
02,028,District - Hamirpur (06),Total,All ages,454768,217070,237698,186996,106591,80405,235000,105722,129278,31812,4289,27523,671,333,338,289,135,154,0,0,0
02,028,District - Hamirpur (06),Total,0-9,71211,37998,33213,71211,37998,33213,0,0,0,0,0,0,0,0,0,0,0,0,0,0,0
02,028,District - Hamirpur (06),Total,10-14,40162,21861,18301,39823,21749,18074,316,102,214,19,7,12,4,3,1,0,0,0,0,0,0
02,028,District - Hamirpur (06),Total,15-19,40886,21724,19162,39289,21445,17844,1572,266,1306,12,3,9,12,9,3,1,1,0,0,0,0
02,028,District - Hamirpur (06),Total,20-24,37659,17117,20542,24641,15536,9105,12925,1568,11357,55,8,47,25,4,21,13,1,12,0,0,0
02,028,District - Hamirpur (06),Total,25-29,34126,14168,19958,8212,6857,1355,25671,7258,18413,171,25,146,51,20,31,21,8,13,0,0,0
02,028,District - Hamirpur (06),Total,30-34,33924,14526,19398,1643,1355,288,31712,13035,18677,416,49,367,107,61,46,46,26,20,0,0,0
02,028,District - Hamirpur (06),Total,35-39,33708,14885,18823,580,459,121,32113,14234,17879,852,98,754,104,58,46,59,36,23,0,0,0
02,028,District - Hamirpur (06),Total,40-44,29400,13479,15921,358,285,73,27645,12973,14672,1248,141,1107,104,60,44,45,20,25,0,0,0
02,028,District - Hamirpur (06),Total,45-49,26909,12307,14602,220,174,46,24944,11917,13027,1643,168,1475,67,33,34,35,15,20,0,0,0
02,028,District - Hamirpur (06),Total,50-54,23523,10894,12629,160,129,31,21090,10522,10568,2188,208,1980,61,23,38,24,12,12,0,0,0
02,028,District - Hamirpur (06),Total,55-59,20388,9499,10889,89,66,23,17645,9128,8517,2595,276,2319,46,22,24,13,7,6,0,0,0
02,028,District - Hamirpur (06),Total,60-64,18868,9066,9802,159,121,38,14781,8500,6281,3874,422,3452,42,18,24,12,5,7,0,0,0
02,028,District - Hamirpur (06),Total,65-69,13706,6619,7087,187,126,61,9818,6017,3801,3675,465,3210,18,9,9,8,2,6,0,0,0
02,028,District - Hamirpur (06),Total,70-74,11884,5207,6677,98,69,29,7004,4510,2494,4761,622,4139,17,5,12,4,1,3,0,0,0
02,028,District - Hamirpur (06),Total,75-79,6911,3091,3820,50,39,11,3694,2546,1148,3160,503,2657,5,3,2,2,0,2,0,0,0
02,028,District - Hamirpur (06),Total,80+,11361,4543,6818,178,116,62,4029,3128,901,7141,1293,5848,8,5,3,5,1,4,0,0,0
02,028,District - Hamirpur (06),Total,Age not stated,142,86,56,98,67,31,41,18,23,2,1,1,0,0,0,1,0,1,0,0,0
02,028,District - Hamirpur (06),Total,Less than 18,135782,73018,62764,134935,72772,62163,806,226,580,28,10,18,13,10,3,0,0,0,0,0,0
02,028,District - Hamirpur (06),Total,Less than 21,160168,85388,74780,156851,84841,72010,3254,522,2732,42,11,31,18,13,5,3,1,2,0,0,0
02,028,District - Hamirpur (06),Rural,All ages,423338,200748,222590,173443,98555,74888,218769,97707,121062,30259,4058,26201,621,308,313,246,120,126,0,0,0
02,028,District - Hamirpur (06),Rural,0-9,66879,35660,31219,66879,35660,31219,0,0,0,0,0,0,0,0,0,0,0,0,0,0,0
02,028,District - Hamirpur (06),Rural,10-14,37272,20072,17200,36966,19966,17000,286,96,190,16,7,9,4,3,1,0,0,0,0,0,0
02,028,District - Hamirpur (06),Rural,15-19,37506,19778,17728,36005,19527,16478,1478,240,1238,11,2,9,11,8,3,1,1,0,0,0,0
02,028,District - Hamirpur (06),Rural,20-24,35058,15821,19237,22770,14411,8359,12201,1399,10802,53,8,45,21,2,19,13,1,12,0,0,0
02,028,District - Hamirpur (06),Rural,25-29,31697,13011,18686,7417,6267,1150,24053,6694,17359,161,22,139,49,20,29,17,8,9,0,0,0
02,028,District - Hamirpur (06),Rural,30-34,31446,13345,18101,1451,1215,236,29470,12008,17462,387,44,343,101,57,44,37,21,16,0,0,0
02,028,District - Hamirpur (06),Rural,35-39,31078,13714,17364,519,420,99,29625,13117,16508,794,92,702,90,51,39,50,34,16,0,0,0
02,028,District - Hamirpur (06),Rural,40-44,26967,12301,14666,324,266,58,25332,11825,13507,1174,134,1040,98,58,40,39,18,21,0,0,0
02,028,District - Hamirpur (06),Rural,45-49,24801,11210,13591,204,161,43,22975,10844,12131,1530,161,1369,62,30,32,30,14,16,0,0,0
02,028,District - Hamirpur (06),Rural,50-54,21833,10020,11813,149,121,28,19564,9674,9890,2045,195,1850,56,21,35,19,9,10,0,0,0
02,028,District - Hamirpur (06),Rural,55-59,19067,8775,10292,82,64,18,16466,8425,8041,2464,259,2205,44,21,23,11,6,5,0,0,0
02,028,District - Hamirpur (06),Rural,60-64,17781,8486,9295,142,111,31,13923,7963,5960,3665,390,3275,41,18,23,10,4,6,0,0,0
02,028,District - Hamirpur (06),Rural,65-69,12952,6231,6721,154,103,51,9279,5676,3603,3494,442,3052,17,8,9,8,2,6,0,0,0
02,028,District - Hamirpur (06),Rural,70-74,11338,4930,6408,90,63,27,6662,4278,2384,4568,584,3984,15,4,11,3,1,2,0,0,0
02,028,District - Hamirpur (06),Rural,75-79,6583,2939,3644,47,38,9,3520,2425,1095,3009,473,2536,5,3,2,2,0,2,0,0,0
02,028,District - Hamirpur (06),Rural,80+,10959,4383,6576,166,109,57,3895,3025,870,6886,1244,5642,7,4,3,5,1,4,0,0,0
02,028,District - Hamirpur (06),Rural,Age not stated,121,72,49,78,53,25,40,18,22,2,1,1,0,0,0,1,0,1,0,0,0
02,028,District - Hamirpur (06),Rural,Less than 18,126371,67573,58798,125601,67350,58251,734,205,529,24,9,15,12,9,3,0,0,0,0,0,0
02,028,District - Hamirpur (06),Rural,Less than 21,149022,79051,69971,145910,78552,67358,3056,477,2579,37,10,27,16,11,5,3,1,2,0,0,0
02,028,District - Hamirpur (06),Urban,All ages,31430,16322,15108,13553,8036,5517,16231,8015,8216,1553,231,1322,50,25,25,43,15,28,0,0,0
02,028,District - Hamirpur (06),Urban,0-9,4332,2338,1994,4332,2338,1994,0,0,0,0,0,0,0,0,0,0,0,0,0,0,0
02,028,District - Hamirpur (06),Urban,10-14,2890,1789,1101,2857,1783,1074,30,6,24,3,0,3,0,0,0,0,0,0,0,0,0
02,028,District - Hamirpur (06),Urban,15-19,3380,1946,1434,3284,1918,1366,94,26,68,1,1,0,1,1,0,0,0,0,0,0,0
02,028,District - Hamirpur (06),Urban,20-24,2601,1296,1305,1871,1125,746,724,169,555,2,0,2,4,2,2,0,0,0,0,0,0
02,028,District - Hamirpur (06),Urban,25-29,2429,1157,1272,795,590,205,1618,564,1054,10,3,7,2,0,2,4,0,4,0,0,0
02,028,District - Hamirpur (06),Urban,30-34,2478,1181,1297,192,140,52,2242,1027,1215,29,5,24,6,4,2,9,5,4,0,0,0
02,028,District - Hamirpur (06),Urban,35-39,2630,1171,1459,61,39,22,2488,1117,1371,58,6,52,14,7,7,9,2,7,0,0,0
02,028,District - Hamirpur (06),Urban,40-44,2433,1178,1255,34,19,15,2313,1148,1165,74,7,67,6,2,4,6,2,4,0,0,0
02,028,District - Hamirpur (06),Urban,45-49,2108,1097,1011,16,13,3,1969,1073,896,113,7,106,5,3,2,5,1,4,0,0,0
02,028,District - Hamirpur (06),Urban,50-54,1690,874,816,11,8,3,1526,848,678,143,13,130,5,2,3,5,3,2,0,0,0
02,028,District - Hamirpur (06),Urban,55-59,1321,724,597,7,2,5,1179,703,476,131,17,114,2,1,1,2,1,1,0,0,0
02,028,District - Hamirpur (06),Urban,60-64,1087,580,507,17,10,7,858,537,321,209,32,177,1,0,1,2,1,1,0,0,0
02,028,District - Hamirpur (06),Urban,65-69,754,388,366,33,23,10,539,341,198,181,23,158,1,1,0,0,0,0,0,0,0
02,028,District - Hamirpur (06),Urban,70-74,546,277,269,8,6,2,342,232,110,193,38,155,2,1,1,1,0,1,0,0,0
02,028,District - Hamirpur (06),Urban,75-79,328,152,176,3,1,2,174,121,53,151,30,121,0,0,0,0,0,0,0,0,0
02,028,District - Hamirpur (06),Urban,80+,402,160,242,12,7,5,134,103,31,255,49,206,1,1,0,0,0,0,0,0,0
02,028,District - Hamirpur (06),Urban,Age not stated,21,14,7,20,14,6,1,0,1,0,0,0,0,0,0,0,0,0,0,0,0
02,028,District - Hamirpur (06),Urban,Less than 18,9411,5445,3966,9334,5422,3912,72,21,51,4,1,3,1,1,0,0,0,0,0,0,0
02,028,District - Hamirpur (06),Urban,Less than 21,11146,6337,4809,10941,6289,4652,198,45,153,5,1,4,2,2,0,0,0,0,0,0,0
02,029,District - Una (07),Total,All ages,521173,263692,257481,234432,134317,100115,254565,122290,132275,30854,6350,24504,771,432,339,551,303,248,0,0,0
02,029,District - Una (07),Total,0-9,86639,46347,40292,86639,46347,40292,0,0,0,0,0,0,0,0,0,0,0,0,0,0,0
02,029,District - Una (07),Total,10-14,48681,26613,22068,48226,26463,21763,418,137,281,31,9,22,6,4,2,0,0,0,0,0,0
02,029,District - Una (07),Total,15-19,49373,26407,22966,47719,26059,21660,1593,326,1267,45,16,29,15,5,10,1,1,0,0,0,0
02,029,District - Una (07),Total,20-24,46311,23077,23234,33382,20608,12774,12784,2433,10351,95,22,73,33,7,26,17,7,10,0,0,0
02,029,District - Una (07),Total,25-29,42219,19891,22328,12002,9481,2521,29900,10315,19585,173,38,135,80,31,49,64,26,38,0,0,0
02,029,District - Una (07),Total,30-34,39542,18994,20548,2583,2162,421,36325,16641,19684,438,82,356,107,58,49,89,51,38,0,0,0
02,029,District - Una (07),Total,35-39,39029,19002,20027,978,831,147,36951,17870,19081,858,156,702,128,75,53,114,70,44,0,0,0
02,029,District - Una (07),Total,40-44,34050,17084,16966,616,518,98,31978,16239,15739,1249,200,1049,123,78,45,84,49,35,0,0,0
02,029,District - Una (07),Total,45-49,29730,14792,14938,448,391,57,27248,13995,13253,1887,313,1574,84,56,28,63,37,26,0,0,0
02,029,District - Una (07),Total,50-54,24701,12427,12274,307,265,42,21991,11695,10296,2300,405,1895,62,36,26,41,26,15,0,0,0
02,029,District - Una (07),Total,55-59,20474,10253,10221,241,206,35,17663,9549,8114,2506,461,2045,40,24,16,24,13,11,0,0,0
02,029,District - Una (07),Total,60-64,18885,9403,9482,295,232,63,14676,8424,6252,3851,715,3136,45,25,20,18,7,11,0,0,0
02,029,District - Una (07),Total,65-69,13334,6536,6798,303,225,78,9405,5571,3834,3589,721,2868,22,13,9,15,6,9,0,0,0
02,029,District - Una (07),Total,70-74,11293,5230,6063,197,164,33,6548,4121,2427,4528,930,3598,11,9,2,9,6,3,0,0,0
02,029,District - Una (07),Total,75-79,6691,3202,3489,96,90,6,3527,2360,1167,3059,747,2312,6,4,2,3,1,2,0,0,0
02,029,District - Una (07),Total,80+,9980,4304,5676,246,183,63,3486,2583,903,6233,1530,4703,9,7,2,6,1,5,0,0,0
02,029,District - Una (07),Total,Age not stated,241,130,111,154,92,62,72,31,41,12,5,7,0,0,0,3,2,1,0,0,0
02,029,District - Una (07),Total,Less than 18,164752,88740,76012,163697,88436,75261,975,278,697,65,20,45,15,6,9,0,0,0,0,0,0
02,029,District - Una (07),Total,Less than 21,194788,104567,90221,191225,103827,87398,3439,703,2736,97,27,70,24,9,15,3,1,2,0,0,0
02,029,District - Una (07),Rural,All ages,476260,240254,236006,214157,122548,91609,232435,111146,121289,28503,5894,22609,682,387,295,483,279,204,0,0,0
02,029,District - Una (07),Rural,0-9,79556,42605,36951,79556,42605,36951,0,0,0,0,0,0,0,0,0,0,0,0,0,0,0
02,029,District - Una (07),Rural,10-14,44692,24406,20286,44297,24282,20015,363,113,250,27,8,19,5,3,2,0,0,0,0,0,0
02,029,District - Una (07),Rural,15-19,45044,23889,21155,43552,23588,19964,1437,281,1156,40,14,26,14,5,9,1,1,0,0,0,0
02,029,District - Una (07),Rural,20-24,42057,20818,21239,30287,18681,11606,11638,2106,9532,89,20,69,27,5,22,16,6,10,0,0,0
02,029,District - Una (07),Rural,25-29,38330,17942,20388,10678,8538,2140,27365,9316,18049,159,35,124,72,27,45,56,26,30,0,0,0
02,029,District - Una (07),Rural,30-34,36103,17271,18832,2302,1946,356,33218,15145,18073,403,78,325,99,55,44,81,47,34,0,0,0
02,029,District - Una (07),Rural,35-39,35562,17269,18293,867,747,120,33704,16254,17450,781,139,642,114,67,47,96,62,34,0,0,0
02,029,District - Una (07),Rural,40-44,30946,15512,15434,547,461,86,29095,14756,14339,1121,182,939,105,68,37,78,45,33,0,0,0
02,029,District - Una (07),Rural,45-49,26913,13362,13551,404,358,46,24666,12624,12042,1714,296,1418,73,50,23,56,34,22,0,0,0
02,029,District - Una (07),Rural,50-54,22429,11242,11187,284,245,39,19964,10560,9404,2094,382,1712,51,30,21,36,25,11,0,0,0
02,029,District - Una (07),Rural,55-59,18691,9333,9358,219,195,24,16130,8682,7448,2289,423,1866,37,23,14,16,10,6,0,0,0
02,029,District - Una (07),Rural,60-64,17396,8644,8752,262,210,52,13517,7736,5781,3560,666,2894,42,25,17,15,7,8,0,0,0
02,029,District - Una (07),Rural,65-69,12292,6018,6274,270,200,70,8655,5126,3529,3336,675,2661,19,11,8,12,6,6,0,0,0
02,029,District - Una (07),Rural,70-74,10459,4819,5640,183,152,31,6062,3798,2264,4194,854,3340,11,9,2,9,6,3,0,0,0
02,029,District - Una (07),Rural,75-79,6231,2976,3255,87,82,5,3283,2197,1086,2853,693,2160,5,3,2,3,1,2,0,0,0
02,029,District - Una (07),Rural,80+,9357,4037,5320,231,176,55,3279,2428,851,5834,1426,4408,8,6,2,5,1,4,0,0,0
02,029,District - Una (07),Rural,Age not stated,202,111,91,131,82,49,59,24,35,9,3,6,0,0,0,3,2,1,0,0,0
02,029,District - Una (07),Rural,Less than 18,151166,81354,69812,150223,81095,69128,872,236,636,58,18,40,13,5,8,0,0,0,0,0,0
02,029,District - Una (07),Rural,Less than 21,178443,95579,82864,175257,94946,80311,3075,600,2475,87,24,63,21,8,13,3,1,2,0,0,0
02,029,District - Una (07),Urban,All ages,44913,23438,21475,20275,11769,8506,22130,11144,10986,2351,456,1895,89,45,44,68,24,44,0,0,0
02,029,District - Una (07),Urban,0-9,7083,3742,3341,7083,3742,3341,0,0,0,0,0,0,0,0,0,0,0,0,0,0,0
02,029,District - Una (07),Urban,10-14,3989,2207,1782,3929,2181,1748,55,24,31,4,1,3,1,1,0,0,0,0,0,0,0
02,029,District - Una (07),Urban,15-19,4329,2518,1811,4167,2471,1696,156,45,111,5,2,3,1,0,1,0,0,0,0,0,0
02,029,District - Una (07),Urban,20-24,4254,2259,1995,3095,1927,1168,1146,327,819,6,2,4,6,2,4,1,1,0,0,0,0
02,029,District - Una (07),Urban,25-29,3889,1949,1940,1324,943,381,2535,999,1536,14,3,11,8,4,4,8,0,8,0,0,0
02,029,District - Una (07),Urban,30-34,3439,1723,1716,281,216,65,3107,1496,1611,35,4,31,8,3,5,8,4,4,0,0,0
02,029,District - Una (07),Urban,35-39,3467,1733,1734,111,84,27,3247,1616,1631,77,17,60,14,8,6,18,8,10,0,0,0
02,029,District - Una (07),Urban,40-44,3104,1572,1532,69,57,12,2883,1483,1400,128,18,110,18,10,8,6,4,2,0,0,0
02,029,District - Una (07),Urban,45-49,2817,1430,1387,44,33,11,2582,1371,1211,173,17,156,11,6,5,7,3,4,0,0,0
02,029,District - Una (07),Urban,50-54,2272,1185,1087,23,20,3,2027,1135,892,206,23,183,11,6,5,5,1,4,0,0,0
02,029,District - Una (07),Urban,55-59,1783,920,863,22,11,11,1533,867,666,217,38,179,3,1,2,8,3,5,0,0,0
02,029,District - Una (07),Urban,60-64,1489,759,730,33,22,11,1159,688,471,291,49,242,3,0,3,3,0,3,0,0,0
02,029,District - Una (07),Urban,65-69,1042,518,524,33,25,8,750,445,305,253,46,207,3,2,1,3,0,3,0,0,0
02,029,District - Una (07),Urban,70-74,834,411,423,14,12,2,486,323,163,334,76,258,0,0,0,0,0,0,0,0,0
02,029,District - Una (07),Urban,75-79,460,226,234,9,8,1,244,163,81,206,54,152,1,1,0,0,0,0,0,0,0
02,029,District - Una (07),Urban,80+,623,267,356,15,7,8,207,155,52,399,104,295,1,1,0,1,0,1,0,0,0
02,029,District - Una (07),Urban,Age not stated,39,19,20,23,10,13,13,7,6,3,2,1,0,0,0,0,0,0,0,0,0
02,029,District - Una (07),Urban,Less than 18,13586,7386,6200,13474,7341,6133,103,42,61,7,2,5,2,1,1,0,0,0,0,0,0
02,029,District - Una (07),Urban,Less than 21,16345,8988,7357,15968,8881,7087,364,103,261,10,3,7,3,1,2,0,0,0,0,0,0
02,030,District - Bilaspur (08),Total,All ages,381956,192764,189192,160930,92771,68159,198341,95943,102398,21727,3667,18060,583,240,343,375,143,232,0,0,0
02,030,District - Bilaspur (08),Total,0-9,60282,31840,28442,60282,31840,28442,0,0,0,0,0,0,0,0,0,0,0,0,0,0,0
02,030,District - Bilaspur (08),Total,10-14,33496,17808,15688,33144,17669,15475,333,135,198,12,2,10,6,2,4,1,0,1,0,0,0
02,030,District - Bilaspur (08),Total,15-19,33328,17451,15877,31808,17202,14606,1469,234,1235,41,9,32,8,4,4,2,2,0,0,0,0
02,030,District - Bilaspur (08),Total,20-24,34729,17468,17261,22895,15481,7414,11736,1957,9779,59,14,45,28,11,17,11,5,6,0,0,0
02,030,District - Bilaspur (08),Total,25-29,31836,15771,16065,8545,7292,1253,23057,8409,14648,166,34,132,47,27,20,21,9,12,0,0,0
02,030,District - Bilaspur (08),Total,30-34,30641,15364,15277,1935,1631,304,28219,13596,14623,363,71,292,73,43,30,51,23,28,0,0,0
02,030,District - Bilaspur (08),Total,35-39,29118,14541,14577,588,446,142,27803,13949,13854,587,85,502,88,37,51,52,24,28,0,0,0
02,030,District - Bilaspur (08),Total,40-44,25102,12310,12792,318,239,79,23791,11930,11861,906,108,798,56,21,35,31,12,19,0,0,0
02,030,District - Bilaspur (08),Total,45-49,22506,11172,11334,184,140,44,20986,10835,10151,1234,164,1070,52,14,38,50,19,31,0,0,0
02,030,District - Bilaspur (08),Total,50-54,19339,9529,9810,159,114,45,17463,9155,8308,1616,226,1390,64,19,45,37,15,22,0,0,0
02,030,District - Bilaspur (08),Total,55-59,15672,7915,7757,94,63,31,13686,7565,6121,1822,266,1556,47,16,31,23,5,18,0,0,0
02,030,District - Bilaspur (08),Total,60-64,14090,6941,7149,184,131,53,11257,6437,4820,2568,350,2218,42,14,28,39,9,30,0,0,0
02,030,District - Bilaspur (08),Total,65-69,9421,4488,4933,249,161,88,6808,3961,2847,2321,353,1968,26,7,19,17,6,11,0,0,0
02,030,District - Bilaspur (08),Total,70-74,8306,3801,4505,111,77,34,5121,3228,1893,3045,483,2562,20,10,10,9,3,6,0,0,0
02,030,District - Bilaspur (08),Total,75-79,4950,2262,2688,37,31,6,2838,1819,1019,2060,405,1655,10,4,6,5,3,2,0,0,0
02,030,District - Bilaspur (08),Total,80+,8719,3884,4835,119,89,30,3645,2680,965,4913,1096,3817,16,11,5,26,8,18,0,0,0
02,030,District - Bilaspur (08),Total,Age not stated,421,219,202,278,165,113,129,53,76,14,1,13,0,0,0,0,0,0,0,0,0
02,030,District - Bilaspur (08),Total,Less than 18,113325,59955,53370,112546,59709,52837,731,235,496,36,7,29,11,4,7,1,0,1,0,0,0
02,030,District - Bilaspur (08),Total,Less than 21,134402,70883,63519,131164,70339,60825,3152,522,2630,65,11,54,16,8,8,5,3,2,0,0,0
02,030,District - Bilaspur (08),Rural,All ages,356827,179653,177174,149981,86468,63513,185402,89343,96059,20575,3490,17085,524,218,306,345,134,211,0,0,0
02,030,District - Bilaspur (08),Rural,0-9,56594,29832,26762,56594,29832,26762,0,0,0,0,0,0,0,0,0,0,0,0,0,0,0
02,030,District - Bilaspur (08),Rural,10-14,31223,16571,14652,30890,16439,14451,314,128,186,12,2,10,6,2,4,1,0,1,0,0,0
02,030,District - Bilaspur (08),Rural,15-19,30969,16133,14836,29545,15905,13640,1378,213,1165,37,9,28,7,4,3,2,2,0,0,0,0
02,030,District - Bilaspur (08),Rural,20-24,32474,16293,16181,21261,14466,6795,11119,1800,9319,57,12,45,27,10,17,10,5,5,0,0,0
02,030,District - Bilaspur (08),Rural,25-29,29821,14772,15049,7865,6819,1046,21733,7888,13845,160,33,127,43,24,19,20,8,12,0,0,0
02,030,District - Bilaspur (08),Rural,30-34,28552,14374,14178,1742,1492,250,26356,12754,13602,344,67,277,63,38,25,47,23,24,0,0,0
02,030,District - Bilaspur (08),Rural,35-39,26967,13491,13476,521,407,114,25778,12951,12827,543,79,464,78,32,46,47,22,25,0,0,0
02,030,District - Bilaspur (08),Rural,40-44,23098,11288,11810,287,222,65,21894,10937,10957,842,100,742,48,19,29,27,10,17,0,0,0
02,030,District - Bilaspur (08),Rural,45-49,20755,10211,10544,152,117,35,19344,9907,9437,1163,154,1009,49,14,35,47,19,28,0,0,0
02,030,District - Bilaspur (08),Rural,50-54,17979,8764,9215,132,101,31,16241,8416,7825,1519,217,1302,53,17,36,34,13,21,0,0,0
02,030,District - Bilaspur (08),Rural,55-59,14665,7367,7298,81,56,25,12833,7044,5789,1690,248,1442,42,14,28,19,5,14,0,0,0
02,030,District - Bilaspur (08),Rural,60-64,13349,6549,6800,170,121,49,10670,6074,4596,2433,331,2102,39,14,25,37,9,28,0,0,0
02,030,District - Bilaspur (08),Rural,65-69,8961,4272,4689,235,151,84,6489,3768,2721,2194,340,1854,26,7,19,17,6,11,0,0,0
02,030,District - Bilaspur (08),Rural,70-74,7898,3630,4268,103,73,30,4892,3087,1805,2875,458,2417,19,9,10,9,3,6,0,0,0
02,030,District - Bilaspur (08),Rural,75-79,4724,2156,2568,33,28,5,2716,1737,979,1961,384,1577,9,4,5,5,3,2,0,0,0
02,030,District - Bilaspur (08),Rural,80+,8411,3746,4665,113,84,29,3529,2591,938,4731,1055,3676,15,10,5,23,6,17,0,0,0
02,030,District - Bilaspur (08),Rural,Age not stated,387,204,183,257,155,102,116,48,68,14,1,13,0,0,0,0,0,0,0,0,0
02,030,District - Bilaspur (08),Rural,Less than 18,105924,55911,50013,105202,55680,49522,677,220,457,34,7,27,10,4,6,1,0,1,0,0,0
02,030,District - Bilaspur (08),Rural,Less than 21,125605,66058,59547,122553,65552,57001,2971,484,2487,61,11,50,15,8,7,5,3,2,0,0,0
02,030,District - Bilaspur (08),Urban,All ages,25129,13111,12018,10949,6303,4646,12939,6600,6339,1152,177,975,59,22,37,30,9,21,0,0,0
02,030,District - Bilaspur (08),Urban,0-9,3688,2008,1680,3688,2008,1680,0,0,0,0,0,0,0,0,0,0,0,0,0,0,0
02,030,District - Bilaspur (08),Urban,10-14,2273,1237,1036,2254,1230,1024,19,7,12,0,0,0,0,0,0,0,0,0,0,0,0
02,030,District - Bilaspur (08),Urban,15-19,2359,1318,1041,2263,1297,966,91,21,70,4,0,4,1,0,1,0,0,0,0,0,0
02,030,District - Bilaspur (08),Urban,20-24,2255,1175,1080,1634,1015,619,617,157,460,2,2,0,1,1,0,1,0,1,0,0,0
02,030,District - Bilaspur (08),Urban,25-29,2015,999,1016,680,473,207,1324,521,803,6,1,5,4,3,1,1,1,0,0,0,0
02,030,District - Bilaspur (08),Urban,30-34,2089,990,1099,193,139,54,1863,842,1021,19,4,15,10,5,5,4,0,4,0,0,0
02,030,District - Bilaspur (08),Urban,35-39,2151,1050,1101,67,39,28,2025,998,1027,44,6,38,10,5,5,5,2,3,0,0,0
02,030,District - Bilaspur (08),Urban,40-44,2004,1022,982,31,17,14,1897,993,904,64,8,56,8,2,6,4,2,2,0,0,0
02,030,District - Bilaspur (08),Urban,45-49,1751,961,790,32,23,9,1642,928,714,71,10,61,3,0,3,3,0,3,0,0,0
02,030,District - Bilaspur (08),Urban,50-54,1360,765,595,27,13,14,1222,739,483,97,9,88,11,2,9,3,2,1,0,0,0
02,030,District - Bilaspur (08),Urban,55-59,1007,548,459,13,7,6,853,521,332,132,18,114,5,2,3,4,0,4,0,0,0
02,030,District - Bilaspur (08),Urban,60-64,741,392,349,14,10,4,587,363,224,135,19,116,3,0,3,2,0,2,0,0,0
02,030,District - Bilaspur (08),Urban,65-69,460,216,244,14,10,4,319,193,126,127,13,114,0,0,0,0,0,0,0,0,0
02,030,District - Bilaspur (08),Urban,70-74,408,171,237,8,4,4,229,141,88,170,25,145,1,1,0,0,0,0,0,0,0
02,030,District - Bilaspur (08),Urban,75-79,226,106,120,4,3,1,122,82,40,99,21,78,1,0,1,0,0,0,0,0,0
02,030,District - Bilaspur (08),Urban,80+,308,138,170,6,5,1,116,89,27,182,41,141,1,1,0,3,2,1,0,0,0
02,030,District - Bilaspur (08),Urban,Age not stated,34,15,19,21,10,11,13,5,8,0,0,0,0,0,0,0,0,0,0,0,0
02,030,District - Bilaspur (08),Urban,Less than 18,7401,4044,3357,7344,4029,3315,54,15,39,2,0,2,1,0,1,0,0,0,0,0,0
02,030,District - Bilaspur (08),Urban,Less than 21,8797,4825,3972,8611,4787,3824,181,38,143,4,0,4,1,0,1,0,0,0,0,0,0
02,031,District - Solan (09),Total,All ages,580320,308754,271566,258584,149906,108678,294752,152083,142669,25032,5824,19208,1159,558,601,793,383,410,0,0,0
02,031,District - Solan (09),Total,0-9,98648,52009,46639,98648,52009,46639,0,0,0,0,0,0,0,0,0,0,0,0,0,0,0
02,031,District - Solan (09),Total,10-14,53078,28311,24767,52030,27860,24170,990,423,567,39,17,22,16,9,7,3,2,1,0,0,0
02,031,District - Solan (09),Total,15-19,53921,29253,24668,50454,28256,22198,3407,965,2442,36,19,17,18,12,6,6,1,5,0,0,0
02,031,District - Solan (09),Total,20-24,60096,33160,26936,37142,25842,11300,22751,7249,15502,126,39,87,48,19,29,29,11,18,0,0,0
02,031,District - Solan (09),Total,25-29,55790,29770,26020,13146,10663,2483,42194,18954,23240,248,78,170,130,47,83,72,28,44,0,0,0
02,031,District - Solan (09),Total,30-34,50117,26457,23660,3097,2413,684,46239,23790,22449,537,129,408,141,79,62,103,46,57,0,0,0
02,031,District - Solan (09),Total,35-39,47564,25304,22260,1070,783,287,45313,24174,21139,854,171,683,194,102,92,133,74,59,0,0,0
02,031,District - Solan (09),Total,40-44,37808,20444,17364,657,457,200,35700,19679,16021,1187,200,987,149,55,94,115,53,62,0,0,0
02,031,District - Solan (09),Total,45-49,31679,16699,14980,395,296,99,29391,16028,13363,1689,286,1403,105,50,55,99,39,60,0,0,0
02,031,District - Solan (09),Total,50-54,25032,13209,11823,319,246,73,22227,12486,9741,2303,390,1913,108,48,60,75,39,36,0,0,0
02,031,District - Solan (09),Total,55-59,19490,10225,9265,204,150,54,16669,9524,7145,2493,485,2008,79,44,35,45,22,23,0,0,0
02,031,District - Solan (09),Total,60-64,16196,8225,7971,282,183,99,12292,7322,4970,3517,664,2853,64,34,30,41,22,19,0,0,0
02,031,District - Solan (09),Total,65-69,10545,5330,5215,285,184,101,7324,4453,2871,2873,659,2214,36,17,19,27,17,10,0,0,0
02,031,District - Solan (09),Total,70-74,8212,4158,4054,176,113,63,4807,3223,1584,3176,789,2387,29,20,9,24,13,11,0,0,0
02,031,District - Solan (09),Total,75-79,4714,2443,2271,48,37,11,2538,1770,768,2096,619,1477,24,10,14,8,7,1,0,0,0
02,031,District - Solan (09),Total,80+,6619,3309,3310,230,170,60,2533,1847,686,3828,1272,2556,18,12,6,10,8,2,0,0,0
02,031,District - Solan (09),Total,Age not stated,811,448,363,401,244,157,377,196,181,30,7,23,0,0,0,3,1,2,0,0,0
02,031,District - Solan (09),Total,Less than 18,182533,96689,85844,180338,95828,84510,2105,818,1287,62,27,35,23,14,9,5,2,3,0,0,0
02,031,District - Solan (09),Total,Less than 21,218362,116726,101636,211031,114526,96505,7181,2129,5052,95,43,52,43,24,19,12,4,8,0,0,0
02,031,District - Solan (09),Rural,All ages,478173,249736,228437,212774,121622,91152,241442,122079,119363,22252,5195,17057,1006,500,506,699,340,359,0,0,0
02,031,District - Solan (09),Rural,0-9,82783,43456,39327,82783,43456,39327,0,0,0,0,0,0,0,0,0,0,0,0,0,0,0
02,031,District - Solan (09),Rural,10-14,44988,23755,21233,44142,23387,20755,799,344,455,36,16,20,9,7,2,2,1,1,0,0,0
02,031,District - Solan (09),Rural,15-19,44820,23710,21110,41980,22958,19022,2787,725,2062,32,17,15,15,9,6,6,1,5,0,0,0
02,031,District - Solan (09),Rural,20-24,47488,25219,22269,28623,19713,8910,18694,5452,13242,102,30,72,42,15,27,27,9,18,0,0,0
02,031,District - Solan (09),Rural,25-29,43934,22742,21192,9722,7975,1747,33826,14636,19190,211,65,146,109,40,69,66,26,40,0,0,0
02,031,District - Solan (09),Rural,30-34,39789,20417,19372,2308,1825,483,36804,18370,18434,470,116,354,120,68,52,87,38,49,0,0,0
02,031,District - Solan (09),Rural,35-39,38572,20149,18423,833,625,208,36740,19216,17524,725,152,573,162,93,69,112,63,49,0,0,0
02,031,District - Solan (09),Rural,40-44,30994,16570,14424,521,368,153,29225,15938,13287,1021,171,850,130,49,81,97,44,53,0,0,0
02,031,District - Solan (09),Rural,45-49,26104,13510,12594,322,247,75,24157,12942,11215,1443,236,1207,90,47,43,92,38,54,0,0,0
02,031,District - Solan (09),Rural,50-54,20948,10857,10091,255,199,56,18514,10239,8275,2016,341,1675,95,43,52,68,35,33,0,0,0
02,031,District - Solan (09),Rural,55-59,16567,8526,8041,149,112,37,14095,7923,6172,2213,429,1784,72,40,32,38,22,16,0,0,0
02,031,District - Solan (09),Rural,60-64,14061,7100,6961,212,147,65,10584,6306,4278,3169,595,2574,60,32,28,36,20,16,0,0,0
02,031,District - Solan (09),Rural,65-69,9170,4605,4565,218,144,74,6301,3833,2468,2592,596,1996,34,16,18,25,16,9,0,0,0
02,031,District - Solan (09),Rural,70-74,7207,3639,3568,134,93,41,4188,2807,1381,2834,707,2127,28,20,8,23,12,11,0,0,0
02,031,District - Solan (09),Rural,75-79,4154,2172,1982,41,33,8,2201,1562,639,1882,561,1321,22,9,13,8,7,1,0,0,0
02,031,District - Solan (09),Rural,80+,5923,2962,2961,198,150,48,2220,1635,585,3478,1158,2320,18,12,6,9,7,2,0,0,0
02,031,District - Solan (09),Rural,Age not stated,671,347,324,333,190,143,307,151,156,28,5,23,0,0,0,3,1,2,0,0,0
02,031,District - Solan (09),Rural,Less than 18,153837,80871,72966,152071,80184,71887,1690,649,1041,57,26,31,15,11,4,4,1,3,0,0,0
02,031,District - Solan (09),Rural,Less than 21,182585,96323,86262,176644,94695,81949,5814,1568,4246,84,39,45,32,18,14,11,3,8,0,0,0
02,031,District - Solan (09),Urban,All ages,102147,59018,43129,45810,28284,17526,53310,30004,23306,2780,629,2151,153,58,95,94,43,51,0,0,0
02,031,District - Solan (09),Urban,0-9,15865,8553,7312,15865,8553,7312,0,0,0,0,0,0,0,0,0,0,0,0,0,0,0
02,031,District - Solan (09),Urban,10-14,8090,4556,3534,7888,4473,3415,191,79,112,3,1,2,7,2,5,1,1,0,0,0,0
02,031,District - Solan (09),Urban,15-19,9101,5543,3558,8474,5298,3176,620,240,380,4,2,2,3,3,0,0,0,0,0,0,0
02,031,District - Solan (09),Urban,20-24,12608,7941,4667,8519,6129,2390,4057,1797,2260,24,9,15,6,4,2,2,2,0,0,0,0
02,031,District - Solan (09),Urban,25-29,11856,7028,4828,3424,2688,736,8368,4318,4050,37,13,24,21,7,14,6,2,4,0,0,0
02,031,District - Solan (09),Urban,30-34,10328,6040,4288,789,588,201,9435,5420,4015,67,13,54,21,11,10,16,8,8,0,0,0
02,031,District - Solan (09),Urban,35-39,8992,5155,3837,237,158,79,8573,4958,3615,129,19,110,32,9,23,21,11,10,0,0,0
02,031,District - Solan (09),Urban,40-44,6814,3874,2940,136,89,47,6475,3741,2734,166,29,137,19,6,13,18,9,9,0,0,0
02,031,District - Solan (09),Urban,45-49,5575,3189,2386,73,49,24,5234,3086,2148,246,50,196,15,3,12,7,1,6,0,0,0
02,031,District - Solan (09),Urban,50-54,4084,2352,1732,64,47,17,3713,2247,1466,287,49,238,13,5,8,7,4,3,0,0,0
02,031,District - Solan (09),Urban,55-59,2923,1699,1224,55,38,17,2574,1601,973,280,56,224,7,4,3,7,0,7,0,0,0
02,031,District - Solan (09),Urban,60-64,2135,1125,1010,70,36,34,1708,1016,692,348,69,279,4,2,2,5,2,3,0,0,0
02,031,District - Solan (09),Urban,65-69,1375,725,650,67,40,27,1023,620,403,281,63,218,2,1,1,2,1,1,0,0,0
02,031,District - Solan (09),Urban,70-74,1005,519,486,42,20,22,619,416,203,342,82,260,1,0,1,1,1,0,0,0,0
02,031,District - Solan (09),Urban,75-79,560,271,289,7,4,3,337,208,129,214,58,156,2,1,1,0,0,0,0,0,0
02,031,District - Solan (09),Urban,80+,696,347,349,32,20,12,313,212,101,350,114,236,0,0,0,1,1,0,0,0,0
02,031,District - Solan (09),Urban,Age not stated,140,101,39,68,54,14,70,45,25,2,2,0,0,0,0,0,0,0,0,0,0
02,031,District - Solan (09),Urban,Less than 18,28696,15818,12878,28267,15644,12623,415,169,246,5,1,4,8,3,5,1,1,0,0,0,0
02,031,District - Solan (09),Urban,Less than 21,35777,20403,15374,34387,19831,14556,1367,561,806,11,4,7,11,6,5,1,1,0,0,0,0
02,032,District - Sirmaur (10),Total,All ages,529855,276289,253566,262965,148008,114957,242198,121595,120603,22865,5648,17217,1157,654,503,670,384,286,0,0,0
02,032,District - Sirmaur (10),Total,0-9,101054,52632,48422,101054,52632,48422,0,0,0,0,0,0,0,0,0,0,0,0,0,0,0
02,032,District - Sirmaur (10),Total,10-14,55407,28822,26585,54847,28648,26199,510,155,355,24,8,16,25,11,14,1,0,1,0,0,0
02,032,District - Sirmaur (10),Total,15-19,54407,28555,25852,51256,27886,23370,3094,650,2444,41,12,29,13,5,8,3,2,1,0,0,0
02,032,District - Sirmaur (10),Total,20-24,53262,27702,25560,34064,21918,12146,19020,5735,13285,99,22,77,58,23,35,21,4,17,0,0,0
02,032,District - Sirmaur (10),Total,25-29,46114,23901,22213,13095,9925,3170,32688,13860,18828,180,42,138,95,44,51,56,30,26,0,0,0
02,032,District - Sirmaur (10),Total,30-34,39844,20812,19032,3674,2927,747,35565,17686,17879,409,93,316,121,62,59,75,44,31,0,0,0
02,032,District - Sirmaur (10),Total,35-39,37579,19671,17908,1434,1180,254,35249,18258,16991,665,114,551,133,66,67,98,53,45,0,0,0
02,032,District - Sirmaur (10),Total,40-44,32247,16827,15420,805,668,137,30029,15821,14208,1177,209,968,148,85,63,88,44,44,0,0,0
02,032,District - Sirmaur (10),Total,45-49,27169,14042,13127,549,469,80,24752,13165,11587,1652,282,1370,117,67,50,99,59,40,0,0,0
02,032,District - Sirmaur (10),Total,50-54,23075,12171,10904,411,358,53,20180,11238,8942,2296,464,1832,123,73,50,65,38,27,0,0,0
02,032,District - Sirmaur (10),Total,55-59,17411,9180,8231,321,279,42,14471,8288,6183,2486,520,1966,75,50,25,58,43,15,0,0,0
02,032,District - Sirmaur (10),Total,60-64,15313,7939,7374,445,349,96,11318,6671,4647,3418,830,2588,99,67,32,33,22,11,0,0,0
02,032,District - Sirmaur (10),Total,65-69,9848,5061,4787,364,270,94,6608,4043,2565,2808,704,2104,43,26,17,25,18,7,0,0,0
02,032,District - Sirmaur (10),Total,70-74,7974,4110,3864,205,171,34,4583,3045,1538,3107,844,2263,53,35,18,26,15,11,0,0,0
02,032,District - Sirmaur (10),Total,75-79,3951,2069,1882,60,52,8,2063,1432,631,1796,558,1238,22,19,3,10,8,2,0,0,0
02,032,District - Sirmaur (10),Total,80+,4899,2618,2281,198,151,47,1969,1502,467,2692,942,1750,29,19,10,11,4,7,0,0,0
02,032,District - Sirmaur (10),Total,Age not stated,301,177,124,183,125,58,99,46,53,15,4,11,3,2,1,1,0,1,0,0,0
02,032,District - Sirmaur (10),Total,Less than 18,188489,98366,90123,187079,97960,89119,1325,375,950,49,14,35,33,15,18,3,2,1,0,0,0
02,032,District - Sirmaur (10),Total,Less than 21,222660,116133,106527,216346,114704,101642,6172,1378,4794,85,26,59,47,22,25,10,3,7,0,0,0
02,032,District - Sirmaur (10),Rural,All ages,472690,246175,226515,237149,133197,103952,213382,106873,106509,20508,5143,15365,1055,606,449,596,356,240,0,0,0
02,032,District - Sirmaur (10),Rural,0-9,91966,47780,44186,91966,47780,44186,0,0,0,0,0,0,0,0,0,0,0,0,0,0,0
02,032,District - Sirmaur (10),Rural,10-14,50383,26076,24307,49916,25931,23985,425,128,297,22,8,14,19,9,10,1,0,1,0,0,0
02,032,District - Sirmaur (10),Rural,15-19,49193,25661,23532,46313,25070,21243,2831,575,2256,35,11,24,12,4,8,2,1,1,0,0,0
02,032,District - Sirmaur (10),Rural,20-24,47838,24905,22933,30211,19559,10652,17470,5305,12165,88,20,68,50,19,31,19,2,17,0,0,0
02,032,District - Sirmaur (10),Rural,25-29,40658,21124,19534,11282,8642,2640,29085,12379,16706,158,37,121,86,41,45,47,25,22,0,0,0
02,032,District - Sirmaur (10),Rural,30-34,34819,18279,16540,3115,2541,574,31182,15566,15616,352,78,274,103,54,49,67,40,27,0,0,0
02,032,District - Sirmaur (10),Rural,35-39,32634,17184,15450,1212,1032,180,30627,15941,14686,591,102,489,116,59,57,88,50,38,0,0,0
02,032,District - Sirmaur (10),Rural,40-44,28049,14575,13474,706,603,103,26092,13662,12430,1041,188,853,138,81,57,72,41,31,0,0,0
02,032,District - Sirmaur (10),Rural,45-49,23753,12193,11560,475,431,44,21631,11393,10238,1457,253,1204,102,61,41,88,55,33,0,0,0
02,032,District - Sirmaur (10),Rural,50-54,20376,10680,9696,360,324,36,17774,9830,7944,2064,420,1644,120,70,50,58,36,22,0,0,0
02,032,District - Sirmaur (10),Rural,55-59,15415,8112,7303,282,258,24,12768,7290,5478,2238,474,1764,72,49,23,55,41,14,0,0,0
02,032,District - Sirmaur (10),Rural,60-64,13586,7075,6511,393,321,72,9986,5898,4088,3085,772,2313,93,63,30,29,21,8,0,0,0
02,032,District - Sirmaur (10),Rural,65-69,8708,4481,4227,325,244,81,5818,3575,2243,2501,620,1881,41,25,16,23,17,6,0,0,0
02,032,District - Sirmaur (10),Rural,70-74,7141,3699,3442,190,161,29,4058,2708,1350,2815,781,2034,52,34,18,26,15,11,0,0,0
02,032,District - Sirmaur (10),Rural,75-79,3466,1816,1650,55,50,5,1784,1235,549,1598,506,1092,20,17,3,9,8,1,0,0,0
02,032,District - Sirmaur (10),Rural,80+,4424,2369,2055,175,132,43,1761,1346,415,2449,869,1580,28,18,10,11,4,7,0,0,0
02,032,District - Sirmaur (10),Rural,Age not stated,281,166,115,173,118,55,90,42,48,14,4,10,3,2,1,1,0,1,0,0,0
02,032,District - Sirmaur (10),Rural,Less than 18,171322,89085,82237,170128,88745,81383,1123,312,811,42,14,28,27,13,14,2,1,1,0,0,0
02,032,District - Sirmaur (10),Rural,Less than 21,202193,105024,97169,196447,103760,92687,5623,1221,4402,77,25,52,38,17,21,8,1,7,0,0,0
02,032,District - Sirmaur (10),Urban,All ages,57165,30114,27051,25816,14811,11005,28816,14722,14094,2357,505,1852,102,48,54,74,28,46,0,0,0
02,032,District - Sirmaur (10),Urban,0-9,9088,4852,4236,9088,4852,4236,0,0,0,0,0,0,0,0,0,0,0,0,0,0,0
02,032,District - Sirmaur (10),Urban,10-14,5024,2746,2278,4931,2717,2214,85,27,58,2,0,2,6,2,4,0,0,0,0,0,0
02,032,District - Sirmaur (10),Urban,15-19,5214,2894,2320,4943,2816,2127,263,75,188,6,1,5,1,1,0,1,1,0,0,0,0
02,032,District - Sirmaur (10),Urban,20-24,5424,2797,2627,3853,2359,1494,1550,430,1120,11,2,9,8,4,4,2,2,0,0,0,0
02,032,District - Sirmaur (10),Urban,25-29,5456,2777,2679,1813,1283,530,3603,1481,2122,22,5,17,9,3,6,9,5,4,0,0,0
02,032,District - Sirmaur (10),Urban,30-34,5025,2533,2492,559,386,173,4383,2120,2263,57,15,42,18,8,10,8,4,4,0,0,0
02,032,District - Sirmaur (10),Urban,35-39,4945,2487,2458,222,148,74,4622,2317,2305,74,12,62,17,7,10,10,3,7,0,0,0
02,032,District - Sirmaur (10),Urban,40-44,4198,2252,1946,99,65,34,3937,2159,1778,136,21,115,10,4,6,16,3,13,0,0,0
02,032,District - Sirmaur (10),Urban,45-49,3416,1849,1567,74,38,36,3121,1772,1349,195,29,166,15,6,9,11,4,7,0,0,0
02,032,District - Sirmaur (10),Urban,50-54,2699,1491,1208,51,34,17,2406,1408,998,232,44,188,3,3,0,7,2,5,0,0,0
02,032,District - Sirmaur (10),Urban,55-59,1996,1068,928,39,21,18,1703,998,705,248,46,202,3,1,2,3,2,1,0,0,0
02,032,District - Sirmaur (10),Urban,60-64,1727,864,863,52,28,24,1332,773,559,333,58,275,6,4,2,4,1,3,0,0,0
02,032,District - Sirmaur (10),Urban,65-69,1140,580,560,39,26,13,790,468,322,307,84,223,2,1,1,2,1,1,0,0,0
02,032,District - Sirmaur (10),Urban,70-74,833,411,422,15,10,5,525,337,188,292,63,229,1,1,0,0,0,0,0,0,0
02,032,District - Sirmaur (10),Urban,75-79,485,253,232,5,2,3,279,197,82,198,52,146,2,2,0,1,0,1,0,0,0
02,032,District - Sirmaur (10),Urban,80+,475,249,226,23,19,4,208,156,52,243,73,170,1,1,0,0,0,0,0,0,0
02,032,District - Sirmaur (10),Urban,Age not stated,20,11,9,10,7,3,9,4,5,1,0,1,0,0,0,0,0,0,0,0,0
02,032,District - Sirmaur (10),Urban,Less than 18,17167,9281,7886,16951,9215,7736,202,63,139,7,0,7,6,2,4,1,1,0,0,0,0
02,032,District - Sirmaur (10),Urban,Less than 21,20467,11109,9358,19899,10944,8955,549,157,392,8,1,7,9,5,4,2,2,0,0,0,0
02,033,District - Shimla (11),Total,All ages,814010,425039,388971,363068,204335,158733,410975,210740,200235,36932,8591,28341,1878,899,979,1157,474,683,0,0,0
02,033,District - Shimla (11),Total,0-9,121264,63043,58221,121264,63043,58221,0,0,0,0,0,0,0,0,0,0,0,0,0,0,0
02,033,District - Shimla (11),Total,10-14,71938,37625,34313,70419,36990,33429,1432,600,832,54,16,38,28,18,10,5,1,4,0,0,0
02,033,District - Shimla (11),Total,15-19,74252,39067,35185,69779,37840,31939,4351,1181,3170,63,23,40,45,22,23,14,1,13,0,0,0
02,033,District - Shimla (11),Total,20-24,82123,42625,39498,57290,35113,22177,24536,7411,17125,163,50,113,91,37,54,43,14,29,0,0,0
02,033,District - Shimla (11),Total,25-29,76144,39513,36631,27300,19734,7566,48251,19579,28672,370,104,266,150,70,80,73,26,47,0,0,0
02,033,District - Shimla (11),Total,30-34,69102,36102,33000,8127,6072,2055,60003,29745,30258,672,143,529,186,96,90,114,46,68,0,0,0
02,033,District - Shimla (11),Total,35-39,64912,33891,31021,2778,1793,985,60536,31692,28844,1200,227,973,240,107,133,158,72,86,0,0,0
02,033,District - Shimla (11),Total,40-44,57809,30180,27629,1488,894,594,54057,28842,25215,1864,266,1598,229,105,124,171,73,98,0,0,0
02,033,District - Shimla (11),Total,45-49,50133,26431,23702,972,555,417,46237,25300,20937,2563,422,2141,218,99,119,143,55,88,0,0,0
02,033,District - Shimla (11),Total,50-54,41667,22256,19411,760,438,322,37211,21100,16111,3409,585,2824,170,83,87,117,50,67,0,0,0
02,033,District - Shimla (11),Total,55-59,31200,16906,14294,589,367,222,26829,15738,11091,3561,703,2858,128,60,68,93,38,55,0,0,0
02,033,District - Shimla (11),Total,60-64,24820,12737,12083,552,375,177,19065,11276,7789,4997,990,4007,125,63,62,81,33,48,0,0,0
02,033,District - Shimla (11),Total,65-69,16936,8515,8421,454,290,164,11886,7100,4786,4429,1038,3391,111,61,50,56,26,30,0,0,0
02,033,District - Shimla (11),Total,70-74,13670,6879,6791,320,214,106,8193,5316,2877,5042,1287,3755,73,36,37,42,26,16,0,0,0
02,033,District - Shimla (11),Total,75-79,7825,4043,3782,189,129,60,4242,2922,1320,3330,961,2369,45,25,20,19,6,13,0,0,0
02,033,District - Shimla (11),Total,80+,9459,4794,4665,408,252,156,3810,2751,1059,5175,1767,3408,39,17,22,27,7,20,0,0,0
02,033,District - Shimla (11),Total,Age not stated,756,432,324,379,236,143,336,187,149,40,9,31,0,0,0,1,0,1,0,0,0
02,033,District - Shimla (11),Total,Less than 18,235869,123045,112824,232822,121913,110909,2900,1071,1829,87,28,59,52,32,20,8,1,7,0,0,0
02,033,District - Shimla (11),Total,Less than 21,284313,148504,135809,275134,145851,129283,8927,2563,6364,146,43,103,85,44,41,21,3,18,0,0,0
02,033,District - Shimla (11),Rural,All ages,612659,314295,298364,270792,151607,119185,307794,153960,153834,31527,7546,23981,1619,800,819,927,382,545,0,0,0
02,033,District - Shimla (11),Rural,0-9,95366,49178,46188,95366,49178,46188,0,0,0,0,0,0,0,0,0,0,0,0,0,0,0
02,033,District - Shimla (11),Rural,10-14,55012,28205,26807,53895,27757,26138,1050,422,628,46,11,35,20,15,5,1,0,1,0,0,0
02,033,District - Shimla (11),Rural,15-19,54284,28040,26244,50881,27195,23686,3308,813,2495,52,17,35,32,15,17,11,0,11,0,0,0
02,033,District - Shimla (11),Rural,20-24,59198,30255,28943,39304,24571,14733,19638,5597,14041,141,47,94,79,29,50,36,11,25,0,0,0
02,033,District - Shimla (11),Rural,25-29,56555,28858,27697,18823,14071,4752,37241,14616,22625,308,88,220,125,60,65,58,23,35,0,0,0
02,033,District - Shimla (11),Rural,30-34,51193,26677,24516,5896,4530,1366,44510,21903,22607,544,126,418,156,84,72,87,34,53,0,0,0
02,033,District - Shimla (11),Rural,35-39,47287,24716,22571,2034,1366,668,43988,22999,20989,944,194,750,199,95,104,122,62,60,0,0,0
02,033,District - Shimla (11),Rural,40-44,41891,21429,20462,1105,685,420,39002,20388,18614,1458,209,1249,192,93,99,134,54,80,0,0,0
02,033,District - Shimla (11),Rural,45-49,36407,18566,17841,731,440,291,33313,17633,15680,2062,362,1700,187,86,101,114,45,69,0,0,0
02,033,District - Shimla (11),Rural,50-54,30834,15646,15188,569,354,215,27206,14688,12518,2827,495,2332,144,72,72,88,37,51,0,0,0
02,033,District - Shimla (11),Rural,55-59,23227,11885,11342,430,289,141,19643,10910,8733,2965,601,2364,119,57,62,70,28,42,0,0,0
02,033,District - Shimla (11),Rural,60-64,20379,10220,10159,415,294,121,15415,8956,6459,4364,878,3486,114,61,53,71,31,40,0,0,0
02,033,District - Shimla (11),Rural,65-69,14184,7052,7132,335,222,113,9815,5821,3994,3878,928,2950,102,57,45,54,24,30,0,0,0
02,033,District - Shimla (11),Rural,70-74,11592,5797,5795,262,181,81,6771,4394,2377,4450,1164,3286,71,36,35,38,22,16,0,0,0
02,033,District - Shimla (11),Rural,75-79,6604,3369,3235,153,105,48,3495,2391,1104,2894,843,2051,44,24,20,18,6,12,0,0,0
02,033,District - Shimla (11),Rural,80+,8108,4105,4003,316,199,117,3175,2311,864,4558,1574,2984,35,16,19,24,5,19,0,0,0
02,033,District - Shimla (11),Rural,Age not stated,538,297,241,277,170,107,224,118,106,36,9,27,0,0,0,1,0,1,0,0,0
02,033,District - Shimla (11),Rural,Less than 18,182136,93787,88349,179939,92998,86941,2085,745,1340,71,19,52,37,25,12,4,0,4,0,0,0
02,033,District - Shimla (11),Rural,Less than 21,216740,111567,105173,209719,109704,100015,6824,1796,5028,120,32,88,63,34,29,14,1,13,0,0,0
02,033,District - Shimla (11),Urban,All ages,201351,110744,90607,92276,52728,39548,103181,56780,46401,5405,1045,4360,259,99,160,230,92,138,0,0,0
02,033,District - Shimla (11),Urban,0-9,25898,13865,12033,25898,13865,12033,0,0,0,0,0,0,0,0,0,0,0,0,0,0,0
02,033,District - Shimla (11),Urban,10-14,16926,9420,7506,16524,9233,7291,382,178,204,8,5,3,8,3,5,4,1,3,0,0,0
02,033,District - Shimla (11),Urban,15-19,19968,11027,8941,18898,10645,8253,1043,368,675,11,6,5,13,7,6,3,1,2,0,0,0
02,033,District - Shimla (11),Urban,20-24,22925,12370,10555,17986,10542,7444,4898,1814,3084,22,3,19,12,8,4,7,3,4,0,0,0
02,033,District - Shimla (11),Urban,25-29,19589,10655,8934,8477,5663,2814,11010,4963,6047,62,16,46,25,10,15,15,3,12,0,0,0
02,033,District - Shimla (11),Urban,30-34,17909,9425,8484,2231,1542,689,15493,7842,7651,128,17,111,30,12,18,27,12,15,0,0,0
02,033,District - Shimla (11),Urban,35-39,17625,9175,8450,744,427,317,16548,8693,7855,256,33,223,41,12,29,36,10,26,0,0,0
02,033,District - Shimla (11),Urban,40-44,15918,8751,7167,383,209,174,15055,8454,6601,406,57,349,37,12,25,37,19,18,0,0,0
02,033,District - Shimla (11),Urban,45-49,13726,7865,5861,241,115,126,12924,7667,5257,501,60,441,31,13,18,29,10,19,0,0,0
02,033,District - Shimla (11),Urban,50-54,10833,6610,4223,191,84,107,10005,6412,3593,582,90,492,26,11,15,29,13,16,0,0,0
02,033,District - Shimla (11),Urban,55-59,7973,5021,2952,159,78,81,7186,4828,2358,596,102,494,9,3,6,23,10,13,0,0,0
02,033,District - Shimla (11),Urban,60-64,4441,2517,1924,137,81,56,3650,2320,1330,633,112,521,11,2,9,10,2,8,0,0,0
02,033,District - Shimla (11),Urban,65-69,2752,1463,1289,119,68,51,2071,1279,792,551,110,441,9,4,5,2,2,0,0,0,0
02,033,District - Shimla (11),Urban,70-74,2078,1082,996,58,33,25,1422,922,500,592,123,469,2,0,2,4,4,0,0,0,0
02,033,District - Shimla (11),Urban,75-79,1221,674,547,36,24,12,747,531,216,436,118,318,1,1,0,1,0,1,0,0,0
02,033,District - Shimla (11),Urban,80+,1351,689,662,92,53,39,635,440,195,617,193,424,4,1,3,3,2,1,0,0,0
02,033,District - Shimla (11),Urban,Age not stated,218,135,83,102,66,36,112,69,43,4,0,4,0,0,0,0,0,0,0,0,0
02,033,District - Shimla (11),Urban,Less than 18,53733,29258,24475,52883,28915,23968,815,326,489,16,9,7,15,7,8,4,1,3,0,0,0
02,033,District - Shimla (11),Urban,Less than 21,67573,36937,30636,65415,36147,29268,2103,767,1336,26,11,15,22,10,12,7,2,5,0,0,0
02,034,District - Kinnaur (12),Total,All ages,84121,46249,37872,35337,19678,15659,44368,25553,18815,3968,848,3120,304,119,185,144,51,93,0,0,0
02,034,District - Kinnaur (12),Total,0-9,12072,6148,5924,12072,6148,5924,0,0,0,0,0,0,0,0,0,0,0,0,0,0,0
02,034,District - Kinnaur (12),Total,10-14,6696,3276,3420,6576,3229,3347,115,45,70,3,1,2,2,1,1,0,0,0,0,0,0
02,034,District - Kinnaur (12),Total,15-19,6171,3236,2935,5487,3032,2455,675,203,472,4,1,3,3,0,3,2,0,2,0,0,0
02,034,District - Kinnaur (12),Total,20-24,8525,5147,3378,4967,3585,1382,3520,1548,1972,19,4,15,14,6,8,5,4,1,0,0,0
02,034,District - Kinnaur (12),Total,25-29,8896,5423,3473,2663,1950,713,6161,3449,2712,46,11,35,18,10,8,8,3,5,0,0,0
02,034,District - Kinnaur (12),Total,30-34,7661,4510,3151,1126,714,412,6400,3756,2644,93,21,72,31,15,16,11,4,7,0,0,0
02,034,District - Kinnaur (12),Total,35-39,7247,4270,2977,601,323,278,6469,3907,2562,124,17,107,35,17,18,18,6,12,0,0,0
02,034,District - Kinnaur (12),Total,40-44,6341,3779,2562,397,173,224,5706,3558,2148,188,31,157,31,11,20,19,6,13,0,0,0
02,034,District - Kinnaur (12),Total,45-49,5350,2981,2369,316,124,192,4656,2780,1876,318,58,260,42,12,30,18,7,11,0,0,0
02,034,District - Kinnaur (12),Total,50-54,3945,2135,1810,269,101,168,3272,1968,1304,343,47,296,34,15,19,27,4,23,0,0,0
02,034,District - Kinnaur (12),Total,55-59,2938,1562,1376,196,70,126,2356,1409,947,356,69,287,18,6,12,12,8,4,0,0,0
02,034,District - Kinnaur (12),Total,60-64,2547,1220,1327,180,59,121,1840,1052,788,490,100,390,28,8,20,9,1,8,0,0,0
02,034,District - Kinnaur (12),Total,65-69,1729,807,922,119,41,78,1202,682,520,392,79,313,14,3,11,2,2,0,0,0,0
02,034,District - Kinnaur (12),Total,70-74,1484,664,820,118,33,85,832,505,327,509,115,394,18,7,11,7,4,3,0,0,0
02,034,District - Kinnaur (12),Total,75-79,1025,453,572,75,21,54,557,317,240,383,111,272,7,4,3,3,0,3,0,0,0
02,034,District - Kinnaur (12),Total,80+,1407,596,811,129,48,81,570,359,211,697,183,514,8,4,4,3,2,1,0,0,0
02,034,District - Kinnaur (12),Total,Age not stated,87,42,45,46,27,19,37,15,22,3,0,3,1,0,1,0,0,0,0,0,0
02,034,District - Kinnaur (12),Total,Less than 18,22314,11214,11100,21995,11102,10893,309,109,200,7,2,5,2,1,1,1,0,1,0,0,0
02,034,District - Kinnaur (12),Total,Less than 21,26463,13507,12956,25210,13105,12105,1235,398,837,10,3,7,6,1,5,2,0,2,0,0,0
02,034,District - Kinnaur (12),Rural,All ages,84121,46249,37872,35337,19678,15659,44368,25553,18815,3968,848,3120,304,119,185,144,51,93,0,0,0
02,034,District - Kinnaur (12),Rural,0-9,12072,6148,5924,12072,6148,5924,0,0,0,0,0,0,0,0,0,0,0,0,0,0,0
02,034,District - Kinnaur (12),Rural,10-14,6696,3276,3420,6576,3229,3347,115,45,70,3,1,2,2,1,1,0,0,0,0,0,0
02,034,District - Kinnaur (12),Rural,15-19,6171,3236,2935,5487,3032,2455,675,203,472,4,1,3,3,0,3,2,0,2,0,0,0
02,034,District - Kinnaur (12),Rural,20-24,8525,5147,3378,4967,3585,1382,3520,1548,1972,19,4,15,14,6,8,5,4,1,0,0,0
02,034,District - Kinnaur (12),Rural,25-29,8896,5423,3473,2663,1950,713,6161,3449,2712,46,11,35,18,10,8,8,3,5,0,0,0
02,034,District - Kinnaur (12),Rural,30-34,7661,4510,3151,1126,714,412,6400,3756,2644,93,21,72,31,15,16,11,4,7,0,0,0
02,034,District - Kinnaur (12),Rural,35-39,7247,4270,2977,601,323,278,6469,3907,2562,124,17,107,35,17,18,18,6,12,0,0,0
02,034,District - Kinnaur (12),Rural,40-44,6341,3779,2562,397,173,224,5706,3558,2148,188,31,157,31,11,20,19,6,13,0,0,0
02,034,District - Kinnaur (12),Rural,45-49,5350,2981,2369,316,124,192,4656,2780,1876,318,58,260,42,12,30,18,7,11,0,0,0
02,034,District - Kinnaur (12),Rural,50-54,3945,2135,1810,269,101,168,3272,1968,1304,343,47,296,34,15,19,27,4,23,0,0,0
02,034,District - Kinnaur (12),Rural,55-59,2938,1562,1376,196,70,126,2356,1409,947,356,69,287,18,6,12,12,8,4,0,0,0
02,034,District - Kinnaur (12),Rural,60-64,2547,1220,1327,180,59,121,1840,1052,788,490,100,390,28,8,20,9,1,8,0,0,0
02,034,District - Kinnaur (12),Rural,65-69,1729,807,922,119,41,78,1202,682,520,392,79,313,14,3,11,2,2,0,0,0,0
02,034,District - Kinnaur (12),Rural,70-74,1484,664,820,118,33,85,832,505,327,509,115,394,18,7,11,7,4,3,0,0,0
02,034,District - Kinnaur (12),Rural,75-79,1025,453,572,75,21,54,557,317,240,383,111,272,7,4,3,3,0,3,0,0,0
02,034,District - Kinnaur (12),Rural,80+,1407,596,811,129,48,81,570,359,211,697,183,514,8,4,4,3,2,1,0,0,0
02,034,District - Kinnaur (12),Rural,Age not stated,87,42,45,46,27,19,37,15,22,3,0,3,1,0,1,0,0,0,0,0,0
02,034,District - Kinnaur (12),Rural,Less than 18,22314,11214,11100,21995,11102,10893,309,109,200,7,2,5,2,1,1,1,0,1,0,0,0
02,034,District - Kinnaur (12),Rural,Less than 21,26463,13507,12956,25210,13105,12105,1235,398,837,10,3,7,6,1,5,2,0,2,0,0,0
02,034,District - Kinnaur (12),Urban,All ages,0,0,0,0,0,0,0,0,0,0,0,0,0,0,0,0,0,0,0,0,0
02,034,District - Kinnaur (12),Urban,0-9,0,0,0,0,0,0,0,0,0,0,0,0,0,0,0,0,0,0,0,0,0
02,034,District - Kinnaur (12),Urban,10-14,0,0,0,0,0,0,0,0,0,0,0,0,0,0,0,0,0,0,0,0,0
02,034,District - Kinnaur (12),Urban,15-19,0,0,0,0,0,0,0,0,0,0,0,0,0,0,0,0,0,0,0,0,0
02,034,District - Kinnaur (12),Urban,20-24,0,0,0,0,0,0,0,0,0,0,0,0,0,0,0,0,0,0,0,0,0
02,034,District - Kinnaur (12),Urban,25-29,0,0,0,0,0,0,0,0,0,0,0,0,0,0,0,0,0,0,0,0,0
02,034,District - Kinnaur (12),Urban,30-34,0,0,0,0,0,0,0,0,0,0,0,0,0,0,0,0,0,0,0,0,0
02,034,District - Kinnaur (12),Urban,35-39,0,0,0,0,0,0,0,0,0,0,0,0,0,0,0,0,0,0,0,0,0
02,034,District - Kinnaur (12),Urban,40-44,0,0,0,0,0,0,0,0,0,0,0,0,0,0,0,0,0,0,0,0,0
02,034,District - Kinnaur (12),Urban,45-49,0,0,0,0,0,0,0,0,0,0,0,0,0,0,0,0,0,0,0,0,0
02,034,District - Kinnaur (12),Urban,50-54,0,0,0,0,0,0,0,0,0,0,0,0,0,0,0,0,0,0,0,0,0
02,034,District - Kinnaur (12),Urban,55-59,0,0,0,0,0,0,0,0,0,0,0,0,0,0,0,0,0,0,0,0,0
02,034,District - Kinnaur (12),Urban,60-64,0,0,0,0,0,0,0,0,0,0,0,0,0,0,0,0,0,0,0,0,0
02,034,District - Kinnaur (12),Urban,65-69,0,0,0,0,0,0,0,0,0,0,0,0,0,0,0,0,0,0,0,0,0
02,034,District - Kinnaur (12),Urban,70-74,0,0,0,0,0,0,0,0,0,0,0,0,0,0,0,0,0,0,0,0,0
02,034,District - Kinnaur (12),Urban,75-79,0,0,0,0,0,0,0,0,0,0,0,0,0,0,0,0,0,0,0,0,0
02,034,District - Kinnaur (12),Urban,80+,0,0,0,0,0,0,0,0,0,0,0,0,0,0,0,0,0,0,0,0,0
02,034,District - Kinnaur (12),Urban,Age not stated,0,0,0,0,0,0,0,0,0,0,0,0,0,0,0,0,0,0,0,0,0
02,034,District - Kinnaur (12),Urban,Less than 18,0,0,0,0,0,0,0,0,0,0,0,0,0,0,0,0,0,0,0,0,0
02,034,District - Kinnaur (12),Urban,Less than 21,0,0,0,0,0,0,0,0,0,0,0,0,0,0,0,0,0,0,0,0,0
