state_code,district_code,area_name,region_type,age_group,total_persons,total_males,total_females,never_married_persons,never_married_males,never_married_females,currently_married_persons,currently_married_males,currently_married_females,widowed_persons,widowed_males,widowed_females,separated_persons,separated_males,separated_females,divorced_persons,divorced_males,divorced_females,unspecified_persons,unspecified_males,unspecified_females
01,000,State - JAMMU & KASHMIR (01),Total,All ages,12541302,6640662,5900640,6868487,3803063,3065424,5233255,2702439,2530816,403425,119775,283650,18066,8397,9669,18069,6988,11081,0,0,0
01,000,State - JAMMU & KASHMIR (01),Total,0-9,2826857,1510319,1316538,2826857,1510319,1316538,0,0,0,0,0,0,0,0,0,0,0,0,0,0,0
01,000,State - JAMMU & KASHMIR (01),Total,10-14,1413853,744855,668998,1390103,735299,654804,22412,8938,13474,752,338,414,474,238,236,112,42,70,0,0,0
01,000,State - JAMMU & KASHMIR (01),Total,15-19,1237462,640362,597100,1164768,619890,544878,70857,19740,51117,1049,394,655,562,258,304,226,80,146,0,0,0
01,000,State - JAMMU & KASHMIR (01),Total,20-24,1160913,603578,557335,824471,489767,334704,331703,112025,219678,2537,848,1689,1210,648,562,992,290,702,0,0,0
01,000,State - JAMMU & KASHMIR (01),Total,25-29,1086122,584559,501563,409021,272833,136188,668659,308479,360180,4539,1524,3015,2051,1130,921,1852,593,1259,0,0,0
01,000,State - JAMMU & KASHMIR (01),Total,30-34,926903,495746,431157,135058,93977,41081,779604,397604,382000,7752,2472,5280,1962,813,1149,2527,880,1647,0,0,0
01,000,State - JAMMU & KASHMIR (01),Total,35-39,837945,441265,396680,41338,29243,12095,779603,406605,372998,12143,3518,8625,2026,841,1185,2835,1058,1777,0,0,0
01,000,State - JAMMU & KASHMIR (01),Total,40-44,714085,387739,326346,19301,13479,5822,671494,367317,304177,18753,5247,13506,1932,756,1176,2605,940,1665,0,0,0
01,000,State - JAMMU & KASHMIR (01),Total,45-49,590790,311560,279230,9752,6976,2776,553342,296449,256893,24042,6639,17403,1678,666,1012,1976,830,1146,0,0,0
01,000,State - JAMMU & KASHMIR (01),Total,50-54,468566,255599,212967,7254,5191,2063,423212,239528,183684,35043,9590,25453,1468,621,847,1589,669,920,0,0,0
01,000,State - JAMMU & KASHMIR (01),Total,55-59,340031,172753,167278,4627,3250,1377,301197,159684,141513,32304,8988,23316,966,400,566,937,431,506,0,0,0
01,000,State - JAMMU & KASHMIR (01),Total,60-64,322726,173427,149299,6812,4458,2354,255615,152098,103517,58254,15928,42326,1139,527,612,906,416,490,0,0,0
01,000,State - JAMMU & KASHMIR (01),Total,65-69,203965,102743,101222,5213,3163,2050,151448,85959,65489,46034,12998,33036,776,395,381,494,228,266,0,0,0
01,000,State - JAMMU & KASHMIR (01),Total,70-74,184019,97472,86547,4312,2577,1735,112876,74906,37970,65415,19203,46212,862,484,378,554,302,252,0,0,0
01,000,State - JAMMU & KASHMIR (01),Total,75-79,85076,43094,41982,1842,1109,733,49903,31314,18589,32765,10348,22417,370,224,146,196,99,97,0,0,0
01,000,State - JAMMU & KASHMIR (01),Total,80+,126870,65844,61026,7245,4241,3004,57125,39482,17643,61678,21617,40061,568,381,187,254,123,131,0,0,0
01,000,State - JAMMU & KASHMIR (01),Total,Age not stated,15119,9747,5372,10513,7291,3222,4205,2311,1894,365,123,242,22,15,7,14,7,7,0,0,0
01,000,State - JAMMU & KASHMIR (01),Total,Less than 18,4996362,2647174,2349188,4944123,2628225,2315898,49827,17892,31935,1423,584,839,774,390,384,215,83,132,0,0,0
01,000,State - JAMMU & KASHMIR (01),Total,Less than 21,5772600,3044597,2728003,5617998,2998189,2619809,150358,44687,105671,2476,955,1521,1265,597,668,503,169,334,0,0,0
01,000,State - JAMMU & KASHMIR (01),Rural,All ages,9108060,4774477,4333583,5131602,2826384,2305218,3660037,1844767,1815270,291311,92756,198555,12004,5104,6900,13106,5466,7640,0,0,0
01,000,State - JAMMU & KASHMIR (01),Rural,0-9,2224345,1185885,1038460,2224345,1185885,1038460,0,0,0,0,0,0,0,0,0,0,0,0,0,0,0
01,000,State - JAMMU & KASHMIR (01),Rural,10-14,1097236,575511,521725,1079979,568625,511354,16305,6444,9861,550,253,297,325,165,160,77,24,53,0,0,0
01,000,State - JAMMU & KASHMIR (01),Rural,15-19,926108,477098,449010,869012,461340,407672,55752,15231,40521,765,294,471,398,172,226,181,61,120,0,0,0
01,000,State - JAMMU & KASHMIR (01),Rural,20-24,827361,423292,404069,562951,337139,225812,260828,84815,176013,1894,651,1243,858,441,417,830,246,584,0,0,0
01,000,State - JAMMU & KASHMIR (01),Rural,25-29,738568,385544,353024,248208,169879,78329,484339,213476,270863,3431,1180,2251,1158,510,648,1432,499,933,0,0,0
01,000,State - JAMMU & KASHMIR (01),Rural,30-34,636137,333062,303075,76045,54686,21359,551302,275386,275916,5804,1908,3896,1145,362,783,1841,720,1121,0,0,0
01,000,State - JAMMU & KASHMIR (01),Rural,35-39,568825,294268,274557,21533,15528,6005,535338,274733,260605,8826,2763,6063,1181,441,740,1947,803,1144,0,0,0
01,000,State - JAMMU & KASHMIR (01),Rural,40-44,483222,256988,226234,11047,7752,3295,455472,243964,211508,13679,4154,9525,1209,423,786,1815,695,1120,0,0,0
01,000,State - JAMMU & KASHMIR (01),Rural,45-49,395959,205036,190923,5770,4148,1622,370803,194702,176101,16928,5179,11749,1120,401,719,1338,606,732,0,0,0
01,000,State - JAMMU & KASHMIR (01),Rural,50-54,319992,173804,146188,4552,3312,1240,287950,161951,125999,25322,7639,17683,1029,390,639,1139,512,627,0,0,0
01,000,State - JAMMU & KASHMIR (01),Rural,55-59,227495,114641,112854,2927,2102,825,200978,105083,95895,22221,6849,15372,704,279,425,665,328,337,0,0,0
01,000,State - JAMMU & KASHMIR (01),Rural,60-64,226005,121240,104765,4650,3041,1609,177597,105096,72501,42199,12372,29827,876,394,482,683,337,346,0,0,0
01,000,State - JAMMU & KASHMIR (01),Rural,65-69,140720,70780,69940,3615,2180,1435,103965,58390,45575,32154,9719,22435,605,297,308,381,194,187,0,0,0
01,000,State - JAMMU & KASHMIR (01),Rural,70-74,132084,70777,61307,3039,1832,1207,80081,53387,26694,47883,14959,32924,653,350,303,428,249,179,0,0,0
01,000,State - JAMMU & KASHMIR (01),Rural,75-79,58918,29980,28938,1247,747,500,34457,21326,13131,22775,7652,15123,285,173,112,154,82,72,0,0,0
01,000,State - JAMMU & KASHMIR (01),Rural,80+,94242,49712,44530,4948,2913,2035,42049,29311,12738,46617,17085,29532,445,300,145,183,103,80,0,0,0
01,000,State - JAMMU & KASHMIR (01),Rural,Age not stated,10843,6859,3984,7734,5275,2459,2821,1472,1349,263,99,164,13,6,7,12,7,5,0,0,0
01,000,State - JAMMU & KASHMIR (01),Rural,Less than 18,3892492,2056279,1836213,3854102,2042379,1811723,36665,13143,23522,1039,436,603,534,269,265,152,52,100,0,0,0
01,000,State - JAMMU & KASHMIR (01),Rural,Less than 21,4465677,2347787,2117890,4343765,2312119,2031646,118780,34395,84385,1845,735,1110,891,411,480,396,127,269,0,0,0
01,000,State - JAMMU & KASHMIR (01),Urban,All ages,3433242,1866185,1567057,1736885,976679,760206,1573218,857672,715546,112114,27019,85095,6062,3293,2769,4963,1522,3441,0,0,0
01,000,State - JAMMU & KASHMIR (01),Urban,0-9,602512,324434,278078,602512,324434,278078,0,0,0,0,0,0,0,0,0,0,0,0,0,0,0
01,000,State - JAMMU & KASHMIR (01),Urban,10-14,316617,169344,147273,310124,166674,143450,6107,2494,3613,202,85,117,149,73,76,35,18,17,0,0,0
01,000,State - JAMMU & KASHMIR (01),Urban,15-19,311354,163264,148090,295756,158550,137206,15105,4509,10596,284,100,184,164,86,78,45,19,26,0,0,0
01,000,State - JAMMU & KASHMIR (01),Urban,20-24,333552,180286,153266,261520,152628,108892,70875,27210,43665,643,197,446,352,207,145,162,44,118,0,0,0
01,000,State - JAMMU & KASHMIR (01),Urban,25-29,347554,199015,148539,160813,102954,57859,184320,95003,89317,1108,344,764,893,620,273,420,94,326,0,0,0
01,000,State - JAMMU & KASHMIR (01),Urban,30-34,290766,162684,128082,59013,39291,19722,228302,122218,106084,1948,564,1384,817,451,366,686,160,526,0,0,0
01,000,State - JAMMU & KASHMIR (01),Urban,35-39,269120,146997,122123,19805,13715,6090,244265,131872,112393,3317,755,2562,845,400,445,888,255,633,0,0,0
01,000,State - JAMMU & KASHMIR (01),Urban,40-44,230863,130751,100112,8254,5727,2527,216022,123353,92669,5074,1093,3981,723,333,390,790,245,545,0,0,0
01,000,State - JAMMU & KASHMIR (01),Urban,45-49,194831,106524,88307,3982,2828,1154,182539,101747,80792,7114,1460,5654,558,265,293,638,224,414,0,0,0
01,000,State - JAMMU & KASHMIR (01),Urban,50-54,148574,81795,66779,2702,1879,823,135262,77577,57685,9721,1951,7770,439,231,208,450,157,293,0,0,0
01,000,State - JAMMU & KASHMIR (01),Urban,55-59,112536,58112,54424,1700,1148,552,100219,54601,45618,10083,2139,7944,262,121,141,272,103,169,0,0,0
01,000,State - JAMMU & KASHMIR (01),Urban,60-64,96721,52187,44534,2162,1417,745,78018,47002,31016,16055,3556,12499,263,133,130,223,79,144,0,0,0
01,000,State - JAMMU & KASHMIR (01),Urban,65-69,63245,31963,31282,1598,983,615,47483,27569,19914,13880,3279,10601,171,98,73,113,34,79,0,0,0
01,000,State - JAMMU & KASHMIR (01),Urban,70-74,51935,26695,25240,1273,745,528,32795,21519,11276,17532,4244,13288,209,134,75,126,53,73,0,0,0
01,000,State - JAMMU & KASHMIR (01),Urban,75-79,26158,13114,13044,595,362,233,15446,9988,5458,9990,2696,7294,85,51,34,42,17,25,0,0,0
01,000,State - JAMMU & KASHMIR (01),Urban,80+,32628,16132,16496,2297,1328,969,15076,10171,4905,15061,4532,10529,123,81,42,71,20,51,0,0,0
01,000,State - JAMMU & KASHMIR (01),Urban,Age not stated,4276,2888,1388,2779,2016,763,1384,839,545,102,24,78,9,9,0,2,0,2,0,0,0
01,000,State - JAMMU & KASHMIR (01),Urban,Less than 18,1103870,590895,512975,1090021,585846,504175,13162,4749,8413,384,148,236,240,121,119,63,31,32,0,0,0
01,000,State - JAMMU & KASHMIR (01),Urban,Less than 21,1306923,696810,610113,1274233,686070,588163,31578,10292,21286,631,220,411,374,186,188,107,42,65,0,0,0
01,001,District - Kupwara (01),Total,All ages,870354,474190,396164,543485,296879,246606,300780,166723,134057,23076,8737,14339,1992,1517,475,1021,334,687,0,0,0
01,001,District - Kupwara (01),Total,0-9,261499,138529,122970,261499,138529,122970,0,0,0,0,0,0,0,0,0,0,0,0,0,0,0
01,001,District - Kupwara (01),Total,10-14,118673,62428,56245,116719,61697,55022,1802,653,1149,100,51,49,46,27,19,6,0,6,0,0,0
01,001,District - Kupwara (01),Total,15-19,81849,41873,39976,77362,40474,36888,4363,1350,3013,83,31,52,29,14,15,12,4,8,0,0,0
01,001,District - Kupwara (01),Total,20-24,70692,38505,32187,50498,30167,20331,19740,8087,11653,199,76,123,204,167,37,51,8,43,0,0,0
01,001,District - Kupwara (01),Total,25-29,68046,41511,26535,23288,16270,7018,43866,24607,19259,273,121,152,519,481,38,100,32,68,0,0,0
01,001,District - Kupwara (01),Total,30-34,57150,33789,23361,7041,5010,2031,49110,28237,20873,535,218,317,329,286,43,135,38,97,0,0,0
01,001,District - Kupwara (01),Total,35-39,49033,27287,21746,1972,1417,555,45856,25316,20540,784,300,484,238,199,39,183,55,128,0,0,0
01,001,District - Kupwara (01),Total,40-44,41741,24356,17385,1098,781,317,39086,22980,16106,1223,446,777,170,108,62,164,41,123,0,0,0
01,001,District - Kupwara (01),Total,45-49,30511,16556,13955,491,357,134,28350,15547,12803,1455,546,909,123,66,57,92,40,52,0,0,0
01,001,District - Kupwara (01),Total,50-54,24144,13621,10523,416,294,122,21277,12490,8787,2269,766,1503,80,35,45,102,36,66,0,0,0
01,001,District - Kupwara (01),Total,55-59,16163,7962,8201,224,153,71,14136,7120,7016,1727,657,1070,35,15,20,41,17,24,0,0,0
01,001,District - Kupwara (01),Total,60-64,17607,9711,7896,443,260,183,13381,8118,5263,3663,1277,2386,67,33,34,53,23,30,0,0,0
01,001,District - Kupwara (01),Total,65-69,9871,5053,4818,331,206,125,7253,3995,3258,2238,827,1411,30,15,15,19,10,9,0,0,0
01,001,District - Kupwara (01),Total,70-74,10217,5675,4542,307,155,152,6081,4111,1970,3733,1359,2374,62,35,27,34,15,19,0,0,0
01,001,District - Kupwara (01),Total,75-79,3932,2029,1903,121,59,62,2409,1405,1004,1369,550,819,22,11,11,11,4,7,0,0,0
01,001,District - Kupwara (01),Total,80+,7745,4395,3350,627,373,254,3686,2494,1192,3381,1495,1886,36,24,12,15,9,6,0,0,0
01,001,District - Kupwara (01),Total,Age not stated,1481,910,571,1048,677,371,384,213,171,44,17,27,2,1,1,3,2,1,0,0,0
01,001,District - Kupwara (01),Total,Less than 18,432117,227558,204559,428193,226180,202013,3690,1269,2421,158,72,86,64,36,28,12,1,11,0,0,0
01,001,District - Kupwara (01),Total,Less than 21,481558,252796,228762,471553,249484,222069,9617,3146,6471,261,106,155,98,55,43,29,5,24,0,0,0
01,001,District - Kupwara (01),Rural,All ages,765625,412038,353587,481347,261875,219472,261531,141370,120161,20950,8029,12921,912,483,429,885,281,604,0,0,0
01,001,District - Kupwara (01),Rural,0-9,233702,123745,109957,233702,123745,109957,0,0,0,0,0,0,0,0,0,0,0,0,0,0,0
01,001,District - Kupwara (01),Rural,10-14,103802,54249,49553,102143,53629,48514,1530,555,975,85,43,42,39,22,17,5,0,5,0,0,0
01,001,District - Kupwara (01),Rural,15-19,72665,36874,35791,68750,35649,33101,3812,1186,2626,70,25,45,24,12,12,9,2,7,0,0,0
01,001,District - Kupwara (01),Rural,20-24,62591,33731,28860,44486,26415,18071,17754,7138,10616,169,67,102,137,103,34,45,8,37,0,0,0
01,001,District - Kupwara (01),Rural,25-29,59160,35503,23657,20107,14062,6045,38604,21221,17383,243,111,132,121,85,36,85,24,61,0,0,0
01,001,District - Kupwara (01),Rural,30-34,49013,28168,20845,6020,4292,1728,42324,23613,18711,486,204,282,68,32,36,115,27,88,0,0,0
01,001,District - Kupwara (01),Rural,35-39,41981,22496,19485,1717,1225,492,39320,20905,18415,711,282,429,67,32,35,166,52,114,0,0,0
01,001,District - Kupwara (01),Rural,40-44,35363,19859,15504,944,670,274,33074,18727,14347,1125,408,717,84,28,56,136,26,110,0,0,0
01,001,District - Kupwara (01),Rural,45-49,26310,13818,12492,407,302,105,24410,12956,11454,1334,503,831,75,21,54,84,36,48,0,0,0
01,001,District - Kupwara (01),Rural,50-54,21205,11754,9451,364,258,106,18605,10725,7880,2076,710,1366,69,28,41,91,33,58,0,0,0
01,001,District - Kupwara (01),Rural,55-59,14348,6993,7355,194,133,61,12507,6225,6282,1580,607,973,30,12,18,37,16,21,0,0,0
01,001,District - Kupwara (01),Rural,60-64,15813,8751,7062,398,239,159,11968,7296,4672,3342,1163,2179,62,31,31,43,22,21,0,0,0
01,001,District - Kupwara (01),Rural,65-69,8777,4472,4305,296,183,113,6413,3504,2909,2025,762,1263,27,14,13,16,9,7,0,0,0
01,001,District - Kupwara (01),Rural,70-74,9188,5107,4081,278,142,136,5452,3677,1775,3371,1244,2127,57,32,25,30,12,18,0,0,0
01,001,District - Kupwara (01),Rural,75-79,3531,1823,1708,107,52,55,2170,1253,917,1225,504,721,19,10,9,10,4,6,0,0,0
01,001,District - Kupwara (01),Rural,80+,6887,3921,2966,515,297,218,3260,2215,1045,3069,1380,1689,32,21,11,11,8,3,0,0,0
01,001,District - Kupwara (01),Rural,Age not stated,1289,774,515,919,582,337,328,174,154,39,16,23,1,0,1,2,2,0,0,0,0
01,001,District - Kupwara (01),Rural,Less than 18,383423,201252,182171,380125,200083,180042,3101,1079,2022,135,60,75,53,30,23,9,0,9,0,0,0
01,001,District - Kupwara (01),Rural,Less than 21,427718,223754,203964,418902,220841,198061,8486,2774,5712,225,91,134,82,45,37,23,3,20,0,0,0
01,001,District - Kupwara (01),Urban,All ages,104729,62152,42577,62138,35004,27134,39249,25353,13896,2126,708,1418,1080,1034,46,136,53,83,0,0,0
01,001,District - Kupwara (01),Urban,0-9,27797,14784,13013,27797,14784,13013,0,0,0,0,0,0,0,0,0,0,0,0,0,0,0
01,001,District - Kupwara (01),Urban,10-14,14871,8179,6692,14576,8068,6508,272,98,174,15,8,7,7,5,2,1,0,1,0,0,0
01,001,District - Kupwara (01),Urban,15-19,9184,4999,4185,8612,4825,3787,551,164,387,13,6,7,5,2,3,3,2,1,0,0,0
01,001,District - Kupwara (01),Urban,20-24,8101,4774,3327,6012,3752,2260,1986,949,1037,30,9,21,67,64,3,6,0,6,0,0,0
01,001,District - Kupwara (01),Urban,25-29,8886,6008,2878,3181,2208,973,5262,3386,1876,30,10,20,398,396,2,15,8,7,0,0,0
01,001,District - Kupwara (01),Urban,30-34,8137,5621,2516,1021,718,303,6786,4624,2162,49,14,35,261,254,7,20,11,9,0,0,0
01,001,District - Kupwara (01),Urban,35-39,7052,4791,2261,255,192,63,6536,4411,2125,73,18,55,171,167,4,17,3,14,0,0,0
01,001,District - Kupwara (01),Urban,40-44,6378,4497,1881,154,111,43,6012,4253,1759,98,38,60,86,80,6,28,15,13,0,0,0
01,001,District - Kupwara (01),Urban,45-49,4201,2738,1463,84,55,29,3940,2591,1349,121,43,78,48,45,3,8,4,4,0,0,0
01,001,District - Kupwara (01),Urban,50-54,2939,1867,1072,52,36,16,2672,1765,907,193,56,137,11,7,4,11,3,8,0,0,0
01,001,District - Kupwara (01),Urban,55-59,1815,969,846,30,20,10,1629,895,734,147,50,97,5,3,2,4,1,3,0,0,0
01,001,District - Kupwara (01),Urban,60-64,1794,960,834,45,21,24,1413,822,591,321,114,207,5,2,3,10,1,9,0,0,0
01,001,District - Kupwara (01),Urban,65-69,1094,581,513,35,23,12,840,491,349,213,65,148,3,1,2,3,1,2,0,0,0
01,001,District - Kupwara (01),Urban,70-74,1029,568,461,29,13,16,629,434,195,362,115,247,5,3,2,4,3,1,0,0,0
01,001,District - Kupwara (01),Urban,75-79,401,206,195,14,7,7,239,152,87,144,46,98,3,1,2,1,0,1,0,0,0
01,001,District - Kupwara (01),Urban,80+,858,474,384,112,76,36,426,279,147,312,115,197,4,3,1,4,1,3,0,0,0
01,001,District - Kupwara (01),Urban,Age not stated,192,136,56,129,95,34,56,39,17,5,1,4,1,1,0,1,0,1,0,0,0
01,001,District - Kupwara (01),Urban,Less than 18,48694,26306,22388,48068,26097,21971,589,190,399,23,12,11,11,6,5,3,1,2,0,0,0
01,001,District - Kupwara (01),Urban,Less than 21,53840,29042,24798,52651,28643,24008,1131,372,759,36,15,21,16,10,6,6,2,4,0,0,0
01,002,District - Badgam (02),Total,All ages,753745,398041,355704,474509,258419,216090,256551,131097,125454,21155,7849,13306,588,302,286,942,374,568,0,0,0
01,002,District - Badgam (02),Total,0-9,214040,115893,98147,214040,115893,98147,0,0,0,0,0,0,0,0,0,0,0,0,0,0,0
01,002,District - Badgam (02),Total,10-14,94819,49723,45096,93544,49239,44305,1208,455,753,39,16,23,23,11,12,5,2,3,0,0,0
01,002,District - Badgam (02),Total,15-19,75536,38254,37282,72952,37393,35559,2489,825,1664,57,19,38,32,15,17,6,2,4,0,0,0
01,002,District - Badgam (02),Total,20-24,64695,33951,30744,53240,29700,23540,11294,4183,7111,102,47,55,33,13,20,26,8,18,0,0,0
01,002,District - Badgam (02),Total,25-29,54133,28788,25345,25928,15964,9964,27866,12665,15201,181,80,101,84,56,28,74,23,51,0,0,0
01,002,District - Badgam (02),Total,30-34,46538,24506,22032,8515,5849,2666,37486,18426,19060,359,174,185,59,22,37,119,35,84,0,0,0
01,002,District - Badgam (02),Total,35-39,44226,22700,21526,2346,1687,659,41105,20705,20400,551,222,329,67,31,36,157,55,102,0,0,0
01,002,District - Badgam (02),Total,40-44,38688,20704,17984,1047,776,271,36447,19401,17046,954,421,533,58,30,28,182,76,106,0,0,0
01,002,District - Badgam (02),Total,45-49,31481,16426,15055,488,374,114,29615,15481,14134,1227,497,730,54,32,22,97,42,55,0,0,0
01,002,District - Badgam (02),Total,50-54,24071,13209,10862,343,254,89,21652,12206,9446,1933,686,1247,48,20,28,95,43,52,0,0,0
01,002,District - Badgam (02),Total,55-59,17542,8490,9052,229,173,56,15606,7674,7932,1637,615,1022,30,11,19,40,17,23,0,0,0
01,002,District - Badgam (02),Total,60-64,17521,9644,7877,354,227,127,13698,8166,5532,3392,1213,2179,33,20,13,44,18,26,0,0,0
01,002,District - Badgam (02),Total,65-69,10596,5247,5349,268,159,109,7789,4214,3575,2489,848,1641,20,10,10,30,16,14,0,0,0
01,002,District - Badgam (02),Total,70-74,9795,5257,4538,276,149,127,5634,3789,1845,3816,1273,2543,25,17,8,44,29,15,0,0,0
01,002,District - Badgam (02),Total,75-79,3941,1940,2001,116,78,38,2187,1268,919,1620,583,1037,9,7,2,9,4,5,0,0,0
01,002,District - Badgam (02),Total,80+,5512,2919,2593,357,205,152,2345,1555,790,2786,1150,1636,12,6,6,12,3,9,0,0,0
01,002,District - Badgam (02),Total,Age not stated,611,390,221,466,299,167,130,84,46,12,5,7,1,1,0,2,1,1,0,0,0
01,002,District - Badgam (02),Total,Less than 18,355335,189127,166208,352865,188213,164652,2339,860,1479,79,29,50,44,22,22,8,3,5,0,0,0
01,002,District - Badgam (02),Total,Less than 21,402375,213065,189310,396635,211110,185525,5533,1876,3657,128,48,80,64,27,37,15,4,11,0,0,0
01,002,District - Badgam (02),Rural,All ages,655833,343385,312448,420755,228316,192439,215328,107472,107856,18380,6989,11391,526,265,261,844,343,501,0,0,0
01,002,District - Badgam (02),Rural,0-9,193786,104957,88829,193786,104957,88829,0,0,0,0,0,0,0,0,0,0,0,0,0,0,0
01,002,District - Badgam (02),Rural,10-14,85186,44698,40488,84063,44272,39791,1069,402,667,30,12,18,19,10,9,5,2,3,0,0,0
01,002,District - Badgam (02),Rural,15-19,66518,33674,32844,64258,32928,31330,2171,713,1458,53,17,36,30,14,16,6,2,4,0,0,0
01,002,District - Badgam (02),Rural,20-24,54796,28237,26559,45068,24791,20277,9587,3381,6206,91,45,46,28,12,16,22,8,14,0,0,0
01,002,District - Badgam (02),Rural,25-29,44262,22543,21719,21346,12907,8439,22614,9492,13122,158,69,89,76,53,23,68,22,46,0,0,0
01,002,District - Badgam (02),Rural,30-34,38191,19452,18739,6986,4797,2189,30750,14461,16289,297,147,150,50,16,34,108,31,77,0,0,0
01,002,District - Badgam (02),Rural,35-39,36950,18510,18440,1924,1402,522,34344,16836,17508,477,195,282,62,27,35,143,50,93,0,0,0
01,002,District - Badgam (02),Rural,40-44,32394,17017,15377,868,647,221,30486,15895,14591,830,384,446,51,24,27,159,67,92,0,0,0
01,002,District - Badgam (02),Rural,45-49,26782,13768,13014,408,313,95,25132,12933,12199,1104,456,648,47,26,21,91,40,51,0,0,0
01,002,District - Badgam (02),Rural,50-54,20841,11398,9443,284,211,73,18707,10508,8199,1720,618,1102,45,19,26,85,42,43,0,0,0
01,002,District - Badgam (02),Rural,55-59,14930,7253,7677,194,147,47,13256,6537,6719,1415,543,872,30,11,19,35,15,20,0,0,0
01,002,District - Badgam (02),Rural,60-64,15065,8308,6757,308,197,111,11736,6982,4754,2948,1093,1855,31,19,12,42,17,25,0,0,0
01,002,District - Badgam (02),Rural,65-69,9091,4517,4574,228,130,98,6712,3627,3085,2111,739,1372,16,8,8,24,13,11,0,0,0
01,002,District - Badgam (02),Rural,70-74,8463,4572,3891,235,127,108,4820,3263,1557,3349,1141,2208,22,15,7,37,26,11,0,0,0
01,002,District - Badgam (02),Rural,75-79,3319,1625,1694,96,65,31,1839,1051,788,1369,500,869,7,5,2,8,4,4,0,0,0
01,002,District - Badgam (02),Rural,80+,4735,2520,2215,287,156,131,2006,1329,677,2422,1027,1395,11,5,6,9,3,6,0,0,0
01,002,District - Badgam (02),Rural,Age not stated,524,336,188,416,269,147,99,62,37,6,3,3,1,1,0,2,1,1,0,0,0
01,002,District - Badgam (02),Rural,Less than 18,320164,170535,149629,318000,169735,148265,2050,752,1298,67,24,43,39,21,18,8,3,5,0,0,0
01,002,District - Badgam (02),Rural,Less than 21,361151,191324,169827,356097,189612,166485,4873,1641,3232,112,42,70,55,25,30,14,4,10,0,0,0
01,002,District - Badgam (02),Urban,All ages,97912,54656,43256,53754,30103,23651,41223,23625,17598,2775,860,1915,62,37,25,98,31,67,0,0,0
01,002,District - Badgam (02),Urban,0-9,20254,10936,9318,20254,10936,9318,0,0,0,0,0,0,0,0,0,0,0,0,0,0,0
01,002,District - Badgam (02),Urban,10-14,9633,5025,4608,9481,4967,4514,139,53,86,9,4,5,4,1,3,0,0,0,0,0,0
01,002,District - Badgam (02),Urban,15-19,9018,4580,4438,8694,4465,4229,318,112,206,4,2,2,2,1,1,0,0,0,0,0,0
01,002,District - Badgam (02),Urban,20-24,9899,5714,4185,8172,4909,3263,1707,802,905,11,2,9,5,1,4,4,0,4,0,0,0
01,002,District - Badgam (02),Urban,25-29,9871,6245,3626,4582,3057,1525,5252,3173,2079,23,11,12,8,3,5,6,1,5,0,0,0
01,002,District - Badgam (02),Urban,30-34,8347,5054,3293,1529,1052,477,6736,3965,2771,62,27,35,9,6,3,11,4,7,0,0,0
01,002,District - Badgam (02),Urban,35-39,7276,4190,3086,422,285,137,6761,3869,2892,74,27,47,5,4,1,14,5,9,0,0,0
01,002,District - Badgam (02),Urban,40-44,6294,3687,2607,179,129,50,5961,3506,2455,124,37,87,7,6,1,23,9,14,0,0,0
01,002,District - Badgam (02),Urban,45-49,4699,2658,2041,80,61,19,4483,2548,1935,123,41,82,7,6,1,6,2,4,0,0,0
01,002,District - Badgam (02),Urban,50-54,3230,1811,1419,59,43,16,2945,1698,1247,213,68,145,3,1,2,10,1,9,0,0,0
01,002,District - Badgam (02),Urban,55-59,2612,1237,1375,35,26,9,2350,1137,1213,222,72,150,0,0,0,5,2,3,0,0,0
01,002,District - Badgam (02),Urban,60-64,2456,1336,1120,46,30,16,1962,1184,778,444,120,324,2,1,1,2,1,1,0,0,0
01,002,District - Badgam (02),Urban,65-69,1505,730,775,40,29,11,1077,587,490,378,109,269,4,2,2,6,3,3,0,0,0
01,002,District - Badgam (02),Urban,70-74,1332,685,647,41,22,19,814,526,288,467,132,335,3,2,1,7,3,4,0,0,0
01,002,District - Badgam (02),Urban,75-79,622,315,307,20,13,7,348,217,131,251,83,168,2,2,0,1,0,1,0,0,0
01,002,District - Badgam (02),Urban,80+,777,399,378,70,49,21,339,226,113,364,123,241,1,1,0,3,0,3,0,0,0
01,002,District - Badgam (02),Urban,Age not stated,87,54,33,50,30,20,31,22,9,6,2,4,0,0,0,0,0,0,0,0,0
01,002,District - Badgam (02),Urban,Less than 18,35171,18592,16579,34865,18478,16387,289,108,181,12,5,7,5,1,4,0,0,0,0,0,0
01,002,District - Badgam (02),Urban,Less than 21,41224,21741,19483,40538,21498,19040,660,235,425,16,6,10,9,2,7,1,0,1,0,0,0
01,003,District - Leh(Ladakh) (03),Total,All ages,133487,78971,54516,61060,34634,26426,67094,42402,24692,3943,1422,2521,791,343,448,599,170,429,0,0,0
01,003,District - Leh(Ladakh) (03),Total,0-9,17276,8869,8407,17276,8869,8407,0,0,0,0,0,0,0,0,0,0,0,0,0,0,0
01,003,District - Leh(Ladakh) (03),Total,10-14,10053,5188,4865,9870,5102,4768,173,80,93,5,2,3,5,4,1,0,0,0,0,0,0
01,003,District - Leh(Ladakh) (03),Total,15-19,10245,5179,5066,9790,4998,4792,436,174,262,6,1,5,9,4,5,4,2,2,0,0,0
01,003,District - Leh(Ladakh) (03),Total,20-24,14428,9031,5397,10763,6908,3855,3572,2080,1492,20,10,10,48,24,24,25,9,16,0,0,0
01,003,District - Leh(Ladakh) (03),Total,25-29,18701,13083,5618,6933,4764,2169,11544,8219,3325,48,17,31,121,71,50,55,12,43,0,0,0
01,003,District - Leh(Ladakh) (03),Total,30-34,14480,9701,4779,2191,1320,871,12094,8317,3777,62,18,44,73,30,43,60,16,44,0,0,0
01,003,District - Leh(Ladakh) (03),Total,35-39,11230,7011,4219,994,594,400,9951,6334,3617,103,24,79,88,35,53,94,24,70,0,0,0
01,003,District - Leh(Ladakh) (03),Total,40-44,9082,5680,3402,620,384,236,8164,5220,2944,137,34,103,77,26,51,84,16,68,0,0,0
01,003,District - Leh(Ladakh) (03),Total,45-49,6723,3985,2738,479,305,174,5914,3583,2331,186,47,139,69,26,43,75,24,51,0,0,0
01,003,District - Leh(Ladakh) (03),Total,50-54,5145,2688,2457,394,259,135,4326,2302,2024,309,90,219,56,18,38,60,19,41,0,0,0
01,003,District - Leh(Ladakh) (03),Total,55-59,4135,2159,1976,310,202,108,3361,1806,1555,363,119,244,56,19,37,45,13,32,0,0,0
01,003,District - Leh(Ladakh) (03),Total,60-64,3606,1870,1736,309,194,115,2739,1493,1246,474,147,327,52,22,30,32,14,18,0,0,0
01,003,District - Leh(Ladakh) (03),Total,65-69,2517,1351,1166,275,172,103,1700,976,724,472,182,290,45,14,31,25,7,18,0,0,0
01,003,District - Leh(Ladakh) (03),Total,70-74,2245,1165,1080,243,160,83,1350,748,602,602,234,368,30,16,14,20,7,13,0,0,0
01,003,District - Leh(Ladakh) (03),Total,75-79,1437,766,671,157,87,70,784,464,320,462,196,266,25,14,11,9,5,4,0,0,0
01,003,District - Leh(Ladakh) (03),Total,80+,1934,1060,874,311,203,108,885,536,349,692,300,392,35,19,16,11,2,9,0,0,0
01,003,District - Leh(Ladakh) (03),Total,Age not stated,250,185,65,145,113,32,101,70,31,2,1,1,2,1,1,0,0,0,0,0,0
01,003,District - Leh(Ladakh) (03),Total,Less than 18,33496,17145,16351,33124,16978,16146,352,156,196,9,3,6,9,7,2,2,1,1,0,0,0
01,003,District - Leh(Ladakh) (03),Total,Less than 21,40033,20531,19502,39081,20147,18934,914,368,546,16,5,11,17,8,9,5,3,2,0,0,0
01,003,District - Leh(Ladakh) (03),Rural,All ages,87816,48411,39405,42595,23259,19336,41304,23721,17583,3001,1123,1878,522,203,319,394,105,289,0,0,0
01,003,District - Leh(Ladakh) (03),Rural,0-9,12904,6667,6237,12904,6667,6237,0,0,0,0,0,0,0,0,0,0,0,0,0,0,0
01,003,District - Leh(Ladakh) (03),Rural,10-14,7212,3706,3506,7074,3645,3429,132,59,73,4,1,3,2,1,1,0,0,0,0,0,0
01,003,District - Leh(Ladakh) (03),Rural,15-19,7388,3664,3724,7057,3536,3521,314,122,192,5,1,4,8,3,5,4,2,2,0,0,0
01,003,District - Leh(Ladakh) (03),Rural,20-24,8822,4918,3904,6576,3853,2723,2178,1033,1145,11,6,5,38,19,19,19,7,12,0,0,0
01,003,District - Leh(Ladakh) (03),Rural,25-29,10777,6739,4038,4221,2702,1519,6407,3977,2430,34,12,22,74,39,35,41,9,32,0,0,0
01,003,District - Leh(Ladakh) (03),Rural,30-34,8738,5315,3423,1507,842,665,7109,4438,2671,42,11,31,40,15,25,40,9,31,0,0,0
01,003,District - Leh(Ladakh) (03),Rural,35-39,6779,3944,2835,759,446,313,5838,3446,2392,74,20,54,51,19,32,57,13,44,0,0,0
01,003,District - Leh(Ladakh) (03),Rural,40-44,5334,3002,2332,466,283,183,4667,2671,1996,94,23,71,51,14,37,56,11,45,0,0,0
01,003,District - Leh(Ladakh) (03),Rural,45-49,4347,2446,1901,373,238,135,3772,2154,1618,124,30,94,36,9,27,42,15,27,0,0,0
01,003,District - Leh(Ladakh) (03),Rural,50-54,3617,1841,1776,304,203,101,3010,1552,1458,223,68,155,37,7,30,43,11,32,0,0,0
01,003,District - Leh(Ladakh) (03),Rural,55-59,2962,1512,1450,240,149,91,2378,1249,1129,274,94,180,37,10,27,33,10,23,0,0,0
01,003,District - Leh(Ladakh) (03),Rural,60-64,2701,1373,1328,253,154,99,2012,1072,940,379,127,252,39,14,25,18,6,12,0,0,0
01,003,District - Leh(Ladakh) (03),Rural,65-69,1899,981,918,231,141,90,1261,688,573,361,138,223,33,12,21,13,2,11,0,0,0
01,003,District - Leh(Ladakh) (03),Rural,70-74,1699,878,821,194,126,68,992,539,453,473,196,277,25,13,12,15,4,11,0,0,0
01,003,District - Leh(Ladakh) (03),Rural,75-79,1038,536,502,124,62,62,529,307,222,358,152,206,21,11,10,6,4,2,0,0,0
01,003,District - Leh(Ladakh) (03),Rural,80+,1440,778,662,230,152,78,632,365,267,543,243,300,28,16,12,7,2,5,0,0,0
01,003,District - Leh(Ladakh) (03),Rural,Age not stated,159,111,48,82,60,22,73,49,24,2,1,1,2,1,1,0,0,0,0,0,0
01,003,District - Leh(Ladakh) (03),Rural,Less than 18,24591,12575,12016,24323,12457,11866,254,112,142,7,2,5,5,3,2,2,1,1,0,0,0
01,003,District - Leh(Ladakh) (03),Rural,Less than 21,29208,14883,14325,28501,14611,13890,679,262,417,10,3,7,13,4,9,5,3,2,0,0,0
01,003,District - Leh(Ladakh) (03),Urban,All ages,45671,30560,15111,18465,11375,7090,25790,18681,7109,942,299,643,269,140,129,205,65,140,0,0,0
01,003,District - Leh(Ladakh) (03),Urban,0-9,4372,2202,2170,4372,2202,2170,0,0,0,0,0,0,0,0,0,0,0,0,0,0,0
01,003,District - Leh(Ladakh) (03),Urban,10-14,2841,1482,1359,2796,1457,1339,41,21,20,1,1,0,3,3,0,0,0,0,0,0,0
01,003,District - Leh(Ladakh) (03),Urban,15-19,2857,1515,1342,2733,1462,1271,122,52,70,1,0,1,1,1,0,0,0,0,0,0,0
01,003,District - Leh(Ladakh) (03),Urban,20-24,5606,4113,1493,4187,3055,1132,1394,1047,347,9,4,5,10,5,5,6,2,4,0,0,0
01,003,District - Leh(Ladakh) (03),Urban,25-29,7924,6344,1580,2712,2062,650,5137,4242,895,14,5,9,47,32,15,14,3,11,0,0,0
01,003,District - Leh(Ladakh) (03),Urban,30-34,5742,4386,1356,684,478,206,4985,3879,1106,20,7,13,33,15,18,20,7,13,0,0,0
01,003,District - Leh(Ladakh) (03),Urban,35-39,4451,3067,1384,235,148,87,4113,2888,1225,29,4,25,37,16,21,37,11,26,0,0,0
01,003,District - Leh(Ladakh) (03),Urban,40-44,3748,2678,1070,154,101,53,3497,2549,948,43,11,32,26,12,14,28,5,23,0,0,0
01,003,District - Leh(Ladakh) (03),Urban,45-49,2376,1539,837,106,67,39,2142,1429,713,62,17,45,33,17,16,33,9,24,0,0,0
01,003,District - Leh(Ladakh) (03),Urban,50-54,1528,847,681,90,56,34,1316,750,566,86,22,64,19,11,8,17,8,9,0,0,0
01,003,District - Leh(Ladakh) (03),Urban,55-59,1173,647,526,70,53,17,983,557,426,89,25,64,19,9,10,12,3,9,0,0,0
01,003,District - Leh(Ladakh) (03),Urban,60-64,905,497,408,56,40,16,727,421,306,95,20,75,13,8,5,14,8,6,0,0,0
01,003,District - Leh(Ladakh) (03),Urban,65-69,618,370,248,44,31,13,439,288,151,111,44,67,12,2,10,12,5,7,0,0,0
01,003,District - Leh(Ladakh) (03),Urban,70-74,546,287,259,49,34,15,358,209,149,129,38,91,5,3,2,5,3,2,0,0,0
01,003,District - Leh(Ladakh) (03),Urban,75-79,399,230,169,33,25,8,255,157,98,104,44,60,4,3,1,3,1,2,0,0,0
01,003,District - Leh(Ladakh) (03),Urban,80+,494,282,212,81,51,30,253,171,82,149,57,92,7,3,4,4,0,4,0,0,0
01,003,District - Leh(Ladakh) (03),Urban,Age not stated,91,74,17,63,53,10,28,21,7,0,0,0,0,0,0,0,0,0,0,0,0
01,003,District - Leh(Ladakh) (03),Urban,Less than 18,8905,4570,4335,8801,4521,4280,98,44,54,2,1,1,4,4,0,0,0,0,0,0,0
01,003,District - Leh(Ladakh) (03),Urban,Less than 21,10825,5648,5177,10580,5536,5044,235,106,129,6,2,4,4,4,0,0,0,0,0,0,0
01,004,District - Kargil (04),Total,All ages,140802,77785,63017,76493,41277,35216,59351,34173,25178,4155,1991,2164,291,127,164,512,217,295,0,0,0
01,004,District - Kargil (04),Total,0-9,28305,14337,13968,28305,14337,13968,0,0,0,0,0,0,0,0,0,0,0,0,0,0,0
01,004,District - Kargil (04),Total,10-14,14554,7630,6924,14330,7523,6807,218,103,115,4,3,1,2,1,1,0,0,0,0,0,0
01,004,District - Kargil (04),Total,15-19,13918,6975,6943,13247,6742,6505,645,227,418,11,2,9,6,0,6,9,4,5,0,0,0
01,004,District - Kargil (04),Total,20-24,15109,8212,6897,11216,6519,4697,3813,1662,2151,31,14,17,16,7,9,33,10,23,0,0,0
01,004,District - Kargil (04),Total,25-29,15646,9613,6033,5764,3782,1982,9728,5769,3959,51,26,25,29,11,18,74,25,49,0,0,0
01,004,District - Kargil (04),Total,30-34,11984,7521,4463,1623,1076,547,10160,6367,3793,78,34,44,44,18,26,79,26,53,0,0,0
01,004,District - Kargil (04),Total,35-39,9455,5609,3846,553,361,192,8676,5150,3526,105,53,52,28,8,20,93,37,56,0,0,0
01,004,District - Kargil (04),Total,40-44,7558,4452,3106,337,209,128,6975,4120,2855,163,84,79,25,11,14,58,28,30,0,0,0
01,004,District - Kargil (04),Total,45-49,6564,3615,2949,207,125,82,6021,3337,2684,246,110,136,32,13,19,58,30,28,0,0,0
01,004,District - Kargil (04),Total,50-54,4871,2660,2211,159,110,49,4294,2348,1946,355,164,191,24,14,10,39,24,15,0,0,0
01,004,District - Kargil (04),Total,55-59,3186,1777,1409,124,85,39,2722,1539,1183,307,137,170,15,6,9,18,10,8,0,0,0
01,004,District - Kargil (04),Total,60-64,3365,1779,1586,143,99,44,2560,1397,1163,628,269,359,15,6,9,19,8,11,0,0,0
01,004,District - Kargil (04),Total,65-69,2085,1153,932,89,44,45,1448,861,587,515,234,281,21,9,12,12,5,7,0,0,0
01,004,District - Kargil (04),Total,70-74,1985,1111,874,92,60,32,1145,683,462,723,354,369,18,10,8,7,4,3,0,0,0
01,004,District - Kargil (04),Total,75-79,900,525,375,49,26,23,434,271,163,405,223,182,5,4,1,7,1,6,0,0,0
01,004,District - Kargil (04),Total,80+,1096,636,460,118,67,51,433,275,158,529,281,248,11,9,2,5,4,1,0,0,0
01,004,District - Kargil (04),Total,Age not stated,221,180,41,137,112,25,79,64,15,4,3,1,0,0,0,1,1,0,0,0,0
01,004,District - Kargil (04),Total,Less than 18,51255,26203,25052,50745,25995,24750,492,202,290,12,5,7,4,1,3,2,0,2,0,0,0
01,004,District - Kargil (04),Total,Less than 21,60107,30599,29508,58700,30102,28598,1365,484,881,19,7,12,10,1,9,13,5,8,0,0,0
01,004,District - Kargil (04),Rural,All ages,124464,67703,56761,68713,36801,31912,51231,28718,22513,3790,1862,1928,264,119,145,466,203,263,0,0,0
01,004,District - Kargil (04),Rural,0-9,26006,13161,12845,26006,13161,12845,0,0,0,0,0,0,0,0,0,0,0,0,0,0,0
01,004,District - Kargil (04),Rural,10-14,13309,6928,6381,13119,6840,6279,185,85,100,3,2,1,2,1,1,0,0,0,0,0,0
01,004,District - Kargil (04),Rural,15-19,12489,6264,6225,11880,6054,5826,584,204,380,11,2,9,5,0,5,9,4,5,0,0,0
01,004,District - Kargil (04),Rural,20-24,13256,7044,6212,9776,5596,4180,3406,1419,1987,28,14,14,14,6,8,32,9,23,0,0,0
01,004,District - Kargil (04),Rural,25-29,13137,7848,5289,4731,3066,1665,8264,4726,3538,45,22,23,27,10,17,70,24,46,0,0,0
01,004,District - Kargil (04),Rural,30-34,10191,6277,3914,1335,882,453,8669,5323,3346,75,32,43,40,15,25,72,25,47,0,0,0
01,004,District - Kargil (04),Rural,35-39,7965,4597,3368,481,310,171,7281,4197,3084,91,48,43,25,8,17,87,34,53,0,0,0
01,004,District - Kargil (04),Rural,40-44,6524,3742,2782,314,194,120,5994,3434,2560,146,78,68,23,11,12,47,25,22,0,0,0
01,004,District - Kargil (04),Rural,45-49,5783,3103,2680,198,119,79,5277,2835,2442,225,106,119,30,13,17,53,30,23,0,0,0
01,004,District - Kargil (04),Rural,50-54,4337,2345,1992,155,107,48,3798,2046,1752,327,157,170,23,13,10,34,22,12,0,0,0
01,004,District - Kargil (04),Rural,55-59,2811,1566,1245,120,84,36,2390,1341,1049,272,125,147,12,6,6,17,10,7,0,0,0
01,004,District - Kargil (04),Rural,60-64,2966,1570,1396,136,95,41,2248,1218,1030,552,243,309,13,6,7,17,8,9,0,0,0
01,004,District - Kargil (04),Rural,65-69,1865,1029,836,86,42,44,1283,758,525,466,216,250,20,9,11,10,4,6,0,0,0
01,004,District - Kargil (04),Rural,70-74,1816,1028,788,89,59,30,1026,613,413,678,342,336,16,10,6,7,4,3,0,0,0
01,004,District - Kargil (04),Rural,75-79,826,475,351,49,26,23,381,231,150,385,214,171,4,3,1,7,1,6,0,0,0
01,004,District - Kargil (04),Rural,80+,984,563,421,113,63,50,376,232,144,482,258,224,10,8,2,3,2,1,0,0,0
01,004,District - Kargil (04),Rural,Age not stated,199,163,36,125,103,22,69,56,13,4,3,1,0,0,0,1,1,0,0,0,0
01,004,District - Kargil (04),Rural,Less than 18,46858,23893,22965,46413,23711,22702,428,177,251,11,4,7,4,1,3,2,0,2,0,0,0
01,004,District - Kargil (04),Rural,Less than 21,54800,27826,26974,53535,27388,26147,1226,426,800,17,6,11,9,1,8,13,5,8,0,0,0
01,004,District - Kargil (04),Urban,All ages,16338,10082,6256,7780,4476,3304,8120,5455,2665,365,129,236,27,8,19,46,14,32,0,0,0
01,004,District - Kargil (04),Urban,0-9,2299,1176,1123,2299,1176,1123,0,0,0,0,0,0,0,0,0,0,0,0,0,0,0
01,004,District - Kargil (04),Urban,10-14,1245,702,543,1211,683,528,33,18,15,1,1,0,0,0,0,0,0,0,0,0,0
01,004,District - Kargil (04),Urban,15-19,1429,711,718,1367,688,679,61,23,38,0,0,0,1,0,1,0,0,0,0,0,0
01,004,District - Kargil (04),Urban,20-24,1853,1168,685,1440,923,517,407,243,164,3,0,3,2,1,1,1,1,0,0,0,0
01,004,District - Kargil (04),Urban,25-29,2509,1765,744,1033,716,317,1464,1043,421,6,4,2,2,1,1,4,1,3,0,0,0
01,004,District - Kargil (04),Urban,30-34,1793,1244,549,288,194,94,1491,1044,447,3,2,1,4,3,1,7,1,6,0,0,0
01,004,District - Kargil (04),Urban,35-39,1490,1012,478,72,51,21,1395,953,442,14,5,9,3,0,3,6,3,3,0,0,0
01,004,District - Kargil (04),Urban,40-44,1034,710,324,23,15,8,981,686,295,17,6,11,2,0,2,11,3,8,0,0,0
01,004,District - Kargil (04),Urban,45-49,781,512,269,9,6,3,744,502,242,21,4,17,2,0,2,5,0,5,0,0,0
01,004,District - Kargil (04),Urban,50-54,534,315,219,4,3,1,496,302,194,28,7,21,1,1,0,5,2,3,0,0,0
01,004,District - Kargil (04),Urban,55-59,375,211,164,4,1,3,332,198,134,35,12,23,3,0,3,1,0,1,0,0,0
01,004,District - Kargil (04),Urban,60-64,399,209,190,7,4,3,312,179,133,76,26,50,2,0,2,2,0,2,0,0,0
01,004,District - Kargil (04),Urban,65-69,220,124,96,3,2,1,165,103,62,49,18,31,1,0,1,2,1,1,0,0,0
01,004,District - Kargil (04),Urban,70-74,169,83,86,3,1,2,119,70,49,45,12,33,2,0,2,0,0,0,0,0,0
01,004,District - Kargil (04),Urban,75-79,74,50,24,0,0,0,53,40,13,20,9,11,1,1,0,0,0,0,0,0,0
01,004,District - Kargil (04),Urban,80+,112,73,39,5,4,1,57,43,14,47,23,24,1,1,0,2,2,0,0,0,0
01,004,District - Kargil (04),Urban,Age not stated,22,17,5,12,9,3,10,8,2,0,0,0,0,0,0,0,0,0,0,0,0
01,004,District - Kargil (04),Urban,Less than 18,4397,2310,2087,4332,2284,2048,64,25,39,1,1,0,0,0,0,0,0,0,0,0,0
01,004,District - Kargil (04),Urban,Less than 21,5307,2773,2534,5165,2714,2451,139,58,81,2,1,1,1,0,1,0,0,0,0,0,0
01,005,District - Punch (05),Total,All ages,476835,251899,224936,258467,143174,115293,203045,103902,99143,13844,4368,9476,570,206,364,909,249,660,0,0,0
01,005,District - Punch (05),Total,0-9,118271,62204,56067,118271,62204,56067,0,0,0,0,0,0,0,0,0,0,0,0,0,0,0
01,005,District - Punch (05),Total,10-14,59990,31410,28580,59082,31055,28027,868,338,530,23,7,16,15,10,5,2,0,2,0,0,0
01,005,District - Punch (05),Total,15-19,46812,24654,22158,42502,23573,18929,4246,1055,3191,33,14,19,17,10,7,14,2,12,0,0,0
01,005,District - Punch (05),Total,20-24,40067,20913,19154,22067,14901,7166,17756,5946,11810,113,34,79,33,12,21,98,20,78,0,0,0
01,005,District - Punch (05),Total,25-29,39839,21838,18001,9708,7173,2535,29723,14533,15190,220,71,149,48,27,21,140,34,106,0,0,0
01,005,District - Punch (05),Total,30-34,34237,18423,15814,3227,2251,976,30480,16016,14464,344,101,243,39,12,27,147,43,104,0,0,0
01,005,District - Punch (05),Total,35-39,29260,15092,14168,1179,722,457,27509,14225,13284,416,99,317,47,14,33,109,32,77,0,0,0
01,005,District - Punch (05),Total,40-44,25675,13543,12132,682,345,337,24151,13004,11147,674,157,517,59,14,45,109,23,86,0,0,0
01,005,District - Punch (05),Total,45-49,20646,10462,10184,323,163,160,19359,10064,9295,823,199,624,61,13,48,80,23,57,0,0,0
01,005,District - Punch (05),Total,50-54,16817,8974,7843,254,118,136,15178,8553,6625,1245,267,978,68,17,51,72,19,53,0,0,0
01,005,District - Punch (05),Total,55-59,11088,5531,5557,132,68,64,9917,5174,4743,962,263,699,37,9,28,40,17,23,0,0,0
01,005,District - Punch (05),Total,60-64,11631,6312,5319,171,87,84,9446,5658,3788,1926,541,1385,46,14,32,42,12,30,0,0,0
01,005,District - Punch (05),Total,65-69,6523,3497,3026,100,49,51,5137,3002,2135,1252,428,824,23,12,11,11,6,5,0,0,0
01,005,District - Punch (05),Total,70-74,6797,3877,2920,75,34,41,4482,3096,1386,2175,721,1454,38,17,21,27,9,18,0,0,0
01,005,District - Punch (05),Total,75-79,2792,1487,1305,29,15,14,1802,1094,708,940,367,573,12,7,5,9,4,5,0,0,0
01,005,District - Punch (05),Total,80+,5686,3254,2432,193,112,81,2776,2028,748,2681,1091,1590,27,18,9,9,5,4,0,0,0
01,005,District - Punch (05),Total,Age not stated,704,428,276,472,304,168,215,116,99,17,8,9,0,0,0,0,0,0,0,0,0
01,005,District - Punch (05),Total,Less than 18,207596,109140,98456,205250,108372,96878,2270,735,1535,41,14,27,27,18,9,8,1,7,0,0,0
01,005,District - Punch (05),Total,Less than 21,235926,123648,112278,226848,121238,105610,8917,2351,6566,84,29,55,40,23,17,37,7,30,0,0,0
01,005,District - Punch (05),Rural,All ages,438205,229774,208431,239434,131926,107508,184869,93336,91533,12517,4091,8426,515,187,328,870,234,636,0,0,0
01,005,District - Punch (05),Rural,0-9,111779,58712,53067,111779,58712,53067,0,0,0,0,0,0,0,0,0,0,0,0,0,0,0
01,005,District - Punch (05),Rural,10-14,55907,29133,26774,55044,28796,26248,827,322,505,20,6,14,14,9,5,2,0,2,0,0,0
01,005,District - Punch (05),Rural,15-19,43330,22841,20489,39244,21808,17436,4027,1009,3018,32,14,18,15,9,6,12,1,11,0,0,0
01,005,District - Punch (05),Rural,20-24,36483,18698,17785,19414,13038,6376,16833,5597,11236,109,32,77,29,11,18,98,20,78,0,0,0
01,005,District - Punch (05),Rural,25-29,35914,19219,16695,8229,6044,2185,27297,13048,14249,208,68,140,45,26,19,135,33,102,0,0,0
01,005,District - Punch (05),Rural,30-34,30733,16153,14580,2695,1860,835,27539,14145,13394,324,97,227,34,11,23,141,40,101,0,0,0
01,005,District - Punch (05),Rural,35-39,26416,13443,12973,963,572,391,24934,12736,12198,375,92,283,40,13,27,104,30,74,0,0,0
01,005,District - Punch (05),Rural,40-44,23100,12111,10989,568,281,287,21759,11647,10112,622,152,470,49,9,40,102,22,80,0,0,0
01,005,District - Punch (05),Rural,45-49,18417,9238,9179,260,125,135,17291,8889,8402,735,192,543,55,12,43,76,20,56,0,0,0
01,005,District - Punch (05),Rural,50-54,15052,8034,7018,209,105,104,13611,7644,5967,1102,252,850,61,14,47,69,19,50,0,0,0
01,005,District - Punch (05),Rural,55-59,9887,4918,4969,111,61,50,8847,4583,4264,856,250,606,35,9,26,38,15,23,0,0,0
01,005,District - Punch (05),Rural,60-64,10604,5758,4846,141,72,69,8624,5149,3475,1754,511,1243,44,14,30,41,12,29,0,0,0
01,005,District - Punch (05),Rural,65-69,5926,3165,2761,84,39,45,4686,2715,1971,1125,394,731,22,12,10,9,5,4,0,0,0
01,005,District - Punch (05),Rural,70-74,6261,3591,2670,68,31,37,4151,2862,1289,1982,675,1307,35,15,20,25,8,17,0,0,0
01,005,District - Punch (05),Rural,75-79,2523,1359,1164,27,13,14,1661,1005,656,814,330,484,12,7,5,9,4,5,0,0,0
01,005,District - Punch (05),Rural,80+,5250,3023,2227,182,104,78,2590,1880,710,2444,1018,1426,25,16,9,9,5,4,0,0,0
01,005,District - Punch (05),Rural,Age not stated,623,378,245,416,265,151,192,105,87,15,8,7,0,0,0,0,0,0,0,0,0
01,005,District - Punch (05),Rural,Less than 18,194910,102271,92639,192691,101537,91154,2150,704,1446,37,13,24,25,17,8,7,0,7,0,0,0
01,005,District - Punch (05),Rural,Less than 21,221072,115621,105451,212420,113308,99112,8504,2259,6245,78,27,51,35,21,14,35,6,29,0,0,0
01,005,District - Punch (05),Urban,All ages,38630,22125,16505,19033,11248,7785,18176,10566,7610,1327,277,1050,55,19,36,39,15,24,0,0,0
01,005,District - Punch (05),Urban,0-9,6492,3492,3000,6492,3492,3000,0,0,0,0,0,0,0,0,0,0,0,0,0,0,0
01,005,District - Punch (05),Urban,10-14,4083,2277,1806,4038,2259,1779,41,16,25,3,1,2,1,1,0,0,0,0,0,0,0
01,005,District - Punch (05),Urban,15-19,3482,1813,1669,3258,1765,1493,219,46,173,1,0,1,2,1,1,2,1,1,0,0,0
01,005,District - Punch (05),Urban,20-24,3584,2215,1369,2653,1863,790,923,349,574,4,2,2,4,1,3,0,0,0,0,0,0
01,005,District - Punch (05),Urban,25-29,3925,2619,1306,1479,1129,350,2426,1485,941,12,3,9,3,1,2,5,1,4,0,0,0
01,005,District - Punch (05),Urban,30-34,3504,2270,1234,532,391,141,2941,1871,1070,20,4,16,5,1,4,6,3,3,0,0,0
01,005,District - Punch (05),Urban,35-39,2844,1649,1195,216,150,66,2575,1489,1086,41,7,34,7,1,6,5,2,3,0,0,0
01,005,District - Punch (05),Urban,40-44,2575,1432,1143,114,64,50,2392,1357,1035,52,5,47,10,5,5,7,1,6,0,0,0
01,005,District - Punch (05),Urban,45-49,2229,1224,1005,63,38,25,2068,1175,893,88,7,81,6,1,5,4,3,1,0,0,0
01,005,District - Punch (05),Urban,50-54,1765,940,825,45,13,32,1567,909,658,143,15,128,7,3,4,3,0,3,0,0,0
01,005,District - Punch (05),Urban,55-59,1201,613,588,21,7,14,1070,591,479,106,13,93,2,0,2,2,2,0,0,0,0
01,005,District - Punch (05),Urban,60-64,1027,554,473,30,15,15,822,509,313,172,30,142,2,0,2,1,0,1,0,0,0
01,005,District - Punch (05),Urban,65-69,597,332,265,16,10,6,451,287,164,127,34,93,1,0,1,2,1,1,0,0,0
01,005,District - Punch (05),Urban,70-74,536,286,250,7,3,4,331,234,97,193,46,147,3,2,1,2,1,1,0,0,0
01,005,District - Punch (05),Urban,75-79,269,128,141,2,2,0,141,89,52,126,37,89,0,0,0,0,0,0,0,0,0
01,005,District - Punch (05),Urban,80+,436,231,205,11,8,3,186,148,38,237,73,164,2,2,0,0,0,0,0,0,0
01,005,District - Punch (05),Urban,Age not stated,81,50,31,56,39,17,23,11,12,2,0,2,0,0,0,0,0,0,0,0,0
01,005,District - Punch (05),Urban,Less than 18,12686,6869,5817,12559,6835,5724,120,31,89,4,1,3,2,1,1,1,1,0,0,0,0
01,005,District - Punch (05),Urban,Less than 21,14854,8027,6827,14428,7930,6498,413,92,321,6,2,4,5,2,3,2,1,1,0,0,0
01,006,District - Rajouri (06),Total,All ages,642415,345351,297064,338879,192622,146257,284202,147609,136593,17777,4555,13222,812,323,489,745,242,503,0,0,0
01,006,District - Rajouri (06),Total,0-9,151987,81033,70954,151987,81033,70954,0,0,0,0,0,0,0,0,0,0,0,0,0,0,0
01,006,District - Rajouri (06),Total,10-14,75860,39974,35886,74592,39459,35133,1188,480,708,41,19,22,34,15,19,5,1,4,0,0,0
01,006,District - Rajouri (06),Total,15-19,62417,33566,28851,57146,32329,24817,5151,1182,3969,64,27,37,36,22,14,20,6,14,0,0,0
01,006,District - Rajouri (06),Total,20-24,57680,30997,26683,32943,22953,9990,24436,7943,16493,161,49,112,61,31,30,79,21,58,0,0,0
01,006,District - Rajouri (06),Total,25-29,56959,31848,25111,14069,11154,2915,42427,20542,21885,278,89,189,70,27,43,115,36,79,0,0,0
01,006,District - Rajouri (06),Total,30-34,48683,26991,21692,4129,3138,991,43959,23675,20284,430,120,310,59,25,34,106,33,73,0,0,0
01,006,District - Rajouri (06),Total,35-39,41004,22135,18869,1192,810,382,39058,21128,17930,589,133,456,76,30,46,89,34,55,0,0,0
01,006,District - Rajouri (06),Total,40-44,34551,18804,15747,581,349,232,32941,18246,14695,880,171,709,74,18,56,75,20,55,0,0,0
01,006,District - Rajouri (06),Total,45-49,28927,15111,13816,338,203,135,27389,14676,12713,1057,190,867,69,17,52,74,25,49,0,0,0
01,006,District - Rajouri (06),Total,50-54,23057,12613,10444,214,129,85,21209,12151,9058,1484,296,1188,83,19,64,67,18,49,0,0,0
01,006,District - Rajouri (06),Total,55-59,15006,7712,7294,149,91,58,13562,7336,6226,1209,255,954,52,19,33,34,11,23,0,0,0
01,006,District - Rajouri (06),Total,60-64,14634,7645,6989,182,97,85,12075,7024,5051,2284,488,1796,64,22,42,29,14,15,0,0,0
01,006,District - Rajouri (06),Total,65-69,9391,4664,4727,129,74,55,7477,4160,3317,1723,404,1319,46,22,24,16,4,12,0,0,0
01,006,District - Rajouri (06),Total,70-74,9438,5164,4274,121,61,60,6409,4350,2059,2847,713,2134,45,28,17,16,12,4,0,0,0
01,006,District - Rajouri (06),Total,75-79,4043,2165,1878,54,27,27,2714,1747,967,1252,379,873,13,9,4,10,3,7,0,0,0
01,006,District - Rajouri (06),Total,80+,7750,4257,3493,333,209,124,3926,2814,1112,3453,1212,2241,29,18,11,9,4,5,0,0,0
01,006,District - Rajouri (06),Total,Age not stated,1028,672,356,720,506,214,281,155,126,25,10,15,1,1,0,1,0,1,0,0,0
01,006,District - Rajouri (06),Total,Less than 18,266729,141990,124739,263715,140925,122790,2879,1006,1873,74,31,43,53,26,27,8,2,6,0,0,0
01,006,District - Rajouri (06),Total,Less than 21,305101,162161,142940,293761,159260,134501,11063,2784,8279,149,59,90,87,44,43,41,14,27,0,0,0
01,006,District - Rajouri (06),Rural,All ages,590101,310748,279353,317106,178910,138196,254955,127010,127945,16581,4299,12282,746,294,452,713,235,478,0,0,0
01,006,District - Rajouri (06),Rural,0-9,144922,77168,67754,144922,77168,67754,0,0,0,0,0,0,0,0,0,0,0,0,0,0,0
01,006,District - Rajouri (06),Rural,10-14,72095,37918,34177,70886,37430,33456,1133,455,678,40,19,21,31,13,18,5,1,4,0,0,0
01,006,District - Rajouri (06),Rural,15-19,58635,31487,27148,53573,30320,23253,4946,1114,3832,62,27,35,34,20,14,20,6,14,0,0,0
01,006,District - Rajouri (06),Rural,20-24,51898,26884,25014,28909,19877,9032,22701,6912,15789,153,46,107,57,28,29,78,21,57,0,0,0
01,006,District - Rajouri (06),Rural,25-29,49263,25897,23366,11701,9187,2514,37128,16570,20558,260,80,180,65,24,41,109,36,73,0,0,0
01,006,District - Rajouri (06),Rural,30-34,42124,21961,20163,3607,2743,864,37971,19056,18915,394,108,286,50,22,28,102,32,70,0,0,0
01,006,District - Rajouri (06),Rural,35-39,36027,18635,17392,1031,699,332,34315,17758,16557,533,121,412,68,26,42,80,31,49,0,0,0
01,006,District - Rajouri (06),Rural,40-44,30456,15884,14572,512,303,209,28997,15389,13608,808,156,652,65,16,49,74,20,54,0,0,0
01,006,District - Rajouri (06),Rural,45-49,26100,13300,12800,292,173,119,24708,12909,11799,967,179,788,62,14,48,71,25,46,0,0,0
01,006,District - Rajouri (06),Rural,50-54,21234,11524,9710,194,117,77,19511,11095,8416,1388,279,1109,76,17,59,65,16,49,0,0,0
01,006,District - Rajouri (06),Rural,55-59,13831,7054,6777,135,84,51,12506,6706,5800,1112,237,875,46,16,30,32,11,21,0,0,0
01,006,District - Rajouri (06),Rural,60-64,13730,7176,6554,168,88,80,11342,6592,4750,2132,461,1671,60,21,39,28,14,14,0,0,0
01,006,District - Rajouri (06),Rural,65-69,8824,4352,4472,122,70,52,7048,3883,3165,1595,374,1221,45,22,23,14,3,11,0,0,0
01,006,District - Rajouri (06),Rural,70-74,8900,4894,4006,117,61,56,6068,4118,1950,2655,676,1979,44,27,17,16,12,4,0,0,0
01,006,District - Rajouri (06),Rural,75-79,3813,2040,1773,53,26,27,2575,1640,935,1162,362,800,13,9,4,10,3,7,0,0,0
01,006,District - Rajouri (06),Rural,80+,7415,4079,3336,308,194,114,3772,2697,1075,3298,1166,2132,29,18,11,8,4,4,0,0,0
01,006,District - Rajouri (06),Rural,Age not stated,834,495,339,576,370,206,234,116,118,22,8,14,1,1,0,1,0,1,0,0,0
01,006,District - Rajouri (06),Rural,Less than 18,253613,134816,118797,250742,133811,116931,2743,949,1794,71,31,40,49,23,26,8,2,6,0,0,0
01,006,District - Rajouri (06),Rural,Less than 21,289549,153592,135957,278645,150849,127796,10638,2632,8006,143,57,86,82,40,42,41,14,27,0,0,0
01,006,District - Rajouri (06),Urban,All ages,52314,34603,17711,21773,13712,8061,29247,20599,8648,1196,256,940,66,29,37,32,7,25,0,0,0
01,006,District - Rajouri (06),Urban,0-9,7065,3865,3200,7065,3865,3200,0,0,0,0,0,0,0,0,0,0,0,0,0,0,0
01,006,District - Rajouri (06),Urban,10-14,3765,2056,1709,3706,2029,1677,55,25,30,1,0,1,3,2,1,0,0,0,0,0,0
01,006,District - Rajouri (06),Urban,15-19,3782,2079,1703,3573,2009,1564,205,68,137,2,0,2,2,2,0,0,0,0,0,0,0
01,006,District - Rajouri (06),Urban,20-24,5782,4113,1669,4034,3076,958,1735,1031,704,8,3,5,4,3,1,1,0,1,0,0,0
01,006,District - Rajouri (06),Urban,25-29,7696,5951,1745,2368,1967,401,5299,3972,1327,18,9,9,5,3,2,6,0,6,0,0,0
01,006,District - Rajouri (06),Urban,30-34,6559,5030,1529,522,395,127,5988,4619,1369,36,12,24,9,3,6,4,1,3,0,0,0
01,006,District - Rajouri (06),Urban,35-39,4977,3500,1477,161,111,50,4743,3370,1373,56,12,44,8,4,4,9,3,6,0,0,0
01,006,District - Rajouri (06),Urban,40-44,4095,2920,1175,69,46,23,3944,2857,1087,72,15,57,9,2,7,1,0,1,0,0,0
01,006,District - Rajouri (06),Urban,45-49,2827,1811,1016,46,30,16,2681,1767,914,90,11,79,7,3,4,3,0,3,0,0,0
01,006,District - Rajouri (06),Urban,50-54,1823,1089,734,20,12,8,1698,1056,642,96,17,79,7,2,5,2,2,0,0,0,0
01,006,District - Rajouri (06),Urban,55-59,1175,658,517,14,7,7,1056,630,426,97,18,79,6,3,3,2,0,2,0,0,0
01,006,District - Rajouri (06),Urban,60-64,904,469,435,14,9,5,733,432,301,152,27,125,4,1,3,1,0,1,0,0,0
01,006,District - Rajouri (06),Urban,65-69,567,312,255,7,4,3,429,277,152,128,30,98,1,0,1,2,1,1,0,0,0
01,006,District - Rajouri (06),Urban,70-74,538,270,268,4,0,4,341,232,109,192,37,155,1,1,0,0,0,0,0,0,0
01,006,District - Rajouri (06),Urban,75-79,230,125,105,1,1,0,139,107,32,90,17,73,0,0,0,0,0,0,0,0,0
01,006,District - Rajouri (06),Urban,80+,335,178,157,25,15,10,154,117,37,155,46,109,0,0,0,1,0,1,0,0,0
01,006,District - Rajouri (06),Urban,Age not stated,194,177,17,144,136,8,47,39,8,3,2,1,0,0,0,0,0,0,0,0,0
01,006,District - Rajouri (06),Urban,Less than 18,13116,7174,5942,12973,7114,5859,136,57,79,3,0,3,4,3,1,0,0,0,0,0,0
01,006,District - Rajouri (06),Urban,Less than 21,15552,8569,6983,15116,8411,6705,425,152,273,6,2,4,5,4,1,0,0,0,0,0,0
01,007,District - Kathua (07),Total,All ages,616435,326109,290326,306544,179159,127385,284324,140683,143641,24085,5542,18543,845,383,462,637,342,295,0,0,0
01,007,District - Kathua (07),Total,0-9,121752,66689,55063,121752,66689,55063,0,0,0,0,0,0,0,0,0,0,0,0,0,0,0
01,007,District - Kathua (07),Total,10-14,66061,35924,30137,65055,35525,29530,951,376,575,37,17,20,9,3,6,9,3,6,0,0,0
01,007,District - Kathua (07),Total,15-19,60347,32775,27572,56674,31885,24789,3603,860,2743,48,23,25,14,3,11,8,4,4,0,0,0
01,007,District - Kathua (07),Total,20-24,57528,29538,27990,37917,24824,13093,19402,4645,14757,127,40,87,42,16,26,40,13,27,0,0,0
01,007,District - Kathua (07),Total,25-29,52176,26242,25934,16607,13283,3324,35152,12836,22316,300,75,225,57,22,35,60,26,34,0,0,0
01,007,District - Kathua (07),Total,30-34,47710,24644,23066,4686,4108,578,42386,20345,22041,467,109,358,79,37,42,92,45,47,0,0,0
01,007,District - Kathua (07),Total,35-39,43453,22467,20986,1138,949,189,41336,21262,20074,764,141,623,101,47,54,114,68,46,0,0,0
01,007,District - Kathua (07),Total,40-44,36696,19270,17426,520,406,114,34883,18610,16273,1130,181,949,89,38,51,74,35,39,0,0,0
01,007,District - Kathua (07),Total,45-49,32264,17072,15192,284,223,61,30329,16511,13818,1480,256,1224,101,43,58,70,39,31,0,0,0
01,007,District - Kathua (07),Total,50-54,25492,13759,11733,213,165,48,23249,13118,10131,1909,411,1498,77,34,43,44,31,13,0,0,0
01,007,District - Kathua (07),Total,55-59,19091,10115,8976,139,100,39,16885,9513,7372,1972,462,1510,61,22,39,34,18,16,0,0,0
01,007,District - Kathua (07),Total,60-64,17149,8853,8296,275,180,95,13726,7986,5740,3047,640,2407,71,30,41,30,17,13,0,0,0
01,007,District - Kathua (07),Total,65-69,11806,6113,5693,295,180,115,8744,5287,3457,2710,616,2094,35,16,19,22,14,8,0,0,0
01,007,District - Kathua (07),Total,70-74,10195,5109,5086,160,91,69,6393,4215,2178,3579,763,2816,45,25,20,18,15,3,0,0,0
01,007,District - Kathua (07),Total,75-79,5833,2968,2865,69,39,30,3427,2327,1100,2294,574,1720,29,20,9,14,8,6,0,0,0
01,007,District - Kathua (07),Total,80+,8118,4097,4021,250,158,92,3629,2676,953,4197,1231,2966,34,26,8,8,6,2,0,0,0
01,007,District - Kathua (07),Total,Age not stated,764,474,290,510,354,156,229,116,113,24,3,21,1,1,0,0,0,0,0,0,0
01,007,District - Kathua (07),Total,Less than 18,224471,122585,101886,222186,121776,100410,2193,772,1421,66,30,36,16,4,12,10,3,7,0,0,0
01,007,District - Kathua (07),Total,Less than 21,261124,142074,119050,253404,140174,113230,7556,1838,5718,111,46,65,29,7,22,24,9,15,0,0,0
01,007,District - Kathua (07),Rural,All ages,526722,278126,248596,264541,154192,110349,240597,118543,122054,20327,4775,15552,711,317,394,546,299,247,0,0,0
01,007,District - Kathua (07),Rural,0-9,107615,58837,48778,107615,58837,48778,0,0,0,0,0,0,0,0,0,0,0,0,0,0,0
01,007,District - Kathua (07),Rural,10-14,57977,31419,26558,57144,31085,26059,785,315,470,33,14,19,8,3,5,7,2,5,0,0,0
01,007,District - Kathua (07),Rural,15-19,51948,28035,23913,48691,27261,21430,3198,750,2448,39,18,21,13,3,10,7,3,4,0,0,0
01,007,District - Kathua (07),Rural,20-24,48897,25066,23831,31379,20867,10512,17338,4141,13197,110,34,76,33,12,21,37,12,25,0,0,0
01,007,District - Kathua (07),Rural,25-29,43809,21827,21982,13139,10726,2413,30305,10989,19316,268,69,199,47,19,28,50,24,26,0,0,0
01,007,District - Kathua (07),Rural,30-34,40444,20868,19576,3553,3188,365,36355,17515,18840,397,95,302,60,28,32,79,42,37,0,0,0
01,007,District - Kathua (07),Rural,35-39,36547,18924,17623,830,703,127,34896,18008,16888,646,122,524,79,37,42,96,54,42,0,0,0
01,007,District - Kathua (07),Rural,40-44,30583,16141,14442,385,307,78,29132,15613,13519,931,161,770,74,31,43,61,29,32,0,0,0
01,007,District - Kathua (07),Rural,45-49,26417,13960,12457,211,168,43,24844,13507,11337,1218,218,1000,88,37,51,56,30,26,0,0,0
01,007,District - Kathua (07),Rural,50-54,20902,11264,9638,168,133,35,19074,10726,8348,1559,355,1204,62,22,40,39,28,11,0,0,0
01,007,District - Kathua (07),Rural,55-59,15728,8278,7450,109,83,26,13912,7772,6140,1628,389,1239,50,17,33,29,17,12,0,0,0
01,007,District - Kathua (07),Rural,60-64,14369,7404,6965,209,137,72,11505,6683,4822,2564,540,2024,66,29,37,25,15,10,0,0,0
01,007,District - Kathua (07),Rural,65-69,9873,5107,4766,241,144,97,7333,4416,2917,2247,520,1727,31,13,18,21,14,7,0,0,0
01,007,District - Kathua (07),Rural,70-74,8733,4368,4365,133,73,60,5509,3606,1903,3032,651,2381,41,23,18,18,15,3,0,0,0
01,007,District - Kathua (07),Rural,75-79,5054,2574,2480,61,34,27,2988,2014,974,1968,502,1466,24,16,8,13,8,5,0,0,0
01,007,District - Kathua (07),Rural,80+,7120,3625,3495,204,128,76,3209,2381,828,3665,1084,2581,34,26,8,8,6,2,0,0,0
01,007,District - Kathua (07),Rural,Age not stated,706,429,277,469,318,151,214,107,107,22,3,19,1,1,0,0,0,0,0,0,0
01,007,District - Kathua (07),Rural,Less than 18,197314,107431,89883,195384,106746,88638,1853,656,1197,54,23,31,15,4,11,8,2,6,0,0,0
01,007,District - Kathua (07),Rural,Less than 21,228673,124020,104653,221840,122378,99462,6693,1593,5100,94,37,57,26,6,20,20,6,14,0,0,0
01,007,District - Kathua (07),Urban,All ages,89713,47983,41730,42003,24967,17036,43727,22140,21587,3758,767,2991,134,66,68,91,43,48,0,0,0
01,007,District - Kathua (07),Urban,0-9,14137,7852,6285,14137,7852,6285,0,0,0,0,0,0,0,0,0,0,0,0,0,0,0
01,007,District - Kathua (07),Urban,10-14,8084,4505,3579,7911,4440,3471,166,61,105,4,3,1,1,0,1,2,1,1,0,0,0
01,007,District - Kathua (07),Urban,15-19,8399,4740,3659,7983,4624,3359,405,110,295,9,5,4,1,0,1,1,1,0,0,0,0
01,007,District - Kathua (07),Urban,20-24,8631,4472,4159,6538,3957,2581,2064,504,1560,17,6,11,9,4,5,3,1,2,0,0,0
01,007,District - Kathua (07),Urban,25-29,8367,4415,3952,3468,2557,911,4847,1847,3000,32,6,26,10,3,7,10,2,8,0,0,0
01,007,District - Kathua (07),Urban,30-34,7266,3776,3490,1133,920,213,6031,2830,3201,70,14,56,19,9,10,13,3,10,0,0,0
01,007,District - Kathua (07),Urban,35-39,6906,3543,3363,308,246,62,6440,3254,3186,118,19,99,22,10,12,18,14,4,0,0,0
01,007,District - Kathua (07),Urban,40-44,6113,3129,2984,135,99,36,5751,2997,2754,199,20,179,15,7,8,13,6,7,0,0,0
01,007,District - Kathua (07),Urban,45-49,5847,3112,2735,73,55,18,5485,3004,2481,262,38,224,13,6,7,14,9,5,0,0,0
01,007,District - Kathua (07),Urban,50-54,4590,2495,2095,45,32,13,4175,2392,1783,350,56,294,15,12,3,5,3,2,0,0,0
01,007,District - Kathua (07),Urban,55-59,3363,1837,1526,30,17,13,2973,1741,1232,344,73,271,11,5,6,5,1,4,0,0,0
01,007,District - Kathua (07),Urban,60-64,2780,1449,1331,66,43,23,2221,1303,918,483,100,383,5,1,4,5,2,3,0,0,0
01,007,District - Kathua (07),Urban,65-69,1933,1006,927,54,36,18,1411,871,540,463,96,367,4,3,1,1,0,1,0,0,0
01,007,District - Kathua (07),Urban,70-74,1462,741,721,27,18,9,884,609,275,547,112,435,4,2,2,0,0,0,0,0,0
01,007,District - Kathua (07),Urban,75-79,779,394,385,8,5,3,439,313,126,326,72,254,5,4,1,1,0,1,0,0,0
01,007,District - Kathua (07),Urban,80+,998,472,526,46,30,16,420,295,125,532,147,385,0,0,0,0,0,0,0,0,0
01,007,District - Kathua (07),Urban,Age not stated,58,45,13,41,36,5,15,9,6,2,0,2,0,0,0,0,0,0,0,0,0
01,007,District - Kathua (07),Urban,Less than 18,27157,15154,12003,26802,15030,11772,340,116,224,12,7,5,1,0,1,2,1,1,0,0,0
01,007,District - Kathua (07),Urban,Less than 21,32451,18054,14397,31564,17796,13768,863,245,618,17,9,8,3,1,2,4,3,1,0,0,0
01,008,District - Baramula (08),Total,All ages,1008039,534733,473306,580472,315107,265365,395067,208507,186560,29723,9958,19765,1145,524,621,1632,637,995,0,0,0
01,008,District - Baramula (08),Total,0-9,230533,122579,107954,230533,122579,107954,0,0,0,0,0,0,0,0,0,0,0,0,0,0,0
01,008,District - Baramula (08),Total,10-14,117753,60849,56904,116053,60197,55856,1585,598,987,61,29,32,41,19,22,13,6,7,0,0,0
01,008,District - Baramula (08),Total,15-19,106269,53309,52960,101568,51895,49673,4569,1362,3207,76,30,46,40,16,24,16,6,10,0,0,0
01,008,District - Baramula (08),Total,20-24,94755,49821,44934,73384,41692,31692,21054,8028,13026,202,69,133,60,25,35,55,7,48,0,0,0
01,008,District - Baramula (08),Total,25-29,87214,48725,38489,37484,23918,13566,49163,24617,24546,312,111,201,101,31,70,154,48,106,0,0,0
01,008,District - Baramula (08),Total,30-34,72014,39208,32806,11970,8185,3785,59196,30711,28485,545,205,340,97,28,69,206,79,127,0,0,0
01,008,District - Baramula (08),Total,35-39,66603,35547,31056,3416,2490,926,61938,32565,29373,880,351,529,128,51,77,241,90,151,0,0,0
01,008,District - Baramula (08),Total,40-44,56380,31104,25276,1490,1072,418,53088,29403,23685,1424,485,939,121,58,63,257,86,171,0,0,0
01,008,District - Baramula (08),Total,45-49,44662,23651,21011,731,530,201,41972,22422,19550,1689,587,1102,94,37,57,176,75,101,0,0,0
01,008,District - Baramula (08),Total,50-54,34223,18859,15364,535,407,128,30868,17549,13319,2594,795,1799,76,43,33,150,65,85,0,0,0
01,008,District - Baramula (08),Total,55-59,25077,12314,12763,329,242,87,22357,11315,11042,2226,679,1547,66,26,40,99,52,47,0,0,0
01,008,District - Baramula (08),Total,60-64,25169,13783,11386,474,317,157,20024,11982,8042,4480,1394,3086,85,45,40,106,45,61,0,0,0
01,008,District - Baramula (08),Total,65-69,15682,7808,7874,333,209,124,11813,6485,5328,3420,1054,2366,68,39,29,48,21,27,0,0,0
01,008,District - Baramula (08),Total,70-74,14600,7986,6614,334,200,134,8941,6035,2906,5186,1671,3515,88,52,36,51,28,23,0,0,0
01,008,District - Baramula (08),Total,75-79,5949,2957,2992,155,85,70,3599,2113,1486,2155,739,1416,24,14,10,16,6,10,0,0,0
01,008,District - Baramula (08),Total,80+,9813,5355,4458,686,411,275,4589,3134,1455,4440,1748,2692,54,39,15,44,23,21,0,0,0
01,008,District - Baramula (08),Total,Age not stated,1343,878,465,997,678,319,311,188,123,33,11,22,2,1,1,0,0,0,0,0,0
01,008,District - Baramula (08),Total,Less than 18,413564,216156,197408,409719,214799,194920,3644,1267,2377,118,53,65,61,27,34,22,10,12,0,0,0
01,008,District - Baramula (08),Total,Less than 21,480536,249860,230676,470358,246561,223797,9847,3161,6686,197,82,115,96,43,53,38,13,25,0,0,0
01,008,District - Baramula (08),Rural,All ages,825539,432399,393140,487719,263699,224020,310980,159035,151945,24502,8654,15848,947,435,512,1391,576,815,0,0,0
01,008,District - Baramula (08),Rural,0-9,199310,105986,93324,199310,105986,93324,0,0,0,0,0,0,0,0,0,0,0,0,0,0,0
01,008,District - Baramula (08),Rural,10-14,101359,52467,48892,99976,51967,48009,1283,452,831,53,27,26,37,18,19,10,3,7,0,0,0
01,008,District - Baramula (08),Rural,15-19,89303,44788,44515,85493,43662,41831,3702,1080,2622,58,26,32,37,15,22,13,5,8,0,0,0
01,008,District - Baramula (08),Rural,20-24,75914,39078,36836,58838,33114,25724,16819,5875,10944,167,59,108,47,23,24,43,7,36,0,0,0
01,008,District - Baramula (08),Rural,25-29,65675,34595,31080,27937,17630,10307,37264,16801,20463,262,98,164,78,23,55,134,43,91,0,0,0
01,008,District - Baramula (08),Rural,30-34,55712,29216,26496,8818,6098,2720,46183,22841,23342,456,182,274,74,25,49,181,70,111,0,0,0
01,008,District - Baramula (08),Rural,35-39,52139,27189,24950,2470,1849,621,48659,24925,23734,699,291,408,103,41,62,208,83,125,0,0,0
01,008,District - Baramula (08),Rural,40-44,44590,24111,20479,1123,829,294,41960,22722,19238,1185,430,755,104,50,54,218,80,138,0,0,0
01,008,District - Baramula (08),Rural,45-49,35494,18506,16988,590,438,152,33288,17453,15835,1389,517,872,79,29,50,148,69,79,0,0,0
01,008,District - Baramula (08),Rural,50-54,27452,15180,12272,433,335,98,24656,14041,10615,2177,716,1461,59,31,28,127,57,70,0,0,0
01,008,District - Baramula (08),Rural,55-59,19807,9654,10153,255,199,56,17642,8804,8838,1767,582,1185,59,23,36,84,46,38,0,0,0
01,008,District - Baramula (08),Rural,60-64,20387,11254,9133,391,264,127,16098,9699,6399,3738,1212,2526,70,39,31,90,40,50,0,0,0
01,008,District - Baramula (08),Rural,65-69,12480,6229,6251,256,164,92,9346,5110,4236,2776,904,1872,59,31,28,43,20,23,0,0,0
01,008,District - Baramula (08),Rural,70-74,11962,6609,5353,284,172,112,7244,4903,2341,4315,1467,2848,75,42,33,44,25,19,0,0,0
01,008,District - Baramula (08),Rural,75-79,4712,2350,2362,115,67,48,2845,1638,1207,1720,628,1092,18,11,7,14,6,8,0,0,0
01,008,District - Baramula (08),Rural,80+,8151,4484,3667,584,349,235,3774,2576,1198,3713,1504,2209,46,33,13,34,22,12,0,0,0
01,008,District - Baramula (08),Rural,Age not stated,1092,703,389,846,576,270,217,115,102,27,11,16,2,1,1,0,0,0,0,0,0
01,008,District - Baramula (08),Rural,Less than 18,355809,186086,169723,352703,185017,167686,2936,990,1946,97,47,50,56,26,30,17,6,11,0,0,0
01,008,District - Baramula (08),Rural,Less than 21,411580,214131,197449,403246,211533,191713,8058,2478,5580,160,71,89,86,40,46,30,9,21,0,0,0
01,008,District - Baramula (08),Urban,All ages,182500,102334,80166,92753,51408,41345,84087,49472,34615,5221,1304,3917,198,89,109,241,61,180,0,0,0
01,008,District - Baramula (08),Urban,0-9,31223,16593,14630,31223,16593,14630,0,0,0,0,0,0,0,0,0,0,0,0,0,0,0
01,008,District - Baramula (08),Urban,10-14,16394,8382,8012,16077,8230,7847,302,146,156,8,2,6,4,1,3,3,3,0,0,0,0
01,008,District - Baramula (08),Urban,15-19,16966,8521,8445,16075,8233,7842,867,282,585,18,4,14,3,1,2,3,1,2,0,0,0
01,008,District - Baramula (08),Urban,20-24,18841,10743,8098,14546,8578,5968,4235,2153,2082,35,10,25,13,2,11,12,0,12,0,0,0
01,008,District - Baramula (08),Urban,25-29,21539,14130,7409,9547,6288,3259,11899,7816,4083,50,13,37,23,8,15,20,5,15,0,0,0
01,008,District - Baramula (08),Urban,30-34,16302,9992,6310,3152,2087,1065,13013,7870,5143,89,23,66,23,3,20,25,9,16,0,0,0
01,008,District - Baramula (08),Urban,35-39,14464,8358,6106,946,641,305,13279,7640,5639,181,60,121,25,10,15,33,7,26,0,0,0
01,008,District - Baramula (08),Urban,40-44,11790,6993,4797,367,243,124,11128,6681,4447,239,55,184,17,8,9,39,6,33,0,0,0
01,008,District - Baramula (08),Urban,45-49,9168,5145,4023,141,92,49,8684,4969,3715,300,70,230,15,8,7,28,6,22,0,0,0
01,008,District - Baramula (08),Urban,50-54,6771,3679,3092,102,72,30,6212,3508,2704,417,79,338,17,12,5,23,8,15,0,0,0
01,008,District - Baramula (08),Urban,55-59,5270,2660,2610,74,43,31,4715,2511,2204,459,97,362,7,3,4,15,6,9,0,0,0
01,008,District - Baramula (08),Urban,60-64,4782,2529,2253,83,53,30,3926,2283,1643,742,182,560,15,6,9,16,5,11,0,0,0
01,008,District - Baramula (08),Urban,65-69,3202,1579,1623,77,45,32,2467,1375,1092,644,150,494,9,8,1,5,1,4,0,0,0
01,008,District - Baramula (08),Urban,70-74,2638,1377,1261,50,28,22,1697,1132,565,871,204,667,13,10,3,7,3,4,0,0,0
01,008,District - Baramula (08),Urban,75-79,1237,607,630,40,18,22,754,475,279,435,111,324,6,3,3,2,0,2,0,0,0
01,008,District - Baramula (08),Urban,80+,1662,871,791,102,62,40,815,558,257,727,244,483,8,6,2,10,1,9,0,0,0
01,008,District - Baramula (08),Urban,Age not stated,251,175,76,151,102,49,94,73,21,6,0,6,0,0,0,0,0,0,0,0,0
01,008,District - Baramula (08),Urban,Less than 18,57755,30070,27685,57016,29782,27234,708,277,431,21,6,15,5,1,4,5,4,1,0,0,0
01,008,District - Baramula (08),Urban,Less than 21,68956,35729,33227,67112,35028,32084,1789,683,1106,37,11,26,10,3,7,8,4,4,0,0,0
01,009,District - Bandipore (09),Total,All ages,392232,207680,184552,230566,125050,105516,149500,77910,71590,11242,4234,7008,468,302,166,456,184,272,0,0,0
01,009,District - Bandipore (09),Total,0-9,88914,46704,42210,88914,46704,42210,0,0,0,0,0,0,0,0,0,0,0,0,0,0,0
01,009,District - Bandipore (09),Total,10-14,49106,25767,23339,48335,25457,22878,738,293,445,20,14,6,12,2,10,1,1,0,0,0,0
01,009,District - Bandipore (09),Total,15-19,44926,22798,22128,42878,22162,20716,1982,602,1380,44,23,21,17,9,8,5,2,3,0,0,0
01,009,District - Bandipore (09),Total,20-24,37627,19637,17990,28986,16411,12575,8435,3084,5351,69,32,37,119,106,13,18,4,14,0,0,0
01,009,District - Bandipore (09),Total,25-29,31805,17158,14647,13403,8601,4802,18127,8422,9705,126,49,77,91,68,23,58,18,40,0,0,0
01,009,District - Bandipore (09),Total,30-34,26520,14672,11848,4233,3016,1217,21986,11523,10463,212,88,124,28,15,13,61,30,31,0,0,0
01,009,District - Bandipore (09),Total,35-39,25159,13179,11980,1359,1022,337,23305,11974,11331,388,151,237,27,8,19,80,24,56,0,0,0
01,009,District - Bandipore (09),Total,40-44,21663,12215,9448,567,427,140,20440,11513,8927,556,235,321,39,17,22,61,23,38,0,0,0
01,009,District - Bandipore (09),Total,45-49,17123,8997,8126,258,190,68,16037,8483,7554,751,289,462,23,10,13,54,25,29,0,0,0
01,009,District - Bandipore (09),Total,50-54,12935,7184,5751,181,144,37,11662,6634,5028,1040,377,663,17,13,4,35,16,19,0,0,0
01,009,District - Bandipore (09),Total,55-59,9569,4704,4865,117,91,26,8505,4271,4234,907,322,585,19,9,10,21,11,10,0,0,0
01,009,District - Bandipore (09),Total,60-64,9498,5243,4255,242,147,95,7496,4465,3031,1721,610,1111,13,9,4,26,12,14,0,0,0
01,009,District - Bandipore (09),Total,65-69,5923,2962,2961,188,105,83,4467,2433,2034,1250,415,835,10,5,5,8,4,4,0,0,0
01,009,District - Bandipore (09),Total,70-74,5257,3021,2236,127,71,56,3234,2235,999,1852,695,1157,26,13,13,18,7,11,0,0,0
01,009,District - Bandipore (09),Total,75-79,2176,1132,1044,43,25,18,1303,793,510,814,302,512,13,9,4,3,3,0,0,0,0
01,009,District - Bandipore (09),Total,80+,3444,1906,1538,316,181,135,1626,1085,541,1482,628,854,13,8,5,7,4,3,0,0,0
01,009,District - Bandipore (09),Total,Age not stated,587,401,186,419,296,123,157,100,57,10,4,6,1,1,0,0,0,0,0,0,0
01,009,District - Bandipore (09),Total,Less than 18,165478,86472,79006,163814,85839,77975,1589,593,996,52,31,21,21,8,13,2,1,1,0,0,0
01,009,District - Bandipore (09),Total,Less than 21,194049,100888,93161,189554,99402,90152,4359,1415,2944,83,44,39,46,24,22,7,3,4,0,0,0
01,009,District - Bandipore (09),Rural,All ages,326871,172263,154608,194626,105074,89552,122016,63122,58894,9477,3647,5830,402,267,135,350,153,197,0,0,0
01,009,District - Bandipore (09),Rural,0-9,77350,40467,36883,77350,40467,36883,0,0,0,0,0,0,0,0,0,0,0,0,0,0,0
01,009,District - Bandipore (09),Rural,10-14,41594,21591,20003,40957,21334,19623,609,240,369,17,14,3,10,2,8,1,1,0,0,0,0
01,009,District - Bandipore (09),Rural,15-19,37502,18966,18536,35774,18448,17326,1676,494,1182,33,16,17,15,7,8,4,1,3,0,0,0
01,009,District - Bandipore (09),Rural,20-24,30859,16042,14817,23513,13321,10192,7158,2586,4572,58,28,30,115,104,11,15,3,12,0,0,0
01,009,District - Bandipore (09),Rural,25-29,25795,13872,11923,10559,6843,3716,14992,6902,8090,108,43,65,87,66,21,49,18,31,0,0,0
01,009,District - Bandipore (09),Rural,30-34,21768,11996,9772,3363,2427,936,18154,9455,8699,178,76,102,24,12,12,49,26,23,0,0,0
01,009,District - Bandipore (09),Rural,35-39,20528,10700,9828,1094,832,262,19026,9716,9310,326,128,198,23,6,17,59,18,41,0,0,0
01,009,District - Bandipore (09),Rural,40-44,17468,9716,7752,472,362,110,16442,9114,7328,474,208,266,31,13,18,49,19,30,0,0,0
01,009,District - Bandipore (09),Rural,45-49,13769,7209,6560,215,158,57,12873,6776,6097,628,248,380,18,8,10,35,19,16,0,0,0
01,009,District - Bandipore (09),Rural,50-54,10537,5858,4679,146,118,28,9468,5392,4076,878,322,556,16,12,4,29,14,15,0,0,0
01,009,District - Bandipore (09),Rural,55-59,7783,3828,3955,102,80,22,6875,3453,3422,770,276,494,17,9,8,19,10,9,0,0,0
01,009,District - Bandipore (09),Rural,60-64,7833,4333,3500,212,126,86,6107,3656,2451,1487,537,950,8,5,3,19,9,10,0,0,0
01,009,District - Bandipore (09),Rural,65-69,4729,2375,2354,160,92,68,3499,1920,1579,1058,356,702,6,4,2,6,3,3,0,0,0
01,009,District - Bandipore (09),Rural,70-74,4305,2447,1858,104,61,43,2610,1785,825,1570,589,981,12,6,6,9,6,3,0,0,0
01,009,District - Bandipore (09),Rural,75-79,1772,937,835,37,22,15,1049,645,404,673,260,413,10,7,3,3,3,0,0,0,0
01,009,District - Bandipore (09),Rural,80+,2861,1623,1238,263,152,111,1375,920,455,1209,542,667,10,6,4,4,3,1,0,0,0
01,009,District - Bandipore (09),Rural,Age not stated,418,303,115,305,231,74,103,68,35,10,4,6,0,0,0,0,0,0,0,0,0
01,009,District - Bandipore (09),Rural,Less than 18,141981,73774,68207,140595,73260,67335,1323,480,843,43,26,17,18,7,11,2,1,1,0,0,0
01,009,District - Bandipore (09),Rural,Less than 21,165732,85679,80053,161890,84432,77458,3729,1186,2543,67,37,30,40,22,18,6,2,4,0,0,0
01,009,District - Bandipore (09),Urban,All ages,65361,35417,29944,35940,19976,15964,27484,14788,12696,1765,587,1178,66,35,31,106,31,75,0,0,0
01,009,District - Bandipore (09),Urban,0-9,11564,6237,5327,11564,6237,5327,0,0,0,0,0,0,0,0,0,0,0,0,0,0,0
01,009,District - Bandipore (09),Urban,10-14,7512,4176,3336,7378,4123,3255,129,53,76,3,0,3,2,0,2,0,0,0,0,0,0
01,009,District - Bandipore (09),Urban,15-19,7424,3832,3592,7104,3714,3390,306,108,198,11,7,4,2,2,0,1,1,0,0,0,0
01,009,District - Bandipore (09),Urban,20-24,6768,3595,3173,5473,3090,2383,1277,498,779,11,4,7,4,2,2,3,1,2,0,0,0
01,009,District - Bandipore (09),Urban,25-29,6010,3286,2724,2844,1758,1086,3135,1520,1615,18,6,12,4,2,2,9,0,9,0,0,0
01,009,District - Bandipore (09),Urban,30-34,4752,2676,2076,870,589,281,3832,2068,1764,34,12,22,4,3,1,12,4,8,0,0,0
01,009,District - Bandipore (09),Urban,35-39,4631,2479,2152,265,190,75,4279,2258,2021,62,23,39,4,2,2,21,6,15,0,0,0
01,009,District - Bandipore (09),Urban,40-44,4195,2499,1696,95,65,30,3998,2399,1599,82,27,55,8,4,4,12,4,8,0,0,0
01,009,District - Bandipore (09),Urban,45-49,3354,1788,1566,43,32,11,3164,1707,1457,123,41,82,5,2,3,19,6,13,0,0,0
01,009,District - Bandipore (09),Urban,50-54,2398,1326,1072,35,26,9,2194,1242,952,162,55,107,1,1,0,6,2,4,0,0,0
01,009,District - Bandipore (09),Urban,55-59,1786,876,910,15,11,4,1630,818,812,137,46,91,2,0,2,2,1,1,0,0,0
01,009,District - Bandipore (09),Urban,60-64,1665,910,755,30,21,9,1389,809,580,234,73,161,5,4,1,7,3,4,0,0,0
01,009,District - Bandipore (09),Urban,65-69,1194,587,607,28,13,15,968,513,455,192,59,133,4,1,3,2,1,1,0,0,0
01,009,District - Bandipore (09),Urban,70-74,952,574,378,23,10,13,624,450,174,282,106,176,14,7,7,9,1,8,0,0,0
01,009,District - Bandipore (09),Urban,75-79,404,195,209,6,3,3,254,148,106,141,42,99,3,2,1,0,0,0,0,0,0
01,009,District - Bandipore (09),Urban,80+,583,283,300,53,29,24,251,165,86,273,86,187,3,2,1,3,1,2,0,0,0
01,009,District - Bandipore (09),Urban,Age not stated,169,98,71,114,65,49,54,32,22,0,0,0,1,1,0,0,0,0,0,0,0
01,009,District - Bandipore (09),Urban,Less than 18,23497,12698,10799,23219,12579,10640,266,113,153,9,5,4,3,1,2,0,0,0,0,0,0
01,009,District - Bandipore (09),Urban,Less than 21,28317,15209,13108,27664,14970,12694,630,229,401,16,7,9,6,2,4,1,1,0,0,0,0
01,010,District - Srinagar (10),Total,All ages,1236829,651124,585705,662231,361949,300282,532476,278441,254035,37970,9241,28729,1791,868,923,2361,625,1736,0,0,0
01,010,District - Srinagar (10),Total,0-9,220697,117523,103174,220697,117523,103174,0,0,0,0,0,0,0,0,0,0,0,0,0,0,0
01,010,District - Srinagar (10),Total,10-14,112683,58784,53899,110304,57826,52478,2205,879,1326,86,32,54,72,41,31,16,6,10,0,0,0
01,010,District - Srinagar (10),Total,15-19,117071,59947,57124,111547,58246,53301,5299,1610,3689,120,42,78,89,44,45,16,5,11,0,0,0
01,010,District - Srinagar (10),Total,20-24,121447,63034,58413,100258,55177,45081,20760,7700,13060,249,78,171,111,65,46,69,14,55,0,0,0
01,010,District - Srinagar (10),Total,25-29,121340,63419,57921,67178,38879,28299,53429,24310,29119,364,119,245,170,76,94,199,35,164,0,0,0
01,010,District - Srinagar (10),Total,30-34,101850,52880,48970,28743,18057,10686,71930,34471,37459,634,221,413,196,71,125,347,60,287,0,0,0
01,010,District - Srinagar (10),Total,35-39,97966,51091,46875,10699,7373,3326,85595,43280,42315,1001,263,738,236,79,157,435,96,339,0,0,0
01,010,District - Srinagar (10),Total,40-44,82159,45556,36603,4232,2996,1236,75699,41947,33752,1642,422,1220,214,88,126,372,103,269,0,0,0
01,010,District - Srinagar (10),Total,45-49,69586,37631,31955,1929,1438,491,64880,35530,29350,2301,494,1807,156,69,87,320,100,220,0,0,0
01,010,District - Srinagar (10),Total,50-54,51762,28528,23234,1295,960,335,46800,26770,20030,3299,647,2652,146,79,67,222,72,150,0,0,0
01,010,District - Srinagar (10),Total,55-59,40659,20432,20227,787,576,211,36133,19058,17075,3519,696,2823,86,51,35,134,51,83,0,0,0
01,010,District - Srinagar (10),Total,60-64,36110,19806,16304,941,636,305,29044,17794,11250,5927,1282,4645,103,59,44,95,35,60,0,0,0
01,010,District - Srinagar (10),Total,65-69,22967,11598,11369,563,352,211,17420,10011,7409,4873,1176,3697,62,45,17,49,14,35,0,0,0
01,010,District - Srinagar (10),Total,70-74,18635,9729,8906,551,343,208,11942,7783,4159,6019,1533,4486,75,52,23,48,18,30,0,0,0
01,010,District - Srinagar (10),Total,75-79,9160,4553,4607,265,160,105,5481,3483,1998,3368,888,2480,25,13,12,21,9,12,0,0,0
01,010,District - Srinagar (10),Total,80+,11037,5475,5562,1040,564,476,5402,3533,1869,4531,1338,3193,47,33,14,17,7,10,0,0,0
01,010,District - Srinagar (10),Total,Age not stated,1700,1138,562,1202,843,359,457,282,175,37,10,27,3,3,0,1,0,1,0,0,0
01,010,District - Srinagar (10),Total,Less than 18,402107,211421,190686,396886,209576,187310,4911,1705,3206,162,61,101,121,68,53,27,11,16,0,0,0
01,010,District - Srinagar (10),Total,Less than 21,480169,251648,228521,468625,247706,220919,11057,3744,7313,255,86,169,186,100,86,46,12,34,0,0,0
01,010,District - Srinagar (10),Rural,All ages,17313,8916,8397,9718,5262,4456,7045,3491,3554,515,151,364,15,7,8,20,5,15,0,0,0
01,010,District - Srinagar (10),Rural,0-9,3455,1796,1659,3455,1796,1659,0,0,0,0,0,0,0,0,0,0,0,0,0,0,0
01,010,District - Srinagar (10),Rural,10-14,1920,1010,910,1895,1001,894,24,9,15,1,0,1,0,0,0,0,0,0,0,0,0
01,010,District - Srinagar (10),Rural,15-19,2081,1036,1045,2016,1017,999,62,18,44,2,1,1,0,0,0,1,0,1,0,0,0
01,010,District - Srinagar (10),Rural,20-24,1743,908,835,1330,773,557,410,135,275,2,0,2,0,0,0,1,0,1,0,0,0
01,010,District - Srinagar (10),Rural,25-29,1449,720,729,604,365,239,838,353,485,3,1,2,3,0,3,1,1,0,0,0,0
01,010,District - Srinagar (10),Rural,30-34,1306,686,620,223,169,54,1071,511,560,7,4,3,3,1,2,2,1,1,0,0,0
01,010,District - Srinagar (10),Rural,35-39,1211,601,610,67,50,17,1119,541,578,23,10,13,0,0,0,2,0,2,0,0,0
01,010,District - Srinagar (10),Rural,40-44,1068,567,501,28,22,6,1004,533,471,28,10,18,3,1,2,5,1,4,0,0,0
01,010,District - Srinagar (10),Rural,45-49,800,423,377,17,13,4,756,399,357,23,9,14,3,2,1,1,0,1,0,0,0
01,010,District - Srinagar (10),Rural,50-54,603,310,293,17,13,4,537,289,248,46,6,40,2,2,0,1,0,1,0,0,0
01,010,District - Srinagar (10),Rural,55-59,437,222,215,10,8,2,384,201,183,42,13,29,0,0,0,1,0,1,0,0,0
01,010,District - Srinagar (10),Rural,60-64,439,244,195,14,8,6,330,206,124,92,28,64,1,1,0,2,1,1,0,0,0
01,010,District - Srinagar (10),Rural,65-69,259,116,143,9,7,2,183,95,88,65,14,51,0,0,0,2,0,2,0,0,0
01,010,District - Srinagar (10),Rural,70-74,234,127,107,7,5,2,154,97,57,72,24,48,0,0,0,1,1,0,0,0,0
01,010,District - Srinagar (10),Rural,75-79,100,50,50,1,1,0,71,39,32,28,10,18,0,0,0,0,0,0,0,0,0
01,010,District - Srinagar (10),Rural,80+,183,88,95,8,5,3,94,62,32,81,21,60,0,0,0,0,0,0,0,0,0
01,010,District - Srinagar (10),Rural,Age not stated,25,12,13,17,9,8,8,3,5,0,0,0,0,0,0,0,0,0,0,0,0
01,010,District - Srinagar (10),Rural,Less than 18,6697,3471,3226,6642,3452,3190,51,18,33,3,1,2,0,0,0,1,0,1,0,0,0
01,010,District - Srinagar (10),Rural,Less than 21,7958,4097,3861,7797,4046,3751,155,50,105,4,1,3,0,0,0,2,0,2,0,0,0
01,010,District - Srinagar (10),Urban,All ages,1219516,642208,577308,652513,356687,295826,525431,274950,250481,37455,9090,28365,1776,861,915,2341,620,1721,0,0,0
01,010,District - Srinagar (10),Urban,0-9,217242,115727,101515,217242,115727,101515,0,0,0,0,0,0,0,0,0,0,0,0,0,0,0
01,010,District - Srinagar (10),Urban,10-14,110763,57774,52989,108409,56825,51584,2181,870,1311,85,32,53,72,41,31,16,6,10,0,0,0
01,010,District - Srinagar (10),Urban,15-19,114990,58911,56079,109531,57229,52302,5237,1592,3645,118,41,77,89,44,45,15,5,10,0,0,0
01,010,District - Srinagar (10),Urban,20-24,119704,62126,57578,98928,54404,44524,20350,7565,12785,247,78,169,111,65,46,68,14,54,0,0,0
01,010,District - Srinagar (10),Urban,25-29,119891,62699,57192,66574,38514,28060,52591,23957,28634,361,118,243,167,76,91,198,34,164,0,0,0
01,010,District - Srinagar (10),Urban,30-34,100544,52194,48350,28520,17888,10632,70859,33960,36899,627,217,410,193,70,123,345,59,286,0,0,0
01,010,District - Srinagar (10),Urban,35-39,96755,50490,46265,10632,7323,3309,84476,42739,41737,978,253,725,236,79,157,433,96,337,0,0,0
01,010,District - Srinagar (10),Urban,40-44,81091,44989,36102,4204,2974,1230,74695,41414,33281,1614,412,1202,211,87,124,367,102,265,0,0,0
01,010,District - Srinagar (10),Urban,45-49,68786,37208,31578,1912,1425,487,64124,35131,28993,2278,485,1793,153,67,86,319,100,219,0,0,0
01,010,District - Srinagar (10),Urban,50-54,51159,28218,22941,1278,947,331,46263,26481,19782,3253,641,2612,144,77,67,221,72,149,0,0,0
01,010,District - Srinagar (10),Urban,55-59,40222,20210,20012,777,568,209,35749,18857,16892,3477,683,2794,86,51,35,133,51,82,0,0,0
01,010,District - Srinagar (10),Urban,60-64,35671,19562,16109,927,628,299,28714,17588,11126,5835,1254,4581,102,58,44,93,34,59,0,0,0
01,010,District - Srinagar (10),Urban,65-69,22708,11482,11226,554,345,209,17237,9916,7321,4808,1162,3646,62,45,17,47,14,33,0,0,0
01,010,District - Srinagar (10),Urban,70-74,18401,9602,8799,544,338,206,11788,7686,4102,5947,1509,4438,75,52,23,47,17,30,0,0,0
01,010,District - Srinagar (10),Urban,75-79,9060,4503,4557,264,159,105,5410,3444,1966,3340,878,2462,25,13,12,21,9,12,0,0,0
01,010,District - Srinagar (10),Urban,80+,10854,5387,5467,1032,559,473,5308,3471,1837,4450,1317,3133,47,33,14,17,7,10,0,0,0
01,010,District - Srinagar (10),Urban,Age not stated,1675,1126,549,1185,834,351,449,279,170,37,10,27,3,3,0,1,0,1,0,0,0
01,010,District - Srinagar (10),Urban,Less than 18,395410,207950,187460,390244,206124,184120,4860,1687,3173,159,60,99,121,68,53,26,11,15,0,0,0
01,010,District - Srinagar (10),Urban,Less than 21,472211,247551,224660,460828,243660,217168,10902,3694,7208,251,85,166,186,100,86,44,12,32,0,0,0
01,011,District - Ganderbal (11),Total,All ages,297446,158720,138726,173348,94996,78352,115885,60713,55172,7551,2733,4818,279,132,147,383,146,237,0,0,0
01,011,District - Ganderbal (11),Total,0-9,72033,38363,33670,72033,38363,33670,0,0,0,0,0,0,0,0,0,0,0,0,0,0,0
01,011,District - Ganderbal (11),Total,10-14,36979,19495,17484,36239,19168,17071,698,305,393,18,11,7,16,9,7,8,2,6,0,0,0
01,011,District - Ganderbal (11),Total,15-19,32094,16594,15500,30227,15995,14232,1828,582,1246,21,7,14,16,8,8,2,2,0,0,0,0
01,011,District - Ganderbal (11),Total,20-24,27794,14653,13141,19934,11462,8472,7750,3156,4594,65,25,40,22,3,19,23,7,16,0,0,0
01,011,District - Ganderbal (11),Total,25-29,25265,14104,11161,9157,6047,3110,15944,8001,7943,87,31,56,22,7,15,55,18,37,0,0,0
01,011,District - Ganderbal (11),Total,30-34,20356,11032,9324,2802,1950,852,17309,8997,8312,167,65,102,18,3,15,60,17,43,0,0,0
01,011,District - Ganderbal (11),Total,35-39,18736,9952,8784,749,545,204,17644,9276,8368,252,90,162,30,13,17,61,28,33,0,0,0
01,011,District - Ganderbal (11),Total,40-44,15420,8551,6869,408,297,111,14577,8111,6466,366,117,249,26,9,17,43,17,26,0,0,0
01,011,District - Ganderbal (11),Total,45-49,12433,6469,5964,160,111,49,11812,6195,5617,395,137,258,21,12,9,45,14,31,0,0,0
01,011,District - Ganderbal (11),Total,50-54,9295,5319,3976,143,104,39,8403,4948,3455,705,246,459,16,10,6,28,11,17,0,0,0
01,011,District - Ganderbal (11),Total,55-59,6733,3211,3522,87,59,28,6095,2951,3144,524,186,338,10,7,3,17,8,9,0,0,0
01,011,District - Ganderbal (11),Total,60-64,6866,3862,3004,273,177,96,5451,3309,2142,1110,358,752,20,11,9,12,7,5,0,0,0
01,011,District - Ganderbal (11),Total,65-69,4434,2114,2320,318,174,144,3314,1671,1643,780,256,524,15,10,5,7,3,4,0,0,0
01,011,District - Ganderbal (11),Total,70-74,4063,2307,1756,171,98,73,2555,1718,837,1312,478,834,15,9,6,10,4,6,0,0,0
01,011,District - Ganderbal (11),Total,75-79,1600,797,803,37,21,16,991,555,436,557,211,346,13,8,5,2,2,0,0,0,0
01,011,District - Ganderbal (11),Total,80+,2920,1587,1333,285,168,117,1425,890,535,1183,512,671,18,12,6,9,5,4,0,0,0
01,011,District - Ganderbal (11),Total,Age not stated,425,310,115,325,257,68,89,48,41,9,3,6,1,1,0,1,1,0,0,0,0
01,011,District - Ganderbal (11),Total,Less than 18,128955,68264,60691,127453,67663,59790,1434,568,866,32,16,16,27,14,13,9,3,6,0,0,0
01,011,District - Ganderbal (11),Total,Less than 21,148784,78352,70432,144762,76949,67813,3917,1356,2561,54,23,31,36,19,17,15,5,10,0,0,0
01,011,District - Ganderbal (11),Rural,All ages,250407,133715,116692,146066,80011,66055,97354,51076,46278,6406,2376,4030,241,118,123,340,134,206,0,0,0
01,011,District - Ganderbal (11),Rural,0-9,60663,32150,28513,60663,32150,28513,0,0,0,0,0,0,0,0,0,0,0,0,0,0,0
01,011,District - Ganderbal (11),Rural,10-14,31437,16549,14888,30777,16253,14524,622,276,346,17,10,7,13,8,5,8,2,6,0,0,0
01,011,District - Ganderbal (11),Rural,15-19,27331,14164,13167,25714,13640,12074,1585,509,1076,20,7,13,10,6,4,2,2,0,0,0,0
01,011,District - Ganderbal (11),Rural,20-24,23449,12529,10920,16653,9713,6940,6698,2787,3911,58,21,37,20,2,18,20,6,14,0,0,0
01,011,District - Ganderbal (11),Rural,25-29,21420,12026,9394,7518,4980,2538,13749,6992,6757,82,30,52,21,7,14,50,17,33,0,0,0
01,011,District - Ganderbal (11),Rural,30-34,17332,9402,7930,2226,1557,669,14889,7770,7119,148,56,92,14,3,11,55,16,39,0,0,0
01,011,District - Ganderbal (11),Rural,35-39,15583,8259,7324,601,437,164,14685,7703,6982,223,83,140,26,13,13,48,23,25,0,0,0
01,011,District - Ganderbal (11),Rural,40-44,12660,7031,5629,348,253,95,11932,6650,5282,323,106,217,21,7,14,36,15,21,0,0,0
01,011,District - Ganderbal (11),Rural,45-49,10146,5257,4889,129,94,35,9626,5022,4604,330,117,213,19,11,8,42,13,29,0,0,0
01,011,District - Ganderbal (11),Rural,50-54,7673,4396,3277,119,87,32,6930,4072,2858,585,217,368,14,9,5,25,11,14,0,0,0
01,011,District - Ganderbal (11),Rural,55-59,5599,2665,2934,76,54,22,5058,2436,2622,442,163,279,8,5,3,15,7,8,0,0,0
01,011,District - Ganderbal (11),Rural,60-64,5764,3246,2518,244,155,89,4552,2760,1792,938,313,625,18,11,7,12,7,5,0,0,0
01,011,District - Ganderbal (11),Rural,65-69,3739,1786,1953,277,151,126,2788,1407,1381,654,215,439,14,10,4,6,3,3,0,0,0
01,011,District - Ganderbal (11),Rural,70-74,3393,1953,1440,151,92,59,2115,1435,680,1104,415,689,13,7,6,10,4,6,0,0,0
01,011,District - Ganderbal (11),Rural,75-79,1324,653,671,33,19,14,811,444,367,466,181,285,12,7,5,2,2,0,0,0,0
01,011,District - Ganderbal (11),Rural,80+,2497,1362,1135,232,136,96,1233,771,462,1007,439,568,17,11,6,8,5,3,0,0,0
01,011,District - Ganderbal (11),Rural,Age not stated,397,287,110,305,240,65,81,42,39,9,3,6,1,1,0,1,1,0,0,0,0
01,011,District - Ganderbal (11),Rural,Less than 18,109144,57594,51550,107838,57055,50783,1247,509,738,31,15,16,19,12,7,9,3,6,0,0,0
01,011,District - Ganderbal (11),Rural,Less than 21,125902,66212,59690,122392,64968,57424,3418,1202,2216,51,22,29,26,15,11,15,5,10,0,0,0
01,011,District - Ganderbal (11),Urban,All ages,47039,25005,22034,27282,14985,12297,18531,9637,8894,1145,357,788,38,14,24,43,12,31,0,0,0
01,011,District - Ganderbal (11),Urban,0-9,11370,6213,5157,11370,6213,5157,0,0,0,0,0,0,0,0,0,0,0,0,0,0,0
01,011,District - Ganderbal (11),Urban,10-14,5542,2946,2596,5462,2915,2547,76,29,47,1,1,0,3,1,2,0,0,0,0,0,0
01,011,District - Ganderbal (11),Urban,15-19,4763,2430,2333,4513,2355,2158,243,73,170,1,0,1,6,2,4,0,0,0,0,0,0
01,011,District - Ganderbal (11),Urban,20-24,4345,2124,2221,3281,1749,1532,1052,369,683,7,4,3,2,1,1,3,1,2,0,0,0
01,011,District - Ganderbal (11),Urban,25-29,3845,2078,1767,1639,1067,572,2195,1009,1186,5,1,4,1,0,1,5,1,4,0,0,0
01,011,District - Ganderbal (11),Urban,30-34,3024,1630,1394,576,393,183,2420,1227,1193,19,9,10,4,0,4,5,1,4,0,0,0
01,011,District - Ganderbal (11),Urban,35-39,3153,1693,1460,148,108,40,2959,1573,1386,29,7,22,4,0,4,13,5,8,0,0,0
01,011,District - Ganderbal (11),Urban,40-44,2760,1520,1240,60,44,16,2645,1461,1184,43,11,32,5,2,3,7,2,5,0,0,0
01,011,District - Ganderbal (11),Urban,45-49,2287,1212,1075,31,17,14,2186,1173,1013,65,20,45,2,1,1,3,1,2,0,0,0
01,011,District - Ganderbal (11),Urban,50-54,1622,923,699,24,17,7,1473,876,597,120,29,91,2,1,1,3,0,3,0,0,0
01,011,District - Ganderbal (11),Urban,55-59,1134,546,588,11,5,6,1037,515,522,82,23,59,2,2,0,2,1,1,0,0,0
01,011,District - Ganderbal (11),Urban,60-64,1102,616,486,29,22,7,899,549,350,172,45,127,2,0,2,0,0,0,0,0,0
01,011,District - Ganderbal (11),Urban,65-69,695,328,367,41,23,18,526,264,262,126,41,85,1,0,1,1,0,1,0,0,0
01,011,District - Ganderbal (11),Urban,70-74,670,354,316,20,6,14,440,283,157,208,63,145,2,2,0,0,0,0,0,0,0
01,011,District - Ganderbal (11),Urban,75-79,276,144,132,4,2,2,180,111,69,91,30,61,1,1,0,0,0,0,0,0,0
01,011,District - Ganderbal (11),Urban,80+,423,225,198,53,32,21,192,119,73,176,73,103,1,1,0,1,0,1,0,0,0
01,011,District - Ganderbal (11),Urban,Age not stated,28,23,5,20,17,3,8,6,2,0,0,0,0,0,0,0,0,0,0,0,0
01,011,District - Ganderbal (11),Urban,Less than 18,19811,10670,9141,19615,10608,9007,187,59,128,1,1,0,8,2,6,0,0,0,0,0,0
01,011,District - Ganderbal (11),Urban,Less than 21,22882,12140,10742,22370,11981,10389,499,154,345,3,1,2,10,4,6,0,0,0,0,0,0
01,012,District - Pulwama (12),Total,All ages,560440,293064,267376,313158,168689,144469,227392,117678,109714,18405,6079,12326,535,232,303,950,386,564,0,0,0
01,012,District - Pulwama (12),Total,0-9,127540,68814,58726,127540,68814,58726,0,0,0,0,0,0,0,0,0,0,0,0,0,0,0
01,012,District - Pulwama (12),Total,10-14,55643,28869,26774,54782,28497,26285,814,352,462,25,13,12,21,7,14,1,0,1,0,0,0
01,012,District - Pulwama (12),Total,15-19,55325,27359,27966,52734,26561,26173,2531,777,1754,28,8,20,23,10,13,9,3,6,0,0,0
01,012,District - Pulwama (12),Total,20-24,54308,27160,27148,42347,22521,19826,11820,4591,7229,81,30,51,30,8,22,30,10,20,0,0,0
01,012,District - Pulwama (12),Total,25-29,49785,26637,23148,22927,13753,9174,26589,12788,13801,145,57,88,43,14,29,81,25,56,0,0,0
01,012,District - Pulwama (12),Total,30-34,41424,21692,19732,7361,4761,2600,33604,16775,16829,260,100,160,65,13,52,134,43,91,0,0,0
01,012,District - Pulwama (12),Total,35-39,36773,19385,17388,1776,1241,535,34381,17945,16436,414,131,283,44,12,32,158,56,102,0,0,0
01,012,District - Pulwama (12),Total,40-44,33050,17766,15284,959,656,303,31187,16800,14387,699,225,474,55,26,29,150,59,91,0,0,0
01,012,District - Pulwama (12),Total,45-49,25785,13531,12254,429,317,112,24309,12859,11450,914,301,613,41,19,22,92,35,57,0,0,0
01,012,District - Pulwama (12),Total,50-54,21543,11639,9904,382,300,82,19547,10786,8761,1499,496,1003,27,12,15,88,45,43,0,0,0
01,012,District - Pulwama (12),Total,55-59,15838,7771,8067,236,170,66,14018,7077,6941,1496,480,1016,37,23,14,51,21,30,0,0,0
01,012,District - Pulwama (12),Total,60-64,15396,8283,7113,321,236,85,12191,7127,5064,2801,875,1926,37,17,20,46,28,18,0,0,0
01,012,District - Pulwama (12),Total,65-69,9675,4599,5076,218,155,63,7007,3675,3332,2375,728,1647,35,20,15,40,21,19,0,0,0
01,012,District - Pulwama (12),Total,70-74,8968,4784,4184,227,146,81,5237,3497,1740,3431,1094,2337,35,24,11,38,23,15,0,0,0
01,012,District - Pulwama (12),Total,75-79,3667,1762,1905,97,60,37,1980,1163,817,1564,526,1038,11,7,4,15,6,9,0,0,0
01,012,District - Pulwama (12),Total,80+,5024,2601,2423,338,200,138,1979,1360,619,2661,1012,1649,30,19,11,16,10,6,0,0,0
01,012,District - Pulwama (12),Total,Age not stated,696,412,284,484,301,183,198,106,92,12,3,9,1,1,0,1,1,0,0,0,0
01,012,District - Pulwama (12),Total,Less than 18,216559,114275,102284,214617,113534,101083,1860,707,1153,42,17,25,33,15,18,7,2,5,0,0,0
01,012,District - Pulwama (12),Total,Less than 21,252156,131648,120508,246707,129852,116855,5306,1740,3566,76,31,45,54,20,34,13,5,8,0,0,0
01,012,District - Pulwama (12),Rural,All ages,479978,248096,231882,269819,144739,125080,192923,97425,95498,15940,5387,10553,459,191,268,837,354,483,0,0,0
01,012,District - Pulwama (12),Rural,0-9,109959,59390,50569,109959,59390,50569,0,0,0,0,0,0,0,0,0,0,0,0,0,0,0
01,012,District - Pulwama (12),Rural,10-14,48838,25312,23526,48111,25000,23111,691,298,393,19,9,10,16,5,11,1,0,1,0,0,0
01,012,District - Pulwama (12),Rural,15-19,48586,23962,24624,46270,23269,23001,2271,679,1592,22,6,16,18,7,11,5,1,4,0,0,0
01,012,District - Pulwama (12),Rural,20-24,46617,22936,23681,36208,19083,17125,10281,3811,6470,73,27,46,26,6,20,29,9,20,0,0,0
01,012,District - Pulwama (12),Rural,25-29,40724,20675,20049,18640,10902,7738,21859,9693,12166,122,46,76,35,10,25,68,24,44,0,0,0
01,012,District - Pulwama (12),Rural,30-34,34930,17871,17059,6030,3902,2128,28493,13826,14667,224,89,135,60,13,47,123,41,82,0,0,0
01,012,District - Pulwama (12),Rural,35-39,30942,15991,14951,1423,997,426,29014,14827,14187,347,111,236,33,7,26,125,49,76,0,0,0
01,012,District - Pulwama (12),Rural,40-44,27551,14434,13117,799,542,257,25966,13615,12351,609,203,406,45,20,25,132,54,78,0,0,0
01,012,District - Pulwama (12),Rural,45-49,21856,11289,10567,375,271,104,20596,10712,9884,771,259,512,34,15,19,80,32,48,0,0,0
01,012,District - Pulwama (12),Rural,50-54,18492,9917,8575,329,264,65,16772,9165,7607,1287,438,849,24,9,15,80,41,39,0,0,0
01,012,District - Pulwama (12),Rural,55-59,13654,6718,6936,200,150,50,12097,6102,5995,1279,429,850,33,20,13,45,17,28,0,0,0
01,012,District - Pulwama (12),Rural,60-64,13345,7145,6200,274,204,70,10555,6137,4418,2437,762,1675,36,16,20,43,26,17,0,0,0
01,012,District - Pulwama (12),Rural,65-69,8430,4032,4398,192,140,52,6120,3205,2915,2044,647,1397,34,19,15,40,21,19,0,0,0
01,012,District - Pulwama (12),Rural,70-74,7832,4225,3607,202,134,68,4589,3075,1514,2974,972,2002,32,22,10,35,22,13,0,0,0
01,012,District - Pulwama (12),Rural,75-79,3186,1542,1644,85,55,30,1722,1003,719,1357,473,884,8,5,3,14,6,8,0,0,0
01,012,District - Pulwama (12),Rural,80+,4437,2313,2124,293,175,118,1738,1198,540,2365,913,1452,25,17,8,16,10,6,0,0,0
01,012,District - Pulwama (12),Rural,Age not stated,599,344,255,429,261,168,159,79,80,10,3,7,0,0,0,1,1,0,0,0,0
01,012,District - Pulwama (12),Rural,Less than 18,188199,99252,88947,186523,98627,87896,1617,602,1015,32,12,20,23,10,13,4,1,3,0,0,0
01,012,District - Pulwama (12),Rural,Less than 21,219258,114409,104849,214416,112833,101583,4729,1534,3195,61,24,37,43,15,28,9,3,6,0,0,0
01,012,District - Pulwama (12),Urban,All ages,80462,44968,35494,43339,23950,19389,34469,20253,14216,2465,692,1773,76,41,35,113,32,81,0,0,0
01,012,District - Pulwama (12),Urban,0-9,17581,9424,8157,17581,9424,8157,0,0,0,0,0,0,0,0,0,0,0,0,0,0,0
01,012,District - Pulwama (12),Urban,10-14,6805,3557,3248,6671,3497,3174,123,54,69,6,4,2,5,2,3,0,0,0,0,0,0
01,012,District - Pulwama (12),Urban,15-19,6739,3397,3342,6464,3292,3172,260,98,162,6,2,4,5,3,2,4,2,2,0,0,0
01,012,District - Pulwama (12),Urban,20-24,7691,4224,3467,6139,3438,2701,1539,780,759,8,3,5,4,2,2,1,1,0,0,0,0
01,012,District - Pulwama (12),Urban,25-29,9061,5962,3099,4287,2851,1436,4730,3095,1635,23,11,12,8,4,4,13,1,12,0,0,0
01,012,District - Pulwama (12),Urban,30-34,6494,3821,2673,1331,859,472,5111,2949,2162,36,11,25,5,0,5,11,2,9,0,0,0
01,012,District - Pulwama (12),Urban,35-39,5831,3394,2437,353,244,109,5367,3118,2249,67,20,47,11,5,6,33,7,26,0,0,0
01,012,District - Pulwama (12),Urban,40-44,5499,3332,2167,160,114,46,5221,3185,2036,90,22,68,10,6,4,18,5,13,0,0,0
01,012,District - Pulwama (12),Urban,45-49,3929,2242,1687,54,46,8,3713,2147,1566,143,42,101,7,4,3,12,3,9,0,0,0
01,012,District - Pulwama (12),Urban,50-54,3051,1722,1329,53,36,17,2775,1621,1154,212,58,154,3,3,0,8,4,4,0,0,0
01,012,District - Pulwama (12),Urban,55-59,2184,1053,1131,36,20,16,1921,975,946,217,51,166,4,3,1,6,4,2,0,0,0
01,012,District - Pulwama (12),Urban,60-64,2051,1138,913,47,32,15,1636,990,646,364,113,251,1,1,0,3,2,1,0,0,0
01,012,District - Pulwama (12),Urban,65-69,1245,567,678,26,15,11,887,470,417,331,81,250,1,1,0,0,0,0,0,0,0
01,012,District - Pulwama (12),Urban,70-74,1136,559,577,25,12,13,648,422,226,457,122,335,3,2,1,3,1,2,0,0,0
01,012,District - Pulwama (12),Urban,75-79,481,220,261,12,5,7,258,160,98,207,53,154,3,2,1,1,0,1,0,0,0
01,012,District - Pulwama (12),Urban,80+,587,288,299,45,25,20,241,162,79,296,99,197,5,2,3,0,0,0,0,0,0
01,012,District - Pulwama (12),Urban,Age not stated,97,68,29,55,40,15,39,27,12,2,0,2,1,1,0,0,0,0,0,0,0
01,012,District - Pulwama (12),Urban,Less than 18,28360,15023,13337,28094,14907,13187,243,105,138,10,5,5,10,5,5,3,1,2,0,0,0
01,012,District - Pulwama (12),Urban,Less than 21,32898,17239,15659,32291,17019,15272,577,206,371,15,7,8,11,5,6,4,2,2,0,0,0
01,013,District - Shupiyan (13),Total,All ages,266215,136480,129735,149290,78702,70588,108798,54882,53916,7681,2703,4978,184,90,94,262,103,159,0,0,0
01,013,District - Shupiyan (13),Total,0-9,58776,30926,27850,58776,30926,27850,0,0,0,0,0,0,0,0,0,0,0,0,0,0,0
01,013,District - Shupiyan (13),Total,10-14,31592,15975,15617,31012,15747,15265,557,216,341,11,4,7,11,8,3,1,0,1,0,0,0
01,013,District - Shupiyan (13),Total,15-19,31313,15433,15880,29647,14910,14737,1629,509,1120,22,7,15,12,6,6,3,1,2,0,0,0
01,013,District - Shupiyan (13),Total,20-24,26737,13021,13716,19096,10300,8796,7573,2700,4873,46,13,33,12,5,7,10,3,7,0,0,0
01,013,District - Shupiyan (13),Total,25-29,21668,10960,10708,7182,4423,2759,14382,6508,7874,68,19,49,18,6,12,18,4,14,0,0,0
01,013,District - Shupiyan (13),Total,30-34,18304,9373,8931,1840,1227,613,16304,8094,8210,107,38,69,12,3,9,41,11,30,0,0,0
01,013,District - Shupiyan (13),Total,35-39,16844,8634,8210,481,332,149,16135,8218,7917,166,59,107,18,5,13,44,20,24,0,0,0
01,013,District - Shupiyan (13),Total,40-44,14087,7463,6624,209,139,70,13542,7208,6334,291,104,187,11,3,8,34,9,25,0,0,0
01,013,District - Shupiyan (13),Total,45-49,11517,5821,5696,124,98,26,10966,5571,5395,382,129,253,14,7,7,31,16,15,0,0,0
01,013,District - Shupiyan (13),Total,50-54,9728,5396,4332,126,82,44,8835,5058,3777,727,238,489,14,7,7,26,11,15,0,0,0
01,013,District - Shupiyan (13),Total,55-59,6898,3287,3611,86,59,27,6176,2999,3177,609,213,396,10,5,5,17,11,6,0,0,0
01,013,District - Shupiyan (13),Total,60-64,6921,3977,2944,127,84,43,5529,3473,2056,1240,403,837,11,9,2,14,8,6,0,0,0
01,013,District - Shupiyan (13),Total,65-69,3836,1867,1969,92,61,31,2905,1516,1389,822,285,537,7,4,3,10,1,9,0,0,0
01,013,District - Shupiyan (13),Total,70-74,3846,2113,1733,98,57,41,2302,1554,748,1424,488,936,14,9,5,8,5,3,0,0,0
01,013,District - Shupiyan (13),Total,75-79,1479,757,722,38,26,12,849,500,349,583,226,357,8,4,4,1,1,0,0,0,0
01,013,District - Shupiyan (13),Total,80+,2450,1324,1126,186,102,84,1071,737,334,1178,474,704,12,9,3,3,2,1,0,0,0
01,013,District - Shupiyan (13),Total,Age not stated,219,153,66,170,129,41,43,21,22,5,3,2,0,0,0,1,0,1,0,0,0
01,013,District - Shupiyan (13),Total,Less than 18,109649,56455,53194,108408,56002,52406,1197,432,765,22,7,15,19,13,6,3,1,2,0,0,0
01,013,District - Shupiyan (13),Total,Less than 21,129194,65922,63272,125519,64721,60798,3586,1165,2421,56,19,37,29,16,13,4,1,3,0,0,0
01,013,District - Shupiyan (13),Rural,All ages,249855,127161,122694,141267,74224,67043,100992,50165,50827,7186,2589,4597,174,84,90,236,99,137,0,0,0
01,013,District - Shupiyan (13),Rural,0-9,56045,29450,26595,56045,29450,26595,0,0,0,0,0,0,0,0,0,0,0,0,0,0,0
01,013,District - Shupiyan (13),Rural,10-14,30369,15385,14984,29815,15167,14648,531,206,325,11,4,7,11,8,3,1,0,1,0,0,0
01,013,District - Shupiyan (13),Rural,15-19,29949,14771,15178,28335,14264,14071,1578,494,1084,21,6,15,12,6,6,3,1,2,0,0,0
01,013,District - Shupiyan (13),Rural,20-24,25108,12097,13011,17770,9533,8237,7271,2543,4728,45,13,32,12,5,7,10,3,7,0,0,0
01,013,District - Shupiyan (13),Rural,25-29,19419,9434,9985,6136,3705,2431,13185,5701,7484,63,18,45,18,6,12,17,4,13,0,0,0
01,013,District - Shupiyan (13),Rural,30-34,16789,8434,8355,1611,1057,554,15029,7328,7701,100,35,65,11,3,8,38,11,27,0,0,0
01,013,District - Shupiyan (13),Rural,35-39,15480,7818,7662,437,300,137,14835,7442,7393,153,55,98,17,4,13,38,17,21,0,0,0
01,013,District - Shupiyan (13),Rural,40-44,13012,6797,6215,181,119,62,12524,6571,5953,267,96,171,10,3,7,30,8,22,0,0,0
01,013,District - Shupiyan (13),Rural,45-49,10674,5350,5324,112,91,21,10170,5115,5055,350,121,229,14,7,7,28,16,12,0,0,0
01,013,District - Shupiyan (13),Rural,50-54,9077,5034,4043,115,74,41,8246,4713,3533,680,231,449,12,5,7,24,11,13,0,0,0
01,013,District - Shupiyan (13),Rural,55-59,6406,3024,3382,78,52,26,5724,2755,2969,579,202,377,8,4,4,17,11,6,0,0,0
01,013,District - Shupiyan (13),Rural,60-64,6493,3739,2754,112,73,39,5198,3259,1939,1160,391,769,10,8,2,13,8,5,0,0,0
01,013,District - Shupiyan (13),Rural,65-69,3562,1726,1836,81,54,27,2708,1397,1311,761,270,491,6,4,2,6,1,5,0,0,0
01,013,District - Shupiyan (13),Rural,70-74,3622,2012,1610,88,53,35,2169,1470,699,1346,476,870,13,8,5,6,5,1,0,0,0
01,013,District - Shupiyan (13),Rural,75-79,1364,696,668,32,21,11,789,459,330,534,211,323,8,4,4,1,1,0,0,0,0
01,013,District - Shupiyan (13),Rural,80+,2286,1249,1037,160,87,73,999,694,305,1112,457,655,12,9,3,3,2,1,0,0,0
01,013,District - Shupiyan (13),Rural,Age not stated,200,145,55,159,124,35,36,18,18,4,3,1,0,0,0,1,0,1,0,0,0
01,013,District - Shupiyan (13),Rural,Less than 18,104898,54000,50898,103709,53566,50143,1145,413,732,22,7,15,19,13,6,3,1,2,0,0,0
01,013,District - Shupiyan (13),Rural,Less than 21,123552,63031,60521,119979,61863,58116,3485,1133,2352,55,18,37,29,16,13,4,1,3,0,0,0
01,013,District - Shupiyan (13),Urban,All ages,16360,9319,7041,8023,4478,3545,7806,4717,3089,495,114,381,10,6,4,26,4,22,0,0,0
01,013,District - Shupiyan (13),Urban,0-9,2731,1476,1255,2731,1476,1255,0,0,0,0,0,0,0,0,0,0,0,0,0,0,0
01,013,District - Shupiyan (13),Urban,10-14,1223,590,633,1197,580,617,26,10,16,0,0,0,0,0,0,0,0,0,0,0,0
01,013,District - Shupiyan (13),Urban,15-19,1364,662,702,1312,646,666,51,15,36,1,1,0,0,0,0,0,0,0,0,0,0
01,013,District - Shupiyan (13),Urban,20-24,1629,924,705,1326,767,559,302,157,145,1,0,1,0,0,0,0,0,0,0,0,0
01,013,District - Shupiyan (13),Urban,25-29,2249,1526,723,1046,718,328,1197,807,390,5,1,4,0,0,0,1,0,1,0,0,0
01,013,District - Shupiyan (13),Urban,30-34,1515,939,576,229,170,59,1275,766,509,7,3,4,1,0,1,3,0,3,0,0,0
01,013,District - Shupiyan (13),Urban,35-39,1364,816,548,44,32,12,1300,776,524,13,4,9,1,1,0,6,3,3,0,0,0
01,013,District - Shupiyan (13),Urban,40-44,1075,666,409,28,20,8,1018,637,381,24,8,16,1,0,1,4,1,3,0,0,0
01,013,District - Shupiyan (13),Urban,45-49,843,471,372,12,7,5,796,456,340,32,8,24,0,0,0,3,0,3,0,0,0
01,013,District - Shupiyan (13),Urban,50-54,651,362,289,11,8,3,589,345,244,47,7,40,2,2,0,2,0,2,0,0,0
01,013,District - Shupiyan (13),Urban,55-59,492,263,229,8,7,1,452,244,208,30,11,19,2,1,1,0,0,0,0,0,0
01,013,District - Shupiyan (13),Urban,60-64,428,238,190,15,11,4,331,214,117,80,12,68,1,1,0,1,0,1,0,0,0
01,013,District - Shupiyan (13),Urban,65-69,274,141,133,11,7,4,197,119,78,61,15,46,1,0,1,4,0,4,0,0,0
01,013,District - Shupiyan (13),Urban,70-74,224,101,123,10,4,6,133,84,49,78,12,66,1,1,0,2,0,2,0,0,0
01,013,District - Shupiyan (13),Urban,75-79,115,61,54,6,5,1,60,41,19,49,15,34,0,0,0,0,0,0,0,0,0
01,013,District - Shupiyan (13),Urban,80+,164,75,89,26,15,11,72,43,29,66,17,49,0,0,0,0,0,0,0,0,0
01,013,District - Shupiyan (13),Urban,Age not stated,19,8,11,11,5,6,7,3,4,1,0,1,0,0,0,0,0,0,0,0,0
01,013,District - Shupiyan (13),Urban,Less than 18,4751,2455,2296,4699,2436,2263,52,19,33,0,0,0,0,0,0,0,0,0,0,0,0
01,013,District - Shupiyan (13),Urban,Less than 21,5642,2891,2751,5540,2858,2682,101,32,69,1,1,0,0,0,0,0,0,0,0,0,0
01,014,District - Anantnag (14),Total,All ages,1078692,559767,518925,652083,350761,301322,390968,196835,194133,32446,11014,21432,1638,552,1086,1557,605,952,0,0,0
01,014,District - Anantnag (14),Total,0-9,286881,154128,132753,286881,154128,132753,0,0,0,0,0,0,0,0,0,0,0,0,0,0,0
01,014,District - Anantnag (14),Total,10-14,135721,70923,64798,133791,70214,63577,1818,658,1160,58,23,35,47,26,21,7,2,5,0,0,0
01,014,District - Anantnag (14),Total,15-19,105248,53368,51880,100209,51849,48360,4897,1464,3433,76,31,45,45,16,29,21,8,13,0,0,0
01,014,District - Anantnag (14),Total,20-24,93874,46732,47142,71082,38489,32593,22486,8151,14335,170,58,112,73,19,54,63,15,48,0,0,0
01,014,District - Anantnag (14),Total,25-29,82421,41517,40904,35600,20580,15020,46236,20741,25495,296,116,180,165,45,120,124,35,89,0,0,0
01,014,District - Anantnag (14),Total,30-34,72628,36673,35955,13875,8444,5431,57743,27893,29850,576,214,362,204,41,163,230,81,149,0,0,0
01,014,District - Anantnag (14),Total,35-39,65284,32791,32493,4025,2585,1440,60004,29758,30246,855,321,534,184,46,138,216,81,135,0,0,0
01,014,District - Anantnag (14),Total,40-44,57521,30732,26789,1905,1299,606,53625,28698,24927,1527,589,938,224,61,163,240,85,155,0,0,0
01,014,District - Anantnag (14),Total,45-49,44555,22886,21669,882,625,257,41553,21488,20065,1805,644,1161,134,45,89,181,84,97,0,0,0
01,014,District - Anantnag (14),Total,50-54,37307,20403,16904,694,524,170,33280,18660,14620,3032,1102,1930,149,54,95,152,63,89,0,0,0
01,014,District - Anantnag (14),Total,55-59,26657,13023,13634,410,297,113,23410,11761,11649,2656,893,1763,88,30,58,93,42,51,0,0,0
01,014,District - Anantnag (14),Total,60-64,26033,14278,11755,696,474,222,19918,12054,7864,5212,1661,3551,116,50,66,91,39,52,0,0,0
01,014,District - Anantnag (14),Total,65-69,15151,7110,8041,380,213,167,10924,5676,5248,3739,1165,2574,56,29,27,52,27,25,0,0,0
01,014,District - Anantnag (14),Total,70-74,14982,7871,7111,405,236,169,8400,5659,2741,6034,1901,4133,87,48,39,56,27,29,0,0,0
01,014,District - Anantnag (14),Total,75-79,5689,2725,2964,120,75,45,3163,1830,1333,2362,787,1575,33,23,10,11,10,1,0,0,0
01,014,District - Anantnag (14),Total,80+,7700,3927,3773,416,217,199,3217,2190,1027,4017,1496,2521,32,19,13,18,5,13,0,0,0
01,014,District - Anantnag (14),Total,Age not stated,1040,680,360,712,512,200,294,154,140,31,13,18,1,0,1,2,1,1,0,0,0
01,014,District - Anantnag (14),Total,Less than 18,488490,258726,229764,484487,257336,227151,3808,1304,2504,105,42,63,73,36,37,17,8,9,0,0,0
01,014,District - Anantnag (14),Total,Less than 21,554451,291774,262677,543325,288174,255151,10792,3464,7328,186,74,112,110,48,62,38,14,24,0,0,0
01,014,District - Anantnag (14),Rural,All ages,795805,411012,384793,486840,261312,225528,282647,140151,142496,23971,8671,15300,1157,397,760,1190,481,709,0,0,0
01,014,District - Anantnag (14),Rural,0-9,221350,118777,102573,221350,118777,102573,0,0,0,0,0,0,0,0,0,0,0,0,0,0,0
01,014,District - Anantnag (14),Rural,10-14,103466,53882,49584,102010,53362,48648,1376,484,892,40,13,27,35,22,13,5,1,4,0,0,0
01,014,District - Anantnag (14),Rural,15-19,78972,39838,39134,74944,38634,36310,3909,1157,2752,65,29,36,35,12,23,19,6,13,0,0,0
01,014,District - Anantnag (14),Rural,20-24,68303,33730,34573,50369,27314,23055,17698,6343,11355,125,47,78,57,15,42,54,11,43,0,0,0
01,014,District - Anantnag (14),Rural,25-29,57684,28435,29249,23125,13569,9556,34111,14717,19394,213,80,133,130,38,92,105,31,74,0,0,0
01,014,District - Anantnag (14),Rural,30-34,50894,25489,25405,8245,5133,3112,41892,20082,21810,429,171,258,154,32,122,174,71,103,0,0,0
01,014,District - Anantnag (14),Rural,35-39,45948,22684,23264,2256,1480,776,42755,20836,21919,658,271,387,118,33,85,161,64,97,0,0,0
01,014,District - Anantnag (14),Rural,40-44,40464,21387,19077,1171,819,352,37823,19984,17839,1162,483,679,144,42,102,164,59,105,0,0,0
01,014,District - Anantnag (14),Rural,45-49,31462,15901,15561,574,393,181,29333,14907,14426,1326,505,821,98,34,64,131,62,69,0,0,0
01,014,District - Anantnag (14),Rural,50-54,26786,14621,12165,469,349,120,23794,13297,10497,2308,894,1414,96,32,64,119,49,70,0,0,0
01,014,District - Anantnag (14),Rural,55-59,18933,9238,9695,287,211,76,16598,8283,8315,1919,688,1231,55,19,36,74,37,37,0,0,0
01,014,District - Anantnag (14),Rural,60-64,18916,10415,8501,511,339,172,14387,8726,5661,3862,1285,2577,86,34,52,70,31,39,0,0,0
01,014,District - Anantnag (14),Rural,65-69,10956,5141,5815,282,151,131,7876,4051,3825,2712,894,1818,42,21,21,44,24,20,0,0,0
01,014,District - Anantnag (14),Rural,70-74,11039,5940,5099,300,176,124,6171,4179,1992,4458,1529,2929,64,34,30,46,22,24,0,0,0
01,014,District - Anantnag (14),Rural,75-79,4003,1949,2054,93,58,35,2244,1286,958,1633,579,1054,23,17,6,10,9,1,0,0,0
01,014,District - Anantnag (14),Rural,80+,5809,3057,2752,307,159,148,2440,1693,747,3031,1190,1841,19,12,7,12,3,9,0,0,0
01,014,District - Anantnag (14),Rural,Age not stated,820,528,292,547,388,159,240,126,114,30,13,17,1,0,1,2,1,1,0,0,0
01,014,District - Anantnag (14),Rural,Less than 18,374505,197940,176565,371448,196897,174551,2910,977,1933,80,31,49,53,29,24,14,6,8,0,0,0
01,014,District - Anantnag (14),Rural,Less than 21,423579,222389,201190,414724,219544,195180,8593,2734,5859,147,60,87,82,40,42,33,11,22,0,0,0
01,014,District - Anantnag (14),Urban,All ages,282887,148755,134132,165243,89449,75794,108321,56684,51637,8475,2343,6132,481,155,326,367,124,243,0,0,0
01,014,District - Anantnag (14),Urban,0-9,65531,35351,30180,65531,35351,30180,0,0,0,0,0,0,0,0,0,0,0,0,0,0,0
01,014,District - Anantnag (14),Urban,10-14,32255,17041,15214,31781,16852,14929,442,174,268,18,10,8,12,4,8,2,1,1,0,0,0
01,014,District - Anantnag (14),Urban,15-19,26276,13530,12746,25265,13215,12050,988,307,681,11,2,9,10,4,6,2,2,0,0,0,0
01,014,District - Anantnag (14),Urban,20-24,25571,13002,12569,20713,11175,9538,4788,1808,2980,45,11,34,16,4,12,9,4,5,0,0,0
01,014,District - Anantnag (14),Urban,25-29,24737,13082,11655,12475,7011,5464,12125,6024,6101,83,36,47,35,7,28,19,4,15,0,0,0
01,014,District - Anantnag (14),Urban,30-34,21734,11184,10550,5630,3311,2319,15851,7811,8040,147,43,104,50,9,41,56,10,46,0,0,0
01,014,District - Anantnag (14),Urban,35-39,19336,10107,9229,1769,1105,664,17249,8922,8327,197,50,147,66,13,53,55,17,38,0,0,0
01,014,District - Anantnag (14),Urban,40-44,17057,9345,7712,734,480,254,15802,8714,7088,365,106,259,80,19,61,76,26,50,0,0,0
01,014,District - Anantnag (14),Urban,45-49,13093,6985,6108,308,232,76,12220,6581,5639,479,139,340,36,11,25,50,22,28,0,0,0
01,014,District - Anantnag (14),Urban,50-54,10521,5782,4739,225,175,50,9486,5363,4123,724,208,516,53,22,31,33,14,19,0,0,0
01,014,District - Anantnag (14),Urban,55-59,7724,3785,3939,123,86,37,6812,3478,3334,737,205,532,33,11,22,19,5,14,0,0,0
01,014,District - Anantnag (14),Urban,60-64,7117,3863,3254,185,135,50,5531,3328,2203,1350,376,974,30,16,14,21,8,13,0,0,0
01,014,District - Anantnag (14),Urban,65-69,4195,1969,2226,98,62,36,3048,1625,1423,1027,271,756,14,8,6,8,3,5,0,0,0
01,014,District - Anantnag (14),Urban,70-74,3943,1931,2012,105,60,45,2229,1480,749,1576,372,1204,23,14,9,10,5,5,0,0,0
01,014,District - Anantnag (14),Urban,75-79,1686,776,910,27,17,10,919,544,375,729,208,521,10,6,4,1,1,0,0,0,0
01,014,District - Anantnag (14),Urban,80+,1891,870,1021,109,58,51,777,497,280,986,306,680,13,7,6,6,2,4,0,0,0
01,014,District - Anantnag (14),Urban,Age not stated,220,152,68,165,124,41,54,28,26,1,0,1,0,0,0,0,0,0,0,0,0
01,014,District - Anantnag (14),Urban,Less than 18,113985,60786,53199,113039,60439,52600,898,327,571,25,11,14,20,7,13,3,2,1,0,0,0
01,014,District - Anantnag (14),Urban,Less than 21,130872,69385,61487,128601,68630,59971,2199,730,1469,39,14,25,28,8,20,5,3,2,0,0,0
01,015,District - Kulgam (15),Total,All ages,424483,217620,206863,241611,127847,113764,169008,84544,84464,12746,4725,8021,462,197,265,656,307,349,0,0,0
01,015,District - Kulgam (15),Total,0-9,97994,51546,46448,97994,51546,46448,0,0,0,0,0,0,0,0,0,0,0,0,0,0,0
01,015,District - Kulgam (15),Total,10-14,49228,25177,24051,48472,24878,23594,718,280,438,18,6,12,15,11,4,5,2,3,0,0,0
01,015,District - Kulgam (15),Total,15-19,44153,21986,22167,41929,21317,20612,2148,637,1511,44,19,25,25,9,16,7,4,3,0,0,0
01,015,District - Kulgam (15),Total,20-24,41190,20010,21180,30738,16322,14416,10311,3633,6678,86,34,52,27,11,16,28,10,18,0,0,0
01,015,District - Kulgam (15),Total,25-29,34293,16952,17341,14047,8211,5836,20047,8671,11376,101,38,63,43,10,33,55,22,33,0,0,0
01,015,District - Kulgam (15),Total,30-34,30079,15088,14991,4639,2989,1650,25126,11989,13137,177,70,107,49,8,41,88,32,56,0,0,0
01,015,District - Kulgam (15),Total,35-39,27261,13932,13329,1158,798,360,25654,12973,12681,296,103,193,42,11,31,111,47,64,0,0,0
01,015,District - Kulgam (15),Total,40-44,24124,12702,11422,592,403,189,22899,12074,10825,510,180,330,45,12,33,78,33,45,0,0,0
01,015,District - Kulgam (15),Total,45-49,18406,9543,8863,267,200,67,17350,9037,8313,686,258,428,35,14,21,68,34,34,0,0,0
01,015,District - Kulgam (15),Total,50-54,15802,8677,7125,238,178,60,14411,8037,6374,1078,426,652,27,13,14,48,23,25,0,0,0
01,015,District - Kulgam (15),Total,55-59,11222,5571,5651,165,126,39,10008,5048,4960,993,364,629,25,14,11,31,19,12,0,0,0
01,015,District - Kulgam (15),Total,60-64,11059,6108,4951,268,185,83,8691,5188,3503,2006,682,1324,37,23,14,57,30,27,0,0,0
01,015,District - Kulgam (15),Total,65-69,6694,3288,3406,235,132,103,4917,2610,2307,1482,510,972,31,17,14,29,19,10,0,0,0
01,015,District - Kulgam (15),Total,70-74,6394,3483,2911,204,110,94,3631,2448,1183,2501,883,1618,32,23,9,26,19,7,0,0,0
01,015,District - Kulgam (15),Total,75-79,2437,1242,1195,58,33,25,1376,811,565,979,386,593,10,6,4,14,6,8,0,0,0
01,015,District - Kulgam (15),Total,80+,3645,1980,1665,268,157,111,1572,1040,532,1775,761,1014,19,15,4,11,7,4,0,0,0
01,015,District - Kulgam (15),Total,Age not stated,502,335,167,339,262,77,149,68,81,14,5,9,0,0,0,0,0,0,0,0,0
01,015,District - Kulgam (15),Total,Less than 18,174281,90195,84086,172563,89582,82981,1628,573,1055,48,17,31,30,17,13,12,6,6,0,0,0
01,015,District - Kulgam (15),Total,Less than 21,202719,104089,98630,197816,102538,95278,4755,1482,3273,86,40,46,47,22,25,15,7,8,0,0,0
01,015,District - Kulgam (15),Rural,All ages,343870,175574,168296,198264,104797,93467,134334,66413,67921,10356,3941,6415,382,165,217,534,258,276,0,0,0
01,015,District - Kulgam (15),Rural,0-9,81960,43126,38834,81960,43126,38834,0,0,0,0,0,0,0,0,0,0,0,0,0,0,0
01,015,District - Kulgam (15),Rural,10-14,40651,20759,19892,40034,20522,19512,583,220,363,17,6,11,12,9,3,5,2,3,0,0,0
01,015,District - Kulgam (15),Rural,15-19,35906,17869,18037,34076,17316,16760,1764,526,1238,37,16,21,24,8,16,5,3,2,0,0,0
01,015,District - Kulgam (15),Rural,20-24,33044,15919,17125,24535,12994,11541,8398,2875,5523,67,33,34,22,9,13,22,8,14,0,0,0
01,015,District - Kulgam (15),Rural,25-29,26920,13001,13919,10919,6374,4545,15836,6566,9270,82,32,50,38,9,29,45,20,25,0,0,0
01,015,District - Kulgam (15),Rural,30-34,23719,11708,12011,3649,2335,1314,19821,9280,10541,138,58,80,45,8,37,66,27,39,0,0,0
01,015,District - Kulgam (15),Rural,35-39,21663,10998,10665,911,634,277,20381,10230,10151,238,82,156,35,10,25,98,42,56,0,0,0
01,015,District - Kulgam (15),Rural,40-44,19034,9984,9050,481,334,147,18025,9456,8569,423,153,270,36,11,25,69,30,39,0,0,0
01,015,District - Kulgam (15),Rural,45-49,14612,7491,7121,227,171,56,13739,7060,6679,560,220,340,30,12,18,56,28,28,0,0,0
01,015,District - Kulgam (15),Rural,50-54,12671,6944,5727,195,148,47,11526,6396,5130,894,372,522,21,11,10,35,17,18,0,0,0
01,015,District - Kulgam (15),Rural,55-59,8928,4437,4491,135,103,32,7934,4010,3924,812,296,516,21,12,9,26,16,10,0,0,0
01,015,District - Kulgam (15),Rural,60-64,8833,4904,3929,208,144,64,6937,4154,2783,1614,563,1051,32,20,12,42,23,19,0,0,0
01,015,District - Kulgam (15),Rural,65-69,5397,2668,2729,178,101,77,3979,2122,1857,1192,415,777,22,12,10,26,18,8,0,0,0
01,015,District - Kulgam (15),Rural,70-74,5145,2816,2329,166,92,74,2918,1958,960,2018,735,1283,25,18,7,18,13,5,0,0,0
01,015,District - Kulgam (15),Rural,75-79,1975,1026,949,50,27,23,1116,664,452,790,325,465,7,5,2,12,5,7,0,0,0
01,015,District - Kulgam (15),Rural,80+,2954,1620,1334,224,133,91,1247,839,408,1462,631,831,12,11,1,9,6,3,0,0,0
01,015,District - Kulgam (15),Rural,Age not stated,458,304,154,316,243,73,130,57,73,12,4,8,0,0,0,0,0,0,0,0,0
01,015,District - Kulgam (15),Rural,Less than 18,144661,74807,69854,143249,74304,68945,1334,469,865,42,15,27,26,14,12,10,5,5,0,0,0
01,015,District - Kulgam (15),Rural,Less than 21,167808,86193,81615,163744,84913,78831,3935,1218,2717,74,37,37,42,19,23,13,6,7,0,0,0
01,015,District - Kulgam (15),Urban,All ages,80613,42046,38567,43347,23050,20297,34674,18131,16543,2390,784,1606,80,32,48,122,49,73,0,0,0
01,015,District - Kulgam (15),Urban,0-9,16034,8420,7614,16034,8420,7614,0,0,0,0,0,0,0,0,0,0,0,0,0,0,0
01,015,District - Kulgam (15),Urban,10-14,8577,4418,4159,8438,4356,4082,135,60,75,1,0,1,3,2,1,0,0,0,0,0,0
01,015,District - Kulgam (15),Urban,15-19,8247,4117,4130,7853,4001,3852,384,111,273,7,3,4,1,1,0,2,1,1,0,0,0
01,015,District - Kulgam (15),Urban,20-24,8146,4091,4055,6203,3328,2875,1913,758,1155,19,1,18,5,2,3,6,2,4,0,0,0
01,015,District - Kulgam (15),Urban,25-29,7373,3951,3422,3128,1837,1291,4211,2105,2106,19,6,13,5,1,4,10,2,8,0,0,0
01,015,District - Kulgam (15),Urban,30-34,6360,3380,2980,990,654,336,5305,2709,2596,39,12,27,4,0,4,22,5,17,0,0,0
01,015,District - Kulgam (15),Urban,35-39,5598,2934,2664,247,164,83,5273,2743,2530,58,21,37,7,1,6,13,5,8,0,0,0
01,015,District - Kulgam (15),Urban,40-44,5090,2718,2372,111,69,42,4874,2618,2256,87,27,60,9,1,8,9,3,6,0,0,0
01,015,District - Kulgam (15),Urban,45-49,3794,2052,1742,40,29,11,3611,1977,1634,126,38,88,5,2,3,12,6,6,0,0,0
01,015,District - Kulgam (15),Urban,50-54,3131,1733,1398,43,30,13,2885,1641,1244,184,54,130,6,2,4,13,6,7,0,0,0
01,015,District - Kulgam (15),Urban,55-59,2294,1134,1160,30,23,7,2074,1038,1036,181,68,113,4,2,2,5,3,2,0,0,0
01,015,District - Kulgam (15),Urban,60-64,2226,1204,1022,60,41,19,1754,1034,720,392,119,273,5,3,2,15,7,8,0,0,0
01,015,District - Kulgam (15),Urban,65-69,1297,620,677,57,31,26,938,488,450,290,95,195,9,5,4,3,1,2,0,0,0
01,015,District - Kulgam (15),Urban,70-74,1249,667,582,38,18,20,713,490,223,483,148,335,7,5,2,8,6,2,0,0,0
01,015,District - Kulgam (15),Urban,75-79,462,216,246,8,6,2,260,147,113,189,61,128,3,1,2,2,1,1,0,0,0
01,015,District - Kulgam (15),Urban,80+,691,360,331,44,24,20,325,201,124,313,130,183,7,4,3,2,1,1,0,0,0
01,015,District - Kulgam (15),Urban,Age not stated,44,31,13,23,19,4,19,11,8,2,1,1,0,0,0,0,0,0,0,0,0
01,015,District - Kulgam (15),Urban,Less than 18,29620,15388,14232,29314,15278,14036,294,104,190,6,2,4,4,3,1,2,1,1,0,0,0
01,015,District - Kulgam (15),Urban,Less than 21,34911,17896,17015,34072,17625,16447,820,264,556,12,3,9,5,3,2,2,1,1,0,0,0
01,016,District - Doda (16),Total,All ages,409936,213641,196295,219736,120341,99395,175910,89127,86783,12942,3593,9349,683,242,441,665,338,327,0,0,0
01,016,District - Doda (16),Total,0-9,99752,51606,48146,99752,51606,48146,0,0,0,0,0,0,0,0,0,0,0,0,0,0,0
01,016,District - Doda (16),Total,10-14,50588,26174,24414,49784,25839,23945,774,326,448,16,5,11,9,3,6,5,1,4,0,0,0
01,016,District - Doda (16),Total,15-19,40541,21092,19449,36706,20001,16705,3778,1076,2702,33,10,23,12,2,10,12,3,9,0,0,0
01,016,District - Doda (16),Total,20-24,38242,19607,18635,20699,13374,7325,17357,6162,11195,91,25,66,29,15,14,66,31,35,0,0,0
01,016,District - Doda (16),Total,25-29,34453,18123,16330,7621,5703,1918,26503,12302,14201,223,72,151,33,11,22,73,35,38,0,0,0
01,016,District - Doda (16),Total,30-34,30158,15925,14233,2217,1720,497,27506,14086,13420,303,66,237,57,12,45,75,41,34,0,0,0
01,016,District - Doda (16),Total,35-39,25337,13595,11742,753,550,203,24001,12877,11124,432,98,334,62,24,38,89,46,43,0,0,0
01,016,District - Doda (16),Total,40-44,20989,11123,9866,483,333,150,19713,10568,9145,624,152,472,69,23,46,100,47,53,0,0,0
01,016,District - Doda (16),Total,45-49,16705,8734,7971,300,212,88,15532,8287,7245,738,184,554,88,26,62,47,25,22,0,0,0
01,016,District - Doda (16),Total,50-54,13820,7345,6475,209,153,56,12515,6883,5632,980,264,716,70,20,50,46,25,21,0,0,0
01,016,District - Doda (16),Total,55-59,9821,5147,4674,139,103,36,8676,4785,3891,917,221,696,56,20,36,33,18,15,0,0,0
01,016,District - Doda (16),Total,60-64,10087,5086,5001,245,167,78,7969,4427,3542,1773,446,1327,65,27,38,35,19,16,0,0,0
01,016,District - Doda (16),Total,65-69,7006,3685,3321,191,130,61,5158,3101,2057,1565,424,1141,60,16,44,32,14,18,0,0,0
01,016,District - Doda (16),Total,70-74,5357,2715,2642,135,97,38,3199,2053,1146,1964,532,1432,31,14,17,28,19,9,0,0,0
01,016,District - Doda (16),Total,75-79,2767,1477,1290,55,43,12,1524,1024,500,1161,391,770,15,11,4,12,8,4,0,0,0
01,016,District - Doda (16),Total,80+,3886,1940,1946,148,104,44,1587,1113,474,2112,699,1413,27,18,9,12,6,6,0,0,0
01,016,District - Doda (16),Total,Age not stated,427,267,160,299,206,93,118,57,61,10,4,6,0,0,0,0,0,0,0,0,0
01,016,District - Doda (16),Total,Less than 18,174961,90638,84323,172915,89885,83030,1987,736,1251,36,11,25,13,4,9,10,2,8,0,0,0
01,016,District - Doda (16),Total,Less than 21,199958,103386,96572,192309,101132,91177,7510,2218,5292,79,19,60,29,9,20,31,8,23,0,0,0
01,016,District - Doda (16),Rural,All ages,377247,195430,181817,203242,110773,92469,160710,80676,80034,12025,3426,8599,642,229,413,628,326,302,0,0,0
01,016,District - Doda (16),Rural,0-9,93836,48432,45404,93836,48432,45404,0,0,0,0,0,0,0,0,0,0,0,0,0,0,0
01,016,District - Doda (16),Rural,10-14,47045,24173,22872,46311,23865,22446,707,301,406,16,5,11,6,1,5,5,1,4,0,0,0
01,016,District - Doda (16),Rural,15-19,37280,19244,18036,33631,18208,15423,3597,1022,2575,30,10,20,11,1,10,11,3,8,0,0,0
01,016,District - Doda (16),Rural,20-24,35216,17952,17264,18549,12057,6492,16493,5827,10666,85,24,61,27,14,13,62,30,32,0,0,0
01,016,District - Doda (16),Rural,25-29,31264,16284,14980,6523,4946,1577,24432,11226,13206,209,67,142,30,11,19,70,34,36,0,0,0
01,016,District - Doda (16),Rural,30-34,27431,14422,13009,1830,1420,410,25198,12886,12312,278,65,213,53,12,41,72,39,33,0,0,0
01,016,District - Doda (16),Rural,35-39,22879,12209,10670,603,445,158,21740,11607,10133,397,91,306,55,22,33,84,44,40,0,0,0
01,016,District - Doda (16),Rural,40-44,18892,9892,9000,424,295,129,17725,9383,8342,583,148,435,67,22,45,93,44,49,0,0,0
01,016,District - Doda (16),Rural,45-49,14911,7771,7140,256,189,67,13861,7355,6506,668,177,491,84,26,58,42,24,18,0,0,0
01,016,District - Doda (16),Rural,50-54,12362,6505,5857,184,142,42,11172,6067,5105,898,252,646,65,19,46,43,25,18,0,0,0
01,016,District - Doda (16),Rural,55-59,8777,4542,4235,121,90,31,7740,4204,3536,832,210,622,54,20,34,30,18,12,0,0,0
01,016,District - Doda (16),Rural,60-64,9270,4615,4655,222,151,71,7286,3998,3288,1663,420,1243,64,27,37,35,19,16,0,0,0
01,016,District - Doda (16),Rural,65-69,6502,3423,3079,178,123,55,4777,2865,1912,1456,405,1051,59,16,43,32,14,18,0,0,0
01,016,District - Doda (16),Rural,70-74,4978,2511,2467,123,90,33,2967,1885,1082,1836,509,1327,26,10,16,26,17,9,0,0,0
01,016,District - Doda (16),Rural,75-79,2585,1389,1196,54,43,11,1428,958,470,1078,370,708,14,10,4,11,8,3,0,0,0
01,016,District - Doda (16),Rural,80+,3654,1836,1818,141,101,40,1488,1042,446,1986,669,1317,27,18,9,12,6,6,0,0,0
01,016,District - Doda (16),Rural,Age not stated,365,230,135,256,176,80,99,50,49,10,4,6,0,0,0,0,0,0,0,0,0
01,016,District - Doda (16),Rural,Less than 18,163530,84327,79203,161643,83631,78012,1835,681,1154,33,11,22,10,2,8,9,2,7,0,0,0
01,016,District - Doda (16),Rural,Less than 21,186548,96002,90546,179293,93870,85423,7128,2100,5028,75,19,56,24,5,19,28,8,20,0,0,0
01,016,District - Doda (16),Urban,All ages,32689,18211,14478,16494,9568,6926,15200,8451,6749,917,167,750,41,13,28,37,12,25,0,0,0
01,016,District - Doda (16),Urban,0-9,5916,3174,2742,5916,3174,2742,0,0,0,0,0,0,0,0,0,0,0,0,0,0,0
01,016,District - Doda (16),Urban,10-14,3543,2001,1542,3473,1974,1499,67,25,42,0,0,0,3,2,1,0,0,0,0,0,0
01,016,District - Doda (16),Urban,15-19,3261,1848,1413,3075,1793,1282,181,54,127,3,0,3,1,1,0,1,0,1,0,0,0
01,016,District - Doda (16),Urban,20-24,3026,1655,1371,2150,1317,833,864,335,529,6,1,5,2,1,1,4,1,3,0,0,0
01,016,District - Doda (16),Urban,25-29,3189,1839,1350,1098,757,341,2071,1076,995,14,5,9,3,0,3,3,1,2,0,0,0
01,016,District - Doda (16),Urban,30-34,2727,1503,1224,387,300,87,2308,1200,1108,25,1,24,4,0,4,3,2,1,0,0,0
01,016,District - Doda (16),Urban,35-39,2458,1386,1072,150,105,45,2261,1270,991,35,7,28,7,2,5,5,2,3,0,0,0
01,016,District - Doda (16),Urban,40-44,2097,1231,866,59,38,21,1988,1185,803,41,4,37,2,1,1,7,3,4,0,0,0
01,016,District - Doda (16),Urban,45-49,1794,963,831,44,23,21,1671,932,739,70,7,63,4,0,4,5,1,4,0,0,0
01,016,District - Doda (16),Urban,50-54,1458,840,618,25,11,14,1343,816,527,82,12,70,5,1,4,3,0,3,0,0,0
01,016,District - Doda (16),Urban,55-59,1044,605,439,18,13,5,936,581,355,85,11,74,2,0,2,3,0,3,0,0,0
01,016,District - Doda (16),Urban,60-64,817,471,346,23,16,7,683,429,254,110,26,84,1,0,1,0,0,0,0,0,0
01,016,District - Doda (16),Urban,65-69,504,262,242,13,7,6,381,236,145,109,19,90,1,0,1,0,0,0,0,0,0
01,016,District - Doda (16),Urban,70-74,379,204,175,12,7,5,232,168,64,128,23,105,5,4,1,2,2,0,0,0,0
01,016,District - Doda (16),Urban,75-79,182,88,94,1,0,1,96,66,30,83,21,62,1,1,0,1,0,1,0,0,0
01,016,District - Doda (16),Urban,80+,232,104,128,7,3,4,99,71,28,126,30,96,0,0,0,0,0,0,0,0,0
01,016,District - Doda (16),Urban,Age not stated,62,37,25,43,30,13,19,7,12,0,0,0,0,0,0,0,0,0,0,0,0
01,016,District - Doda (16),Urban,Less than 18,11431,6311,5120,11272,6254,5018,152,55,97,3,0,3,3,2,1,1,0,1,0,0,0
01,016,District - Doda (16),Urban,Less than 21,13410,7384,6026,13016,7262,5754,382,118,264,4,0,4,5,4,1,3,0,3,0,0,0
01,017,District - Ramban (17),Total,All ages,283713,149132,134581,158751,86684,72067,115206,58786,56420,8884,3276,5608,411,150,261,461,236,225,0,0,0
01,017,District - Ramban (17),Total,0-9,76379,39617,36762,76379,39617,36762,0,0,0,0,0,0,0,0,0,0,0,0,0,0,0
01,017,District - Ramban (17),Total,10-14,36437,18801,17636,35719,18497,17222,687,290,397,21,10,11,8,3,5,2,1,1,0,0,0
01,017,District - Ramban (17),Total,15-19,28230,14432,13798,25352,13660,11692,2830,750,2080,23,8,15,18,11,7,7,3,4,0,0,0
01,017,District - Ramban (17),Total,20-24,25136,13006,12130,13019,8556,4463,11962,4388,7574,84,31,53,20,9,11,51,22,29,0,0,0
01,017,District - Ramban (17),Total,25-29,22344,12081,10263,4776,3707,1069,17338,8277,9061,149,67,82,27,9,18,54,21,33,0,0,0
01,017,District - Ramban (17),Total,30-34,19372,10408,8964,1542,1211,331,17475,9075,8400,251,77,174,36,6,30,68,39,29,0,0,0
01,017,District - Ramban (17),Total,35-39,17012,9059,7953,525,419,106,16065,8486,7579,329,118,211,31,10,21,62,26,36,0,0,0
01,017,District - Ramban (17),Total,40-44,14204,7663,6541,293,221,72,13309,7231,6078,518,174,344,28,7,21,56,30,26,0,0,0
01,017,District - Ramban (17),Total,45-49,11016,5801,5215,182,143,39,10154,5407,4747,591,220,371,45,10,35,44,21,23,0,0,0
01,017,District - Ramban (17),Total,50-54,9306,5104,4202,155,128,27,8188,4617,3571,875,320,555,53,17,36,35,22,13,0,0,0
01,017,District - Ramban (17),Total,55-59,6594,3416,3178,80,55,25,5673,3059,2614,770,266,504,44,22,22,27,14,13,0,0,0
01,017,District - Ramban (17),Total,60-64,6239,3396,2843,140,99,41,4782,2842,1940,1256,426,830,36,11,25,25,18,7,0,0,0
01,017,District - Ramban (17),Total,65-69,3877,2072,1805,92,52,40,2813,1667,1146,944,340,604,18,7,11,10,6,4,0,0,0
01,017,District - Ramban (17),Total,70-74,3426,1958,1468,76,48,28,2034,1391,643,1287,500,787,18,11,7,11,8,3,0,0,0
01,017,District - Ramban (17),Total,75-79,1523,843,680,28,13,15,852,570,282,623,249,374,18,9,9,2,2,0,0,0,0
01,017,District - Ramban (17),Total,80+,2255,1235,1020,95,57,38,983,699,284,1159,468,691,11,8,3,7,3,4,0,0,0
01,017,District - Ramban (17),Total,Age not stated,363,240,123,298,201,97,61,37,24,4,2,2,0,0,0,0,0,0,0,0,0
01,017,District - Ramban (17),Total,Less than 18,129998,67218,62780,128344,66593,61751,1600,599,1001,36,16,20,15,8,7,3,2,1,0,0,0
01,017,District - Ramban (17),Total,Less than 21,147664,76172,71492,141714,74405,67309,5836,1718,4118,68,26,42,32,17,15,14,6,8,0,0,0
01,017,District - Ramban (17),Rural,All ages,271902,142317,129585,153388,83532,69856,109220,55214,54006,8454,3196,5258,392,143,249,448,232,216,0,0,0
01,017,District - Ramban (17),Rural,0-9,74506,38600,35906,74506,38600,35906,0,0,0,0,0,0,0,0,0,0,0,0,0,0,0
01,017,District - Ramban (17),Rural,10-14,35431,18284,17147,34731,17986,16745,671,284,387,19,10,9,8,3,5,2,1,1,0,0,0
01,017,District - Ramban (17),Rural,15-19,27262,13917,13345,24448,13154,11294,2766,741,2025,23,8,15,18,11,7,7,3,4,0,0,0
01,017,District - Ramban (17),Rural,20-24,24046,12384,11662,12272,8082,4190,11622,4242,7380,83,31,52,19,8,11,50,21,29,0,0,0
01,017,District - Ramban (17),Rural,25-29,20805,10999,9806,4231,3283,948,16349,7621,8728,147,66,81,26,8,18,52,21,31,0,0,0
01,017,District - Ramban (17),Rural,30-34,18218,9674,8544,1361,1077,284,16520,8478,8042,238,76,162,34,4,30,65,39,26,0,0,0
01,017,District - Ramban (17),Rural,35-39,16115,8556,7559,484,391,93,15224,8013,7211,317,116,201,30,10,20,60,26,34,0,0,0
01,017,District - Ramban (17),Rural,40-44,13382,7158,6224,269,205,64,12532,6745,5787,502,172,330,24,7,17,55,29,26,0,0,0
01,017,District - Ramban (17),Rural,45-49,10337,5431,4906,164,130,34,9530,5054,4476,559,216,343,42,10,32,42,21,21,0,0,0
01,017,District - Ramban (17),Rural,50-54,8755,4802,3953,146,120,26,7694,4329,3365,828,314,514,52,17,35,35,22,13,0,0,0
01,017,District - Ramban (17),Rural,55-59,6192,3195,2997,77,53,24,5324,2847,2477,721,260,461,44,22,22,26,13,13,0,0,0
01,017,District - Ramban (17),Rural,60-64,5955,3238,2717,132,94,38,4556,2698,1858,1208,418,790,35,11,24,24,17,7,0,0,0
01,017,District - Ramban (17),Rural,65-69,3685,1971,1714,88,51,37,2677,1577,1100,893,331,562,17,6,11,10,6,4,0,0,0
01,017,District - Ramban (17),Rural,70-74,3281,1896,1385,74,47,27,1964,1348,616,1216,483,733,16,10,6,11,8,3,0,0,0
01,017,District - Ramban (17),Rural,75-79,1446,804,642,28,13,15,806,538,268,593,242,351,17,9,8,2,2,0,0,0,0
01,017,District - Ramban (17),Rural,80+,2140,1180,960,89,53,36,930,665,265,1104,452,652,10,7,3,7,3,4,0,0,0
01,017,District - Ramban (17),Rural,Age not stated,346,228,118,288,193,95,55,34,21,3,1,2,0,0,0,0,0,0,0,0,0
01,017,District - Ramban (17),Rural,Less than 18,126536,65379,61157,124932,64766,60166,1552,587,965,34,16,18,15,8,7,3,2,1,0,0,0
01,017,District - Ramban (17),Rural,Less than 21,143596,74015,69581,137787,72279,65508,5698,1688,4010,66,26,40,31,16,15,14,6,8,0,0,0
01,017,District - Ramban (17),Urban,All ages,11811,6815,4996,5363,3152,2211,5986,3572,2414,430,80,350,19,7,12,13,4,9,0,0,0
01,017,District - Ramban (17),Urban,0-9,1873,1017,856,1873,1017,856,0,0,0,0,0,0,0,0,0,0,0,0,0,0,0
01,017,District - Ramban (17),Urban,10-14,1006,517,489,988,511,477,16,6,10,2,0,2,0,0,0,0,0,0,0,0,0
01,017,District - Ramban (17),Urban,15-19,968,515,453,904,506,398,64,9,55,0,0,0,0,0,0,0,0,0,0,0,0
01,017,District - Ramban (17),Urban,20-24,1090,622,468,747,474,273,340,146,194,1,0,1,1,1,0,1,1,0,0,0,0
01,017,District - Ramban (17),Urban,25-29,1539,1082,457,545,424,121,989,656,333,2,1,1,1,1,0,2,0,2,0,0,0
01,017,District - Ramban (17),Urban,30-34,1154,734,420,181,134,47,955,597,358,13,1,12,2,2,0,3,0,3,0,0,0
01,017,District - Ramban (17),Urban,35-39,897,503,394,41,28,13,841,473,368,12,2,10,1,0,1,2,0,2,0,0,0
01,017,District - Ramban (17),Urban,40-44,822,505,317,24,16,8,777,486,291,16,2,14,4,0,4,1,1,0,0,0,0
01,017,District - Ramban (17),Urban,45-49,679,370,309,18,13,5,624,353,271,32,4,28,3,0,3,2,0,2,0,0,0
01,017,District - Ramban (17),Urban,50-54,551,302,249,9,8,1,494,288,206,47,6,41,1,0,1,0,0,0,0,0,0
01,017,District - Ramban (17),Urban,55-59,402,221,181,3,2,1,349,212,137,49,6,43,0,0,0,1,1,0,0,0,0
01,017,District - Ramban (17),Urban,60-64,284,158,126,8,5,3,226,144,82,48,8,40,1,0,1,1,1,0,0,0,0
01,017,District - Ramban (17),Urban,65-69,192,101,91,4,1,3,136,90,46,51,9,42,1,1,0,0,0,0,0,0,0
01,017,District - Ramban (17),Urban,70-74,145,62,83,2,1,1,70,43,27,71,17,54,2,1,1,0,0,0,0,0,0
01,017,District - Ramban (17),Urban,75-79,77,39,38,0,0,0,46,32,14,30,7,23,1,0,1,0,0,0,0,0,0
01,017,District - Ramban (17),Urban,80+,115,55,60,6,4,2,53,34,19,55,16,39,1,1,0,0,0,0,0,0,0
01,017,District - Ramban (17),Urban,Age not stated,17,12,5,10,8,2,6,3,3,1,1,0,0,0,0,0,0,0,0,0,0
01,017,District - Ramban (17),Urban,Less than 18,3462,1839,1623,3412,1827,1585,48,12,36,2,0,2,0,0,0,0,0,0,0,0,0
01,017,District - Ramban (17),Urban,Less than 21,4068,2157,1911,3927,2126,1801,138,30,108,2,0,2,1,1,0,0,0,0,0,0,0
01,018,District - Kishtwar (18),Total,All ages,230696,120165,110531,124698,67953,56745,97058,48856,48202,8147,2984,5163,405,160,245,388,212,176,0,0,0
01,018,District - Kishtwar (18),Total,0-9,55847,28929,26918,55847,28929,26918,0,0,0,0,0,0,0,0,0,0,0,0,0,0,0
01,018,District - Kishtwar (18),Total,10-14,28897,14959,13938,28332,14721,13611,529,222,307,18,8,10,15,7,8,3,1,2,0,0,0
01,018,District - Kishtwar (18),Total,15-19,22349,11653,10696,20409,11018,9391,1886,608,1278,30,15,15,12,8,4,12,4,8,0,0,0
01,018,District - Kishtwar (18),Total,20-24,19734,10014,9720,11365,7049,4316,8245,2909,5336,72,30,42,20,11,9,32,15,17,0,0,0
01,018,District - Kishtwar (18),Total,25-29,19104,9875,9229,4561,3298,1263,14336,6496,7840,142,58,84,26,12,14,39,11,28,0,0,0
01,018,District - Kishtwar (18),Total,30-34,16930,8833,8097,1621,1157,464,15007,7560,7447,223,76,147,28,10,18,51,30,21,0,0,0
01,018,District - Kishtwar (18),Total,35-39,14574,7709,6865,639,442,197,13476,7079,6397,362,138,224,45,18,27,52,32,20,0,0,0
01,018,District - Kishtwar (18),Total,40-44,11977,6369,5608,419,311,108,11097,5885,5212,379,139,240,37,7,30,45,27,18,0,0,0
01,018,District - Kishtwar (18),Total,45-49,9934,5266,4668,253,196,57,9120,4859,4261,488,179,309,38,12,26,35,20,15,0,0,0
01,018,District - Kishtwar (18),Total,50-54,7984,4244,3740,199,145,54,6980,3834,3146,719,228,491,51,17,34,35,20,15,0,0,0
01,018,District - Kishtwar (18),Total,55-59,5749,2971,2778,141,103,38,4952,2632,2320,617,218,399,27,12,15,12,6,6,0,0,0
01,018,District - Kishtwar (18),Total,60-64,5904,3090,2814,231,161,70,4480,2519,1961,1123,375,748,39,13,26,31,22,9,0,0,0
01,018,District - Kishtwar (18),Total,65-69,4086,2098,1988,176,109,67,2884,1618,1266,987,349,638,22,13,9,17,9,8,0,0,0
01,018,District - Kishtwar (18),Total,70-74,3454,1885,1569,111,65,46,2060,1346,714,1244,455,789,25,10,15,14,9,5,0,0,0
01,018,District - Kishtwar (18),Total,75-79,1577,863,714,44,29,15,895,560,335,625,269,356,7,2,5,6,3,3,0,0,0
01,018,District - Kishtwar (18),Total,80+,2330,1245,1085,141,81,60,1059,707,352,1115,446,669,11,8,3,4,3,1,0,0,0
01,018,District - Kishtwar (18),Total,Age not stated,266,162,104,209,139,70,52,22,30,3,1,2,2,0,2,0,0,0,0,0,0
01,018,District - Kishtwar (18),Total,Less than 18,98721,51251,47470,97514,50756,46758,1140,462,678,39,19,20,19,11,8,9,3,6,0,0,0
01,018,District - Kishtwar (18),Total,Less than 21,112329,58208,54121,108227,56824,51403,3984,1328,2656,62,29,33,32,19,13,24,8,16,0,0,0
01,018,District - Kishtwar (18),Rural,All ages,215831,111986,103845,117392,63847,53545,90114,44918,45196,7575,2862,4713,383,152,231,367,207,160,0,0,0
01,018,District - Kishtwar (18),Rural,0-9,53475,27668,25807,53475,27668,25807,0,0,0,0,0,0,0,0,0,0,0,0,0,0,0
01,018,District - Kishtwar (18),Rural,10-14,27466,14184,13282,26927,13956,12971,505,213,292,17,7,10,15,7,8,2,1,1,0,0,0
01,018,District - Kishtwar (18),Rural,15-19,21010,10926,10084,19147,10323,8824,1812,577,1235,28,15,13,11,7,4,12,4,8,0,0,0
01,018,District - Kishtwar (18),Rural,20-24,18353,9273,9080,10294,6421,3873,7939,2798,5141,68,28,40,20,11,9,32,15,17,0,0,0
01,018,District - Kishtwar (18),Rural,25-29,17773,9100,8673,3929,2865,1064,13642,6156,7486,138,56,82,26,12,14,38,11,27,0,0,0
01,018,District - Kishtwar (18),Rural,30-34,15730,8200,7530,1345,985,360,14096,7102,6994,216,73,143,26,10,16,47,30,17,0,0,0
01,018,District - Kishtwar (18),Rural,35-39,13300,6990,6310,525,378,147,12339,6426,5913,341,137,204,43,17,26,52,32,20,0,0,0
01,018,District - Kishtwar (18),Rural,40-44,10812,5649,5163,379,293,86,10003,5188,4815,353,135,218,33,6,27,44,27,17,0,0,0
01,018,District - Kishtwar (18),Rural,45-49,9008,4695,4313,226,183,43,8267,4310,3957,450,173,277,34,11,23,31,18,13,0,0,0
01,018,District - Kishtwar (18),Rural,50-54,7257,3850,3407,177,133,44,6330,3465,2865,670,216,454,48,17,31,32,19,13,0,0,0
01,018,District - Kishtwar (18),Rural,55-59,5255,2704,2551,120,92,28,4538,2386,2152,562,209,353,25,11,14,10,6,4,0,0,0
01,018,District - Kishtwar (18),Rural,60-64,5477,2876,2601,212,148,64,4149,2330,1819,1048,365,683,38,12,26,30,21,9,0,0,0
01,018,District - Kishtwar (18),Rural,65-69,3797,1956,1841,166,102,64,2688,1497,1191,908,336,572,21,12,9,14,9,5,0,0,0
01,018,District - Kishtwar (18),Rural,70-74,3217,1775,1442,103,63,40,1920,1256,664,1156,437,719,24,10,14,14,9,5,0,0,0
01,018,District - Kishtwar (18),Rural,75-79,1455,807,648,36,26,10,838,527,311,569,250,319,7,2,5,5,2,3,0,0,0
01,018,District - Kishtwar (18),Rural,80+,2186,1174,1012,125,75,50,999,665,334,1048,424,624,10,7,3,4,3,1,0,0,0
01,018,District - Kishtwar (18),Rural,Age not stated,260,159,101,206,136,70,49,22,27,3,1,2,2,0,2,0,0,0,0,0,0
01,018,District - Kishtwar (18),Rural,Less than 18,94094,48761,45333,92936,48289,44647,1095,440,655,36,18,18,19,11,8,8,3,5,0,0,0
01,018,District - Kishtwar (18),Rural,Less than 21,106919,55300,51619,102958,53966,48992,3849,1280,2569,58,28,30,31,18,13,23,8,15,0,0,0
01,018,District - Kishtwar (18),Urban,All ages,14865,8179,6686,7306,4106,3200,6944,3938,3006,572,122,450,22,8,14,21,5,16,0,0,0
01,018,District - Kishtwar (18),Urban,0-9,2372,1261,1111,2372,1261,1111,0,0,0,0,0,0,0,0,0,0,0,0,0,0,0
01,018,District - Kishtwar (18),Urban,10-14,1431,775,656,1405,765,640,24,9,15,1,1,0,0,0,0,1,0,1,0,0,0
01,018,District - Kishtwar (18),Urban,15-19,1339,727,612,1262,695,567,74,31,43,2,0,2,1,1,0,0,0,0,0,0,0
01,018,District - Kishtwar (18),Urban,20-24,1381,741,640,1071,628,443,306,111,195,4,2,2,0,0,0,0,0,0,0,0,0
01,018,District - Kishtwar (18),Urban,25-29,1331,775,556,632,433,199,694,340,354,4,2,2,0,0,0,1,0,1,0,0,0
01,018,District - Kishtwar (18),Urban,30-34,1200,633,567,276,172,104,911,458,453,7,3,4,2,0,2,4,0,4,0,0,0
01,018,District - Kishtwar (18),Urban,35-39,1274,719,555,114,64,50,1137,653,484,21,1,20,2,1,1,0,0,0,0,0,0
01,018,District - Kishtwar (18),Urban,40-44,1165,720,445,40,18,22,1094,697,397,26,4,22,4,1,3,1,0,1,0,0,0
01,018,District - Kishtwar (18),Urban,45-49,926,571,355,27,13,14,853,549,304,38,6,32,4,1,3,4,2,2,0,0,0
01,018,District - Kishtwar (18),Urban,50-54,727,394,333,22,12,10,650,369,281,49,12,37,3,0,3,3,1,2,0,0,0
01,018,District - Kishtwar (18),Urban,55-59,494,267,227,21,11,10,414,246,168,55,9,46,2,1,1,2,0,2,0,0,0
01,018,District - Kishtwar (18),Urban,60-64,427,214,213,19,13,6,331,189,142,75,10,65,1,1,0,1,1,0,0,0,0
01,018,District - Kishtwar (18),Urban,65-69,289,142,147,10,7,3,196,121,75,79,13,66,1,1,0,3,0,3,0,0,0
01,018,District - Kishtwar (18),Urban,70-74,237,110,127,8,2,6,140,90,50,88,18,70,1,0,1,0,0,0,0,0,0
01,018,District - Kishtwar (18),Urban,75-79,122,56,66,8,3,5,57,33,24,56,19,37,0,0,0,1,1,0,0,0,0
01,018,District - Kishtwar (18),Urban,80+,144,71,73,16,6,10,60,42,18,67,22,45,1,1,0,0,0,0,0,0,0
01,018,District - Kishtwar (18),Urban,Age not stated,6,3,3,3,3,0,3,0,3,0,0,0,0,0,0,0,0,0,0,0,0
01,018,District - Kishtwar (18),Urban,Less than 18,4627,2490,2137,4578,2467,2111,45,22,23,3,1,2,0,0,0,1,0,1,0,0,0
01,018,District - Kishtwar (18),Urban,Less than 21,5410,2908,2502,5269,2858,2411,135,48,87,4,1,3,1,1,0,1,0,1,0,0,0
01,019,District - Udhampur (19),Total,All ages,554985,296784,258201,277401,159248,118153,255646,132095,123551,19952,4563,15389,1090,468,622,896,410,486,0,0,0
01,019,District - Udhampur (19),Total,0-9,120212,63838,56374,120212,63838,56374,0,0,0,0,0,0,0,0,0,0,0,0,0,0,0
01,019,District - Udhampur (19),Total,10-14,61318,32328,28990,60313,31919,28394,959,385,574,36,21,15,9,3,6,1,0,1,0,0,0
01,019,District - Udhampur (19),Total,15-19,53339,27990,25349,48949,27051,21898,4315,913,3402,34,7,27,26,12,14,15,7,8,0,0,0
01,019,District - Udhampur (19),Total,20-24,53165,28547,24618,30458,21926,8532,22450,6557,15893,119,22,97,62,18,44,76,24,52,0,0,0
01,019,District - Udhampur (19),Total,25-29,51111,27893,23218,12221,10302,1919,38447,17441,21006,269,74,195,88,39,49,86,37,49,0,0,0
01,019,District - Udhampur (19),Total,30-34,44808,24584,20224,2801,2384,417,41348,22025,19323,437,94,343,111,38,73,111,43,68,0,0,0
01,019,District - Udhampur (19),Total,35-39,38707,21089,17618,749,605,144,37043,20224,16819,677,160,517,115,45,70,123,55,68,0,0,0
01,019,District - Udhampur (19),Total,40-44,31103,17163,13940,401,327,74,29464,16548,12916,998,182,816,115,48,67,125,58,67,0,0,0
01,019,District - Udhampur (19),Total,45-49,26167,13980,12187,224,178,46,24360,13412,10948,1336,280,1056,151,64,87,96,46,50,0,0,0
01,019,District - Udhampur (19),Total,50-54,20882,11400,9482,173,133,40,18794,10797,7997,1711,368,1343,125,64,61,79,38,41,0,0,0
01,019,District - Udhampur (19),Total,55-59,15241,8062,7179,114,78,36,13231,7540,5691,1770,390,1380,67,23,44,59,31,28,0,0,0
01,019,District - Udhampur (19),Total,60-64,13363,7036,6327,137,98,39,10302,6331,3971,2820,559,2261,64,29,35,40,19,21,0,0,0
01,019,District - Udhampur (19),Total,65-69,8802,4546,4256,141,99,42,6233,3860,2373,2341,539,1802,55,29,26,32,19,13,0,0,0
01,019,District - Udhampur (19),Total,70-74,7317,3615,3702,82,56,26,4305,2900,1405,2858,620,2238,44,19,25,28,20,8,0,0,0
01,019,District - Udhampur (19),Total,75-79,3931,2006,1925,54,37,17,2185,1525,660,1656,423,1233,27,14,13,9,7,2,0,0,0
01,019,District - Udhampur (19),Total,80+,5221,2534,2687,174,91,83,2119,1595,524,2882,819,2063,31,23,8,15,6,9,0,0,0
01,019,District - Udhampur (19),Total,Age not stated,298,173,125,198,126,72,91,42,49,8,5,3,0,0,0,1,0,1,0,0,0
01,019,District - Udhampur (19),Total,Less than 18,214123,113283,100840,211903,112489,99414,2134,756,1378,56,27,29,21,7,14,9,4,5,0,0,0
01,019,District - Udhampur (19),Total,Less than 21,246107,129922,116185,237279,127868,109411,8668,1994,6674,87,33,54,46,17,29,27,10,17,0,0,0
01,019,District - Udhampur (19),Rural,All ages,446777,232974,213803,231490,131346,100144,197223,97070,100153,16428,3863,12565,851,322,529,785,373,412,0,0,0
01,019,District - Udhampur (19),Rural,0-9,104086,54951,49135,104086,54951,49135,0,0,0,0,0,0,0,0,0,0,0,0,0,0,0
01,019,District - Udhampur (19),Rural,10-14,52710,27645,25065,51964,27339,24625,707,286,421,32,17,15,6,3,3,1,0,1,0,0,0
01,019,District - Udhampur (19),Rural,15-19,45169,23545,21624,41315,22762,18553,3788,762,3026,29,5,24,24,10,14,13,6,7,0,0,0
01,019,District - Udhampur (19),Rural,20-24,42145,21921,20224,22841,16663,6178,19077,5198,13879,103,21,82,53,16,37,71,23,48,0,0,0
01,019,District - Udhampur (19),Rural,25-29,38114,19421,18693,7877,6812,1065,29879,12494,17385,225,61,164,57,21,36,76,33,43,0,0,0
01,019,District - Udhampur (19),Rural,30-34,33278,17203,16075,1720,1515,205,31024,15557,15467,348,68,280,84,23,61,102,40,62,0,0,0
01,019,District - Udhampur (19),Rural,35-39,28785,15010,13775,452,382,70,27618,14412,13206,526,137,389,83,29,54,106,50,56,0,0,0
01,019,District - Udhampur (19),Rural,40-44,23092,12271,10821,260,228,32,21841,11813,10028,795,151,644,88,29,59,108,50,58,0,0,0
01,019,District - Udhampur (19),Rural,45-49,19502,9964,9538,137,121,16,18118,9529,8589,1054,239,815,110,34,76,83,41,42,0,0,0
01,019,District - Udhampur (19),Rural,50-54,16091,8560,7531,125,102,23,14421,8079,6342,1394,312,1082,84,35,49,67,32,35,0,0,0
01,019,District - Udhampur (19),Rural,55-59,11943,6229,5714,88,65,23,10321,5783,4538,1426,337,1089,55,16,39,53,28,25,0,0,0
01,019,District - Udhampur (19),Rural,60-64,10881,5731,5150,115,84,31,8338,5114,3224,2336,488,1848,59,27,32,33,18,15,0,0,0
01,019,District - Udhampur (19),Rural,65-69,7145,3676,3469,115,82,33,5006,3104,1902,1942,443,1499,53,28,25,29,19,10,0,0,0
01,019,District - Udhampur (19),Rural,70-74,6067,2992,3075,66,47,19,3520,2379,1141,2415,529,1886,42,17,25,24,20,4,0,0,0
01,019,District - Udhampur (19),Rural,75-79,3211,1637,1574,41,28,13,1768,1234,534,1369,355,1014,24,13,11,9,7,2,0,0,0
01,019,District - Udhampur (19),Rural,80+,4339,2096,2243,133,71,62,1741,1303,438,2427,695,1732,29,21,8,9,6,3,0,0,0
01,019,District - Udhampur (19),Rural,Age not stated,219,122,97,155,94,61,56,23,33,7,5,2,0,0,0,1,0,1,0,0,0
01,019,District - Udhampur (19),Rural,Less than 18,184514,97049,87465,182758,96431,86327,1682,587,1095,49,21,28,17,6,11,8,4,4,0,0,0
01,019,District - Udhampur (19),Rural,Less than 21,211396,110934,100462,203693,109221,94472,7561,1662,5899,76,27,49,41,15,26,25,9,16,0,0,0
01,019,District - Udhampur (19),Urban,All ages,108208,63810,44398,45911,27902,18009,58423,35025,23398,3524,700,2824,239,146,93,111,37,74,0,0,0
01,019,District - Udhampur (19),Urban,0-9,16126,8887,7239,16126,8887,7239,0,0,0,0,0,0,0,0,0,0,0,0,0,0,0
01,019,District - Udhampur (19),Urban,10-14,8608,4683,3925,8349,4580,3769,252,99,153,4,4,0,3,0,3,0,0,0,0,0,0
01,019,District - Udhampur (19),Urban,15-19,8170,4445,3725,7634,4289,3345,527,151,376,5,2,3,2,2,0,2,1,1,0,0,0
01,019,District - Udhampur (19),Urban,20-24,11020,6626,4394,7617,5263,2354,3373,1359,2014,16,1,15,9,2,7,5,1,4,0,0,0
01,019,District - Udhampur (19),Urban,25-29,12997,8472,4525,4344,3490,854,8568,4947,3621,44,13,31,31,18,13,10,4,6,0,0,0
01,019,District - Udhampur (19),Urban,30-34,11530,7381,4149,1081,869,212,10324,6468,3856,89,26,63,27,15,12,9,3,6,0,0,0
01,019,District - Udhampur (19),Urban,35-39,9922,6079,3843,297,223,74,9425,5812,3613,151,23,128,32,16,16,17,5,12,0,0,0
01,019,District - Udhampur (19),Urban,40-44,8011,4892,3119,141,99,42,7623,4735,2888,203,31,172,27,19,8,17,8,9,0,0,0
01,019,District - Udhampur (19),Urban,45-49,6665,4016,2649,87,57,30,6242,3883,2359,282,41,241,41,30,11,13,5,8,0,0,0
01,019,District - Udhampur (19),Urban,50-54,4791,2840,1951,48,31,17,4373,2718,1655,317,56,261,41,29,12,12,6,6,0,0,0
01,019,District - Udhampur (19),Urban,55-59,3298,1833,1465,26,13,13,2910,1757,1153,344,53,291,12,7,5,6,3,3,0,0,0
01,019,District - Udhampur (19),Urban,60-64,2482,1305,1177,22,14,8,1964,1217,747,484,71,413,5,2,3,7,1,6,0,0,0
01,019,District - Udhampur (19),Urban,65-69,1657,870,787,26,17,9,1227,756,471,399,96,303,2,1,1,3,0,3,0,0,0
01,019,District - Udhampur (19),Urban,70-74,1250,623,627,16,9,7,785,521,264,443,91,352,2,2,0,4,0,4,0,0,0
01,019,District - Udhampur (19),Urban,75-79,720,369,351,13,9,4,417,291,126,287,68,219,3,1,2,0,0,0,0,0,0
01,019,District - Udhampur (19),Urban,80+,882,438,444,41,20,21,378,292,86,455,124,331,2,2,0,6,0,6,0,0,0
01,019,District - Udhampur (19),Urban,Age not stated,79,51,28,43,32,11,35,19,16,1,0,1,0,0,0,0,0,0,0,0,0
01,019,District - Udhampur (19),Urban,Less than 18,29609,16234,13375,29145,16058,13087,452,169,283,7,6,1,4,1,3,1,0,1,0,0,0
01,019,District - Udhampur (19),Urban,Less than 21,34711,18988,15723,33586,18647,14939,1107,332,775,11,6,5,5,2,3,2,1,1,0,0,0
01,020,District - Reasi (20),Total,All ages,314667,166461,148206,170603,95178,75425,131934,67143,64791,11222,3749,7473,468,168,300,440,223,217,0,0,0
01,020,District - Reasi (20),Total,0-9,78438,40636,37802,78438,40636,37802,0,0,0,0,0,0,0,0,0,0,0,0,0,0,0
01,020,District - Reasi (20),Total,10-14,39726,20892,18834,39163,20635,18528,534,241,293,17,11,6,10,3,7,2,2,0,0,0,0
01,020,District - Reasi (20),Total,15-19,29882,15791,14091,27096,15055,12041,2739,714,2025,27,14,13,12,6,6,8,2,6,0,0,0
01,020,District - Reasi (20),Total,20-24,29169,15391,13778,16159,10977,5182,12839,4353,8486,92,32,60,30,12,18,49,17,32,0,0,0
01,020,District - Reasi (20),Total,25-29,26752,14418,12334,6408,5197,1211,20061,9107,10954,181,64,117,33,16,17,69,34,35,0,0,0
01,020,District - Reasi (20),Total,30-34,22198,11964,10234,1758,1484,274,20051,10326,9725,269,106,163,44,12,32,76,36,40,0,0,0
01,020,District - Reasi (20),Total,35-39,19200,10298,8902,475,384,91,18207,9732,8475,424,138,286,46,15,31,48,29,19,0,0,0
01,020,District - Reasi (20),Total,40-44,15995,8467,7528,222,169,53,15010,8043,6967,657,212,445,48,14,34,58,29,29,0,0,0
01,020,District - Reasi (20),Total,45-49,13374,7088,6286,163,136,27,12348,6662,5686,772,253,519,47,11,36,44,26,18,0,0,0
01,020,District - Reasi (20),Total,50-54,10790,5948,4842,92,75,17,9628,5534,4094,1000,311,689,43,12,31,27,16,11,0,0,0
01,020,District - Reasi (20),Total,55-59,7283,3834,3449,74,64,10,6324,3473,2851,837,272,565,29,12,17,19,13,6,0,0,0
01,020,District - Reasi (20),Total,60-64,7388,3968,3420,131,87,44,5763,3438,2325,1442,425,1017,34,10,24,18,8,10,0,0,0
01,020,District - Reasi (20),Total,65-69,4581,2404,2177,85,48,37,3287,1977,1310,1178,365,813,29,13,16,2,1,1,0,0,0
01,020,District - Reasi (20),Total,70-74,4235,2300,1935,69,51,18,2510,1695,815,1614,536,1078,29,10,19,13,8,5,0,0,0
01,020,District - Reasi (20),Total,75-79,2026,1085,941,25,17,8,1128,766,362,853,291,562,16,9,7,4,2,2,0,0,0
01,020,District - Reasi (20),Total,80+,3440,1858,1582,95,57,38,1471,1069,402,1853,719,1134,18,13,5,3,0,3,0,0,0
01,020,District - Reasi (20),Total,Age not stated,190,119,71,150,106,44,34,13,21,6,0,6,0,0,0,0,0,0,0,0,0
01,020,District - Reasi (20),Total,Less than 18,136400,71166,65234,135030,70620,64410,1319,519,800,32,18,14,13,5,8,6,4,2,0,0,0
01,020,District - Reasi (20),Total,Less than 21,155626,81152,74474,149656,79485,70171,5861,1618,4243,67,32,35,28,10,18,14,7,7,0,0,0
01,020,District - Reasi (20),Rural,All ages,287671,151481,136190,157822,87714,70108,118879,59909,58970,10153,3508,6645,409,138,271,408,212,196,0,0,0
01,020,District - Reasi (20),Rural,0-9,73699,38147,35552,73699,38147,35552,0,0,0,0,0,0,0,0,0,0,0,0,0,0,0
01,020,District - Reasi (20),Rural,10-14,37337,19601,17736,36840,19372,17468,470,214,256,15,10,5,10,3,7,2,2,0,0,0,0
01,020,District - Reasi (20),Rural,15-19,27536,14538,12998,24877,13836,11041,2614,681,1933,26,14,12,11,5,6,8,2,6,0,0,0
01,020,District - Reasi (20),Rural,20-24,26588,13992,12596,14400,9850,4550,12032,4088,7944,84,29,55,25,9,16,47,16,31,0,0,0
01,020,District - Reasi (20),Rural,25-29,23577,12491,11086,5171,4225,946,18150,8163,9987,166,60,106,29,12,17,61,31,30,0,0,0
01,020,District - Reasi (20),Rural,30-34,19908,10617,9291,1460,1241,219,18090,9229,8861,248,102,146,37,9,28,73,36,37,0,0,0
01,020,District - Reasi (20),Rural,35-39,17069,9106,7963,400,328,72,16212,8611,7601,375,128,247,38,10,28,44,29,15,0,0,0
01,020,District - Reasi (20),Rural,40-44,14243,7468,6775,189,143,46,13360,7087,6273,601,199,402,40,10,30,53,29,24,0,0,0
01,020,District - Reasi (20),Rural,45-49,11795,6218,5577,144,125,19,10877,5822,5055,694,240,454,40,9,31,40,22,18,0,0,0
01,020,District - Reasi (20),Rural,50-54,9530,5216,4314,81,66,15,8494,4831,3663,891,293,598,37,10,27,27,16,11,0,0,0
01,020,District - Reasi (20),Rural,55-59,6425,3347,3078,59,52,7,5593,3027,2566,732,248,484,25,9,16,16,11,5,0,0,0
01,020,District - Reasi (20),Rural,60-64,6717,3605,3112,115,77,38,5239,3108,2131,1314,402,912,31,10,21,18,8,10,0,0,0
01,020,District - Reasi (20),Rural,65-69,4155,2171,1984,83,47,36,2988,1776,1212,1055,335,720,27,12,15,2,1,1,0,0,0
01,020,District - Reasi (20),Rural,70-74,3890,2131,1759,61,44,17,2330,1571,759,1461,500,961,27,9,18,11,7,4,0,0,0
01,020,District - Reasi (20),Rural,75-79,1838,982,856,22,14,8,1019,684,335,777,273,504,16,9,7,4,2,2,0,0,0
01,020,District - Reasi (20),Rural,80+,3193,1743,1450,85,50,35,1381,1006,375,1709,675,1034,16,12,4,2,0,2,0,0,0
01,020,District - Reasi (20),Rural,Age not stated,171,108,63,136,97,39,30,11,19,5,0,5,0,0,0,0,0,0,0,0,0
01,020,District - Reasi (20),Rural,Less than 18,127876,66641,61235,126620,66136,60484,1208,479,729,29,17,12,13,5,8,6,4,2,0,0,0
01,020,District - Reasi (20),Rural,Less than 21,145606,75845,69761,139954,74265,65689,5549,1533,4016,62,31,31,27,9,18,14,7,7,0,0,0
01,020,District - Reasi (20),Urban,All ages,26996,14980,12016,12781,7464,5317,13055,7234,5821,1069,241,828,59,30,29,32,11,21,0,0,0
01,020,District - Reasi (20),Urban,0-9,4739,2489,2250,4739,2489,2250,0,0,0,0,0,0,0,0,0,0,0,0,0,0,0
01,020,District - Reasi (20),Urban,10-14,2389,1291,1098,2323,1263,1060,64,27,37,2,1,1,0,0,0,0,0,0,0,0,0
01,020,District - Reasi (20),Urban,15-19,2346,1253,1093,2219,1219,1000,125,33,92,1,0,1,1,1,0,0,0,0,0,0,0
01,020,District - Reasi (20),Urban,20-24,2581,1399,1182,1759,1127,632,807,265,542,8,3,5,5,3,2,2,1,1,0,0,0
01,020,District - Reasi (20),Urban,25-29,3175,1927,1248,1237,972,265,1911,944,967,15,4,11,4,4,0,8,3,5,0,0,0
01,020,District - Reasi (20),Urban,30-34,2290,1347,943,298,243,55,1961,1097,864,21,4,17,7,3,4,3,0,3,0,0,0
01,020,District - Reasi (20),Urban,35-39,2131,1192,939,75,56,19,1995,1121,874,49,10,39,8,5,3,4,0,4,0,0,0
01,020,District - Reasi (20),Urban,40-44,1752,999,753,33,26,7,1650,956,694,56,13,43,8,4,4,5,0,5,0,0,0
01,020,District - Reasi (20),Urban,45-49,1579,870,709,19,11,8,1471,840,631,78,13,65,7,2,5,4,4,0,0,0,0
01,020,District - Reasi (20),Urban,50-54,1260,732,528,11,9,2,1134,703,431,109,18,91,6,2,4,0,0,0,0,0,0
01,020,District - Reasi (20),Urban,55-59,858,487,371,15,12,3,731,446,285,105,24,81,4,3,1,3,2,1,0,0,0
01,020,District - Reasi (20),Urban,60-64,671,363,308,16,10,6,524,330,194,128,23,105,3,0,3,0,0,0,0,0,0
01,020,District - Reasi (20),Urban,65-69,426,233,193,2,1,1,299,201,98,123,30,93,2,1,1,0,0,0,0,0,0
01,020,District - Reasi (20),Urban,70-74,345,169,176,8,7,1,180,124,56,153,36,117,2,1,1,2,1,1,0,0,0
01,020,District - Reasi (20),Urban,75-79,188,103,85,3,3,0,109,82,27,76,18,58,0,0,0,0,0,0,0,0,0
01,020,District - Reasi (20),Urban,80+,247,115,132,10,7,3,90,63,27,144,44,100,2,1,1,1,0,1,0,0,0
01,020,District - Reasi (20),Urban,Age not stated,19,11,8,14,9,5,4,2,2,1,0,1,0,0,0,0,0,0,0,0,0
01,020,District - Reasi (20),Urban,Less than 18,8524,4525,3999,8410,4484,3926,111,40,71,3,1,2,0,0,0,0,0,0,0,0,0
01,020,District - Reasi (20),Urban,Less than 21,10020,5307,4713,9702,5220,4482,312,85,227,5,1,4,1,1,0,0,0,0,0,0,0
01,021,District - Jammu (21),Total,All ages,1529958,813821,716137,703315,414486,288829,759412,383885,375527,63604,13959,49645,2263,945,1318,1364,546,818,0,0,0
01,021,District - Jammu (21),Total,0-9,243529,135933,107596,243529,135933,107596,0,0,0,0,0,0,0,0,0,0,0,0,0,0,0
01,021,District - Jammu (21),Total,10-14,137646,76454,61192,134619,75208,59411,2881,1187,1694,85,33,52,45,18,27,16,8,8,0,0,0
01,021,District - Jammu (21),Total,15-19,144526,78526,66000,136354,76360,59994,7948,2083,5865,147,49,98,61,28,33,16,6,10,0,0,0
01,021,District - Jammu (21),Total,20-24,147093,76482,70611,106774,66080,40694,39820,10232,29588,306,90,216,141,63,78,52,17,35,0,0,0
01,021,District - Jammu (21),Total,25-29,144033,75060,68973,54096,39959,14137,88953,34820,54133,609,145,464,232,83,149,143,53,90,0,0,0
01,021,District - Jammu (21),Total,30-34,123830,64674,59156,15558,12329,3229,106707,51919,54788,1074,236,838,280,102,178,211,88,123,0,0,0
01,021,District - Jammu (21),Total,35-39,117189,60426,56763,4562,3440,1122,110092,56402,53690,1971,356,1615,331,124,207,233,104,129,0,0,0
01,021,District - Jammu (21),Total,40-44,100693,53097,47596,1927,1335,592,95420,51104,44316,2829,462,2367,310,118,192,207,78,129,0,0,0
01,021,District - Jammu (21),Total,45-49,94183,49177,45006,1081,728,353,88759,47592,41167,3943,689,3254,233,97,136,167,71,96,0,0,0
01,021,District - Jammu (21),Total,50-54,75462,40317,35145,735,451,284,69129,38806,30323,5284,926,4358,191,89,102,123,45,78,0,0,0
01,021,District - Jammu (21),Total,55-59,56314,29876,26438,498,319,179,50326,28392,21934,5326,1101,4225,99,36,63,65,28,37,0,0,0
01,021,District - Jammu (21),Total,60-64,47870,24977,22893,625,390,235,38839,22937,15902,8238,1574,6664,115,60,55,53,16,37,0,0,0
01,021,District - Jammu (21),Total,65-69,32276,16423,15853,633,386,247,24154,14439,9715,7397,1553,5844,76,42,34,16,3,13,0,0,0
01,021,District - Jammu (21),Total,70-74,27307,13737,13570,397,261,136,17523,11369,6154,9284,2055,7229,70,37,33,33,15,18,0,0,0
01,021,District - Jammu (21),Total,75-79,15152,7550,7602,195,132,63,8979,5850,3129,5940,1545,4395,28,18,10,10,5,5,0,0,0
01,021,District - Jammu (21),Total,80+,21204,10085,11119,752,460,292,9263,6453,2810,11120,3133,7987,50,30,20,19,9,10,0,0,0
01,021,District - Jammu (21),Total,Age not stated,1651,1027,624,980,715,265,619,300,319,51,12,39,1,0,1,0,0,0,0,0,0
01,021,District - Jammu (21),Total,Less than 18,466594,258977,207617,460091,256623,203468,6223,2253,3970,181,59,122,75,31,44,24,11,13,0,0,0
01,021,District - Jammu (21),Total,Less than 21,558256,307786,250470,541148,303010,238138,16635,4603,12032,306,102,204,125,53,72,42,18,24,0,0,0
01,021,District - Jammu (21),Rural,All ages,764945,401603,363342,372103,219501,152602,359243,174187,185056,31890,7201,24689,1055,446,609,654,268,386,0,0,0
01,021,District - Jammu (21),Rural,0-9,136210,76809,59401,136210,76809,59401,0,0,0,0,0,0,0,0,0,0,0,0,0,0,0
01,021,District - Jammu (21),Rural,10-14,76189,42091,34098,74681,41475,33206,1427,580,847,50,22,28,22,10,12,9,4,5,0,0,0
01,021,District - Jammu (21),Rural,15-19,79006,42531,36475,74609,41406,33203,4278,1085,3193,79,24,55,33,12,21,7,4,3,0,0,0
01,021,District - Jammu (21),Rural,20-24,74016,37400,36616,52048,32690,19358,21713,4645,17068,163,40,123,63,20,43,29,5,24,0,0,0
01,021,District - Jammu (21),Rural,25-29,68528,33732,34796,23646,18494,5152,44392,15114,29278,302,69,233,100,24,76,88,31,57,0,0,0
01,021,District - Jammu (21),Rural,30-34,58874,29489,29385,6324,5304,1020,51728,23958,27770,576,122,454,136,51,85,110,54,56,0,0,0
01,021,District - Jammu (21),Rural,35-39,55272,27764,27508,1657,1305,352,52397,26165,26232,973,183,790,151,65,86,94,46,48,0,0,0
01,021,District - Jammu (21),Rural,40-44,46187,23872,22315,623,435,188,43988,23112,20876,1346,237,1109,135,52,83,95,36,59,0,0,0
01,021,District - Jammu (21),Rural,45-49,42614,22102,20512,339,245,94,40319,21446,18873,1792,339,1453,85,41,44,79,31,48,0,0,0
01,021,District - Jammu (21),Rural,50-54,33830,18124,15706,249,160,89,30878,17416,13462,2546,478,2068,102,49,53,55,21,34,0,0,0
01,021,District - Jammu (21),Rural,55-59,24418,12834,11584,166,121,45,21793,12138,9655,2393,545,1848,45,19,26,21,11,10,0,0,0
01,021,District - Jammu (21),Rural,60-64,22523,11554,10969,209,146,63,18018,10553,7465,4207,812,3395,59,32,27,30,11,19,0,0,0
01,021,District - Jammu (21),Rural,65-69,14308,7220,7088,187,117,70,10623,6333,4290,3452,745,2707,39,24,15,7,1,6,0,0,0
01,021,District - Jammu (21),Rural,70-74,13294,6628,6666,153,111,42,8314,5417,2897,4771,1073,3698,37,19,18,19,8,11,0,0,0
01,021,District - Jammu (21),Rural,75-79,7180,3467,3713,73,56,17,4201,2673,1528,2888,728,2160,15,9,6,3,1,2,0,0,0
01,021,District - Jammu (21),Rural,80+,11647,5458,6189,359,216,143,4916,3440,1476,6332,1779,4553,32,19,13,8,4,4,0,0,0
01,021,District - Jammu (21),Rural,Age not stated,849,528,321,570,411,159,258,112,146,20,5,15,1,0,1,0,0,0,0,0,0
01,021,District - Jammu (21),Rural,Less than 18,259574,144368,115206,256236,143177,113059,3180,1133,2047,105,37,68,41,16,25,12,5,7,0,0,0
01,021,District - Jammu (21),Rural,Less than 21,308673,170172,138501,299402,167750,131652,9015,2330,6685,170,58,112,64,25,39,22,9,13,0,0,0
01,021,District - Jammu (21),Urban,All ages,765013,412218,352795,331212,194985,136227,400169,209698,190471,31714,6758,24956,1208,499,709,710,278,432,0,0,0
01,021,District - Jammu (21),Urban,0-9,107319,59124,48195,107319,59124,48195,0,0,0,0,0,0,0,0,0,0,0,0,0,0,0
01,021,District - Jammu (21),Urban,10-14,61457,34363,27094,59938,33733,26205,1454,607,847,35,11,24,23,8,15,7,4,3,0,0,0
01,021,District - Jammu (21),Urban,15-19,65520,35995,29525,61745,34954,26791,3670,998,2672,68,25,43,28,16,12,9,2,7,0,0,0
01,021,District - Jammu (21),Urban,20-24,73077,39082,33995,54726,33390,21336,18107,5587,12520,143,50,93,78,43,35,23,12,11,0,0,0
01,021,District - Jammu (21),Urban,25-29,75505,41328,34177,30450,21465,8985,44561,19706,24855,307,76,231,132,59,73,55,22,33,0,0,0
01,021,District - Jammu (21),Urban,30-34,64956,35185,29771,9234,7025,2209,54979,27961,27018,498,114,384,144,51,93,101,34,67,0,0,0
01,021,District - Jammu (21),Urban,35-39,61917,32662,29255,2905,2135,770,57695,30237,27458,998,173,825,180,59,121,139,58,81,0,0,0
01,021,District - Jammu (21),Urban,40-44,54506,29225,25281,1304,900,404,51432,27992,23440,1483,225,1258,175,66,109,112,42,70,0,0,0
01,021,District - Jammu (21),Urban,45-49,51569,27075,24494,742,483,259,48440,26146,22294,2151,350,1801,148,56,92,88,40,48,0,0,0
01,021,District - Jammu (21),Urban,50-54,41632,22193,19439,486,291,195,38251,21390,16861,2738,448,2290,89,40,49,68,24,44,0,0,0
01,021,District - Jammu (21),Urban,55-59,31896,17042,14854,332,198,134,28533,16254,12279,2933,556,2377,54,17,37,44,17,27,0,0,0
01,021,District - Jammu (21),Urban,60-64,25347,13423,11924,416,244,172,20821,12384,8437,4031,762,3269,56,28,28,23,5,18,0,0,0
01,021,District - Jammu (21),Urban,65-69,17968,9203,8765,446,269,177,13531,8106,5425,3945,808,3137,37,18,19,9,2,7,0,0,0
01,021,District - Jammu (21),Urban,70-74,14013,7109,6904,244,150,94,9209,5952,3257,4513,982,3531,33,18,15,14,7,7,0,0,0
01,021,District - Jammu (21),Urban,75-79,7972,4083,3889,122,76,46,4778,3177,1601,3052,817,2235,13,9,4,7,4,3,0,0,0
01,021,District - Jammu (21),Urban,80+,9557,4627,4930,393,244,149,4347,3013,1334,4788,1354,3434,18,11,7,11,5,6,0,0,0
01,021,District - Jammu (21),Urban,Age not stated,802,499,303,410,304,106,361,188,173,31,7,24,0,0,0,0,0,0,0,0,0
01,021,District - Jammu (21),Urban,Less than 18,207020,114609,92411,203855,113446,90409,3043,1120,1923,76,22,54,34,15,19,12,6,6,0,0,0
01,021,District - Jammu (21),Urban,Less than 21,249583,137614,111969,241746,135260,106486,7620,2273,5347,136,44,92,61,28,33,20,9,11,0,0,0
01,022,District - Samba (22),Total,All ages,318898,169124,149774,151787,89908,61879,153648,76448,77200,12875,2500,10375,355,166,189,233,102,131,0,0,0
01,022,District - Samba (22),Total,0-9,56202,31623,24579,56202,31623,24579,0,0,0,0,0,0,0,0,0,0,0,0,0,0,0
01,022,District - Samba (22),Total,10-14,30526,17131,13395,29993,16896,13097,507,221,286,13,3,10,9,7,2,4,4,0,0,0,0
01,022,District - Samba (22),Total,15-19,31072,16808,14264,29490,16416,13074,1545,380,1165,22,7,15,11,5,6,4,0,4,0,0,0
01,022,District - Samba (22),Total,20-24,30443,15316,15127,21528,13459,8069,8828,1835,6993,52,9,43,17,8,9,18,5,13,0,0,0
01,022,District - Samba (22),Total,25-29,29034,14714,14320,10063,7865,2198,18798,6807,11991,116,25,91,31,8,23,26,9,17,0,0,0
01,022,District - Samba (22),Total,30-34,25650,13165,12485,2686,2311,375,22637,10777,11860,242,42,200,55,21,34,30,14,16,0,0,0
01,022,District - Samba (22),Total,35-39,23639,12277,11362,598,477,121,22572,11696,10876,384,69,315,42,16,26,43,19,24,0,0,0
01,022,District - Samba (22),Total,40-44,20729,10959,9770,309,244,65,19777,10603,9174,572,75,497,38,20,18,33,17,16,0,0,0
01,022,District - Samba (22),Total,45-49,18228,9758,8470,159,124,35,17213,9446,7767,777,150,627,49,23,26,30,15,15,0,0,0
01,022,District - Samba (22),Total,50-54,14130,7712,6418,104,78,26,12987,7447,5540,996,166,830,27,14,13,16,7,9,0,0,0
01,022,District - Samba (22),Total,55-59,10165,5388,4777,57,36,21,9124,5161,3963,960,179,781,17,9,8,7,3,4,0,0,0
01,022,District - Samba (22),Total,60-64,9310,4720,4590,84,56,28,7511,4370,3141,1691,283,1408,16,7,9,8,4,4,0,0,0
01,022,District - Samba (22),Total,65-69,6186,3091,3095,81,54,27,4604,2725,1879,1482,300,1182,12,8,4,7,4,3,0,0,0
01,022,District - Samba (22),Total,70-74,5506,2610,2896,51,28,23,3509,2231,1278,1930,345,1585,10,5,5,6,1,5,0,0,0
01,022,District - Samba (22),Total,75-79,3065,1465,1600,33,22,11,1841,1195,646,1183,243,940,7,5,2,1,0,1,0,0,0
01,022,District - Samba (22),Total,80+,4660,2174,2486,116,64,52,2082,1499,583,2451,604,1847,11,7,4,0,0,0,0,0,0
01,022,District - Samba (22),Total,Age not stated,353,213,140,233,155,78,113,55,58,4,0,4,3,3,0,0,0,0,0,0,0
01,022,District - Samba (22),Total,Less than 18,105483,58929,46554,104301,58489,45812,1138,418,720,23,6,17,16,12,4,5,4,1,0,0,0
01,022,District - Samba (22),Total,Less than 21,124378,68916,55462,121017,68047,52970,3280,834,2446,46,15,31,24,15,9,11,5,6,0,0,0
01,022,District - Samba (22),Rural,All ages,265283,139365,125918,127355,75274,52081,126542,61745,64797,10887,2116,8771,299,142,157,200,88,112,0,0,0
01,022,District - Samba (22),Rural,0-9,47727,26889,20838,47727,26889,20838,0,0,0,0,0,0,0,0,0,0,0,0,0,0,0
01,022,District - Samba (22),Rural,10-14,25936,14527,11409,25477,14329,11148,438,188,250,11,2,9,9,7,2,1,1,0,0,0,0
01,022,District - Samba (22),Rural,15-19,26242,14164,12078,24910,13845,11065,1298,308,990,20,7,13,10,4,6,4,0,4,0,0,0
01,022,District - Samba (22),Rural,20-24,25217,12553,12664,17723,11094,6629,7422,1441,5981,42,6,36,16,8,8,14,4,10,0,0,0
01,022,District - Samba (22),Rural,25-29,23099,11183,11916,7919,6192,1727,15042,4954,10088,93,22,71,25,7,18,20,8,12,0,0,0
01,022,District - Samba (22),Rural,30-34,20814,10461,10353,2137,1862,275,18397,8532,9865,205,37,168,48,17,31,27,13,14,0,0,0
01,022,District - Samba (22),Rural,35-39,19246,9844,9402,448,363,85,18406,9393,9013,323,60,263,34,12,22,35,16,19,0,0,0
01,022,District - Samba (22),Rural,40-44,17013,8895,8118,243,188,55,16238,8615,7623,472,61,411,31,17,14,29,14,15,0,0,0
01,022,District - Samba (22),Rural,45-49,14823,7796,7027,116,88,28,14016,7559,6457,627,115,512,37,20,17,27,14,13,0,0,0
01,022,District - Samba (22),Rural,50-54,11688,6327,5361,89,67,22,10716,6103,4613,845,139,706,24,12,12,14,6,8,0,0,0
01,022,District - Samba (22),Rural,55-59,8441,4430,4011,50,31,19,7561,4241,3320,808,146,662,15,9,6,7,3,4,0,0,0
01,022,District - Samba (22),Rural,60-64,7924,4001,3923,66,46,20,6412,3706,2706,1424,238,1186,14,7,7,8,4,4,0,0,0
01,022,District - Samba (22),Rural,65-69,5321,2667,2654,75,49,26,3971,2340,1631,1256,266,990,12,8,4,7,4,3,0,0,0
01,022,District - Samba (22),Rural,70-74,4765,2277,2488,43,26,17,3078,1951,1127,1631,296,1335,7,3,4,6,1,5,0,0,0
01,022,District - Samba (22),Rural,75-79,2663,1259,1404,30,19,11,1607,1033,574,1019,203,816,6,4,2,1,0,1,0,0,0
01,022,District - Samba (22),Rural,80+,4074,1920,2154,106,57,49,1849,1338,511,2108,518,1590,11,7,4,0,0,0,0,0,0
01,022,District - Samba (22),Rural,Age not stated,290,172,118,196,129,67,91,43,48,3,0,3,0,0,0,0,0,0,0,0,0
01,022,District - Samba (22),Rural,Less than 18,89601,50057,39544,88592,49691,38901,971,349,622,21,5,16,15,11,4,2,1,1,0,0,0
01,022,District - Samba (22),Rural,Less than 21,105399,58358,47041,102550,57649,44901,2779,680,2099,40,13,27,23,14,9,7,2,5,0,0,0
01,022,District - Samba (22),Urban,All ages,53615,29759,23856,24432,14634,9798,27106,14703,12403,1988,384,1604,56,24,32,33,14,19,0,0,0
01,022,District - Samba (22),Urban,0-9,8475,4734,3741,8475,4734,3741,0,0,0,0,0,0,0,0,0,0,0,0,0,0,0
01,022,District - Samba (22),Urban,10-14,4590,2604,1986,4516,2567,1949,69,33,36,2,1,1,0,0,0,3,3,0,0,0,0
01,022,District - Samba (22),Urban,15-19,4830,2644,2186,4580,2571,2009,247,72,175,2,0,2,1,1,0,0,0,0,0,0,0
01,022,District - Samba (22),Urban,20-24,5226,2763,2463,3805,2365,1440,1406,394,1012,10,3,7,1,0,1,4,1,3,0,0,0
01,022,District - Samba (22),Urban,25-29,5935,3531,2404,2144,1673,471,3756,1853,1903,23,3,20,6,1,5,6,1,5,0,0,0
01,022,District - Samba (22),Urban,30-34,4836,2704,2132,549,449,100,4240,2245,1995,37,5,32,7,4,3,3,1,2,0,0,0
01,022,District - Samba (22),Urban,35-39,4393,2433,1960,150,114,36,4166,2303,1863,61,9,52,8,4,4,8,3,5,0,0,0
01,022,District - Samba (22),Urban,40-44,3716,2064,1652,66,56,10,3539,1988,1551,100,14,86,7,3,4,4,3,1,0,0,0
01,022,District - Samba (22),Urban,45-49,3405,1962,1443,43,36,7,3197,1887,1310,150,35,115,12,3,9,3,1,2,0,0,0
01,022,District - Samba (22),Urban,50-54,2442,1385,1057,15,11,4,2271,1344,927,151,27,124,3,2,1,2,1,1,0,0,0
01,022,District - Samba (22),Urban,55-59,1724,958,766,7,5,2,1563,920,643,152,33,119,2,0,2,0,0,0,0,0,0
01,022,District - Samba (22),Urban,60-64,1386,719,667,18,10,8,1099,664,435,267,45,222,2,0,2,0,0,0,0,0,0
01,022,District - Samba (22),Urban,65-69,865,424,441,6,5,1,633,385,248,226,34,192,0,0,0,0,0,0,0,0,0
01,022,District - Samba (22),Urban,70-74,741,333,408,8,2,6,431,280,151,299,49,250,3,2,1,0,0,0,0,0,0
01,022,District - Samba (22),Urban,75-79,402,206,196,3,3,0,234,162,72,164,40,124,1,1,0,0,0,0,0,0,0
01,022,District - Samba (22),Urban,80+,586,254,332,10,7,3,233,161,72,343,86,257,0,0,0,0,0,0,0,0,0
01,022,District - Samba (22),Urban,Age not stated,63,41,22,37,26,11,22,12,10,1,0,1,3,3,0,0,0,0,0,0,0
01,022,District - Samba (22),Urban,Less than 18,15882,8872,7010,15709,8798,6911,167,69,98,2,1,1,1,1,0,3,3,0,0,0,0
01,022,District - Samba (22),Urban,Less than 21,18979,10558,8421,18467,10398,8069,501,154,347,6,2,4,1,1,0,4,3,1,0,0,0
