state_code,district_code,area_name,region_type,age_group,total_persons,total_males,total_females,never_married_persons,never_married_males,never_married_females,currently_married_persons,currently_married_males,currently_married_females,widowed_persons,widowed_males,widowed_females,separated_persons,separated_males,separated_females,divorced_persons,divorced_males,divorced_females,unspecified_persons,unspecified_males,unspecified_females
20,000,State - JHARKHAND (20),Total,All ages,32988134,16930315,16057819,16690866,9224365,7466501,14862184,7354624,7507560,1356912,329034,1027878,61487,18279,43208,16685,4013,12672,0,0,0
20,000,State - JHARKHAND (20),Total,0-9,7786722,3989013,3797709,7786722,3989013,3797709,0,0,0,0,0,0,0,0,0,0,0,0,0,0,0
20,000,State - JHARKHAND (20),Total,10-14,4104396,2112627,1991769,4024770,2081587,1943183,75027,29169,45858,2927,1082,1845,1362,656,706,310,133,177,0,0,0
20,000,State - JHARKHAND (20),Total,15-19,3205268,1714887,1490381,2742272,1625413,1116859,452930,86589,366341,5988,1933,4055,3102,753,2349,976,199,777,0,0,0
20,000,State - JHARKHAND (20),Total,20-24,2827622,1431263,1396359,1222461,886956,335505,1581981,538233,1043748,13706,3932,9774,7190,1722,5468,2284,420,1864,0,0,0
20,000,State - JHARKHAND (20),Total,25-29,2652639,1342314,1310325,469760,361559,108201,2145601,970619,1174982,25811,6970,18841,8816,2540,6276,2651,626,2025,0,0,0
20,000,State - JHARKHAND (20),Total,30-34,2307296,1165866,1141430,157332,115138,42194,2098763,1038333,1060430,40627,9404,31223,8327,2462,5865,2247,529,1718,0,0,0
20,000,State - JHARKHAND (20),Total,35-39,2136764,1092675,1044089,68903,44581,24322,1994118,1031653,962465,63323,13408,49915,8363,2529,5834,2057,504,1553,0,0,0
20,000,State - JHARKHAND (20),Total,40-44,1788506,930421,858085,38321,22338,15983,1653234,886727,766507,87968,18823,69145,7205,2104,5101,1778,429,1349,0,0,0
20,000,State - JHARKHAND (20),Total,45-49,1534094,798966,735128,24570,13233,11337,1391042,758979,632063,111732,24714,87018,5459,1695,3764,1291,345,946,0,0,0
20,000,State - JHARKHAND (20),Total,50-54,1186181,620682,565499,18303,9364,8939,1031720,580020,451700,131511,29917,101594,3765,1131,2634,882,250,632,0,0,0
20,000,State - JHARKHAND (20),Total,55-59,985234,487604,497630,13747,6921,6826,837007,448358,388649,131298,31360,99938,2560,805,1755,622,160,462,0,0,0
20,000,State - JHARKHAND (20),Total,60-64,957482,474565,482917,19589,8950,10639,709575,416143,293432,225229,48570,176659,2446,747,1699,643,155,488,0,0,0
20,000,State - JHARKHAND (20),Total,65-69,635397,317852,317545,15917,8017,7900,431511,265300,166211,186238,43968,142270,1332,466,866,399,101,298,0,0,0
20,000,State - JHARKHAND (20),Total,70-74,407108,210878,196230,7762,3762,4000,235653,164404,71249,162730,42347,120383,727,294,433,236,71,165,0,0,0
20,000,State - JHARKHAND (20),Total,75-79,167954,83542,84412,3237,1630,1607,92978,60809,32169,71358,20929,50429,287,144,143,94,30,64,0,0,0
20,000,State - JHARKHAND (20),Total,80+,188737,94908,93829,12887,7376,5511,83769,56886,26883,91635,30465,61170,321,148,173,125,33,92,0,0,0
20,000,State - JHARKHAND (20),Total,Age not stated,116734,62252,54482,64313,38527,25786,47275,22402,24873,4831,1212,3619,225,83,142,90,28,62,0,0,0
20,000,State - JHARKHAND (20),Total,Less than 18,13836161,7150939,6685222,13622315,7086263,6536052,204261,61237,143024,6320,2198,4122,2612,1005,1607,653,236,417,0,0,0
20,000,State - JHARKHAND (20),Total,Less than 21,15872429,8202133,7670296,14973835,7993239,6980596,878228,202749,675479,12171,3933,8238,6297,1788,4509,1898,424,1474,0,0,0
20,000,State - JHARKHAND (20),Rural,All ages,25055073,12776486,12278587,12717507,6971289,5746218,11221976,5527204,5694772,1052909,259933,792976,49644,15056,34588,13037,3004,10033,0,0,0
20,000,State - JHARKHAND (20),Rural,0-9,6289373,3205034,3084339,6289373,3205034,3084339,0,0,0,0,0,0,0,0,0,0,0,0,0,0,0
20,000,State - JHARKHAND (20),Rural,10-14,3237192,1662046,1575146,3175912,1638451,1537461,57730,22152,35578,2223,823,1400,1091,519,572,236,101,135,0,0,0
20,000,State - JHARKHAND (20),Rural,15-19,2359367,1268321,1091046,1975753,1195335,780418,375552,70725,304827,4560,1494,3066,2679,622,2057,823,145,678,0,0,0
20,000,State - JHARKHAND (20),Rural,20-24,2052259,1031084,1021175,752027,573504,178523,1281593,452601,828992,10669,3154,7515,6017,1468,4549,1953,357,1596,0,0,0
20,000,State - JHARKHAND (20),Rural,25-29,1942429,976894,965535,255146,198968,56178,1657993,769598,888395,20049,5667,14382,7133,2139,4994,2108,522,1586,0,0,0
20,000,State - JHARKHAND (20),Rural,30-34,1697271,849293,847978,88427,61484,26943,1569384,777881,791503,31147,7520,23627,6589,2019,4570,1724,389,1335,0,0,0
20,000,State - JHARKHAND (20),Rural,35-39,1570756,799950,770806,43519,26508,17011,1471363,760278,711085,47875,10768,37107,6508,2044,4464,1491,352,1139,0,0,0
20,000,State - JHARKHAND (20),Rural,40-44,1312316,676548,635768,25874,14055,11819,1213031,645317,567714,66511,15190,51321,5602,1696,3906,1298,290,1008,0,0,0
20,000,State - JHARKHAND (20),Rural,45-49,1122090,580579,541511,16854,8468,8386,1016206,550656,465550,83685,19831,63854,4384,1384,3000,961,240,721,0,0,0
20,000,State - JHARKHAND (20),Rural,50-54,861644,447952,413692,12462,5973,6489,746375,417077,329298,99105,23809,75296,3040,921,2119,662,172,490,0,0,0
20,000,State - JHARKHAND (20),Rural,55-59,720551,343784,376767,9271,4427,4844,609845,314297,295548,98852,24287,74565,2088,652,1436,495,121,374,0,0,0
20,000,State - JHARKHAND (20),Rural,60-64,739909,359498,380411,14309,6338,7971,542967,313473,229494,180022,38929,141093,2093,649,1444,518,109,409,0,0,0
20,000,State - JHARKHAND (20),Rural,65-69,502092,246596,255496,11092,5506,5586,338148,205394,132754,151353,35202,116151,1152,408,744,347,86,261,0,0,0
20,000,State - JHARKHAND (20),Rural,70-74,319521,163601,155920,5384,2554,2830,182813,127198,55615,130513,33549,96964,616,244,372,195,56,139,0,0,0
20,000,State - JHARKHAND (20),Rural,75-79,128086,62658,65428,2100,1058,1042,71169,45605,25564,54503,15859,38644,245,117,128,69,19,50,0,0,0
20,000,State - JHARKHAND (20),Rural,80+,143253,72523,70730,9028,5129,3899,64748,44095,20653,69114,23156,45958,264,118,146,99,25,74,0,0,0
20,000,State - JHARKHAND (20),Rural,Age not stated,56964,30125,26839,30976,18497,12479,23059,10857,12202,2728,695,2033,143,56,87,58,20,38,0,0,0
20,000,State - JHARKHAND (20),Rural,Less than 18,10969254,5652041,5317213,10799791,5602133,5197658,162006,47251,114755,4777,1680,3097,2168,803,1365,512,174,338,0,0,0
20,000,State - JHARKHAND (20),Rural,Less than 21,12465570,6421104,6044466,11724505,6248655,5475850,724740,167595,557145,9354,3055,6299,5359,1469,3890,1612,330,1282,0,0,0
20,000,State - JHARKHAND (20),Urban,All ages,7933061,4153829,3779232,3973359,2253076,1720283,3640208,1827420,1812788,304003,69101,234902,11843,3223,8620,3648,1009,2639,0,0,0
20,000,State - JHARKHAND (20),Urban,0-9,1497349,783979,713370,1497349,783979,713370,0,0,0,0,0,0,0,0,0,0,0,0,0,0,0
20,000,State - JHARKHAND (20),Urban,10-14,867204,450581,416623,848858,443136,405722,17297,7017,10280,704,259,445,271,137,134,74,32,42,0,0,0
20,000,State - JHARKHAND (20),Urban,15-19,845901,446566,399335,766519,430078,336441,77378,15864,61514,1428,439,989,423,131,292,153,54,99,0,0,0
20,000,State - JHARKHAND (20),Urban,20-24,775363,400179,375184,470434,313452,156982,300388,85632,214756,3037,778,2259,1173,254,919,331,63,268,0,0,0
20,000,State - JHARKHAND (20),Urban,25-29,710210,365420,344790,214614,162591,52023,487608,201021,286587,5762,1303,4459,1683,401,1282,543,104,439,0,0,0
20,000,State - JHARKHAND (20),Urban,30-34,610025,316573,293452,68905,53654,15251,529379,260452,268927,9480,1884,7596,1738,443,1295,523,140,383,0,0,0
20,000,State - JHARKHAND (20),Urban,35-39,566008,292725,273283,25384,18073,7311,522755,271375,251380,15448,2640,12808,1855,485,1370,566,152,414,0,0,0
20,000,State - JHARKHAND (20),Urban,40-44,476190,253873,222317,12447,8283,4164,440203,241410,198793,21457,3633,17824,1603,408,1195,480,139,341,0,0,0
20,000,State - JHARKHAND (20),Urban,45-49,412004,218387,193617,7716,4765,2951,374836,208323,166513,28047,4883,23164,1075,311,764,330,105,225,0,0,0
20,000,State - JHARKHAND (20),Urban,50-54,324537,172730,151807,5841,3391,2450,285345,162943,122402,32406,6108,26298,725,210,515,220,78,142,0,0,0
20,000,State - JHARKHAND (20),Urban,55-59,264683,143820,120863,4476,2494,1982,227162,134061,93101,32446,7073,25373,472,153,319,127,39,88,0,0,0
20,000,State - JHARKHAND (20),Urban,60-64,217573,115067,102506,5280,2612,2668,166608,102670,63938,45207,9641,35566,353,98,255,125,46,79,0,0,0
20,000,State - JHARKHAND (20),Urban,65-69,133305,71256,62049,4825,2511,2314,93363,59906,33457,34885,8766,26119,180,58,122,52,15,37,0,0,0
20,000,State - JHARKHAND (20),Urban,70-74,87587,47277,40310,2378,1208,1170,52840,37206,15634,32217,8798,23419,111,50,61,41,15,26,0,0,0
20,000,State - JHARKHAND (20),Urban,75-79,39868,20884,18984,1137,572,565,21809,15204,6605,16855,5070,11785,42,27,15,25,11,14,0,0,0
20,000,State - JHARKHAND (20),Urban,80+,45484,22385,23099,3859,2247,1612,19021,12791,6230,22521,7309,15212,57,30,27,26,8,18,0,0,0
20,000,State - JHARKHAND (20),Urban,Age not stated,59770,32127,27643,33337,20030,13307,24216,11545,12671,2103,517,1586,82,27,55,32,8,24,0,0,0
20,000,State - JHARKHAND (20),Urban,Less than 18,2866907,1498898,1368009,2822524,1484130,1338394,42255,13986,28269,1543,518,1025,444,202,242,141,62,79,0,0,0
20,000,State - JHARKHAND (20),Urban,Less than 21,3406859,1781029,1625830,3249330,1744584,1504746,153488,35154,118334,2817,878,1939,938,319,619,286,94,192,0,0,0
20,346,District - Garhwa  (01),Total,All ages,1322784,683575,639209,685154,375037,310117,598293,295605,302688,37362,12119,25243,1572,684,888,403,130,273,0,0,0
20,346,District - Garhwa  (01),Total,0-9,347940,177227,170713,347940,177227,170713,0,0,0,0,0,0,0,0,0,0,0,0,0,0,0
20,346,District - Garhwa  (01),Total,10-14,191645,98470,93175,189458,97775,91683,2082,639,1443,50,27,23,52,28,24,3,1,2,0,0,0
20,346,District - Garhwa  (01),Total,15-19,121854,67480,54374,104281,64142,40139,17379,3263,14116,106,41,65,71,29,42,17,5,12,0,0,0
20,346,District - Garhwa  (01),Total,20-24,101489,53035,48454,31597,26246,5351,69291,26532,42759,364,167,197,174,76,98,63,14,49,0,0,0
20,346,District - Garhwa  (01),Total,25-29,97941,49152,48789,7221,6288,933,89726,42492,47234,692,259,433,230,85,145,72,28,44,0,0,0
20,346,District - Garhwa  (01),Total,30-34,90036,45202,44834,1775,1443,332,86952,43342,43610,1050,299,751,211,105,106,48,13,35,0,0,0
20,346,District - Garhwa  (01),Total,35-39,78920,40998,37922,626,453,173,76571,40053,36518,1506,409,1097,176,70,106,41,13,28,0,0,0
20,346,District - Garhwa  (01),Total,40-44,63932,33537,30395,326,244,82,61379,32655,28724,2007,546,1461,182,79,103,38,13,25,0,0,0
20,346,District - Garhwa  (01),Total,45-49,51148,26539,24609,201,141,60,48583,25702,22881,2228,645,1583,105,42,63,31,9,22,0,0,0
20,346,District - Garhwa  (01),Total,50-54,39226,21041,18185,159,116,43,36322,20047,16275,2615,826,1789,104,41,63,26,11,15,0,0,0
20,346,District - Garhwa  (01),Total,55-59,33233,16274,16959,158,113,45,30561,15317,15244,2438,812,1626,62,25,37,14,7,7,0,0,0
20,346,District - Garhwa  (01),Total,60-64,35840,17350,18490,315,173,142,30820,15805,15015,4611,1334,3277,75,32,43,19,6,13,0,0,0
20,346,District - Garhwa  (01),Total,65-69,31577,16364,15213,302,194,108,25263,14317,10946,5933,1820,4113,62,29,33,17,4,13,0,0,0
20,346,District - Garhwa  (01),Total,70-74,19202,10887,8315,143,88,55,12978,8781,4197,6043,1996,4047,30,17,13,8,5,3,0,0,0
20,346,District - Garhwa  (01),Total,75-79,8566,4389,4177,71,42,29,5548,3289,2259,2927,1046,1881,18,12,6,2,0,2,0,0,0
20,346,District - Garhwa  (01),Total,80+,9955,5471,4484,391,233,158,4759,3335,1424,4781,1888,2893,20,14,6,4,1,3,0,0,0
20,346,District - Garhwa  (01),Total,Age not stated,280,159,121,190,119,71,79,36,43,11,4,7,0,0,0,0,0,0,0,0,0
20,346,District - Garhwa  (01),Total,Less than 18,617750,318480,299270,610730,316736,293994,6822,1652,5170,110,50,60,81,40,41,7,2,5,0,0,0
20,346,District - Garhwa  (01),Total,Less than 21,689983,358817,331166,655030,349985,305045,34519,8643,25876,231,103,128,159,73,86,44,13,31,0,0,0
20,346,District - Garhwa  (01),Rural,All ages,1253114,646947,606167,649512,355024,294488,566510,279620,286890,35253,11535,23718,1459,643,816,380,125,255,0,0,0
20,346,District - Garhwa  (01),Rural,0-9,332745,169458,163287,332745,169458,163287,0,0,0,0,0,0,0,0,0,0,0,0,0,0,0
20,346,District - Garhwa  (01),Rural,10-14,182844,93893,88951,180755,93235,87520,1990,605,1385,50,27,23,46,25,21,3,1,2,0,0,0
20,346,District - Garhwa  (01),Rural,15-19,114569,63537,51032,97606,60289,37317,16780,3177,13603,100,40,60,66,26,40,17,5,12,0,0,0
20,346,District - Garhwa  (01),Rural,20-24,95228,49688,45540,28233,23785,4448,66430,25664,40766,341,157,184,164,68,96,60,14,46,0,0,0
20,346,District - Garhwa  (01),Rural,25-29,92211,46162,46049,6020,5296,724,85251,40512,44739,651,243,408,218,83,135,71,28,43,0,0,0
20,346,District - Garhwa  (01),Rural,30-34,84865,42540,42325,1484,1202,282,82145,40935,41210,991,286,705,201,104,97,44,13,31,0,0,0
20,346,District - Garhwa  (01),Rural,35-39,74170,38505,35665,569,407,162,71976,37622,34354,1426,395,1031,161,68,93,38,13,25,0,0,0
20,346,District - Garhwa  (01),Rural,40-44,60186,31462,28724,287,217,70,57801,30639,27162,1897,522,1375,166,71,95,35,13,22,0,0,0
20,346,District - Garhwa  (01),Rural,45-49,48076,24898,23178,176,123,53,45694,24121,21573,2082,608,1474,94,38,56,30,8,22,0,0,0
20,346,District - Garhwa  (01),Rural,50-54,36706,19675,17031,145,105,40,33985,18725,15260,2459,800,1659,94,36,58,23,9,14,0,0,0
20,346,District - Garhwa  (01),Rural,55-59,31199,15202,15997,140,98,42,28712,14310,14402,2279,764,1515,55,23,32,13,7,6,0,0,0
20,346,District - Garhwa  (01),Rural,60-64,33883,16342,17541,294,160,134,29197,14889,14308,4303,1256,3047,72,32,40,17,5,12,0,0,0
20,346,District - Garhwa  (01),Rural,65-69,30214,15637,14577,293,189,104,24205,13677,10528,5641,1739,3902,58,28,30,17,4,13,0,0,0
20,346,District - Garhwa  (01),Rural,70-74,18272,10381,7891,138,84,54,12382,8373,4009,5717,1903,3814,29,17,12,6,4,2,0,0,0
20,346,District - Garhwa  (01),Rural,75-79,8173,4177,3996,68,41,27,5314,3134,2180,2772,991,1781,17,11,6,2,0,2,0,0,0
20,346,District - Garhwa  (01),Rural,80+,9503,5237,4266,375,222,153,4572,3201,1371,4534,1800,2734,18,13,5,4,1,3,0,0,0
20,346,District - Garhwa  (01),Rural,Age not stated,270,153,117,184,113,71,76,36,40,10,4,6,0,0,0,0,0,0,0,0,0
20,346,District - Garhwa  (01),Rural,Less than 18,589256,303792,285464,582534,302116,280418,6536,1588,4948,106,50,56,73,36,37,7,2,5,0,0,0
20,346,District - Garhwa  (01),Rural,Less than 21,656950,341595,315355,623312,333034,290278,33230,8383,24847,221,101,120,145,64,81,42,13,29,0,0,0
20,346,District - Garhwa  (01),Urban,All ages,69670,36628,33042,35642,20013,15629,31783,15985,15798,2109,584,1525,113,41,72,23,5,18,0,0,0
20,346,District - Garhwa  (01),Urban,0-9,15195,7769,7426,15195,7769,7426,0,0,0,0,0,0,0,0,0,0,0,0,0,0,0
20,346,District - Garhwa  (01),Urban,10-14,8801,4577,4224,8703,4540,4163,92,34,58,0,0,0,6,3,3,0,0,0,0,0,0
20,346,District - Garhwa  (01),Urban,15-19,7285,3943,3342,6675,3853,2822,599,86,513,6,1,5,5,3,2,0,0,0,0,0,0
20,346,District - Garhwa  (01),Urban,20-24,6261,3347,2914,3364,2461,903,2861,868,1993,23,10,13,10,8,2,3,0,3,0,0,0
20,346,District - Garhwa  (01),Urban,25-29,5730,2990,2740,1201,992,209,4475,1980,2495,41,16,25,12,2,10,1,0,1,0,0,0
20,346,District - Garhwa  (01),Urban,30-34,5171,2662,2509,291,241,50,4807,2407,2400,59,13,46,10,1,9,4,0,4,0,0,0
20,346,District - Garhwa  (01),Urban,35-39,4750,2493,2257,57,46,11,4595,2431,2164,80,14,66,15,2,13,3,0,3,0,0,0
20,346,District - Garhwa  (01),Urban,40-44,3746,2075,1671,39,27,12,3578,2016,1562,110,24,86,16,8,8,3,0,3,0,0,0
20,346,District - Garhwa  (01),Urban,45-49,3072,1641,1431,25,18,7,2889,1581,1308,146,37,109,11,4,7,1,1,0,0,0,0
20,346,District - Garhwa  (01),Urban,50-54,2520,1366,1154,14,11,3,2337,1322,1015,156,26,130,10,5,5,3,2,1,0,0,0
20,346,District - Garhwa  (01),Urban,55-59,2034,1072,962,18,15,3,1849,1007,842,159,48,111,7,2,5,1,0,1,0,0,0
20,346,District - Garhwa  (01),Urban,60-64,1957,1008,949,21,13,8,1623,916,707,308,78,230,3,0,3,2,1,1,0,0,0
20,346,District - Garhwa  (01),Urban,65-69,1363,727,636,9,5,4,1058,640,418,292,81,211,4,1,3,0,0,0,0,0,0
20,346,District - Garhwa  (01),Urban,70-74,930,506,424,5,4,1,596,408,188,326,93,233,1,0,1,2,1,1,0,0,0
20,346,District - Garhwa  (01),Urban,75-79,393,212,181,3,1,2,234,155,79,155,55,100,1,1,0,0,0,0,0,0,0
20,346,District - Garhwa  (01),Urban,80+,452,234,218,16,11,5,187,134,53,247,88,159,2,1,1,0,0,0,0,0,0
20,346,District - Garhwa  (01),Urban,Age not stated,10,6,4,6,6,0,3,0,3,1,0,1,0,0,0,0,0,0,0,0,0
20,346,District - Garhwa  (01),Urban,Less than 18,28494,14688,13806,28196,14620,13576,286,64,222,4,0,4,8,4,4,0,0,0,0,0,0
20,346,District - Garhwa  (01),Urban,Less than 21,33033,17222,15811,31718,16951,14767,1289,260,1029,10,2,8,14,9,5,2,0,2,0,0,0
20,347,District - Chatra (02),Total,All ages,1042886,533935,508951,542855,296384,246471,464536,227600,236936,34444,9593,24851,827,287,540,224,71,153,0,0,0
20,347,District - Chatra (02),Total,0-9,283675,144005,139670,283675,144005,139670,0,0,0,0,0,0,0,0,0,0,0,0,0,0,0
20,347,District - Chatra (02),Total,10-14,145520,75023,70497,143398,74337,69061,2001,635,1366,46,16,30,66,30,36,9,5,4,0,0,0
20,347,District - Chatra (02),Total,15-19,99010,52981,46029,81083,49521,31562,17760,3404,14356,110,31,79,51,23,28,6,2,4,0,0,0
20,347,District - Chatra (02),Total,20-24,84903,42912,41991,24660,20264,4396,59751,22480,37271,378,126,252,91,35,56,23,7,16,0,0,0
20,347,District - Chatra (02),Total,25-29,79542,39533,40009,6044,5266,778,72660,34024,38636,693,200,493,98,29,69,47,14,33,0,0,0
20,347,District - Chatra (02),Total,30-34,70015,35159,34856,1516,1239,277,67186,33562,33624,1178,323,855,108,28,80,27,7,20,0,0,0
20,347,District - Chatra (02),Total,35-39,61578,31371,30207,494,371,123,59379,30583,28796,1582,378,1204,100,32,68,23,7,16,0,0,0
20,347,District - Chatra (02),Total,40-44,49880,26347,23533,275,195,80,47280,25539,21741,2209,574,1635,94,32,62,22,7,15,0,0,0
20,347,District - Chatra (02),Total,45-49,41419,21242,20177,153,109,44,38504,20374,18130,2675,732,1943,70,22,48,17,5,12,0,0,0
20,347,District - Chatra (02),Total,50-54,32168,17223,14945,143,99,44,28814,16229,12585,3153,873,2280,45,18,27,13,4,9,0,0,0
20,347,District - Chatra (02),Total,55-59,26682,12610,14072,118,82,36,23569,11677,11892,2946,835,2111,33,11,22,16,5,11,0,0,0
20,347,District - Chatra (02),Total,60-64,26991,13937,13054,200,130,70,21034,12305,8729,5712,1486,4226,37,14,23,8,2,6,0,0,0
20,347,District - Chatra (02),Total,65-69,17598,8834,8764,186,123,63,13023,7559,5464,4365,1144,3221,17,5,12,7,3,4,0,0,0
20,347,District - Chatra (02),Total,70-74,12403,6701,5702,101,67,34,7639,5357,2282,4650,1270,3380,10,5,5,3,2,1,0,0,0
20,347,District - Chatra (02),Total,75-79,4850,2445,2405,57,40,17,2980,1835,1145,1807,568,1239,4,2,2,2,0,2,0,0,0
20,347,District - Chatra (02),Total,80+,5990,3135,2855,293,168,125,2780,1939,841,2913,1026,1887,3,1,2,1,1,0,0,0,0
20,347,District - Chatra (02),Total,Age not stated,662,477,185,459,368,91,176,98,78,27,11,16,0,0,0,0,0,0,0,0,0
20,347,District - Chatra (02),Total,Less than 18,490791,252089,238702,483455,250305,233150,7118,1696,5422,116,38,78,91,44,47,11,6,5,0,0,0
20,347,District - Chatra (02),Total,Less than 21,552480,284458,268022,518230,275938,242292,33821,8365,25456,270,82,188,137,64,73,22,9,13,0,0,0
20,347,District - Chatra (02),Rural,All ages,979932,500211,479721,508490,276700,231790,438090,214011,224079,32390,9161,23229,769,274,495,193,65,128,0,0,0
20,347,District - Chatra (02),Rural,0-9,269901,136898,133003,269901,136898,133003,0,0,0,0,0,0,0,0,0,0,0,0,0,0,0
20,347,District - Chatra (02),Rural,10-14,137278,70773,66505,135234,70100,65134,1926,622,1304,44,16,28,65,30,35,9,5,4,0,0,0
20,347,District - Chatra (02),Rural,15-19,91593,48925,42668,74287,45577,28710,17149,3296,13853,102,28,74,49,22,27,6,2,4,0,0,0
20,347,District - Chatra (02),Rural,20-24,78790,39485,39305,21022,17613,3409,57315,21715,35600,347,115,232,85,35,50,21,7,14,0,0,0
20,347,District - Chatra (02),Rural,25-29,74279,36603,37676,4625,4012,613,68882,32363,36519,645,188,457,91,29,62,36,11,25,0,0,0
20,347,District - Chatra (02),Rural,30-34,65488,32840,32648,1145,906,239,63110,31591,31519,1112,312,800,98,25,73,23,6,17,0,0,0
20,347,District - Chatra (02),Rural,35-39,57382,29044,28338,421,306,115,55347,28335,27012,1500,367,1133,93,29,64,21,7,14,0,0,0
20,347,District - Chatra (02),Rural,40-44,46392,24363,22029,237,163,74,43981,23617,20364,2066,548,1518,86,28,58,22,7,15,0,0,0
20,347,District - Chatra (02),Rural,45-49,38680,19740,18940,134,96,38,35948,18902,17046,2524,716,1808,60,21,39,14,5,9,0,0,0
20,347,District - Chatra (02),Rural,50-54,29983,16009,13974,135,94,41,26858,15057,11801,2939,838,2101,41,17,24,10,3,7,0,0,0
20,347,District - Chatra (02),Rural,55-59,25095,11726,13369,108,73,35,22182,10840,11342,2760,797,1963,32,11,21,13,5,8,0,0,0
20,347,District - Chatra (02),Rural,60-64,25676,13268,12408,195,127,68,20018,11699,8319,5419,1426,3993,37,14,23,7,2,5,0,0,0
20,347,District - Chatra (02),Rural,65-69,16760,8411,8349,172,115,57,12440,7189,5251,4126,1099,3027,15,5,10,7,3,4,0,0,0
20,347,District - Chatra (02),Rural,70-74,11767,6387,5380,94,63,31,7286,5105,2181,4376,1213,3163,10,5,5,1,1,0,0,0,0
20,347,District - Chatra (02),Rural,75-79,4587,2307,2280,55,39,16,2834,1740,1094,1692,526,1166,4,2,2,2,0,2,0,0,0
20,347,District - Chatra (02),Rural,80+,5637,2970,2667,279,162,117,2643,1845,798,2711,961,1750,3,1,2,1,1,0,0,0,0
20,347,District - Chatra (02),Rural,Age not stated,644,462,182,446,356,90,171,95,76,27,11,16,0,0,0,0,0,0,0,0,0
20,347,District - Chatra (02),Rural,Less than 18,464297,238329,225968,457251,236611,220640,6837,1632,5205,109,36,73,89,44,45,11,6,5,0,0,0
20,347,District - Chatra (02),Rural,Less than 21,521364,268150,253214,488337,259866,228471,32619,8134,24485,254,78,176,133,63,70,21,9,12,0,0,0
20,347,District - Chatra (02),Urban,All ages,62954,33724,29230,34365,19684,14681,26446,13589,12857,2054,432,1622,58,13,45,31,6,25,0,0,0
20,347,District - Chatra (02),Urban,0-9,13774,7107,6667,13774,7107,6667,0,0,0,0,0,0,0,0,0,0,0,0,0,0,0
20,347,District - Chatra (02),Urban,10-14,8242,4250,3992,8164,4237,3927,75,13,62,2,0,2,1,0,1,0,0,0,0,0,0
20,347,District - Chatra (02),Urban,15-19,7417,4056,3361,6796,3944,2852,611,108,503,8,3,5,2,1,1,0,0,0,0,0,0
20,347,District - Chatra (02),Urban,20-24,6113,3427,2686,3638,2651,987,2436,765,1671,31,11,20,6,0,6,2,0,2,0,0,0
20,347,District - Chatra (02),Urban,25-29,5263,2930,2333,1419,1254,165,3778,1661,2117,48,12,36,7,0,7,11,3,8,0,0,0
20,347,District - Chatra (02),Urban,30-34,4527,2319,2208,371,333,38,4076,1971,2105,66,11,55,10,3,7,4,1,3,0,0,0
20,347,District - Chatra (02),Urban,35-39,4196,2327,1869,73,65,8,4032,2248,1784,82,11,71,7,3,4,2,0,2,0,0,0
20,347,District - Chatra (02),Urban,40-44,3488,1984,1504,38,32,6,3299,1922,1377,143,26,117,8,4,4,0,0,0,0,0,0
20,347,District - Chatra (02),Urban,45-49,2739,1502,1237,19,13,6,2556,1472,1084,151,16,135,10,1,9,3,0,3,0,0,0
20,347,District - Chatra (02),Urban,50-54,2185,1214,971,8,5,3,1956,1172,784,214,35,179,4,1,3,3,1,2,0,0,0
20,347,District - Chatra (02),Urban,55-59,1587,884,703,10,9,1,1387,837,550,186,38,148,1,0,1,3,0,3,0,0,0
20,347,District - Chatra (02),Urban,60-64,1315,669,646,5,3,2,1016,606,410,293,60,233,0,0,0,1,0,1,0,0,0
20,347,District - Chatra (02),Urban,65-69,838,423,415,14,8,6,583,370,213,239,45,194,2,0,2,0,0,0,0,0,0
20,347,District - Chatra (02),Urban,70-74,636,314,322,7,4,3,353,252,101,274,57,217,0,0,0,2,1,1,0,0,0
20,347,District - Chatra (02),Urban,75-79,263,138,125,2,1,1,146,95,51,115,42,73,0,0,0,0,0,0,0,0,0
20,347,District - Chatra (02),Urban,80+,353,165,188,14,6,8,137,94,43,202,65,137,0,0,0,0,0,0,0,0,0
20,347,District - Chatra (02),Urban,Age not stated,18,15,3,13,12,1,5,3,2,0,0,0,0,0,0,0,0,0,0,0,0
20,347,District - Chatra (02),Urban,Less than 18,26494,13760,12734,26204,13694,12510,281,64,217,7,2,5,2,0,2,0,0,0,0,0,0
20,347,District - Chatra (02),Urban,Less than 21,31116,16308,14808,29893,16072,13821,1202,231,971,16,4,12,4,1,3,1,0,1,0,0,0
20,348,District - Kodarma (03),Total,All ages,716259,367222,349037,359260,201008,158252,329551,160907,168644,26687,5073,21614,563,175,388,198,59,139,0,0,0
20,348,District - Kodarma (03),Total,0-9,188576,96571,92005,188576,96571,92005,0,0,0,0,0,0,0,0,0,0,0,0,0,0,0
20,348,District - Kodarma (03),Total,10-14,91525,47540,43985,90304,47168,43136,1174,354,820,23,8,15,24,10,14,0,0,0,0,0,0
20,348,District - Kodarma (03),Total,15-19,67781,37668,30113,55104,35871,19233,12531,1760,10771,100,25,75,35,10,25,11,2,9,0,0,0
20,348,District - Kodarma (03),Total,20-24,59560,30338,29222,18467,15826,2641,40811,14456,26355,199,39,160,58,13,45,25,4,21,0,0,0
20,348,District - Kodarma (03),Total,25-29,54656,27005,27651,4152,3620,532,49926,23261,26665,443,75,368,94,30,64,41,19,22,0,0,0
20,348,District - Kodarma (03),Total,30-34,48333,24157,24176,1027,855,172,46455,23148,23307,734,111,623,89,34,55,28,9,19,0,0,0
20,348,District - Kodarma (03),Total,35-39,43167,21807,21360,390,285,105,41576,21339,20237,1109,162,947,71,14,57,21,7,14,0,0,0
20,348,District - Kodarma (03),Total,40-44,36217,18735,17482,222,151,71,34454,18342,16112,1462,216,1246,61,22,39,18,4,14,0,0,0
20,348,District - Kodarma (03),Total,45-49,30886,15863,15023,155,118,37,28916,15430,13486,1756,296,1460,42,14,28,17,5,12,0,0,0
20,348,District - Kodarma (03),Total,50-54,23991,12741,11250,119,80,39,21516,12216,9300,2317,430,1887,28,12,16,11,3,8,0,0,0
20,348,District - Kodarma (03),Total,55-59,19667,9360,10307,94,64,30,17316,8877,8439,2229,413,1816,22,5,17,6,1,5,0,0,0
20,348,District - Kodarma (03),Total,60-64,19538,9721,9817,125,75,50,15051,8888,6163,4333,751,3582,22,6,16,7,1,6,0,0,0
20,348,District - Kodarma (03),Total,65-69,13385,6511,6874,119,83,36,9603,5737,3866,3646,685,2961,9,4,5,8,2,6,0,0,0
20,348,District - Kodarma (03),Total,70-74,9914,4933,4981,66,37,29,5761,4091,1670,4080,802,3278,5,1,4,2,2,0,0,0,0
20,348,District - Kodarma (03),Total,75-79,4020,1883,2137,31,18,13,2322,1487,835,1665,378,1287,1,0,1,1,0,1,0,0,0
20,348,District - Kodarma (03),Total,80+,4794,2260,2534,155,100,55,2056,1482,574,2580,678,1902,1,0,1,2,0,2,0,0,0
20,348,District - Kodarma (03),Total,Age not stated,249,129,120,154,86,68,83,39,44,11,4,7,1,0,1,0,0,0,0,0,0
20,348,District - Kodarma (03),Total,Less than 18,321843,167556,154287,317073,166549,150524,4635,965,3670,89,24,65,42,17,25,4,1,3,0,0,0
20,348,District - Kodarma (03),Total,Less than 21,364471,189952,174519,341150,185701,155449,23064,4189,18875,170,37,133,74,23,51,13,2,11,0,0,0
20,348,District - Kodarma (03),Rural,All ages,575013,293595,281418,288969,161090,127879,264238,128360,135878,21252,3975,17277,407,128,279,147,42,105,0,0,0
20,348,District - Kodarma (03),Rural,0-9,156339,79821,76518,156339,79821,76518,0,0,0,0,0,0,0,0,0,0,0,0,0,0,0
20,348,District - Kodarma (03),Rural,10-14,74485,38706,35779,73498,38400,35098,949,290,659,19,6,13,19,10,9,0,0,0,0,0,0
20,348,District - Kodarma (03),Rural,15-19,53488,29960,23528,42748,28439,14309,10618,1492,9126,88,22,66,26,7,19,8,0,8,0,0,0
20,348,District - Kodarma (03),Rural,20-24,46832,23757,23075,12536,11331,1205,34084,12381,21703,151,33,118,40,10,30,21,2,19,0,0,0
20,348,District - Kodarma (03),Rural,25-29,43177,21117,22060,2222,1973,249,40508,19043,21465,344,62,282,73,25,48,30,14,16,0,0,0
20,348,District - Kodarma (03),Rural,30-34,38138,18896,19242,529,423,106,36945,18359,18586,573,82,491,69,26,43,22,6,16,0,0,0
20,348,District - Kodarma (03),Rural,35-39,33924,17019,16905,232,154,78,32816,16731,16085,816,119,697,46,9,37,14,6,8,0,0,0
20,348,District - Kodarma (03),Rural,40-44,28489,14660,13829,156,101,55,27129,14365,12764,1144,174,970,48,18,30,12,2,10,0,0,0
20,348,District - Kodarma (03),Rural,45-49,24186,12341,11845,106,77,29,22660,12010,10650,1377,242,1135,32,8,24,11,4,7,0,0,0
20,348,District - Kodarma (03),Rural,50-54,18667,9862,8805,75,48,27,16756,9463,7293,1807,339,1468,20,9,11,9,3,6,0,0,0
20,348,District - Kodarma (03),Rural,55-59,15397,7135,8262,62,43,19,13567,6767,6800,1749,321,1428,14,3,11,5,1,4,0,0,0
20,348,District - Kodarma (03),Rural,60-64,15782,7752,8030,94,55,39,12132,7098,5034,3540,598,2942,12,1,11,4,0,4,0,0,0
20,348,District - Kodarma (03),Rural,65-69,10866,5198,5668,83,59,24,7808,4626,3182,2963,509,2454,5,2,3,7,2,5,0,0,0
20,348,District - Kodarma (03),Rural,70-74,8080,3998,4082,49,24,25,4707,3351,1356,3319,621,2698,3,0,3,2,2,0,0,0,0
20,348,District - Kodarma (03),Rural,75-79,3181,1479,1702,21,11,10,1858,1170,688,1301,298,1003,0,0,0,1,0,1,0,0,0
20,348,District - Kodarma (03),Rural,80+,3840,1824,2016,128,84,44,1656,1193,463,2055,547,1508,0,0,0,1,0,1,0,0,0
20,348,District - Kodarma (03),Rural,Age not stated,142,70,72,91,47,44,45,21,24,6,2,4,0,0,0,0,0,0,0,0,0
20,348,District - Kodarma (03),Rural,Less than 18,263902,137334,126568,260006,136508,123498,3783,791,2992,77,21,56,34,14,20,2,0,2,0,0,0
20,348,District - Kodarma (03),Rural,Less than 21,297529,154963,142566,277857,151359,126498,19464,3553,15911,142,32,110,56,19,37,10,0,10,0,0,0
20,348,District - Kodarma (03),Urban,All ages,141246,73627,67619,70291,39918,30373,65313,32547,32766,5435,1098,4337,156,47,109,51,17,34,0,0,0
20,348,District - Kodarma (03),Urban,0-9,32237,16750,15487,32237,16750,15487,0,0,0,0,0,0,0,0,0,0,0,0,0,0,0
20,348,District - Kodarma (03),Urban,10-14,17040,8834,8206,16806,8768,8038,225,64,161,4,2,2,5,0,5,0,0,0,0,0,0
20,348,District - Kodarma (03),Urban,15-19,14293,7708,6585,12356,7432,4924,1913,268,1645,12,3,9,9,3,6,3,2,1,0,0,0
20,348,District - Kodarma (03),Urban,20-24,12728,6581,6147,5931,4495,1436,6727,2075,4652,48,6,42,18,3,15,4,2,2,0,0,0
20,348,District - Kodarma (03),Urban,25-29,11479,5888,5591,1930,1647,283,9418,4218,5200,99,13,86,21,5,16,11,5,6,0,0,0
20,348,District - Kodarma (03),Urban,30-34,10195,5261,4934,498,432,66,9510,4789,4721,161,29,132,20,8,12,6,3,3,0,0,0
20,348,District - Kodarma (03),Urban,35-39,9243,4788,4455,158,131,27,8760,4608,4152,293,43,250,25,5,20,7,1,6,0,0,0
20,348,District - Kodarma (03),Urban,40-44,7728,4075,3653,66,50,16,7325,3977,3348,318,42,276,13,4,9,6,2,4,0,0,0
20,348,District - Kodarma (03),Urban,45-49,6700,3522,3178,49,41,8,6256,3420,2836,379,54,325,10,6,4,6,1,5,0,0,0
20,348,District - Kodarma (03),Urban,50-54,5324,2879,2445,44,32,12,4760,2753,2007,510,91,419,8,3,5,2,0,2,0,0,0
20,348,District - Kodarma (03),Urban,55-59,4270,2225,2045,32,21,11,3749,2110,1639,480,92,388,8,2,6,1,0,1,0,0,0
20,348,District - Kodarma (03),Urban,60-64,3756,1969,1787,31,20,11,2919,1790,1129,793,153,640,10,5,5,3,1,2,0,0,0
20,348,District - Kodarma (03),Urban,65-69,2519,1313,1206,36,24,12,1795,1111,684,683,176,507,4,2,2,1,0,1,0,0,0
20,348,District - Kodarma (03),Urban,70-74,1834,935,899,17,13,4,1054,740,314,761,181,580,2,1,1,0,0,0,0,0,0
20,348,District - Kodarma (03),Urban,75-79,839,404,435,10,7,3,464,317,147,364,80,284,1,0,1,0,0,0,0,0,0
20,348,District - Kodarma (03),Urban,80+,954,436,518,27,16,11,400,289,111,525,131,394,1,0,1,1,0,1,0,0,0
20,348,District - Kodarma (03),Urban,Age not stated,107,59,48,63,39,24,38,18,20,5,2,3,1,0,1,0,0,0,0,0,0
20,348,District - Kodarma (03),Urban,Less than 18,57941,30222,27719,57067,30041,27026,852,174,678,12,3,9,8,3,5,2,1,1,0,0,0
20,348,District - Kodarma (03),Urban,Less than 21,66942,34989,31953,63293,34342,28951,3600,636,2964,28,5,23,18,4,14,3,2,1,0,0,0
20,349,District - Giridih (04),Total,All ages,2445474,1258098,1187376,1222705,679960,542745,1136268,557714,578554,82674,19210,63464,2690,901,1789,1137,313,824,0,0,0
20,349,District - Giridih (04),Total,0-9,657358,336634,320724,657358,336634,320724,0,0,0,0,0,0,0,0,0,0,0,0,0,0,0
20,349,District - Giridih (04),Total,10-14,317220,164375,152845,311805,162356,149449,5166,1926,3240,156,48,108,85,43,42,8,2,6,0,0,0
20,349,District - Giridih (04),Total,15-19,224476,124952,99524,174810,116190,58620,49050,8608,40442,337,95,242,196,47,149,83,12,71,0,0,0
20,349,District - Giridih (04),Total,20-24,206884,104095,102789,54304,45628,8676,151050,58091,92959,896,218,678,402,107,295,232,51,181,0,0,0
20,349,District - Giridih (04),Total,25-29,191331,96255,95076,13616,11706,1910,175556,84006,91550,1575,347,1228,398,140,258,186,56,130,0,0,0
20,349,District - Giridih (04),Total,30-34,164333,83093,81240,3636,2880,756,157776,79552,78224,2422,481,1941,353,127,226,146,53,93,0,0,0
20,349,District - Giridih (04),Total,35-39,145511,73947,71564,1455,1037,418,140298,72155,68143,3341,601,2740,290,110,180,127,44,83,0,0,0
20,349,District - Giridih (04),Total,40-44,121491,62938,58553,813,543,270,115550,61419,54131,4752,880,3872,276,80,196,100,16,84,0,0,0
20,349,District - Giridih (04),Total,45-49,102453,52387,50066,500,353,147,95954,50797,45157,5708,1152,4556,224,67,157,67,18,49,0,0,0
20,349,District - Giridih (04),Total,50-54,79822,42177,37645,405,271,134,71751,40249,31502,7457,1580,5877,157,57,100,52,20,32,0,0,0
20,349,District - Giridih (04),Total,55-59,66115,31399,34716,373,236,137,58303,29442,28861,7298,1669,5629,107,42,65,34,10,24,0,0,0
20,349,District - Giridih (04),Total,60-64,66061,33695,32366,948,510,438,51107,30275,20832,13889,2874,11015,77,29,48,40,7,33,0,0,0
20,349,District - Giridih (04),Total,65-69,43684,21665,22019,715,415,300,31596,18650,12946,11303,2572,8731,50,20,30,20,8,12,0,0,0
20,349,District - Giridih (04),Total,70-74,30770,16183,14587,321,172,149,18548,13036,5512,11831,2953,8878,47,16,31,23,6,17,0,0,0
20,349,District - Giridih (04),Total,75-79,12202,6117,6085,98,53,45,7213,4588,2625,4871,1463,3408,9,7,2,11,6,5,0,0,0
20,349,District - Giridih (04),Total,80+,14313,7349,6964,610,367,243,6906,4709,2197,6773,2262,4511,17,8,9,7,3,4,0,0,0
20,349,District - Giridih (04),Total,Age not stated,1450,837,613,938,609,329,444,211,233,65,15,50,2,1,1,1,1,0,0,0,0
20,349,District - Giridih (04),Total,Less than 18,1110231,578766,531465,1090973,574061,516912,18712,4538,14174,334,96,238,173,67,106,39,4,35,0,0,0
20,349,District - Giridih (04),Total,Less than 21,1257200,654602,602598,1165717,633330,532387,90226,20938,69288,711,194,517,394,116,278,152,24,128,0,0,0
20,349,District - Giridih (04),Rural,All ages,2237450,1149608,1087842,1115513,619417,496096,1043535,511516,532019,74938,17547,57391,2454,843,1611,1010,285,725,0,0,0
20,349,District - Giridih (04),Rural,0-9,611628,312773,298855,611628,312773,298855,0,0,0,0,0,0,0,0,0,0,0,0,0,0,0
20,349,District - Giridih (04),Rural,10-14,292830,151810,141020,287756,149922,137834,4838,1800,3038,146,44,102,82,42,40,8,2,6,0,0,0
20,349,District - Giridih (04),Rural,15-19,202570,113285,89285,155252,104927,50325,46751,8216,38535,302,85,217,188,45,143,77,12,65,0,0,0
20,349,District - Giridih (04),Rural,20-24,186691,93668,93023,43175,37887,5288,142117,55426,86691,811,205,606,379,103,276,209,47,162,0,0,0
20,349,District - Giridih (04),Rural,25-29,174025,87249,86776,9361,8257,1104,162692,78478,84214,1441,327,1114,364,133,231,167,54,113,0,0,0
20,349,District - Giridih (04),Rural,30-34,149503,75458,74045,2518,1957,561,144335,72886,71449,2198,444,1754,322,121,201,130,50,80,0,0,0
20,349,District - Giridih (04),Rural,35-39,132048,67031,65017,1089,758,331,127585,65567,62018,3007,563,2444,255,102,153,112,41,71,0,0,0
20,349,District - Giridih (04),Rural,40-44,109720,56775,52945,610,404,206,104559,55474,49085,4233,815,3418,237,70,167,81,12,69,0,0,0
20,349,District - Giridih (04),Rural,45-49,92144,47063,45081,369,269,100,86498,45668,40830,5017,1050,3967,202,63,139,58,13,45,0,0,0
20,349,District - Giridih (04),Rural,50-54,71728,37724,34004,317,212,105,64528,35990,28538,6698,1454,5244,141,52,89,44,16,28,0,0,0
20,349,District - Giridih (04),Rural,55-59,59922,28152,31770,313,199,114,52967,26415,26552,6519,1494,5025,95,35,60,28,9,19,0,0,0
20,349,District - Giridih (04),Rural,60-64,60468,30758,29710,798,432,366,46890,27659,19231,12672,2634,10038,72,28,44,36,5,31,0,0,0
20,349,District - Giridih (04),Rural,65-69,40256,19898,20358,554,335,219,29213,17184,12029,10424,2353,8071,46,18,28,19,8,11,0,0,0
20,349,District - Giridih (04),Rural,70-74,28353,14900,13453,271,152,119,17129,12009,5120,10886,2717,8169,45,16,29,22,6,16,0,0,0
20,349,District - Giridih (04),Rural,75-79,11125,5533,5592,80,41,39,6641,4188,2453,4384,1291,3093,9,7,2,11,6,5,0,0,0
20,349,District - Giridih (04),Rural,80+,13074,6745,6329,542,322,220,6372,4357,2015,6138,2056,4082,15,7,8,7,3,4,0,0,0
20,349,District - Giridih (04),Rural,Age not stated,1365,786,579,880,570,310,420,199,221,62,15,47,2,1,1,1,1,0,0,0,0
20,349,District - Giridih (04),Rural,Less than 18,1026973,535295,491678,1008728,530877,477851,17733,4261,13472,305,87,218,168,66,102,39,4,35,0,0,0
20,349,District - Giridih (04),Rural,Less than 21,1159620,603700,555920,1072815,583367,489448,85631,20016,65615,654,180,474,378,113,265,142,24,118,0,0,0
20,349,District - Giridih (04),Urban,All ages,208024,108490,99534,107192,60543,46649,92733,46198,46535,7736,1663,6073,236,58,178,127,28,99,0,0,0
20,349,District - Giridih (04),Urban,0-9,45730,23861,21869,45730,23861,21869,0,0,0,0,0,0,0,0,0,0,0,0,0,0,0
20,349,District - Giridih (04),Urban,10-14,24390,12565,11825,24049,12434,11615,328,126,202,10,4,6,3,1,2,0,0,0,0,0,0
20,349,District - Giridih (04),Urban,15-19,21906,11667,10239,19558,11263,8295,2299,392,1907,35,10,25,8,2,6,6,0,6,0,0,0
20,349,District - Giridih (04),Urban,20-24,20193,10427,9766,11129,7741,3388,8933,2665,6268,85,13,72,23,4,19,23,4,19,0,0,0
20,349,District - Giridih (04),Urban,25-29,17306,9006,8300,4255,3449,806,12864,5528,7336,134,20,114,34,7,27,19,2,17,0,0,0
20,349,District - Giridih (04),Urban,30-34,14830,7635,7195,1118,923,195,13441,6666,6775,224,37,187,31,6,25,16,3,13,0,0,0
20,349,District - Giridih (04),Urban,35-39,13463,6916,6547,366,279,87,12713,6588,6125,334,38,296,35,8,27,15,3,12,0,0,0
20,349,District - Giridih (04),Urban,40-44,11771,6163,5608,203,139,64,10991,5945,5046,519,65,454,39,10,29,19,4,15,0,0,0
20,349,District - Giridih (04),Urban,45-49,10309,5324,4985,131,84,47,9456,5129,4327,691,102,589,22,4,18,9,5,4,0,0,0
20,349,District - Giridih (04),Urban,50-54,8094,4453,3641,88,59,29,7223,4259,2964,759,126,633,16,5,11,8,4,4,0,0,0
20,349,District - Giridih (04),Urban,55-59,6193,3247,2946,60,37,23,5336,3027,2309,779,175,604,12,7,5,6,1,5,0,0,0
20,349,District - Giridih (04),Urban,60-64,5593,2937,2656,150,78,72,4217,2616,1601,1217,240,977,5,1,4,4,2,2,0,0,0
20,349,District - Giridih (04),Urban,65-69,3428,1767,1661,161,80,81,2383,1466,917,879,219,660,4,2,2,1,0,1,0,0,0
20,349,District - Giridih (04),Urban,70-74,2417,1283,1134,50,20,30,1419,1027,392,945,236,709,2,0,2,1,0,1,0,0,0
20,349,District - Giridih (04),Urban,75-79,1077,584,493,18,12,6,572,400,172,487,172,315,0,0,0,0,0,0,0,0,0
20,349,District - Giridih (04),Urban,80+,1239,604,635,68,45,23,534,352,182,635,206,429,2,1,1,0,0,0,0,0,0
20,349,District - Giridih (04),Urban,Age not stated,85,51,34,58,39,19,24,12,12,3,0,3,0,0,0,0,0,0,0,0,0
20,349,District - Giridih (04),Urban,Less than 18,83258,43471,39787,82245,43184,39061,979,277,702,29,9,20,5,1,4,0,0,0,0,0,0
20,349,District - Giridih (04),Urban,Less than 21,97580,50902,46678,92902,49963,42939,4595,922,3673,57,14,43,16,3,13,10,0,10,0,0,0
20,350,District - Deoghar (05),Total,All ages,1492073,775022,717051,723811,406875,316936,713860,353454,360406,51276,13712,37564,2276,753,1523,850,228,622,0,0,0
20,350,District - Deoghar (05),Total,0-9,380374,194193,186181,380374,194193,186181,0,0,0,0,0,0,0,0,0,0,0,0,0,0,0
20,350,District - Deoghar (05),Total,10-14,183760,96572,87188,178057,94203,83854,5466,2269,3197,161,63,98,55,29,26,21,8,13,0,0,0
20,350,District - Deoghar (05),Total,15-19,132938,75006,57932,103237,69072,34165,29055,5759,23296,330,112,218,223,44,179,93,19,74,0,0,0
20,350,District - Deoghar (05),Total,20-24,126952,64111,62841,39312,31653,7659,86392,32115,54277,656,206,450,416,99,317,176,38,138,0,0,0
20,350,District - Deoghar (05),Total,25-29,120937,61363,59574,12240,10318,1922,107156,50577,56579,996,300,696,379,128,251,166,40,126,0,0,0
20,350,District - Deoghar (05),Total,30-34,105761,54158,51603,3668,2959,709,100225,50729,49496,1434,333,1101,316,107,209,118,30,88,0,0,0
20,350,District - Deoghar (05),Total,35-39,92929,48779,44150,1380,1027,353,89372,47234,42138,1860,411,1449,235,81,154,82,26,56,0,0,0
20,350,District - Deoghar (05),Total,40-44,75645,39779,35866,740,554,186,72075,38554,33521,2565,575,1990,200,72,128,65,24,41,0,0,0
20,350,District - Deoghar (05),Total,45-49,64078,33438,30640,455,330,125,60095,32270,27825,3352,772,2580,131,52,79,45,14,31,0,0,0
20,350,District - Deoghar (05),Total,50-54,50425,26651,23774,379,264,115,45601,25289,20312,4312,1048,3264,110,41,69,23,9,14,0,0,0
20,350,District - Deoghar (05),Total,55-59,43532,20996,22536,294,165,129,38606,19620,18986,4553,1181,3372,62,25,37,17,5,12,0,0,0
20,350,District - Deoghar (05),Total,60-64,44429,22818,21611,555,298,257,35051,20411,14640,8744,2075,6669,64,30,34,15,4,11,0,0,0
20,350,District - Deoghar (05),Total,65-69,29609,15226,14383,443,244,199,21642,13096,8546,7467,1857,5610,43,21,22,14,8,6,0,0,0
20,350,District - Deoghar (05),Total,70-74,19952,10908,9044,267,150,117,12461,8683,3778,7200,2062,5138,20,13,7,4,0,4,0,0,0
20,350,District - Deoghar (05),Total,75-79,8161,4331,3830,127,76,51,4810,3204,1606,3210,1044,2166,10,6,4,4,1,3,0,0,0
20,350,District - Deoghar (05),Total,80+,9406,4981,4425,553,323,230,4542,3022,1520,4297,1630,2667,10,5,5,4,1,3,0,0,0
20,350,District - Deoghar (05),Total,Age not stated,3185,1712,1473,1730,1046,684,1311,622,689,139,43,96,2,0,2,3,1,2,0,0,0
20,350,District - Deoghar (05),Total,Less than 18,642597,336700,305897,628269,332102,296167,13798,4416,9382,347,120,227,132,44,88,51,18,33,0,0,0
20,350,District - Deoghar (05),Total,Less than 21,730524,382016,348508,675587,368485,307102,53746,13179,40567,650,225,425,385,93,292,156,34,122,0,0,0
20,350,District - Deoghar (05),Rural,All ages,1233712,638136,595576,598159,333891,264268,590595,292011,298584,42228,11372,30856,2000,669,1331,730,193,537,0,0,0
20,350,District - Deoghar (05),Rural,0-9,329442,167416,162026,329442,167416,162026,0,0,0,0,0,0,0,0,0,0,0,0,0,0,0
20,350,District - Deoghar (05),Rural,10-14,154387,80882,73505,149453,78848,70605,4743,1957,2786,139,55,84,39,17,22,13,5,8,0,0,0
20,350,District - Deoghar (05),Rural,15-19,106766,60504,46262,80105,55198,24907,26103,5158,20945,271,97,174,204,38,166,83,13,70,0,0,0
20,350,District - Deoghar (05),Rural,20-24,102861,51506,51355,25491,21987,3504,76271,29219,47052,559,174,385,375,90,285,165,36,129,0,0,0
20,350,District - Deoghar (05),Rural,25-29,98650,49976,48674,6527,5693,834,90804,43867,46937,834,263,571,343,119,224,142,34,108,0,0,0
20,350,District - Deoghar (05),Rural,30-34,86046,43961,42085,1923,1471,452,82542,42085,40457,1194,281,913,282,96,186,105,28,77,0,0,0
20,350,District - Deoghar (05),Rural,35-39,74648,39334,35314,853,614,239,72019,38289,33730,1507,338,1169,204,72,132,65,21,44,0,0,0
20,350,District - Deoghar (05),Rural,40-44,60197,31500,28697,451,331,120,57431,30586,26845,2090,496,1594,174,68,106,51,19,32,0,0,0
20,350,District - Deoghar (05),Rural,45-49,50957,26443,24514,304,215,89,47796,25519,22277,2717,653,2064,106,44,62,34,12,22,0,0,0
20,350,District - Deoghar (05),Rural,50-54,40108,21012,19096,252,167,85,36256,19923,16333,3491,882,2609,90,33,57,19,7,12,0,0,0
20,350,District - Deoghar (05),Rural,55-59,35105,16559,18546,190,106,84,31158,15462,15696,3696,965,2731,49,22,27,12,4,8,0,0,0
20,350,District - Deoghar (05),Rural,60-64,36660,18657,18003,450,233,217,28791,16650,12141,7349,1743,5606,56,28,28,14,3,11,0,0,0
20,350,District - Deoghar (05),Rural,65-69,24494,12490,12004,357,196,161,17769,10702,7067,6314,1564,4750,40,20,20,14,8,6,0,0,0
20,350,District - Deoghar (05),Rural,70-74,16334,8873,7461,200,117,83,10152,7055,3097,5961,1689,4272,18,12,6,3,0,3,0,0,0
20,350,District - Deoghar (05),Rural,75-79,6509,3422,3087,84,54,30,3824,2521,1303,2589,841,1748,9,5,4,3,1,2,0,0,0
20,350,District - Deoghar (05),Rural,80+,7495,3965,3530,420,248,172,3677,2422,1255,3385,1289,2096,9,5,4,4,1,3,0,0,0
20,350,District - Deoghar (05),Rural,Age not stated,3053,1636,1417,1657,997,660,1259,596,663,132,42,90,2,0,2,3,1,2,0,0,0
20,350,District - Deoghar (05),Rural,Less than 18,546737,285628,261109,534160,281640,252520,12142,3840,8302,292,106,186,106,30,76,37,12,25,0,0,0
20,350,District - Deoghar (05),Rural,Less than 21,617857,321874,295983,568810,309731,259079,48022,11849,36173,544,196,348,344,74,270,137,24,113,0,0,0
20,350,District - Deoghar (05),Urban,All ages,258361,136886,121475,125652,72984,52668,123265,61443,61822,9048,2340,6708,276,84,192,120,35,85,0,0,0
20,350,District - Deoghar (05),Urban,0-9,50932,26777,24155,50932,26777,24155,0,0,0,0,0,0,0,0,0,0,0,0,0,0,0
20,350,District - Deoghar (05),Urban,10-14,29373,15690,13683,28604,15355,13249,723,312,411,22,8,14,16,12,4,8,3,5,0,0,0
20,350,District - Deoghar (05),Urban,15-19,26172,14502,11670,23132,13874,9258,2952,601,2351,59,15,44,19,6,13,10,6,4,0,0,0
20,350,District - Deoghar (05),Urban,20-24,24091,12605,11486,13821,9666,4155,10121,2896,7225,97,32,65,41,9,32,11,2,9,0,0,0
20,350,District - Deoghar (05),Urban,25-29,22287,11387,10900,5713,4625,1088,16352,6710,9642,162,37,125,36,9,27,24,6,18,0,0,0
20,350,District - Deoghar (05),Urban,30-34,19715,10197,9518,1745,1488,257,17683,8644,9039,240,52,188,34,11,23,13,2,11,0,0,0
20,350,District - Deoghar (05),Urban,35-39,18281,9445,8836,527,413,114,17353,8945,8408,353,73,280,31,9,22,17,5,12,0,0,0
20,350,District - Deoghar (05),Urban,40-44,15448,8279,7169,289,223,66,14644,7968,6676,475,79,396,26,4,22,14,5,9,0,0,0
20,350,District - Deoghar (05),Urban,45-49,13121,6995,6126,151,115,36,12299,6751,5548,635,119,516,25,8,17,11,2,9,0,0,0
20,350,District - Deoghar (05),Urban,50-54,10317,5639,4678,127,97,30,9345,5366,3979,821,166,655,20,8,12,4,2,2,0,0,0
20,350,District - Deoghar (05),Urban,55-59,8427,4437,3990,104,59,45,7448,4158,3290,857,216,641,13,3,10,5,1,4,0,0,0
20,350,District - Deoghar (05),Urban,60-64,7769,4161,3608,105,65,40,6260,3761,2499,1395,332,1063,8,2,6,1,1,0,0,0,0
20,350,District - Deoghar (05),Urban,65-69,5115,2736,2379,86,48,38,3873,2394,1479,1153,293,860,3,1,2,0,0,0,0,0,0
20,350,District - Deoghar (05),Urban,70-74,3618,2035,1583,67,33,34,2309,1628,681,1239,373,866,2,1,1,1,0,1,0,0,0
20,350,District - Deoghar (05),Urban,75-79,1652,909,743,43,22,21,986,683,303,621,203,418,1,1,0,1,0,1,0,0,0
20,350,District - Deoghar (05),Urban,80+,1911,1016,895,133,75,58,865,600,265,912,341,571,1,0,1,0,0,0,0,0,0
20,350,District - Deoghar (05),Urban,Age not stated,132,76,56,73,49,24,52,26,26,7,1,6,0,0,0,0,0,0,0,0,0
20,350,District - Deoghar (05),Urban,Less than 18,95860,51072,44788,94109,50462,43647,1656,576,1080,55,14,41,26,14,12,14,6,8,0,0,0
20,350,District - Deoghar (05),Urban,Less than 21,112667,60142,52525,106777,58754,48023,5724,1330,4394,106,29,77,41,19,22,19,10,9,0,0,0
20,351,District - Godda (06),Total,All ages,1313551,677927,635624,654881,366831,288050,602336,297447,304889,53308,12828,40480,2152,672,1480,874,149,725,0,0,0
20,351,District - Godda (06),Total,0-9,344147,175350,168797,344147,175350,168797,0,0,0,0,0,0,0,0,0,0,0,0,0,0,0
20,351,District - Godda (06),Total,10-14,163166,85944,77222,159097,84389,74708,3878,1489,2389,112,35,77,52,20,32,27,11,16,0,0,0
20,351,District - Godda (06),Total,15-19,112610,63410,49200,92104,59596,32508,20048,3676,16372,242,96,146,139,34,105,77,8,69,0,0,0
20,351,District - Godda (06),Total,20-24,100556,50738,49818,36398,29401,6997,63194,21081,42113,507,158,349,314,75,239,143,23,120,0,0,0
20,351,District - Godda (06),Total,25-29,99888,49734,50154,13143,11073,2070,85330,38278,47052,930,262,668,333,92,241,152,29,123,0,0,0
20,351,District - Godda (06),Total,30-34,93299,46794,46505,4219,3375,844,87132,42877,44255,1553,413,1140,291,104,187,104,25,79,0,0,0
20,351,District - Godda (06),Total,35-39,86695,44797,41898,1607,1111,496,82414,43026,39388,2297,552,1745,278,91,187,99,17,82,0,0,0
20,351,District - Godda (06),Total,40-44,70485,37814,32671,836,600,236,66177,36411,29766,3163,707,2456,230,89,141,79,7,72,0,0,0
20,351,District - Godda (06),Total,45-49,58160,30521,27639,505,310,195,53717,29271,24446,3722,880,2842,158,52,106,58,8,50,0,0,0
20,351,District - Godda (06),Total,50-54,46168,24573,21595,328,195,133,40766,23211,17555,4926,1127,3799,113,31,82,35,9,26,0,0,0
20,351,District - Godda (06),Total,55-59,38074,18028,20046,255,138,117,32904,16772,16132,4794,1088,3706,83,28,55,38,2,36,0,0,0
20,351,District - Godda (06),Total,60-64,39631,19363,20268,370,177,193,29721,17273,12448,9438,1884,7554,77,23,54,25,6,19,0,0,0
20,351,District - Godda (06),Total,65-69,26707,13231,13476,319,162,157,18581,11367,7214,7756,1691,6065,35,8,27,16,3,13,0,0,0
20,351,District - Godda (06),Total,70-74,17802,9387,8415,209,111,98,10436,7494,2942,7120,1771,5349,28,11,17,9,0,9,0,0,0
20,351,District - Godda (06),Total,75-79,6773,3347,3426,108,61,47,3752,2414,1338,2900,867,2033,9,4,5,4,1,3,0,0,0
20,351,District - Godda (06),Total,80+,8364,4304,4060,665,398,267,3879,2611,1268,3803,1286,2517,10,9,1,7,0,7,0,0,0
20,351,District - Godda (06),Total,Age not stated,1026,592,434,571,384,187,407,196,211,45,11,34,2,1,1,1,0,1,0,0,0
20,351,District - Godda (06),Total,Less than 18,574878,300535,274343,565017,297387,267630,9452,3008,6444,246,85,161,116,41,75,47,14,33,0,0,0
20,351,District - Godda (06),Total,Less than 21,652302,340398,311904,610473,331320,279153,40893,8808,32085,504,171,333,282,74,208,150,25,125,0,0,0
20,351,District - Godda (06),Rural,All ages,1249132,643907,605225,622807,348485,274322,572198,282355,289843,51208,12277,38931,2071,647,1424,848,143,705,0,0,0
20,351,District - Godda (06),Rural,0-9,330403,168163,162240,330403,168163,162240,0,0,0,0,0,0,0,0,0,0,0,0,0,0,0
20,351,District - Godda (06),Rural,10-14,155667,82027,73640,151808,80562,71246,3679,1404,2275,108,32,76,51,19,32,21,10,11,0,0,0
20,351,District - Godda (06),Rural,15-19,106239,60028,46211,86469,56373,30096,19325,3527,15798,233,89,144,136,32,104,76,7,69,0,0,0
20,351,District - Godda (06),Rural,20-24,94843,47803,47040,33220,27151,6069,60693,20405,40288,486,152,334,304,73,231,140,22,118,0,0,0
20,351,District - Godda (06),Rural,25-29,94564,46976,47588,11763,9900,1863,81437,36702,44735,896,255,641,323,90,233,145,29,116,0,0,0
20,351,District - Godda (06),Rural,30-34,88287,44190,44097,3754,2965,789,82655,40700,41955,1497,400,1097,279,101,178,102,24,78,0,0,0
20,351,District - Godda (06),Rural,35-39,82191,42415,39776,1475,1000,475,78142,40780,37362,2208,531,1677,269,88,181,97,16,81,0,0,0
20,351,District - Godda (06),Rural,40-44,66707,35730,30977,782,554,228,62607,34393,28214,3031,693,2338,210,83,127,77,7,70,0,0,0
20,351,District - Godda (06),Rural,45-49,54960,28791,26169,466,282,184,50708,27598,23110,3573,852,2721,155,51,104,58,8,50,0,0,0
20,351,District - Godda (06),Rural,50-54,43655,23234,20421,304,182,122,38476,21931,16545,4731,1081,3650,109,31,78,35,9,26,0,0,0
20,351,District - Godda (06),Rural,55-59,36038,16899,19139,242,133,109,31071,15704,15367,4609,1034,3575,79,26,53,37,2,35,0,0,0
20,351,District - Godda (06),Rural,60-64,37810,18398,19412,346,163,183,28238,16398,11840,9127,1810,7317,74,21,53,25,6,19,0,0,0
20,351,District - Godda (06),Rural,65-69,25457,12544,12913,300,152,148,17629,10770,6859,7478,1612,5866,35,8,27,15,2,13,0,0,0
20,351,District - Godda (06),Rural,70-74,16989,8908,8081,198,102,96,9894,7095,2799,6860,1700,5160,28,11,17,9,0,9,0,0,0
20,351,District - Godda (06),Rural,75-79,6418,3151,3267,103,60,43,3550,2272,1278,2752,814,1938,9,4,5,4,1,3,0,0,0
20,351,District - Godda (06),Rural,80+,7918,4085,3833,629,378,251,3699,2487,1212,3575,1211,2364,9,9,0,6,0,6,0,0,0
20,351,District - Godda (06),Rural,Age not stated,986,565,421,545,365,180,395,189,206,44,11,33,1,0,1,1,0,1,0,0,0
20,351,District - Godda (06),Rural,Less than 18,549822,287413,262409,540427,284444,255983,9005,2840,6165,237,78,159,112,38,74,41,13,28,0,0,0
20,351,District - Godda (06),Rural,Less than 21,623142,325140,298002,582835,316420,266415,39402,8467,30935,487,159,328,277,71,206,141,23,118,0,0,0
20,351,District - Godda (06),Urban,All ages,64419,34020,30399,32074,18346,13728,30138,15092,15046,2100,551,1549,81,25,56,26,6,20,0,0,0
20,351,District - Godda (06),Urban,0-9,13744,7187,6557,13744,7187,6557,0,0,0,0,0,0,0,0,0,0,0,0,0,0,0
20,351,District - Godda (06),Urban,10-14,7499,3917,3582,7289,3827,3462,199,85,114,4,3,1,1,1,0,6,1,5,0,0,0
20,351,District - Godda (06),Urban,15-19,6371,3382,2989,5635,3223,2412,723,149,574,9,7,2,3,2,1,1,1,0,0,0,0
20,351,District - Godda (06),Urban,20-24,5713,2935,2778,3178,2250,928,2501,676,1825,21,6,15,10,2,8,3,1,2,0,0,0
20,351,District - Godda (06),Urban,25-29,5324,2758,2566,1380,1173,207,3893,1576,2317,34,7,27,10,2,8,7,0,7,0,0,0
20,351,District - Godda (06),Urban,30-34,5012,2604,2408,465,410,55,4477,2177,2300,56,13,43,12,3,9,2,1,1,0,0,0
20,351,District - Godda (06),Urban,35-39,4504,2382,2122,132,111,21,4272,2246,2026,89,21,68,9,3,6,2,1,1,0,0,0
20,351,District - Godda (06),Urban,40-44,3778,2084,1694,54,46,8,3570,2018,1552,132,14,118,20,6,14,2,0,2,0,0,0
20,351,District - Godda (06),Urban,45-49,3200,1730,1470,39,28,11,3009,1673,1336,149,28,121,3,1,2,0,0,0,0,0,0
20,351,District - Godda (06),Urban,50-54,2513,1339,1174,24,13,11,2290,1280,1010,195,46,149,4,0,4,0,0,0,0,0,0
20,351,District - Godda (06),Urban,55-59,2036,1129,907,13,5,8,1833,1068,765,185,54,131,4,2,2,1,0,1,0,0,0
20,351,District - Godda (06),Urban,60-64,1821,965,856,24,14,10,1483,875,608,311,74,237,3,2,1,0,0,0,0,0,0
20,351,District - Godda (06),Urban,65-69,1250,687,563,19,10,9,952,597,355,278,79,199,0,0,0,1,1,0,0,0,0
20,351,District - Godda (06),Urban,70-74,813,479,334,11,9,2,542,399,143,260,71,189,0,0,0,0,0,0,0,0,0
20,351,District - Godda (06),Urban,75-79,355,196,159,5,1,4,202,142,60,148,53,95,0,0,0,0,0,0,0,0,0
20,351,District - Godda (06),Urban,80+,446,219,227,36,20,16,180,124,56,228,75,153,1,0,1,1,0,1,0,0,0
20,351,District - Godda (06),Urban,Age not stated,40,27,13,26,19,7,12,7,5,1,0,1,1,1,0,0,0,0,0,0,0
20,351,District - Godda (06),Urban,Less than 18,25056,13122,11934,24590,12943,11647,447,168,279,9,7,2,4,3,1,6,1,5,0,0,0
20,351,District - Godda (06),Urban,Less than 21,29160,15258,13902,27638,14900,12738,1491,341,1150,17,12,5,5,3,2,9,2,7,0,0,0
20,352,District - Sahibganj (07),Total,All ages,1150567,589391,561176,600496,330484,270012,503210,248604,254606,43674,9415,34259,2167,653,1514,1020,235,785,0,0,0
20,352,District - Sahibganj (07),Total,0-9,316676,161418,155258,316676,161418,155258,0,0,0,0,0,0,0,0,0,0,0,0,0,0,0
20,352,District - Sahibganj (07),Total,10-14,146536,76351,70185,142456,74597,67859,3825,1653,2172,184,74,110,56,23,33,15,4,11,0,0,0
20,352,District - Sahibganj (07),Total,15-19,101638,55253,46385,82797,51476,31321,18307,3619,14688,322,110,212,146,36,110,66,12,54,0,0,0
20,352,District - Sahibganj (07),Total,20-24,91835,45506,46329,33238,25199,8039,57566,20022,37544,558,182,376,297,69,228,176,34,142,0,0,0
20,352,District - Sahibganj (07),Total,25-29,88342,43913,44429,11766,9318,2448,75033,34176,40857,983,265,718,377,109,268,183,45,138,0,0,0
20,352,District - Sahibganj (07),Total,30-34,77761,39102,38659,4154,3028,1126,71689,35594,36095,1467,362,1105,295,78,217,156,40,116,0,0,0
20,352,District - Sahibganj (07),Total,35-39,73425,37479,35946,1888,1271,617,68938,35597,33341,2195,493,1702,286,97,189,118,21,97,0,0,0
20,352,District - Sahibganj (07),Total,40-44,60231,31936,28295,1005,590,415,55853,30638,25215,3053,607,2446,216,70,146,104,31,73,0,0,0
20,352,District - Sahibganj (07),Total,45-49,50432,26168,24264,594,350,244,45973,24988,20985,3639,750,2889,173,64,109,53,16,37,0,0,0
20,352,District - Sahibganj (07),Total,50-54,38766,20451,18315,371,200,171,33611,19269,14342,4610,939,3671,124,34,90,50,9,41,0,0,0
20,352,District - Sahibganj (07),Total,55-59,30576,14888,15688,285,135,150,25811,13800,12011,4378,925,3453,64,22,42,38,6,32,0,0,0
20,352,District - Sahibganj (07),Total,60-64,30453,15209,15244,631,295,336,21798,13459,8339,7917,1421,6496,81,26,55,26,8,18,0,0,0
20,352,District - Sahibganj (07),Total,65-69,17785,8674,9111,497,231,266,11705,7301,4404,5547,1132,4415,23,8,15,13,2,11,0,0,0
20,352,District - Sahibganj (07),Total,70-74,11171,5554,5617,213,102,111,6399,4461,1938,4539,982,3557,12,7,5,8,2,6,0,0,0
20,352,District - Sahibganj (07),Total,75-79,4244,2027,2217,71,29,42,2339,1503,836,1828,493,1335,4,2,2,2,0,2,0,0,0
20,352,District - Sahibganj (07),Total,80+,4732,2301,2431,350,196,154,2177,1470,707,2196,630,1566,4,3,1,5,2,3,0,0,0
20,352,District - Sahibganj (07),Total,Age not stated,5964,3161,2803,3504,2049,1455,2186,1054,1132,258,50,208,9,5,4,7,3,4,0,0,0
20,352,District - Sahibganj (07),Total,Less than 18,524359,272318,252041,514916,269062,245854,8933,3072,5861,365,136,229,110,38,72,35,10,25,0,0,0
20,352,District - Sahibganj (07),Total,Less than 21,591615,305707,285908,554669,296848,257821,35870,8519,27351,649,239,410,291,77,214,136,24,112,0,0,0
20,352,District - Sahibganj (07),Rural,All ages,990901,505892,485009,516516,282674,233842,434358,214447,219911,37245,8002,29243,1872,572,1300,910,197,713,0,0,0
20,352,District - Sahibganj (07),Rural,0-9,280645,142901,137744,280645,142901,137744,0,0,0,0,0,0,0,0,0,0,0,0,0,0,0
20,352,District - Sahibganj (07),Rural,10-14,127554,66531,61023,123966,64983,58983,3371,1458,1913,159,68,91,45,19,26,13,3,10,0,0,0
20,352,District - Sahibganj (07),Rural,15-19,85279,46455,38824,68695,43079,25616,16130,3238,12892,267,99,168,134,32,102,53,7,46,0,0,0
20,352,District - Sahibganj (07),Rural,20-24,77431,37932,39499,25550,19652,5898,50969,18026,32943,495,159,336,263,65,198,154,30,124,0,0,0
20,352,District - Sahibganj (07),Rural,25-29,75387,37213,38174,8345,6529,1816,65702,30303,35399,847,239,608,326,101,225,167,41,126,0,0,0
20,352,District - Sahibganj (07),Rural,30-34,66880,33495,33385,2945,2027,918,62286,31051,31235,1253,315,938,260,71,189,136,31,105,0,0,0
20,352,District - Sahibganj (07),Rural,35-39,63192,32195,30997,1416,887,529,59541,30758,28783,1878,441,1437,246,90,156,111,19,92,0,0,0
20,352,District - Sahibganj (07),Rural,40-44,51563,27305,24258,768,418,350,47942,26282,21660,2582,525,2057,175,53,122,96,27,69,0,0,0
20,352,District - Sahibganj (07),Rural,45-49,42875,22142,20733,437,244,193,39117,21174,17943,3125,658,2467,147,52,95,49,14,35,0,0,0
20,352,District - Sahibganj (07),Rural,50-54,32851,17281,15570,283,145,138,28479,16284,12195,3941,815,3126,103,28,75,45,9,36,0,0,0
20,352,District - Sahibganj (07),Rural,55-59,25927,12400,13527,218,94,124,21924,11494,10430,3693,787,2906,56,20,36,36,5,31,0,0,0
20,352,District - Sahibganj (07),Rural,60-64,26314,13074,13240,523,235,288,18713,11579,7134,6979,1232,5747,76,23,53,23,5,18,0,0,0
20,352,District - Sahibganj (07),Rural,65-69,15094,7248,7846,411,190,221,9860,6101,3759,4791,948,3843,21,7,14,11,2,9,0,0,0
20,352,District - Sahibganj (07),Rural,70-74,9301,4562,4739,168,79,89,5257,3666,1591,3863,812,3051,8,4,4,5,1,4,0,0,0
20,352,District - Sahibganj (07),Rural,75-79,3422,1585,1837,54,20,34,1870,1170,700,1492,393,1099,4,2,2,2,0,2,0,0,0
20,352,District - Sahibganj (07),Rural,80+,3838,1869,1969,301,169,132,1807,1212,595,1723,485,1238,3,2,1,4,1,3,0,0,0
20,352,District - Sahibganj (07),Rural,Age not stated,3348,1704,1644,1791,1022,769,1390,651,739,157,26,131,5,3,2,5,2,3,0,0,0
20,352,District - Sahibganj (07),Rural,Less than 18,459627,238660,220967,451372,235775,215597,7825,2724,5101,306,122,184,96,33,63,28,6,22,0,0,0
20,352,District - Sahibganj (07),Rural,Less than 21,516476,266647,249829,483736,258702,225034,31806,7643,24163,557,216,341,261,69,192,116,17,99,0,0,0
20,352,District - Sahibganj (07),Urban,All ages,159666,83499,76167,83980,47810,36170,68852,34157,34695,6429,1413,5016,295,81,214,110,38,72,0,0,0
20,352,District - Sahibganj (07),Urban,0-9,36031,18517,17514,36031,18517,17514,0,0,0,0,0,0,0,0,0,0,0,0,0,0,0
20,352,District - Sahibganj (07),Urban,10-14,18982,9820,9162,18490,9614,8876,454,195,259,25,6,19,11,4,7,2,1,1,0,0,0
20,352,District - Sahibganj (07),Urban,15-19,16359,8798,7561,14102,8397,5705,2177,381,1796,55,11,44,12,4,8,13,5,8,0,0,0
20,352,District - Sahibganj (07),Urban,20-24,14404,7574,6830,7688,5547,2141,6597,1996,4601,63,23,40,34,4,30,22,4,18,0,0,0
20,352,District - Sahibganj (07),Urban,25-29,12955,6700,6255,3421,2789,632,9331,3873,5458,136,26,110,51,8,43,16,4,12,0,0,0
20,352,District - Sahibganj (07),Urban,30-34,10881,5607,5274,1209,1001,208,9403,4543,4860,214,47,167,35,7,28,20,9,11,0,0,0
20,352,District - Sahibganj (07),Urban,35-39,10233,5284,4949,472,384,88,9397,4839,4558,317,52,265,40,7,33,7,2,5,0,0,0
20,352,District - Sahibganj (07),Urban,40-44,8668,4631,4037,237,172,65,7911,4356,3555,471,82,389,41,17,24,8,4,4,0,0,0
20,352,District - Sahibganj (07),Urban,45-49,7557,4026,3531,157,106,51,6856,3814,3042,514,92,422,26,12,14,4,2,2,0,0,0
20,352,District - Sahibganj (07),Urban,50-54,5915,3170,2745,88,55,33,5132,2985,2147,669,124,545,21,6,15,5,0,5,0,0,0
20,352,District - Sahibganj (07),Urban,55-59,4649,2488,2161,67,41,26,3887,2306,1581,685,138,547,8,2,6,2,1,1,0,0,0
20,352,District - Sahibganj (07),Urban,60-64,4139,2135,2004,108,60,48,3085,1880,1205,938,189,749,5,3,2,3,3,0,0,0,0
20,352,District - Sahibganj (07),Urban,65-69,2691,1426,1265,86,41,45,1845,1200,645,756,184,572,2,1,1,2,0,2,0,0,0
20,352,District - Sahibganj (07),Urban,70-74,1870,992,878,45,23,22,1142,795,347,676,170,506,4,3,1,3,1,2,0,0,0
20,352,District - Sahibganj (07),Urban,75-79,822,442,380,17,9,8,469,333,136,336,100,236,0,0,0,0,0,0,0,0,0
20,352,District - Sahibganj (07),Urban,80+,894,432,462,49,27,22,370,258,112,473,145,328,1,1,0,1,1,0,0,0,0
20,352,District - Sahibganj (07),Urban,Age not stated,2616,1457,1159,1713,1027,686,796,403,393,101,24,77,4,2,2,2,1,1,0,0,0
20,352,District - Sahibganj (07),Urban,Less than 18,64732,33658,31074,63544,33287,30257,1108,348,760,59,14,45,14,5,9,7,4,3,0,0,0
20,352,District - Sahibganj (07),Urban,Less than 21,75139,39060,36079,70933,38146,32787,4064,876,3188,92,23,69,30,8,22,20,7,13,0,0,0
20,353,District - Pakur (08),Total,All ages,900422,452661,447761,462835,248467,214368,395850,195562,200288,37818,7636,30182,2526,739,1787,1393,257,1136,0,0,0
20,353,District - Pakur (08),Total,0-9,250925,127114,123811,250925,127114,123811,0,0,0,0,0,0,0,0,0,0,0,0,0,0,0
20,353,District - Pakur (08),Total,10-14,113985,58896,55089,110853,57514,53339,2945,1307,1638,137,57,80,35,14,21,15,4,11,0,0,0
20,353,District - Pakur (08),Total,15-19,76857,39970,36887,60991,36592,24399,15347,3238,12109,227,90,137,177,31,146,115,19,96,0,0,0
20,353,District - Pakur (08),Total,20-24,74920,35173,39747,22996,16298,6698,50610,18557,32053,585,167,418,457,114,343,272,37,235,0,0,0
20,353,District - Pakur (08),Total,25-29,71289,35191,36098,7809,5592,2217,61984,29192,32792,826,242,584,430,121,309,240,44,196,0,0,0
20,353,District - Pakur (08),Total,30-34,62359,31429,30930,3238,2072,1166,57216,28892,28324,1341,325,1016,360,105,255,204,35,169,0,0,0
20,353,District - Pakur (08),Total,35-39,55862,28380,27482,1487,890,597,52012,26956,25056,1899,398,1501,304,104,200,160,32,128,0,0,0
20,353,District - Pakur (08),Total,40-44,47627,24442,23185,841,471,370,43583,23268,20315,2836,602,2234,228,74,154,139,27,112,0,0,0
20,353,District - Pakur (08),Total,45-49,40978,20761,20217,528,278,250,36522,19665,16857,3658,725,2933,195,72,123,75,21,54,0,0,0
20,353,District - Pakur (08),Total,50-54,32236,16879,15357,404,200,204,27042,15773,11269,4595,863,3732,133,34,99,62,9,53,0,0,0
20,353,District - Pakur (08),Total,55-59,23456,11184,12272,265,119,146,18936,10273,8663,4132,748,3384,82,32,50,41,12,29,0,0,0
20,353,District - Pakur (08),Total,60-64,22535,10674,11861,762,351,411,14881,9121,5760,6795,1177,5618,62,14,48,35,11,24,0,0,0
20,353,District - Pakur (08),Total,65-69,12474,5709,6765,617,340,277,7457,4590,2867,4360,767,3593,23,10,13,17,2,15,0,0,0
20,353,District - Pakur (08),Total,70-74,7926,3582,4344,182,104,78,4101,2732,1369,3615,738,2877,20,6,14,8,2,6,0,0,0
20,353,District - Pakur (08),Total,75-79,2700,1185,1515,53,18,35,1328,857,471,1314,308,1006,3,2,1,2,0,2,0,0,0
20,353,District - Pakur (08),Total,80+,3091,1459,1632,231,133,98,1405,911,494,1436,411,1025,12,3,9,7,1,6,0,0,0
20,353,District - Pakur (08),Total,Age not stated,1202,633,569,653,381,272,481,230,251,62,18,44,5,3,2,1,1,0,0,0,0
20,353,District - Pakur (08),Total,Less than 18,410905,211252,199653,403536,208680,194856,6971,2429,4542,263,110,153,86,19,67,49,14,35,0,0,0
20,353,District - Pakur (08),Total,Less than 21,464674,236279,228395,432418,227850,204568,31179,8136,23043,508,195,313,349,66,283,220,32,188,0,0,0
20,353,District - Pakur (08),Rural,All ages,832910,418251,414659,426934,228945,197989,367077,181141,185936,35165,7191,27974,2405,723,1682,1329,251,1078,0,0,0
20,353,District - Pakur (08),Rural,0-9,234721,118935,115786,234721,118935,115786,0,0,0,0,0,0,0,0,0,0,0,0,0,0,0
20,353,District - Pakur (08),Rural,10-14,105525,54611,50914,102615,53335,49280,2732,1205,1527,128,53,75,35,14,21,15,4,11,0,0,0
20,353,District - Pakur (08),Rural,15-19,69875,36422,33453,54996,33264,21732,14386,3026,11360,210,82,128,172,31,141,111,19,92,0,0,0
20,353,District - Pakur (08),Rural,20-24,68683,32039,36644,19937,14214,5723,47501,17516,29985,543,159,384,445,113,332,257,37,220,0,0,0
20,353,District - Pakur (08),Rural,25-29,66007,32503,33504,6513,4611,1902,58080,27502,30578,784,231,553,404,118,286,226,41,185,0,0,0
20,353,District - Pakur (08),Rural,30-34,57670,29080,28590,2751,1698,1053,53134,26928,26206,1245,316,929,344,103,241,196,35,161,0,0,0
20,353,District - Pakur (08),Rural,35-39,51532,26166,25366,1306,753,553,48016,24899,23117,1766,381,1385,291,102,189,153,31,122,0,0,0
20,353,District - Pakur (08),Rural,40-44,43871,22438,21433,734,406,328,40152,21351,18801,2639,583,2056,213,71,142,133,27,106,0,0,0
20,353,District - Pakur (08),Rural,45-49,37925,19137,18788,455,232,223,33767,18118,15649,3446,698,2748,184,70,114,73,19,54,0,0,0
20,353,District - Pakur (08),Rural,50-54,29726,15554,14172,363,179,184,24887,14517,10370,4295,815,3480,122,34,88,59,9,50,0,0,0
20,353,District - Pakur (08),Rural,55-59,21595,10181,11414,233,105,128,17360,9329,8031,3881,704,3177,80,31,49,41,12,29,0,0,0
20,353,District - Pakur (08),Rural,60-64,20796,9788,11008,708,321,387,13644,8334,5310,6356,1110,5246,56,12,44,32,11,21,0,0,0
20,353,District - Pakur (08),Rural,65-69,11481,5225,6256,563,309,254,6822,4186,2636,4060,718,3342,21,10,11,15,2,13,0,0,0
20,353,District - Pakur (08),Rural,70-74,7185,3229,3956,170,97,73,3690,2448,1242,3297,676,2621,20,6,14,8,2,6,0,0,0
20,353,District - Pakur (08),Rural,75-79,2420,1059,1361,48,17,31,1186,754,432,1181,286,895,3,2,1,2,0,2,0,0,0
20,353,District - Pakur (08),Rural,80+,2757,1288,1469,208,114,94,1258,809,449,1273,361,912,11,3,8,7,1,6,0,0,0
20,353,District - Pakur (08),Rural,Age not stated,1141,596,545,613,355,258,462,219,243,61,18,43,4,3,1,1,1,0,0,0,0
20,353,District - Pakur (08),Rural,Less than 18,382109,196661,185448,375245,194289,180956,6485,2239,4246,244,100,144,86,19,67,49,14,35,0,0,0
20,353,District - Pakur (08),Rural,Less than 21,431155,219351,211804,400946,211461,189485,29187,7612,21575,471,181,290,340,65,275,211,32,179,0,0,0
20,353,District - Pakur (08),Urban,All ages,67512,34410,33102,35901,19522,16379,28773,14421,14352,2653,445,2208,121,16,105,64,6,58,0,0,0
20,353,District - Pakur (08),Urban,0-9,16204,8179,8025,16204,8179,8025,0,0,0,0,0,0,0,0,0,0,0,0,0,0,0
20,353,District - Pakur (08),Urban,10-14,8460,4285,4175,8238,4179,4059,213,102,111,9,4,5,0,0,0,0,0,0,0,0,0
20,353,District - Pakur (08),Urban,15-19,6982,3548,3434,5995,3328,2667,961,212,749,17,8,9,5,0,5,4,0,4,0,0,0
20,353,District - Pakur (08),Urban,20-24,6237,3134,3103,3059,2084,975,3109,1041,2068,42,8,34,12,1,11,15,0,15,0,0,0
20,353,District - Pakur (08),Urban,25-29,5282,2688,2594,1296,981,315,3904,1690,2214,42,11,31,26,3,23,14,3,11,0,0,0
20,353,District - Pakur (08),Urban,30-34,4689,2349,2340,487,374,113,4082,1964,2118,96,9,87,16,2,14,8,0,8,0,0,0
20,353,District - Pakur (08),Urban,35-39,4330,2214,2116,181,137,44,3996,2057,1939,133,17,116,13,2,11,7,1,6,0,0,0
20,353,District - Pakur (08),Urban,40-44,3756,2004,1752,107,65,42,3431,1917,1514,197,19,178,15,3,12,6,0,6,0,0,0
20,353,District - Pakur (08),Urban,45-49,3053,1624,1429,73,46,27,2755,1547,1208,212,27,185,11,2,9,2,2,0,0,0,0
20,353,District - Pakur (08),Urban,50-54,2510,1325,1185,41,21,20,2155,1256,899,300,48,252,11,0,11,3,0,3,0,0,0
20,353,District - Pakur (08),Urban,55-59,1861,1003,858,32,14,18,1576,944,632,251,44,207,2,1,1,0,0,0,0,0,0
20,353,District - Pakur (08),Urban,60-64,1739,886,853,54,30,24,1237,787,450,439,67,372,6,2,4,3,0,3,0,0,0
20,353,District - Pakur (08),Urban,65-69,993,484,509,54,31,23,635,404,231,300,49,251,2,0,2,2,0,2,0,0,0
20,353,District - Pakur (08),Urban,70-74,741,353,388,12,7,5,411,284,127,318,62,256,0,0,0,0,0,0,0,0,0
20,353,District - Pakur (08),Urban,75-79,280,126,154,5,1,4,142,103,39,133,22,111,0,0,0,0,0,0,0,0,0
20,353,District - Pakur (08),Urban,80+,334,171,163,23,19,4,147,102,45,163,50,113,1,0,1,0,0,0,0,0,0
20,353,District - Pakur (08),Urban,Age not stated,61,37,24,40,26,14,19,11,8,1,0,1,1,0,1,0,0,0,0,0,0
20,353,District - Pakur (08),Urban,Less than 18,28796,14591,14205,28291,14391,13900,486,190,296,19,10,9,0,0,0,0,0,0,0,0,0
20,353,District - Pakur (08),Urban,Less than 21,33519,16928,16591,31472,16389,15083,1992,524,1468,37,14,23,9,1,8,9,0,9,0,0,0
20,354,District - Dhanbad (09),Total,All ages,2684487,1405956,1278531,1353509,769301,584208,1217618,609213,608405,107119,25888,81231,4715,1233,3482,1526,321,1205,0,0,0
20,354,District - Dhanbad (09),Total,0-9,548288,285592,262696,548288,285592,262696,0,0,0,0,0,0,0,0,0,0,0,0,0,0,0
20,354,District - Dhanbad (09),Total,10-14,318597,164610,153987,309904,160920,148984,8260,3513,4747,328,128,200,76,40,36,29,9,20,0,0,0
20,354,District - Dhanbad (09),Total,15-19,290914,156464,134450,256224,148496,107728,33750,7691,26059,676,230,446,201,36,165,63,11,52,0,0,0
20,354,District - Dhanbad (09),Total,20-24,250370,132310,118060,128966,93592,35374,119191,38189,81002,1463,394,1069,575,114,461,175,21,154,0,0,0
20,354,District - Dhanbad (09),Total,25-29,226666,118625,108041,49792,40150,9642,173390,77600,95790,2499,634,1865,743,204,539,242,37,205,0,0,0
20,354,District - Dhanbad (09),Total,30-34,190301,99172,91129,14894,11773,3121,170848,86352,84496,3651,839,2812,693,165,528,215,43,172,0,0,0
20,354,District - Dhanbad (09),Total,35-39,177516,91400,86116,6059,4363,1696,165039,85699,79340,5555,1111,4444,660,187,473,203,40,163,0,0,0
20,354,District - Dhanbad (09),Total,40-44,149580,78416,71164,3113,2259,854,138099,74447,63652,7641,1541,6100,548,130,418,179,39,140,0,0,0
20,354,District - Dhanbad (09),Total,45-49,131479,68818,62661,1911,1328,583,119230,65382,53848,9840,1991,7849,364,86,278,134,31,103,0,0,0
20,354,District - Dhanbad (09),Total,50-54,104814,55311,49503,1988,1263,725,90941,51525,39416,11551,2427,9124,257,72,185,77,24,53,0,0,0
20,354,District - Dhanbad (09),Total,55-59,87120,45964,41156,1638,1049,589,73455,42115,31340,11789,2734,9055,192,54,138,46,12,34,0,0,0
20,354,District - Dhanbad (09),Total,60-64,70850,37184,33666,1825,980,845,52090,32428,19662,16731,3708,13023,145,49,96,59,19,40,0,0,0
20,354,District - Dhanbad (09),Total,65-69,42730,22164,20566,1762,988,774,27875,17799,10076,12971,3331,9640,100,36,64,22,10,12,0,0,0
20,354,District - Dhanbad (09),Total,70-74,26185,13736,12449,876,518,358,14796,10250,4546,10450,2948,7502,43,16,27,20,4,16,0,0,0
20,354,District - Dhanbad (09),Total,75-79,11093,5655,5438,448,261,187,5892,3887,2005,4726,1494,3232,16,10,6,11,3,8,0,0,0
20,354,District - Dhanbad (09),Total,80+,13653,6786,6867,1890,1131,759,6039,3671,2368,5687,1971,3716,21,8,13,16,5,11,0,0,0
20,354,District - Dhanbad (09),Total,Age not stated,44331,23749,20582,23931,14638,9293,18723,8665,10058,1561,407,1154,81,26,55,35,13,22,0,0,0
20,354,District - Dhanbad (09),Total,Less than 18,1041258,543018,498240,1021564,535925,485639,18781,6757,12024,712,262,450,151,58,93,50,16,34,0,0,0
20,354,District - Dhanbad (09),Total,Less than 21,1223445,640565,582880,1155510,623265,532245,66048,16715,49333,1350,453,897,406,106,300,131,26,105,0,0,0
20,354,District - Dhanbad (09),Rural,All ages,1124093,581956,542137,559109,314401,244708,513216,255240,257976,48422,11548,36874,2565,641,1924,781,126,655,0,0,0
20,354,District - Dhanbad (09),Rural,0-9,250186,128981,121205,250186,128981,121205,0,0,0,0,0,0,0,0,0,0,0,0,0,0,0
20,354,District - Dhanbad (09),Rural,10-14,140502,71579,68923,136916,70053,66863,3405,1454,1951,140,52,88,32,18,14,9,2,7,0,0,0
20,354,District - Dhanbad (09),Rural,15-19,113103,61436,51667,97185,58110,39075,15502,3207,12295,280,102,178,110,14,96,26,3,23,0,0,0
20,354,District - Dhanbad (09),Rural,20-24,99284,51750,47534,41615,32889,8726,56591,18615,37976,677,187,490,303,50,253,98,9,89,0,0,0
20,354,District - Dhanbad (09),Rural,25-29,95022,49395,45627,14415,12151,2264,78893,36825,42068,1168,296,872,405,106,299,141,17,124,0,0,0
20,354,District - Dhanbad (09),Rural,30-34,80240,41512,38728,4282,3317,965,73768,37717,36051,1713,374,1339,365,87,278,112,17,95,0,0,0
20,354,District - Dhanbad (09),Rural,35-39,73257,38094,35163,1819,1250,569,68544,36247,32297,2433,485,1948,366,98,268,95,14,81,0,0,0
20,354,District - Dhanbad (09),Rural,40-44,59909,31286,28623,950,665,285,55266,29852,25414,3303,681,2622,298,71,227,92,17,75,0,0,0
20,354,District - Dhanbad (09),Rural,45-49,50854,26528,24326,566,382,184,45909,25255,20654,4111,826,3285,204,52,152,64,13,51,0,0,0
20,354,District - Dhanbad (09),Rural,50-54,39398,20226,19172,570,357,213,33760,18780,14980,4900,1044,3856,133,36,97,35,9,26,0,0,0
20,354,District - Dhanbad (09),Rural,55-59,33716,16318,17398,464,291,173,28028,14861,13167,5099,1138,3961,99,24,75,26,4,22,0,0,0
20,354,District - Dhanbad (09),Rural,60-64,31358,15639,15719,676,360,316,22559,13496,9063,7998,1746,6252,100,32,68,25,5,20,0,0,0
20,354,District - Dhanbad (09),Rural,65-69,20516,10295,10221,604,329,275,13165,8302,4863,6665,1634,5031,68,25,43,14,5,9,0,0,0
20,354,District - Dhanbad (09),Rural,70-74,11941,6174,5767,270,155,115,6538,4601,1937,5093,1406,3687,26,10,16,14,2,12,0,0,0
20,354,District - Dhanbad (09),Rural,75-79,4656,2329,2327,120,71,49,2433,1586,847,2093,669,1424,7,3,4,3,0,3,0,0,0
20,354,District - Dhanbad (09),Rural,80+,5200,2575,2625,600,343,257,2421,1475,946,2161,752,1409,10,3,7,8,2,6,0,0,0
20,354,District - Dhanbad (09),Rural,Age not stated,14951,7839,7112,7871,4697,3174,6434,2967,3467,588,156,432,39,12,27,19,7,12,0,0,0
20,354,District - Dhanbad (09),Rural,Less than 18,459356,237513,221843,451197,234582,216615,7770,2788,4982,299,113,186,75,25,50,15,5,10,0,0,0
20,354,District - Dhanbad (09),Rural,Less than 21,528978,274811,254167,498172,267472,230700,29969,7092,22877,568,195,373,209,43,166,60,9,51,0,0,0
20,354,District - Dhanbad (09),Urban,All ages,1560394,824000,736394,794400,454900,339500,704402,353973,350429,58697,14340,44357,2150,592,1558,745,195,550,0,0,0
20,354,District - Dhanbad (09),Urban,0-9,298102,156611,141491,298102,156611,141491,0,0,0,0,0,0,0,0,0,0,0,0,0,0,0
20,354,District - Dhanbad (09),Urban,10-14,178095,93031,85064,172988,90867,82121,4855,2059,2796,188,76,112,44,22,22,20,7,13,0,0,0
20,354,District - Dhanbad (09),Urban,15-19,177811,95028,82783,159039,90386,68653,18248,4484,13764,396,128,268,91,22,69,37,8,29,0,0,0
20,354,District - Dhanbad (09),Urban,20-24,151086,80560,70526,87351,60703,26648,62600,19574,43026,786,207,579,272,64,208,77,12,65,0,0,0
20,354,District - Dhanbad (09),Urban,25-29,131644,69230,62414,35377,27999,7378,94497,40775,53722,1331,338,993,338,98,240,101,20,81,0,0,0
20,354,District - Dhanbad (09),Urban,30-34,110061,57660,52401,10612,8456,2156,97080,48635,48445,1938,465,1473,328,78,250,103,26,77,0,0,0
20,354,District - Dhanbad (09),Urban,35-39,104259,53306,50953,4240,3113,1127,96495,49452,47043,3122,626,2496,294,89,205,108,26,82,0,0,0
20,354,District - Dhanbad (09),Urban,40-44,89671,47130,42541,2163,1594,569,82833,44595,38238,4338,860,3478,250,59,191,87,22,65,0,0,0
20,354,District - Dhanbad (09),Urban,45-49,80625,42290,38335,1345,946,399,73321,40127,33194,5729,1165,4564,160,34,126,70,18,52,0,0,0
20,354,District - Dhanbad (09),Urban,50-54,65416,35085,30331,1418,906,512,57181,32745,24436,6651,1383,5268,124,36,88,42,15,27,0,0,0
20,354,District - Dhanbad (09),Urban,55-59,53404,29646,23758,1174,758,416,45427,27254,18173,6690,1596,5094,93,30,63,20,8,12,0,0,0
20,354,District - Dhanbad (09),Urban,60-64,39492,21545,17947,1149,620,529,29531,18932,10599,8733,1962,6771,45,17,28,34,14,20,0,0,0
20,354,District - Dhanbad (09),Urban,65-69,22214,11869,10345,1158,659,499,14710,9497,5213,6306,1697,4609,32,11,21,8,5,3,0,0,0
20,354,District - Dhanbad (09),Urban,70-74,14244,7562,6682,606,363,243,8258,5649,2609,5357,1542,3815,17,6,11,6,2,4,0,0,0
20,354,District - Dhanbad (09),Urban,75-79,6437,3326,3111,328,190,138,3459,2301,1158,2633,825,1808,9,7,2,8,3,5,0,0,0
20,354,District - Dhanbad (09),Urban,80+,8453,4211,4242,1290,788,502,3618,2196,1422,3526,1219,2307,11,5,6,8,3,5,0,0,0
20,354,District - Dhanbad (09),Urban,Age not stated,29380,15910,13470,16060,9941,6119,12289,5698,6591,973,251,722,42,14,28,16,6,10,0,0,0
20,354,District - Dhanbad (09),Urban,Less than 18,581902,305505,276397,570367,301343,269024,11011,3969,7042,413,149,264,76,33,43,35,11,24,0,0,0
20,354,District - Dhanbad (09),Urban,Less than 21,694467,365754,328713,657338,355793,301545,36079,9623,26456,782,258,524,197,63,134,71,17,54,0,0,0
20,355,District - Bokaro (10),Total,All ages,2062330,1072807,989523,1013857,571723,442134,967136,480962,486174,77613,19112,58501,2959,783,2176,765,227,538,0,0,0
20,355,District - Bokaro (10),Total,0-9,430115,222840,207275,430115,222840,207275,0,0,0,0,0,0,0,0,0,0,0,0,0,0,0
20,355,District - Bokaro (10),Total,10-14,250234,127703,122531,243795,125062,118733,6088,2487,3601,226,83,143,61,33,28,64,38,26,0,0,0
20,355,District - Bokaro (10),Total,15-19,214879,115306,99573,186344,109261,77083,27931,5824,22107,397,140,257,137,50,87,70,31,39,0,0,0
20,355,District - Bokaro (10),Total,20-24,188396,98069,90327,91087,66704,24383,96014,31060,64954,865,227,638,326,55,271,104,23,81,0,0,0
20,355,District - Bokaro (10),Total,25-29,177614,92413,85201,37146,29951,7195,138272,61953,76319,1631,383,1248,456,96,360,109,30,79,0,0,0
20,355,District - Bokaro (10),Total,30-34,154947,79646,75301,10822,8692,2130,141074,70293,70781,2504,528,1976,448,106,342,99,27,72,0,0,0
20,355,District - Bokaro (10),Total,35-39,142131,73872,68259,3619,2693,926,133952,70240,63712,3978,781,3197,485,135,350,97,23,74,0,0,0
20,355,District - Bokaro (10),Total,40-44,115619,61298,54321,1521,1111,410,108467,59043,49424,5220,1055,4165,350,76,274,61,13,48,0,0,0
20,355,District - Bokaro (10),Total,45-49,97678,51200,46478,878,567,311,89768,49110,40658,6751,1436,5315,240,75,165,41,12,29,0,0,0
20,355,District - Bokaro (10),Total,50-54,76561,38836,37725,579,359,220,68013,36723,31290,7791,1693,6098,151,51,100,27,10,17,0,0,0
20,355,District - Bokaro (10),Total,55-59,69302,35144,34158,520,305,215,59952,32770,27182,8688,2027,6661,116,36,80,26,6,20,0,0,0
20,355,District - Bokaro (10),Total,60-64,61650,32908,28742,1166,558,608,47473,29217,18256,12902,3099,9803,85,26,59,24,8,16,0,0,0
20,355,District - Bokaro (10),Total,65-69,36126,19417,16709,1123,637,486,25215,16201,9014,9721,2558,7163,49,19,30,18,2,16,0,0,0
20,355,District - Bokaro (10),Total,70-74,20785,10876,9909,386,194,192,12236,8390,3846,8128,2280,5848,24,10,14,11,2,9,0,0,0
20,355,District - Bokaro (10),Total,75-79,8629,4267,4362,141,86,55,4650,3015,1635,3825,1160,2665,10,5,5,3,1,2,0,0,0
20,355,District - Bokaro (10),Total,80+,9062,4475,4587,487,277,210,4012,2645,1367,4550,1547,3003,8,5,3,5,1,4,0,0,0
20,355,District - Bokaro (10),Total,Age not stated,8602,4537,4065,4128,2426,1702,4019,1991,2028,436,115,321,13,5,8,6,0,6,0,0,0
20,355,District - Bokaro (10),Total,Less than 18,812229,420873,391356,796601,415722,380879,14955,4870,10085,447,161,286,124,60,64,102,60,42,0,0,0
20,355,District - Bokaro (10),Total,Less than 21,940594,488994,451600,887148,476065,411083,52244,12493,39751,798,274,524,251,90,161,153,72,81,0,0,0
20,355,District - Bokaro (10),Rural,All ages,1078686,554954,523732,526922,293630,233292,505873,250114,255759,43666,10653,33013,1773,445,1328,452,112,340,0,0,0
20,355,District - Bokaro (10),Rural,0-9,247126,126358,120768,247126,126358,120768,0,0,0,0,0,0,0,0,0,0,0,0,0,0,0
20,355,District - Bokaro (10),Rural,10-14,140200,70772,69428,136721,69379,67342,3284,1304,1980,117,47,70,30,15,15,48,27,21,0,0,0
20,355,District - Bokaro (10),Rural,15-19,106999,58092,48907,89416,54462,34954,17249,3520,13729,219,72,147,79,24,55,36,14,22,0,0,0
20,355,District - Bokaro (10),Rural,20-24,90537,47046,43491,33137,27347,5790,56638,19531,37107,483,125,358,216,33,183,63,10,53,0,0,0
20,355,District - Bokaro (10),Rural,25-29,88050,45543,42507,10739,9454,1285,76076,35803,40273,910,211,699,260,56,204,65,19,46,0,0,0
20,355,District - Bokaro (10),Rural,30-34,78230,39437,38793,3094,2440,654,73463,36653,36810,1361,270,1091,253,63,190,59,11,48,0,0,0
20,355,District - Bokaro (10),Rural,35-39,73001,37876,35125,1371,1004,367,69134,36339,32795,2160,451,1709,285,71,214,51,11,40,0,0,0
20,355,District - Bokaro (10),Rural,40-44,58153,30671,27482,677,507,170,54446,29487,24959,2788,628,2160,208,44,164,34,5,29,0,0,0
20,355,District - Bokaro (10),Rural,45-49,48298,25623,22675,384,251,133,44328,24533,19795,3415,790,2625,147,45,102,24,4,20,0,0,0
20,355,District - Bokaro (10),Rural,50-54,35847,18257,17590,263,167,96,31508,17123,14385,3957,935,3022,103,30,73,16,2,14,0,0,0
20,355,District - Bokaro (10),Rural,55-59,31679,14920,16759,236,146,90,26942,13696,13246,4415,1054,3361,71,21,50,15,3,12,0,0,0
20,355,District - Bokaro (10),Rural,60-64,31727,15629,16098,632,289,343,23551,13690,9861,7471,1626,5845,60,20,40,13,4,9,0,0,0
20,355,District - Bokaro (10),Rural,65-69,21350,10767,10583,553,338,215,14643,8928,5715,6108,1487,4621,33,13,20,13,1,12,0,0,0
20,355,District - Bokaro (10),Rural,70-74,12894,6651,6243,195,105,90,7551,5206,2345,5131,1338,3793,9,1,8,8,1,7,0,0,0
20,355,District - Bokaro (10),Rural,75-79,5227,2569,2658,69,44,25,2853,1840,1013,2296,682,1614,7,3,4,2,0,2,0,0,0
20,355,District - Bokaro (10),Rural,80+,5113,2534,2579,229,133,96,2275,1523,752,2603,875,1728,4,3,1,2,0,2,0,0,0
20,355,District - Bokaro (10),Rural,Age not stated,4255,2209,2046,2080,1206,874,1932,938,994,232,62,170,8,3,5,3,0,3,0,0,0
20,355,District - Bokaro (10),Rural,Less than 18,453973,233083,220890,445013,230264,214749,8594,2664,5930,235,88,147,68,30,38,63,37,26,0,0,0
20,355,District - Bokaro (10),Rural,Less than 21,516537,266461,250076,484198,258746,225452,31666,7482,24184,433,145,288,145,45,100,95,43,52,0,0,0
20,355,District - Bokaro (10),Urban,All ages,983644,517853,465791,486935,278093,208842,461263,230848,230415,33947,8459,25488,1186,338,848,313,115,198,0,0,0
20,355,District - Bokaro (10),Urban,0-9,182989,96482,86507,182989,96482,86507,0,0,0,0,0,0,0,0,0,0,0,0,0,0,0
20,355,District - Bokaro (10),Urban,10-14,110034,56931,53103,107074,55683,51391,2804,1183,1621,109,36,73,31,18,13,16,11,5,0,0,0
20,355,District - Bokaro (10),Urban,15-19,107880,57214,50666,96928,54799,42129,10682,2304,8378,178,68,110,58,26,32,34,17,17,0,0,0
20,355,District - Bokaro (10),Urban,20-24,97859,51023,46836,57950,39357,18593,39376,11529,27847,382,102,280,110,22,88,41,13,28,0,0,0
20,355,District - Bokaro (10),Urban,25-29,89564,46870,42694,26407,20497,5910,62196,26150,36046,721,172,549,196,40,156,44,11,33,0,0,0
20,355,District - Bokaro (10),Urban,30-34,76717,40209,36508,7728,6252,1476,67611,33640,33971,1143,258,885,195,43,152,40,16,24,0,0,0
20,355,District - Bokaro (10),Urban,35-39,69130,35996,33134,2248,1689,559,64818,33901,30917,1818,330,1488,200,64,136,46,12,34,0,0,0
20,355,District - Bokaro (10),Urban,40-44,57466,30627,26839,844,604,240,54021,29556,24465,2432,427,2005,142,32,110,27,8,19,0,0,0
20,355,District - Bokaro (10),Urban,45-49,49380,25577,23803,494,316,178,45440,24577,20863,3336,646,2690,93,30,63,17,8,9,0,0,0
20,355,District - Bokaro (10),Urban,50-54,40714,20579,20135,316,192,124,36505,19600,16905,3834,758,3076,48,21,27,11,8,3,0,0,0
20,355,District - Bokaro (10),Urban,55-59,37623,20224,17399,284,159,125,33010,19074,13936,4273,973,3300,45,15,30,11,3,8,0,0,0
20,355,District - Bokaro (10),Urban,60-64,29923,17279,12644,534,269,265,23922,15527,8395,5431,1473,3958,25,6,19,11,4,7,0,0,0
20,355,District - Bokaro (10),Urban,65-69,14776,8650,6126,570,299,271,10572,7273,3299,3613,1071,2542,16,6,10,5,1,4,0,0,0
20,355,District - Bokaro (10),Urban,70-74,7891,4225,3666,191,89,102,4685,3184,1501,2997,942,2055,15,9,6,3,1,2,0,0,0
20,355,District - Bokaro (10),Urban,75-79,3402,1698,1704,72,42,30,1797,1175,622,1529,478,1051,3,2,1,1,1,0,0,0,0
20,355,District - Bokaro (10),Urban,80+,3949,1941,2008,258,144,114,1737,1122,615,1947,672,1275,4,2,2,3,1,2,0,0,0
20,355,District - Bokaro (10),Urban,Age not stated,4347,2328,2019,2048,1220,828,2087,1053,1034,204,53,151,5,2,3,3,0,3,0,0,0
20,355,District - Bokaro (10),Urban,Less than 18,358256,187790,170466,351588,185458,166130,6361,2206,4155,212,73,139,56,30,26,39,23,16,0,0,0
20,355,District - Bokaro (10),Urban,Less than 21,424057,222533,201524,402950,217319,185631,20578,5011,15567,365,129,236,106,45,61,58,29,29,0,0,0
20,356,District - Lohardaga (11),Total,All ages,461790,232629,229161,250553,134301,116252,189896,92912,96984,19500,5023,14477,1581,359,1222,260,34,226,0,0,0
20,356,District - Lohardaga (11),Total,0-9,114557,58323,56234,114557,58323,56234,0,0,0,0,0,0,0,0,0,0,0,0,0,0,0
20,356,District - Lohardaga (11),Total,10-14,65562,33223,32339,64548,32819,31729,936,368,568,41,14,27,29,17,12,8,5,3,0,0,0
20,356,District - Lohardaga (11),Total,15-19,49562,25585,23977,44292,24538,19754,5091,990,4101,105,38,67,60,15,45,14,4,10,0,0,0
20,356,District - Lohardaga (11),Total,20-24,36799,18306,18493,17215,11743,5472,19248,6488,12760,169,45,124,136,26,110,31,4,27,0,0,0
20,356,District - Lohardaga (11),Total,25-29,32364,16113,16251,5490,4086,1404,26297,11881,14416,357,100,257,192,46,146,28,0,28,0,0,0
20,356,District - Lohardaga (11),Total,30-34,28495,13871,14624,1830,1330,500,25902,12415,13487,534,82,452,191,40,151,38,4,34,0,0,0
20,356,District - Lohardaga (11),Total,35-39,27082,13382,13700,719,449,270,25203,12716,12487,900,174,726,224,40,184,36,3,33,0,0,0
20,356,District - Lohardaga (11),Total,40-44,23723,11847,11876,382,216,166,21954,11338,10616,1166,247,919,196,41,155,25,5,20,0,0,0
20,356,District - Lohardaga (11),Total,45-49,21040,10861,10179,224,132,92,19025,10336,8689,1604,356,1248,163,36,127,24,1,23,0,0,0
20,356,District - Lohardaga (11),Total,50-54,15806,8017,7789,150,72,78,13662,7449,6213,1854,466,1388,125,28,97,15,2,13,0,0,0
20,356,District - Lohardaga (11),Total,55-59,13501,6634,6867,111,53,58,11347,6056,5291,1950,500,1450,80,23,57,13,2,11,0,0,0
20,356,District - Lohardaga (11),Total,60-64,13660,6567,7093,294,143,151,9857,5608,4249,3411,798,2613,89,17,72,9,1,8,0,0,0
20,356,District - Lohardaga (11),Total,65-69,9167,4508,4659,275,136,139,6007,3644,2363,2821,712,2109,55,16,39,9,0,9,0,0,0
20,356,District - Lohardaga (11),Total,70-74,5569,2825,2744,81,37,44,3080,2089,991,2375,685,1690,25,11,14,8,3,5,0,0,0
20,356,District - Lohardaga (11),Total,75-79,2234,1131,1103,29,10,19,1223,807,416,975,311,664,7,3,4,0,0,0,0,0,0
20,356,District - Lohardaga (11),Total,80+,2307,1239,1068,139,83,56,933,664,269,1224,492,732,9,0,9,2,0,2,0,0,0
20,356,District - Lohardaga (11),Total,Age not stated,362,197,165,217,131,86,131,63,68,14,3,11,0,0,0,0,0,0,0,0,0
20,356,District - Lohardaga (11),Total,Less than 18,210939,107376,103563,208345,106550,101795,2426,755,1671,100,38,62,50,25,25,18,8,10,0,0,0
20,356,District - Lohardaga (11),Total,Less than 21,240192,122243,117949,229648,119743,109905,10209,2391,7818,188,58,130,118,42,76,29,9,20,0,0,0
20,356,District - Lohardaga (11),Rural,All ages,404379,203255,201124,219245,117217,102028,166123,81104,85019,17357,4580,12777,1427,324,1103,227,30,197,0,0,0
20,356,District - Lohardaga (11),Rural,0-9,102990,52335,50655,102990,52335,50655,0,0,0,0,0,0,0,0,0,0,0,0,0,0,0
20,356,District - Lohardaga (11),Rural,10-14,58631,29670,28961,57734,29311,28423,829,328,501,35,12,23,25,14,11,8,5,3,0,0,0
20,356,District - Lohardaga (11),Rural,15-19,43017,22313,20704,38207,21343,16864,4647,919,3728,95,33,62,54,14,40,14,4,10,0,0,0
20,356,District - Lohardaga (11),Rural,20-24,31065,15466,15599,13361,9380,3981,17402,6018,11384,151,41,110,126,24,102,25,3,22,0,0,0
20,356,District - Lohardaga (11),Rural,25-29,27434,13679,13755,3751,2871,880,23181,10683,12498,311,86,225,167,39,128,24,0,24,0,0,0
20,356,District - Lohardaga (11),Rural,30-34,24280,11749,12531,1246,883,363,22348,10745,11603,477,78,399,175,40,135,34,3,31,0,0,0
20,356,District - Lohardaga (11),Rural,35-39,23151,11418,11733,509,314,195,21628,10904,10724,787,160,627,199,37,162,28,3,25,0,0,0
20,356,District - Lohardaga (11),Rural,40-44,20415,10069,10346,266,155,111,18922,9647,9275,1027,227,800,177,36,141,23,4,19,0,0,0
20,356,District - Lohardaga (11),Rural,45-49,18192,9290,8902,155,94,61,16473,8832,7641,1395,331,1064,149,32,117,20,1,19,0,0,0
20,356,District - Lohardaga (11),Rural,50-54,13814,6959,6855,102,49,53,11941,6457,5484,1645,428,1217,113,23,90,13,2,11,0,0,0
20,356,District - Lohardaga (11),Rural,55-59,11858,5772,6086,82,43,39,9951,5247,4704,1739,460,1279,75,21,54,11,1,10,0,0,0
20,356,District - Lohardaga (11),Rural,60-64,12189,5822,6367,245,120,125,8773,4937,3836,3084,748,2336,78,16,62,9,1,8,0,0,0
20,356,District - Lohardaga (11),Rural,65-69,8212,4020,4192,245,124,121,5338,3227,2111,2570,655,1915,50,14,36,9,0,9,0,0,0
20,356,District - Lohardaga (11),Rural,70-74,4962,2512,2450,59,29,30,2730,1844,886,2142,625,1517,24,11,13,7,3,4,0,0,0
20,356,District - Lohardaga (11),Rural,75-79,1931,985,946,23,9,14,1063,699,364,839,274,565,6,3,3,0,0,0,0,0,0
20,356,District - Lohardaga (11),Rural,80+,2000,1073,927,113,69,44,823,583,240,1053,421,632,9,0,9,2,0,2,0,0,0
20,356,District - Lohardaga (11),Rural,Age not stated,238,123,115,157,88,69,74,34,40,7,1,6,0,0,0,0,0,0,0,0,0
20,356,District - Lohardaga (11),Rural,Less than 18,188547,95847,92700,186224,95106,91118,2177,680,1497,85,32,53,43,21,22,18,8,10,0,0,0
20,356,District - Lohardaga (11),Rural,Less than 21,213663,108725,104938,204073,106412,97661,9289,2217,7072,165,50,115,107,37,70,29,9,20,0,0,0
20,356,District - Lohardaga (11),Urban,All ages,57411,29374,28037,31308,17084,14224,23773,11808,11965,2143,443,1700,154,35,119,33,4,29,0,0,0
20,356,District - Lohardaga (11),Urban,0-9,11567,5988,5579,11567,5988,5579,0,0,0,0,0,0,0,0,0,0,0,0,0,0,0
20,356,District - Lohardaga (11),Urban,10-14,6931,3553,3378,6814,3508,3306,107,40,67,6,2,4,4,3,1,0,0,0,0,0,0
20,356,District - Lohardaga (11),Urban,15-19,6545,3272,3273,6085,3195,2890,444,71,373,10,5,5,6,1,5,0,0,0,0,0,0
20,356,District - Lohardaga (11),Urban,20-24,5734,2840,2894,3854,2363,1491,1846,470,1376,18,4,14,10,2,8,6,1,5,0,0,0
20,356,District - Lohardaga (11),Urban,25-29,4930,2434,2496,1739,1215,524,3116,1198,1918,46,14,32,25,7,18,4,0,4,0,0,0
20,356,District - Lohardaga (11),Urban,30-34,4215,2122,2093,584,447,137,3554,1670,1884,57,4,53,16,0,16,4,1,3,0,0,0
20,356,District - Lohardaga (11),Urban,35-39,3931,1964,1967,210,135,75,3575,1812,1763,113,14,99,25,3,22,8,0,8,0,0,0
20,356,District - Lohardaga (11),Urban,40-44,3308,1778,1530,116,61,55,3032,1691,1341,139,20,119,19,5,14,2,1,1,0,0,0
20,356,District - Lohardaga (11),Urban,45-49,2848,1571,1277,69,38,31,2552,1504,1048,209,25,184,14,4,10,4,0,4,0,0,0
20,356,District - Lohardaga (11),Urban,50-54,1992,1058,934,48,23,25,1721,992,729,209,38,171,12,5,7,2,0,2,0,0,0
20,356,District - Lohardaga (11),Urban,55-59,1643,862,781,29,10,19,1396,809,587,211,40,171,5,2,3,2,1,1,0,0,0
20,356,District - Lohardaga (11),Urban,60-64,1471,745,726,49,23,26,1084,671,413,327,50,277,11,1,10,0,0,0,0,0,0
20,356,District - Lohardaga (11),Urban,65-69,955,488,467,30,12,18,669,417,252,251,57,194,5,2,3,0,0,0,0,0,0
20,356,District - Lohardaga (11),Urban,70-74,607,313,294,22,8,14,350,245,105,233,60,173,1,0,1,1,0,1,0,0,0
20,356,District - Lohardaga (11),Urban,75-79,303,146,157,6,1,5,160,108,52,136,37,99,1,0,1,0,0,0,0,0,0
20,356,District - Lohardaga (11),Urban,80+,307,166,141,26,14,12,110,81,29,171,71,100,0,0,0,0,0,0,0,0,0
20,356,District - Lohardaga (11),Urban,Age not stated,124,74,50,60,43,17,57,29,28,7,2,5,0,0,0,0,0,0,0,0,0
20,356,District - Lohardaga (11),Urban,Less than 18,22392,11529,10863,22121,11444,10677,249,75,174,15,6,9,7,4,3,0,0,0,0,0,0
20,356,District - Lohardaga (11),Urban,Less than 21,26529,13518,13011,25575,13331,12244,920,174,746,23,8,15,11,5,6,0,0,0,0,0,0
20,357,District - Purbi Singhbhum (12),Total,All ages,2293919,1176902,1117017,1087154,614507,472647,1081683,538560,543123,118249,22167,96082,5654,1382,4272,1179,286,893,0,0,0
20,357,District - Purbi Singhbhum (12),Total,0-9,427979,222187,205792,427979,222187,205792,0,0,0,0,0,0,0,0,0,0,0,0,0,0,0
20,357,District - Purbi Singhbhum (12),Total,10-14,226440,117772,108668,223482,116662,106820,2769,1047,1722,125,34,91,59,27,32,5,2,3,0,0,0
20,357,District - Purbi Singhbhum (12),Total,15-19,213765,113552,100213,192237,110455,81782,21095,2986,18109,289,78,211,124,26,98,20,7,13,0,0,0
20,357,District - Purbi Singhbhum (12),Total,20-24,215693,107205,108488,125770,84452,41318,88697,22514,66183,728,155,573,425,78,347,73,6,67,0,0,0
20,357,District - Purbi Singhbhum (12),Total,25-29,208718,104263,104455,63552,47076,16476,142714,56712,86002,1661,331,1330,657,126,531,134,18,116,0,0,0
20,357,District - Purbi Singhbhum (12),Total,30-34,181709,92187,89522,23217,16898,6319,154546,74525,80021,2990,548,2442,781,175,606,175,41,134,0,0,0
20,357,District - Purbi Singhbhum (12),Total,35-39,173162,88307,84855,10754,6773,3981,156177,80430,75747,5165,837,4328,876,219,657,190,48,142,0,0,0
20,357,District - Purbi Singhbhum (12),Total,40-44,148502,77462,71040,6418,3452,2966,133593,72519,61074,7470,1230,6240,827,201,626,194,60,134,0,0,0
20,357,District - Purbi Singhbhum (12),Total,45-49,128941,67712,61229,4202,2087,2115,113966,63764,50202,10010,1632,8378,636,188,448,127,41,86,0,0,0
20,357,District - Purbi Singhbhum (12),Total,50-54,100372,52468,47904,2831,1311,1520,85202,48974,36228,11799,2045,9754,446,118,328,94,20,74,0,0,0
20,357,District - Purbi Singhbhum (12),Total,55-59,79855,41310,38545,1864,891,973,65675,38120,27555,11955,2206,9749,305,81,224,56,12,44,0,0,0
20,357,District - Purbi Singhbhum (12),Total,60-64,73924,35784,38140,1700,676,1024,52684,31877,20807,19234,3171,16063,260,48,212,46,12,34,0,0,0
20,357,District - Purbi Singhbhum (12),Total,65-69,50227,24940,25287,1041,472,569,32567,21401,11166,16456,3017,13439,131,42,89,32,8,24,0,0,0
20,357,District - Purbi Singhbhum (12),Total,70-74,33534,16976,16558,615,263,352,18658,13749,4909,14176,2931,11245,68,27,41,17,6,11,0,0,0
20,357,District - Purbi Singhbhum (12),Total,75-79,15500,7621,7879,254,109,145,7629,5748,1881,7578,1743,5835,30,16,14,9,5,4,0,0,0
20,357,District - Purbi Singhbhum (12),Total,80+,14736,6681,8055,691,397,294,5463,4077,1386,8549,2197,6352,28,10,18,5,0,5,0,0,0
20,357,District - Purbi Singhbhum (12),Total,Age not stated,862,475,387,547,346,201,248,117,131,64,12,52,1,0,1,2,0,2,0,0,0
20,357,District - Purbi Singhbhum (12),Total,Less than 18,779277,407451,371826,770898,405075,365823,7966,2249,5717,284,79,205,117,42,75,12,6,6,0,0,0
20,357,District - Purbi Singhbhum (12),Total,Less than 21,922057,479634,442423,879468,472546,406922,41714,6861,34853,554,145,409,281,70,211,40,12,28,0,0,0
20,357,District - Purbi Singhbhum (12),Rural,All ages,1019328,514498,504830,484450,270463,213987,469593,232462,237131,61749,10770,50979,3186,735,2451,350,68,282,0,0,0
20,357,District - Purbi Singhbhum (12),Rural,0-9,211392,107978,103414,211392,107978,103414,0,0,0,0,0,0,0,0,0,0,0,0,0,0,0
20,357,District - Purbi Singhbhum (12),Rural,10-14,107519,55474,52045,106298,55054,51244,1138,395,743,61,14,47,21,11,10,1,0,1,0,0,0
20,357,District - Purbi Singhbhum (12),Rural,15-19,92021,49429,42592,79608,47901,31707,12189,1480,10709,147,35,112,68,11,57,9,2,7,0,0,0
20,357,District - Purbi Singhbhum (12),Rural,20-24,89377,44147,45230,43618,31925,11693,45137,12109,33028,369,75,294,223,37,186,30,1,29,0,0,0
20,357,District - Purbi Singhbhum (12),Rural,25-29,85788,42448,43340,20585,15541,5044,63979,26657,37322,856,177,679,335,64,271,33,9,24,0,0,0
20,357,District - Purbi Singhbhum (12),Rural,30-34,73817,36704,37113,8321,5480,2841,63580,30841,32739,1472,286,1186,405,86,319,39,11,28,0,0,0
20,357,District - Purbi Singhbhum (12),Rural,35-39,72485,36366,36119,4759,2586,2173,64628,33210,31418,2598,448,2150,457,116,341,43,6,37,0,0,0
20,357,District - Purbi Singhbhum (12),Rural,40-44,63996,32662,31334,3196,1390,1806,56567,30474,26093,3748,681,3067,437,104,333,48,13,35,0,0,0
20,357,District - Purbi Singhbhum (12),Rural,45-49,55664,29028,26636,2074,818,1256,48302,27199,21103,4861,891,3970,392,112,280,35,8,27,0,0,0
20,357,District - Purbi Singhbhum (12),Rural,50-54,43573,22191,21382,1420,503,917,35997,20592,15405,5849,1027,4822,276,63,213,31,6,25,0,0,0
20,357,District - Purbi Singhbhum (12),Rural,55-59,34855,17242,17613,893,370,523,27615,15674,11941,6101,1144,4957,222,51,171,24,3,21,0,0,0
20,357,District - Purbi Singhbhum (12),Rural,60-64,34760,16191,18569,885,297,588,22923,14262,8661,10755,1604,9151,176,27,149,21,1,20,0,0,0
20,357,District - Purbi Singhbhum (12),Rural,65-69,24207,11114,13093,506,200,306,14022,9414,4608,9565,1469,8096,93,25,68,21,6,15,0,0,0
20,357,District - Purbi Singhbhum (12),Rural,70-74,15756,7204,8552,283,103,180,7796,5774,2022,7621,1310,6311,47,16,31,9,1,8,0,0,0
20,357,District - Purbi Singhbhum (12),Rural,75-79,7209,3273,3936,106,33,73,3254,2503,751,3828,728,3100,19,8,11,2,1,1,0,0,0
20,357,District - Purbi Singhbhum (12),Rural,80+,6529,2859,3670,274,145,129,2361,1836,525,3877,874,3003,14,4,10,3,0,3,0,0,0
20,357,District - Purbi Singhbhum (12),Rural,Age not stated,380,188,192,232,139,93,105,42,63,41,7,34,1,0,1,1,0,1,0,0,0
20,357,District - Purbi Singhbhum (12),Rural,Less than 18,372794,193270,179524,368779,192310,176469,3819,913,2906,134,28,106,56,17,39,6,2,4,0,0,0
20,357,District - Purbi Singhbhum (12),Rural,Less than 21,435049,224220,210829,411180,220675,190505,23419,3445,19974,291,67,224,140,30,110,19,3,16,0,0,0
20,357,District - Purbi Singhbhum (12),Urban,All ages,1274591,662404,612187,602704,344044,258660,612090,306098,305992,56500,11397,45103,2468,647,1821,829,218,611,0,0,0
20,357,District - Purbi Singhbhum (12),Urban,0-9,216587,114209,102378,216587,114209,102378,0,0,0,0,0,0,0,0,0,0,0,0,0,0,0
20,357,District - Purbi Singhbhum (12),Urban,10-14,118921,62298,56623,117184,61608,55576,1631,652,979,64,20,44,38,16,22,4,2,2,0,0,0
20,357,District - Purbi Singhbhum (12),Urban,15-19,121744,64123,57621,112629,62554,50075,8906,1506,7400,142,43,99,56,15,41,11,5,6,0,0,0
20,357,District - Purbi Singhbhum (12),Urban,20-24,126316,63058,63258,82152,52527,29625,43560,10405,33155,359,80,279,202,41,161,43,5,38,0,0,0
20,357,District - Purbi Singhbhum (12),Urban,25-29,122930,61815,61115,42967,31535,11432,78735,30055,48680,805,154,651,322,62,260,101,9,92,0,0,0
20,357,District - Purbi Singhbhum (12),Urban,30-34,107892,55483,52409,14896,11418,3478,90966,43684,47282,1518,262,1256,376,89,287,136,30,106,0,0,0
20,357,District - Purbi Singhbhum (12),Urban,35-39,100677,51941,48736,5995,4187,1808,91549,47220,44329,2567,389,2178,419,103,316,147,42,105,0,0,0
20,357,District - Purbi Singhbhum (12),Urban,40-44,84506,44800,39706,3222,2062,1160,77026,42045,34981,3722,549,3173,390,97,293,146,47,99,0,0,0
20,357,District - Purbi Singhbhum (12),Urban,45-49,73277,38684,34593,2128,1269,859,65664,36565,29099,5149,741,4408,244,76,168,92,33,59,0,0,0
20,357,District - Purbi Singhbhum (12),Urban,50-54,56799,30277,26522,1411,808,603,49205,28382,20823,5950,1018,4932,170,55,115,63,14,49,0,0,0
20,357,District - Purbi Singhbhum (12),Urban,55-59,45000,24068,20932,971,521,450,38060,22446,15614,5854,1062,4792,83,30,53,32,9,23,0,0,0
20,357,District - Purbi Singhbhum (12),Urban,60-64,39164,19593,19571,815,379,436,29761,17615,12146,8479,1567,6912,84,21,63,25,11,14,0,0,0
20,357,District - Purbi Singhbhum (12),Urban,65-69,26020,13826,12194,535,272,263,18545,11987,6558,6891,1548,5343,38,17,21,11,2,9,0,0,0
20,357,District - Purbi Singhbhum (12),Urban,70-74,17778,9772,8006,332,160,172,10862,7975,2887,6555,1621,4934,21,11,10,8,5,3,0,0,0
20,357,District - Purbi Singhbhum (12),Urban,75-79,8291,4348,3943,148,76,72,4375,3245,1130,3750,1015,2735,11,8,3,7,4,3,0,0,0
20,357,District - Purbi Singhbhum (12),Urban,80+,8207,3822,4385,417,252,165,3102,2241,861,4672,1323,3349,14,6,8,2,0,2,0,0,0
20,357,District - Purbi Singhbhum (12),Urban,Age not stated,482,287,195,315,207,108,143,75,68,23,5,18,0,0,0,1,0,1,0,0,0
20,357,District - Purbi Singhbhum (12),Urban,Less than 18,406483,214181,192302,402119,212765,189354,4147,1336,2811,150,51,99,61,25,36,6,4,2,0,0,0
20,357,District - Purbi Singhbhum (12),Urban,Less than 21,487008,255414,231594,468288,251871,216417,18295,3416,14879,263,78,185,141,40,101,21,9,12,0,0,0
20,358,District - Palamu (13),Total,All ages,1939869,1006302,933567,994729,549296,445433,881767,436703,445064,60891,19250,41641,2034,890,1144,448,163,285,0,0,0
20,358,District - Palamu (13),Total,0-9,483583,247736,235847,483583,247736,235847,0,0,0,0,0,0,0,0,0,0,0,0,0,0,0
20,358,District - Palamu (13),Total,10-14,269126,138656,130470,264625,136849,127776,4267,1690,2577,136,65,71,92,51,41,6,1,5,0,0,0
20,358,District - Palamu (13),Total,15-19,188105,102422,85683,162243,96880,65363,25498,5414,20084,250,92,158,105,36,69,9,0,9,0,0,0
20,358,District - Palamu (13),Total,20-24,155614,81804,73810,57405,45767,11638,97327,35695,61632,617,244,373,219,82,137,46,16,30,0,0,0
20,358,District - Palamu (13),Total,25-29,148144,75125,73019,15990,13782,2208,130651,60778,69873,1155,423,732,269,115,154,79,27,52,0,0,0
20,358,District - Palamu (13),Total,30-34,133054,67531,65523,4124,3474,650,126851,63390,63461,1754,518,1236,271,131,140,54,18,36,0,0,0
20,358,District - Palamu (13),Total,35-39,118056,61006,57050,1455,1161,294,113735,59059,54676,2544,655,1889,265,107,158,57,24,33,0,0,0
20,358,District - Palamu (13),Total,40-44,96738,51642,45096,795,623,172,92209,49938,42271,3456,973,2483,227,93,134,51,15,36,0,0,0
20,358,District - Palamu (13),Total,45-49,77820,40500,37320,518,400,118,73301,38891,34410,3787,1117,2670,166,71,95,48,21,27,0,0,0
20,358,District - Palamu (13),Total,50-54,60918,32725,28193,412,307,105,55586,30891,24695,4782,1460,3322,111,52,59,27,15,12,0,0,0
20,358,District - Palamu (13),Total,55-59,53473,25119,28354,340,229,111,48624,23392,25232,4420,1464,2956,73,29,44,16,5,11,0,0,0
20,358,District - Palamu (13),Total,60-64,58406,30110,28296,636,387,249,48562,27026,21536,9087,2652,6435,102,40,62,19,5,14,0,0,0
20,358,District - Palamu (13),Total,65-69,40388,21187,19201,538,342,196,31447,18242,13205,8326,2563,5763,57,32,25,20,8,12,0,0,0
20,358,District - Palamu (13),Total,70-74,28335,15793,12542,348,222,126,18425,12564,5861,9516,2978,6538,38,25,13,8,4,4,0,0,0
20,358,District - Palamu (13),Total,75-79,12222,6312,5910,163,117,46,7739,4640,3099,4300,1543,2757,15,10,5,5,2,3,0,0,0
20,358,District - Palamu (13),Total,80+,14645,7866,6779,708,434,274,7198,4935,2263,6714,2481,4233,23,15,8,2,1,1,0,0,0
20,358,District - Palamu (13),Total,Age not stated,1242,768,474,846,586,260,347,158,189,47,22,25,1,1,0,1,1,0,0,0,0
20,358,District - Palamu (13),Total,Less than 18,870648,449916,420732,859009,446138,412871,11223,3593,7630,268,118,150,138,66,72,10,1,9,0,0,0
20,358,District - Palamu (13),Total,Less than 21,985428,513022,472406,933257,499252,434005,51361,13460,37901,532,205,327,255,102,153,23,3,20,0,0,0
20,358,District - Palamu (13),Rural,All ages,1713866,887551,826315,878700,483787,394913,779629,385499,394130,53379,17307,36072,1776,812,964,382,146,236,0,0,0
20,358,District - Palamu (13),Rural,0-9,437305,223591,213714,437305,223591,213714,0,0,0,0,0,0,0,0,0,0,0,0,0,0,0
20,358,District - Palamu (13),Rural,10-14,241649,124442,117207,237596,122802,114794,3851,1535,2316,110,55,55,86,49,37,6,1,5,0,0,0
20,358,District - Palamu (13),Rural,15-19,163670,89393,74277,139707,84262,55445,23639,5015,18624,219,82,137,96,34,62,9,0,9,0,0,0
20,358,District - Palamu (13),Rural,20-24,134803,70634,64169,44801,37064,7737,89211,33250,55961,551,225,326,197,79,118,43,16,27,0,0,0
20,358,District - Palamu (13),Rural,25-29,129322,65420,63902,11008,9805,1203,116989,55089,61900,1024,391,633,237,109,128,64,26,38,0,0,0
20,358,District - Palamu (13),Rural,30-34,116418,58940,57478,2770,2347,423,111842,55994,55848,1536,474,1062,224,110,114,46,15,31,0,0,0
20,358,District - Palamu (13),Rural,35-39,102906,53208,49698,1058,836,222,99305,51654,47651,2265,597,1668,229,99,130,49,22,27,0,0,0
20,358,District - Palamu (13),Rural,40-44,83600,44473,39127,603,481,122,79821,43056,36765,2949,848,2101,190,79,111,37,9,28,0,0,0
20,358,District - Palamu (13),Rural,45-49,67138,34712,32426,404,316,88,63264,33301,29963,3289,1012,2277,140,63,77,41,20,21,0,0,0
20,358,District - Palamu (13),Rural,50-54,52464,28233,24231,332,251,81,47923,26602,21321,4093,1318,2775,93,49,44,23,13,10,0,0,0
20,358,District - Palamu (13),Rural,55-59,46689,21636,25053,266,186,80,42535,20112,22423,3808,1308,2500,66,25,41,14,5,9,0,0,0
20,358,District - Palamu (13),Rural,60-64,51818,26688,25130,550,340,210,43146,23885,19261,8012,2420,5592,93,38,55,17,5,12,0,0,0
20,358,District - Palamu (13),Rural,65-69,35933,18879,17054,466,303,163,28080,16225,11855,7316,2314,5002,54,31,23,17,6,11,0,0,0
20,358,District - Palamu (13),Rural,70-74,25133,14020,11113,311,198,113,16340,11140,5200,8440,2655,5785,34,23,11,8,4,4,0,0,0
20,358,District - Palamu (13),Rural,75-79,10826,5547,5279,143,104,39,6882,4061,2821,3782,1371,2411,14,9,5,5,2,3,0,0,0
20,358,District - Palamu (13),Rural,80+,13084,7057,6027,626,387,239,6491,4438,2053,5943,2217,3726,22,14,8,2,1,1,0,0,0
20,358,District - Palamu (13),Rural,Age not stated,1108,678,430,754,514,240,310,142,168,42,20,22,1,1,0,1,1,0,0,0,0
20,358,District - Palamu (13),Rural,Less than 18,782034,403758,378276,771451,400331,371120,10222,3262,6960,221,101,120,130,63,67,10,1,9,0,0,0
20,358,District - Palamu (13),Rural,Less than 21,881521,458566,422955,833412,445757,387655,47394,12529,34865,455,179,276,237,98,139,23,3,20,0,0,0
20,358,District - Palamu (13),Urban,All ages,226003,118751,107252,116029,65509,50520,102138,51204,50934,7512,1943,5569,258,78,180,66,17,49,0,0,0
20,358,District - Palamu (13),Urban,0-9,46278,24145,22133,46278,24145,22133,0,0,0,0,0,0,0,0,0,0,0,0,0,0,0
20,358,District - Palamu (13),Urban,10-14,27477,14214,13263,27029,14047,12982,416,155,261,26,10,16,6,2,4,0,0,0,0,0,0
20,358,District - Palamu (13),Urban,15-19,24435,13029,11406,22536,12618,9918,1859,399,1460,31,10,21,9,2,7,0,0,0,0,0,0
20,358,District - Palamu (13),Urban,20-24,20811,11170,9641,12604,8703,3901,8116,2445,5671,66,19,47,22,3,19,3,0,3,0,0,0
20,358,District - Palamu (13),Urban,25-29,18822,9705,9117,4982,3977,1005,13662,5689,7973,131,32,99,32,6,26,15,1,14,0,0,0
20,358,District - Palamu (13),Urban,30-34,16636,8591,8045,1354,1127,227,15009,7396,7613,218,44,174,47,21,26,8,3,5,0,0,0
20,358,District - Palamu (13),Urban,35-39,15150,7798,7352,397,325,72,14430,7405,7025,279,58,221,36,8,28,8,2,6,0,0,0
20,358,District - Palamu (13),Urban,40-44,13138,7169,5969,192,142,50,12388,6882,5506,507,125,382,37,14,23,14,6,8,0,0,0
20,358,District - Palamu (13),Urban,45-49,10682,5788,4894,114,84,30,10037,5590,4447,498,105,393,26,8,18,7,1,6,0,0,0
20,358,District - Palamu (13),Urban,50-54,8454,4492,3962,80,56,24,7663,4289,3374,689,142,547,18,3,15,4,2,2,0,0,0
20,358,District - Palamu (13),Urban,55-59,6784,3483,3301,74,43,31,6089,3280,2809,612,156,456,7,4,3,2,0,2,0,0,0
20,358,District - Palamu (13),Urban,60-64,6588,3422,3166,86,47,39,5416,3141,2275,1075,232,843,9,2,7,2,0,2,0,0,0
20,358,District - Palamu (13),Urban,65-69,4455,2308,2147,72,39,33,3367,2017,1350,1010,249,761,3,1,2,3,2,1,0,0,0
20,358,District - Palamu (13),Urban,70-74,3202,1773,1429,37,24,13,2085,1424,661,1076,323,753,4,2,2,0,0,0,0,0,0
20,358,District - Palamu (13),Urban,75-79,1396,765,631,20,13,7,857,579,278,518,172,346,1,1,0,0,0,0,0,0,0
20,358,District - Palamu (13),Urban,80+,1561,809,752,82,47,35,707,497,210,771,264,507,1,1,0,0,0,0,0,0,0
20,358,District - Palamu (13),Urban,Age not stated,134,90,44,92,72,20,37,16,21,5,2,3,0,0,0,0,0,0,0,0,0
20,358,District - Palamu (13),Urban,Less than 18,88614,46158,42456,87558,45807,41751,1001,331,670,47,17,30,8,3,5,0,0,0,0,0,0
20,358,District - Palamu (13),Urban,Less than 21,103907,54456,49451,99845,53495,46350,3967,931,3036,77,26,51,18,4,14,0,0,0,0,0,0
20,359,District - Latehar (14),Total,All ages,726978,369666,357312,393808,209762,184046,305045,150952,154093,27074,8549,18525,857,345,512,194,58,136,0,0,0
20,359,District - Latehar (14),Total,0-9,197600,100153,97447,197600,100153,97447,0,0,0,0,0,0,0,0,0,0,0,0,0,0,0
20,359,District - Latehar (14),Total,10-14,104224,53025,51199,102471,52350,50121,1644,636,1008,60,20,40,45,17,28,4,2,2,0,0,0
20,359,District - Latehar (14),Total,15-19,71853,36918,34935,62205,34780,27425,9465,2068,7397,132,48,84,39,17,22,12,5,7,0,0,0
20,359,District - Latehar (14),Total,20-24,57565,28671,28894,20279,14574,5705,36826,13928,22898,321,124,197,115,39,76,24,6,18,0,0,0
20,359,District - Latehar (14),Total,25-29,52842,26983,25859,6292,4750,1542,45854,21967,23887,566,211,355,92,42,50,38,13,25,0,0,0
20,359,District - Latehar (14),Total,30-34,44636,22155,22481,1930,1380,550,41763,20494,21269,820,235,585,107,44,63,16,2,14,0,0,0
20,359,District - Latehar (14),Total,35-39,41245,21156,20089,731,451,280,39088,20260,18828,1300,393,907,102,43,59,24,9,15,0,0,0
20,359,District - Latehar (14),Total,40-44,35401,18080,17321,397,249,148,33064,17242,15822,1832,549,1283,88,35,53,20,5,15,0,0,0
20,359,District - Latehar (14),Total,45-49,31438,16549,14889,235,136,99,28597,15571,13026,2503,798,1705,89,40,49,14,4,10,0,0,0
20,359,District - Latehar (14),Total,50-54,23004,12237,10767,210,119,91,20091,11255,8836,2642,845,1797,53,17,36,8,1,7,0,0,0
20,359,District - Latehar (14),Total,55-59,19555,9538,10017,145,77,68,16747,8624,8123,2615,819,1796,41,16,25,7,2,5,0,0,0
20,359,District - Latehar (14),Total,60-64,19412,9446,9966,323,173,150,14608,7999,6609,4425,1253,3172,39,16,23,17,5,12,0,0,0
20,359,District - Latehar (14),Total,65-69,13176,6891,6285,250,131,119,9112,5541,3571,3791,1213,2578,18,4,14,5,2,3,0,0,0
20,359,District - Latehar (14),Total,70-74,7817,4156,3661,155,79,76,4578,3084,1494,3069,985,2084,12,7,5,3,1,2,0,0,0
20,359,District - Latehar (14),Total,75-79,3180,1609,1571,73,43,30,1830,1135,695,1267,427,840,10,4,6,0,0,0,0,0,0
20,359,District - Latehar (14),Total,80+,3726,1908,1818,291,162,129,1714,1118,596,1712,623,1089,7,4,3,2,1,1,0,0,0
20,359,District - Latehar (14),Total,Age not stated,304,191,113,221,155,66,64,30,34,19,6,13,0,0,0,0,0,0,0,0,0
20,359,District - Latehar (14),Total,Less than 18,347217,176480,170737,342838,175083,167755,4170,1317,2853,138,52,86,62,25,37,9,3,6,0,0,0
20,359,District - Latehar (14),Total,Less than 21,389778,198189,191589,370323,192922,177401,19053,5119,13934,275,102,173,106,38,68,21,8,13,0,0,0
20,359,District - Latehar (14),Rural,All ages,675120,342566,332554,366884,194883,172001,282157,139213,142944,25126,8096,17030,784,322,462,169,52,117,0,0,0
20,359,District - Latehar (14),Rural,0-9,186300,94318,91982,186300,94318,91982,0,0,0,0,0,0,0,0,0,0,0,0,0,0,0
20,359,District - Latehar (14),Rural,10-14,97774,49711,48063,96143,49081,47062,1529,594,935,55,19,36,44,16,28,3,1,2,0,0,0
20,359,District - Latehar (14),Rural,15-19,66279,34112,32167,57201,32089,25112,8904,1953,6951,126,48,78,36,17,19,12,5,7,0,0,0
20,359,District - Latehar (14),Rural,20-24,52790,26192,26598,17640,12797,4843,34715,13236,21479,306,118,188,106,35,71,23,6,17,0,0,0
20,359,District - Latehar (14),Rural,25-29,48385,24619,23766,5186,3844,1342,42555,20519,22036,524,204,320,86,40,46,34,12,22,0,0,0
20,359,District - Latehar (14),Rural,30-34,40850,20169,20681,1633,1142,491,38351,18761,19590,756,224,532,97,40,57,13,2,11,0,0,0
20,359,District - Latehar (14),Rural,35-39,37859,19294,18565,652,392,260,35897,18479,17418,1201,377,824,90,40,50,19,6,13,0,0,0
20,359,District - Latehar (14),Rural,40-44,32505,16532,15973,357,215,142,30383,15765,14618,1677,518,1159,77,30,47,11,4,7,0,0,0
20,359,District - Latehar (14),Rural,45-49,29011,15220,13791,217,124,93,26388,14290,12098,2311,764,1547,82,38,44,13,4,9,0,0,0
20,359,District - Latehar (14),Rural,50-54,21031,11191,9840,191,110,81,18365,10258,8107,2416,805,1611,51,17,34,8,1,7,0,0,0
20,359,District - Latehar (14),Rural,55-59,17934,8652,9282,128,67,61,15349,7794,7555,2412,773,1639,38,16,22,7,2,5,0,0,0
20,359,District - Latehar (14),Rural,60-64,18171,8811,9360,308,167,141,13654,7442,6212,4157,1181,2976,35,16,19,17,5,12,0,0,0
20,359,District - Latehar (14),Rural,65-69,12362,6460,5902,234,123,111,8523,5176,3347,3584,1155,2429,16,4,12,5,2,3,0,0,0
20,359,District - Latehar (14),Rural,70-74,7253,3866,3387,146,75,71,4228,2858,1370,2865,925,1940,12,7,5,2,1,1,0,0,0
20,359,District - Latehar (14),Rural,75-79,2936,1482,1454,67,39,28,1698,1038,660,1161,401,760,10,4,6,0,0,0,0,0,0
20,359,District - Latehar (14),Rural,80+,3400,1761,1639,277,155,122,1561,1025,536,1556,578,978,4,2,2,2,1,1,0,0,0
20,359,District - Latehar (14),Rural,Age not stated,280,176,104,204,145,59,57,25,32,19,6,13,0,0,0,0,0,0,0,0,0
20,359,District - Latehar (14),Rural,Less than 18,326065,165646,160419,321986,164339,157647,3880,1230,2650,130,51,79,61,24,37,8,2,6,0,0,0
20,359,District - Latehar (14),Rural,Less than 21,365180,185600,179580,346839,180600,166239,17960,4856,13104,261,100,161,100,37,63,20,7,13,0,0,0
20,359,District - Latehar (14),Urban,All ages,51858,27100,24758,26924,14879,12045,22888,11739,11149,1948,453,1495,73,23,50,25,6,19,0,0,0
20,359,District - Latehar (14),Urban,0-9,11300,5835,5465,11300,5835,5465,0,0,0,0,0,0,0,0,0,0,0,0,0,0,0
20,359,District - Latehar (14),Urban,10-14,6450,3314,3136,6328,3269,3059,115,42,73,5,1,4,1,1,0,1,1,0,0,0,0
20,359,District - Latehar (14),Urban,15-19,5574,2806,2768,5004,2691,2313,561,115,446,6,0,6,3,0,3,0,0,0,0,0,0
20,359,District - Latehar (14),Urban,20-24,4775,2479,2296,2639,1777,862,2111,692,1419,15,6,9,9,4,5,1,0,1,0,0,0
20,359,District - Latehar (14),Urban,25-29,4457,2364,2093,1106,906,200,3299,1448,1851,42,7,35,6,2,4,4,1,3,0,0,0
20,359,District - Latehar (14),Urban,30-34,3786,1986,1800,297,238,59,3412,1733,1679,64,11,53,10,4,6,3,0,3,0,0,0
20,359,District - Latehar (14),Urban,35-39,3386,1862,1524,79,59,20,3191,1781,1410,99,16,83,12,3,9,5,3,2,0,0,0
20,359,District - Latehar (14),Urban,40-44,2896,1548,1348,40,34,6,2681,1477,1204,155,31,124,11,5,6,9,1,8,0,0,0
20,359,District - Latehar (14),Urban,45-49,2427,1329,1098,18,12,6,2209,1281,928,192,34,158,7,2,5,1,0,1,0,0,0
20,359,District - Latehar (14),Urban,50-54,1973,1046,927,19,9,10,1726,997,729,226,40,186,2,0,2,0,0,0,0,0,0
20,359,District - Latehar (14),Urban,55-59,1621,886,735,17,10,7,1398,830,568,203,46,157,3,0,3,0,0,0,0,0,0
20,359,District - Latehar (14),Urban,60-64,1241,635,606,15,6,9,954,557,397,268,72,196,4,0,4,0,0,0,0,0,0
20,359,District - Latehar (14),Urban,65-69,814,431,383,16,8,8,589,365,224,207,58,149,2,0,2,0,0,0,0,0,0
20,359,District - Latehar (14),Urban,70-74,564,290,274,9,4,5,350,226,124,204,60,144,0,0,0,1,0,1,0,0,0
20,359,District - Latehar (14),Urban,75-79,244,127,117,6,4,2,132,97,35,106,26,80,0,0,0,0,0,0,0,0,0
20,359,District - Latehar (14),Urban,80+,326,147,179,14,7,7,153,93,60,156,45,111,3,2,1,0,0,0,0,0,0
20,359,District - Latehar (14),Urban,Age not stated,24,15,9,17,10,7,7,5,2,0,0,0,0,0,0,0,0,0,0,0,0
20,359,District - Latehar (14),Urban,Less than 18,21152,10834,10318,20852,10744,10108,290,87,203,8,1,7,1,1,0,1,1,0,0,0,0
20,359,District - Latehar (14),Urban,Less than 21,24598,12589,12009,23484,12322,11162,1093,263,830,14,2,12,6,1,5,1,1,0,0,0,0
20,360,District - Hazaribagh (15),Total,All ages,1734495,890881,843614,877614,487582,390032,791614,388984,402630,62900,13702,49198,1855,502,1353,512,111,401,0,0,0
20,360,District - Hazaribagh (15),Total,0-9,410524,211362,199162,410524,211362,199162,0,0,0,0,0,0,0,0,0,0,0,0,0,0,0
20,360,District - Hazaribagh (15),Total,10-14,228765,116383,112382,225761,115348,110413,2849,976,1873,73,16,57,80,42,38,2,1,1,0,0,0
20,360,District - Hazaribagh (15),Total,15-19,179151,95787,83364,154046,91710,62336,24817,3992,20825,195,54,141,73,27,46,20,4,16,0,0,0
20,360,District - Hazaribagh (15),Total,20-24,150498,78018,72480,59692,47213,12479,90011,30607,59404,560,134,426,180,49,131,55,15,40,0,0,0
20,360,District - Hazaribagh (15),Total,25-29,138514,70097,68417,17752,14838,2914,119281,54921,64360,1193,264,929,208,54,154,80,20,60,0,0,0
20,360,District - Hazaribagh (15),Total,30-34,119690,60144,59546,4687,3816,871,112807,55976,56831,1909,298,1611,230,42,188,57,12,45,0,0,0
20,360,District - Hazaribagh (15),Total,35-39,109327,55563,53764,1488,1107,381,104566,53940,50626,2944,432,2512,241,67,174,88,17,71,0,0,0
20,360,District - Hazaribagh (15),Total,40-44,90494,46933,43561,733,491,242,85723,45808,39915,3740,580,3160,234,46,188,64,8,56,0,0,0
20,360,District - Hazaribagh (15),Total,45-49,76955,39806,37149,457,281,176,71478,38613,32865,4782,867,3915,197,41,156,41,4,37,0,0,0
20,360,District - Hazaribagh (15),Total,50-54,57903,30425,27478,343,208,135,52045,29194,22851,5372,987,4385,112,30,82,31,6,25,0,0,0
20,360,District - Hazaribagh (15),Total,55-59,48022,23534,24488,286,155,131,42256,22218,20038,5372,1128,4244,88,26,62,20,7,13,0,0,0
20,360,District - Hazaribagh (15),Total,60-64,46126,22918,23208,433,228,205,36110,20801,15309,9486,1864,7622,81,19,62,16,6,10,0,0,0
20,360,District - Hazaribagh (15),Total,65-69,33401,16610,16791,432,255,177,24198,14441,9757,8709,1898,6811,44,11,33,18,5,13,0,0,0
20,360,District - Hazaribagh (15),Total,70-74,23044,12060,10984,163,83,80,14091,9819,4272,8738,2133,6605,41,21,20,11,4,7,0,0,0
20,360,District - Hazaribagh (15),Total,75-79,9908,4965,4943,66,29,37,5929,3826,2103,3886,1096,2790,23,13,10,4,1,3,0,0,0
20,360,District - Hazaribagh (15),Total,80+,11629,5966,5663,424,248,176,5272,3764,1508,5911,1941,3970,20,13,7,2,0,2,0,0,0
20,360,District - Hazaribagh (15),Total,Age not stated,544,310,234,327,210,117,181,88,93,30,10,20,3,1,2,3,1,2,0,0,0
20,360,District - Hazaribagh (15),Total,Less than 18,749793,386318,363475,740088,383849,356239,9391,2360,7031,192,49,143,112,57,55,10,3,7,0,0,0
20,360,District - Hazaribagh (15),Total,Less than 21,859751,444682,415069,811791,434975,376816,47343,9520,37823,387,98,289,195,82,113,35,7,28,0,0,0
20,360,District - Hazaribagh (15),Rural,All ages,1459188,746934,712254,735350,407505,327845,668977,327308,341669,52961,11634,41327,1506,413,1093,394,74,320,0,0,0
20,360,District - Hazaribagh (15),Rural,0-9,358382,184239,174143,358382,184239,174143,0,0,0,0,0,0,0,0,0,0,0,0,0,0,0
20,360,District - Hazaribagh (15),Rural,10-14,196631,99659,96972,194035,98756,95279,2474,856,1618,57,14,43,63,32,31,2,1,1,0,0,0
20,360,District - Hazaribagh (15),Rural,15-19,148135,79794,68341,125263,76132,49131,22636,3593,19043,160,44,116,60,22,38,16,3,13,0,0,0
20,360,District - Hazaribagh (15),Rural,20-24,123377,63927,59450,41999,35594,6405,80695,28155,52540,491,123,368,148,43,105,44,12,32,0,0,0
20,360,District - Hazaribagh (15),Rural,25-29,114476,57635,56841,9967,8800,1167,103251,48534,54717,1042,243,799,159,44,115,57,14,43,0,0,0
20,360,District - Hazaribagh (15),Rural,30-34,98993,49348,49645,2283,1844,439,94833,47204,47629,1642,258,1384,195,37,158,40,5,35,0,0,0
20,360,District - Hazaribagh (15),Rural,35-39,90229,45660,44569,813,579,234,86665,44657,42008,2496,364,2132,192,50,142,63,10,53,0,0,0
20,360,District - Hazaribagh (15),Rural,40-44,74038,38030,36008,439,284,155,70225,37209,33016,3131,494,2637,195,40,155,48,3,45,0,0,0
20,360,District - Hazaribagh (15),Rural,45-49,62826,32268,30558,282,167,115,58407,31319,27088,3946,748,3198,159,31,128,32,3,29,0,0,0
20,360,District - Hazaribagh (15),Rural,50-54,46755,24435,22320,204,125,79,42035,23439,18596,4410,845,3565,82,23,59,24,3,21,0,0,0
20,360,District - Hazaribagh (15),Rural,55-59,39303,18769,20534,189,108,81,34638,17682,16956,4392,953,3439,66,20,46,18,6,12,0,0,0
20,360,District - Hazaribagh (15),Rural,60-64,39052,19213,19839,329,174,155,30591,17434,13157,8043,1582,6461,74,18,56,15,5,10,0,0,0
20,360,District - Hazaribagh (15),Rural,65-69,28670,14177,14493,343,209,134,20804,12345,8459,7470,1610,5860,38,10,28,15,3,12,0,0,0
20,360,District - Hazaribagh (15),Rural,70-74,19630,10279,9351,125,66,59,11972,8365,3607,7489,1826,5663,33,18,15,11,4,7,0,0,0
20,360,District - Hazaribagh (15),Rural,75-79,8309,4105,4204,45,22,23,5013,3175,1838,3227,896,2331,20,11,9,4,1,3,0,0,0
20,360,District - Hazaribagh (15),Rural,80+,9874,5107,4767,343,208,135,4571,3261,1310,4938,1625,3313,20,13,7,2,0,2,0,0,0
20,360,District - Hazaribagh (15),Rural,Age not stated,508,289,219,309,198,111,167,80,87,27,9,18,2,1,1,3,1,2,0,0,0
20,360,District - Hazaribagh (15),Rural,Less than 18,646875,332969,313906,638297,330809,307488,8328,2073,6255,152,40,112,89,44,45,9,3,6,0,0,0
20,360,District - Hazaribagh (15),Rural,Less than 21,737251,381159,356092,693805,372329,321476,42936,8673,34263,319,85,234,161,66,95,30,6,24,0,0,0
20,360,District - Hazaribagh (15),Urban,All ages,275307,143947,131360,142264,80077,62187,122637,61676,60961,9939,2068,7871,349,89,260,118,37,81,0,0,0
20,360,District - Hazaribagh (15),Urban,0-9,52142,27123,25019,52142,27123,25019,0,0,0,0,0,0,0,0,0,0,0,0,0,0,0
20,360,District - Hazaribagh (15),Urban,10-14,32134,16724,15410,31726,16592,15134,375,120,255,16,2,14,17,10,7,0,0,0,0,0,0
20,360,District - Hazaribagh (15),Urban,15-19,31016,15993,15023,28783,15578,13205,2181,399,1782,35,10,25,13,5,8,4,1,3,0,0,0
20,360,District - Hazaribagh (15),Urban,20-24,27121,14091,13030,17693,11619,6074,9316,2452,6864,69,11,58,32,6,26,11,3,8,0,0,0
20,360,District - Hazaribagh (15),Urban,25-29,24038,12462,11576,7785,6038,1747,16030,6387,9643,151,21,130,49,10,39,23,6,17,0,0,0
20,360,District - Hazaribagh (15),Urban,30-34,20697,10796,9901,2404,1972,432,17974,8772,9202,267,40,227,35,5,30,17,7,10,0,0,0
20,360,District - Hazaribagh (15),Urban,35-39,19098,9903,9195,675,528,147,17901,9283,8618,448,68,380,49,17,32,25,7,18,0,0,0
20,360,District - Hazaribagh (15),Urban,40-44,16456,8903,7553,294,207,87,15498,8599,6899,609,86,523,39,6,33,16,5,11,0,0,0
20,360,District - Hazaribagh (15),Urban,45-49,14129,7538,6591,175,114,61,13071,7294,5777,836,119,717,38,10,28,9,1,8,0,0,0
20,360,District - Hazaribagh (15),Urban,50-54,11148,5990,5158,139,83,56,10010,5755,4255,962,142,820,30,7,23,7,3,4,0,0,0
20,360,District - Hazaribagh (15),Urban,55-59,8719,4765,3954,97,47,50,7618,4536,3082,980,175,805,22,6,16,2,1,1,0,0,0
20,360,District - Hazaribagh (15),Urban,60-64,7074,3705,3369,104,54,50,5519,3367,2152,1443,282,1161,7,1,6,1,1,0,0,0,0
20,360,District - Hazaribagh (15),Urban,65-69,4731,2433,2298,89,46,43,3394,2096,1298,1239,288,951,6,1,5,3,2,1,0,0,0
20,360,District - Hazaribagh (15),Urban,70-74,3414,1781,1633,38,17,21,2119,1454,665,1249,307,942,8,3,5,0,0,0,0,0,0
20,360,District - Hazaribagh (15),Urban,75-79,1599,860,739,21,7,14,916,651,265,659,200,459,3,2,1,0,0,0,0,0,0
20,360,District - Hazaribagh (15),Urban,80+,1755,859,896,81,40,41,701,503,198,973,316,657,0,0,0,0,0,0,0,0,0
20,360,District - Hazaribagh (15),Urban,Age not stated,36,21,15,18,12,6,14,8,6,3,1,2,1,0,1,0,0,0,0,0,0
20,360,District - Hazaribagh (15),Urban,Less than 18,102918,53349,49569,101791,53040,48751,1063,287,776,40,9,31,23,13,10,1,0,1,0,0,0
20,360,District - Hazaribagh (15),Urban,Less than 21,122500,63523,58977,117986,62646,55340,4407,847,3560,68,13,55,34,16,18,5,1,4,0,0,0
20,361,District - Ramgarh (16),Total,All ages,949443,494230,455213,480098,269711,210387,429610,215725,213885,37880,8357,29523,1514,354,1160,341,83,258,0,0,0
20,361,District - Ramgarh (16),Total,0-9,197214,101903,95311,197214,101903,95311,0,0,0,0,0,0,0,0,0,0,0,0,0,0,0
20,361,District - Ramgarh (16),Total,10-14,119543,61100,58443,118014,60522,57492,1417,531,886,67,19,48,35,22,13,10,6,4,0,0,0
20,361,District - Ramgarh (16),Total,15-19,107781,56705,51076,96296,54746,41550,11262,1905,9357,152,39,113,59,15,44,12,0,12,0,0,0
20,361,District - Ramgarh (16),Total,20-24,89788,48026,41762,45395,33902,11493,43885,13994,29891,351,98,253,125,22,103,32,10,22,0,0,0
20,361,District - Ramgarh (16),Total,25-29,80421,42272,38149,15504,13005,2499,63943,29067,34876,727,142,585,192,42,150,55,16,39,0,0,0
20,361,District - Ramgarh (16),Total,30-34,68177,35418,32759,3839,3186,653,62852,31961,30891,1223,198,1025,211,62,149,52,11,41,0,0,0
20,361,District - Ramgarh (16),Total,35-39,63462,32789,30673,1187,872,315,60027,31557,28470,1970,299,1671,239,53,186,39,8,31,0,0,0
20,361,District - Ramgarh (16),Total,40-44,53353,27946,25407,561,374,187,49759,27078,22681,2788,434,2354,199,47,152,46,13,33,0,0,0
20,361,District - Ramgarh (16),Total,45-49,45533,23783,21750,275,166,109,41456,22963,18493,3629,618,3011,146,31,115,27,5,22,0,0,0
20,361,District - Ramgarh (16),Total,50-54,35920,18607,17313,205,124,81,31477,17667,13810,4113,797,3316,99,14,85,26,5,21,0,0,0
20,361,District - Ramgarh (16),Total,55-59,29483,15996,13487,151,89,62,25262,14920,10342,3999,973,3026,59,11,48,12,3,9,0,0,0
20,361,District - Ramgarh (16),Total,60-64,23616,11995,11621,417,221,196,17498,10613,6885,5622,1148,4474,67,11,56,12,2,10,0,0,0
20,361,District - Ramgarh (16),Total,65-69,15531,7722,7809,415,234,181,10516,6381,4135,4555,1098,3457,35,8,27,10,1,9,0,0,0
20,361,District - Ramgarh (16),Total,70-74,10173,5239,4934,158,87,71,5758,4052,1706,4228,1092,3136,25,7,18,4,1,3,0,0,0
20,361,District - Ramgarh (16),Total,75-79,4117,2034,2083,50,27,23,2258,1473,785,1799,529,1270,10,5,5,0,0,0,0,0,0
20,361,District - Ramgarh (16),Total,80+,4954,2479,2475,185,104,81,2120,1500,620,2633,869,1764,12,4,8,4,2,2,0,0,0
20,361,District - Ramgarh (16),Total,Age not stated,377,216,161,232,149,83,120,63,57,24,4,20,1,0,1,0,0,0,0,0,0
20,361,District - Ramgarh (16),Total,Less than 18,382074,196629,185445,377256,195339,181917,4576,1211,3365,159,42,117,67,31,36,16,6,10,0,0,0
20,361,District - Ramgarh (16),Total,Less than 21,449076,232571,216505,426746,228023,198723,21887,4416,17471,296,81,215,122,44,78,25,7,18,0,0,0
20,361,District - Ramgarh (16),Rural,All ages,530488,272167,258321,265399,146930,118469,241789,119994,121795,22136,4996,17140,960,204,756,204,43,161,0,0,0
20,361,District - Ramgarh (16),Rural,0-9,116765,59768,56997,116765,59768,56997,0,0,0,0,0,0,0,0,0,0,0,0,0,0,0
20,361,District - Ramgarh (16),Rural,10-14,69636,35153,34483,68907,34903,34004,669,222,447,28,7,21,25,16,9,7,5,2,0,0,0
20,361,District - Ramgarh (16),Rural,15-19,58376,30351,28025,51292,29201,22091,6961,1120,5841,75,20,55,40,10,30,8,0,8,0,0,0
20,361,District - Ramgarh (16),Rural,20-24,46913,24733,22180,19752,15847,3905,26890,8831,18059,184,38,146,69,13,56,18,4,14,0,0,0
20,361,District - Ramgarh (16),Rural,25-29,43615,22815,20800,5777,5164,613,37271,17538,19733,431,82,349,106,22,84,30,9,21,0,0,0
20,361,District - Ramgarh (16),Rural,30-34,36854,18914,17940,1294,1069,225,34778,17707,17071,647,104,543,103,29,74,32,5,27,0,0,0
20,361,District - Ramgarh (16),Rural,35-39,34367,17571,16796,421,298,123,32772,17096,15676,1005,143,862,147,29,118,22,5,17,0,0,0
20,361,District - Ramgarh (16),Rural,40-44,28650,14734,13916,212,119,93,26764,14324,12440,1513,258,1255,134,27,107,27,6,21,0,0,0
20,361,District - Ramgarh (16),Rural,45-49,24241,12683,11558,99,51,48,22066,12251,9815,1952,360,1592,105,19,86,19,2,17,0,0,0
20,361,District - Ramgarh (16),Rural,50-54,18144,9219,8925,84,52,32,15834,8715,7119,2140,443,1697,71,9,62,15,0,15,0,0,0
20,361,District - Ramgarh (16),Rural,55-59,15224,7528,7696,75,45,30,13006,6964,6042,2096,512,1584,43,6,37,4,1,3,0,0,0
20,361,District - Ramgarh (16),Rural,60-64,14733,7202,7531,203,107,96,10979,6339,4640,3489,746,2743,53,8,45,9,2,7,0,0,0
20,361,District - Ramgarh (16),Rural,65-69,10243,5054,5189,193,107,86,6983,4212,2771,3033,728,2305,27,6,21,7,1,6,0,0,0
20,361,District - Ramgarh (16),Rural,70-74,6682,3436,3246,65,37,28,3851,2707,1144,2743,687,2056,19,4,15,4,1,3,0,0,0
20,361,District - Ramgarh (16),Rural,75-79,2667,1291,1376,24,13,11,1489,952,537,1146,322,824,8,4,4,0,0,0,0,0,0
20,361,District - Ramgarh (16),Rural,80+,3184,1596,1588,109,59,50,1419,989,430,1645,544,1101,9,2,7,2,2,0,0,0,0
20,361,District - Ramgarh (16),Rural,Age not stated,194,119,75,127,90,37,57,27,30,9,2,7,1,0,1,0,0,0,0,0,0
20,361,District - Ramgarh (16),Rural,Less than 18,222326,113184,109142,219714,112560,107154,2490,578,1912,68,20,48,44,21,23,10,5,5,0,0,0
20,361,District - Ramgarh (16),Rural,Less than 21,257860,131973,125887,244198,129318,114880,13420,2581,10839,141,38,103,84,31,53,17,5,12,0,0,0
20,361,District - Ramgarh (16),Urban,All ages,418955,222063,196892,214699,122781,91918,187821,95731,92090,15744,3361,12383,554,150,404,137,40,97,0,0,0
20,361,District - Ramgarh (16),Urban,0-9,80449,42135,38314,80449,42135,38314,0,0,0,0,0,0,0,0,0,0,0,0,0,0,0
20,361,District - Ramgarh (16),Urban,10-14,49907,25947,23960,49107,25619,23488,748,309,439,39,12,27,10,6,4,3,1,2,0,0,0
20,361,District - Ramgarh (16),Urban,15-19,49405,26354,23051,45004,25545,19459,4301,785,3516,77,19,58,19,5,14,4,0,4,0,0,0
20,361,District - Ramgarh (16),Urban,20-24,42875,23293,19582,25643,18055,7588,16995,5163,11832,167,60,107,56,9,47,14,6,8,0,0,0
20,361,District - Ramgarh (16),Urban,25-29,36806,19457,17349,9727,7841,1886,26672,11529,15143,296,60,236,86,20,66,25,7,18,0,0,0
20,361,District - Ramgarh (16),Urban,30-34,31323,16504,14819,2545,2117,428,28074,14254,13820,576,94,482,108,33,75,20,6,14,0,0,0
20,361,District - Ramgarh (16),Urban,35-39,29095,15218,13877,766,574,192,27255,14461,12794,965,156,809,92,24,68,17,3,14,0,0,0
20,361,District - Ramgarh (16),Urban,40-44,24703,13212,11491,349,255,94,22995,12754,10241,1275,176,1099,65,20,45,19,7,12,0,0,0
20,361,District - Ramgarh (16),Urban,45-49,21292,11100,10192,176,115,61,19390,10712,8678,1677,258,1419,41,12,29,8,3,5,0,0,0
20,361,District - Ramgarh (16),Urban,50-54,17776,9388,8388,121,72,49,15643,8952,6691,1973,354,1619,28,5,23,11,5,6,0,0,0
20,361,District - Ramgarh (16),Urban,55-59,14259,8468,5791,76,44,32,12256,7956,4300,1903,461,1442,16,5,11,8,2,6,0,0,0
20,361,District - Ramgarh (16),Urban,60-64,8883,4793,4090,214,114,100,6519,4274,2245,2133,402,1731,14,3,11,3,0,3,0,0,0
20,361,District - Ramgarh (16),Urban,65-69,5288,2668,2620,222,127,95,3533,2169,1364,1522,370,1152,8,2,6,3,0,3,0,0,0
20,361,District - Ramgarh (16),Urban,70-74,3491,1803,1688,93,50,43,1907,1345,562,1485,405,1080,6,3,3,0,0,0,0,0,0
20,361,District - Ramgarh (16),Urban,75-79,1450,743,707,26,14,12,769,521,248,653,207,446,2,1,1,0,0,0,0,0,0
20,361,District - Ramgarh (16),Urban,80+,1770,883,887,76,45,31,701,511,190,988,325,663,3,2,1,2,0,2,0,0,0
20,361,District - Ramgarh (16),Urban,Age not stated,183,97,86,105,59,46,63,36,27,15,2,13,0,0,0,0,0,0,0,0,0
20,361,District - Ramgarh (16),Urban,Less than 18,159748,83445,76303,157542,82779,74763,2086,633,1453,91,22,69,23,10,13,6,1,5,0,0,0
20,361,District - Ramgarh (16),Urban,Less than 21,191216,100598,90618,182548,98705,83843,8467,1835,6632,155,43,112,38,13,25,8,2,6,0,0,0
20,362,District - Dumka (17),Total,All ages,1321442,668514,652928,614970,339214,275756,629821,311904,317917,70186,15411,54775,5200,1678,3522,1265,307,958,0,0,0
20,362,District - Dumka (17),Total,0-9,313698,159355,154343,313698,159355,154343,0,0,0,0,0,0,0,0,0,0,0,0,0,0,0
20,362,District - Dumka (17),Total,10-14,152644,78755,73889,147946,76797,71149,4378,1824,2554,220,101,119,73,23,50,27,10,17,0,0,0
20,362,District - Dumka (17),Total,15-19,114084,61404,52680,89910,56516,33394,23244,4675,18569,390,127,263,434,70,364,106,16,90,0,0,0
20,362,District - Dumka (17),Total,20-24,109730,52921,56809,35950,27078,8872,71864,25354,46510,851,243,608,860,215,645,205,31,174,0,0,0
20,362,District - Dumka (17),Total,25-29,109167,54676,54491,13971,10839,3132,92479,43011,49468,1522,457,1065,943,305,638,252,64,188,0,0,0
20,362,District - Dumka (17),Total,30-34,95954,48422,47532,5108,3667,1441,87702,43902,43800,2195,548,1647,764,265,499,185,40,145,0,0,0
20,362,District - Dumka (17),Total,35-39,88897,45261,43636,2350,1603,747,82471,42669,39802,3284,710,2574,671,238,433,121,41,80,0,0,0
20,362,District - Dumka (17),Total,40-44,74803,38726,36077,1294,825,469,68359,36696,31663,4552,975,3577,496,195,301,102,35,67,0,0,0
20,362,District - Dumka (17),Total,45-49,64572,33175,31397,803,481,322,57502,31306,26196,5832,1228,4604,349,141,208,86,19,67,0,0,0
20,362,District - Dumka (17),Total,50-54,50991,26318,24673,585,325,260,43155,24351,18804,6993,1535,5458,207,87,120,51,20,31,0,0,0
20,362,District - Dumka (17),Total,55-59,42017,19759,22258,416,228,188,34643,17985,16658,6778,1491,5287,142,46,96,38,9,29,0,0,0
20,362,District - Dumka (17),Total,60-64,44314,20869,23445,658,271,387,30587,18164,12423,12888,2371,10517,141,53,88,40,10,30,0,0,0
20,362,District - Dumka (17),Total,65-69,29024,13576,15448,475,211,264,17853,11264,6589,10605,2077,8528,61,19,42,30,5,25,0,0,0
20,362,District - Dumka (17),Total,70-74,17152,8328,8824,254,113,141,9011,6441,2570,7847,1759,6088,30,11,19,10,4,6,0,0,0
20,362,District - Dumka (17),Total,75-79,6158,2949,3209,112,53,59,3140,2107,1033,2893,785,2108,11,3,8,2,1,1,0,0,0
20,362,District - Dumka (17),Total,80+,6508,3123,3385,515,311,204,2731,1828,903,3244,980,2264,11,2,9,7,2,5,0,0,0
20,362,District - Dumka (17),Total,Age not stated,1729,897,832,925,541,384,702,327,375,92,24,68,7,5,2,3,0,3,0,0,0
20,362,District - Dumka (17),Total,Less than 18,533722,275806,257916,521772,271939,249833,11218,3636,7582,429,166,263,242,49,193,61,16,45,0,0,0
20,362,District - Dumka (17),Total,Less than 21,612912,314453,298459,565495,302923,262572,45626,11059,34567,832,301,531,758,138,620,201,32,169,0,0,0
20,362,District - Dumka (17),Rural,All ages,1231264,620928,610336,571811,314363,257448,587152,290221,296931,66089,14439,51650,4979,1607,3372,1233,298,935,0,0,0
20,362,District - Dumka (17),Rural,0-9,296731,150490,146241,296731,150490,146241,0,0,0,0,0,0,0,0,0,0,0,0,0,0,0
20,362,District - Dumka (17),Rural,10-14,143085,73763,69322,138635,71917,66718,4141,1720,2421,209,93,116,73,23,50,27,10,17,0,0,0
20,362,District - Dumka (17),Rural,15-19,104951,56515,48436,81835,51831,30004,22213,4476,17737,373,123,250,424,69,355,106,16,90,0,0,0
20,362,District - Dumka (17),Rural,20-24,101433,48582,52851,31156,23756,7400,68437,24364,44073,800,223,577,839,209,630,201,30,171,0,0,0
20,362,District - Dumka (17),Rural,25-29,101223,50594,50629,11665,9012,2653,86978,40818,46160,1426,412,1014,906,288,618,248,64,184,0,0,0
20,362,District - Dumka (17),Rural,30-34,88785,44588,44197,4260,2958,1302,81550,40834,40716,2065,506,1559,733,252,481,177,38,139,0,0,0
20,362,District - Dumka (17),Rural,35-39,82330,41889,40441,2070,1395,675,76431,39565,36866,3086,664,2422,629,227,402,114,38,76,0,0,0
20,362,District - Dumka (17),Rural,40-44,69069,35588,33481,1136,714,422,63079,33733,29346,4279,917,3362,477,190,287,98,34,64,0,0,0
20,362,District - Dumka (17),Rural,45-49,59742,30545,29197,716,419,297,53126,28820,24306,5494,1156,4338,320,131,189,86,19,67,0,0,0
20,362,District - Dumka (17),Rural,50-54,47043,24179,22864,513,284,229,39716,22342,17374,6570,1450,5120,194,84,110,50,19,31,0,0,0
20,362,District - Dumka (17),Rural,55-59,38948,18102,20846,379,207,172,31986,16431,15555,6413,1413,5000,135,43,92,35,8,27,0,0,0
20,362,District - Dumka (17),Rural,60-64,41508,19396,22112,602,247,355,28482,16833,11649,12250,2253,9997,135,53,82,39,10,29,0,0,0
20,362,District - Dumka (17),Rural,65-69,27304,12673,14631,432,189,243,16690,10502,6188,10095,1959,8136,57,18,39,30,5,25,0,0,0
20,362,District - Dumka (17),Rural,70-74,15923,7674,8249,231,98,133,8280,5908,2372,7373,1654,5719,29,10,19,10,4,6,0,0,0
20,362,District - Dumka (17),Rural,75-79,5582,2628,2954,94,44,50,2835,1874,961,2641,706,1935,10,3,7,2,1,1,0,0,0
20,362,District - Dumka (17),Rural,80+,5962,2865,3097,475,287,188,2538,1688,850,2931,886,2045,11,2,9,7,2,5,0,0,0
20,362,District - Dumka (17),Rural,Age not stated,1645,857,788,881,515,366,670,313,357,84,24,60,7,5,2,3,0,3,0,0,0
20,362,District - Dumka (17),Rural,Less than 18,501693,258987,242706,490369,255332,235037,10619,3437,7182,408,154,254,236,48,188,61,16,45,0,0,0
20,362,District - Dumka (17),Rural,Less than 21,575109,294613,280496,529777,283582,246195,43600,10579,33021,790,283,507,742,137,605,200,32,168,0,0,0
20,362,District - Dumka (17),Urban,All ages,90178,47586,42592,43159,24851,18308,42669,21683,20986,4097,972,3125,221,71,150,32,9,23,0,0,0
20,362,District - Dumka (17),Urban,0-9,16967,8865,8102,16967,8865,8102,0,0,0,0,0,0,0,0,0,0,0,0,0,0,0
20,362,District - Dumka (17),Urban,10-14,9559,4992,4567,9311,4880,4431,237,104,133,11,8,3,0,0,0,0,0,0,0,0,0
20,362,District - Dumka (17),Urban,15-19,9133,4889,4244,8075,4685,3390,1031,199,832,17,4,13,10,1,9,0,0,0,0,0,0
20,362,District - Dumka (17),Urban,20-24,8297,4339,3958,4794,3322,1472,3427,990,2437,51,20,31,21,6,15,4,1,3,0,0,0
20,362,District - Dumka (17),Urban,25-29,7944,4082,3862,2306,1827,479,5501,2193,3308,96,45,51,37,17,20,4,0,4,0,0,0
20,362,District - Dumka (17),Urban,30-34,7169,3834,3335,848,709,139,6152,3068,3084,130,42,88,31,13,18,8,2,6,0,0,0
20,362,District - Dumka (17),Urban,35-39,6567,3372,3195,280,208,72,6040,3104,2936,198,46,152,42,11,31,7,3,4,0,0,0
20,362,District - Dumka (17),Urban,40-44,5734,3138,2596,158,111,47,5280,2963,2317,273,58,215,19,5,14,4,1,3,0,0,0
20,362,District - Dumka (17),Urban,45-49,4830,2630,2200,87,62,25,4376,2486,1890,338,72,266,29,10,19,0,0,0,0,0,0
20,362,District - Dumka (17),Urban,50-54,3948,2139,1809,72,41,31,3439,2009,1430,423,85,338,13,3,10,1,1,0,0,0,0
20,362,District - Dumka (17),Urban,55-59,3069,1657,1412,37,21,16,2657,1554,1103,365,78,287,7,3,4,3,1,2,0,0,0
20,362,District - Dumka (17),Urban,60-64,2806,1473,1333,56,24,32,2105,1331,774,638,118,520,6,0,6,1,0,1,0,0,0
20,362,District - Dumka (17),Urban,65-69,1720,903,817,43,22,21,1163,762,401,510,118,392,4,1,3,0,0,0,0,0,0
20,362,District - Dumka (17),Urban,70-74,1229,654,575,23,15,8,731,533,198,474,105,369,1,1,0,0,0,0,0,0,0
20,362,District - Dumka (17),Urban,75-79,576,321,255,18,9,9,305,233,72,252,79,173,1,0,1,0,0,0,0,0,0
20,362,District - Dumka (17),Urban,80+,546,258,288,40,24,16,193,140,53,313,94,219,0,0,0,0,0,0,0,0,0
20,362,District - Dumka (17),Urban,Age not stated,84,40,44,44,26,18,32,14,18,8,0,8,0,0,0,0,0,0,0,0,0
20,362,District - Dumka (17),Urban,Less than 18,32029,16819,15210,31403,16607,14796,599,199,400,21,12,9,6,1,5,0,0,0,0,0,0
20,362,District - Dumka (17),Urban,Less than 21,37803,19840,17963,35718,19341,16377,2026,480,1546,42,18,24,16,1,15,1,0,1,0,0,0
20,363,District - Jamtara (18),Total,All ages,791042,404830,386212,373170,207847,165323,378953,187618,191335,34537,8226,26311,3481,948,2533,901,191,710,0,0,0
20,363,District - Jamtara (18),Total,0-9,187353,95663,91690,187353,95663,91690,0,0,0,0,0,0,0,0,0,0,0,0,0,0,0
20,363,District - Jamtara (18),Total,10-14,92292,47658,44634,89794,46660,43134,2326,933,1393,104,35,69,55,23,32,13,7,6,0,0,0
20,363,District - Jamtara (18),Total,15-19,69316,37346,31970,55580,34690,20890,13160,2537,10623,201,61,140,293,45,248,82,13,69,0,0,0
20,363,District - Jamtara (18),Total,20-24,66737,32992,33745,22079,17258,4821,43441,15472,27969,444,119,325,595,114,481,178,29,149,0,0,0
20,363,District - Jamtara (18),Total,25-29,65197,33200,31997,7992,6604,1388,55779,26226,29553,668,164,504,611,173,438,147,33,114,0,0,0
20,363,District - Jamtara (18),Total,30-34,56600,28714,27886,2997,2208,789,52072,26139,25933,940,221,719,470,123,347,121,23,98,0,0,0
20,363,District - Jamtara (18),Total,35-39,52698,27358,25340,1486,1035,451,49253,25855,23398,1459,336,1123,404,119,285,96,13,83,0,0,0
20,363,District - Jamtara (18),Total,40-44,43070,22235,20835,786,533,253,39865,21143,18722,1999,436,1563,342,106,236,78,17,61,0,0,0
20,363,District - Jamtara (18),Total,45-49,37521,19687,17834,418,292,126,34313,18728,15585,2506,583,1923,226,67,159,58,17,41,0,0,0
20,363,District - Jamtara (18),Total,50-54,29023,14987,14036,490,331,159,25164,13877,11287,3161,713,2448,165,52,113,43,14,29,0,0,0
20,363,District - Jamtara (18),Total,55-59,25334,12100,13234,384,260,124,21680,11047,10633,3159,746,2413,90,38,52,21,9,12,0,0,0
20,363,District - Jamtara (18),Total,60-64,26504,12938,13566,559,299,260,19269,11293,7976,6537,1301,5236,107,40,67,32,5,27,0,0,0
20,363,District - Jamtara (18),Total,65-69,16895,8523,8372,471,302,169,11111,7019,4092,5239,1176,4063,60,22,38,14,4,10,0,0,0
20,363,District - Jamtara (18),Total,70-74,10205,5241,4964,244,139,105,5652,3962,1690,4271,1122,3149,26,13,13,12,5,7,0,0,0
20,363,District - Jamtara (18),Total,75-79,3976,1919,2057,138,90,48,2095,1339,756,1729,485,1244,11,4,7,3,1,2,0,0,0
20,363,District - Jamtara (18),Total,80+,4873,2425,2448,643,384,259,2257,1348,909,1960,688,1272,12,4,8,1,1,0,0,0,0
20,363,District - Jamtara (18),Total,Age not stated,3448,1844,1604,1756,1099,657,1516,700,816,160,40,120,14,5,9,2,0,2,0,0,0
20,363,District - Jamtara (18),Total,Less than 18,320601,166049,154552,314266,164098,150168,5926,1834,4092,215,70,145,159,34,125,35,13,22,0,0,0
20,363,District - Jamtara (18),Total,Less than 21,367445,189418,178027,340833,183120,157713,25511,6066,19445,427,118,309,523,87,436,151,27,124,0,0,0
20,363,District - Jamtara (18),Rural,All ages,715296,365043,350253,336577,186725,149852,343060,169691,173369,31464,7540,23924,3328,908,2420,867,179,688,0,0,0
20,363,District - Jamtara (18),Rural,0-9,173075,88172,84903,173075,88172,84903,0,0,0,0,0,0,0,0,0,0,0,0,0,0,0
20,363,District - Jamtara (18),Rural,10-14,84246,43460,40786,81918,42534,39384,2169,864,1305,98,34,64,49,21,28,12,7,5,0,0,0
20,363,District - Jamtara (18),Rural,15-19,61626,33301,28325,48734,30807,17927,12335,2380,9955,191,59,132,286,43,243,80,12,68,0,0,0
20,363,District - Jamtara (18),Rural,20-24,59512,29222,30290,18023,14367,3656,40323,14603,25720,413,110,303,577,113,464,176,29,147,0,0,0
20,363,District - Jamtara (18),Rural,25-29,58451,29729,28722,6222,5129,1093,50896,24254,26642,601,148,453,590,166,424,142,32,110,0,0,0
20,363,District - Jamtara (18),Rural,30-34,50709,25617,25092,2382,1705,677,46893,23571,23322,869,207,662,447,114,333,118,20,98,0,0,0
20,363,District - Jamtara (18),Rural,35-39,47109,24383,22726,1208,825,383,44121,23120,21001,1312,312,1000,380,114,266,88,12,76,0,0,0
20,363,District - Jamtara (18),Rural,40-44,38566,19794,18772,661,443,218,35691,18829,16862,1811,404,1407,326,102,224,77,16,61,0,0,0
20,363,District - Jamtara (18),Rural,45-49,33634,17629,16005,337,236,101,30782,16778,14004,2249,536,1713,212,65,147,54,14,40,0,0,0
20,363,District - Jamtara (18),Rural,50-54,25964,13364,12600,403,275,128,22520,12374,10146,2844,652,2192,156,50,106,41,13,28,0,0,0
20,363,District - Jamtara (18),Rural,55-59,22754,10790,11964,319,223,96,19485,9835,9650,2845,687,2158,86,36,50,19,9,10,0,0,0
20,363,District - Jamtara (18),Rural,60-64,24163,11729,12434,483,262,221,17516,10223,7293,6035,1201,4834,100,38,62,29,5,24,0,0,0
20,363,District - Jamtara (18),Rural,65-69,15394,7692,7702,404,255,149,10037,6321,3716,4879,1090,3789,60,22,38,14,4,10,0,0,0
20,363,District - Jamtara (18),Rural,70-74,9241,4717,4524,216,127,89,5076,3545,1531,3914,1030,2884,24,11,13,11,4,7,0,0,0
20,363,District - Jamtara (18),Rural,75-79,3560,1704,1856,123,81,42,1885,1191,694,1538,427,1111,11,4,7,3,1,2,0,0,0
20,363,District - Jamtara (18),Rural,80+,4367,2174,2193,594,357,237,2039,1202,837,1721,610,1111,12,4,8,1,1,0,0,0,0
20,363,District - Jamtara (18),Rural,Age not stated,2925,1566,1359,1475,927,548,1292,601,691,144,33,111,12,5,7,2,0,2,0,0,0
20,363,District - Jamtara (18),Rural,Less than 18,293748,151933,141815,287819,150123,137696,5538,1697,3841,205,68,137,152,32,120,34,13,21,0,0,0
20,363,District - Jamtara (18),Rural,Less than 21,335479,172685,162794,310543,166748,143795,23880,5715,18165,404,113,291,504,83,421,148,26,122,0,0,0
20,363,District - Jamtara (18),Urban,All ages,75746,39787,35959,36593,21122,15471,35893,17927,17966,3073,686,2387,153,40,113,34,12,22,0,0,0
20,363,District - Jamtara (18),Urban,0-9,14278,7491,6787,14278,7491,6787,0,0,0,0,0,0,0,0,0,0,0,0,0,0,0
20,363,District - Jamtara (18),Urban,10-14,8046,4198,3848,7876,4126,3750,157,69,88,6,1,5,6,2,4,1,0,1,0,0,0
20,363,District - Jamtara (18),Urban,15-19,7690,4045,3645,6846,3883,2963,825,157,668,10,2,8,7,2,5,2,1,1,0,0,0
20,363,District - Jamtara (18),Urban,20-24,7225,3770,3455,4056,2891,1165,3118,869,2249,31,9,22,18,1,17,2,0,2,0,0,0
20,363,District - Jamtara (18),Urban,25-29,6746,3471,3275,1770,1475,295,4883,1972,2911,67,16,51,21,7,14,5,1,4,0,0,0
20,363,District - Jamtara (18),Urban,30-34,5891,3097,2794,615,503,112,5179,2568,2611,71,14,57,23,9,14,3,3,0,0,0,0
20,363,District - Jamtara (18),Urban,35-39,5589,2975,2614,278,210,68,5132,2735,2397,147,24,123,24,5,19,8,1,7,0,0,0
20,363,District - Jamtara (18),Urban,40-44,4504,2441,2063,125,90,35,4174,2314,1860,188,32,156,16,4,12,1,1,0,0,0,0
20,363,District - Jamtara (18),Urban,45-49,3887,2058,1829,81,56,25,3531,1950,1581,257,47,210,14,2,12,4,3,1,0,0,0
20,363,District - Jamtara (18),Urban,50-54,3059,1623,1436,87,56,31,2644,1503,1141,317,61,256,9,2,7,2,1,1,0,0,0
20,363,District - Jamtara (18),Urban,55-59,2580,1310,1270,65,37,28,2195,1212,983,314,59,255,4,2,2,2,0,2,0,0,0
20,363,District - Jamtara (18),Urban,60-64,2341,1209,1132,76,37,39,1753,1070,683,502,100,402,7,2,5,3,0,3,0,0,0
20,363,District - Jamtara (18),Urban,65-69,1501,831,670,67,47,20,1074,698,376,360,86,274,0,0,0,0,0,0,0,0,0
20,363,District - Jamtara (18),Urban,70-74,964,524,440,28,12,16,576,417,159,357,92,265,2,2,0,1,1,0,0,0,0
20,363,District - Jamtara (18),Urban,75-79,416,215,201,15,9,6,210,148,62,191,58,133,0,0,0,0,0,0,0,0,0
20,363,District - Jamtara (18),Urban,80+,506,251,255,49,27,22,218,146,72,239,78,161,0,0,0,0,0,0,0,0,0
20,363,District - Jamtara (18),Urban,Age not stated,523,278,245,281,172,109,224,99,125,16,7,9,2,0,2,0,0,0,0,0,0
20,363,District - Jamtara (18),Urban,Less than 18,26853,14116,12737,26447,13975,12472,388,137,251,10,2,8,7,2,5,1,0,1,0,0,0
20,363,District - Jamtara (18),Urban,Less than 21,31966,16733,15233,30290,16372,13918,1631,351,1280,23,5,18,19,4,15,3,1,2,0,0,0
20,364,District - Ranchi (19),Total,All ages,2914253,1494937,1419316,1484945,817493,667452,1299433,645574,653859,121907,30007,91900,6538,1562,4976,1430,301,1129,0,0,0
20,364,District - Ranchi (19),Total,0-9,588767,303411,285356,588767,303411,285356,0,0,0,0,0,0,0,0,0,0,0,0,0,0,0
20,364,District - Ranchi (19),Total,10-14,340174,173691,166483,333853,171205,162648,5885,2301,3584,300,120,180,117,57,60,19,8,11,0,0,0
20,364,District - Ranchi (19),Total,15-19,306556,159706,146850,277246,153586,123660,28502,5883,22619,580,183,397,178,41,137,50,13,37,0,0,0
20,364,District - Ranchi (19),Total,20-24,261237,131590,129647,149451,98589,50862,109926,32584,77342,1240,295,945,513,106,407,107,16,91,0,0,0
20,364,District - Ranchi (19),Total,25-29,245559,123579,121980,66543,48494,18049,175614,74340,101274,2392,538,1854,820,177,643,190,30,160,0,0,0
20,364,District - Ranchi (19),Total,30-34,211030,106157,104873,21971,15798,6173,184215,89311,94904,3805,802,3003,855,212,643,184,34,150,0,0,0
20,364,District - Ranchi (19),Total,35-39,202274,103076,99198,8687,5614,3073,185959,96005,89954,6390,1172,5218,1013,236,777,225,49,176,0,0,0
20,364,District - Ranchi (19),Total,40-44,167658,87559,80099,4298,2526,1772,153813,83138,70675,8415,1652,6763,936,203,733,196,40,156,0,0,0
20,364,District - Ranchi (19),Total,45-49,144976,76824,68152,2606,1390,1216,130987,72989,57998,10555,2238,8317,665,164,501,163,43,120,0,0,0
20,364,District - Ranchi (19),Total,50-54,108855,57105,51750,1846,896,950,94779,53488,41291,11696,2595,9101,447,103,344,87,23,64,0,0,0
20,364,District - Ranchi (19),Total,55-59,90068,46033,44035,1520,713,807,76083,42314,33769,12089,2917,9172,322,77,245,54,12,42,0,0,0
20,364,District - Ranchi (19),Total,60-64,84206,42054,42152,2317,1047,1270,62528,36518,26010,19002,4411,14591,295,72,223,64,6,58,0,0,0
20,364,District - Ranchi (19),Total,65-69,56399,28729,27670,2168,1024,1144,38194,23640,14554,15857,4021,11836,147,38,109,33,6,27,0,0,0
20,364,District - Ranchi (19),Total,70-74,35965,19132,16833,1063,470,593,21404,14802,6602,13390,3829,9561,85,22,63,23,9,14,0,0,0
20,364,District - Ranchi (19),Total,75-79,15625,7973,7652,459,177,282,8774,5825,2949,6351,1954,4397,36,15,21,5,2,3,0,0,0
20,364,District - Ranchi (19),Total,80+,18048,9174,8874,1582,868,714,8101,5365,2736,8315,2920,5395,41,16,25,9,5,4,0,0,0
20,364,District - Ranchi (19),Total,Age not stated,36856,19144,17712,20568,11685,8883,14669,7071,7598,1530,360,1170,68,23,45,21,5,16,0,0,0
20,364,District - Ranchi (19),Total,Less than 18,1113085,572587,540498,1097171,567431,529740,15041,4827,10214,642,236,406,191,76,115,40,17,23,0,0,0
20,364,District - Ranchi (19),Total,Less than 21,1303244,670569,632675,1245820,657319,588501,55748,12739,43009,1171,369,802,416,118,298,89,24,65,0,0,0
20,364,District - Ranchi (19),Rural,All ages,1656918,840528,816390,854539,465978,388561,720989,354591,366398,75718,18735,56983,4738,1064,3674,934,160,774,0,0,0
20,364,District - Ranchi (19),Rural,0-9,369009,188165,180844,369009,188165,180844,0,0,0,0,0,0,0,0,0,0,0,0,0,0,0
20,364,District - Ranchi (19),Rural,10-14,212481,107825,104656,208813,106398,102415,3408,1322,2086,185,68,117,67,33,34,8,4,4,0,0,0
20,364,District - Ranchi (19),Rural,15-19,174038,90992,83046,155129,87153,67976,18388,3695,14693,363,116,247,127,21,106,31,7,24,0,0,0
20,364,District - Ranchi (19),Rural,20-24,136322,69294,67028,67704,47920,19784,67417,21108,46309,775,189,586,348,67,281,78,10,68,0,0,0
20,364,District - Ranchi (19),Rural,25-29,127453,63986,63467,25496,19633,5863,99744,43883,55861,1502,330,1172,596,124,472,115,16,99,0,0,0
20,364,District - Ranchi (19),Rural,30-34,110038,54023,56015,8171,5767,2404,98848,47602,51246,2293,490,1803,611,146,465,115,18,97,0,0,0
20,364,District - Ranchi (19),Rural,35-39,108373,54476,53897,3437,2125,1312,100230,51425,48805,3846,746,3100,715,156,559,145,24,121,0,0,0
20,364,District - Ranchi (19),Rural,40-44,90757,46348,44409,1866,1010,856,83024,44111,38913,5086,1073,4013,656,132,524,125,22,103,0,0,0
20,364,District - Ranchi (19),Rural,45-49,79343,41458,37885,1147,567,580,71184,39280,31904,6397,1471,4926,504,115,389,111,25,86,0,0,0
20,364,District - Ranchi (19),Rural,50-54,59254,30520,28734,799,363,436,51009,28397,22612,7041,1672,5369,351,80,271,54,8,46,0,0,0
20,364,District - Ranchi (19),Rural,55-59,49941,24298,25643,652,285,367,41607,22096,19511,7398,1859,5539,242,53,189,42,5,37,0,0,0
20,364,District - Ranchi (19),Rural,60-64,49485,24010,25475,1148,511,637,35722,20533,15189,12338,2910,9428,229,54,175,48,2,46,0,0,0
20,364,District - Ranchi (19),Rural,65-69,34011,16681,17330,1029,482,547,22302,13575,8727,10536,2586,7950,119,33,86,25,5,20,0,0,0
20,364,District - Ranchi (19),Rural,70-74,21370,10840,10530,480,204,276,12084,8274,3810,8721,2341,6380,67,15,52,18,6,12,0,0,0
20,364,District - Ranchi (19),Rural,75-79,8676,4210,4466,175,69,106,4791,3064,1727,3678,1065,2613,29,11,18,3,1,2,0,0,0
20,364,District - Ranchi (19),Rural,80+,10131,5096,5035,779,416,363,4589,3048,1541,4726,1620,3106,32,9,23,5,3,2,0,0,0
20,364,District - Ranchi (19),Rural,Age not stated,16236,8306,7930,8705,4910,3795,6642,3178,3464,833,199,634,45,15,30,11,4,7,0,0,0
20,364,District - Ranchi (19),Rural,Less than 18,687943,351169,336774,678393,348155,330238,9008,2815,6193,403,145,258,117,44,73,22,10,12,0,0,0
20,364,District - Ranchi (19),Rural,Less than 21,792893,405686,387207,756321,397390,358931,35510,7992,27518,729,224,505,279,66,213,54,14,40,0,0,0
20,364,District - Ranchi (19),Urban,All ages,1257335,654409,602926,630406,351515,278891,578444,290983,287461,46189,11272,34917,1800,498,1302,496,141,355,0,0,0
20,364,District - Ranchi (19),Urban,0-9,219758,115246,104512,219758,115246,104512,0,0,0,0,0,0,0,0,0,0,0,0,0,0,0
20,364,District - Ranchi (19),Urban,10-14,127693,65866,61827,125040,64807,60233,2477,979,1498,115,52,63,50,24,26,11,4,7,0,0,0
20,364,District - Ranchi (19),Urban,15-19,132518,68714,63804,122117,66433,55684,10114,2188,7926,217,67,150,51,20,31,19,6,13,0,0,0
20,364,District - Ranchi (19),Urban,20-24,124915,62296,62619,81747,50669,31078,42509,11476,31033,465,106,359,165,39,126,29,6,23,0,0,0
20,364,District - Ranchi (19),Urban,25-29,118106,59593,58513,41047,28861,12186,75870,30457,45413,890,208,682,224,53,171,75,14,61,0,0,0
20,364,District - Ranchi (19),Urban,30-34,100992,52134,48858,13800,10031,3769,85367,41709,43658,1512,312,1200,244,66,178,69,16,53,0,0,0
20,364,District - Ranchi (19),Urban,35-39,93901,48600,45301,5250,3489,1761,85729,44580,41149,2544,426,2118,298,80,218,80,25,55,0,0,0
20,364,District - Ranchi (19),Urban,40-44,76901,41211,35690,2432,1516,916,70789,39027,31762,3329,579,2750,280,71,209,71,18,53,0,0,0
20,364,District - Ranchi (19),Urban,45-49,65633,35366,30267,1459,823,636,59803,33709,26094,4158,767,3391,161,49,112,52,18,34,0,0,0
20,364,District - Ranchi (19),Urban,50-54,49601,26585,23016,1047,533,514,43770,25091,18679,4655,923,3732,96,23,73,33,15,18,0,0,0
20,364,District - Ranchi (19),Urban,55-59,40127,21735,18392,868,428,440,34476,20218,14258,4691,1058,3633,80,24,56,12,7,5,0,0,0
20,364,District - Ranchi (19),Urban,60-64,34721,18044,16677,1169,536,633,26806,15985,10821,6664,1501,5163,66,18,48,16,4,12,0,0,0
20,364,District - Ranchi (19),Urban,65-69,22388,12048,10340,1139,542,597,15892,10065,5827,5321,1435,3886,28,5,23,8,1,7,0,0,0
20,364,District - Ranchi (19),Urban,70-74,14595,8292,6303,583,266,317,9320,6528,2792,4669,1488,3181,18,7,11,5,3,2,0,0,0
20,364,District - Ranchi (19),Urban,75-79,6949,3763,3186,284,108,176,3983,2761,1222,2673,889,1784,7,4,3,2,1,1,0,0,0
20,364,District - Ranchi (19),Urban,80+,7917,4078,3839,803,452,351,3512,2317,1195,3589,1300,2289,9,7,2,4,2,2,0,0,0
20,364,District - Ranchi (19),Urban,Age not stated,20620,10838,9782,11863,6775,5088,8027,3893,4134,697,161,536,23,8,15,10,1,9,0,0,0
20,364,District - Ranchi (19),Urban,Less than 18,425142,221418,203724,418778,219276,199502,6033,2012,4021,239,91,148,74,32,42,18,7,11,0,0,0
20,364,District - Ranchi (19),Urban,Less than 21,510351,264883,245468,489499,259929,229570,20238,4747,15491,442,145,297,137,52,85,35,10,25,0,0,0
20,365,District - Khunti (20),Total,All ages,531885,266335,265550,279891,149591,130300,221478,108609,112869,29059,7642,21417,1262,428,834,195,65,130,0,0,0
20,365,District - Khunti (20),Total,0-9,124190,63253,60937,124190,63253,60937,0,0,0,0,0,0,0,0,0,0,0,0,0,0,0
20,365,District - Khunti (20),Total,10-14,66134,33486,32648,65058,33159,31899,983,290,693,44,12,32,46,23,23,3,2,1,0,0,0
20,365,District - Khunti (20),Total,15-19,52570,26720,25850,46611,25498,21113,5768,1169,4599,129,34,95,59,19,40,3,0,3,0,0,0
20,365,District - Khunti (20),Total,20-24,43958,21418,22540,22866,14724,8142,20727,6594,14133,255,75,180,96,21,75,14,4,10,0,0,0
20,365,District - Khunti (20),Total,25-29,40300,20163,20137,10021,6836,3185,29624,13120,16504,483,158,325,146,43,103,26,6,20,0,0,0
20,365,District - Khunti (20),Total,30-34,34348,16701,17647,3894,2513,1381,29461,13893,15568,828,232,596,149,58,91,16,5,11,0,0,0
20,365,District - Khunti (20),Total,35-39,34503,17128,17375,2270,1343,927,30669,15340,15329,1354,372,982,182,63,119,28,10,18,0,0,0
20,365,District - Khunti (20),Total,40-44,29657,14892,14765,1366,669,697,26197,13653,12544,1914,516,1398,161,50,111,19,4,15,0,0,0
20,365,District - Khunti (20),Total,45-49,27141,13951,13190,912,421,491,23434,12750,10684,2645,723,1922,125,44,81,25,13,12,0,0,0
20,365,District - Khunti (20),Total,50-54,20677,10604,10073,656,300,356,17010,9508,7502,2909,764,2145,91,28,63,11,4,7,0,0,0
20,365,District - Khunti (20),Total,55-59,17316,8462,8854,474,217,257,13700,7339,6361,3059,875,2184,70,25,45,13,6,7,0,0,0
20,365,District - Khunti (20),Total,60-64,17636,8221,9415,527,191,336,11530,6730,4800,5490,1267,4223,71,26,45,18,7,11,0,0,0
20,365,District - Khunti (20),Total,65-69,11298,5456,5842,345,139,206,6687,4259,2428,4222,1039,3183,36,16,20,8,3,5,0,0,0
20,365,District - Khunti (20),Total,70-74,6732,3250,3482,167,74,93,3345,2350,995,3195,817,2378,20,8,12,5,1,4,0,0,0
20,365,District - Khunti (20),Total,75-79,2592,1266,1326,89,31,58,1263,872,391,1232,360,872,6,3,3,2,0,2,0,0,0
20,365,District - Khunti (20),Total,80+,2485,1182,1303,233,107,126,975,687,288,1270,388,882,3,0,3,4,0,4,0,0,0
20,365,District - Khunti (20),Total,Age not stated,348,182,166,212,116,96,105,55,50,30,10,20,1,1,0,0,0,0,0,0,0
20,365,District - Khunti (20),Total,Less than 18,222243,113144,109099,219060,112293,106767,2986,778,2208,117,35,82,75,36,39,5,2,3,0,0,0
20,365,District - Khunti (20),Total,Less than 21,255914,129754,126160,244083,127072,117011,11451,2567,8884,240,64,176,131,47,84,9,4,5,0,0,0
20,365,District - Khunti (20),Rural,All ages,486903,243494,243409,256245,136790,119455,202202,98975,103227,27106,7259,19847,1168,408,760,182,62,120,0,0,0
20,365,District - Khunti (20),Rural,0-9,115645,58821,56824,115645,58821,56824,0,0,0,0,0,0,0,0,0,0,0,0,0,0,0
20,365,District - Khunti (20),Rural,10-14,60797,30834,29963,59804,30536,29268,909,265,644,40,11,29,41,20,21,3,2,1,0,0,0
20,365,District - Khunti (20),Rural,15-19,47500,24165,23335,42006,23040,18966,5324,1079,4245,117,31,86,50,15,35,3,0,3,0,0,0
20,365,District - Khunti (20),Rural,20-24,39383,19097,20286,19974,12894,7080,19070,6109,12961,242,73,169,84,17,67,13,4,9,0,0,0
20,365,District - Khunti (20),Rural,25-29,36378,18187,18191,8692,5928,2764,27083,12059,15024,440,152,288,138,42,96,25,6,19,0,0,0
20,365,District - Khunti (20),Rural,30-34,31042,15031,16011,3439,2210,1229,26686,12539,14147,761,222,539,141,55,86,15,5,10,0,0,0
20,365,District - Khunti (20),Rural,35-39,31293,15575,15718,2072,1230,842,27782,13915,13867,1244,358,886,170,63,107,25,9,16,0,0,0
20,365,District - Khunti (20),Rural,40-44,26978,13471,13507,1283,635,648,23774,12289,11485,1757,495,1262,145,48,97,19,4,15,0,0,0
20,365,District - Khunti (20),Rural,45-49,24681,12663,12018,838,397,441,21274,11526,9748,2430,686,1744,116,43,73,23,11,12,0,0,0
20,365,District - Khunti (20),Rural,50-54,19026,9732,9294,612,285,327,15576,8677,6899,2742,739,2003,85,27,58,11,4,7,0,0,0
20,365,District - Khunti (20),Rural,55-59,15997,7760,8237,437,205,232,12614,6689,5925,2865,835,2030,69,25,44,12,6,6,0,0,0
20,365,District - Khunti (20),Rural,60-64,16500,7661,8839,486,178,308,10718,6233,4485,5213,1217,3996,66,26,40,17,7,10,0,0,0
20,365,District - Khunti (20),Rural,65-69,10539,5087,5452,308,123,185,6227,3973,2254,3961,972,2989,35,16,19,8,3,5,0,0,0
20,365,District - Khunti (20),Rural,70-74,6221,3019,3202,148,69,79,3063,2171,892,2990,771,2219,18,7,11,2,1,1,0,0,0
20,365,District - Khunti (20),Rural,75-79,2344,1133,1211,81,28,53,1121,769,352,1134,333,801,6,3,3,2,0,2,0,0,0
20,365,District - Khunti (20),Rural,80+,2234,1077,1157,211,96,115,876,627,249,1140,354,786,3,0,3,4,0,4,0,0,0
20,365,District - Khunti (20),Rural,Age not stated,345,181,164,209,115,94,105,55,50,30,10,20,1,1,0,0,0,0,0,0,0
20,365,District - Khunti (20),Rural,Less than 18,205357,104535,100822,202429,103759,98670,2750,710,2040,108,33,75,65,31,34,5,2,3,0,0,0
20,365,District - Khunti (20),Rural,Less than 21,235768,119530,116238,224847,117045,107802,10577,2382,8195,221,60,161,114,39,75,9,4,5,0,0,0
20,365,District - Khunti (20),Urban,All ages,44982,22841,22141,23646,12801,10845,19276,9634,9642,1953,383,1570,94,20,74,13,3,10,0,0,0
20,365,District - Khunti (20),Urban,0-9,8545,4432,4113,8545,4432,4113,0,0,0,0,0,0,0,0,0,0,0,0,0,0,0
20,365,District - Khunti (20),Urban,10-14,5337,2652,2685,5254,2623,2631,74,25,49,4,1,3,5,3,2,0,0,0,0,0,0
20,365,District - Khunti (20),Urban,15-19,5070,2555,2515,4605,2458,2147,444,90,354,12,3,9,9,4,5,0,0,0,0,0,0
20,365,District - Khunti (20),Urban,20-24,4575,2321,2254,2892,1830,1062,1657,485,1172,13,2,11,12,4,8,1,0,1,0,0,0
20,365,District - Khunti (20),Urban,25-29,3922,1976,1946,1329,908,421,2541,1061,1480,43,6,37,8,1,7,1,0,1,0,0,0
20,365,District - Khunti (20),Urban,30-34,3306,1670,1636,455,303,152,2775,1354,1421,67,10,57,8,3,5,1,0,1,0,0,0
20,365,District - Khunti (20),Urban,35-39,3210,1553,1657,198,113,85,2887,1425,1462,110,14,96,12,0,12,3,1,2,0,0,0
20,365,District - Khunti (20),Urban,40-44,2679,1421,1258,83,34,49,2423,1364,1059,157,21,136,16,2,14,0,0,0,0,0,0
20,365,District - Khunti (20),Urban,45-49,2460,1288,1172,74,24,50,2160,1224,936,215,37,178,9,1,8,2,2,0,0,0,0
20,365,District - Khunti (20),Urban,50-54,1651,872,779,44,15,29,1434,831,603,167,25,142,6,1,5,0,0,0,0,0,0
20,365,District - Khunti (20),Urban,55-59,1319,702,617,37,12,25,1086,650,436,194,40,154,1,0,1,1,0,1,0,0,0
20,365,District - Khunti (20),Urban,60-64,1136,560,576,41,13,28,812,497,315,277,50,227,5,0,5,1,0,1,0,0,0
20,365,District - Khunti (20),Urban,65-69,759,369,390,37,16,21,460,286,174,261,67,194,1,0,1,0,0,0,0,0,0
20,365,District - Khunti (20),Urban,70-74,511,231,280,19,5,14,282,179,103,205,46,159,2,1,1,3,0,3,0,0,0
20,365,District - Khunti (20),Urban,75-79,248,133,115,8,3,5,142,103,39,98,27,71,0,0,0,0,0,0,0,0,0
20,365,District - Khunti (20),Urban,80+,251,105,146,22,11,11,99,60,39,130,34,96,0,0,0,0,0,0,0,0,0
20,365,District - Khunti (20),Urban,Age not stated,3,1,2,3,1,2,0,0,0,0,0,0,0,0,0,0,0,0,0,0,0
20,365,District - Khunti (20),Urban,Less than 18,16886,8609,8277,16631,8534,8097,236,68,168,9,2,7,10,5,5,0,0,0,0,0,0
20,365,District - Khunti (20),Urban,Less than 21,20146,10224,9922,19236,10027,9209,874,185,689,19,4,15,17,8,9,0,0,0,0,0,0
20,366,District - Gumla (21),Total,All ages,1025213,514390,510823,551790,293309,258481,420093,205834,214259,50002,14262,35740,2940,897,2043,388,88,300,0,0,0
20,366,District - Gumla (21),Total,0-9,252882,128722,124160,252882,128722,124160,0,0,0,0,0,0,0,0,0,0,0,0,0,0,0
20,366,District - Gumla (21),Total,10-14,137557,69389,68168,135903,68824,67079,1533,520,1013,60,17,43,54,26,28,7,2,5,0,0,0
20,366,District - Gumla (21),Total,15-19,101111,51511,49600,90259,49264,40995,10572,2159,8413,173,54,119,94,31,63,13,3,10,0,0,0
20,366,District - Gumla (21),Total,20-24,80087,39624,40463,41018,26613,14405,38371,12818,25553,379,110,269,287,75,212,32,8,24,0,0,0
20,366,District - Gumla (21),Total,25-29,71942,35662,36280,16392,11188,5204,54280,24118,30162,829,228,601,396,119,277,45,9,36,0,0,0
20,366,District - Gumla (21),Total,30-34,63064,30501,32563,6325,4151,2174,54988,25873,29115,1323,352,971,376,114,262,52,11,41,0,0,0
20,366,District - Gumla (21),Total,35-39,60898,30657,30241,2936,1733,1203,55384,28243,27141,2163,563,1600,372,107,265,43,11,32,0,0,0
20,366,District - Gumla (21),Total,40-44,53218,26123,27095,1604,812,792,48219,24456,23763,2978,723,2255,367,118,249,50,14,36,0,0,0
20,366,District - Gumla (21),Total,45-49,48691,25133,23558,1023,506,517,43316,23392,19924,4004,1133,2871,311,93,218,37,9,28,0,0,0
20,366,District - Gumla (21),Total,50-54,38040,19545,18495,701,289,412,32664,17873,14791,4451,1328,3123,201,50,151,23,5,18,0,0,0
20,366,District - Gumla (21),Total,55-59,32354,15717,16637,488,196,292,26949,14109,12840,4754,1363,3391,143,46,97,20,3,17,0,0,0
20,366,District - Gumla (21),Total,60-64,34080,16107,17973,742,301,441,24538,13569,10969,8624,2182,6442,151,50,101,25,5,20,0,0,0
20,366,District - Gumla (21),Total,65-69,23896,11769,12127,585,254,331,15421,9388,6033,7762,2086,5676,112,40,72,16,1,15,0,0,0
20,366,District - Gumla (21),Total,70-74,14853,7541,7312,291,120,171,8155,5505,2650,6356,1901,4455,39,12,27,12,3,9,0,0,0
20,366,District - Gumla (21),Total,75-79,6035,3033,3002,101,41,60,3166,2066,1100,2741,916,1825,19,8,11,8,2,6,0,0,0
20,366,District - Gumla (21),Total,80+,6194,3179,3015,345,168,177,2455,1704,751,3375,1298,2077,15,7,8,4,2,2,0,0,0
20,366,District - Gumla (21),Total,Age not stated,311,177,134,195,127,68,82,41,41,30,8,22,3,1,2,1,0,1,0,0,0
20,366,District - Gumla (21),Total,Less than 18,453615,230272,223343,448544,228905,219639,4806,1274,3532,159,49,110,93,41,52,13,3,10,0,0,0
20,366,District - Gumla (21),Total,Less than 21,514253,260713,253540,493334,255811,237523,20341,4720,15621,334,103,231,216,73,143,28,6,22,0,0,0
20,366,District - Gumla (21),Rural,All ages,960132,481135,478997,515469,273594,241875,393970,192821,201149,47518,13768,33750,2815,873,1942,360,79,281,0,0,0
20,366,District - Gumla (21),Rural,0-9,240094,122060,118034,240094,122060,118034,0,0,0,0,0,0,0,0,0,0,0,0,0,0,0
20,366,District - Gumla (21),Rural,10-14,128859,65001,63858,127296,64466,62830,1447,492,955,57,16,41,53,26,27,6,1,5,0,0,0
20,366,District - Gumla (21),Rural,15-19,93235,47572,45663,82931,45434,37497,10039,2053,7986,161,51,110,91,31,60,13,3,10,0,0,0
20,366,District - Gumla (21),Rural,20-24,73644,36318,37326,36674,23878,12796,36299,12252,24047,360,107,253,279,73,206,32,8,24,0,0,0
20,366,District - Gumla (21),Rural,25-29,66368,32931,33437,14426,9862,4564,50743,22726,28017,781,220,561,375,114,261,43,9,34,0,0,0
20,366,District - Gumla (21),Rural,30-34,58399,28206,30193,5657,3668,1989,51100,24072,27028,1243,344,899,355,112,243,44,10,34,0,0,0
20,366,District - Gumla (21),Rural,35-39,56367,28393,27974,2684,1581,1103,51278,26155,25123,2016,546,1470,350,101,249,39,10,29,0,0,0
20,366,District - Gumla (21),Rural,40-44,49494,24143,25351,1505,759,746,44786,22557,22229,2804,699,2105,353,115,238,46,13,33,0,0,0
20,366,District - Gumla (21),Rural,45-49,45615,23453,22162,965,473,492,40575,21776,18799,3742,1102,2640,299,93,206,34,9,25,0,0,0
20,366,District - Gumla (21),Rural,50-54,35754,18302,17452,654,272,382,30704,16697,14007,4180,1281,2899,195,49,146,21,3,18,0,0,0
20,366,District - Gumla (21),Rural,55-59,30688,14808,15880,461,183,278,25559,13270,12289,4510,1307,3203,139,46,93,19,2,17,0,0,0
20,366,District - Gumla (21),Rural,60-64,32613,15396,17217,707,288,419,23459,12942,10517,8276,2114,6162,147,48,99,24,4,20,0,0,0
20,366,District - Gumla (21),Rural,65-69,22866,11237,11629,556,243,313,14739,8939,5800,7447,2016,5431,108,38,70,16,1,15,0,0,0
20,366,District - Gumla (21),Rural,70-74,14242,7238,7004,271,114,157,7815,5275,2540,6108,1834,4274,37,12,25,11,3,8,0,0,0
20,366,District - Gumla (21),Rural,75-79,5774,2901,2873,93,37,56,3028,1973,1055,2627,882,1745,19,8,11,7,1,6,0,0,0
20,366,District - Gumla (21),Rural,80+,5824,3005,2819,307,153,154,2323,1603,720,3177,1241,1936,13,6,7,4,2,2,0,0,0
20,366,District - Gumla (21),Rural,Age not stated,296,171,125,188,123,65,76,39,37,29,8,21,2,1,1,1,0,1,0,0,0
20,366,District - Gumla (21),Rural,Less than 18,427342,216878,210464,422545,215588,206957,4542,1201,3341,152,46,106,91,41,50,12,2,10,0,0,0
20,366,District - Gumla (21),Rural,Less than 21,483188,244850,238338,463332,240182,223150,19306,4492,14814,311,98,213,212,73,139,27,5,22,0,0,0
20,366,District - Gumla (21),Urban,All ages,65081,33255,31826,36321,19715,16606,26123,13013,13110,2484,494,1990,125,24,101,28,9,19,0,0,0
20,366,District - Gumla (21),Urban,0-9,12788,6662,6126,12788,6662,6126,0,0,0,0,0,0,0,0,0,0,0,0,0,0,0
20,366,District - Gumla (21),Urban,10-14,8698,4388,4310,8607,4358,4249,86,28,58,3,1,2,1,0,1,1,1,0,0,0,0
20,366,District - Gumla (21),Urban,15-19,7876,3939,3937,7328,3830,3498,533,106,427,12,3,9,3,0,3,0,0,0,0,0,0
20,366,District - Gumla (21),Urban,20-24,6443,3306,3137,4344,2735,1609,2072,566,1506,19,3,16,8,2,6,0,0,0,0,0,0
20,366,District - Gumla (21),Urban,25-29,5574,2731,2843,1966,1326,640,3537,1392,2145,48,8,40,21,5,16,2,0,2,0,0,0
20,366,District - Gumla (21),Urban,30-34,4665,2295,2370,668,483,185,3888,1801,2087,80,8,72,21,2,19,8,1,7,0,0,0
20,366,District - Gumla (21),Urban,35-39,4531,2264,2267,252,152,100,4106,2088,2018,147,17,130,22,6,16,4,1,3,0,0,0
20,366,District - Gumla (21),Urban,40-44,3724,1980,1744,99,53,46,3433,1899,1534,174,24,150,14,3,11,4,1,3,0,0,0
20,366,District - Gumla (21),Urban,45-49,3076,1680,1396,58,33,25,2741,1616,1125,262,31,231,12,0,12,3,0,3,0,0,0
20,366,District - Gumla (21),Urban,50-54,2286,1243,1043,47,17,30,1960,1176,784,271,47,224,6,1,5,2,2,0,0,0,0
20,366,District - Gumla (21),Urban,55-59,1666,909,757,27,13,14,1390,839,551,244,56,188,4,0,4,1,1,0,0,0,0
20,366,District - Gumla (21),Urban,60-64,1467,711,756,35,13,22,1079,627,452,348,68,280,4,2,2,1,1,0,0,0,0
20,366,District - Gumla (21),Urban,65-69,1030,532,498,29,11,18,682,449,233,315,70,245,4,2,2,0,0,0,0,0,0
20,366,District - Gumla (21),Urban,70-74,611,303,308,20,6,14,340,230,110,248,67,181,2,0,2,1,0,1,0,0,0
20,366,District - Gumla (21),Urban,75-79,261,132,129,8,4,4,138,93,45,114,34,80,0,0,0,1,1,0,0,0,0
20,366,District - Gumla (21),Urban,80+,370,174,196,38,15,23,132,101,31,198,57,141,2,1,1,0,0,0,0,0,0
20,366,District - Gumla (21),Urban,Age not stated,15,6,9,7,4,3,6,2,4,1,0,1,1,0,1,0,0,0,0,0,0
20,366,District - Gumla (21),Urban,Less than 18,26273,13394,12879,25999,13317,12682,264,73,191,7,3,4,2,0,2,1,1,0,0,0,0
20,366,District - Gumla (21),Urban,Less than 21,31065,15863,15202,30002,15629,14373,1035,228,807,23,5,18,4,0,4,1,1,0,0,0,0
20,367,District - Simdega (22),Total,All ages,599578,300309,299269,318058,169640,148418,244711,120745,123966,35286,9353,25933,1340,516,824,183,55,128,0,0,0
20,367,District - Simdega (22),Total,0-9,135263,68702,66561,135263,68702,66561,0,0,0,0,0,0,0,0,0,0,0,0,0,0,0
20,367,District - Simdega (22),Total,10-14,72722,36726,35996,71897,36463,35434,757,238,519,41,13,28,25,12,13,2,0,2,0,0,0
20,367,District - Simdega (22),Total,15-19,57581,29169,28412,53439,28346,25093,4022,788,3234,80,22,58,38,13,25,2,0,2,0,0,0
20,367,District - Simdega (22),Total,20-24,48374,24053,24321,29739,18397,11342,18295,5582,12713,225,53,172,102,18,84,13,3,10,0,0,0
20,367,District - Simdega (22),Total,25-29,43919,22219,21700,13893,9362,4531,29367,12637,16730,482,157,325,156,58,98,21,5,16,0,0,0
20,367,District - Simdega (22),Total,30-34,38839,18968,19871,5686,3845,1841,32038,14785,17253,918,279,639,173,54,119,24,5,19,0,0,0
20,367,District - Simdega (22),Total,35-39,38505,19279,19226,2812,1798,1014,34006,16969,17037,1464,419,1045,198,87,111,25,6,19,0,0,0
20,367,District - Simdega (22),Total,40-44,34442,17277,17165,1542,887,655,30612,15756,14856,2109,562,1547,163,67,96,16,5,11,0,0,0
20,367,District - Simdega (22),Total,45-49,31774,16511,15263,987,503,484,27563,15102,12461,3057,836,2221,152,64,88,15,6,9,0,0,0
20,367,District - Simdega (22),Total,50-54,24197,12476,11721,651,326,325,20074,11116,8958,3349,977,2372,109,50,59,14,7,7,0,0,0
20,367,District - Simdega (22),Total,55-59,20766,9968,10798,490,223,267,16541,8738,7803,3647,970,2677,76,30,46,12,7,5,0,0,0
20,367,District - Simdega (22),Total,60-64,21964,10087,11877,508,215,293,14927,8401,6526,6452,1444,5008,64,25,39,13,2,11,0,0,0
20,367,District - Simdega (22),Total,65-69,14862,7002,7860,387,159,228,8878,5451,3427,5536,1366,4170,48,20,28,13,6,7,0,0,0
20,367,District - Simdega (22),Total,70-74,9030,4301,4729,205,82,123,4519,3074,1445,4280,1134,3146,19,9,10,7,2,5,0,0,0
20,367,District - Simdega (22),Total,75-79,3703,1767,1936,71,38,33,1778,1191,587,1845,533,1312,6,4,2,3,1,2,0,0,0
20,367,District - Simdega (22),Total,80+,3295,1615,1680,266,146,120,1242,878,364,1777,588,1189,7,3,4,3,0,3,0,0,0
20,367,District - Simdega (22),Total,Age not stated,342,189,153,222,148,74,92,39,53,24,0,24,4,2,2,0,0,0,0,0,0
20,367,District - Simdega (22),Total,Less than 18,243911,123590,120321,241573,122976,118597,2212,569,1643,85,26,59,39,19,20,2,0,2,0,0,0
20,367,District - Simdega (22),Total,Less than 21,279357,141525,137832,270757,139621,131136,8336,1834,6502,166,42,124,92,28,64,6,0,6,0,0,0
20,367,District - Simdega (22),Rural,All ages,556634,278425,278209,294050,156654,137396,227754,112234,115520,33394,8994,24400,1264,492,772,172,51,121,0,0,0
20,367,District - Simdega (22),Rural,0-9,127086,64519,62567,127086,64519,62567,0,0,0,0,0,0,0,0,0,0,0,0,0,0,0
20,367,District - Simdega (22),Rural,10-14,67090,33742,33348,66317,33493,32824,707,226,481,40,12,28,24,11,13,2,0,2,0,0,0
20,367,District - Simdega (22),Rural,15-19,52419,26657,25762,48616,25882,22734,3689,741,2948,76,21,55,36,13,23,2,0,2,0,0,0
20,367,District - Simdega (22),Rural,20-24,44090,21846,22244,26804,16564,10240,16972,5214,11758,204,49,155,97,16,81,13,3,10,0,0,0
20,367,District - Simdega (22),Rural,25-29,40237,20340,19897,12493,8446,4047,27123,11680,15443,452,153,299,149,56,93,20,5,15,0,0,0
20,367,District - Simdega (22),Rural,30-34,35871,17505,18366,5157,3495,1662,29675,13684,15991,854,271,583,162,51,111,23,4,19,0,0,0
20,367,District - Simdega (22),Rural,35-39,35691,17877,17814,2604,1679,925,31501,15704,15797,1375,406,969,190,84,106,21,4,17,0,0,0
20,367,District - Simdega (22),Rural,40-44,31895,15949,15946,1427,823,604,28365,14525,13840,1937,532,1405,150,64,86,16,5,11,0,0,0
20,367,District - Simdega (22),Rural,45-49,29632,15368,14264,930,484,446,25677,14004,11673,2868,813,2055,143,61,82,14,6,8,0,0,0
20,367,District - Simdega (22),Rural,50-54,22624,11620,11004,609,308,301,18743,10312,8431,3158,947,2211,100,46,54,14,7,7,0,0,0
20,367,District - Simdega (22),Rural,55-59,19522,9345,10177,456,210,246,15537,8167,7370,3449,932,2517,70,30,40,10,6,4,0,0,0
20,367,District - Simdega (22),Rural,60-64,20866,9571,11295,475,205,270,14147,7952,6195,6172,1390,4782,60,22,38,12,2,10,0,0,0
20,367,District - Simdega (22),Rural,65-69,14153,6649,7504,357,150,207,8420,5152,3268,5316,1321,3995,47,20,27,13,6,7,0,0,0
20,367,District - Simdega (22),Rural,70-74,8566,4079,4487,188,79,109,4272,2893,1379,4080,1096,2984,19,9,10,7,2,5,0,0,0
20,367,District - Simdega (22),Rural,75-79,3488,1655,1833,65,34,31,1671,1114,557,1743,502,1241,6,4,2,3,1,2,0,0,0
20,367,District - Simdega (22),Rural,80+,3068,1517,1551,244,135,109,1167,830,337,1648,549,1099,7,3,4,2,0,2,0,0,0
20,367,District - Simdega (22),Rural,Age not stated,336,186,150,222,148,74,88,36,52,22,0,22,4,2,2,0,0,0,0,0,0
20,367,District - Simdega (22),Rural,Less than 18,226884,114860,112024,224732,114281,110451,2032,537,1495,82,24,58,36,18,18,2,0,2,0,0,0
20,367,District - Simdega (22),Rural,Less than 21,259240,131293,127947,251301,129498,121803,7688,1730,5958,157,38,119,88,27,61,6,0,6,0,0,0
20,367,District - Simdega (22),Urban,All ages,42944,21884,21060,24008,12986,11022,16957,8511,8446,1892,359,1533,76,24,52,11,4,7,0,0,0
20,367,District - Simdega (22),Urban,0-9,8177,4183,3994,8177,4183,3994,0,0,0,0,0,0,0,0,0,0,0,0,0,0,0
20,367,District - Simdega (22),Urban,10-14,5632,2984,2648,5580,2970,2610,50,12,38,1,1,0,1,1,0,0,0,0,0,0,0
20,367,District - Simdega (22),Urban,15-19,5162,2512,2650,4823,2464,2359,333,47,286,4,1,3,2,0,2,0,0,0,0,0,0
20,367,District - Simdega (22),Urban,20-24,4284,2207,2077,2935,1833,1102,1323,368,955,21,4,17,5,2,3,0,0,0,0,0,0
20,367,District - Simdega (22),Urban,25-29,3682,1879,1803,1400,916,484,2244,957,1287,30,4,26,7,2,5,1,0,1,0,0,0
20,367,District - Simdega (22),Urban,30-34,2968,1463,1505,529,350,179,2363,1101,1262,64,8,56,11,3,8,1,1,0,0,0,0
20,367,District - Simdega (22),Urban,35-39,2814,1402,1412,208,119,89,2505,1265,1240,89,13,76,8,3,5,4,2,2,0,0,0
20,367,District - Simdega (22),Urban,40-44,2547,1328,1219,115,64,51,2247,1231,1016,172,30,142,13,3,10,0,0,0,0,0,0
20,367,District - Simdega (22),Urban,45-49,2142,1143,999,57,19,38,1886,1098,788,189,23,166,9,3,6,1,0,1,0,0,0
20,367,District - Simdega (22),Urban,50-54,1573,856,717,42,18,24,1331,804,527,191,30,161,9,4,5,0,0,0,0,0,0
20,367,District - Simdega (22),Urban,55-59,1244,623,621,34,13,21,1004,571,433,198,38,160,6,0,6,2,1,1,0,0,0
20,367,District - Simdega (22),Urban,60-64,1098,516,582,33,10,23,780,449,331,280,54,226,4,3,1,1,0,1,0,0,0
20,367,District - Simdega (22),Urban,65-69,709,353,356,30,9,21,458,299,159,220,45,175,1,0,1,0,0,0,0,0,0
20,367,District - Simdega (22),Urban,70-74,464,222,242,17,3,14,247,181,66,200,38,162,0,0,0,0,0,0,0,0,0
20,367,District - Simdega (22),Urban,75-79,215,112,103,6,4,2,107,77,30,102,31,71,0,0,0,0,0,0,0,0,0
20,367,District - Simdega (22),Urban,80+,227,98,129,22,11,11,75,48,27,129,39,90,0,0,0,1,0,1,0,0,0
20,367,District - Simdega (22),Urban,Age not stated,6,3,3,0,0,0,4,3,1,2,0,2,0,0,0,0,0,0,0,0,0
20,367,District - Simdega (22),Urban,Less than 18,17027,8730,8297,16841,8695,8146,180,32,148,3,2,1,3,1,2,0,0,0,0,0,0
20,367,District - Simdega (22),Urban,Less than 21,20117,10232,9885,19456,10123,9333,648,104,544,9,4,5,4,1,3,0,0,0,0,0,0
20,368,District - Pashchimi Singhbhum (23),Total,All ages,1502338,749385,752953,829420,438991,390429,586675,289101,297574,83164,20189,62975,2534,948,1586,545,156,389,0,0,0
20,368,District - Pashchimi Singhbhum (23),Total,0-9,374643,188900,185743,374643,188900,185743,0,0,0,0,0,0,0,0,0,0,0,0,0,0,0
20,368,District - Pashchimi Singhbhum (23),Total,10-14,188117,96190,91927,186086,95595,90491,1877,536,1341,97,32,65,54,26,28,3,1,2,0,0,0
20,368,District - Pashchimi Singhbhum (23),Total,15-19,149027,75550,73477,131716,72382,59334,16977,3064,13913,229,63,166,92,35,57,13,6,7,0,0,0
20,368,District - Pashchimi Singhbhum (23),Total,20-24,131468,62879,68589,65692,41354,24338,64862,21228,43634,618,206,412,255,83,172,41,8,33,0,0,0
20,368,District - Pashchimi Singhbhum (23),Total,25-29,117732,59494,58238,30317,20207,10110,85502,38559,46943,1533,561,972,319,140,179,61,27,34,0,0,0
20,368,District - Pashchimi Singhbhum (23),Total,30-34,97881,48288,49593,13532,8384,5148,81402,39062,42340,2573,710,1863,312,111,201,62,21,41,0,0,0
20,368,District - Pashchimi Singhbhum (23),Total,35-39,95491,47161,48330,8004,4301,3703,82448,41504,40944,4619,1208,3411,363,132,231,57,16,41,0,0,0
20,368,District - Pashchimi Singhbhum (23),Total,40-44,84353,42208,42145,5372,2507,2865,71543,37723,33820,7062,1836,5226,304,120,184,72,22,50,0,0,0
20,368,District - Pashchimi Singhbhum (23),Total,45-49,75580,39142,36438,3962,1666,2296,62212,35153,27059,9068,2205,6863,286,103,183,52,15,37,0,0,0
20,368,District - Pashchimi Singhbhum (23),Total,50-54,55503,28073,27430,2725,1047,1678,42408,24489,17919,10138,2463,7675,186,62,124,46,12,34,0,0,0
20,368,District - Pashchimi Singhbhum (23),Total,55-59,42495,21014,21481,1946,692,1254,30953,17963,12990,9417,2299,7118,134,49,85,45,11,34,0,0,0
20,368,District - Pashchimi Singhbhum (23),Total,60-64,40091,17913,22178,2169,713,1456,23468,14119,9349,14284,3023,11261,128,48,80,42,10,32,0,0,0
20,368,District - Pashchimi Singhbhum (23),Total,65-69,25349,11489,13860,1473,521,952,12856,8521,4335,10939,2424,8515,59,21,38,22,2,20,0,0,0
20,368,District - Pashchimi Singhbhum (23),Total,70-74,14022,6232,7790,766,240,526,6004,4264,1740,7210,1714,5496,28,12,16,14,2,12,0,0,0
20,368,District - Pashchimi Singhbhum (23),Total,75-79,5283,2395,2888,216,80,136,2282,1602,680,2771,711,2060,8,1,7,6,1,5,0,0,0
20,368,District - Pashchimi Singhbhum (23),Total,80+,4892,2222,2670,503,216,287,1788,1271,517,2586,728,1858,6,5,1,9,2,7,0,0,0
20,368,District - Pashchimi Singhbhum (23),Total,Age not stated,411,235,176,298,186,112,93,43,50,20,6,14,0,0,0,0,0,0,0,0,0
20,368,District - Pashchimi Singhbhum (23),Total,Less than 18,652644,331780,320864,645956,330166,315790,6356,1503,4853,232,68,164,95,41,54,5,2,3,0,0,0
20,368,District - Pashchimi Singhbhum (23),Total,Less than 21,748494,377457,371037,714582,370223,344359,33241,7022,26219,442,123,319,203,80,123,26,9,17,0,0,0
20,368,District - Pashchimi Singhbhum (23),Rural,All ages,1284304,637657,646647,716855,377070,339785,492677,241353,251324,72228,18281,53947,2108,825,1283,436,128,308,0,0,0
20,368,District - Pashchimi Singhbhum (23),Rural,0-9,334563,168400,166163,334563,168400,166163,0,0,0,0,0,0,0,0,0,0,0,0,0,0,0
20,368,District - Pashchimi Singhbhum (23),Rural,10-14,164918,84351,80567,163109,83828,79281,1668,469,1199,87,29,58,51,24,27,3,1,2,0,0,0
20,368,District - Pashchimi Singhbhum (23),Rural,15-19,126618,64166,62452,111127,61316,49811,15188,2749,12439,204,60,144,89,35,54,10,6,4,0,0,0
20,368,District - Pashchimi Singhbhum (23),Rural,20-24,109107,51841,57266,51329,32542,18787,56965,19024,37941,562,194,368,216,73,143,35,8,27,0,0,0
20,368,District - Pashchimi Singhbhum (23),Rural,25-29,97658,49179,48479,22739,14919,7820,73234,33589,39645,1371,525,846,264,122,142,50,24,26,0,0,0
20,368,District - Pashchimi Singhbhum (23),Rural,30-34,80837,39571,41266,10360,6085,4275,67957,32710,35247,2215,667,1548,257,94,163,48,15,33,0,0,0
20,368,District - Pashchimi Singhbhum (23),Rural,35-39,79687,39126,40561,6539,3315,3224,68826,34559,34267,4000,1122,2878,281,118,163,41,12,29,0,0,0
20,368,District - Pashchimi Singhbhum (23),Rural,40-44,70382,34798,35584,4613,2068,2545,59301,30909,28392,6157,1697,4460,251,106,145,60,18,42,0,0,0
20,368,District - Pashchimi Singhbhum (23),Rural,45-49,62970,32427,30543,3476,1412,2064,51372,28894,22478,7859,2029,5830,227,81,146,36,11,25,0,0,0
20,368,District - Pashchimi Singhbhum (23),Rural,50-54,45968,22901,23067,2428,900,1528,34506,19685,14821,8843,2254,6589,156,52,104,35,10,25,0,0,0
20,368,District - Pashchimi Singhbhum (23),Rural,55-59,35332,16960,18372,1749,598,1151,25217,14246,10971,8218,2066,6152,109,41,68,39,9,30,0,0,0
20,368,District - Pashchimi Singhbhum (23),Rural,60-64,34788,15345,19443,1973,628,1345,19904,11894,8010,12757,2771,9986,116,43,73,38,9,29,0,0,0
20,368,District - Pashchimi Singhbhum (23),Rural,65-69,21782,9806,11976,1305,451,854,10683,7111,3572,9723,2224,7499,52,19,33,19,1,18,0,0,0
20,368,District - Pashchimi Singhbhum (23),Rural,70-74,11573,5084,6489,689,209,480,4759,3366,1393,6087,1495,4592,27,12,15,11,2,9,0,0,0
20,368,District - Pashchimi Singhbhum (23),Rural,75-79,4082,1842,2240,193,69,124,1681,1182,499,2198,590,1608,7,1,6,3,0,3,0,0,0
20,368,District - Pashchimi Singhbhum (23),Rural,80+,3685,1659,2026,411,173,238,1334,928,406,1927,552,1375,5,4,1,8,2,6,0,0,0
20,368,District - Pashchimi Singhbhum (23),Rural,Age not stated,354,201,153,252,157,95,82,38,44,20,6,14,0,0,0,0,0,0,0,0,0
20,368,District - Pashchimi Singhbhum (23),Rural,Less than 18,576228,292697,283531,570306,291273,279033,5621,1319,4302,205,64,141,92,39,53,4,2,2,0,0,0
20,368,District - Pashchimi Singhbhum (23),Rural,Less than 21,657497,331165,326332,627079,324646,302433,29810,6321,23489,399,114,285,188,75,113,21,9,12,0,0,0
20,368,District - Pashchimi Singhbhum (23),Urban,All ages,218034,111728,106306,112565,61921,50644,93998,47748,46250,10936,1908,9028,426,123,303,109,28,81,0,0,0
20,368,District - Pashchimi Singhbhum (23),Urban,0-9,40080,20500,19580,40080,20500,19580,0,0,0,0,0,0,0,0,0,0,0,0,0,0,0
20,368,District - Pashchimi Singhbhum (23),Urban,10-14,23199,11839,11360,22977,11767,11210,209,67,142,10,3,7,3,2,1,0,0,0,0,0,0
20,368,District - Pashchimi Singhbhum (23),Urban,15-19,22409,11384,11025,20589,11066,9523,1789,315,1474,25,3,22,3,0,3,3,0,3,0,0,0
20,368,District - Pashchimi Singhbhum (23),Urban,20-24,22361,11038,11323,14363,8812,5551,7897,2204,5693,56,12,44,39,10,29,6,0,6,0,0,0
20,368,District - Pashchimi Singhbhum (23),Urban,25-29,20074,10315,9759,7578,5288,2290,12268,4970,7298,162,36,126,55,18,37,11,3,8,0,0,0
20,368,District - Pashchimi Singhbhum (23),Urban,30-34,17044,8717,8327,3172,2299,873,13445,6352,7093,358,43,315,55,17,38,14,6,8,0,0,0
20,368,District - Pashchimi Singhbhum (23),Urban,35-39,15804,8035,7769,1465,986,479,13622,6945,6677,619,86,533,82,14,68,16,4,12,0,0,0
20,368,District - Pashchimi Singhbhum (23),Urban,40-44,13971,7410,6561,759,439,320,12242,6814,5428,905,139,766,53,14,39,12,4,8,0,0,0
20,368,District - Pashchimi Singhbhum (23),Urban,45-49,12610,6715,5895,486,254,232,10840,6259,4581,1209,176,1033,59,22,37,16,4,12,0,0,0
20,368,District - Pashchimi Singhbhum (23),Urban,50-54,9535,5172,4363,297,147,150,7902,4804,3098,1295,209,1086,30,10,20,11,2,9,0,0,0
20,368,District - Pashchimi Singhbhum (23),Urban,55-59,7163,4054,3109,197,94,103,5736,3717,2019,1199,233,966,25,8,17,6,2,4,0,0,0
20,368,District - Pashchimi Singhbhum (23),Urban,60-64,5303,2568,2735,196,85,111,3564,2225,1339,1527,252,1275,12,5,7,4,1,3,0,0,0
20,368,District - Pashchimi Singhbhum (23),Urban,65-69,3567,1683,1884,168,70,98,2173,1410,763,1216,200,1016,7,2,5,3,1,2,0,0,0
20,368,District - Pashchimi Singhbhum (23),Urban,70-74,2449,1148,1301,77,31,46,1245,898,347,1123,219,904,1,0,1,3,0,3,0,0,0
20,368,District - Pashchimi Singhbhum (23),Urban,75-79,1201,553,648,23,11,12,601,420,181,573,121,452,1,0,1,3,1,2,0,0,0
20,368,District - Pashchimi Singhbhum (23),Urban,80+,1207,563,644,92,43,49,454,343,111,659,176,483,1,1,0,1,0,1,0,0,0
20,368,District - Pashchimi Singhbhum (23),Urban,Age not stated,57,34,23,46,29,17,11,5,6,0,0,0,0,0,0,0,0,0,0,0,0
20,368,District - Pashchimi Singhbhum (23),Urban,Less than 18,76416,39083,37333,75650,38893,36757,735,184,551,27,4,23,3,2,1,1,0,1,0,0,0
20,368,District - Pashchimi Singhbhum (23),Urban,Less than 21,90997,46292,44705,87503,45577,41926,3431,701,2730,43,9,34,15,5,10,5,0,5,0,0,0
20,369,District - Saraikela-Kharsawan (24),Total,All ages,1065056,544411,520645,535303,297051,238252,472747,234335,238412,54302,12310,41992,2250,590,1660,454,125,329,0,0,0
20,369,District - Saraikela-Kharsawan (24),Total,0-9,230395,118399,111996,230395,118399,111996,0,0,0,0,0,0,0,0,0,0,0,0,0,0,0
20,369,District - Saraikela-Kharsawan (24),Total,10-14,118908,61089,57819,116205,60013,56192,2521,1007,1514,136,45,91,36,20,16,10,4,6,0,0,0
20,369,District - Saraikela-Kharsawan (24),Total,15-19,101849,54022,47827,89217,51805,37412,12299,2117,10182,236,70,166,78,23,55,19,7,12,0,0,0
20,369,District - Saraikela-Kharsawan (24),Total,20-24,94209,47469,46740,48885,34481,14404,44631,12792,31839,477,147,330,172,37,135,44,12,32,0,0,0
20,369,District - Saraikela-Kharsawan (24),Total,25-29,89614,45284,44330,23122,17210,5912,65183,27723,37460,975,269,706,277,66,211,57,16,41,0,0,0
20,369,District - Saraikela-Kharsawan (24),Total,30-34,76674,38897,37777,9243,6172,3071,65611,32266,33345,1481,367,1114,273,72,201,66,20,46,0,0,0
20,369,District - Saraikela-Kharsawan (24),Total,35-39,73430,37722,35708,5019,2840,2179,65581,34224,31357,2445,542,1903,328,97,231,57,19,38,0,0,0
20,369,District - Saraikela-Kharsawan (24),Total,40-44,62387,32249,30138,3081,1456,1625,55407,29923,25484,3579,807,2772,280,58,222,40,5,35,0,0,0
20,369,District - Saraikela-Kharsawan (24),Total,45-49,53401,28395,25006,2068,888,1180,46630,26432,20198,4421,1001,3420,246,66,180,36,8,28,0,0,0
20,369,District - Saraikela-Kharsawan (24),Total,50-54,40795,21212,19583,1623,662,961,34026,19357,14669,4925,1136,3789,191,49,142,30,8,22,0,0,0
20,369,District - Saraikela-Kharsawan (24),Total,55-59,33238,16573,16665,1132,492,640,27134,14870,12264,4839,1177,3662,114,28,86,19,6,13,0,0,0
20,369,District - Saraikela-Kharsawan (24),Total,60-64,35565,16697,18868,1409,538,871,24383,14243,10140,9615,1876,7739,126,33,93,32,7,25,0,0,0
20,369,District - Saraikela-Kharsawan (24),Total,65-69,24109,11655,12454,979,420,559,14704,9491,5213,8351,1721,6630,58,17,41,17,6,11,0,0,0
20,369,District - Saraikela-Kharsawan (24),Total,70-74,14567,7057,7510,488,210,278,7618,5374,2244,6423,1465,4958,32,7,25,6,1,5,0,0,0
20,369,District - Saraikela-Kharsawan (24),Total,75-79,6183,2922,3261,211,101,110,3038,2099,939,2918,715,2203,11,5,6,5,2,3,0,0,0
20,369,District - Saraikela-Kharsawan (24),Total,80+,7085,3328,3757,737,422,315,2965,1952,1013,3349,943,2406,21,9,12,13,2,11,0,0,0
20,369,District - Saraikela-Kharsawan (24),Total,Age not stated,2647,1441,1206,1489,942,547,1016,465,551,132,29,103,7,3,4,3,2,1,0,0,0
20,369,District - Saraikela-Kharsawan (24),Total,Less than 18,409551,211954,197597,403405,209892,193513,5787,1928,3859,271,88,183,66,35,31,22,11,11,0,0,0
20,369,District - Saraikela-Kharsawan (24),Total,Less than 21,477240,246115,231125,451766,240902,210864,24797,4990,19807,486,151,335,153,57,96,38,15,23,0,0,0
20,369,District - Saraikela-Kharsawan (24),Rural,All ages,806310,408848,397462,409002,225073,183929,350214,172923,177291,44917,10273,34644,1830,484,1346,347,95,252,0,0,0
20,369,District - Saraikela-Kharsawan (24),Rural,0-9,176900,90474,86426,176900,90474,86426,0,0,0,0,0,0,0,0,0,0,0,0,0,0,0
20,369,District - Saraikela-Kharsawan (24),Rural,10-14,92604,47377,45227,90585,46555,44030,1874,765,1109,111,39,72,25,14,11,9,4,5,0,0,0
20,369,District - Saraikela-Kharsawan (24),Rural,15-19,77001,40917,36084,67338,39226,28112,9407,1615,7792,181,55,126,58,16,42,17,5,12,0,0,0
20,369,District - Saraikela-Kharsawan (24),Rural,20-24,69263,35111,34152,35276,25120,10156,33451,9830,23621,368,123,245,134,29,105,34,9,25,0,0,0
20,369,District - Saraikela-Kharsawan (24),Rural,25-29,64269,32595,31674,16609,12138,4471,46641,20171,26470,768,229,539,218,49,169,33,8,25,0,0,0
20,369,District - Saraikela-Kharsawan (24),Rural,30-34,55031,27519,27512,7029,4425,2604,46560,22712,23848,1180,309,871,211,56,155,51,17,34,0,0,0
20,369,District - Saraikela-Kharsawan (24),Rural,35-39,53564,27035,26529,4142,2220,1922,47179,24268,22911,1943,454,1489,263,81,182,37,12,25,0,0,0
20,369,District - Saraikela-Kharsawan (24),Rural,40-44,46784,23767,23017,2658,1193,1465,41015,21843,19172,2862,682,2180,219,46,173,30,3,27,0,0,0
20,369,District - Saraikela-Kharsawan (24),Rural,45-49,40446,21129,19317,1817,739,1078,34891,19488,15403,3505,839,2666,205,56,149,28,7,21,0,0,0
20,369,District - Saraikela-Kharsawan (24),Rural,50-54,31561,16272,15289,1404,540,864,26013,14737,11276,3956,945,3011,161,43,118,27,7,20,0,0,0
20,369,District - Saraikela-Kharsawan (24),Rural,55-59,25833,12630,13203,979,409,570,20835,11212,9623,3906,980,2926,98,23,75,15,6,9,0,0,0
20,369,District - Saraikela-Kharsawan (24),Rural,60-64,28789,13158,15631,1199,439,760,19220,11072,8148,8227,1611,6616,116,31,85,27,5,22,0,0,0
20,369,District - Saraikela-Kharsawan (24),Rural,65-69,19928,9354,10574,824,335,489,11746,7557,4189,7288,1440,5848,54,16,38,16,6,10,0,0,0
20,369,District - Saraikela-Kharsawan (24),Rural,70-74,11853,5570,6283,419,168,251,5961,4169,1792,5437,1225,4212,30,7,23,6,1,5,0,0,0
20,369,District - Saraikela-Kharsawan (24),Rural,75-79,4984,2291,2693,166,78,88,2395,1635,760,2409,571,1838,11,5,6,3,2,1,0,0,0
20,369,District - Saraikela-Kharsawan (24),Rural,80+,5536,2585,2951,554,314,240,2276,1513,763,2674,748,1926,21,9,12,11,1,10,0,0,0
20,369,District - Saraikela-Kharsawan (24),Rural,Age not stated,1964,1064,900,1103,700,403,750,336,414,102,23,79,6,3,3,3,2,1,0,0,0
20,369,District - Saraikela-Kharsawan (24),Rural,Less than 18,315366,162600,152766,310814,161061,149753,4270,1432,2838,214,73,141,49,25,24,19,9,10,0,0,0
20,369,District - Saraikela-Kharsawan (24),Rural,Less than 21,366264,188347,177917,346780,184315,162465,18955,3852,15103,380,123,257,115,44,71,34,13,21,0,0,0
20,369,District - Saraikela-Kharsawan (24),Urban,All ages,258746,135563,123183,126301,71978,54323,122533,61412,61121,9385,2037,7348,420,106,314,107,30,77,0,0,0
20,369,District - Saraikela-Kharsawan (24),Urban,0-9,53495,27925,25570,53495,27925,25570,0,0,0,0,0,0,0,0,0,0,0,0,0,0,0
20,369,District - Saraikela-Kharsawan (24),Urban,10-14,26304,13712,12592,25620,13458,12162,647,242,405,25,6,19,11,6,5,1,0,1,0,0,0
20,369,District - Saraikela-Kharsawan (24),Urban,15-19,24848,13105,11743,21879,12579,9300,2892,502,2390,55,15,40,20,7,13,2,2,0,0,0,0
20,369,District - Saraikela-Kharsawan (24),Urban,20-24,24946,12358,12588,13609,9361,4248,11180,2962,8218,109,24,85,38,8,30,10,3,7,0,0,0
20,369,District - Saraikela-Kharsawan (24),Urban,25-29,25345,12689,12656,6513,5072,1441,18542,7552,10990,207,40,167,59,17,42,24,8,16,0,0,0
20,369,District - Saraikela-Kharsawan (24),Urban,30-34,21643,11378,10265,2214,1747,467,19051,9554,9497,301,58,243,62,16,46,15,3,12,0,0,0
20,369,District - Saraikela-Kharsawan (24),Urban,35-39,19866,10687,9179,877,620,257,18402,9956,8446,502,88,414,65,16,49,20,7,13,0,0,0
20,369,District - Saraikela-Kharsawan (24),Urban,40-44,15603,8482,7121,423,263,160,14392,8080,6312,717,125,592,61,12,49,10,2,8,0,0,0
20,369,District - Saraikela-Kharsawan (24),Urban,45-49,12955,7266,5689,251,149,102,11739,6944,4795,916,162,754,41,10,31,8,1,7,0,0,0
20,369,District - Saraikela-Kharsawan (24),Urban,50-54,9234,4940,4294,219,122,97,8013,4620,3393,969,191,778,30,6,24,3,1,2,0,0,0
20,369,District - Saraikela-Kharsawan (24),Urban,55-59,7405,3943,3462,153,83,70,6299,3658,2641,933,197,736,16,5,11,4,0,4,0,0,0
20,369,District - Saraikela-Kharsawan (24),Urban,60-64,6776,3539,3237,210,99,111,5163,3171,1992,1388,265,1123,10,2,8,5,2,3,0,0,0
20,369,District - Saraikela-Kharsawan (24),Urban,65-69,4181,2301,1880,155,85,70,2958,1934,1024,1063,281,782,4,1,3,1,0,1,0,0,0
20,369,District - Saraikela-Kharsawan (24),Urban,70-74,2714,1487,1227,69,42,27,1657,1205,452,986,240,746,2,0,2,0,0,0,0,0,0
20,369,District - Saraikela-Kharsawan (24),Urban,75-79,1199,631,568,45,23,22,643,464,179,509,144,365,0,0,0,2,0,2,0,0,0
20,369,District - Saraikela-Kharsawan (24),Urban,80+,1549,743,806,183,108,75,689,439,250,675,195,480,0,0,0,2,1,1,0,0,0
20,369,District - Saraikela-Kharsawan (24),Urban,Age not stated,683,377,306,386,242,144,266,129,137,30,6,24,1,0,1,0,0,0,0,0,0
20,369,District - Saraikela-Kharsawan (24),Urban,Less than 18,94185,49354,44831,92591,48831,43760,1517,496,1021,57,15,42,17,10,7,3,2,1,0,0,0
20,369,District - Saraikela-Kharsawan (24),Urban,Less than 21,110976,57768,53208,104986,56587,48399,5842,1138,4704,106,28,78,38,13,25,4,2,2,0,0,0
