state_code,district_code,area_name,region_type,age_group,total_persons,total_males,total_females,never_married_persons,never_married_males,never_married_females,currently_married_persons,currently_married_males,currently_married_females,widowed_persons,widowed_males,widowed_females,separated_persons,separated_males,separated_females,divorced_persons,divorced_males,divorced_females,unspecified_persons,unspecified_males,unspecified_females
29,000,State - KARNATAKA (29),Total,All ages,61095297,30966657,30128640,27045469,15545658,11499811,30308035,14887994,15420041,3452273,462844,2989429,251572,60172,191400,37948,9989,27959,0,0,0
29,000,State - KARNATAKA (29),Total,0-9,10288228,5278694,5009534,10288228,5278694,5009534,0,0,0,0,0,0,0,0,0,0,0,0,0,0,0
29,000,State - KARNATAKA (29),Total,10-14,5736646,2955287,2781359,5613604,2915288,2698316,114206,36520,77686,4075,1164,2911,4320,2111,2209,441,204,237,0,0,0
29,000,State - KARNATAKA (29),Total,15-19,5827277,3042048,2785229,5158732,2943591,2215141,652905,94118,558787,8706,1882,6824,6101,2205,3896,833,252,581,0,0,0
29,000,State - KARNATAKA (29),Total,20-24,6052558,3109586,2942972,3474126,2498288,975838,2533903,604124,1929779,26138,3652,22486,15805,3102,12703,2586,420,2166,0,0,0
29,000,State - KARNATAKA (29),Total,25-29,5771606,2879254,2892352,1562681,1267040,295641,4114673,1598779,2515894,61145,7407,53738,28353,5114,23239,4754,914,3840,0,0,0
29,000,State - KARNATAKA (29),Total,30-34,4698380,2389594,2308786,448550,354417,94133,4111408,2015944,2095464,99106,11293,87813,33567,6541,27026,5749,1399,4350,0,0,0
29,000,State - KARNATAKA (29),Total,35-39,4695451,2319088,2376363,163691,112203,51488,4321427,2181584,2139843,164880,15428,149452,39206,8169,31037,6247,1704,4543,0,0,0
29,000,State - KARNATAKA (29),Total,40-44,3826712,1977768,1848944,83183,49064,34119,3491343,1898660,1592683,212257,20587,191670,34792,7934,26858,5137,1523,3614,0,0,0
29,000,State - KARNATAKA (29),Total,45-49,3519782,1804833,1714949,53206,27901,25305,3150927,1740811,1410116,282674,28103,254571,28998,6906,22092,3977,1112,2865,0,0,0
29,000,State - KARNATAKA (29),Total,50-54,2699270,1381969,1317301,37796,18132,19664,2314577,1322533,992044,323912,35349,288563,20292,5168,15124,2693,787,1906,0,0,0
29,000,State - KARNATAKA (29),Total,55-59,2142504,1056054,1086450,26581,12099,14482,1782762,1001992,780770,318821,38000,280821,12570,3462,9108,1770,501,1269,0,0,0
29,000,State - KARNATAKA (29),Total,60-64,2060052,994630,1065422,31781,13738,18043,1519470,916113,603357,495327,60940,434387,11950,3376,8574,1524,463,1061,0,0,0
29,000,State - KARNATAKA (29),Total,65-69,1520119,723687,796432,28293,13348,14945,1025559,644798,380761,457851,62747,395104,7460,2495,4965,956,299,657,0,0,0
29,000,State - KARNATAKA (29),Total,70-74,1061125,510419,550706,15908,7320,8588,612169,434871,177298,428185,66245,361940,4257,1783,2474,606,200,406,0,0,0
29,000,State - KARNATAKA (29),Total,75-79,524426,249834,274592,7512,3398,4114,280793,202168,78625,234133,43342,190791,1743,846,897,245,80,165,0,0,0
29,000,State - KARNATAKA (29),Total,80+,625310,268502,356808,23458,13450,10008,266941,187804,79137,332604,66268,266336,1928,876,1052,379,104,275,0,0,0
29,000,State - KARNATAKA (29),Total,Age not stated,45851,25410,20441,28139,17687,10452,14972,7175,7797,2459,437,2022,230,84,146,51,27,24,0,0,0
29,000,State - KARNATAKA (29),Total,Less than 18,19348199,9980895,9367304,19009356,9895297,9114059,322076,79692,242384,8832,2214,6618,7152,3329,3823,783,363,420,0,0,0
29,000,State - KARNATAKA (29),Total,Less than 21,23376316,12038159,11338157,22055248,11812852,10242396,1287587,216003,1071584,18095,3840,14255,13562,4938,8624,1824,526,1298,0,0,0
29,000,State - KARNATAKA (29),Rural,All ages,37469335,18929354,18539981,16506617,9514261,6992356,18456842,9058461,9398381,2304883,311363,1993520,179166,40265,138901,21827,5004,16823,0,0,0
29,000,State - KARNATAKA (29),Rural,0-9,6489114,3326513,3162601,6489114,3326513,3162601,0,0,0,0,0,0,0,0,0,0,0,0,0,0,0
29,000,State - KARNATAKA (29),Rural,10-14,3662475,1889725,1772750,3590947,1867346,1723601,66528,20454,46074,2355,675,1680,2464,1171,1293,181,79,102,0,0,0
29,000,State - KARNATAKA (29),Rural,15-19,3658264,1933809,1724455,3219546,1872963,1346583,428800,58306,370494,5590,1175,4415,3835,1244,2591,493,121,372,0,0,0
29,000,State - KARNATAKA (29),Rural,20-24,3549425,1849584,1699841,1938983,1456152,482831,1580612,389275,1191337,17108,2236,14872,11008,1714,9294,1714,207,1507,0,0,0
29,000,State - KARNATAKA (29),Rural,25-29,3283508,1645487,1638021,800163,670023,130140,2420171,967252,1452919,40307,4645,35662,19946,3064,16882,2921,503,2418,0,0,0
29,000,State - KARNATAKA (29),Rural,30-34,2657749,1332397,1325352,221783,179349,42434,2344912,1141405,1203507,63979,6732,57247,23789,4176,19613,3286,735,2551,0,0,0
29,000,State - KARNATAKA (29),Rural,35-39,2770958,1337639,1433319,80238,54996,25242,2554919,1267035,1287884,104548,9423,95125,27851,5381,22470,3402,804,2598,0,0,0
29,000,State - KARNATAKA (29),Rural,40-44,2320355,1183334,1137021,41184,23657,17527,2116654,1140477,976177,134471,13016,121455,25174,5441,19733,2872,743,2129,0,0,0
29,000,State - KARNATAKA (29),Rural,45-49,2165676,1103911,1061765,25880,13226,12654,1939887,1067087,872800,177049,18349,158700,20703,4739,15964,2157,510,1647,0,0,0
29,000,State - KARNATAKA (29),Rural,50-54,1665456,844160,821296,18347,8755,9592,1426010,808231,617779,204849,23173,181676,14709,3615,11094,1541,386,1155,0,0,0
29,000,State - KARNATAKA (29),Rural,55-59,1323457,636709,686748,12259,5823,6436,1102630,603762,498868,198698,24472,174226,8917,2415,6502,953,237,716,0,0,0
29,000,State - KARNATAKA (29),Rural,60-64,1352255,642294,709961,15370,6791,8579,993453,591409,402044,333628,41319,292309,8887,2510,6377,917,265,652,0,0,0
29,000,State - KARNATAKA (29),Rural,65-69,1039482,491844,547638,13656,6601,7055,698815,438658,260157,320700,44434,276266,5684,1975,3709,627,176,451,0,0,0
29,000,State - KARNATAKA (29),Rural,70-74,736309,352315,383994,7755,3739,4016,417719,300123,117596,307172,46917,260255,3290,1413,1877,373,123,250,0,0,0
29,000,State - KARNATAKA (29),Rural,75-79,350060,166285,183775,3544,1756,1788,184912,134543,50369,160183,29285,130898,1291,662,629,130,39,91,0,0,0
29,000,State - KARNATAKA (29),Rural,80+,418963,179395,239568,11678,6827,4851,172917,126588,46329,232689,45238,187451,1447,681,766,232,61,171,0,0,0
29,000,State - KARNATAKA (29),Rural,Age not stated,25829,13953,11876,16170,9744,6426,7903,3856,4047,1557,274,1283,171,64,107,28,15,13,0,0,0
29,000,State - KARNATAKA (29),Rural,Less than 18,12264302,6339510,5924792,12057294,6289635,5767659,197158,46552,150606,5345,1314,4031,4144,1860,2284,361,149,212,0,0,0
29,000,State - KARNATAKA (29),Rural,Less than 21,14762562,7629209,7133353,13896126,7489076,6407050,845178,134761,710417,11673,2381,9292,8531,2764,5767,1054,227,827,0,0,0
29,000,State - KARNATAKA (29),Urban,All ages,23625962,12037303,11588659,10538852,6031397,4507455,11851193,5829533,6021660,1147390,151481,995909,72406,19907,52499,16121,4985,11136,0,0,0
29,000,State - KARNATAKA (29),Urban,0-9,3799114,1952181,1846933,3799114,1952181,1846933,0,0,0,0,0,0,0,0,0,0,0,0,0,0,0
29,000,State - KARNATAKA (29),Urban,10-14,2074171,1065562,1008609,2022657,1047942,974715,47678,16066,31612,1720,489,1231,1856,940,916,260,125,135,0,0,0
29,000,State - KARNATAKA (29),Urban,15-19,2169013,1108239,1060774,1939186,1070628,868558,224105,35812,188293,3116,707,2409,2266,961,1305,340,131,209,0,0,0
29,000,State - KARNATAKA (29),Urban,20-24,2503133,1260002,1243131,1535143,1042136,493007,953291,214849,738442,9030,1416,7614,4797,1388,3409,872,213,659,0,0,0
29,000,State - KARNATAKA (29),Urban,25-29,2488098,1233767,1254331,762518,597017,165501,1694502,631527,1062975,20838,2762,18076,8407,2050,6357,1833,411,1422,0,0,0
29,000,State - KARNATAKA (29),Urban,30-34,2040631,1057197,983434,226767,175068,51699,1766496,874539,891957,35127,4561,30566,9778,2365,7413,2463,664,1799,0,0,0
29,000,State - KARNATAKA (29),Urban,35-39,1924493,981449,943044,83453,57207,26246,1766508,914549,851959,60332,6005,54327,11355,2788,8567,2845,900,1945,0,0,0
29,000,State - KARNATAKA (29),Urban,40-44,1506357,794434,711923,41999,25407,16592,1374689,758183,616506,77786,7571,70215,9618,2493,7125,2265,780,1485,0,0,0
29,000,State - KARNATAKA (29),Urban,45-49,1354106,700922,653184,27326,14675,12651,1211040,673724,537316,105625,9754,95871,8295,2167,6128,1820,602,1218,0,0,0
29,000,State - KARNATAKA (29),Urban,50-54,1033814,537809,496005,19449,9377,10072,888567,514302,374265,119063,12176,106887,5583,1553,4030,1152,401,751,0,0,0
29,000,State - KARNATAKA (29),Urban,55-59,819047,419345,399702,14322,6276,8046,680132,398230,281902,120123,13528,106595,3653,1047,2606,817,264,553,0,0,0
29,000,State - KARNATAKA (29),Urban,60-64,707797,352336,355461,16411,6947,9464,526017,324704,201313,161699,19621,142078,3063,866,2197,607,198,409,0,0,0
29,000,State - KARNATAKA (29),Urban,65-69,480637,231843,248794,14637,6747,7890,326744,206140,120604,137151,18313,118838,1776,520,1256,329,123,206,0,0,0
29,000,State - KARNATAKA (29),Urban,70-74,324816,158104,166712,8153,3581,4572,194450,134748,59702,121013,19328,101685,967,370,597,233,77,156,0,0,0
29,000,State - KARNATAKA (29),Urban,75-79,174366,83549,90817,3968,1642,2326,95881,67625,28256,73950,14057,59893,452,184,268,115,41,74,0,0,0
29,000,State - KARNATAKA (29),Urban,80+,206347,89107,117240,11780,6623,5157,94024,61216,32808,99915,21030,78885,481,195,286,147,43,104,0,0,0
29,000,State - KARNATAKA (29),Urban,Age not stated,20022,11457,8565,11969,7943,4026,7069,3319,3750,902,163,739,59,20,39,23,12,11,0,0,0
29,000,State - KARNATAKA (29),Urban,Less than 18,7083897,3641385,3442512,6952062,3605662,3346400,124918,33140,91778,3487,900,2587,3008,1469,1539,422,214,208,0,0,0
29,000,State - KARNATAKA (29),Urban,Less than 21,8613754,4408950,4204804,8159122,4323776,3835346,442409,81242,361167,6422,1459,4963,5031,2174,2857,770,299,471,0,0,0
29,555,District - Belgaum (01),Total,All ages,4779661,2423063,2356598,2102594,1215131,887463,2370950,1164634,1206316,275011,36278,238733,24617,5502,19115,6489,1518,4971,0,0,0
29,555,District - Belgaum (01),Total,0-9,892902,462453,430449,892902,462453,430449,0,0,0,0,0,0,0,0,0,0,0,0,0,0,0
29,555,District - Belgaum (01),Total,10-14,473479,247027,226452,464520,244205,220315,8327,2565,5762,279,93,186,320,149,171,33,15,18,0,0,0
29,555,District - Belgaum (01),Total,15-19,457740,249599,208141,392742,241534,151208,63569,7701,55868,701,164,537,597,187,410,131,13,118,0,0,0
29,555,District - Belgaum (01),Total,20-24,444897,232409,212488,222246,173691,48555,218358,58062,160296,2160,295,1865,1615,299,1316,518,62,456,0,0,0
29,555,District - Belgaum (01),Total,25-29,400330,197080,203250,77499,63850,13649,314111,132021,182090,5305,582,4723,2617,469,2148,798,158,640,0,0,0
29,555,District - Belgaum (01),Total,30-34,339726,168193,171533,20157,14403,5754,306813,152118,154695,8651,807,7844,3159,612,2547,946,253,693,0,0,0
29,555,District - Belgaum (01),Total,35-39,349524,168045,181479,8909,4979,3930,322238,160906,161332,13734,1197,12537,3700,721,2979,943,242,701,0,0,0
29,555,District - Belgaum (01),Total,40-44,296371,150659,145712,5589,2589,3000,269227,145467,123760,17251,1635,15616,3466,740,2726,838,228,610,0,0,0
29,555,District - Belgaum (01),Total,45-49,265495,134868,130627,3992,1654,2338,236716,130355,106361,21240,2035,19205,2844,657,2187,703,167,536,0,0,0
29,555,District - Belgaum (01),Total,50-54,204901,103774,101127,2993,1118,1875,176131,99542,76589,23272,2512,20760,2021,483,1538,484,119,365,0,0,0
29,555,District - Belgaum (01),Total,55-59,168284,80470,87814,2043,709,1334,141294,76594,64700,23309,2763,20546,1286,318,968,352,86,266,0,0,0
29,555,District - Belgaum (01),Total,60-64,173174,82178,90996,2608,915,1693,129577,76223,53354,39293,4631,34662,1367,326,1041,329,83,246,0,0,0
29,555,District - Belgaum (01),Total,65-69,130759,61021,69738,2028,845,1183,88832,54843,33989,38849,5049,33800,841,242,599,209,42,167,0,0,0
29,555,District - Belgaum (01),Total,70-74,88197,42577,45620,1182,458,724,51576,36583,14993,34913,5363,29550,419,142,277,107,31,76,0,0,0
29,555,District - Belgaum (01),Total,75-79,42113,20183,21930,542,212,330,22863,16424,6439,18491,3456,15035,176,82,94,41,9,32,0,0,0
29,555,District - Belgaum (01),Total,80+,49715,21382,28333,1565,844,721,20490,14778,5712,27428,5677,21751,180,74,106,52,9,43,0,0,0
29,555,District - Belgaum (01),Total,Age not stated,2054,1145,909,1077,672,405,828,452,376,135,19,116,9,1,8,5,1,4,0,0,0
29,555,District - Belgaum (01),Total,Less than 18,1632460,856076,776384,1604198,849734,754464,26973,5885,21088,643,180,463,578,254,324,68,23,45,0,0,0
29,555,District - Belgaum (01),Total,Less than 21,1939595,1017324,922271,1817492,998743,818749,119152,17837,101315,1428,317,1111,1235,387,848,288,40,248,0,0,0
29,555,District - Belgaum (01),Rural,All ages,3568466,1811094,1757372,1571964,910734,661230,1765621,866731,898890,205986,28175,177811,19988,4329,15659,4907,1125,3782,0,0,0
29,555,District - Belgaum (01),Rural,0-9,691393,357678,333715,691393,357678,333715,0,0,0,0,0,0,0,0,0,0,0,0,0,0,0
29,555,District - Belgaum (01),Rural,10-14,361880,188611,173269,355089,186487,168602,6347,1945,4402,192,67,125,230,102,128,22,10,12,0,0,0
29,555,District - Belgaum (01),Rural,15-19,344423,189860,154563,292212,183567,108645,51076,6013,45063,539,122,417,489,149,340,107,9,98,0,0,0
29,555,District - Belgaum (01),Rural,20-24,325672,171965,153707,152930,124687,28243,169302,46789,122513,1689,227,1462,1323,210,1113,428,52,376,0,0,0
29,555,District - Belgaum (01),Rural,25-29,290123,143724,146399,48011,40842,7169,235280,101966,133314,4127,459,3668,2080,327,1753,625,130,495,0,0,0
29,555,District - Belgaum (01),Rural,30-34,244491,120903,123588,11646,8297,3349,223181,111366,111815,6449,605,5844,2506,440,2066,709,195,514,0,0,0
29,555,District - Belgaum (01),Rural,35-39,255525,121986,133539,5289,2855,2434,236279,117428,118851,10248,932,9316,3004,586,2418,705,185,520,0,0,0
29,555,District - Belgaum (01),Rural,40-44,217152,110162,106990,3582,1544,2038,197432,106600,90832,12643,1252,11391,2868,600,2268,627,166,461,0,0,0
29,555,District - Belgaum (01),Rural,45-49,193785,98842,94943,2487,967,1520,173180,95657,77523,15280,1583,13697,2329,522,1807,509,113,396,0,0,0
29,555,District - Belgaum (01),Rural,50-54,148421,74734,73687,1896,669,1227,127897,71683,56214,16658,1920,14738,1616,384,1232,354,78,276,0,0,0
29,555,District - Belgaum (01),Rural,55-59,122818,57433,65385,1257,415,842,103691,54597,49094,16590,2108,14482,1036,263,773,244,50,194,0,0,0
29,555,District - Belgaum (01),Rural,60-64,131506,61851,69655,1729,602,1127,98812,57297,41515,29575,3611,25964,1143,282,861,247,59,188,0,0,0
29,555,District - Belgaum (01),Rural,65-69,101493,47472,54021,1366,563,803,69298,42636,26662,29950,4034,25916,707,205,502,172,34,138,0,0,0
29,555,District - Belgaum (01),Rural,70-74,68328,33151,35177,782,295,487,40019,28445,11574,27087,4258,22829,354,125,229,86,28,58,0,0,0
29,555,District - Belgaum (01),Rural,75-79,31680,15283,16397,339,145,194,17309,12406,4903,13859,2654,11205,148,72,76,25,6,19,0,0,0
29,555,District - Belgaum (01),Rural,80+,38130,16520,21610,1101,600,501,15844,11521,4323,20994,4329,16665,149,61,88,42,9,33,0,0,0
29,555,District - Belgaum (01),Rural,Age not stated,1646,919,727,855,521,334,674,382,292,106,14,92,6,1,5,5,1,4,0,0,0
29,555,District - Belgaum (01),Rural,Less than 18,1254185,658225,595960,1232504,653443,579061,20736,4451,16285,466,130,336,428,185,243,51,16,35,0,0,0
29,555,District - Belgaum (01),Rural,Less than 21,1485006,780019,704987,1387219,765509,621710,95470,13953,81517,1097,239,858,988,290,698,232,28,204,0,0,0
29,555,District - Belgaum (01),Urban,All ages,1211195,611969,599226,530630,304397,226233,605329,297903,307426,69025,8103,60922,4629,1173,3456,1582,393,1189,0,0,0
29,555,District - Belgaum (01),Urban,0-9,201509,104775,96734,201509,104775,96734,0,0,0,0,0,0,0,0,0,0,0,0,0,0,0
29,555,District - Belgaum (01),Urban,10-14,111599,58416,53183,109431,57718,51713,1980,620,1360,87,26,61,90,47,43,11,5,6,0,0,0
29,555,District - Belgaum (01),Urban,15-19,113317,59739,53578,100530,57967,42563,12493,1688,10805,162,42,120,108,38,70,24,4,20,0,0,0
29,555,District - Belgaum (01),Urban,20-24,119225,60444,58781,69316,49004,20312,49056,11273,37783,471,68,403,292,89,203,90,10,80,0,0,0
29,555,District - Belgaum (01),Urban,25-29,110207,53356,56851,29488,23008,6480,78831,30055,48776,1178,123,1055,537,142,395,173,28,145,0,0,0
29,555,District - Belgaum (01),Urban,30-34,95235,47290,47945,8511,6106,2405,83632,40752,42880,2202,202,2000,653,172,481,237,58,179,0,0,0
29,555,District - Belgaum (01),Urban,35-39,93999,46059,47940,3620,2124,1496,85959,43478,42481,3486,265,3221,696,135,561,238,57,181,0,0,0
29,555,District - Belgaum (01),Urban,40-44,79219,40497,38722,2007,1045,962,71795,38867,32928,4608,383,4225,598,140,458,211,62,149,0,0,0
29,555,District - Belgaum (01),Urban,45-49,71710,36026,35684,1505,687,818,63536,34698,28838,5960,452,5508,515,135,380,194,54,140,0,0,0
29,555,District - Belgaum (01),Urban,50-54,56480,29040,27440,1097,449,648,48234,27859,20375,6614,592,6022,405,99,306,130,41,89,0,0,0
29,555,District - Belgaum (01),Urban,55-59,45466,23037,22429,786,294,492,37603,21997,15606,6719,655,6064,250,55,195,108,36,72,0,0,0
29,555,District - Belgaum (01),Urban,60-64,41668,20327,21341,879,313,566,30765,18926,11839,9718,1020,8698,224,44,180,82,24,58,0,0,0
29,555,District - Belgaum (01),Urban,65-69,29266,13549,15717,662,282,380,19534,12207,7327,8899,1015,7884,134,37,97,37,8,29,0,0,0
29,555,District - Belgaum (01),Urban,70-74,19869,9426,10443,400,163,237,11557,8138,3419,7826,1105,6721,65,17,48,21,3,18,0,0,0
29,555,District - Belgaum (01),Urban,75-79,10433,4900,5533,203,67,136,5554,4018,1536,4632,802,3830,28,10,18,16,3,13,0,0,0
29,555,District - Belgaum (01),Urban,80+,11585,4862,6723,464,244,220,4646,3257,1389,6434,1348,5086,31,13,18,10,0,10,0,0,0
29,555,District - Belgaum (01),Urban,Age not stated,408,226,182,222,151,71,154,70,84,29,5,24,3,0,3,0,0,0,0,0,0
29,555,District - Belgaum (01),Urban,Less than 18,378275,197851,180424,371694,196291,175403,6237,1434,4803,177,50,127,150,69,81,17,7,10,0,0,0
29,555,District - Belgaum (01),Urban,Less than 21,454589,237305,217284,430273,233234,197039,23682,3884,19798,331,78,253,247,97,150,56,12,44,0,0,0
29,556,District - Bagalkot  (02),Total,All ages,1889752,950111,939641,871059,498292,372767,888320,435504,452816,118446,13992,104454,10232,2002,8230,1695,321,1374,0,0,0
29,556,District - Bagalkot  (02),Total,0-9,388849,200412,188437,388849,200412,188437,0,0,0,0,0,0,0,0,0,0,0,0,0,0,0
29,556,District - Bagalkot  (02),Total,10-14,198739,102271,96468,193581,100888,92693,4809,1255,3554,169,49,120,166,75,91,14,4,10,0,0,0
29,556,District - Bagalkot  (02),Total,15-19,189079,101865,87214,156458,97544,58914,31871,4150,27721,423,88,335,294,76,218,33,7,26,0,0,0
29,556,District - Bagalkot  (02),Total,20-24,180276,92562,87714,83204,65075,18129,94866,27251,67615,1283,131,1152,774,88,686,149,17,132,0,0,0
29,556,District - Bagalkot  (02),Total,25-29,166500,80839,85661,29613,24028,5585,132191,56331,75860,3185,287,2898,1244,149,1095,267,44,223,0,0,0
29,556,District - Bagalkot  (02),Total,30-34,133200,66508,66692,7657,5356,2301,119233,60521,58712,4618,370,4248,1464,224,1240,228,37,191,0,0,0
29,556,District - Bagalkot  (02),Total,35-39,131572,63444,68128,3068,1565,1503,119850,61041,58809,6890,543,6347,1528,249,1279,236,46,190,0,0,0
29,556,District - Bagalkot  (02),Total,40-44,105287,54010,51277,1891,805,1086,94025,52208,41817,7864,715,7149,1307,240,1067,200,42,158,0,0,0
29,556,District - Bagalkot  (02),Total,45-49,95647,48258,47389,1383,430,953,83143,46633,36510,9862,917,8945,1095,245,850,164,33,131,0,0,0
29,556,District - Bagalkot  (02),Total,50-54,72023,35540,36483,937,335,602,59843,33947,25896,10372,1053,9319,758,175,583,113,30,83,0,0,0
29,556,District - Bagalkot  (02),Total,55-59,58861,27675,31186,697,240,457,47425,26187,21238,10216,1111,9105,456,119,337,67,18,49,0,0,0
29,556,District - Bagalkot  (02),Total,60-64,61514,28069,33445,977,318,659,42755,25716,17039,17167,1881,15286,523,136,387,92,18,74,0,0,0
29,556,District - Bagalkot  (02),Total,65-69,46849,21374,25475,928,397,531,29093,18772,10321,16461,2092,14369,316,105,211,51,8,43,0,0,0
29,556,District - Bagalkot  (02),Total,70-74,30544,14035,16509,498,174,324,16061,11844,4217,13785,1938,11847,168,69,99,32,10,22,0,0,0
29,556,District - Bagalkot  (02),Total,75-79,13798,6349,7449,201,81,120,6751,5071,1680,6765,1163,5602,63,32,31,18,2,16,0,0,0
29,556,District - Bagalkot  (02),Total,80+,16185,6421,9764,560,287,273,6187,4461,1726,9336,1648,7688,71,20,51,31,5,26,0,0,0
29,556,District - Bagalkot  (02),Total,Age not stated,829,479,350,557,357,200,217,116,101,50,6,44,5,0,5,0,0,0,0,0,0
29,556,District - Bagalkot  (02),Total,Less than 18,694445,361544,332901,679440,358335,321105,14345,2983,11362,358,96,262,274,120,154,28,10,18,0,0,0
29,556,District - Bagalkot  (02),Total,Less than 21,825941,428521,397420,765311,418865,346446,59094,9305,49789,820,164,656,629,174,455,87,13,74,0,0,0
29,556,District - Bagalkot  (02),Rural,All ages,1291906,650267,641639,594325,341605,252720,606398,297217,309181,81948,9688,72260,7982,1540,6442,1253,217,1036,0,0,0
29,556,District - Bagalkot  (02),Rural,0-9,276029,142046,133983,276029,142046,133983,0,0,0,0,0,0,0,0,0,0,0,0,0,0,0
29,556,District - Bagalkot  (02),Rural,10-14,138838,71351,67487,135083,70407,64676,3520,858,2662,114,34,80,111,48,63,10,4,6,0,0,0
29,556,District - Bagalkot  (02),Rural,15-19,128443,70795,57648,104532,67662,36870,23351,3017,20334,305,58,247,227,53,174,28,5,23,0,0,0
29,556,District - Bagalkot  (02),Rural,20-24,119228,62361,56867,50795,42068,8727,66799,20141,46658,930,91,839,588,52,536,116,9,107,0,0,0
29,556,District - Bagalkot  (02),Rural,25-29,110494,53528,56966,16318,13663,2655,90786,39534,51252,2237,192,2045,962,111,851,191,28,163,0,0,0
29,556,District - Bagalkot  (02),Rural,30-34,88638,43875,44763,4192,2838,1354,79969,40579,39390,3150,255,2895,1155,175,980,172,28,144,0,0,0
29,556,District - Bagalkot  (02),Rural,35-39,88601,42665,45936,1779,844,935,80822,41241,39581,4627,357,4270,1198,192,1006,175,31,144,0,0,0
29,556,District - Bagalkot  (02),Rural,40-44,71141,36389,34752,1206,470,736,63417,35208,28209,5328,492,4836,1042,190,852,148,29,119,0,0,0
29,556,District - Bagalkot  (02),Rural,45-49,64086,32404,31682,875,242,633,55646,31310,24336,6596,638,5958,855,196,659,114,18,96,0,0,0
29,556,District - Bagalkot  (02),Rural,50-54,48164,23522,24642,596,192,404,39942,22423,17519,6948,747,6201,600,141,459,78,19,59,0,0,0
29,556,District - Bagalkot  (02),Rural,55-59,39153,18017,21136,429,138,291,31509,16999,14510,6820,775,6045,348,93,255,47,12,35,0,0,0
29,556,District - Bagalkot  (02),Rural,60-64,43105,19397,23708,661,190,471,29789,17754,12035,12185,1333,10852,400,107,293,70,13,57,0,0,0
29,556,District - Bagalkot  (02),Rural,65-69,32954,14878,18076,637,263,374,20294,13065,7229,11729,1456,10273,249,87,162,45,7,38,0,0,0
29,556,District - Bagalkot  (02),Rural,70-74,21717,9924,11793,331,116,215,11353,8360,2993,9868,1384,8484,139,57,82,26,7,19,0,0,0
29,556,District - Bagalkot  (02),Rural,75-79,9391,4266,5125,131,49,82,4597,3428,1169,4604,762,3842,49,25,24,10,2,8,0,0,0
29,556,District - Bagalkot  (02),Rural,80+,11358,4521,6837,339,171,168,4469,3223,1246,6472,1109,5363,55,13,42,23,5,18,0,0,0
29,556,District - Bagalkot  (02),Rural,Age not stated,566,328,238,392,246,146,135,77,58,35,5,30,4,0,4,0,0,0,0,0,0
29,556,District - Bagalkot  (02),Rural,Less than 18,487679,254337,233342,476833,252127,224706,10399,2062,8337,241,65,176,186,75,111,20,8,12,0,0,0
29,556,District - Bagalkot  (02),Rural,Less than 21,577410,301026,276384,532905,293959,238946,43380,6836,36544,591,108,483,464,114,350,70,9,61,0,0,0
29,556,District - Bagalkot  (02),Urban,All ages,597846,299844,298002,276734,156687,120047,281922,138287,143635,36498,4304,32194,2250,462,1788,442,104,338,0,0,0
29,556,District - Bagalkot  (02),Urban,0-9,112820,58366,54454,112820,58366,54454,0,0,0,0,0,0,0,0,0,0,0,0,0,0,0
29,556,District - Bagalkot  (02),Urban,10-14,59901,30920,28981,58498,30481,28017,1289,397,892,55,15,40,55,27,28,4,0,4,0,0,0
29,556,District - Bagalkot  (02),Urban,15-19,60636,31070,29566,51926,29882,22044,8520,1133,7387,118,30,88,67,23,44,5,2,3,0,0,0
29,556,District - Bagalkot  (02),Urban,20-24,61048,30201,30847,32409,23007,9402,28067,7110,20957,353,40,313,186,36,150,33,8,25,0,0,0
29,556,District - Bagalkot  (02),Urban,25-29,56006,27311,28695,13295,10365,2930,41405,16797,24608,948,95,853,282,38,244,76,16,60,0,0,0
29,556,District - Bagalkot  (02),Urban,30-34,44562,22633,21929,3465,2518,947,39264,19942,19322,1468,115,1353,309,49,260,56,9,47,0,0,0
29,556,District - Bagalkot  (02),Urban,35-39,42971,20779,22192,1289,721,568,39028,19800,19228,2263,186,2077,330,57,273,61,15,46,0,0,0
29,556,District - Bagalkot  (02),Urban,40-44,34146,17621,16525,685,335,350,30608,17000,13608,2536,223,2313,265,50,215,52,13,39,0,0,0
29,556,District - Bagalkot  (02),Urban,45-49,31561,15854,15707,508,188,320,27497,15323,12174,3266,279,2987,240,49,191,50,15,35,0,0,0
29,556,District - Bagalkot  (02),Urban,50-54,23859,12018,11841,341,143,198,19901,11524,8377,3424,306,3118,158,34,124,35,11,24,0,0,0
29,556,District - Bagalkot  (02),Urban,55-59,19708,9658,10050,268,102,166,15916,9188,6728,3396,336,3060,108,26,82,20,6,14,0,0,0
29,556,District - Bagalkot  (02),Urban,60-64,18409,8672,9737,316,128,188,12966,7962,5004,4982,548,4434,123,29,94,22,5,17,0,0,0
29,556,District - Bagalkot  (02),Urban,65-69,13895,6496,7399,291,134,157,8799,5707,3092,4732,636,4096,67,18,49,6,1,5,0,0,0
29,556,District - Bagalkot  (02),Urban,70-74,8827,4111,4716,167,58,109,4708,3484,1224,3917,554,3363,29,12,17,6,3,3,0,0,0
29,556,District - Bagalkot  (02),Urban,75-79,4407,2083,2324,70,32,38,2154,1643,511,2161,401,1760,14,7,7,8,0,8,0,0,0
29,556,District - Bagalkot  (02),Urban,80+,4827,1900,2927,221,116,105,1718,1238,480,2864,539,2325,16,7,9,8,0,8,0,0,0
29,556,District - Bagalkot  (02),Urban,Age not stated,263,151,112,165,111,54,82,39,43,15,1,14,1,0,1,0,0,0,0,0,0
29,556,District - Bagalkot  (02),Urban,Less than 18,206766,107207,99559,202607,106208,96399,3946,921,3025,117,31,86,88,45,43,8,2,6,0,0,0
29,556,District - Bagalkot  (02),Urban,Less than 21,248531,127495,121036,232406,124906,107500,15714,2469,13245,229,56,173,165,60,105,17,4,13,0,0,0
29,557,District - Bijapur (03),Total,All ages,2177331,1111022,1066309,1023340,589458,433882,1030724,505603,525121,112188,13869,98319,9742,1843,7899,1337,249,1088,0,0,0
29,557,District - Bijapur (03),Total,0-9,455701,235972,219729,455701,235972,219729,0,0,0,0,0,0,0,0,0,0,0,0,0,0,0
29,557,District - Bijapur (03),Total,10-14,236092,122745,113347,230471,121223,109248,5242,1391,3851,193,50,143,177,77,100,9,4,5,0,0,0
29,557,District - Bijapur (03),Total,15-19,218221,119316,98905,184985,114633,70352,32521,4509,28012,389,61,328,291,108,183,35,5,30,0,0,0
29,557,District - Bijapur (03),Total,20-24,203007,106802,96205,99605,78130,21475,101334,28418,72916,1179,129,1050,764,110,654,125,15,110,0,0,0
29,557,District - Bijapur (03),Total,25-29,182253,89948,92305,33680,27956,5724,144483,61590,82893,2731,221,2510,1209,163,1046,150,18,132,0,0,0
29,557,District - Bijapur (03),Total,30-34,145317,72285,73032,8117,6000,2117,131702,65728,65974,3946,325,3621,1337,193,1144,215,39,176,0,0,0
29,557,District - Bijapur (03),Total,35-39,148260,71970,76290,2982,1780,1202,137846,69529,68317,5855,405,5450,1386,218,1168,191,38,153,0,0,0
29,557,District - Bijapur (03),Total,40-44,123281,63060,60221,1749,913,836,112902,61343,51559,7175,576,6599,1273,192,1081,182,36,146,0,0,0
29,557,District - Bijapur (03),Total,45-49,110227,56334,53893,1102,499,603,99234,54842,44392,8698,776,7922,1056,188,868,137,29,108,0,0,0
29,557,District - Bijapur (03),Total,50-54,86151,43395,42756,838,349,489,74674,41888,32786,9765,970,8795,773,169,604,101,19,82,0,0,0
29,557,District - Bijapur (03),Total,55-59,69137,32926,36211,554,208,346,58617,31564,27053,9470,1029,8441,424,112,312,72,13,59,0,0,0
29,557,District - Bijapur (03),Total,60-64,72259,35052,37207,762,303,459,54566,32685,21881,16360,1925,14435,522,130,392,49,9,40,0,0,0
29,557,District - Bijapur (03),Total,65-69,50250,24336,25914,604,270,334,35477,22108,13369,13881,1874,12007,254,75,179,34,9,25,0,0,0
29,557,District - Bijapur (03),Total,70-74,37758,18453,19305,388,155,233,22637,16067,6570,14564,2169,12395,145,54,91,24,8,16,0,0,0
29,557,District - Bijapur (03),Total,75-79,17302,8346,8956,218,95,123,9784,6938,2846,7247,1292,5955,47,17,30,6,4,2,0,0,0
29,557,District - Bijapur (03),Total,80+,20692,9253,11439,678,382,296,9273,6783,2490,10662,2053,8609,74,34,40,5,1,4,0,0,0
29,557,District - Bijapur (03),Total,Age not stated,1423,829,594,906,590,316,432,220,212,73,14,59,10,3,7,2,2,0,0,0,0
29,557,District - Bijapur (03),Total,Less than 18,817093,428227,388866,801357,424735,376622,15014,3271,11743,391,79,312,313,136,177,18,6,12,0,0,0
29,557,District - Bijapur (03),Total,Less than 21,968567,507444,461123,904316,496909,407407,62695,10172,52523,831,137,694,654,217,437,71,9,62,0,0,0
29,557,District - Bijapur (03),Rural,All ages,1675353,857562,817791,783448,454488,328960,794863,390244,404619,87656,11101,76555,8311,1539,6772,1075,190,885,0,0,0
29,557,District - Bijapur (03),Rural,0-9,358793,185440,173353,358793,185440,173353,0,0,0,0,0,0,0,0,0,0,0,0,0,0,0
29,557,District - Bijapur (03),Rural,10-14,182944,95300,87644,178591,94163,84428,4076,1044,3032,138,30,108,134,61,73,5,2,3,0,0,0
29,557,District - Bijapur (03),Rural,15-19,166861,93090,73771,140234,89399,50835,26085,3566,22519,291,46,245,223,75,148,28,4,24,0,0,0
29,557,District - Bijapur (03),Rural,20-24,151729,81612,70117,70945,58446,12499,79074,22976,56098,975,100,875,633,82,551,102,8,94,0,0,0
29,557,District - Bijapur (03),Rural,25-29,136239,67977,68262,22460,19389,3071,110459,48262,62197,2143,173,1970,1048,136,912,129,17,112,0,0,0
29,557,District - Bijapur (03),Rural,30-34,108480,53721,54759,5147,3908,1239,99001,49381,49620,3028,246,2782,1139,154,985,165,32,133,0,0,0
29,557,District - Bijapur (03),Rural,35-39,112023,54221,57802,1866,1102,764,104455,52622,51833,4377,296,4081,1178,176,1002,147,25,122,0,0,0
29,557,District - Bijapur (03),Rural,40-44,93689,47588,46101,1205,635,570,85872,46298,39574,5367,468,4899,1092,159,933,153,28,125,0,0,0
29,557,District - Bijapur (03),Rural,45-49,84331,43089,41242,727,331,396,76189,41985,34204,6395,585,5810,916,169,747,104,19,85,0,0,0
29,557,District - Bijapur (03),Rural,50-54,66068,32992,33076,575,243,332,57381,31816,25565,7356,772,6584,670,145,525,86,16,70,0,0,0
29,557,District - Bijapur (03),Rural,55-59,53568,25122,28446,368,138,230,45614,24041,21573,7157,832,6325,371,100,271,58,11,47,0,0,0
29,557,District - Bijapur (03),Rural,60-64,57803,27893,29910,537,215,322,43782,25994,17788,13007,1563,11444,441,114,327,36,7,29,0,0,0
29,557,District - Bijapur (03),Rural,65-69,40659,19636,21023,465,211,254,28753,17819,10934,11188,1530,9658,222,67,155,31,9,22,0,0,0
29,557,District - Bijapur (03),Rural,70-74,30827,15127,15700,274,116,158,18512,13181,5331,11893,1772,10121,129,52,77,19,6,13,0,0,0
29,557,District - Bijapur (03),Rural,75-79,13873,6709,7164,145,69,76,7887,5593,2294,5795,1029,4766,41,15,26,5,3,2,0,0,0
29,557,District - Bijapur (03),Rural,80+,16443,7462,8981,470,262,208,7411,5517,1894,8491,1650,6841,66,32,34,5,1,4,0,0,0
29,557,District - Bijapur (03),Rural,Age not stated,1023,583,440,646,421,225,312,149,163,55,9,46,8,2,6,2,2,0,0,0,0
29,557,District - Bijapur (03),Rural,Less than 18,637762,334957,302805,625506,332288,293218,11721,2506,9215,279,52,227,243,107,136,13,4,9,0,0,0
29,557,District - Bijapur (03),Rural,Less than 21,753840,396934,356906,702411,388601,313810,50220,8069,42151,644,98,546,510,160,350,55,6,49,0,0,0
29,557,District - Bijapur (03),Urban,All ages,501978,253460,248518,239892,134970,104922,235861,115359,120502,24532,2768,21764,1431,304,1127,262,59,203,0,0,0
29,557,District - Bijapur (03),Urban,0-9,96908,50532,46376,96908,50532,46376,0,0,0,0,0,0,0,0,0,0,0,0,0,0,0
29,557,District - Bijapur (03),Urban,10-14,53148,27445,25703,51880,27060,24820,1166,347,819,55,20,35,43,16,27,4,2,2,0,0,0
29,557,District - Bijapur (03),Urban,15-19,51360,26226,25134,44751,25234,19517,6436,943,5493,98,15,83,68,33,35,7,1,6,0,0,0
29,557,District - Bijapur (03),Urban,20-24,51278,25190,26088,28660,19684,8976,22260,5442,16818,204,29,175,131,28,103,23,7,16,0,0,0
29,557,District - Bijapur (03),Urban,25-29,46014,21971,24043,11220,8567,2653,34024,13328,20696,588,48,540,161,27,134,21,1,20,0,0,0
29,557,District - Bijapur (03),Urban,30-34,36837,18564,18273,2970,2092,878,32701,16347,16354,918,79,839,198,39,159,50,7,43,0,0,0
29,557,District - Bijapur (03),Urban,35-39,36237,17749,18488,1116,678,438,33391,16907,16484,1478,109,1369,208,42,166,44,13,31,0,0,0
29,557,District - Bijapur (03),Urban,40-44,29592,15472,14120,544,278,266,27030,15045,11985,1808,108,1700,181,33,148,29,8,21,0,0,0
29,557,District - Bijapur (03),Urban,45-49,25896,13245,12651,375,168,207,23045,12857,10188,2303,191,2112,140,19,121,33,10,23,0,0,0
29,557,District - Bijapur (03),Urban,50-54,20083,10403,9680,263,106,157,17293,10072,7221,2409,198,2211,103,24,79,15,3,12,0,0,0
29,557,District - Bijapur (03),Urban,55-59,15569,7804,7765,186,70,116,13003,7523,5480,2313,197,2116,53,12,41,14,2,12,0,0,0
29,557,District - Bijapur (03),Urban,60-64,14456,7159,7297,225,88,137,10784,6691,4093,3353,362,2991,81,16,65,13,2,11,0,0,0
29,557,District - Bijapur (03),Urban,65-69,9591,4700,4891,139,59,80,6724,4289,2435,2693,344,2349,32,8,24,3,0,3,0,0,0
29,557,District - Bijapur (03),Urban,70-74,6931,3326,3605,114,39,75,4125,2886,1239,2671,397,2274,16,2,14,5,2,3,0,0,0
29,557,District - Bijapur (03),Urban,75-79,3429,1637,1792,73,26,47,1897,1345,552,1452,263,1189,6,2,4,1,1,0,0,0,0
29,557,District - Bijapur (03),Urban,80+,4249,1791,2458,208,120,88,1862,1266,596,2171,403,1768,8,2,6,0,0,0,0,0,0
29,557,District - Bijapur (03),Urban,Age not stated,400,246,154,260,169,91,120,71,49,18,5,13,2,1,1,0,0,0,0,0,0
29,557,District - Bijapur (03),Urban,Less than 18,179331,93270,86061,175851,92447,83404,3293,765,2528,112,27,85,70,29,41,5,2,3,0,0,0
29,557,District - Bijapur (03),Urban,Less than 21,214727,110510,104217,201905,108308,93597,12475,2103,10372,187,39,148,144,57,87,16,3,13,0,0,0
29,558,District - Bidar (04),Total,All ages,1703300,870665,832635,832182,472789,359393,780559,385225,395334,85120,11442,73678,4226,979,3247,1213,230,983,0,0,0
29,558,District - Bidar (04),Total,0-9,329023,168855,160168,329023,168855,160168,0,0,0,0,0,0,0,0,0,0,0,0,0,0,0
29,558,District - Bidar (04),Total,10-14,194987,100067,94920,191061,98621,92440,3642,1330,2312,126,44,82,146,68,78,12,4,8,0,0,0
29,558,District - Bidar (04),Total,15-19,191206,100134,91072,171943,96849,75094,18746,3129,15617,314,69,245,180,83,97,23,4,19,0,0,0
29,558,District - Bidar (04),Total,20-24,165566,91164,74402,94900,72124,22776,69448,18833,50615,803,129,674,318,71,247,97,7,90,0,0,0
29,558,District - Bidar (04),Total,25-29,137413,70586,66827,31253,26599,4654,103713,43663,60050,1796,197,1599,482,101,381,169,26,143,0,0,0
29,558,District - Bidar (04),Total,30-34,111218,56242,54976,6584,5310,1274,101221,50522,50699,2700,294,2406,515,80,435,198,36,162,0,0,0
29,558,District - Bidar (04),Total,35-39,112030,55117,56913,2006,1419,587,105219,53189,52030,4108,389,3719,528,87,441,169,33,136,0,0,0
29,558,District - Bidar (04),Total,40-44,94326,49801,44525,1004,627,377,87527,48574,38953,5106,458,4648,534,108,426,155,34,121,0,0,0
29,558,District - Bidar (04),Total,45-49,79546,41000,38546,578,345,233,72983,40024,32959,5504,537,4967,371,71,300,110,23,87,0,0,0
29,558,District - Bidar (04),Total,50-54,62583,32091,30492,489,272,217,55177,31045,24132,6538,691,5847,297,69,228,82,14,68,0,0,0
29,558,District - Bidar (04),Total,55-59,50965,23422,27543,378,199,179,44254,22413,21841,6084,760,5324,204,44,160,45,6,39,0,0,0
29,558,District - Bidar (04),Total,60-64,59401,27085,32316,636,294,342,46069,25258,20811,12360,1456,10904,274,61,213,62,16,46,0,0,0
29,558,District - Bidar (04),Total,65-69,47269,22579,24690,618,304,314,34285,20524,13761,12152,1679,10473,177,62,115,37,10,27,0,0,0
29,558,District - Bidar (04),Total,70-74,32202,16243,15959,362,186,176,20309,14191,6118,11390,1820,9570,109,39,70,32,7,25,0,0,0
29,558,District - Bidar (04),Total,75-79,14524,6896,7628,177,99,78,8567,5762,2805,5728,1014,4714,44,17,27,8,4,4,0,0,0
29,558,District - Bidar (04),Total,80+,20327,8990,11337,679,383,296,9215,6684,2531,10373,1899,8474,46,18,28,14,6,8,0,0,0
29,558,District - Bidar (04),Total,Age not stated,714,393,321,491,303,188,184,84,100,38,6,32,1,0,1,0,0,0,0,0,0
29,558,District - Bidar (04),Total,Less than 18,637048,327586,309462,626411,324543,301868,10076,2834,7242,301,85,216,239,118,121,21,6,15,0,0,0
29,558,District - Bidar (04),Total,Less than 21,764261,395141,369120,724599,387382,337217,38536,7425,31111,655,155,500,417,169,248,54,10,44,0,0,0
29,558,District - Bidar (04),Rural,All ages,1277348,651250,626098,613762,348920,264842,591387,291914,299473,67653,9437,58216,3524,794,2730,1022,185,837,0,0,0
29,558,District - Bidar (04),Rural,0-9,246084,125957,120127,246084,125957,120127,0,0,0,0,0,0,0,0,0,0,0,0,0,0,0
29,558,District - Bidar (04),Rural,10-14,145013,74073,70940,142170,73039,69131,2635,951,1684,94,33,61,105,47,58,9,3,6,0,0,0
29,558,District - Bidar (04),Rural,15-19,141929,74476,67453,127477,72024,55453,14062,2331,11731,240,56,184,133,63,70,17,2,15,0,0,0
29,558,District - Bidar (04),Rural,20-24,120674,67529,53145,67479,52798,14681,52225,14571,37654,632,98,534,256,56,200,82,6,76,0,0,0
29,558,District - Bidar (04),Rural,25-29,99984,52030,47954,21130,18460,2670,76931,33319,43612,1384,149,1235,394,80,314,145,22,123,0,0,0
29,558,District - Bidar (04),Rural,30-34,80843,40916,39927,4268,3525,743,73932,37075,36857,2058,227,1831,420,60,360,165,29,136,0,0,0
29,558,District - Bidar (04),Rural,35-39,81559,39792,41767,1304,928,376,76669,38476,38193,3014,294,2720,436,70,366,136,24,112,0,0,0
29,558,District - Bidar (04),Rural,40-44,69908,36703,33205,703,454,249,64790,35751,29039,3824,381,3443,460,89,371,131,28,103,0,0,0
29,558,District - Bidar (04),Rural,45-49,59448,30094,29354,390,240,150,54565,29346,25219,4084,433,3651,316,58,258,93,17,76,0,0,0
29,558,District - Bidar (04),Rural,50-54,47537,24175,23362,348,198,150,42033,23348,18685,4821,559,4262,262,60,202,73,10,63,0,0,0
29,558,District - Bidar (04),Rural,55-59,39582,17606,21976,254,138,116,34538,16834,17704,4578,591,3987,173,38,135,39,5,34,0,0,0
29,558,District - Bidar (04),Rural,60-64,48266,21714,26552,456,208,248,37754,20233,17521,9770,1205,8565,232,52,180,54,16,38,0,0,0
29,558,District - Bidar (04),Rural,65-69,39709,18902,20807,436,223,213,28969,17177,11792,10107,1436,8671,164,57,107,33,9,24,0,0,0
29,558,District - Bidar (04),Rural,70-74,27069,13690,13379,260,139,121,17161,11968,5193,9526,1543,7983,95,34,61,27,6,21,0,0,0
29,558,District - Bidar (04),Rural,75-79,12237,5789,6448,127,75,52,7259,4860,2399,4808,837,3971,36,14,22,7,3,4,0,0,0
29,558,District - Bidar (04),Rural,80+,16980,7525,9455,514,293,221,7729,5619,2110,8685,1592,7093,41,16,25,11,5,6,0,0,0
29,558,District - Bidar (04),Rural,Age not stated,526,279,247,362,221,141,135,55,80,28,3,25,1,0,1,0,0,0,0,0,0
29,558,District - Bidar (04),Rural,Less than 18,475163,243535,231628,467396,241314,226082,7354,2065,5289,225,66,159,173,87,86,15,3,12,0,0,0
29,558,District - Bidar (04),Rural,Less than 21,570199,294460,275739,540109,288669,251440,29225,5536,23689,510,124,386,312,124,188,43,7,36,0,0,0
29,558,District - Bidar (04),Urban,All ages,425952,219415,206537,218420,123869,94551,189172,93311,95861,17467,2005,15462,702,185,517,191,45,146,0,0,0
29,558,District - Bidar (04),Urban,0-9,82939,42898,40041,82939,42898,40041,0,0,0,0,0,0,0,0,0,0,0,0,0,0,0
29,558,District - Bidar (04),Urban,10-14,49974,25994,23980,48891,25582,23309,1007,379,628,32,11,21,41,21,20,3,1,2,0,0,0
29,558,District - Bidar (04),Urban,15-19,49277,25658,23619,44466,24825,19641,4684,798,3886,74,13,61,47,20,27,6,2,4,0,0,0
29,558,District - Bidar (04),Urban,20-24,44892,23635,21257,27421,19326,8095,17223,4262,12961,171,31,140,62,15,47,15,1,14,0,0,0
29,558,District - Bidar (04),Urban,25-29,37429,18556,18873,10123,8139,1984,26782,10344,16438,412,48,364,88,21,67,24,4,20,0,0,0
29,558,District - Bidar (04),Urban,30-34,30375,15326,15049,2316,1785,531,27289,13447,13842,642,67,575,95,20,75,33,7,26,0,0,0
29,558,District - Bidar (04),Urban,35-39,30471,15325,15146,702,491,211,28550,14713,13837,1094,95,999,92,17,75,33,9,24,0,0,0
29,558,District - Bidar (04),Urban,40-44,24418,13098,11320,301,173,128,22737,12823,9914,1282,77,1205,74,19,55,24,6,18,0,0,0
29,558,District - Bidar (04),Urban,45-49,20098,10906,9192,188,105,83,18418,10678,7740,1420,104,1316,55,13,42,17,6,11,0,0,0
29,558,District - Bidar (04),Urban,50-54,15046,7916,7130,141,74,67,13144,7697,5447,1717,132,1585,35,9,26,9,4,5,0,0,0
29,558,District - Bidar (04),Urban,55-59,11383,5816,5567,124,61,63,9716,5579,4137,1506,169,1337,31,6,25,6,1,5,0,0,0
29,558,District - Bidar (04),Urban,60-64,11135,5371,5764,180,86,94,8315,5025,3290,2590,251,2339,42,9,33,8,0,8,0,0,0
29,558,District - Bidar (04),Urban,65-69,7560,3677,3883,182,81,101,5316,3347,1969,2045,243,1802,13,5,8,4,1,3,0,0,0
29,558,District - Bidar (04),Urban,70-74,5133,2553,2580,102,47,55,3148,2223,925,1864,277,1587,14,5,9,5,1,4,0,0,0
29,558,District - Bidar (04),Urban,75-79,2287,1107,1180,50,24,26,1308,902,406,920,177,743,8,3,5,1,1,0,0,0,0
29,558,District - Bidar (04),Urban,80+,3347,1465,1882,165,90,75,1486,1065,421,1688,307,1381,5,2,3,3,1,2,0,0,0
29,558,District - Bidar (04),Urban,Age not stated,188,114,74,129,82,47,49,29,20,10,3,7,0,0,0,0,0,0,0,0,0
29,558,District - Bidar (04),Urban,Less than 18,161885,84051,77834,159015,83229,75786,2722,769,1953,76,19,57,66,31,35,6,3,3,0,0,0
29,558,District - Bidar (04),Urban,Less than 21,194062,100681,93381,184490,98713,85777,9311,1889,7422,145,31,114,105,45,60,11,3,8,0,0,0
29,559,District - Raichur (05),Total,All ages,1928812,964511,964301,935155,521482,413673,878488,427746,450742,108015,13787,94228,6385,1328,5057,769,168,601,0,0,0
29,559,District - Raichur (05),Total,0-9,407309,208555,198754,407309,208555,198754,0,0,0,0,0,0,0,0,0,0,0,0,0,0,0
29,559,District - Raichur (05),Total,10-14,216585,111067,105518,211492,109446,102046,4723,1455,3268,146,49,97,211,112,99,13,5,8,0,0,0
29,559,District - Raichur (05),Total,15-19,212033,110397,101636,183296,105791,77505,28073,4443,23630,429,91,338,216,66,150,19,6,13,0,0,0
29,559,District - Raichur (05),Total,20-24,189067,95333,93734,88882,65416,23466,98480,29658,68822,1091,150,941,537,97,440,77,12,65,0,0,0
29,559,District - Raichur (05),Total,25-29,171676,83744,87932,28592,22688,5904,139556,60597,78959,2545,294,2251,833,138,695,150,27,123,0,0,0
29,559,District - Raichur (05),Total,30-34,132593,66309,66284,6705,4875,1830,120936,60936,60000,3960,372,3588,876,109,767,116,17,99,0,0,0
29,559,District - Raichur (05),Total,35-39,131761,64253,67508,2498,1568,930,122226,61950,60276,6019,559,5460,902,143,759,116,33,83,0,0,0
29,559,District - Raichur (05),Total,40-44,106028,54548,51480,1258,694,564,96111,52913,43198,7702,767,6935,872,157,715,85,17,68,0,0,0
29,559,District - Raichur (05),Total,45-49,94791,47487,47304,840,407,433,83715,45900,37815,9536,1035,8501,638,134,504,62,11,51,0,0,0
29,559,District - Raichur (05),Total,50-54,72358,36262,36096,613,293,320,59414,34410,25004,11857,1452,10405,439,100,339,35,7,28,0,0,0
29,559,District - Raichur (05),Total,55-59,53956,25061,28895,414,180,234,43100,23536,19564,10172,1272,8900,242,64,178,28,9,19,0,0,0
29,559,District - Raichur (05),Total,60-64,55077,25099,29978,631,232,399,36841,22554,14287,17311,2230,15081,266,71,195,28,12,16,0,0,0
29,559,District - Raichur (05),Total,65-69,35610,15613,19997,587,266,321,21977,13483,8494,12888,1810,11078,144,48,96,14,6,8,0,0,0
29,559,District - Raichur (05),Total,70-74,25525,10995,14530,364,126,238,12877,9089,3788,12151,1736,10415,119,41,78,14,3,11,0,0,0
29,559,District - Raichur (05),Total,75-79,10196,4250,5946,180,68,112,4876,3300,1576,5106,865,4241,31,16,15,3,1,2,0,0,0
29,559,District - Raichur (05),Total,80+,13088,4924,8164,769,446,323,5230,3360,1870,7042,1097,5945,39,20,19,8,1,7,0,0,0
29,559,District - Raichur (05),Total,Age not stated,1159,614,545,725,431,294,353,162,191,60,8,52,20,12,8,1,1,0,0,0,0
29,559,District - Raichur (05),Total,Less than 18,745637,384093,361544,731962,380554,351408,12969,3280,9689,381,100,281,306,151,155,19,8,11,0,0,0
29,559,District - Raichur (05),Total,Less than 21,893007,457406,435601,834542,446597,387945,56993,10410,46583,851,180,671,567,207,360,54,12,42,0,0,0
29,559,District - Raichur (05),Rural,All ages,1438464,717972,720492,694978,387274,307704,656374,319140,337234,81184,10387,70797,5400,1059,4341,528,112,416,0,0,0
29,559,District - Raichur (05),Rural,0-9,313590,160396,153194,313590,160396,153194,0,0,0,0,0,0,0,0,0,0,0,0,0,0,0
29,559,District - Raichur (05),Rural,10-14,164308,84407,79901,160413,83174,77239,3594,1094,2500,111,37,74,182,99,83,8,3,5,0,0,0
29,559,District - Raichur (05),Rural,15-19,158035,82502,75533,135381,78925,56456,22153,3459,18694,316,69,247,170,44,126,15,5,10,0,0,0
29,559,District - Raichur (05),Rural,20-24,136524,69142,67382,59141,45193,13948,76079,23759,52320,806,112,694,444,70,374,54,8,46,0,0,0
29,559,District - Raichur (05),Rural,25-29,124998,60952,64046,17199,14035,3164,105083,46573,58510,1901,220,1681,707,104,603,108,20,88,0,0,0
29,559,District - Raichur (05),Rural,30-34,97064,48284,48780,3751,2726,1025,89586,45204,44382,2914,260,2654,736,83,653,77,11,66,0,0,0
29,559,District - Raichur (05),Rural,35-39,96008,46548,49460,1362,827,535,89481,45178,44303,4322,416,3906,765,109,656,78,18,60,0,0,0
29,559,District - Raichur (05),Rural,40-44,77846,40216,37630,739,395,344,70751,39104,31647,5567,578,4989,739,128,611,50,11,39,0,0,0
29,559,District - Raichur (05),Rural,45-49,68638,34263,34375,511,233,278,60725,33144,27581,6835,783,6052,521,94,427,46,9,37,0,0,0
29,559,District - Raichur (05),Rural,50-54,52897,26212,26685,357,163,194,43470,24873,18597,8665,1089,7576,379,82,297,26,5,21,0,0,0
29,559,District - Raichur (05),Rural,55-59,39435,17743,21692,232,97,135,31582,16643,14939,7397,940,6457,203,57,146,21,6,15,0,0,0
29,559,District - Raichur (05),Rural,60-64,42553,19294,23259,424,164,260,28545,17322,11223,13331,1737,11594,235,63,172,18,8,10,0,0,0
29,559,District - Raichur (05),Rural,65-69,27810,12097,15713,409,191,218,17198,10473,6725,10068,1384,8684,126,44,82,9,5,4,0,0,0
29,559,District - Raichur (05),Rural,70-74,20118,8615,11503,252,92,160,10148,7142,3006,9599,1343,8256,109,36,73,10,2,8,0,0,0
29,559,District - Raichur (05),Rural,75-79,7797,3168,4629,112,40,72,3722,2487,1235,3933,626,3307,28,15,13,2,0,2,0,0,0
29,559,District - Raichur (05),Rural,80+,9927,3651,6276,528,287,241,3982,2555,1427,5376,790,4586,36,19,17,5,0,5,0,0,0
29,559,District - Raichur (05),Rural,Age not stated,916,482,434,577,336,241,275,130,145,43,3,40,20,12,8,1,1,0,0,0,0
29,559,District - Raichur (05),Rural,Less than 18,569099,293316,275783,558664,290628,268036,9879,2477,7402,289,76,213,255,129,126,12,6,6,0,0,0
29,559,District - Raichur (05),Rural,Less than 21,679025,347926,331099,632749,339385,293364,45135,8231,36904,641,138,503,464,164,300,36,8,28,0,0,0
29,559,District - Raichur (05),Urban,All ages,490348,246539,243809,240177,134208,105969,222114,108606,113508,26831,3400,23431,985,269,716,241,56,185,0,0,0
29,559,District - Raichur (05),Urban,0-9,93719,48159,45560,93719,48159,45560,0,0,0,0,0,0,0,0,0,0,0,0,0,0,0
29,559,District - Raichur (05),Urban,10-14,52277,26660,25617,51079,26272,24807,1129,361,768,35,12,23,29,13,16,5,2,3,0,0,0
29,559,District - Raichur (05),Urban,15-19,53998,27895,26103,47915,26866,21049,5920,984,4936,113,22,91,46,22,24,4,1,3,0,0,0
29,559,District - Raichur (05),Urban,20-24,52543,26191,26352,29741,20223,9518,22401,5899,16502,285,38,247,93,27,66,23,4,19,0,0,0
29,559,District - Raichur (05),Urban,25-29,46678,22792,23886,11393,8653,2740,34473,14024,20449,644,74,570,126,34,92,42,7,35,0,0,0
29,559,District - Raichur (05),Urban,30-34,35529,18025,17504,2954,2149,805,31350,15732,15618,1046,112,934,140,26,114,39,6,33,0,0,0
29,559,District - Raichur (05),Urban,35-39,35753,17705,18048,1136,741,395,32745,16772,15973,1697,143,1554,137,34,103,38,15,23,0,0,0
29,559,District - Raichur (05),Urban,40-44,28182,14332,13850,519,299,220,25360,13809,11551,2135,189,1946,133,29,104,35,6,29,0,0,0
29,559,District - Raichur (05),Urban,45-49,26153,13224,12929,329,174,155,22990,12756,10234,2701,252,2449,117,40,77,16,2,14,0,0,0
29,559,District - Raichur (05),Urban,50-54,19461,10050,9411,256,130,126,15944,9537,6407,3192,363,2829,60,18,42,9,2,7,0,0,0
29,559,District - Raichur (05),Urban,55-59,14521,7318,7203,182,83,99,11518,6893,4625,2775,332,2443,39,7,32,7,3,4,0,0,0
29,559,District - Raichur (05),Urban,60-64,12524,5805,6719,207,68,139,8296,5232,3064,3980,493,3487,31,8,23,10,4,6,0,0,0
29,559,District - Raichur (05),Urban,65-69,7800,3516,4284,178,75,103,4779,3010,1769,2820,426,2394,18,4,14,5,1,4,0,0,0
29,559,District - Raichur (05),Urban,70-74,5407,2380,3027,112,34,78,2729,1947,782,2552,393,2159,10,5,5,4,1,3,0,0,0
29,559,District - Raichur (05),Urban,75-79,2399,1082,1317,68,28,40,1154,813,341,1173,239,934,3,1,2,1,1,0,0,0,0
29,559,District - Raichur (05),Urban,80+,3161,1273,1888,241,159,82,1248,805,443,1666,307,1359,3,1,2,3,1,2,0,0,0
29,559,District - Raichur (05),Urban,Age not stated,243,132,111,148,95,53,78,32,46,17,5,12,0,0,0,0,0,0,0,0,0
29,559,District - Raichur (05),Urban,Less than 18,176538,90777,85761,173298,89926,83372,3090,803,2287,92,24,68,51,22,29,7,2,5,0,0,0
29,559,District - Raichur (05),Urban,Less than 21,213982,109480,104502,201793,107212,94581,11858,2179,9679,210,42,168,103,43,60,18,4,14,0,0,0
29,560,District - Koppal (06),Total,All ages,1389920,699926,689994,676646,382371,294275,624466,306463,318003,82844,9939,72905,5347,1014,4333,617,139,478,0,0,0
29,560,District - Koppal (06),Total,0-9,288621,147518,141103,288621,147518,141103,0,0,0,0,0,0,0,0,0,0,0,0,0,0,0
29,560,District - Koppal (06),Total,10-14,156128,80050,76078,152744,79013,73731,3198,969,2229,115,33,82,65,33,32,6,2,4,0,0,0
29,560,District - Koppal (06),Total,15-19,153733,81464,72269,133308,78548,54760,19963,2803,17160,309,64,245,122,38,84,31,11,20,0,0,0
29,560,District - Koppal (06),Total,20-24,135314,70256,65058,66074,51023,15051,67980,19082,48898,829,106,723,375,36,339,56,9,47,0,0,0
29,560,District - Koppal (06),Total,25-29,121634,60441,61193,22146,18136,4010,96832,42013,54819,1853,200,1653,712,77,635,91,15,76,0,0,0
29,560,District - Koppal (06),Total,30-34,95099,48012,47087,5605,4192,1413,85775,43436,42339,2860,243,2617,757,120,637,102,21,81,0,0,0
29,560,District - Koppal (06),Total,35-39,94925,46566,48359,2071,1169,902,87501,44910,42591,4445,344,4101,823,122,701,85,21,64,0,0,0
29,560,District - Koppal (06),Total,40-44,74707,38744,35963,1183,603,580,67440,37583,29857,5272,419,4853,737,121,616,75,18,57,0,0,0
29,560,District - Koppal (06),Total,45-49,65662,33632,32030,797,318,479,57620,32576,25044,6634,606,6028,567,120,447,44,12,32,0,0,0
29,560,District - Koppal (06),Total,50-54,49164,24452,24712,587,226,361,40672,23260,17412,7473,867,6606,395,90,305,37,9,28,0,0,0
29,560,District - Koppal (06),Total,55-59,39807,18077,21730,413,165,248,31693,16936,14757,7449,911,6538,234,60,174,18,5,13,0,0,0
29,560,District - Koppal (06),Total,60-64,44273,19978,24295,729,292,437,29735,18008,11727,13505,1586,11919,281,85,196,23,7,16,0,0,0
29,560,District - Koppal (06),Total,65-69,31411,14600,16811,670,303,367,19022,12656,6366,11544,1575,9969,155,60,95,20,6,14,0,0,0
29,560,District - Koppal (06),Total,70-74,19612,8355,11257,393,149,244,9424,6893,2531,9699,1281,8418,80,30,50,16,2,14,0,0,0
29,560,District - Koppal (06),Total,75-79,8479,3522,4957,134,46,88,3806,2732,1074,4516,734,3782,16,9,7,7,1,6,0,0,0
29,560,District - Koppal (06),Total,80+,10238,3655,6583,441,224,217,3485,2456,1029,6283,963,5320,23,12,11,6,0,6,0,0,0
29,560,District - Koppal (06),Total,Age not stated,1113,604,509,730,446,284,320,150,170,58,7,51,5,1,4,0,0,0,0,0,0
29,560,District - Koppal (06),Total,Less than 18,533675,275153,258522,524436,272894,251542,8834,2129,6705,275,74,201,113,50,63,17,6,11,0,0,0
29,560,District - Koppal (06),Total,Less than 21,637267,328317,308950,597340,321699,275641,39014,6401,32613,600,122,478,270,82,188,43,13,30,0,0,0
29,560,District - Koppal (06),Rural,All ages,1156216,582958,573258,563047,319236,243811,518640,254312,264328,69370,8426,60944,4698,889,3809,461,95,366,0,0,0
29,560,District - Koppal (06),Rural,0-9,243706,124829,118877,243706,124829,118877,0,0,0,0,0,0,0,0,0,0,0,0,0,0,0
29,560,District - Koppal (06),Rural,10-14,131538,67542,63996,128684,66664,62020,2707,827,1880,92,26,66,49,23,26,6,2,4,0,0,0
29,560,District - Koppal (06),Rural,15-19,128575,68805,59770,111000,66307,44693,17178,2400,14778,266,55,211,105,33,72,26,10,16,0,0,0
29,560,District - Koppal (06),Rural,20-24,111022,58122,52900,52597,41545,11052,57360,16452,40908,689,89,600,333,30,303,43,6,37,0,0,0
29,560,District - Koppal (06),Rural,25-29,99193,49477,49716,16535,13796,2739,80414,35441,44973,1554,171,1383,627,61,566,63,8,55,0,0,0
29,560,District - Koppal (06),Rural,30-34,77295,38951,38344,4067,3072,995,70116,35569,34547,2370,192,2178,664,102,562,78,16,62,0,0,0
29,560,District - Koppal (06),Rural,35-39,77388,37660,39728,1517,823,694,71504,36436,35068,3595,279,3316,713,109,604,59,13,46,0,0,0
29,560,District - Koppal (06),Rural,40-44,61396,31875,29521,906,442,464,55538,30962,24576,4242,349,3893,650,108,542,60,14,46,0,0,0
29,560,District - Koppal (06),Rural,45-49,53795,27496,26299,624,245,379,47302,26629,20673,5355,511,4844,483,104,379,31,7,24,0,0,0
29,560,District - Koppal (06),Rural,50-54,40625,20077,20548,478,179,299,33621,19078,14543,6136,733,5403,359,82,277,31,5,26,0,0,0
29,560,District - Koppal (06),Rural,55-59,33038,14753,18285,345,131,214,26441,13799,12642,6038,770,5268,202,50,152,12,3,9,0,0,0
29,560,District - Koppal (06),Rural,60-64,37884,17109,20775,610,235,375,25571,15444,10127,11425,1345,10080,258,79,179,20,6,14,0,0,0
29,560,District - Koppal (06),Rural,65-69,27086,12593,14493,554,248,306,16354,10878,5476,10018,1406,8612,145,58,87,15,3,12,0,0,0
29,560,District - Koppal (06),Rural,70-74,16887,7114,9773,339,129,210,8055,5865,2190,8411,1089,7322,74,30,44,8,1,7,0,0,0
29,560,District - Koppal (06),Rural,75-79,7214,2978,4236,109,34,75,3261,2323,938,3827,612,3215,12,8,4,5,1,4,0,0,0
29,560,District - Koppal (06),Rural,80+,8634,3066,5568,358,182,176,2942,2079,863,5311,794,4517,19,11,8,4,0,4,0,0,0
29,560,District - Koppal (06),Rural,Age not stated,940,511,429,618,375,243,276,130,146,41,5,36,5,1,4,0,0,0,0,0,0
29,560,District - Koppal (06),Rural,Less than 18,449895,232685,217210,442028,230761,211267,7531,1820,5711,229,61,168,92,38,54,15,5,10,0,0,0
29,560,District - Koppal (06),Rural,Less than 21,536350,277415,258935,502016,271753,230263,33561,5482,28079,510,104,406,227,64,163,36,12,24,0,0,0
29,560,District - Koppal (06),Urban,All ages,233704,116968,116736,113599,63135,50464,105826,52151,53675,13474,1513,11961,649,125,524,156,44,112,0,0,0
29,560,District - Koppal (06),Urban,0-9,44915,22689,22226,44915,22689,22226,0,0,0,0,0,0,0,0,0,0,0,0,0,0,0
29,560,District - Koppal (06),Urban,10-14,24590,12508,12082,24060,12349,11711,491,142,349,23,7,16,16,10,6,0,0,0,0,0,0
29,560,District - Koppal (06),Urban,15-19,25158,12659,12499,22308,12241,10067,2785,403,2382,43,9,34,17,5,12,5,1,4,0,0,0
29,560,District - Koppal (06),Urban,20-24,24292,12134,12158,13477,9478,3999,10620,2630,7990,140,17,123,42,6,36,13,3,10,0,0,0
29,560,District - Koppal (06),Urban,25-29,22441,10964,11477,5611,4340,1271,16418,6572,9846,299,29,270,85,16,69,28,7,21,0,0,0
29,560,District - Koppal (06),Urban,30-34,17804,9061,8743,1538,1120,418,15659,7867,7792,490,51,439,93,18,75,24,5,19,0,0,0
29,560,District - Koppal (06),Urban,35-39,17537,8906,8631,554,346,208,15997,8474,7523,850,65,785,110,13,97,26,8,18,0,0,0
29,560,District - Koppal (06),Urban,40-44,13311,6869,6442,277,161,116,11902,6621,5281,1030,70,960,87,13,74,15,4,11,0,0,0
29,560,District - Koppal (06),Urban,45-49,11867,6136,5731,173,73,100,10318,5947,4371,1279,95,1184,84,16,68,13,5,8,0,0,0
29,560,District - Koppal (06),Urban,50-54,8539,4375,4164,109,47,62,7051,4182,2869,1337,134,1203,36,8,28,6,4,2,0,0,0
29,560,District - Koppal (06),Urban,55-59,6769,3324,3445,68,34,34,5252,3137,2115,1411,141,1270,32,10,22,6,2,4,0,0,0
29,560,District - Koppal (06),Urban,60-64,6389,2869,3520,119,57,62,4164,2564,1600,2080,241,1839,23,6,17,3,1,2,0,0,0
29,560,District - Koppal (06),Urban,65-69,4325,2007,2318,116,55,61,2668,1778,890,1526,169,1357,10,2,8,5,3,2,0,0,0
29,560,District - Koppal (06),Urban,70-74,2725,1241,1484,54,20,34,1369,1028,341,1288,192,1096,6,0,6,8,1,7,0,0,0
29,560,District - Koppal (06),Urban,75-79,1265,544,721,25,12,13,545,409,136,689,122,567,4,1,3,2,0,2,0,0,0
29,560,District - Koppal (06),Urban,80+,1604,589,1015,83,42,41,543,377,166,972,169,803,4,1,3,2,0,2,0,0,0
29,560,District - Koppal (06),Urban,Age not stated,173,93,80,112,71,41,44,20,24,17,2,15,0,0,0,0,0,0,0,0,0
29,560,District - Koppal (06),Urban,Less than 18,83780,42468,41312,82408,42133,40275,1303,309,994,46,13,33,21,12,9,2,1,1,0,0,0
29,560,District - Koppal (06),Urban,Less than 21,100917,50902,50015,95324,49946,45378,5453,919,4534,90,18,72,43,18,25,7,1,6,0,0,0
29,561,District - Gadag (07),Total,All ages,1064570,537147,527423,488254,281481,206773,499233,245317,253916,71328,8991,62337,5296,1254,4042,459,104,355,0,0,0
29,561,District - Gadag (07),Total,0-9,188252,96493,91759,188252,96493,91759,0,0,0,0,0,0,0,0,0,0,0,0,0,0,0
29,561,District - Gadag (07),Total,10-14,103829,53204,50625,102055,52676,49379,1617,478,1139,67,17,50,85,33,52,5,0,5,0,0,0
29,561,District - Gadag (07),Total,15-19,108759,57834,50925,97583,56492,41091,10898,1282,9616,156,26,130,116,34,82,6,0,6,0,0,0
29,561,District - Gadag (07),Total,20-24,105623,55321,50302,60763,45600,15163,43987,9605,34382,505,58,447,338,56,282,30,2,28,0,0,0
29,561,District - Gadag (07),Total,25-29,95115,47586,47529,25027,20807,4220,68001,26539,41462,1425,132,1293,584,98,486,78,10,68,0,0,0
29,561,District - Gadag (07),Total,30-34,76009,38361,37648,6786,5271,1515,66359,32776,33583,2067,181,1886,730,120,610,67,13,54,0,0,0
29,561,District - Gadag (07),Total,35-39,78385,37864,40521,2434,1544,890,71408,35831,35577,3625,285,3340,859,188,671,59,16,43,0,0,0
29,561,District - Gadag (07),Total,40-44,64464,32874,31590,1306,693,613,57686,31607,26079,4679,367,4312,729,183,546,64,24,40,0,0,0
29,561,District - Gadag (07),Total,45-49,60211,30853,29358,896,440,456,52706,29718,22988,6009,543,5466,550,137,413,50,15,35,0,0,0
29,561,District - Gadag (07),Total,50-54,45060,22590,22470,658,293,365,37533,21510,16023,6413,672,5741,432,111,321,24,4,20,0,0,0
29,561,District - Gadag (07),Total,55-59,37305,18130,19175,453,205,248,29923,16992,12931,6639,840,5799,263,83,180,27,10,17,0,0,0
29,561,District - Gadag (07),Total,60-64,37821,17544,20277,527,207,320,25973,15934,10039,11008,1322,9686,296,78,218,17,3,14,0,0,0
29,561,District - Gadag (07),Total,65-69,28229,12987,15242,530,237,293,17223,11261,5962,10290,1420,8870,170,64,106,16,5,11,0,0,0
29,561,District - Gadag (07),Total,70-74,17581,7889,9692,251,105,146,8776,6476,2300,8460,1268,7192,87,38,49,7,2,5,0,0,0
29,561,District - Gadag (07),Total,75-79,8652,3860,4792,98,43,55,3942,2976,966,4575,824,3751,32,17,15,5,0,5,0,0,0
29,561,District - Gadag (07),Total,80+,8761,3479,5282,308,175,133,3043,2259,784,5381,1031,4350,25,14,11,4,0,4,0,0,0
29,561,District - Gadag (07),Total,Age not stated,514,278,236,327,200,127,158,73,85,29,5,24,0,0,0,0,0,0,0,0,0
29,561,District - Gadag (07),Total,Less than 18,354434,182958,171476,349510,181825,167685,4624,1049,3575,153,30,123,140,54,86,7,0,7,0,0,0
29,561,District - Gadag (07),Total,Less than 21,428516,221451,207065,406156,218458,187698,21763,2861,18902,323,56,267,254,76,178,20,0,20,0,0,0
29,561,District - Gadag (07),Rural,All ages,685261,347585,337676,312927,182346,130581,321818,158086,163732,46484,6236,40248,3767,859,2908,265,58,207,0,0,0
29,561,District - Gadag (07),Rural,0-9,123413,63291,60122,123413,63291,60122,0,0,0,0,0,0,0,0,0,0,0,0,0,0,0
29,561,District - Gadag (07),Rural,10-14,66840,34435,32405,65679,34079,31600,1065,321,744,46,14,32,48,21,27,2,0,2,0,0,0
29,561,District - Gadag (07),Rural,15-19,70255,37956,32299,62775,37095,25680,7302,826,6476,108,19,89,67,16,51,3,0,3,0,0,0
29,561,District - Gadag (07),Rural,20-24,67533,36138,31395,37999,29711,8288,28921,6356,22565,360,41,319,234,29,205,19,1,18,0,0,0
29,561,District - Gadag (07),Rural,25-29,60469,30578,29891,14919,12829,2090,44110,17589,26521,945,85,860,444,70,374,51,5,46,0,0,0
29,561,District - Gadag (07),Rural,30-34,47327,23967,23360,3779,3030,749,41671,20731,20940,1310,122,1188,528,75,453,39,9,30,0,0,0
29,561,District - Gadag (07),Rural,35-39,49628,23965,25663,1342,858,484,45380,22783,22597,2255,195,2060,614,121,493,37,8,29,0,0,0
29,561,District - Gadag (07),Rural,40-44,40825,20777,20048,699,367,332,36705,20024,16681,2871,245,2626,514,126,388,36,15,21,0,0,0
29,561,District - Gadag (07),Rural,45-49,38706,19980,18726,485,241,244,34065,19248,14817,3765,391,3374,368,97,271,23,3,20,0,0,0
29,561,District - Gadag (07),Rural,50-54,28599,14284,14315,346,152,194,23916,13578,10338,4011,466,3545,314,85,229,12,3,9,0,0,0
29,561,District - Gadag (07),Rural,55-59,24028,11541,12487,240,106,134,19336,10772,8564,4249,598,3651,190,60,130,13,5,8,0,0,0
29,561,District - Gadag (07),Rural,60-64,25234,11639,13595,286,111,175,17346,10537,6809,7372,926,6446,217,62,155,13,3,10,0,0,0
29,561,District - Gadag (07),Rural,65-69,19055,8846,10209,324,143,181,11602,7624,3978,6990,1026,5964,128,48,80,11,5,6,0,0,0
29,561,District - Gadag (07),Rural,70-74,11733,5199,6534,148,60,88,5791,4248,1543,5730,863,4867,60,27,33,4,1,3,0,0,0
29,561,District - Gadag (07),Rural,75-79,5585,2520,3065,53,19,34,2541,1937,604,2966,551,2415,24,13,11,1,0,1,0,0,0
29,561,District - Gadag (07),Rural,80+,5677,2287,3390,206,117,89,1969,1470,499,3484,691,2793,17,9,8,1,0,1,0,0,0
29,561,District - Gadag (07),Rural,Age not stated,354,182,172,234,137,97,98,42,56,22,3,19,0,0,0,0,0,0,0,0,0
29,561,District - Gadag (07),Rural,Less than 18,230360,119402,110958,227201,118654,108547,2968,693,2275,107,25,82,81,30,51,3,0,3,0,0,0
29,561,District - Gadag (07),Rural,Less than 21,278727,144990,133737,263709,143050,120659,14628,1857,12771,226,42,184,153,41,112,11,0,11,0,0,0
29,561,District - Gadag (07),Urban,All ages,379309,189562,189747,175327,99135,76192,177415,87231,90184,24844,2755,22089,1529,395,1134,194,46,148,0,0,0
29,561,District - Gadag (07),Urban,0-9,64839,33202,31637,64839,33202,31637,0,0,0,0,0,0,0,0,0,0,0,0,0,0,0
29,561,District - Gadag (07),Urban,10-14,36989,18769,18220,36376,18597,17779,552,157,395,21,3,18,37,12,25,3,0,3,0,0,0
29,561,District - Gadag (07),Urban,15-19,38504,19878,18626,34808,19397,15411,3596,456,3140,48,7,41,49,18,31,3,0,3,0,0,0
29,561,District - Gadag (07),Urban,20-24,38090,19183,18907,22764,15889,6875,15066,3249,11817,145,17,128,104,27,77,11,1,10,0,0,0
29,561,District - Gadag (07),Urban,25-29,34646,17008,17638,10108,7978,2130,23891,8950,14941,480,47,433,140,28,112,27,5,22,0,0,0
29,561,District - Gadag (07),Urban,30-34,28682,14394,14288,3007,2241,766,24688,12045,12643,757,59,698,202,45,157,28,4,24,0,0,0
29,561,District - Gadag (07),Urban,35-39,28757,13899,14858,1092,686,406,26028,13048,12980,1370,90,1280,245,67,178,22,8,14,0,0,0
29,561,District - Gadag (07),Urban,40-44,23639,12097,11542,607,326,281,20981,11583,9398,1808,122,1686,215,57,158,28,9,19,0,0,0
29,561,District - Gadag (07),Urban,45-49,21505,10873,10632,411,199,212,18641,10470,8171,2244,152,2092,182,40,142,27,12,15,0,0,0
29,561,District - Gadag (07),Urban,50-54,16461,8306,8155,312,141,171,13617,7932,5685,2402,206,2196,118,26,92,12,1,11,0,0,0
29,561,District - Gadag (07),Urban,55-59,13277,6589,6688,213,99,114,10587,6220,4367,2390,242,2148,73,23,50,14,5,9,0,0,0
29,561,District - Gadag (07),Urban,60-64,12587,5905,6682,241,96,145,8627,5397,3230,3636,396,3240,79,16,63,4,0,4,0,0,0
29,561,District - Gadag (07),Urban,65-69,9174,4141,5033,206,94,112,5621,3637,1984,3300,394,2906,42,16,26,5,0,5,0,0,0
29,561,District - Gadag (07),Urban,70-74,5848,2690,3158,103,45,58,2985,2228,757,2730,405,2325,27,11,16,3,1,2,0,0,0
29,561,District - Gadag (07),Urban,75-79,3067,1340,1727,45,24,21,1401,1039,362,1609,273,1336,8,4,4,4,0,4,0,0,0
29,561,District - Gadag (07),Urban,80+,3084,1192,1892,102,58,44,1074,789,285,1897,340,1557,8,5,3,3,0,3,0,0,0
29,561,District - Gadag (07),Urban,Age not stated,160,96,64,93,63,30,60,31,29,7,2,5,0,0,0,0,0,0,0,0,0
29,561,District - Gadag (07),Urban,Less than 18,124074,63556,60518,122309,63171,59138,1656,356,1300,46,5,41,59,24,35,4,0,4,0,0,0
29,561,District - Gadag (07),Urban,Less than 21,149789,76461,73328,142447,75408,67039,7135,1004,6131,97,14,83,101,35,66,9,0,9,0,0,0
29,562,District - Dharwad (08),Total,All ages,1847023,937206,909817,837798,481984,355814,892663,437885,454778,105613,14449,91164,9800,2572,7228,1149,316,833,0,0,0
29,562,District - Dharwad (08),Total,0-9,314358,161487,152871,314358,161487,152871,0,0,0,0,0,0,0,0,0,0,0,0,0,0,0
29,562,District - Dharwad (08),Total,10-14,174269,89676,84593,171439,88778,82661,2584,789,1795,73,22,51,165,82,83,8,5,3,0,0,0
29,562,District - Dharwad (08),Total,15-19,177607,93105,84502,160440,91066,69374,16716,1876,14840,203,42,161,223,114,109,25,7,18,0,0,0
29,562,District - Dharwad (08),Total,20-24,183861,95334,88527,111751,81301,30450,70938,13873,57065,599,55,544,498,96,402,75,9,66,0,0,0
29,562,District - Dharwad (08),Total,25-29,167840,83224,84616,48600,39301,9299,116340,43521,72819,1748,192,1556,1013,179,834,139,31,108,0,0,0
29,562,District - Dharwad (08),Total,30-34,139284,70523,68761,14071,10872,3199,120597,59039,61558,3163,321,2842,1273,243,1030,180,48,132,0,0,0
29,562,District - Dharwad (08),Total,35-39,141652,69350,72302,5417,3435,1982,129016,65064,63952,5420,449,4971,1593,352,1241,206,50,156,0,0,0
29,562,District - Dharwad (08),Total,40-44,116998,60344,56654,3009,1636,1373,105585,57623,47962,6876,669,6207,1395,365,1030,133,51,82,0,0,0
29,562,District - Dharwad (08),Total,45-49,107754,54855,52899,2100,1018,1082,95151,52587,42564,9147,886,8261,1210,324,886,146,40,106,0,0,0
29,562,District - Dharwad (08),Total,50-54,82652,42945,39707,1493,648,845,70662,41034,29628,9564,993,8571,852,243,609,81,27,54,0,0,0
29,562,District - Dharwad (08),Total,55-59,66158,33078,33080,1001,400,601,54832,31324,23508,9777,1173,8604,503,170,333,45,11,34,0,0,0
29,562,District - Dharwad (08),Total,60-64,62894,30407,32487,1175,491,684,46120,27890,18230,15039,1842,13197,507,165,342,53,19,34,0,0,0
29,562,District - Dharwad (08),Total,65-69,47798,22805,24993,1078,495,583,31780,20131,11649,14599,2059,12540,312,112,200,29,8,21,0,0,0
29,562,District - Dharwad (08),Total,70-74,30235,14729,15506,513,248,265,17244,12316,4928,12322,2096,10226,139,64,75,17,5,12,0,0,0
29,562,District - Dharwad (08),Total,75-79,16093,7769,8324,203,87,116,8424,6116,2308,7392,1526,5866,67,37,30,7,3,4,0,0,0
29,562,District - Dharwad (08),Total,80+,16747,7049,9698,603,334,269,6445,4579,1866,9646,2109,7537,48,25,23,5,2,3,0,0,0
29,562,District - Dharwad (08),Total,Age not stated,823,526,297,547,387,160,229,123,106,45,15,30,2,1,1,0,0,0,0,0,0
29,562,District - Dharwad (08),Total,Less than 18,590185,304444,285741,582420,302539,279881,7271,1701,5570,200,47,153,276,147,129,18,10,8,0,0,0
29,562,District - Dharwad (08),Total,Less than 21,711719,367153,344566,677559,362627,314932,33265,4229,29036,376,70,306,472,214,258,47,13,34,0,0,0
29,562,District - Dharwad (08),Rural,All ages,797484,409416,388068,356767,209923,146844,387670,190610,197060,46530,7216,39314,6087,1531,4556,430,136,294,0,0,0
29,562,District - Dharwad (08),Rural,0-9,142725,73511,69214,142725,73511,69214,0,0,0,0,0,0,0,0,0,0,0,0,0,0,0
29,562,District - Dharwad (08),Rural,10-14,76181,39302,36879,75090,38987,36103,1016,282,734,20,7,13,54,26,28,1,0,1,0,0,0
29,562,District - Dharwad (08),Rural,15-19,76864,41506,35358,68575,40686,27889,8101,757,7344,82,18,64,94,40,54,12,5,7,0,0,0
29,562,District - Dharwad (08),Rural,20-24,77363,41790,35573,43777,35279,8498,32998,6434,26564,264,27,237,288,46,242,36,4,32,0,0,0
29,562,District - Dharwad (08),Rural,25-29,69409,35053,34356,17184,15119,2065,50768,19729,31039,780,89,691,623,100,523,54,16,38,0,0,0
29,562,District - Dharwad (08),Rural,30-34,57695,29423,28272,4441,3630,811,50987,25484,25503,1390,139,1251,819,149,670,58,21,37,0,0,0
29,562,District - Dharwad (08),Rural,35-39,60086,29301,30785,1646,1049,597,55107,27821,27286,2276,200,2076,985,207,778,72,24,48,0,0,0
29,562,District - Dharwad (08),Rural,40-44,50127,26104,24023,880,450,430,45488,25114,20374,2815,291,2524,892,229,663,52,20,32,0,0,0
29,562,District - Dharwad (08),Rural,45-49,45447,23739,21708,613,288,325,40409,22789,17620,3625,448,3177,755,200,555,45,14,31,0,0,0
29,562,District - Dharwad (08),Rural,50-54,33607,17489,16118,417,186,231,28850,16643,12207,3774,498,3276,535,153,382,31,9,22,0,0,0
29,562,District - Dharwad (08),Rural,55-59,27210,13441,13769,281,146,135,22808,12595,10213,3788,588,3200,318,110,208,15,2,13,0,0,0
29,562,District - Dharwad (08),Rural,60-64,28601,13598,15003,327,148,179,21163,12428,8735,6747,907,5840,340,104,236,24,11,13,0,0,0
29,562,District - Dharwad (08),Rural,65-69,23403,11376,12027,289,152,137,15601,10001,5600,7291,1143,6148,209,77,132,13,3,10,0,0,0
29,562,District - Dharwad (08),Rural,70-74,14308,7051,7257,139,76,63,7990,5821,2169,6078,1105,4973,90,45,45,11,4,7,0,0,0
29,562,District - Dharwad (08),Rural,75-79,6926,3385,3541,55,24,31,3533,2606,927,3284,726,2558,50,27,23,4,2,2,0,0,0
29,562,District - Dharwad (08),Rural,80+,7316,3224,4092,183,105,78,2800,2077,723,4298,1024,3274,33,17,16,2,1,1,0,0,0
29,562,District - Dharwad (08),Rural,Age not stated,216,123,93,145,87,58,51,29,22,18,6,12,2,1,1,0,0,0,0,0,0
29,562,District - Dharwad (08),Rural,Less than 18,262936,136449,126487,259673,135748,123925,3095,635,2460,73,18,55,89,44,45,6,4,2,0,0,0
29,562,District - Dharwad (08),Rural,Less than 21,316465,165052,151413,299691,163189,136502,16408,1758,14650,152,27,125,194,72,122,20,6,14,0,0,0
29,562,District - Dharwad (08),Urban,All ages,1049539,527790,521749,481031,272061,208970,504993,247275,257718,59083,7233,51850,3713,1041,2672,719,180,539,0,0,0
29,562,District - Dharwad (08),Urban,0-9,171633,87976,83657,171633,87976,83657,0,0,0,0,0,0,0,0,0,0,0,0,0,0,0
29,562,District - Dharwad (08),Urban,10-14,98088,50374,47714,96349,49791,46558,1568,507,1061,53,15,38,111,56,55,7,5,2,0,0,0
29,562,District - Dharwad (08),Urban,15-19,100743,51599,49144,91865,50380,41485,8615,1119,7496,121,24,97,129,74,55,13,2,11,0,0,0
29,562,District - Dharwad (08),Urban,20-24,106498,53544,52954,67974,46022,21952,37940,7439,30501,335,28,307,210,50,160,39,5,34,0,0,0
29,562,District - Dharwad (08),Urban,25-29,98431,48171,50260,31416,24182,7234,65572,23792,41780,968,103,865,390,79,311,85,15,70,0,0,0
29,562,District - Dharwad (08),Urban,30-34,81589,41100,40489,9630,7242,2388,69610,33555,36055,1773,182,1591,454,94,360,122,27,95,0,0,0
29,562,District - Dharwad (08),Urban,35-39,81566,40049,41517,3771,2386,1385,73909,37243,36666,3144,249,2895,608,145,463,134,26,108,0,0,0
29,562,District - Dharwad (08),Urban,40-44,66871,34240,32631,2129,1186,943,60097,32509,27588,4061,378,3683,503,136,367,81,31,50,0,0,0
29,562,District - Dharwad (08),Urban,45-49,62307,31116,31191,1487,730,757,54742,29798,24944,5522,438,5084,455,124,331,101,26,75,0,0,0
29,562,District - Dharwad (08),Urban,50-54,49045,25456,23589,1076,462,614,41812,24391,17421,5790,495,5295,317,90,227,50,18,32,0,0,0
29,562,District - Dharwad (08),Urban,55-59,38948,19637,19311,720,254,466,32024,18729,13295,5989,585,5404,185,60,125,30,9,21,0,0,0
29,562,District - Dharwad (08),Urban,60-64,34293,16809,17484,848,343,505,24957,15462,9495,8292,935,7357,167,61,106,29,8,21,0,0,0
29,562,District - Dharwad (08),Urban,65-69,24395,11429,12966,789,343,446,16179,10130,6049,7308,916,6392,103,35,68,16,5,11,0,0,0
29,562,District - Dharwad (08),Urban,70-74,15927,7678,8249,374,172,202,9254,6495,2759,6244,991,5253,49,19,30,6,1,5,0,0,0
29,562,District - Dharwad (08),Urban,75-79,9167,4384,4783,148,63,85,4891,3510,1381,4108,800,3308,17,10,7,3,1,2,0,0,0
29,562,District - Dharwad (08),Urban,80+,9431,3825,5606,420,229,191,3645,2502,1143,5348,1085,4263,15,8,7,3,1,2,0,0,0
29,562,District - Dharwad (08),Urban,Age not stated,607,403,204,402,300,102,178,94,84,27,9,18,0,0,0,0,0,0,0,0,0
29,562,District - Dharwad (08),Urban,Less than 18,327249,167995,159254,322747,166791,155956,4176,1066,3110,127,29,98,187,103,84,12,6,6,0,0,0
29,562,District - Dharwad (08),Urban,Less than 21,395254,202101,193153,377868,199438,178430,16857,2471,14386,224,43,181,278,142,136,27,7,20,0,0,0
29,563,District - Uttara Kannada (09),Total,All ages,1437169,726256,710913,649415,370742,278673,692809,342703,350106,88416,11088,77328,5667,1489,4178,862,234,628,0,0,0
29,563,District - Uttara Kannada (09),Total,0-9,217631,111704,105927,217631,111704,105927,0,0,0,0,0,0,0,0,0,0,0,0,0,0,0
29,563,District - Uttara Kannada (09),Total,10-14,129579,67126,62453,127877,66634,61243,1595,451,1144,58,20,38,49,21,28,0,0,0,0,0,0
29,563,District - Uttara Kannada (09),Total,15-19,129525,66658,62867,120927,65347,55580,8433,1270,7163,95,17,78,66,22,44,4,2,2,0,0,0
29,563,District - Uttara Kannada (09),Total,20-24,134794,68242,66552,93654,59634,34020,40614,8517,32097,304,56,248,195,31,164,27,4,23,0,0,0
29,563,District - Uttara Kannada (09),Total,25-29,130752,65639,65113,51690,38959,12731,77623,26442,51181,852,116,736,506,109,397,81,13,68,0,0,0
29,563,District - Uttara Kannada (09),Total,30-34,111651,57115,54536,19431,15943,3488,89618,40740,48878,1739,234,1505,721,167,554,142,31,111,0,0,0
29,563,District - Uttara Kannada (09),Total,35-39,110155,54761,55394,7171,5572,1599,98723,48658,50065,3231,286,2945,877,200,677,153,45,108,0,0,0
29,563,District - Uttara Kannada (09),Total,40-44,97525,49419,48106,3572,2539,1033,88283,46231,42052,4649,381,4268,866,218,648,155,50,105,0,0,0
29,563,District - Uttara Kannada (09),Total,45-49,93318,47101,46217,2167,1403,764,83168,44831,38337,7091,645,6446,780,191,589,112,31,81,0,0,0
29,563,District - Uttara Kannada (09),Total,50-54,74743,38573,36170,1383,807,576,64562,36822,27740,8211,783,7428,520,137,383,67,24,43,0,0,0
29,563,District - Uttara Kannada (09),Total,55-59,61153,31205,29948,960,521,439,50881,29604,21277,8904,969,7935,356,99,257,52,12,40,0,0,0
29,563,District - Uttara Kannada (09),Total,60-64,51061,25274,25787,795,414,381,37661,23388,14273,12263,1360,10903,311,103,208,31,9,22,0,0,0
29,563,District - Uttara Kannada (09),Total,65-69,39455,18275,21180,646,343,303,25296,16253,9043,13259,1578,11681,235,96,139,19,5,14,0,0,0
29,563,District - Uttara Kannada (09),Total,70-74,26188,12132,14056,418,247,171,14237,10249,3988,11428,1575,9853,98,57,41,7,4,3,0,0,0
29,563,District - Uttara Kannada (09),Total,75-79,14605,6629,7976,268,170,98,6930,5226,1704,7355,1206,6149,46,24,22,6,3,3,0,0,0
29,563,District - Uttara Kannada (09),Total,80+,14337,6044,8293,408,263,145,4961,3912,1049,8926,1855,7071,36,13,23,6,1,5,0,0,0
29,563,District - Uttara Kannada (09),Total,Age not stated,697,359,338,417,242,175,224,109,115,51,7,44,5,1,4,0,0,0,0,0,0
29,563,District - Uttara Kannada (09),Total,Less than 18,423291,218050,205241,418176,216901,201275,4915,1085,3830,121,29,92,77,33,44,2,2,0,0,0,0
29,563,District - Uttara Kannada (09),Total,Less than 21,506143,260392,245751,489232,257401,231831,16546,2891,13655,218,49,169,138,49,89,9,2,7,0,0,0
29,563,District - Uttara Kannada (09),Rural,All ages,1018188,514910,503278,457106,260806,196300,493411,244473,248938,62954,8351,54603,4224,1131,3093,493,149,344,0,0,0
29,563,District - Uttara Kannada (09),Rural,0-9,154730,79364,75366,154730,79364,75366,0,0,0,0,0,0,0,0,0,0,0,0,0,0,0
29,563,District - Uttara Kannada (09),Rural,10-14,92187,47773,44414,90992,47423,43569,1124,323,801,38,11,27,33,16,17,0,0,0,0,0,0
29,563,District - Uttara Kannada (09),Rural,15-19,92256,47406,44850,86109,46478,39631,6029,900,5129,74,16,58,41,10,31,3,2,1,0,0,0
29,563,District - Uttara Kannada (09),Rural,20-24,95388,48239,47149,65779,41942,23837,29249,6236,23013,208,40,168,134,18,116,18,3,15,0,0,0
29,563,District - Uttara Kannada (09),Rural,25-29,92811,46948,45863,35574,27134,8440,56206,19638,36568,621,88,533,366,80,286,44,8,36,0,0,0
29,563,District - Uttara Kannada (09),Rural,30-34,77854,40005,37849,12764,10599,2165,63202,29082,34120,1266,180,1086,540,124,416,82,20,62,0,0,0
29,563,District - Uttara Kannada (09),Rural,35-39,77191,38467,38724,4429,3499,930,69747,34561,35186,2272,227,2045,663,153,510,80,27,53,0,0,0
29,563,District - Uttara Kannada (09),Rural,40-44,68924,34757,34167,2199,1594,605,62716,32675,30041,3269,283,2986,661,179,482,79,26,53,0,0,0
29,563,District - Uttara Kannada (09),Rural,45-49,66484,33644,32840,1299,868,431,59620,32131,27489,4936,488,4448,571,140,431,58,17,41,0,0,0
29,563,District - Uttara Kannada (09),Rural,50-54,52687,27319,25368,826,490,336,45721,26131,19590,5698,583,5115,391,96,295,51,19,32,0,0,0
29,563,District - Uttara Kannada (09),Rural,55-59,42575,21612,20963,549,300,249,35678,20493,15185,6049,733,5316,265,76,189,34,10,24,0,0,0
29,563,District - Uttara Kannada (09),Rural,60-64,36115,17866,18249,458,253,205,26706,16513,10193,8700,1018,7682,229,75,154,22,7,15,0,0,0
29,563,District - Uttara Kannada (09),Rural,65-69,28758,13342,15416,383,216,167,18452,11823,6629,9730,1217,8513,182,81,101,11,5,6,0,0,0
29,563,District - Uttara Kannada (09),Rural,70-74,18710,8599,10111,237,158,79,10132,7228,2904,8259,1163,7096,77,48,29,5,2,3,0,0,0
29,563,District - Uttara Kannada (09),Rural,75-79,10503,4765,5738,169,114,55,4976,3727,1249,5317,901,4416,38,21,17,3,2,1,0,0,0
29,563,District - Uttara Kannada (09),Rural,80+,10457,4514,5943,264,172,92,3684,2932,752,6477,1396,5081,29,13,16,3,1,2,0,0,0
29,563,District - Uttara Kannada (09),Rural,Age not stated,558,290,268,345,202,143,169,80,89,40,7,33,4,1,3,0,0,0,0,0,0
29,563,District - Uttara Kannada (09),Rural,Less than 18,301340,155241,146099,297700,154420,143280,3502,777,2725,88,20,68,48,22,26,2,2,0,0,0,0
29,563,District - Uttara Kannada (09),Rural,Less than 21,360109,185122,174987,347968,182988,164980,11885,2066,9819,158,36,122,91,30,61,7,2,5,0,0,0
29,563,District - Uttara Kannada (09),Urban,All ages,418981,211346,207635,192309,109936,82373,199398,98230,101168,25462,2737,22725,1443,358,1085,369,85,284,0,0,0
29,563,District - Uttara Kannada (09),Urban,0-9,62901,32340,30561,62901,32340,30561,0,0,0,0,0,0,0,0,0,0,0,0,0,0,0
29,563,District - Uttara Kannada (09),Urban,10-14,37392,19353,18039,36885,19211,17674,471,128,343,20,9,11,16,5,11,0,0,0,0,0,0
29,563,District - Uttara Kannada (09),Urban,15-19,37269,19252,18017,34818,18869,15949,2404,370,2034,21,1,20,25,12,13,1,0,1,0,0,0
29,563,District - Uttara Kannada (09),Urban,20-24,39406,20003,19403,27875,17692,10183,11365,2281,9084,96,16,80,61,13,48,9,1,8,0,0,0
29,563,District - Uttara Kannada (09),Urban,25-29,37941,18691,19250,16116,11825,4291,21417,6804,14613,231,28,203,140,29,111,37,5,32,0,0,0
29,563,District - Uttara Kannada (09),Urban,30-34,33797,17110,16687,6667,5344,1323,26416,11658,14758,473,54,419,181,43,138,60,11,49,0,0,0
29,563,District - Uttara Kannada (09),Urban,35-39,32964,16294,16670,2742,2073,669,28976,14097,14879,959,59,900,214,47,167,73,18,55,0,0,0
29,563,District - Uttara Kannada (09),Urban,40-44,28601,14662,13939,1373,945,428,25567,13556,12011,1380,98,1282,205,39,166,76,24,52,0,0,0
29,563,District - Uttara Kannada (09),Urban,45-49,26834,13457,13377,868,535,333,23548,12700,10848,2155,157,1998,209,51,158,54,14,40,0,0,0
29,563,District - Uttara Kannada (09),Urban,50-54,22056,11254,10802,557,317,240,18841,10691,8150,2513,200,2313,129,41,88,16,5,11,0,0,0
29,563,District - Uttara Kannada (09),Urban,55-59,18578,9593,8985,411,221,190,15203,9111,6092,2855,236,2619,91,23,68,18,2,16,0,0,0
29,563,District - Uttara Kannada (09),Urban,60-64,14946,7408,7538,337,161,176,10955,6875,4080,3563,342,3221,82,28,54,9,2,7,0,0,0
29,563,District - Uttara Kannada (09),Urban,65-69,10697,4933,5764,263,127,136,6844,4430,2414,3529,361,3168,53,15,38,8,0,8,0,0,0
29,563,District - Uttara Kannada (09),Urban,70-74,7478,3533,3945,181,89,92,4105,3021,1084,3169,412,2757,21,9,12,2,2,0,0,0,0
29,563,District - Uttara Kannada (09),Urban,75-79,4102,1864,2238,99,56,43,1954,1499,455,2038,305,1733,8,3,5,3,1,2,0,0,0
29,563,District - Uttara Kannada (09),Urban,80+,3880,1530,2350,144,91,53,1277,980,297,2449,459,1990,7,0,7,3,0,3,0,0,0
29,563,District - Uttara Kannada (09),Urban,Age not stated,139,69,70,72,40,32,55,29,26,11,0,11,1,0,1,0,0,0,0,0,0
29,563,District - Uttara Kannada (09),Urban,Less than 18,121951,62809,59142,120476,62481,57995,1413,308,1105,33,9,24,29,11,18,0,0,0,0,0,0
29,563,District - Uttara Kannada (09),Urban,Less than 21,146034,75270,70764,141264,74413,66851,4661,825,3836,60,13,47,47,19,28,2,0,2,0,0,0
29,564,District - Haveri (10),Total,All ages,1597668,819128,778540,748764,433827,314937,749451,371223,378228,91804,12500,79304,6920,1411,5509,729,167,562,0,0,0
29,564,District - Haveri (10),Total,0-9,278971,143095,135876,278971,143095,135876,0,0,0,0,0,0,0,0,0,0,0,0,0,0,0
29,564,District - Haveri (10),Total,10-14,158009,81153,76856,155739,80367,75372,2077,708,1369,99,30,69,88,44,44,6,4,2,0,0,0
29,564,District - Haveri (10),Total,15-19,164613,86225,78388,151465,84587,66878,12778,1537,11241,222,45,177,132,49,83,16,7,9,0,0,0
29,564,District - Haveri (10),Total,20-24,160382,86144,74238,99693,74840,24853,59633,11139,48494,615,87,528,398,72,326,43,6,37,0,0,0
29,564,District - Haveri (10),Total,25-29,142478,73116,69362,42266,36274,5992,97705,36538,61167,1641,195,1446,775,97,678,91,12,79,0,0,0
29,564,District - Haveri (10),Total,30-34,115402,58842,56560,10883,9035,1848,100767,49369,51398,2708,278,2430,931,140,791,113,20,93,0,0,0
29,564,District - Haveri (10),Total,35-39,117698,57342,60356,3477,2382,1095,108422,54348,54074,4586,413,4173,1084,168,916,129,31,98,0,0,0
29,564,District - Haveri (10),Total,40-44,99723,51249,48474,1760,990,770,90845,49481,41364,5971,559,5412,1028,196,832,119,23,96,0,0,0
29,564,District - Haveri (10),Total,45-49,93271,48409,44862,1148,607,541,83084,46790,36294,8064,795,7269,874,186,688,101,31,70,0,0,0
29,564,District - Haveri (10),Total,50-54,69697,36489,33208,779,398,381,59619,35058,24561,8655,882,7773,601,140,461,43,11,32,0,0,0
29,564,District - Haveri (10),Total,55-59,55751,27770,27981,538,243,295,46041,26407,19634,8796,1022,7774,348,93,255,28,5,23,0,0,0
29,564,District - Haveri (10),Total,60-64,51422,25629,25793,542,245,297,37650,23630,14020,12912,1670,11242,305,80,225,13,4,9,0,0,0
29,564,District - Haveri (10),Total,65-69,40598,20303,20295,434,197,237,26886,18051,8835,13086,1982,11104,181,68,113,11,5,6,0,0,0
29,564,District - Haveri (10),Total,70-74,24679,11950,12729,252,111,141,13329,10027,3302,10998,1768,9230,89,37,52,11,7,4,0,0,0
29,564,District - Haveri (10),Total,75-79,11891,5860,6031,110,54,56,5980,4627,1353,5758,1157,4601,43,22,21,0,0,0,0,0,0
29,564,District - Haveri (10),Total,80+,12548,5246,7302,345,171,174,4506,3452,1054,7651,1604,6047,42,18,24,4,1,3,0,0,0
29,564,District - Haveri (10),Total,Age not stated,535,306,229,362,231,131,129,61,68,42,13,29,1,1,0,1,0,1,0,0,0
29,564,District - Haveri (10),Total,Less than 18,531832,273795,258037,525915,272196,253719,5510,1463,4047,238,51,187,155,77,78,14,8,6,0,0,0
29,564,District - Haveri (10),Total,Less than 21,642835,331777,311058,615307,327981,287326,26780,3582,23198,425,94,331,291,108,183,32,12,20,0,0,0
29,564,District - Haveri (10),Rural,All ages,1242167,638450,603717,573705,334722,238983,589977,292206,297771,72100,10188,61912,5855,1207,4648,530,127,403,0,0,0
29,564,District - Haveri (10),Rural,0-9,216000,110401,105599,216000,110401,105599,0,0,0,0,0,0,0,0,0,0,0,0,0,0,0
29,564,District - Haveri (10),Rural,10-14,120862,62043,58819,119123,61432,57691,1592,548,1044,74,24,50,71,37,34,2,2,0,0,0,0
29,564,District - Haveri (10),Rural,15-19,126405,66841,59564,115959,65569,50390,10157,1197,8960,175,32,143,100,38,62,14,5,9,0,0,0
29,564,District - Haveri (10),Rural,20-24,123545,67361,56184,75657,58417,17240,47055,8806,38249,488,76,412,317,57,260,28,5,23,0,0,0
29,564,District - Haveri (10),Rural,25-29,110003,57062,52941,32031,28075,3956,75998,28741,47257,1283,158,1125,626,78,548,65,10,55,0,0,0
29,564,District - Haveri (10),Rural,30-34,88609,45198,43411,7926,6715,1211,77802,38137,39665,2017,216,1801,781,112,669,83,18,65,0,0,0
29,564,District - Haveri (10),Rural,35-39,91388,44381,47007,2512,1743,769,84414,42152,42262,3436,315,3121,935,146,789,91,25,66,0,0,0
29,564,District - Haveri (10),Rural,40-44,78062,40009,38053,1248,709,539,71295,38658,32637,4531,452,4079,895,172,723,93,18,75,0,0,0
29,564,District - Haveri (10),Rural,45-49,73477,38208,35269,799,418,381,65792,36964,28828,6079,644,5435,735,160,575,72,22,50,0,0,0
29,564,District - Haveri (10),Rural,50-54,54904,28739,26165,569,297,272,47176,27594,19582,6613,715,5898,511,124,387,35,9,26,0,0,0
29,564,District - Haveri (10),Rural,55-59,44218,21946,22272,380,186,194,36759,20857,15902,6752,813,5939,307,86,221,20,4,16,0,0,0
29,564,District - Haveri (10),Rural,60-64,41283,20599,20684,393,195,198,30381,18984,11397,10229,1346,8883,272,73,199,8,1,7,0,0,0
29,564,District - Haveri (10),Rural,65-69,33151,16628,16523,325,149,176,22097,14763,7334,10564,1654,8910,157,59,98,8,3,5,0,0,0
29,564,District - Haveri (10),Rural,70-74,20208,9798,10410,187,88,99,10879,8184,2695,9062,1494,7568,74,28,46,6,4,2,0,0,0
29,564,District - Haveri (10),Rural,75-79,9580,4760,4820,78,33,45,4844,3766,1078,4623,942,3681,35,19,16,0,0,0,0,0,0
29,564,District - Haveri (10),Rural,80+,10059,4241,5818,244,120,124,3635,2808,827,6138,1295,4843,38,17,21,4,1,3,0,0,0
29,564,District - Haveri (10),Rural,Age not stated,413,235,178,274,175,99,101,47,54,36,12,24,1,1,0,1,0,1,0,0,0
29,564,District - Haveri (10),Rural,Less than 18,409713,210753,198960,405168,209498,195670,4232,1147,3085,182,41,141,123,63,60,8,4,4,0,0,0
29,564,District - Haveri (10),Rural,Less than 21,495304,256138,239166,473479,253206,220273,21236,2765,18471,335,73,262,230,86,144,24,8,16,0,0,0
29,564,District - Haveri (10),Urban,All ages,355501,180678,174823,175059,99105,75954,159474,79017,80457,19704,2312,17392,1065,204,861,199,40,159,0,0,0
29,564,District - Haveri (10),Urban,0-9,62971,32694,30277,62971,32694,30277,0,0,0,0,0,0,0,0,0,0,0,0,0,0,0
29,564,District - Haveri (10),Urban,10-14,37147,19110,18037,36616,18935,17681,485,160,325,25,6,19,17,7,10,4,2,2,0,0,0
29,564,District - Haveri (10),Urban,15-19,38208,19384,18824,35506,19018,16488,2621,340,2281,47,13,34,32,11,21,2,2,0,0,0,0
29,564,District - Haveri (10),Urban,20-24,36837,18783,18054,24036,16423,7613,12578,2333,10245,127,11,116,81,15,66,15,1,14,0,0,0
29,564,District - Haveri (10),Urban,25-29,32475,16054,16421,10235,8199,2036,21707,7797,13910,358,37,321,149,19,130,26,2,24,0,0,0
29,564,District - Haveri (10),Urban,30-34,26793,13644,13149,2957,2320,637,22965,11232,11733,691,62,629,150,28,122,30,2,28,0,0,0
29,564,District - Haveri (10),Urban,35-39,26310,12961,13349,965,639,326,24008,12196,11812,1150,98,1052,149,22,127,38,6,32,0,0,0
29,564,District - Haveri (10),Urban,40-44,21661,11240,10421,512,281,231,19550,10823,8727,1440,107,1333,133,24,109,26,5,21,0,0,0
29,564,District - Haveri (10),Urban,45-49,19794,10201,9593,349,189,160,17292,9826,7466,1985,151,1834,139,26,113,29,9,20,0,0,0
29,564,District - Haveri (10),Urban,50-54,14793,7750,7043,210,101,109,12443,7464,4979,2042,167,1875,90,16,74,8,2,6,0,0,0
29,564,District - Haveri (10),Urban,55-59,11533,5824,5709,158,57,101,9282,5550,3732,2044,209,1835,41,7,34,8,1,7,0,0,0
29,564,District - Haveri (10),Urban,60-64,10139,5030,5109,149,50,99,7269,4646,2623,2683,324,2359,33,7,26,5,3,2,0,0,0
29,564,District - Haveri (10),Urban,65-69,7447,3675,3772,109,48,61,4789,3288,1501,2522,328,2194,24,9,15,3,2,1,0,0,0
29,564,District - Haveri (10),Urban,70-74,4471,2152,2319,65,23,42,2450,1843,607,1936,274,1662,15,9,6,5,3,2,0,0,0
29,564,District - Haveri (10),Urban,75-79,2311,1100,1211,32,21,11,1136,861,275,1135,215,920,8,3,5,0,0,0,0,0,0
29,564,District - Haveri (10),Urban,80+,2489,1005,1484,101,51,50,871,644,227,1513,309,1204,4,1,3,0,0,0,0,0,0
29,564,District - Haveri (10),Urban,Age not stated,122,71,51,88,56,32,28,14,14,6,1,5,0,0,0,0,0,0,0,0,0
29,564,District - Haveri (10),Urban,Less than 18,122119,63042,59077,120747,62698,58049,1278,316,962,56,10,46,32,14,18,6,4,2,0,0,0
29,564,District - Haveri (10),Urban,Less than 21,147531,75639,71892,141828,74775,67053,5544,817,4727,90,21,69,61,22,39,8,4,4,0,0,0
29,565,District - Bellary (11),Total,All ages,2452595,1236954,1215641,1154769,651283,503486,1157517,565799,591718,131243,17816,113427,8119,1835,6284,947,221,726,0,0,0
29,565,District - Bellary (11),Total,0-9,489547,249565,239982,489547,249565,239982,0,0,0,0,0,0,0,0,0,0,0,0,0,0,0
29,565,District - Bellary (11),Total,10-14,256603,131430,125173,251054,129645,121409,5132,1618,3514,157,56,101,243,101,142,17,10,7,0,0,0
29,565,District - Bellary (11),Total,15-19,260887,136411,124476,226417,131461,94956,33689,4736,28953,430,86,344,318,115,203,33,13,20,0,0,0
29,565,District - Bellary (11),Total,20-24,249942,127863,122079,122541,91661,30880,125285,35853,89432,1373,202,1171,656,134,522,87,13,74,0,0,0
29,565,District - Bellary (11),Total,25-29,230034,113030,117004,42091,33891,8200,183684,78583,105101,3010,358,2652,1109,176,933,140,22,118,0,0,0
29,565,District - Bellary (11),Total,30-34,181476,93347,88129,10527,8035,2492,165264,84650,80614,4392,425,3967,1154,203,951,139,34,105,0,0,0
29,565,District - Bellary (11),Total,35-39,175736,88455,87281,3746,2444,1302,163690,85127,78563,6949,642,6307,1196,213,983,155,29,126,0,0,0
29,565,District - Bellary (11),Total,40-44,138005,71984,66021,2010,1153,857,126201,69736,56465,8709,859,7850,980,201,779,105,35,70,0,0,0
29,565,District - Bellary (11),Total,45-49,122059,61724,60335,1221,656,565,108503,59630,48873,11482,1248,10234,761,171,590,92,19,73,0,0,0
29,565,District - Bellary (11),Total,50-54,93034,46829,46205,921,453,468,77835,44586,33249,13678,1623,12055,548,155,393,52,12,40,0,0,0
29,565,District - Bellary (11),Total,55-59,71715,33924,37791,612,261,351,57860,31953,25907,12857,1616,11241,342,79,263,44,15,29,0,0,0
29,565,District - Bellary (11),Total,60-64,69920,32501,37419,937,395,542,48331,29304,19027,20261,2695,17566,362,100,262,29,7,22,0,0,0
29,565,District - Bellary (11),Total,65-69,47272,21459,25813,864,414,450,30161,18607,11554,16012,2346,13666,217,85,132,18,7,11,0,0,0
29,565,District - Bellary (11),Total,70-74,32695,14546,18149,470,207,263,17224,11854,5370,14855,2425,12430,129,56,73,17,4,13,0,0,0
29,565,District - Bellary (11),Total,75-79,14630,6377,8253,181,74,107,7235,4893,2342,7166,1392,5774,43,17,26,5,1,4,0,0,0
29,565,District - Bellary (11),Total,80+,17639,6745,10894,786,455,331,6946,4431,2515,9838,1833,8005,57,26,31,12,0,12,0,0,0
29,565,District - Bellary (11),Total,Age not stated,1401,764,637,844,513,331,477,238,239,74,10,64,4,3,1,2,0,2,0,0,0
29,565,District - Bellary (11),Total,Less than 18,895200,459966,435234,879643,456159,423484,14750,3522,11228,372,102,270,398,164,234,37,19,18,0,0,0
29,565,District - Bellary (11),Total,Less than 21,1076483,551391,525092,1007539,539366,468173,67271,11557,55714,881,190,691,718,251,467,74,27,47,0,0,0
29,565,District - Bellary (11),Rural,All ages,1532356,774093,758263,733201,414913,318288,711293,346452,364841,81624,11420,70204,5688,1188,4500,550,120,430,0,0,0
29,565,District - Bellary (11),Rural,0-9,316463,161434,155029,316463,161434,155029,0,0,0,0,0,0,0,0,0,0,0,0,0,0,0
29,565,District - Bellary (11),Rural,10-14,167120,85793,81327,163672,84653,79019,3214,1047,2167,85,33,52,143,57,86,6,3,3,0,0,0
29,565,District - Bellary (11),Rural,15-19,170515,90261,80254,147646,87032,60614,22370,3097,19273,278,51,227,198,72,126,23,9,14,0,0,0
29,565,District - Bellary (11),Rural,20-24,153598,80114,73484,71841,55885,15956,80345,24016,56329,906,127,779,456,81,375,50,5,45,0,0,0
29,565,District - Bellary (11),Rural,25-29,137575,68368,69207,21952,18271,3681,112846,49770,63076,1918,223,1695,769,91,678,90,13,77,0,0,0
29,565,District - Bellary (11),Rural,30-34,107904,55010,52894,5164,4045,1119,99158,50569,48589,2700,247,2453,799,129,670,83,20,63,0,0,0
29,565,District - Bellary (11),Rural,35-39,104672,51971,52701,1751,1138,613,97862,50329,47533,4140,365,3775,836,129,707,83,10,73,0,0,0
29,565,District - Bellary (11),Rural,40-44,83523,43268,40255,931,525,406,76667,42051,34616,5182,540,4642,681,131,550,62,21,41,0,0,0
29,565,District - Bellary (11),Rural,45-49,73382,36981,36401,551,290,261,65439,35771,29668,6793,800,5993,539,108,431,60,12,48,0,0,0
29,565,District - Bellary (11),Rural,50-54,55797,28086,27711,453,225,228,46928,26764,20164,8026,994,7032,369,100,269,21,3,18,0,0,0
29,565,District - Bellary (11),Rural,55-59,43234,19758,23476,295,132,163,35038,18540,16498,7617,1019,6598,262,57,205,22,10,12,0,0,0
29,565,District - Bellary (11),Rural,60-64,44516,20698,23818,529,231,298,31010,18600,12410,12687,1783,10904,275,80,195,15,4,11,0,0,0
29,565,District - Bellary (11),Rural,65-69,31053,14088,16965,556,274,282,19882,12156,7726,10429,1588,8841,172,64,108,14,6,8,0,0,0
29,565,District - Bellary (11),Rural,70-74,21483,9471,12012,270,128,142,11278,7720,3558,9821,1572,8249,104,48,56,10,3,7,0,0,0
29,565,District - Bellary (11),Rural,75-79,9282,4009,5273,102,40,62,4552,3039,1513,4590,913,3677,36,16,20,2,1,1,0,0,0
29,565,District - Bellary (11),Rural,80+,11274,4257,7017,436,261,175,4385,2817,1568,6400,1157,5243,46,22,24,7,0,7,0,0,0
29,565,District - Bellary (11),Rural,Age not stated,965,526,439,589,349,240,319,166,153,52,8,44,3,3,0,2,0,2,0,0,0
29,565,District - Bellary (11),Rural,Less than 18,581674,299546,282128,571849,297100,274749,9341,2282,7059,231,61,170,233,93,140,20,10,10,0,0,0
29,565,District - Bellary (11),Rural,Less than 21,698756,359753,339003,653196,351797,301399,44500,7673,36827,564,117,447,454,153,301,42,13,29,0,0,0
29,565,District - Bellary (11),Urban,All ages,920239,462861,457378,421568,236370,185198,446224,219347,226877,49619,6396,43223,2431,647,1784,397,101,296,0,0,0
29,565,District - Bellary (11),Urban,0-9,173084,88131,84953,173084,88131,84953,0,0,0,0,0,0,0,0,0,0,0,0,0,0,0
29,565,District - Bellary (11),Urban,10-14,89483,45637,43846,87382,44992,42390,1918,571,1347,72,23,49,100,44,56,11,7,4,0,0,0
29,565,District - Bellary (11),Urban,15-19,90372,46150,44222,78771,44429,34342,11319,1639,9680,152,35,117,120,43,77,10,4,6,0,0,0
29,565,District - Bellary (11),Urban,20-24,96344,47749,48595,50700,35776,14924,44940,11837,33103,467,75,392,200,53,147,37,8,29,0,0,0
29,565,District - Bellary (11),Urban,25-29,92459,44662,47797,20139,15620,4519,70838,28813,42025,1092,135,957,340,85,255,50,9,41,0,0,0
29,565,District - Bellary (11),Urban,30-34,73572,38337,35235,5363,3990,1373,66106,34081,32025,1692,178,1514,355,74,281,56,14,42,0,0,0
29,565,District - Bellary (11),Urban,35-39,71064,36484,34580,1995,1306,689,65828,34798,31030,2809,277,2532,360,84,276,72,19,53,0,0,0
29,565,District - Bellary (11),Urban,40-44,54482,28716,25766,1079,628,451,49534,27685,21849,3527,319,3208,299,70,229,43,14,29,0,0,0
29,565,District - Bellary (11),Urban,45-49,48677,24743,23934,670,366,304,43064,23859,19205,4689,448,4241,222,63,159,32,7,25,0,0,0
29,565,District - Bellary (11),Urban,50-54,37237,18743,18494,468,228,240,30907,17822,13085,5652,629,5023,179,55,124,31,9,22,0,0,0
29,565,District - Bellary (11),Urban,55-59,28481,14166,14315,317,129,188,22822,13413,9409,5240,597,4643,80,22,58,22,5,17,0,0,0
29,565,District - Bellary (11),Urban,60-64,25404,11803,13601,408,164,244,17321,10704,6617,7574,912,6662,87,20,67,14,3,11,0,0,0
29,565,District - Bellary (11),Urban,65-69,16219,7371,8848,308,140,168,10279,6451,3828,5583,758,4825,45,21,24,4,1,3,0,0,0
29,565,District - Bellary (11),Urban,70-74,11212,5075,6137,200,79,121,5946,4134,1812,5034,853,4181,25,8,17,7,1,6,0,0,0
29,565,District - Bellary (11),Urban,75-79,5348,2368,2980,79,34,45,2683,1854,829,2576,479,2097,7,1,6,3,0,3,0,0,0
29,565,District - Bellary (11),Urban,80+,6365,2488,3877,350,194,156,2561,1614,947,3438,676,2762,11,4,7,5,0,5,0,0,0
29,565,District - Bellary (11),Urban,Age not stated,436,238,198,255,164,91,158,72,86,22,2,20,1,0,1,0,0,0,0,0,0
29,565,District - Bellary (11),Urban,Less than 18,313526,160420,153106,307794,159059,148735,5409,1240,4169,141,41,100,165,71,94,17,9,8,0,0,0
29,565,District - Bellary (11),Urban,Less than 21,377727,191638,186089,354343,187569,166774,22771,3884,18887,317,73,244,264,98,166,32,14,18,0,0,0
29,566,District - Chitradurga (12),Total,All ages,1659456,840843,818613,715958,411439,304519,835798,411113,424685,100344,16536,83808,6712,1590,5122,644,165,479,0,0,0
29,566,District - Chitradurga (12),Total,0-9,264743,135826,128917,264743,135826,128917,0,0,0,0,0,0,0,0,0,0,0,0,0,0,0
29,566,District - Chitradurga (12),Total,10-14,157645,81374,76271,154104,80077,74027,3295,1192,2103,118,43,75,119,58,61,9,4,5,0,0,0
29,566,District - Chitradurga (12),Total,15-19,165160,85820,79340,146529,83000,63529,18160,2697,15463,263,57,206,189,56,133,19,10,9,0,0,0
29,566,District - Chitradurga (12),Total,20-24,156981,79747,77234,88933,64012,24921,66807,15531,51276,788,124,664,419,73,346,34,7,27,0,0,0
29,566,District - Chitradurga (12),Total,25-29,146701,71493,75208,38347,31431,6916,105761,39706,66055,1812,246,1566,700,95,605,81,15,66,0,0,0
29,566,District - Chitradurga (12),Total,30-34,120913,61228,59685,11520,9415,2105,105708,51279,54429,2724,367,2357,880,151,729,81,16,65,0,0,0
29,566,District - Chitradurga (12),Total,35-39,128223,62296,65927,4005,2944,1061,118527,58669,59858,4489,473,4016,1104,190,914,98,20,78,0,0,0
29,566,District - Chitradurga (12),Total,40-44,108386,55614,52772,1878,1235,643,99383,53419,45964,6126,716,5410,908,217,691,91,27,64,0,0,0
29,566,District - Chitradurga (12),Total,45-49,102535,52865,49670,1061,660,401,92313,50947,41366,8329,1041,7288,756,193,563,76,24,52,0,0,0
29,566,District - Chitradurga (12),Total,50-54,78103,40670,37433,754,456,298,67360,38729,28631,9389,1319,8070,556,155,401,44,11,33,0,0,0
29,566,District - Chitradurga (12),Total,55-59,60468,30278,30190,546,331,215,50525,28462,22063,9027,1368,7659,329,103,226,41,14,27,0,0,0
29,566,District - Chitradurga (12),Total,60-64,58714,29449,29265,690,370,320,43411,26676,16735,14282,2303,11979,306,95,211,25,5,20,0,0,0
29,566,District - Chitradurga (12),Total,65-69,43780,21365,22415,607,329,278,29690,18669,11021,13267,2285,10982,199,79,120,17,3,14,0,0,0
29,566,District - Chitradurga (12),Total,70-74,32453,16234,16219,355,184,171,18641,13437,5204,13312,2536,10776,131,71,60,14,6,8,0,0,0
29,566,District - Chitradurga (12),Total,75-79,15155,7558,7597,149,86,63,8164,5943,2221,6791,1501,5290,46,27,19,5,1,4,0,0,0
29,566,District - Chitradurga (12),Total,80+,17739,8050,9689,603,372,231,7551,5518,2033,9521,2137,7384,58,22,36,6,1,5,0,0,0
29,566,District - Chitradurga (12),Total,Age not stated,1757,976,781,1134,711,423,502,239,263,106,20,86,12,5,7,3,1,2,0,0,0
29,566,District - Chitradurga (12),Total,Less than 18,517720,267055,250665,507914,264405,243509,9308,2475,6833,270,78,192,209,85,124,19,12,7,0,0,0
29,566,District - Chitradurga (12),Total,Less than 21,630222,324309,305913,593216,317860,275356,36047,6187,29860,548,124,424,377,123,254,34,15,19,0,0,0
29,566,District - Chitradurga (12),Rural,All ages,1329923,675573,654350,568537,328911,239626,672034,330918,341116,82983,14242,68741,5884,1375,4509,485,127,358,0,0,0
29,566,District - Chitradurga (12),Rural,0-9,213209,109354,103855,213209,109354,103855,0,0,0,0,0,0,0,0,0,0,0,0,0,0,0
29,566,District - Chitradurga (12),Rural,10-14,125615,65007,60608,122926,64040,58886,2526,905,1621,81,27,54,78,33,45,4,2,2,0,0,0
29,566,District - Chitradurga (12),Rural,15-19,131862,68985,62877,116764,66762,50002,14724,2130,12594,207,46,161,150,37,113,17,10,7,0,0,0
29,566,District - Chitradurga (12),Rural,20-24,123936,63880,60056,69139,51041,18098,53762,12665,41097,656,109,547,354,60,294,25,5,20,0,0,0
29,566,District - Chitradurga (12),Rural,25-29,114959,56635,58324,29121,24491,4630,83726,31841,51885,1441,213,1228,606,77,529,65,13,52,0,0,0
29,566,District - Chitradurga (12),Rural,30-34,94862,48319,46543,8654,7279,1375,83212,40598,42614,2163,301,1862,776,130,646,57,11,46,0,0,0
29,566,District - Chitradurga (12),Rural,35-39,100844,48750,52094,2911,2230,681,93348,45948,47400,3529,389,3140,989,169,820,67,14,53,0,0,0
29,566,District - Chitradurga (12),Rural,40-44,86808,44390,42418,1362,936,426,79663,42634,37029,4904,608,4296,810,192,618,69,20,49,0,0,0
29,566,District - Chitradurga (12),Rural,45-49,82085,42327,39758,748,501,247,74016,40741,33275,6609,896,5713,659,172,487,53,17,36,0,0,0
29,566,District - Chitradurga (12),Rural,50-54,63105,32715,30390,538,359,179,54455,31070,23385,7579,1135,6444,497,141,356,36,10,26,0,0,0
29,566,District - Chitradurga (12),Rural,55-59,48986,24243,24743,371,247,124,41080,22723,18357,7211,1171,6040,292,92,200,32,10,22,0,0,0
29,566,District - Chitradurga (12),Rural,60-64,49075,24531,24544,512,285,227,36386,22157,14229,11883,1997,9886,273,87,186,21,5,16,0,0,0
29,566,District - Chitradurga (12),Rural,65-69,37196,18206,18990,442,255,187,25334,15886,9448,11227,1991,9236,178,72,106,15,2,13,0,0,0
29,566,District - Chitradurga (12),Rural,70-74,27893,14033,13860,280,149,131,16057,11606,4451,11425,2208,9217,120,65,55,11,5,6,0,0,0
29,566,District - Chitradurga (12),Rural,75-79,12879,6438,6441,114,74,40,6917,5048,1869,5801,1289,4512,42,26,16,5,1,4,0,0,0
29,566,District - Chitradurga (12),Rural,80+,15067,6906,8161,440,282,158,6394,4758,1636,8177,1846,6331,51,19,32,5,1,4,0,0,0
29,566,District - Chitradurga (12),Rural,Age not stated,1542,854,688,1006,626,380,434,208,226,90,16,74,9,3,6,3,1,2,0,0,0
29,566,District - Chitradurga (12),Rural,Less than 18,415072,214428,200644,407410,212414,194996,7301,1898,5403,201,56,145,146,50,96,14,10,4,0,0,0
29,566,District - Chitradurga (12),Rural,Less than 21,505235,260761,244474,475181,255633,219548,29308,4944,24364,436,95,341,286,77,209,24,12,12,0,0,0
29,566,District - Chitradurga (12),Urban,All ages,329533,165270,164263,147421,82528,64893,163764,80195,83569,17361,2294,15067,828,215,613,159,38,121,0,0,0
29,566,District - Chitradurga (12),Urban,0-9,51534,26472,25062,51534,26472,25062,0,0,0,0,0,0,0,0,0,0,0,0,0,0,0
29,566,District - Chitradurga (12),Urban,10-14,32030,16367,15663,31178,16037,15141,769,287,482,37,16,21,41,25,16,5,2,3,0,0,0
29,566,District - Chitradurga (12),Urban,15-19,33298,16835,16463,29765,16238,13527,3436,567,2869,56,11,45,39,19,20,2,0,2,0,0,0
29,566,District - Chitradurga (12),Urban,20-24,33045,15867,17178,19794,12971,6823,13045,2866,10179,132,15,117,65,13,52,9,2,7,0,0,0
29,566,District - Chitradurga (12),Urban,25-29,31742,14858,16884,9226,6940,2286,22035,7865,14170,371,33,338,94,18,76,16,2,14,0,0,0
29,566,District - Chitradurga (12),Urban,30-34,26051,12909,13142,2866,2136,730,22496,10681,11815,561,66,495,104,21,83,24,5,19,0,0,0
29,566,District - Chitradurga (12),Urban,35-39,27379,13546,13833,1094,714,380,25179,12721,12458,960,84,876,115,21,94,31,6,25,0,0,0
29,566,District - Chitradurga (12),Urban,40-44,21578,11224,10354,516,299,217,19720,10785,8935,1222,108,1114,98,25,73,22,7,15,0,0,0
29,566,District - Chitradurga (12),Urban,45-49,20450,10538,9912,313,159,154,18297,10206,8091,1720,145,1575,97,21,76,23,7,16,0,0,0
29,566,District - Chitradurga (12),Urban,50-54,14998,7955,7043,216,97,119,12905,7659,5246,1810,184,1626,59,14,45,8,1,7,0,0,0
29,566,District - Chitradurga (12),Urban,55-59,11482,6035,5447,175,84,91,9445,5739,3706,1816,197,1619,37,11,26,9,4,5,0,0,0
29,566,District - Chitradurga (12),Urban,60-64,9639,4918,4721,178,85,93,7025,4519,2506,2399,306,2093,33,8,25,4,0,4,0,0,0
29,566,District - Chitradurga (12),Urban,65-69,6584,3159,3425,165,74,91,4356,2783,1573,2040,294,1746,21,7,14,2,1,1,0,0,0
29,566,District - Chitradurga (12),Urban,70-74,4560,2201,2359,75,35,40,2584,1831,753,1887,328,1559,11,6,5,3,1,2,0,0,0
29,566,District - Chitradurga (12),Urban,75-79,2276,1120,1156,35,12,23,1247,895,352,990,212,778,4,1,3,0,0,0,0,0,0
29,566,District - Chitradurga (12),Urban,80+,2672,1144,1528,163,90,73,1157,760,397,1344,291,1053,7,3,4,1,0,1,0,0,0
29,566,District - Chitradurga (12),Urban,Age not stated,215,122,93,128,85,43,68,31,37,16,4,12,3,2,1,0,0,0,0,0,0
29,566,District - Chitradurga (12),Urban,Less than 18,102648,52627,50021,100504,51991,48513,2007,577,1430,69,22,47,63,35,28,5,2,3,0,0,0
29,566,District - Chitradurga (12),Urban,Less than 21,124987,63548,61439,118035,62227,55808,6739,1243,5496,112,29,83,91,46,45,10,3,7,0,0,0
29,567,District - Davanagere (13),Total,All ages,1945497,986400,959097,852824,490219,362605,972098,478253,493845,113049,16056,96993,6777,1649,5128,749,223,526,0,0,0
29,567,District - Davanagere (13),Total,0-9,315397,161731,153666,315397,161731,153666,0,0,0,0,0,0,0,0,0,0,0,0,0,0,0
29,567,District - Davanagere (13),Total,10-14,183791,94482,89309,179539,93124,86415,3944,1237,2707,126,29,97,166,82,84,16,10,6,0,0,0
29,567,District - Davanagere (13),Total,15-19,196956,101300,95656,174085,97605,76480,22399,3551,18848,283,62,221,181,77,104,8,5,3,0,0,0
29,567,District - Davanagere (13),Total,20-24,194098,99903,94195,110897,79700,31197,81901,19978,61923,814,114,700,444,105,339,42,6,36,0,0,0
29,567,District - Davanagere (13),Total,25-29,178276,89274,89002,47580,39602,7978,127844,49265,78579,2001,234,1767,755,159,596,96,14,82,0,0,0
29,567,District - Davanagere (13),Total,30-34,145473,73091,72382,13062,10871,2191,128105,61639,66466,3312,383,2929,880,166,714,114,32,82,0,0,0
29,567,District - Davanagere (13),Total,35-39,151409,74552,76857,4246,3112,1134,140430,70662,69768,5571,531,5040,1047,220,827,115,27,88,0,0,0
29,567,District - Davanagere (13),Total,40-44,125238,64651,60587,1795,1133,662,114920,62585,52335,7462,699,6763,964,194,770,97,40,57,0,0,0
29,567,District - Davanagere (13),Total,45-49,116431,60111,56320,1156,646,510,104506,58235,46271,9845,1012,8833,841,187,654,83,31,52,0,0,0
29,567,District - Davanagere (13),Total,50-54,87809,45808,42001,843,455,388,75465,43912,31553,10894,1287,9607,553,132,421,54,22,32,0,0,0
29,567,District - Davanagere (13),Total,55-59,68315,34223,34092,578,292,286,57034,32460,24574,10376,1375,9001,289,83,206,38,13,25,0,0,0
29,567,District - Davanagere (13),Total,60-64,64484,31616,32868,623,281,342,47632,29188,18444,15903,2045,13858,296,93,203,30,9,21,0,0,0
29,567,District - Davanagere (13),Total,65-69,48306,23616,24690,590,298,292,32770,20884,11886,14752,2370,12382,168,58,110,26,6,20,0,0,0
29,567,District - Davanagere (13),Total,70-74,32510,15574,16936,332,160,172,18451,13119,5332,13620,2249,11371,94,41,53,13,5,8,0,0,0
29,567,District - Davanagere (13),Total,75-79,15913,7557,8356,146,73,73,8293,5998,2295,7426,1463,5963,43,22,21,5,1,4,0,0,0
29,567,District - Davanagere (13),Total,80+,18836,7750,11086,678,377,301,7567,5160,2407,10534,2184,8350,46,27,19,11,2,9,0,0,0
29,567,District - Davanagere (13),Total,Age not stated,2255,1161,1094,1277,759,518,837,380,457,130,19,111,10,3,7,1,0,1,0,0,0
29,567,District - Davanagere (13),Total,Less than 18,611847,314308,297539,598811,311146,287665,12474,2950,9524,284,72,212,258,127,131,20,13,7,0,0,0
29,567,District - Davanagere (13),Total,Less than 21,745854,382518,363336,701196,374066,327130,43635,8145,35490,573,116,457,419,175,244,31,16,15,0,0,0
29,567,District - Davanagere (13),Rural,All ages,1316487,668267,648220,573471,331221,242250,657741,323958,333783,79745,11758,67987,5076,1205,3871,454,125,329,0,0,0
29,567,District - Davanagere (13),Rural,0-9,213041,109248,103793,213041,109248,103793,0,0,0,0,0,0,0,0,0,0,0,0,0,0,0
29,567,District - Davanagere (13),Rural,10-14,123883,63753,60130,121273,62897,58376,2412,783,1629,87,22,65,104,48,56,7,3,4,0,0,0
29,567,District - Davanagere (13),Rural,15-19,132283,67941,64342,117345,65604,51741,14612,2239,12373,195,41,154,127,55,72,4,2,2,0,0,0
29,567,District - Davanagere (13),Rural,20-24,127998,66681,61317,73293,53697,19596,53811,12839,40972,556,79,477,313,64,249,25,2,23,0,0,0
29,567,District - Davanagere (13),Rural,25-29,117915,59685,58230,31806,27193,4613,84113,32214,51899,1369,161,1208,563,109,454,64,8,56,0,0,0
29,567,District - Davanagere (13),Rural,30-34,96652,48667,47985,8862,7613,1249,84829,40660,44169,2255,263,1992,641,112,529,65,19,46,0,0,0
29,567,District - Davanagere (13),Rural,35-39,101988,50103,51885,2770,2093,677,94635,47461,47174,3715,363,3352,801,170,631,67,16,51,0,0,0
29,567,District - Davanagere (13),Rural,40-44,85424,44130,41294,1145,720,425,78430,42744,35686,5051,504,4547,741,138,603,57,24,33,0,0,0
29,567,District - Davanagere (13),Rural,45-49,79164,41198,37966,734,419,315,71280,39879,31401,6473,737,5736,625,145,480,52,18,34,0,0,0
29,567,District - Davanagere (13),Rural,50-54,59330,30923,28407,496,277,219,51139,29619,21520,7237,915,6322,421,97,324,37,15,22,0,0,0
29,567,District - Davanagere (13),Rural,55-59,45938,22818,23120,320,173,147,38528,21618,16910,6845,955,5890,223,65,158,22,7,15,0,0,0
29,567,District - Davanagere (13),Rural,60-64,45738,22057,23681,375,178,197,33845,20316,13529,11269,1482,9787,232,76,156,17,5,12,0,0,0
29,567,District - Davanagere (13),Rural,65-69,35523,17264,18259,341,168,173,24139,15269,8870,10903,1779,9124,124,46,78,16,2,14,0,0,0
29,567,District - Davanagere (13),Rural,70-74,24244,11595,12649,191,99,92,13707,9759,3948,10258,1696,8562,81,38,43,7,3,4,0,0,0
29,567,District - Davanagere (13),Rural,75-79,11764,5561,6203,78,40,38,6106,4408,1698,5545,1097,4448,32,16,16,3,0,3,0,0,0
29,567,District - Davanagere (13),Rural,80+,13926,5788,8138,442,247,195,5548,3866,1682,7887,1651,6236,39,23,16,10,1,9,0,0,0
29,567,District - Davanagere (13),Rural,Age not stated,1676,855,821,959,555,404,607,284,323,100,13,87,9,3,6,1,0,1,0,0,0
29,567,District - Davanagere (13),Rural,Less than 18,413137,212228,200909,405048,210261,194787,7718,1834,5884,188,47,141,174,82,92,9,4,5,0,0,0
29,567,District - Davanagere (13),Rural,Less than 21,502784,257912,244872,473522,252582,220940,28573,5134,23439,393,78,315,281,113,168,15,5,10,0,0,0
29,567,District - Davanagere (13),Urban,All ages,629010,318133,310877,279353,158998,120355,314357,154295,160062,33304,4298,29006,1701,444,1257,295,98,197,0,0,0
29,567,District - Davanagere (13),Urban,0-9,102356,52483,49873,102356,52483,49873,0,0,0,0,0,0,0,0,0,0,0,0,0,0,0
29,567,District - Davanagere (13),Urban,10-14,59908,30729,29179,58266,30227,28039,1532,454,1078,39,7,32,62,34,28,9,7,2,0,0,0
29,567,District - Davanagere (13),Urban,15-19,64673,33359,31314,56740,32001,24739,7787,1312,6475,88,21,67,54,22,32,4,3,1,0,0,0
29,567,District - Davanagere (13),Urban,20-24,66100,33222,32878,37604,26003,11601,28090,7139,20951,258,35,223,131,41,90,17,4,13,0,0,0
29,567,District - Davanagere (13),Urban,25-29,60361,29589,30772,15774,12409,3365,43731,17051,26680,632,73,559,192,50,142,32,6,26,0,0,0
29,567,District - Davanagere (13),Urban,30-34,48821,24424,24397,4200,3258,942,43276,20979,22297,1057,120,937,239,54,185,49,13,36,0,0,0
29,567,District - Davanagere (13),Urban,35-39,49421,24449,24972,1476,1019,457,45795,23201,22594,1856,168,1688,246,50,196,48,11,37,0,0,0
29,567,District - Davanagere (13),Urban,40-44,39814,20521,19293,650,413,237,36490,19841,16649,2411,195,2216,223,56,167,40,16,24,0,0,0
29,567,District - Davanagere (13),Urban,45-49,37267,18913,18354,422,227,195,33226,18356,14870,3372,275,3097,216,42,174,31,13,18,0,0,0
29,567,District - Davanagere (13),Urban,50-54,28479,14885,13594,347,178,169,24326,14293,10033,3657,372,3285,132,35,97,17,7,10,0,0,0
29,567,District - Davanagere (13),Urban,55-59,22377,11405,10972,258,119,139,18506,10842,7664,3531,420,3111,66,18,48,16,6,10,0,0,0
29,567,District - Davanagere (13),Urban,60-64,18746,9559,9187,248,103,145,13787,8872,4915,4634,563,4071,64,17,47,13,4,9,0,0,0
29,567,District - Davanagere (13),Urban,65-69,12783,6352,6431,249,130,119,8631,5615,3016,3849,591,3258,44,12,32,10,4,6,0,0,0
29,567,District - Davanagere (13),Urban,70-74,8266,3979,4287,141,61,80,4744,3360,1384,3362,553,2809,13,3,10,6,2,4,0,0,0
29,567,District - Davanagere (13),Urban,75-79,4149,1996,2153,68,33,35,2187,1590,597,1881,366,1515,11,6,5,2,1,1,0,0,0
29,567,District - Davanagere (13),Urban,80+,4910,1962,2948,236,130,106,2019,1294,725,2647,533,2114,7,4,3,1,1,0,0,0,0
29,567,District - Davanagere (13),Urban,Age not stated,579,306,273,318,204,114,230,96,134,30,6,24,1,0,1,0,0,0,0,0,0
29,567,District - Davanagere (13),Urban,Less than 18,198710,102080,96630,193763,100885,92878,4756,1116,3640,96,25,71,84,45,39,11,9,2,0,0,0
29,567,District - Davanagere (13),Urban,Less than 21,243070,124606,118464,227674,121484,106190,15062,3011,12051,180,38,142,138,62,76,16,11,5,0,0,0
29,568,District - Shimoga (14),Total,All ages,1752753,877415,875338,766946,432766,334180,873719,429971,443748,104570,12800,91770,6716,1671,5045,802,207,595,0,0,0
29,568,District - Shimoga (14),Total,0-9,267315,136215,131100,267315,136215,131100,0,0,0,0,0,0,0,0,0,0,0,0,0,0,0
29,568,District - Shimoga (14),Total,10-14,162453,83174,79279,160000,82391,77609,2279,714,1565,89,25,64,76,38,38,9,6,3,0,0,0
29,568,District - Shimoga (14),Total,15-19,164421,83549,80872,152497,81711,70786,11671,1768,9903,156,35,121,85,29,56,12,6,6,0,0,0
29,568,District - Shimoga (14),Total,20-24,164792,82133,82659,107945,71098,36847,55998,10916,45082,487,54,433,320,60,260,42,5,37,0,0,0
29,568,District - Shimoga (14),Total,25-29,154169,75978,78191,50310,40355,9955,101798,35310,66488,1296,174,1122,664,121,543,101,18,83,0,0,0
29,568,District - Shimoga (14),Total,30-34,130707,64924,65783,14514,12020,2494,112789,52432,60357,2457,278,2179,837,166,671,110,28,82,0,0,0
29,568,District - Shimoga (14),Total,35-39,140421,67520,72901,5257,3872,1385,129073,62954,66119,4783,384,4399,1173,278,895,135,32,103,0,0,0
29,568,District - Shimoga (14),Total,40-44,123091,61895,61196,2486,1590,896,112817,59441,53376,6649,601,6048,1011,235,776,128,28,100,0,0,0
29,568,District - Shimoga (14),Total,45-49,119078,61030,58048,1578,928,650,107277,59054,48223,9248,792,8456,886,230,656,89,26,63,0,0,0
29,568,District - Shimoga (14),Total,50-54,89754,46730,43024,1108,584,524,77778,45023,32755,10209,943,9266,582,160,422,77,20,57,0,0,0
29,568,District - Shimoga (14),Total,55-59,70402,36621,33781,783,380,403,58992,35011,23981,10215,1113,9102,380,106,274,32,11,21,0,0,0
29,568,District - Shimoga (14),Total,60-64,58849,29079,29770,806,353,453,43338,27024,16314,14359,1597,12762,318,95,223,28,10,18,0,0,0
29,568,District - Shimoga (14),Total,65-69,44556,20484,24072,753,377,376,28874,18281,10593,14716,1744,12972,197,75,122,16,7,9,0,0,0
29,568,District - Shimoga (14),Total,70-74,29394,13594,15800,357,189,168,16365,11540,4825,12568,1825,10743,91,35,56,13,5,8,0,0,0
29,568,District - Shimoga (14),Total,75-79,15527,7112,8415,153,61,92,7876,5725,2151,7458,1308,6150,38,18,20,2,0,2,0,0,0
29,568,District - Shimoga (14),Total,80+,17060,6953,10107,546,317,229,6618,4689,1929,9836,1921,7915,54,23,31,6,3,3,0,0,0
29,568,District - Shimoga (14),Total,Age not stated,764,424,340,538,325,213,176,89,87,44,6,38,4,2,2,2,2,0,0,0,0
29,568,District - Shimoga (14),Total,Less than 18,525922,268445,257477,519167,266753,252414,6448,1581,4867,177,44,133,114,56,58,16,11,5,0,0,0
29,568,District - Shimoga (14),Total,Less than 21,633601,322391,311210,609223,318279,290944,23801,3952,19849,334,71,263,215,77,138,28,12,16,0,0,0
29,568,District - Shimoga (14),Rural,All ages,1129026,565821,563205,491714,278342,213372,563726,277611,286115,68721,8668,60053,4440,1085,3355,425,115,310,0,0,0
29,568,District - Shimoga (14),Rural,0-9,174746,89219,85527,174746,89219,85527,0,0,0,0,0,0,0,0,0,0,0,0,0,0,0
29,568,District - Shimoga (14),Rural,10-14,105851,54408,51443,104278,53889,50389,1476,484,992,50,14,36,41,17,24,6,4,2,0,0,0
29,568,District - Shimoga (14),Rural,15-19,103415,52780,50635,96238,51709,44529,7010,1025,5985,104,22,82,57,22,35,6,2,4,0,0,0
29,568,District - Shimoga (14),Rural,20-24,103290,51887,51403,67781,45187,22594,34973,6622,28351,297,35,262,209,38,171,30,5,25,0,0,0
29,568,District - Shimoga (14),Rural,25-29,98062,48486,49576,31683,25741,5942,65065,22541,42524,816,113,703,435,77,358,63,14,49,0,0,0
29,568,District - Shimoga (14),Rural,30-34,82583,40899,41684,8739,7343,1396,71710,33287,38423,1536,161,1375,545,94,451,53,14,39,0,0,0
29,568,District - Shimoga (14),Rural,35-39,90679,43319,47360,3059,2275,784,83792,40602,43190,3017,251,2766,741,171,570,70,20,50,0,0,0
29,568,District - Shimoga (14),Rural,40-44,79877,40239,39638,1372,872,500,73602,38816,34786,4152,389,3763,685,149,536,66,13,53,0,0,0
29,568,District - Shimoga (14),Rural,45-49,77687,40041,37646,857,507,350,70340,38815,31525,5849,547,5302,601,159,442,40,13,27,0,0,0
29,568,District - Shimoga (14),Rural,50-54,57224,30096,27128,572,303,269,49789,29062,20727,6449,627,5822,370,91,279,44,13,31,0,0,0
29,568,District - Shimoga (14),Rural,55-59,44169,22814,21355,415,217,198,37180,21777,15403,6294,743,5551,266,72,194,14,5,9,0,0,0
29,568,District - Shimoga (14),Rural,60-64,38211,18544,19667,455,215,240,28067,17162,10905,9467,1089,8378,208,74,134,14,4,10,0,0,0
29,568,District - Shimoga (14),Rural,65-69,30344,13917,16427,461,245,216,19576,12369,7207,10155,1243,8912,144,58,86,8,2,6,0,0,0
29,568,District - Shimoga (14),Rural,70-74,20096,9210,10886,208,118,90,11083,7794,3289,8731,1265,7466,68,29,39,6,4,2,0,0,0
29,568,District - Shimoga (14),Rural,75-79,10586,4818,5768,84,38,46,5352,3881,1471,5125,887,4238,25,12,13,0,0,0,0,0,0
29,568,District - Shimoga (14),Rural,80+,11645,4829,6816,352,215,137,4599,3316,1283,6650,1278,5372,41,20,21,3,0,3,0,0,0
29,568,District - Shimoga (14),Rural,Age not stated,561,315,246,414,249,165,112,58,54,29,4,25,4,2,2,2,2,0,0,0,0
29,568,District - Shimoga (14),Rural,Less than 18,341761,174865,166896,337685,173830,163855,3891,976,2915,107,24,83,70,30,40,8,5,3,0,0,0
29,568,District - Shimoga (14),Rural,Less than 21,408696,208743,199953,393705,206284,187421,14627,2365,12262,212,45,167,136,43,93,16,6,10,0,0,0
29,568,District - Shimoga (14),Urban,All ages,623727,311594,312133,275232,154424,120808,309993,152360,157633,35849,4132,31717,2276,586,1690,377,92,285,0,0,0
29,568,District - Shimoga (14),Urban,0-9,92569,46996,45573,92569,46996,45573,0,0,0,0,0,0,0,0,0,0,0,0,0,0,0
29,568,District - Shimoga (14),Urban,10-14,56602,28766,27836,55722,28502,27220,803,230,573,39,11,28,35,21,14,3,2,1,0,0,0
29,568,District - Shimoga (14),Urban,15-19,61006,30769,30237,56259,30002,26257,4661,743,3918,52,13,39,28,7,21,6,4,2,0,0,0
29,568,District - Shimoga (14),Urban,20-24,61502,30246,31256,40164,25911,14253,21025,4294,16731,190,19,171,111,22,89,12,0,12,0,0,0
29,568,District - Shimoga (14),Urban,25-29,56107,27492,28615,18627,14614,4013,36733,12769,23964,480,61,419,229,44,185,38,4,34,0,0,0
29,568,District - Shimoga (14),Urban,30-34,48124,24025,24099,5775,4677,1098,41079,19145,21934,921,117,804,292,72,220,57,14,43,0,0,0
29,568,District - Shimoga (14),Urban,35-39,49742,24201,25541,2198,1597,601,45281,22352,22929,1766,133,1633,432,107,325,65,12,53,0,0,0
29,568,District - Shimoga (14),Urban,40-44,43214,21656,21558,1114,718,396,39215,20625,18590,2497,212,2285,326,86,240,62,15,47,0,0,0
29,568,District - Shimoga (14),Urban,45-49,41391,20989,20402,721,421,300,36937,20239,16698,3399,245,3154,285,71,214,49,13,36,0,0,0
29,568,District - Shimoga (14),Urban,50-54,32530,16634,15896,536,281,255,27989,15961,12028,3760,316,3444,212,69,143,33,7,26,0,0,0
29,568,District - Shimoga (14),Urban,55-59,26233,13807,12426,368,163,205,21812,13234,8578,3921,370,3551,114,34,80,18,6,12,0,0,0
29,568,District - Shimoga (14),Urban,60-64,20638,10535,10103,351,138,213,15271,9862,5409,4892,508,4384,110,21,89,14,6,8,0,0,0
29,568,District - Shimoga (14),Urban,65-69,14212,6567,7645,292,132,160,9298,5912,3386,4561,501,4060,53,17,36,8,5,3,0,0,0
29,568,District - Shimoga (14),Urban,70-74,9298,4384,4914,149,71,78,5282,3746,1536,3837,560,3277,23,6,17,7,1,6,0,0,0
29,568,District - Shimoga (14),Urban,75-79,4941,2294,2647,69,23,46,2524,1844,680,2333,421,1912,13,6,7,2,0,2,0,0,0
29,568,District - Shimoga (14),Urban,80+,5415,2124,3291,194,102,92,2019,1373,646,3186,643,2543,13,3,10,3,3,0,0,0,0
29,568,District - Shimoga (14),Urban,Age not stated,203,109,94,124,76,48,64,31,33,15,2,13,0,0,0,0,0,0,0,0,0
29,568,District - Shimoga (14),Urban,Less than 18,184161,93580,90581,181482,92923,88559,2557,605,1952,70,20,50,44,26,18,8,6,2,0,0,0
29,568,District - Shimoga (14),Urban,Less than 21,224905,113648,111257,215518,111995,103523,9174,1587,7587,122,26,96,79,34,45,12,6,6,0,0,0
29,569,District - Udupi (15),Total,All ages,1177361,562131,615230,511697,284460,227237,579773,268322,311451,82358,8371,73987,2962,784,2178,571,194,377,0,0,0
29,569,District - Udupi (15),Total,0-9,149218,76063,73155,149218,76063,73155,0,0,0,0,0,0,0,0,0,0,0,0,0,0,0
29,569,District - Udupi (15),Total,10-14,91113,46336,44777,89838,45951,43887,1191,353,838,46,11,35,36,20,16,2,1,1,0,0,0
29,569,District - Udupi (15),Total,15-19,100319,50084,50235,95221,49096,46125,4951,959,3992,96,10,86,50,19,31,1,0,1,0,0,0
29,569,District - Udupi (15),Total,20-24,111819,52110,59709,86196,47546,38650,25356,4521,20835,188,23,165,68,18,50,11,2,9,0,0,0
29,569,District - Udupi (15),Total,25-29,107096,49024,58072,50751,35391,15360,55729,13541,42188,443,55,388,126,30,96,47,7,40,0,0,0
29,569,District - Udupi (15),Total,30-34,91148,43452,47696,20760,16738,4022,69054,26527,42527,1031,123,908,234,47,187,69,17,52,0,0,0
29,569,District - Udupi (15),Total,35-39,90781,42542,48239,8102,6279,1823,80051,35938,44113,2144,184,1960,390,109,281,94,32,62,0,0,0
29,569,District - Udupi (15),Total,40-44,79703,38060,41643,3549,2552,997,72452,35184,37268,3224,215,3009,389,72,317,89,37,52,0,0,0
29,569,District - Udupi (15),Total,45-49,79271,37847,41424,2103,1411,692,71552,35928,35624,5094,370,4724,453,111,342,69,27,42,0,0,0
29,569,District - Udupi (15),Total,50-54,65325,31382,33943,1455,854,601,56997,29943,27054,6441,464,5977,377,99,278,55,22,33,0,0,0
29,569,District - Udupi (15),Total,55-59,56127,26712,29415,1099,637,462,46920,25337,21583,7752,640,7112,310,80,230,46,18,28,0,0,0
29,569,District - Udupi (15),Total,60-64,48618,22657,25961,919,522,397,36594,21125,15469,10847,937,9910,225,59,166,33,14,19,0,0,0
29,569,District - Udupi (15),Total,65-69,41548,18221,23327,830,424,406,27311,16557,10754,13228,1174,12054,152,55,97,27,11,16,0,0,0
29,569,District - Udupi (15),Total,70-74,28729,12733,15996,508,297,211,16004,11106,4898,12124,1295,10829,78,32,46,15,3,12,0,0,0
29,569,District - Udupi (15),Total,75-79,17634,7592,10042,280,161,119,8590,6255,2335,8713,1153,7560,44,21,23,7,2,5,0,0,0
29,569,District - Udupi (15),Total,80+,18253,6969,11284,494,310,184,6782,4933,1849,10942,1713,9229,29,12,17,6,1,5,0,0,0
29,569,District - Udupi (15),Total,Age not stated,659,347,312,374,228,146,239,115,124,45,4,41,1,0,1,0,0,0,0,0,0
29,569,District - Udupi (15),Total,Less than 18,298364,151828,146536,294707,150923,143784,3472,853,2619,113,18,95,69,33,36,3,1,2,0,0,0
29,569,District - Udupi (15),Total,Less than 21,365392,184510,180882,355318,182354,172964,9778,2084,7694,197,28,169,96,43,53,3,1,2,0,0,0
29,569,District - Udupi (15),Rural,All ages,843300,398847,444453,370443,204304,166139,409854,187664,222190,60619,6220,54399,2058,555,1503,326,104,222,0,0,0
29,569,District - Udupi (15),Rural,0-9,107606,54902,52704,107606,54902,52704,0,0,0,0,0,0,0,0,0,0,0,0,0,0,0
29,569,District - Udupi (15),Rural,10-14,66661,33883,32778,65809,33638,32171,794,222,572,33,8,25,24,15,9,1,0,1,0,0,0
29,569,District - Udupi (15),Rural,15-19,73891,36695,37196,70389,36025,34364,3407,654,2753,64,4,60,30,12,18,1,0,1,0,0,0
29,569,District - Udupi (15),Rural,20-24,81708,37291,44417,63400,34167,29233,18113,3090,15023,149,20,129,39,12,27,7,2,5,0,0,0
29,569,District - Udupi (15),Rural,25-29,77134,34975,42159,36789,25479,11310,39901,9430,30471,336,38,298,78,22,56,30,6,24,0,0,0
29,569,District - Udupi (15),Rural,30-34,63816,30277,33539,14225,11573,2652,48644,18577,30067,765,89,676,147,30,117,35,8,27,0,0,0
29,569,District - Udupi (15),Rural,35-39,63086,29055,34031,5178,3965,1213,55982,24877,31105,1610,128,1482,270,71,199,46,14,32,0,0,0
29,569,District - Udupi (15),Rural,40-44,55469,25927,29542,2171,1559,612,50624,24158,26466,2335,134,2201,277,50,227,62,26,36,0,0,0
29,569,District - Udupi (15),Rural,45-49,55769,26067,29702,1249,837,412,50354,24863,25491,3793,268,3525,337,85,252,36,14,22,0,0,0
29,569,District - Udupi (15),Rural,50-54,45979,21731,24248,860,525,335,40106,20771,19335,4720,354,4366,264,69,195,29,12,17,0,0,0
29,569,District - Udupi (15),Rural,55-59,39752,18699,21053,690,426,264,33250,17760,15490,5578,452,5126,209,55,154,25,6,19,0,0,0
29,569,District - Udupi (15),Rural,60-64,34535,15968,18567,537,321,216,25903,14911,10992,7910,685,7225,168,45,123,17,6,11,0,0,0
29,569,District - Udupi (15),Rural,65-69,30339,13236,17103,508,254,254,19931,12045,7886,9770,889,8881,112,42,70,18,6,12,0,0,0
29,569,District - Udupi (15),Rural,70-74,20961,9294,11667,324,194,130,11591,8098,3493,8984,981,8003,54,20,34,8,1,7,0,0,0
29,569,District - Udupi (15),Rural,75-79,12798,5533,7265,173,105,68,6200,4528,1672,6386,880,5506,32,18,14,7,2,5,0,0,0
29,569,District - Udupi (15),Rural,80+,13399,5105,8294,300,197,103,4919,3611,1308,8160,1287,6873,16,9,7,4,1,3,0,0,0
29,569,District - Udupi (15),Rural,Age not stated,397,209,188,235,137,98,135,69,66,26,3,23,1,0,1,0,0,0,0,0,0
29,569,District - Udupi (15),Rural,Less than 18,217179,110464,106715,214677,109863,104814,2382,569,1813,75,10,65,43,22,21,2,0,2,0,0,0
29,569,District - Udupi (15),Rural,Less than 21,266181,134077,132104,259237,132631,126606,6742,1399,5343,140,18,122,60,29,31,2,0,2,0,0,0
29,569,District - Udupi (15),Urban,All ages,334061,163284,170777,141254,80156,61098,169919,80658,89261,21739,2151,19588,904,229,675,245,90,155,0,0,0
29,569,District - Udupi (15),Urban,0-9,41612,21161,20451,41612,21161,20451,0,0,0,0,0,0,0,0,0,0,0,0,0,0,0
29,569,District - Udupi (15),Urban,10-14,24452,12453,11999,24029,12313,11716,397,131,266,13,3,10,12,5,7,1,1,0,0,0,0
29,569,District - Udupi (15),Urban,15-19,26428,13389,13039,24832,13071,11761,1544,305,1239,32,6,26,20,7,13,0,0,0,0,0,0
29,569,District - Udupi (15),Urban,20-24,30111,14819,15292,22796,13379,9417,7243,1431,5812,39,3,36,29,6,23,4,0,4,0,0,0
29,569,District - Udupi (15),Urban,25-29,29962,14049,15913,13962,9912,4050,15828,4111,11717,107,17,90,48,8,40,17,1,16,0,0,0
29,569,District - Udupi (15),Urban,30-34,27332,13175,14157,6535,5165,1370,20410,7950,12460,266,34,232,87,17,70,34,9,25,0,0,0
29,569,District - Udupi (15),Urban,35-39,27695,13487,14208,2924,2314,610,24069,11061,13008,534,56,478,120,38,82,48,18,30,0,0,0
29,569,District - Udupi (15),Urban,40-44,24234,12133,12101,1378,993,385,21828,11026,10802,889,81,808,112,22,90,27,11,16,0,0,0
29,569,District - Udupi (15),Urban,45-49,23502,11780,11722,854,574,280,21198,11065,10133,1301,102,1199,116,26,90,33,13,20,0,0,0
29,569,District - Udupi (15),Urban,50-54,19346,9651,9695,595,329,266,16891,9172,7719,1721,110,1611,113,30,83,26,10,16,0,0,0
29,569,District - Udupi (15),Urban,55-59,16375,8013,8362,409,211,198,13670,7577,6093,2174,188,1986,101,25,76,21,12,9,0,0,0
29,569,District - Udupi (15),Urban,60-64,14083,6689,7394,382,201,181,10691,6214,4477,2937,252,2685,57,14,43,16,8,8,0,0,0
29,569,District - Udupi (15),Urban,65-69,11209,4985,6224,322,170,152,7380,4512,2868,3458,285,3173,40,13,27,9,5,4,0,0,0
29,569,District - Udupi (15),Urban,70-74,7768,3439,4329,184,103,81,4413,3008,1405,3140,314,2826,24,12,12,7,2,5,0,0,0
29,569,District - Udupi (15),Urban,75-79,4836,2059,2777,107,56,51,2390,1727,663,2327,273,2054,12,3,9,0,0,0,0,0,0
29,569,District - Udupi (15),Urban,80+,4854,1864,2990,194,113,81,1863,1322,541,2782,426,2356,13,3,10,2,0,2,0,0,0
29,569,District - Udupi (15),Urban,Age not stated,262,138,124,139,91,48,104,46,58,19,1,18,0,0,0,0,0,0,0,0,0
29,569,District - Udupi (15),Urban,Less than 18,81185,41364,39821,80030,41060,38970,1090,284,806,38,8,30,26,11,15,1,1,0,0,0,0
29,569,District - Udupi (15),Urban,Less than 21,99211,50433,48778,96081,49723,46358,3036,685,2351,57,10,47,36,14,22,1,1,0,0,0,0
29,570,District - Chikmagalur (16),Total,All ages,1137961,566622,571339,465077,262343,202734,594060,292394,301666,73173,10430,62743,5143,1305,3838,508,150,358,0,0,0
29,570,District - Chikmagalur (16),Total,0-9,155164,78982,76182,155164,78982,76182,0,0,0,0,0,0,0,0,0,0,0,0,0,0,0
29,570,District - Chikmagalur (16),Total,10-14,103500,52708,50792,101482,52057,49425,1864,591,1273,68,18,50,83,41,42,3,1,2,0,0,0
29,570,District - Chikmagalur (16),Total,15-19,101692,51215,50477,92689,49779,42910,8766,1367,7399,145,29,116,87,37,50,5,3,2,0,0,0
29,570,District - Chikmagalur (16),Total,20-24,103307,50396,52911,64143,42000,22143,38543,8295,30248,388,60,328,207,38,169,26,3,23,0,0,0
29,570,District - Chikmagalur (16),Total,25-29,101331,49378,51953,31172,24692,6480,68548,24435,44113,1010,149,861,548,90,458,53,12,41,0,0,0
29,570,District - Chikmagalur (16),Total,30-34,85219,41871,43348,9880,8110,1770,72882,33400,39482,1735,222,1513,647,120,527,75,19,56,0,0,0
29,570,District - Chikmagalur (16),Total,35-39,94678,44943,49735,3794,2826,968,86667,41521,45146,3237,356,2881,887,221,666,93,19,74,0,0,0
29,570,District - Chikmagalur (16),Total,40-44,80727,40784,39943,1792,1165,627,73792,38963,34829,4355,442,3913,706,185,521,82,29,53,0,0,0
29,570,District - Chikmagalur (16),Total,45-49,80756,41154,39602,1204,701,503,72517,39598,32919,6244,657,5587,731,181,550,60,17,43,0,0,0
29,570,District - Chikmagalur (16),Total,50-54,60644,32092,28552,789,432,357,52594,30712,21882,6778,832,5946,452,107,345,31,9,22,0,0,0
29,570,District - Chikmagalur (16),Total,55-59,47974,24713,23261,560,287,273,40113,23415,16698,7006,922,6084,270,77,193,25,12,13,0,0,0
29,570,District - Chikmagalur (16),Total,60-64,40595,20030,20565,585,288,297,30127,18443,11684,9642,1216,8426,217,75,142,24,8,16,0,0,0
29,570,District - Chikmagalur (16),Total,65-69,33054,15135,17919,548,274,274,22117,13452,8665,10216,1345,8871,159,56,103,14,8,6,0,0,0
29,570,District - Chikmagalur (16),Total,70-74,22603,10833,11770,287,151,136,13078,9196,3882,9150,1440,7710,81,40,41,7,6,1,0,0,0
29,570,District - Chikmagalur (16),Total,75-79,12267,5895,6372,129,70,59,6395,4702,1693,5710,1108,4602,26,13,13,7,2,5,0,0,0
29,570,District - Chikmagalur (16),Total,80+,13727,6098,7629,410,251,159,5833,4199,1634,7444,1624,5820,38,23,15,2,1,1,0,0,0
29,570,District - Chikmagalur (16),Total,Age not stated,723,395,328,449,278,171,224,105,119,45,10,35,4,1,3,1,1,0,0,0,0
29,570,District - Chikmagalur (16),Total,Less than 18,318285,161832,156453,312822,160428,152394,5178,1303,3875,154,31,123,126,67,59,5,3,2,0,0,0
29,570,District - Chikmagalur (16),Total,Less than 21,384572,194752,189820,366585,191430,175155,17481,3170,14311,287,60,227,208,88,120,11,4,7,0,0,0
29,570,District - Chikmagalur (16),Rural,All ages,898453,447545,450908,359563,203912,155651,474565,233638,240927,59603,8769,50834,4353,1114,3239,369,112,257,0,0,0
29,570,District - Chikmagalur (16),Rural,0-9,120961,61499,59462,120961,61499,59462,0,0,0,0,0,0,0,0,0,0,0,0,0,0,0
29,570,District - Chikmagalur (16),Rural,10-14,80740,41391,39349,79171,40889,38282,1450,459,991,50,13,37,66,29,37,3,1,2,0,0,0
29,570,District - Chikmagalur (16),Rural,15-19,78056,39713,38343,70959,38530,32429,6911,1122,5789,112,27,85,69,31,38,5,3,2,0,0,0
29,570,District - Chikmagalur (16),Rural,20-24,79749,39192,40557,48894,32401,16493,30363,6715,23648,304,44,260,169,30,139,19,2,17,0,0,0
29,570,District - Chikmagalur (16),Rural,25-29,79025,38751,40274,23969,19156,4813,53785,19395,34390,765,115,650,470,78,392,36,7,29,0,0,0
29,570,District - Chikmagalur (16),Rural,30-34,66392,32631,33761,7606,6295,1311,56837,26041,30796,1353,177,1176,545,102,443,51,16,35,0,0,0
29,570,District - Chikmagalur (16),Rural,35-39,74432,35120,39312,2915,2183,732,68173,32462,35711,2535,279,2256,743,182,561,66,14,52,0,0,0
29,570,District - Chikmagalur (16),Rural,40-44,64161,32245,31916,1356,884,472,58725,30824,27901,3417,359,3058,603,158,445,60,20,40,0,0,0
29,570,District - Chikmagalur (16),Rural,45-49,64673,32845,31828,898,517,381,58205,31614,26591,4920,553,4367,607,149,458,43,12,31,0,0,0
29,570,District - Chikmagalur (16),Rural,50-54,48562,25591,22971,585,328,257,42219,24467,17752,5344,694,4650,386,95,291,28,7,21,0,0,0
29,570,District - Chikmagalur (16),Rural,55-59,38760,19688,19072,392,203,189,32506,18635,13871,5611,775,4836,236,68,168,15,7,8,0,0,0
29,570,District - Chikmagalur (16),Rural,60-64,33458,16437,17021,443,221,222,24953,15126,9827,7860,1014,6846,183,68,115,19,8,11,0,0,0
29,570,District - Chikmagalur (16),Rural,65-69,27766,12717,15049,410,209,201,18692,11297,7395,8508,1149,7359,144,55,89,12,7,5,0,0,0
29,570,District - Chikmagalur (16),Rural,70-74,19160,9200,9960,215,117,98,11174,7828,3346,7696,1216,6480,70,35,35,5,4,1,0,0,0
29,570,District - Chikmagalur (16),Rural,75-79,10290,4997,5293,95,52,43,5415,3969,1446,4754,962,3792,22,12,10,4,2,2,0,0,0
29,570,District - Chikmagalur (16),Rural,80+,11679,5202,6477,317,195,122,4982,3602,1380,6342,1383,4959,36,21,15,2,1,1,0,0,0
29,570,District - Chikmagalur (16),Rural,Age not stated,589,326,263,377,233,144,175,82,93,32,9,23,4,1,3,1,1,0,0,0,0
29,570,District - Chikmagalur (16),Rural,Less than 18,247613,126278,121335,243322,125153,118169,4069,1046,3023,114,26,88,103,50,53,5,3,2,0,0,0
29,570,District - Chikmagalur (16),Rural,Less than 21,298618,151892,146726,284297,149161,135136,13919,2609,11310,224,50,174,167,68,99,11,4,7,0,0,0
29,570,District - Chikmagalur (16),Urban,All ages,239508,119077,120431,105514,58431,47083,119495,58756,60739,13570,1661,11909,790,191,599,139,38,101,0,0,0
29,570,District - Chikmagalur (16),Urban,0-9,34203,17483,16720,34203,17483,16720,0,0,0,0,0,0,0,0,0,0,0,0,0,0,0
29,570,District - Chikmagalur (16),Urban,10-14,22760,11317,11443,22311,11168,11143,414,132,282,18,5,13,17,12,5,0,0,0,0,0,0
29,570,District - Chikmagalur (16),Urban,15-19,23636,11502,12134,21730,11249,10481,1855,245,1610,33,2,31,18,6,12,0,0,0,0,0,0
29,570,District - Chikmagalur (16),Urban,20-24,23558,11204,12354,15249,9599,5650,8180,1580,6600,84,16,68,38,8,30,7,1,6,0,0,0
29,570,District - Chikmagalur (16),Urban,25-29,22306,10627,11679,7203,5536,1667,14763,5040,9723,245,34,211,78,12,66,17,5,12,0,0,0
29,570,District - Chikmagalur (16),Urban,30-34,18827,9240,9587,2274,1815,459,16045,7359,8686,382,45,337,102,18,84,24,3,21,0,0,0
29,570,District - Chikmagalur (16),Urban,35-39,20246,9823,10423,879,643,236,18494,9059,9435,702,77,625,144,39,105,27,5,22,0,0,0
29,570,District - Chikmagalur (16),Urban,40-44,16566,8539,8027,436,281,155,15067,8139,6928,938,83,855,103,27,76,22,9,13,0,0,0
29,570,District - Chikmagalur (16),Urban,45-49,16083,8309,7774,306,184,122,14312,7984,6328,1324,104,1220,124,32,92,17,5,12,0,0,0
29,570,District - Chikmagalur (16),Urban,50-54,12082,6501,5581,204,104,100,10375,6245,4130,1434,138,1296,66,12,54,3,2,1,0,0,0
29,570,District - Chikmagalur (16),Urban,55-59,9214,5025,4189,168,84,84,7607,4780,2827,1395,147,1248,34,9,25,10,5,5,0,0,0
29,570,District - Chikmagalur (16),Urban,60-64,7137,3593,3544,142,67,75,5174,3317,1857,1782,202,1580,34,7,27,5,0,5,0,0,0
29,570,District - Chikmagalur (16),Urban,65-69,5288,2418,2870,138,65,73,3425,2155,1270,1708,196,1512,15,1,14,2,1,1,0,0,0
29,570,District - Chikmagalur (16),Urban,70-74,3443,1633,1810,72,34,38,1904,1368,536,1454,224,1230,11,5,6,2,2,0,0,0,0
29,570,District - Chikmagalur (16),Urban,75-79,1977,898,1079,34,18,16,980,733,247,956,146,810,4,1,3,3,0,3,0,0,0
29,570,District - Chikmagalur (16),Urban,80+,2048,896,1152,93,56,37,851,597,254,1102,241,861,2,2,0,0,0,0,0,0,0
29,570,District - Chikmagalur (16),Urban,Age not stated,134,69,65,72,45,27,49,23,26,13,1,12,0,0,0,0,0,0,0,0,0
29,570,District - Chikmagalur (16),Urban,Less than 18,70672,35554,35118,69500,35275,34225,1109,257,852,40,5,35,23,17,6,0,0,0,0,0,0
29,570,District - Chikmagalur (16),Urban,Less than 21,85954,42860,43094,82288,42269,40019,3562,561,3001,63,10,53,41,20,21,0,0,0,0,0,0
29,571,District - Tumkur (17),Total,All ages,2678980,1350594,1328386,1087805,634908,452897,1389412,684412,705000,184635,27104,157531,15968,3881,12087,1160,289,871,0,0,0
29,571,District - Tumkur (17),Total,0-9,385968,197263,188705,385968,197263,188705,0,0,0,0,0,0,0,0,0,0,0,0,0,0,0
29,571,District - Tumkur (17),Total,10-14,238259,124775,113484,234820,123730,111090,3197,945,2252,119,35,84,114,58,56,9,7,2,0,0,0
29,571,District - Tumkur (17),Total,15-19,247643,129870,117773,223249,126953,96296,23843,2785,21058,276,50,226,264,79,185,11,3,8,0,0,0
29,571,District - Tumkur (17),Total,20-24,246216,126235,119981,144552,106208,38344,99660,19794,79866,1013,110,903,934,115,819,57,8,49,0,0,0
29,571,District - Tumkur (17),Total,25-29,233375,116242,117133,64816,55523,9293,164273,60137,104136,2438,270,2168,1721,292,1429,127,20,107,0,0,0
29,571,District - Tumkur (17),Total,30-34,195529,96875,98654,17405,14564,2841,171599,81385,90214,4218,488,3730,2108,397,1711,199,41,158,0,0,0
29,571,District - Tumkur (17),Total,35-39,208238,99691,108547,5773,4162,1611,192396,94262,98134,7411,697,6714,2438,517,1921,220,53,167,0,0,0
29,571,District - Tumkur (17),Total,40-44,181613,90890,90723,2820,1719,1101,166344,87563,78781,9978,988,8990,2289,568,1721,182,52,130,0,0,0
29,571,District - Tumkur (17),Total,45-49,175556,89004,86552,1685,933,752,157743,86064,71679,14103,1486,12617,1912,500,1412,113,21,92,0,0,0
29,571,District - Tumkur (17),Total,50-54,137410,69548,67862,1216,633,583,117980,66557,51423,16779,1975,14804,1346,355,991,89,28,61,0,0,0
29,571,District - Tumkur (17),Total,55-59,108338,53745,54593,792,437,355,90478,50849,39629,16140,2174,13966,872,266,606,56,19,37,0,0,0
29,571,District - Tumkur (17),Total,60-64,109114,53214,55900,864,445,419,80427,48934,31493,26976,3575,23401,803,248,555,44,12,32,0,0,0
29,571,District - Tumkur (17),Total,65-69,84827,41234,43593,750,383,367,56955,36723,20232,26547,3923,22624,545,191,354,30,14,16,0,0,0
29,571,District - Tumkur (17),Total,70-74,61932,30856,31076,468,253,215,35097,25956,9141,26014,4482,21532,342,160,182,11,5,6,0,0,0
29,571,District - Tumkur (17),Total,75-79,29205,14710,14495,202,115,87,15413,11739,3674,13458,2791,10667,130,64,66,2,1,1,0,0,0
29,571,District - Tumkur (17),Total,80+,33370,14990,18380,771,470,301,13419,10425,2994,19041,4028,15013,131,64,67,8,3,5,0,0,0
29,571,District - Tumkur (17),Total,Age not stated,2387,1452,935,1654,1117,537,588,294,294,124,32,92,19,7,12,2,2,0,0,0,0
29,571,District - Tumkur (17),Total,Less than 18,768445,398224,370221,757424,395720,361704,10525,2332,8193,268,64,204,213,98,115,15,10,5,0,0,0
29,571,District - Tumkur (17),Total,Less than 21,934192,483356,450836,886080,476655,409425,46957,6421,40536,573,107,466,550,161,389,32,12,20,0,0,0
29,571,District - Tumkur (17),Rural,All ages,2079902,1048710,1031192,824094,485577,338517,1088846,536549,552297,152478,23049,129429,13619,3332,10287,865,203,662,0,0,0
29,571,District - Tumkur (17),Rural,0-9,295089,150825,144264,295089,150825,144264,0,0,0,0,0,0,0,0,0,0,0,0,0,0,0
29,571,District - Tumkur (17),Rural,10-14,183324,96472,86852,180869,95786,85083,2302,629,1673,79,17,62,68,36,32,6,4,2,0,0,0
29,571,District - Tumkur (17),Rural,15-19,188376,99525,88851,169108,97347,71761,18836,2083,16753,211,35,176,211,58,153,10,2,8,0,0,0
29,571,District - Tumkur (17),Rural,20-24,185233,95974,89259,106023,80591,25432,77543,15208,62335,810,79,731,807,89,718,50,7,43,0,0,0
29,571,District - Tumkur (17),Rural,25-29,177969,89845,88124,48477,42686,5791,126008,46688,79320,1952,221,1731,1437,236,1201,95,14,81,0,0,0
29,571,District - Tumkur (17),Rural,30-34,147661,73536,74125,12676,10836,1840,129746,61932,67814,3311,402,2909,1774,336,1438,154,30,124,0,0,0
29,571,District - Tumkur (17),Rural,35-39,159057,75669,83388,4097,2994,1103,147007,71618,75389,5713,568,5145,2084,453,1631,156,36,120,0,0,0
29,571,District - Tumkur (17),Rural,40-44,140025,69755,70270,1946,1187,759,128295,67260,61035,7724,801,6923,1929,472,1457,131,35,96,0,0,0
29,571,District - Tumkur (17),Rural,45-49,137077,69034,68043,1156,657,499,123172,66697,56475,11047,1232,9815,1615,431,1184,87,17,70,0,0,0
29,571,District - Tumkur (17),Rural,50-54,108477,54067,54410,819,456,363,93029,51615,41414,13384,1659,11725,1180,315,865,65,22,43,0,0,0
29,571,District - Tumkur (17),Rural,55-59,86784,42202,44582,556,336,220,72542,39839,32703,12889,1787,11102,759,228,531,38,12,26,0,0,0
29,571,District - Tumkur (17),Rural,60-64,90957,44041,46916,600,323,277,67157,40423,26734,22479,3069,19410,690,219,471,31,7,24,0,0,0
29,571,District - Tumkur (17),Rural,65-69,72042,35075,36967,550,291,259,48375,31172,17203,22604,3422,19182,489,180,309,24,10,14,0,0,0
29,571,District - Tumkur (17),Rural,70-74,53204,26522,26682,346,203,143,29993,22253,7740,22538,3910,18628,318,153,165,9,3,6,0,0,0
29,571,District - Tumkur (17),Rural,75-79,24804,12558,12246,152,93,59,13077,10002,3075,11454,2401,9053,120,62,58,1,0,1,0,0,0
29,571,District - Tumkur (17),Rural,80+,28118,12693,15425,533,330,203,11284,8887,2397,16174,3416,12758,120,57,63,7,3,4,0,0,0
29,571,District - Tumkur (17),Rural,Age not stated,1705,917,788,1097,636,461,480,243,237,109,30,79,18,7,11,1,1,0,0,0,0
29,571,District - Tumkur (17),Rural,Less than 18,589136,306281,282855,580735,304504,276231,8049,1665,6384,192,38,154,149,68,81,11,6,5,0,0,0
29,571,District - Tumkur (17),Rural,Less than 21,714241,370898,343343,676391,365975,310416,36955,4735,32220,441,69,372,426,111,315,28,8,20,0,0,0
29,571,District - Tumkur (17),Urban,All ages,599078,301884,297194,263711,149331,114380,300566,147863,152703,32157,4055,28102,2349,549,1800,295,86,209,0,0,0
29,571,District - Tumkur (17),Urban,0-9,90879,46438,44441,90879,46438,44441,0,0,0,0,0,0,0,0,0,0,0,0,0,0,0
29,571,District - Tumkur (17),Urban,10-14,54935,28303,26632,53951,27944,26007,895,316,579,40,18,22,46,22,24,3,3,0,0,0,0
29,571,District - Tumkur (17),Urban,15-19,59267,30345,28922,54141,29606,24535,5007,702,4305,65,15,50,53,21,32,1,1,0,0,0,0
29,571,District - Tumkur (17),Urban,20-24,60983,30261,30722,38529,25617,12912,22117,4586,17531,203,31,172,127,26,101,7,1,6,0,0,0
29,571,District - Tumkur (17),Urban,25-29,55406,26397,29009,16339,12837,3502,38265,13449,24816,486,49,437,284,56,228,32,6,26,0,0,0
29,571,District - Tumkur (17),Urban,30-34,47868,23339,24529,4729,3728,1001,41853,19453,22400,907,86,821,334,61,273,45,11,34,0,0,0
29,571,District - Tumkur (17),Urban,35-39,49181,24022,25159,1676,1168,508,45389,22644,22745,1698,129,1569,354,64,290,64,17,47,0,0,0
29,571,District - Tumkur (17),Urban,40-44,41588,21135,20453,874,532,342,38049,20303,17746,2254,187,2067,360,96,264,51,17,34,0,0,0
29,571,District - Tumkur (17),Urban,45-49,38479,19970,18509,529,276,253,34571,19367,15204,3056,254,2802,297,69,228,26,4,22,0,0,0
29,571,District - Tumkur (17),Urban,50-54,28933,15481,13452,397,177,220,24951,14942,10009,3395,316,3079,166,40,126,24,6,18,0,0,0
29,571,District - Tumkur (17),Urban,55-59,21554,11543,10011,236,101,135,17936,11010,6926,3251,387,2864,113,38,75,18,7,11,0,0,0
29,571,District - Tumkur (17),Urban,60-64,18157,9173,8984,264,122,142,13270,8511,4759,4497,506,3991,113,29,84,13,5,8,0,0,0
29,571,District - Tumkur (17),Urban,65-69,12785,6159,6626,200,92,108,8580,5551,3029,3943,501,3442,56,11,45,6,4,2,0,0,0
29,571,District - Tumkur (17),Urban,70-74,8728,4334,4394,122,50,72,5104,3703,1401,3476,572,2904,24,7,17,2,2,0,0,0,0
29,571,District - Tumkur (17),Urban,75-79,4401,2152,2249,50,22,28,2336,1737,599,2004,390,1614,10,2,8,1,1,0,0,0,0
29,571,District - Tumkur (17),Urban,80+,5252,2297,2955,238,140,98,2135,1538,597,2867,612,2255,11,7,4,1,0,1,0,0,0
29,571,District - Tumkur (17),Urban,Age not stated,682,535,147,557,481,76,108,51,57,15,2,13,1,0,1,1,1,0,0,0,0
29,571,District - Tumkur (17),Urban,Less than 18,179309,91943,87366,176689,91216,85473,2476,667,1809,76,26,50,64,30,34,4,4,0,0,0,0
29,571,District - Tumkur (17),Urban,Less than 21,219951,112458,107493,209689,110680,99009,10002,1686,8316,132,38,94,124,50,74,4,4,0,0,0,0
29,572,District - Bangalore (18),Total,All ages,9621551,5022661,4598890,4111160,2425191,1685969,5106299,2525277,2581022,368899,60436,308463,28493,9241,19252,6700,2516,4184,0,0,0
29,572,District - Bangalore (18),Total,0-9,1478287,759911,718376,1478287,759911,718376,0,0,0,0,0,0,0,0,0,0,0,0,0,0,0
29,572,District - Bangalore (18),Total,10-14,728636,375422,353214,703975,366617,337358,22950,8121,14829,780,215,565,772,399,373,159,70,89,0,0,0
29,572,District - Bangalore (18),Total,15-19,774999,399402,375597,681348,382520,298828,91260,16050,75210,1242,326,916,955,419,536,194,87,107,0,0,0
29,572,District - Bangalore (18),Total,20-24,1094930,567855,527075,663569,469593,193976,425278,96675,328603,3677,704,2973,2048,747,1301,358,136,222,0,0,0
29,572,District - Bangalore (18),Total,25-29,1198814,615684,583130,372786,301360,71426,813994,311660,502334,7562,1272,6290,3737,1162,2575,735,230,505,0,0,0
29,572,District - Bangalore (18),Total,30-34,955234,517351,437883,102827,81168,21659,835151,432480,402671,12113,2133,9980,4089,1195,2894,1054,375,679,0,0,0
29,572,District - Bangalore (18),Total,35-39,830430,443995,386435,34354,23942,10412,770197,415620,354577,20183,2669,17514,4498,1287,3211,1198,477,721,0,0,0
29,572,District - Bangalore (18),Total,40-44,602926,330829,272097,16789,10452,6337,556292,315656,240636,25288,3230,22058,3631,1119,2512,926,372,554,0,0,0
29,572,District - Bangalore (18),Total,45-49,520985,276096,244889,10632,5823,4809,472398,265066,207332,34310,4048,30262,2979,911,2068,666,248,418,0,0,0
29,572,District - Bangalore (18),Total,50-54,389571,203992,185579,7523,3764,3759,340925,194478,146447,38775,4970,33805,1857,595,1262,491,185,306,0,0,0
29,572,District - Bangalore (18),Total,55-59,312046,159445,152601,5768,2598,3170,264637,150866,113771,39948,5427,34521,1371,455,916,322,99,223,0,0,0
29,572,District - Bangalore (18),Total,60-64,271092,138563,132529,7398,3257,4141,211165,127060,84105,51272,7808,43464,1028,351,677,229,87,142,0,0,0
29,572,District - Bangalore (18),Total,65-69,178762,90586,88176,7311,3453,3858,129579,80037,49542,41076,6825,34251,665,217,448,131,54,77,0,0,0
29,572,District - Bangalore (18),Total,70-74,119786,61997,57789,3769,1792,1977,79622,52939,26683,35935,7070,28865,367,159,208,93,37,56,0,0,0
29,572,District - Bangalore (18),Total,75-79,66172,33720,32452,1707,747,960,40845,27512,13333,23382,5345,18037,191,94,97,47,22,25,0,0,0
29,572,District - Bangalore (18),Total,80+,86766,40998,45768,6186,3693,2493,47350,28870,18480,32883,8292,24591,272,117,155,75,26,49,0,0,0
29,572,District - Bangalore (18),Total,Age not stated,12115,6815,5300,6931,4501,2430,4656,2187,2469,473,102,371,33,14,19,22,11,11,0,0,0
29,572,District - Bangalore (18),Total,Less than 18,2620927,1348869,1272058,2563478,1331922,1231556,54429,15789,38640,1490,411,1079,1268,617,651,262,130,132,0,0,0
29,572,District - Bangalore (18),Total,Less than 21,3209784,1651440,1558344,3021683,1613166,1408517,182984,36465,146519,2621,666,1955,2087,957,1130,409,186,223,0,0,0
29,572,District - Bangalore (18),Rural,All ages,871607,464256,407351,378531,231551,146980,450905,225162,225743,38084,6336,31748,3792,1099,2693,295,108,187,0,0,0
29,572,District - Bangalore (18),Rural,0-9,140520,71972,68548,140520,71972,68548,0,0,0,0,0,0,0,0,0,0,0,0,0,0,0
29,572,District - Bangalore (18),Rural,10-14,70856,36764,34092,68835,36091,32744,1904,632,1272,54,13,41,58,26,32,5,2,3,0,0,0
29,572,District - Bangalore (18),Rural,15-19,78108,41241,36867,67187,39605,27582,10699,1570,9129,118,32,86,90,28,62,14,6,8,0,0,0
29,572,District - Bangalore (18),Rural,20-24,112879,62330,50549,62739,50462,12277,49495,11737,37758,351,51,300,270,70,200,24,10,14,0,0,0
29,572,District - Bangalore (18),Rural,25-29,106661,57690,48971,27253,24383,2870,77878,33012,44866,946,137,809,535,146,389,49,12,37,0,0,0
29,572,District - Bangalore (18),Rural,30-34,76798,42482,34316,5963,5122,841,68771,36975,31796,1423,194,1229,580,168,412,61,23,38,0,0,0
29,572,District - Bangalore (18),Rural,35-39,71670,38319,33351,1812,1378,434,66899,36519,30380,2332,271,2061,590,138,452,37,13,24,0,0,0
29,572,District - Bangalore (18),Rural,40-44,50186,28361,21825,937,642,295,46145,27278,18867,2599,297,2302,473,132,341,32,12,20,0,0,0
29,572,District - Bangalore (18),Rural,45-49,44125,24085,20040,572,321,251,39672,23216,16456,3457,441,3016,402,98,304,22,9,13,0,0,0
29,572,District - Bangalore (18),Rural,50-54,30126,16100,14026,364,208,156,25833,15293,10540,3683,520,3163,234,74,160,12,5,7,0,0,0
29,572,District - Bangalore (18),Rural,55-59,22995,11516,11479,269,131,138,19124,10874,8250,3429,453,2976,161,54,107,12,4,8,0,0,0
29,572,District - Bangalore (18),Rural,60-64,22410,11044,11366,391,207,184,16746,9946,6800,5120,839,4281,144,49,95,9,3,6,0,0,0
29,572,District - Bangalore (18),Rural,65-69,16560,8135,8425,435,228,207,11632,7130,4502,4376,736,3640,111,39,72,6,2,4,0,0,0
29,572,District - Bangalore (18),Rural,70-74,11819,6126,5693,224,132,92,7438,5127,2311,4094,831,3263,58,33,25,5,3,2,0,0,0
29,572,District - Bangalore (18),Rural,75-79,6146,3241,2905,108,63,45,3771,2634,1137,2240,526,1714,26,18,8,1,0,1,0,0,0
29,572,District - Bangalore (18),Rural,80+,8858,4348,4510,408,284,124,4568,3051,1517,3819,984,2835,57,25,32,6,4,2,0,0,0
29,572,District - Bangalore (18),Rural,Age not stated,890,502,388,514,322,192,330,168,162,43,11,32,3,1,2,0,0,0,0,0,0
29,572,District - Bangalore (18),Rural,Less than 18,251717,130019,121698,246554,128640,117914,4931,1304,3627,125,33,92,95,36,59,12,6,6,0,0,0
29,572,District - Bangalore (18),Rural,Less than 21,315113,163696,151417,292960,159894,133066,21704,3669,18035,227,54,173,199,69,130,23,10,13,0,0,0
29,572,District - Bangalore (18),Urban,All ages,8749944,4558405,4191539,3732629,2193640,1538989,4655394,2300115,2355279,330815,54100,276715,24701,8142,16559,6405,2408,3997,0,0,0
29,572,District - Bangalore (18),Urban,0-9,1337767,687939,649828,1337767,687939,649828,0,0,0,0,0,0,0,0,0,0,0,0,0,0,0
29,572,District - Bangalore (18),Urban,10-14,657780,338658,319122,635140,330526,304614,21046,7489,13557,726,202,524,714,373,341,154,68,86,0,0,0
29,572,District - Bangalore (18),Urban,15-19,696891,358161,338730,614161,342915,271246,80561,14480,66081,1124,294,830,865,391,474,180,81,99,0,0,0
29,572,District - Bangalore (18),Urban,20-24,982051,505525,476526,600830,419131,181699,375783,84938,290845,3326,653,2673,1778,677,1101,334,126,208,0,0,0
29,572,District - Bangalore (18),Urban,25-29,1092153,557994,534159,345533,276977,68556,736116,278648,457468,6616,1135,5481,3202,1016,2186,686,218,468,0,0,0
29,572,District - Bangalore (18),Urban,30-34,878436,474869,403567,96864,76046,20818,766380,395505,370875,10690,1939,8751,3509,1027,2482,993,352,641,0,0,0
29,572,District - Bangalore (18),Urban,35-39,758760,405676,353084,32542,22564,9978,703298,379101,324197,17851,2398,15453,3908,1149,2759,1161,464,697,0,0,0
29,572,District - Bangalore (18),Urban,40-44,552740,302468,250272,15852,9810,6042,510147,288378,221769,22689,2933,19756,3158,987,2171,894,360,534,0,0,0
29,572,District - Bangalore (18),Urban,45-49,476860,252011,224849,10060,5502,4558,432726,241850,190876,30853,3607,27246,2577,813,1764,644,239,405,0,0,0
29,572,District - Bangalore (18),Urban,50-54,359445,187892,171553,7159,3556,3603,315092,179185,135907,35092,4450,30642,1623,521,1102,479,180,299,0,0,0
29,572,District - Bangalore (18),Urban,55-59,289051,147929,141122,5499,2467,3032,245513,139992,105521,36519,4974,31545,1210,401,809,310,95,215,0,0,0
29,572,District - Bangalore (18),Urban,60-64,248682,127519,121163,7007,3050,3957,194419,117114,77305,46152,6969,39183,884,302,582,220,84,136,0,0,0
29,572,District - Bangalore (18),Urban,65-69,162202,82451,79751,6876,3225,3651,117947,72907,45040,36700,6089,30611,554,178,376,125,52,73,0,0,0
29,572,District - Bangalore (18),Urban,70-74,107967,55871,52096,3545,1660,1885,72184,47812,24372,31841,6239,25602,309,126,183,88,34,54,0,0,0
29,572,District - Bangalore (18),Urban,75-79,60026,30479,29547,1599,684,915,37074,24878,12196,21142,4819,16323,165,76,89,46,22,24,0,0,0
29,572,District - Bangalore (18),Urban,80+,77908,36650,41258,5778,3409,2369,42782,25819,16963,29064,7308,21756,215,92,123,69,22,47,0,0,0
29,572,District - Bangalore (18),Urban,Age not stated,11225,6313,4912,6417,4179,2238,4326,2019,2307,430,91,339,30,13,17,22,11,11,0,0,0
29,572,District - Bangalore (18),Urban,Less than 18,2369210,1218850,1150360,2316924,1203282,1113642,49498,14485,35013,1365,378,987,1173,581,592,250,124,126,0,0,0
29,572,District - Bangalore (18),Urban,Less than 21,2894671,1487744,1406927,2728723,1453272,1275451,161280,32796,128484,2394,612,1782,1888,888,1000,386,176,210,0,0,0
29,573,District - Mandya (19),Total,All ages,1805769,905085,900684,712168,420830,291338,948334,467772,480562,136233,14301,121932,8155,1971,6184,879,211,668,0,0,0
29,573,District - Mandya (19),Total,0-9,252007,129919,122088,252007,129919,122088,0,0,0,0,0,0,0,0,0,0,0,0,0,0,0
29,573,District - Mandya (19),Total,10-14,153314,79865,73449,150398,79061,71337,2664,715,1949,102,18,84,140,67,73,10,4,6,0,0,0
29,573,District - Mandya (19),Total,15-19,162126,84088,78038,142058,81465,60593,19657,2524,17133,227,33,194,171,61,110,13,5,8,0,0,0
29,573,District - Mandya (19),Total,20-24,170210,87021,83189,95520,72072,23448,73372,14784,58588,830,82,748,425,79,346,63,4,59,0,0,0
29,573,District - Mandya (19),Total,25-29,164650,82513,82137,46242,40108,6134,115333,42034,73299,2123,194,1929,837,156,681,115,21,94,0,0,0
29,573,District - Mandya (19),Total,30-34,136630,67390,69240,13303,11068,2235,118441,55730,62711,3688,338,3350,1050,223,827,148,31,117,0,0,0
29,573,District - Mandya (19),Total,35-39,148252,70308,77944,4748,3319,1429,135499,66177,69322,6530,489,6041,1306,282,1024,169,41,128,0,0,0
29,573,District - Mandya (19),Total,40-44,123731,62852,60879,2293,1270,1023,111777,60587,51190,8290,662,7628,1242,299,943,129,34,95,0,0,0
29,573,District - Mandya (19),Total,45-49,118623,60797,57826,1440,674,766,104803,58996,45807,11277,849,10428,1031,256,775,72,22,50,0,0,0
29,573,District - Mandya (19),Total,50-54,91849,46486,45363,951,391,560,76805,44756,32049,13268,1121,12147,758,196,562,67,22,45,0,0,0
29,573,District - Mandya (19),Total,55-59,68882,33836,35046,590,210,380,56241,32518,23723,11632,987,10645,386,107,279,33,14,19,0,0,0
29,573,District - Mandya (19),Total,60-64,72497,33792,38705,576,215,361,52322,31758,20564,19224,1735,17489,353,80,273,22,4,18,0,0,0
29,573,District - Mandya (19),Total,65-69,55549,26427,29122,457,176,281,37239,24215,13024,17632,1969,15663,202,63,139,19,4,15,0,0,0
29,573,District - Mandya (19),Total,70-74,42504,20008,22496,287,113,174,23814,17656,6158,18255,2184,16071,138,52,86,10,3,7,0,0,0
29,573,District - Mandya (19),Total,75-79,19419,9226,10193,148,74,74,10218,7779,2439,9002,1351,7651,50,22,28,1,0,1,0,0,0
29,573,District - Mandya (19),Total,80+,24400,9985,14415,482,304,178,9795,7382,2413,14056,2273,11783,59,24,35,8,2,6,0,0,0
29,573,District - Mandya (19),Total,Age not stated,1126,572,554,668,391,277,354,161,193,97,16,81,7,4,3,0,0,0,0,0,0
29,573,District - Mandya (19),Total,Less than 18,497774,258114,239660,487832,256009,231823,9470,1958,7512,239,37,202,221,105,116,12,5,7,0,0,0
29,573,District - Mandya (19),Total,Less than 21,610397,314896,295501,571099,308947,262152,38389,5733,32656,495,70,425,379,135,244,35,11,24,0,0,0
29,573,District - Mandya (19),Rural,All ages,1497407,751243,746164,579808,345748,234060,793276,391466,401810,116649,12190,104459,6954,1664,5290,720,175,545,0,0,0
29,573,District - Mandya (19),Rural,0-9,205761,106129,99632,205761,106129,99632,0,0,0,0,0,0,0,0,0,0,0,0,0,0,0
29,573,District - Mandya (19),Rural,10-14,125739,65972,59767,123285,65288,57997,2236,603,1633,88,17,71,122,60,62,8,4,4,0,0,0
29,573,District - Mandya (19),Rural,15-19,133771,69978,63793,116695,67729,48966,16737,2164,14573,197,32,165,131,48,83,11,5,6,0,0,0
29,573,District - Mandya (19),Rural,20-24,139712,72380,67332,77331,59823,17508,61257,12411,48846,716,72,644,351,70,281,57,4,53,0,0,0
29,573,District - Mandya (19),Rural,25-29,134318,67935,66383,36926,32765,4161,94797,34851,59946,1773,167,1606,723,134,589,99,18,81,0,0,0
29,573,District - Mandya (19),Rural,30-34,110720,54728,55992,10190,8642,1548,96484,45596,50888,3049,287,2762,878,176,702,119,27,92,0,0,0
29,573,District - Mandya (19),Rural,35-39,121700,57316,64384,3528,2462,1066,111601,54213,57388,5333,381,4952,1107,230,877,131,30,101,0,0,0
29,573,District - Mandya (19),Rural,40-44,102607,51856,50751,1724,939,785,92880,50088,42792,6846,556,6290,1055,244,811,102,29,73,0,0,0
29,573,District - Mandya (19),Rural,45-49,98839,50624,48215,1076,474,602,87505,49193,38312,9304,711,8593,890,227,663,64,19,45,0,0,0
29,573,District - Mandya (19),Rural,50-54,77012,38765,38247,705,269,436,64550,37394,27156,11054,926,10128,653,161,492,50,15,35,0,0,0
29,573,District - Mandya (19),Rural,55-59,57521,27703,29818,425,152,273,47074,26642,20432,9675,811,8864,323,87,236,24,11,13,0,0,0
29,573,District - Mandya (19),Rural,60-64,62986,29152,33834,435,165,270,45731,27451,18280,16490,1461,15029,310,71,239,20,4,16,0,0,0
29,573,District - Mandya (19),Rural,65-69,48811,23273,25538,364,140,224,32942,21371,11571,15303,1697,13606,184,61,123,18,4,14,0,0,0
29,573,District - Mandya (19),Rural,70-74,38015,17863,20152,222,89,133,21351,15821,5530,16309,1901,14408,124,49,75,9,3,6,0,0,0
29,573,District - Mandya (19),Rural,75-79,17145,8146,8999,117,60,57,9057,6892,2165,7925,1174,6751,45,20,25,1,0,1,0,0,0
29,573,District - Mandya (19),Rural,80+,21711,8899,12812,404,262,142,8753,6631,2122,12494,1981,10513,53,23,30,7,2,5,0,0,0
29,573,District - Mandya (19),Rural,Age not stated,1039,524,515,620,360,260,321,145,176,93,16,77,5,3,2,0,0,0,0,0,0
29,573,District - Mandya (19),Rural,Less than 18,407873,212300,195573,399384,210499,188885,8087,1669,6418,207,36,171,185,91,94,10,5,5,0,0,0
29,573,District - Mandya (19),Rural,Less than 21,501055,259749,241306,467605,254631,212974,32684,4926,27758,432,67,365,305,114,191,29,11,18,0,0,0
29,573,District - Mandya (19),Urban,All ages,308362,153842,154520,132360,75082,57278,155058,76306,78752,19584,2111,17473,1201,307,894,159,36,123,0,0,0
29,573,District - Mandya (19),Urban,0-9,46246,23790,22456,46246,23790,22456,0,0,0,0,0,0,0,0,0,0,0,0,0,0,0
29,573,District - Mandya (19),Urban,10-14,27575,13893,13682,27113,13773,13340,428,112,316,14,1,13,18,7,11,2,0,2,0,0,0
29,573,District - Mandya (19),Urban,15-19,28355,14110,14245,25363,13736,11627,2920,360,2560,30,1,29,40,13,27,2,0,2,0,0,0
29,573,District - Mandya (19),Urban,20-24,30498,14641,15857,18189,12249,5940,12115,2373,9742,114,10,104,74,9,65,6,0,6,0,0,0
29,573,District - Mandya (19),Urban,25-29,30332,14578,15754,9316,7343,1973,20536,7183,13353,350,27,323,114,22,92,16,3,13,0,0,0
29,573,District - Mandya (19),Urban,30-34,25910,12662,13248,3113,2426,687,21957,10134,11823,639,51,588,172,47,125,29,4,25,0,0,0
29,573,District - Mandya (19),Urban,35-39,26552,12992,13560,1220,857,363,23898,11964,11934,1197,108,1089,199,52,147,38,11,27,0,0,0
29,573,District - Mandya (19),Urban,40-44,21124,10996,10128,569,331,238,18897,10499,8398,1444,106,1338,187,55,132,27,5,22,0,0,0
29,573,District - Mandya (19),Urban,45-49,19784,10173,9611,364,200,164,17298,9803,7495,1973,138,1835,141,29,112,8,3,5,0,0,0
29,573,District - Mandya (19),Urban,50-54,14837,7721,7116,246,122,124,12255,7362,4893,2214,195,2019,105,35,70,17,7,10,0,0,0
29,573,District - Mandya (19),Urban,55-59,11361,6133,5228,165,58,107,9167,5876,3291,1957,176,1781,63,20,43,9,3,6,0,0,0
29,573,District - Mandya (19),Urban,60-64,9511,4640,4871,141,50,91,6591,4307,2284,2734,274,2460,43,9,34,2,0,2,0,0,0
29,573,District - Mandya (19),Urban,65-69,6738,3154,3584,93,36,57,4297,2844,1453,2329,272,2057,18,2,16,1,0,1,0,0,0
29,573,District - Mandya (19),Urban,70-74,4489,2145,2344,65,24,41,2463,1835,628,1946,283,1663,14,3,11,1,0,1,0,0,0
29,573,District - Mandya (19),Urban,75-79,2274,1080,1194,31,14,17,1161,887,274,1077,177,900,5,2,3,0,0,0,0,0,0
29,573,District - Mandya (19),Urban,80+,2689,1086,1603,78,42,36,1042,751,291,1562,292,1270,6,1,5,1,0,1,0,0,0
29,573,District - Mandya (19),Urban,Age not stated,87,48,39,48,31,17,33,16,17,4,0,4,2,1,1,0,0,0,0,0,0
29,573,District - Mandya (19),Urban,Less than 18,89901,45814,44087,88448,45510,42938,1383,289,1094,32,1,31,36,14,22,2,0,2,0,0,0
29,573,District - Mandya (19),Urban,Less than 21,109342,55147,54195,103494,54316,49178,5705,807,4898,63,3,60,74,21,53,6,0,6,0,0,0
29,574,District - Hassan (20),Total,All ages,1776421,883667,892754,697149,397147,300002,961944,470369,491575,109697,14351,95346,6890,1604,5286,741,196,545,0,0,0
29,574,District - Hassan (20),Total,0-9,243710,123635,120075,243710,123635,120075,0,0,0,0,0,0,0,0,0,0,0,0,0,0,0
29,574,District - Hassan (20),Total,10-14,152557,77307,75250,149402,76281,73121,2979,957,2022,95,24,71,69,40,29,12,5,7,0,0,0
29,574,District - Hassan (20),Total,15-19,154538,77843,76695,139103,75328,63775,15162,2440,12722,171,39,132,93,31,62,9,5,4,0,0,0
29,574,District - Hassan (20),Total,20-24,165984,83519,82465,98433,68404,30029,66632,14961,51671,608,94,514,278,56,222,33,4,29,0,0,0
29,574,District - Hassan (20),Total,25-29,160551,80663,79888,44848,37630,7218,113488,42743,70745,1455,166,1289,679,116,563,81,8,73,0,0,0
29,574,District - Hassan (20),Total,30-34,132342,65838,66504,11575,9738,1837,117201,55596,61605,2564,300,2264,870,175,695,132,29,103,0,0,0
29,574,District - Hassan (20),Total,35-39,144591,69407,75184,3417,2472,945,135316,66248,69068,4500,387,4113,1208,252,956,150,48,102,0,0,0
29,574,District - Hassan (20),Total,40-44,123291,62242,61049,1617,970,647,114870,60503,54367,5754,503,5251,944,234,710,106,32,74,0,0,0
29,574,District - Hassan (20),Total,45-49,121815,61157,60658,1075,563,512,111320,59628,51692,8457,756,7701,888,193,695,75,17,58,0,0,0
29,574,District - Hassan (20),Total,50-54,91860,47301,44559,762,403,359,80748,45728,35020,9659,1005,8654,641,152,489,50,13,37,0,0,0
29,574,District - Hassan (20),Total,55-59,74250,36880,37370,464,253,211,63715,35407,28308,9662,1131,8531,381,81,300,28,8,20,0,0,0
29,574,District - Hassan (20),Total,60-64,68945,32829,36116,587,287,300,53435,30740,22695,14566,1703,12863,329,86,243,28,13,15,0,0,0
29,574,District - Hassan (20),Total,65-69,56388,26339,30049,500,248,252,40727,24033,16694,14904,1989,12915,241,63,178,16,6,10,0,0,0
29,574,District - Hassan (20),Total,70-74,40010,18693,21317,266,128,138,24113,16324,7789,15482,2179,13303,141,61,80,8,1,7,0,0,0
29,574,District - Hassan (20),Total,75-79,20308,9465,10843,145,69,76,11353,7786,3567,8748,1584,7164,58,25,33,4,1,3,0,0,0
29,574,District - Hassan (20),Total,80+,24157,9945,14212,522,298,224,10557,7120,3437,13002,2484,10518,68,38,30,8,5,3,0,0,0
29,574,District - Hassan (20),Total,Age not stated,1124,604,520,723,440,283,328,155,173,70,7,63,2,1,1,1,1,0,0,0,0
29,574,District - Hassan (20),Total,Less than 18,485684,246124,239560,476681,243867,232814,8676,2143,6533,194,46,148,117,60,57,16,8,8,0,0,0
29,574,District - Hassan (20),Total,Less than 21,589629,297783,291846,558748,292033,266715,30262,5579,24683,385,77,308,208,83,125,26,11,15,0,0,0
29,574,District - Hassan (20),Rural,All ages,1399658,695583,704075,534871,306743,228128,767453,375391,392062,91012,11940,79072,5751,1369,4382,571,140,431,0,0,0
29,574,District - Hassan (20),Rural,0-9,188033,95120,92913,188033,95120,92913,0,0,0,0,0,0,0,0,0,0,0,0,0,0,0
29,574,District - Hassan (20),Rural,10-14,117870,59751,58119,115530,59037,56493,2199,656,1543,77,21,56,55,33,22,9,4,5,0,0,0
29,574,District - Hassan (20),Rural,15-19,120003,60761,59242,107448,58713,48735,12340,1996,10344,138,28,110,70,20,50,7,4,3,0,0,0
29,574,District - Hassan (20),Rural,20-24,129022,65936,63086,74702,53453,21249,53572,12359,41213,490,71,419,233,50,183,25,3,22,0,0,0
29,574,District - Hassan (20),Rural,25-29,125103,63848,61255,33686,28952,4734,89616,34665,54951,1181,133,1048,564,94,470,56,4,52,0,0,0
29,574,District - Hassan (20),Rural,30-34,101126,50448,50678,8169,6985,1184,90117,43045,47072,2017,246,1771,726,149,577,97,23,74,0,0,0
29,574,District - Hassan (20),Rural,35-39,112313,53479,58834,2415,1746,669,105221,51165,54056,3550,305,3245,1003,228,775,124,35,89,0,0,0
29,574,District - Hassan (20),Rural,40-44,96558,48345,48213,1133,665,468,90024,47052,42972,4536,406,4130,785,200,585,80,22,58,0,0,0
29,574,District - Hassan (20),Rural,45-49,96703,48030,48673,754,407,347,88503,46846,41657,6664,606,6058,725,161,564,57,10,47,0,0,0
29,574,District - Hassan (20),Rural,50-54,73579,37676,35903,529,282,247,64754,36457,28297,7708,803,6905,548,125,423,40,9,31,0,0,0
29,574,District - Hassan (20),Rural,55-59,59797,29201,30596,325,188,137,51475,28015,23460,7651,921,6730,325,72,253,21,5,16,0,0,0
29,574,District - Hassan (20),Rural,60-64,57508,27107,30401,435,217,218,44680,25417,19263,12094,1389,10705,275,74,201,24,10,14,0,0,0
29,574,District - Hassan (20),Rural,65-69,48260,22543,25717,337,173,164,35096,20630,14466,12603,1677,10926,212,59,153,12,4,8,0,0,0
29,574,District - Hassan (20),Rural,70-74,34563,16064,18499,194,104,90,20762,14050,6712,13480,1859,11621,120,50,70,7,1,6,0,0,0
29,574,District - Hassan (20),Rural,75-79,17331,8078,9253,100,51,49,9702,6663,3039,7478,1344,6134,47,19,28,4,1,3,0,0,0
29,574,District - Hassan (20),Rural,80+,20876,8655,12221,417,246,171,9106,6246,2860,11285,2125,9160,61,34,27,7,4,3,0,0,0
29,574,District - Hassan (20),Rural,Age not stated,1013,541,472,664,404,260,286,129,157,60,6,54,2,1,1,1,1,0,0,0,0
29,574,District - Hassan (20),Rural,Less than 18,375379,190014,185365,368216,188311,179905,6902,1614,5288,157,37,120,92,46,46,12,6,6,0,0,0
29,574,District - Hassan (20),Rural,Less than 21,456351,230620,225731,431279,225985,205294,24585,4502,20083,308,61,247,161,64,97,18,8,10,0,0,0
29,574,District - Hassan (20),Urban,All ages,376763,188084,188679,162278,90404,71874,194491,94978,99513,18685,2411,16274,1139,235,904,170,56,114,0,0,0
29,574,District - Hassan (20),Urban,0-9,55677,28515,27162,55677,28515,27162,0,0,0,0,0,0,0,0,0,0,0,0,0,0,0
29,574,District - Hassan (20),Urban,10-14,34687,17556,17131,33872,17244,16628,780,301,479,18,3,15,14,7,7,3,1,2,0,0,0
29,574,District - Hassan (20),Urban,15-19,34535,17082,17453,31655,16615,15040,2822,444,2378,33,11,22,23,11,12,2,1,1,0,0,0
29,574,District - Hassan (20),Urban,20-24,36962,17583,19379,23731,14951,8780,13060,2602,10458,118,23,95,45,6,39,8,1,7,0,0,0
29,574,District - Hassan (20),Urban,25-29,35448,16815,18633,11162,8678,2484,23872,8078,15794,274,33,241,115,22,93,25,4,21,0,0,0
29,574,District - Hassan (20),Urban,30-34,31216,15390,15826,3406,2753,653,27084,12551,14533,547,54,493,144,26,118,35,6,29,0,0,0
29,574,District - Hassan (20),Urban,35-39,32278,15928,16350,1002,726,276,30095,15083,15012,950,82,868,205,24,181,26,13,13,0,0,0
29,574,District - Hassan (20),Urban,40-44,26733,13897,12836,484,305,179,24846,13451,11395,1218,97,1121,159,34,125,26,10,16,0,0,0
29,574,District - Hassan (20),Urban,45-49,25112,13127,11985,321,156,165,22817,12782,10035,1793,150,1643,163,32,131,18,7,11,0,0,0
29,574,District - Hassan (20),Urban,50-54,18281,9625,8656,233,121,112,15994,9271,6723,1951,202,1749,93,27,66,10,4,6,0,0,0
29,574,District - Hassan (20),Urban,55-59,14453,7679,6774,139,65,74,12240,7392,4848,2011,210,1801,56,9,47,7,3,4,0,0,0
29,574,District - Hassan (20),Urban,60-64,11437,5722,5715,152,70,82,8755,5323,3432,2472,314,2158,54,12,42,4,3,1,0,0,0
29,574,District - Hassan (20),Urban,65-69,8128,3796,4332,163,75,88,5631,3403,2228,2301,312,1989,29,4,25,4,2,2,0,0,0
29,574,District - Hassan (20),Urban,70-74,5447,2629,2818,72,24,48,3351,2274,1077,2002,320,1682,21,11,10,1,0,1,0,0,0
29,574,District - Hassan (20),Urban,75-79,2977,1387,1590,45,18,27,1651,1123,528,1270,240,1030,11,6,5,0,0,0,0,0,0
29,574,District - Hassan (20),Urban,80+,3281,1290,1991,105,52,53,1451,874,577,1717,359,1358,7,4,3,1,1,0,0,0,0
29,574,District - Hassan (20),Urban,Age not stated,111,63,48,59,36,23,42,26,16,10,1,9,0,0,0,0,0,0,0,0,0
29,574,District - Hassan (20),Urban,Less than 18,110305,56110,54195,108465,55556,52909,1774,529,1245,37,9,28,25,14,11,4,2,2,0,0,0
29,574,District - Hassan (20),Urban,Less than 21,133278,67163,66115,127469,66048,61421,5677,1077,4600,77,16,61,47,19,28,8,3,5,0,0,0
29,575,District - Dakshina Kannada (21),Total,All ages,2089649,1034714,1054935,969076,543353,425723,984594,476861,507733,125646,12190,113456,8826,1922,6904,1507,388,1119,0,0,0
29,575,District - Dakshina Kannada (21),Total,0-9,302714,155321,147393,302714,155321,147393,0,0,0,0,0,0,0,0,0,0,0,0,0,0,0
29,575,District - Dakshina Kannada (21),Total,10-14,175536,90131,85405,173613,89635,83978,1796,458,1338,59,11,48,63,24,39,5,3,2,0,0,0
29,575,District - Dakshina Kannada (21),Total,15-19,191035,96754,94281,181209,95187,86022,9638,1514,8124,108,21,87,71,28,43,9,4,5,0,0,0
29,575,District - Dakshina Kannada (21),Total,20-24,210759,102561,108198,156668,92459,64209,53535,10016,43519,317,38,279,182,44,138,57,4,53,0,0,0
29,575,District - Dakshina Kannada (21),Total,25-29,192373,93003,99370,85395,61645,23750,105541,31190,74351,746,78,668,550,74,476,141,16,125,0,0,0
29,575,District - Dakshina Kannada (21),Total,30-34,165623,81433,84190,34587,26915,7672,128173,54129,74044,1743,212,1531,897,140,757,223,37,186,0,0,0
29,575,District - Dakshina Kannada (21),Total,35-39,163196,80270,82926,14164,10432,3732,143700,69227,74473,3662,269,3393,1375,276,1099,295,66,229,0,0,0
29,575,District - Dakshina Kannada (21),Total,40-44,143200,71444,71756,6436,4304,2132,129018,66386,62632,6014,384,5630,1510,301,1209,222,69,153,0,0,0
29,575,District - Dakshina Kannada (21),Total,45-49,136431,68870,67561,4051,2419,1632,121547,65500,56047,9244,587,8657,1367,286,1081,222,78,144,0,0,0
29,575,District - Dakshina Kannada (21),Total,50-54,111778,56429,55349,2704,1442,1262,95337,53849,41488,12568,848,11720,1037,250,787,132,40,92,0,0,0
29,575,District - Dakshina Kannada (21),Total,55-59,89069,44698,44371,1889,961,928,72586,42562,30024,13802,986,12816,707,159,548,85,30,55,0,0,0
29,575,District - Dakshina Kannada (21),Total,60-64,71953,34870,37083,1719,808,911,52101,32487,19614,17619,1429,16190,464,129,335,50,17,33,0,0,0
29,575,District - Dakshina Kannada (21),Total,65-69,52941,23942,28999,1185,579,606,33538,21702,11836,17895,1568,16327,293,84,209,30,9,21,0,0,0
29,575,District - Dakshina Kannada (21),Total,70-74,37492,16541,20951,850,376,474,19908,14225,5683,16542,1859,14683,173,71,102,19,10,9,0,0,0
29,575,District - Dakshina Kannada (21),Total,75-79,23223,9861,13362,627,243,384,10643,7997,2646,11863,1585,10278,82,34,48,8,2,6,0,0,0
29,575,District - Dakshina Kannada (21),Total,80+,21446,8130,13316,724,304,420,7275,5496,1779,13391,2306,11085,47,21,26,9,3,6,0,0,0
29,575,District - Dakshina Kannada (21),Total,Age not stated,880,456,424,541,323,218,258,123,135,73,9,64,8,1,7,0,0,0,0,0,0
29,575,District - Dakshina Kannada (21),Total,Less than 18,587176,301081,286095,581157,299805,281352,5789,1207,4582,122,23,99,100,40,60,8,6,2,0,0,0
29,575,District - Dakshina Kannada (21),Total,Less than 21,715896,364993,350903,696101,361371,334730,19386,3515,15871,227,42,185,160,58,102,22,7,15,0,0,0
29,575,District - Dakshina Kannada (21),Rural,All ages,1093563,541484,552079,506799,283995,222804,514672,249285,265387,66473,7046,59427,4995,1017,3978,624,141,483,0,0,0
29,575,District - Dakshina Kannada (21),Rural,0-9,161670,82893,78777,161670,82893,78777,0,0,0,0,0,0,0,0,0,0,0,0,0,0,0
29,575,District - Dakshina Kannada (21),Rural,10-14,94407,48591,45816,93423,48350,45073,926,220,706,29,9,20,27,10,17,2,2,0,0,0,0
29,575,District - Dakshina Kannada (21),Rural,15-19,97957,49827,48130,92752,48998,43754,5114,802,4312,62,16,46,29,11,18,0,0,0,0,0,0
29,575,District - Dakshina Kannada (21),Rural,20-24,106449,51489,54960,77715,46149,31566,28433,5301,23132,180,22,158,95,15,80,26,2,24,0,0,0
29,575,District - Dakshina Kannada (21),Rural,25-29,102585,49471,53114,46168,32763,13405,55624,16613,39011,415,45,370,323,44,279,55,6,49,0,0,0
29,575,District - Dakshina Kannada (21),Rural,30-34,86677,42966,43711,18875,14482,4393,66183,28268,37915,995,119,876,528,82,446,96,15,81,0,0,0
29,575,District - Dakshina Kannada (21),Rural,35-39,84193,41085,43108,7328,5241,2087,73857,35517,38340,2071,150,1921,808,148,660,129,29,100,0,0,0
29,575,District - Dakshina Kannada (21),Rural,40-44,73423,36315,37108,3029,1956,1073,66269,33973,32296,3196,207,2989,851,157,694,78,22,56,0,0,0
29,575,District - Dakshina Kannada (21),Rural,45-49,71133,35745,35388,1791,1028,763,63517,34230,29287,4960,309,4651,769,149,620,96,29,67,0,0,0
29,575,District - Dakshina Kannada (21),Rural,50-54,57697,28792,28905,1170,614,556,49363,27595,21768,6552,450,6102,560,122,438,52,11,41,0,0,0
29,575,District - Dakshina Kannada (21),Rural,55-59,46179,23016,23163,780,404,376,37970,21986,15984,6996,538,6458,397,78,319,36,10,26,0,0,0
29,575,District - Dakshina Kannada (21),Rural,60-64,37656,18360,19296,675,339,336,27605,17130,10475,9113,821,8292,239,66,173,24,4,20,0,0,0
29,575,District - Dakshina Kannada (21),Rural,65-69,28709,13156,15553,452,236,216,18574,11960,6614,9485,902,8583,182,53,129,16,5,11,0,0,0
29,575,District - Dakshina Kannada (21),Rural,70-74,20184,9121,11063,280,141,139,10958,7870,3088,8841,1066,7775,97,40,57,8,4,4,0,0,0
29,575,District - Dakshina Kannada (21),Rural,75-79,12394,5504,6890,190,99,91,5903,4459,1444,6249,920,5329,50,25,25,2,1,1,0,0,0
29,575,District - Dakshina Kannada (21),Rural,80+,11818,4921,6897,239,138,101,4253,3300,953,7287,1466,5821,35,16,19,4,1,3,0,0,0
29,575,District - Dakshina Kannada (21),Rural,Age not stated,432,232,200,262,164,98,123,61,62,42,6,36,5,1,4,0,0,0,0,0,0
29,575,District - Dakshina Kannada (21),Rural,Less than 18,313722,160875,152847,310501,160211,150290,3112,627,2485,66,18,48,41,17,24,2,2,0,0,0,0
29,575,District - Dakshina Kannada (21),Rural,Less than 21,376951,192464,184487,366516,190583,175933,10241,1823,8418,121,31,90,68,25,43,5,2,3,0,0,0
29,575,District - Dakshina Kannada (21),Urban,All ages,996086,493230,502856,462277,259358,202919,469922,227576,242346,59173,5144,54029,3831,905,2926,883,247,636,0,0,0
29,575,District - Dakshina Kannada (21),Urban,0-9,141044,72428,68616,141044,72428,68616,0,0,0,0,0,0,0,0,0,0,0,0,0,0,0
29,575,District - Dakshina Kannada (21),Urban,10-14,81129,41540,39589,80190,41285,38905,870,238,632,30,2,28,36,14,22,3,1,2,0,0,0
29,575,District - Dakshina Kannada (21),Urban,15-19,93078,46927,46151,88457,46189,42268,4524,712,3812,46,5,41,42,17,25,9,4,5,0,0,0
29,575,District - Dakshina Kannada (21),Urban,20-24,104310,51072,53238,78953,46310,32643,25102,4715,20387,137,16,121,87,29,58,31,2,29,0,0,0
29,575,District - Dakshina Kannada (21),Urban,25-29,89788,43532,46256,39227,28882,10345,49917,14577,35340,331,33,298,227,30,197,86,10,76,0,0,0
29,575,District - Dakshina Kannada (21),Urban,30-34,78946,38467,40479,15712,12433,3279,61990,25861,36129,748,93,655,369,58,311,127,22,105,0,0,0
29,575,District - Dakshina Kannada (21),Urban,35-39,79003,39185,39818,6836,5191,1645,69843,33710,36133,1591,119,1472,567,128,439,166,37,129,0,0,0
29,575,District - Dakshina Kannada (21),Urban,40-44,69777,35129,34648,3407,2348,1059,62749,32413,30336,2818,177,2641,659,144,515,144,47,97,0,0,0
29,575,District - Dakshina Kannada (21),Urban,45-49,65298,33125,32173,2260,1391,869,58030,31270,26760,4284,278,4006,598,137,461,126,49,77,0,0,0
29,575,District - Dakshina Kannada (21),Urban,50-54,54081,27637,26444,1534,828,706,45974,26254,19720,6016,398,5618,477,128,349,80,29,51,0,0,0
29,575,District - Dakshina Kannada (21),Urban,55-59,42890,21682,21208,1109,557,552,34616,20576,14040,6806,448,6358,310,81,229,49,20,29,0,0,0
29,575,District - Dakshina Kannada (21),Urban,60-64,34297,16510,17787,1044,469,575,24496,15357,9139,8506,608,7898,225,63,162,26,13,13,0,0,0
29,575,District - Dakshina Kannada (21),Urban,65-69,24232,10786,13446,733,343,390,14964,9742,5222,8410,666,7744,111,31,80,14,4,10,0,0,0
29,575,District - Dakshina Kannada (21),Urban,70-74,17308,7420,9888,570,235,335,8950,6355,2595,7701,793,6908,76,31,45,11,6,5,0,0,0
29,575,District - Dakshina Kannada (21),Urban,75-79,10829,4357,6472,437,144,293,4740,3538,1202,5614,665,4949,32,9,23,6,1,5,0,0,0
29,575,District - Dakshina Kannada (21),Urban,80+,9628,3209,6419,485,166,319,3022,2196,826,6104,840,5264,12,5,7,5,2,3,0,0,0
29,575,District - Dakshina Kannada (21),Urban,Age not stated,448,224,224,279,159,120,135,62,73,31,3,28,3,0,3,0,0,0,0,0,0
29,575,District - Dakshina Kannada (21),Urban,Less than 18,273454,140206,133248,270656,139594,131062,2677,580,2097,56,5,51,59,23,36,6,4,2,0,0,0
29,575,District - Dakshina Kannada (21),Urban,Less than 21,338945,172529,166416,329585,170788,158797,9145,1692,7453,106,11,95,92,33,59,17,5,12,0,0,0
29,576,District - Kodagu (22),Total,All ages,554519,274608,279911,233217,130815,102402,280323,138284,142039,36823,4414,32409,3733,959,2774,423,136,287,0,0,0
29,576,District - Kodagu (22),Total,0-9,81429,41134,40295,81429,41134,40295,0,0,0,0,0,0,0,0,0,0,0,0,0,0,0
29,576,District - Kodagu (22),Total,10-14,52578,26637,25941,51782,26413,25369,705,189,516,39,7,32,51,27,24,1,1,0,0,0,0
29,576,District - Kodagu (22),Total,15-19,47341,23885,23456,43531,23314,20217,3698,543,3155,61,14,47,45,13,32,6,1,5,0,0,0
29,576,District - Kodagu (22),Total,20-24,47975,23376,24599,29901,19678,10223,17708,3636,14072,172,25,147,176,36,140,18,1,17,0,0,0
29,576,District - Kodagu (22),Total,25-29,47595,23378,24217,14752,11703,3049,31958,11515,20443,424,71,353,416,75,341,45,14,31,0,0,0
29,576,District - Kodagu (22),Total,30-34,41113,20176,20937,5182,4293,889,34565,15683,18882,784,87,697,529,101,428,53,12,41,0,0,0
29,576,District - Kodagu (22),Total,35-39,44417,21135,23282,2202,1635,567,39934,19156,20778,1527,155,1372,656,153,503,98,36,62,0,0,0
29,576,District - Kodagu (22),Total,40-44,38076,18991,19085,1159,784,375,34093,17842,16251,2182,188,1994,581,155,426,61,22,39,0,0,0
29,576,District - Kodagu (22),Total,45-49,39754,19992,19762,874,536,338,34994,18974,16020,3345,332,3013,494,133,361,47,17,30,0,0,0
29,576,District - Kodagu (22),Total,50-54,30497,15830,14667,623,354,269,25791,14994,10797,3751,383,3368,300,89,211,32,10,22,0,0,0
29,576,District - Kodagu (22),Total,55-59,25648,13209,12439,449,243,206,20909,12444,8465,4070,451,3619,198,65,133,22,6,16,0,0,0
29,576,District - Kodagu (22),Total,60-64,20031,9910,10121,409,210,199,14644,9112,5532,4826,538,4288,135,42,93,17,8,9,0,0,0
29,576,District - Kodagu (22),Total,65-69,15455,6992,8463,311,161,150,10060,6281,3779,5001,515,4486,73,33,40,10,2,8,0,0,0
29,576,District - Kodagu (22),Total,70-74,9861,4514,5347,164,92,72,5579,3859,1720,4071,542,3529,40,18,22,7,3,4,0,0,0
29,576,District - Kodagu (22),Total,75-79,6073,2782,3291,83,49,34,3121,2265,856,2844,454,2390,22,12,10,3,2,1,0,0,0
29,576,District - Kodagu (22),Total,80+,6354,2506,3848,172,105,67,2469,1748,721,3697,646,3051,13,6,7,3,1,2,0,0,0
29,576,District - Kodagu (22),Total,Age not stated,322,161,161,194,111,83,95,43,52,29,6,23,4,1,3,0,0,0,0,0,0
29,576,District - Kodagu (22),Total,Less than 18,161949,82042,79907,159864,81526,78338,1943,468,1475,74,12,62,64,34,30,4,2,2,0,0,0
29,576,District - Kodagu (22),Total,Less than 21,192273,96885,95388,184679,95638,89041,7344,1175,6169,131,26,105,111,44,67,8,2,6,0,0,0
29,576,District - Kodagu (22),Rural,All ages,473531,234161,239370,197835,111097,86738,239536,118153,121383,32436,3917,28519,3370,876,2494,354,118,236,0,0,0
29,576,District - Kodagu (22),Rural,0-9,69636,35136,34500,69636,35136,34500,0,0,0,0,0,0,0,0,0,0,0,0,0,0,0
29,576,District - Kodagu (22),Rural,10-14,45012,22849,22163,44351,22659,21692,582,159,423,33,7,26,45,23,22,1,1,0,0,0,0
29,576,District - Kodagu (22),Rural,15-19,39898,20164,19734,36655,19686,16969,3155,459,2696,50,14,36,33,5,28,5,0,5,0,0,0
29,576,District - Kodagu (22),Rural,20-24,40616,19747,20869,25013,16554,8459,15288,3145,12143,146,23,123,152,24,128,17,1,16,0,0,0
29,576,District - Kodagu (22),Rural,25-29,40527,20043,20484,12327,9838,2489,27417,10063,17354,369,62,307,372,68,304,42,12,30,0,0,0
29,576,District - Kodagu (22),Rural,30-34,34418,16954,17464,4320,3594,726,28885,13180,15705,685,75,610,482,95,387,46,10,36,0,0,0
29,576,District - Kodagu (22),Rural,35-39,37571,17764,19807,1839,1376,463,33735,16076,17659,1329,144,1185,589,137,452,79,31,48,0,0,0
29,576,District - Kodagu (22),Rural,40-44,32340,16037,16303,971,666,305,28873,15028,13845,1907,172,1735,537,151,386,52,20,32,0,0,0
29,576,District - Kodagu (22),Rural,45-49,34212,17099,17113,735,460,275,30076,16209,13867,2909,291,2618,454,124,330,38,15,23,0,0,0
29,576,District - Kodagu (22),Rural,50-54,26253,13540,12713,526,312,214,22145,12799,9346,3279,334,2945,275,86,189,28,9,19,0,0,0
29,576,District - Kodagu (22),Rural,55-59,22087,11282,10805,360,196,164,17971,10619,7352,3564,400,3164,175,61,114,17,6,11,0,0,0
29,576,District - Kodagu (22),Rural,60-64,17479,8627,8852,343,184,159,12730,7928,4802,4270,470,3800,122,38,84,14,7,7,0,0,0
29,576,District - Kodagu (22),Rural,65-69,13631,6189,7442,250,133,117,8879,5552,3327,4433,473,3960,65,30,35,4,1,3,0,0,0
29,576,District - Kodagu (22),Rural,70-74,8660,3962,4698,136,77,59,4865,3389,1476,3617,477,3140,37,17,20,5,2,3,0,0,0
29,576,District - Kodagu (22),Rural,75-79,5307,2425,2882,67,42,25,2712,1975,737,2506,395,2111,19,11,8,3,2,1,0,0,0
29,576,District - Kodagu (22),Rural,80+,5599,2195,3404,134,83,51,2141,1532,609,3311,574,2737,10,5,5,3,1,2,0,0,0
29,576,District - Kodagu (22),Rural,Age not stated,285,148,137,172,101,71,82,40,42,28,6,22,3,1,2,0,0,0,0,0,0
29,576,District - Kodagu (22),Rural,Less than 18,138262,70102,68160,136536,69670,66866,1612,394,1218,59,12,47,52,25,27,3,1,2,0,0,0
29,576,District - Kodagu (22),Rural,Less than 21,163796,82553,81243,157279,81509,75770,6313,988,5325,108,25,83,89,30,59,7,1,6,0,0,0
29,576,District - Kodagu (22),Urban,All ages,80988,40447,40541,35382,19718,15664,40787,20131,20656,4387,497,3890,363,83,280,69,18,51,0,0,0
29,576,District - Kodagu (22),Urban,0-9,11793,5998,5795,11793,5998,5795,0,0,0,0,0,0,0,0,0,0,0,0,0,0,0
29,576,District - Kodagu (22),Urban,10-14,7566,3788,3778,7431,3754,3677,123,30,93,6,0,6,6,4,2,0,0,0,0,0,0
29,576,District - Kodagu (22),Urban,15-19,7443,3721,3722,6876,3628,3248,543,84,459,11,0,11,12,8,4,1,1,0,0,0,0
29,576,District - Kodagu (22),Urban,20-24,7359,3629,3730,4888,3124,1764,2420,491,1929,26,2,24,24,12,12,1,0,1,0,0,0
29,576,District - Kodagu (22),Urban,25-29,7068,3335,3733,2425,1865,560,4541,1452,3089,55,9,46,44,7,37,3,2,1,0,0,0
29,576,District - Kodagu (22),Urban,30-34,6695,3222,3473,862,699,163,5680,2503,3177,99,12,87,47,6,41,7,2,5,0,0,0
29,576,District - Kodagu (22),Urban,35-39,6846,3371,3475,363,259,104,6199,3080,3119,198,11,187,67,16,51,19,5,14,0,0,0
29,576,District - Kodagu (22),Urban,40-44,5736,2954,2782,188,118,70,5220,2814,2406,275,16,259,44,4,40,9,2,7,0,0,0
29,576,District - Kodagu (22),Urban,45-49,5542,2893,2649,139,76,63,4918,2765,2153,436,41,395,40,9,31,9,2,7,0,0,0
29,576,District - Kodagu (22),Urban,50-54,4244,2290,1954,97,42,55,3646,2195,1451,472,49,423,25,3,22,4,1,3,0,0,0
29,576,District - Kodagu (22),Urban,55-59,3561,1927,1634,89,47,42,2938,1825,1113,506,51,455,23,4,19,5,0,5,0,0,0
29,576,District - Kodagu (22),Urban,60-64,2552,1283,1269,66,26,40,1914,1184,730,556,68,488,13,4,9,3,1,2,0,0,0
29,576,District - Kodagu (22),Urban,65-69,1824,803,1021,61,28,33,1181,729,452,568,42,526,8,3,5,6,1,5,0,0,0
29,576,District - Kodagu (22),Urban,70-74,1201,552,649,28,15,13,714,470,244,454,65,389,3,1,2,2,1,1,0,0,0
29,576,District - Kodagu (22),Urban,75-79,766,357,409,16,7,9,409,290,119,338,59,279,3,1,2,0,0,0,0,0,0
29,576,District - Kodagu (22),Urban,80+,755,311,444,38,22,16,328,216,112,386,72,314,3,1,2,0,0,0,0,0,0
29,576,District - Kodagu (22),Urban,Age not stated,37,13,24,22,10,12,13,3,10,1,0,1,1,0,1,0,0,0,0,0,0
29,576,District - Kodagu (22),Urban,Less than 18,23687,11940,11747,23328,11856,11472,331,74,257,15,0,15,12,9,3,1,1,0,0,0,0
29,576,District - Kodagu (22),Urban,Less than 21,28477,14332,14145,27400,14129,13271,1031,187,844,23,1,22,22,14,8,1,1,0,0,0,0
29,577,District - Mysore (23),Total,All ages,3001127,1511600,1489527,1254293,721752,532541,1552464,764705,787759,180834,22004,158830,11845,2688,9157,1691,451,1240,0,0,0
29,577,District - Mysore (23),Total,0-9,444518,226460,218058,444518,226460,218058,0,0,0,0,0,0,0,0,0,0,0,0,0,0,0
29,577,District - Mysore (23),Total,10-14,264355,134533,129822,259187,132978,126209,4786,1416,3370,181,40,141,184,91,93,17,8,9,0,0,0
29,577,District - Mysore (23),Total,15-19,279357,142682,136675,244763,138373,106390,33885,4105,29780,391,81,310,275,108,167,43,15,28,0,0,0
29,577,District - Mysore (23),Total,20-24,305388,154096,151292,176532,128235,48297,126541,25514,101027,1453,170,1283,769,159,610,93,18,75,0,0,0
29,577,District - Mysore (23),Total,25-29,286498,141127,145371,77853,63302,14551,203732,77184,126548,3313,368,2945,1375,233,1142,225,40,185,0,0,0
29,577,District - Mysore (23),Total,30-34,233328,116329,116999,22194,16848,5346,204062,98532,105530,5206,556,4650,1640,345,1295,226,48,178,0,0,0
29,577,District - Mysore (23),Total,35-39,246616,119977,126639,9321,5964,3357,226181,112814,113367,8792,714,8078,1998,398,1600,324,87,237,0,0,0
29,577,District - Mysore (23),Total,40-44,199049,102690,96359,5080,2697,2383,180926,98588,82338,11182,1011,10171,1643,340,1303,218,54,164,0,0,0
29,577,District - Mysore (23),Total,45-49,186227,96837,89390,3241,1530,1711,166485,93701,72784,14998,1245,13753,1318,299,1019,185,62,123,0,0,0
29,577,District - Mysore (23),Total,50-54,142853,74175,68678,2458,1033,1425,122308,71347,50961,17080,1578,15502,888,178,710,119,39,80,0,0,0
29,577,District - Mysore (23),Total,55-59,108484,55415,53069,1630,678,952,89896,52793,37103,16331,1774,14557,561,152,409,66,18,48,0,0,0
29,577,District - Mysore (23),Total,60-64,105384,51874,53510,1883,765,1118,77582,48177,29405,25352,2786,22566,496,126,370,71,20,51,0,0,0
29,577,District - Mysore (23),Total,65-69,75931,36998,38933,1582,735,847,51373,33323,18050,22612,2820,19792,325,102,223,39,18,21,0,0,0
29,577,District - Mysore (23),Total,70-74,58062,28377,29685,955,445,510,33598,24488,9110,23279,3352,19927,192,80,112,38,12,26,0,0,0
29,577,District - Mysore (23),Total,75-79,27810,13625,14185,489,205,284,15255,11363,3892,11981,2020,9961,74,32,42,11,5,6,0,0,0
29,577,District - Mysore (23),Total,80+,35181,15318,19863,1301,727,574,15211,11072,4139,18556,3472,15084,98,41,57,15,6,9,0,0,0
29,577,District - Mysore (23),Total,Age not stated,2086,1087,999,1306,777,529,643,288,355,127,17,110,9,4,5,1,1,0,0,0,0
29,577,District - Mysore (23),Total,Less than 18,866034,441780,424254,849868,438216,411652,15420,3317,12103,396,89,307,312,141,171,38,17,21,0,0,0
29,577,District - Mysore (23),Total,Less than 21,1061503,539025,522478,995391,529586,465805,64540,9036,55504,871,154,717,616,223,393,85,26,59,0,0,0
29,577,District - Mysore (23),Rural,All ages,1755714,887500,868214,722232,422335,299897,911448,450017,461431,113260,13278,99982,7951,1679,6272,823,191,632,0,0,0
29,577,District - Mysore (23),Rural,0-9,266869,135619,131250,266869,135619,131250,0,0,0,0,0,0,0,0,0,0,0,0,0,0,0
29,577,District - Mysore (23),Rural,10-14,158948,81046,77902,156044,80208,75836,2714,775,1939,92,19,73,89,41,48,9,3,6,0,0,0
29,577,District - Mysore (23),Rural,15-19,164208,85247,78961,142031,82792,59239,21778,2352,19426,225,44,181,149,52,97,25,7,18,0,0,0
29,577,District - Mysore (23),Rural,20-24,173079,89297,83782,93459,73831,19628,78089,15263,62826,940,96,844,535,98,437,56,9,47,0,0,0
29,577,District - Mysore (23),Rural,25-29,165052,83048,82004,40083,34731,5352,121757,47950,73807,2117,207,1910,960,136,824,135,24,111,0,0,0
29,577,District - Mysore (23),Rural,30-34,130967,65505,65462,10298,7984,2314,116235,56994,59241,3215,287,2928,1105,217,888,114,23,91,0,0,0
29,577,District - Mysore (23),Rural,35-39,142250,68709,73541,4347,2732,1615,131179,65318,65861,5200,378,4822,1363,245,1118,161,36,125,0,0,0
29,577,District - Mysore (23),Rural,40-44,114128,59290,54838,2389,1205,1184,103915,57280,46635,6631,562,6069,1104,219,885,89,24,65,0,0,0
29,577,District - Mysore (23),Rural,45-49,106190,55635,50555,1463,644,819,95309,54110,41199,8488,679,7809,864,186,678,66,16,50,0,0,0
29,577,District - Mysore (23),Rural,50-54,81630,41858,39772,1076,447,629,69776,40361,29415,10122,926,9196,597,111,486,59,13,46,0,0,0
29,577,District - Mysore (23),Rural,55-59,60187,29921,30266,600,272,328,49887,28584,21303,9330,970,8360,350,91,259,20,4,16,0,0,0
29,577,District - Mysore (23),Rural,60-64,65087,31537,33550,772,333,439,47747,29364,18383,16188,1746,14442,344,80,264,36,14,22,0,0,0
29,577,District - Mysore (23),Rural,65-69,48150,23625,24525,695,328,367,32504,21378,11126,14710,1834,12876,225,79,146,16,6,10,0,0,0
29,577,District - Mysore (23),Rural,70-74,38355,18680,19675,411,227,184,21702,16168,5534,16070,2212,13858,151,66,85,21,7,14,0,0,0
29,577,District - Mysore (23),Rural,75-79,16927,8253,8674,225,122,103,9144,6925,2219,7510,1183,6327,43,22,21,5,1,4,0,0,0
29,577,District - Mysore (23),Rural,80+,22506,9614,12892,655,385,270,9421,7068,2353,12353,2125,10228,67,33,34,10,3,7,0,0,0
29,577,District - Mysore (23),Rural,Age not stated,1181,616,565,815,475,340,291,127,164,69,10,59,5,3,2,1,1,0,0,0,0
29,577,District - Mysore (23),Rural,Less than 18,518546,265095,253451,509182,263138,246044,8978,1842,7136,209,43,166,156,64,92,21,8,13,0,0,0
29,577,District - Mysore (23),Rural,Less than 21,634801,323444,311357,591851,318051,273800,42018,5187,36831,530,85,445,350,108,242,52,13,39,0,0,0
29,577,District - Mysore (23),Urban,All ages,1245413,624100,621313,532061,299417,232644,641016,314688,326328,67574,8726,58848,3894,1009,2885,868,260,608,0,0,0
29,577,District - Mysore (23),Urban,0-9,177649,90841,86808,177649,90841,86808,0,0,0,0,0,0,0,0,0,0,0,0,0,0,0
29,577,District - Mysore (23),Urban,10-14,105407,53487,51920,103143,52770,50373,2072,641,1431,89,21,68,95,50,45,8,5,3,0,0,0
29,577,District - Mysore (23),Urban,15-19,115149,57435,57714,102732,55581,47151,12107,1753,10354,166,37,129,126,56,70,18,8,10,0,0,0
29,577,District - Mysore (23),Urban,20-24,132309,64799,67510,83073,54404,28669,48452,10251,38201,513,74,439,234,61,173,37,9,28,0,0,0
29,577,District - Mysore (23),Urban,25-29,121446,58079,63367,37770,28571,9199,81975,29234,52741,1196,161,1035,415,97,318,90,16,74,0,0,0
29,577,District - Mysore (23),Urban,30-34,102361,50824,51537,11896,8864,3032,87827,41538,46289,1991,269,1722,535,128,407,112,25,87,0,0,0
29,577,District - Mysore (23),Urban,35-39,104366,51268,53098,4974,3232,1742,95002,47496,47506,3592,336,3256,635,153,482,163,51,112,0,0,0
29,577,District - Mysore (23),Urban,40-44,84921,43400,41521,2691,1492,1199,77011,41308,35703,4551,449,4102,539,121,418,129,30,99,0,0,0
29,577,District - Mysore (23),Urban,45-49,80037,41202,38835,1778,886,892,71176,39591,31585,6510,566,5944,454,113,341,119,46,73,0,0,0
29,577,District - Mysore (23),Urban,50-54,61223,32317,28906,1382,586,796,52532,30986,21546,6958,652,6306,291,67,224,60,26,34,0,0,0
29,577,District - Mysore (23),Urban,55-59,48297,25494,22803,1030,406,624,40009,24209,15800,7001,804,6197,211,61,150,46,14,32,0,0,0
29,577,District - Mysore (23),Urban,60-64,40297,20337,19960,1111,432,679,29835,18813,11022,9164,1040,8124,152,46,106,35,6,29,0,0,0
29,577,District - Mysore (23),Urban,65-69,27781,13373,14408,887,407,480,18869,11945,6924,7902,986,6916,100,23,77,23,12,11,0,0,0
29,577,District - Mysore (23),Urban,70-74,19707,9697,10010,544,218,326,11896,8320,3576,7209,1140,6069,41,14,27,17,5,12,0,0,0
29,577,District - Mysore (23),Urban,75-79,10883,5372,5511,264,83,181,6111,4438,1673,4471,837,3634,31,10,21,6,4,2,0,0,0
29,577,District - Mysore (23),Urban,80+,12675,5704,6971,646,342,304,5790,4004,1786,6203,1347,4856,31,8,23,5,3,2,0,0,0
29,577,District - Mysore (23),Urban,Age not stated,905,471,434,491,302,189,352,161,191,58,7,51,4,1,3,0,0,0,0,0,0
29,577,District - Mysore (23),Urban,Less than 18,347488,176685,170803,340686,175078,165608,6442,1475,4967,187,46,141,156,77,79,17,9,8,0,0,0
29,577,District - Mysore (23),Urban,Less than 21,426702,215581,211121,403540,211535,192005,22522,3849,18673,341,69,272,266,115,151,33,13,20,0,0,0
29,578,District - Chamarajanagar (24),Total,All ages,1020791,512231,508560,417468,241787,175681,526722,260292,266430,71190,8982,62208,4623,1004,3619,788,166,622,0,0,0
29,578,District - Chamarajanagar (24),Total,0-9,146254,74887,71367,146254,74887,71367,0,0,0,0,0,0,0,0,0,0,0,0,0,0,0
29,578,District - Chamarajanagar (24),Total,10-14,87397,44804,42593,85641,44218,41423,1642,541,1101,49,12,37,62,33,29,3,0,3,0,0,0
29,578,District - Chamarajanagar (24),Total,15-19,93805,48634,45171,80245,47202,33043,13233,1355,11878,168,36,132,133,38,95,26,3,23,0,0,0
29,578,District - Chamarajanagar (24),Total,20-24,97330,49319,48011,54827,41178,13649,41635,8024,33611,528,76,452,270,35,235,70,6,64,0,0,0
29,578,District - Chamarajanagar (24),Total,25-29,94260,46029,48231,27066,21875,5191,65357,23918,41439,1211,141,1070,526,80,446,100,15,85,0,0,0
29,578,District - Chamarajanagar (24),Total,30-34,77475,37770,39705,9362,6633,2729,65348,30756,34592,1965,243,1722,674,118,556,126,20,106,0,0,0
29,578,District - Chamarajanagar (24),Total,35-39,84405,39854,44551,4551,2395,2156,75722,36964,38758,3290,321,2969,717,142,575,125,32,93,0,0,0
29,578,District - Chamarajanagar (24),Total,40-44,68268,34848,33420,2853,1031,1822,60586,33224,27362,4061,435,3626,658,135,523,110,23,87,0,0,0
29,578,District - Chamarajanagar (24),Total,45-49,64755,33771,30984,1877,611,1266,56886,32482,24404,5415,560,4855,499,99,400,78,19,59,0,0,0
29,578,District - Chamarajanagar (24),Total,50-54,50465,25525,24940,1267,369,898,42250,24356,17894,6539,690,5849,354,95,259,55,15,40,0,0,0
29,578,District - Chamarajanagar (24),Total,55-59,37725,18949,18776,796,277,519,30685,17991,12694,6009,630,5379,212,47,165,23,4,19,0,0,0
29,578,District - Chamarajanagar (24),Total,60-64,39613,19163,20450,775,225,550,28502,17805,10697,10093,1057,9036,220,67,153,23,9,14,0,0,0
29,578,District - Chamarajanagar (24),Total,65-69,30220,15168,15052,504,175,329,20242,13724,6518,9333,1213,8120,118,49,69,23,7,16,0,0,0
29,578,District - Chamarajanagar (24),Total,70-74,23553,11634,11919,361,114,247,13118,10112,3006,9960,1366,8594,106,37,69,8,5,3,0,0,0
29,578,District - Chamarajanagar (24),Total,75-79,10561,5258,5303,160,68,92,5534,4369,1165,4823,804,4019,35,15,20,9,2,7,0,0,0
29,578,District - Chamarajanagar (24),Total,80+,13866,6167,7699,362,207,155,5749,4550,1199,7709,1390,6319,37,14,23,9,6,3,0,0,0
29,578,District - Chamarajanagar (24),Total,Age not stated,839,451,388,567,322,245,233,121,112,37,8,29,2,0,2,0,0,0,0,0,0
29,578,District - Chamarajanagar (24),Total,Less than 18,286107,147343,138764,280332,146050,134282,5515,1212,4303,133,30,103,115,50,65,12,1,11,0,0,0
29,578,District - Chamarajanagar (24),Total,Less than 21,353248,180633,172615,327960,177480,150480,24669,3004,21665,325,67,258,253,79,174,41,3,38,0,0,0
29,578,District - Chamarajanagar (24),Rural,All ages,845817,424884,420933,339780,198090,141690,441513,218169,223344,59756,7621,52135,4067,871,3196,701,133,568,0,0,0
29,578,District - Chamarajanagar (24),Rural,0-9,120025,61442,58583,120025,61442,58583,0,0,0,0,0,0,0,0,0,0,0,0,0,0,0
29,578,District - Chamarajanagar (24),Rural,10-14,71498,36670,34828,70051,36202,33849,1354,435,919,41,11,30,49,22,27,3,0,3,0,0,0
29,578,District - Chamarajanagar (24),Rural,15-19,76524,39948,36576,64762,38724,26038,11482,1159,10323,139,29,110,119,34,85,22,2,20,0,0,0
29,578,District - Chamarajanagar (24),Rural,20-24,80030,40967,39063,44256,34107,10149,35022,6762,28260,439,63,376,245,29,216,68,6,62,0,0,0
29,578,District - Chamarajanagar (24),Rural,25-29,77370,37997,39373,21668,17752,3916,54124,20043,34081,1020,121,899,467,70,397,91,11,80,0,0,0
29,578,District - Chamarajanagar (24),Rural,30-34,63315,30845,32470,7442,5293,2149,53570,25240,28330,1594,194,1400,596,101,495,113,17,96,0,0,0
29,578,District - Chamarajanagar (24),Rural,35-39,69724,32709,37015,3638,1852,1786,62690,30442,32248,2645,266,2379,637,122,515,114,27,87,0,0,0
29,578,District - Chamarajanagar (24),Rural,40-44,56602,28804,27798,2358,794,1564,50245,27511,22734,3315,360,2955,589,120,469,95,19,76,0,0,0
29,578,District - Chamarajanagar (24),Rural,45-49,53953,28125,25828,1557,486,1071,47578,27085,20493,4316,456,3860,440,87,353,62,11,51,0,0,0
29,578,District - Chamarajanagar (24),Rural,50-54,42294,21320,20974,1067,286,781,35580,20379,15201,5293,560,4733,307,83,224,47,12,35,0,0,0
29,578,District - Chamarajanagar (24),Rural,55-59,31638,15709,15929,659,222,437,25843,14917,10926,4939,524,4415,175,43,132,22,3,19,0,0,0
29,578,District - Chamarajanagar (24),Rural,60-64,34005,16451,17554,637,174,463,24624,15291,9333,8534,921,7613,187,56,131,23,9,14,0,0,0
29,578,District - Chamarajanagar (24),Rural,65-69,26248,13252,12996,418,142,276,17737,12008,5729,7969,1051,6918,105,46,59,19,5,14,0,0,0
29,578,District - Chamarajanagar (24),Rural,70-74,20570,10239,10331,302,96,206,11530,8916,2614,8639,1189,7450,92,33,59,7,5,2,0,0,0
29,578,District - Chamarajanagar (24),Rural,75-79,9248,4607,4641,127,50,77,4863,3861,1002,4221,681,3540,30,14,16,7,1,6,0,0,0
29,578,District - Chamarajanagar (24),Rural,80+,12025,5391,6634,301,171,130,5067,4016,1051,6622,1188,5434,27,11,16,8,5,3,0,0,0
29,578,District - Chamarajanagar (24),Rural,Age not stated,748,408,340,512,297,215,204,104,100,30,7,23,2,0,2,0,0,0,0,0,0
29,578,District - Chamarajanagar (24),Rural,Less than 18,234035,120726,113309,229161,119652,109509,4659,1011,3648,108,26,82,96,37,59,11,0,11,0,0,0
29,578,District - Chamarajanagar (24),Rural,Less than 21,289569,148400,141169,267794,145765,122029,21246,2514,18732,269,56,213,224,63,161,36,2,34,0,0,0
29,578,District - Chamarajanagar (24),Urban,All ages,174974,87347,87627,77688,43697,33991,85209,42123,43086,11434,1361,10073,556,133,423,87,33,54,0,0,0
29,578,District - Chamarajanagar (24),Urban,0-9,26229,13445,12784,26229,13445,12784,0,0,0,0,0,0,0,0,0,0,0,0,0,0,0
29,578,District - Chamarajanagar (24),Urban,10-14,15899,8134,7765,15590,8016,7574,288,106,182,8,1,7,13,11,2,0,0,0,0,0,0
29,578,District - Chamarajanagar (24),Urban,15-19,17281,8686,8595,15483,8478,7005,1751,196,1555,29,7,22,14,4,10,4,1,3,0,0,0
29,578,District - Chamarajanagar (24),Urban,20-24,17300,8352,8948,10571,7071,3500,6613,1262,5351,89,13,76,25,6,19,2,0,2,0,0,0
29,578,District - Chamarajanagar (24),Urban,25-29,16890,8032,8858,5398,4123,1275,11233,3875,7358,191,20,171,59,10,49,9,4,5,0,0,0
29,578,District - Chamarajanagar (24),Urban,30-34,14160,6925,7235,1920,1340,580,11778,5516,6262,371,49,322,78,17,61,13,3,10,0,0,0
29,578,District - Chamarajanagar (24),Urban,35-39,14681,7145,7536,913,543,370,13032,6522,6510,645,55,590,80,20,60,11,5,6,0,0,0
29,578,District - Chamarajanagar (24),Urban,40-44,11666,6044,5622,495,237,258,10341,5713,4628,746,75,671,69,15,54,15,4,11,0,0,0
29,578,District - Chamarajanagar (24),Urban,45-49,10802,5646,5156,320,125,195,9308,5397,3911,1099,104,995,59,12,47,16,8,8,0,0,0
29,578,District - Chamarajanagar (24),Urban,50-54,8171,4205,3966,200,83,117,6670,3977,2693,1246,130,1116,47,12,35,8,3,5,0,0,0
29,578,District - Chamarajanagar (24),Urban,55-59,6087,3240,2847,137,55,82,4842,3074,1768,1070,106,964,37,4,33,1,1,0,0,0,0
29,578,District - Chamarajanagar (24),Urban,60-64,5608,2712,2896,138,51,87,3878,2514,1364,1559,136,1423,33,11,22,0,0,0,0,0,0
29,578,District - Chamarajanagar (24),Urban,65-69,3972,1916,2056,86,33,53,2505,1716,789,1364,162,1202,13,3,10,4,2,2,0,0,0
29,578,District - Chamarajanagar (24),Urban,70-74,2983,1395,1588,59,18,41,1588,1196,392,1321,177,1144,14,4,10,1,0,1,0,0,0
29,578,District - Chamarajanagar (24),Urban,75-79,1313,651,662,33,18,15,671,508,163,602,123,479,5,1,4,2,1,1,0,0,0
29,578,District - Chamarajanagar (24),Urban,80+,1841,776,1065,61,36,25,682,534,148,1087,202,885,10,3,7,1,1,0,0,0,0
29,578,District - Chamarajanagar (24),Urban,Age not stated,91,43,48,55,25,30,29,17,12,7,1,6,0,0,0,0,0,0,0,0,0
29,578,District - Chamarajanagar (24),Urban,Less than 18,52072,26617,25455,51171,26398,24773,856,201,655,25,4,21,19,13,6,1,1,0,0,0,0
29,578,District - Chamarajanagar (24),Urban,Less than 21,63679,32233,31446,60166,31715,28451,3423,490,2933,56,11,45,29,16,13,5,1,4,0,0,0
29,579,District - Gulbarga (25),Total,All ages,2566326,1301755,1264571,1274927,717760,557167,1154752,564993,589759,127374,17066,110308,7666,1600,6066,1607,336,1271,0,0,0
29,579,District - Gulbarga (25),Total,0-9,527712,272342,255370,527712,272342,255370,0,0,0,0,0,0,0,0,0,0,0,0,0,0,0
29,579,District - Gulbarga (25),Total,10-14,292225,150737,141488,285713,148436,137277,6034,2126,3908,247,67,180,210,100,110,21,8,13,0,0,0
29,579,District - Gulbarga (25),Total,15-19,285139,149634,135505,253119,144364,108755,31169,5051,26118,502,104,398,289,100,189,60,15,45,0,0,0
29,579,District - Gulbarga (25),Total,20-24,249997,131067,118930,136819,99767,37052,111063,30953,80110,1266,171,1095,702,151,551,147,25,122,0,0,0
29,579,District - Gulbarga (25),Total,25-29,215646,107665,107981,46565,37099,9466,165117,70031,95086,2690,337,2353,1028,154,874,246,44,202,0,0,0
29,579,District - Gulbarga (25),Total,30-34,168494,84540,83954,10855,8059,2796,152218,75784,76434,4142,464,3678,1058,193,865,221,40,181,0,0,0
29,579,District - Gulbarga (25),Total,35-39,169407,82292,87115,3793,2432,1361,157849,79073,78776,6440,554,5886,1082,180,902,243,53,190,0,0,0
29,579,District - Gulbarga (25),Total,40-44,141785,73014,68771,2081,1177,904,130225,70807,59418,8311,817,7494,965,169,796,203,44,159,0,0,0
29,579,District - Gulbarga (25),Total,45-49,124979,63624,61355,1181,591,590,112815,61798,51017,10123,1079,9044,704,132,572,156,24,132,0,0,0
29,579,District - Gulbarga (25),Total,50-54,97177,49592,47585,861,406,455,83643,47649,35994,12024,1401,10623,549,119,430,100,17,83,0,0,0
29,579,District - Gulbarga (25),Total,55-59,76982,35947,41035,648,260,388,64666,34198,30468,11297,1399,9898,318,79,239,53,11,42,0,0,0
29,579,District - Gulbarga (25),Total,60-64,80893,37947,42946,1126,489,637,58932,34830,24102,20407,2519,17888,363,87,276,65,22,43,0,0,0
29,579,District - Gulbarga (25),Total,65-69,54442,25789,28653,1059,506,553,37321,22965,14356,15851,2251,13600,174,54,120,37,13,24,0,0,0
29,579,District - Gulbarga (25),Total,70-74,39115,18579,20536,627,271,356,22878,15873,7005,15470,2389,13081,117,39,78,23,7,16,0,0,0
29,579,District - Gulbarga (25),Total,75-79,17285,7908,9377,268,102,166,9580,6374,3206,7393,1412,5981,33,17,16,11,3,8,0,0,0
29,579,District - Gulbarga (25),Total,80+,23041,9986,13055,1211,671,540,10621,7193,3428,11120,2088,9032,68,24,44,21,10,11,0,0,0
29,579,District - Gulbarga (25),Total,Age not stated,2007,1092,915,1289,788,501,621,288,333,91,14,77,6,2,4,0,0,0,0,0,0
29,579,District - Gulbarga (25),Total,Less than 18,985462,510261,475201,968993,505623,463370,15565,4342,11223,517,125,392,345,155,190,42,16,26,0,0,0
29,579,District - Gulbarga (25),Total,Less than 21,1178385,609990,568395,1113600,597849,515751,62934,11659,51275,1068,221,847,663,235,428,120,26,94,0,0,0
29,579,District - Gulbarga (25),Rural,All ages,1730775,877144,853631,854188,482903,371285,777660,380429,397231,91693,12365,79328,6090,1231,4859,1144,216,928,0,0,0
29,579,District - Gulbarga (25),Rural,0-9,366552,188897,177655,366552,188897,177655,0,0,0,0,0,0,0,0,0,0,0,0,0,0,0
29,579,District - Gulbarga (25),Rural,10-14,201664,103747,97917,197533,102295,95238,3802,1331,2471,173,49,124,143,67,76,13,5,8,0,0,0
29,579,District - Gulbarga (25),Rural,15-19,192254,102475,89779,169824,98939,70885,21817,3383,18434,357,75,282,213,69,144,43,9,34,0,0,0
29,579,District - Gulbarga (25),Rural,20-24,160712,86109,74603,82303,63406,18897,76875,22453,54422,889,130,759,527,102,425,118,18,100,0,0,0
29,579,District - Gulbarga (25),Rural,25-29,138255,70116,68139,25065,20964,4101,110340,48763,61577,1868,237,1631,811,124,687,171,28,143,0,0,0
29,579,District - Gulbarga (25),Rural,30-34,108272,54048,54224,5478,4241,1237,98918,49323,49595,2864,313,2551,858,146,712,154,25,129,0,0,0
29,579,District - Gulbarga (25),Rural,35-39,110332,53006,57326,1893,1255,638,103122,51246,51876,4298,337,3961,853,136,717,166,32,134,0,0,0
29,579,District - Gulbarga (25),Rural,40-44,93453,47760,45693,1067,645,422,85861,46386,39475,5590,571,5019,788,131,657,147,27,120,0,0,0
29,579,District - Gulbarga (25),Rural,45-49,82763,41777,40986,607,308,299,74707,40595,34112,6784,755,6029,564,107,457,101,12,89,0,0,0
29,579,District - Gulbarga (25),Rural,50-54,65356,32625,32731,449,224,225,56073,31298,24775,8311,995,7316,442,94,348,81,14,67,0,0,0
29,579,District - Gulbarga (25),Rural,55-59,53141,23976,29165,331,148,183,44570,22748,21822,7946,1006,6940,253,65,188,41,9,32,0,0,0
29,579,District - Gulbarga (25),Rural,60-64,58144,26788,31356,603,264,339,42275,24552,17723,14922,1886,13036,304,72,232,40,14,26,0,0,0
29,579,District - Gulbarga (25),Rural,65-69,40304,18734,21570,551,281,270,27475,16702,10773,12101,1695,10406,148,45,103,29,11,18,0,0,0
29,579,District - Gulbarga (25),Rural,70-74,29188,13643,15545,341,152,189,16898,11651,5247,11838,1801,10037,93,33,60,18,6,12,0,0,0
29,579,District - Gulbarga (25),Rural,75-79,12661,5708,6953,158,58,100,6999,4609,2390,5467,1024,4443,27,15,12,10,2,8,0,0,0
29,579,District - Gulbarga (25),Rural,80+,16653,7163,9490,752,431,321,7592,5222,2370,8235,1483,6752,62,23,39,12,4,8,0,0,0
29,579,District - Gulbarga (25),Rural,Age not stated,1071,572,499,681,395,286,336,167,169,50,8,42,4,2,2,0,0,0,0,0,0
29,579,District - Gulbarga (25),Rural,Less than 18,681032,352848,328184,670217,349857,320360,10189,2791,7398,363,87,276,237,103,134,26,10,16,0,0,0
29,579,District - Gulbarga (25),Rural,Less than 21,810036,420706,389330,764560,412441,352119,44144,7928,36216,763,162,601,481,160,321,88,15,73,0,0,0
29,579,District - Gulbarga (25),Urban,All ages,835551,424611,410940,420739,234857,185882,377092,184564,192528,35681,4701,30980,1576,369,1207,463,120,343,0,0,0
29,579,District - Gulbarga (25),Urban,0-9,161160,83445,77715,161160,83445,77715,0,0,0,0,0,0,0,0,0,0,0,0,0,0,0
29,579,District - Gulbarga (25),Urban,10-14,90561,46990,43571,88180,46141,42039,2232,795,1437,74,18,56,67,33,34,8,3,5,0,0,0
29,579,District - Gulbarga (25),Urban,15-19,92885,47159,45726,83295,45425,37870,9352,1668,7684,145,29,116,76,31,45,17,6,11,0,0,0
29,579,District - Gulbarga (25),Urban,20-24,89285,44958,44327,54516,36361,18155,34188,8500,25688,377,41,336,175,49,126,29,7,22,0,0,0
29,579,District - Gulbarga (25),Urban,25-29,77391,37549,39842,21500,16135,5365,54777,21268,33509,822,100,722,217,30,187,75,16,59,0,0,0
29,579,District - Gulbarga (25),Urban,30-34,60222,30492,29730,5377,3818,1559,53300,26461,26839,1278,151,1127,200,47,153,67,15,52,0,0,0
29,579,District - Gulbarga (25),Urban,35-39,59075,29286,29789,1900,1177,723,54727,27827,26900,2142,217,1925,229,44,185,77,21,56,0,0,0
29,579,District - Gulbarga (25),Urban,40-44,48332,25254,23078,1014,532,482,44364,24421,19943,2721,246,2475,177,38,139,56,17,39,0,0,0
29,579,District - Gulbarga (25),Urban,45-49,42216,21847,20369,574,283,291,38108,21203,16905,3339,324,3015,140,25,115,55,12,43,0,0,0
29,579,District - Gulbarga (25),Urban,50-54,31821,16967,14854,412,182,230,27570,16351,11219,3713,406,3307,107,25,82,19,3,16,0,0,0
29,579,District - Gulbarga (25),Urban,55-59,23841,11971,11870,317,112,205,20096,11450,8646,3351,393,2958,65,14,51,12,2,10,0,0,0
29,579,District - Gulbarga (25),Urban,60-64,22749,11159,11590,523,225,298,16657,10278,6379,5485,633,4852,59,15,44,25,8,17,0,0,0
29,579,District - Gulbarga (25),Urban,65-69,14138,7055,7083,508,225,283,9846,6263,3583,3750,556,3194,26,9,17,8,2,6,0,0,0
29,579,District - Gulbarga (25),Urban,70-74,9927,4936,4991,286,119,167,5980,4222,1758,3632,588,3044,24,6,18,5,1,4,0,0,0
29,579,District - Gulbarga (25),Urban,75-79,4624,2200,2424,110,44,66,2581,1765,816,1926,388,1538,6,2,4,1,1,0,0,0,0
29,579,District - Gulbarga (25),Urban,80+,6388,2823,3565,459,240,219,3029,1971,1058,2885,605,2280,6,1,5,9,6,3,0,0,0
29,579,District - Gulbarga (25),Urban,Age not stated,936,520,416,608,393,215,285,121,164,41,6,35,2,0,2,0,0,0,0,0,0
29,579,District - Gulbarga (25),Urban,Less than 18,304430,157413,147017,298776,155766,143010,5376,1551,3825,154,38,116,108,52,56,16,6,10,0,0,0
29,579,District - Gulbarga (25),Urban,Less than 21,368349,189284,179065,349040,185408,163632,18790,3731,15059,305,59,246,182,75,107,32,11,21,0,0,0
29,580,District - Yadgir (26),Total,All ages,1174271,590329,583942,589529,330523,259006,510883,250041,260842,68930,8756,60174,4286,879,3407,643,130,513,0,0,0
29,580,District - Yadgir (26),Total,0-9,272200,139523,132677,272200,139523,132677,0,0,0,0,0,0,0,0,0,0,0,0,0,0,0
29,580,District - Yadgir (26),Total,10-14,140904,72745,68159,137160,71556,65604,3451,1069,2382,153,51,102,123,59,64,17,10,7,0,0,0
29,580,District - Yadgir (26),Total,15-19,125868,67723,58145,108048,64595,43453,17358,2987,14371,259,67,192,176,66,110,27,8,19,0,0,0
29,580,District - Yadgir (26),Total,20-24,104956,54143,50813,48240,36946,11294,55479,16965,38514,747,137,610,420,82,338,70,13,57,0,0,0
29,580,District - Yadgir (26),Total,25-29,94523,46570,47953,15132,12347,2785,77183,33915,43268,1531,204,1327,586,91,495,91,13,78,0,0,0
29,580,District - Yadgir (26),Total,30-34,76028,37641,38387,3719,2771,948,69029,34513,34516,2524,268,2256,634,74,560,122,15,107,0,0,0
29,580,District - Yadgir (26),Total,35-39,75560,36642,38918,1353,865,488,69861,35329,34532,3619,320,3299,633,111,522,94,17,77,0,0,0
29,580,District - Yadgir (26),Total,40-44,61431,31859,29572,721,414,307,55567,30850,24717,4545,474,4071,524,106,418,74,15,59,0,0,0
29,580,District - Yadgir (26),Total,45-49,54203,26930,27273,393,208,185,47710,25986,21724,5662,649,5013,385,73,312,53,14,39,0,0,0
29,580,District - Yadgir (26),Total,50-54,42771,21352,21419,300,146,154,35226,20307,14919,6922,821,6101,287,69,218,36,9,27,0,0,0
29,580,District - Yadgir (26),Total,55-59,33066,14717,18349,203,101,102,26297,13806,12491,6394,763,5631,154,43,111,18,4,14,0,0,0
29,580,District - Yadgir (26),Total,60-64,35798,16121,19677,580,283,297,23896,14432,9464,11133,1362,9771,173,39,134,16,5,11,0,0,0
29,580,District - Yadgir (26),Total,65-69,24263,10664,13599,546,281,265,14702,9148,5554,8914,1204,7710,88,27,61,13,4,9,0,0,0
29,580,District - Yadgir (26),Total,70-74,17295,7625,9670,232,108,124,8730,6316,2414,8277,1184,7093,51,17,34,5,0,5,0,0,0
29,580,District - Yadgir (26),Total,75-79,6870,2803,4067,81,38,43,3234,2235,999,3530,521,3009,24,9,15,1,0,1,0,0,0
29,580,District - Yadgir (26),Total,80+,8123,3043,5080,329,166,163,3068,2135,933,4695,728,3967,27,12,15,4,2,2,0,0,0
29,580,District - Yadgir (26),Total,Age not stated,412,228,184,292,175,117,92,48,44,25,3,22,1,1,0,2,1,1,0,0,0
29,580,District - Yadgir (26),Total,Less than 18,486615,252069,234546,477637,249689,227948,8468,2188,6280,276,85,191,208,93,115,26,14,12,0,0,0
29,580,District - Yadgir (26),Total,Less than 21,572455,296831,275624,536224,289476,246748,35167,7032,28135,599,154,445,402,149,253,63,20,43,0,0,0
29,580,District - Yadgir (26),Rural,All ages,953594,479078,474516,475867,267008,208859,417486,204013,213473,56077,7209,48868,3654,749,2905,510,99,411,0,0,0
29,580,District - Yadgir (26),Rural,0-9,225537,115425,110112,225537,115425,110112,0,0,0,0,0,0,0,0,0,0,0,0,0,0,0
29,580,District - Yadgir (26),Rural,10-14,115373,59548,55825,112172,58552,53620,2951,896,2055,135,43,92,100,49,51,15,8,7,0,0,0
29,580,District - Yadgir (26),Rural,15-19,101572,55203,46369,86290,52492,33798,14895,2588,12307,218,59,159,148,57,91,21,7,14,0,0,0
29,580,District - Yadgir (26),Rural,20-24,83429,43218,40211,35678,28246,7432,46716,14778,31938,612,113,499,368,72,296,55,9,46,0,0,0
29,580,District - Yadgir (26),Rural,25-29,75214,37153,38061,10166,8496,1670,63246,28401,34845,1209,164,1045,523,81,442,70,11,59,0,0,0
29,580,District - Yadgir (26),Rural,30-34,60198,29722,30476,2341,1759,582,55178,27669,27509,2034,221,1813,546,63,483,99,10,89,0,0,0
29,580,District - Yadgir (26),Rural,35-39,60266,29016,31250,894,579,315,55911,28086,27825,2857,251,2606,529,87,442,75,13,62,0,0,0
29,580,District - Yadgir (26),Rural,40-44,49258,25355,23903,495,286,209,44687,24589,20098,3587,386,3201,435,87,348,54,7,47,0,0,0
29,580,District - Yadgir (26),Rural,45-49,43569,21463,22106,255,130,125,38470,20727,17743,4492,536,3956,312,58,254,40,12,28,0,0,0
29,580,District - Yadgir (26),Rural,50-54,34726,17289,17437,206,102,104,28696,16433,12263,5550,687,4863,243,59,184,31,8,23,0,0,0
29,580,District - Yadgir (26),Rural,55-59,27133,11945,15188,138,64,74,21714,11210,10504,5130,631,4499,138,37,101,13,3,10,0,0,0
29,580,District - Yadgir (26),Rural,60-64,29870,13466,16404,476,235,241,19976,12046,7930,9252,1142,8110,152,38,114,14,5,9,0,0,0
29,580,District - Yadgir (26),Rural,65-69,20254,8905,11349,453,243,210,12363,7635,4728,7356,1000,6356,71,24,47,11,3,8,0,0,0
29,580,District - Yadgir (26),Rural,70-74,14450,6369,8081,184,82,102,7332,5287,2045,6885,983,5902,44,17,27,5,0,5,0,0,0
29,580,District - Yadgir (26),Rural,75-79,5632,2253,3379,59,29,30,2656,1801,855,2894,414,2480,22,9,13,1,0,1,0,0,0
29,580,District - Yadgir (26),Rural,80+,6732,2538,4194,258,129,129,2607,1821,786,3841,576,3265,22,10,12,4,2,2,0,0,0
29,580,District - Yadgir (26),Rural,Age not stated,381,210,171,265,159,106,88,46,42,25,3,22,1,1,0,2,1,1,0,0,0
29,580,District - Yadgir (26),Rural,Less than 18,400459,207492,192967,392790,205469,187321,7238,1861,5377,240,73,167,169,78,91,22,11,11,0,0,0
29,580,District - Yadgir (26),Rural,Less than 21,469788,243948,225840,438697,237597,201100,30186,6075,24111,520,135,385,334,125,209,51,16,35,0,0,0
29,580,District - Yadgir (26),Urban,All ages,220677,111251,109426,113662,63515,50147,93397,46028,47369,12853,1547,11306,632,130,502,133,31,102,0,0,0
29,580,District - Yadgir (26),Urban,0-9,46663,24098,22565,46663,24098,22565,0,0,0,0,0,0,0,0,0,0,0,0,0,0,0
29,580,District - Yadgir (26),Urban,10-14,25531,13197,12334,24988,13004,11984,500,173,327,18,8,10,23,10,13,2,2,0,0,0,0
29,580,District - Yadgir (26),Urban,15-19,24296,12520,11776,21758,12103,9655,2463,399,2064,41,8,33,28,9,19,6,1,5,0,0,0
29,580,District - Yadgir (26),Urban,20-24,21527,10925,10602,12562,8700,3862,8763,2187,6576,135,24,111,52,10,42,15,4,11,0,0,0
29,580,District - Yadgir (26),Urban,25-29,19309,9417,9892,4966,3851,1115,13937,5514,8423,322,40,282,63,10,53,21,2,19,0,0,0
29,580,District - Yadgir (26),Urban,30-34,15830,7919,7911,1378,1012,366,13851,6844,7007,490,47,443,88,11,77,23,5,18,0,0,0
29,580,District - Yadgir (26),Urban,35-39,15294,7626,7668,459,286,173,13950,7243,6707,762,69,693,104,24,80,19,4,15,0,0,0
29,580,District - Yadgir (26),Urban,40-44,12173,6504,5669,226,128,98,10880,6261,4619,958,88,870,89,19,70,20,8,12,0,0,0
29,580,District - Yadgir (26),Urban,45-49,10634,5467,5167,138,78,60,9240,5259,3981,1170,113,1057,73,15,58,13,2,11,0,0,0
29,580,District - Yadgir (26),Urban,50-54,8045,4063,3982,94,44,50,6530,3874,2656,1372,134,1238,44,10,34,5,1,4,0,0,0
29,580,District - Yadgir (26),Urban,55-59,5933,2772,3161,65,37,28,4583,2596,1987,1264,132,1132,16,6,10,5,1,4,0,0,0
29,580,District - Yadgir (26),Urban,60-64,5928,2655,3273,104,48,56,3920,2386,1534,1881,220,1661,21,1,20,2,0,2,0,0,0
29,580,District - Yadgir (26),Urban,65-69,4009,1759,2250,93,38,55,2339,1513,826,1558,204,1354,17,3,14,2,1,1,0,0,0
29,580,District - Yadgir (26),Urban,70-74,2845,1256,1589,48,26,22,1398,1029,369,1392,201,1191,7,0,7,0,0,0,0,0,0
29,580,District - Yadgir (26),Urban,75-79,1238,550,688,22,9,13,578,434,144,636,107,529,2,0,2,0,0,0,0,0,0
29,580,District - Yadgir (26),Urban,80+,1391,505,886,71,37,34,461,314,147,854,152,702,5,2,3,0,0,0,0,0,0
29,580,District - Yadgir (26),Urban,Age not stated,31,18,13,27,16,11,4,2,2,0,0,0,0,0,0,0,0,0,0,0,0
29,580,District - Yadgir (26),Urban,Less than 18,86156,44577,41579,84847,44220,40627,1230,327,903,36,12,24,39,15,24,4,3,1,0,0,0
29,580,District - Yadgir (26),Urban,Less than 21,102667,52883,49784,97527,51879,45648,4981,957,4024,79,19,60,68,24,44,12,4,8,0,0,0
29,581,District - Kolar (27),Total,All ages,1536401,776396,760005,675653,384982,290671,765429,375759,389670,86790,13773,73017,7843,1709,6134,686,173,513,0,0,0
29,581,District - Kolar (27),Total,0-9,248316,126600,121716,248316,126600,121716,0,0,0,0,0,0,0,0,0,0,0,0,0,0,0
29,581,District - Kolar (27),Total,10-14,150701,76973,73728,147601,75930,71671,2872,940,1932,98,32,66,125,70,55,5,1,4,0,0,0
29,581,District - Kolar (27),Total,15-19,155377,80260,75117,138764,77814,60950,16262,2347,13915,207,57,150,134,40,94,10,2,8,0,0,0
29,581,District - Kolar (27),Total,20-24,147972,75342,72630,83822,60603,23219,63026,14607,48419,588,74,514,480,54,426,56,4,52,0,0,0
29,581,District - Kolar (27),Total,25-29,139133,68857,70276,35583,29343,6240,101135,39161,61974,1446,217,1229,881,124,757,88,12,76,0,0,0
29,581,District - Kolar (27),Total,30-34,112478,56603,55875,10239,8096,2143,98768,48000,50768,2355,303,2052,1006,174,832,110,30,80,0,0,0
29,581,District - Kolar (27),Total,35-39,120269,58550,61719,3791,2579,1212,111188,55317,55871,3940,398,3542,1247,234,1013,103,22,81,0,0,0
29,581,District - Kolar (27),Total,40-44,96249,49606,46643,1896,1137,759,88273,47692,40581,4955,532,4423,1046,213,833,79,32,47,0,0,0
29,581,District - Kolar (27),Total,45-49,90384,46808,43576,1265,684,581,81442,45152,36290,6715,762,5953,892,192,700,70,18,52,0,0,0
29,581,District - Kolar (27),Total,50-54,66910,34906,32004,841,414,427,57614,33409,24205,7751,926,6825,650,140,510,54,17,37,0,0,0
29,581,District - Kolar (27),Total,55-59,52473,26302,26171,659,322,337,43825,24806,19019,7592,1058,6534,355,103,252,42,13,29,0,0,0
29,581,District - Kolar (27),Total,60-64,51846,25191,26655,603,247,356,38949,23067,15882,11893,1757,10136,371,106,265,30,14,16,0,0,0
29,581,District - Kolar (27),Total,65-69,39441,18717,20724,550,257,293,27422,16586,10836,11172,1788,9384,286,82,204,11,4,7,0,0,0
29,581,District - Kolar (27),Total,70-74,29711,14811,14900,316,145,171,17661,12482,5179,11540,2102,9438,183,81,102,11,1,10,0,0,0
29,581,District - Kolar (27),Total,75-79,14856,7558,7298,164,74,90,8295,5983,2312,6298,1450,4848,95,49,46,4,2,2,0,0,0
29,581,District - Kolar (27),Total,80+,19003,8631,10372,483,272,211,8271,6009,2262,10154,2304,7850,83,46,37,12,0,12,0,0,0
29,581,District - Kolar (27),Total,Age not stated,1282,681,601,760,465,295,426,201,225,86,13,73,9,1,8,1,1,0,0,0,0
29,581,District - Kolar (27),Total,Less than 18,489228,250426,238802,480692,248169,232523,8131,2099,6032,214,61,153,182,95,87,9,2,7,0,0,0
29,581,District - Kolar (27),Total,Less than 21,594940,303869,291071,561039,298123,262916,33090,5519,27571,429,106,323,358,117,241,24,4,20,0,0,0
29,581,District - Kolar (27),Rural,All ages,1056328,535431,520897,451306,260671,190635,536153,262831,273322,62153,10540,51613,6277,1283,4994,439,106,333,0,0,0
29,581,District - Kolar (27),Rural,0-9,168995,86429,82566,168995,86429,82566,0,0,0,0,0,0,0,0,0,0,0,0,0,0,0
29,581,District - Kolar (27),Rural,10-14,103293,52714,50579,101175,52001,49174,1967,654,1313,69,21,48,77,37,40,5,1,4,0,0,0
29,581,District - Kolar (27),Rural,15-19,106166,55271,50895,94397,53573,40824,11516,1623,9893,151,46,105,95,27,68,7,2,5,0,0,0
29,581,District - Kolar (27),Rural,20-24,98333,51360,46973,53847,41166,12681,43623,10102,33521,427,51,376,390,37,353,46,4,42,0,0,0
29,581,District - Kolar (27),Rural,25-29,93470,46871,46599,21901,19265,2636,69731,27346,42385,1069,158,911,705,92,613,64,10,54,0,0,0
29,581,District - Kolar (27),Rural,30-34,74874,37488,37386,5559,4768,791,66769,32369,34400,1676,208,1468,801,125,676,69,18,51,0,0,0
29,581,District - Kolar (27),Rural,35-39,82054,39650,42404,1806,1311,495,76446,37884,38562,2764,275,2489,973,165,808,65,15,50,0,0,0
29,581,District - Kolar (27),Rural,40-44,66008,33968,32040,831,560,271,60868,32841,28027,3407,380,3027,860,173,687,42,14,28,0,0,0
29,581,District - Kolar (27),Rural,45-49,62105,32170,29935,494,305,189,56436,31172,25264,4424,548,3876,711,135,576,40,10,30,0,0,0
29,581,District - Kolar (27),Rural,50-54,45739,23707,22032,318,189,129,39735,22720,17015,5142,684,4458,508,104,404,36,10,26,0,0,0
29,581,District - Kolar (27),Rural,55-59,36015,17711,18304,238,149,89,30521,16747,13774,4945,729,4216,286,80,206,25,6,19,0,0,0
29,581,District - Kolar (27),Rural,60-64,37939,18110,19829,277,133,144,28974,16573,12401,8368,1311,7057,304,83,221,16,10,6,0,0,0
29,581,District - Kolar (27),Rural,65-69,30494,14558,15936,312,156,156,21697,12910,8787,8239,1418,6821,237,71,166,9,3,6,0,0,0
29,581,District - Kolar (27),Rural,70-74,23353,11945,11408,175,94,81,14263,10080,4183,8746,1700,7046,163,70,93,6,1,5,0,0,0
29,581,District - Kolar (27),Rural,75-79,11466,5970,5496,86,40,46,6604,4760,1844,4689,1125,3564,85,44,41,2,1,1,0,0,0
29,581,District - Kolar (27),Rural,80+,15008,6968,8040,300,169,131,6659,4886,1773,7968,1873,6095,75,40,35,6,0,6,0,0,0
29,581,District - Kolar (27),Rural,Age not stated,1016,541,475,595,363,232,344,164,180,69,13,56,7,0,7,1,1,0,0,0,0
29,581,District - Kolar (27),Rural,Less than 18,334192,171415,162777,328350,169846,158504,5565,1467,4098,154,47,107,114,53,61,9,2,7,0,0,0
29,581,District - Kolar (27),Rural,Less than 21,406529,208550,197979,382381,204542,177839,23571,3859,19712,305,76,229,252,69,183,20,4,16,0,0,0
29,581,District - Kolar (27),Urban,All ages,480073,240965,239108,224347,124311,100036,229276,112928,116348,24637,3233,21404,1566,426,1140,247,67,180,0,0,0
29,581,District - Kolar (27),Urban,0-9,79321,40171,39150,79321,40171,39150,0,0,0,0,0,0,0,0,0,0,0,0,0,0,0
29,581,District - Kolar (27),Urban,10-14,47408,24259,23149,46426,23929,22497,905,286,619,29,11,18,48,33,15,0,0,0,0,0,0
29,581,District - Kolar (27),Urban,15-19,49211,24989,24222,44367,24241,20126,4746,724,4022,56,11,45,39,13,26,3,0,3,0,0,0
29,581,District - Kolar (27),Urban,20-24,49639,23982,25657,29975,19437,10538,19403,4505,14898,161,23,138,90,17,73,10,0,10,0,0,0
29,581,District - Kolar (27),Urban,25-29,45663,21986,23677,13682,10078,3604,31404,11815,19589,377,59,318,176,32,144,24,2,22,0,0,0
29,581,District - Kolar (27),Urban,30-34,37604,19115,18489,4680,3328,1352,31999,15631,16368,679,95,584,205,49,156,41,12,29,0,0,0
29,581,District - Kolar (27),Urban,35-39,38215,18900,19315,1985,1268,717,34742,17433,17309,1176,123,1053,274,69,205,38,7,31,0,0,0
29,581,District - Kolar (27),Urban,40-44,30241,15638,14603,1065,577,488,27405,14851,12554,1548,152,1396,186,40,146,37,18,19,0,0,0
29,581,District - Kolar (27),Urban,45-49,28279,14638,13641,771,379,392,25006,13980,11026,2291,214,2077,181,57,124,30,8,22,0,0,0
29,581,District - Kolar (27),Urban,50-54,21171,11199,9972,523,225,298,17879,10689,7190,2609,242,2367,142,36,106,18,7,11,0,0,0
29,581,District - Kolar (27),Urban,55-59,16458,8591,7867,421,173,248,13304,8059,5245,2647,329,2318,69,23,46,17,7,10,0,0,0
29,581,District - Kolar (27),Urban,60-64,13907,7081,6826,326,114,212,9975,6494,3481,3525,446,3079,67,23,44,14,4,10,0,0,0
29,581,District - Kolar (27),Urban,65-69,8947,4159,4788,238,101,137,5725,3676,2049,2933,370,2563,49,11,38,2,1,1,0,0,0
29,581,District - Kolar (27),Urban,70-74,6358,2866,3492,141,51,90,3398,2402,996,2794,402,2392,20,11,9,5,0,5,0,0,0
29,581,District - Kolar (27),Urban,75-79,3390,1588,1802,78,34,44,1691,1223,468,1609,325,1284,10,5,5,2,1,1,0,0,0
29,581,District - Kolar (27),Urban,80+,3995,1663,2332,183,103,80,1612,1123,489,2186,431,1755,8,6,2,6,0,6,0,0,0
29,581,District - Kolar (27),Urban,Age not stated,266,140,126,165,102,63,82,37,45,17,0,17,2,1,1,0,0,0,0,0,0
29,581,District - Kolar (27),Urban,Less than 18,155036,79011,76025,152342,78323,74019,2566,632,1934,60,14,46,68,42,26,0,0,0,0,0,0
29,581,District - Kolar (27),Urban,Less than 21,188411,95319,93092,178658,93581,85077,9519,1660,7859,124,30,94,106,48,58,4,0,4,0,0,0
29,582,District - Chikkaballapura (28),Total,All ages,1255104,636437,618667,518971,301269,217702,653202,320361,332841,75553,13151,62402,6763,1508,5255,615,148,467,0,0,0
29,582,District - Chikkaballapura (28),Total,0-9,193219,98684,94535,193219,98684,94535,0,0,0,0,0,0,0,0,0,0,0,0,0,0,0
29,582,District - Chikkaballapura (28),Total,10-14,122425,63523,58902,119563,62541,57022,2674,903,1771,92,29,63,90,46,44,6,4,2,0,0,0
29,582,District - Chikkaballapura (28),Total,15-19,125465,66335,59130,110020,63967,46053,15054,2249,12805,208,61,147,175,57,118,8,1,7,0,0,0
29,582,District - Chikkaballapura (28),Total,20-24,115758,59599,56159,60125,46356,13769,54462,13061,41401,618,106,512,502,67,435,51,9,42,0,0,0
29,582,District - Chikkaballapura (28),Total,25-29,109584,53868,55716,23003,20058,2945,84513,33506,51007,1257,194,1063,729,97,632,82,13,69,0,0,0
29,582,District - Chikkaballapura (28),Total,30-34,91348,45166,46182,5899,4948,951,82431,39737,42694,1992,281,1711,924,180,744,102,20,82,0,0,0
29,582,District - Chikkaballapura (28),Total,35-39,99508,47771,51737,2024,1515,509,92827,45608,47219,3448,409,3039,1112,215,897,97,24,73,0,0,0
29,582,District - Chikkaballapura (28),Total,40-44,81919,42185,39734,1041,682,359,75519,40725,34794,4386,581,3805,888,180,708,85,17,68,0,0,0
29,582,District - Chikkaballapura (28),Total,45-49,77524,40281,37243,612,382,230,70202,38903,31299,5854,814,5040,797,169,628,59,13,46,0,0,0
29,582,District - Chikkaballapura (28),Total,50-54,58068,29873,28195,455,285,170,50249,28433,21816,6821,1007,5814,509,134,375,34,14,20,0,0,0
29,582,District - Chikkaballapura (28),Total,55-59,46215,22993,23222,349,202,147,38808,21600,17208,6745,1109,5636,285,76,209,28,6,22,0,0,0
29,582,District - Chikkaballapura (28),Total,60-64,45863,22628,23235,461,240,221,34196,20494,13702,10881,1780,9101,296,102,194,29,12,17,0,0,0
29,582,District - Chikkaballapura (28),Total,65-69,34962,17079,17883,434,229,205,23845,14856,8989,10455,1913,8542,215,73,142,13,8,5,0,0,0
29,582,District - Chikkaballapura (28),Total,70-74,25269,12874,12395,260,155,105,14884,10690,4194,10000,1975,8025,117,50,67,8,4,4,0,0,0
29,582,District - Chikkaballapura (28),Total,75-79,11648,5867,5781,106,59,47,6564,4721,1843,4923,1059,3864,54,28,26,1,0,1,0,0,0
29,582,District - Chikkaballapura (28),Total,80+,14839,6801,8038,391,256,135,6568,4690,1878,7812,1822,5990,59,31,28,9,2,7,0,0,0
29,582,District - Chikkaballapura (28),Total,Age not stated,1490,910,580,1009,710,299,406,185,221,61,11,50,11,3,8,3,1,2,0,0,0
29,582,District - Chikkaballapura (28),Total,Less than 18,388629,201256,187373,380674,199114,181560,7576,2000,5576,200,59,141,171,78,93,8,5,3,0,0,0
29,582,District - Chikkaballapura (28),Total,Less than 21,473953,245088,228865,442667,239572,203095,30415,5271,25144,452,119,333,392,120,272,27,6,21,0,0,0
29,582,District - Chikkaballapura (28),Rural,All ages,973985,494463,479522,392651,230166,162485,513881,251827,262054,61058,11055,50003,5876,1302,4574,519,113,406,0,0,0
29,582,District - Chikkaballapura (28),Rural,0-9,146109,74507,71602,146109,74507,71602,0,0,0,0,0,0,0,0,0,0,0,0,0,0,0
29,582,District - Chikkaballapura (28),Rural,10-14,93728,48899,44829,91513,48124,43389,2063,707,1356,72,26,46,77,41,36,3,1,2,0,0,0
29,582,District - Chikkaballapura (28),Rural,15-19,95631,51312,44319,83508,49413,34095,11795,1802,9993,170,50,120,150,46,104,8,1,7,0,0,0
29,582,District - Chikkaballapura (28),Rural,20-24,87541,46012,41529,44705,35586,9119,41874,10278,31596,486,81,405,433,60,373,43,7,36,0,0,0
29,582,District - Chikkaballapura (28),Rural,25-29,83346,41273,42073,17217,15345,1872,64444,25691,38753,985,146,839,633,81,552,67,10,57,0,0,0
29,582,District - Chikkaballapura (28),Rural,30-34,69311,34136,35175,4376,3741,635,62489,30003,32486,1550,224,1326,807,153,654,89,15,74,0,0,0
29,582,District - Chikkaballapura (28),Rural,35-39,76505,36342,40163,1499,1134,365,71331,34680,36651,2626,326,2300,974,185,789,75,17,58,0,0,0
29,582,District - Chikkaballapura (28),Rural,40-44,64146,32633,31513,754,491,263,59162,31501,27661,3367,473,2894,790,156,634,73,12,61,0,0,0
29,582,District - Chikkaballapura (28),Rural,45-49,61622,31729,29893,415,268,147,55995,30640,25355,4481,668,3813,680,142,538,51,11,40,0,0,0
29,582,District - Chikkaballapura (28),Rural,50-54,46639,23801,22838,337,216,121,40516,22631,17885,5329,830,4499,426,112,314,31,12,19,0,0,0
29,582,District - Chikkaballapura (28),Rural,55-59,37130,18292,18838,246,152,94,31348,17159,14189,5262,908,4354,249,69,180,25,4,21,0,0,0
29,582,District - Chikkaballapura (28),Rural,60-64,38002,18780,19222,350,197,153,28563,16984,11579,8813,1501,7312,253,89,164,23,9,14,0,0,0
29,582,District - Chikkaballapura (28),Rural,65-69,29433,14450,14983,337,183,154,20200,12540,7660,8693,1654,7039,192,66,126,11,7,4,0,0,0
29,582,District - Chikkaballapura (28),Rural,70-74,21453,11007,10446,205,129,76,12670,9100,3570,8469,1728,6741,101,46,55,8,4,4,0,0,0
29,582,District - Chikkaballapura (28),Rural,75-79,9738,4925,4813,80,47,33,5526,3968,1558,4084,887,3197,47,23,24,1,0,1,0,0,0
29,582,District - Chikkaballapura (28),Rural,80+,12552,5776,6776,321,216,105,5556,3985,1571,6614,1543,5071,53,30,23,8,2,6,0,0,0
29,582,District - Chikkaballapura (28),Rural,Age not stated,1099,589,510,679,417,262,349,158,191,57,10,47,11,3,8,3,1,2,0,0,0
29,582,District - Chikkaballapura (28),Rural,Less than 18,295646,153674,141972,289376,151956,137420,5968,1602,4366,156,49,107,141,65,76,5,2,3,0,0,0
29,582,District - Chikkaballapura (28),Rural,Less than 21,360751,187696,173055,336144,183240,152904,23872,4253,19619,374,100,274,340,101,239,21,2,19,0,0,0
29,582,District - Chikkaballapura (28),Urban,All ages,281119,141974,139145,126320,71103,55217,139321,68534,70787,14495,2096,12399,887,206,681,96,35,61,0,0,0
29,582,District - Chikkaballapura (28),Urban,0-9,47110,24177,22933,47110,24177,22933,0,0,0,0,0,0,0,0,0,0,0,0,0,0,0
29,582,District - Chikkaballapura (28),Urban,10-14,28697,14624,14073,28050,14417,13633,611,196,415,20,3,17,13,5,8,3,3,0,0,0,0
29,582,District - Chikkaballapura (28),Urban,15-19,29834,15023,14811,26512,14554,11958,3259,447,2812,38,11,27,25,11,14,0,0,0,0,0,0
29,582,District - Chikkaballapura (28),Urban,20-24,28217,13587,14630,15420,10770,4650,12588,2783,9805,132,25,107,69,7,62,8,2,6,0,0,0
29,582,District - Chikkaballapura (28),Urban,25-29,26238,12595,13643,5786,4713,1073,20069,7815,12254,272,48,224,96,16,80,15,3,12,0,0,0
29,582,District - Chikkaballapura (28),Urban,30-34,22037,11030,11007,1523,1207,316,19942,9734,10208,442,57,385,117,27,90,13,5,8,0,0,0
29,582,District - Chikkaballapura (28),Urban,35-39,23003,11429,11574,525,381,144,21496,10928,10568,822,83,739,138,30,108,22,7,15,0,0,0
29,582,District - Chikkaballapura (28),Urban,40-44,17773,9552,8221,287,191,96,16357,9224,7133,1019,108,911,98,24,74,12,5,7,0,0,0
29,582,District - Chikkaballapura (28),Urban,45-49,15902,8552,7350,197,114,83,14207,8263,5944,1373,146,1227,117,27,90,8,2,6,0,0,0
29,582,District - Chikkaballapura (28),Urban,50-54,11429,6072,5357,118,69,49,9733,5802,3931,1492,177,1315,83,22,61,3,2,1,0,0,0
29,582,District - Chikkaballapura (28),Urban,55-59,9085,4701,4384,103,50,53,7460,4441,3019,1483,201,1282,36,7,29,3,2,1,0,0,0
29,582,District - Chikkaballapura (28),Urban,60-64,7861,3848,4013,111,43,68,5633,3510,2123,2068,279,1789,43,13,30,6,3,3,0,0,0
29,582,District - Chikkaballapura (28),Urban,65-69,5529,2629,2900,97,46,51,3645,2316,1329,1762,259,1503,23,7,16,2,1,1,0,0,0
29,582,District - Chikkaballapura (28),Urban,70-74,3816,1867,1949,55,26,29,2214,1590,624,1531,247,1284,16,4,12,0,0,0,0,0,0
29,582,District - Chikkaballapura (28),Urban,75-79,1910,942,968,26,12,14,1038,753,285,839,172,667,7,5,2,0,0,0,0,0,0
29,582,District - Chikkaballapura (28),Urban,80+,2287,1025,1262,70,40,30,1012,705,307,1198,279,919,6,1,5,1,0,1,0,0,0
29,582,District - Chikkaballapura (28),Urban,Age not stated,391,321,70,330,293,37,57,27,30,4,1,3,0,0,0,0,0,0,0,0,0
29,582,District - Chikkaballapura (28),Urban,Less than 18,92983,47582,45401,91298,47158,44140,1608,398,1210,44,10,34,30,13,17,3,3,0,0,0,0
29,582,District - Chikkaballapura (28),Urban,Less than 21,113202,57392,55810,106523,56332,50191,6543,1018,5525,78,19,59,52,19,33,6,4,2,0,0,0
29,583,District - Bangalore Rural (29),Total,All ages,990923,509172,481751,419055,247207,171848,509873,251860,258013,56141,8725,47416,5447,1268,4179,407,112,295,0,0,0
29,583,District - Bangalore Rural (29),Total,0-9,152558,78065,74493,152558,78065,74493,0,0,0,0,0,0,0,0,0,0,0,0,0,0,0
29,583,District - Bangalore Rural (29),Total,10-14,87247,45316,41931,85536,44708,40828,1582,560,1022,69,15,54,50,27,23,10,6,4,0,0,0
29,583,District - Bangalore Rural (29),Total,15-19,92094,47615,44479,82298,46360,35938,9579,1196,8383,130,27,103,78,28,50,9,4,5,0,0,0
29,583,District - Bangalore Rural (29),Total,20-24,104190,53706,50484,59218,44995,14223,44219,8611,35608,391,44,347,336,54,282,26,2,24,0,0,0
29,583,District - Bangalore Rural (29),Total,25-29,99676,51089,48587,26585,23500,3085,71474,27379,44095,938,124,814,631,78,553,48,8,40,0,0,0
29,583,District - Bangalore Rural (29),Total,30-34,78740,41352,37388,6576,5653,923,69798,35359,34439,1553,172,1381,762,151,611,51,17,34,0,0,0
29,583,District - Bangalore Rural (29),Total,35-39,80076,40247,39829,2116,1579,537,74286,38178,36108,2713,275,2438,892,195,697,69,20,49,0,0,0
29,583,District - Bangalore Rural (29),Total,40-44,62550,33568,28982,1020,631,389,57271,32387,24884,3394,334,3060,801,201,600,64,15,49,0,0,0
29,583,District - Bangalore Rural (29),Total,45-49,56787,29686,27101,567,324,243,50931,28725,22206,4613,477,4136,636,148,488,40,12,28,0,0,0
29,583,District - Bangalore Rural (29),Total,50-54,42099,21565,20534,430,222,208,36154,20638,15516,5083,601,4482,408,95,313,24,9,15,0,0,0
29,583,District - Bangalore Rural (29),Total,55-59,32816,16518,16298,248,127,121,27743,15679,12064,4561,637,3924,251,70,181,13,5,8,0,0,0
29,583,District - Bangalore Rural (29),Total,60-64,33166,16100,17066,351,155,196,25041,14855,10186,7528,1025,6503,233,64,169,13,1,12,0,0,0
29,583,District - Bangalore Rural (29),Total,65-69,25782,12687,13095,365,208,157,18200,11268,6932,7039,1152,5887,165,54,111,13,5,8,0,0,0
29,583,District - Bangalore Rural (29),Total,70-74,19367,9890,9477,187,87,100,11730,8385,3345,7330,1364,5966,110,51,59,10,3,7,0,0,0
29,583,District - Bangalore Rural (29),Total,75-79,9859,5129,4730,59,30,29,5646,4157,1489,4111,913,3198,38,25,13,5,4,1,0,0,0
29,583,District - Bangalore Rural (29),Total,80+,12994,6143,6851,342,216,126,5950,4350,1600,6641,1552,5089,49,24,25,12,1,11,0,0,0
29,583,District - Bangalore Rural (29),Total,Age not stated,922,496,426,599,347,252,269,133,136,47,13,34,7,3,4,0,0,0,0,0,0
29,583,District - Bangalore Rural (29),Total,Less than 18,290536,149932,140604,286058,148693,137365,4239,1162,3077,140,28,112,87,42,45,12,7,5,0,0,0
29,583,District - Bangalore Rural (29),Total,Less than 21,357556,183754,173802,337479,180867,156612,19597,2760,16837,270,50,220,187,66,121,23,11,12,0,0,0
29,583,District - Bangalore Rural (29),Rural,All ages,722179,371369,350810,301614,179394,122220,372445,183941,188504,43596,6978,36618,4254,988,3266,270,68,202,0,0,0
29,583,District - Bangalore Rural (29),Rural,0-9,109796,56224,53572,109796,56224,53572,0,0,0,0,0,0,0,0,0,0,0,0,0,0,0
29,583,District - Bangalore Rural (29),Rural,10-14,63081,32735,30346,61877,32314,29563,1109,390,719,57,10,47,31,17,14,7,4,3,0,0,0
29,583,District - Bangalore Rural (29),Rural,15-19,66548,34767,31781,59531,33874,25657,6867,851,6016,97,20,77,46,19,27,7,3,4,0,0,0
29,583,District - Bangalore Rural (29),Rural,20-24,74879,39349,35530,42395,33049,9346,31918,6226,25692,301,38,263,246,35,211,19,1,18,0,0,0
29,583,District - Bangalore Rural (29),Rural,25-29,70639,36738,33901,18963,17101,1862,50442,19486,30956,713,89,624,488,57,431,33,5,28,0,0,0
29,583,District - Bangalore Rural (29),Rural,30-34,55152,28893,26259,4605,4025,580,48749,24612,24137,1160,125,1035,601,117,484,37,14,23,0,0,0
29,583,District - Bangalore Rural (29),Rural,35-39,56677,28203,28474,1413,1065,348,52495,26756,25739,2020,221,1799,705,150,555,44,11,33,0,0,0
29,583,District - Bangalore Rural (29),Rural,40-44,45312,24016,21296,709,438,271,41396,23168,18228,2551,247,2304,622,157,465,34,6,28,0,0,0
29,583,District - Bangalore Rural (29),Rural,45-49,41734,21603,20131,406,228,178,37425,20873,16552,3377,372,3005,504,123,381,22,7,15,0,0,0
29,583,District - Bangalore Rural (29),Rural,50-54,31406,15855,15551,280,144,136,26991,15158,11833,3796,469,3327,323,78,245,16,6,10,0,0,0
29,583,District - Bangalore Rural (29),Rural,55-59,24560,12152,12408,168,88,80,20889,11520,9369,3302,489,2813,192,53,139,9,2,7,0,0,0
29,583,District - Bangalore Rural (29),Rural,60-64,26063,12559,13504,244,110,134,19883,11601,8282,5736,796,4940,190,52,138,10,0,10,0,0,0
29,583,District - Bangalore Rural (29),Rural,65-69,20807,10249,10558,265,161,104,14783,9123,5660,5611,913,4698,139,49,90,9,3,6,0,0,0
29,583,District - Bangalore Rural (29),Rural,70-74,15910,8204,7706,127,66,61,9706,6985,2721,5984,1115,4869,85,36,49,8,2,6,0,0,0
29,583,District - Bangalore Rural (29),Rural,75-79,8085,4251,3834,40,21,19,4648,3447,1201,3362,757,2605,32,23,9,3,3,0,0,0,0
29,583,District - Bangalore Rural (29),Rural,80+,10716,5132,5584,254,169,85,4918,3636,1282,5488,1306,4182,44,20,24,12,1,11,0,0,0
29,583,District - Bangalore Rural (29),Rural,Age not stated,814,439,375,541,317,224,226,109,117,41,11,30,6,2,4,0,0,0,0,0,0
29,583,District - Bangalore Rural (29),Rural,Less than 18,209765,108284,101481,206605,107412,99193,2987,818,2169,110,20,90,54,29,25,9,5,4,0,0,0
29,583,District - Bangalore Rural (29),Rural,Less than 21,258125,133227,124898,243593,131161,112432,14183,1977,12206,212,38,174,120,43,77,17,8,9,0,0,0
29,583,District - Bangalore Rural (29),Urban,All ages,268744,137803,130941,117441,67813,49628,137428,67919,69509,12545,1747,10798,1193,280,913,137,44,93,0,0,0
29,583,District - Bangalore Rural (29),Urban,0-9,42762,21841,20921,42762,21841,20921,0,0,0,0,0,0,0,0,0,0,0,0,0,0,0
29,583,District - Bangalore Rural (29),Urban,10-14,24166,12581,11585,23659,12394,11265,473,170,303,12,5,7,19,10,9,3,2,1,0,0,0
29,583,District - Bangalore Rural (29),Urban,15-19,25546,12848,12698,22767,12486,10281,2712,345,2367,33,7,26,32,9,23,2,1,1,0,0,0
29,583,District - Bangalore Rural (29),Urban,20-24,29311,14357,14954,16823,11946,4877,12301,2385,9916,90,6,84,90,19,71,7,1,6,0,0,0
29,583,District - Bangalore Rural (29),Urban,25-29,29037,14351,14686,7622,6399,1223,21032,7893,13139,225,35,190,143,21,122,15,3,12,0,0,0
29,583,District - Bangalore Rural (29),Urban,30-34,23588,12459,11129,1971,1628,343,21049,10747,10302,393,47,346,161,34,127,14,3,11,0,0,0
29,583,District - Bangalore Rural (29),Urban,35-39,23399,12044,11355,703,514,189,21791,11422,10369,693,54,639,187,45,142,25,9,16,0,0,0
29,583,District - Bangalore Rural (29),Urban,40-44,17238,9552,7686,311,193,118,15875,9219,6656,843,87,756,179,44,135,30,9,21,0,0,0
29,583,District - Bangalore Rural (29),Urban,45-49,15053,8083,6970,161,96,65,13506,7852,5654,1236,105,1131,132,25,107,18,5,13,0,0,0
29,583,District - Bangalore Rural (29),Urban,50-54,10693,5710,4983,150,78,72,9163,5480,3683,1287,132,1155,85,17,68,8,3,5,0,0,0
29,583,District - Bangalore Rural (29),Urban,55-59,8256,4366,3890,80,39,41,6854,4159,2695,1259,148,1111,59,17,42,4,3,1,0,0,0
29,583,District - Bangalore Rural (29),Urban,60-64,7103,3541,3562,107,45,62,5158,3254,1904,1792,229,1563,43,12,31,3,1,2,0,0,0
29,583,District - Bangalore Rural (29),Urban,65-69,4975,2438,2537,100,47,53,3417,2145,1272,1428,239,1189,26,5,21,4,2,2,0,0,0
29,583,District - Bangalore Rural (29),Urban,70-74,3457,1686,1771,60,21,39,2024,1400,624,1346,249,1097,25,15,10,2,1,1,0,0,0
29,583,District - Bangalore Rural (29),Urban,75-79,1774,878,896,19,9,10,998,710,288,749,156,593,6,2,4,2,1,1,0,0,0
29,583,District - Bangalore Rural (29),Urban,80+,2278,1011,1267,88,47,41,1032,714,318,1153,246,907,5,4,1,0,0,0,0,0,0
29,583,District - Bangalore Rural (29),Urban,Age not stated,108,57,51,58,30,28,43,24,19,6,2,4,1,1,0,0,0,0,0,0,0
29,583,District - Bangalore Rural (29),Urban,Less than 18,80771,41648,39123,79453,41281,38172,1252,344,908,30,8,22,33,13,20,3,2,1,0,0,0
29,583,District - Bangalore Rural (29),Urban,Less than 21,99431,50527,48904,93886,49706,44180,5414,783,4631,58,12,46,67,23,44,6,3,3,0,0,0
29,584,District - Ramanagara (30),Total,All ages,1082636,548008,534628,452520,268067,184453,543176,268853,274323,80006,9247,70759,6373,1710,4663,561,131,430,0,0,0
29,584,District - Ramanagara (30),Total,0-9,156335,80024,76311,156335,80024,76311,0,0,0,0,0,0,0,0,0,0,0,0,0,0,0
29,584,District - Ramanagara (30),Total,10-14,93711,48629,45082,92217,48088,44129,1355,484,871,63,19,44,72,36,36,4,2,2,0,0,0
29,584,District - Ramanagara (30),Total,15-19,100539,52347,48192,90392,51106,39286,9903,1194,8709,142,20,122,95,27,68,7,0,7,0,0,0
29,584,District - Ramanagara (30),Total,20-24,107167,56028,51139,64473,48943,15530,41765,6991,34774,524,48,476,357,39,318,48,7,41,0,0,0
29,584,District - Ramanagara (30),Total,25-29,101330,52186,49144,31438,27587,3851,67656,24311,43345,1358,139,1219,780,131,649,98,18,80,0,0,0
29,584,District - Ramanagara (30),Total,30-34,79583,40827,38756,8568,7217,1351,67801,33148,34653,2196,225,1971,931,214,717,87,23,64,0,0,0
29,584,District - Ramanagara (30),Total,35-39,83276,39929,43347,2901,2022,879,75584,37314,38270,3739,331,3408,967,248,719,85,14,71,0,0,0
29,584,District - Ramanagara (30),Total,40-44,68764,35054,33710,1546,879,667,61386,33492,27894,4847,370,4477,905,290,615,80,23,57,0,0,0
29,584,District - Ramanagara (30),Total,45-49,65707,33452,32255,987,500,487,57463,32188,25275,6531,564,5967,683,189,494,43,11,32,0,0,0
29,584,District - Ramanagara (30),Total,50-54,51961,25773,26188,765,297,468,43231,24611,18620,7383,680,6703,552,176,376,30,9,21,0,0,0
29,584,District - Ramanagara (30),Total,55-59,40132,19115,21017,467,172,295,32772,18278,14494,6589,590,5999,283,69,214,21,6,15,0,0,0
29,584,District - Ramanagara (30),Total,60-64,43781,20781,23000,507,192,315,31898,19316,12582,11045,1170,9875,310,97,213,21,6,15,0,0,0
29,584,District - Ramanagara (30),Total,65-69,34412,16892,17520,424,184,240,23562,15405,8157,10220,1235,8985,193,63,130,13,5,8,0,0,0
29,584,District - Ramanagara (30),Total,70-74,26263,13148,13115,236,94,142,15204,11579,3625,10691,1413,9278,123,61,62,9,1,8,0,0,0
29,584,District - Ramanagara (30),Total,75-79,12358,6167,6191,104,45,59,6616,5200,1416,5580,891,4689,52,29,23,6,2,4,0,0,0
29,584,District - Ramanagara (30),Total,80+,15878,6851,9027,309,170,139,6506,5110,1396,9004,1535,7469,51,33,18,8,3,5,0,0,0
29,584,District - Ramanagara (30),Total,Age not stated,1439,805,634,851,547,304,474,232,242,94,17,77,19,8,11,1,1,0,0,0,0
29,584,District - Ramanagara (30),Total,Less than 18,306195,158014,148181,301777,156824,144953,4169,1111,3058,138,28,110,104,49,55,7,2,5,0,0,0
29,584,District - Ramanagara (30),Total,Less than 21,378130,194819,183311,357567,192072,165495,20002,2626,17376,302,48,254,236,71,165,23,2,21,0,0,0
29,584,District - Ramanagara (30),Rural,All ages,814877,412438,402439,328083,197326,130757,416196,206054,210142,64998,7557,57441,5181,1405,3776,419,96,323,0,0,0
29,584,District - Ramanagara (30),Rural,0-9,112033,57326,54707,112033,57326,54707,0,0,0,0,0,0,0,0,0,0,0,0,0,0,0
29,584,District - Ramanagara (30),Rural,10-14,67221,34895,32326,66246,34578,31668,871,274,597,51,12,39,50,30,20,3,1,2,0,0,0
29,584,District - Ramanagara (30),Rural,15-19,73180,38478,34702,65763,37704,28059,7241,741,6500,101,13,88,71,20,51,4,0,4,0,0,0
29,584,District - Ramanagara (30),Rural,20-24,78554,42112,36442,47370,37265,10105,30478,4785,25693,412,31,381,266,28,238,28,3,25,0,0,0
29,584,District - Ramanagara (30),Rural,25-29,74606,39230,35376,23582,21309,2273,49276,17697,31579,1070,111,959,607,100,507,71,13,58,0,0,0
29,584,District - Ramanagara (30),Rural,30-34,57755,29600,28155,6260,5389,871,48981,23859,25122,1682,157,1525,766,177,589,66,18,48,0,0,0
29,584,District - Ramanagara (30),Rural,35-39,61548,29068,32480,2099,1459,640,55775,27138,28637,2842,264,2578,765,196,569,67,11,56,0,0,0
29,584,District - Ramanagara (30),Rural,40-44,51977,26060,25917,1137,627,510,46319,24901,21418,3717,273,3444,746,244,502,58,15,43,0,0,0
29,584,District - Ramanagara (30),Rural,45-49,50694,25574,25120,752,366,386,44395,24608,19787,4959,440,4519,556,153,403,32,7,25,0,0,0
29,584,District - Ramanagara (30),Rural,50-54,41016,20080,20936,589,220,369,34326,19178,15148,5611,529,5082,469,146,323,21,7,14,0,0,0
29,584,District - Ramanagara (30),Rural,55-59,31826,14849,16977,346,128,218,26164,14219,11945,5066,442,4624,233,55,178,17,5,12,0,0,0
29,584,District - Ramanagara (30),Rural,60-64,36266,17077,19189,400,138,262,26749,15925,10824,8832,926,7906,267,82,185,18,6,12,0,0,0
29,584,District - Ramanagara (30),Rural,65-69,29480,14502,14978,331,142,189,20386,13266,7120,8590,1037,7553,161,53,108,12,4,8,0,0,0
29,584,District - Ramanagara (30),Rural,70-74,22843,11499,11344,171,73,98,13321,10179,3142,9234,1193,8041,109,53,56,8,1,7,0,0,0
29,584,District - Ramanagara (30),Rural,75-79,10791,5387,5404,71,30,41,5779,4541,1238,4887,786,4101,48,28,20,6,2,4,0,0,0
29,584,District - Ramanagara (30),Rural,80+,13820,6004,7816,208,108,100,5700,4536,1164,7856,1326,6530,49,32,17,7,2,5,0,0,0
29,584,District - Ramanagara (30),Rural,Age not stated,1267,697,570,725,464,261,435,207,228,88,17,71,18,8,10,1,1,0,0,0,0
29,584,District - Ramanagara (30),Rural,Less than 18,219970,113676,106294,217023,112968,104055,2762,649,2113,104,17,87,76,41,35,5,1,4,0,0,0
29,584,District - Ramanagara (30),Rural,Less than 21,272751,141038,131713,257682,139305,118377,14659,1648,13011,230,30,200,165,54,111,15,1,14,0,0,0
29,584,District - Ramanagara (30),Urban,All ages,267759,135570,132189,124437,70741,53696,126980,62799,64181,15008,1690,13318,1192,305,887,142,35,107,0,0,0
29,584,District - Ramanagara (30),Urban,0-9,44302,22698,21604,44302,22698,21604,0,0,0,0,0,0,0,0,0,0,0,0,0,0,0
29,584,District - Ramanagara (30),Urban,10-14,26490,13734,12756,25971,13510,12461,484,210,274,12,7,5,22,6,16,1,1,0,0,0,0
29,584,District - Ramanagara (30),Urban,15-19,27359,13869,13490,24629,13402,11227,2662,453,2209,41,7,34,24,7,17,3,0,3,0,0,0
29,584,District - Ramanagara (30),Urban,20-24,28613,13916,14697,17103,11678,5425,11287,2206,9081,112,17,95,91,11,80,20,4,16,0,0,0
29,584,District - Ramanagara (30),Urban,25-29,26724,12956,13768,7856,6278,1578,18380,6614,11766,288,28,260,173,31,142,27,5,22,0,0,0
29,584,District - Ramanagara (30),Urban,30-34,21828,11227,10601,2308,1828,480,18820,9289,9531,514,68,446,165,37,128,21,5,16,0,0,0
29,584,District - Ramanagara (30),Urban,35-39,21728,10861,10867,802,563,239,19809,10176,9633,897,67,830,202,52,150,18,3,15,0,0,0
29,584,District - Ramanagara (30),Urban,40-44,16787,8994,7793,409,252,157,15067,8591,6476,1130,97,1033,159,46,113,22,8,14,0,0,0
29,584,District - Ramanagara (30),Urban,45-49,15013,7878,7135,235,134,101,13068,7580,5488,1572,124,1448,127,36,91,11,4,7,0,0,0
29,584,District - Ramanagara (30),Urban,50-54,10945,5693,5252,176,77,99,8905,5433,3472,1772,151,1621,83,30,53,9,2,7,0,0,0
29,584,District - Ramanagara (30),Urban,55-59,8306,4266,4040,121,44,77,6608,4059,2549,1523,148,1375,50,14,36,4,1,3,0,0,0
29,584,District - Ramanagara (30),Urban,60-64,7515,3704,3811,107,54,53,5149,3391,1758,2213,244,1969,43,15,28,3,0,3,0,0,0
29,584,District - Ramanagara (30),Urban,65-69,4932,2390,2542,93,42,51,3176,2139,1037,1630,198,1432,32,10,22,1,1,0,0,0,0
29,584,District - Ramanagara (30),Urban,70-74,3420,1649,1771,65,21,44,1883,1400,483,1457,220,1237,14,8,6,1,0,1,0,0,0
29,584,District - Ramanagara (30),Urban,75-79,1567,780,787,33,15,18,837,659,178,693,105,588,4,1,3,0,0,0,0,0,0
29,584,District - Ramanagara (30),Urban,80+,2058,847,1211,101,62,39,806,574,232,1148,209,939,2,1,1,1,1,0,0,0,0
29,584,District - Ramanagara (30),Urban,Age not stated,172,108,64,126,83,43,39,25,14,6,0,6,1,0,1,0,0,0,0,0,0
29,584,District - Ramanagara (30),Urban,Less than 18,86225,44338,41887,84754,43856,40898,1407,462,945,34,11,23,28,8,20,2,1,1,0,0,0
29,584,District - Ramanagara (30),Urban,Less than 21,105379,53781,51598,99885,52767,47118,5343,978,4365,72,18,54,71,17,54,8,1,7,0,0,0
