state_code,district_code,area_name,region_type,age_group,total_persons,total_males,total_females,never_married_persons,never_married_males,never_married_females,currently_married_persons,currently_married_males,currently_married_females,widowed_persons,widowed_males,widowed_females,separated_persons,separated_males,separated_females,divorced_persons,divorced_males,divorced_females,unspecified_persons,unspecified_males,unspecified_females
32,000,State - KERALA (32),Total,All ages,33406061,16027412,17378649,13684355,7674256,6010099,17215810,8080622,9135188,2228226,217242,2010984,220987,45465,175522,56683,9827,46856,0,0,0
32,000,State - KERALA (32),Total,0-9,5008204,2550724,2457480,5008204,2550724,2457480,0,0,0,0,0,0,0,0,0,0,0,0,0,0,0
32,000,State - KERALA (32),Total,10-14,2822770,1438917,1383853,2790429,1429759,1360670,30014,8345,21669,1224,293,931,1010,483,527,93,37,56,0,0,0
32,000,State - KERALA (32),Total,15-19,2610552,1328299,1282253,2428944,1309674,1119270,177877,17747,160130,2076,429,1647,1355,422,933,300,27,273,0,0,0
32,000,State - KERALA (32),Total,20-24,2665809,1298826,1366983,1755419,1186960,568459,898766,110483,788283,4671,637,4034,5137,660,4477,1816,86,1730,0,0,0
32,000,State - KERALA (32),Total,25-29,2604092,1203978,1400114,882964,716126,166838,1690523,483930,1206593,11482,1356,10126,14025,2075,11950,5098,491,4607,0,0,0
32,000,State - KERALA (32),Total,30-34,2455501,1128217,1327284,315427,249202,66225,2086394,870617,1215777,23568,2638,20930,22787,4545,18242,7325,1215,6110,0,0,0
32,000,State - KERALA (32),Total,35-39,2579673,1161819,1417854,137332,88142,49190,2353008,1060935,1292073,48431,4197,44234,31921,6752,25169,8981,1793,7188,0,0,0
32,000,State - KERALA (32),Total,40-44,2412498,1117424,1295074,81112,41559,39553,2206927,1061551,1145376,82509,5701,76808,33426,6891,26535,8524,1722,6802,0,0,0
32,000,State - KERALA (32),Total,45-49,2348530,1105598,1242932,63553,26319,37234,2106273,1062830,1043443,136782,8364,128418,34229,6690,27539,7693,1395,6298,0,0,0
32,000,State - KERALA (32),Total,50-54,1928145,931191,996954,49916,17304,32612,1665890,896561,769329,181059,11331,169728,25612,5003,20609,5668,992,4676,0,0,0
32,000,State - KERALA (32),Total,55-59,1742408,861527,880881,41931,13649,28282,1439541,826771,612770,236619,16288,220331,20184,4090,16094,4133,729,3404,0,0,0
32,000,State - KERALA (32),Total,60-64,1414671,685136,729535,35648,10590,25058,1054178,647943,406235,308125,22997,285128,13774,3055,10719,2946,551,2395,0,0,0
32,000,State - KERALA (32),Total,65-69,1002134,459232,542902,25179,7657,17522,660441,424126,236315,306761,25187,281574,8011,1931,6080,1742,331,1411,0,0,0
32,000,State - KERALA (32),Total,70-74,733372,326562,406810,19591,5873,13718,412813,288673,124140,295365,30545,264820,4586,1278,3308,1017,193,824,0,0,0
32,000,State - KERALA (32),Total,75-79,501367,208317,293050,13728,4012,9716,238663,173645,65018,245686,29718,215968,2646,824,1822,644,118,526,0,0,0
32,000,State - KERALA (32),Total,80+,541849,204348,337501,16393,5595,10798,181511,140708,40803,341262,57229,284033,2049,683,1366,634,133,501,0,0,0
32,000,State - KERALA (32),Total,Age not stated,34486,17297,17189,18585,11111,7474,12991,5757,7234,2606,332,2274,235,83,152,69,14,55,0,0,0
32,000,State - KERALA (32),Total,Less than 18,9405158,4790515,4614643,9313572,4771364,4542208,87126,17807,69319,2614,553,2061,1670,740,930,176,51,125,0,0,0
32,000,State - KERALA (32),Total,Less than 21,10996871,5597223,5399648,10657964,5556710,5101254,331352,38607,292745,4011,830,3181,2944,1006,1938,600,70,530,0,0,0
32,000,State - KERALA (32),Rural,All ages,17471135,8408054,9063081,7153562,4013906,3139656,8993219,4240398,4752821,1164992,122264,1042728,130450,26627,103823,28912,4859,24053,0,0,0
32,000,State - KERALA (32),Rural,0-9,2634544,1340886,1293658,2634544,1340886,1293658,0,0,0,0,0,0,0,0,0,0,0,0,0,0,0
32,000,State - KERALA (32),Rural,10-14,1499338,762897,736441,1482377,757972,724405,15715,4484,11231,653,159,494,553,262,291,40,20,20,0,0,0
32,000,State - KERALA (32),Rural,15-19,1365813,696204,669609,1264456,686308,578148,99264,9414,89850,1135,247,888,773,220,553,185,15,170,0,0,0
32,000,State - KERALA (32),Rural,20-24,1386061,680283,705778,909386,618196,291190,470137,61290,408847,2612,367,2245,2994,383,2611,932,47,885,0,0,0
32,000,State - KERALA (32),Rural,25-29,1369036,639039,729997,463026,372369,90657,888571,264397,624174,6554,798,5756,8284,1223,7061,2601,252,2349,0,0,0
32,000,State - KERALA (32),Rural,30-34,1278260,592974,685286,162169,126786,35383,1085571,461370,624201,13373,1553,11820,13448,2630,10818,3699,635,3064,0,0,0
32,000,State - KERALA (32),Rural,35-39,1344629,608341,736288,67167,42452,24715,1226398,558598,667800,27241,2425,24816,19248,3975,15273,4575,891,3684,0,0,0
32,000,State - KERALA (32),Rural,40-44,1246138,578217,667921,38035,19399,18636,1139172,550860,588312,44968,3224,41744,19699,3913,15786,4264,821,3443,0,0,0
32,000,State - KERALA (32),Rural,45-49,1227882,578437,649445,29680,12498,17182,1100315,556513,543802,73687,4789,68898,20256,3946,16310,3944,691,3253,0,0,0
32,000,State - KERALA (32),Rural,50-54,1001162,484917,516245,22892,8265,14627,865784,466813,398971,94499,6420,88079,15095,2955,12140,2892,464,2428,0,0,0
32,000,State - KERALA (32),Rural,55-59,903383,446860,456523,19215,6626,12589,748528,428452,320076,121569,9008,112561,11920,2414,9506,2151,360,1791,0,0,0
32,000,State - KERALA (32),Rural,60-64,724947,351377,373570,16128,5171,10957,543574,331529,212045,155842,12632,143210,7902,1788,6114,1501,257,1244,0,0,0
32,000,State - KERALA (32),Rural,65-69,525265,240537,284728,11995,3826,8169,350025,221565,128460,157594,13791,143803,4765,1184,3581,886,171,715,0,0,0
32,000,State - KERALA (32),Rural,70-74,381986,170673,211313,9047,2886,6161,219206,150204,69002,150574,16710,133864,2642,776,1866,517,97,420,0,0,0
32,000,State - KERALA (32),Rural,75-79,266667,111752,154915,6310,1915,4395,130970,92859,38111,127499,16425,111074,1529,489,1040,359,64,295,0,0,0
32,000,State - KERALA (32),Rural,80+,298687,115981,182706,7581,2709,4872,103659,79238,24421,185901,33542,152359,1217,424,793,329,68,261,0,0,0
32,000,State - KERALA (32),Rural,Age not stated,17337,8679,8658,9554,5642,3912,6330,2812,3518,1291,174,1117,125,45,80,37,6,31,0,0,0
32,000,State - KERALA (32),Rural,Less than 18,4960617,2524311,2436306,4910398,2514122,2396276,47808,9458,38350,1399,307,1092,917,394,523,95,30,65,0,0,0
32,000,State - KERALA (32),Rural,Less than 21,5788388,2946309,2842079,5603372,2924638,2678734,180829,20629,160200,2188,463,1725,1661,541,1120,338,38,300,0,0,0
32,000,State - KERALA (32),Urban,All ages,15934926,7619358,8315568,6530793,3660350,2870443,8222591,3840224,4382367,1063234,94978,968256,90537,18838,71699,27771,4968,22803,0,0,0
32,000,State - KERALA (32),Urban,0-9,2373660,1209838,1163822,2373660,1209838,1163822,0,0,0,0,0,0,0,0,0,0,0,0,0,0,0
32,000,State - KERALA (32),Urban,10-14,1323432,676020,647412,1308052,671787,636265,14299,3861,10438,571,134,437,457,221,236,53,17,36,0,0,0
32,000,State - KERALA (32),Urban,15-19,1244739,632095,612644,1164488,623366,541122,78613,8333,70280,941,182,759,582,202,380,115,12,103,0,0,0
32,000,State - KERALA (32),Urban,20-24,1279748,618543,661205,846033,568764,277269,428629,49193,379436,2059,270,1789,2143,277,1866,884,39,845,0,0,0
32,000,State - KERALA (32),Urban,25-29,1235056,564939,670117,419938,343757,76181,801952,219533,582419,4928,558,4370,5741,852,4889,2497,239,2258,0,0,0
32,000,State - KERALA (32),Urban,30-34,1177241,535243,641998,153258,122416,30842,1000823,409247,591576,10195,1085,9110,9339,1915,7424,3626,580,3046,0,0,0
32,000,State - KERALA (32),Urban,35-39,1235044,553478,681566,70165,45690,24475,1126610,502337,624273,21190,1772,19418,12673,2777,9896,4406,902,3504,0,0,0
32,000,State - KERALA (32),Urban,40-44,1166360,539207,627153,43077,22160,20917,1067755,510691,557064,37541,2477,35064,13727,2978,10749,4260,901,3359,0,0,0
32,000,State - KERALA (32),Urban,45-49,1120648,527161,593487,33873,13821,20052,1005958,506317,499641,63095,3575,59520,13973,2744,11229,3749,704,3045,0,0,0
32,000,State - KERALA (32),Urban,50-54,926983,446274,480709,27024,9039,17985,800106,429748,370358,86560,4911,81649,10517,2048,8469,2776,528,2248,0,0,0
32,000,State - KERALA (32),Urban,55-59,839025,414667,424358,22716,7023,15693,691013,398319,292694,115050,7280,107770,8264,1676,6588,1982,369,1613,0,0,0
32,000,State - KERALA (32),Urban,60-64,689724,333759,355965,19520,5419,14101,510604,316414,194190,152283,10365,141918,5872,1267,4605,1445,294,1151,0,0,0
32,000,State - KERALA (32),Urban,65-69,476869,218695,258174,13184,3831,9353,310416,202561,107855,149167,11396,137771,3246,747,2499,856,160,696,0,0,0
32,000,State - KERALA (32),Urban,70-74,351386,155889,195497,10544,2987,7557,193607,138469,55138,144791,13835,130956,1944,502,1442,500,96,404,0,0,0
32,000,State - KERALA (32),Urban,75-79,234700,96565,138135,7418,2097,5321,107693,80786,26907,118187,13293,104894,1117,335,782,285,54,231,0,0,0
32,000,State - KERALA (32),Urban,80+,243162,88367,154795,8812,2886,5926,77852,61470,16382,155361,23687,131674,832,259,573,305,65,240,0,0,0
32,000,State - KERALA (32),Urban,Age not stated,17149,8618,8531,9031,5469,3562,6661,2945,3716,1315,158,1157,110,38,72,32,8,24,0,0,0
32,000,State - KERALA (32),Urban,Less than 18,4444541,2266204,2178337,4403174,2257242,2145932,39318,8349,30969,1215,246,969,753,346,407,81,21,60,0,0,0
32,000,State - KERALA (32),Urban,Less than 21,5208483,2650914,2557569,5054592,2632072,2422520,150523,17978,132545,1823,367,1456,1283,465,818,262,32,230,0,0,0
32,588,District - Kasaragod (01),Total,All ages,1307375,628613,678762,605331,342234,263097,607448,278692,328756,82400,5885,76515,9752,1476,8276,2444,326,2118,0,0,0
32,588,District - Kasaragod (01),Total,0-9,220825,112725,108100,220825,112725,108100,0,0,0,0,0,0,0,0,0,0,0,0,0,0,0
32,588,District - Kasaragod (01),Total,10-14,121871,62341,59530,120698,62024,58674,1083,286,797,41,5,36,45,24,21,4,2,2,0,0,0
32,588,District - Kasaragod (01),Total,15-19,114473,57765,56708,108046,57164,50882,6279,571,5708,78,11,67,53,18,35,17,1,16,0,0,0
32,588,District - Kasaragod (01),Total,20-24,117636,55642,61994,77562,52222,25340,39597,3385,36212,187,12,175,207,21,186,83,2,81,0,0,0
32,588,District - Kasaragod (01),Total,25-29,113958,51448,62510,43958,35223,8735,68635,16109,52526,549,38,511,616,65,551,200,13,187,0,0,0
32,588,District - Kasaragod (01),Total,30-34,102124,46516,55608,17245,13608,3637,82425,32645,49780,1159,81,1078,972,143,829,323,39,284,0,0,0
32,588,District - Kasaragod (01),Total,35-39,99852,45539,54313,6364,4257,2107,89332,40904,48428,2356,127,2229,1438,197,1241,362,54,308,0,0,0
32,588,District - Kasaragod (01),Total,40-44,85207,39985,45222,2891,1670,1221,76604,37893,38711,3882,188,3694,1497,186,1311,333,48,285,0,0,0
32,588,District - Kasaragod (01),Total,45-49,82700,39615,43085,1914,879,1035,72433,38201,34232,6381,264,6117,1614,207,1407,358,64,294,0,0,0
32,588,District - Kasaragod (01),Total,50-54,64216,31483,32733,1362,519,843,53705,30399,23306,7746,353,7393,1149,188,961,254,24,230,0,0,0
32,588,District - Kasaragod (01),Total,55-59,54945,27166,27779,996,334,662,43280,26222,17058,9646,454,9192,855,129,726,168,27,141,0,0,0
32,588,District - Kasaragod (01),Total,60-64,44336,21606,22730,839,274,565,30995,20574,10421,11832,628,11204,568,113,455,102,17,85,0,0,0
32,588,District - Kasaragod (01),Total,65-69,32464,14340,18124,592,224,368,19537,13358,6179,11874,679,11195,369,69,300,92,10,82,0,0,0
32,588,District - Kasaragod (01),Total,70-74,22162,9802,12360,339,148,191,11547,8736,2811,10035,863,9172,180,49,131,61,6,55,0,0,0
32,588,District - Kasaragod (01),Total,75-79,14054,5958,8096,190,73,117,6466,5089,1377,7276,763,6513,86,26,60,36,7,29,0,0,0
32,588,District - Kasaragod (01),Total,80+,14798,5745,9053,341,182,159,5054,4106,948,9268,1408,7860,92,37,55,43,12,31,0,0,0
32,588,District - Kasaragod (01),Total,Age not stated,1754,937,817,1169,708,461,476,214,262,90,11,79,11,4,7,8,0,8,0,0,0
32,588,District - Kasaragod (01),Total,Less than 18,410612,209367,201245,407755,208729,199026,2691,591,2100,88,10,78,66,34,32,12,3,9,0,0,0
32,588,District - Kasaragod (01),Total,Less than 21,482276,245131,237145,469127,243787,225340,12849,1276,11573,149,19,130,121,45,76,30,4,26,0,0,0
32,588,District - Kasaragod (01),Rural,All ages,798328,387716,410612,367993,208113,159880,372785,174378,198407,49977,4091,45886,6242,963,5279,1331,171,1160,0,0,0
32,588,District - Kasaragod (01),Rural,0-9,130999,66819,64180,130999,66819,64180,0,0,0,0,0,0,0,0,0,0,0,0,0,0,0
32,588,District - Kasaragod (01),Rural,10-14,74426,38008,36418,73759,37824,35935,621,169,452,20,1,19,24,13,11,2,1,1,0,0,0
32,588,District - Kasaragod (01),Rural,15-19,69311,35237,34074,65705,34899,30806,3529,323,3206,40,7,33,26,7,19,11,1,10,0,0,0
32,588,District - Kasaragod (01),Rural,20-24,71161,34345,36816,48227,32211,16016,22663,2112,20551,116,8,108,115,13,102,40,1,39,0,0,0
32,588,District - Kasaragod (01),Rural,25-29,70247,32364,37883,28060,22170,5890,41324,10121,31203,365,25,340,390,40,350,108,8,100,0,0,0
32,588,District - Kasaragod (01),Rural,30-34,62015,28754,33261,10921,8536,2385,49507,20039,29468,770,60,710,641,95,546,176,24,152,0,0,0
32,588,District - Kasaragod (01),Rural,35-39,61669,28447,33222,4005,2672,1333,54969,25526,29443,1555,84,1471,940,137,803,200,28,172,0,0,0
32,588,District - Kasaragod (01),Rural,40-44,52712,24974,27738,1787,1026,761,47286,23673,23613,2457,122,2335,995,121,874,187,32,155,0,0,0
32,588,District - Kasaragod (01),Rural,45-49,51925,25247,26678,1214,558,656,45445,24337,21108,4016,193,3823,1047,124,923,203,35,168,0,0,0
32,588,District - Kasaragod (01),Rural,50-54,39819,19811,20008,819,313,506,33418,19111,14307,4704,243,4461,748,136,612,130,8,122,0,0,0
32,588,District - Kasaragod (01),Rural,55-59,33841,16856,16985,589,199,390,26999,16270,10729,5667,294,5373,494,82,412,92,11,81,0,0,0
32,588,District - Kasaragod (01),Rural,60-64,26928,13258,13670,485,167,318,19147,12583,6564,6905,430,6475,341,73,268,50,5,45,0,0,0
32,588,District - Kasaragod (01),Rural,65-69,20099,8986,11113,368,147,221,12435,8324,4111,7018,465,6553,233,45,188,45,5,40,0,0,0
32,588,District - Kasaragod (01),Rural,70-74,13800,6275,7525,218,101,117,7475,5541,1934,5952,599,5353,120,33,87,35,1,34,0,0,0
32,588,District - Kasaragod (01),Rural,75-79,8936,3932,5004,101,38,63,4302,3343,959,4456,533,3923,55,15,40,22,3,19,0,0,0
32,588,District - Kasaragod (01),Rural,80+,9649,3980,5669,210,114,96,3457,2808,649,5889,1022,4867,68,28,40,25,8,17,0,0,0
32,588,District - Kasaragod (01),Rural,Age not stated,791,423,368,526,319,207,208,98,110,47,5,42,5,1,4,5,0,5,0,0,0
32,588,District - Kasaragod (01),Rural,Less than 18,246729,125764,120965,245110,125398,119712,1529,340,1189,50,6,44,33,18,15,7,2,5,0,0,0
32,588,District - Kasaragod (01),Rural,Less than 21,289889,147574,142315,282498,146798,135700,7232,741,6491,80,10,70,62,23,39,17,2,15,0,0,0
32,588,District - Kasaragod (01),Urban,All ages,509047,240897,268150,237338,134121,103217,234663,104314,130349,32423,1794,30629,3510,513,2997,1113,155,958,0,0,0
32,588,District - Kasaragod (01),Urban,0-9,89826,45906,43920,89826,45906,43920,0,0,0,0,0,0,0,0,0,0,0,0,0,0,0
32,588,District - Kasaragod (01),Urban,10-14,47445,24333,23112,46939,24200,22739,462,117,345,21,4,17,21,11,10,2,1,1,0,0,0
32,588,District - Kasaragod (01),Urban,15-19,45162,22528,22634,42341,22265,20076,2750,248,2502,38,4,34,27,11,16,6,0,6,0,0,0
32,588,District - Kasaragod (01),Urban,20-24,46475,21297,25178,29335,20011,9324,16934,1273,15661,71,4,67,92,8,84,43,1,42,0,0,0
32,588,District - Kasaragod (01),Urban,25-29,43711,19084,24627,15898,13053,2845,27311,5988,21323,184,13,171,226,25,201,92,5,87,0,0,0
32,588,District - Kasaragod (01),Urban,30-34,40109,17762,22347,6324,5072,1252,32918,12606,20312,389,21,368,331,48,283,147,15,132,0,0,0
32,588,District - Kasaragod (01),Urban,35-39,38183,17092,21091,2359,1585,774,34363,15378,18985,801,43,758,498,60,438,162,26,136,0,0,0
32,588,District - Kasaragod (01),Urban,40-44,32495,15011,17484,1104,644,460,29318,14220,15098,1425,66,1359,502,65,437,146,16,130,0,0,0
32,588,District - Kasaragod (01),Urban,45-49,30775,14368,16407,700,321,379,26988,13864,13124,2365,71,2294,567,83,484,155,29,126,0,0,0
32,588,District - Kasaragod (01),Urban,50-54,24397,11672,12725,543,206,337,20287,11288,8999,3042,110,2932,401,52,349,124,16,108,0,0,0
32,588,District - Kasaragod (01),Urban,55-59,21104,10310,10794,407,135,272,16281,9952,6329,3979,160,3819,361,47,314,76,16,60,0,0,0
32,588,District - Kasaragod (01),Urban,60-64,17408,8348,9060,354,107,247,11848,7991,3857,4927,198,4729,227,40,187,52,12,40,0,0,0
32,588,District - Kasaragod (01),Urban,65-69,12365,5354,7011,224,77,147,7102,5034,2068,4856,214,4642,136,24,112,47,5,42,0,0,0
32,588,District - Kasaragod (01),Urban,70-74,8362,3527,4835,121,47,74,4072,3195,877,4083,264,3819,60,16,44,26,5,21,0,0,0
32,588,District - Kasaragod (01),Urban,75-79,5118,2026,3092,89,35,54,2164,1746,418,2820,230,2590,31,11,20,14,4,10,0,0,0
32,588,District - Kasaragod (01),Urban,80+,5149,1765,3384,131,68,63,1597,1298,299,3379,386,2993,24,9,15,18,4,14,0,0,0
32,588,District - Kasaragod (01),Urban,Age not stated,963,514,449,643,389,254,268,116,152,43,6,37,6,3,3,3,0,3,0,0,0
32,588,District - Kasaragod (01),Urban,Less than 18,163883,83603,80280,162645,83331,79314,1162,251,911,38,4,34,33,16,17,5,1,4,0,0,0
32,588,District - Kasaragod (01),Urban,Less than 21,192387,97557,94830,186629,96989,89640,5617,535,5082,69,9,60,59,22,37,13,2,11,0,0,0
32,589,District - Kannur (02),Total,All ages,2523003,1181446,1341557,1070482,598595,471887,1255774,567594,688180,177576,11924,165652,15430,2714,12716,3741,619,3122,0,0,0
32,589,District - Kannur (02),Total,0-9,386423,196038,190385,386423,196038,190385,0,0,0,0,0,0,0,0,0,0,0,0,0,0,0
32,589,District - Kannur (02),Total,10-14,207988,106226,101762,205308,105489,99819,2428,673,1755,183,35,148,58,26,32,11,3,8,0,0,0
32,589,District - Kannur (02),Total,15-19,195500,99226,96274,183378,97900,85478,11843,1254,10589,178,36,142,92,35,57,9,1,8,0,0,0
32,589,District - Kannur (02),Total,20-24,199663,94983,104680,130629,88712,41917,68369,6180,62189,341,50,291,259,38,221,65,3,62,0,0,0
32,589,District - Kannur (02),Total,25-29,197603,86704,110899,72685,59758,12927,123115,26761,96354,775,76,699,716,88,628,312,21,291,0,0,0
32,589,District - Kannur (02),Total,30-34,195261,85303,109958,33450,26462,6988,158420,58435,99985,1635,138,1497,1328,198,1130,428,70,358,0,0,0
32,589,District - Kannur (02),Total,35-39,194385,84138,110247,15613,9394,6219,172968,74083,98885,3404,264,3140,1914,305,1609,486,92,394,0,0,0
32,589,District - Kannur (02),Total,40-44,179536,80011,99525,9573,4125,5448,161098,75114,85984,6217,344,5873,2113,331,1782,535,97,438,0,0,0
32,589,District - Kannur (02),Total,45-49,172802,78840,93962,7881,2649,5232,151467,75265,76202,10556,470,10086,2401,366,2035,497,90,407,0,0,0
32,589,District - Kannur (02),Total,50-54,142427,66823,75604,5988,1652,4336,119398,64184,55214,14652,611,14041,2012,308,1704,377,68,309,0,0,0
32,589,District - Kannur (02),Total,55-59,129416,62516,66900,4923,1254,3669,102703,60056,42647,19803,843,18960,1678,311,1367,309,52,257,0,0,0
32,589,District - Kannur (02),Total,60-64,108136,51107,57029,4072,1029,3043,76078,48584,27494,26525,1191,25334,1230,267,963,231,36,195,0,0,0
32,589,District - Kannur (02),Total,65-69,73238,32424,40814,2437,679,1758,45466,30272,15194,24519,1303,23216,671,145,526,145,25,120,0,0,0
32,589,District - Kannur (02),Total,70-74,55799,24181,31618,1819,505,1314,29781,21942,7839,23628,1583,22045,462,133,329,109,18,91,0,0,0
32,589,District - Kannur (02),Total,75-79,38295,15248,23047,1155,277,878,17227,13224,4003,19533,1645,17888,287,87,200,93,15,78,0,0,0
32,589,District - Kannur (02),Total,80+,40770,14743,26027,1247,401,846,13839,10945,2894,25377,3305,22072,184,67,117,123,25,98,0,0,0
32,589,District - Kannur (02),Total,Age not stated,5761,2935,2826,3901,2271,1630,1574,622,952,250,30,220,25,9,16,11,3,8,0,0,0
32,589,District - Kannur (02),Total,Less than 18,712556,362239,350317,706090,360802,345288,6025,1331,4694,309,55,254,116,47,69,16,4,12,0,0,0
32,589,District - Kannur (02),Total,Less than 21,831904,422440,409464,807851,419504,388347,23436,2779,20657,406,81,325,180,72,108,31,4,27,0,0,0
32,589,District - Kannur (02),Rural,All ages,882017,425682,456335,369435,209655,159780,447246,209494,237752,57298,5050,52248,6825,1284,5541,1213,199,1014,0,0,0
32,589,District - Kannur (02),Rural,0-9,134477,68216,66261,134477,68216,66261,0,0,0,0,0,0,0,0,0,0,0,0,0,0,0
32,589,District - Kannur (02),Rural,10-14,74554,38207,36347,73656,37936,35720,813,245,568,68,17,51,16,8,8,1,1,0,0,0,0
32,589,District - Kannur (02),Rural,15-19,68356,34990,33366,64315,34545,29770,3948,418,3530,62,14,48,29,12,17,2,1,1,0,0,0
32,589,District - Kannur (02),Rural,20-24,68881,34344,34537,45736,31803,13933,22916,2505,20411,113,19,94,103,15,88,13,2,11,0,0,0
32,589,District - Kannur (02),Rural,25-29,70857,33185,37672,26726,22097,4629,43431,11007,32424,297,35,262,306,40,266,97,6,91,0,0,0
32,589,District - Kannur (02),Rural,30-34,68587,31770,36817,10807,8679,2128,56398,22907,33491,634,57,577,604,100,504,144,27,117,0,0,0
32,589,District - Kannur (02),Rural,35-39,68951,31383,37568,4178,2601,1577,62415,28480,33935,1317,128,1189,888,149,739,153,25,128,0,0,0
32,589,District - Kannur (02),Rural,40-44,63850,29983,33867,2270,1019,1251,58236,28618,29618,2207,149,2058,958,164,794,179,33,146,0,0,0
32,589,District - Kannur (02),Rural,45-49,61167,28951,32216,1606,642,964,54645,27923,26722,3657,172,3485,1100,186,914,159,28,131,0,0,0
32,589,District - Kannur (02),Rural,50-54,50694,24680,26014,1194,407,787,43585,23856,19729,4920,256,4664,879,138,741,116,23,93,0,0,0
32,589,District - Kannur (02),Rural,55-59,44490,22161,22329,1029,304,725,36265,21333,14932,6321,363,5958,767,146,621,108,15,93,0,0,0
32,589,District - Kannur (02),Rural,60-64,34671,16716,17955,828,270,558,25445,15866,9579,7831,448,7383,510,122,388,57,10,47,0,0,0
32,589,District - Kannur (02),Rural,65-69,24000,10734,13266,501,155,346,15900,9999,5901,7261,496,6765,293,75,218,45,9,36,0,0,0
32,589,District - Kannur (02),Rural,70-74,17949,7902,10047,325,106,219,10345,7118,3227,7062,614,6448,179,62,117,38,2,36,0,0,0
32,589,District - Kannur (02),Rural,75-79,13174,5365,7809,219,57,162,6557,4592,1965,6244,670,5574,117,41,76,37,5,32,0,0,0
32,589,District - Kannur (02),Rural,80+,15502,6159,9343,257,90,167,5882,4432,1450,9235,1603,7632,69,23,46,59,11,48,0,0,0
32,589,District - Kannur (02),Rural,Age not stated,1857,936,921,1311,728,583,465,195,270,69,9,60,7,3,4,5,1,4,0,0,0
32,589,District - Kannur (02),Rural,Less than 18,251202,127660,123542,249004,127159,121845,2050,461,1589,114,25,89,32,13,19,2,2,0,0,0,0
32,589,District - Kannur (02),Rural,Less than 21,291622,148828,142794,283576,147798,135778,7840,969,6871,143,33,110,58,26,32,5,2,3,0,0,0
32,589,District - Kannur (02),Urban,All ages,1640986,755764,885222,701047,388940,312107,808528,358100,450428,120278,6874,113404,8605,1430,7175,2528,420,2108,0,0,0
32,589,District - Kannur (02),Urban,0-9,251946,127822,124124,251946,127822,124124,0,0,0,0,0,0,0,0,0,0,0,0,0,0,0
32,589,District - Kannur (02),Urban,10-14,133434,68019,65415,131652,67553,64099,1615,428,1187,115,18,97,42,18,24,10,2,8,0,0,0
32,589,District - Kannur (02),Urban,15-19,127144,64236,62908,119063,63355,55708,7895,836,7059,116,22,94,63,23,40,7,0,7,0,0,0
32,589,District - Kannur (02),Urban,20-24,130782,60639,70143,84893,56909,27984,45453,3675,41778,228,31,197,156,23,133,52,1,51,0,0,0
32,589,District - Kannur (02),Urban,25-29,126746,53519,73227,45959,37661,8298,79684,15754,63930,478,41,437,410,48,362,215,15,200,0,0,0
32,589,District - Kannur (02),Urban,30-34,126674,53533,73141,22643,17783,4860,102022,35528,66494,1001,81,920,724,98,626,284,43,241,0,0,0
32,589,District - Kannur (02),Urban,35-39,125434,52755,72679,11435,6793,4642,110553,45603,64950,2087,136,1951,1026,156,870,333,67,266,0,0,0
32,589,District - Kannur (02),Urban,40-44,115686,50028,65658,7303,3106,4197,102862,46496,56366,4010,195,3815,1155,167,988,356,64,292,0,0,0
32,589,District - Kannur (02),Urban,45-49,111635,49889,61746,6275,2007,4268,96822,47342,49480,6899,298,6601,1301,180,1121,338,62,276,0,0,0
32,589,District - Kannur (02),Urban,50-54,91733,42143,49590,4794,1245,3549,75813,40328,35485,9732,355,9377,1133,170,963,261,45,216,0,0,0
32,589,District - Kannur (02),Urban,55-59,84926,40355,44571,3894,950,2944,66438,38723,27715,13482,480,13002,911,165,746,201,37,164,0,0,0
32,589,District - Kannur (02),Urban,60-64,73465,34391,39074,3244,759,2485,50633,32718,17915,18694,743,17951,720,145,575,174,26,148,0,0,0
32,589,District - Kannur (02),Urban,65-69,49238,21690,27548,1936,524,1412,29566,20273,9293,17258,807,16451,378,70,308,100,16,84,0,0,0
32,589,District - Kannur (02),Urban,70-74,37850,16279,21571,1494,399,1095,19436,14824,4612,16566,969,15597,283,71,212,71,16,55,0,0,0
32,589,District - Kannur (02),Urban,75-79,25121,9883,15238,936,220,716,10670,8632,2038,13289,975,12314,170,46,124,56,10,46,0,0,0
32,589,District - Kannur (02),Urban,80+,25268,8584,16684,990,311,679,7957,6513,1444,16142,1702,14440,115,44,71,64,14,50,0,0,0
32,589,District - Kannur (02),Urban,Age not stated,3904,1999,1905,2590,1543,1047,1109,427,682,181,21,160,18,6,12,6,2,4,0,0,0
32,589,District - Kannur (02),Urban,Less than 18,461354,234579,226775,457086,233643,223443,3975,870,3105,195,30,165,84,34,50,14,2,12,0,0,0
32,589,District - Kannur (02),Urban,Less than 21,540282,273612,266670,524275,271706,252569,15596,1810,13786,263,48,215,122,46,76,26,2,24,0,0,0
32,590,District - Wayanad (03),Total,All ages,817420,401684,415736,348628,194022,154606,413664,200818,212846,45926,4994,40932,7928,1633,6295,1274,217,1057,0,0,0
32,590,District - Wayanad (03),Total,0-9,134828,68718,66110,134828,68718,66110,0,0,0,0,0,0,0,0,0,0,0,0,0,0,0
32,590,District - Wayanad (03),Total,10-14,77418,39481,37937,76631,39227,37404,724,237,487,30,5,25,28,10,18,5,2,3,0,0,0
32,590,District - Wayanad (03),Total,15-19,63919,32424,31495,59339,31953,27386,4483,448,4035,41,12,29,48,10,38,8,1,7,0,0,0
32,590,District - Wayanad (03),Total,20-24,66417,31936,34481,41384,27957,13427,24591,3921,20670,154,17,137,258,38,220,30,3,27,0,0,0
32,590,District - Wayanad (03),Total,25-29,70224,33366,36858,21257,17087,4170,47685,16067,31618,429,64,365,725,133,592,128,15,113,0,0,0
32,590,District - Wayanad (03),Total,30-34,65644,31334,34310,6953,5180,1773,56661,25825,30836,798,100,698,1032,196,836,200,33,167,0,0,0
32,590,District - Wayanad (03),Total,35-39,67856,32250,35606,2856,1538,1318,61979,30257,31722,1501,165,1336,1310,244,1066,210,46,164,0,0,0
32,590,District - Wayanad (03),Total,40-44,57693,28496,29197,1434,679,755,52843,27373,25470,2127,203,1924,1112,211,901,177,30,147,0,0,0
32,590,District - Wayanad (03),Total,45-49,55397,27117,28280,967,406,561,49694,26221,23473,3408,254,3154,1150,210,940,178,26,152,0,0,0
32,590,District - Wayanad (03),Total,50-54,42987,21742,21245,661,264,397,37311,20985,16326,4096,277,3819,789,188,601,130,28,102,0,0,0
32,590,District - Wayanad (03),Total,55-59,36277,18451,17826,565,224,341,29983,17696,12287,5108,390,4718,544,125,419,77,16,61,0,0,0
32,590,District - Wayanad (03),Total,60-64,28307,14181,14126,459,171,288,20824,13316,7508,6535,591,5944,435,96,339,54,7,47,0,0,0
32,590,District - Wayanad (03),Total,65-69,19045,8801,10244,307,115,192,12201,8003,4198,6262,603,5659,244,76,168,31,4,27,0,0,0
32,590,District - Wayanad (03),Total,70-74,12686,5737,6949,247,102,145,7059,4927,2132,5246,663,4583,120,40,80,14,5,9,0,0,0
32,590,District - Wayanad (03),Total,75-79,8542,3524,5018,125,49,76,4136,2910,1226,4192,531,3661,71,33,38,18,1,17,0,0,0
32,590,District - Wayanad (03),Total,80+,9482,3741,5741,170,80,90,3275,2528,747,5969,1113,4856,55,20,35,13,0,13,0,0,0
32,590,District - Wayanad (03),Total,Age not stated,698,385,313,445,272,173,215,104,111,30,6,24,7,3,4,1,0,1,0,0,0
32,590,District - Wayanad (03),Total,Less than 18,251037,128020,123017,248962,127517,121445,1970,473,1497,58,13,45,41,15,26,6,2,4,0,0,0
32,590,District - Wayanad (03),Total,Less than 21,290436,147585,142851,281309,146439,134870,8892,1098,7794,96,17,79,120,28,92,19,3,16,0,0,0
32,590,District - Wayanad (03),Rural,All ages,785840,386283,399557,335260,186703,148557,397556,192962,204594,44208,4836,39372,7624,1578,6046,1192,204,988,0,0,0
32,590,District - Wayanad (03),Rural,0-9,129610,66073,63537,129610,66073,63537,0,0,0,0,0,0,0,0,0,0,0,0,0,0,0
32,590,District - Wayanad (03),Rural,10-14,74468,38044,36424,73717,37801,35916,688,226,462,30,5,25,28,10,18,5,2,3,0,0,0
32,590,District - Wayanad (03),Rural,15-19,61480,31186,30294,57074,30729,26345,4310,434,3876,41,12,29,47,10,37,8,1,7,0,0,0
32,590,District - Wayanad (03),Rural,20-24,63802,30722,33080,39768,26891,12877,23608,3774,19834,148,16,132,250,38,212,28,3,25,0,0,0
32,590,District - Wayanad (03),Rural,25-29,67639,32134,35505,20507,16485,4022,45893,15444,30449,417,64,353,703,130,573,119,11,108,0,0,0
32,590,District - Wayanad (03),Rural,30-34,63056,30153,32903,6692,4988,1704,54412,24849,29563,771,98,673,995,186,809,186,32,154,0,0,0
32,590,District - Wayanad (03),Rural,35-39,65154,31007,34147,2737,1466,1271,59500,29097,30403,1462,162,1300,1265,238,1027,190,44,146,0,0,0
32,590,District - Wayanad (03),Rural,40-44,55323,27310,28013,1380,656,724,50673,26229,24444,2038,193,1845,1065,204,861,167,28,139,0,0,0
32,590,District - Wayanad (03),Rural,45-49,53099,25982,27117,932,395,537,47614,25114,22500,3290,246,3044,1097,205,892,166,22,144,0,0,0
32,590,District - Wayanad (03),Rural,50-54,41320,20890,20430,631,249,382,35877,20157,15720,3935,275,3660,753,181,572,124,28,96,0,0,0
32,590,District - Wayanad (03),Rural,55-59,34796,17676,17120,531,212,319,28802,16954,11848,4869,377,4492,522,117,405,72,16,56,0,0,0
32,590,District - Wayanad (03),Rural,60-64,27267,13633,13634,434,163,271,20102,12803,7299,6264,566,5698,415,94,321,52,7,45,0,0,0
32,590,District - Wayanad (03),Rural,65-69,18346,8470,9876,293,110,183,11774,7701,4073,6012,583,5429,237,72,165,30,4,26,0,0,0
32,590,District - Wayanad (03),Rural,70-74,12283,5566,6717,238,98,140,6865,4789,2076,5049,635,4414,117,39,78,14,5,9,0,0,0
32,590,District - Wayanad (03),Rural,75-79,8293,3425,4868,118,46,72,4039,2832,1207,4048,514,3534,70,32,38,18,1,17,0,0,0
32,590,District - Wayanad (03),Rural,80+,9230,3643,5587,164,77,87,3197,2463,734,5804,1084,4720,53,19,34,12,0,12,0,0,0
32,590,District - Wayanad (03),Rural,Age not stated,674,369,305,434,264,170,202,96,106,30,6,24,7,3,4,1,0,1,0,0,0
32,590,District - Wayanad (03),Rural,Less than 18,241392,123215,118177,239410,122730,116680,1878,455,1423,58,13,45,40,15,25,6,2,4,0,0,0
32,590,District - Wayanad (03),Rural,Less than 21,279246,141974,137272,270482,140870,129612,8533,1056,7477,95,17,78,117,28,89,19,3,16,0,0,0
32,590,District - Wayanad (03),Urban,All ages,31580,15401,16179,13368,7319,6049,16108,7856,8252,1718,158,1560,304,55,249,82,13,69,0,0,0
32,590,District - Wayanad (03),Urban,0-9,5218,2645,2573,5218,2645,2573,0,0,0,0,0,0,0,0,0,0,0,0,0,0,0
32,590,District - Wayanad (03),Urban,10-14,2950,1437,1513,2914,1426,1488,36,11,25,0,0,0,0,0,0,0,0,0,0,0,0
32,590,District - Wayanad (03),Urban,15-19,2439,1238,1201,2265,1224,1041,173,14,159,0,0,0,1,0,1,0,0,0,0,0,0
32,590,District - Wayanad (03),Urban,20-24,2615,1214,1401,1616,1066,550,983,147,836,6,1,5,8,0,8,2,0,2,0,0,0
32,590,District - Wayanad (03),Urban,25-29,2585,1232,1353,750,602,148,1792,623,1169,12,0,12,22,3,19,9,4,5,0,0,0
32,590,District - Wayanad (03),Urban,30-34,2588,1181,1407,261,192,69,2249,976,1273,27,2,25,37,10,27,14,1,13,0,0,0
32,590,District - Wayanad (03),Urban,35-39,2702,1243,1459,119,72,47,2479,1160,1319,39,3,36,45,6,39,20,2,18,0,0,0
32,590,District - Wayanad (03),Urban,40-44,2370,1186,1184,54,23,31,2170,1144,1026,89,10,79,47,7,40,10,2,8,0,0,0
32,590,District - Wayanad (03),Urban,45-49,2298,1135,1163,35,11,24,2080,1107,973,118,8,110,53,5,48,12,4,8,0,0,0
32,590,District - Wayanad (03),Urban,50-54,1667,852,815,30,15,15,1434,828,606,161,2,159,36,7,29,6,0,6,0,0,0
32,590,District - Wayanad (03),Urban,55-59,1481,775,706,34,12,22,1181,742,439,239,13,226,22,8,14,5,0,5,0,0,0
32,590,District - Wayanad (03),Urban,60-64,1040,548,492,25,8,17,722,513,209,271,25,246,20,2,18,2,0,2,0,0,0
32,590,District - Wayanad (03),Urban,65-69,699,331,368,14,5,9,427,302,125,250,20,230,7,4,3,1,0,1,0,0,0
32,590,District - Wayanad (03),Urban,70-74,403,171,232,9,4,5,194,138,56,197,28,169,3,1,2,0,0,0,0,0,0
32,590,District - Wayanad (03),Urban,75-79,249,99,150,7,3,4,97,78,19,144,17,127,1,1,0,0,0,0,0,0,0
32,590,District - Wayanad (03),Urban,80+,252,98,154,6,3,3,78,65,13,165,29,136,2,1,1,1,0,1,0,0,0
32,590,District - Wayanad (03),Urban,Age not stated,24,16,8,11,8,3,13,8,5,0,0,0,0,0,0,0,0,0,0,0,0
32,590,District - Wayanad (03),Urban,Less than 18,9645,4805,4840,9552,4787,4765,92,18,74,0,0,0,1,0,1,0,0,0,0,0,0
32,590,District - Wayanad (03),Urban,Less than 21,11190,5611,5579,10827,5569,5258,359,42,317,1,0,1,3,0,3,0,0,0,0,0,0
32,591,District - Kozhikode (04),Total,All ages,3086293,1470942,1615351,1277565,719041,558524,1589769,734869,854900,195832,13103,182729,16633,2954,13679,6494,975,5519,0,0,0
32,591,District - Kozhikode (04),Total,0-9,483585,245930,237655,483585,245930,237655,0,0,0,0,0,0,0,0,0,0,0,0,0,0,0
32,591,District - Kozhikode (04),Total,10-14,266107,136111,129996,263305,135391,127914,2590,634,1956,80,18,62,122,66,56,10,2,8,0,0,0
32,591,District - Kozhikode (04),Total,15-19,245547,125167,120380,227732,123600,104132,17502,1505,15997,170,16,154,123,44,79,20,2,18,0,0,0
32,591,District - Kozhikode (04),Total,20-24,246515,116838,129677,152869,107967,44902,92610,8775,83835,401,35,366,437,56,381,198,5,193,0,0,0
32,591,District - Kozhikode (04),Total,25-29,245890,109469,136421,76742,64914,11828,166561,44243,122318,989,95,894,1051,155,896,547,62,485,0,0,0
32,591,District - Kozhikode (04),Total,30-34,234874,104571,130303,27625,22624,5001,202933,81344,121589,1876,180,1696,1628,309,1319,812,114,698,0,0,0
32,591,District - Kozhikode (04),Total,35-39,242221,106829,135392,12191,7852,4339,222807,98162,124645,3922,238,3684,2297,403,1894,1004,174,830,0,0,0
32,591,District - Kozhikode (04),Total,40-44,222484,102379,120105,7424,3450,3974,204601,97950,106651,7034,352,6682,2446,443,2003,979,184,795,0,0,0
32,591,District - Kozhikode (04),Total,45-49,210002,98203,111799,6046,2109,3937,188688,95055,93633,11938,510,11428,2480,396,2084,850,133,717,0,0,0
32,591,District - Kozhikode (04),Total,50-54,170780,82899,87881,5000,1213,3787,146740,80704,66036,16419,621,15798,1937,263,1674,684,98,586,0,0,0
32,591,District - Kozhikode (04),Total,55-59,154449,77249,77200,4194,891,3303,126180,75137,51043,21960,885,21075,1595,263,1332,520,73,447,0,0,0
32,591,District - Kozhikode (04),Total,60-64,127863,63245,64618,3469,726,2743,93741,60903,32838,29176,1345,27831,1106,217,889,371,54,317,0,0,0
32,591,District - Kozhikode (04),Total,65-69,86813,39360,47453,2164,499,1665,55417,37235,18182,28398,1480,26918,630,119,511,204,27,177,0,0,0
32,591,District - Kozhikode (04),Total,70-74,60549,27251,33298,1479,340,1139,33364,24984,8380,25209,1809,23400,369,96,273,128,22,106,0,0,0
32,591,District - Kozhikode (04),Total,75-79,41629,17021,24608,1027,235,792,19407,14958,4449,20907,1763,19144,208,55,153,80,10,70,0,0,0
32,591,District - Kozhikode (04),Total,80+,44026,16860,27166,1255,401,854,15347,12652,2695,27154,3732,23422,189,62,127,81,13,68,0,0,0
32,591,District - Kozhikode (04),Total,Age not stated,2959,1560,1399,1458,899,559,1281,628,653,199,24,175,15,7,8,6,2,4,0,0,0
32,591,District - Kozhikode (04),Total,Less than 18,897100,457496,439604,889384,455922,433462,7312,1448,5864,209,29,180,182,94,88,13,3,10,0,0,0
32,591,District - Kozhikode (04),Total,Less than 21,1047417,532982,514435,1013432,529686,483746,33307,3129,30178,314,39,275,303,122,181,61,6,55,0,0,0
32,591,District - Kozhikode (04),Rural,All ages,1013721,484784,528937,420288,238429,181859,523329,240666,282663,61391,4379,57012,6441,1001,5440,2272,309,1963,0,0,0
32,591,District - Kozhikode (04),Rural,0-9,164509,83771,80738,164509,83771,80738,0,0,0,0,0,0,0,0,0,0,0,0,0,0,0
32,591,District - Kozhikode (04),Rural,10-14,89460,45746,43714,88464,45483,42981,935,241,694,22,3,19,37,18,19,2,1,1,0,0,0
32,591,District - Kozhikode (04),Rural,15-19,82117,42037,40080,75331,41468,33863,6687,551,6136,51,4,47,42,14,28,6,0,6,0,0,0
32,591,District - Kozhikode (04),Rural,20-24,81059,38966,42093,48991,35830,13161,31673,3103,28570,158,14,144,156,16,140,81,3,78,0,0,0
32,591,District - Kozhikode (04),Rural,25-29,80920,36261,44659,23924,20413,3511,56095,15739,40356,346,41,305,369,48,321,186,20,166,0,0,0
32,591,District - Kozhikode (04),Rural,30-34,76750,34100,42650,8215,6650,1565,67027,27244,39783,633,72,561,615,100,515,260,34,226,0,0,0
32,591,District - Kozhikode (04),Rural,35-39,78717,34467,44250,3257,2062,1195,72856,32105,40751,1337,90,1247,906,144,762,361,66,295,0,0,0
32,591,District - Kozhikode (04),Rural,40-44,71506,32582,38924,1808,862,946,66156,31418,34738,2311,122,2189,906,129,777,325,51,274,0,0,0
32,591,District - Kozhikode (04),Rural,45-49,67758,31392,36366,1324,503,821,61303,30540,30763,3825,171,3654,997,137,860,309,41,268,0,0,0
32,591,District - Kozhikode (04),Rural,50-54,54915,27069,27846,1084,313,771,47661,26432,21229,5108,188,4920,804,102,702,258,34,224,0,0,0
32,591,District - Kozhikode (04),Rural,55-59,49704,25111,24593,872,223,649,41201,24485,16716,6801,280,6521,632,100,532,198,23,175,0,0,0
32,591,District - Kozhikode (04),Rural,60-64,39254,19533,19721,656,161,495,29411,18868,10543,8628,413,8215,432,76,356,127,15,112,0,0,0
32,591,District - Kozhikode (04),Rural,65-69,27708,12516,15192,512,131,381,18268,11907,6361,8610,434,8176,256,35,221,62,9,53,0,0,0
32,591,District - Kozhikode (04),Rural,70-74,19153,8752,10401,332,98,234,11037,8025,3012,7611,587,7024,128,36,92,45,6,39,0,0,0
32,591,District - Kozhikode (04),Rural,75-79,13806,5709,8097,219,54,165,6751,5033,1718,6721,600,6121,82,18,64,33,4,29,0,0,0
32,591,District - Kozhikode (04),Rural,80+,15432,6288,9144,321,111,210,5858,4802,1056,9161,1347,7814,74,26,48,18,2,16,0,0,0
32,591,District - Kozhikode (04),Rural,Age not stated,953,484,469,469,296,173,410,173,237,68,13,55,5,2,3,1,0,1,0,0,0
32,591,District - Kozhikode (04),Rural,Less than 18,303061,154660,148401,300263,154089,146174,2678,535,2143,59,6,53,58,29,29,3,1,2,0,0,0
32,591,District - Kozhikode (04),Rural,Less than 21,353301,180301,173000,340758,179117,161641,12322,1135,11187,100,10,90,99,36,63,22,3,19,0,0,0
32,591,District - Kozhikode (04),Urban,All ages,2072572,986158,1086414,857277,480612,376665,1066440,494203,572237,134441,8724,125717,10192,1953,8239,4222,666,3556,0,0,0
32,591,District - Kozhikode (04),Urban,0-9,319076,162159,156917,319076,162159,156917,0,0,0,0,0,0,0,0,0,0,0,0,0,0,0
32,591,District - Kozhikode (04),Urban,10-14,176647,90365,86282,174841,89908,84933,1655,393,1262,58,15,43,85,48,37,8,1,7,0,0,0
32,591,District - Kozhikode (04),Urban,15-19,163430,83130,80300,152401,82132,70269,10815,954,9861,119,12,107,81,30,51,14,2,12,0,0,0
32,591,District - Kozhikode (04),Urban,20-24,165456,77872,87584,103878,72137,31741,60937,5672,55265,243,21,222,281,40,241,117,2,115,0,0,0
32,591,District - Kozhikode (04),Urban,25-29,164970,73208,91762,52818,44501,8317,110466,28504,81962,643,54,589,682,107,575,361,42,319,0,0,0
32,591,District - Kozhikode (04),Urban,30-34,158124,70471,87653,19410,15974,3436,135906,54100,81806,1243,108,1135,1013,209,804,552,80,472,0,0,0
32,591,District - Kozhikode (04),Urban,35-39,163504,72362,91142,8934,5790,3144,149951,66057,83894,2585,148,2437,1391,259,1132,643,108,535,0,0,0
32,591,District - Kozhikode (04),Urban,40-44,150978,69797,81181,5616,2588,3028,138445,66532,71913,4723,230,4493,1540,314,1226,654,133,521,0,0,0
32,591,District - Kozhikode (04),Urban,45-49,142244,66811,75433,4722,1606,3116,127385,64515,62870,8113,339,7774,1483,259,1224,541,92,449,0,0,0
32,591,District - Kozhikode (04),Urban,50-54,115865,55830,60035,3916,900,3016,99079,54272,44807,11311,433,10878,1133,161,972,426,64,362,0,0,0
32,591,District - Kozhikode (04),Urban,55-59,104745,52138,52607,3322,668,2654,84979,50652,34327,15159,605,14554,963,163,800,322,50,272,0,0,0
32,591,District - Kozhikode (04),Urban,60-64,88609,43712,44897,2813,565,2248,64330,42035,22295,20548,932,19616,674,141,533,244,39,205,0,0,0
32,591,District - Kozhikode (04),Urban,65-69,59105,26844,32261,1652,368,1284,37149,25328,11821,19788,1046,18742,374,84,290,142,18,124,0,0,0
32,591,District - Kozhikode (04),Urban,70-74,41396,18499,22897,1147,242,905,22327,16959,5368,17598,1222,16376,241,60,181,83,16,67,0,0,0
32,591,District - Kozhikode (04),Urban,75-79,27823,11312,16511,808,181,627,12656,9925,2731,14186,1163,13023,126,37,89,47,6,41,0,0,0
32,591,District - Kozhikode (04),Urban,80+,28594,10572,18022,934,290,644,9489,7850,1639,17993,2385,15608,115,36,79,63,11,52,0,0,0
32,591,District - Kozhikode (04),Urban,Age not stated,2006,1076,930,989,603,386,871,455,416,131,11,120,10,5,5,5,2,3,0,0,0
32,591,District - Kozhikode (04),Urban,Less than 18,594039,302836,291203,589121,301833,287288,4634,913,3721,150,23,127,124,65,59,10,2,8,0,0,0
32,591,District - Kozhikode (04),Urban,Less than 21,694116,352681,341435,672674,350569,322105,20985,1994,18991,214,29,185,204,86,118,39,3,36,0,0,0
32,592,District - Malappuram (05),Total,All ages,4112920,1960328,2152592,1941245,1090606,850639,1927029,852722,1074307,203611,12698,190913,26836,3105,23731,14199,1197,13002,0,0,0
32,592,District - Malappuram (05),Total,0-9,817460,416329,401131,817460,416329,401131,0,0,0,0,0,0,0,0,0,0,0,0,0,0,0
32,592,District - Malappuram (05),Total,10-14,424031,216411,207620,419124,215119,204005,4606,1186,3420,125,23,102,155,73,82,21,10,11,0,0,0
32,592,District - Malappuram (05),Total,15-19,393009,198452,194557,342109,195577,146532,50194,2756,47438,245,43,202,302,67,235,159,9,150,0,0,0
32,592,District - Malappuram (05),Total,20-24,406877,194357,212520,223446,171882,51564,180599,22246,158353,769,83,686,1222,115,1107,841,31,810,0,0,0
32,592,District - Malappuram (05),Total,25-29,364628,164498,200130,86976,68803,18173,271584,95122,176462,1638,137,1501,2617,294,2323,1813,142,1671,0,0,0
32,592,District - Malappuram (05),Total,30-34,300552,132859,167693,21387,12895,8492,270591,119171,151420,3065,233,2832,3462,379,3083,2047,181,1866,0,0,0
32,592,District - Malappuram (05),Total,35-39,281541,121166,160375,8929,3654,5275,260443,116620,143823,5773,282,5491,4212,421,3791,2184,189,1995,0,0,0
32,592,District - Malappuram (05),Total,40-44,241469,106628,134841,5183,1655,3528,221486,104059,117427,9075,348,8727,3834,386,3448,1891,180,1711,0,0,0
32,592,District - Malappuram (05),Total,45-49,217799,98035,119764,3852,986,2866,194258,96165,98093,14393,429,13964,3591,350,3241,1705,105,1600,0,0,0
32,592,District - Malappuram (05),Total,50-54,172496,82690,89806,3007,636,2371,147352,81081,66271,18452,575,17877,2484,294,2190,1201,104,1097,0,0,0
32,592,District - Malappuram (05),Total,55-59,148036,73341,74695,2351,552,1799,120550,71772,48778,22469,755,21714,1820,197,1623,846,65,781,0,0,0
32,592,District - Malappuram (05),Total,60-64,124191,60432,63759,1966,451,1515,89674,58459,31215,30511,1260,29251,1390,182,1208,650,80,570,0,0,0
32,592,District - Malappuram (05),Total,65-69,87856,39659,48197,1339,355,984,55161,37590,17571,30147,1537,28610,813,135,678,396,42,354,0,0,0
32,592,District - Malappuram (05),Total,70-74,57916,25771,32145,885,219,666,31080,23521,7559,25314,1907,23407,435,97,338,202,27,175,0,0,0
32,592,District - Malappuram (05),Total,75-79,36779,15070,21709,614,165,449,16526,12959,3567,19260,1880,17380,257,52,205,122,14,108,0,0,0
32,592,District - Malappuram (05),Total,80+,35037,13043,21994,848,315,533,11665,9465,2200,22197,3189,19008,218,56,162,109,18,91,0,0,0
32,592,District - Malappuram (05),Total,Age not stated,3243,1587,1656,1769,1013,756,1260,550,710,178,17,161,24,7,17,12,0,12,0,0,0
32,592,District - Malappuram (05),Total,Less than 18,1474149,751203,722946,1454807,748458,706349,18745,2572,16173,266,48,218,278,111,167,53,14,39,0,0,0
32,592,District - Malappuram (05),Total,Less than 21,1722495,874364,848131,1636180,868136,768044,84936,5976,78960,494,79,415,603,153,450,282,20,262,0,0,0
32,592,District - Malappuram (05),Rural,All ages,2295709,1095308,1200401,1082634,606613,476021,1074226,479152,595074,114206,7121,107085,16671,1785,14886,7972,637,7335,0,0,0
32,592,District - Malappuram (05),Rural,0-9,456082,232161,223921,456082,232161,223921,0,0,0,0,0,0,0,0,0,0,0,0,0,0,0
32,592,District - Malappuram (05),Rural,10-14,239151,121917,117234,236528,121204,115324,2458,652,1806,60,11,49,94,44,50,11,6,5,0,0,0
32,592,District - Malappuram (05),Rural,15-19,216968,109506,107462,186417,107965,78452,30121,1470,28651,139,28,111,185,38,147,106,5,101,0,0,0
32,592,District - Malappuram (05),Rural,20-24,224543,107212,117331,123229,94641,28588,99709,12443,87266,449,48,401,709,63,646,447,17,430,0,0,0
32,592,District - Malappuram (05),Rural,25-29,204112,92356,111756,49437,38158,11279,151185,53896,97289,985,68,917,1535,158,1377,970,76,894,0,0,0
32,592,District - Malappuram (05),Rural,30-34,167871,74180,93691,12484,6949,5535,150292,66799,83493,1822,126,1696,2136,217,1919,1137,89,1048,0,0,0
32,592,District - Malappuram (05),Rural,35-39,158755,68673,90082,5340,1894,3446,146007,66275,79732,3486,162,3324,2688,240,2448,1234,102,1132,0,0,0
32,592,District - Malappuram (05),Rural,40-44,134940,59919,75021,3175,878,2297,122973,58566,64407,5322,177,5145,2412,209,2203,1058,89,969,0,0,0
32,592,District - Malappuram (05),Rural,45-49,122113,55438,66675,2379,564,1815,108121,54362,53759,8359,248,8111,2266,207,2059,988,57,931,0,0,0
32,592,District - Malappuram (05),Rural,50-54,95965,46116,49849,1850,369,1481,81487,45187,36300,10347,334,10013,1564,170,1394,717,56,661,0,0,0
32,592,District - Malappuram (05),Rural,55-59,82199,40567,41632,1356,313,1043,66659,39682,26977,12510,417,12093,1178,117,1061,496,38,458,0,0,0
32,592,District - Malappuram (05),Rural,60-64,68777,33487,35290,1109,251,858,49763,32384,17379,16686,698,15988,851,110,741,368,44,324,0,0,0
32,592,District - Malappuram (05),Rural,65-69,49360,22347,27013,763,209,554,31150,21149,10001,16751,884,15867,494,84,410,202,21,181,0,0,0
32,592,District - Malappuram (05),Rural,70-74,32335,14482,17853,513,127,386,17514,13205,4309,13948,1080,12868,259,54,205,101,16,85,0,0,0
32,592,District - Malappuram (05),Rural,75-79,20831,8602,12229,354,93,261,9469,7428,2041,10775,1034,9741,165,37,128,68,10,58,0,0,0
32,592,District - Malappuram (05),Rural,80+,19732,7361,12371,470,173,297,6613,5346,1267,12467,1799,10668,121,32,89,61,11,50,0,0,0
32,592,District - Malappuram (05),Rural,Age not stated,1975,984,991,1148,664,484,705,308,397,100,7,93,14,5,9,8,0,8,0,0,0
32,592,District - Malappuram (05),Rural,Less than 18,823901,419600,404301,812319,418138,394181,11247,1366,9881,129,23,106,170,64,106,36,9,27,0,0,0
32,592,District - Malappuram (05),Rural,Less than 21,960588,487368,473220,910359,484015,426344,49426,3207,46219,272,46,226,356,89,267,175,11,164,0,0,0
32,592,District - Malappuram (05),Urban,All ages,1817211,865020,952191,858611,483993,374618,852803,373570,479233,89405,5577,83828,10165,1320,8845,6227,560,5667,0,0,0
32,592,District - Malappuram (05),Urban,0-9,361378,184168,177210,361378,184168,177210,0,0,0,0,0,0,0,0,0,0,0,0,0,0,0
32,592,District - Malappuram (05),Urban,10-14,184880,94494,90386,182596,93915,88681,2148,534,1614,65,12,53,61,29,32,10,4,6,0,0,0
32,592,District - Malappuram (05),Urban,15-19,176041,88946,87095,155692,87612,68080,20073,1286,18787,106,15,91,117,29,88,53,4,49,0,0,0
32,592,District - Malappuram (05),Urban,20-24,182334,87145,95189,100217,77241,22976,80890,9803,71087,320,35,285,513,52,461,394,14,380,0,0,0
32,592,District - Malappuram (05),Urban,25-29,160516,72142,88374,37539,30645,6894,120399,41226,79173,653,69,584,1082,136,946,843,66,777,0,0,0
32,592,District - Malappuram (05),Urban,30-34,132681,58679,74002,8903,5946,2957,120299,52372,67927,1243,107,1136,1326,162,1164,910,92,818,0,0,0
32,592,District - Malappuram (05),Urban,35-39,122786,52493,70293,3589,1760,1829,114436,50345,64091,2287,120,2167,1524,181,1343,950,87,863,0,0,0
32,592,District - Malappuram (05),Urban,40-44,106529,46709,59820,2008,777,1231,98513,45493,53020,3753,171,3582,1422,177,1245,833,91,742,0,0,0
32,592,District - Malappuram (05),Urban,45-49,95686,42597,53089,1473,422,1051,86137,41803,44334,6034,181,5853,1325,143,1182,717,48,669,0,0,0
32,592,District - Malappuram (05),Urban,50-54,76531,36574,39957,1157,267,890,65865,35894,29971,8105,241,7864,920,124,796,484,48,436,0,0,0
32,592,District - Malappuram (05),Urban,55-59,65837,32774,33063,995,239,756,53891,32090,21801,9959,338,9621,642,80,562,350,27,323,0,0,0
32,592,District - Malappuram (05),Urban,60-64,55414,26945,28469,857,200,657,39911,26075,13836,13825,562,13263,539,72,467,282,36,246,0,0,0
32,592,District - Malappuram (05),Urban,65-69,38496,17312,21184,576,146,430,24011,16441,7570,13396,653,12743,319,51,268,194,21,173,0,0,0
32,592,District - Malappuram (05),Urban,70-74,25581,11289,14292,372,92,280,13566,10316,3250,11366,827,10539,176,43,133,101,11,90,0,0,0
32,592,District - Malappuram (05),Urban,75-79,15948,6468,9480,260,72,188,7057,5531,1526,8485,846,7639,92,15,77,54,4,50,0,0,0
32,592,District - Malappuram (05),Urban,80+,15305,5682,9623,378,142,236,5052,4119,933,9730,1390,8340,97,24,73,48,7,41,0,0,0
32,592,District - Malappuram (05),Urban,Age not stated,1268,603,665,621,349,272,555,242,313,78,10,68,10,2,8,4,0,4,0,0,0
32,592,District - Malappuram (05),Urban,Less than 18,650248,331603,318645,642488,330320,312168,7498,1206,6292,137,25,112,108,47,61,17,5,12,0,0,0
32,592,District - Malappuram (05),Urban,Less than 21,761907,386996,374911,725821,384121,341700,35510,2769,32741,222,33,189,247,64,183,107,9,98,0,0,0
32,593,District - Palakkad (06),Total,All ages,2809934,1359478,1450456,1181642,669115,512527,1408149,669447,738702,195652,16680,178972,19852,3517,16335,4639,719,3920,0,0,0
32,593,District - Palakkad (06),Total,0-9,434064,220779,213285,434064,220779,213285,0,0,0,0,0,0,0,0,0,0,0,0,0,0,0
32,593,District - Palakkad (06),Total,10-14,244128,123988,120140,241685,123412,118273,2265,513,1752,97,23,74,71,38,33,10,2,8,0,0,0
32,593,District - Palakkad (06),Total,15-19,228471,115748,112723,205440,114218,91222,22680,1476,21204,189,20,169,136,31,105,26,3,23,0,0,0
32,593,District - Palakkad (06),Total,20-24,246144,119819,126325,152484,108281,44203,92483,11449,81034,470,35,435,549,44,505,158,10,148,0,0,0
32,593,District - Palakkad (06),Total,25-29,242415,116092,126323,80514,65797,14717,158585,49968,108617,1322,117,1205,1567,173,1394,427,37,390,0,0,0
32,593,District - Palakkad (06),Total,30-34,211243,100653,110590,26235,19984,6251,179274,79940,99334,2702,260,2442,2379,377,2002,653,92,561,0,0,0
32,593,District - Palakkad (06),Total,35-39,217268,99958,117310,11317,6537,4780,196574,92419,104155,5352,359,4993,3224,512,2712,801,131,670,0,0,0
32,593,District - Palakkad (06),Total,40-44,188881,89633,99248,6539,2816,3723,170599,85694,84905,7979,484,7495,3075,522,2553,689,117,572,0,0,0
32,593,District - Palakkad (06),Total,45-49,185219,89055,96164,5405,1779,3626,163437,85952,77485,12862,703,12159,2895,521,2374,620,100,520,0,0,0
32,593,District - Palakkad (06),Total,50-54,145372,71048,74324,4277,1180,3097,123146,68547,54599,15564,852,14712,1951,384,1567,434,85,349,0,0,0
32,593,District - Palakkad (06),Total,55-59,130083,63772,66311,3363,861,2502,104954,61423,43531,20042,1171,18871,1439,272,1167,285,45,240,0,0,0
32,593,District - Palakkad (06),Total,60-64,113415,53287,60128,2935,729,2206,80666,50372,30294,28457,1915,26542,1136,241,895,221,30,191,0,0,0
32,593,District - Palakkad (06),Total,65-69,81894,37059,44835,1994,564,1430,51461,34175,17286,27635,2126,25509,662,163,499,142,31,111,0,0,0
32,593,District - Palakkad (06),Total,70-74,59901,26530,33371,1460,413,1047,31625,23531,8094,26349,2457,23892,385,108,277,82,21,61,0,0,0
32,593,District - Palakkad (06),Total,75-79,39364,16215,23149,964,277,687,17354,13529,3825,20785,2326,18459,212,73,139,49,10,39,0,0,0
32,593,District - Palakkad (06),Total,80+,38937,14287,24650,1045,358,687,12048,10070,1978,25650,3802,21848,156,53,103,38,4,34,0,0,0
32,593,District - Palakkad (06),Total,Age not stated,3135,1555,1580,1921,1130,791,998,389,609,197,30,167,15,5,10,4,1,3,0,0,0
32,593,District - Palakkad (06),Total,Less than 18,814176,414245,399931,804298,412853,391445,9502,1299,8203,231,36,195,129,54,75,16,3,13,0,0,0
32,593,District - Palakkad (06),Total,Less than 21,957557,485581,471976,917867,482228,435639,39010,3221,35789,365,49,316,261,78,183,54,5,49,0,0,0
32,593,District - Palakkad (06),Rural,All ages,2133124,1031466,1101658,901538,510558,390980,1063556,504839,558717,148819,12789,136030,15700,2780,12920,3511,500,3011,0,0,0
32,593,District - Palakkad (06),Rural,0-9,332415,168923,163492,332415,168923,163492,0,0,0,0,0,0,0,0,0,0,0,0,0,0,0
32,593,District - Palakkad (06),Rural,10-14,187475,95020,92455,185547,94561,90986,1773,401,1372,86,21,65,63,35,28,6,2,4,0,0,0
32,593,District - Palakkad (06),Rural,15-19,174381,88645,85736,156374,87422,68952,17727,1181,16546,147,16,131,112,24,88,21,2,19,0,0,0
32,593,District - Palakkad (06),Rural,20-24,187845,91589,96256,115459,82588,32871,71437,8926,62511,391,32,359,432,37,395,126,6,120,0,0,0
32,593,District - Palakkad (06),Rural,25-29,186254,89352,96902,61445,50253,11192,122198,38836,83362,1043,99,944,1242,136,1106,326,28,298,0,0,0
32,593,District - Palakkad (06),Rural,30-34,160568,76650,83918,19765,14957,4808,136313,61117,75196,2150,201,1949,1861,306,1555,479,69,410,0,0,0
32,593,District - Palakkad (06),Rural,35-39,164827,75667,89160,8379,4698,3681,149066,70180,78886,4202,291,3911,2579,411,2168,601,87,514,0,0,0
32,593,District - Palakkad (06),Rural,40-44,140962,66934,74028,4792,1969,2823,127027,64074,62953,6170,390,5780,2450,422,2028,523,79,444,0,0,0
32,593,District - Palakkad (06),Rural,45-49,139348,66776,72572,4005,1215,2790,122734,64543,58191,9868,546,9322,2278,403,1875,463,69,394,0,0,0
32,593,District - Palakkad (06),Rural,50-54,108171,52740,55431,3120,795,2325,91466,50932,40534,11764,674,11090,1498,283,1215,323,56,267,0,0,0
32,593,District - Palakkad (06),Rural,55-59,97019,47418,49601,2474,585,1889,78168,45714,32454,15032,879,14153,1139,212,927,206,28,178,0,0,0
32,593,District - Palakkad (06),Rural,60-64,85099,39805,45294,2170,520,1650,60277,37607,22670,21572,1466,20106,905,188,717,175,24,151,0,0,0
32,593,District - Palakkad (06),Rural,65-69,62022,27790,34232,1474,404,1070,38648,25590,13058,21246,1647,19599,539,128,411,115,21,94,0,0,0
32,593,District - Palakkad (06),Rural,70-74,45045,19835,25210,1046,280,766,23682,17583,6099,19953,1864,18089,297,92,205,67,16,51,0,0,0
32,593,District - Palakkad (06),Rural,75-79,29619,12227,17392,695,185,510,13101,10224,2877,15614,1754,13860,166,56,110,43,8,35,0,0,0
32,593,District - Palakkad (06),Rural,80+,29472,10803,18669,759,262,497,9132,7610,1522,19420,2884,16536,128,43,85,33,4,29,0,0,0
32,593,District - Palakkad (06),Rural,Age not stated,2602,1292,1310,1619,941,678,807,321,486,161,25,136,11,4,7,4,1,3,0,0,0
32,593,District - Palakkad (06),Rural,Less than 18,623742,317175,306567,615946,316062,299884,7478,1031,6447,191,31,160,115,48,67,12,3,9,0,0,0
32,593,District - Palakkad (06),Rural,Less than 21,733063,371742,361321,702231,369099,333132,30280,2532,27748,294,42,252,216,65,151,42,4,38,0,0,0
32,593,District - Palakkad (06),Urban,All ages,676810,328012,348798,280104,158557,121547,344593,164608,179985,46833,3891,42942,4152,737,3415,1128,219,909,0,0,0
32,593,District - Palakkad (06),Urban,0-9,101649,51856,49793,101649,51856,49793,0,0,0,0,0,0,0,0,0,0,0,0,0,0,0
32,593,District - Palakkad (06),Urban,10-14,56653,28968,27685,56138,28851,27287,492,112,380,11,2,9,8,3,5,4,0,4,0,0,0
32,593,District - Palakkad (06),Urban,15-19,54090,27103,26987,49066,26796,22270,4953,295,4658,42,4,38,24,7,17,5,1,4,0,0,0
32,593,District - Palakkad (06),Urban,20-24,58299,28230,30069,37025,25693,11332,21046,2523,18523,79,3,76,117,7,110,32,4,28,0,0,0
32,593,District - Palakkad (06),Urban,25-29,56161,26740,29421,19069,15544,3525,36387,11132,25255,279,18,261,325,37,288,101,9,92,0,0,0
32,593,District - Palakkad (06),Urban,30-34,50675,24003,26672,6470,5027,1443,42961,18823,24138,552,59,493,518,71,447,174,23,151,0,0,0
32,593,District - Palakkad (06),Urban,35-39,52441,24291,28150,2938,1839,1099,47508,22239,25269,1150,68,1082,645,101,544,200,44,156,0,0,0
32,593,District - Palakkad (06),Urban,40-44,47919,22699,25220,1747,847,900,43572,21620,21952,1809,94,1715,625,100,525,166,38,128,0,0,0
32,593,District - Palakkad (06),Urban,45-49,45871,22279,23592,1400,564,836,40703,21409,19294,2994,157,2837,617,118,499,157,31,126,0,0,0
32,593,District - Palakkad (06),Urban,50-54,37201,18308,18893,1157,385,772,31680,17615,14065,3800,178,3622,453,101,352,111,29,82,0,0,0
32,593,District - Palakkad (06),Urban,55-59,33064,16354,16710,889,276,613,26786,15709,11077,5010,292,4718,300,60,240,79,17,62,0,0,0
32,593,District - Palakkad (06),Urban,60-64,28316,13482,14834,765,209,556,20389,12765,7624,6885,449,6436,231,53,178,46,6,40,0,0,0
32,593,District - Palakkad (06),Urban,65-69,19872,9269,10603,520,160,360,12813,8585,4228,6389,479,5910,123,35,88,27,10,17,0,0,0
32,593,District - Palakkad (06),Urban,70-74,14856,6695,8161,414,133,281,7943,5948,1995,6396,593,5803,88,16,72,15,5,10,0,0,0
32,593,District - Palakkad (06),Urban,75-79,9745,3988,5757,269,92,177,4253,3305,948,5171,572,4599,46,17,29,6,2,4,0,0,0
32,593,District - Palakkad (06),Urban,80+,9465,3484,5981,286,96,190,2916,2460,456,6230,918,5312,28,10,18,5,0,5,0,0,0
32,593,District - Palakkad (06),Urban,Age not stated,533,263,270,302,189,113,191,68,123,36,5,31,4,1,3,0,0,0,0,0,0
32,593,District - Palakkad (06),Urban,Less than 18,190434,97070,93364,188352,96791,91561,2024,268,1756,40,5,35,14,6,8,4,0,4,0,0,0
32,593,District - Palakkad (06),Urban,Less than 21,224494,113839,110655,215636,113129,102507,8730,689,8041,71,7,64,45,13,32,12,1,11,0,0,0
32,594,District - Thrissur (07),Total,All ages,3121200,1480763,1640437,1260737,704323,556414,1612954,751925,861029,226237,19918,206319,17184,3738,13446,4088,859,3229,0,0,0
32,594,District - Thrissur (07),Total,0-9,437892,224272,213620,437892,224272,213620,0,0,0,0,0,0,0,0,0,0,0,0,0,0,0
32,594,District - Thrissur (07),Total,10-14,250700,127773,122927,248437,127170,121267,2110,551,1559,76,20,56,72,31,41,5,1,4,0,0,0
32,594,District - Thrissur (07),Total,15-19,239833,121875,117958,227662,120553,107109,11928,1269,10659,156,30,126,74,21,53,13,2,11,0,0,0
32,594,District - Thrissur (07),Total,20-24,239355,116293,123062,162479,109045,53434,76118,7160,68958,333,38,295,324,47,277,101,3,98,0,0,0
32,594,District - Thrissur (07),Total,25-29,226434,103198,123236,85290,71175,14115,138916,31764,107152,915,97,818,975,138,837,338,24,314,0,0,0
32,594,District - Thrissur (07),Total,30-34,217204,97933,119271,33527,26699,6828,179551,70631,108920,1974,174,1800,1653,328,1325,499,101,398,0,0,0
32,594,District - Thrissur (07),Total,35-39,242166,106832,135334,16263,10066,6197,218318,95690,122628,4435,337,4098,2470,564,1906,680,175,505,0,0,0
32,594,District - Thrissur (07),Total,40-44,239311,110044,129267,10751,5010,5741,216985,103776,113209,8007,453,7554,2840,636,2204,728,169,559,0,0,0
32,594,District - Thrissur (07),Total,45-49,233160,109457,123703,8571,2972,5599,207987,105094,102893,13142,662,12480,2868,606,2262,592,123,469,0,0,0
32,594,District - Thrissur (07),Total,50-54,194664,92929,101735,6855,1889,4966,167390,89569,77821,17924,959,16965,2112,420,1692,383,92,291,0,0,0
32,594,District - Thrissur (07),Total,55-59,168923,82900,86023,5410,1276,4134,138832,79825,59007,22838,1380,21458,1556,364,1192,287,55,232,0,0,0
32,594,District - Thrissur (07),Total,60-64,142384,67432,74952,4931,984,3947,105232,64099,41133,31007,2055,28952,995,240,755,219,54,165,0,0,0
32,594,District - Thrissur (07),Total,65-69,99052,44405,54647,3527,727,2800,64581,41377,23204,30313,2128,28185,540,151,389,91,22,69,0,0,0
32,594,District - Thrissur (07),Total,70-74,77623,32997,44626,3021,606,2415,42409,29279,13130,31785,3000,28785,328,92,236,80,20,60,0,0,0
32,594,District - Thrissur (07),Total,75-79,53997,21454,32543,2168,415,1753,24357,17887,6470,27224,3079,24145,207,61,146,41,12,29,0,0,0
32,594,District - Thrissur (07),Total,80+,55539,19501,36038,2471,544,1927,17054,13448,3606,35836,5473,30363,152,31,121,26,5,21,0,0,0
32,594,District - Thrissur (07),Total,Age not stated,2963,1468,1495,1482,920,562,1186,506,680,272,33,239,18,8,10,5,1,4,0,0,0
32,594,District - Thrissur (07),Total,Less than 18,834176,426065,408111,828037,424736,403301,5838,1248,4590,180,36,144,110,43,67,11,2,9,0,0,0
32,594,District - Thrissur (07),Total,Less than 21,978425,499093,479332,954282,496232,458050,23661,2745,20916,275,55,220,181,58,123,26,3,23,0,0,0
32,594,District - Thrissur (07),Rural,All ages,1024794,488303,536491,410953,230816,180137,530281,248879,281402,75595,6948,68647,6637,1370,5267,1328,290,1038,0,0,0
32,594,District - Thrissur (07),Rural,0-9,145123,74245,70878,145123,74245,70878,0,0,0,0,0,0,0,0,0,0,0,0,0,0,0
32,594,District - Thrissur (07),Rural,10-14,82431,41913,40518,81691,41700,39991,686,191,495,27,11,16,25,11,14,2,0,2,0,0,0
32,594,District - Thrissur (07),Rural,15-19,77733,39622,38111,73357,39195,34162,4286,406,3880,57,13,44,24,7,17,9,1,8,0,0,0
32,594,District - Thrissur (07),Rural,20-24,77464,38022,39442,51780,35475,16305,25415,2514,22901,117,15,102,124,17,107,28,1,27,0,0,0
32,594,District - Thrissur (07),Rural,25-29,75457,34839,40618,28030,23502,4528,46605,11231,35374,344,42,302,376,57,319,102,7,95,0,0,0
32,594,District - Thrissur (07),Rural,30-34,72136,33290,38846,11171,8932,2239,59491,24136,35355,702,76,626,611,110,501,161,36,125,0,0,0
32,594,District - Thrissur (07),Rural,35-39,79798,35713,44085,5059,3141,1918,71999,32196,39803,1555,122,1433,963,199,764,222,55,167,0,0,0
32,594,District - Thrissur (07),Rural,40-44,78526,36357,42169,3281,1530,1751,71108,34391,36717,2803,158,2645,1097,219,878,237,59,178,0,0,0
32,594,District - Thrissur (07),Rural,45-49,76856,36167,40689,2627,882,1745,68318,34761,33557,4583,254,4329,1133,231,902,195,39,156,0,0,0
32,594,District - Thrissur (07),Rural,50-54,63669,30675,32994,2098,572,1526,54592,29543,25049,6068,384,5684,793,146,647,118,30,88,0,0,0
32,594,District - Thrissur (07),Rural,55-59,54772,26844,27928,1642,373,1269,44861,25849,19012,7538,460,7078,633,145,488,98,17,81,0,0,0
32,594,District - Thrissur (07),Rural,60-64,45835,21367,24468,1501,321,1180,33535,20223,13312,10332,716,9616,395,90,305,72,17,55,0,0,0
32,594,District - Thrissur (07),Rural,65-69,32443,14456,17987,1073,226,847,21160,13453,7707,9980,706,9274,200,61,139,30,10,20,0,0,0
32,594,District - Thrissur (07),Rural,70-74,25089,10545,14544,862,192,670,13724,9301,4423,10364,1014,9350,114,30,84,25,8,17,0,0,0
32,594,District - Thrissur (07),Rural,75-79,17771,7044,10727,572,126,446,8242,5893,2349,8852,988,7864,86,30,56,19,7,12,0,0,0
32,594,District - Thrissur (07),Rural,80+,18778,6768,12010,665,159,506,5850,4613,1237,12198,1979,10219,57,14,43,8,3,5,0,0,0
32,594,District - Thrissur (07),Rural,Age not stated,913,436,477,421,245,176,409,178,231,75,10,65,6,3,3,2,0,2,0,0,0
32,594,District - Thrissur (07),Rural,Less than 18,274945,140323,134622,272839,139880,132959,2003,411,1592,63,17,46,34,14,20,6,1,5,0,0,0
32,594,District - Thrissur (07),Rural,Less than 21,321418,163974,157444,312903,163000,149903,8339,927,7412,102,26,76,61,20,41,13,1,12,0,0,0
32,594,District - Thrissur (07),Urban,All ages,2096406,992460,1103946,849784,473507,376277,1082673,503046,579627,150642,12970,137672,10547,2368,8179,2760,569,2191,0,0,0
32,594,District - Thrissur (07),Urban,0-9,292769,150027,142742,292769,150027,142742,0,0,0,0,0,0,0,0,0,0,0,0,0,0,0
32,594,District - Thrissur (07),Urban,10-14,168269,85860,82409,166746,85470,81276,1424,360,1064,49,9,40,47,20,27,3,1,2,0,0,0
32,594,District - Thrissur (07),Urban,15-19,162100,82253,79847,154305,81358,72947,7642,863,6779,99,17,82,50,14,36,4,1,3,0,0,0
32,594,District - Thrissur (07),Urban,20-24,161891,78271,83620,110699,73570,37129,50703,4646,46057,216,23,193,200,30,170,73,2,71,0,0,0
32,594,District - Thrissur (07),Urban,25-29,150977,68359,82618,57260,47673,9587,92311,20533,71778,571,55,516,599,81,518,236,17,219,0,0,0
32,594,District - Thrissur (07),Urban,30-34,145068,64643,80425,22356,17767,4589,120060,46495,73565,1272,98,1174,1042,218,824,338,65,273,0,0,0
32,594,District - Thrissur (07),Urban,35-39,162368,71119,91249,11204,6925,4279,146319,63494,82825,2880,215,2665,1507,365,1142,458,120,338,0,0,0
32,594,District - Thrissur (07),Urban,40-44,160785,73687,87098,7470,3480,3990,145877,69385,76492,5204,295,4909,1743,417,1326,491,110,381,0,0,0
32,594,District - Thrissur (07),Urban,45-49,156304,73290,83014,5944,2090,3854,139669,70333,69336,8559,408,8151,1735,375,1360,397,84,313,0,0,0
32,594,District - Thrissur (07),Urban,50-54,130995,62254,68741,4757,1317,3440,112798,60026,52772,11856,575,11281,1319,274,1045,265,62,203,0,0,0
32,594,District - Thrissur (07),Urban,55-59,114151,56056,58095,3768,903,2865,93971,53976,39995,15300,920,14380,923,219,704,189,38,151,0,0,0
32,594,District - Thrissur (07),Urban,60-64,96549,46065,50484,3430,663,2767,71697,43876,27821,20675,1339,19336,600,150,450,147,37,110,0,0,0
32,594,District - Thrissur (07),Urban,65-69,66609,29949,36660,2454,501,1953,43421,27924,15497,20333,1422,18911,340,90,250,61,12,49,0,0,0
32,594,District - Thrissur (07),Urban,70-74,52534,22452,30082,2159,414,1745,28685,19978,8707,21421,1986,19435,214,62,152,55,12,43,0,0,0
32,594,District - Thrissur (07),Urban,75-79,36226,14410,21816,1596,289,1307,16115,11994,4121,18372,2091,16281,121,31,90,22,5,17,0,0,0
32,594,District - Thrissur (07),Urban,80+,36761,12733,24028,1806,385,1421,11204,8835,2369,23638,3494,20144,95,17,78,18,2,16,0,0,0
32,594,District - Thrissur (07),Urban,Age not stated,2050,1032,1018,1061,675,386,777,328,449,197,23,174,12,5,7,3,1,2,0,0,0
32,594,District - Thrissur (07),Urban,Less than 18,559231,285742,273489,555198,284856,270342,3835,837,2998,117,19,98,76,29,47,5,1,4,0,0,0
32,594,District - Thrissur (07),Urban,Less than 21,657007,335119,321888,641379,333232,308147,15322,1818,13504,173,29,144,120,38,82,13,2,11,0,0,0
32,595,District - Ernakulam (08),Total,All ages,3282388,1619557,1662831,1268317,712353,555964,1783586,877677,905909,212787,24763,188024,14300,3855,10445,3398,909,2489,0,0,0
32,595,District - Ernakulam (08),Total,0-9,441006,224901,216105,441006,224901,216105,0,0,0,0,0,0,0,0,0,0,0,0,0,0,0
32,595,District - Ernakulam (08),Total,10-14,252209,128742,123467,249648,128015,121633,2386,662,1724,91,26,65,80,37,43,4,2,2,0,0,0
32,595,District - Ernakulam (08),Total,15-19,229573,118577,110996,220563,117053,103510,8737,1444,7293,182,40,142,83,39,44,8,1,7,0,0,0
32,595,District - Ernakulam (08),Total,20-24,235855,121109,114746,175833,112727,63106,59420,8270,51150,315,61,254,238,48,190,49,3,46,0,0,0
32,595,District - Ernakulam (08),Total,25-29,238325,116775,121550,91743,75189,16554,144837,41303,103534,775,123,652,764,130,634,206,30,176,0,0,0
32,595,District - Ernakulam (08),Total,30-34,239287,116713,122574,33676,27693,5983,202094,88292,113802,1677,259,1418,1414,364,1050,426,105,321,0,0,0
32,595,District - Ernakulam (08),Total,35-39,262692,124545,138147,14853,10237,4616,241611,113073,128538,3535,404,3131,2091,644,1447,602,187,415,0,0,0
32,595,District - Ernakulam (08),Total,40-44,266293,130357,135936,9246,5148,4098,247417,123835,123582,6759,578,6181,2283,637,1646,588,159,429,0,0,0
32,595,District - Ernakulam (08),Total,45-49,256448,126876,129572,7042,3155,3887,235004,122073,112931,11577,903,10674,2331,615,1716,494,130,364,0,0,0
32,595,District - Ernakulam (08),Total,50-54,215067,107761,107306,5399,2065,3334,191528,103962,87566,16057,1201,14856,1703,425,1278,380,108,272,0,0,0
32,595,District - Ernakulam (08),Total,55-59,192149,97746,94403,4708,1688,3020,164212,93855,70357,21659,1801,19858,1314,325,989,256,77,179,0,0,0
32,595,District - Ernakulam (08),Total,60-64,149443,73548,75895,3891,1208,2683,116280,69563,46717,28208,2480,25728,903,250,653,161,47,114,0,0,0
32,595,District - Ernakulam (08),Total,65-69,103428,48357,55071,2909,808,2101,72099,44579,27520,27843,2791,25052,484,148,336,93,31,62,0,0,0
32,595,District - Ernakulam (08),Total,70-74,79552,35457,44095,2559,712,1847,47196,31145,16051,29461,3503,25958,273,85,188,63,12,51,0,0,0
32,595,District - Ernakulam (08),Total,75-79,55915,23493,32422,1858,452,1406,28225,19442,8783,25640,3540,22100,169,52,117,23,7,16,0,0,0
32,595,District - Ernakulam (08),Total,80+,62456,23351,39105,2253,656,1597,21311,15617,5694,38704,7016,31688,148,54,94,40,8,32,0,0,0
32,595,District - Ernakulam (08),Total,Age not stated,2690,1249,1441,1130,646,484,1229,562,667,304,37,267,22,2,20,5,2,3,0,0,0
32,595,District - Ernakulam (08),Total,Less than 18,832519,424964,407555,826146,423422,402724,6029,1431,4598,205,47,158,130,61,69,9,3,6,0,0,0
32,595,District - Ernakulam (08),Total,Less than 21,971079,497768,473311,952872,494510,458362,17682,3094,14588,327,81,246,184,80,104,14,3,11,0,0,0
32,595,District - Ernakulam (08),Rural,All ages,1048025,518510,529515,402165,225417,176748,571534,282223,289311,68523,9310,59213,4936,1321,3615,867,239,628,0,0,0
32,595,District - Ernakulam (08),Rural,0-9,136726,69655,67071,136726,69655,67071,0,0,0,0,0,0,0,0,0,0,0,0,0,0,0
32,595,District - Ernakulam (08),Rural,10-14,80772,41068,39704,80080,40873,39207,637,170,467,22,6,16,31,17,14,2,2,0,0,0,0
32,595,District - Ernakulam (08),Rural,15-19,73160,38027,35133,70765,37627,33138,2323,381,1942,47,8,39,23,11,12,2,0,2,0,0,0
32,595,District - Ernakulam (08),Rural,20-24,72376,37765,34611,55603,35279,20324,16594,2448,14146,94,16,78,71,21,50,14,1,13,0,0,0
32,595,District - Ernakulam (08),Rural,25-29,72432,35680,36752,29522,24036,5486,42383,11553,30830,220,31,189,261,51,210,46,9,37,0,0,0
32,595,District - Ernakulam (08),Rural,30-34,72699,36008,36691,11369,9504,1865,60300,26275,34025,519,78,441,407,114,293,104,37,67,0,0,0
32,595,District - Ernakulam (08),Rural,35-39,81192,38594,42598,4832,3378,1454,74443,34838,39605,1107,125,982,677,211,466,133,42,91,0,0,0
32,595,District - Ernakulam (08),Rural,40-44,84149,41040,43109,2870,1602,1268,78212,39005,39207,2183,187,1996,742,203,539,142,43,99,0,0,0
32,595,District - Ernakulam (08),Rural,45-49,84173,41648,42525,2320,990,1330,77270,40114,37156,3616,302,3314,834,211,623,133,31,102,0,0,0
32,595,District - Ernakulam (08),Rural,50-54,69898,34978,34920,1718,608,1110,62627,33813,28814,4833,390,4443,631,140,491,89,27,62,0,0,0
32,595,District - Ernakulam (08),Rural,55-59,62842,32142,30700,1469,492,977,54311,30877,23434,6518,645,5873,473,110,363,71,18,53,0,0,0
32,595,District - Ernakulam (08),Rural,60-64,48277,23915,24362,1214,359,855,38464,22646,15818,8218,816,7402,332,84,248,49,10,39,0,0,0
32,595,District - Ernakulam (08),Rural,65-69,34930,16317,18613,1020,236,784,25341,15094,10247,8351,919,7432,181,59,122,37,9,28,0,0,0
32,595,District - Ernakulam (08),Rural,70-74,27797,12421,15376,903,238,665,17465,10855,6610,9287,1284,8003,124,39,85,18,5,13,0,0,0
32,595,District - Ernakulam (08),Rural,75-79,20752,8903,11849,643,141,502,11459,7389,4070,8572,1351,7221,70,20,50,8,2,6,0,0,0
32,595,District - Ernakulam (08),Rural,80+,25116,10030,15086,753,219,534,9423,6634,2789,14852,3144,11708,70,30,40,18,3,15,0,0,0
32,595,District - Ernakulam (08),Rural,Age not stated,734,319,415,358,180,178,282,131,151,84,8,76,9,0,9,1,0,1,0,0,0
32,595,District - Ernakulam (08),Rural,Less than 18,262385,133702,128683,260683,133290,127393,1610,377,1233,48,11,37,41,22,19,3,2,1,0,0,0
32,595,District - Ernakulam (08),Rural,Less than 21,305487,156796,148691,300627,155899,144728,4707,849,3858,84,16,68,64,30,34,5,2,3,0,0,0
32,595,District - Ernakulam (08),Urban,All ages,2234363,1101047,1133316,866152,486936,379216,1212052,595454,616598,144264,15453,128811,9364,2534,6830,2531,670,1861,0,0,0
32,595,District - Ernakulam (08),Urban,0-9,304280,155246,149034,304280,155246,149034,0,0,0,0,0,0,0,0,0,0,0,0,0,0,0
32,595,District - Ernakulam (08),Urban,10-14,171437,87674,83763,169568,87142,82426,1749,492,1257,69,20,49,49,20,29,2,0,2,0,0,0
32,595,District - Ernakulam (08),Urban,15-19,156413,80550,75863,149798,79426,70372,6414,1063,5351,135,32,103,60,28,32,6,1,5,0,0,0
32,595,District - Ernakulam (08),Urban,20-24,163479,83344,80135,120230,77448,42782,42826,5822,37004,221,45,176,167,27,140,35,2,33,0,0,0
32,595,District - Ernakulam (08),Urban,25-29,165893,81095,84798,62221,51153,11068,102454,29750,72704,555,92,463,503,79,424,160,21,139,0,0,0
32,595,District - Ernakulam (08),Urban,30-34,166588,80705,85883,22307,18189,4118,141794,62017,79777,1158,181,977,1007,250,757,322,68,254,0,0,0
32,595,District - Ernakulam (08),Urban,35-39,181500,85951,95549,10021,6859,3162,167168,78235,88933,2428,279,2149,1414,433,981,469,145,324,0,0,0
32,595,District - Ernakulam (08),Urban,40-44,182144,89317,92827,6376,3546,2830,169205,84830,84375,4576,391,4185,1541,434,1107,446,116,330,0,0,0
32,595,District - Ernakulam (08),Urban,45-49,172275,85228,87047,4722,2165,2557,157734,81959,75775,7961,601,7360,1497,404,1093,361,99,262,0,0,0
32,595,District - Ernakulam (08),Urban,50-54,145169,72783,72386,3681,1457,2224,128901,70149,58752,11224,811,10413,1072,285,787,291,81,210,0,0,0
32,595,District - Ernakulam (08),Urban,55-59,129307,65604,63703,3239,1196,2043,109901,62978,46923,15141,1156,13985,841,215,626,185,59,126,0,0,0
32,595,District - Ernakulam (08),Urban,60-64,101166,49633,51533,2677,849,1828,77816,46917,30899,19990,1664,18326,571,166,405,112,37,75,0,0,0
32,595,District - Ernakulam (08),Urban,65-69,68498,32040,36458,1889,572,1317,46758,29485,17273,19492,1872,17620,303,89,214,56,22,34,0,0,0
32,595,District - Ernakulam (08),Urban,70-74,51755,23036,28719,1656,474,1182,29731,20290,9441,20174,2219,17955,149,46,103,45,7,38,0,0,0
32,595,District - Ernakulam (08),Urban,75-79,35163,14590,20573,1215,311,904,16766,12053,4713,17068,2189,14879,99,32,67,15,5,10,0,0,0
32,595,District - Ernakulam (08),Urban,80+,37340,13321,24019,1500,437,1063,11888,8983,2905,23852,3872,19980,78,24,54,22,5,17,0,0,0
32,595,District - Ernakulam (08),Urban,Age not stated,1956,930,1026,772,466,306,947,431,516,220,29,191,13,2,11,4,2,2,0,0,0
32,595,District - Ernakulam (08),Urban,Less than 18,570134,291262,278872,565463,290132,275331,4419,1054,3365,157,36,121,89,39,50,6,1,5,0,0,0
32,595,District - Ernakulam (08),Urban,Less than 21,665592,340972,324620,652245,338611,313634,12975,2245,10730,243,65,178,120,50,70,9,1,8,0,0,0
32,596,District - Idukki  (09),Total,All ages,1108974,552808,556166,439570,245140,194430,596566,295823,300743,64683,9597,55086,7318,1997,5321,837,251,586,0,0,0
32,596,District - Idukki  (09),Total,0-9,155480,79183,76297,155480,79183,76297,0,0,0,0,0,0,0,0,0,0,0,0,0,0,0
32,596,District - Idukki  (09),Total,10-14,91858,46763,45095,90941,46489,44452,852,254,598,41,11,30,23,8,15,1,1,0,0,0,0
32,596,District - Idukki  (09),Total,15-19,79704,40943,38761,75854,40364,35490,3756,551,3205,59,17,42,34,11,23,1,0,1,0,0,0
32,596,District - Idukki  (09),Total,20-24,81667,41758,39909,58967,37373,21594,22399,4329,18070,127,21,106,158,31,127,16,4,12,0,0,0
32,596,District - Idukki  (09),Total,25-29,85747,43333,42414,32090,25023,7067,52803,18138,34665,364,68,296,426,88,338,64,16,48,0,0,0
32,596,District - Idukki  (09),Total,30-34,83361,41198,42163,11156,8965,2191,70511,31832,38679,842,150,692,755,220,535,97,31,66,0,0,0
32,596,District - Idukki  (09),Total,35-39,94420,45273,49147,4693,3120,1573,86783,41541,45242,1697,245,1452,1090,314,776,157,53,104,0,0,0
32,596,District - Idukki  (09),Total,40-44,88118,43562,44556,2510,1363,1147,81571,41545,40026,2768,331,2437,1143,292,851,126,31,95,0,0,0
32,596,District - Idukki  (09),Total,45-49,86264,42405,43859,1833,852,981,78817,40744,38073,4350,444,3906,1145,319,826,119,46,73,0,0,0
32,596,District - Idukki  (09),Total,50-54,72116,36153,35963,1416,598,818,63959,34749,29210,5773,578,5195,877,213,664,91,15,76,0,0,0
32,596,District - Idukki  (09),Total,55-59,60796,31521,29275,1192,474,718,51932,30016,21916,6903,827,6076,698,178,520,71,26,45,0,0,0
32,596,District - Idukki  (09),Total,60-64,42600,21778,20822,921,337,584,33254,20278,12976,7969,1021,6948,416,131,285,40,11,29,0,0,0
32,596,District - Idukki  (09),Total,65-69,30790,14248,16542,713,252,461,21421,12908,8513,8376,1000,7376,256,81,175,24,7,17,0,0,0
32,596,District - Idukki  (09),Total,70-74,22129,10163,11966,558,141,417,13461,8756,4705,7954,1215,6739,139,45,94,17,6,11,0,0,0
32,596,District - Idukki  (09),Total,75-79,15168,6518,8650,346,107,239,7984,5203,2781,6756,1175,5581,74,30,44,8,3,5,0,0,0
32,596,District - Idukki  (09),Total,80+,17872,7510,10362,418,182,236,6717,4808,1909,10653,2484,8169,79,35,44,5,1,4,0,0,0
32,596,District - Idukki  (09),Total,Age not stated,884,499,385,482,317,165,346,171,175,51,10,41,5,1,4,0,0,0,0,0,0
32,596,District - Idukki  (09),Total,Less than 18,295913,150691,145222,293623,150131,143492,2162,516,1646,84,25,59,43,18,25,1,1,0,0,0,0
32,596,District - Idukki  (09),Total,Less than 21,343635,175472,168163,336109,174164,161945,7331,1253,6078,117,32,85,76,22,54,2,1,1,0,0,0
32,596,District - Idukki  (09),Rural,All ages,1056929,527245,529684,418498,233676,184822,568726,282151,286575,61830,9224,52606,7085,1951,5134,790,243,547,0,0,0
32,596,District - Idukki  (09),Rural,0-9,147851,75303,72548,147851,75303,72548,0,0,0,0,0,0,0,0,0,0,0,0,0,0,0
32,596,District - Idukki  (09),Rural,10-14,87544,44584,42960,86689,44328,42361,792,237,555,40,11,29,22,7,15,1,1,0,0,0,0
32,596,District - Idukki  (09),Rural,15-19,75829,38990,36839,72160,38430,33730,3577,533,3044,57,16,41,34,11,23,1,0,1,0,0,0
32,596,District - Idukki  (09),Rural,20-24,77806,39782,38024,56072,35562,20510,21442,4166,17276,122,20,102,154,30,124,16,4,12,0,0,0
32,596,District - Idukki  (09),Rural,25-29,82003,41514,40489,30772,24005,6767,50406,17341,33065,350,65,285,414,87,327,61,16,45,0,0,0
32,596,District - Idukki  (09),Rural,30-34,79769,39545,40224,10786,8681,2105,67339,30472,36867,814,147,667,736,215,521,94,30,64,0,0,0
32,596,District - Idukki  (09),Rural,35-39,90169,43257,46912,4520,3010,1510,82786,39647,43139,1653,240,1413,1061,307,754,149,53,96,0,0,0
32,596,District - Idukki  (09),Rural,40-44,84155,41627,42528,2408,1314,1094,77850,39679,38171,2678,320,2358,1102,285,817,117,29,88,0,0,0
32,596,District - Idukki  (09),Rural,45-49,82413,40467,41946,1741,806,935,75251,38874,36377,4200,431,3769,1109,312,797,112,44,68,0,0,0
32,596,District - Idukki  (09),Rural,50-54,68821,34555,34266,1336,573,763,61006,33200,27806,5549,559,4990,845,208,637,85,15,70,0,0,0
32,596,District - Idukki  (09),Rural,55-59,57849,30006,27843,1086,449,637,49384,28554,20830,6634,805,5829,680,174,506,65,24,41,0,0,0
32,596,District - Idukki  (09),Rural,60-64,40426,20693,19733,840,313,527,31543,19259,12284,7612,983,6629,396,128,268,35,10,25,0,0,0
32,596,District - Idukki  (09),Rural,65-69,29261,13527,15734,635,238,397,20332,12244,8088,8020,958,7062,250,80,170,24,7,17,0,0,0
32,596,District - Idukki  (09),Rural,70-74,20955,9623,11332,493,121,372,12747,8290,4457,7571,1164,6407,127,42,85,17,6,11,0,0,0
32,596,District - Idukki  (09),Rural,75-79,14347,6189,8158,291,84,207,7586,4953,2633,6391,1120,5271,71,29,42,8,3,5,0,0,0
32,596,District - Idukki  (09),Rural,80+,16911,7115,9796,371,158,213,6364,4545,1819,10092,2376,7716,79,35,44,5,1,4,0,0,0
32,596,District - Idukki  (09),Rural,Age not stated,820,468,352,447,301,146,321,157,164,47,9,38,5,1,4,0,0,0,0,0,0
32,596,District - Idukki  (09),Rural,Less than 18,281635,143447,138188,279463,142912,136551,2048,493,1555,81,24,57,42,17,25,1,1,0,0,0,0
32,596,District - Idukki  (09),Rural,Less than 21,327002,167036,159966,319845,165786,154059,6966,1197,5769,114,31,83,75,21,54,2,1,1,0,0,0
32,596,District - Idukki  (09),Urban,All ages,52045,25563,26482,21072,11464,9608,27840,13672,14168,2853,373,2480,233,46,187,47,8,39,0,0,0
32,596,District - Idukki  (09),Urban,0-9,7629,3880,3749,7629,3880,3749,0,0,0,0,0,0,0,0,0,0,0,0,0,0,0
32,596,District - Idukki  (09),Urban,10-14,4314,2179,2135,4252,2161,2091,60,17,43,1,0,1,1,1,0,0,0,0,0,0,0
32,596,District - Idukki  (09),Urban,15-19,3875,1953,1922,3694,1934,1760,179,18,161,2,1,1,0,0,0,0,0,0,0,0,0
32,596,District - Idukki  (09),Urban,20-24,3861,1976,1885,2895,1811,1084,957,163,794,5,1,4,4,1,3,0,0,0,0,0,0
32,596,District - Idukki  (09),Urban,25-29,3744,1819,1925,1318,1018,300,2397,797,1600,14,3,11,12,1,11,3,0,3,0,0,0
32,596,District - Idukki  (09),Urban,30-34,3592,1653,1939,370,284,86,3172,1360,1812,28,3,25,19,5,14,3,1,2,0,0,0
32,596,District - Idukki  (09),Urban,35-39,4251,2016,2235,173,110,63,3997,1894,2103,44,5,39,29,7,22,8,0,8,0,0,0
32,596,District - Idukki  (09),Urban,40-44,3963,1935,2028,102,49,53,3721,1866,1855,90,11,79,41,7,34,9,2,7,0,0,0
32,596,District - Idukki  (09),Urban,45-49,3851,1938,1913,92,46,46,3566,1870,1696,150,13,137,36,7,29,7,2,5,0,0,0
32,596,District - Idukki  (09),Urban,50-54,3295,1598,1697,80,25,55,2953,1549,1404,224,19,205,32,5,27,6,0,6,0,0,0
32,596,District - Idukki  (09),Urban,55-59,2947,1515,1432,106,25,81,2548,1462,1086,269,22,247,18,4,14,6,2,4,0,0,0
32,596,District - Idukki  (09),Urban,60-64,2174,1085,1089,81,24,57,1711,1019,692,357,38,319,20,3,17,5,1,4,0,0,0
32,596,District - Idukki  (09),Urban,65-69,1529,721,808,78,14,64,1089,664,425,356,42,314,6,1,5,0,0,0,0,0,0
32,596,District - Idukki  (09),Urban,70-74,1174,540,634,65,20,45,714,466,248,383,51,332,12,3,9,0,0,0,0,0,0
32,596,District - Idukki  (09),Urban,75-79,821,329,492,55,23,32,398,250,148,365,55,310,3,1,2,0,0,0,0,0,0
32,596,District - Idukki  (09),Urban,80+,961,395,566,47,24,23,353,263,90,561,108,453,0,0,0,0,0,0,0,0,0
32,596,District - Idukki  (09),Urban,Age not stated,64,31,33,35,16,19,25,14,11,4,1,3,0,0,0,0,0,0,0,0,0
32,596,District - Idukki  (09),Urban,Less than 18,14278,7244,7034,14160,7219,6941,114,23,91,3,1,2,1,1,0,0,0,0,0,0,0
32,596,District - Idukki  (09),Urban,Less than 21,16633,8436,8197,16264,8378,7886,365,56,309,3,1,2,1,1,0,0,0,0,0,0,0
32,597,District - Kottayam (10),Total,All ages,1974551,968289,1006262,765917,422566,343351,1066288,524381,541907,131304,18049,113255,9170,2722,6448,1872,571,1301,0,0,0
32,597,District - Kottayam (10),Total,0-9,257934,131372,126562,257934,131372,126562,0,0,0,0,0,0,0,0,0,0,0,0,0,0,0
32,597,District - Kottayam (10),Total,10-14,155915,79113,76802,154208,78577,75631,1603,500,1103,65,20,45,38,15,23,1,1,0,0,0,0
32,597,District - Kottayam (10),Total,15-19,138696,72099,66597,134015,71156,62859,4521,880,3641,101,35,66,56,27,29,3,1,2,0,0,0
32,597,District - Kottayam (10),Total,20-24,129329,68170,61159,103559,63365,40194,25450,4729,20721,176,41,135,126,33,93,18,2,16,0,0,0
32,597,District - Kottayam (10),Total,25-29,129779,63724,66055,56818,42976,13842,72028,20552,51476,393,78,315,431,99,332,109,19,90,0,0,0
32,597,District - Kottayam (10),Total,30-34,132945,63546,69399,21275,16913,4362,109754,46164,63590,886,149,737,785,238,547,245,82,163,0,0,0
32,597,District - Kottayam (10),Total,35-39,152837,71558,81279,9624,6458,3166,139619,64319,75300,1968,265,1703,1321,415,906,305,101,204,0,0,0
32,597,District - Kottayam (10),Total,40-44,156328,75162,81166,5778,3239,2539,145178,71009,74169,3609,340,3269,1461,472,989,302,102,200,0,0,0
32,597,District - Kottayam (10),Total,45-49,154192,74632,79560,4557,2166,2391,141804,71437,70367,6223,570,5653,1336,362,974,272,97,175,0,0,0
32,597,District - Kottayam (10),Total,50-54,132330,65223,67107,3595,1509,2086,118526,62550,55976,8887,847,8040,1126,271,855,196,46,150,0,0,0
32,597,District - Kottayam (10),Total,55-59,120629,60260,60369,3185,1253,1932,104456,57512,46944,11907,1186,10721,939,268,671,142,41,101,0,0,0
32,597,District - Kottayam (10),Total,60-64,97534,47795,49739,2802,929,1873,77948,44923,33025,16041,1718,14323,631,190,441,112,35,77,0,0,0
32,597,District - Kottayam (10),Total,65-69,70803,33301,37502,2298,659,1639,51178,30600,20578,16894,1902,14992,371,123,248,62,17,45,0,0,0
32,597,District - Kottayam (10),Total,70-74,54951,25011,29940,2056,573,1483,34394,21991,12403,18217,2359,15858,245,81,164,39,7,32,0,0,0
32,597,District - Kottayam (10),Total,75-79,40020,17062,22958,1654,435,1219,21324,13998,7326,16858,2560,14298,152,60,92,32,9,23,0,0,0
32,597,District - Kottayam (10),Total,80+,48781,19500,29281,1911,593,1318,17789,12874,4915,28906,5958,22948,141,64,77,34,11,23,0,0,0
32,597,District - Kottayam (10),Total,Age not stated,1548,761,787,648,393,255,716,343,373,173,21,152,11,4,7,0,0,0,0,0,0
32,597,District - Kottayam (10),Total,Less than 18,500600,254818,245782,496585,253769,242816,3803,972,2831,135,43,92,73,32,41,4,2,2,0,0,0
32,597,District - Kottayam (10),Total,Less than 21,578926,296943,281983,569623,294829,274794,9000,2005,6995,192,60,132,105,47,58,6,2,4,0,0,0
32,597,District - Kottayam (10),Rural,All ages,1409158,692673,716485,543773,300363,243410,764339,376748,387591,92890,13166,79724,6855,2011,4844,1301,385,916,0,0,0
32,597,District - Kottayam (10),Rural,0-9,184500,93941,90559,184500,93941,90559,0,0,0,0,0,0,0,0,0,0,0,0,0,0,0
32,597,District - Kottayam (10),Rural,10-14,110645,56121,54524,109479,55764,53715,1098,341,757,41,9,32,27,7,20,0,0,0,0,0,0
32,597,District - Kottayam (10),Rural,15-19,96909,50522,46387,93717,49866,43851,3077,612,2465,80,29,51,33,15,18,2,0,2,0,0,0
32,597,District - Kottayam (10),Rural,20-24,90309,47903,42406,72531,44515,28016,17548,3338,14210,122,28,94,98,21,77,10,1,9,0,0,0
32,597,District - Kottayam (10),Rural,25-29,92322,45383,46939,40630,30723,9907,51019,14518,36501,269,56,213,323,71,252,81,15,66,0,0,0
32,597,District - Kottayam (10),Rural,30-34,95685,46113,49572,15712,12539,3173,78596,33223,45373,623,107,516,580,185,395,174,59,115,0,0,0
32,597,District - Kottayam (10),Rural,35-39,109779,51617,58162,6974,4729,2245,100229,46317,53912,1382,192,1190,985,312,673,209,67,142,0,0,0
32,597,District - Kottayam (10),Rural,40-44,111916,54106,57810,4111,2297,1814,103991,51145,52846,2530,246,2284,1079,344,735,205,74,131,0,0,0
32,597,District - Kottayam (10),Rural,45-49,110776,53629,57147,3321,1552,1769,101924,51352,50572,4371,400,3971,995,267,728,165,58,107,0,0,0
32,597,District - Kottayam (10),Rural,50-54,94819,46814,48005,2533,1053,1480,85030,44898,40132,6240,626,5614,874,206,668,142,31,111,0,0,0
32,597,District - Kottayam (10),Rural,55-59,86563,43249,43314,2294,909,1385,75103,41267,33836,8372,864,7508,692,182,510,102,27,75,0,0,0
32,597,District - Kottayam (10),Rural,60-64,69435,34139,35296,1959,654,1305,55709,32102,23607,11214,1215,9999,469,145,324,84,23,61,0,0,0
32,597,District - Kottayam (10),Rural,65-69,50343,23889,26454,1620,463,1157,36717,22005,14712,11682,1313,10369,284,98,186,40,10,30,0,0,0
32,597,District - Kottayam (10),Rural,70-74,39287,17879,21408,1435,389,1046,24844,15701,9143,12783,1717,11066,191,66,125,34,6,28,0,0,0
32,597,District - Kottayam (10),Rural,75-79,28857,12321,16536,1176,298,878,15608,10084,5524,11939,1892,10047,111,42,69,23,5,18,0,0,0
32,597,District - Kottayam (10),Rural,80+,35992,14536,21456,1344,403,941,13391,9621,3770,21121,4455,16666,106,48,58,30,9,21,0,0,0
32,597,District - Kottayam (10),Rural,Age not stated,1021,511,510,437,268,169,455,224,231,121,17,104,8,2,6,0,0,0,0,0,0
32,597,District - Kottayam (10),Rural,Less than 18,355854,181149,174705,353105,180434,172671,2604,671,1933,95,28,67,48,16,32,2,0,2,0,0,0
32,597,District - Kottayam (10),Rural,Less than 21,410496,210729,199767,404131,209278,194853,6156,1386,4770,138,40,98,68,25,43,3,0,3,0,0,0
32,597,District - Kottayam (10),Urban,All ages,565393,275616,289777,222144,122203,99941,301949,147633,154316,38414,4883,33531,2315,711,1604,571,186,385,0,0,0
32,597,District - Kottayam (10),Urban,0-9,73434,37431,36003,73434,37431,36003,0,0,0,0,0,0,0,0,0,0,0,0,0,0,0
32,597,District - Kottayam (10),Urban,10-14,45270,22992,22278,44729,22813,21916,505,159,346,24,11,13,11,8,3,1,1,0,0,0,0
32,597,District - Kottayam (10),Urban,15-19,41787,21577,20210,40298,21290,19008,1444,268,1176,21,6,15,23,12,11,1,1,0,0,0,0
32,597,District - Kottayam (10),Urban,20-24,39020,20267,18753,31028,18850,12178,7902,1391,6511,54,13,41,28,12,16,8,1,7,0,0,0
32,597,District - Kottayam (10),Urban,25-29,37457,18341,19116,16188,12253,3935,21009,6034,14975,124,22,102,108,28,80,28,4,24,0,0,0
32,597,District - Kottayam (10),Urban,30-34,37260,17433,19827,5563,4374,1189,31158,12941,18217,263,42,221,205,53,152,71,23,48,0,0,0
32,597,District - Kottayam (10),Urban,35-39,43058,19941,23117,2650,1729,921,39390,18002,21388,586,73,513,336,103,233,96,34,62,0,0,0
32,597,District - Kottayam (10),Urban,40-44,44412,21056,23356,1667,942,725,41187,19864,21323,1079,94,985,382,128,254,97,28,69,0,0,0
32,597,District - Kottayam (10),Urban,45-49,43416,21003,22413,1236,614,622,39880,20085,19795,1852,170,1682,341,95,246,107,39,68,0,0,0
32,597,District - Kottayam (10),Urban,50-54,37511,18409,19102,1062,456,606,33496,17652,15844,2647,221,2426,252,65,187,54,15,39,0,0,0
32,597,District - Kottayam (10),Urban,55-59,34066,17011,17055,891,344,547,29353,16245,13108,3535,322,3213,247,86,161,40,14,26,0,0,0
32,597,District - Kottayam (10),Urban,60-64,28099,13656,14443,843,275,568,22239,12821,9418,4827,503,4324,162,45,117,28,12,16,0,0,0
32,597,District - Kottayam (10),Urban,65-69,20460,9412,11048,678,196,482,14461,8595,5866,5212,589,4623,87,25,62,22,7,15,0,0,0
32,597,District - Kottayam (10),Urban,70-74,15664,7132,8532,621,184,437,9550,6290,3260,5434,642,4792,54,15,39,5,1,4,0,0,0
32,597,District - Kottayam (10),Urban,75-79,11163,4741,6422,478,137,341,5716,3914,1802,4919,668,4251,41,18,23,9,4,5,0,0,0
32,597,District - Kottayam (10),Urban,80+,12789,4964,7825,567,190,377,4398,3253,1145,7785,1503,6282,35,16,19,4,2,2,0,0,0
32,597,District - Kottayam (10),Urban,Age not stated,527,250,277,211,125,86,261,119,142,52,4,48,3,2,1,0,0,0,0,0,0
32,597,District - Kottayam (10),Urban,Less than 18,144746,73669,71077,143480,73335,70145,1199,301,898,40,15,25,25,16,9,2,2,0,0,0,0
32,597,District - Kottayam (10),Urban,Less than 21,168430,86214,82216,165492,85551,79941,2844,619,2225,54,20,34,37,22,15,3,2,1,0,0,0
32,598,District - Alappuzha (11),Total,All ages,2127789,1013142,1114647,794528,443549,350979,1158786,548285,610501,159538,17556,141982,12164,3104,9060,2773,648,2125,0,0,0
32,598,District - Alappuzha (11),Total,0-9,280732,143711,137021,280732,143711,137021,0,0,0,0,0,0,0,0,0,0,0,0,0,0,0
32,598,District - Alappuzha (11),Total,10-14,165547,84279,81268,163264,83601,79663,2102,608,1494,85,25,60,94,44,50,2,1,1,0,0,0
32,598,District - Alappuzha (11),Total,15-19,147508,75552,71956,140365,74281,66084,6923,1203,5720,141,39,102,72,28,44,7,1,6,0,0,0
32,598,District - Alappuzha (11),Total,20-24,146758,72479,74279,103670,66253,37417,42560,6149,36411,258,41,217,220,32,188,50,4,46,0,0,0
32,598,District - Alappuzha (11),Total,25-29,150967,69517,81450,54137,43660,10477,95366,25624,69742,619,74,545,641,135,506,204,24,180,0,0,0
32,598,District - Alappuzha (11),Total,30-34,153465,70438,83027,19756,16163,3593,130894,53710,77184,1311,171,1140,1165,307,858,339,87,252,0,0,0
32,598,District - Alappuzha (11),Total,35-39,168866,75029,93837,8365,5639,2726,155601,68496,87105,2726,286,2440,1723,486,1237,451,122,329,0,0,0
32,598,District - Alappuzha (11),Total,40-44,163706,74902,88804,4782,2594,2188,151825,71247,80578,4866,423,4443,1788,497,1291,445,141,304,0,0,0
32,598,District - Alappuzha (11),Total,45-49,162485,75544,86941,3814,1720,2094,148205,72712,75493,8265,593,7672,1835,433,1402,366,86,280,0,0,0
32,598,District - Alappuzha (11),Total,50-54,134926,63861,71065,3251,1238,2013,118876,61382,57494,11087,835,10252,1438,356,1082,274,50,224,0,0,0
32,598,District - Alappuzha (11),Total,55-59,128419,62876,65543,2811,1051,1760,108652,60151,48501,15550,1358,14192,1187,272,915,219,44,175,0,0,0
32,598,District - Alappuzha (11),Total,60-64,107060,51767,55293,2614,863,1751,81874,48796,33078,21487,1866,19621,892,194,698,193,48,145,0,0,0
32,598,District - Alappuzha (11),Total,65-69,73923,34042,39881,1923,647,1276,49633,31220,18413,21790,2040,19750,476,119,357,101,16,85,0,0,0
32,598,District - Alappuzha (11),Total,70-74,56333,24960,31373,1543,560,983,31954,21797,10157,22483,2517,19966,300,81,219,53,5,48,0,0,0
32,598,District - Alappuzha (11),Total,75-79,39785,16557,23228,1141,427,714,18894,13638,5256,19527,2414,17113,189,68,121,34,10,24,0,0,0
32,598,District - Alappuzha (11),Total,80+,45145,16581,28564,1396,568,828,14446,11109,3337,29139,4848,24291,134,48,86,30,8,22,0,0,0
32,598,District - Alappuzha (11),Total,Age not stated,2164,1047,1117,964,573,391,981,443,538,204,26,178,10,4,6,5,1,4,0,0,0
32,598,District - Alappuzha (11),Total,Less than 18,536448,273982,262466,531076,272612,258464,5059,1261,3798,175,45,130,131,62,69,7,2,5,0,0,0
32,598,District - Alappuzha (11),Total,Less than 21,623589,318850,304739,609256,316074,293182,13871,2627,11244,261,73,188,188,73,115,13,3,10,0,0,0
32,598,District - Alappuzha (11),Rural,All ages,979643,464713,514930,365281,203580,161701,533132,250846,282286,74614,8622,65992,5489,1396,4093,1127,269,858,0,0,0
32,598,District - Alappuzha (11),Rural,0-9,130095,66407,63688,130095,66407,63688,0,0,0,0,0,0,0,0,0,0,0,0,0,0,0
32,598,District - Alappuzha (11),Rural,10-14,75794,38585,37209,74705,38257,36448,984,286,698,48,13,35,56,28,28,1,1,0,0,0,0
32,598,District - Alappuzha (11),Rural,15-19,67440,34562,32878,64262,33965,30297,3047,561,2486,86,22,64,40,13,27,5,1,4,0,0,0
32,598,District - Alappuzha (11),Rural,20-24,66024,32797,33227,47110,30116,16994,18687,2642,16045,120,23,97,90,15,75,17,1,16,0,0,0
32,598,District - Alappuzha (11),Rural,25-29,68401,30811,37590,24806,19821,4985,42957,10895,32062,293,39,254,257,48,209,88,8,80,0,0,0
32,598,District - Alappuzha (11),Rural,30-34,70407,32173,38234,9374,7682,1692,59743,24238,35505,618,83,535,531,131,400,141,39,102,0,0,0
32,598,District - Alappuzha (11),Rural,35-39,76655,33788,42867,3841,2577,1264,70579,30795,39784,1273,138,1135,775,217,558,187,61,126,0,0,0
32,598,District - Alappuzha (11),Rural,40-44,74248,33787,40461,2146,1178,968,68893,32110,36783,2250,225,2025,784,220,564,175,54,121,0,0,0
32,598,District - Alappuzha (11),Rural,45-49,74469,34478,39991,1750,816,934,67882,33115,34767,3857,306,3551,844,210,634,136,31,105,0,0,0
32,598,District - Alappuzha (11),Rural,50-54,61638,28953,32685,1483,599,884,54308,27785,26523,5064,391,4673,677,161,516,106,17,89,0,0,0
32,598,District - Alappuzha (11),Rural,55-59,59360,28900,30460,1231,460,771,50427,27671,22756,7062,623,6439,549,129,420,91,17,74,0,0,0
32,598,District - Alappuzha (11),Rural,60-64,50245,24201,26044,1136,383,753,38778,22825,15953,9846,888,8958,398,81,317,87,24,63,0,0,0
32,598,District - Alappuzha (11),Rural,65-69,35201,16358,18843,927,325,602,24002,14985,9017,10015,987,9028,212,56,156,45,5,40,0,0,0
32,598,District - Alappuzha (11),Rural,70-74,26762,11943,14819,717,255,462,15579,10439,5140,10317,1209,9108,129,38,91,20,2,18,0,0,0
32,598,District - Alappuzha (11),Rural,75-79,19352,8092,11260,529,187,342,9407,6677,2730,9319,1201,8118,81,23,58,16,4,12,0,0,0
32,598,District - Alappuzha (11),Rural,80+,22317,8290,14027,619,241,378,7275,5563,1712,14349,2458,11891,63,25,38,11,3,8,0,0,0
32,598,District - Alappuzha (11),Rural,Age not stated,1235,588,647,550,311,239,584,259,325,97,16,81,3,1,2,1,1,0,0,0,0
32,598,District - Alappuzha (11),Rural,Less than 18,247346,126142,121204,244876,125481,119395,2286,599,1687,103,24,79,76,36,40,5,2,3,0,0,0
32,598,District - Alappuzha (11),Rural,Less than 21,286757,146605,140152,280390,145306,135084,6099,1213,4886,154,42,112,108,42,66,6,2,4,0,0,0
32,598,District - Alappuzha (11),Urban,All ages,1148146,548429,599717,429247,239969,189278,625654,297439,328215,84924,8934,75990,6675,1708,4967,1646,379,1267,0,0,0
32,598,District - Alappuzha (11),Urban,0-9,150637,77304,73333,150637,77304,73333,0,0,0,0,0,0,0,0,0,0,0,0,0,0,0
32,598,District - Alappuzha (11),Urban,10-14,89753,45694,44059,88559,45344,43215,1118,322,796,37,12,25,38,16,22,1,0,1,0,0,0
32,598,District - Alappuzha (11),Urban,15-19,80068,40990,39078,76103,40316,35787,3876,642,3234,55,17,38,32,15,17,2,0,2,0,0,0
32,598,District - Alappuzha (11),Urban,20-24,80734,39682,41052,56560,36137,20423,23873,3507,20366,138,18,120,130,17,113,33,3,30,0,0,0
32,598,District - Alappuzha (11),Urban,25-29,82566,38706,43860,29331,23839,5492,52409,14729,37680,326,35,291,384,87,297,116,16,100,0,0,0
32,598,District - Alappuzha (11),Urban,30-34,83058,38265,44793,10382,8481,1901,71151,29472,41679,693,88,605,634,176,458,198,48,150,0,0,0
32,598,District - Alappuzha (11),Urban,35-39,92211,41241,50970,4524,3062,1462,85022,37701,47321,1453,148,1305,948,269,679,264,61,203,0,0,0
32,598,District - Alappuzha (11),Urban,40-44,89458,41115,48343,2636,1416,1220,82932,39137,43795,2616,198,2418,1004,277,727,270,87,183,0,0,0
32,598,District - Alappuzha (11),Urban,45-49,88016,41066,46950,2064,904,1160,80323,39597,40726,4408,287,4121,991,223,768,230,55,175,0,0,0
32,598,District - Alappuzha (11),Urban,50-54,73288,34908,38380,1768,639,1129,64568,33597,30971,6023,444,5579,761,195,566,168,33,135,0,0,0
32,598,District - Alappuzha (11),Urban,55-59,69059,33976,35083,1580,591,989,58225,32480,25745,8488,735,7753,638,143,495,128,27,101,0,0,0
32,598,District - Alappuzha (11),Urban,60-64,56815,27566,29249,1478,480,998,43096,25971,17125,11641,978,10663,494,113,381,106,24,82,0,0,0
32,598,District - Alappuzha (11),Urban,65-69,38722,17684,21038,996,322,674,25631,16235,9396,11775,1053,10722,264,63,201,56,11,45,0,0,0
32,598,District - Alappuzha (11),Urban,70-74,29571,13017,16554,826,305,521,16375,11358,5017,12166,1308,10858,171,43,128,33,3,30,0,0,0
32,598,District - Alappuzha (11),Urban,75-79,20433,8465,11968,612,240,372,9487,6961,2526,10208,1213,8995,108,45,63,18,6,12,0,0,0
32,598,District - Alappuzha (11),Urban,80+,22828,8291,14537,777,327,450,7171,5546,1625,14790,2390,12400,71,23,48,19,5,14,0,0,0
32,598,District - Alappuzha (11),Urban,Age not stated,929,459,470,414,262,152,397,184,213,107,10,97,7,3,4,4,0,4,0,0,0
32,598,District - Alappuzha (11),Urban,Less than 18,289102,147840,141262,286200,147131,139069,2773,662,2111,72,21,51,55,26,29,2,0,2,0,0,0
32,598,District - Alappuzha (11),Urban,Less than 21,336832,172245,164587,328866,170768,158098,7772,1414,6358,107,31,76,80,31,49,7,1,6,0,0,0
32,599,District - Pathanamthitta (12),Total,All ages,1197412,561716,635696,432053,238985,193068,656164,306405,349759,98903,13369,85534,8700,2508,6192,1592,449,1143,0,0,0
32,599,District - Pathanamthitta (12),Total,0-9,143355,72885,70470,143355,72885,70470,0,0,0,0,0,0,0,0,0,0,0,0,0,0,0
32,599,District - Pathanamthitta (12),Total,10-14,89315,45295,44020,87926,44831,43095,1294,423,871,54,18,36,39,22,17,2,1,1,0,0,0
32,599,District - Pathanamthitta (12),Total,15-19,84509,43388,41121,80759,42583,38176,3614,764,2850,86,25,61,46,15,31,4,1,3,0,0,0
32,599,District - Pathanamthitta (12),Total,20-24,82770,41860,40910,62699,38276,24423,19761,3524,16237,159,33,126,133,26,107,18,1,17,0,0,0
32,599,District - Pathanamthitta (12),Total,25-29,79258,36071,43187,30031,22856,7175,48241,13034,35207,373,72,301,503,90,413,110,19,91,0,0,0
32,599,District - Pathanamthitta (12),Total,30-34,78280,34401,43879,10593,8476,2117,65780,25497,40283,822,127,695,872,255,617,213,46,167,0,0,0
32,599,District - Pathanamthitta (12),Total,35-39,87475,37466,50009,4391,3081,1310,79965,33731,46234,1645,192,1453,1226,391,835,248,71,177,0,0,0
32,599,District - Pathanamthitta (12),Total,40-44,88083,38251,49832,2464,1525,939,80988,35951,45037,3024,292,2732,1346,388,958,261,95,166,0,0,0
32,599,District - Pathanamthitta (12),Total,45-49,92323,41026,51297,2078,1070,1008,83513,39028,44485,5105,429,4676,1408,420,988,219,79,140,0,0,0
32,599,District - Pathanamthitta (12),Total,50-54,79426,36511,42915,1590,740,850,69598,34756,34842,7041,680,6361,1018,291,727,179,44,135,0,0,0
32,599,District - Pathanamthitta (12),Total,55-59,78078,37255,40823,1404,616,788,66356,35455,30901,9349,922,8427,840,229,611,129,33,96,0,0,0
32,599,District - Pathanamthitta (12),Total,60-64,64733,31189,33544,1255,523,732,50952,29191,21761,11901,1284,10617,537,166,371,88,25,63,0,0,0
32,599,District - Pathanamthitta (12),Total,65-69,48508,22448,26060,908,363,545,34676,20592,14084,12534,1385,11149,335,93,242,55,15,40,0,0,0
32,599,District - Pathanamthitta (12),Total,70-74,37326,17014,20312,735,281,454,23352,14945,8407,13015,1726,11289,192,53,139,32,9,23,0,0,0
32,599,District - Pathanamthitta (12),Total,75-79,28439,12294,16145,564,236,328,15129,10129,5000,12625,1891,10734,104,35,69,17,3,14,0,0,0
32,599,District - Pathanamthitta (12),Total,80+,34377,13761,20616,743,285,458,12491,9166,3325,21037,4276,16761,89,27,62,17,7,10,0,0,0
32,599,District - Pathanamthitta (12),Total,Age not stated,1157,601,556,558,358,200,454,219,235,133,17,116,12,7,5,0,0,0,0,0,0
32,599,District - Pathanamthitta (12),Total,Less than 18,285109,144664,140445,281854,143760,138094,3072,838,2234,107,32,75,72,33,39,4,1,3,0,0,0
32,599,District - Pathanamthitta (12),Total,Less than 21,333925,170458,163467,326491,168722,157769,7161,1644,5517,162,47,115,103,43,60,8,2,6,0,0,0
32,599,District - Pathanamthitta (12),Rural,All ages,1065799,499820,565979,383109,212216,170893,585032,272939,312093,88432,12012,76420,7841,2252,5589,1385,401,984,0,0,0
32,599,District - Pathanamthitta (12),Rural,0-9,127478,64781,62697,127478,64781,62697,0,0,0,0,0,0,0,0,0,0,0,0,0,0,0
32,599,District - Pathanamthitta (12),Rural,10-14,79409,40300,39109,78178,39894,38284,1148,374,774,50,15,35,32,17,15,1,0,1,0,0,0
32,599,District - Pathanamthitta (12),Rural,15-19,75162,38609,36553,71780,37884,33896,3265,692,2573,73,21,52,41,12,29,3,0,3,0,0,0
32,599,District - Pathanamthitta (12),Rural,20-24,73313,37182,36131,55362,33965,21397,17674,3166,14508,142,27,115,119,24,95,16,0,16,0,0,0
32,599,District - Pathanamthitta (12),Rural,25-29,70534,32092,38442,26559,20264,6295,43092,11668,31424,334,62,272,452,80,372,97,18,79,0,0,0
32,599,District - Pathanamthitta (12),Rural,30-34,69511,30511,39000,9390,7541,1849,58421,22579,35842,728,117,611,786,232,554,186,42,144,0,0,0
32,599,District - Pathanamthitta (12),Rural,35-39,77761,33280,44481,3817,2700,1117,71120,29978,41142,1481,176,1305,1121,359,762,222,67,155,0,0,0
32,599,District - Pathanamthitta (12),Rural,40-44,78534,33971,44563,2116,1310,806,72279,31972,40307,2695,259,2436,1224,348,876,220,82,138,0,0,0
32,599,District - Pathanamthitta (12),Rural,45-49,82568,36622,45946,1812,951,861,74719,34829,39890,4575,397,4178,1267,375,892,195,70,125,0,0,0
32,599,District - Pathanamthitta (12),Rural,50-54,70874,32577,38297,1365,634,731,62171,31034,31137,6281,606,5675,910,265,645,147,38,109,0,0,0
32,599,District - Pathanamthitta (12),Rural,55-59,69688,33238,36450,1209,537,672,59227,31635,27592,8385,831,7554,755,204,551,112,31,81,0,0,0
32,599,District - Pathanamthitta (12),Rural,60-64,57689,27841,29848,1094,467,627,45420,26055,19365,10617,1150,9467,481,148,333,77,21,56,0,0,0
32,599,District - Pathanamthitta (12),Rural,65-69,43148,19972,23176,774,313,461,30769,18329,12440,11255,1234,10021,302,83,219,48,13,35,0,0,0
32,599,District - Pathanamthitta (12),Rural,70-74,33081,15038,18043,608,248,360,20682,13205,7477,11593,1532,10061,168,44,124,30,9,21,0,0,0
32,599,District - Pathanamthitta (12),Rural,75-79,25320,10994,14326,478,202,276,13455,9041,4414,11275,1715,9560,96,33,63,16,3,13,0,0,0
32,599,District - Pathanamthitta (12),Rural,80+,30726,12300,18426,617,232,385,11190,8185,3005,18827,3854,14973,77,22,55,15,7,8,0,0,0
32,599,District - Pathanamthitta (12),Rural,Age not stated,1003,512,491,472,293,179,400,197,203,121,16,105,10,6,4,0,0,0,0,0,0
32,599,District - Pathanamthitta (12),Rural,Less than 18,253577,128663,124914,250659,127857,122802,2760,755,2005,92,25,67,63,26,37,3,0,3,0,0,0
32,599,District - Pathanamthitta (12),Rural,Less than 21,296942,151625,145317,290274,150075,140199,6431,1477,4954,143,39,104,88,34,54,6,0,6,0,0,0
32,599,District - Pathanamthitta (12),Urban,All ages,131613,61896,69717,48944,26769,22175,71132,33466,37666,10471,1357,9114,859,256,603,207,48,159,0,0,0
32,599,District - Pathanamthitta (12),Urban,0-9,15877,8104,7773,15877,8104,7773,0,0,0,0,0,0,0,0,0,0,0,0,0,0,0
32,599,District - Pathanamthitta (12),Urban,10-14,9906,4995,4911,9748,4937,4811,146,49,97,4,3,1,7,5,2,1,1,0,0,0,0
32,599,District - Pathanamthitta (12),Urban,15-19,9347,4779,4568,8979,4699,4280,349,72,277,13,4,9,5,3,2,1,1,0,0,0,0
32,599,District - Pathanamthitta (12),Urban,20-24,9457,4678,4779,7337,4311,3026,2087,358,1729,17,6,11,14,2,12,2,1,1,0,0,0
32,599,District - Pathanamthitta (12),Urban,25-29,8724,3979,4745,3472,2592,880,5149,1366,3783,39,10,29,51,10,41,13,1,12,0,0,0
32,599,District - Pathanamthitta (12),Urban,30-34,8769,3890,4879,1203,935,268,7359,2918,4441,94,10,84,86,23,63,27,4,23,0,0,0
32,599,District - Pathanamthitta (12),Urban,35-39,9714,4186,5528,574,381,193,8845,3753,5092,164,16,148,105,32,73,26,4,22,0,0,0
32,599,District - Pathanamthitta (12),Urban,40-44,9549,4280,5269,348,215,133,8709,3979,4730,329,33,296,122,40,82,41,13,28,0,0,0
32,599,District - Pathanamthitta (12),Urban,45-49,9755,4404,5351,266,119,147,8794,4199,4595,530,32,498,141,45,96,24,9,15,0,0,0
32,599,District - Pathanamthitta (12),Urban,50-54,8552,3934,4618,225,106,119,7427,3722,3705,760,74,686,108,26,82,32,6,26,0,0,0
32,599,District - Pathanamthitta (12),Urban,55-59,8390,4017,4373,195,79,116,7129,3820,3309,964,91,873,85,25,60,17,2,15,0,0,0
32,599,District - Pathanamthitta (12),Urban,60-64,7044,3348,3696,161,56,105,5532,3136,2396,1284,134,1150,56,18,38,11,4,7,0,0,0
32,599,District - Pathanamthitta (12),Urban,65-69,5360,2476,2884,134,50,84,3907,2263,1644,1279,151,1128,33,10,23,7,2,5,0,0,0
32,599,District - Pathanamthitta (12),Urban,70-74,4245,1976,2269,127,33,94,2670,1740,930,1422,194,1228,24,9,15,2,0,2,0,0,0
32,599,District - Pathanamthitta (12),Urban,75-79,3119,1300,1819,86,34,52,1674,1088,586,1350,176,1174,8,2,6,1,0,1,0,0,0
32,599,District - Pathanamthitta (12),Urban,80+,3651,1461,2190,126,53,73,1301,981,320,2210,422,1788,12,5,7,2,0,2,0,0,0
32,599,District - Pathanamthitta (12),Urban,Age not stated,154,89,65,86,65,21,54,22,32,12,1,11,2,1,1,0,0,0,0,0,0
32,599,District - Pathanamthitta (12),Urban,Less than 18,31532,16001,15531,31195,15903,15292,312,83,229,15,7,8,9,7,2,1,1,0,0,0,0
32,599,District - Pathanamthitta (12),Urban,Less than 21,36983,18833,18150,36217,18647,17570,730,167,563,19,8,11,15,9,6,2,2,0,0,0,0
32,600,District - Kollam (13),Total,All ages,2635375,1246968,1388407,1015978,572065,443913,1396875,647561,749314,195248,21160,174088,23131,5255,17876,4143,927,3216,0,0,0
32,600,District - Kollam (13),Total,0-9,370586,188107,182479,370586,188107,182479,0,0,0,0,0,0,0,0,0,0,0,0,0,0,0
32,600,District - Kollam (13),Total,10-14,212437,108388,104049,209667,107530,102137,2581,797,1784,90,17,73,92,39,53,7,5,2,0,0,0
32,600,District - Kollam (13),Total,15-19,194497,98395,96102,183462,96779,86683,10734,1545,9189,183,43,140,107,27,80,11,1,10,0,0,0
32,600,District - Kollam (13),Total,20-24,199854,95208,104646,131604,87092,44512,67275,7976,59299,423,70,353,462,61,401,90,9,81,0,0,0
32,600,District - Kollam (13),Total,25-29,199985,89590,110395,65156,53891,11265,132120,35317,96803,1027,123,904,1371,231,1140,311,28,283,0,0,0
32,600,District - Kollam (13),Total,30-34,195866,88041,107825,23084,19247,3837,167731,67855,99876,2141,265,1876,2439,572,1867,471,102,369,0,0,0
32,600,District - Kollam (13),Total,35-39,210925,93671,117254,9445,7014,2431,192795,85157,107638,4587,412,4175,3443,906,2537,655,182,473,0,0,0
32,600,District - Kollam (13),Total,40-44,194318,87448,106870,5253,3410,1843,177221,82464,94757,7639,597,7042,3539,807,2732,666,170,496,0,0,0
32,600,District - Kollam (13),Total,45-49,194136,89847,104289,3983,2342,1641,173498,85711,87787,12383,863,11520,3650,788,2862,622,143,479,0,0,0
32,600,District - Kollam (13),Total,50-54,159033,75188,83845,3020,1563,1457,136400,71748,64652,16395,1204,15191,2742,566,2176,476,107,369,0,0,0
32,600,District - Kollam (13),Total,55-59,151920,74390,77530,2804,1366,1438,124518,70609,53909,22032,1864,20168,2221,483,1738,345,68,277,0,0,0
32,600,District - Kollam (13),Total,60-64,117038,56968,60070,2282,1039,1243,87372,53190,34182,25811,2394,23417,1355,307,1048,218,38,180,0,0,0
32,600,District - Kollam (13),Total,65-69,85527,39780,45747,1678,791,887,56568,36145,20423,26350,2593,23757,812,217,595,119,34,85,0,0,0
32,600,District - Kollam (13),Total,70-74,61775,27341,34434,1248,574,674,33989,23624,10365,26007,3006,23001,458,118,340,73,19,54,0,0,0
32,600,District - Kollam (13),Total,75-79,40849,17021,23828,823,360,463,19080,13910,5170,20660,2674,17986,249,69,180,37,8,29,0,0,0
32,600,District - Kollam (13),Total,80+,44823,16696,28127,1038,445,593,14258,11174,3084,29328,5012,24316,164,54,110,35,11,24,0,0,0
32,600,District - Kollam (13),Total,Age not stated,1806,889,917,845,515,330,735,339,396,192,23,169,27,10,17,7,2,5,0,0,0
32,600,District - Kollam (13),Total,Less than 18,700853,355979,344874,694227,354211,340016,6260,1663,4597,218,45,173,138,54,84,10,6,4,0,0,0
32,600,District - Kollam (13),Total,Less than 21,818173,415167,403006,796090,411712,384378,21491,3301,18190,329,74,255,240,73,167,23,7,16,0,0,0
32,600,District - Kollam (13),Rural,All ages,1448217,680687,767530,551290,309498,241792,768151,355016,413135,112339,12346,99993,14217,3311,10906,2220,516,1704,0,0,0
32,600,District - Kollam (13),Rural,0-9,200618,101744,98874,200618,101744,98874,0,0,0,0,0,0,0,0,0,0,0,0,0,0,0
32,600,District - Kollam (13),Rural,10-14,116022,59014,57008,114487,58519,55968,1424,459,965,56,10,46,52,24,28,3,2,1,0,0,0
32,600,District - Kollam (13),Rural,15-19,105616,53387,52229,99590,52459,47131,5842,882,4960,117,25,92,64,20,44,3,1,2,0,0,0
32,600,District - Kollam (13),Rural,20-24,107485,51140,56345,70671,46705,23966,36236,4341,31895,253,47,206,282,43,239,43,4,39,0,0,0
32,600,District - Kollam (13),Rural,25-29,107535,47774,59761,34828,28792,6036,71148,18751,52397,611,69,542,789,150,639,159,12,147,0,0,0
32,600,District - Kollam (13),Rural,30-34,105385,46897,58488,12678,10455,2223,89813,35908,53905,1235,153,1082,1423,323,1100,236,58,178,0,0,0
32,600,District - Kollam (13),Rural,35-39,114328,50125,64203,5261,3849,1412,103912,45387,58525,2683,219,2464,2115,566,1549,357,104,253,0,0,0
32,600,District - Kollam (13),Rural,40-44,106818,47316,59502,2973,1876,1097,96802,44498,52304,4492,343,4149,2190,506,1684,361,93,268,0,0,0
32,600,District - Kollam (13),Rural,45-49,108666,49841,58825,2240,1292,948,96527,47446,49081,7303,532,6771,2260,492,1768,336,79,257,0,0,0
32,600,District - Kollam (13),Rural,50-54,88917,41693,47224,1705,862,843,75808,39737,36071,9434,680,8754,1725,361,1364,245,53,192,0,0,0
32,600,District - Kollam (13),Rural,55-59,85327,41420,43907,1700,821,879,69447,39161,30286,12595,1073,11522,1381,318,1063,204,47,157,0,0,0
32,600,District - Kollam (13),Rural,60-64,65555,31806,33749,1327,594,733,48835,29612,19223,14439,1374,13065,832,206,626,122,20,102,0,0,0
32,600,District - Kollam (13),Rural,65-69,48926,22496,26430,984,447,537,32329,20368,11961,15009,1519,13490,527,137,390,77,25,52,0,0,0
32,600,District - Kollam (13),Rural,70-74,35428,15633,19795,719,350,369,19671,13488,6183,14700,1704,12996,300,82,218,38,9,29,0,0,0
32,600,District - Kollam (13),Rural,75-79,23841,9897,13944,475,208,267,11285,8059,3226,11906,1580,10326,159,46,113,16,4,12,0,0,0
32,600,District - Kollam (13),Rural,80+,26752,10029,16723,548,240,308,8686,6746,1940,17402,3008,14394,101,31,70,15,4,11,0,0,0
32,600,District - Kollam (13),Rural,Age not stated,998,475,523,486,285,201,386,173,213,104,10,94,17,6,11,5,1,4,0,0,0
32,600,District - Kollam (13),Rural,Less than 18,381042,193230,187812,377335,192213,185122,3484,952,2532,139,27,112,79,35,44,5,3,2,0,0,0
32,600,District - Kollam (13),Rural,Less than 21,444419,225193,219226,432289,223238,209051,11770,1856,9914,210,45,165,141,50,91,9,4,5,0,0,0
32,600,District - Kollam (13),Urban,All ages,1187158,566281,620877,464688,262567,202121,628724,292545,336179,82909,8814,74095,8914,1944,6970,1923,411,1512,0,0,0
32,600,District - Kollam (13),Urban,0-9,169968,86363,83605,169968,86363,83605,0,0,0,0,0,0,0,0,0,0,0,0,0,0,0
32,600,District - Kollam (13),Urban,10-14,96415,49374,47041,95180,49011,46169,1157,338,819,34,7,27,40,15,25,4,3,1,0,0,0
32,600,District - Kollam (13),Urban,15-19,88881,45008,43873,83872,44320,39552,4892,663,4229,66,18,48,43,7,36,8,0,8,0,0,0
32,600,District - Kollam (13),Urban,20-24,92369,44068,48301,60933,40387,20546,31039,3635,27404,170,23,147,180,18,162,47,5,42,0,0,0
32,600,District - Kollam (13),Urban,25-29,92450,41816,50634,30328,25099,5229,60972,16566,44406,416,54,362,582,81,501,152,16,136,0,0,0
32,600,District - Kollam (13),Urban,30-34,90481,41144,49337,10406,8792,1614,77918,31947,45971,906,112,794,1016,249,767,235,44,191,0,0,0
32,600,District - Kollam (13),Urban,35-39,96597,43546,53051,4184,3165,1019,88883,39770,49113,1904,193,1711,1328,340,988,298,78,220,0,0,0
32,600,District - Kollam (13),Urban,40-44,87500,40132,47368,2280,1534,746,80419,37966,42453,3147,254,2893,1349,301,1048,305,77,228,0,0,0
32,600,District - Kollam (13),Urban,45-49,85470,40006,45464,1743,1050,693,76971,38265,38706,5080,331,4749,1390,296,1094,286,64,222,0,0,0
32,600,District - Kollam (13),Urban,50-54,70116,33495,36621,1315,701,614,60592,32011,28581,6961,524,6437,1017,205,812,231,54,177,0,0,0
32,600,District - Kollam (13),Urban,55-59,66593,32970,33623,1104,545,559,55071,31448,23623,9437,791,8646,840,165,675,141,21,120,0,0,0
32,600,District - Kollam (13),Urban,60-64,51483,25162,26321,955,445,510,38537,23578,14959,11372,1020,10352,523,101,422,96,18,78,0,0,0
32,600,District - Kollam (13),Urban,65-69,36601,17284,19317,694,344,350,24239,15777,8462,11341,1074,10267,285,80,205,42,9,33,0,0,0
32,600,District - Kollam (13),Urban,70-74,26347,11708,14639,529,224,305,14318,10136,4182,11307,1302,10005,158,36,122,35,10,25,0,0,0
32,600,District - Kollam (13),Urban,75-79,17008,7124,9884,348,152,196,7795,5851,1944,8754,1094,7660,90,23,67,21,4,17,0,0,0
32,600,District - Kollam (13),Urban,80+,18071,6667,11404,490,205,285,5572,4428,1144,11926,2004,9922,63,23,40,20,7,13,0,0,0
32,600,District - Kollam (13),Urban,Age not stated,808,414,394,359,230,129,349,166,183,88,13,75,10,4,6,2,1,1,0,0,0
32,600,District - Kollam (13),Urban,Less than 18,319811,162749,157062,316892,161998,154894,2776,711,2065,79,18,61,59,19,40,5,3,2,0,0,0
32,600,District - Kollam (13),Urban,Less than 21,373754,189974,183780,363801,188474,175327,9721,1445,8276,119,29,90,99,23,76,14,3,11,0,0,0
32,601,District - Thiruvananthapuram (14),Total,All ages,3301427,1581678,1719749,1282362,721662,560700,1742758,824423,918335,238529,27546,210983,32589,6887,25702,5189,1160,4029,0,0,0
32,601,District - Thiruvananthapuram (14),Total,0-9,444034,225774,218260,444034,225774,218260,0,0,0,0,0,0,0,0,0,0,0,0,0,0,0
32,601,District - Thiruvananthapuram (14),Total,10-14,263246,134006,129240,259587,132884,126703,3390,1021,2369,166,47,119,93,50,43,10,4,6,0,0,0
32,601,District - Thiruvananthapuram (14),Total,15-19,255313,128688,126625,240220,126493,113727,14683,2081,12602,267,62,205,129,49,80,14,3,11,0,0,0
32,601,District - Thiruvananthapuram (14),Total,20-24,266969,128374,138595,178234,115808,62426,87534,12390,75144,558,100,458,544,70,474,99,6,93,0,0,0
32,601,District - Thiruvananthapuram (14),Total,25-29,258879,120193,138686,85567,69774,15793,170047,49928,120119,1314,194,1120,1622,256,1366,329,41,288,0,0,0
32,601,District - Thiruvananthapuram (14),Total,30-34,245395,114711,130684,29465,24293,5172,209775,89276,120499,2680,351,2329,2903,659,2244,572,132,440,0,0,0
32,601,District - Thiruvananthapuram (14),Total,35-39,257169,117565,139604,12428,9295,3133,234213,106483,127730,5530,621,4909,4162,950,3212,836,216,620,0,0,0
32,601,District - Thiruvananthapuram (14),Total,40-44,241071,110566,130505,7284,4875,2409,218511,103641,114870,9523,768,8755,4949,1083,3866,804,199,605,0,0,0
32,601,District - Thiruvananthapuram (14),Total,45-49,245603,114946,130657,5610,3234,2376,217468,109172,108296,16199,1270,14929,5525,1097,4428,801,173,628,0,0,0
32,601,District - Thiruvananthapuram (14),Total,50-54,202305,96880,105425,4495,2238,2257,171961,91945,80016,20966,1738,19228,4274,836,3438,609,123,486,0,0,0
32,601,District - Thiruvananthapuram (14),Total,55-59,188288,92084,96204,4025,1809,2216,152933,87042,65891,27353,2452,24901,3498,674,2824,479,107,372,0,0,0
32,601,District - Thiruvananthapuram (14),Total,60-64,147631,70801,76830,3212,1327,1885,109288,65695,43593,32665,3249,29416,2180,461,1719,286,69,217,0,0,0
32,601,District - Thiruvananthapuram (14),Total,65-69,108793,51008,57785,2390,974,1416,71042,46072,24970,33826,3620,30206,1348,292,1056,187,50,137,0,0,0
32,601,District - Thiruvananthapuram (14),Total,70-74,74670,34347,40323,1642,699,943,41602,29495,12107,30662,3937,26725,700,200,500,64,16,48,0,0,0
32,601,District - Thiruvananthapuram (14),Total,75-79,48531,20882,27649,1099,504,595,22554,16769,5785,24443,3477,20966,381,123,258,54,9,45,0,0,0
32,601,District - Thiruvananthapuram (14),Total,80+,49806,19029,30777,1257,585,672,16217,12746,3471,32044,5613,26431,248,75,173,40,10,30,0,0,0
32,601,District - Thiruvananthapuram (14),Total,Age not stated,3724,1824,1900,1813,1096,717,1540,667,873,333,47,286,33,12,21,5,2,3,0,0,0
32,601,District - Thiruvananthapuram (14),Total,Less than 18,859910,436782,423128,850728,434442,416286,8658,2164,6494,349,89,260,161,82,79,14,5,9,0,0,0
32,601,District - Thiruvananthapuram (14),Total,Less than 21,1017034,515389,501645,987475,510687,476788,28725,4459,24266,524,124,400,279,112,167,31,7,24,0,0,0
32,601,District - Thiruvananthapuram (14),Rural,All ages,1529831,724864,804967,601345,338269,263076,793326,370105,423221,114870,12370,102500,17887,3624,14263,2403,496,1907,0,0,0
32,601,District - Thiruvananthapuram (14),Rural,0-9,214061,108847,105214,214061,108847,105214,0,0,0,0,0,0,0,0,0,0,0,0,0,0,0
32,601,District - Thiruvananthapuram (14),Rural,10-14,127187,64370,62817,125397,63828,61569,1658,492,1166,83,26,57,46,23,23,3,1,2,0,0,0
32,601,District - Thiruvananthapuram (14),Rural,15-19,121351,60884,60467,113609,59854,53755,7525,970,6555,138,32,106,73,26,47,6,2,4,0,0,0
32,601,District - Thiruvananthapuram (14),Rural,20-24,123993,58514,65479,78847,52615,26232,44535,5812,38723,267,54,213,291,30,261,53,3,50,0,0,0
32,601,District - Thiruvananthapuram (14),Rural,25-29,120323,55294,65029,37780,31650,6130,80835,23397,57438,680,102,578,867,127,740,161,18,143,0,0,0
32,601,District - Thiruvananthapuram (14),Rural,30-34,113821,52830,60991,12805,10693,2112,97919,41584,56335,1354,178,1176,1522,316,1206,221,59,162,0,0,0
32,601,District - Thiruvananthapuram (14),Rural,35-39,116874,52323,64551,4967,3675,1292,106517,47777,58740,2748,296,2452,2285,485,1800,357,90,267,0,0,0
32,601,District - Thiruvananthapuram (14),Rural,40-44,108499,48311,60188,2918,1882,1036,97686,45482,52204,4832,333,4499,2695,539,2156,368,75,293,0,0,0
32,601,District - Thiruvananthapuram (14),Rural,45-49,112551,51799,60752,2409,1332,1077,98562,49203,49359,8167,591,7576,3029,586,2443,384,87,297,0,0,0
32,601,District - Thiruvananthapuram (14),Rural,50-54,91642,43366,48276,1956,918,1038,76748,41128,35620,10252,814,9438,2394,458,1936,292,48,244,0,0,0
32,601,District - Thiruvananthapuram (14),Rural,55-59,84933,41272,43661,1733,749,984,67674,39000,28674,13265,1097,12168,2025,378,1647,236,48,188,0,0,0
32,601,District - Thiruvananthapuram (14),Rural,60-64,65489,30983,34506,1375,548,827,47145,28696,18449,15678,1469,14209,1145,243,902,146,27,119,0,0,0
32,601,District - Thiruvananthapuram (14),Rural,65-69,49478,22679,26799,1051,422,629,31200,20417,10783,16384,1646,14738,757,171,586,86,23,63,0,0,0
32,601,District - Thiruvananthapuram (14),Rural,70-74,33022,14779,18243,638,283,355,17576,12664,4912,14384,1707,12677,389,119,270,35,6,29,0,0,0
32,601,District - Thiruvananthapuram (14),Rural,75-79,21768,9052,12716,440,196,244,9709,7311,2398,11387,1473,9914,200,67,133,32,5,27,0,0,0
32,601,District - Thiruvananthapuram (14),Rural,80+,23078,8679,14399,483,230,253,7341,5870,1471,15084,2529,12555,151,48,103,19,2,17,0,0,0
32,601,District - Thiruvananthapuram (14),Rural,Age not stated,1761,882,879,876,547,329,696,302,394,167,23,144,18,8,10,4,2,2,0,0,0
32,601,District - Thiruvananthapuram (14),Rural,Less than 18,413806,209581,204225,409386,208479,200907,4153,1012,3141,177,47,130,86,41,45,4,2,2,0,0,0
32,601,District - Thiruvananthapuram (14),Rural,Less than 21,488158,246564,241594,473009,244359,228650,14728,2084,12644,259,66,193,148,52,96,14,3,11,0,0,0
32,601,District - Thiruvananthapuram (14),Urban,All ages,1771596,856814,914782,681017,383393,297624,949432,454318,495114,123659,15176,108483,14702,3263,11439,2786,664,2122,0,0,0
32,601,District - Thiruvananthapuram (14),Urban,0-9,229973,116927,113046,229973,116927,113046,0,0,0,0,0,0,0,0,0,0,0,0,0,0,0
32,601,District - Thiruvananthapuram (14),Urban,10-14,136059,69636,66423,134190,69056,65134,1732,529,1203,83,21,62,47,27,20,7,3,4,0,0,0
32,601,District - Thiruvananthapuram (14),Urban,15-19,133962,67804,66158,126611,66639,59972,7158,1111,6047,129,30,99,56,23,33,8,1,7,0,0,0
32,601,District - Thiruvananthapuram (14),Urban,20-24,142976,69860,73116,99387,63193,36194,42999,6578,36421,291,46,245,253,40,213,46,3,43,0,0,0
32,601,District - Thiruvananthapuram (14),Urban,25-29,138556,64899,73657,47787,38124,9663,89212,26531,62681,634,92,542,755,129,626,168,23,145,0,0,0
32,601,District - Thiruvananthapuram (14),Urban,30-34,131574,61881,69693,16660,13600,3060,111856,47692,64164,1326,173,1153,1381,343,1038,351,73,278,0,0,0
32,601,District - Thiruvananthapuram (14),Urban,35-39,140295,65242,75053,7461,5620,1841,127696,58706,68990,2782,325,2457,1877,465,1412,479,126,353,0,0,0
32,601,District - Thiruvananthapuram (14),Urban,40-44,132572,62255,70317,4366,2993,1373,120825,58159,62666,4691,435,4256,2254,544,1710,436,124,312,0,0,0
32,601,District - Thiruvananthapuram (14),Urban,45-49,133052,63147,69905,3201,1902,1299,118906,59969,58937,8032,679,7353,2496,511,1985,417,86,331,0,0,0
32,601,District - Thiruvananthapuram (14),Urban,50-54,110663,53514,57149,2539,1320,1219,95213,50817,44396,10714,924,9790,1880,378,1502,317,75,242,0,0,0
32,601,District - Thiruvananthapuram (14),Urban,55-59,103355,50812,52543,2292,1060,1232,85259,48042,37217,14088,1355,12733,1473,296,1177,243,59,184,0,0,0
32,601,District - Thiruvananthapuram (14),Urban,60-64,82142,39818,42324,1837,779,1058,62143,36999,25144,16987,1780,15207,1035,218,817,140,42,98,0,0,0
32,601,District - Thiruvananthapuram (14),Urban,65-69,59315,28329,30986,1339,552,787,39842,25655,14187,17442,1974,15468,591,121,470,101,27,74,0,0,0
32,601,District - Thiruvananthapuram (14),Urban,70-74,41648,19568,22080,1004,416,588,24026,16831,7195,16278,2230,14048,311,81,230,29,10,19,0,0,0
32,601,District - Thiruvananthapuram (14),Urban,75-79,26763,11830,14933,659,308,351,12845,9458,3387,13056,2004,11052,181,56,125,22,4,18,0,0,0
32,601,District - Thiruvananthapuram (14),Urban,80+,26728,10350,16378,774,355,419,8876,6876,2000,16960,3084,13876,97,27,70,21,8,13,0,0,0
32,601,District - Thiruvananthapuram (14),Urban,Age not stated,1963,942,1021,937,549,388,844,365,479,166,24,142,15,4,11,1,0,1,0,0,0
32,601,District - Thiruvananthapuram (14),Urban,Less than 18,446104,227201,218903,441342,225963,215379,4505,1152,3353,172,42,130,75,41,34,10,3,7,0,0,0
32,601,District - Thiruvananthapuram (14),Urban,Less than 21,528876,268825,260051,514466,266328,248138,13997,2375,11622,265,58,207,131,60,71,17,4,13,0,0,0
