state_code,district_code,area_name,region_type,age_group,total_persons,total_males,total_females,never_married_persons,never_married_males,never_married_females,currently_married_persons,currently_married_males,currently_married_females,widowed_persons,widowed_males,widowed_females,separated_persons,separated_males,separated_females,divorced_persons,divorced_males,divorced_females,unspecified_persons,unspecified_males,unspecified_females
23,000,State - MADHYA PRADESH (23),Total,All ages,72626809,37612306,35014503,35054386,19636756,15417630,34292915,17031815,17261100,2987056,826447,2160609,222289,91397,130892,70163,25891,44272,0,0,0
23,000,State - MADHYA PRADESH (23),Total,0-9,15737741,8183940,7553801,15737741,8183940,7553801,0,0,0,0,0,0,0,0,0,0,0,0,0,0,0
23,000,State - MADHYA PRADESH (23),Total,10-14,8564501,4439329,4125172,8364995,4358420,4006575,188846,76199,112647,6358,2579,3779,3659,1809,1850,643,322,321,0,0,0
23,000,State - MADHYA PRADESH (23),Total,15-19,7446789,3980072,3466717,6453124,3728142,2724982,972597,244086,728511,12635,4830,7805,6785,2499,4286,1648,515,1133,0,0,0
23,000,State - MADHYA PRADESH (23),Total,20-24,6727579,3554088,3173491,2868910,2093914,774996,3797085,1436809,2360276,30782,12501,18281,23735,8582,15153,7067,2282,4785,0,0,0
23,000,State - MADHYA PRADESH (23),Total,25-29,5787506,2988325,2799181,870098,701105,168993,4821726,2249709,2572017,54491,21539,32952,30820,12140,18680,10371,3832,6539,0,0,0
23,000,State - MADHYA PRADESH (23),Total,30-34,5214960,2650705,2564255,266992,218125,48867,4820146,2385326,2434820,84109,29909,54200,32576,13153,19423,11137,4192,6945,0,0,0
23,000,State - MADHYA PRADESH (23),Total,35-39,4861671,2493464,2368207,116371,93115,23256,4571730,2341126,2230604,129599,41436,88163,33077,13672,19405,10894,4115,6779,0,0,0
23,000,State - MADHYA PRADESH (23),Total,40-44,4214474,2193888,2020586,69901,55471,14430,3927833,2069346,1858487,179054,53773,125281,28663,11966,16697,9023,3332,5691,0,0,0
23,000,State - MADHYA PRADESH (23),Total,45-49,3522961,1838798,1684163,44113,34339,9774,3237833,1731753,1506080,213441,61433,152008,21041,8759,12282,6533,2514,4019,0,0,0
23,000,State - MADHYA PRADESH (23),Total,50-54,2694372,1446522,1247850,32760,25142,7618,2388478,1343322,1045156,253961,70265,183696,14713,6129,8584,4460,1664,2796,0,0,0
23,000,State - MADHYA PRADESH (23),Total,55-59,2058077,1030243,1027834,23476,17171,6305,1782936,941744,841192,240473,66635,173838,8667,3777,4890,2525,916,1609,0,0,0
23,000,State - MADHYA PRADESH (23),Total,60-64,1987410,989463,997947,41310,26586,14724,1518487,856895,661592,417199,101481,315718,8035,3585,4450,2379,916,1463,0,0,0
23,000,State - MADHYA PRADESH (23),Total,65-69,1427061,680005,747056,39152,24788,14364,1002894,558380,444514,379075,94047,285028,4633,2268,2365,1307,522,785,0,0,0
23,000,State - MADHYA PRADESH (23),Total,70-74,1107421,545246,562175,22275,14816,7459,649502,420520,228982,431576,107971,323605,3021,1560,1461,1047,379,668,0,0,0
23,000,State - MADHYA PRADESH (23),Total,75-79,523355,244807,278548,10828,7019,3809,294252,176611,117641,216702,60406,156296,1161,622,539,412,149,263,0,0,0
23,000,State - MADHYA PRADESH (23),Total,80+,668069,310035,358034,43172,26278,16894,288846,186164,102682,334011,96645,237366,1451,757,694,589,191,398,0,0,0
23,000,State - MADHYA PRADESH (23),Total,Age not stated,82862,43376,39486,49168,28385,20783,29724,13825,15899,3590,997,2593,252,119,133,128,50,78,0,0,0
23,000,State - MADHYA PRADESH (23),Total,Less than 18,28759918,15003281,13756637,28265704,14831533,13434171,473114,163030,310084,13479,5177,8302,6416,2997,3419,1205,544,661,0,0,0
23,000,State - MADHYA PRADESH (23),Total,Less than 21,33520334,17539509,15980825,31546655,16970164,14576491,1928932,552286,1376646,25913,9956,15957,15246,5890,9356,3588,1213,2375,0,0,0
23,000,State - MADHYA PRADESH (23),Rural,All ages,52557404,27149388,25408016,25477782,14178326,11299456,24703112,12246217,12456895,2167044,635564,1531480,164850,71526,93324,44616,17755,26861,0,0,0
23,000,State - MADHYA PRADESH (23),Rural,0-9,12111135,6274439,5836696,12111135,6274439,5836696,0,0,0,0,0,0,0,0,0,0,0,0,0,0,0
23,000,State - MADHYA PRADESH (23),Rural,10-14,6481035,3338101,3142934,6333279,3278587,3054692,140221,56145,84076,4506,1862,2644,2611,1291,1320,418,216,202,0,0,0
23,000,State - MADHYA PRADESH (23),Rural,15-19,5359720,2862347,2497373,4548000,2654778,1893222,795991,201635,594356,9339,3647,5692,5217,1909,3308,1173,378,795,0,0,0
23,000,State - MADHYA PRADESH (23),Rural,20-24,4678759,2481628,2197131,1652341,1281578,370763,2979062,1180824,1798238,23394,10097,13297,18840,7281,11559,5122,1848,3274,0,0,0
23,000,State - MADHYA PRADESH (23),Rural,25-29,3990858,2067454,1923404,405650,351971,53679,3514509,1685495,1829014,40753,17151,23602,23108,9940,13168,6838,2897,3941,0,0,0
23,000,State - MADHYA PRADESH (23),Rural,30-34,3638969,1841507,1797462,128271,110899,17372,3418762,1694142,1724620,61605,23441,38164,23537,10213,13324,6794,2812,3982,0,0,0
23,000,State - MADHYA PRADESH (23),Rural,35-39,3407607,1750469,1657138,62568,53192,9376,3221220,1651675,1569545,93372,32466,60906,23876,10451,13425,6571,2685,3886,0,0,0
23,000,State - MADHYA PRADESH (23),Rural,40-44,2937258,1527419,1409839,39993,34161,5832,2743922,1440047,1303875,127061,42071,84990,20850,9055,11795,5432,2085,3347,0,0,0
23,000,State - MADHYA PRADESH (23),Rural,45-49,2425510,1260719,1164791,26109,22186,3923,2231726,1182945,1048781,148338,47374,100964,15329,6631,8698,4008,1583,2425,0,0,0
23,000,State - MADHYA PRADESH (23),Rural,50-54,1847524,988058,859466,20236,17160,3076,1636208,911496,724712,177653,53677,123976,10717,4651,6066,2710,1074,1636,0,0,0
23,000,State - MADHYA PRADESH (23),Rural,55-59,1437113,704014,733099,14669,11909,2760,1246558,638161,608397,167933,50435,117498,6410,2919,3491,1543,590,953,0,0,0
23,000,State - MADHYA PRADESH (23),Rural,60-64,1437170,711867,725303,28653,19454,9199,1096420,610482,485938,304392,78427,225965,6108,2851,3257,1597,653,944,0,0,0
23,000,State - MADHYA PRADESH (23),Rural,65-69,1054385,497698,556687,26173,17495,8678,743125,405317,337808,280540,72656,207884,3640,1853,1787,907,377,530,0,0,0
23,000,State - MADHYA PRADESH (23),Rural,70-74,826774,408168,418606,15322,10884,4438,484396,312045,172351,323923,83684,240239,2369,1271,1098,764,284,480,0,0,0
23,000,State - MADHYA PRADESH (23),Rural,75-79,384851,178514,206337,7246,4987,2259,219353,128272,91081,157067,44656,112411,907,498,409,278,101,177,0,0,0
23,000,State - MADHYA PRADESH (23),Rural,80+,491426,232111,259315,28277,17540,10737,216555,140528,76027,245040,73264,171776,1168,633,535,386,146,240,0,0,0
23,000,State - MADHYA PRADESH (23),Rural,Age not stated,47310,24875,22435,29860,17106,12754,15084,7008,8076,2128,656,1472,163,79,84,75,26,49,0,0,0
23,000,State - MADHYA PRADESH (23),Rural,Less than 18,21830843,11342256,10488587,21450516,11211722,10238794,365172,124188,240984,9689,3804,5885,4647,2169,2478,819,373,446,0,0,0
23,000,State - MADHYA PRADESH (23),Rural,Less than 21,25220692,13147880,12072812,23628569,12679337,10949232,1558619,455504,1103115,19180,7584,11596,11758,4547,7211,2566,908,1658,0,0,0
23,000,State - MADHYA PRADESH (23),Urban,All ages,20069405,10462918,9606487,9576604,5458430,4118174,9589803,4785598,4804205,820012,190883,629129,57439,19871,37568,25547,8136,17411,0,0,0
23,000,State - MADHYA PRADESH (23),Urban,0-9,3626606,1909501,1717105,3626606,1909501,1717105,0,0,0,0,0,0,0,0,0,0,0,0,0,0,0
23,000,State - MADHYA PRADESH (23),Urban,10-14,2083466,1101228,982238,2031716,1079833,951883,48625,20054,28571,1852,717,1135,1048,518,530,225,106,119,0,0,0
23,000,State - MADHYA PRADESH (23),Urban,15-19,2087069,1117725,969344,1905124,1073364,831760,176606,42451,134155,3296,1183,2113,1568,590,978,475,137,338,0,0,0
23,000,State - MADHYA PRADESH (23),Urban,20-24,2048820,1072460,976360,1216569,812336,404233,818023,255985,562038,7388,2404,4984,4895,1301,3594,1945,434,1511,0,0,0
23,000,State - MADHYA PRADESH (23),Urban,25-29,1796648,920871,875777,464448,349134,115314,1307217,564214,743003,13738,4388,9350,7712,2200,5512,3533,935,2598,0,0,0
23,000,State - MADHYA PRADESH (23),Urban,30-34,1575991,809198,766793,138721,107226,31495,1401384,691184,710200,22504,6468,16036,9039,2940,6099,4343,1380,2963,0,0,0
23,000,State - MADHYA PRADESH (23),Urban,35-39,1454064,742995,711069,53803,39923,13880,1350510,689451,661059,36227,8970,27257,9201,3221,5980,4323,1430,2893,0,0,0
23,000,State - MADHYA PRADESH (23),Urban,40-44,1277216,666469,610747,29908,21310,8598,1183911,629299,554612,51993,11702,40291,7813,2911,4902,3591,1247,2344,0,0,0
23,000,State - MADHYA PRADESH (23),Urban,45-49,1097451,578079,519372,18004,12153,5851,1006107,548808,457299,65103,14059,51044,5712,2128,3584,2525,931,1594,0,0,0
23,000,State - MADHYA PRADESH (23),Urban,50-54,846848,458464,388384,12524,7982,4542,752270,431826,320444,76308,16588,59720,3996,1478,2518,1750,590,1160,0,0,0
23,000,State - MADHYA PRADESH (23),Urban,55-59,620964,326229,294735,8807,5262,3545,536378,303583,232795,72540,16200,56340,2257,858,1399,982,326,656,0,0,0
23,000,State - MADHYA PRADESH (23),Urban,60-64,550240,277596,272644,12657,7132,5525,422067,246413,175654,112807,23054,89753,1927,734,1193,782,263,519,0,0,0
23,000,State - MADHYA PRADESH (23),Urban,65-69,372676,182307,190369,12979,7293,5686,259769,153063,106706,98535,21391,77144,993,415,578,400,145,255,0,0,0
23,000,State - MADHYA PRADESH (23),Urban,70-74,280647,137078,143569,6953,3932,3021,165106,108475,56631,107653,24287,83366,652,289,363,283,95,188,0,0,0
23,000,State - MADHYA PRADESH (23),Urban,75-79,138504,66293,72211,3582,2032,1550,74899,48339,26560,59635,15750,43885,254,124,130,134,48,86,0,0,0
23,000,State - MADHYA PRADESH (23),Urban,80+,176643,77924,98719,14895,8738,6157,72291,45636,26655,88971,23381,65590,283,124,159,203,45,158,0,0,0
23,000,State - MADHYA PRADESH (23),Urban,Age not stated,35552,18501,17051,19308,11279,8029,14640,6817,7823,1462,341,1121,89,40,49,53,24,29,0,0,0
23,000,State - MADHYA PRADESH (23),Urban,Less than 18,6929075,3661025,3268050,6815188,3619811,3195377,107942,38842,69100,3790,1373,2417,1769,828,941,386,171,215,0,0,0
23,000,State - MADHYA PRADESH (23),Urban,Less than 21,8299642,4391629,3908013,7918086,4290827,3627259,370313,96782,273531,6733,2372,4361,3488,1343,2145,1022,305,717,0,0,0
23,418,District - Sheopur  (01),Total,All ages,687861,361784,326077,347193,196382,150811,314511,156841,157670,24300,7618,16682,1491,788,703,366,155,211,0,0,0
23,418,District - Sheopur  (01),Total,0-9,167439,88259,79180,167439,88259,79180,0,0,0,0,0,0,0,0,0,0,0,0,0,0,0
23,418,District - Sheopur  (01),Total,10-14,90937,47909,43028,89312,47279,42033,1553,596,957,30,9,21,40,24,16,2,1,1,0,0,0
23,418,District - Sheopur  (01),Total,15-19,71799,38124,33675,58627,34841,23786,13008,3213,9795,97,41,56,59,27,32,8,2,6,0,0,0
23,418,District - Sheopur  (01),Total,20-24,65743,34996,30747,20159,15798,4361,45060,18940,26120,273,147,126,201,90,111,50,21,29,0,0,0
23,418,District - Sheopur  (01),Total,25-29,54056,28849,25207,5282,4650,632,47961,23783,24178,490,257,233,254,130,124,69,29,40,0,0,0
23,418,District - Sheopur  (01),Total,30-34,47213,24386,22827,1838,1692,146,44318,22165,22153,741,363,378,250,134,116,66,32,34,0,0,0
23,418,District - Sheopur  (01),Total,35-39,43611,22993,20618,1047,974,73,41155,21332,19823,1148,534,614,210,125,85,51,28,23,0,0,0
23,418,District - Sheopur  (01),Total,40-44,35471,19122,16349,665,621,44,33141,17781,15360,1460,618,842,162,86,76,43,16,27,0,0,0
23,418,District - Sheopur  (01),Total,45-49,28768,15013,13755,419,399,20,26513,13912,12601,1706,632,1074,103,59,44,27,11,16,0,0,0
23,418,District - Sheopur  (01),Total,50-54,22091,12262,9829,349,324,25,19402,11142,8260,2253,746,1507,71,42,29,16,8,8,0,0,0
23,418,District - Sheopur  (01),Total,55-59,16783,8386,8397,256,238,18,14431,7438,6993,2039,684,1355,49,23,26,8,3,5,0,0,0
23,418,District - Sheopur  (01),Total,60-64,16002,8296,7706,506,366,140,11845,6955,4890,3605,957,2648,40,18,22,6,0,6,0,0,0
23,418,District - Sheopur  (01),Total,65-69,11067,5124,5943,483,359,124,7516,3999,3517,3042,750,2292,22,15,7,4,1,3,0,0,0
23,418,District - Sheopur  (01),Total,70-74,8980,4391,4589,212,169,43,4983,3313,1670,3759,901,2858,17,6,11,9,2,7,0,0,0
23,418,District - Sheopur  (01),Total,75-79,3470,1598,1872,72,58,14,1880,1136,744,1513,402,1111,2,2,0,3,0,3,0,0,0
23,418,District - Sheopur  (01),Total,80+,4023,1833,2190,228,156,72,1649,1097,552,2133,573,1560,9,6,3,4,1,3,0,0,0
23,418,District - Sheopur  (01),Total,Age not stated,408,243,165,299,199,100,96,39,57,11,4,7,2,1,1,0,0,0,0,0,0
23,418,District - Sheopur  (01),Total,Less than 18,301304,159234,142070,296114,157643,138471,5038,1520,3518,77,26,51,70,44,26,5,1,4,0,0,0
23,418,District - Sheopur  (01),Total,Less than 21,349824,184984,164840,324006,177003,147003,25438,7804,17634,214,97,117,148,73,75,18,7,11,0,0,0
23,418,District - Sheopur  (01),Rural,All ages,580509,305360,275149,292586,165327,127259,265963,132631,133332,20548,6616,13932,1174,671,503,238,115,123,0,0,0
23,418,District - Sheopur  (01),Rural,0-9,144923,76337,68586,144923,76337,68586,0,0,0,0,0,0,0,0,0,0,0,0,0,0,0
23,418,District - Sheopur  (01),Rural,10-14,77561,40812,36749,76187,40266,35921,1307,515,792,26,7,19,39,23,16,2,1,1,0,0,0
23,418,District - Sheopur  (01),Rural,15-19,59516,31566,27950,47691,28585,19106,11689,2920,8769,83,35,48,46,24,22,7,2,5,0,0,0
23,418,District - Sheopur  (01),Rural,20-24,55002,29266,25736,14809,12056,2753,39752,16972,22780,240,138,102,164,83,81,37,17,20,0,0,0
23,418,District - Sheopur  (01),Rural,25-29,45170,24243,20927,3616,3349,267,40878,20535,20343,436,231,205,195,103,92,45,25,20,0,0,0
23,418,District - Sheopur  (01),Rural,30-34,39239,20319,18920,1420,1337,83,36964,18529,18435,629,325,304,185,107,78,41,21,20,0,0,0
23,418,District - Sheopur  (01),Rural,35-39,36260,19149,17111,878,826,52,34223,17722,16501,962,477,485,166,105,61,31,19,12,0,0,0
23,418,District - Sheopur  (01),Rural,40-44,29645,15983,13662,592,563,29,27655,14783,12872,1243,552,691,131,75,56,24,10,14,0,0,0
23,418,District - Sheopur  (01),Rural,45-49,23974,12469,11505,367,350,17,22064,11497,10567,1448,562,886,77,51,26,18,9,9,0,0,0
23,418,District - Sheopur  (01),Rural,50-54,18451,10277,8174,318,299,19,16133,9285,6848,1932,650,1282,56,36,20,12,7,5,0,0,0
23,418,District - Sheopur  (01),Rural,55-59,13888,6877,7011,220,209,11,11919,6054,5865,1707,592,1115,39,20,19,3,2,1,0,0,0
23,418,District - Sheopur  (01),Rural,60-64,13530,7042,6488,457,335,122,9913,5853,4060,3124,838,2286,31,16,15,5,0,5,0,0,0
23,418,District - Sheopur  (01),Rural,65-69,9210,4252,4958,412,316,96,6235,3294,2941,2541,628,1913,20,14,6,2,0,2,0,0,0
23,418,District - Sheopur  (01),Rural,70-74,7572,3722,3850,182,146,36,4200,2793,1407,3172,777,2395,12,5,7,6,1,5,0,0,0
23,418,District - Sheopur  (01),Rural,75-79,2858,1298,1560,55,45,10,1556,921,635,1242,330,912,2,2,0,3,0,3,0,0,0
23,418,District - Sheopur  (01),Rural,80+,3331,1527,1804,181,125,56,1387,925,462,1752,470,1282,9,6,3,2,1,1,0,0,0
23,418,District - Sheopur  (01),Rural,Age not stated,379,221,158,278,183,95,88,33,55,11,4,7,2,1,1,0,0,0,0,0,0
23,418,District - Sheopur  (01),Rural,Less than 18,258048,136274,121774,253571,134894,118677,4344,1319,3025,65,20,45,64,40,24,4,1,3,0,0,0
23,418,District - Sheopur  (01),Rural,Less than 21,298687,157805,140882,275621,150545,125076,22737,7098,15639,185,87,98,128,68,60,16,7,9,0,0,0
23,418,District - Sheopur  (01),Urban,All ages,107352,56424,50928,54607,31055,23552,48548,24210,24338,3752,1002,2750,317,117,200,128,40,88,0,0,0
23,418,District - Sheopur  (01),Urban,0-9,22516,11922,10594,22516,11922,10594,0,0,0,0,0,0,0,0,0,0,0,0,0,0,0
23,418,District - Sheopur  (01),Urban,10-14,13376,7097,6279,13125,7013,6112,246,81,165,4,2,2,1,1,0,0,0,0,0,0,0
23,418,District - Sheopur  (01),Urban,15-19,12283,6558,5725,10936,6256,4680,1319,293,1026,14,6,8,13,3,10,1,0,1,0,0,0
23,418,District - Sheopur  (01),Urban,20-24,10741,5730,5011,5350,3742,1608,5308,1968,3340,33,9,24,37,7,30,13,4,9,0,0,0
23,418,District - Sheopur  (01),Urban,25-29,8886,4606,4280,1666,1301,365,7083,3248,3835,54,26,28,59,27,32,24,4,20,0,0,0
23,418,District - Sheopur  (01),Urban,30-34,7974,4067,3907,418,355,63,7354,3636,3718,112,38,74,65,27,38,25,11,14,0,0,0
23,418,District - Sheopur  (01),Urban,35-39,7351,3844,3507,169,148,21,6932,3610,3322,186,57,129,44,20,24,20,9,11,0,0,0
23,418,District - Sheopur  (01),Urban,40-44,5826,3139,2687,73,58,15,5486,2998,2488,217,66,151,31,11,20,19,6,13,0,0,0
23,418,District - Sheopur  (01),Urban,45-49,4794,2544,2250,52,49,3,4449,2415,2034,258,70,188,26,8,18,9,2,7,0,0,0
23,418,District - Sheopur  (01),Urban,50-54,3640,1985,1655,31,25,6,3269,1857,1412,321,96,225,15,6,9,4,1,3,0,0,0
23,418,District - Sheopur  (01),Urban,55-59,2895,1509,1386,36,29,7,2512,1384,1128,332,92,240,10,3,7,5,1,4,0,0,0
23,418,District - Sheopur  (01),Urban,60-64,2472,1254,1218,49,31,18,1932,1102,830,481,119,362,9,2,7,1,0,1,0,0,0
23,418,District - Sheopur  (01),Urban,65-69,1857,872,985,71,43,28,1281,705,576,501,122,379,2,1,1,2,1,1,0,0,0
23,418,District - Sheopur  (01),Urban,70-74,1408,669,739,30,23,7,783,520,263,587,124,463,5,1,4,3,1,2,0,0,0
23,418,District - Sheopur  (01),Urban,75-79,612,300,312,17,13,4,324,215,109,271,72,199,0,0,0,0,0,0,0,0,0
23,418,District - Sheopur  (01),Urban,80+,692,306,386,47,31,16,262,172,90,381,103,278,0,0,0,2,0,2,0,0,0
23,418,District - Sheopur  (01),Urban,Age not stated,29,22,7,21,16,5,8,6,2,0,0,0,0,0,0,0,0,0,0,0,0
23,418,District - Sheopur  (01),Urban,Less than 18,43256,22960,20296,42543,22749,19794,694,201,493,12,6,6,6,4,2,1,0,1,0,0,0
23,418,District - Sheopur  (01),Urban,Less than 21,51137,27179,23958,48385,26458,21927,2701,706,1995,29,10,19,20,5,15,2,0,2,0,0,0
23,419,District - Morena (02),Total,All ages,1965970,1068417,897553,995240,596322,398918,896168,444829,451339,72779,26539,46240,1322,589,733,461,138,323,0,0,0
23,419,District - Morena (02),Total,0-9,438591,240054,198537,438591,240054,198537,0,0,0,0,0,0,0,0,0,0,0,0,0,0,0
23,419,District - Morena (02),Total,10-14,250881,137417,113464,246688,135713,110975,4013,1607,2406,123,59,64,53,36,17,4,2,2,0,0,0
23,419,District - Morena (02),Total,15-19,221929,129338,92591,194243,122398,71845,27308,6774,20534,289,126,163,80,36,44,9,4,5,0,0,0
23,419,District - Morena (02),Total,20-24,185397,104095,81302,69978,57026,12952,114391,46646,67745,852,360,492,138,49,89,38,14,24,0,0,0
23,419,District - Morena (02),Total,25-29,157504,84383,73121,19194,17354,1840,136516,66268,70248,1541,669,872,191,74,117,62,18,44,0,0,0
23,419,District - Morena (02),Total,30-34,136962,70183,66779,7153,6657,496,127172,62453,64719,2387,978,1409,191,70,121,59,25,34,0,0,0
23,419,District - Morena (02),Total,35-39,128685,67018,61667,4258,3996,262,120613,61412,59201,3583,1495,2088,182,91,91,49,24,25,0,0,0
23,419,District - Morena (02),Total,40-44,103801,55815,47986,2806,2655,151,96121,51208,44913,4698,1870,2828,125,65,60,51,17,34,0,0,0
23,419,District - Morena (02),Total,45-49,83036,43564,39472,1928,1848,80,75937,39680,36257,5037,1985,3052,98,44,54,36,7,29,0,0,0
23,419,District - Morena (02),Total,50-54,65474,36272,29202,1642,1579,63,57386,32356,25030,6337,2298,4039,86,35,51,23,4,19,0,0,0
23,419,District - Morena (02),Total,55-59,51203,25690,25513,1249,1160,89,44116,22227,21889,5776,2284,3492,44,15,29,18,4,14,0,0,0
23,419,District - Morena (02),Total,60-64,49997,26662,23335,1981,1638,343,37594,21670,15924,10343,3317,7026,55,30,25,24,7,17,0,0,0
23,419,District - Morena (02),Total,65-69,34202,17147,17055,1659,1314,345,24249,12994,11255,8240,2818,5422,31,17,14,23,4,19,0,0,0
23,419,District - Morena (02),Total,70-74,28200,15223,12977,1085,942,143,16343,10739,5604,10715,3530,7185,24,9,15,33,3,30,0,0,0
23,419,District - Morena (02),Total,75-79,12499,6275,6224,478,406,72,7145,4118,3027,4848,1740,3108,13,8,5,15,3,12,0,0,0
23,419,District - Morena (02),Total,80+,16129,8464,7665,1309,988,321,6844,4476,2368,7952,2990,4962,8,8,0,16,2,14,0,0,0
23,419,District - Morena (02),Total,Age not stated,1480,817,663,998,594,404,420,201,219,58,20,38,3,2,1,1,0,1,0,0,0
23,419,District - Morena (02),Total,Less than 18,822811,453937,368874,811565,450109,361456,10848,3642,7206,294,128,166,96,54,42,8,4,4,0,0,0
23,419,District - Morena (02),Total,Less than 21,964289,537939,426350,908122,520875,387247,55332,16703,38629,652,270,382,161,84,77,22,7,15,0,0,0
23,419,District - Morena (02),Rural,All ages,1495508,815218,680290,760231,456707,303524,678188,336723,341465,55905,21270,34635,906,435,471,278,83,195,0,0,0
23,419,District - Morena (02),Rural,0-9,342862,187390,155472,342862,187390,155472,0,0,0,0,0,0,0,0,0,0,0,0,0,0,0
23,419,District - Morena (02),Rural,10-14,194665,106110,88555,191485,104837,86648,3043,1196,1847,94,48,46,40,28,12,3,1,2,0,0,0
23,419,District - Morena (02),Rural,15-19,167828,98761,69067,145616,93143,52473,21911,5490,16421,230,95,135,65,29,36,6,4,2,0,0,0
23,419,District - Morena (02),Rural,20-24,137884,78303,59581,46981,40507,6474,90154,37459,52695,649,296,353,81,33,48,19,8,11,0,0,0
23,419,District - Morena (02),Rural,25-29,117689,63446,54243,12374,11759,615,103972,51066,52906,1191,559,632,119,52,67,33,10,23,0,0,0
23,419,District - Morena (02),Rural,30-34,102610,52704,49906,5221,4946,275,95380,46890,48490,1854,803,1051,124,51,73,31,14,17,0,0,0
23,419,District - Morena (02),Rural,35-39,96382,50443,45939,3387,3219,168,90101,45926,44175,2746,1219,1527,120,65,55,28,14,14,0,0,0
23,419,District - Morena (02),Rural,40-44,76809,41639,35170,2285,2191,94,70882,37900,32982,3522,1493,2029,94,48,46,26,7,19,0,0,0
23,419,District - Morena (02),Rural,45-49,61103,31998,29105,1604,1553,51,55643,28821,26822,3765,1584,2181,72,34,38,19,6,13,0,0,0
23,419,District - Morena (02),Rural,50-54,48618,27076,21542,1377,1341,36,42355,23829,18526,4826,1886,2940,50,19,31,10,1,9,0,0,0
23,419,District - Morena (02),Rural,55-59,38566,19189,19377,1031,976,55,33151,16413,16738,4342,1787,2555,26,9,17,16,4,12,0,0,0
23,419,District - Morena (02),Rural,60-64,38321,20592,17729,1671,1424,247,28660,16489,12171,7929,2649,5280,43,25,18,18,5,13,0,0,0
23,419,District - Morena (02),Rural,65-69,26328,13251,13077,1316,1077,239,18664,9919,8745,6301,2238,4063,29,15,14,18,2,16,0,0,0
23,419,District - Morena (02),Rural,70-74,22121,12020,10101,893,797,96,12791,8382,4409,8389,2829,5560,20,9,11,28,3,25,0,0,0
23,419,District - Morena (02),Rural,75-79,9871,4911,4960,394,343,51,5692,3184,2508,3760,1373,2387,13,8,5,12,3,9,0,0,0
23,419,District - Morena (02),Rural,80+,12828,6815,6013,1015,775,240,5529,3637,1892,6265,2394,3871,8,8,0,11,1,10,0,0,0
23,419,District - Morena (02),Rural,Age not stated,1023,570,453,719,429,290,260,122,138,42,17,25,2,2,0,0,0,0,0,0,0
23,419,District - Morena (02),Rural,Less than 18,638733,351866,286867,630050,348933,281117,8372,2787,5585,231,100,131,75,43,32,5,3,2,0,0,0
23,419,District - Morena (02),Rural,Less than 21,745281,416234,329047,700542,402447,298095,44087,13505,30582,514,213,301,125,64,61,13,5,8,0,0,0
23,419,District - Morena (02),Urban,All ages,470462,253199,217263,235009,139615,95394,217980,108106,109874,16874,5269,11605,416,154,262,183,55,128,0,0,0
23,419,District - Morena (02),Urban,0-9,95729,52664,43065,95729,52664,43065,0,0,0,0,0,0,0,0,0,0,0,0,0,0,0
23,419,District - Morena (02),Urban,10-14,56216,31307,24909,55203,30876,24327,970,411,559,29,11,18,13,8,5,1,1,0,0,0,0
23,419,District - Morena (02),Urban,15-19,54101,30577,23524,48627,29255,19372,5397,1284,4113,59,31,28,15,7,8,3,0,3,0,0,0
23,419,District - Morena (02),Urban,20-24,47513,25792,21721,22997,16519,6478,24237,9187,15050,203,64,139,57,16,41,19,6,13,0,0,0
23,419,District - Morena (02),Urban,25-29,39815,20937,18878,6820,5595,1225,32544,15202,17342,350,110,240,72,22,50,29,8,21,0,0,0
23,419,District - Morena (02),Urban,30-34,34352,17479,16873,1932,1711,221,31792,15563,16229,533,175,358,67,19,48,28,11,17,0,0,0
23,419,District - Morena (02),Urban,35-39,32303,16575,15728,871,777,94,30512,15486,15026,837,276,561,62,26,36,21,10,11,0,0,0
23,419,District - Morena (02),Urban,40-44,26992,14176,12816,521,464,57,25239,13308,11931,1176,377,799,31,17,14,25,10,15,0,0,0
23,419,District - Morena (02),Urban,45-49,21933,11566,10367,324,295,29,20294,10859,9435,1272,401,871,26,10,16,17,1,16,0,0,0
23,419,District - Morena (02),Urban,50-54,16856,9196,7660,265,238,27,15031,8527,6504,1511,412,1099,36,16,20,13,3,10,0,0,0
23,419,District - Morena (02),Urban,55-59,12637,6501,6136,218,184,34,10965,5814,5151,1434,497,937,18,6,12,2,0,2,0,0,0
23,419,District - Morena (02),Urban,60-64,11676,6070,5606,310,214,96,8934,5181,3753,2414,668,1746,12,5,7,6,2,4,0,0,0
23,419,District - Morena (02),Urban,65-69,7874,3896,3978,343,237,106,5585,3075,2510,1939,580,1359,2,2,0,5,2,3,0,0,0
23,419,District - Morena (02),Urban,70-74,6079,3203,2876,192,145,47,3552,2357,1195,2326,701,1625,4,0,4,5,0,5,0,0,0
23,419,District - Morena (02),Urban,75-79,2628,1364,1264,84,63,21,1453,934,519,1088,367,721,0,0,0,3,0,3,0,0,0
23,419,District - Morena (02),Urban,80+,3301,1649,1652,294,213,81,1315,839,476,1687,596,1091,0,0,0,5,1,4,0,0,0
23,419,District - Morena (02),Urban,Age not stated,457,247,210,279,165,114,160,79,81,16,3,13,1,0,1,1,0,1,0,0,0
23,419,District - Morena (02),Urban,Less than 18,184078,102071,82007,181515,101176,80339,2476,855,1621,63,28,35,21,11,10,3,1,2,0,0,0
23,419,District - Morena (02),Urban,Less than 21,219008,121705,97303,207580,118428,89152,11245,3198,8047,138,57,81,36,20,16,9,2,7,0,0,0
23,420,District - Bhind (03),Total,All ages,1703005,926843,776162,837156,505342,331814,790503,392216,398287,73662,28551,45111,1224,568,656,460,166,294,0,0,0
23,420,District - Bhind (03),Total,0-9,357130,194330,162800,357130,194330,162800,0,0,0,0,0,0,0,0,0,0,0,0,0,0,0
23,420,District - Bhind (03),Total,10-14,204219,111679,92540,199759,109800,89959,4224,1773,2451,185,79,106,44,23,21,7,4,3,0,0,0
23,420,District - Bhind (03),Total,15-19,189577,111225,78352,167878,105698,62180,21275,5343,15932,350,146,204,59,31,28,15,7,8,0,0,0
23,420,District - Bhind (03),Total,20-24,158274,90208,68066,64190,52625,11565,93113,37164,55949,824,361,463,119,44,75,28,14,14,0,0,0
23,420,District - Bhind (03),Total,25-29,131536,70651,60885,17534,15915,1619,112387,54011,58376,1379,619,760,175,84,91,61,22,39,0,0,0
23,420,District - Bhind (03),Total,30-34,117207,60436,56771,7247,6727,520,107636,52660,54976,2116,959,1157,147,65,82,61,25,36,0,0,0
23,420,District - Bhind (03),Total,35-39,111641,58108,53533,4561,4280,281,103400,52249,51151,3454,1479,1975,181,83,98,45,17,28,0,0,0
23,420,District - Bhind (03),Total,40-44,94054,50957,43097,3264,3095,169,86164,45808,40356,4450,1969,2481,137,71,66,39,14,25,0,0,0
23,420,District - Bhind (03),Total,45-49,76774,40521,36253,2442,2331,111,69534,36067,33467,4658,2063,2595,103,44,59,37,16,21,0,0,0
23,420,District - Bhind (03),Total,50-54,63061,34710,28351,2047,1935,112,54752,30275,24477,6139,2450,3689,98,42,56,25,8,17,0,0,0
23,420,District - Bhind (03),Total,55-59,49675,25171,24504,1517,1404,113,42383,21427,20956,5712,2319,3393,37,16,21,26,5,21,0,0,0
23,420,District - Bhind (03),Total,60-64,49881,26557,23324,2048,1715,333,37480,21213,16267,10276,3603,6673,47,20,27,30,6,24,0,0,0
23,420,District - Bhind (03),Total,65-69,34966,17548,17418,1710,1352,358,24672,13161,11511,8536,3016,5520,30,14,16,18,5,13,0,0,0
23,420,District - Bhind (03),Total,70-74,29850,16205,13645,1218,1040,178,17329,11235,6094,11248,3902,7346,25,18,7,30,10,20,0,0,0
23,420,District - Bhind (03),Total,75-79,13687,7042,6645,566,488,78,7737,4479,3258,5371,2072,3299,3,1,2,10,2,8,0,0,0
23,420,District - Bhind (03),Total,80+,17468,9347,8121,1402,1065,337,7217,4793,2424,8812,3470,5342,17,10,7,20,9,11,0,0,0
23,420,District - Bhind (03),Total,Age not stated,4005,2148,1857,2643,1542,1101,1200,558,642,152,44,108,2,2,0,8,2,6,0,0,0
23,420,District - Bhind (03),Total,Less than 18,674984,371495,303489,664675,367626,297049,9851,3669,6182,373,155,218,75,38,37,10,7,3,0,0,0
23,420,District - Bhind (03),Total,Less than 21,795731,443455,352276,750308,430214,320094,44530,12856,31674,734,305,429,130,64,66,29,16,13,0,0,0
23,420,District - Bhind (03),Rural,All ages,1270083,694756,575327,623840,378832,245008,588903,292719,296184,56232,22685,33547,830,413,417,278,107,171,0,0,0
23,420,District - Bhind (03),Rural,0-9,271214,147506,123708,271214,147506,123708,0,0,0,0,0,0,0,0,0,0,0,0,0,0,0
23,420,District - Bhind (03),Rural,10-14,153009,83329,69680,149632,81919,67713,3194,1327,1867,149,66,83,30,16,14,4,1,3,0,0,0
23,420,District - Bhind (03),Rural,15-19,139807,83044,56763,123110,78823,44287,16381,4080,12301,262,115,147,44,22,22,10,4,6,0,0,0
23,420,District - Bhind (03),Rural,20-24,115474,66917,48557,43699,37695,6004,71015,28872,42143,662,305,357,84,37,47,14,8,6,0,0,0
23,420,District - Bhind (03),Rural,25-29,96710,52279,44431,11651,10968,683,83861,40737,43124,1049,498,551,117,60,57,32,16,16,0,0,0
23,420,District - Bhind (03),Rural,30-34,86540,44936,41604,5435,5129,306,79377,38972,40405,1604,775,829,93,47,46,31,13,18,0,0,0
23,420,District - Bhind (03),Rural,35-39,82461,43378,39083,3648,3470,178,76095,38657,37438,2584,1190,1394,106,52,54,28,9,19,0,0,0
23,420,District - Bhind (03),Rural,40-44,68917,37686,31231,2707,2589,118,62745,33444,29301,3359,1600,1759,89,46,43,17,7,10,0,0,0
23,420,District - Bhind (03),Rural,45-49,56219,29735,26484,2067,1986,81,50591,26079,24512,3474,1628,1846,67,32,35,20,10,10,0,0,0
23,420,District - Bhind (03),Rural,50-54,46705,25776,20929,1733,1652,81,40318,22167,18151,4562,1917,2645,74,33,41,18,7,11,0,0,0
23,420,District - Bhind (03),Rural,55-59,37472,18966,18506,1270,1191,79,31919,15944,15975,4240,1816,2424,29,13,16,14,2,12,0,0,0
23,420,District - Bhind (03),Rural,60-64,37941,20432,17509,1671,1437,234,28363,16100,12263,7846,2873,4973,37,17,20,24,5,19,0,0,0
23,420,District - Bhind (03),Rural,65-69,26772,13487,13285,1374,1124,250,18876,9986,8890,6485,2361,4124,25,13,12,12,3,9,0,0,0
23,420,District - Bhind (03),Rural,70-74,23236,12629,10607,1008,878,130,13430,8637,4793,8756,3087,5669,19,17,2,23,10,13,0,0,0
23,420,District - Bhind (03),Rural,75-79,10808,5575,5233,464,404,60,6148,3514,2634,4186,1655,2531,2,0,2,8,2,6,0,0,0
23,420,District - Bhind (03),Rural,80+,13707,7419,6288,1049,827,222,5730,3813,1917,6898,2763,4135,14,8,6,16,8,8,0,0,0
23,420,District - Bhind (03),Rural,Age not stated,3091,1662,1429,2108,1234,874,860,390,470,116,36,80,0,0,0,7,2,5,0,0,0
23,420,District - Bhind (03),Rural,Less than 18,508278,279684,228594,500542,276814,223728,7386,2714,4672,289,127,162,54,25,29,7,4,3,0,0,0
23,420,District - Bhind (03),Rural,Less than 21,596909,333564,263345,562094,323368,238726,34133,9890,24243,568,249,319,95,48,47,19,9,10,0,0,0
23,420,District - Bhind (03),Urban,All ages,432922,232087,200835,213316,126510,86806,201600,99497,102103,17430,5866,11564,394,155,239,182,59,123,0,0,0
23,420,District - Bhind (03),Urban,0-9,85916,46824,39092,85916,46824,39092,0,0,0,0,0,0,0,0,0,0,0,0,0,0,0
23,420,District - Bhind (03),Urban,10-14,51210,28350,22860,50127,27881,22246,1030,446,584,36,13,23,14,7,7,3,3,0,0,0,0
23,420,District - Bhind (03),Urban,15-19,49770,28181,21589,44768,26875,17893,4894,1263,3631,88,31,57,15,9,6,5,3,2,0,0,0
23,420,District - Bhind (03),Urban,20-24,42800,23291,19509,20491,14930,5561,22098,8292,13806,162,56,106,35,7,28,14,6,8,0,0,0
23,420,District - Bhind (03),Urban,25-29,34826,18372,16454,5883,4947,936,28526,13274,15252,330,121,209,58,24,34,29,6,23,0,0,0
23,420,District - Bhind (03),Urban,30-34,30667,15500,15167,1812,1598,214,28259,13688,14571,512,184,328,54,18,36,30,12,18,0,0,0
23,420,District - Bhind (03),Urban,35-39,29180,14730,14450,913,810,103,27305,13592,13713,870,289,581,75,31,44,17,8,9,0,0,0
23,420,District - Bhind (03),Urban,40-44,25137,13271,11866,557,506,51,23419,12364,11055,1091,369,722,48,25,23,22,7,15,0,0,0
23,420,District - Bhind (03),Urban,45-49,20555,10786,9769,375,345,30,18943,9988,8955,1184,435,749,36,12,24,17,6,11,0,0,0
23,420,District - Bhind (03),Urban,50-54,16356,8934,7422,314,283,31,14434,8108,6326,1577,533,1044,24,9,15,7,1,6,0,0,0
23,420,District - Bhind (03),Urban,55-59,12203,6205,5998,247,213,34,10464,5483,4981,1472,503,969,8,3,5,12,3,9,0,0,0
23,420,District - Bhind (03),Urban,60-64,11940,6125,5815,377,278,99,9117,5113,4004,2430,730,1700,10,3,7,6,1,5,0,0,0
23,420,District - Bhind (03),Urban,65-69,8194,4061,4133,336,228,108,5796,3175,2621,2051,655,1396,5,1,4,6,2,4,0,0,0
23,420,District - Bhind (03),Urban,70-74,6614,3576,3038,210,162,48,3899,2598,1301,2492,815,1677,6,1,5,7,0,7,0,0,0
23,420,District - Bhind (03),Urban,75-79,2879,1467,1412,102,84,18,1589,965,624,1185,417,768,1,1,0,2,0,2,0,0,0
23,420,District - Bhind (03),Urban,80+,3761,1928,1833,353,238,115,1487,980,507,1914,707,1207,3,2,1,4,1,3,0,0,0
23,420,District - Bhind (03),Urban,Age not stated,914,486,428,535,308,227,340,168,172,36,8,28,2,2,0,1,0,1,0,0,0
23,420,District - Bhind (03),Urban,Less than 18,166706,91811,74895,164133,90812,73321,2465,955,1510,84,28,56,21,13,8,3,3,0,0,0,0
23,420,District - Bhind (03),Urban,Less than 21,198822,109891,88931,188214,106846,81368,10397,2966,7431,166,56,110,35,16,19,10,7,3,0,0,0
23,421,District - Gwalior (04),Total,All ages,2032036,1090327,941709,988458,584545,403913,958871,479922,478949,81007,24274,56733,2597,1156,1441,1103,430,673,0,0,0
23,421,District - Gwalior (04),Total,0-9,383179,208509,174670,383179,208509,174670,0,0,0,0,0,0,0,0,0,0,0,0,0,0,0
23,421,District - Gwalior (04),Total,10-14,227405,124743,102662,222291,122559,99732,4804,2048,2756,212,87,125,78,38,40,20,11,9,0,0,0
23,421,District - Gwalior (04),Total,15-19,225071,126423,98648,204456,121222,83234,20106,4969,15137,392,173,219,84,42,42,33,17,16,0,0,0
23,421,District - Gwalior (04),Total,20-24,206778,113371,93407,111295,78952,32343,94298,33960,60338,801,322,479,298,105,193,86,32,54,0,0,0
23,421,District - Gwalior (04),Total,25-29,175886,93307,82579,36293,28750,7543,137510,63715,73795,1525,639,886,397,152,245,161,51,110,0,0,0
23,421,District - Gwalior (04),Total,30-34,151604,78621,72983,10745,9023,1722,137885,68447,69438,2390,890,1500,398,183,215,186,78,108,0,0,0
23,421,District - Gwalior (04),Total,35-39,142853,74279,68574,4995,4293,702,133361,68363,64998,3918,1358,2560,405,196,209,174,69,105,0,0,0
23,421,District - Gwalior (04),Total,40-44,121304,64106,57198,2941,2499,442,112731,59675,53056,5212,1731,3481,292,138,154,128,63,65,0,0,0
23,421,District - Gwalior (04),Total,45-49,103967,55109,48858,1954,1650,304,95487,51374,44113,6225,1951,4274,202,93,109,99,41,58,0,0,0
23,421,District - Gwalior (04),Total,50-54,79745,43340,36405,1425,1176,249,70483,39753,30730,7604,2312,5292,175,77,98,58,22,36,0,0,0
23,421,District - Gwalior (04),Total,55-59,60423,31148,29275,1066,833,233,51952,28032,23920,7274,2223,5051,90,44,46,41,16,25,0,0,0
23,421,District - Gwalior (04),Total,60-64,54838,28559,26279,1634,1117,517,41950,24447,17503,11136,2947,8189,82,39,43,36,9,27,0,0,0
23,421,District - Gwalior (04),Total,65-69,36417,18116,18301,1707,1145,562,25501,14433,11068,9146,2516,6630,36,14,22,27,8,19,0,0,0
23,421,District - Gwalior (04),Total,70-74,27970,14225,13745,903,614,289,16543,10805,5738,10478,2785,7693,26,17,9,20,4,16,0,0,0
23,421,District - Gwalior (04),Total,75-79,13667,6587,7080,413,283,130,7540,4565,2975,5692,1727,3965,12,8,4,10,4,6,0,0,0
23,421,District - Gwalior (04),Total,80+,18391,8540,9851,1555,1009,546,7881,4934,2947,8914,2583,6331,19,9,10,22,5,17,0,0,0
23,421,District - Gwalior (04),Total,Age not stated,2538,1344,1194,1606,911,695,839,402,437,88,30,58,3,1,2,2,0,2,0,0,0
23,421,District - Gwalior (04),Total,Less than 18,742706,406927,335779,731065,402472,328593,11032,4187,6845,458,191,267,116,59,57,35,18,17,0,0,0
23,421,District - Gwalior (04),Total,Less than 21,890282,490249,400033,846655,477903,368752,42537,11882,30655,804,332,472,216,99,117,70,33,37,0,0,0
23,421,District - Gwalior (04),Rural,All ages,758244,409349,348895,382642,226564,156078,344969,172251,172718,29702,10045,19657,729,397,332,202,92,110,0,0,0
23,421,District - Gwalior (04),Rural,0-9,168711,91230,77481,168711,91230,77481,0,0,0,0,0,0,0,0,0,0,0,0,0,0,0
23,421,District - Gwalior (04),Rural,10-14,96820,52214,44606,94731,51313,43418,1992,863,1129,73,26,47,17,8,9,7,4,3,0,0,0
23,421,District - Gwalior (04),Rural,15-19,84480,48429,36051,74071,45873,28198,10208,2463,7745,158,75,83,32,12,20,11,6,5,0,0,0
23,421,District - Gwalior (04),Rural,20-24,70813,39960,30853,27084,22344,4740,43285,17402,25883,324,161,163,94,38,56,26,15,11,0,0,0
23,421,District - Gwalior (04),Rural,25-29,59593,32196,27397,6912,6258,654,51894,25570,26324,644,300,344,106,50,56,37,18,19,0,0,0
23,421,District - Gwalior (04),Rural,30-34,52474,26931,25543,2684,2461,223,48744,24000,24744,926,398,528,97,62,35,23,10,13,0,0,0
23,421,District - Gwalior (04),Rural,35-39,49753,26419,23334,1808,1659,149,46312,24070,22242,1498,613,885,109,66,43,26,11,15,0,0,0
23,421,District - Gwalior (04),Rural,40-44,40116,21665,18451,1210,1137,73,36917,19698,17219,1889,773,1116,82,46,36,18,11,7,0,0,0
23,421,District - Gwalior (04),Rural,45-49,33232,17601,15631,874,825,49,30181,15929,14252,2114,814,1300,51,26,25,12,7,5,0,0,0
23,421,District - Gwalior (04),Rural,50-54,25559,14069,11490,660,619,41,22186,12446,9740,2646,967,1679,59,35,24,8,2,6,0,0,0
23,421,District - Gwalior (04),Rural,55-59,19829,10055,9774,477,439,38,16910,8735,8175,2419,867,1552,18,14,4,5,0,5,0,0,0
23,421,District - Gwalior (04),Rural,60-64,19102,10000,9102,799,593,206,14189,8196,5993,4081,1191,2890,23,17,6,10,3,7,0,0,0
23,421,District - Gwalior (04),Rural,65-69,13404,6497,6907,728,534,194,9254,4945,4309,3408,1015,2393,12,2,10,2,1,1,0,0,0
23,421,District - Gwalior (04),Rural,70-74,10798,5544,5254,426,322,104,6317,4084,2233,4031,1127,2904,15,11,4,9,0,9,0,0,0
23,421,District - Gwalior (04),Rural,75-79,5151,2424,2727,200,152,48,2880,1619,1261,2062,646,1416,5,4,1,4,3,1,0,0,0
23,421,District - Gwalior (04),Rural,80+,7427,3578,3849,666,449,217,3348,2063,1285,3403,1060,2343,7,5,2,3,1,2,0,0,0
23,421,District - Gwalior (04),Rural,Age not stated,982,537,445,601,356,245,352,168,184,26,12,14,2,1,1,1,0,1,0,0,0
23,421,District - Gwalior (04),Rural,Less than 18,316029,171863,144166,311061,170010,141051,4759,1764,2995,169,70,99,28,13,15,12,6,6,0,0,0
23,421,District - Gwalior (04),Rural,Less than 21,370551,203783,166768,348882,197443,151439,21256,6161,15095,317,140,177,72,27,45,24,12,12,0,0,0
23,421,District - Gwalior (04),Urban,All ages,1273792,680978,592814,605816,357981,247835,613902,307671,306231,51305,14229,37076,1868,759,1109,901,338,563,0,0,0
23,421,District - Gwalior (04),Urban,0-9,214468,117279,97189,214468,117279,97189,0,0,0,0,0,0,0,0,0,0,0,0,0,0,0
23,421,District - Gwalior (04),Urban,10-14,130585,72529,58056,127560,71246,56314,2812,1185,1627,139,61,78,61,30,31,13,7,6,0,0,0
23,421,District - Gwalior (04),Urban,15-19,140591,77994,62597,130385,75349,55036,9898,2506,7392,234,98,136,52,30,22,22,11,11,0,0,0
23,421,District - Gwalior (04),Urban,20-24,135965,73411,62554,84211,56608,27603,51013,16558,34455,477,161,316,204,67,137,60,17,43,0,0,0
23,421,District - Gwalior (04),Urban,25-29,116293,61111,55182,29381,22492,6889,85616,38145,47471,881,339,542,291,102,189,124,33,91,0,0,0
23,421,District - Gwalior (04),Urban,30-34,99130,51690,47440,8061,6562,1499,89141,44447,44694,1464,492,972,301,121,180,163,68,95,0,0,0
23,421,District - Gwalior (04),Urban,35-39,93100,47860,45240,3187,2634,553,87049,44293,42756,2420,745,1675,296,130,166,148,58,90,0,0,0
23,421,District - Gwalior (04),Urban,40-44,81188,42441,38747,1731,1362,369,75814,39977,35837,3323,958,2365,210,92,118,110,52,58,0,0,0
23,421,District - Gwalior (04),Urban,45-49,70735,37508,33227,1080,825,255,65306,35445,29861,4111,1137,2974,151,67,84,87,34,53,0,0,0
23,421,District - Gwalior (04),Urban,50-54,54186,29271,24915,765,557,208,48297,27307,20990,4958,1345,3613,116,42,74,50,20,30,0,0,0
23,421,District - Gwalior (04),Urban,55-59,40594,21093,19501,589,394,195,35042,19297,15745,4855,1356,3499,72,30,42,36,16,20,0,0,0
23,421,District - Gwalior (04),Urban,60-64,35736,18559,17177,835,524,311,27761,16251,11510,7055,1756,5299,59,22,37,26,6,20,0,0,0
23,421,District - Gwalior (04),Urban,65-69,23013,11619,11394,979,611,368,16247,9488,6759,5738,1501,4237,24,12,12,25,7,18,0,0,0
23,421,District - Gwalior (04),Urban,70-74,17172,8681,8491,477,292,185,10226,6721,3505,6447,1658,4789,11,6,5,11,4,7,0,0,0
23,421,District - Gwalior (04),Urban,75-79,8516,4163,4353,213,131,82,4660,2946,1714,3630,1081,2549,7,4,3,6,1,5,0,0,0
23,421,District - Gwalior (04),Urban,80+,10964,4962,6002,889,560,329,4533,2871,1662,5511,1523,3988,12,4,8,19,4,15,0,0,0
23,421,District - Gwalior (04),Urban,Age not stated,1556,807,749,1005,555,450,487,234,253,62,18,44,1,0,1,1,0,1,0,0,0
23,421,District - Gwalior (04),Urban,Less than 18,426677,235064,191613,420004,232462,187542,6273,2423,3850,289,121,168,88,46,42,23,12,11,0,0,0
23,421,District - Gwalior (04),Urban,Less than 21,519731,286466,233265,497773,280460,217313,21281,5721,15560,487,192,295,144,72,72,46,21,25,0,0,0
23,422,District - Datia (05),Total,All ages,786754,420157,366597,374337,220903,153434,374034,186921,187113,36908,11588,25320,1072,574,498,403,171,232,0,0,0
23,422,District - Datia (05),Total,0-9,161331,86457,74874,161331,86457,74874,0,0,0,0,0,0,0,0,0,0,0,0,0,0,0
23,422,District - Datia (05),Total,10-14,92997,49929,43068,91633,49394,42239,1293,512,781,56,19,37,13,4,9,2,0,2,0,0,0
23,422,District - Datia (05),Total,15-19,82223,46900,35323,72886,44874,28012,9178,1965,7213,122,44,78,28,16,12,9,1,8,0,0,0
23,422,District - Datia (05),Total,20-24,73371,40355,33016,28858,22748,6110,44053,17382,26671,322,161,161,103,45,58,35,19,16,0,0,0
23,422,District - Datia (05),Total,25-29,63175,33746,29429,8007,7008,999,54382,26314,28068,600,327,273,138,75,63,48,22,26,0,0,0
23,422,District - Datia (05),Total,30-34,58105,29868,28237,3285,3019,266,53572,26259,27313,1040,474,566,150,83,67,58,33,25,0,0,0
23,422,District - Datia (05),Total,35-39,54094,28573,25521,2021,1876,145,50236,25849,24387,1641,737,904,148,86,62,48,25,23,0,0,0
23,422,District - Datia (05),Total,40-44,45948,24916,21032,1491,1408,83,42225,22546,19679,2062,864,1198,145,83,62,25,15,10,0,0,0
23,422,District - Datia (05),Total,45-49,36984,19745,17239,874,837,37,33568,17858,15710,2403,986,1417,104,47,57,35,17,18,0,0,0
23,422,District - Datia (05),Total,50-54,29377,16220,13157,781,758,23,25575,14312,11263,2922,1100,1822,80,43,37,19,7,12,0,0,0
23,422,District - Datia (05),Total,55-59,22780,11527,11253,507,480,27,19398,10016,9382,2819,1005,1814,43,23,20,13,3,10,0,0,0
23,422,District - Datia (05),Total,60-64,22790,11651,11139,767,604,163,16656,9567,7089,5298,1447,3851,44,26,18,25,7,18,0,0,0
23,422,District - Datia (05),Total,65-69,16286,7586,8700,664,504,160,10849,5876,4973,4714,1179,3535,39,20,19,20,7,13,0,0,0
23,422,District - Datia (05),Total,70-74,13586,6535,7051,410,349,61,7228,4769,2459,5897,1400,4497,15,9,6,36,8,28,0,0,0
23,422,District - Datia (05),Total,75-79,6024,2781,3243,145,123,22,3106,1879,1227,2757,775,1982,9,4,5,7,0,7,0,0,0
23,422,District - Datia (05),Total,80+,7343,3168,4175,431,312,119,2635,1776,859,4241,1063,3178,13,10,3,23,7,16,0,0,0
23,422,District - Datia (05),Total,Age not stated,340,200,140,246,152,94,80,41,39,14,7,7,0,0,0,0,0,0,0,0,0
23,422,District - Datia (05),Total,Less than 18,303200,164044,139156,299728,162880,136848,3310,1102,2208,129,49,80,25,12,13,8,1,7,0,0,0
23,422,District - Datia (05),Total,Less than 21,356226,194263,161963,336648,189078,147570,19258,5060,14198,246,95,151,57,27,30,17,3,14,0,0,0
23,422,District - Datia (05),Rural,All ages,604772,323966,280806,285066,168977,116089,289987,144959,145028,28709,9453,19256,740,451,289,270,126,144,0,0,0
23,422,District - Datia (05),Rural,0-9,126888,67949,58939,126888,67949,58939,0,0,0,0,0,0,0,0,0,0,0,0,0,0,0
23,422,District - Datia (05),Rural,10-14,72492,38890,33602,71421,38477,32944,1017,395,622,44,15,29,9,3,6,1,0,1,0,0,0
23,422,District - Datia (05),Rural,15-19,62156,35775,26381,54320,34047,20273,7715,1678,6037,94,37,57,21,13,8,6,0,6,0,0,0
23,422,District - Datia (05),Rural,20-24,54869,30395,24474,18458,15596,2862,36053,14609,21444,270,140,130,66,37,29,22,13,9,0,0,0
23,422,District - Datia (05),Rural,25-29,48185,25906,22279,4808,4515,293,42756,21038,21718,492,274,218,104,65,39,25,14,11,0,0,0
23,422,District - Datia (05),Rural,30-34,44250,22834,21416,2359,2215,144,40949,20142,20807,804,387,417,99,66,33,39,24,15,0,0,0
23,422,District - Datia (05),Rural,35-39,41247,21962,19285,1633,1547,86,38233,19719,18514,1256,614,642,94,62,32,31,20,11,0,0,0
23,422,District - Datia (05),Rural,40-44,34724,18927,15797,1206,1166,40,31797,16955,14842,1603,733,870,105,66,39,13,7,6,0,0,0
23,422,District - Datia (05),Rural,45-49,27848,14818,13030,728,706,22,25170,13251,11919,1857,811,1046,69,36,33,24,14,10,0,0,0
23,422,District - Datia (05),Rural,50-54,22410,12391,10019,673,656,17,19405,10798,8607,2263,896,1367,53,34,19,16,7,9,0,0,0
23,422,District - Datia (05),Rural,55-59,17552,8806,8746,437,422,15,14915,7559,7356,2156,805,1351,34,18,16,10,2,8,0,0,0
23,422,District - Datia (05),Rural,60-64,17681,9171,8510,635,515,120,12925,7457,5468,4072,1175,2897,29,19,10,20,5,15,0,0,0
23,422,District - Datia (05),Rural,65-69,12811,5981,6830,520,402,118,8574,4594,3980,3673,965,2708,29,15,14,15,5,10,0,0,0
23,422,District - Datia (05),Rural,70-74,10834,5239,5595,331,294,37,5764,3790,1974,4699,1142,3557,10,5,5,30,8,22,0,0,0
23,422,District - Datia (05),Rural,75-79,4768,2206,2562,123,106,17,2513,1499,1014,2122,598,1524,7,3,4,3,0,3,0,0,0
23,422,District - Datia (05),Rural,80+,5804,2566,3238,346,252,94,2138,1442,696,3294,856,2438,11,9,2,15,7,8,0,0,0
23,422,District - Datia (05),Rural,Age not stated,253,150,103,180,112,68,63,33,30,10,5,5,0,0,0,0,0,0,0,0,0
23,422,District - Datia (05),Rural,Less than 18,236429,127988,108441,233628,127040,106588,2674,899,1775,104,40,64,17,9,8,6,0,6,0,0,0
23,422,District - Datia (05),Rural,Less than 21,276553,151068,125485,260224,146662,113562,16085,4306,11779,195,79,116,38,19,19,11,2,9,0,0,0
23,422,District - Datia (05),Urban,All ages,181982,96191,85791,89271,51926,37345,84047,41962,42085,8199,2135,6064,332,123,209,133,45,88,0,0,0
23,422,District - Datia (05),Urban,0-9,34443,18508,15935,34443,18508,15935,0,0,0,0,0,0,0,0,0,0,0,0,0,0,0
23,422,District - Datia (05),Urban,10-14,20505,11039,9466,20212,10917,9295,276,117,159,12,4,8,4,1,3,1,0,1,0,0,0
23,422,District - Datia (05),Urban,15-19,20067,11125,8942,18566,10827,7739,1463,287,1176,28,7,21,7,3,4,3,1,2,0,0,0
23,422,District - Datia (05),Urban,20-24,18502,9960,8542,10400,7152,3248,8000,2773,5227,52,21,31,37,8,29,13,6,7,0,0,0
23,422,District - Datia (05),Urban,25-29,14990,7840,7150,3199,2493,706,11626,5276,6350,108,53,55,34,10,24,23,8,15,0,0,0
23,422,District - Datia (05),Urban,30-34,13855,7034,6821,926,804,122,12623,6117,6506,236,87,149,51,17,34,19,9,10,0,0,0
23,422,District - Datia (05),Urban,35-39,12847,6611,6236,388,329,59,12003,6130,5873,385,123,262,54,24,30,17,5,12,0,0,0
23,422,District - Datia (05),Urban,40-44,11224,5989,5235,285,242,43,10428,5591,4837,459,131,328,40,17,23,12,8,4,0,0,0
23,422,District - Datia (05),Urban,45-49,9136,4927,4209,146,131,15,8398,4607,3791,546,175,371,35,11,24,11,3,8,0,0,0
23,422,District - Datia (05),Urban,50-54,6967,3829,3138,108,102,6,6170,3514,2656,659,204,455,27,9,18,3,0,3,0,0,0
23,422,District - Datia (05),Urban,55-59,5228,2721,2507,70,58,12,4483,2457,2026,663,200,463,9,5,4,3,1,2,0,0,0
23,422,District - Datia (05),Urban,60-64,5109,2480,2629,132,89,43,3731,2110,1621,1226,272,954,15,7,8,5,2,3,0,0,0
23,422,District - Datia (05),Urban,65-69,3475,1605,1870,144,102,42,2275,1282,993,1041,214,827,10,5,5,5,2,3,0,0,0
23,422,District - Datia (05),Urban,70-74,2752,1296,1456,79,55,24,1464,979,485,1198,258,940,5,4,1,6,0,6,0,0,0
23,422,District - Datia (05),Urban,75-79,1256,575,681,22,17,5,593,380,213,635,177,458,2,1,1,4,0,4,0,0,0
23,422,District - Datia (05),Urban,80+,1539,602,937,85,60,25,497,334,163,947,207,740,2,1,1,8,0,8,0,0,0
23,422,District - Datia (05),Urban,Age not stated,87,50,37,66,40,26,17,8,9,4,2,2,0,0,0,0,0,0,0,0,0
23,422,District - Datia (05),Urban,Less than 18,66771,36056,30715,66100,35840,30260,636,203,433,25,9,16,8,3,5,2,1,1,0,0,0
23,422,District - Datia (05),Urban,Less than 21,79673,43195,36478,76424,42416,34008,3173,754,2419,51,16,35,19,8,11,6,1,5,0,0,0
23,423,District - Shivpuri (06),Total,All ages,1726050,919795,806255,873254,503526,369728,782540,391121,391419,66777,23155,43622,2702,1610,1092,777,383,394,0,0,0
23,423,District - Shivpuri (06),Total,0-9,416239,218930,197309,416239,218930,197309,0,0,0,0,0,0,0,0,0,0,0,0,0,0,0
23,423,District - Shivpuri (06),Total,10-14,218900,116342,102558,214479,114555,99924,4173,1664,2509,154,72,82,82,46,36,12,5,7,0,0,0
23,423,District - Shivpuri (06),Total,15-19,176187,99248,76939,148329,92376,55953,27420,6668,20752,295,139,156,118,55,63,25,10,15,0,0,0
23,423,District - Shivpuri (06),Total,20-24,158408,86474,71934,54795,43579,11216,102378,42214,60164,799,456,343,354,186,168,82,39,43,0,0,0
23,423,District - Shivpuri (06),Total,25-29,136350,72606,63744,16159,13975,2184,118235,57552,60683,1398,747,651,434,266,168,124,66,58,0,0,0
23,423,District - Shivpuri (06),Total,30-34,120216,62655,57561,5966,5428,538,111690,55902,55788,2053,1038,1015,402,230,172,105,57,48,0,0,0
23,423,District - Shivpuri (06),Total,35-39,109161,58187,50974,3605,3335,270,102011,53155,48856,3107,1436,1671,328,207,121,110,54,56,0,0,0
23,423,District - Shivpuri (06),Total,40-44,88766,48835,39931,2608,2446,162,81630,44376,37254,4145,1785,2360,297,185,112,86,43,43,0,0,0
23,423,District - Shivpuri (06),Total,45-49,71509,37608,33901,1677,1565,112,64955,34055,30900,4628,1840,2788,191,111,80,58,37,21,0,0,0
23,423,District - Shivpuri (06),Total,50-54,57765,31834,25931,1395,1309,86,50318,28318,22000,5861,2095,3766,151,88,63,40,24,16,0,0,0
23,423,District - Shivpuri (06),Total,55-59,45393,22794,22599,1068,979,89,38892,19782,19110,5307,1946,3361,97,69,28,29,18,11,0,0,0
23,423,District - Shivpuri (06),Total,60-64,45822,23874,21948,1715,1375,340,33904,19441,14463,10044,2970,7074,122,75,47,37,13,24,0,0,0
23,423,District - Shivpuri (06),Total,65-69,31508,15457,16051,1317,1018,299,21714,11859,9855,8398,2535,5863,56,40,16,23,5,18,0,0,0
23,423,District - Shivpuri (06),Total,70-74,24859,12748,12111,805,659,146,13934,9225,4709,10054,2824,7230,42,32,10,24,8,16,0,0,0
23,423,District - Shivpuri (06),Total,75-79,10228,4988,5240,339,275,64,5652,3354,2298,4218,1352,2866,10,6,4,9,1,8,0,0,0
23,423,District - Shivpuri (06),Total,80+,12414,5944,6470,1060,711,349,5089,3326,1763,6237,1893,4344,16,12,4,12,2,10,0,0,0
23,423,District - Shivpuri (06),Total,Age not stated,2325,1271,1054,1698,1011,687,545,230,315,79,27,52,2,2,0,1,1,0,0,0,0
23,423,District - Shivpuri (06),Total,Less than 18,741547,395538,346009,729809,391599,338210,11252,3709,7543,325,146,179,142,76,66,19,8,11,0,0,0
23,423,District - Shivpuri (06),Total,Less than 21,855397,458933,396464,799998,442379,357619,54411,16070,38341,647,321,326,281,137,144,60,26,34,0,0,0
23,423,District - Shivpuri (06),Rural,All ages,1430627,763554,667073,725152,418664,306488,646875,322970,323905,55795,20197,35598,2233,1414,819,572,309,263,0,0,0
23,423,District - Shivpuri (06),Rural,0-9,357557,187612,169945,357557,187612,169945,0,0,0,0,0,0,0,0,0,0,0,0,0,0,0
23,423,District - Shivpuri (06),Rural,10-14,185489,98513,86976,181811,97036,84775,3466,1373,2093,138,63,75,67,38,29,7,3,4,0,0,0
23,423,District - Shivpuri (06),Rural,15-19,143530,81627,61903,118494,75427,43067,24669,6029,18640,252,117,135,98,46,52,17,8,9,0,0,0
23,423,District - Shivpuri (06),Rural,20-24,127556,69990,57566,37366,31855,5511,89135,37525,51610,678,402,276,313,174,139,64,34,30,0,0,0
23,423,District - Shivpuri (06),Rural,25-29,110705,59145,51560,10265,9460,805,98821,48718,50103,1168,674,494,361,237,124,90,56,34,0,0,0
23,423,District - Shivpuri (06),Rural,30-34,98100,51218,46882,4461,4150,311,91501,45892,45609,1740,934,806,326,199,127,72,43,29,0,0,0
23,423,District - Shivpuri (06),Rural,35-39,88877,47602,41275,3041,2865,176,82916,43239,39677,2583,1269,1314,263,183,80,74,46,28,0,0,0
23,423,District - Shivpuri (06),Rural,40-44,71248,39447,31801,2256,2153,103,65302,35517,29785,3395,1589,1806,244,160,84,51,28,23,0,0,0
23,423,District - Shivpuri (06),Rural,45-49,56857,29876,26981,1473,1398,75,51512,26761,24751,3675,1591,2084,150,95,55,47,31,16,0,0,0
23,423,District - Shivpuri (06),Rural,50-54,46507,25695,20812,1263,1204,59,40308,22586,17722,4783,1807,2976,118,77,41,35,21,14,0,0,0
23,423,District - Shivpuri (06),Rural,55-59,37037,18429,18608,958,896,62,31628,15770,15858,4350,1694,2656,78,55,23,23,14,9,0,0,0
23,423,District - Shivpuri (06),Rural,60-64,38613,20192,18421,1571,1286,285,28313,16203,12110,8591,2624,5967,106,68,38,32,11,21,0,0,0
23,423,District - Shivpuri (06),Rural,65-69,26586,13040,13546,1187,942,245,18188,9852,8336,7143,2209,4934,48,33,15,20,4,16,0,0,0
23,423,District - Shivpuri (06),Rural,70-74,21141,10907,10234,715,599,116,11736,7793,3943,8629,2477,6152,38,31,7,23,7,16,0,0,0
23,423,District - Shivpuri (06),Rural,75-79,8455,4131,4324,293,242,51,4666,2726,1940,3483,1158,2325,6,4,2,7,1,6,0,0,0
23,423,District - Shivpuri (06),Rural,80+,10245,4970,5275,866,603,263,4240,2790,1450,5114,1563,3551,15,12,3,10,2,8,0,0,0
23,423,District - Shivpuri (06),Rural,Age not stated,2124,1160,964,1575,936,639,474,196,278,73,26,47,2,2,0,0,0,0,0,0,0
23,423,District - Shivpuri (06),Rural,Less than 18,630040,335914,294126,619956,332586,287370,9671,3134,6537,283,124,159,117,65,52,13,5,8,0,0,0
23,423,District - Shivpuri (06),Rural,Less than 21,722679,387973,334706,673470,373102,300368,48360,14448,33912,569,282,287,238,120,118,42,21,21,0,0,0
23,423,District - Shivpuri (06),Urban,All ages,295423,156241,139182,148102,84862,63240,135665,68151,67514,10982,2958,8024,469,196,273,205,74,131,0,0,0
23,423,District - Shivpuri (06),Urban,0-9,58682,31318,27364,58682,31318,27364,0,0,0,0,0,0,0,0,0,0,0,0,0,0,0
23,423,District - Shivpuri (06),Urban,10-14,33411,17829,15582,32668,17519,15149,707,291,416,16,9,7,15,8,7,5,2,3,0,0,0
23,423,District - Shivpuri (06),Urban,15-19,32657,17621,15036,29835,16949,12886,2751,639,2112,43,22,21,20,9,11,8,2,6,0,0,0
23,423,District - Shivpuri (06),Urban,20-24,30852,16484,14368,17429,11724,5705,13243,4689,8554,121,54,67,41,12,29,18,5,13,0,0,0
23,423,District - Shivpuri (06),Urban,25-29,25645,13461,12184,5894,4515,1379,19414,8834,10580,230,73,157,73,29,44,34,10,24,0,0,0
23,423,District - Shivpuri (06),Urban,30-34,22116,11437,10679,1505,1278,227,20189,10010,10179,313,104,209,76,31,45,33,14,19,0,0,0
23,423,District - Shivpuri (06),Urban,35-39,20284,10585,9699,564,470,94,19095,9916,9179,524,167,357,65,24,41,36,8,28,0,0,0
23,423,District - Shivpuri (06),Urban,40-44,17518,9388,8130,352,293,59,16328,8859,7469,750,196,554,53,25,28,35,15,20,0,0,0
23,423,District - Shivpuri (06),Urban,45-49,14652,7732,6920,204,167,37,13443,7294,6149,953,249,704,41,16,25,11,6,5,0,0,0
23,423,District - Shivpuri (06),Urban,50-54,11258,6139,5119,132,105,27,10010,5732,4278,1078,288,790,33,11,22,5,3,2,0,0,0
23,423,District - Shivpuri (06),Urban,55-59,8356,4365,3991,110,83,27,7264,4012,3252,957,252,705,19,14,5,6,4,2,0,0,0
23,423,District - Shivpuri (06),Urban,60-64,7209,3682,3527,144,89,55,5591,3238,2353,1453,346,1107,16,7,9,5,2,3,0,0,0
23,423,District - Shivpuri (06),Urban,65-69,4922,2417,2505,130,76,54,3526,2007,1519,1255,326,929,8,7,1,3,1,2,0,0,0
23,423,District - Shivpuri (06),Urban,70-74,3718,1841,1877,90,60,30,2198,1432,766,1425,347,1078,4,1,3,1,1,0,0,0,0
23,423,District - Shivpuri (06),Urban,75-79,1773,857,916,46,33,13,986,628,358,735,194,541,4,2,2,2,0,2,0,0,0
23,423,District - Shivpuri (06),Urban,80+,2169,974,1195,194,108,86,849,536,313,1123,330,793,1,0,1,2,0,2,0,0,0
23,423,District - Shivpuri (06),Urban,Age not stated,201,111,90,123,75,48,71,34,37,6,1,5,0,0,0,1,1,0,0,0,0
23,423,District - Shivpuri (06),Urban,Less than 18,111507,59624,51883,109853,59013,50840,1581,575,1006,42,22,20,25,11,14,6,3,3,0,0,0
23,423,District - Shivpuri (06),Urban,Less than 21,132718,70960,61758,126528,69277,57251,6051,1622,4429,78,39,39,43,17,26,18,5,13,0,0,0
23,424,District - Tikamgarh (07),Total,All ages,1445166,760355,684811,687676,389368,298308,703147,350729,352418,50969,18225,32744,2540,1588,952,834,445,389,0,0,0
23,424,District - Tikamgarh (07),Total,0-9,332288,174786,157502,332288,174786,157502,0,0,0,0,0,0,0,0,0,0,0,0,0,0,0
23,424,District - Tikamgarh (07),Total,10-14,180988,94466,86522,176924,92826,84098,3873,1552,2321,124,53,71,58,29,29,9,6,3,0,0,0
23,424,District - Tikamgarh (07),Total,15-19,142405,78124,64281,113381,69845,43536,28694,8133,20561,228,97,131,81,38,43,21,11,10,0,0,0
23,424,District - Tikamgarh (07),Total,20-24,128450,68050,60400,38692,29541,9151,88855,38010,50845,542,289,253,281,159,122,80,51,29,0,0,0
23,424,District - Tikamgarh (07),Total,25-29,114192,59309,54883,11300,9593,1707,101373,48877,52496,1004,550,454,391,226,165,124,63,61,0,0,0
23,424,District - Tikamgarh (07),Total,30-34,104949,53754,51195,4232,3735,497,98676,48950,49726,1532,769,763,391,243,148,118,57,61,0,0,0
23,424,District - Tikamgarh (07),Total,35-39,95485,50391,45094,2177,1955,222,90605,47097,43508,2266,1060,1206,320,208,112,117,71,46,0,0,0
23,424,District - Tikamgarh (07),Total,40-44,78651,41855,36796,1517,1391,126,74013,39008,35005,2728,1208,1520,307,203,104,86,45,41,0,0,0
23,424,District - Tikamgarh (07),Total,45-49,64739,34266,30473,906,834,72,60353,31937,28416,3198,1326,1872,202,122,80,80,47,33,0,0,0
23,424,District - Tikamgarh (07),Total,50-54,49612,27164,22448,880,812,68,44601,24611,19990,3923,1610,2313,161,108,53,47,23,24,0,0,0
23,424,District - Tikamgarh (07),Total,55-59,39580,20038,19542,659,607,52,34911,17890,17021,3881,1463,2418,92,61,31,37,17,20,0,0,0
23,424,District - Tikamgarh (07),Total,60-64,39553,20725,18828,1186,941,245,30990,17349,13641,7226,2328,4898,107,79,28,44,28,16,0,0,0
23,424,District - Tikamgarh (07),Total,65-69,28664,14171,14493,1006,768,238,20951,11326,9625,6608,2018,4590,68,48,20,31,11,20,0,0,0
23,424,District - Tikamgarh (07),Total,70-74,22319,11721,10598,622,520,102,13558,8784,4774,8073,2369,5704,42,39,3,24,9,15,0,0,0
23,424,District - Tikamgarh (07),Total,75-79,9977,4854,5123,249,206,43,5931,3456,2475,3777,1179,2598,14,9,5,6,4,2,0,0,0
23,424,District - Tikamgarh (07),Total,80+,12170,6080,6090,845,553,292,5474,3622,1852,5822,1891,3931,22,14,8,7,0,7,0,0,0
23,424,District - Tikamgarh (07),Total,Age not stated,1144,601,543,812,455,357,289,127,162,37,15,22,3,2,1,3,2,1,0,0,0
23,424,District - Tikamgarh (07),Total,Less than 18,598715,316592,282123,586077,312473,273604,12280,3969,8311,246,97,149,93,41,52,19,12,7,0,0,0
23,424,District - Tikamgarh (07),Total,Less than 21,690395,366389,324006,637506,348635,288871,52177,17426,34751,475,203,272,193,97,96,44,28,16,0,0,0
23,424,District - Tikamgarh (07),Rural,All ages,1195293,629477,565816,565306,320034,245272,585202,291878,293324,42063,15828,26235,2046,1354,692,676,383,293,0,0,0
23,424,District - Tikamgarh (07),Rural,0-9,281877,148130,133747,281877,148130,133747,0,0,0,0,0,0,0,0,0,0,0,0,0,0,0
23,424,District - Tikamgarh (07),Rural,10-14,151662,79097,72565,148205,77683,70522,3293,1334,1959,106,48,58,50,27,23,8,5,3,0,0,0
23,424,District - Tikamgarh (07),Rural,15-19,116004,63883,52121,90303,56494,33809,25421,7257,18164,192,88,104,69,34,35,19,10,9,0,0,0
23,424,District - Tikamgarh (07),Rural,20-24,103758,55056,48702,26040,21135,4905,76957,33481,43476,457,256,201,236,140,96,68,44,24,0,0,0
23,424,District - Tikamgarh (07),Rural,25-29,93144,48340,44804,6838,6179,659,85078,41457,43621,825,464,361,304,185,119,99,55,44,0,0,0
23,424,District - Tikamgarh (07),Rural,30-34,86024,44066,41958,2892,2649,243,81472,40493,40979,1276,671,605,293,205,88,91,48,43,0,0,0
23,424,District - Tikamgarh (07),Rural,35-39,78445,41468,36977,1720,1581,139,74493,38727,35766,1890,933,957,245,166,79,97,61,36,0,0,0
23,424,District - Tikamgarh (07),Rural,40-44,64114,34221,29893,1228,1154,74,60361,31812,28549,2211,1045,1166,249,173,76,65,37,28,0,0,0
23,424,District - Tikamgarh (07),Rural,45-49,52493,27703,24790,773,728,45,48887,25680,23207,2596,1148,1448,172,110,62,65,37,28,0,0,0
23,424,District - Tikamgarh (07),Rural,50-54,40290,22121,18169,760,714,46,36097,19856,16241,3251,1433,1818,141,98,43,41,20,21,0,0,0
23,424,District - Tikamgarh (07),Rural,55-59,32589,16409,16180,590,553,37,28728,14538,14190,3165,1246,1919,78,56,22,28,16,12,0,0,0
23,424,District - Tikamgarh (07),Rural,60-64,32997,17454,15543,1036,829,207,25790,14464,11326,6040,2064,3976,94,71,23,37,26,11,0,0,0
23,424,District - Tikamgarh (07),Rural,65-69,23739,11786,11953,863,683,180,17391,9329,8062,5407,1723,3684,53,40,13,25,11,14,0,0,0
23,424,District - Tikamgarh (07),Rural,70-74,18727,9943,8784,549,470,79,11346,7360,3986,6781,2076,4705,32,29,3,19,8,11,0,0,0
23,424,District - Tikamgarh (07),Rural,75-79,8310,4085,4225,219,187,32,4982,2888,2094,3091,999,2092,13,8,5,5,3,2,0,0,0
23,424,District - Tikamgarh (07),Rural,80+,10123,5189,4934,693,461,232,4665,3094,1571,4743,1622,3121,16,12,4,6,0,6,0,0,0
23,424,District - Tikamgarh (07),Rural,Age not stated,997,526,471,720,404,316,241,108,133,32,12,20,1,0,1,3,2,1,0,0,0
23,424,District - Tikamgarh (07),Rural,Less than 18,503344,266048,237296,492399,262457,229942,10639,3455,7184,208,88,120,82,38,44,16,10,6,0,0,0
23,424,District - Tikamgarh (07),Rural,Less than 21,577869,306781,271088,531299,290941,240358,45961,15544,30417,405,184,221,166,87,79,38,25,13,0,0,0
23,424,District - Tikamgarh (07),Urban,All ages,249873,130878,118995,122370,69334,53036,117945,58851,59094,8906,2397,6509,494,234,260,158,62,96,0,0,0
23,424,District - Tikamgarh (07),Urban,0-9,50411,26656,23755,50411,26656,23755,0,0,0,0,0,0,0,0,0,0,0,0,0,0,0
23,424,District - Tikamgarh (07),Urban,10-14,29326,15369,13957,28719,15143,13576,580,218,362,18,5,13,8,2,6,1,1,0,0,0,0
23,424,District - Tikamgarh (07),Urban,15-19,26401,14241,12160,23078,13351,9727,3273,876,2397,36,9,27,12,4,8,2,1,1,0,0,0
23,424,District - Tikamgarh (07),Urban,20-24,24692,12994,11698,12652,8406,4246,11898,4529,7369,85,33,52,45,19,26,12,7,5,0,0,0
23,424,District - Tikamgarh (07),Urban,25-29,21048,10969,10079,4462,3414,1048,16295,7420,8875,179,86,93,87,41,46,25,8,17,0,0,0
23,424,District - Tikamgarh (07),Urban,30-34,18925,9688,9237,1340,1086,254,17204,8457,8747,256,98,158,98,38,60,27,9,18,0,0,0
23,424,District - Tikamgarh (07),Urban,35-39,17040,8923,8117,457,374,83,16112,8370,7742,376,127,249,75,42,33,20,10,10,0,0,0
23,424,District - Tikamgarh (07),Urban,40-44,14537,7634,6903,289,237,52,13652,7196,6456,517,163,354,58,30,28,21,8,13,0,0,0
23,424,District - Tikamgarh (07),Urban,45-49,12246,6563,5683,133,106,27,11466,6257,5209,602,178,424,30,12,18,15,10,5,0,0,0
23,424,District - Tikamgarh (07),Urban,50-54,9322,5043,4279,120,98,22,8504,4755,3749,672,177,495,20,10,10,6,3,3,0,0,0
23,424,District - Tikamgarh (07),Urban,55-59,6991,3629,3362,69,54,15,6183,3352,2831,716,217,499,14,5,9,9,1,8,0,0,0
23,424,District - Tikamgarh (07),Urban,60-64,6556,3271,3285,150,112,38,5200,2885,2315,1186,264,922,13,8,5,7,2,5,0,0,0
23,424,District - Tikamgarh (07),Urban,65-69,4925,2385,2540,143,85,58,3560,1997,1563,1201,295,906,15,8,7,6,0,6,0,0,0
23,424,District - Tikamgarh (07),Urban,70-74,3592,1778,1814,73,50,23,2212,1424,788,1292,293,999,10,10,0,5,1,4,0,0,0
23,424,District - Tikamgarh (07),Urban,75-79,1667,769,898,30,19,11,949,568,381,686,180,506,1,1,0,1,1,0,0,0,0
23,424,District - Tikamgarh (07),Urban,80+,2047,891,1156,152,92,60,809,528,281,1079,269,810,6,2,4,1,0,1,0,0,0
23,424,District - Tikamgarh (07),Urban,Age not stated,147,75,72,92,51,41,48,19,29,5,3,2,2,2,0,0,0,0,0,0,0
23,424,District - Tikamgarh (07),Urban,Less than 18,95371,50544,44827,93678,50016,43662,1641,514,1127,38,9,29,11,3,8,3,2,1,0,0,0
23,424,District - Tikamgarh (07),Urban,Less than 21,112526,59608,52918,106207,57694,48513,6216,1882,4334,70,19,51,27,10,17,6,3,3,0,0,0
23,425,District - Chhatarpur (08),Total,All ages,1762375,936121,826254,898174,512972,385202,793662,396080,397582,66292,24633,41659,3324,1968,1356,923,468,455,0,0,0
23,425,District - Chhatarpur (08),Total,0-9,413232,216775,196457,413232,216775,196457,0,0,0,0,0,0,0,0,0,0,0,0,0,0,0
23,425,District - Chhatarpur (08),Total,10-14,228806,120522,108284,224113,118594,105519,4439,1812,2627,172,67,105,65,40,25,17,9,8,0,0,0
23,425,District - Chhatarpur (08),Total,15-19,185110,102314,82796,157569,95123,62446,27115,6988,20127,294,134,160,108,60,48,24,9,15,0,0,0
23,425,District - Chhatarpur (08),Total,20-24,155626,85723,69903,61379,47134,14245,93161,38076,55085,662,306,356,340,167,173,84,40,44,0,0,0
23,425,District - Chhatarpur (08),Total,25-29,129862,69174,60688,18943,16226,2717,109059,51979,57080,1259,637,622,467,264,203,134,68,66,0,0,0
23,425,District - Chhatarpur (08),Total,30-34,117037,60145,56892,6191,5519,672,108291,53349,54942,1931,903,1028,503,305,198,121,69,52,0,0,0
23,425,District - Chhatarpur (08),Total,35-39,108308,57138,51170,3019,2724,295,101925,52840,49085,2821,1255,1566,422,254,168,121,65,56,0,0,0
23,425,District - Chhatarpur (08),Total,40-44,92356,49038,43318,1964,1780,184,86261,45428,40833,3620,1516,2104,409,256,153,102,58,44,0,0,0
23,425,District - Chhatarpur (08),Total,45-49,76359,40833,35526,1349,1247,102,70456,37600,32856,4182,1754,2428,289,182,107,83,50,33,0,0,0
23,425,District - Chhatarpur (08),Total,50-54,59611,32460,27151,1117,1034,83,53271,29342,23929,4971,1947,3024,206,110,96,46,27,19,0,0,0
23,425,District - Chhatarpur (08),Total,55-59,47879,24540,23339,805,743,62,41976,21713,20263,4921,1978,2943,135,87,48,42,19,23,0,0,0
23,425,District - Chhatarpur (08),Total,60-64,48375,25528,22847,1612,1264,348,37625,21155,16470,8964,3014,5950,131,78,53,43,17,26,0,0,0
23,425,District - Chhatarpur (08),Total,65-69,36734,18367,18367,1653,1290,363,26357,14229,12128,8582,2764,5818,101,68,33,41,16,25,0,0,0
23,425,District - Chhatarpur (08),Total,70-74,29329,15972,13357,1014,849,165,17684,11617,6067,10527,3446,7081,79,52,27,25,8,17,0,0,0
23,425,District - Chhatarpur (08),Total,75-79,13745,7023,6722,456,387,69,7955,4700,3255,5289,1911,3378,27,17,10,18,8,10,0,0,0
23,425,District - Chhatarpur (08),Total,80+,16744,8846,7898,1272,891,381,7400,4947,2453,8019,2980,5039,34,24,10,19,4,15,0,0,0
23,425,District - Chhatarpur (08),Total,Age not stated,3262,1723,1539,2486,1392,1094,687,305,382,78,21,57,8,4,4,3,1,2,0,0,0
23,425,District - Chhatarpur (08),Total,Less than 18,754308,398741,355567,741786,394553,347233,12040,3964,8076,338,141,197,116,71,45,28,12,16,0,0,0
23,425,District - Chhatarpur (08),Total,Less than 21,870348,463694,406654,817477,447488,369989,51937,15788,36149,626,253,373,245,137,108,63,28,35,0,0,0
23,425,District - Chhatarpur (08),Rural,All ages,1363359,725273,638086,695190,397005,298185,612858,305689,307169,52151,20560,31591,2541,1646,895,619,373,246,0,0,0
23,425,District - Chhatarpur (08),Rural,0-9,334287,175121,159166,334287,175121,159166,0,0,0,0,0,0,0,0,0,0,0,0,0,0,0
23,425,District - Chhatarpur (08),Rural,10-14,181923,95693,86230,178182,94140,84042,3556,1466,2090,129,55,74,46,27,19,10,5,5,0,0,0
23,425,District - Chhatarpur (08),Rural,15-19,141155,78433,62722,117550,72240,45310,23263,6027,17236,246,115,131,78,44,34,18,7,11,0,0,0
23,425,District - Chhatarpur (08),Rural,20-24,115923,64535,51388,38238,31692,6546,76817,32404,44413,522,261,261,279,143,136,67,35,32,0,0,0
23,425,District - Chhatarpur (08),Rural,25-29,96708,51706,45002,10304,9463,841,84965,41410,43555,995,542,453,359,235,124,85,56,29,0,0,0
23,425,District - Chhatarpur (08),Rural,30-34,87865,45094,42771,3805,3542,263,82102,40491,41611,1506,759,747,361,245,116,91,57,34,0,0,0
23,425,District - Chhatarpur (08),Rural,35-39,81239,43055,38184,2156,2017,139,76528,39730,36798,2151,1041,1110,325,215,110,79,52,27,0,0,0
23,425,District - Chhatarpur (08),Rural,40-44,68682,36528,32154,1502,1408,94,64013,33592,30421,2796,1275,1521,311,209,102,60,44,16,0,0,0
23,425,District - Chhatarpur (08),Rural,45-49,56596,30160,26436,1091,1035,56,52020,27471,24549,3212,1468,1744,217,147,70,56,39,17,0,0,0
23,425,District - Chhatarpur (08),Rural,50-54,44836,24368,20468,938,893,45,39882,21748,18134,3835,1614,2221,151,92,59,30,21,9,0,0,0
23,425,District - Chhatarpur (08),Rural,55-59,36947,18744,18203,695,658,37,32291,16348,15943,3825,1648,2177,107,77,30,29,13,16,0,0,0
23,425,District - Chhatarpur (08),Rural,60-64,38288,20332,17956,1335,1080,255,29704,16624,13080,7120,2546,4574,102,67,35,27,15,12,0,0,0
23,425,District - Chhatarpur (08),Rural,65-69,29245,14667,14578,1326,1077,249,20955,11191,9764,6855,2332,4523,81,56,25,28,11,17,0,0,0
23,425,District - Chhatarpur (08),Rural,70-74,23503,13009,10494,872,753,119,14121,9330,4791,8429,2872,5557,65,47,18,16,7,9,0,0,0
23,425,District - Chhatarpur (08),Rural,75-79,11035,5679,5356,400,348,52,6403,3739,2664,4195,1568,2627,24,17,7,13,7,6,0,0,0
23,425,District - Chhatarpur (08),Rural,80+,13153,7114,6039,978,693,285,5847,3945,1902,6288,2450,3838,30,22,8,10,4,6,0,0,0
23,425,District - Chhatarpur (08),Rural,Age not stated,1974,1035,939,1531,845,686,391,173,218,47,14,33,5,3,2,0,0,0,0,0,0
23,425,District - Chhatarpur (08),Rural,Less than 18,602247,318107,284140,591970,314671,277299,9910,3264,6646,269,117,152,80,47,33,18,8,10,0,0,0
23,425,District - Chhatarpur (08),Rural,Less than 21,690564,368015,322549,645675,354071,291604,44161,13612,30549,504,213,291,181,100,81,43,19,24,0,0,0
23,425,District - Chhatarpur (08),Urban,All ages,399016,210848,188168,202984,115967,87017,180804,90391,90413,14141,4073,10068,783,322,461,304,95,209,0,0,0
23,425,District - Chhatarpur (08),Urban,0-9,78945,41654,37291,78945,41654,37291,0,0,0,0,0,0,0,0,0,0,0,0,0,0,0
23,425,District - Chhatarpur (08),Urban,10-14,46883,24829,22054,45931,24454,21477,883,346,537,43,12,31,19,13,6,7,4,3,0,0,0
23,425,District - Chhatarpur (08),Urban,15-19,43955,23881,20074,40019,22883,17136,3852,961,2891,48,19,29,30,16,14,6,2,4,0,0,0
23,425,District - Chhatarpur (08),Urban,20-24,39703,21188,18515,23141,15442,7699,16344,5672,10672,140,45,95,61,24,37,17,5,12,0,0,0
23,425,District - Chhatarpur (08),Urban,25-29,33154,17468,15686,8639,6763,1876,24094,10569,13525,264,95,169,108,29,79,49,12,37,0,0,0
23,425,District - Chhatarpur (08),Urban,30-34,29172,15051,14121,2386,1977,409,26189,12858,13331,425,144,281,142,60,82,30,12,18,0,0,0
23,425,District - Chhatarpur (08),Urban,35-39,27069,14083,12986,863,707,156,25397,13110,12287,670,214,456,97,39,58,42,13,29,0,0,0
23,425,District - Chhatarpur (08),Urban,40-44,23674,12510,11164,462,372,90,22248,11836,10412,824,241,583,98,47,51,42,14,28,0,0,0
23,425,District - Chhatarpur (08),Urban,45-49,19763,10673,9090,258,212,46,18436,10129,8307,970,286,684,72,35,37,27,11,16,0,0,0
23,425,District - Chhatarpur (08),Urban,50-54,14775,8092,6683,179,141,38,13389,7594,5795,1136,333,803,55,18,37,16,6,10,0,0,0
23,425,District - Chhatarpur (08),Urban,55-59,10932,5796,5136,110,85,25,9685,5365,4320,1096,330,766,28,10,18,13,6,7,0,0,0
23,425,District - Chhatarpur (08),Urban,60-64,10087,5196,4891,277,184,93,7921,4531,3390,1844,468,1376,29,11,18,16,2,14,0,0,0
23,425,District - Chhatarpur (08),Urban,65-69,7489,3700,3789,327,213,114,5402,3038,2364,1727,432,1295,20,12,8,13,5,8,0,0,0
23,425,District - Chhatarpur (08),Urban,70-74,5826,2963,2863,142,96,46,3563,2287,1276,2098,574,1524,14,5,9,9,1,8,0,0,0
23,425,District - Chhatarpur (08),Urban,75-79,2710,1344,1366,56,39,17,1552,961,591,1094,343,751,3,0,3,5,1,4,0,0,0
23,425,District - Chhatarpur (08),Urban,80+,3591,1732,1859,294,198,96,1553,1002,551,1731,530,1201,4,2,2,9,0,9,0,0,0
23,425,District - Chhatarpur (08),Urban,Age not stated,1288,688,600,955,547,408,296,132,164,31,7,24,3,1,2,3,1,2,0,0,0
23,425,District - Chhatarpur (08),Urban,Less than 18,152061,80634,71427,149816,79882,69934,2130,700,1430,69,24,45,36,24,12,10,4,6,0,0,0
23,425,District - Chhatarpur (08),Urban,Less than 21,179784,95679,84105,171802,93417,78385,7776,2176,5600,122,40,82,64,37,27,20,9,11,0,0,0
23,426,District - Panna (09),Total,All ages,1016520,533480,483040,517678,291876,225802,455628,226551,229077,40941,13948,26993,1856,940,916,417,165,252,0,0,0
23,426,District - Panna (09),Total,0-9,239148,124800,114348,239148,124800,114348,0,0,0,0,0,0,0,0,0,0,0,0,0,0,0
23,426,District - Panna (09),Total,10-14,131227,67765,63462,129208,67003,62205,1904,722,1182,83,22,61,31,18,13,1,0,1,0,0,0
23,426,District - Panna (09),Total,15-19,105853,58133,47720,94037,55356,38681,11628,2689,8939,138,67,71,43,17,26,7,4,3,0,0,0
23,426,District - Panna (09),Total,20-24,84523,46611,37912,35092,27634,7458,48789,18678,30111,423,212,211,184,77,107,35,10,25,0,0,0
23,426,District - Panna (09),Total,25-29,74596,39095,35501,10126,8905,1221,63335,29638,33697,808,394,414,265,136,129,62,22,40,0,0,0
23,426,District - Panna (09),Total,30-34,69012,35178,33834,3381,3039,342,64127,31440,32687,1176,536,640,266,139,127,62,24,38,0,0,0
23,426,District - Panna (09),Total,35-39,65340,34064,31276,1503,1331,172,61681,31792,29889,1829,782,1047,268,134,134,59,25,34,0,0,0
23,426,District - Panna (09),Total,40-44,55535,29222,26313,861,733,128,51994,27427,24567,2390,908,1482,243,131,112,47,23,24,0,0,0
23,426,District - Panna (09),Total,45-49,45148,23789,21359,477,423,54,41802,22257,19545,2663,1011,1652,170,85,85,36,13,23,0,0,0
23,426,District - Panna (09),Total,50-54,34576,18826,15750,359,326,33,30975,17298,13677,3112,1141,1971,109,49,60,21,12,9,0,0,0
23,426,District - Panna (09),Total,55-59,26747,13516,13231,227,198,29,23555,12254,11301,2876,1014,1862,67,41,26,22,9,13,0,0,0
23,426,District - Panna (09),Total,60-64,28005,13801,14204,602,431,171,21848,11730,10118,5461,1593,3868,78,41,37,16,6,10,0,0,0
23,426,District - Panna (09),Total,65-69,23018,11322,11696,748,515,233,16263,9005,7258,5924,1757,4167,65,38,27,18,7,11,0,0,0
23,426,District - Panna (09),Total,70-74,17132,8839,8293,329,266,63,9845,6537,3308,6907,2015,4892,36,16,20,15,5,10,0,0,0
23,426,District - Panna (09),Total,75-79,7223,3704,3519,140,113,27,4087,2537,1550,2980,1046,1934,9,6,3,7,2,5,0,0,0
23,426,District - Panna (09),Total,80+,8126,4171,3955,426,297,129,3542,2422,1120,4133,1439,2694,17,10,7,8,3,5,0,0,0
23,426,District - Panna (09),Total,Age not stated,1311,644,667,1014,506,508,253,125,128,38,11,27,5,2,3,1,0,1,0,0,0
23,426,District - Panna (09),Total,Less than 18,435472,227840,207632,430224,226113,204111,5027,1638,3389,164,62,102,54,26,28,3,1,2,0,0,0
23,426,District - Panna (09),Total,Less than 21,498976,263535,235441,475486,257138,218348,23053,6225,16828,314,120,194,113,46,67,10,6,4,0,0,0
23,426,District - Panna (09),Rural,All ages,891185,467473,423712,453851,255249,198602,399661,198596,201065,35732,12635,23097,1608,848,760,333,145,188,0,0,0
23,426,District - Panna (09),Rural,0-9,215352,112387,102965,215352,112387,102965,0,0,0,0,0,0,0,0,0,0,0,0,0,0,0
23,426,District - Panna (09),Rural,10-14,116563,59961,56602,114741,59279,55462,1720,648,1072,73,19,54,28,15,13,1,0,1,0,0,0
23,426,District - Panna (09),Rural,15-19,92038,50630,41408,81223,48065,33158,10644,2486,8158,126,61,65,39,15,24,6,3,3,0,0,0
23,426,District - Panna (09),Rural,20-24,72351,40062,32289,27515,22484,5031,44256,17294,26962,385,203,182,167,74,93,28,7,21,0,0,0
23,426,District - Panna (09),Rural,25-29,64498,33744,30754,7108,6559,549,56371,26668,29703,745,371,374,228,126,102,46,20,26,0,0,0
23,426,District - Panna (09),Rural,30-34,59799,30430,29369,2354,2171,183,56112,27615,28497,1051,498,553,231,124,107,51,22,29,0,0,0
23,426,District - Panna (09),Rural,35-39,56705,29604,27101,1130,1016,114,53693,27739,25954,1612,711,901,223,117,106,47,21,26,0,0,0
23,426,District - Panna (09),Rural,40-44,47768,25073,22695,676,593,83,44756,23525,21231,2096,822,1274,206,111,95,34,22,12,0,0,0
23,426,District - Panna (09),Rural,45-49,38594,20339,18255,383,350,33,35782,18988,16794,2260,913,1347,139,76,63,30,12,18,0,0,0
23,426,District - Panna (09),Rural,50-54,29624,16074,13550,298,277,21,26525,14709,11816,2690,1036,1654,95,43,52,16,9,7,0,0,0
23,426,District - Panna (09),Rural,55-59,23058,11582,11476,193,173,20,20339,10439,9900,2447,922,1525,59,39,20,20,9,11,0,0,0
23,426,District - Panna (09),Rural,60-64,24629,12128,12501,531,382,149,19266,10255,9011,4744,1447,3297,75,39,36,13,5,8,0,0,0
23,426,District - Panna (09),Rural,65-69,20390,10049,10341,637,454,183,14470,7963,6507,5210,1590,3620,58,36,22,15,6,9,0,0,0
23,426,District - Panna (09),Rural,70-74,15221,7892,7329,284,238,46,8760,5810,2950,6133,1825,4308,30,15,15,14,4,10,0,0,0
23,426,District - Panna (09),Rural,75-79,6308,3244,3064,125,101,24,3602,2207,1395,2567,928,1639,9,6,3,5,2,3,0,0,0
23,426,District - Panna (09),Rural,80+,7082,3689,3393,373,265,108,3128,2133,995,3559,1278,2281,16,10,6,6,3,3,0,0,0
23,426,District - Panna (09),Rural,Age not stated,1205,585,620,928,455,473,237,117,120,34,11,23,5,2,3,1,0,1,0,0,0
23,426,District - Panna (09),Rural,Less than 18,388744,203115,185629,384004,201549,182455,4539,1486,3053,148,56,92,50,23,27,3,1,2,0,0,0
23,426,District - Panna (09),Rural,Less than 21,443703,234222,209481,422231,228299,193932,21081,5771,15310,281,107,174,102,41,61,8,4,4,0,0,0
23,426,District - Panna (09),Urban,All ages,125335,66007,59328,63827,36627,27200,55967,27955,28012,5209,1313,3896,248,92,156,84,20,64,0,0,0
23,426,District - Panna (09),Urban,0-9,23796,12413,11383,23796,12413,11383,0,0,0,0,0,0,0,0,0,0,0,0,0,0,0
23,426,District - Panna (09),Urban,10-14,14664,7804,6860,14467,7724,6743,184,74,110,10,3,7,3,3,0,0,0,0,0,0,0
23,426,District - Panna (09),Urban,15-19,13815,7503,6312,12814,7291,5523,984,203,781,12,6,6,4,2,2,1,1,0,0,0,0
23,426,District - Panna (09),Urban,20-24,12172,6549,5623,7577,5150,2427,4533,1384,3149,38,9,29,17,3,14,7,3,4,0,0,0
23,426,District - Panna (09),Urban,25-29,10098,5351,4747,3018,2346,672,6964,2970,3994,63,23,40,37,10,27,16,2,14,0,0,0
23,426,District - Panna (09),Urban,30-34,9213,4748,4465,1027,868,159,8015,3825,4190,125,38,87,35,15,20,11,2,9,0,0,0
23,426,District - Panna (09),Urban,35-39,8635,4460,4175,373,315,58,7988,4053,3935,217,71,146,45,17,28,12,4,8,0,0,0
23,426,District - Panna (09),Urban,40-44,7767,4149,3618,185,140,45,7238,3902,3336,294,86,208,37,20,17,13,1,12,0,0,0
23,426,District - Panna (09),Urban,45-49,6554,3450,3104,94,73,21,6020,3269,2751,403,98,305,31,9,22,6,1,5,0,0,0
23,426,District - Panna (09),Urban,50-54,4952,2752,2200,61,49,12,4450,2589,1861,422,105,317,14,6,8,5,3,2,0,0,0
23,426,District - Panna (09),Urban,55-59,3689,1934,1755,34,25,9,3216,1815,1401,429,92,337,8,2,6,2,0,2,0,0,0
23,426,District - Panna (09),Urban,60-64,3376,1673,1703,71,49,22,2582,1475,1107,717,146,571,3,2,1,3,1,2,0,0,0
23,426,District - Panna (09),Urban,65-69,2628,1273,1355,111,61,50,1793,1042,751,714,167,547,7,2,5,3,1,2,0,0,0
23,426,District - Panna (09),Urban,70-74,1911,947,964,45,28,17,1085,727,358,774,190,584,6,1,5,1,1,0,0,0,0
23,426,District - Panna (09),Urban,75-79,915,460,455,15,12,3,485,330,155,413,118,295,0,0,0,2,0,2,0,0,0
23,426,District - Panna (09),Urban,80+,1044,482,562,53,32,21,414,289,125,574,161,413,1,0,1,2,0,2,0,0,0
23,426,District - Panna (09),Urban,Age not stated,106,59,47,86,51,35,16,8,8,4,0,4,0,0,0,0,0,0,0,0,0
23,426,District - Panna (09),Urban,Less than 18,46728,24725,22003,46220,24564,21656,488,152,336,16,6,10,4,3,1,0,0,0,0,0,0
23,426,District - Panna (09),Urban,Less than 21,55273,29313,25960,53255,28839,24416,1972,454,1518,33,13,20,11,5,6,2,2,0,0,0,0
23,427,District - Sagar (10),Total,All ages,2378458,1256257,1122201,1189632,681690,507942,1077370,539534,537836,102842,30844,71998,6692,3344,3348,1922,845,1077,0,0,0
23,427,District - Sagar (10),Total,0-9,517132,268318,248814,517132,268318,248814,0,0,0,0,0,0,0,0,0,0,0,0,0,0,0
23,427,District - Sagar (10),Total,10-14,283714,147212,136502,278472,145089,133383,4861,1977,2884,258,89,169,109,48,61,14,9,5,0,0,0
23,427,District - Sagar (10),Total,15-19,245067,136776,108291,218845,130940,87905,25648,5627,20021,381,149,232,166,55,111,27,5,22,0,0,0
23,427,District - Sagar (10),Total,20-24,226889,125748,101141,108292,82797,25495,116749,42174,74575,1050,491,559,639,240,399,159,46,113,0,0,0
23,427,District - Sagar (10),Total,25-29,197886,106272,91614,36499,30300,6199,158258,74513,83745,1908,884,1024,939,436,503,282,139,143,0,0,0
23,427,District - Sagar (10),Total,30-34,172821,90992,81829,11676,10159,1517,156743,78808,77935,3058,1350,1708,1028,516,512,316,159,157,0,0,0
23,427,District - Sagar (10),Total,35-39,154100,81528,72572,4880,4212,668,143282,74753,68529,4581,1821,2760,1058,592,466,299,150,149,0,0,0
23,427,District - Sagar (10),Total,40-44,132336,70394,61942,2890,2449,441,122104,65080,57024,6263,2296,3967,834,460,374,245,109,136,0,0,0
23,427,District - Sagar (10),Total,45-49,109909,58800,51109,1684,1392,292,99997,54291,45706,7442,2723,4719,620,321,299,166,73,93,0,0,0
23,427,District - Sagar (10),Total,50-54,85379,46592,38787,1078,879,199,75295,42603,32692,8435,2816,5619,458,250,208,113,44,69,0,0,0
23,427,District - Sagar (10),Total,55-59,64721,32776,31945,662,543,119,55796,29596,26200,7916,2469,5447,276,133,143,71,35,36,0,0,0
23,427,District - Sagar (10),Total,60-64,65305,32396,32909,1352,883,469,49028,27528,21500,14612,3836,10776,243,129,114,70,20,50,0,0,0
23,427,District - Sagar (10),Total,65-69,47689,23044,24645,1423,909,514,32296,18501,13795,13777,3550,10227,140,67,73,53,17,36,0,0,0
23,427,District - Sagar (10),Total,70-74,35397,16838,18559,751,510,241,19729,12814,6915,14785,3462,11323,79,36,43,53,16,37,0,0,0
23,427,District - Sagar (10),Total,75-79,16699,7806,8893,279,192,87,8924,5601,3323,7431,1978,5453,41,25,16,24,10,14,0,0,0
23,427,District - Sagar (10),Total,80+,20242,9078,11164,1300,781,519,8031,5358,2673,10841,2898,7943,45,30,15,25,11,14,0,0,0
23,427,District - Sagar (10),Total,Age not stated,3172,1687,1485,2417,1337,1080,629,310,319,104,32,72,17,6,11,5,2,3,0,0,0
23,427,District - Sagar (10),Total,Less than 18,948348,496427,451921,935871,492194,443677,11786,3967,7819,490,180,310,178,75,103,23,11,12,0,0,0
23,427,District - Sagar (10),Total,Less than 21,1103526,584433,519093,1049976,570869,479107,52215,13071,39144,864,329,535,406,145,261,65,19,46,0,0,0
23,427,District - Sagar (10),Rural,All ages,1669662,884133,785529,834655,478764,355891,757529,378790,378739,71456,23329,48127,4880,2650,2230,1142,600,542,0,0,0
23,427,District - Sagar (10),Rural,0-9,385088,199689,185399,385088,199689,185399,0,0,0,0,0,0,0,0,0,0,0,0,0,0,0
23,427,District - Sagar (10),Rural,10-14,208850,108276,100574,205070,106757,98313,3524,1415,2109,170,65,105,80,35,45,6,4,2,0,0,0
23,427,District - Sagar (10),Rural,15-19,171438,97206,74232,150221,92422,57799,20787,4621,16166,285,116,169,126,42,84,19,5,14,0,0,0
23,427,District - Sagar (10),Rural,20-24,153445,86206,67239,60994,50868,10126,91077,34695,56382,786,404,382,478,197,281,110,42,68,0,0,0
23,427,District - Sagar (10),Rural,25-29,133586,72158,61428,16727,15180,1547,114509,55782,58727,1446,711,735,721,375,346,183,110,73,0,0,0
23,427,District - Sagar (10),Rural,30-34,117259,61385,55874,5360,4972,388,108755,54784,53971,2210,1086,1124,727,415,312,207,128,79,0,0,0
23,427,District - Sagar (10),Rural,35-39,105048,55810,49238,2604,2397,207,98258,51407,46851,3252,1447,1805,764,457,307,170,102,68,0,0,0
23,427,District - Sagar (10),Rural,40-44,89479,47734,41745,1694,1529,165,82766,43971,38795,4311,1820,2491,588,344,244,120,70,50,0,0,0
23,427,District - Sagar (10),Rural,45-49,72860,38966,33894,998,894,104,66287,35709,30578,5048,2078,2970,443,246,197,84,39,45,0,0,0
23,427,District - Sagar (10),Rural,50-54,56710,30811,25899,673,594,79,49952,27860,22092,5692,2138,3554,338,195,143,55,24,31,0,0,0
23,427,District - Sagar (10),Rural,55-59,43594,21832,21762,436,388,48,37696,19500,18196,5216,1814,3402,201,106,95,45,24,21,0,0,0
23,427,District - Sagar (10),Rural,60-64,45472,22442,23030,911,621,290,34087,18824,15263,10249,2882,7367,177,100,77,48,15,33,0,0,0
23,427,District - Sagar (10),Rural,65-69,33816,16379,17437,856,602,254,23049,13038,10011,9775,2670,7105,104,57,47,32,12,20,0,0,0
23,427,District - Sagar (10),Rural,70-74,25330,12184,13146,484,355,129,14247,9211,5036,10509,2581,7928,58,29,29,32,8,24,0,0,0
23,427,District - Sagar (10),Rural,75-79,11602,5477,6125,188,137,51,6394,3932,2462,4974,1377,3597,33,24,9,13,7,6,0,0,0
23,427,District - Sagar (10),Rural,80+,14121,6539,7582,829,523,306,5778,3867,1911,7468,2117,5351,32,24,8,14,8,6,0,0,0
23,427,District - Sagar (10),Rural,Age not stated,1964,1039,925,1522,836,686,363,174,189,65,23,42,10,4,6,4,2,2,0,0,0
23,427,District - Sagar (10),Rural,Less than 18,698085,365931,332154,688704,362785,325919,8901,2953,5948,340,134,206,129,53,76,11,6,5,0,0,0
23,427,District - Sagar (10),Rural,Less than 21,805442,427885,377557,762743,416800,345943,41741,10709,31032,614,253,361,305,111,194,39,12,27,0,0,0
23,427,District - Sagar (10),Urban,All ages,708796,372124,336672,354977,202926,152051,319841,160744,159097,31386,7515,23871,1812,694,1118,780,245,535,0,0,0
23,427,District - Sagar (10),Urban,0-9,132044,68629,63415,132044,68629,63415,0,0,0,0,0,0,0,0,0,0,0,0,0,0,0
23,427,District - Sagar (10),Urban,10-14,74864,38936,35928,73402,38332,35070,1337,562,775,88,24,64,29,13,16,8,5,3,0,0,0
23,427,District - Sagar (10),Urban,15-19,73629,39570,34059,68624,38518,30106,4861,1006,3855,96,33,63,40,13,27,8,0,8,0,0,0
23,427,District - Sagar (10),Urban,20-24,73444,39542,33902,47298,31929,15369,25672,7479,18193,264,87,177,161,43,118,49,4,45,0,0,0
23,427,District - Sagar (10),Urban,25-29,64300,34114,30186,19772,15120,4652,43749,18731,25018,462,173,289,218,61,157,99,29,70,0,0,0
23,427,District - Sagar (10),Urban,30-34,55562,29607,25955,6316,5187,1129,47988,24024,23964,848,264,584,301,101,200,109,31,78,0,0,0
23,427,District - Sagar (10),Urban,35-39,49052,25718,23334,2276,1815,461,45024,23346,21678,1329,374,955,294,135,159,129,48,81,0,0,0
23,427,District - Sagar (10),Urban,40-44,42857,22660,20197,1196,920,276,39338,21109,18229,1952,476,1476,246,116,130,125,39,86,0,0,0
23,427,District - Sagar (10),Urban,45-49,37049,19834,17215,686,498,188,33710,18582,15128,2394,645,1749,177,75,102,82,34,48,0,0,0
23,427,District - Sagar (10),Urban,50-54,28669,15781,12888,405,285,120,25343,14743,10600,2743,678,2065,120,55,65,58,20,38,0,0,0
23,427,District - Sagar (10),Urban,55-59,21127,10944,10183,226,155,71,18100,10096,8004,2700,655,2045,75,27,48,26,11,15,0,0,0
23,427,District - Sagar (10),Urban,60-64,19833,9954,9879,441,262,179,14941,8704,6237,4363,954,3409,66,29,37,22,5,17,0,0,0
23,427,District - Sagar (10),Urban,65-69,13873,6665,7208,567,307,260,9247,5463,3784,4002,880,3122,36,10,26,21,5,16,0,0,0
23,427,District - Sagar (10),Urban,70-74,10067,4654,5413,267,155,112,5482,3603,1879,4276,881,3395,21,7,14,21,8,13,0,0,0
23,427,District - Sagar (10),Urban,75-79,5097,2329,2768,91,55,36,2530,1669,861,2457,601,1856,8,1,7,11,3,8,0,0,0
23,427,District - Sagar (10),Urban,80+,6121,2539,3582,471,258,213,2253,1491,762,3373,781,2592,13,6,7,11,3,8,0,0,0
23,427,District - Sagar (10),Urban,Age not stated,1208,648,560,895,501,394,266,136,130,39,9,30,7,2,5,1,0,1,0,0,0
23,427,District - Sagar (10),Urban,Less than 18,250263,130496,119767,247167,129409,117758,2885,1014,1871,150,46,104,49,22,27,12,5,7,0,0,0
23,427,District - Sagar (10),Urban,Less than 21,298084,156548,141536,287233,154069,133164,10474,2362,8112,250,76,174,101,34,67,26,7,19,0,0,0
23,428,District - Damoh (11),Total,All ages,1264219,661873,602346,608476,347154,261322,592692,295874,296818,58296,16516,41780,3884,1920,1964,871,409,462,0,0,0
23,428,District - Damoh (11),Total,0-9,279165,144456,134709,279165,144456,134709,0,0,0,0,0,0,0,0,0,0,0,0,0,0,0
23,428,District - Damoh (11),Total,10-14,149691,77463,72228,146443,76090,70353,3069,1301,1768,100,38,62,64,29,35,15,5,10,0,0,0
23,428,District - Damoh (11),Total,15-19,124119,69702,54417,107296,65669,41627,16474,3889,12585,241,105,136,89,34,55,19,5,14,0,0,0
23,428,District - Damoh (11),Total,20-24,113878,62982,50896,46773,36962,9811,66043,25552,40491,600,274,326,374,154,220,88,40,48,0,0,0
23,428,District - Damoh (11),Total,25-29,102076,53870,48206,15425,13081,2344,84800,39931,44869,1207,567,640,508,228,280,136,63,73,0,0,0
23,428,District - Damoh (11),Total,30-34,92870,48364,44506,5232,4663,569,85028,42495,42533,1844,805,1039,627,324,303,139,77,62,0,0,0
23,428,District - Damoh (11),Total,35-39,84584,44097,40487,2202,1947,255,79016,40692,38324,2695,1094,1601,541,296,245,130,68,62,0,0,0
23,428,District - Damoh (11),Total,40-44,74299,39151,35148,1247,1094,153,68751,36379,32372,3670,1342,2328,513,280,233,118,56,62,0,0,0
23,428,District - Damoh (11),Total,45-49,60840,32111,28729,704,616,88,55468,29836,25632,4209,1421,2788,390,208,182,69,30,39,0,0,0
23,428,District - Damoh (11),Total,50-54,46387,24954,21433,512,405,107,40645,22938,17707,4899,1454,3445,270,128,142,61,29,32,0,0,0
23,428,District - Damoh (11),Total,55-59,35129,17550,17579,318,259,59,30100,15891,14209,4507,1313,3194,169,75,94,35,12,23,0,0,0
23,428,District - Damoh (11),Total,60-64,35727,17158,18569,611,367,244,26560,14715,11845,8381,1998,6383,153,68,85,22,10,12,0,0,0
23,428,District - Damoh (11),Total,65-69,26077,12169,13908,624,388,236,17344,9886,7458,7994,1840,6154,101,49,52,14,6,8,0,0,0
23,428,District - Damoh (11),Total,70-74,19124,8877,10247,275,184,91,10453,6772,3681,8341,1891,6450,42,26,16,13,4,9,0,0,0
23,428,District - Damoh (11),Total,75-79,8896,4005,4891,112,77,35,4621,2860,1761,4139,1058,3081,18,8,10,6,2,4,0,0,0
23,428,District - Damoh (11),Total,80+,10063,4276,5787,709,424,285,3921,2540,1381,5410,1301,4109,18,9,9,5,2,3,0,0,0
23,428,District - Damoh (11),Total,Age not stated,1294,688,606,828,472,356,399,197,202,59,15,44,7,4,3,1,0,1,0,0,0
23,428,District - Damoh (11),Total,Less than 18,503418,263150,240268,495569,260358,235211,7469,2635,4834,255,102,153,104,49,55,21,6,15,0,0,0
23,428,District - Damoh (11),Total,Less than 21,581944,307790,274154,548763,298627,250136,32443,8869,23574,469,192,277,222,87,135,47,15,32,0,0,0
23,428,District - Damoh (11),Rural,All ages,1013668,530471,483197,484725,275731,208994,478772,238918,239854,46398,13846,32552,3137,1646,1491,636,330,306,0,0,0
23,428,District - Damoh (11),Rural,0-9,232949,120208,112741,232949,120208,112741,0,0,0,0,0,0,0,0,0,0,0,0,0,0,0
23,428,District - Damoh (11),Rural,10-14,123293,63711,59582,120665,62597,58068,2490,1062,1428,82,28,54,46,20,26,10,4,6,0,0,0
23,428,District - Damoh (11),Rural,15-19,98145,55756,42389,83459,52205,31254,14392,3424,10968,201,92,109,77,31,46,16,4,12,0,0,0
23,428,District - Damoh (11),Rural,20-24,88264,49099,39165,30680,26011,4669,56705,22677,34028,502,237,265,307,137,170,70,37,33,0,0,0
23,428,District - Damoh (11),Rural,25-29,79649,41967,37682,8457,7668,789,69694,33562,36132,987,491,496,401,188,213,110,58,52,0,0,0
23,428,District - Damoh (11),Rural,30-34,73539,38025,35514,2913,2677,236,68517,34321,34196,1494,681,813,512,284,228,103,62,41,0,0,0
23,428,District - Damoh (11),Rural,35-39,67145,35021,32124,1339,1228,111,63111,32527,30584,2170,951,1219,437,258,179,88,57,31,0,0,0
23,428,District - Damoh (11),Rural,40-44,58503,30850,27653,800,729,71,54333,28704,25629,2878,1145,1733,418,238,180,74,34,40,0,0,0
23,428,District - Damoh (11),Rural,45-49,47579,25020,22559,485,438,47,43406,23178,20228,3325,1204,2121,314,176,138,49,24,25,0,0,0
23,428,District - Damoh (11),Rural,50-54,35903,19182,16721,339,286,53,31510,17551,13959,3802,1216,2586,209,106,103,43,23,20,0,0,0
23,428,District - Damoh (11),Rural,55-59,27554,13701,13853,220,188,32,23677,12337,11340,3502,1102,2400,132,67,65,23,7,16,0,0,0
23,428,District - Damoh (11),Rural,60-64,28589,13697,14892,487,302,185,21203,11655,9548,6748,1671,5077,133,61,72,18,8,10,0,0,0
23,428,District - Damoh (11),Rural,65-69,21014,9832,11182,471,308,163,14031,7952,6079,6416,1523,4893,85,44,41,11,5,6,0,0,0
23,428,District - Damoh (11),Rural,70-74,15395,7200,8195,208,141,67,8488,5479,3009,6654,1556,5098,35,21,14,10,3,7,0,0,0
23,428,District - Damoh (11),Rural,75-79,7109,3196,3913,87,60,27,3697,2254,1443,3306,876,2430,13,4,9,6,2,4,0,0,0
23,428,District - Damoh (11),Rural,80+,8048,3468,4580,531,317,214,3220,2083,1137,4278,1059,3219,14,7,7,5,2,3,0,0,0
23,428,District - Damoh (11),Rural,Age not stated,990,538,452,635,368,267,298,152,146,53,14,39,4,4,0,0,0,0,0,0,0
23,428,District - Damoh (11),Rural,Less than 18,415451,217047,198404,408931,214751,194180,6217,2169,4048,208,85,123,80,38,42,15,4,11,0,0,0
23,428,District - Damoh (11),Rural,Less than 21,477224,252500,224724,448476,244437,204039,28135,7812,20323,396,166,230,180,72,108,37,13,24,0,0,0
23,428,District - Damoh (11),Urban,All ages,250551,131402,119149,123751,71423,52328,113920,56956,56964,11898,2670,9228,747,274,473,235,79,156,0,0,0
23,428,District - Damoh (11),Urban,0-9,46216,24248,21968,46216,24248,21968,0,0,0,0,0,0,0,0,0,0,0,0,0,0,0
23,428,District - Damoh (11),Urban,10-14,26398,13752,12646,25778,13493,12285,579,239,340,18,10,8,18,9,9,5,1,4,0,0,0
23,428,District - Damoh (11),Urban,15-19,25974,13946,12028,23837,13464,10373,2082,465,1617,40,13,27,12,3,9,3,1,2,0,0,0
23,428,District - Damoh (11),Urban,20-24,25614,13883,11731,16093,10951,5142,9338,2875,6463,98,37,61,67,17,50,18,3,15,0,0,0
23,428,District - Damoh (11),Urban,25-29,22427,11903,10524,6968,5413,1555,15106,6369,8737,220,76,144,107,40,67,26,5,21,0,0,0
23,428,District - Damoh (11),Urban,30-34,19331,10339,8992,2319,1986,333,16511,8174,8337,350,124,226,115,40,75,36,15,21,0,0,0
23,428,District - Damoh (11),Urban,35-39,17439,9076,8363,863,719,144,15905,8165,7740,525,143,382,104,38,66,42,11,31,0,0,0
23,428,District - Damoh (11),Urban,40-44,15796,8301,7495,447,365,82,14418,7675,6743,792,197,595,95,42,53,44,22,22,0,0,0
23,428,District - Damoh (11),Urban,45-49,13261,7091,6170,219,178,41,12062,6658,5404,884,217,667,76,32,44,20,6,14,0,0,0
23,428,District - Damoh (11),Urban,50-54,10484,5772,4712,173,119,54,9135,5387,3748,1097,238,859,61,22,39,18,6,12,0,0,0
23,428,District - Damoh (11),Urban,55-59,7575,3849,3726,98,71,27,6423,3554,2869,1005,211,794,37,8,29,12,5,7,0,0,0
23,428,District - Damoh (11),Urban,60-64,7138,3461,3677,124,65,59,5357,3060,2297,1633,327,1306,20,7,13,4,2,2,0,0,0
23,428,District - Damoh (11),Urban,65-69,5063,2337,2726,153,80,73,3313,1934,1379,1578,317,1261,16,5,11,3,1,2,0,0,0
23,428,District - Damoh (11),Urban,70-74,3729,1677,2052,67,43,24,1965,1293,672,1687,335,1352,7,5,2,3,1,2,0,0,0
23,428,District - Damoh (11),Urban,75-79,1787,809,978,25,17,8,924,606,318,833,182,651,5,4,1,0,0,0,0,0,0
23,428,District - Damoh (11),Urban,80+,2015,808,1207,178,107,71,701,457,244,1132,242,890,4,2,2,0,0,0,0,0,0
23,428,District - Damoh (11),Urban,Age not stated,304,150,154,193,104,89,101,45,56,6,1,5,3,0,3,1,0,1,0,0,0
23,428,District - Damoh (11),Urban,Less than 18,87967,46103,41864,86638,45607,41031,1252,466,786,47,17,30,24,11,13,6,2,4,0,0,0
23,428,District - Damoh (11),Urban,Less than 21,104720,55290,49430,100287,54190,46097,4308,1057,3251,73,26,47,42,15,27,10,2,8,0,0,0
23,429,District - Satna (12),Total,All ages,2228935,1157495,1071440,1089351,606813,482538,1046820,519691,527129,87340,28691,58649,4444,1896,2548,980,404,576,0,0,0
23,429,District - Satna (12),Total,0-9,488104,255184,232920,488104,255184,232920,0,0,0,0,0,0,0,0,0,0,0,0,0,0,0
23,429,District - Satna (12),Total,10-14,273366,141505,131861,267020,138901,128119,6001,2441,3560,189,84,105,119,58,61,37,21,16,0,0,0
23,429,District - Satna (12),Total,15-19,237481,126520,110961,210765,119413,91352,26162,6905,19257,402,145,257,127,45,82,25,12,13,0,0,0
23,429,District - Satna (12),Total,20-24,199951,107065,92886,85662,62886,22776,112749,43515,69234,991,427,564,462,205,257,87,32,55,0,0,0
23,429,District - Satna (12),Total,25-29,166745,86307,80438,21437,17930,3507,142773,67307,75466,1760,736,1024,632,269,363,143,65,78,0,0,0
23,429,District - Satna (12),Total,30-34,151485,75703,75782,5516,4632,884,142608,69791,72817,2608,959,1649,618,266,352,135,55,80,0,0,0
23,429,District - Satna (12),Total,35-39,148333,75143,73190,2057,1660,397,141472,71795,69677,4038,1375,2663,622,260,362,144,53,91,0,0,0
23,429,District - Satna (12),Total,40-44,129552,66748,62804,1297,1051,246,122438,63765,58673,5162,1676,3486,559,216,343,96,40,56,0,0,0
23,429,District - Satna (12),Total,45-49,105716,55438,50278,863,685,178,98546,52741,45805,5822,1812,4010,380,158,222,105,42,63,0,0,0
23,429,District - Satna (12),Total,50-54,78620,42403,36217,678,541,137,71080,39605,31475,6520,2119,4401,278,110,168,64,28,36,0,0,0
23,429,District - Satna (12),Total,55-59,58699,30107,28592,486,367,119,52079,27687,24392,5947,1973,3974,152,68,84,35,12,23,0,0,0
23,429,District - Satna (12),Total,60-64,60320,29327,30993,850,581,269,48545,25550,22995,10685,3102,7583,197,77,120,43,17,26,0,0,0
23,429,District - Satna (12),Total,65-69,49773,24353,25420,873,592,281,36751,19995,16756,11992,3690,8302,130,64,66,27,12,15,0,0,0
23,429,District - Satna (12),Total,70-74,38678,20087,18591,639,470,169,24131,15210,8921,13805,4355,9450,84,44,40,19,8,11,0,0,0
23,429,District - Satna (12),Total,75-79,18823,9670,9153,359,245,114,11083,6793,4290,7334,2601,4733,38,27,11,9,4,5,0,0,0
23,429,District - Satna (12),Total,80+,21136,10799,10337,1558,998,560,9534,6167,3367,9992,3605,6387,42,26,16,10,3,7,0,0,0
23,429,District - Satna (12),Total,Age not stated,2153,1136,1017,1187,677,510,868,424,444,93,32,61,4,3,1,1,0,1,0,0,0
23,429,District - Satna (12),Total,Less than 18,902944,471206,431738,888933,466188,422745,13387,4752,8635,417,168,249,162,72,90,45,26,19,0,0,0
23,429,District - Satna (12),Total,Less than 21,1051709,551432,500277,996697,534973,461724,53820,15984,37836,797,306,491,320,130,190,75,39,36,0,0,0
23,429,District - Satna (12),Rural,All ages,1754517,907904,846613,856906,474560,382346,823941,407760,416181,69517,23744,45773,3452,1540,1912,701,300,401,0,0,0
23,429,District - Satna (12),Rural,0-9,399541,208618,190923,399541,208618,190923,0,0,0,0,0,0,0,0,0,0,0,0,0,0,0
23,429,District - Satna (12),Rural,10-14,218729,112395,106334,213840,110400,103440,4616,1869,2747,145,63,82,99,46,53,29,17,12,0,0,0
23,429,District - Satna (12),Rural,15-19,185090,98300,86790,162752,92446,70306,21886,5688,16198,334,123,211,103,36,67,15,7,8,0,0,0
23,429,District - Satna (12),Rural,20-24,153763,82478,71285,58509,44701,13808,94031,37224,56807,802,356,446,353,172,181,68,25,43,0,0,0
23,429,District - Satna (12),Rural,25-29,127494,65954,61540,12165,10641,1524,113332,54431,58901,1403,606,797,494,227,267,100,49,51,0,0,0
23,429,District - Satna (12),Rural,30-34,116426,57893,58533,3026,2597,429,110757,54220,56537,2076,810,1266,472,226,246,95,40,55,0,0,0
23,429,District - Satna (12),Rural,35-39,113913,57614,56299,1189,988,201,109006,55269,53737,3156,1109,2047,464,206,258,98,42,56,0,0,0
23,429,District - Satna (12),Rural,40-44,99317,50803,48514,742,623,119,94106,48616,45490,4003,1383,2620,409,157,252,57,24,33,0,0,0
23,429,District - Satna (12),Rural,45-49,80290,41938,38352,534,436,98,74972,39878,35094,4396,1464,2932,314,129,185,74,31,43,0,0,0
23,429,District - Satna (12),Rural,50-54,59496,31755,27741,399,321,78,53921,29645,24276,4910,1682,3228,221,89,132,45,18,27,0,0,0
23,429,District - Satna (12),Rural,55-59,45132,22735,22397,314,244,70,40153,20859,19294,4511,1569,2942,128,55,73,26,8,18,0,0,0
23,429,District - Satna (12),Rural,60-64,48171,23148,25023,612,426,186,38898,20084,18814,8474,2562,5912,153,61,92,34,15,19,0,0,0
23,429,District - Satna (12),Rural,65-69,40857,19843,21014,619,418,201,30356,16276,14080,9755,3087,6668,105,53,52,22,9,13,0,0,0
23,429,District - Satna (12),Rural,70-74,32039,16688,15351,445,328,117,20130,12623,7507,11372,3691,7681,73,38,35,19,8,11,0,0,0
23,429,District - Satna (12),Rural,75-79,15488,7956,7532,230,161,69,9239,5602,3637,5982,2169,3813,28,20,8,9,4,5,0,0,0
23,429,District - Satna (12),Rural,80+,17110,8916,8194,1060,684,376,7882,5164,2718,8126,3043,5083,32,22,10,10,3,7,0,0,0
23,429,District - Satna (12),Rural,Age not stated,1661,870,791,929,528,401,656,312,344,72,27,45,4,3,1,0,0,0,0,0,0
23,429,District - Satna (12),Rural,Less than 18,728415,378748,349667,717435,374886,342549,10477,3650,6827,334,134,200,136,59,77,33,19,14,0,0,0
23,429,District - Satna (12),Rural,Less than 21,844410,441333,403077,798685,427680,371005,44772,13270,31502,643,252,391,254,101,153,56,30,26,0,0,0
23,429,District - Satna (12),Urban,All ages,474418,249591,224827,232445,132253,100192,222879,111931,110948,17823,4947,12876,992,356,636,279,104,175,0,0,0
23,429,District - Satna (12),Urban,0-9,88563,46566,41997,88563,46566,41997,0,0,0,0,0,0,0,0,0,0,0,0,0,0,0
23,429,District - Satna (12),Urban,10-14,54637,29110,25527,53180,28501,24679,1385,572,813,44,21,23,20,12,8,8,4,4,0,0,0
23,429,District - Satna (12),Urban,15-19,52391,28220,24171,48013,26967,21046,4276,1217,3059,68,22,46,24,9,15,10,5,5,0,0,0
23,429,District - Satna (12),Urban,20-24,46188,24587,21601,27153,18185,8968,18718,6291,12427,189,71,118,109,33,76,19,7,12,0,0,0
23,429,District - Satna (12),Urban,25-29,39251,20353,18898,9272,7289,1983,29441,12876,16565,357,130,227,138,42,96,43,16,27,0,0,0
23,429,District - Satna (12),Urban,30-34,35059,17810,17249,2490,2035,455,31851,15571,16280,532,149,383,146,40,106,40,15,25,0,0,0
23,429,District - Satna (12),Urban,35-39,34420,17529,16891,868,672,196,32466,16526,15940,882,266,616,158,54,104,46,11,35,0,0,0
23,429,District - Satna (12),Urban,40-44,30235,15945,14290,555,428,127,28332,15149,13183,1159,293,866,150,59,91,39,16,23,0,0,0
23,429,District - Satna (12),Urban,45-49,25426,13500,11926,329,249,80,23574,12863,10711,1426,348,1078,66,29,37,31,11,20,0,0,0
23,429,District - Satna (12),Urban,50-54,19124,10648,8476,279,220,59,17159,9960,7199,1610,437,1173,57,21,36,19,10,9,0,0,0
23,429,District - Satna (12),Urban,55-59,13567,7372,6195,172,123,49,11926,6828,5098,1436,404,1032,24,13,11,9,4,5,0,0,0
23,429,District - Satna (12),Urban,60-64,12149,6179,5970,238,155,83,9647,5466,4181,2211,540,1671,44,16,28,9,2,7,0,0,0
23,429,District - Satna (12),Urban,65-69,8916,4510,4406,254,174,80,6395,3719,2676,2237,603,1634,25,11,14,5,3,2,0,0,0
23,429,District - Satna (12),Urban,70-74,6639,3399,3240,194,142,52,4001,2587,1414,2433,664,1769,11,6,5,0,0,0,0,0,0
23,429,District - Satna (12),Urban,75-79,3335,1714,1621,129,84,45,1844,1191,653,1352,432,920,10,7,3,0,0,0,0,0,0
23,429,District - Satna (12),Urban,80+,4026,1883,2143,498,314,184,1652,1003,649,1866,562,1304,10,4,6,0,0,0,0,0,0
23,429,District - Satna (12),Urban,Age not stated,492,266,226,258,149,109,212,112,100,21,5,16,0,0,0,1,0,1,0,0,0
23,429,District - Satna (12),Urban,Less than 18,174529,92458,82071,171498,91302,80196,2910,1102,1808,83,34,49,26,13,13,12,7,5,0,0,0
23,429,District - Satna (12),Urban,Less than 21,207299,110099,97200,198012,107293,90719,9048,2714,6334,154,54,100,66,29,37,19,9,10,0,0,0
23,430,District - Rewa (13),Total,All ages,2365106,1225100,1140006,1161380,648778,512602,1109509,543823,565686,89600,30636,58964,3810,1550,2260,807,313,494,0,0,0
23,430,District - Rewa (13),Total,0-9,514586,271726,242860,514586,271726,242860,0,0,0,0,0,0,0,0,0,0,0,0,0,0,0
23,430,District - Rewa (13),Total,10-14,298342,154810,143532,291373,152056,139317,6634,2598,4036,185,68,117,130,75,55,20,13,7,0,0,0
23,430,District - Rewa (13),Total,15-19,258513,136685,121828,228972,129073,99899,28909,7341,21568,433,176,257,170,81,89,29,14,15,0,0,0
23,430,District - Rewa (13),Total,20-24,210645,112302,98343,87725,65206,22519,121442,46470,74972,1036,443,593,369,155,214,73,28,45,0,0,0
23,430,District - Rewa (13),Total,25-29,177989,91400,86589,21518,17996,3522,154106,72393,81713,1788,780,1008,474,189,285,103,42,61,0,0,0
23,430,District - Rewa (13),Total,30-34,157264,78637,78627,5636,4664,972,148426,72734,75692,2614,993,1621,484,206,278,104,40,64,0,0,0
23,430,District - Rewa (13),Total,35-39,150212,75933,74279,2319,1834,485,143430,72533,70897,3832,1307,2525,514,212,302,117,47,70,0,0,0
23,430,District - Rewa (13),Total,40-44,126591,64076,62515,1207,916,291,120041,61423,58618,4825,1531,3294,415,166,249,103,40,63,0,0,0
23,430,District - Rewa (13),Total,45-49,106168,54463,51705,879,647,232,99550,51949,47601,5344,1731,3613,331,113,218,64,23,41,0,0,0
23,430,District - Rewa (13),Total,50-54,79875,42162,37713,649,509,140,72886,39651,33235,6032,1904,4128,257,84,173,51,14,37,0,0,0
23,430,District - Rewa (13),Total,55-59,62711,31121,31590,478,338,140,56421,28780,27641,5621,1932,3689,161,60,101,30,11,19,0,0,0
23,430,District - Rewa (13),Total,60-64,68329,33035,35294,1051,632,419,56473,29087,27386,10567,3234,7333,196,65,131,42,17,25,0,0,0
23,430,District - Rewa (13),Total,65-69,57976,28408,29568,1050,692,358,44378,23751,20627,12368,3894,8474,152,63,89,28,8,20,0,0,0
23,430,District - Rewa (13),Total,70-74,45296,23721,21575,657,456,201,29641,18348,11293,14895,4869,10026,84,39,45,19,9,10,0,0,0
23,430,District - Rewa (13),Total,75-79,22263,11654,10609,326,237,89,13789,8362,5427,8117,3040,5077,25,13,12,6,2,4,0,0,0
23,430,District - Rewa (13),Total,80+,25778,13595,12183,1527,950,577,12373,7928,4445,11820,4690,7130,42,24,18,16,3,13,0,0,0
23,430,District - Rewa (13),Total,Age not stated,2568,1372,1196,1427,846,581,1010,475,535,123,44,79,6,5,1,2,2,0,0,0,0
23,430,District - Rewa (13),Total,Less than 18,968588,508292,460296,952708,502644,450064,15178,5336,9842,446,171,275,222,120,102,34,21,13,0,0,0
23,430,District - Rewa (13),Total,Less than 21,1127098,593206,533892,1067269,575799,491470,58549,16855,41694,850,338,512,369,181,188,61,33,28,0,0,0
23,430,District - Rewa (13),Rural,All ages,1969321,1017839,951482,965865,537259,428606,924397,452174,472223,75320,26817,48503,3114,1333,1781,625,256,369,0,0,0
23,430,District - Rewa (13),Rural,0-9,442378,233131,209247,442378,233131,209247,0,0,0,0,0,0,0,0,0,0,0,0,0,0,0
23,430,District - Rewa (13),Rural,10-14,252541,130364,122177,246575,127995,118580,5679,2235,3444,162,60,102,111,66,45,14,8,6,0,0,0
23,430,District - Rewa (13),Rural,15-19,213555,112765,100790,187666,106154,81512,25360,6387,18973,374,150,224,131,63,68,24,11,13,0,0,0
23,430,District - Rewa (13),Rural,20-24,170846,91135,79711,63753,49333,14420,105839,41252,64587,886,392,494,307,133,174,61,25,36,0,0,0
23,430,District - Rewa (13),Rural,25-29,144580,74036,70544,13132,11454,1678,129447,61689,67758,1533,695,838,385,163,222,83,35,48,0,0,0
23,430,District - Rewa (13),Rural,30-34,128768,64172,64596,3484,2911,573,122596,60187,62409,2217,869,1348,397,174,223,74,31,43,0,0,0
23,430,District - Rewa (13),Rural,35-39,122610,62069,60541,1572,1254,318,117393,59448,57945,3151,1148,2003,415,180,235,79,39,40,0,0,0
23,430,District - Rewa (13),Rural,40-44,101770,51275,50495,819,635,184,96610,49152,47458,3945,1321,2624,317,138,179,79,29,50,0,0,0
23,430,District - Rewa (13),Rural,45-49,84913,43301,41612,642,493,149,79675,41206,38469,4279,1485,2794,273,100,173,44,17,27,0,0,0
23,430,District - Rewa (13),Rural,50-54,64183,33653,30530,489,414,75,58526,31519,27007,4917,1634,3283,207,72,135,44,14,30,0,0,0
23,430,District - Rewa (13),Rural,55-59,51419,25073,26346,367,270,97,46351,23081,23270,4549,1657,2892,123,54,69,29,11,18,0,0,0
23,430,District - Rewa (13),Rural,60-64,58038,27942,30096,866,539,327,48236,24541,23695,8735,2791,5944,166,57,109,35,14,21,0,0,0
23,430,District - Rewa (13),Rural,65-69,50350,24716,25634,899,603,296,38835,20644,18191,10454,3404,7050,137,57,80,25,8,17,0,0,0
23,430,District - Rewa (13),Rural,70-74,39532,20883,18649,553,395,158,26077,16106,9971,12810,4337,8473,76,37,39,16,8,8,0,0,0
23,430,District - Rewa (13),Rural,75-79,19403,10226,9177,278,210,68,12145,7349,4796,6951,2653,4298,25,13,12,4,1,3,0,0,0
23,430,District - Rewa (13),Rural,80+,22182,11882,10300,1149,718,431,10738,6959,3779,10244,4180,6064,39,22,17,12,3,9,0,0,0
23,430,District - Rewa (13),Rural,Age not stated,2253,1216,1037,1243,750,493,890,419,471,113,41,72,5,4,1,2,2,0,0,0,0
23,430,District - Rewa (13),Rural,Less than 18,823747,430946,392801,810182,426124,384058,12972,4558,8414,385,147,238,182,102,80,26,15,11,0,0,0
23,430,District - Rewa (13),Rural,Less than 21,954117,500950,453167,901770,485678,416092,51267,14807,36460,727,289,438,303,151,152,50,25,25,0,0,0
23,430,District - Rewa (13),Urban,All ages,395785,207261,188524,195515,111519,83996,185112,91649,93463,14280,3819,10461,696,217,479,182,57,125,0,0,0
23,430,District - Rewa (13),Urban,0-9,72208,38595,33613,72208,38595,33613,0,0,0,0,0,0,0,0,0,0,0,0,0,0,0
23,430,District - Rewa (13),Urban,10-14,45801,24446,21355,44798,24061,20737,955,363,592,23,8,15,19,9,10,6,5,1,0,0,0
23,430,District - Rewa (13),Urban,15-19,44958,23920,21038,41306,22919,18387,3549,954,2595,59,26,33,39,18,21,5,3,2,0,0,0
23,430,District - Rewa (13),Urban,20-24,39799,21167,18632,23972,15873,8099,15603,5218,10385,150,51,99,62,22,40,12,3,9,0,0,0
23,430,District - Rewa (13),Urban,25-29,33409,17364,16045,8386,6542,1844,24659,10704,13955,255,85,170,89,26,63,20,7,13,0,0,0
23,430,District - Rewa (13),Urban,30-34,28496,14465,14031,2152,1753,399,25830,12547,13283,397,124,273,87,32,55,30,9,21,0,0,0
23,430,District - Rewa (13),Urban,35-39,27602,13864,13738,747,580,167,26037,13085,12952,681,159,522,99,32,67,38,8,30,0,0,0
23,430,District - Rewa (13),Urban,40-44,24821,12801,12020,388,281,107,23431,12271,11160,880,210,670,98,28,70,24,11,13,0,0,0
23,430,District - Rewa (13),Urban,45-49,21255,11162,10093,237,154,83,19875,10743,9132,1065,246,819,58,13,45,20,6,14,0,0,0
23,430,District - Rewa (13),Urban,50-54,15692,8509,7183,160,95,65,14360,8132,6228,1115,270,845,50,12,38,7,0,7,0,0,0
23,430,District - Rewa (13),Urban,55-59,11292,6048,5244,111,68,43,10070,5699,4371,1072,275,797,38,6,32,1,0,1,0,0,0
23,430,District - Rewa (13),Urban,60-64,10291,5093,5198,185,93,92,8237,4546,3691,1832,443,1389,30,8,22,7,3,4,0,0,0
23,430,District - Rewa (13),Urban,65-69,7626,3692,3934,151,89,62,5543,3107,2436,1914,490,1424,15,6,9,3,0,3,0,0,0
23,430,District - Rewa (13),Urban,70-74,5764,2838,2926,104,61,43,3564,2242,1322,2085,532,1553,8,2,6,3,1,2,0,0,0
23,430,District - Rewa (13),Urban,75-79,2860,1428,1432,48,27,21,1644,1013,631,1166,387,779,0,0,0,2,1,1,0,0,0
23,430,District - Rewa (13),Urban,80+,3596,1713,1883,378,232,146,1635,969,666,1576,510,1066,3,2,1,4,0,4,0,0,0
23,430,District - Rewa (13),Urban,Age not stated,315,156,159,184,96,88,120,56,64,10,3,7,1,1,0,0,0,0,0,0,0
23,430,District - Rewa (13),Urban,Less than 18,144841,77346,67495,142526,76520,66006,2206,778,1428,61,24,37,40,18,22,8,6,2,0,0,0
23,430,District - Rewa (13),Urban,Less than 21,172981,92256,80725,165499,90121,75378,7282,2048,5234,123,49,74,66,30,36,11,8,3,0,0,0
23,431,District - Umaria (14),Total,All ages,644758,330674,314084,311981,169692,142289,303933,151541,152392,25932,8152,17780,2401,1076,1325,511,213,298,0,0,0
23,431,District - Umaria (14),Total,0-9,149304,76752,72552,149304,76752,72552,0,0,0,0,0,0,0,0,0,0,0,0,0,0,0
23,431,District - Umaria (14),Total,10-14,78678,39884,38794,76821,39092,37729,1771,751,1020,46,25,21,38,15,23,2,1,1,0,0,0
23,431,District - Umaria (14),Total,15-19,64077,32943,31134,54696,30498,24198,9160,2368,6792,135,54,81,77,20,57,9,3,6,0,0,0
23,431,District - Umaria (14),Total,20-24,59844,30799,29045,21703,15940,5763,37435,14563,22872,340,163,177,314,110,204,52,23,29,0,0,0
23,431,District - Umaria (14),Total,25-29,51127,26622,24505,5616,4607,1009,44444,21551,22893,650,284,366,336,149,187,81,31,50,0,0,0
23,431,District - Umaria (14),Total,30-34,45175,22631,22544,1423,1210,213,42366,20891,21475,959,339,620,345,156,189,82,35,47,0,0,0
23,431,District - Umaria (14),Total,35-39,43484,22266,21218,537,401,136,41086,21187,19899,1396,465,931,376,173,203,89,40,49,0,0,0
23,431,District - Umaria (14),Total,40-44,37686,19257,18429,304,226,78,35275,18312,16963,1748,566,1182,295,130,165,64,23,41,0,0,0
23,431,District - Umaria (14),Total,45-49,31795,16699,15096,203,148,55,29100,15735,13365,2213,690,1523,224,107,117,55,19,36,0,0,0
23,431,District - Umaria (14),Total,50-54,22972,12483,10489,112,71,41,20367,11586,8781,2322,745,1577,148,70,78,23,11,12,0,0,0
23,431,District - Umaria (14),Total,55-59,17075,8845,8230,97,73,24,14665,8044,6621,2222,674,1548,77,44,33,14,10,4,0,0,0
23,431,District - Umaria (14),Total,60-64,15399,7556,7843,203,115,88,11632,6420,5212,3481,973,2508,66,39,27,17,9,8,0,0,0
23,431,District - Umaria (14),Total,65-69,11468,5587,5881,187,107,80,7827,4490,3337,3404,964,2440,42,25,17,8,1,7,0,0,0
23,431,District - Umaria (14),Total,70-74,8417,4120,4297,98,56,42,4794,3062,1732,3485,978,2507,32,21,11,8,3,5,0,0,0
23,431,District - Umaria (14),Total,75-79,3777,1894,1883,64,29,35,2113,1350,763,1586,506,1080,12,8,4,2,1,1,0,0,0
23,431,District - Umaria (14),Total,80+,3876,2007,1869,262,160,102,1682,1119,563,1914,718,1196,14,7,7,4,3,1,0,0,0
23,431,District - Umaria (14),Total,Age not stated,604,329,275,351,207,144,216,112,104,31,8,23,5,2,3,1,0,1,0,0,0
23,431,District - Umaria (14),Total,Less than 18,266726,136563,130163,262101,134905,127196,4432,1581,2851,126,52,74,63,23,40,4,2,2,0,0,0
23,431,District - Umaria (14),Total,Less than 21,306564,156838,149726,288367,151600,136767,17779,5081,12698,237,99,138,164,51,113,17,7,10,0,0,0
23,431,District - Umaria (14),Rural,All ages,534214,273064,261150,257464,138930,118534,253359,126057,127302,21178,7045,14133,1810,854,956,403,178,225,0,0,0
23,431,District - Umaria (14),Rural,0-9,129331,66310,63021,129331,66310,63021,0,0,0,0,0,0,0,0,0,0,0,0,0,0,0
23,431,District - Umaria (14),Rural,10-14,66164,33338,32826,64547,32647,31900,1541,654,887,39,22,17,35,14,21,2,1,1,0,0,0
23,431,District - Umaria (14),Rural,15-19,51724,26517,25207,43310,24301,19009,8227,2148,6079,112,48,64,69,17,52,6,3,3,0,0,0
23,431,District - Umaria (14),Rural,20-24,48448,24811,23637,14768,11302,3466,33098,13246,19852,293,144,149,250,100,150,39,19,20,0,0,0
23,431,District - Umaria (14),Rural,25-29,41495,21454,20041,2966,2533,433,37660,18526,19134,556,249,307,254,123,131,59,23,36,0,0,0
23,431,District - Umaria (14),Rural,30-34,37232,18659,18573,793,697,96,35350,17517,17833,772,295,477,254,120,134,63,30,33,0,0,0
23,431,District - Umaria (14),Rural,35-39,35498,18247,17251,298,217,81,33747,17461,16286,1108,403,705,271,132,139,74,34,40,0,0,0
23,431,District - Umaria (14),Rural,40-44,30049,15382,14667,187,140,47,28221,14642,13579,1382,486,896,208,97,111,51,17,34,0,0,0
23,431,District - Umaria (14),Rural,45-49,25051,13091,11960,142,107,35,22977,12303,10674,1721,580,1141,165,84,81,46,17,29,0,0,0
23,431,District - Umaria (14),Rural,50-54,18011,9661,8350,74,46,28,15953,8919,7034,1856,635,1221,109,52,57,19,9,10,0,0,0
23,431,District - Umaria (14),Rural,55-59,13954,7050,6904,79,60,19,12015,6370,5645,1788,578,1210,60,33,27,12,9,3,0,0,0
23,431,District - Umaria (14),Rural,60-64,13139,6454,6685,164,94,70,10007,5459,4548,2908,864,2044,46,29,17,14,8,6,0,0,0
23,431,District - Umaria (14),Rural,65-69,9907,4856,5051,162,97,65,6846,3894,2952,2856,842,2014,37,22,15,6,1,5,0,0,0
23,431,District - Umaria (14),Rural,70-74,7203,3582,3621,83,49,34,4193,2660,1533,2892,851,2041,30,19,11,5,3,2,0,0,0
23,431,District - Umaria (14),Rural,75-79,3251,1650,1601,54,26,28,1866,1179,687,1319,437,882,10,7,3,2,1,1,0,0,0
23,431,District - Umaria (14),Rural,80+,3238,1725,1513,211,131,80,1470,985,485,1546,603,943,7,3,4,4,3,1,0,0,0
23,431,District - Umaria (14),Rural,Age not stated,519,277,242,295,173,122,188,94,94,30,8,22,5,2,3,1,0,1,0,0,0
23,431,District - Umaria (14),Rural,Less than 18,226685,115704,110981,222673,114257,108416,3850,1377,2473,101,47,54,58,21,37,3,2,1,0,0,0
23,431,District - Umaria (14),Rural,Less than 21,258996,132022,126974,242748,127286,115462,15893,4594,11299,200,89,111,143,47,96,12,6,6,0,0,0
23,431,District - Umaria (14),Urban,All ages,110544,57610,52934,54517,30762,23755,50574,25484,25090,4754,1107,3647,591,222,369,108,35,73,0,0,0
23,431,District - Umaria (14),Urban,0-9,19973,10442,9531,19973,10442,9531,0,0,0,0,0,0,0,0,0,0,0,0,0,0,0
23,431,District - Umaria (14),Urban,10-14,12514,6546,5968,12274,6445,5829,230,97,133,7,3,4,3,1,2,0,0,0,0,0,0
23,431,District - Umaria (14),Urban,15-19,12353,6426,5927,11386,6197,5189,933,220,713,23,6,17,8,3,5,3,0,3,0,0,0
23,431,District - Umaria (14),Urban,20-24,11396,5988,5408,6935,4638,2297,4337,1317,3020,47,19,28,64,10,54,13,4,9,0,0,0
23,431,District - Umaria (14),Urban,25-29,9632,5168,4464,2650,2074,576,6784,3025,3759,94,35,59,82,26,56,22,8,14,0,0,0
23,431,District - Umaria (14),Urban,30-34,7943,3972,3971,630,513,117,7016,3374,3642,187,44,143,91,36,55,19,5,14,0,0,0
23,431,District - Umaria (14),Urban,35-39,7986,4019,3967,239,184,55,7339,3726,3613,288,62,226,105,41,64,15,6,9,0,0,0
23,431,District - Umaria (14),Urban,40-44,7637,3875,3762,117,86,31,7054,3670,3384,366,80,286,87,33,54,13,6,7,0,0,0
23,431,District - Umaria (14),Urban,45-49,6744,3608,3136,61,41,20,6123,3432,2691,492,110,382,59,23,36,9,2,7,0,0,0
23,431,District - Umaria (14),Urban,50-54,4961,2822,2139,38,25,13,4414,2667,1747,466,110,356,39,18,21,4,2,2,0,0,0
23,431,District - Umaria (14),Urban,55-59,3121,1795,1326,18,13,5,2650,1674,976,434,96,338,17,11,6,2,1,1,0,0,0
23,431,District - Umaria (14),Urban,60-64,2260,1102,1158,39,21,18,1625,961,664,573,109,464,20,10,10,3,1,2,0,0,0
23,431,District - Umaria (14),Urban,65-69,1561,731,830,25,10,15,981,596,385,548,122,426,5,3,2,2,0,2,0,0,0
23,431,District - Umaria (14),Urban,70-74,1214,538,676,15,7,8,601,402,199,593,127,466,2,2,0,3,0,3,0,0,0
23,431,District - Umaria (14),Urban,75-79,526,244,282,10,3,7,247,171,76,267,69,198,2,1,1,0,0,0,0,0,0
23,431,District - Umaria (14),Urban,80+,638,282,356,51,29,22,212,134,78,368,115,253,7,4,3,0,0,0,0,0,0
23,431,District - Umaria (14),Urban,Age not stated,85,52,33,56,34,22,28,18,10,1,0,1,0,0,0,0,0,0,0,0,0
23,431,District - Umaria (14),Urban,Less than 18,40041,20859,19182,39428,20648,18780,582,204,378,25,5,20,5,2,3,1,0,1,0,0,0
23,431,District - Umaria (14),Urban,Less than 21,47568,24816,22752,45619,24314,21305,1886,487,1399,37,10,27,21,4,17,5,1,4,0,0,0
23,432,District - Neemuch  (15),Total,All ages,826067,422653,403414,351008,194952,156056,432405,216252,216153,37623,9351,28272,3735,1619,2116,1296,479,817,0,0,0
23,432,District - Neemuch  (15),Total,0-9,159113,82383,76730,159113,82383,76730,0,0,0,0,0,0,0,0,0,0,0,0,0,0,0
23,432,District - Neemuch  (15),Total,10-14,88282,45746,42536,84727,44323,40404,3446,1374,2072,64,24,40,39,22,17,6,3,3,0,0,0
23,432,District - Neemuch  (15),Total,15-19,82534,42487,40047,64895,37195,27700,17289,5158,12131,163,77,86,133,43,90,54,14,40,0,0,0
23,432,District - Neemuch  (15),Total,20-24,79498,41272,38226,27933,19963,7970,50543,20912,29631,360,148,212,494,190,304,168,59,109,0,0,0
23,432,District - Neemuch  (15),Total,25-29,67568,34695,32873,7527,5945,1582,58572,28174,30398,633,235,398,604,249,355,232,92,140,0,0,0
23,432,District - Neemuch  (15),Total,30-34,64134,32315,31819,2368,1909,459,59984,29720,30264,960,325,635,608,275,333,214,86,128,0,0,0
23,432,District - Neemuch  (15),Total,35-39,59619,30640,28979,1214,989,225,56151,28894,27257,1535,464,1071,537,235,302,182,58,124,0,0,0
23,432,District - Neemuch  (15),Total,40-44,51420,26734,24686,708,558,150,48081,25323,22758,2026,591,1435,442,199,243,163,63,100,0,0,0
23,432,District - Neemuch  (15),Total,45-49,42230,21875,20355,468,364,104,38942,20720,18222,2420,630,1790,295,128,167,105,33,72,0,0,0
23,432,District - Neemuch  (15),Total,50-54,34395,18161,16234,339,233,106,30519,17013,13506,3245,786,2459,225,97,128,67,32,35,0,0,0
23,432,District - Neemuch  (15),Total,55-59,25708,12747,12961,231,165,66,22419,11788,10631,2885,712,2173,140,69,71,33,13,20,0,0,0
23,432,District - Neemuch  (15),Total,60-64,23975,11826,12149,347,213,134,18327,10445,7882,5180,1110,4070,91,48,43,30,10,20,0,0,0
23,432,District - Neemuch  (15),Total,65-69,17536,8050,9486,317,212,105,12423,6787,5636,4735,1026,3709,49,20,29,12,5,7,0,0,0
23,432,District - Neemuch  (15),Total,70-74,14241,6640,7601,162,99,63,8341,5291,3050,5683,1222,4461,37,20,17,18,8,10,0,0,0
23,432,District - Neemuch  (15),Total,75-79,6946,3170,3776,72,46,26,3812,2353,1459,3042,759,2283,16,10,6,4,2,2,0,0,0
23,432,District - Neemuch  (15),Total,80+,8426,3671,4755,343,215,128,3380,2207,1173,4671,1235,3436,24,13,11,8,1,7,0,0,0
23,432,District - Neemuch  (15),Total,Age not stated,442,241,201,244,140,104,176,93,83,21,7,14,1,1,0,0,0,0,0,0,0
23,432,District - Neemuch  (15),Total,Less than 18,296140,153517,142623,286320,150092,136228,9553,3308,6245,154,63,91,93,48,45,20,6,14,0,0,0
23,432,District - Neemuch  (15),Total,Less than 21,351365,181448,169917,318532,170674,147858,32126,10497,21629,314,135,179,290,108,182,103,34,69,0,0,0
23,432,District - Neemuch  (15),Rural,All ages,580837,295013,285824,241590,133051,108539,308712,153528,155184,26899,6874,20025,2802,1241,1561,834,319,515,0,0,0
23,432,District - Neemuch  (15),Rural,0-9,116028,59810,56218,116028,59810,56218,0,0,0,0,0,0,0,0,0,0,0,0,0,0,0
23,432,District - Neemuch  (15),Rural,10-14,63216,32533,30683,60365,31421,28944,2776,1078,1698,48,19,29,24,14,10,3,1,2,0,0,0
23,432,District - Neemuch  (15),Rural,15-19,57874,29494,28380,43067,24963,18104,14528,4421,10107,126,61,65,111,37,74,42,12,30,0,0,0
23,432,District - Neemuch  (15),Rural,20-24,54698,27970,26728,14929,10995,3934,38967,16658,22309,262,110,152,408,162,246,132,45,87,0,0,0
23,432,District - Neemuch  (15),Rural,25-29,46527,23864,22663,3485,2932,553,41948,20471,21477,470,189,281,469,207,262,155,65,90,0,0,0
23,432,District - Neemuch  (15),Rural,30-34,44476,22332,22144,1167,992,175,42018,20826,21192,710,248,462,446,209,237,135,57,78,0,0,0
23,432,District - Neemuch  (15),Rural,35-39,41463,21133,20330,633,535,98,39191,20008,19183,1135,374,761,387,174,213,117,42,75,0,0,0
23,432,District - Neemuch  (15),Rural,40-44,35479,18376,17103,383,321,62,33245,17426,15819,1436,448,988,322,144,178,93,37,56,0,0,0
23,432,District - Neemuch  (15),Rural,45-49,28686,14729,13957,255,204,51,26467,13926,12541,1688,486,1202,214,94,120,62,19,43,0,0,0
23,432,District - Neemuch  (15),Rural,50-54,23330,12241,11089,177,135,42,20675,11443,9232,2278,574,1704,164,71,93,36,18,18,0,0,0
23,432,District - Neemuch  (15),Rural,55-59,17843,8608,9235,141,113,28,15533,7923,7610,2045,515,1530,103,46,57,21,11,10,0,0,0
23,432,District - Neemuch  (15),Rural,60-64,16947,8303,8644,208,133,75,12940,7330,5610,3723,805,2918,61,30,31,15,5,10,0,0,0
23,432,District - Neemuch  (15),Rural,65-69,12592,5687,6905,170,121,49,8974,4794,4180,3406,756,2650,35,14,21,7,2,5,0,0,0
23,432,District - Neemuch  (15),Rural,70-74,10397,4880,5517,104,71,33,6129,3911,2218,4128,877,3251,26,17,9,10,4,6,0,0,0
23,432,District - Neemuch  (15),Rural,75-79,4899,2212,2687,48,35,13,2707,1642,1065,2132,527,1605,11,8,3,1,0,1,0,0,0
23,432,District - Neemuch  (15),Rural,80+,6005,2635,3370,226,151,75,2460,1590,870,3294,880,2414,20,13,7,5,1,4,0,0,0
23,432,District - Neemuch  (15),Rural,Age not stated,377,206,171,204,119,85,154,81,73,18,5,13,1,1,0,0,0,0,0,0,0
23,432,District - Neemuch  (15),Rural,Less than 18,213485,110063,103422,205336,107259,98077,7947,2715,5232,116,49,67,71,38,33,15,2,13,0,0,0
23,432,District - Neemuch  (15),Rural,Less than 21,252464,129468,122996,225383,120403,104980,26519,8841,17678,241,107,134,237,88,149,84,29,55,0,0,0
23,432,District - Neemuch  (15),Urban,All ages,245230,127640,117590,109418,61901,47517,123693,62724,60969,10724,2477,8247,933,378,555,462,160,302,0,0,0
23,432,District - Neemuch  (15),Urban,0-9,43085,22573,20512,43085,22573,20512,0,0,0,0,0,0,0,0,0,0,0,0,0,0,0
23,432,District - Neemuch  (15),Urban,10-14,25066,13213,11853,24362,12902,11460,670,296,374,16,5,11,15,8,7,3,2,1,0,0,0
23,432,District - Neemuch  (15),Urban,15-19,24660,12993,11667,21828,12232,9596,2761,737,2024,37,16,21,22,6,16,12,2,10,0,0,0
23,432,District - Neemuch  (15),Urban,20-24,24800,13302,11498,13004,8968,4036,11576,4254,7322,98,38,60,86,28,58,36,14,22,0,0,0
23,432,District - Neemuch  (15),Urban,25-29,21041,10831,10210,4042,3013,1029,16624,7703,8921,163,46,117,135,42,93,77,27,50,0,0,0
23,432,District - Neemuch  (15),Urban,30-34,19658,9983,9675,1201,917,284,17966,8894,9072,250,77,173,162,66,96,79,29,50,0,0,0
23,432,District - Neemuch  (15),Urban,35-39,18156,9507,8649,581,454,127,16960,8886,8074,400,90,310,150,61,89,65,16,49,0,0,0
23,432,District - Neemuch  (15),Urban,40-44,15941,8358,7583,325,237,88,14836,7897,6939,590,143,447,120,55,65,70,26,44,0,0,0
23,432,District - Neemuch  (15),Urban,45-49,13544,7146,6398,213,160,53,12475,6794,5681,732,144,588,81,34,47,43,14,29,0,0,0
23,432,District - Neemuch  (15),Urban,50-54,11065,5920,5145,162,98,64,9844,5570,4274,967,212,755,61,26,35,31,14,17,0,0,0
23,432,District - Neemuch  (15),Urban,55-59,7865,4139,3726,90,52,38,6886,3865,3021,840,197,643,37,23,14,12,2,10,0,0,0
23,432,District - Neemuch  (15),Urban,60-64,7028,3523,3505,139,80,59,5387,3115,2272,1457,305,1152,30,18,12,15,5,10,0,0,0
23,432,District - Neemuch  (15),Urban,65-69,4944,2363,2581,147,91,56,3449,1993,1456,1329,270,1059,14,6,8,5,3,2,0,0,0
23,432,District - Neemuch  (15),Urban,70-74,3844,1760,2084,58,28,30,2212,1380,832,1555,345,1210,11,3,8,8,4,4,0,0,0
23,432,District - Neemuch  (15),Urban,75-79,2047,958,1089,24,11,13,1105,711,394,910,232,678,5,2,3,3,2,1,0,0,0
23,432,District - Neemuch  (15),Urban,80+,2421,1036,1385,117,64,53,920,617,303,1377,355,1022,4,0,4,3,0,3,0,0,0
23,432,District - Neemuch  (15),Urban,Age not stated,65,35,30,40,21,19,22,12,10,3,2,1,0,0,0,0,0,0,0,0,0
23,432,District - Neemuch  (15),Urban,Less than 18,82655,43454,39201,80984,42833,38151,1606,593,1013,38,14,24,22,10,12,5,4,1,0,0,0
23,432,District - Neemuch  (15),Urban,Less than 21,98901,51980,46921,93149,50271,42878,5607,1656,3951,73,28,45,53,20,33,19,5,14,0,0,0
23,433,District - Mandsaur (16),Total,All ages,1340411,682851,657560,572789,319099,253690,697367,345911,351456,62989,15060,47929,5357,2125,3232,1909,656,1253,0,0,0
23,433,District - Mandsaur (16),Total,0-9,263871,136467,127404,263871,136467,127404,0,0,0,0,0,0,0,0,0,0,0,0,0,0,0
23,433,District - Mandsaur (16),Total,10-14,148592,76860,71732,143745,75072,68673,4690,1730,2960,97,33,64,54,23,31,6,2,4,0,0,0
23,433,District - Mandsaur (16),Total,15-19,133204,68832,64372,103664,60713,42951,29062,7995,21067,246,76,170,172,43,129,60,5,55,0,0,0
23,433,District - Mandsaur (16),Total,20-24,127088,65945,61143,41100,30410,10690,84464,35008,49456,567,194,373,731,258,473,226,75,151,0,0,0
23,433,District - Mandsaur (16),Total,25-29,108245,55235,53010,10403,8579,1824,95667,45824,49843,1035,362,673,806,338,468,334,132,202,0,0,0
23,433,District - Mandsaur (16),Total,30-34,102201,51326,50875,3540,2993,547,95808,47354,48454,1703,543,1160,819,317,502,331,119,212,0,0,0
23,433,District - Mandsaur (16),Total,35-39,94149,47882,46267,1719,1411,308,88809,45296,43513,2523,742,1781,796,326,470,302,107,195,0,0,0
23,433,District - Mandsaur (16),Total,40-44,82164,42341,39823,1049,863,186,76640,40169,36471,3576,980,2596,652,250,402,247,79,168,0,0,0
23,433,District - Mandsaur (16),Total,45-49,68347,34897,33450,641,522,119,62806,33033,29773,4256,1092,3164,487,192,295,157,58,99,0,0,0
23,433,District - Mandsaur (16),Total,50-54,54702,29052,25650,499,399,100,48411,27178,21233,5360,1300,4060,328,140,188,104,35,69,0,0,0
23,433,District - Mandsaur (16),Total,55-59,40911,20119,20792,296,234,62,35463,18580,16883,4942,1217,3725,164,76,88,46,12,34,0,0,0
23,433,District - Mandsaur (16),Total,60-64,38667,18695,19972,550,359,191,29389,16447,12942,8529,1804,6725,161,70,91,38,15,23,0,0,0
23,433,District - Mandsaur (16),Total,65-69,28601,12918,15683,450,285,165,20285,10971,9314,7745,1609,6136,101,48,53,20,5,15,0,0,0
23,433,District - Mandsaur (16),Total,70-74,23337,10980,12357,223,156,67,13688,8806,4882,9362,1988,7374,44,23,21,20,7,13,0,0,0
23,433,District - Mandsaur (16),Total,75-79,11474,4968,6506,120,85,35,6248,3730,2518,5075,1141,3934,21,9,12,10,3,7,0,0,0
23,433,District - Mandsaur (16),Total,80+,14123,5955,8168,508,298,210,5684,3684,2000,7905,1961,5944,18,10,8,8,2,6,0,0,0
23,433,District - Mandsaur (16),Total,Age not stated,735,379,356,411,253,158,253,106,147,68,18,50,3,2,1,0,0,0,0,0,0
23,433,District - Mandsaur (16),Total,Less than 18,490602,254362,236240,475917,249620,226297,14316,4626,9690,231,73,158,118,40,78,20,3,17,0,0,0
23,433,District - Mandsaur (16),Total,Less than 21,580412,299754,280658,526485,283134,243351,52990,16331,36659,467,154,313,369,120,249,101,15,86,0,0,0
23,433,District - Mandsaur (16),Rural,All ages,1062807,540987,521820,451022,251035,199987,555735,275359,280376,50285,12271,38014,4318,1778,2540,1447,544,903,0,0,0
23,433,District - Mandsaur (16),Rural,0-9,215288,111124,104164,215288,111124,104164,0,0,0,0,0,0,0,0,0,0,0,0,0,0,0
23,433,District - Mandsaur (16),Rural,10-14,121049,62589,58460,116872,61103,55769,4055,1439,2616,74,27,47,44,18,26,4,2,2,0,0,0
23,433,District - Mandsaur (16),Rural,15-19,105964,54660,51304,79321,47235,32086,26258,7324,18934,203,62,141,136,35,101,46,4,42,0,0,0
23,433,District - Mandsaur (16),Rural,20-24,99969,52007,47962,26793,20809,5984,71904,30736,41168,479,171,308,614,224,390,179,67,112,0,0,0
23,433,District - Mandsaur (16),Rural,25-29,84637,43367,41270,5998,5226,772,76829,37406,39423,875,321,554,672,298,374,263,116,147,0,0,0
23,433,District - Mandsaur (16),Rural,30-34,80155,40326,39829,2241,1980,261,75585,37519,38066,1419,467,952,650,264,386,260,96,164,0,0,0
23,433,District - Mandsaur (16),Rural,35-39,73495,37533,35962,1169,1002,167,69464,35570,33894,1986,610,1376,644,262,382,232,89,143,0,0,0
23,433,District - Mandsaur (16),Rural,40-44,63721,32821,30900,706,614,92,59500,31137,28363,2818,808,2010,513,198,315,184,64,120,0,0,0
23,433,District - Mandsaur (16),Rural,45-49,52251,26646,25605,429,374,55,48020,25157,22863,3314,910,2404,375,159,216,113,46,67,0,0,0
23,433,District - Mandsaur (16),Rural,50-54,41825,22069,19756,347,306,41,36992,20572,16420,4164,1055,3109,260,113,147,62,23,39,0,0,0
23,433,District - Mandsaur (16),Rural,55-59,31706,15369,16337,199,173,26,27438,14137,13301,3903,983,2920,134,67,67,32,9,23,0,0,0
23,433,District - Mandsaur (16),Rural,60-64,30333,14662,15671,393,273,120,22948,12830,10118,6841,1486,5355,122,59,63,29,14,15,0,0,0
23,433,District - Mandsaur (16),Rural,65-69,22778,10144,12634,299,199,100,16149,8601,7548,6232,1297,4935,82,42,40,16,5,11,0,0,0
23,433,District - Mandsaur (16),Rural,70-74,18710,8799,9911,168,122,46,10950,7024,3926,7542,1626,5916,37,21,16,13,6,7,0,0,0
23,433,District - Mandsaur (16),Rural,75-79,9107,3876,5231,86,63,23,4925,2921,2004,4074,883,3191,16,8,8,6,1,5,0,0,0
23,433,District - Mandsaur (16),Rural,80+,11231,4686,6545,382,227,155,4519,2899,1620,6306,1550,4756,16,8,8,8,2,6,0,0,0
23,433,District - Mandsaur (16),Rural,Age not stated,588,309,279,331,205,126,199,87,112,55,15,40,3,2,1,0,0,0,0,0,0
23,433,District - Mandsaur (16),Rural,Less than 18,398734,206544,192190,385617,202394,183223,12825,4054,8771,182,61,121,95,32,63,15,3,12,0,0,0
23,433,District - Mandsaur (16),Rural,Less than 21,470239,242453,227786,422294,227488,194806,47178,14727,32451,381,125,256,306,101,205,80,12,68,0,0,0
23,433,District - Mandsaur (16),Urban,All ages,277604,141864,135740,121767,68064,53703,141632,70552,71080,12704,2789,9915,1039,347,692,462,112,350,0,0,0
23,433,District - Mandsaur (16),Urban,0-9,48583,25343,23240,48583,25343,23240,0,0,0,0,0,0,0,0,0,0,0,0,0,0,0
23,433,District - Mandsaur (16),Urban,10-14,27543,14271,13272,26873,13969,12904,635,291,344,23,6,17,10,5,5,2,0,2,0,0,0
23,433,District - Mandsaur (16),Urban,15-19,27240,14172,13068,24343,13478,10865,2804,671,2133,43,14,29,36,8,28,14,1,13,0,0,0
23,433,District - Mandsaur (16),Urban,20-24,27119,13938,13181,14307,9601,4706,12560,4272,8288,88,23,65,117,34,83,47,8,39,0,0,0
23,433,District - Mandsaur (16),Urban,25-29,23608,11868,11740,4405,3353,1052,18838,8418,10420,160,41,119,134,40,94,71,16,55,0,0,0
23,433,District - Mandsaur (16),Urban,30-34,22046,11000,11046,1299,1013,286,20223,9835,10388,284,76,208,169,53,116,71,23,48,0,0,0
23,433,District - Mandsaur (16),Urban,35-39,20654,10349,10305,550,409,141,19345,9726,9619,537,132,405,152,64,88,70,18,52,0,0,0
23,433,District - Mandsaur (16),Urban,40-44,18443,9520,8923,343,249,94,17140,9032,8108,758,172,586,139,52,87,63,15,48,0,0,0
23,433,District - Mandsaur (16),Urban,45-49,16096,8251,7845,212,148,64,14786,7876,6910,942,182,760,112,33,79,44,12,32,0,0,0
23,433,District - Mandsaur (16),Urban,50-54,12877,6983,5894,152,93,59,11419,6606,4813,1196,245,951,68,27,41,42,12,30,0,0,0
23,433,District - Mandsaur (16),Urban,55-59,9205,4750,4455,97,61,36,8025,4443,3582,1039,234,805,30,9,21,14,3,11,0,0,0
23,433,District - Mandsaur (16),Urban,60-64,8334,4033,4301,157,86,71,6441,3617,2824,1688,318,1370,39,11,28,9,1,8,0,0,0
23,433,District - Mandsaur (16),Urban,65-69,5823,2774,3049,151,86,65,4136,2370,1766,1513,312,1201,19,6,13,4,0,4,0,0,0
23,433,District - Mandsaur (16),Urban,70-74,4627,2181,2446,55,34,21,2738,1782,956,1820,362,1458,7,2,5,7,1,6,0,0,0
23,433,District - Mandsaur (16),Urban,75-79,2367,1092,1275,34,22,12,1323,809,514,1001,258,743,5,1,4,4,2,2,0,0,0
23,433,District - Mandsaur (16),Urban,80+,2892,1269,1623,126,71,55,1165,785,380,1599,411,1188,2,2,0,0,0,0,0,0,0
23,433,District - Mandsaur (16),Urban,Age not stated,147,70,77,80,48,32,54,19,35,13,3,10,0,0,0,0,0,0,0,0,0
23,433,District - Mandsaur (16),Urban,Less than 18,91868,47818,44050,90300,47226,43074,1491,572,919,49,12,37,23,8,15,5,0,5,0,0,0
23,433,District - Mandsaur (16),Urban,Less than 21,110173,57301,52872,104191,55646,48545,5812,1604,4208,86,29,57,63,19,44,21,3,18,0,0,0
23,434,District - Ratlam (17),Total,All ages,1455069,738241,716828,669176,367228,301948,711895,352688,359207,66958,15604,51354,5245,2037,3208,1795,684,1111,0,0,0
23,434,District - Ratlam (17),Total,0-9,317876,163490,154386,317876,163490,154386,0,0,0,0,0,0,0,0,0,0,0,0,0,0,0
23,434,District - Ratlam (17),Total,10-14,167789,86114,81675,163064,84238,78826,4524,1796,2728,140,53,87,59,27,32,2,0,2,0,0,0
23,434,District - Ratlam (17),Total,15-19,145506,75062,70444,117004,67177,49827,28039,7740,20299,258,86,172,168,48,120,37,11,26,0,0,0
23,434,District - Ratlam (17),Total,20-24,132180,68109,64071,45060,32426,12634,85683,35112,50571,617,259,358,609,227,382,211,85,126,0,0,0
23,434,District - Ratlam (17),Total,25-29,113554,57600,55954,12904,10077,2827,98579,46720,51859,1051,425,626,737,274,463,283,104,179,0,0,0
23,434,District - Ratlam (17),Total,30-34,105143,52697,52446,4381,3530,851,97904,48140,49764,1809,625,1184,756,280,476,293,122,171,0,0,0
23,434,District - Ratlam (17),Total,35-39,98183,49687,48496,2253,1760,493,92014,46639,45375,2863,902,1961,759,274,485,294,112,182,0,0,0
23,434,District - Ratlam (17),Total,40-44,87177,44914,42263,1553,1237,316,80426,42090,38336,4260,1215,3045,724,300,424,214,72,142,0,0,0
23,434,District - Ratlam (17),Total,45-49,73355,37334,36021,993,739,254,66691,35044,31647,5027,1289,3738,482,202,280,162,60,102,0,0,0
23,434,District - Ratlam (17),Total,50-54,56827,30265,26562,733,557,176,49443,28036,21407,6178,1497,4681,365,135,230,108,40,68,0,0,0
23,434,District - Ratlam (17),Total,55-59,41811,20370,21441,451,309,142,35793,18701,17092,5309,1259,4050,178,78,100,80,23,57,0,0,0
23,434,District - Ratlam (17),Total,60-64,40093,19496,20597,762,444,318,29717,17119,12598,9366,1820,7546,198,87,111,50,26,24,0,0,0
23,434,District - Ratlam (17),Total,65-69,28234,12564,15670,649,394,255,19311,10561,8750,8171,1554,6617,78,39,39,25,16,9,0,0,0
23,434,District - Ratlam (17),Total,70-74,22517,10262,12255,328,198,130,12551,8160,4391,9546,1861,7685,73,35,38,19,8,11,0,0,0
23,434,District - Ratlam (17),Total,75-79,10515,4459,6056,154,86,68,5610,3311,2299,4717,1047,3670,28,13,15,6,2,4,0,0,0
23,434,District - Ratlam (17),Total,80+,13563,5426,8137,571,310,261,5354,3402,1952,7602,1698,5904,26,13,13,10,3,7,0,0,0
23,434,District - Ratlam (17),Total,Age not stated,746,392,354,440,256,184,256,117,139,44,14,30,5,5,0,1,0,1,0,0,0
23,434,District - Ratlam (17),Total,Less than 18,572946,295531,277415,559240,290829,268411,13292,4547,8745,282,99,183,122,53,69,10,3,7,0,0,0
23,434,District - Ratlam (17),Total,Less than 21,666697,342857,323840,614181,326296,287885,51544,16221,35323,541,190,351,351,124,227,80,26,54,0,0,0
23,434,District - Ratlam (17),Rural,All ages,1020038,516468,503570,472725,257463,215262,495875,245809,250066,46736,11273,35463,3663,1498,2165,1039,425,614,0,0,0
23,434,District - Ratlam (17),Rural,0-9,241775,124086,117689,241775,124086,117689,0,0,0,0,0,0,0,0,0,0,0,0,0,0,0
23,434,District - Ratlam (17),Rural,10-14,124253,63385,60868,120504,61921,58583,3605,1401,2204,101,43,58,42,20,22,1,0,1,0,0,0
23,434,District - Ratlam (17),Rural,15-19,101756,52092,49664,77345,45108,32237,24062,6869,17193,201,70,131,119,36,83,29,9,20,0,0,0
23,434,District - Ratlam (17),Rural,20-24,89696,46540,43156,21813,17102,4711,66802,28966,37836,480,213,267,450,188,262,151,71,80,0,0,0
23,434,District - Ratlam (17),Rural,25-29,76259,38682,37577,4782,4073,709,70023,33988,36035,770,333,437,518,216,302,166,72,94,0,0,0
23,434,District - Ratlam (17),Rural,30-34,71792,36026,35766,1860,1639,221,67921,33624,34297,1336,486,850,517,202,315,158,75,83,0,0,0
23,434,District - Ratlam (17),Rural,35-39,66651,34001,32650,1091,918,173,62797,32112,30685,2074,701,1373,535,207,328,154,63,91,0,0,0
23,434,District - Ratlam (17),Rural,40-44,58483,30255,28228,795,693,102,54074,28382,25692,3002,945,2057,491,203,288,121,32,89,0,0,0
23,434,District - Ratlam (17),Rural,45-49,48028,24419,23609,497,422,75,43688,22860,20828,3409,963,2446,338,143,195,96,31,65,0,0,0
23,434,District - Ratlam (17),Rural,50-54,36564,19505,17059,358,309,49,31610,17975,13635,4305,1109,3196,234,90,144,57,22,35,0,0,0
23,434,District - Ratlam (17),Rural,55-59,27061,12807,14254,213,176,37,23068,11629,11439,3613,932,2681,125,54,71,42,16,26,0,0,0
23,434,District - Ratlam (17),Rural,60-64,26777,12940,13837,418,264,154,19635,11270,8365,6553,1327,5226,145,64,81,26,15,11,0,0,0
23,434,District - Ratlam (17),Rural,65-69,18954,8190,10764,329,204,125,12879,6846,6033,5670,1101,4569,57,27,30,19,12,7,0,0,0
23,434,District - Ratlam (17),Rural,70-74,15426,6933,8493,204,130,74,8335,5456,2879,6822,1315,5507,52,26,26,13,6,7,0,0,0
23,434,District - Ratlam (17),Rural,75-79,6835,2724,4111,69,37,32,3585,2043,1542,3161,635,2526,18,9,9,2,0,2,0,0,0
23,434,District - Ratlam (17),Rural,80+,9131,3567,5564,312,173,139,3591,2293,1298,5207,1091,4116,18,9,9,3,1,2,0,0,0
23,434,District - Ratlam (17),Rural,Age not stated,597,316,281,360,208,152,200,95,105,32,9,23,4,4,0,1,0,1,0,0,0
23,434,District - Ratlam (17),Rural,Less than 18,427572,219791,207781,416103,215873,200230,11161,3798,7363,212,80,132,89,38,51,7,2,5,0,0,0
23,434,District - Ratlam (17),Rural,Less than 21,493165,252683,240482,449020,238221,210799,43400,14176,29224,420,161,259,266,104,162,59,21,38,0,0,0
23,434,District - Ratlam (17),Urban,All ages,435031,221773,213258,196451,109765,86686,216020,106879,109141,20222,4331,15891,1582,539,1043,756,259,497,0,0,0
23,434,District - Ratlam (17),Urban,0-9,76101,39404,36697,76101,39404,36697,0,0,0,0,0,0,0,0,0,0,0,0,0,0,0
23,434,District - Ratlam (17),Urban,10-14,43536,22729,20807,42560,22317,20243,919,395,524,39,10,29,17,7,10,1,0,1,0,0,0
23,434,District - Ratlam (17),Urban,15-19,43750,22970,20780,39659,22069,17590,3977,871,3106,57,16,41,49,12,37,8,2,6,0,0,0
23,434,District - Ratlam (17),Urban,20-24,42484,21569,20915,23247,15324,7923,18881,6146,12735,137,46,91,159,39,120,60,14,46,0,0,0
23,434,District - Ratlam (17),Urban,25-29,37295,18918,18377,8122,6004,2118,28556,12732,15824,281,92,189,219,58,161,117,32,85,0,0,0
23,434,District - Ratlam (17),Urban,30-34,33351,16671,16680,2521,1891,630,29983,14516,15467,473,139,334,239,78,161,135,47,88,0,0,0
23,434,District - Ratlam (17),Urban,35-39,31532,15686,15846,1162,842,320,29217,14527,14690,789,201,588,224,67,157,140,49,91,0,0,0
23,434,District - Ratlam (17),Urban,40-44,28694,14659,14035,758,544,214,26352,13708,12644,1258,270,988,233,97,136,93,40,53,0,0,0
23,434,District - Ratlam (17),Urban,45-49,25327,12915,12412,496,317,179,23003,12184,10819,1618,326,1292,144,59,85,66,29,37,0,0,0
23,434,District - Ratlam (17),Urban,50-54,20263,10760,9503,375,248,127,17833,10061,7772,1873,388,1485,131,45,86,51,18,33,0,0,0
23,434,District - Ratlam (17),Urban,55-59,14750,7563,7187,238,133,105,12725,7072,5653,1696,327,1369,53,24,29,38,7,31,0,0,0
23,434,District - Ratlam (17),Urban,60-64,13316,6556,6760,344,180,164,10082,5849,4233,2813,493,2320,53,23,30,24,11,13,0,0,0
23,434,District - Ratlam (17),Urban,65-69,9280,4374,4906,320,190,130,6432,3715,2717,2501,453,2048,21,12,9,6,4,2,0,0,0
23,434,District - Ratlam (17),Urban,70-74,7091,3329,3762,124,68,56,4216,2704,1512,2724,546,2178,21,9,12,6,2,4,0,0,0
23,434,District - Ratlam (17),Urban,75-79,3680,1735,1945,85,49,36,2025,1268,757,1556,412,1144,10,4,6,4,2,2,0,0,0
23,434,District - Ratlam (17),Urban,80+,4432,1859,2573,259,137,122,1763,1109,654,2395,607,1788,8,4,4,7,2,5,0,0,0
23,434,District - Ratlam (17),Urban,Age not stated,149,76,73,80,48,32,56,22,34,12,5,7,1,1,0,0,0,0,0,0,0
23,434,District - Ratlam (17),Urban,Less than 18,145374,75740,69634,143137,74956,68181,2131,749,1382,70,19,51,33,15,18,3,1,2,0,0,0
23,434,District - Ratlam (17),Urban,Less than 21,173532,90174,83358,165161,88075,77086,8144,2045,6099,121,29,92,85,20,65,21,5,16,0,0,0
23,435,District - Ujjain (18),Total,All ages,1986864,1016289,970575,877117,493215,383902,1004502,499100,505402,95259,20329,74930,7359,2718,4641,2627,927,1700,0,0,0
23,435,District - Ujjain (18),Total,0-9,396716,205168,191548,396716,205168,191548,0,0,0,0,0,0,0,0,0,0,0,0,0,0,0
23,435,District - Ujjain (18),Total,10-14,218925,113801,105124,212452,111386,101066,6229,2314,3915,162,69,93,71,30,41,11,2,9,0,0,0
23,435,District - Ujjain (18),Total,15-19,194812,103401,91411,156470,93659,62811,37712,9545,28167,353,118,235,213,62,151,64,17,47,0,0,0
23,435,District - Ujjain (18),Total,20-24,183832,95506,88326,68939,50538,18401,113047,44382,68665,820,284,536,747,225,522,279,77,202,0,0,0
23,435,District - Ujjain (18),Total,25-29,162464,82191,80273,21665,16940,4725,138036,64345,73691,1448,452,996,948,323,625,367,131,236,0,0,0
23,435,District - Ujjain (18),Total,30-34,148882,75566,73316,7105,5608,1497,137794,68677,69117,2409,721,1688,1121,399,722,453,161,292,0,0,0
23,435,District - Ujjain (18),Total,35-39,136963,69341,67622,3543,2835,708,128381,65071,63310,3503,855,2648,1131,430,701,405,150,255,0,0,0
23,435,District - Ujjain (18),Total,40-44,119876,62299,57577,2256,1812,444,111086,58725,52361,5149,1225,3924,1002,388,614,383,149,234,0,0,0
23,435,District - Ujjain (18),Total,45-49,102581,52602,49979,1456,1124,332,93905,49688,44217,6257,1430,4827,722,276,446,241,84,157,0,0,0
23,435,District - Ujjain (18),Total,50-54,81662,43807,37855,1122,804,318,71674,40958,30716,8181,1781,6400,523,202,321,162,62,100,0,0,0
23,435,District - Ujjain (18),Total,55-59,61541,29891,31650,696,473,223,53039,27672,25367,7431,1613,5818,273,103,170,102,30,72,0,0,0
23,435,District - Ujjain (18),Total,60-64,60204,29633,30571,1129,703,426,45317,26213,19104,13417,2567,10850,263,116,147,78,34,44,0,0,0
23,435,District - Ujjain (18),Total,65-69,41976,19304,22672,971,619,352,29617,16520,13097,11205,2088,9117,155,67,88,28,10,18,0,0,0
23,435,District - Ujjain (18),Total,70-74,34753,16240,18513,537,349,188,19914,13143,6771,14179,2689,11490,98,47,51,25,12,13,0,0,0
23,435,District - Ujjain (18),Total,75-79,16753,7240,9513,261,161,100,9125,5516,3609,7316,1537,5779,36,21,15,15,5,10,0,0,0
23,435,District - Ujjain (18),Total,80+,23613,9629,13984,971,578,393,9230,6147,3083,13354,2880,10474,47,23,24,11,1,10,0,0,0
23,435,District - Ujjain (18),Total,Age not stated,1311,670,641,828,458,370,396,184,212,75,20,55,9,6,3,3,2,1,0,0,0
23,435,District - Ujjain (18),Total,Less than 18,729387,380002,349385,710663,374194,336469,18186,5617,12569,360,126,234,145,55,90,33,10,23,0,0,0
23,435,District - Ujjain (18),Total,Less than 21,860594,448109,412485,789295,427416,361879,70005,20285,49720,696,240,456,470,137,333,128,31,97,0,0,0
23,435,District - Ujjain (18),Rural,All ages,1207651,616353,591298,528493,296332,232161,615020,305236,309784,58359,12611,45748,4552,1729,2823,1227,445,782,0,0,0
23,435,District - Ujjain (18),Rural,0-9,262494,135199,127295,262494,135199,127295,0,0,0,0,0,0,0,0,0,0,0,0,0,0,0
23,435,District - Ujjain (18),Rural,10-14,141733,73285,68448,136878,71522,65356,4700,1701,2999,105,41,64,47,20,27,3,1,2,0,0,0
23,435,District - Ujjain (18),Rural,15-19,118060,62604,55456,87101,54426,32675,30487,8020,22467,271,98,173,157,47,110,44,13,31,0,0,0
23,435,District - Ujjain (18),Rural,20-24,107902,56747,51155,26729,22341,4388,79965,33980,45985,542,199,343,508,173,335,158,54,104,0,0,0
23,435,District - Ujjain (18),Rural,25-29,93999,47602,46397,6162,5518,644,86087,41456,44631,959,321,638,596,222,374,195,85,110,0,0,0
23,435,District - Ujjain (18),Rural,30-34,87726,44518,43208,2450,2152,298,82803,41533,41270,1594,498,1096,696,265,431,183,70,113,0,0,0
23,435,District - Ujjain (18),Rural,35-39,80127,40826,39301,1417,1241,176,75702,38702,37000,2158,557,1601,666,261,405,184,65,119,0,0,0
23,435,District - Ujjain (18),Rural,40-44,68969,36108,32861,1006,889,117,64124,34165,29959,3097,777,2320,587,230,357,155,47,108,0,0,0
23,435,District - Ujjain (18),Rural,45-49,57351,29274,28077,660,590,70,52520,27567,24953,3635,919,2716,428,161,267,108,37,71,0,0,0
23,435,District - Ujjain (18),Rural,50-54,45160,24288,20872,522,437,85,39528,22615,16913,4721,1085,3636,322,124,198,67,27,40,0,0,0
23,435,District - Ujjain (18),Rural,55-59,34616,16220,18396,322,256,66,29901,14906,14995,4177,984,3193,168,62,106,48,12,36,0,0,0
23,435,District - Ujjain (18),Rural,60-64,35370,17305,18065,677,446,231,26495,15238,11257,8008,1538,6470,151,64,87,39,19,20,0,0,0
23,435,District - Ujjain (18),Rural,65-69,25309,11240,14069,549,376,173,17927,9575,8352,6718,1241,5477,100,44,56,15,4,11,0,0,0
23,435,District - Ujjain (18),Rural,70-74,21961,10124,11837,306,212,94,12517,8252,4265,9063,1627,7436,61,26,35,14,7,7,0,0,0
23,435,District - Ujjain (18),Rural,75-79,10324,4231,6093,150,102,48,5715,3240,2475,4427,875,3552,24,11,13,8,3,5,0,0,0
23,435,District - Ujjain (18),Rural,80+,15712,6352,9360,530,322,208,6304,4173,2131,8838,1842,6996,35,15,20,5,0,5,0,0,0
23,435,District - Ujjain (18),Rural,Age not stated,838,430,408,540,303,237,245,113,132,46,9,37,6,4,2,1,1,0,0,0,0
23,435,District - Ujjain (18),Rural,Less than 18,473763,246021,227742,458840,241479,217361,14555,4408,10147,251,88,163,99,40,59,18,6,12,0,0,0
23,435,District - Ujjain (18),Rural,Less than 21,553890,287430,266460,497792,270353,227439,55183,16782,38401,495,171,324,337,101,236,83,23,60,0,0,0
23,435,District - Ujjain (18),Urban,All ages,779213,399936,379277,348624,196883,151741,389482,193864,195618,36900,7718,29182,2807,989,1818,1400,482,918,0,0,0
23,435,District - Ujjain (18),Urban,0-9,134222,69969,64253,134222,69969,64253,0,0,0,0,0,0,0,0,0,0,0,0,0,0,0
23,435,District - Ujjain (18),Urban,10-14,77192,40516,36676,75574,39864,35710,1529,613,916,57,28,29,24,10,14,8,1,7,0,0,0
23,435,District - Ujjain (18),Urban,15-19,76752,40797,35955,69369,39233,30136,7225,1525,5700,82,20,62,56,15,41,20,4,16,0,0,0
23,435,District - Ujjain (18),Urban,20-24,75930,38759,37171,42210,28197,14013,33082,10402,22680,278,85,193,239,52,187,121,23,98,0,0,0
23,435,District - Ujjain (18),Urban,25-29,68465,34589,33876,15503,11422,4081,51949,22889,29060,489,131,358,352,101,251,172,46,126,0,0,0
23,435,District - Ujjain (18),Urban,30-34,61156,31048,30108,4655,3456,1199,54991,27144,27847,815,223,592,425,134,291,270,91,179,0,0,0
23,435,District - Ujjain (18),Urban,35-39,56836,28515,28321,2126,1594,532,52679,26369,26310,1345,298,1047,465,169,296,221,85,136,0,0,0
23,435,District - Ujjain (18),Urban,40-44,50907,26191,24716,1250,923,327,46962,24560,22402,2052,448,1604,415,158,257,228,102,126,0,0,0
23,435,District - Ujjain (18),Urban,45-49,45230,23328,21902,796,534,262,41385,22121,19264,2622,511,2111,294,115,179,133,47,86,0,0,0
23,435,District - Ujjain (18),Urban,50-54,36502,19519,16983,600,367,233,32146,18343,13803,3460,696,2764,201,78,123,95,35,60,0,0,0
23,435,District - Ujjain (18),Urban,55-59,26925,13671,13254,374,217,157,23138,12766,10372,3254,629,2625,105,41,64,54,18,36,0,0,0
23,435,District - Ujjain (18),Urban,60-64,24834,12328,12506,452,257,195,18822,10975,7847,5409,1029,4380,112,52,60,39,15,24,0,0,0
23,435,District - Ujjain (18),Urban,65-69,16667,8064,8603,422,243,179,11690,6945,4745,4487,847,3640,55,23,32,13,6,7,0,0,0
23,435,District - Ujjain (18),Urban,70-74,12792,6116,6676,231,137,94,7397,4891,2506,5116,1062,4054,37,21,16,11,5,6,0,0,0
23,435,District - Ujjain (18),Urban,75-79,6429,3009,3420,111,59,52,3410,2276,1134,2889,662,2227,12,10,2,7,2,5,0,0,0
23,435,District - Ujjain (18),Urban,80+,7901,3277,4624,441,256,185,2926,1974,952,4516,1038,3478,12,8,4,6,1,5,0,0,0
23,435,District - Ujjain (18),Urban,Age not stated,473,240,233,288,155,133,151,71,80,29,11,18,3,2,1,2,1,1,0,0,0
23,435,District - Ujjain (18),Urban,Less than 18,255624,133981,121643,251823,132715,119108,3631,1209,2422,109,38,71,46,15,31,15,4,11,0,0,0
23,435,District - Ujjain (18),Urban,Less than 21,306704,160679,146025,291503,157063,134440,14822,3503,11319,201,69,132,133,36,97,45,8,37,0,0,0
23,436,District - Shajapur (19),Total,All ages,1512681,780520,732161,675342,380392,294950,766028,380401,385627,64136,17055,47081,5557,2085,3472,1618,587,1031,0,0,0
23,436,District - Shajapur (19),Total,0-9,323156,167618,155538,323156,167618,155538,0,0,0,0,0,0,0,0,0,0,0,0,0,0,0
23,436,District - Shajapur (19),Total,10-14,179228,92687,86541,173044,90456,82588,5984,2140,3844,122,52,70,71,34,37,7,5,2,0,0,0
23,436,District - Shajapur (19),Total,15-19,150466,80719,69747,115907,70979,44928,34087,9591,24496,245,88,157,184,49,135,43,12,31,0,0,0
23,436,District - Shajapur (19),Total,20-24,133332,70676,62656,40709,32519,8190,91182,37678,53504,612,215,397,632,208,424,197,56,141,0,0,0
23,436,District - Shajapur (19),Total,25-29,114979,58804,56175,10463,8982,1481,102416,49007,53409,1052,385,667,810,331,479,238,99,139,0,0,0
23,436,District - Shajapur (19),Total,30-34,108625,54671,53954,3738,3247,491,102159,50442,51717,1654,549,1105,822,329,493,252,104,148,0,0,0
23,436,District - Shajapur (19),Total,35-39,100434,51275,49159,2014,1739,275,95063,48436,46627,2352,734,1618,790,282,508,215,84,131,0,0,0
23,436,District - Shajapur (19),Total,40-44,88694,46434,42260,1301,1098,203,83182,44022,39160,3259,972,2287,728,264,464,224,78,146,0,0,0
23,436,District - Shajapur (19),Total,45-49,71988,37638,34350,849,720,129,66813,35611,31202,3668,1073,2595,506,184,322,152,50,102,0,0,0
23,436,District - Shajapur (19),Total,50-54,55059,29985,25074,605,529,76,49314,27992,21322,4693,1296,3397,344,131,213,103,37,66,0,0,0
23,436,District - Shajapur (19),Total,55-59,42810,20390,22420,369,294,75,38001,18892,19109,4205,1115,3090,183,70,113,52,19,33,0,0,0
23,436,District - Shajapur (19),Total,60-64,44742,22419,22323,751,545,206,35662,19803,15859,8072,1975,6097,205,79,126,52,17,35,0,0,0
23,436,District - Shajapur (19),Total,65-69,33992,16044,17948,596,425,171,25516,13684,11832,7736,1876,5860,112,48,64,32,11,21,0,0,0
23,436,District - Shajapur (19),Total,70-74,28730,14378,14352,385,304,81,17958,11602,6356,10260,2412,7848,101,52,49,26,8,18,0,0,0
23,436,District - Shajapur (19),Total,75-79,14574,6604,7970,171,138,33,8942,5076,3866,5425,1380,4045,26,8,18,10,2,8,0,0,0
23,436,District - Shajapur (19),Total,80+,20861,9654,11207,670,434,236,9394,6280,3114,10745,2921,7824,39,14,25,13,5,8,0,0,0
23,436,District - Shajapur (19),Total,Age not stated,1011,524,487,614,365,249,355,145,210,36,12,24,4,2,2,2,0,2,0,0,0
23,436,District - Shajapur (19),Total,Less than 18,592206,308785,283421,574080,303056,271024,17719,5564,12155,242,97,145,140,59,81,25,9,16,0,0,0
23,436,District - Shajapur (19),Total,Less than 21,691436,361378,330058,628294,341620,286674,62122,19419,42703,529,192,337,405,119,286,86,28,58,0,0,0
23,436,District - Shajapur (19),Rural,All ages,1219133,629273,589860,537949,303428,234521,623267,309302,313965,52225,14372,37853,4460,1703,2757,1232,468,764,0,0,0
23,436,District - Shajapur (19),Rural,0-9,265419,137508,127911,265419,137508,127911,0,0,0,0,0,0,0,0,0,0,0,0,0,0,0
23,436,District - Shajapur (19),Rural,10-14,145874,75365,70509,140353,73402,66951,5348,1887,3461,106,42,64,60,29,31,7,5,2,0,0,0
23,436,District - Shajapur (19),Rural,15-19,119984,64521,55463,89058,55612,33446,30521,8781,21740,211,74,137,160,43,117,34,11,23,0,0,0
23,436,District - Shajapur (19),Rural,20-24,105466,56338,49128,27493,23289,4204,76756,32629,44127,536,186,350,534,185,349,147,49,98,0,0,0
23,436,District - Shajapur (19),Rural,25-29,91106,46733,44373,6517,5948,569,82846,40086,42760,895,339,556,665,281,384,183,79,104,0,0,0
23,436,District - Shajapur (19),Rural,30-34,86340,43455,42885,2573,2325,248,81543,40317,41226,1390,464,926,641,263,378,193,86,107,0,0,0
23,436,District - Shajapur (19),Rural,35-39,79916,40865,39051,1525,1366,159,75704,38592,37112,1903,624,1279,622,221,401,162,62,100,0,0,0
23,436,District - Shajapur (19),Rural,40-44,70443,36903,33540,1002,891,111,66085,34910,31175,2606,832,1774,573,208,365,177,62,115,0,0,0
23,436,District - Shajapur (19),Rural,45-49,56859,29619,27240,653,587,66,52822,27954,24868,2882,894,1988,393,147,246,109,37,72,0,0,0
23,436,District - Shajapur (19),Rural,50-54,43243,23576,19667,464,421,43,38743,21945,16798,3704,1086,2618,258,95,163,74,29,45,0,0,0
23,436,District - Shajapur (19),Rural,55-59,34265,16073,18192,283,237,46,30509,14847,15662,3298,922,2376,139,54,85,36,13,23,0,0,0
23,436,District - Shajapur (19),Rural,60-64,36639,18392,18247,585,436,149,29390,16219,13171,6448,1652,4796,176,72,104,40,13,27,0,0,0
23,436,District - Shajapur (19),Rural,65-69,28314,13348,14966,457,338,119,21457,11369,10088,6285,1592,4693,89,39,50,26,10,16,0,0,0
23,436,District - Shajapur (19),Rural,70-74,24166,12164,12002,319,259,60,15296,9844,5452,8440,2012,6428,89,44,45,22,5,17,0,0,0
23,436,District - Shajapur (19),Rural,75-79,12372,5626,6746,148,124,24,7772,4344,3428,4419,1148,3271,23,8,15,10,2,8,0,0,0
23,436,District - Shajapur (19),Rural,80+,17808,8310,9498,533,350,183,8160,5449,2711,9071,2494,6577,34,12,22,10,5,5,0,0,0
23,436,District - Shajapur (19),Rural,Age not stated,919,477,442,567,335,232,315,129,186,31,11,20,4,2,2,2,0,2,0,0,0
23,436,District - Shajapur (19),Rural,Less than 18,483098,251764,231334,466697,246596,220101,16051,5029,11022,207,81,126,119,49,70,24,9,15,0,0,0
23,436,District - Shajapur (19),Rural,Less than 21,562572,294079,268493,506644,276169,230475,55051,17620,37431,464,162,302,347,102,245,66,26,40,0,0,0
23,436,District - Shajapur (19),Urban,All ages,293548,151247,142301,137393,76964,60429,142761,71099,71662,11911,2683,9228,1097,382,715,386,119,267,0,0,0
23,436,District - Shajapur (19),Urban,0-9,57737,30110,27627,57737,30110,27627,0,0,0,0,0,0,0,0,0,0,0,0,0,0,0
23,436,District - Shajapur (19),Urban,10-14,33354,17322,16032,32691,17054,15637,636,253,383,16,10,6,11,5,6,0,0,0,0,0,0
23,436,District - Shajapur (19),Urban,15-19,30482,16198,14284,26849,15367,11482,3566,810,2756,34,14,20,24,6,18,9,1,8,0,0,0
23,436,District - Shajapur (19),Urban,20-24,27866,14338,13528,13216,9230,3986,14426,5049,9377,76,29,47,98,23,75,50,7,43,0,0,0
23,436,District - Shajapur (19),Urban,25-29,23873,12071,11802,3946,3034,912,19570,8921,10649,157,46,111,145,50,95,55,20,35,0,0,0
23,436,District - Shajapur (19),Urban,30-34,22285,11216,11069,1165,922,243,20616,10125,10491,264,85,179,181,66,115,59,18,41,0,0,0
23,436,District - Shajapur (19),Urban,35-39,20518,10410,10108,489,373,116,19359,9844,9515,449,110,339,168,61,107,53,22,31,0,0,0
23,436,District - Shajapur (19),Urban,40-44,18251,9531,8720,299,207,92,17097,9112,7985,653,140,513,155,56,99,47,16,31,0,0,0
23,436,District - Shajapur (19),Urban,45-49,15129,8019,7110,196,133,63,13991,7657,6334,786,179,607,113,37,76,43,13,30,0,0,0
23,436,District - Shajapur (19),Urban,50-54,11816,6409,5407,141,108,33,10571,6047,4524,989,210,779,86,36,50,29,8,21,0,0,0
23,436,District - Shajapur (19),Urban,55-59,8545,4317,4228,86,57,29,7492,4045,3447,907,193,714,44,16,28,16,6,10,0,0,0
23,436,District - Shajapur (19),Urban,60-64,8103,4027,4076,166,109,57,6272,3584,2688,1624,323,1301,29,7,22,12,4,8,0,0,0
23,436,District - Shajapur (19),Urban,65-69,5678,2696,2982,139,87,52,4059,2315,1744,1451,284,1167,23,9,14,6,1,5,0,0,0
23,436,District - Shajapur (19),Urban,70-74,4564,2214,2350,66,45,21,2662,1758,904,1820,400,1420,12,8,4,4,3,1,0,0,0
23,436,District - Shajapur (19),Urban,75-79,2202,978,1224,23,14,9,1170,732,438,1006,232,774,3,0,3,0,0,0,0,0,0
23,436,District - Shajapur (19),Urban,80+,3053,1344,1709,137,84,53,1234,831,403,1674,427,1247,5,2,3,3,0,3,0,0,0
23,436,District - Shajapur (19),Urban,Age not stated,92,47,45,47,30,17,40,16,24,5,1,4,0,0,0,0,0,0,0,0,0
23,436,District - Shajapur (19),Urban,Less than 18,109108,57021,52087,107383,56460,50923,1668,535,1133,35,16,19,21,10,11,1,0,1,0,0,0
23,436,District - Shajapur (19),Urban,Less than 21,128864,67299,61565,121650,65451,56199,7071,1799,5272,65,30,35,58,17,41,20,2,18,0,0,0
23,437,District - Dewas (20),Total,All ages,1563715,805359,758356,724844,405128,319716,770764,383613,387151,61064,13810,47254,5348,2148,3200,1695,660,1035,0,0,0
23,437,District - Dewas (20),Total,0-9,334015,173841,160174,334015,173841,160174,0,0,0,0,0,0,0,0,0,0,0,0,0,0,0
23,437,District - Dewas (20),Total,10-14,184213,95142,89071,179620,93140,86480,4400,1914,2486,113,49,64,68,33,35,12,6,6,0,0,0
23,437,District - Dewas (20),Total,15-19,159999,85844,74155,136006,80157,55849,23496,5499,17997,254,100,154,196,74,122,47,14,33,0,0,0
23,437,District - Dewas (20),Total,20-24,142601,74980,67621,51174,39241,11933,90009,35197,54812,570,232,338,629,242,387,219,68,151,0,0,0
23,437,District - Dewas (20),Total,25-29,123126,62631,60495,12472,10203,2269,108617,51626,56991,968,342,626,792,332,460,277,128,149,0,0,0
23,437,District - Dewas (20),Total,30-34,114817,58143,56674,3809,3144,665,108416,54053,54363,1514,494,1020,786,335,451,292,117,175,0,0,0
23,437,District - Dewas (20),Total,35-39,104858,53019,51839,1767,1399,368,99713,50638,49075,2363,604,1759,759,288,471,256,90,166,0,0,0
23,437,District - Dewas (20),Total,40-44,92390,48098,44292,1158,915,243,87028,45998,41030,3363,850,2513,644,262,382,197,73,124,0,0,0
23,437,District - Dewas (20),Total,45-49,76583,39666,36917,671,524,147,71330,37957,33373,3967,935,3032,476,190,286,139,60,79,0,0,0
23,437,District - Dewas (20),Total,50-54,59350,32059,27291,525,396,129,53421,30397,23024,4943,1098,3845,365,131,234,96,37,59,0,0,0
23,437,District - Dewas (20),Total,55-59,44525,21834,22691,343,240,103,39483,20459,19024,4456,1049,3407,195,69,126,48,17,31,0,0,0
23,437,District - Dewas (20),Total,60-64,41918,21470,20448,708,428,280,32938,19328,13610,8022,1605,6417,199,85,114,51,24,27,0,0,0
23,437,District - Dewas (20),Total,65-69,28818,13173,15645,686,421,265,21385,11348,10037,6641,1354,5287,88,41,47,18,9,9,0,0,0
23,437,District - Dewas (20),Total,70-74,24699,12039,12660,393,238,155,15037,9917,5120,9176,1842,7334,78,35,43,15,7,8,0,0,0
23,437,District - Dewas (20),Total,75-79,12270,5222,7048,182,109,73,7283,4026,3257,4767,1071,3696,28,13,15,10,3,7,0,0,0
23,437,District - Dewas (20),Total,80+,18700,7809,10891,795,466,329,7950,5145,2805,9897,2175,7722,42,16,26,16,7,9,0,0,0
23,437,District - Dewas (20),Total,Age not stated,833,389,444,520,266,254,258,111,147,50,10,40,3,2,1,2,0,2,0,0,0
23,437,District - Dewas (20),Total,Less than 18,614562,320691,293871,603073,316657,286416,11067,3850,7217,265,107,158,126,64,62,31,13,18,0,0,0
23,437,District - Dewas (20),Total,Less than 21,717363,375279,342084,669325,361796,307529,47016,13095,33921,524,203,321,394,152,242,104,33,71,0,0,0
23,437,District - Dewas (20),Rural,All ages,1111956,571720,540236,516454,287338,229116,546724,271977,274747,43817,10284,33533,3845,1643,2202,1116,478,638,0,0,0
23,437,District - Dewas (20),Rural,0-9,249098,129198,119900,249098,129198,119900,0,0,0,0,0,0,0,0,0,0,0,0,0,0,0
23,437,District - Dewas (20),Rural,10-14,135356,69424,65932,131989,67957,64032,3223,1399,1824,88,39,49,48,25,23,8,4,4,0,0,0
23,437,District - Dewas (20),Rural,15-19,112686,60675,52011,93802,56075,37727,18515,4458,14057,184,75,109,155,57,98,30,10,20,0,0,0
23,437,District - Dewas (20),Rural,20-24,97999,51946,46053,28810,23668,5142,68122,27844,40278,417,178,239,492,203,289,158,53,105,0,0,0
23,437,District - Dewas (20),Rural,25-29,84647,43150,41497,5708,5029,679,77471,37483,39988,707,266,441,568,274,294,193,98,95,0,0,0
23,437,District - Dewas (20),Rural,30-34,80147,40597,39550,2015,1744,271,76297,38145,38152,1103,373,730,556,256,300,176,79,97,0,0,0
23,437,District - Dewas (20),Rural,35-39,72127,36753,35374,1051,878,173,68729,35161,33568,1667,444,1223,521,206,315,159,64,95,0,0,0
23,437,District - Dewas (20),Rural,40-44,62713,32774,29939,698,593,105,59109,31284,27825,2327,648,1679,445,193,252,134,56,78,0,0,0
23,437,District - Dewas (20),Rural,45-49,51667,26417,25250,407,347,60,48168,25217,22951,2678,676,2002,329,135,194,85,42,43,0,0,0
23,437,District - Dewas (20),Rural,50-54,40556,21803,18753,335,278,57,36485,20589,15896,3422,815,2607,256,96,160,58,25,33,0,0,0
23,437,District - Dewas (20),Rural,55-59,31109,14778,16331,216,163,53,27659,13797,13862,3051,757,2294,149,52,97,34,9,25,0,0,0
23,437,District - Dewas (20),Rural,60-64,30093,15447,14646,503,323,180,23753,13841,9912,5663,1203,4460,143,63,80,31,17,14,0,0,0
23,437,District - Dewas (20),Rural,65-69,21028,9521,11507,455,292,163,15863,8207,7656,4631,985,3646,66,29,37,13,8,5,0,0,0
23,437,District - Dewas (20),Rural,70-74,18478,9080,9398,270,177,93,11351,7488,3863,6788,1382,5406,57,27,30,12,6,6,0,0,0
23,437,District - Dewas (20),Rural,75-79,9175,3807,5368,125,77,48,5548,2953,2595,3472,764,2708,21,11,10,9,2,7,0,0,0
23,437,District - Dewas (20),Rural,80+,14392,6036,8356,543,321,222,6224,4026,2198,7574,1669,5905,37,15,22,14,5,9,0,0,0
23,437,District - Dewas (20),Rural,Age not stated,685,314,371,429,218,211,207,85,122,45,10,35,2,1,1,2,0,2,0,0,0
23,437,District - Dewas (20),Rural,Less than 18,452982,235568,217414,444262,232486,211776,8410,2945,5465,203,83,120,90,47,43,17,7,10,0,0,0
23,437,District - Dewas (20),Rural,Less than 21,524692,273859,250833,487264,263007,224257,36665,10558,26107,382,151,231,310,120,190,71,23,48,0,0,0
23,437,District - Dewas (20),Urban,All ages,451759,233639,218120,208390,117790,90600,224040,111636,112404,17247,3526,13721,1503,505,998,579,182,397,0,0,0
23,437,District - Dewas (20),Urban,0-9,84917,44643,40274,84917,44643,40274,0,0,0,0,0,0,0,0,0,0,0,0,0,0,0
23,437,District - Dewas (20),Urban,10-14,48857,25718,23139,47631,25183,22448,1177,515,662,25,10,15,20,8,12,4,2,2,0,0,0
23,437,District - Dewas (20),Urban,15-19,47313,25169,22144,42204,24082,18122,4981,1041,3940,70,25,45,41,17,24,17,4,13,0,0,0
23,437,District - Dewas (20),Urban,20-24,44602,23034,21568,22364,15573,6791,21887,7353,14534,153,54,99,137,39,98,61,15,46,0,0,0
23,437,District - Dewas (20),Urban,25-29,38479,19481,18998,6764,5174,1590,31146,14143,17003,261,76,185,224,58,166,84,30,54,0,0,0
23,437,District - Dewas (20),Urban,30-34,34670,17546,17124,1794,1400,394,32119,15908,16211,411,121,290,230,79,151,116,38,78,0,0,0
23,437,District - Dewas (20),Urban,35-39,32731,16266,16465,716,521,195,30984,15477,15507,696,160,536,238,82,156,97,26,71,0,0,0
23,437,District - Dewas (20),Urban,40-44,29677,15324,14353,460,322,138,27919,14714,13205,1036,202,834,199,69,130,63,17,46,0,0,0
23,437,District - Dewas (20),Urban,45-49,24916,13249,11667,264,177,87,23162,12740,10422,1289,259,1030,147,55,92,54,18,36,0,0,0
23,437,District - Dewas (20),Urban,50-54,18794,10256,8538,190,118,72,16936,9808,7128,1521,283,1238,109,35,74,38,12,26,0,0,0
23,437,District - Dewas (20),Urban,55-59,13416,7056,6360,127,77,50,11824,6662,5162,1405,292,1113,46,17,29,14,8,6,0,0,0
23,437,District - Dewas (20),Urban,60-64,11825,6023,5802,205,105,100,9185,5487,3698,2359,402,1957,56,22,34,20,7,13,0,0,0
23,437,District - Dewas (20),Urban,65-69,7790,3652,4138,231,129,102,5522,3141,2381,2010,369,1641,22,12,10,5,1,4,0,0,0
23,437,District - Dewas (20),Urban,70-74,6221,2959,3262,123,61,62,3686,2429,1257,2388,460,1928,21,8,13,3,1,2,0,0,0
23,437,District - Dewas (20),Urban,75-79,3095,1415,1680,57,32,25,1735,1073,662,1295,307,988,7,2,5,1,1,0,0,0,0
23,437,District - Dewas (20),Urban,80+,4308,1773,2535,252,145,107,1726,1119,607,2323,506,1817,5,1,4,2,2,0,0,0,0
23,437,District - Dewas (20),Urban,Age not stated,148,75,73,91,48,43,51,26,25,5,0,5,1,1,0,0,0,0,0,0,0
23,437,District - Dewas (20),Urban,Less than 18,161580,85123,76457,158811,84171,74640,2657,905,1752,62,24,38,36,17,19,14,6,8,0,0,0
23,437,District - Dewas (20),Urban,Less than 21,192671,101420,91251,182061,98789,83272,10351,2537,7814,142,52,90,84,32,52,33,10,23,0,0,0
23,438,District - Dhar (21),Total,All ages,2185793,1112725,1073068,1066262,579696,486566,1030391,511714,518677,81442,18148,63294,5812,2462,3350,1886,705,1181,0,0,0
23,438,District - Dhar (21),Total,0-9,521992,269562,252430,521992,269562,252430,0,0,0,0,0,0,0,0,0,0,0,0,0,0,0
23,438,District - Dhar (21),Total,10-14,270040,138446,131594,263049,135431,127618,6635,2869,3766,177,63,114,161,73,88,18,10,8,0,0,0
23,438,District - Dhar (21),Total,15-19,218376,113004,105372,183408,103791,79617,34296,8962,25334,383,136,247,230,96,134,59,19,40,0,0,0
23,438,District - Dhar (21),Total,20-24,194000,99164,94836,64604,46504,18100,127693,51977,75716,915,343,572,590,274,316,198,66,132,0,0,0
23,438,District - Dhar (21),Total,25-29,172918,87301,85617,17024,13332,3692,153313,73011,80302,1491,504,987,791,338,453,299,116,183,0,0,0
23,438,District - Dhar (21),Total,30-34,159590,80739,78851,5264,4077,1187,150784,75497,75287,2433,710,1723,812,345,467,297,110,187,0,0,0
23,438,District - Dhar (21),Total,35-39,147326,74888,72438,2412,1798,614,140034,71698,68336,3721,928,2793,869,350,519,290,114,176,0,0,0
23,438,District - Dhar (21),Total,40-44,124159,64769,59390,1486,1106,380,116491,62008,54483,5120,1241,3879,807,325,482,255,89,166,0,0,0
23,438,District - Dhar (21),Total,45-49,102168,52105,50063,931,641,290,94463,49725,44738,6083,1455,4628,529,227,302,162,57,105,0,0,0
23,438,District - Dhar (21),Total,50-54,77202,41047,36155,628,423,205,68088,38613,29475,7988,1807,6181,368,158,210,130,46,84,0,0,0
23,438,District - Dhar (21),Total,55-59,56467,27134,29333,449,270,179,48490,25171,23319,7257,1591,5666,218,87,131,53,15,38,0,0,0
23,438,District - Dhar (21),Total,60-64,50225,24745,25480,915,509,406,37572,21902,15670,11505,2224,9281,188,86,102,45,24,21,0,0,0
23,438,District - Dhar (21),Total,65-69,33004,14500,18504,764,415,349,22864,12204,10660,9247,1820,7427,97,44,53,32,17,15,0,0,0
23,438,District - Dhar (21),Total,70-74,26869,12115,14754,468,229,239,15131,9653,5478,11184,2191,8993,63,29,34,23,13,10,0,0,0
23,438,District - Dhar (21),Total,75-79,12398,5067,7331,267,141,126,6811,3749,3062,5280,1165,4115,32,10,22,8,2,6,0,0,0
23,438,District - Dhar (21),Total,80+,16885,7018,9867,1286,713,573,6980,4338,2642,8557,1942,6615,48,20,28,14,5,9,0,0,0
23,438,District - Dhar (21),Total,Age not stated,2174,1121,1053,1315,754,561,746,337,409,101,28,73,9,0,9,3,2,1,0,0,0
23,438,District - Dhar (21),Total,Less than 18,924012,477295,446717,907528,471208,436320,15813,5819,9994,373,131,242,262,120,142,36,17,19,0,0,0
23,438,District - Dhar (21),Total,Less than 21,1062428,547671,514757,993036,525849,467187,67949,21263,46686,771,280,491,549,237,312,123,42,81,0,0,0
23,438,District - Dhar (21),Rural,All ages,1772572,895113,877459,867734,466168,401566,831258,410889,420369,67464,15444,52020,4734,2078,2656,1382,534,848,0,0,0
23,438,District - Dhar (21),Rural,0-9,435805,224231,211574,435805,224231,211574,0,0,0,0,0,0,0,0,0,0,0,0,0,0,0
23,438,District - Dhar (21),Rural,10-14,225640,114963,110677,219786,112462,107324,5547,2375,3172,148,53,95,146,66,80,13,7,6,0,0,0
23,438,District - Dhar (21),Rural,15-19,177375,90762,86613,147136,82666,64470,29679,7883,21796,311,111,200,200,86,114,49,16,33,0,0,0
23,438,District - Dhar (21),Rural,20-24,150776,76131,74645,43368,31084,12284,105983,44454,61529,775,298,477,498,241,257,152,54,98,0,0,0
23,438,District - Dhar (21),Rural,25-29,133058,66689,66369,10133,7866,2267,120815,58017,62798,1260,432,828,637,285,352,213,89,124,0,0,0
23,438,District - Dhar (21),Rural,30-34,124208,62247,61961,3367,2627,740,117998,58661,59337,1998,590,1408,636,286,350,209,83,126,0,0,0
23,438,District - Dhar (21),Rural,35-39,116418,58630,57788,1679,1281,398,110787,56176,54611,3031,794,2237,704,296,408,217,83,134,0,0,0
23,438,District - Dhar (21),Rural,40-44,98828,50969,47859,1033,791,242,92786,48779,44007,4163,1058,3105,658,273,385,188,68,120,0,0,0
23,438,District - Dhar (21),Rural,45-49,82564,41461,41103,657,474,183,76425,39527,36898,4952,1231,3721,418,186,232,112,43,69,0,0,0
23,438,District - Dhar (21),Rural,50-54,62881,33210,29671,436,306,130,55586,31212,24374,6462,1535,4927,299,124,175,98,33,65,0,0,0
23,438,District - Dhar (21),Rural,55-59,46742,22232,24510,342,216,126,40251,20553,19698,5932,1377,4555,183,75,108,34,11,23,0,0,0
23,438,District - Dhar (21),Rural,60-64,41655,20489,21166,719,399,320,31193,18096,13097,9557,1901,7656,152,75,77,34,18,16,0,0,0
23,438,District - Dhar (21),Rural,65-69,27712,11972,15740,593,317,276,19266,10047,9219,7755,1562,6193,76,35,41,22,11,11,0,0,0
23,438,District - Dhar (21),Rural,70-74,22751,10223,12528,359,172,187,12802,8153,4649,9520,1862,7658,50,24,26,20,12,8,0,0,0
23,438,District - Dhar (21),Rural,75-79,10400,4174,6226,211,109,102,5733,3084,2649,4420,972,3448,29,8,21,7,1,6,0,0,0
23,438,District - Dhar (21),Rural,80+,13945,5798,8147,979,521,458,5815,3613,2202,7099,1643,5456,41,18,23,11,3,8,0,0,0
23,438,District - Dhar (21),Rural,Age not stated,1814,932,882,1131,646,485,592,259,333,81,25,56,7,0,7,3,2,1,0,0,0
23,438,District - Dhar (21),Rural,Less than 18,769604,395513,374091,755662,390411,365251,13372,4873,8499,306,108,198,238,109,129,26,12,14,0,0,0
23,438,District - Dhar (21),Rural,Less than 21,880009,450918,429091,820599,431760,388839,58184,18672,39512,642,233,409,486,218,268,98,35,63,0,0,0
23,438,District - Dhar (21),Urban,All ages,413221,217612,195609,198528,113528,85000,199133,100825,98308,13978,2704,11274,1078,384,694,504,171,333,0,0,0
23,438,District - Dhar (21),Urban,0-9,86187,45331,40856,86187,45331,40856,0,0,0,0,0,0,0,0,0,0,0,0,0,0,0
23,438,District - Dhar (21),Urban,10-14,44400,23483,20917,43263,22969,20294,1088,494,594,29,10,19,15,7,8,5,3,2,0,0,0
23,438,District - Dhar (21),Urban,15-19,41001,22242,18759,36272,21125,15147,4617,1079,3538,72,25,47,30,10,20,10,3,7,0,0,0
23,438,District - Dhar (21),Urban,20-24,43224,23033,20191,21236,15420,5816,21710,7523,14187,140,45,95,92,33,59,46,12,34,0,0,0
23,438,District - Dhar (21),Urban,25-29,39860,20612,19248,6891,5466,1425,32498,14994,17504,231,72,159,154,53,101,86,27,59,0,0,0
23,438,District - Dhar (21),Urban,30-34,35382,18492,16890,1897,1450,447,32786,16836,15950,435,120,315,176,59,117,88,27,61,0,0,0
23,438,District - Dhar (21),Urban,35-39,30908,16258,14650,733,517,216,29247,15522,13725,690,134,556,165,54,111,73,31,42,0,0,0
23,438,District - Dhar (21),Urban,40-44,25331,13800,11531,453,315,138,23705,13229,10476,957,183,774,149,52,97,67,21,46,0,0,0
23,438,District - Dhar (21),Urban,45-49,19604,10644,8960,274,167,107,18038,10198,7840,1131,224,907,111,41,70,50,14,36,0,0,0
23,438,District - Dhar (21),Urban,50-54,14321,7837,6484,192,117,75,12502,7401,5101,1526,272,1254,69,34,35,32,13,19,0,0,0
23,438,District - Dhar (21),Urban,55-59,9725,4902,4823,107,54,53,8239,4618,3621,1325,214,1111,35,12,23,19,4,15,0,0,0
23,438,District - Dhar (21),Urban,60-64,8570,4256,4314,196,110,86,6379,3806,2573,1948,323,1625,36,11,25,11,6,5,0,0,0
23,438,District - Dhar (21),Urban,65-69,5292,2528,2764,171,98,73,3598,2157,1441,1492,258,1234,21,9,12,10,6,4,0,0,0
23,438,District - Dhar (21),Urban,70-74,4118,1892,2226,109,57,52,2329,1500,829,1664,329,1335,13,5,8,3,1,2,0,0,0
23,438,District - Dhar (21),Urban,75-79,1998,893,1105,56,32,24,1078,665,413,860,193,667,3,2,1,1,1,0,0,0,0
23,438,District - Dhar (21),Urban,80+,2940,1220,1720,307,192,115,1165,725,440,1458,299,1159,7,2,5,3,2,1,0,0,0
23,438,District - Dhar (21),Urban,Age not stated,360,189,171,184,108,76,154,78,76,20,3,17,2,0,2,0,0,0,0,0,0
23,438,District - Dhar (21),Urban,Less than 18,154408,81782,72626,151866,80797,71069,2441,946,1495,67,23,44,24,11,13,10,5,5,0,0,0
23,438,District - Dhar (21),Urban,Less than 21,182419,96753,85666,172437,94089,78348,9765,2591,7174,129,47,82,63,19,44,25,7,18,0,0,0
23,439,District - Indore (22),Total,All ages,3276697,1699627,1577070,1464963,833810,631153,1672387,832358,840029,125100,27906,97194,9726,3792,5934,4521,1761,2760,0,0,0
23,439,District - Indore (22),Total,0-9,606818,318762,288056,606818,318762,288056,0,0,0,0,0,0,0,0,0,0,0,0,0,0,0
23,439,District - Indore (22),Total,10-14,324136,171050,153086,313670,166588,147082,9826,4173,5653,361,146,215,227,119,108,52,24,28,0,0,0
23,439,District - Indore (22),Total,15-19,314616,168882,145734,273844,158887,114957,39647,9594,30053,658,227,431,359,147,212,108,27,81,0,0,0
23,439,District - Indore (22),Total,20-24,327146,169302,157844,163401,113805,49596,161249,54669,106580,1230,411,819,908,311,597,358,106,252,0,0,0
23,439,District - Indore (22),Total,25-29,304554,154048,150506,58767,43940,14827,241778,108767,133011,2167,723,1444,1236,410,826,606,208,398,0,0,0
23,439,District - Indore (22),Total,30-34,270616,139133,131483,16671,12273,4398,248328,124995,123333,3385,1018,2367,1444,540,904,788,307,481,0,0,0
23,439,District - Indore (22),Total,35-39,244194,125254,118940,6991,4847,2144,229796,118244,111552,5184,1259,3925,1494,587,907,729,317,412,0,0,0
23,439,District - Indore (22),Total,40-44,205915,108300,97615,4094,2733,1361,192616,103150,89466,7290,1630,5660,1295,529,766,620,258,362,0,0,0
23,439,District - Indore (22),Total,45-49,173739,90924,82815,2582,1639,943,160338,86621,73717,9441,2057,7384,952,409,543,426,198,228,0,0,0
23,439,District - Indore (22),Total,50-54,133384,71256,62128,1936,1121,815,119108,67376,51732,11386,2385,9001,638,250,388,316,124,192,0,0,0
23,439,District - Indore (22),Total,55-59,101571,51045,50526,1426,809,617,88877,47805,41072,10700,2223,8477,400,153,247,168,55,113,0,0,0
23,439,District - Indore (22),Total,60-64,92507,46895,45612,2315,1208,1107,72631,42220,30411,17061,3257,13804,349,150,199,151,60,91,0,0,0
23,439,District - Indore (22),Total,65-69,61350,30199,31151,2351,1275,1076,44661,25889,18772,14102,2930,11172,170,77,93,66,28,38,0,0,0
23,439,District - Indore (22),Total,70-74,46750,22786,23964,1228,658,570,29035,18680,10355,16321,3374,12947,108,45,63,58,29,29,0,0,0
23,439,District - Indore (22),Total,75-79,23819,11034,12785,598,320,278,13888,8459,5429,9257,2227,7030,51,24,27,25,4,21,0,0,0
23,439,District - Indore (22),Total,80+,33715,14516,19199,2256,1258,998,15336,9301,6035,16028,3925,12103,63,26,37,32,6,26,0,0,0
23,439,District - Indore (22),Total,Age not stated,11867,6241,5626,6015,3687,2328,5273,2415,2858,529,114,415,32,15,17,18,10,8,0,0,0
23,439,District - Indore (22),Total,Less than 18,1111818,586640,525178,1088103,578119,509984,22497,8019,14478,749,279,470,389,189,200,80,34,46,0,0,0
23,439,District - Indore (22),Total,Less than 21,1325119,699811,625308,1242985,677237,565748,79836,21718,58118,1307,460,847,769,328,441,222,68,154,0,0,0
23,439,District - Indore (22),Rural,All ages,848988,436755,412233,377957,212682,165275,433748,215760,217988,33235,6684,26551,3173,1287,1886,875,342,533,0,0,0
23,439,District - Indore (22),Rural,0-9,180330,93906,86424,180330,93906,86424,0,0,0,0,0,0,0,0,0,0,0,0,0,0,0
23,439,District - Indore (22),Rural,10-14,97229,50265,46964,94394,49084,45310,2675,1111,1564,85,36,49,67,30,37,8,4,4,0,0,0
23,439,District - Indore (22),Rural,15-19,84282,45309,38973,67659,41299,26360,16257,3901,12356,180,48,132,147,54,93,39,7,32,0,0,0
23,439,District - Indore (22),Rural,20-24,79604,41665,37939,23839,19273,4566,54949,22091,32858,339,119,220,380,147,233,97,35,62,0,0,0
23,439,District - Indore (22),Rural,25-29,70349,35710,34639,5672,4769,903,63599,30552,33047,577,176,401,374,158,216,127,55,72,0,0,0
23,439,District - Indore (22),Rural,30-34,64597,32866,31731,1759,1438,321,61371,30942,30429,868,248,620,451,173,278,148,65,83,0,0,0
23,439,District - Indore (22),Rural,35-39,59209,30275,28934,854,665,189,56406,29038,27368,1351,331,1020,476,201,275,122,40,82,0,0,0
23,439,District - Indore (22),Rural,40-44,50023,26352,23671,541,422,119,47110,25293,21817,1836,410,1426,420,177,243,116,50,66,0,0,0
23,439,District - Indore (22),Rural,45-49,40710,21167,19543,326,251,75,37768,20255,17513,2274,514,1760,290,122,168,52,25,27,0,0,0
23,439,District - Indore (22),Rural,50-54,30839,16545,14294,252,187,65,27515,15660,11855,2819,595,2224,200,82,118,53,21,32,0,0,0
23,439,District - Indore (22),Rural,55-59,23737,11274,12463,171,126,45,20964,10619,10345,2449,473,1976,122,44,78,31,12,19,0,0,0
23,439,District - Indore (22),Rural,60-64,22554,11282,11272,395,231,164,17507,10223,7284,4502,765,3737,116,50,66,34,13,21,0,0,0
23,439,District - Indore (22),Rural,65-69,15309,6946,8363,353,198,155,11240,6057,5183,3651,666,2985,50,19,31,15,6,9,0,0,0
23,439,District - Indore (22),Rural,70-74,12972,5953,7019,194,118,76,7759,4985,2774,4965,828,4137,37,17,20,17,5,12,0,0,0
23,439,District - Indore (22),Rural,75-79,6092,2546,3546,98,56,42,3673,2040,1633,2299,444,1855,16,5,11,6,1,5,0,0,0
23,439,District - Indore (22),Rural,80+,9795,3984,5811,430,248,182,4351,2708,1643,4985,1020,3965,22,6,16,7,2,5,0,0,0
23,439,District - Indore (22),Rural,Age not stated,1357,710,647,690,411,279,604,285,319,55,11,44,5,2,3,3,1,2,0,0,0
23,439,District - Indore (22),Rural,Less than 18,327285,170948,156337,319615,168488,151127,7345,2343,5002,181,58,123,128,53,75,16,6,10,0,0,0
23,439,District - Indore (22),Rural,Less than 21,383641,200700,182941,351723,191634,160089,31190,8819,22371,357,114,243,303,113,190,68,20,48,0,0,0
23,439,District - Indore (22),Urban,All ages,2427709,1262872,1164837,1087006,621128,465878,1238639,616598,622041,91865,21222,70643,6553,2505,4048,3646,1419,2227,0,0,0
23,439,District - Indore (22),Urban,0-9,426488,224856,201632,426488,224856,201632,0,0,0,0,0,0,0,0,0,0,0,0,0,0,0
23,439,District - Indore (22),Urban,10-14,226907,120785,106122,219276,117504,101772,7151,3062,4089,276,110,166,160,89,71,44,20,24,0,0,0
23,439,District - Indore (22),Urban,15-19,230334,123573,106761,206185,117588,88597,23390,5693,17697,478,179,299,212,93,119,69,20,49,0,0,0
23,439,District - Indore (22),Urban,20-24,247542,127637,119905,139562,94532,45030,106300,32578,73722,891,292,599,528,164,364,261,71,190,0,0,0
23,439,District - Indore (22),Urban,25-29,234205,118338,115867,53095,39171,13924,178179,78215,99964,1590,547,1043,862,252,610,479,153,326,0,0,0
23,439,District - Indore (22),Urban,30-34,206019,106267,99752,14912,10835,4077,186957,94053,92904,2517,770,1747,993,367,626,640,242,398,0,0,0
23,439,District - Indore (22),Urban,35-39,184985,94979,90006,6137,4182,1955,173390,89206,84184,3833,928,2905,1018,386,632,607,277,330,0,0,0
23,439,District - Indore (22),Urban,40-44,155892,81948,73944,3553,2311,1242,145506,77857,67649,5454,1220,4234,875,352,523,504,208,296,0,0,0
23,439,District - Indore (22),Urban,45-49,133029,69757,63272,2256,1388,868,122570,66366,56204,7167,1543,5624,662,287,375,374,173,201,0,0,0
23,439,District - Indore (22),Urban,50-54,102545,54711,47834,1684,934,750,91593,51716,39877,8567,1790,6777,438,168,270,263,103,160,0,0,0
23,439,District - Indore (22),Urban,55-59,77834,39771,38063,1255,683,572,67913,37186,30727,8251,1750,6501,278,109,169,137,43,94,0,0,0
23,439,District - Indore (22),Urban,60-64,69953,35613,34340,1920,977,943,55124,31997,23127,12559,2492,10067,233,100,133,117,47,70,0,0,0
23,439,District - Indore (22),Urban,65-69,46041,23253,22788,1998,1077,921,33421,19832,13589,10451,2264,8187,120,58,62,51,22,29,0,0,0
23,439,District - Indore (22),Urban,70-74,33778,16833,16945,1034,540,494,21276,13695,7581,11356,2546,8810,71,28,43,41,24,17,0,0,0
23,439,District - Indore (22),Urban,75-79,17727,8488,9239,500,264,236,10215,6419,3796,6958,1783,5175,35,19,16,19,3,16,0,0,0
23,439,District - Indore (22),Urban,80+,23920,10532,13388,1826,1010,816,10985,6593,4392,11043,2905,8138,41,20,21,25,4,21,0,0,0
23,439,District - Indore (22),Urban,Age not stated,10510,5531,4979,5325,3276,2049,4669,2130,2539,474,103,371,27,13,14,15,9,6,0,0,0
23,439,District - Indore (22),Urban,Less than 18,784533,415692,368841,768488,409631,358857,15152,5676,9476,568,221,347,261,136,125,64,28,36,0,0,0
23,439,District - Indore (22),Urban,Less than 21,941478,499111,442367,891262,485603,405659,48646,12899,35747,950,346,604,466,215,251,154,48,106,0,0,0
23,440,District - Khargone (West Nimar) (23),Total,All ages,1873046,953121,919925,926495,502694,423801,868540,430840,437700,68751,15302,53449,6350,2900,3450,2910,1385,1525,0,0,0
23,440,District - Khargone (West Nimar) (23),Total,0-9,437430,224018,213412,437430,224018,213412,0,0,0,0,0,0,0,0,0,0,0,0,0,0,0
23,440,District - Khargone (West Nimar) (23),Total,10-14,232091,117277,114814,226829,115070,111759,5006,2100,2906,136,48,88,98,46,52,22,13,9,0,0,0
23,440,District - Khargone (West Nimar) (23),Total,15-19,191115,99400,91715,166703,93148,73555,23860,6043,17817,279,104,175,197,79,118,76,26,50,0,0,0
23,440,District - Khargone (West Nimar) (23),Total,20-24,163882,85680,78202,65509,47774,17735,96682,37178,59504,662,271,391,703,331,372,326,126,200,0,0,0
23,440,District - Khargone (West Nimar) (23),Total,25-29,142348,72398,69950,16123,13027,3096,123960,58350,65610,1032,381,651,766,392,374,467,248,219,0,0,0
23,440,District - Khargone (West Nimar) (23),Total,30-34,134521,67516,67005,4560,3543,1017,126753,62724,64029,1790,598,1192,937,414,523,481,237,244,0,0,0
23,440,District - Khargone (West Nimar) (23),Total,35-39,121752,62717,59035,2169,1661,508,115498,59644,55854,2668,742,1926,947,438,509,470,232,238,0,0,0
23,440,District - Khargone (West Nimar) (23),Total,40-44,104742,53759,50983,1272,950,322,98465,51281,47184,3849,984,2865,803,381,422,353,163,190,0,0,0
23,440,District - Khargone (West Nimar) (23),Total,45-49,89233,46028,43205,822,577,245,82882,43990,38892,4706,1100,3606,600,258,342,223,103,120,0,0,0
23,440,District - Khargone (West Nimar) (23),Total,50-54,67921,36177,31744,577,402,175,60901,34189,26712,5808,1305,4503,452,193,259,183,88,95,0,0,0
23,440,District - Khargone (West Nimar) (23),Total,55-59,51088,25107,25981,405,245,160,44795,23486,21309,5513,1211,4302,282,124,158,93,41,52,0,0,0
23,440,District - Khargone (West Nimar) (23),Total,60-64,46648,22831,23817,856,477,379,36059,20374,15685,9398,1840,7558,242,93,149,93,47,46,0,0,0
23,440,District - Khargone (West Nimar) (23),Total,65-69,33829,15304,18525,766,426,340,24058,13120,10938,8809,1663,7146,147,68,79,49,27,22,0,0,0
23,440,District - Khargone (West Nimar) (23),Total,70-74,26118,12220,13898,405,231,174,15422,9937,5485,10180,2005,8175,76,30,46,35,17,18,0,0,0
23,440,District - Khargone (West Nimar) (23),Total,75-79,12415,5198,7217,205,115,90,6746,3913,2833,5408,1139,4269,44,27,17,12,4,8,0,0,0
23,440,District - Khargone (West Nimar) (23),Total,80+,16551,6787,9764,1123,602,521,6894,4249,2645,8461,1903,6558,48,20,28,25,13,12,0,0,0
23,440,District - Khargone (West Nimar) (23),Total,Age not stated,1362,704,658,741,428,313,559,262,297,52,8,44,8,6,2,2,0,2,0,0,0
23,440,District - Khargone (West Nimar) (23),Total,Less than 18,785071,401363,383708,772987,396865,376122,11568,4294,7274,307,106,201,166,76,90,43,22,21,0,0,0
23,440,District - Khargone (West Nimar) (23),Total,Less than 21,904051,463286,440765,854741,448818,405923,48128,14017,34111,574,208,366,436,189,247,172,54,118,0,0,0
23,440,District - Khargone (West Nimar) (23),Rural,All ages,1574190,799396,774794,781783,421546,360237,728421,361104,367317,56591,13040,43551,5246,2541,2705,2149,1165,984,0,0,0
23,440,District - Khargone (West Nimar) (23),Rural,0-9,381157,194488,186669,381157,194488,186669,0,0,0,0,0,0,0,0,0,0,0,0,0,0,0
23,440,District - Khargone (West Nimar) (23),Rural,10-14,199354,100310,99044,194813,98404,96409,4328,1821,2507,118,40,78,82,37,45,13,8,5,0,0,0
23,440,District - Khargone (West Nimar) (23),Rural,15-19,159254,82508,76746,137185,76784,60401,21595,5541,16054,248,91,157,166,67,99,60,25,35,0,0,0
23,440,District - Khargone (West Nimar) (23),Rural,20-24,134634,70361,64273,47984,35879,12105,85201,33810,51391,567,242,325,617,314,303,265,116,149,0,0,0
23,440,District - Khargone (West Nimar) (23),Rural,25-29,117853,60146,57707,10629,8890,1739,105357,50359,54998,871,339,532,638,346,292,358,212,146,0,0,0
23,440,District - Khargone (West Nimar) (23),Rural,30-34,111787,56189,55598,3056,2451,605,106121,52671,53450,1498,510,988,764,365,399,348,192,156,0,0,0
23,440,District - Khargone (West Nimar) (23),Rural,35-39,100533,52165,48368,1554,1240,314,95680,49699,45981,2193,648,1545,792,391,401,314,187,127,0,0,0
23,440,District - Khargone (West Nimar) (23),Rural,40-44,85722,43874,41848,869,680,189,80845,41887,38958,3109,840,2269,650,330,320,249,137,112,0,0,0
23,440,District - Khargone (West Nimar) (23),Rural,45-49,72836,37376,35460,532,393,139,67892,35731,32161,3776,948,2828,478,214,264,158,90,68,0,0,0
23,440,District - Khargone (West Nimar) (23),Rural,50-54,55372,29450,25922,395,302,93,49785,27800,21985,4690,1113,3577,362,163,199,140,72,68,0,0,0
23,440,District - Khargone (West Nimar) (23),Rural,55-59,41722,20263,21459,259,164,95,36697,18928,17769,4457,1029,3428,233,107,126,76,35,41,0,0,0
23,440,District - Khargone (West Nimar) (23),Rural,60-64,38598,18850,19748,678,377,301,29877,16803,13074,7768,1554,6214,204,78,126,71,38,33,0,0,0
23,440,District - Khargone (West Nimar) (23),Rural,65-69,28121,12567,15554,604,342,262,20052,10736,9316,7300,1402,5898,125,64,61,40,23,17,0,0,0
23,440,District - Khargone (West Nimar) (23),Rural,70-74,21844,10193,11651,337,188,149,12941,8267,4674,8482,1702,6780,55,21,34,29,15,14,0,0,0
23,440,District - Khargone (West Nimar) (23),Rural,75-79,10298,4280,6018,170,96,74,5643,3207,2436,4445,954,3491,32,20,12,8,3,5,0,0,0
23,440,District - Khargone (West Nimar) (23),Rural,80+,13923,5760,8163,916,492,424,5922,3616,2306,7024,1621,5403,42,19,23,19,12,7,0,0,0
23,440,District - Khargone (West Nimar) (23),Rural,Age not stated,1182,616,566,645,376,269,485,228,257,45,7,38,6,5,1,1,0,1,0,0,0
23,440,District - Khargone (West Nimar) (23),Rural,Less than 18,677205,344987,332218,666601,341046,325555,10167,3769,6398,269,92,177,138,63,75,30,17,13,0,0,0
23,440,District - Khargone (West Nimar) (23),Rural,Less than 21,775784,396015,379769,731600,382749,348851,43174,12872,30302,505,182,323,373,165,208,132,47,85,0,0,0
23,440,District - Khargone (West Nimar) (23),Urban,All ages,298856,153725,145131,144712,81148,63564,140119,69736,70383,12160,2262,9898,1104,359,745,761,220,541,0,0,0
23,440,District - Khargone (West Nimar) (23),Urban,0-9,56273,29530,26743,56273,29530,26743,0,0,0,0,0,0,0,0,0,0,0,0,0,0,0
23,440,District - Khargone (West Nimar) (23),Urban,10-14,32737,16967,15770,32016,16666,15350,678,279,399,18,8,10,16,9,7,9,5,4,0,0,0
23,440,District - Khargone (West Nimar) (23),Urban,15-19,31861,16892,14969,29518,16364,13154,2265,502,1763,31,13,18,31,12,19,16,1,15,0,0,0
23,440,District - Khargone (West Nimar) (23),Urban,20-24,29248,15319,13929,17525,11895,5630,11481,3368,8113,95,29,66,86,17,69,61,10,51,0,0,0
23,440,District - Khargone (West Nimar) (23),Urban,25-29,24495,12252,12243,5494,4137,1357,18603,7991,10612,161,42,119,128,46,82,109,36,73,0,0,0
23,440,District - Khargone (West Nimar) (23),Urban,30-34,22734,11327,11407,1504,1092,412,20632,10053,10579,292,88,204,173,49,124,133,45,88,0,0,0
23,440,District - Khargone (West Nimar) (23),Urban,35-39,21219,10552,10667,615,421,194,19818,9945,9873,475,94,381,155,47,108,156,45,111,0,0,0
23,440,District - Khargone (West Nimar) (23),Urban,40-44,19020,9885,9135,403,270,133,17620,9394,8226,740,144,596,153,51,102,104,26,78,0,0,0
23,440,District - Khargone (West Nimar) (23),Urban,45-49,16397,8652,7745,290,184,106,14990,8259,6731,930,152,778,122,44,78,65,13,52,0,0,0
23,440,District - Khargone (West Nimar) (23),Urban,50-54,12549,6727,5822,182,100,82,11116,6389,4727,1118,192,926,90,30,60,43,16,27,0,0,0
23,440,District - Khargone (West Nimar) (23),Urban,55-59,9366,4844,4522,146,81,65,8098,4558,3540,1056,182,874,49,17,32,17,6,11,0,0,0
23,440,District - Khargone (West Nimar) (23),Urban,60-64,8050,3981,4069,178,100,78,6182,3571,2611,1630,286,1344,38,15,23,22,9,13,0,0,0
23,440,District - Khargone (West Nimar) (23),Urban,65-69,5708,2737,2971,162,84,78,4006,2384,1622,1509,261,1248,22,4,18,9,4,5,0,0,0
23,440,District - Khargone (West Nimar) (23),Urban,70-74,4274,2027,2247,68,43,25,2481,1670,811,1698,303,1395,21,9,12,6,2,4,0,0,0
23,440,District - Khargone (West Nimar) (23),Urban,75-79,2117,918,1199,35,19,16,1103,706,397,963,185,778,12,7,5,4,1,3,0,0,0
23,440,District - Khargone (West Nimar) (23),Urban,80+,2628,1027,1601,207,110,97,972,633,339,1437,282,1155,6,1,5,6,1,5,0,0,0
23,440,District - Khargone (West Nimar) (23),Urban,Age not stated,180,88,92,96,52,44,74,34,40,7,1,6,2,1,1,1,0,1,0,0,0
23,440,District - Khargone (West Nimar) (23),Urban,Less than 18,107866,56376,51490,106386,55819,50567,1401,525,876,38,14,24,28,13,15,13,5,8,0,0,0
23,440,District - Khargone (West Nimar) (23),Urban,Less than 21,128267,67271,60996,123141,66069,57072,4954,1145,3809,69,26,43,63,24,39,40,7,33,0,0,0
23,441,District - Barwani  (24),Total,All ages,1385881,699340,686541,718698,380627,338071,620272,306715,313557,41792,9603,32189,3615,1738,1877,1504,657,847,0,0,0
23,441,District - Barwani  (24),Total,0-9,382521,195176,187345,382521,195176,187345,0,0,0,0,0,0,0,0,0,0,0,0,0,0,0
23,441,District - Barwani  (24),Total,10-14,185302,93089,92213,181262,91372,89890,3877,1636,2241,78,34,44,70,40,30,15,7,8,0,0,0
23,441,District - Barwani  (24),Total,15-19,135413,67935,67478,106137,59502,46635,28723,8196,20527,239,92,147,242,117,125,72,28,44,0,0,0
23,441,District - Barwani  (24),Total,20-24,118808,60228,58580,32106,22843,9263,85430,36796,48634,455,190,265,594,292,302,223,107,116,0,0,0
23,441,District - Barwani  (24),Total,25-29,101621,51265,50356,8185,6303,1882,91921,44330,47591,808,280,528,473,248,225,234,104,130,0,0,0
23,441,District - Barwani  (24),Total,30-34,92196,46583,45613,2605,1868,737,87667,44036,43631,1245,359,886,480,224,256,199,96,103,0,0,0
23,441,District - Barwani  (24),Total,35-39,82212,41656,40556,1314,927,387,78477,39969,38508,1719,429,1290,499,246,253,203,85,118,0,0,0
23,441,District - Barwani  (24),Total,40-44,70761,36768,33993,773,526,247,66864,35342,31522,2519,642,1877,414,185,229,191,73,118,0,0,0
23,441,District - Barwani  (24),Total,45-49,57664,29200,28464,510,321,189,53718,27976,25742,3010,701,2309,310,145,165,116,57,59,0,0,0
23,441,District - Barwani  (24),Total,50-54,43695,23194,20501,349,228,121,39265,21931,17334,3788,902,2886,196,92,104,97,41,56,0,0,0
23,441,District - Barwani  (24),Total,55-59,33330,15932,17398,256,138,118,29333,14945,14388,3574,782,2792,115,47,68,52,20,32,0,0,0
23,441,District - Barwani  (24),Total,60-64,30538,15087,15451,654,339,315,23518,13378,10140,6238,1315,4923,89,40,49,39,15,24,0,0,0
23,441,District - Barwani  (24),Total,65-69,20645,9337,11308,569,308,261,14631,7888,6743,5348,1098,4250,63,29,34,34,14,20,0,0,0
23,441,District - Barwani  (24),Total,70-74,14928,7025,7903,218,115,103,8828,5672,3156,5830,1218,4612,36,16,20,16,4,12,0,0,0
23,441,District - Barwani  (24),Total,75-79,6614,2788,3826,125,64,61,3806,2133,1673,2661,578,2083,15,9,6,7,4,3,0,0,0
23,441,District - Barwani  (24),Total,80+,8844,3669,5175,606,336,270,3954,2350,1604,4260,974,3286,19,8,11,5,1,4,0,0,0
23,441,District - Barwani  (24),Total,Age not stated,789,408,381,508,261,247,260,137,123,20,9,11,0,0,0,1,1,0,0,0,0
23,441,District - Barwani  (24),Total,Less than 18,649164,330160,319004,637340,326007,311333,11417,3963,7454,208,84,124,163,93,70,36,13,23,0,0,0
23,441,District - Barwani  (24),Total,Less than 21,735950,373010,362940,682438,354623,327815,52458,17916,34542,421,167,254,486,242,244,147,62,85,0,0,0
23,441,District - Barwani  (24),Rural,All ages,1181812,594907,586905,619309,325147,294162,525630,259742,265888,32917,8003,24914,2858,1476,1382,1098,539,559,0,0,0
23,441,District - Barwani  (24),Rural,0-9,341539,173624,167915,341539,173624,167915,0,0,0,0,0,0,0,0,0,0,0,0,0,0,0
23,441,District - Barwani  (24),Rural,10-14,162170,80936,81234,158532,79397,79135,3503,1474,2029,68,29,39,54,30,24,13,6,7,0,0,0
23,441,District - Barwani  (24),Rural,15-19,113744,56626,57118,86397,48610,37787,26862,7800,19062,199,81,118,218,109,109,68,26,42,0,0,0
23,441,District - Barwani  (24),Rural,20-24,99743,50493,49250,21969,15884,6085,76669,34065,42604,402,171,231,516,272,244,187,101,86,0,0,0
23,441,District - Barwani  (24),Rural,25-29,85002,42989,42013,4865,3780,1085,78904,38649,40255,684,249,435,378,224,154,171,87,84,0,0,0
23,441,District - Barwani  (24),Rural,30-34,76693,38826,37867,1671,1198,473,73487,37048,36439,1025,307,718,372,191,181,138,82,56,0,0,0
23,441,District - Barwani  (24),Rural,35-39,67819,34394,33425,920,662,258,65038,33097,31941,1334,360,974,382,212,170,145,63,82,0,0,0
23,441,District - Barwani  (24),Rural,40-44,58170,30155,28015,503,354,149,55285,29060,26225,1959,554,1405,300,133,167,123,54,69,0,0,0
23,441,District - Barwani  (24),Rural,45-49,47217,23833,23384,328,218,110,44257,22836,21421,2319,616,1703,232,119,113,81,44,37,0,0,0
23,441,District - Barwani  (24),Rural,50-54,35614,18884,16730,222,159,63,32213,17855,14358,2961,761,2200,156,78,78,62,31,31,0,0,0
23,441,District - Barwani  (24),Rural,55-59,27426,12987,14439,158,91,67,24319,12189,12130,2830,660,2170,86,31,55,33,16,17,0,0,0
23,441,District - Barwani  (24),Rural,60-64,25024,12422,12602,525,274,251,19386,10995,8391,5022,1111,3911,61,30,31,30,12,18,0,0,0
23,441,District - Barwani  (24),Rural,65-69,16695,7544,9151,451,255,196,11968,6380,5588,4199,878,3321,54,22,32,23,9,14,0,0,0
23,441,District - Barwani  (24),Rural,70-74,11966,5677,6289,169,93,76,7157,4566,2591,4599,1002,3597,26,12,14,15,4,11,0,0,0
23,441,District - Barwani  (24),Rural,75-79,5232,2169,3063,100,48,52,3089,1670,1419,2030,443,1587,9,6,3,4,2,2,0,0,0
23,441,District - Barwani  (24),Rural,80+,7060,2991,4069,510,276,234,3266,1935,1331,3266,772,2494,14,7,7,4,1,3,0,0,0
23,441,District - Barwani  (24),Rural,Age not stated,698,357,341,450,224,226,227,123,104,20,9,11,0,0,0,1,1,0,0,0,0
23,441,District - Barwani  (24),Rural,Less than 18,571914,289625,282289,561002,285824,275178,10569,3638,6931,174,72,102,136,79,57,33,12,21,0,0,0
23,441,District - Barwani  (24),Rural,Less than 21,645234,325513,319721,595765,308074,287691,48547,17013,31534,362,147,215,423,220,203,137,59,78,0,0,0
23,441,District - Barwani  (24),Urban,All ages,204069,104433,99636,99389,55480,43909,94642,46973,47669,8875,1600,7275,757,262,495,406,118,288,0,0,0
23,441,District - Barwani  (24),Urban,0-9,40982,21552,19430,40982,21552,19430,0,0,0,0,0,0,0,0,0,0,0,0,0,0,0
23,441,District - Barwani  (24),Urban,10-14,23132,12153,10979,22730,11975,10755,374,162,212,10,5,5,16,10,6,2,1,1,0,0,0
23,441,District - Barwani  (24),Urban,15-19,21669,11309,10360,19740,10892,8848,1861,396,1465,40,11,29,24,8,16,4,2,2,0,0,0
23,441,District - Barwani  (24),Urban,20-24,19065,9735,9330,10137,6959,3178,8761,2731,6030,53,19,34,78,20,58,36,6,30,0,0,0
23,441,District - Barwani  (24),Urban,25-29,16619,8276,8343,3320,2523,797,13017,5681,7336,124,31,93,95,24,71,63,17,46,0,0,0
23,441,District - Barwani  (24),Urban,30-34,15503,7757,7746,934,670,264,14180,6988,7192,220,52,168,108,33,75,61,14,47,0,0,0
23,441,District - Barwani  (24),Urban,35-39,14393,7262,7131,394,265,129,13439,6872,6567,385,69,316,117,34,83,58,22,36,0,0,0
23,441,District - Barwani  (24),Urban,40-44,12591,6613,5978,270,172,98,11579,6282,5297,560,88,472,114,52,62,68,19,49,0,0,0
23,441,District - Barwani  (24),Urban,45-49,10447,5367,5080,182,103,79,9461,5140,4321,691,85,606,78,26,52,35,13,22,0,0,0
23,441,District - Barwani  (24),Urban,50-54,8081,4310,3771,127,69,58,7052,4076,2976,827,141,686,40,14,26,35,10,25,0,0,0
23,441,District - Barwani  (24),Urban,55-59,5904,2945,2959,98,47,51,5014,2756,2258,744,122,622,29,16,13,19,4,15,0,0,0
23,441,District - Barwani  (24),Urban,60-64,5514,2665,2849,129,65,64,4132,2383,1749,1216,204,1012,28,10,18,9,3,6,0,0,0
23,441,District - Barwani  (24),Urban,65-69,3950,1793,2157,118,53,65,2663,1508,1155,1149,220,929,9,7,2,11,5,6,0,0,0
23,441,District - Barwani  (24),Urban,70-74,2962,1348,1614,49,22,27,1671,1106,565,1231,216,1015,10,4,6,1,0,1,0,0,0
23,441,District - Barwani  (24),Urban,75-79,1382,619,763,25,16,9,717,463,254,631,135,496,6,3,3,3,2,1,0,0,0
23,441,District - Barwani  (24),Urban,80+,1784,678,1106,96,60,36,688,415,273,994,202,792,5,1,4,1,0,1,0,0,0
23,441,District - Barwani  (24),Urban,Age not stated,91,51,40,58,37,21,33,14,19,0,0,0,0,0,0,0,0,0,0,0,0
23,441,District - Barwani  (24),Urban,Less than 18,77250,40535,36715,76338,40183,36155,848,325,523,34,12,22,27,14,13,3,1,2,0,0,0
23,441,District - Barwani  (24),Urban,Less than 21,90716,47497,43219,86673,46549,40124,3911,903,3008,59,20,39,63,22,41,10,3,7,0,0,0
23,442,District - Rajgarh (25),Total,All ages,1545814,790212,755602,702323,387721,314602,773516,381296,392220,62456,18856,43600,5856,1869,3987,1663,470,1193,0,0,0
23,442,District - Rajgarh (25),Total,0-9,342154,177279,164875,342154,177279,164875,0,0,0,0,0,0,0,0,0,0,0,0,0,0,0
23,442,District - Rajgarh (25),Total,10-14,185713,94982,90731,180332,93075,87257,5159,1826,3333,119,42,77,84,34,50,19,5,14,0,0,0
23,442,District - Rajgarh (25),Total,15-19,152143,77841,74302,116765,68717,48048,34857,8958,25899,280,107,173,198,47,151,43,12,31,0,0,0
23,442,District - Rajgarh (25),Total,20-24,138444,70814,67630,40082,30313,9769,96590,40003,56587,747,261,486,808,194,614,217,43,174,0,0,0
23,442,District - Rajgarh (25),Total,25-29,116776,59325,57451,10715,8762,1953,103891,49871,54020,1039,394,645,865,220,645,266,78,188,0,0,0
23,442,District - Rajgarh (25),Total,30-34,107835,53987,53848,3679,3068,611,101477,50106,51371,1588,493,1095,831,261,570,260,59,201,0,0,0
23,442,District - Rajgarh (25),Total,35-39,99126,50623,48503,1842,1545,297,93837,47961,45876,2396,787,1609,842,274,568,209,56,153,0,0,0
23,442,District - Rajgarh (25),Total,40-44,86417,45293,41124,1298,1114,184,80860,42760,38100,3331,1104,2227,724,248,476,204,67,137,0,0,0
23,442,District - Rajgarh (25),Total,45-49,69840,36229,33611,790,646,144,64880,34183,30697,3576,1186,2390,455,172,283,139,42,97,0,0,0
23,442,District - Rajgarh (25),Total,50-54,52746,28989,23757,581,496,85,47332,26879,20453,4393,1461,2932,338,120,218,102,33,69,0,0,0
23,442,District - Rajgarh (25),Total,55-59,41763,19591,22172,449,344,105,37402,17972,19430,3676,1187,2489,185,69,116,51,19,32,0,0,0
23,442,District - Rajgarh (25),Total,60-64,48495,24162,24333,783,523,260,39571,21301,18270,7826,2205,5621,238,101,137,77,32,45,0,0,0
23,442,District - Rajgarh (25),Total,65-69,38263,18340,19923,763,505,258,29076,15444,13632,8260,2320,5940,128,61,67,36,10,26,0,0,0
23,442,District - Rajgarh (25),Total,70-74,29721,15496,14225,488,340,148,19171,12332,6839,9961,2779,7182,77,37,40,24,8,16,0,0,0
23,442,District - Rajgarh (25),Total,75-79,14602,6769,7833,238,161,77,9127,5039,4088,5183,1544,3639,42,21,21,12,4,8,0,0,0
23,442,District - Rajgarh (25),Total,80+,20857,10012,10845,804,503,301,9980,6524,3456,10033,2973,7060,36,10,26,4,2,2,0,0,0
23,442,District - Rajgarh (25),Total,Age not stated,919,480,439,560,330,230,306,137,169,48,13,35,5,0,5,0,0,0,0,0,0
23,442,District - Rajgarh (25),Total,Less than 18,617498,319112,298386,600965,314129,286836,16087,4821,11266,273,100,173,142,54,88,31,8,23,0,0,0
23,442,District - Rajgarh (25),Total,Less than 21,720484,370429,350055,655571,351133,304438,63692,18937,44755,621,222,399,491,116,375,109,21,88,0,0,0
23,442,District - Rajgarh (25),Rural,All ages,1269357,648407,620950,568386,313470,254916,643713,316816,326897,51115,16201,34914,4834,1539,3295,1309,381,928,0,0,0
23,442,District - Rajgarh (25),Rural,0-9,284971,147327,137644,284971,147327,137644,0,0,0,0,0,0,0,0,0,0,0,0,0,0,0
23,442,District - Rajgarh (25),Rural,10-14,153913,78510,75403,149242,76885,72357,4485,1558,2927,97,33,64,73,30,43,16,4,12,0,0,0
23,442,District - Rajgarh (25),Rural,15-19,123480,62904,60576,91624,54640,36984,31407,8119,23288,237,91,146,175,43,132,37,11,26,0,0,0
23,442,District - Rajgarh (25),Rural,20-24,112018,57406,54612,26972,21562,5410,83522,35404,48118,646,228,418,688,172,516,190,40,150,0,0,0
23,442,District - Rajgarh (25),Rural,25-29,93541,47791,45750,6385,5593,792,85364,41610,43754,872,339,533,720,188,532,200,61,139,0,0,0
23,442,District - Rajgarh (25),Rural,30-34,86795,43429,43366,2423,2131,292,82183,40609,41574,1313,427,886,679,216,463,197,46,151,0,0,0
23,442,District - Rajgarh (25),Rural,35-39,79949,40752,39197,1318,1167,151,75894,38652,37242,1907,673,1234,671,215,456,159,45,114,0,0,0
23,442,District - Rajgarh (25),Rural,40-44,70041,36704,33337,980,890,90,65688,34639,31049,2622,930,1692,600,199,401,151,46,105,0,0,0
23,442,District - Rajgarh (25),Rural,45-49,56287,29057,27230,618,539,79,52460,27365,25095,2748,990,1758,353,129,224,108,34,74,0,0,0
23,442,District - Rajgarh (25),Rural,50-54,42399,23460,18939,469,423,46,38147,21676,16471,3431,1236,2195,272,93,179,80,32,48,0,0,0
23,442,District - Rajgarh (25),Rural,55-59,34168,15751,18417,349,288,61,30867,14411,16456,2765,980,1785,146,57,89,41,15,26,0,0,0
23,442,District - Rajgarh (25),Rural,60-64,41240,20581,20659,649,438,211,34039,18156,15883,6287,1876,4411,202,85,117,63,26,37,0,0,0
23,442,District - Rajgarh (25),Rural,65-69,33087,15929,17158,639,444,195,25514,13406,12108,6795,2017,4778,110,54,56,29,8,21,0,0,0
23,442,District - Rajgarh (25),Rural,70-74,25765,13646,12119,408,298,110,16846,10858,5988,8420,2453,5967,68,30,38,23,7,16,0,0,0
23,442,District - Rajgarh (25),Rural,75-79,12589,5824,6765,198,134,64,8065,4365,3700,4275,1301,2974,39,20,19,12,4,8,0,0,0
23,442,District - Rajgarh (25),Rural,80+,18346,8931,9415,663,430,233,8985,5876,3109,8662,2615,6047,33,8,25,3,2,1,0,0,0
23,442,District - Rajgarh (25),Rural,Age not stated,768,405,363,478,281,197,247,112,135,38,12,26,5,0,5,0,0,0,0,0,0
23,442,District - Rajgarh (25),Rural,Less than 18,511488,263727,247761,496815,259349,237466,14305,4242,10063,223,82,141,119,47,72,26,7,19,0,0,0
23,442,District - Rajgarh (25),Rural,Less than 21,596011,305681,290330,537970,288181,249789,56985,17186,39799,530,191,339,431,104,327,95,19,76,0,0,0
23,442,District - Rajgarh (25),Urban,All ages,276457,141805,134652,133937,74251,59686,129803,64480,65323,11341,2655,8686,1022,330,692,354,89,265,0,0,0
23,442,District - Rajgarh (25),Urban,0-9,57183,29952,27231,57183,29952,27231,0,0,0,0,0,0,0,0,0,0,0,0,0,0,0
23,442,District - Rajgarh (25),Urban,10-14,31800,16472,15328,31090,16190,14900,674,268,406,22,9,13,11,4,7,3,1,2,0,0,0
23,442,District - Rajgarh (25),Urban,15-19,28663,14937,13726,25141,14077,11064,3450,839,2611,43,16,27,23,4,19,6,1,5,0,0,0
23,442,District - Rajgarh (25),Urban,20-24,26426,13408,13018,13110,8751,4359,13068,4599,8469,101,33,68,120,22,98,27,3,24,0,0,0
23,442,District - Rajgarh (25),Urban,25-29,23235,11534,11701,4330,3169,1161,18527,8261,10266,167,55,112,145,32,113,66,17,49,0,0,0
23,442,District - Rajgarh (25),Urban,30-34,21040,10558,10482,1256,937,319,19294,9497,9797,275,66,209,152,45,107,63,13,50,0,0,0
23,442,District - Rajgarh (25),Urban,35-39,19177,9871,9306,524,378,146,17943,9309,8634,489,114,375,171,59,112,50,11,39,0,0,0
23,442,District - Rajgarh (25),Urban,40-44,16376,8589,7787,318,224,94,15172,8121,7051,709,174,535,124,49,75,53,21,32,0,0,0
23,442,District - Rajgarh (25),Urban,45-49,13553,7172,6381,172,107,65,12420,6818,5602,828,196,632,102,43,59,31,8,23,0,0,0
23,442,District - Rajgarh (25),Urban,50-54,10347,5529,4818,112,73,39,9185,5203,3982,962,225,737,66,27,39,22,1,21,0,0,0
23,442,District - Rajgarh (25),Urban,55-59,7595,3840,3755,100,56,44,6535,3561,2974,911,207,704,39,12,27,10,4,6,0,0,0
23,442,District - Rajgarh (25),Urban,60-64,7255,3581,3674,134,85,49,5532,3145,2387,1539,329,1210,36,16,20,14,6,8,0,0,0
23,442,District - Rajgarh (25),Urban,65-69,5176,2411,2765,124,61,63,3562,2038,1524,1465,303,1162,18,7,11,7,2,5,0,0,0
23,442,District - Rajgarh (25),Urban,70-74,3956,1850,2106,80,42,38,2325,1474,851,1541,326,1215,9,7,2,1,1,0,0,0,0
23,442,District - Rajgarh (25),Urban,75-79,2013,945,1068,40,27,13,1062,674,388,908,243,665,3,1,2,0,0,0,0,0,0
23,442,District - Rajgarh (25),Urban,80+,2511,1081,1430,141,73,68,995,648,347,1371,358,1013,3,2,1,1,0,1,0,0,0
23,442,District - Rajgarh (25),Urban,Age not stated,151,75,76,82,49,33,59,25,34,10,1,9,0,0,0,0,0,0,0,0,0
23,442,District - Rajgarh (25),Urban,Less than 18,106010,55385,50625,104150,54780,49370,1782,579,1203,50,18,32,23,7,16,5,1,4,0,0,0
23,442,District - Rajgarh (25),Urban,Less than 21,124473,64748,59725,117601,62952,54649,6707,1751,4956,91,31,60,60,12,48,14,2,12,0,0,0
23,443,District - Vidisha (26),Total,All ages,1458875,769568,689307,745595,422220,323375,649315,325094,324221,59252,19795,39457,3668,1948,1720,1045,511,534,0,0,0
23,443,District - Vidisha (26),Total,0-9,348077,180095,167982,348077,180095,167982,0,0,0,0,0,0,0,0,0,0,0,0,0,0,0
23,443,District - Vidisha (26),Total,10-14,183520,95017,88503,179187,93175,86012,4110,1738,2372,149,65,84,59,28,31,15,11,4,0,0,0
23,443,District - Vidisha (26),Total,15-19,146426,82664,63762,130638,78911,51727,15368,3582,11786,292,127,165,101,37,64,27,7,20,0,0,0
23,443,District - Vidisha (26),Total,20-24,128079,70773,57306,57951,45630,12321,69032,24654,44378,629,295,334,361,152,209,106,42,64,0,0,0
23,443,District - Vidisha (26),Total,25-29,113137,58617,54520,15813,13298,2515,95488,44409,51079,1124,564,560,552,279,273,160,67,93,0,0,0
23,443,District - Vidisha (26),Total,30-34,103574,53576,49998,4939,4255,684,96186,48072,48114,1686,844,842,579,300,279,184,105,79,0,0,0
23,443,District - Vidisha (26),Total,35-39,93100,49358,43742,2135,1801,334,87665,46014,41651,2567,1133,1434,585,328,257,148,82,66,0,0,0
23,443,District - Vidisha (26),Total,40-44,76906,41361,35545,1187,1026,161,71702,38638,33064,3417,1380,2037,449,246,203,151,71,80,0,0,0
23,443,District - Vidisha (26),Total,45-49,62110,33766,28344,774,657,117,57064,31319,25745,3890,1569,2321,303,182,121,79,39,40,0,0,0
23,443,District - Vidisha (26),Total,50-54,46072,25695,20377,575,483,92,40882,23527,17355,4378,1550,2828,198,114,84,39,21,18,0,0,0
23,443,District - Vidisha (26),Total,55-59,37098,17707,19391,422,323,99,32516,15978,16538,4013,1331,2682,116,61,55,31,14,17,0,0,0
23,443,District - Vidisha (26),Total,60-64,41846,21551,20295,827,566,261,32073,18333,13740,8739,2542,6197,157,85,72,50,25,25,0,0,0
23,443,District - Vidisha (26),Total,65-69,29306,14386,14920,723,491,232,20803,11634,9169,7672,2191,5481,86,58,28,22,12,10,0,0,0
23,443,District - Vidisha (26),Total,70-74,23357,12074,11283,484,337,147,13608,9128,4480,9184,2563,6621,63,38,25,18,8,10,0,0,0
23,443,District - Vidisha (26),Total,75-79,10485,5153,5332,209,149,60,5978,3655,2323,4266,1331,2935,28,16,12,4,2,2,0,0,0
23,443,District - Vidisha (26),Total,80+,14841,7288,7553,1079,692,387,6517,4273,2244,7209,2296,4913,28,23,5,8,4,4,0,0,0
23,443,District - Vidisha (26),Total,Age not stated,941,487,454,575,331,244,323,140,183,37,14,23,3,1,2,3,1,2,0,0,0
23,443,District - Vidisha (26),Total,Less than 18,619454,323649,295805,610564,320206,290358,8445,3245,5200,316,135,181,107,48,59,22,15,7,0,0,0
23,443,District - Vidisha (26),Total,Less than 21,714143,378152,335991,679677,369001,310676,33573,8775,24798,593,257,336,240,91,149,60,28,32,0,0,0
23,443,District - Vidisha (26),Rural,All ages,1119257,591962,527295,575474,325942,249532,494695,247785,246910,45659,16254,29405,2772,1607,1165,657,374,283,0,0,0
23,443,District - Vidisha (26),Rural,0-9,278871,143910,134961,278871,143910,134961,0,0,0,0,0,0,0,0,0,0,0,0,0,0,0
23,443,District - Vidisha (26),Rural,10-14,145172,75018,70154,141845,73596,68249,3157,1339,1818,121,54,67,38,20,18,11,9,2,0,0,0
23,443,District - Vidisha (26),Rural,15-19,111121,63370,47751,98299,60406,37893,12517,2833,9684,213,100,113,78,27,51,14,4,10,0,0,0
23,443,District - Vidisha (26),Rural,20-24,94982,53381,41601,38329,32278,6051,55802,20693,35109,485,243,242,291,134,157,75,33,42,0,0,0
23,443,District - Vidisha (26),Rural,25-29,83685,43863,39822,8810,7989,821,73493,35113,38380,876,482,394,414,231,183,92,48,44,0,0,0
23,443,District - Vidisha (26),Rural,30-34,76839,39771,37068,2848,2590,258,72134,36155,35979,1298,702,596,439,250,189,120,74,46,0,0,0
23,443,District - Vidisha (26),Rural,35-39,69087,36951,32136,1372,1227,145,65268,34434,30834,1923,958,965,424,267,157,100,65,35,0,0,0
23,443,District - Vidisha (26),Rural,40-44,56774,30585,26189,813,748,65,52977,28434,24543,2565,1157,1408,330,200,130,89,46,43,0,0,0
23,443,District - Vidisha (26),Rural,45-49,45150,24516,20634,547,495,52,41500,22562,18938,2819,1280,1539,237,151,86,47,28,19,0,0,0
23,443,District - Vidisha (26),Rural,50-54,33758,18915,14843,415,373,42,29912,17171,12741,3268,1270,1998,141,87,54,22,14,8,0,0,0
23,443,District - Vidisha (26),Rural,55-59,28132,13087,15045,321,269,52,24722,11684,13038,2994,1076,1918,82,49,33,13,9,4,0,0,0
23,443,District - Vidisha (26),Rural,60-64,32956,16975,15981,674,484,190,25273,14305,10968,6850,2096,4754,126,72,54,33,18,15,0,0,0
23,443,District - Vidisha (26),Rural,65-69,23253,11494,11759,552,401,151,16633,9221,7412,5983,1810,4173,69,51,18,16,11,5,0,0,0
23,443,District - Vidisha (26),Rural,70-74,18559,9760,8799,373,279,94,10889,7335,3554,7227,2103,5124,55,35,20,15,8,7,0,0,0
23,443,District - Vidisha (26),Rural,75-79,8275,4037,4238,157,114,43,4780,2849,1931,3313,1060,2253,23,12,11,2,2,0,0,0,0
23,443,District - Vidisha (26),Rural,80+,11934,5954,5980,811,530,281,5404,3550,1854,5690,1850,3840,23,20,3,6,4,2,0,0,0
23,443,District - Vidisha (26),Rural,Age not stated,709,375,334,437,253,184,234,107,127,34,13,21,2,1,1,2,1,1,0,0,0
23,443,District - Vidisha (26),Rural,Less than 18,490939,256041,234898,484116,253427,230689,6491,2460,4031,242,110,132,75,33,42,15,11,4,0,0,0
23,443,District - Vidisha (26),Rural,Less than 21,562637,298126,264511,534758,290725,244033,27206,7099,20107,454,210,244,179,70,109,40,22,18,0,0,0
23,443,District - Vidisha (26),Urban,All ages,339618,177606,162012,170121,96278,73843,154620,77309,77311,13593,3541,10052,896,341,555,388,137,251,0,0,0
23,443,District - Vidisha (26),Urban,0-9,69206,36185,33021,69206,36185,33021,0,0,0,0,0,0,0,0,0,0,0,0,0,0,0
23,443,District - Vidisha (26),Urban,10-14,38348,19999,18349,37342,19579,17763,953,399,554,28,11,17,21,8,13,4,2,2,0,0,0
23,443,District - Vidisha (26),Urban,15-19,35305,19294,16011,32339,18505,13834,2851,749,2102,79,27,52,23,10,13,13,3,10,0,0,0
23,443,District - Vidisha (26),Urban,20-24,33097,17392,15705,19622,13352,6270,13230,3961,9269,144,52,92,70,18,52,31,9,22,0,0,0
23,443,District - Vidisha (26),Urban,25-29,29452,14754,14698,7003,5309,1694,21995,9296,12699,248,82,166,138,48,90,68,19,49,0,0,0
23,443,District - Vidisha (26),Urban,30-34,26735,13805,12930,2091,1665,426,24052,11917,12135,388,142,246,140,50,90,64,31,33,0,0,0
23,443,District - Vidisha (26),Urban,35-39,24013,12407,11606,763,574,189,22397,11580,10817,644,175,469,161,61,100,48,17,31,0,0,0
23,443,District - Vidisha (26),Urban,40-44,20132,10776,9356,374,278,96,18725,10204,8521,852,223,629,119,46,73,62,25,37,0,0,0
23,443,District - Vidisha (26),Urban,45-49,16960,9250,7710,227,162,65,15564,8757,6807,1071,289,782,66,31,35,32,11,21,0,0,0
23,443,District - Vidisha (26),Urban,50-54,12314,6780,5534,160,110,50,10970,6356,4614,1110,280,830,57,27,30,17,7,10,0,0,0
23,443,District - Vidisha (26),Urban,55-59,8966,4620,4346,101,54,47,7794,4294,3500,1019,255,764,34,12,22,18,5,13,0,0,0
23,443,District - Vidisha (26),Urban,60-64,8890,4576,4314,153,82,71,6800,4028,2772,1889,446,1443,31,13,18,17,7,10,0,0,0
23,443,District - Vidisha (26),Urban,65-69,6053,2892,3161,171,90,81,4170,2413,1757,1689,381,1308,17,7,10,6,1,5,0,0,0
23,443,District - Vidisha (26),Urban,70-74,4798,2314,2484,111,58,53,2719,1793,926,1957,460,1497,8,3,5,3,0,3,0,0,0
23,443,District - Vidisha (26),Urban,75-79,2210,1116,1094,52,35,17,1198,806,392,953,271,682,5,4,1,2,0,2,0,0,0
23,443,District - Vidisha (26),Urban,80+,2907,1334,1573,268,162,106,1113,723,390,1519,446,1073,5,3,2,2,0,2,0,0,0
23,443,District - Vidisha (26),Urban,Age not stated,232,112,120,138,78,60,89,33,56,3,1,2,1,0,1,1,0,1,0,0,0
23,443,District - Vidisha (26),Urban,Less than 18,128515,67608,60907,126448,66779,59669,1954,785,1169,74,25,49,32,15,17,7,4,3,0,0,0
23,443,District - Vidisha (26),Urban,Less than 21,151506,80026,71480,144919,78276,66643,6367,1676,4691,139,47,92,61,21,40,20,6,14,0,0,0
23,444,District - Bhopal (27),Total,All ages,2371061,1236130,1134931,1149634,649666,499968,1130934,563612,567322,82716,20159,62557,5104,1824,3280,2673,869,1804,0,0,0
23,444,District - Bhopal (27),Total,0-9,442065,229925,212140,442065,229925,212140,0,0,0,0,0,0,0,0,0,0,0,0,0,0,0
23,444,District - Bhopal (27),Total,10-14,244474,128465,116009,235851,124998,110853,8094,3226,4868,302,118,184,196,108,88,31,15,16,0,0,0
23,444,District - Bhopal (27),Total,15-19,249734,133756,115978,224811,127234,97577,24069,6197,17872,522,201,321,251,92,159,81,32,49,0,0,0
23,444,District - Bhopal (27),Total,20-24,248169,130244,117925,145729,98478,47251,100732,31249,69483,972,288,684,515,172,343,221,57,164,0,0,0
23,444,District - Bhopal (27),Total,25-29,221372,111801,109571,56584,40925,15659,161990,69959,92031,1686,584,1102,744,235,509,368,98,270,0,0,0
23,444,District - Bhopal (27),Total,30-34,187412,96409,91003,16631,11771,4860,167056,83466,83590,2526,800,1726,764,231,533,435,141,294,0,0,0
23,444,District - Bhopal (27),Total,35-39,171734,88393,83341,6529,4295,2234,160233,82711,77522,3754,975,2779,733,269,464,485,143,342,0,0,0
23,444,District - Bhopal (27),Total,40-44,145412,77071,68341,3599,2231,1368,135577,73238,62339,5274,1270,4004,610,221,389,352,111,241,0,0,0
23,444,District - Bhopal (27),Total,45-49,121036,64691,56345,2039,1191,848,111878,61862,50016,6448,1379,5069,435,165,270,236,94,142,0,0,0
23,444,District - Bhopal (27),Total,50-54,88810,48257,40553,1440,788,652,79475,45668,33807,7419,1637,5782,299,105,194,177,59,118,0,0,0
23,444,District - Bhopal (27),Total,55-59,65584,33819,31765,1106,588,518,57338,31627,25711,6866,1493,5373,188,79,109,86,32,54,0,0,0
23,444,District - Bhopal (27),Total,60-64,63425,32126,31299,1811,957,854,49530,28605,20925,11831,2476,9355,171,58,113,82,30,52,0,0,0
23,444,District - Bhopal (27),Total,65-69,42850,21494,21356,1994,1035,959,30814,18121,12693,9927,2286,7641,76,33,43,39,19,20,0,0,0
23,444,District - Bhopal (27),Total,70-74,31975,16677,15298,1144,611,533,20141,13452,6689,10607,2575,8032,53,27,26,30,12,18,0,0,0
23,444,District - Bhopal (27),Total,75-79,15232,7633,7599,735,383,352,8964,5721,3243,5502,1511,3991,17,8,9,14,10,4,0,0,0
23,444,District - Bhopal (27),Total,80+,22415,10647,11768,2786,1594,1192,10791,6533,4258,8772,2491,6281,37,16,21,29,13,16,0,0,0
23,444,District - Bhopal (27),Total,Age not stated,9362,4722,4640,4780,2662,2118,4252,1977,2275,308,75,233,15,5,10,7,3,4,0,0,0
23,444,District - Bhopal (27),Total,Less than 18,829141,433751,395390,811051,427160,383891,17131,6196,10935,571,205,366,321,159,162,67,31,36,0,0,0
23,444,District - Bhopal (27),Total,Less than 21,998688,525348,473340,946361,510853,435508,50570,13822,36748,1041,380,661,566,236,330,150,57,93,0,0,0
23,444,District - Bhopal (27),Rural,All ages,454010,238025,215985,232178,130487,101691,204907,102280,102627,15578,4699,10879,1039,433,606,308,126,182,0,0,0
23,444,District - Bhopal (27),Rural,0-9,107618,55906,51712,107618,55906,51712,0,0,0,0,0,0,0,0,0,0,0,0,0,0,0
23,444,District - Bhopal (27),Rural,10-14,58409,30797,27612,56782,30100,26682,1535,650,885,40,16,24,46,27,19,6,4,2,0,0,0
23,444,District - Bhopal (27),Rural,15-19,49741,27176,22565,43559,25628,17931,6024,1481,4543,98,45,53,47,18,29,13,4,9,0,0,0
23,444,District - Bhopal (27),Rural,20-24,41099,22143,18956,16586,13069,3517,24153,8965,15188,188,65,123,135,37,98,37,7,30,0,0,0
23,444,District - Bhopal (27),Rural,25-29,34587,17598,16989,3553,2991,562,30494,14382,16112,333,145,188,164,59,105,43,21,22,0,0,0
23,444,District - Bhopal (27),Rural,30-34,31264,16099,15165,1027,823,204,29579,15006,14573,472,195,277,137,51,86,49,24,25,0,0,0
23,444,District - Bhopal (27),Rural,35-39,28671,15075,13596,490,374,116,27285,14394,12891,710,229,481,145,65,80,41,13,28,0,0,0
23,444,District - Bhopal (27),Rural,40-44,23254,12510,10744,286,220,66,21873,11890,9983,966,345,621,94,41,53,35,14,21,0,0,0
23,444,District - Bhopal (27),Rural,45-49,18319,9707,8612,188,136,52,17020,9188,7832,995,322,673,92,50,42,24,11,13,0,0,0
23,444,District - Bhopal (27),Rural,50-54,13559,7497,6062,143,108,35,12137,6997,5140,1214,368,846,48,17,31,17,7,10,0,0,0
23,444,District - Bhopal (27),Rural,55-59,10592,5035,5557,93,54,39,9416,4639,4777,1043,321,722,33,19,14,7,2,5,0,0,0
23,444,District - Bhopal (27),Rural,60-64,11933,6014,5919,288,162,126,9421,5240,4181,2161,587,1574,48,19,29,15,6,9,0,0,0
23,444,District - Bhopal (27),Rural,65-69,8501,4189,4312,320,188,132,6290,3469,2821,1869,516,1353,15,12,3,7,4,3,0,0,0
23,444,District - Bhopal (27),Rural,70-74,6615,3465,3150,145,86,59,4244,2764,1480,2201,599,1602,18,11,7,7,5,2,0,0,0
23,444,District - Bhopal (27),Rural,75-79,3214,1525,1689,78,47,31,2100,1191,909,1031,284,747,5,3,2,0,0,0,0,0,0
23,444,District - Bhopal (27),Rural,80+,5387,2661,2726,342,214,128,2811,1788,1023,2217,652,1565,11,4,7,6,3,3,0,0,0
23,444,District - Bhopal (27),Rural,Age not stated,1247,628,619,680,381,299,525,236,289,40,10,30,1,0,1,1,1,0,0,0,0
23,444,District - Bhopal (27),Rural,Less than 18,196285,103048,93237,192716,101707,91009,3400,1259,2141,87,37,50,68,39,29,14,6,8,0,0,0
23,444,District - Bhopal (27),Rural,Less than 21,227381,120295,107086,214491,116617,97874,12555,3545,9010,179,72,107,127,52,75,29,9,20,0,0,0
23,444,District - Bhopal (27),Urban,All ages,1917051,998105,918946,917456,519179,398277,926027,461332,464695,67138,15460,51678,4065,1391,2674,2365,743,1622,0,0,0
23,444,District - Bhopal (27),Urban,0-9,334447,174019,160428,334447,174019,160428,0,0,0,0,0,0,0,0,0,0,0,0,0,0,0
23,444,District - Bhopal (27),Urban,10-14,186065,97668,88397,179069,94898,84171,6559,2576,3983,262,102,160,150,81,69,25,11,14,0,0,0
23,444,District - Bhopal (27),Urban,15-19,199993,106580,93413,181252,101606,79646,18045,4716,13329,424,156,268,204,74,130,68,28,40,0,0,0
23,444,District - Bhopal (27),Urban,20-24,207070,108101,98969,129143,85409,43734,76579,22284,54295,784,223,561,380,135,245,184,50,134,0,0,0
23,444,District - Bhopal (27),Urban,25-29,186785,94203,92582,53031,37934,15097,131496,55577,75919,1353,439,914,580,176,404,325,77,248,0,0,0
23,444,District - Bhopal (27),Urban,30-34,156148,80310,75838,15604,10948,4656,137477,68460,69017,2054,605,1449,627,180,447,386,117,269,0,0,0
23,444,District - Bhopal (27),Urban,35-39,143063,73318,69745,6039,3921,2118,132948,68317,64631,3044,746,2298,588,204,384,444,130,314,0,0,0
23,444,District - Bhopal (27),Urban,40-44,122158,64561,57597,3313,2011,1302,113704,61348,52356,4308,925,3383,516,180,336,317,97,220,0,0,0
23,444,District - Bhopal (27),Urban,45-49,102717,54984,47733,1851,1055,796,94858,52674,42184,5453,1057,4396,343,115,228,212,83,129,0,0,0
23,444,District - Bhopal (27),Urban,50-54,75251,40760,34491,1297,680,617,67338,38671,28667,6205,1269,4936,251,88,163,160,52,108,0,0,0
23,444,District - Bhopal (27),Urban,55-59,54992,28784,26208,1013,534,479,47922,26988,20934,5823,1172,4651,155,60,95,79,30,49,0,0,0
23,444,District - Bhopal (27),Urban,60-64,51492,26112,25380,1523,795,728,40109,23365,16744,9670,1889,7781,123,39,84,67,24,43,0,0,0
23,444,District - Bhopal (27),Urban,65-69,34349,17305,17044,1674,847,827,24524,14652,9872,8058,1770,6288,61,21,40,32,15,17,0,0,0
23,444,District - Bhopal (27),Urban,70-74,25360,13212,12148,999,525,474,15897,10688,5209,8406,1976,6430,35,16,19,23,7,16,0,0,0
23,444,District - Bhopal (27),Urban,75-79,12018,6108,5910,657,336,321,6864,4530,2334,4471,1227,3244,12,5,7,14,10,4,0,0,0
23,444,District - Bhopal (27),Urban,80+,17028,7986,9042,2444,1380,1064,7980,4745,3235,6555,1839,4716,26,12,14,23,10,13,0,0,0
23,444,District - Bhopal (27),Urban,Age not stated,8115,4094,4021,4100,2281,1819,3727,1741,1986,268,65,203,14,5,9,6,2,4,0,0,0
23,444,District - Bhopal (27),Urban,Less than 18,632856,330703,302153,618335,325453,292882,13731,4937,8794,484,168,316,253,120,133,53,25,28,0,0,0
23,444,District - Bhopal (27),Urban,Less than 21,771307,405053,366254,731870,394236,337634,38015,10277,27738,862,308,554,439,184,255,121,48,73,0,0,0
23,445,District - Sehore (28),Total,All ages,1311332,683743,627589,643968,362854,281114,615004,305898,309106,46786,12572,34214,3998,1787,2211,1576,632,944,0,0,0
23,445,District - Sehore (28),Total,0-9,289095,150860,138235,289095,150860,138235,0,0,0,0,0,0,0,0,0,0,0,0,0,0,0
23,445,District - Sehore (28),Total,10-14,164334,85403,78931,161113,84073,77040,3070,1262,1808,73,31,42,66,31,35,12,6,6,0,0,0
23,445,District - Sehore (28),Total,15-19,142131,76786,65345,122467,72178,50289,19285,4476,14809,199,80,119,140,42,98,40,10,30,0,0,0
23,445,District - Sehore (28),Total,20-24,122679,66566,56113,49368,38101,11267,72065,28012,44053,483,174,309,562,208,354,201,71,130,0,0,0
23,445,District - Sehore (28),Total,25-29,99369,51693,47676,12328,10333,1995,85422,40686,44736,775,301,474,581,261,320,263,112,151,0,0,0
23,445,District - Sehore (28),Total,30-34,91044,46344,44700,3620,2990,630,85583,42617,42966,1082,387,695,526,242,284,233,108,125,0,0,0
23,445,District - Sehore (28),Total,35-39,82769,42772,39997,1509,1185,324,78779,40741,38038,1696,480,1216,551,273,278,234,93,141,0,0,0
23,445,District - Sehore (28),Total,40-44,72505,37758,34747,838,673,165,68669,36112,32557,2317,670,1647,503,234,269,178,69,109,0,0,0
23,445,District - Sehore (28),Total,45-49,59287,31287,28000,520,409,111,55621,29916,25705,2667,768,1899,347,144,203,132,50,82,0,0,0
23,445,District - Sehore (28),Total,50-54,43812,23887,19925,338,255,83,39862,22574,17288,3256,914,2342,270,113,157,86,31,55,0,0,0
23,445,District - Sehore (28),Total,55-59,33200,16404,16796,234,175,59,29768,15360,14408,3003,771,2232,137,80,57,58,18,40,0,0,0
23,445,District - Sehore (28),Total,60-64,32963,16517,16446,517,333,184,26772,14759,12013,5503,1352,4151,121,54,67,50,19,31,0,0,0
23,445,District - Sehore (28),Total,65-69,25660,12227,13433,482,316,166,19663,10528,9135,5407,1323,4084,80,42,38,28,18,10,0,0,0
23,445,District - Sehore (28),Total,70-74,21523,10845,10678,327,218,109,13928,8856,5072,7189,1728,5461,59,35,24,20,8,12,0,0,0
23,445,District - Sehore (28),Total,75-79,12043,5470,6573,161,102,59,7649,4230,3419,4191,1114,3077,28,20,8,14,4,10,0,0,0
23,445,District - Sehore (28),Total,80+,18410,8657,9753,755,472,283,8695,5702,2993,8911,2464,6447,26,8,18,23,11,12,0,0,0
23,445,District - Sehore (28),Total,Age not stated,508,267,241,296,181,115,173,67,106,34,15,19,1,0,1,4,4,0,0,0,0
23,445,District - Sehore (28),Total,Less than 18,539544,282579,256965,530722,279648,251074,8488,2792,5696,187,76,111,120,51,69,27,12,15,0,0,0
23,445,District - Sehore (28),Total,Less than 21,629728,331281,298447,591165,320876,270289,37742,10117,27625,377,139,238,343,120,223,101,29,72,0,0,0
23,445,District - Sehore (28),Rural,All ages,1062870,554636,508234,520094,293046,227048,500386,248923,251463,37806,10619,27187,3354,1529,1825,1230,519,711,0,0,0
23,445,District - Sehore (28),Rural,0-9,241627,126027,115600,241627,126027,115600,0,0,0,0,0,0,0,0,0,0,0,0,0,0,0
23,445,District - Sehore (28),Rural,10-14,136538,70893,65645,133820,69780,64040,2590,1056,1534,62,27,35,55,24,31,11,6,5,0,0,0
23,445,District - Sehore (28),Rural,15-19,113860,61625,52235,96404,57506,38898,17129,4003,13126,173,73,100,121,35,86,33,8,25,0,0,0
23,445,District - Sehore (28),Rural,20-24,96956,53170,43786,34368,28002,6366,61534,24767,36767,399,153,246,490,186,304,165,62,103,0,0,0
23,445,District - Sehore (28),Rural,25-29,78167,40945,37222,7422,6621,801,69396,33727,35669,651,265,386,493,234,259,205,98,107,0,0,0
23,445,District - Sehore (28),Rural,30-34,72452,36779,35673,2231,1924,307,68731,34225,34506,873,336,537,438,205,233,179,89,90,0,0,0
23,445,District - Sehore (28),Rural,35-39,65682,34070,31612,948,795,153,62790,32582,30208,1321,390,931,450,226,224,173,77,96,0,0,0
23,445,District - Sehore (28),Rural,40-44,57441,29866,27575,589,498,91,54510,28547,25963,1801,572,1229,415,202,213,126,47,79,0,0,0
23,445,District - Sehore (28),Rural,45-49,46903,24657,22246,358,303,55,44129,23565,20564,2027,625,1402,284,123,161,105,41,64,0,0,0
23,445,District - Sehore (28),Rural,50-54,34512,18780,15732,239,197,42,31467,17715,13752,2520,757,1763,217,86,131,69,25,44,0,0,0
23,445,District - Sehore (28),Rural,55-59,26537,12960,13577,158,128,30,23900,12121,11779,2314,629,1685,117,66,51,48,16,32,0,0,0
23,445,District - Sehore (28),Rural,60-64,26729,13439,13290,415,271,144,21855,11989,9866,4318,1119,3199,99,45,54,42,15,27,0,0,0
23,445,District - Sehore (28),Rural,65-69,21130,10044,11086,372,256,116,16346,8625,7721,4314,1110,3204,73,37,36,25,16,9,0,0,0
23,445,District - Sehore (28),Rural,70-74,17880,9028,8852,251,174,77,11665,7368,4297,5897,1448,4449,51,32,19,16,6,10,0,0,0
23,445,District - Sehore (28),Rural,75-79,10222,4623,5599,117,77,40,6626,3593,3033,3438,929,2509,27,20,7,14,4,10,0,0,0
23,445,District - Sehore (28),Rural,80+,15922,7568,8354,585,374,211,7625,5005,2620,7670,2172,5498,23,8,15,19,9,10,0,0,0
23,445,District - Sehore (28),Rural,Age not stated,312,162,150,190,113,77,93,35,58,28,14,14,1,0,1,0,0,0,0,0,0
23,445,District - Sehore (28),Rural,Less than 18,447325,234122,213203,439715,231622,208093,7329,2384,4945,159,66,93,98,39,59,24,11,13,0,0,0
23,445,District - Sehore (28),Rural,Less than 21,519570,273375,246195,485709,264099,221610,33156,9023,24133,325,125,200,297,102,195,83,26,57,0,0,0
23,445,District - Sehore (28),Urban,All ages,248462,129107,119355,123874,69808,54066,114618,56975,57643,8980,1953,7027,644,258,386,346,113,233,0,0,0
23,445,District - Sehore (28),Urban,0-9,47468,24833,22635,47468,24833,22635,0,0,0,0,0,0,0,0,0,0,0,0,0,0,0
23,445,District - Sehore (28),Urban,10-14,27796,14510,13286,27293,14293,13000,480,206,274,11,4,7,11,7,4,1,0,1,0,0,0
23,445,District - Sehore (28),Urban,15-19,28271,15161,13110,26063,14672,11391,2156,473,1683,26,7,19,19,7,12,7,2,5,0,0,0
23,445,District - Sehore (28),Urban,20-24,25723,13396,12327,15000,10099,4901,10531,3245,7286,84,21,63,72,22,50,36,9,27,0,0,0
23,445,District - Sehore (28),Urban,25-29,21202,10748,10454,4906,3712,1194,16026,6959,9067,124,36,88,88,27,61,58,14,44,0,0,0
23,445,District - Sehore (28),Urban,30-34,18592,9565,9027,1389,1066,323,16852,8392,8460,209,51,158,88,37,51,54,19,35,0,0,0
23,445,District - Sehore (28),Urban,35-39,17087,8702,8385,561,390,171,15989,8159,7830,375,90,285,101,47,54,61,16,45,0,0,0
23,445,District - Sehore (28),Urban,40-44,15064,7892,7172,249,175,74,14159,7565,6594,516,98,418,88,32,56,52,22,30,0,0,0
23,445,District - Sehore (28),Urban,45-49,12384,6630,5754,162,106,56,11492,6351,5141,640,143,497,63,21,42,27,9,18,0,0,0
23,445,District - Sehore (28),Urban,50-54,9300,5107,4193,99,58,41,8395,4859,3536,736,157,579,53,27,26,17,6,11,0,0,0
23,445,District - Sehore (28),Urban,55-59,6663,3444,3219,76,47,29,5868,3239,2629,689,142,547,20,14,6,10,2,8,0,0,0
23,445,District - Sehore (28),Urban,60-64,6234,3078,3156,102,62,40,4917,2770,2147,1185,233,952,22,9,13,8,4,4,0,0,0
23,445,District - Sehore (28),Urban,65-69,4530,2183,2347,110,60,50,3317,1903,1414,1093,213,880,7,5,2,3,2,1,0,0,0
23,445,District - Sehore (28),Urban,70-74,3643,1817,1826,76,44,32,2263,1488,775,1292,280,1012,8,3,5,4,2,2,0,0,0
23,445,District - Sehore (28),Urban,75-79,1821,847,974,44,25,19,1023,637,386,753,185,568,1,0,1,0,0,0,0,0,0
23,445,District - Sehore (28),Urban,80+,2488,1089,1399,170,98,72,1070,697,373,1241,292,949,3,0,3,4,2,2,0,0,0
23,445,District - Sehore (28),Urban,Age not stated,196,105,91,106,68,38,80,32,48,6,1,5,0,0,0,4,4,0,0,0,0
23,445,District - Sehore (28),Urban,Less than 18,92219,48457,43762,91007,48026,42981,1159,408,751,28,10,18,22,12,10,3,1,2,0,0,0
23,445,District - Sehore (28),Urban,Less than 21,110158,57906,52252,105456,56777,48679,4586,1094,3492,52,14,38,46,18,28,18,3,15,0,0,0
23,446,District - Raisen (29),Total,All ages,1331597,700358,631239,676494,383050,293444,600230,299820,300410,49244,14992,34252,4232,1920,2312,1397,576,821,0,0,0
23,446,District - Raisen (29),Total,0-9,302993,156431,146562,302993,156431,146562,0,0,0,0,0,0,0,0,0,0,0,0,0,0,0
23,446,District - Raisen (29),Total,10-14,165044,85392,79652,162058,84151,77907,2803,1144,1659,81,46,35,86,40,46,16,11,5,0,0,0
23,446,District - Raisen (29),Total,15-19,137383,76063,61320,124712,73344,51368,12340,2614,9726,187,63,124,113,36,77,31,6,25,0,0,0
23,446,District - Raisen (29),Total,20-24,122457,67838,54619,58642,46015,12627,62663,21423,41240,526,190,336,467,167,300,159,43,116,0,0,0
23,446,District - Raisen (29),Total,25-29,105062,55231,49831,16442,14161,2281,86918,40394,46524,916,354,562,564,227,337,222,95,127,0,0,0
23,446,District - Raisen (29),Total,30-34,95176,49180,45996,4605,3894,711,88282,44404,43878,1407,500,907,662,295,367,220,87,133,0,0,0
23,446,District - Raisen (29),Total,35-39,86934,45170,41764,1712,1389,323,82221,42632,39589,2124,742,1382,667,309,358,210,98,112,0,0,0
23,446,District - Raisen (29),Total,40-44,74195,39570,34625,1013,809,204,69650,37500,32150,2862,939,1923,492,255,237,178,67,111,0,0,0
23,446,District - Raisen (29),Total,45-49,60014,32193,27821,507,409,98,55656,30371,25285,3339,1174,2165,389,185,204,123,54,69,0,0,0
23,446,District - Raisen (29),Total,50-54,44901,24526,20375,376,303,73,40251,22801,17450,3935,1251,2684,258,134,124,81,37,44,0,0,0
23,446,District - Raisen (29),Total,55-59,34064,17035,17029,287,202,85,30075,15640,14435,3505,1096,2409,153,76,77,44,21,23,0,0,0
23,446,District - Raisen (29),Total,60-64,34162,17456,16706,637,397,240,26702,15199,11503,6620,1764,4856,158,74,84,45,22,23,0,0,0
23,446,District - Raisen (29),Total,65-69,24652,11897,12755,676,407,269,17791,9792,7999,6074,1635,4439,87,49,38,24,14,10,0,0,0
23,446,District - Raisen (29),Total,70-74,20344,10456,9888,401,255,146,12425,8111,4314,7425,2045,5380,69,33,36,24,12,12,0,0,0
23,446,District - Raisen (29),Total,75-79,9448,4599,4849,172,125,47,5706,3387,2319,3535,1062,2473,26,18,8,9,7,2,0,0,0
23,446,District - Raisen (29),Total,80+,13953,6898,7055,747,456,291,6499,4298,2201,6659,2120,4539,39,22,17,9,2,7,0,0,0
23,446,District - Raisen (29),Total,Age not stated,815,423,392,514,302,212,248,110,138,49,11,38,2,0,2,2,0,2,0,0,0
23,446,District - Raisen (29),Total,Less than 18,551920,287512,264408,545289,285122,260167,6278,2237,4041,190,80,110,134,58,76,29,15,14,0,0,0
23,446,District - Raisen (29),Total,Less than 21,638644,336290,302354,610542,329638,280904,27369,6388,20981,379,139,240,284,102,182,70,23,47,0,0,0
23,446,District - Raisen (29),Rural,All ages,1028172,539960,488212,521096,294107,226989,463777,231308,232469,38880,12447,26433,3357,1627,1730,1062,471,591,0,0,0
23,446,District - Raisen (29),Rural,0-9,239624,123398,116226,239624,123398,116226,0,0,0,0,0,0,0,0,0,0,0,0,0,0,0
23,446,District - Raisen (29),Rural,10-14,129662,66786,62876,127299,65788,61511,2210,912,1298,73,42,31,66,34,32,14,10,4,0,0,0
23,446,District - Raisen (29),Rural,15-19,105695,58713,46982,95453,56524,38929,9978,2111,7867,150,49,101,92,24,68,22,5,17,0,0,0
23,446,District - Raisen (29),Rural,20-24,91223,51148,40075,40696,33202,7494,49596,17602,31994,435,160,275,376,147,229,120,37,83,0,0,0
23,446,District - Raisen (29),Rural,25-29,77599,40916,36683,10068,8985,1083,66204,31369,34835,712,292,420,450,194,256,165,76,89,0,0,0
23,446,District - Raisen (29),Rural,30-34,70856,36423,34433,2840,2471,369,66269,33219,33050,1068,408,660,505,252,253,174,73,101,0,0,0
23,446,District - Raisen (29),Rural,35-39,65175,33715,31460,1110,932,178,61767,31836,29931,1633,617,1016,518,258,260,147,72,75,0,0,0
23,446,District - Raisen (29),Rural,40-44,56133,29763,26370,675,564,111,52773,28141,24632,2166,792,1374,384,211,173,135,55,80,0,0,0
23,446,District - Raisen (29),Rural,45-49,45725,24263,21462,364,303,61,42453,22821,19632,2500,942,1558,319,159,160,89,38,51,0,0,0
23,446,District - Raisen (29),Rural,50-54,34801,18876,15925,288,239,49,31221,17468,13753,3018,1020,1998,210,115,95,64,34,30,0,0,0
23,446,District - Raisen (29),Rural,55-59,27143,13412,13731,225,164,61,24092,12265,11827,2666,897,1769,123,67,56,37,19,18,0,0,0
23,446,District - Raisen (29),Rural,60-64,27667,14227,13440,497,318,179,21771,12346,9425,5233,1480,3753,131,64,67,35,19,16,0,0,0
23,446,District - Raisen (29),Rural,65-69,20079,9658,10421,535,320,215,14606,7939,6667,4844,1344,3500,71,41,30,23,14,9,0,0,0
23,446,District - Raisen (29),Rural,70-74,16720,8680,8040,321,215,106,10314,6719,3595,6006,1706,4300,56,28,28,23,12,11,0,0,0
23,446,District - Raisen (29),Rural,75-79,7829,3817,4012,136,102,34,4799,2798,2001,2866,896,1970,20,15,5,8,6,2,0,0,0
23,446,District - Raisen (29),Rural,80+,11601,5839,5762,556,350,206,5539,3678,1861,5467,1792,3675,34,18,16,5,1,4,0,0,0
23,446,District - Raisen (29),Rural,Age not stated,640,326,314,409,232,177,185,84,101,43,10,33,2,0,2,1,0,1,0,0,0
23,446,District - Raisen (29),Rural,Less than 18,434382,225638,208744,429100,223717,205383,4992,1793,3199,161,70,91,103,45,58,26,13,13,0,0,0
23,446,District - Raisen (29),Rural,Less than 21,500404,263096,237308,477713,257683,220030,22084,5194,16890,321,117,204,232,81,151,54,21,33,0,0,0
23,446,District - Raisen (29),Urban,All ages,303425,160398,143027,155398,88943,66455,136453,68512,67941,10364,2545,7819,875,293,582,335,105,230,0,0,0
23,446,District - Raisen (29),Urban,0-9,63369,33033,30336,63369,33033,30336,0,0,0,0,0,0,0,0,0,0,0,0,0,0,0
23,446,District - Raisen (29),Urban,10-14,35382,18606,16776,34759,18363,16396,593,232,361,8,4,4,20,6,14,2,1,1,0,0,0
23,446,District - Raisen (29),Urban,15-19,31688,17350,14338,29259,16820,12439,2362,503,1859,37,14,23,21,12,9,9,1,8,0,0,0
23,446,District - Raisen (29),Urban,20-24,31234,16690,14544,17946,12813,5133,13067,3821,9246,91,30,61,91,20,71,39,6,33,0,0,0
23,446,District - Raisen (29),Urban,25-29,27463,14315,13148,6374,5176,1198,20714,9025,11689,204,62,142,114,33,81,57,19,38,0,0,0
23,446,District - Raisen (29),Urban,30-34,24320,12757,11563,1765,1423,342,22013,11185,10828,339,92,247,157,43,114,46,14,32,0,0,0
23,446,District - Raisen (29),Urban,35-39,21759,11455,10304,602,457,145,20454,10796,9658,491,125,366,149,51,98,63,26,37,0,0,0
23,446,District - Raisen (29),Urban,40-44,18062,9807,8255,338,245,93,16877,9359,7518,696,147,549,108,44,64,43,12,31,0,0,0
23,446,District - Raisen (29),Urban,45-49,14289,7930,6359,143,106,37,13203,7550,5653,839,232,607,70,26,44,34,16,18,0,0,0
23,446,District - Raisen (29),Urban,50-54,10100,5650,4450,88,64,24,9030,5333,3697,917,231,686,48,19,29,17,3,14,0,0,0
23,446,District - Raisen (29),Urban,55-59,6921,3623,3298,62,38,24,5983,3375,2608,839,199,640,30,9,21,7,2,5,0,0,0
23,446,District - Raisen (29),Urban,60-64,6495,3229,3266,140,79,61,4931,2853,2078,1387,284,1103,27,10,17,10,3,7,0,0,0
23,446,District - Raisen (29),Urban,65-69,4573,2239,2334,141,87,54,3185,1853,1332,1230,291,939,16,8,8,1,0,1,0,0,0
23,446,District - Raisen (29),Urban,70-74,3624,1776,1848,80,40,40,2111,1392,719,1419,339,1080,13,5,8,1,0,1,0,0,0
23,446,District - Raisen (29),Urban,75-79,1619,782,837,36,23,13,907,589,318,669,166,503,6,3,3,1,1,0,0,0,0
23,446,District - Raisen (29),Urban,80+,2352,1059,1293,191,106,85,960,620,340,1192,328,864,5,4,1,4,1,3,0,0,0
23,446,District - Raisen (29),Urban,Age not stated,175,97,78,105,70,35,63,26,37,6,1,5,0,0,0,1,0,1,0,0,0
23,446,District - Raisen (29),Urban,Less than 18,117538,61874,55664,116189,61405,54784,1286,444,842,29,10,19,31,13,18,3,2,1,0,0,0
23,446,District - Raisen (29),Urban,Less than 21,138240,73194,65046,132829,71955,60874,5285,1194,4091,58,22,36,52,21,31,16,2,14,0,0,0
23,447,District - Betul (30),Total,All ages,1575362,799236,776126,774779,422773,352006,721894,356800,365094,68955,16715,52240,7153,2292,4861,2581,656,1925,0,0,0
23,447,District - Betul (30),Total,0-9,308395,157008,151387,308395,157008,151387,0,0,0,0,0,0,0,0,0,0,0,0,0,0,0
23,447,District - Betul (30),Total,10-14,178051,89667,88384,174584,88294,86290,3272,1293,1979,112,43,69,73,35,38,10,2,8,0,0,0
23,447,District - Betul (30),Total,15-19,172207,87138,85069,158735,84139,74596,13054,2862,10192,224,75,149,151,50,101,43,12,31,0,0,0
23,447,District - Betul (30),Total,20-24,155491,78304,77187,85827,56813,29014,68230,21083,47147,570,170,400,646,196,450,218,42,176,0,0,0
23,447,District - Betul (30),Total,25-29,124675,64103,60572,29575,23700,5875,92722,39765,52957,1091,280,811,936,269,667,351,89,262,0,0,0
23,447,District - Betul (30),Total,30-34,109619,56219,53400,8881,7296,1585,97527,48075,49452,1746,412,1334,1074,333,741,391,103,288,0,0,0
23,447,District - Betul (30),Total,35-39,102274,51574,50700,2526,1906,620,95552,48700,46852,2655,500,2155,1127,368,759,414,100,314,0,0,0
23,447,District - Betul (30),Total,40-44,97181,49310,47871,1214,815,399,90449,47277,43172,4136,832,3304,1017,304,713,365,82,283,0,0,0
23,447,District - Betul (30),Total,45-49,83654,43331,40323,715,444,271,76741,41511,35230,5139,1067,4072,765,232,533,294,77,217,0,0,0
23,447,District - Betul (30),Total,50-54,64278,33987,30291,455,280,175,57260,32233,25027,5860,1254,4606,498,162,336,205,58,147,0,0,0
23,447,District - Betul (30),Total,55-59,48864,25503,23361,350,206,144,42183,23669,18514,5916,1482,4434,311,110,201,104,36,68,0,0,0
23,447,District - Betul (30),Total,60-64,43473,21026,22447,625,319,306,33204,18562,14642,9323,2043,7280,237,80,157,84,22,62,0,0,0
23,447,District - Betul (30),Total,65-69,32242,15296,16946,722,368,354,22420,12782,9638,8924,2075,6849,131,58,73,45,13,32,0,0,0
23,447,District - Betul (30),Total,70-74,25554,12372,13182,388,209,179,14984,9620,5364,10064,2491,7573,98,47,51,20,5,15,0,0,0
23,447,District - Betul (30),Total,75-79,12821,6104,6717,160,62,98,7174,4519,2655,5430,1500,3930,44,19,25,13,4,9,0,0,0
23,447,District - Betul (30),Total,80+,15360,7649,7711,903,498,405,6695,4643,2052,7701,2475,5226,42,27,15,19,6,13,0,0,0
23,447,District - Betul (30),Total,Age not stated,1223,645,578,724,416,308,427,206,221,64,16,48,3,2,1,5,5,0,0,0,0
23,447,District - Betul (30),Total,Less than 18,590864,300161,290703,583028,297464,285564,7449,2558,4891,241,82,159,124,53,71,22,4,18,0,0,0
23,447,District - Betul (30),Total,Less than 21,697346,352646,344700,668347,345667,322680,28133,6693,21440,448,151,297,337,116,221,81,19,62,0,0,0
23,447,District - Betul (30),Rural,All ages,1266211,640358,625853,626141,339104,287037,576914,284487,292427,55379,14335,41044,5797,1927,3870,1980,505,1475,0,0,0
23,447,District - Betul (30),Rural,0-9,260262,132275,127987,260262,132275,127987,0,0,0,0,0,0,0,0,0,0,0,0,0,0,0
23,447,District - Betul (30),Rural,10-14,148898,74929,73969,146029,73779,72250,2712,1083,1629,90,34,56,59,31,28,8,2,6,0,0,0
23,447,District - Betul (30),Rural,15-19,139763,70418,69345,128215,67860,60355,11195,2442,8753,185,64,121,131,42,89,37,10,27,0,0,0
23,447,District - Betul (30),Rural,20-24,121792,61271,60521,61920,41893,20027,58641,19009,39632,474,148,326,570,182,388,187,39,148,0,0,0
23,447,District - Betul (30),Rural,25-29,96730,49765,46965,18480,15289,3191,76314,33929,42385,891,241,650,773,233,540,272,73,199,0,0,0
23,447,District - Betul (30),Rural,30-34,85651,43779,41872,5123,4283,840,78015,38793,39222,1381,342,1039,855,285,570,277,76,201,0,0,0
23,447,District - Betul (30),Rural,35-39,80513,40564,39949,1452,1065,387,75856,38723,37133,2032,403,1629,863,300,563,310,73,237,0,0,0
23,447,District - Betul (30),Rural,40-44,76088,38961,37127,744,477,267,71047,37454,33593,3202,721,2481,810,250,560,285,59,226,0,0,0
23,447,District - Betul (30),Rural,45-49,63261,33028,30233,440,272,168,58123,31626,26497,3870,891,2979,607,185,422,221,54,167,0,0,0
23,447,District - Betul (30),Rural,50-54,47336,24447,22889,298,196,102,41961,23000,18961,4515,1076,3439,407,133,274,155,42,113,0,0,0
23,447,District - Betul (30),Rural,55-59,37333,18476,18857,241,145,96,32137,16980,15157,4631,1239,3392,247,84,163,77,28,49,0,0,0
23,447,District - Betul (30),Rural,60-64,35468,16988,18480,518,268,250,27085,14858,12227,7598,1776,5822,204,68,136,63,18,45,0,0,0
23,447,District - Betul (30),Rural,65-69,26914,12706,14208,609,318,291,18849,10522,8327,7310,1804,5506,107,49,58,39,13,26,0,0,0
23,447,District - Betul (30),Rural,70-74,21483,10515,10968,319,169,150,12750,8114,4636,8317,2189,6128,79,38,41,18,5,13,0,0,0
23,447,District - Betul (30),Rural,75-79,10778,5162,5616,128,50,78,6119,3809,2310,4480,1282,3198,40,18,22,11,3,8,0,0,0
23,447,District - Betul (30),Rural,80+,12883,6521,6362,732,403,329,5749,3974,1775,6344,2111,4233,42,27,15,16,6,10,0,0,0
23,447,District - Betul (30),Rural,Age not stated,1058,553,505,631,362,269,361,171,190,59,14,45,3,2,1,4,4,0,0,0,0
23,447,District - Betul (30),Rural,Less than 18,494439,250829,243610,487964,248581,239383,6155,2132,4023,199,66,133,102,47,55,19,3,16,0,0,0
23,447,District - Betul (30),Rural,Less than 21,580130,292695,287435,555119,286627,268492,24272,5821,18451,377,129,248,292,102,190,70,16,54,0,0,0
23,447,District - Betul (30),Urban,All ages,309151,158878,150273,148638,83669,64969,144980,72313,72667,13576,2380,11196,1356,365,991,601,151,450,0,0,0
23,447,District - Betul (30),Urban,0-9,48133,24733,23400,48133,24733,23400,0,0,0,0,0,0,0,0,0,0,0,0,0,0,0
23,447,District - Betul (30),Urban,10-14,29153,14738,14415,28555,14515,14040,560,210,350,22,9,13,14,4,10,2,0,2,0,0,0
23,447,District - Betul (30),Urban,15-19,32444,16720,15724,30520,16279,14241,1859,420,1439,39,11,28,20,8,12,6,2,4,0,0,0
23,447,District - Betul (30),Urban,20-24,33699,17033,16666,23907,14920,8987,9589,2074,7515,96,22,74,76,14,62,31,3,28,0,0,0
23,447,District - Betul (30),Urban,25-29,27945,14338,13607,11095,8411,2684,16408,5836,10572,200,39,161,163,36,127,79,16,63,0,0,0
23,447,District - Betul (30),Urban,30-34,23968,12440,11528,3758,3013,745,19512,9282,10230,365,70,295,219,48,171,114,27,87,0,0,0
23,447,District - Betul (30),Urban,35-39,21761,11010,10751,1074,841,233,19696,9977,9719,623,97,526,264,68,196,104,27,77,0,0,0
23,447,District - Betul (30),Urban,40-44,21093,10349,10744,470,338,132,19402,9823,9579,934,111,823,207,54,153,80,23,57,0,0,0
23,447,District - Betul (30),Urban,45-49,20393,10303,10090,275,172,103,18618,9885,8733,1269,176,1093,158,47,111,73,23,50,0,0,0
23,447,District - Betul (30),Urban,50-54,16942,9540,7402,157,84,73,15299,9233,6066,1345,178,1167,91,29,62,50,16,34,0,0,0
23,447,District - Betul (30),Urban,55-59,11531,7027,4504,109,61,48,10046,6689,3357,1285,243,1042,64,26,38,27,8,19,0,0,0
23,447,District - Betul (30),Urban,60-64,8005,4038,3967,107,51,56,6119,3704,2415,1725,267,1458,33,12,21,21,4,17,0,0,0
23,447,District - Betul (30),Urban,65-69,5328,2590,2738,113,50,63,3571,2260,1311,1614,271,1343,24,9,15,6,0,6,0,0,0
23,447,District - Betul (30),Urban,70-74,4071,1857,2214,69,40,29,2234,1506,728,1747,302,1445,19,9,10,2,0,2,0,0,0
23,447,District - Betul (30),Urban,75-79,2043,942,1101,32,12,20,1055,710,345,950,218,732,4,1,3,2,1,1,0,0,0
23,447,District - Betul (30),Urban,80+,2477,1128,1349,171,95,76,946,669,277,1357,364,993,0,0,0,3,0,3,0,0,0
23,447,District - Betul (30),Urban,Age not stated,165,92,73,93,54,39,66,35,31,5,2,3,0,0,0,1,1,0,0,0,0
23,447,District - Betul (30),Urban,Less than 18,96425,49332,47093,95064,48883,46181,1294,426,868,42,16,26,22,6,16,3,1,2,0,0,0
23,447,District - Betul (30),Urban,Less than 21,117216,59951,57265,113228,59040,54188,3861,872,2989,71,22,49,45,14,31,11,3,8,0,0,0
23,448,District - Harda  (31),Total,All ages,570465,294838,275627,277893,155423,122470,267994,133010,134984,22196,5430,16766,1745,720,1025,637,255,382,0,0,0
23,448,District - Harda  (31),Total,0-9,122034,63251,58783,122034,63251,58783,0,0,0,0,0,0,0,0,0,0,0,0,0,0,0
23,448,District - Harda  (31),Total,10-14,67292,34851,32441,65852,34272,31580,1360,553,807,37,8,29,33,13,20,10,5,5,0,0,0
23,448,District - Harda  (31),Total,15-19,60389,31867,28522,54415,30696,23719,5822,1116,4706,88,36,52,58,17,41,6,2,4,0,0,0
23,448,District - Harda  (31),Total,20-24,53362,28271,25091,24595,18709,5886,28306,9402,18904,213,78,135,176,55,121,72,27,45,0,0,0
23,448,District - Harda  (31),Total,25-29,44697,22924,21773,6191,5126,1065,37781,17540,20241,363,124,239,260,95,165,102,39,63,0,0,0
23,448,District - Harda  (31),Total,30-34,40211,20413,19798,1663,1344,319,37655,18726,18929,517,168,349,273,132,141,103,43,60,0,0,0
23,448,District - Harda  (31),Total,35-39,37519,19066,18453,675,512,163,35664,18176,17488,829,223,606,240,109,131,111,46,65,0,0,0
23,448,District - Harda  (31),Total,40-44,33008,17051,15957,360,273,87,31200,16382,14818,1149,279,870,221,87,134,78,30,48,0,0,0
23,448,District - Harda  (31),Total,45-49,28144,14975,13169,263,199,64,26229,14301,11928,1414,366,1048,179,84,95,59,25,34,0,0,0
23,448,District - Harda  (31),Total,50-54,21434,11410,10024,177,116,61,19338,10816,8522,1762,410,1352,115,49,66,42,19,23,0,0,0
23,448,District - Harda  (31),Total,55-59,16450,8587,7863,124,74,50,14477,8055,6422,1769,426,1343,64,27,37,16,5,11,0,0,0
23,448,District - Harda  (31),Total,60-64,14657,7386,7271,305,161,144,11426,6584,4842,2859,618,2241,55,22,33,12,1,11,0,0,0
23,448,District - Harda  (31),Total,65-69,10573,5005,5568,333,184,149,7581,4239,3342,2621,566,2055,30,12,18,8,4,4,0,0,0
23,448,District - Harda  (31),Total,70-74,8957,4290,4667,172,91,81,5412,3455,1957,3345,727,2618,21,12,9,7,5,2,0,0,0
23,448,District - Harda  (31),Total,75-79,4753,2248,2505,79,36,43,2756,1725,1031,1906,482,1424,8,3,5,4,2,2,0,0,0
23,448,District - Harda  (31),Total,80+,6593,3038,3555,423,247,176,2852,1878,974,3299,908,2391,12,3,9,7,2,5,0,0,0
23,448,District - Harda  (31),Total,Age not stated,392,205,187,232,132,100,135,62,73,25,11,14,0,0,0,0,0,0,0,0,0
23,448,District - Harda  (31),Total,Less than 18,225792,117268,108524,222691,116139,106552,2950,1075,1875,78,24,54,58,24,34,15,6,9,0,0,0
23,448,District - Harda  (31),Total,Less than 21,263111,136775,126336,250498,134039,116459,12281,2632,9649,171,56,115,129,38,91,32,10,22,0,0,0
23,448,District - Harda  (31),Rural,All ages,451101,233312,217789,219676,122611,97065,212378,105442,106936,17262,4465,12797,1341,599,742,444,195,249,0,0,0
23,448,District - Harda  (31),Rural,0-9,100377,51857,48520,100377,51857,48520,0,0,0,0,0,0,0,0,0,0,0,0,0,0,0
23,448,District - Harda  (31),Rural,10-14,54636,28340,26296,53459,27861,25598,1112,458,654,32,7,25,27,11,16,6,3,3,0,0,0
23,448,District - Harda  (31),Rural,15-19,47294,24956,22338,42131,23975,18156,5039,940,4099,73,27,46,48,14,34,3,0,3,0,0,0
23,448,District - Harda  (31),Rural,20-24,41552,22230,19322,17085,13673,3412,24082,8413,15669,178,71,107,151,52,99,56,21,35,0,0,0
23,448,District - Harda  (31),Rural,25-29,34352,17748,16604,3463,3060,403,30329,14461,15868,286,110,176,198,81,117,76,36,40,0,0,0
23,448,District - Harda  (31),Rural,30-34,30964,15762,15202,938,787,151,29320,14687,14633,418,145,273,213,108,105,75,35,40,0,0,0
23,448,District - Harda  (31),Rural,35-39,29025,14732,14293,395,286,109,27742,14139,13603,642,185,457,174,89,85,72,33,39,0,0,0
23,448,District - Harda  (31),Rural,40-44,25475,13159,12316,208,164,44,24196,12676,11520,858,226,632,165,70,95,48,23,25,0,0,0
23,448,District - Harda  (31),Rural,45-49,21629,11449,10180,143,117,26,20265,10943,9322,1047,306,741,126,64,62,48,19,29,0,0,0
23,448,District - Harda  (31),Rural,50-54,16561,8810,7751,115,77,38,15011,8351,6660,1323,328,995,88,41,47,24,13,11,0,0,0
23,448,District - Harda  (31),Rural,55-59,12636,6519,6117,84,50,34,11156,6083,5073,1336,361,975,53,24,29,7,1,6,0,0,0
23,448,District - Harda  (31),Rural,60-64,11437,5804,5633,247,133,114,8957,5148,3809,2185,502,1683,40,20,20,8,1,7,0,0,0
23,448,District - Harda  (31),Rural,65-69,8374,3996,4378,275,150,125,6058,3381,2677,2015,454,1561,21,9,12,5,2,3,0,0,0
23,448,District - Harda  (31),Rural,70-74,7166,3440,3726,142,75,67,4324,2746,1578,2674,604,2070,20,11,9,6,4,2,0,0,0
23,448,District - Harda  (31),Rural,75-79,3831,1788,2043,65,31,34,2239,1370,869,1518,383,1135,6,2,4,3,2,1,0,0,0
23,448,District - Harda  (31),Rural,80+,5436,2538,2898,337,196,141,2426,1591,835,2655,746,1909,11,3,8,7,2,5,0,0,0
23,448,District - Harda  (31),Rural,Age not stated,356,184,172,212,119,93,122,55,67,22,10,12,0,0,0,0,0,0,0,0,0
23,448,District - Harda  (31),Rural,Less than 18,183712,95286,88426,181144,94347,86797,2445,895,1550,67,21,46,47,20,27,9,3,6,0,0,0
23,448,District - Harda  (31),Rural,Less than 21,212945,110526,102419,202043,108179,93864,10631,2266,8365,143,44,99,107,32,75,21,5,16,0,0,0
23,448,District - Harda  (31),Urban,All ages,119364,61526,57838,58217,32812,25405,55616,27568,28048,4934,965,3969,404,121,283,193,60,133,0,0,0
23,448,District - Harda  (31),Urban,0-9,21657,11394,10263,21657,11394,10263,0,0,0,0,0,0,0,0,0,0,0,0,0,0,0
23,448,District - Harda  (31),Urban,10-14,12656,6511,6145,12393,6411,5982,248,95,153,5,1,4,6,2,4,4,2,2,0,0,0
23,448,District - Harda  (31),Urban,15-19,13095,6911,6184,12284,6721,5563,783,176,607,15,9,6,10,3,7,3,2,1,0,0,0
23,448,District - Harda  (31),Urban,20-24,11810,6041,5769,7510,5036,2474,4224,989,3235,35,7,28,25,3,22,16,6,10,0,0,0
23,448,District - Harda  (31),Urban,25-29,10345,5176,5169,2728,2066,662,7452,3079,4373,77,14,63,62,14,48,26,3,23,0,0,0
23,448,District - Harda  (31),Urban,30-34,9247,4651,4596,725,557,168,8335,4039,4296,99,23,76,60,24,36,28,8,20,0,0,0
23,448,District - Harda  (31),Urban,35-39,8494,4334,4160,280,226,54,7922,4037,3885,187,38,149,66,20,46,39,13,26,0,0,0
23,448,District - Harda  (31),Urban,40-44,7533,3892,3641,152,109,43,7004,3706,3298,291,53,238,56,17,39,30,7,23,0,0,0
23,448,District - Harda  (31),Urban,45-49,6515,3526,2989,120,82,38,5964,3358,2606,367,60,307,53,20,33,11,6,5,0,0,0
23,448,District - Harda  (31),Urban,50-54,4873,2600,2273,62,39,23,4327,2465,1862,439,82,357,27,8,19,18,6,12,0,0,0
23,448,District - Harda  (31),Urban,55-59,3814,2068,1746,40,24,16,3321,1972,1349,433,65,368,11,3,8,9,4,5,0,0,0
23,448,District - Harda  (31),Urban,60-64,3220,1582,1638,58,28,30,2469,1436,1033,674,116,558,15,2,13,4,0,4,0,0,0
23,448,District - Harda  (31),Urban,65-69,2199,1009,1190,58,34,24,1523,858,665,606,112,494,9,3,6,3,2,1,0,0,0
23,448,District - Harda  (31),Urban,70-74,1791,850,941,30,16,14,1088,709,379,671,123,548,1,1,0,1,1,0,0,0,0
23,448,District - Harda  (31),Urban,75-79,922,460,462,14,5,9,517,355,162,388,99,289,2,1,1,1,0,1,0,0,0
23,448,District - Harda  (31),Urban,80+,1157,500,657,86,51,35,426,287,139,644,162,482,1,0,1,0,0,0,0,0,0
23,448,District - Harda  (31),Urban,Age not stated,36,21,15,20,13,7,13,7,6,3,1,2,0,0,0,0,0,0,0,0,0
23,448,District - Harda  (31),Urban,Less than 18,42080,21982,20098,41547,21792,19755,505,180,325,11,3,8,11,4,7,6,3,3,0,0,0
23,448,District - Harda  (31),Urban,Less than 21,50166,26249,23917,48455,25860,22595,1650,366,1284,28,12,16,22,6,16,11,5,6,0,0,0
23,449,District - Hoshangabad (32),Total,All ages,1241350,648725,592625,604481,345266,259215,575408,287213,288195,55455,13875,41580,4500,1821,2679,1506,550,956,0,0,0
23,449,District - Hoshangabad (32),Total,0-9,240476,125310,115166,240476,125310,115166,0,0,0,0,0,0,0,0,0,0,0,0,0,0,0
23,449,District - Hoshangabad (32),Total,10-14,136357,70536,65821,133528,69284,64244,2661,1171,1490,112,56,56,51,23,28,5,2,3,0,0,0
23,449,District - Hoshangabad (32),Total,15-19,130215,70402,59813,120429,68125,52304,9421,2145,7276,231,93,138,117,35,82,17,4,13,0,0,0
23,449,District - Hoshangabad (32),Total,20-24,119694,65040,54654,68887,50097,18790,49768,14605,35163,515,201,314,405,104,301,119,33,86,0,0,0
23,449,District - Hoshangabad (32),Total,25-29,104026,54510,49516,24959,20308,4651,77373,33598,43775,907,321,586,605,231,374,182,52,130,0,0,0
23,449,District - Hoshangabad (32),Total,30-34,92122,47774,44348,7102,5849,1253,82662,41131,41531,1391,434,957,696,270,426,271,90,181,0,0,0
23,449,District - Hoshangabad (32),Total,35-39,85841,43971,41870,2548,1994,554,79968,40924,39044,2328,636,1692,720,308,412,277,109,168,0,0,0
23,449,District - Hoshangabad (32),Total,40-44,75261,39267,35994,1357,1029,328,69736,37036,32700,3345,859,2486,633,268,365,190,75,115,0,0,0
23,449,District - Hoshangabad (32),Total,45-49,65008,34410,30598,776,548,228,59562,32637,26925,4079,967,3112,438,195,243,153,63,90,0,0,0
23,449,District - Hoshangabad (32),Total,50-54,50196,27101,23095,546,382,164,44456,25404,19052,4797,1145,3652,295,121,174,102,49,53,0,0,0
23,449,District - Hoshangabad (32),Total,55-59,38053,19790,18263,352,237,115,32879,18323,14556,4570,1115,3455,192,92,100,60,23,37,0,0,0
23,449,District - Hoshangabad (32),Total,60-64,35937,17821,18116,816,490,326,27125,15600,11525,7807,1653,6154,138,59,79,51,19,32,0,0,0
23,449,District - Hoshangabad (32),Total,65-69,25417,12285,13132,833,474,359,17476,10168,7308,6981,1577,5404,94,48,46,33,18,15,0,0,0
23,449,District - Hoshangabad (32),Total,70-74,19919,9601,10318,392,220,172,11526,7508,4018,7919,1836,6083,60,33,27,22,4,18,0,0,0
23,449,District - Hoshangabad (32),Total,75-79,9581,4485,5096,169,104,65,5298,3291,2007,4075,1068,3007,29,19,10,10,3,7,0,0,0
23,449,District - Hoshangabad (32),Total,80+,12398,5917,6481,815,488,327,5199,3511,1688,6353,1901,4452,22,13,9,9,4,5,0,0,0
23,449,District - Hoshangabad (32),Total,Age not stated,849,505,344,496,327,169,298,161,137,45,13,32,5,2,3,5,2,3,0,0,0
23,449,District - Hoshangabad (32),Total,Less than 18,455330,237815,217515,449393,235423,213970,5581,2236,3345,255,113,142,88,39,49,13,4,9,0,0,0
23,449,District - Hoshangabad (32),Total,Less than 21,536379,281948,254431,514810,276758,238052,20851,4923,15928,438,183,255,233,74,159,47,10,37,0,0,0
23,449,District - Hoshangabad (32),Rural,All ages,851364,445062,406302,417590,237993,179597,392316,195316,197000,37439,10086,27353,3084,1297,1787,935,370,565,0,0,0
23,449,District - Hoshangabad (32),Rural,0-9,176426,91566,84860,176426,91566,84860,0,0,0,0,0,0,0,0,0,0,0,0,0,0,0
23,449,District - Hoshangabad (32),Rural,10-14,99087,51010,48077,97127,50135,46992,1849,819,1030,72,39,33,34,15,19,5,2,3,0,0,0
23,449,District - Hoshangabad (32),Rural,15-19,90940,49515,41425,83579,47869,35710,7095,1551,5544,167,69,98,86,23,63,13,3,10,0,0,0
23,449,District - Hoshangabad (32),Rural,20-24,79122,43834,35288,40729,31899,8830,37623,11673,25950,376,153,223,308,82,226,86,27,59,0,0,0
23,449,District - Hoshangabad (32),Rural,25-29,67521,35555,31966,11863,10435,1428,54524,24679,29845,598,229,369,417,172,245,119,40,79,0,0,0
23,449,District - Hoshangabad (32),Rural,30-34,60581,31323,29258,3067,2701,366,55972,28071,27901,897,297,600,465,188,277,180,66,114,0,0,0
23,449,District - Hoshangabad (32),Rural,35-39,57331,29358,27973,1107,917,190,54023,27696,26327,1558,454,1104,485,217,268,158,74,84,0,0,0
23,449,District - Hoshangabad (32),Rural,40-44,49925,26187,23738,616,504,112,46555,24791,21764,2214,648,1566,434,194,240,106,50,56,0,0,0
23,449,District - Hoshangabad (32),Rural,45-49,41459,22194,19265,329,252,77,38193,21061,17132,2564,723,1841,281,126,155,92,32,60,0,0,0
23,449,District - Hoshangabad (32),Rural,50-54,31655,16868,14787,250,198,52,28096,15736,12360,3047,824,2223,198,80,118,64,30,34,0,0,0
23,449,District - Hoshangabad (32),Rural,55-59,24433,12293,12140,179,136,43,21225,11326,9899,2873,756,2117,132,65,67,24,10,14,0,0,0
23,449,District - Hoshangabad (32),Rural,60-64,24492,11999,12493,566,339,227,18495,10419,8076,5294,1177,4117,102,51,51,35,13,22,0,0,0
23,449,District - Hoshangabad (32),Rural,65-69,17892,8495,9397,576,324,252,12369,6970,5399,4859,1152,3707,69,36,33,19,13,6,0,0,0
23,449,District - Hoshangabad (32),Rural,70-74,14401,7050,7351,271,161,110,8444,5477,2967,5630,1386,4244,38,23,15,18,3,15,0,0,0
23,449,District - Hoshangabad (32),Rural,75-79,6743,3164,3579,114,74,40,3821,2326,1495,2782,748,2034,18,14,4,8,2,6,0,0,0
23,449,District - Hoshangabad (32),Rural,80+,8917,4396,4521,517,306,211,3892,2652,1240,4487,1423,3064,15,11,4,6,4,2,0,0,0
23,449,District - Hoshangabad (32),Rural,Age not stated,439,255,184,274,177,97,140,69,71,21,8,13,2,0,2,2,1,1,0,0,0
23,449,District - Hoshangabad (32),Rural,Less than 18,330969,172242,158727,326807,170549,156258,3918,1582,2336,172,80,92,61,27,34,11,4,7,0,0,0
23,449,District - Hoshangabad (32),Rural,Less than 21,386658,203027,183631,370230,199189,171041,15912,3644,12268,307,133,174,172,53,119,37,8,29,0,0,0
23,449,District - Hoshangabad (32),Urban,All ages,389986,203663,186323,186891,107273,79618,183092,91897,91195,18016,3789,14227,1416,524,892,571,180,391,0,0,0
23,449,District - Hoshangabad (32),Urban,0-9,64050,33744,30306,64050,33744,30306,0,0,0,0,0,0,0,0,0,0,0,0,0,0,0
23,449,District - Hoshangabad (32),Urban,10-14,37270,19526,17744,36401,19149,17252,812,352,460,40,17,23,17,8,9,0,0,0,0,0,0
23,449,District - Hoshangabad (32),Urban,15-19,39275,20887,18388,36850,20256,16594,2326,594,1732,64,24,40,31,12,19,4,1,3,0,0,0
23,449,District - Hoshangabad (32),Urban,20-24,40572,21206,19366,28158,18198,9960,12145,2932,9213,139,48,91,97,22,75,33,6,27,0,0,0
23,449,District - Hoshangabad (32),Urban,25-29,36505,18955,17550,13096,9873,3223,22849,8919,13930,309,92,217,188,59,129,63,12,51,0,0,0
23,449,District - Hoshangabad (32),Urban,30-34,31541,16451,15090,4035,3148,887,26690,13060,13630,494,137,357,231,82,149,91,24,67,0,0,0
23,449,District - Hoshangabad (32),Urban,35-39,28510,14613,13897,1441,1077,364,25945,13228,12717,770,182,588,235,91,144,119,35,84,0,0,0
23,449,District - Hoshangabad (32),Urban,40-44,25336,13080,12256,741,525,216,23181,12245,10936,1131,211,920,199,74,125,84,25,59,0,0,0
23,449,District - Hoshangabad (32),Urban,45-49,23549,12216,11333,447,296,151,21369,11576,9793,1515,244,1271,157,69,88,61,31,30,0,0,0
23,449,District - Hoshangabad (32),Urban,50-54,18541,10233,8308,296,184,112,16360,9668,6692,1750,321,1429,97,41,56,38,19,19,0,0,0
23,449,District - Hoshangabad (32),Urban,55-59,13620,7497,6123,173,101,72,11654,6997,4657,1697,359,1338,60,27,33,36,13,23,0,0,0
23,449,District - Hoshangabad (32),Urban,60-64,11445,5822,5623,250,151,99,8630,5181,3449,2513,476,2037,36,8,28,16,6,10,0,0,0
23,449,District - Hoshangabad (32),Urban,65-69,7525,3790,3735,257,150,107,5107,3198,1909,2122,425,1697,25,12,13,14,5,9,0,0,0
23,449,District - Hoshangabad (32),Urban,70-74,5518,2551,2967,121,59,62,3082,2031,1051,2289,450,1839,22,10,12,4,1,3,0,0,0
23,449,District - Hoshangabad (32),Urban,75-79,2838,1321,1517,55,30,25,1477,965,512,1293,320,973,11,5,6,2,1,1,0,0,0
23,449,District - Hoshangabad (32),Urban,80+,3481,1521,1960,298,182,116,1307,859,448,1866,478,1388,7,2,5,3,0,3,0,0,0
23,449,District - Hoshangabad (32),Urban,Age not stated,410,250,160,222,150,72,158,92,66,24,5,19,3,2,1,3,1,2,0,0,0
23,449,District - Hoshangabad (32),Urban,Less than 18,124361,65573,58788,122586,64874,57712,1663,654,1009,83,33,50,27,12,15,2,0,2,0,0,0
23,449,District - Hoshangabad (32),Urban,Less than 21,149721,78921,70800,144580,77569,67011,4939,1279,3660,131,50,81,61,21,40,10,2,8,0,0,0
23,450,District - Katni  (33),Total,All ages,1292042,662013,630029,618086,339708,278378,613230,303353,309877,56069,16936,39133,3609,1573,2036,1048,443,605,0,0,0
23,450,District - Katni  (33),Total,0-9,282522,145471,137051,282522,145471,137051,0,0,0,0,0,0,0,0,0,0,0,0,0,0,0
23,450,District - Katni  (33),Total,10-14,151602,77350,74252,147641,75784,71857,3707,1450,2257,169,75,94,65,28,37,20,13,7,0,0,0
23,450,District - Katni  (33),Total,15-19,130145,68112,62033,113728,63999,49729,15998,3959,12039,302,110,192,97,35,62,20,9,11,0,0,0
23,450,District - Katni  (33),Total,20-24,114601,59445,55156,48248,34756,13492,65121,24210,40911,705,302,403,413,144,269,114,33,81,0,0,0
23,450,District - Katni  (33),Total,25-29,99544,51037,48507,14184,11358,2826,83481,38823,44658,1170,536,634,540,239,301,169,81,88,0,0,0
23,450,District - Katni  (33),Total,30-34,92676,46411,46265,4273,3485,788,85994,41973,44021,1701,655,1046,529,227,302,179,71,108,0,0,0
23,450,District - Katni  (33),Total,35-39,88944,45279,43665,1665,1299,366,84003,42757,41246,2575,901,1674,544,252,292,157,70,87,0,0,0
23,450,District - Katni  (33),Total,40-44,79146,40617,38529,961,715,246,74128,38515,35613,3496,1132,2364,450,204,246,111,51,60,0,0,0
23,450,District - Katni  (33),Total,45-49,65816,34544,31272,565,412,153,60584,32674,27910,4245,1299,2946,306,116,190,116,43,73,0,0,0
23,450,District - Katni  (33),Total,50-54,49985,26435,23550,336,227,109,44540,24673,19867,4809,1401,3408,240,105,135,60,29,31,0,0,0
23,450,District - Katni  (33),Total,55-59,37234,19363,17871,322,193,129,32129,17686,14443,4616,1393,3223,137,77,60,30,14,16,0,0,0
23,450,District - Katni  (33),Total,60-64,34997,16778,18219,695,359,336,26250,14367,11883,7904,1991,5913,111,48,63,37,13,24,0,0,0
23,450,District - Katni  (33),Total,65-69,25724,12283,13441,689,368,321,17223,9794,7429,7733,2083,5650,67,33,34,12,5,7,0,0,0
23,450,District - Katni  (33),Total,70-74,18926,9137,9789,363,219,144,10589,6647,3942,7908,2237,5671,54,29,25,12,5,7,0,0,0
23,450,District - Katni  (33),Total,75-79,8844,4238,4606,244,135,109,4649,2907,1742,3930,1182,2748,18,13,5,3,1,2,0,0,0
23,450,District - Katni  (33),Total,80+,10147,4909,5238,993,566,427,4371,2702,1669,4742,1617,3125,34,20,14,7,4,3,0,0,0
23,450,District - Katni  (33),Total,Age not stated,1189,604,585,657,362,295,463,216,247,64,22,42,4,3,1,1,1,0,0,0,0
23,450,District - Katni  (33),Total,Less than 18,512681,263818,248863,503621,260738,242883,8600,2886,5714,331,135,196,104,42,62,25,17,8,0,0,0
23,450,District - Katni  (33),Total,Less than 21,593817,306175,287642,560700,296887,263813,32198,8944,23254,614,236,378,244,82,162,61,26,35,0,0,0
23,450,District - Katni  (33),Rural,All ages,1028499,525188,503311,493375,269142,224233,487430,240517,246913,44206,13918,30288,2744,1280,1464,744,331,413,0,0,0
23,450,District - Katni  (33),Rural,0-9,236383,121258,115125,236383,121258,115125,0,0,0,0,0,0,0,0,0,0,0,0,0,0,0
23,450,District - Katni  (33),Rural,10-14,124981,63271,61710,121644,61966,59678,3129,1204,1925,141,66,75,49,23,26,18,12,6,0,0,0
23,450,District - Katni  (33),Rural,15-19,104101,54346,49755,89528,50711,38817,14232,3511,10721,247,88,159,78,28,50,16,8,8,0,0,0
23,450,District - Katni  (33),Rural,20-24,88524,46179,42345,31579,24162,7417,55916,21580,34336,592,275,317,340,130,210,97,32,65,0,0,0
23,450,District - Katni  (33),Rural,25-29,76113,39086,37027,7027,6021,1006,67561,32328,35233,969,469,500,425,200,225,131,68,63,0,0,0
23,450,District - Katni  (33),Rural,30-34,71301,35436,35865,2085,1759,326,67338,32911,34427,1353,532,821,394,182,212,131,52,79,0,0,0
23,450,District - Katni  (33),Rural,35-39,69141,35210,33931,867,686,181,65739,33511,32228,2049,764,1285,393,200,193,93,49,44,0,0,0
23,450,District - Katni  (33),Rural,40-44,61226,31340,29886,519,399,120,57618,29814,27804,2700,940,1760,322,157,165,67,30,37,0,0,0
23,450,District - Katni  (33),Rural,45-49,50195,26425,23770,331,248,83,46349,24978,21371,3222,1078,2144,219,94,125,74,27,47,0,0,0
23,450,District - Katni  (33),Rural,50-54,37747,19761,17986,179,118,61,33638,18405,15233,3708,1141,2567,182,77,105,40,20,20,0,0,0
23,450,District - Katni  (33),Rural,55-59,28319,14411,13908,206,128,78,24482,13095,11387,3502,1114,2388,105,63,42,24,11,13,0,0,0
23,450,District - Katni  (33),Rural,60-64,27891,13180,14711,536,270,266,20865,11205,9660,6380,1660,4720,84,36,48,26,9,17,0,0,0
23,450,District - Katni  (33),Rural,65-69,20918,9933,10985,535,288,247,14063,7902,6161,6250,1707,4543,61,32,29,9,4,5,0,0,0
23,450,District - Katni  (33),Rural,70-74,15291,7357,7934,292,182,110,8614,5320,3294,6334,1828,4506,41,22,19,10,5,5,0,0,0
23,450,District - Katni  (33),Rural,75-79,7031,3364,3667,207,114,93,3772,2309,1463,3032,927,2105,17,13,4,3,1,2,0,0,0
23,450,District - Katni  (33),Rural,80+,8234,4071,4163,840,491,349,3692,2250,1442,3668,1308,2360,30,20,10,4,2,2,0,0,0
23,450,District - Katni  (33),Rural,Age not stated,1103,560,543,617,341,276,422,194,228,59,21,38,4,3,1,1,1,0,0,0,0
23,450,District - Katni  (33),Rural,Less than 18,424507,217420,207087,416766,214805,201961,7362,2450,4912,277,115,162,80,35,45,22,15,7,0,0,0
23,450,District - Katni  (33),Rural,Less than 21,488861,250983,237878,459758,242763,216995,28346,7928,20418,505,200,305,199,68,131,53,24,29,0,0,0
23,450,District - Katni  (33),Urban,All ages,263543,136825,126718,124711,70566,54145,125800,62836,62964,11863,3018,8845,865,293,572,304,112,192,0,0,0
23,450,District - Katni  (33),Urban,0-9,46139,24213,21926,46139,24213,21926,0,0,0,0,0,0,0,0,0,0,0,0,0,0,0
23,450,District - Katni  (33),Urban,10-14,26621,14079,12542,25997,13818,12179,578,246,332,28,9,19,16,5,11,2,1,1,0,0,0
23,450,District - Katni  (33),Urban,15-19,26044,13766,12278,24200,13288,10912,1766,448,1318,55,22,33,19,7,12,4,1,3,0,0,0
23,450,District - Katni  (33),Urban,20-24,26077,13266,12811,16669,10594,6075,9205,2630,6575,113,27,86,73,14,59,17,1,16,0,0,0
23,450,District - Katni  (33),Urban,25-29,23431,11951,11480,7157,5337,1820,15920,6495,9425,201,67,134,115,39,76,38,13,25,0,0,0
23,450,District - Katni  (33),Urban,30-34,21375,10975,10400,2188,1726,462,18656,9062,9594,348,123,225,135,45,90,48,19,29,0,0,0
23,450,District - Katni  (33),Urban,35-39,19803,10069,9734,798,613,185,18264,9246,9018,526,137,389,151,52,99,64,21,43,0,0,0
23,450,District - Katni  (33),Urban,40-44,17920,9277,8643,442,316,126,16510,8701,7809,796,192,604,128,47,81,44,21,23,0,0,0
23,450,District - Katni  (33),Urban,45-49,15621,8119,7502,234,164,70,14235,7696,6539,1023,221,802,87,22,65,42,16,26,0,0,0
23,450,District - Katni  (33),Urban,50-54,12238,6674,5564,157,109,48,10902,6268,4634,1101,260,841,58,28,30,20,9,11,0,0,0
23,450,District - Katni  (33),Urban,55-59,8915,4952,3963,116,65,51,7647,4591,3056,1114,279,835,32,14,18,6,3,3,0,0,0
23,450,District - Katni  (33),Urban,60-64,7106,3598,3508,159,89,70,5385,3162,2223,1524,331,1193,27,12,15,11,4,7,0,0,0
23,450,District - Katni  (33),Urban,65-69,4806,2350,2456,154,80,74,3160,1892,1268,1483,376,1107,6,1,5,3,1,2,0,0,0
23,450,District - Katni  (33),Urban,70-74,3635,1780,1855,71,37,34,1975,1327,648,1574,409,1165,13,7,6,2,0,2,0,0,0
23,450,District - Katni  (33),Urban,75-79,1813,874,939,37,21,16,877,598,279,898,255,643,1,0,1,0,0,0,0,0,0
23,450,District - Katni  (33),Urban,80+,1913,838,1075,153,75,78,679,452,227,1074,309,765,4,0,4,3,2,1,0,0,0
23,450,District - Katni  (33),Urban,Age not stated,86,44,42,40,21,19,41,22,19,5,1,4,0,0,0,0,0,0,0,0,0
23,450,District - Katni  (33),Urban,Less than 18,88174,46398,41776,86855,45933,40922,1238,436,802,54,20,34,24,7,17,3,2,1,0,0,0
23,450,District - Katni  (33),Urban,Less than 21,104956,55192,49764,100942,54124,46818,3852,1016,2836,109,36,73,45,14,31,8,2,6,0,0,0
23,451,District - Jabalpur (34),Total,All ages,2463289,1277278,1186011,1143323,651422,491901,1192744,594251,598493,115408,27032,88376,9036,3565,5471,2778,1008,1770,0,0,0
23,451,District - Jabalpur (34),Total,0-9,431226,224437,206789,431226,224437,206789,0,0,0,0,0,0,0,0,0,0,0,0,0,0,0
23,451,District - Jabalpur (34),Total,10-14,244150,126478,117672,237401,123656,113745,6263,2604,3659,283,113,170,174,87,87,29,18,11,0,0,0
23,451,District - Jabalpur (34),Total,15-19,247601,132565,115036,225753,127174,98579,21013,5089,15924,516,181,335,270,99,171,49,22,27,0,0,0
23,451,District - Jabalpur (34),Total,20-24,247013,131524,115489,146286,100238,46048,98588,30581,68007,1146,392,754,783,262,521,210,51,159,0,0,0
23,451,District - Jabalpur (34),Total,25-29,217379,112129,105250,57806,43906,13900,155888,66997,88891,2082,699,1383,1211,404,807,392,123,269,0,0,0
23,451,District - Jabalpur (34),Total,30-34,194062,99963,94099,18937,14770,4167,169953,83516,86437,3343,1004,2339,1363,505,858,466,168,298,0,0,0
23,451,District - Jabalpur (34),Total,35-39,182748,93798,88950,7645,5752,1893,167883,85880,82003,5315,1436,3879,1463,583,880,442,147,295,0,0,0
23,451,District - Jabalpur (34),Total,40-44,162583,84568,78015,4142,3065,1077,149254,78934,70320,7540,1899,5641,1259,522,737,388,148,240,0,0,0
23,451,District - Jabalpur (34),Total,45-49,139792,72961,66831,2440,1706,734,126844,68617,58227,9297,2108,7189,910,401,509,301,129,172,0,0,0
23,451,District - Jabalpur (34),Total,50-54,107978,57287,50691,1708,1084,624,94948,53541,41407,10536,2327,8209,600,261,339,186,74,112,0,0,0
23,451,District - Jabalpur (34),Total,55-59,82683,42549,40134,1179,694,485,70377,39350,31027,10680,2318,8362,334,137,197,113,50,63,0,0,0
23,451,District - Jabalpur (34),Total,60-64,72707,36294,36413,1608,894,714,54836,31960,22876,15872,3294,12578,298,112,186,93,34,59,0,0,0
23,451,District - Jabalpur (34),Total,65-69,49428,24082,25346,1532,833,699,33799,20187,13612,13892,2954,10938,164,87,77,41,21,20,0,0,0
23,451,District - Jabalpur (34),Total,70-74,36499,17346,19153,843,437,406,21016,13655,7361,14501,3183,11318,109,59,50,30,12,18,0,0,0
23,451,District - Jabalpur (34),Total,75-79,18586,8498,10088,533,283,250,9789,6083,3706,8216,2111,6105,37,17,20,11,4,7,0,0,0
23,451,District - Jabalpur (34),Total,80+,24022,10312,13710,1962,1115,847,10040,6213,3827,11955,2958,8997,44,21,23,21,5,16,0,0,0
23,451,District - Jabalpur (34),Total,Age not stated,4832,2487,2345,2322,1378,944,2253,1044,1209,234,55,179,17,8,9,6,2,4,0,0,0
23,451,District - Jabalpur (34),Total,Less than 18,818747,426595,392152,804371,421293,383078,13450,4921,8529,569,205,364,309,150,159,48,26,22,0,0,0
23,451,District - Jabalpur (34),Total,Less than 21,982727,515357,467370,936918,503234,433684,44057,11478,32579,1047,369,678,584,230,354,121,46,75,0,0,0
23,451,District - Jabalpur (34),Rural,All ages,1023255,527031,496224,473618,266785,206833,495239,245788,249451,48942,12165,36777,4517,1899,2618,939,394,545,0,0,0
23,451,District - Jabalpur (34),Rural,0-9,205915,106177,99738,205915,106177,99738,0,0,0,0,0,0,0,0,0,0,0,0,0,0,0
23,451,District - Jabalpur (34),Rural,10-14,113887,58232,55655,111423,57247,54176,2300,915,1385,111,45,66,45,20,25,8,5,3,0,0,0
23,451,District - Jabalpur (34),Rural,15-19,105305,56731,48574,94210,54253,39957,10742,2352,8390,222,83,139,114,36,78,17,7,10,0,0,0
23,451,District - Jabalpur (34),Rural,20-24,94038,50596,43442,41931,32600,9331,51006,17615,33391,550,185,365,453,163,290,98,33,65,0,0,0
23,451,District - Jabalpur (34),Rural,25-29,82520,42885,39635,11258,9840,1418,69452,32347,37105,993,381,612,656,252,404,161,65,96,0,0,0
23,451,District - Jabalpur (34),Rural,30-34,76271,38714,37557,3113,2717,396,70858,35134,35724,1495,520,975,652,276,376,153,67,86,0,0,0
23,451,District - Jabalpur (34),Rural,35-39,73704,37762,35942,1254,1052,202,69302,35650,33652,2351,705,1646,672,307,365,125,48,77,0,0,0
23,451,District - Jabalpur (34),Rural,40-44,65243,33786,31457,741,588,153,60680,31934,28746,3072,940,2132,614,259,355,136,65,71,0,0,0
23,451,District - Jabalpur (34),Rural,45-49,53512,28306,25206,430,344,86,48946,26740,22206,3597,989,2608,460,196,264,79,37,42,0,0,0
23,451,District - Jabalpur (34),Rural,50-54,38906,20695,18211,309,211,98,34259,19300,14959,3986,1029,2957,290,126,164,62,29,33,0,0,0
23,451,District - Jabalpur (34),Rural,55-59,29513,14619,14894,209,139,70,25146,13407,11739,3959,989,2970,173,75,98,26,9,17,0,0,0
23,451,District - Jabalpur (34),Rural,60-64,28376,13407,14969,549,336,213,20936,11547,9389,6694,1446,5248,165,65,100,32,13,19,0,0,0
23,451,District - Jabalpur (34),Rural,65-69,21031,9623,11408,585,318,267,13948,7928,6020,6379,1311,5068,100,57,43,19,9,10,0,0,0
23,451,District - Jabalpur (34),Rural,70-74,16085,7154,8931,306,172,134,8797,5504,3293,6899,1433,5466,71,41,30,12,4,8,0,0,0
23,451,District - Jabalpur (34),Rural,75-79,7911,3464,4447,196,114,82,4227,2500,1727,3467,841,2626,19,9,10,2,0,2,0,0,0
23,451,District - Jabalpur (34),Rural,80+,9936,4338,5598,602,359,243,4202,2710,1492,5098,1251,3847,27,15,12,7,3,4,0,0,0
23,451,District - Jabalpur (34),Rural,Age not stated,1102,542,560,587,318,269,438,205,233,69,17,52,6,2,4,2,0,2,0,0,0
23,451,District - Jabalpur (34),Rural,Less than 18,382866,197844,185022,377182,195864,181318,5354,1846,3508,223,85,138,92,40,52,15,9,6,0,0,0
23,451,District - Jabalpur (34),Rural,Less than 21,448854,233690,215164,425790,228048,197742,22316,5377,16939,459,168,291,243,81,162,46,16,30,0,0,0
23,451,District - Jabalpur (34),Urban,All ages,1440034,750247,689787,669705,384637,285068,697505,348463,349042,66466,14867,51599,4519,1666,2853,1839,614,1225,0,0,0
23,451,District - Jabalpur (34),Urban,0-9,225311,118260,107051,225311,118260,107051,0,0,0,0,0,0,0,0,0,0,0,0,0,0,0
23,451,District - Jabalpur (34),Urban,10-14,130263,68246,62017,125978,66409,59569,3963,1689,2274,172,68,104,129,67,62,21,13,8,0,0,0
23,451,District - Jabalpur (34),Urban,15-19,142296,75834,66462,131543,72921,58622,10271,2737,7534,294,98,196,156,63,93,32,15,17,0,0,0
23,451,District - Jabalpur (34),Urban,20-24,152975,80928,72047,104355,67638,36717,47582,12966,34616,596,207,389,330,99,231,112,18,94,0,0,0
23,451,District - Jabalpur (34),Urban,25-29,134859,69244,65615,46548,34066,12482,86436,34650,51786,1089,318,771,555,152,403,231,58,173,0,0,0
23,451,District - Jabalpur (34),Urban,30-34,117791,61249,56542,15824,12053,3771,99095,48382,50713,1848,484,1364,711,229,482,313,101,212,0,0,0
23,451,District - Jabalpur (34),Urban,35-39,109044,56036,53008,6391,4700,1691,98581,50230,48351,2964,731,2233,791,276,515,317,99,218,0,0,0
23,451,District - Jabalpur (34),Urban,40-44,97340,50782,46558,3401,2477,924,88574,47000,41574,4468,959,3509,645,263,382,252,83,169,0,0,0
23,451,District - Jabalpur (34),Urban,45-49,86280,44655,41625,2010,1362,648,77898,41877,36021,5700,1119,4581,450,205,245,222,92,130,0,0,0
23,451,District - Jabalpur (34),Urban,50-54,69072,36592,32480,1399,873,526,60689,34241,26448,6550,1298,5252,310,135,175,124,45,79,0,0,0
23,451,District - Jabalpur (34),Urban,55-59,53170,27930,25240,970,555,415,45231,25943,19288,6721,1329,5392,161,62,99,87,41,46,0,0,0
23,451,District - Jabalpur (34),Urban,60-64,44331,22887,21444,1059,558,501,33900,20413,13487,9178,1848,7330,133,47,86,61,21,40,0,0,0
23,451,District - Jabalpur (34),Urban,65-69,28397,14459,13938,947,515,432,19851,12259,7592,7513,1643,5870,64,30,34,22,12,10,0,0,0
23,451,District - Jabalpur (34),Urban,70-74,20414,10192,10222,537,265,272,12219,8151,4068,7602,1750,5852,38,18,20,18,8,10,0,0,0
23,451,District - Jabalpur (34),Urban,75-79,10675,5034,5641,337,169,168,5562,3583,1979,4749,1270,3479,18,8,10,9,4,5,0,0,0
23,451,District - Jabalpur (34),Urban,80+,14086,5974,8112,1360,756,604,5838,3503,2335,6857,1707,5150,17,6,11,14,2,12,0,0,0
23,451,District - Jabalpur (34),Urban,Age not stated,3730,1945,1785,1735,1060,675,1815,839,976,165,38,127,11,6,5,4,2,2,0,0,0
23,451,District - Jabalpur (34),Urban,Less than 18,435881,228751,207130,427189,225429,201760,8096,3075,5021,346,120,226,217,110,107,33,17,16,0,0,0
23,451,District - Jabalpur (34),Urban,Less than 21,533873,281667,252206,511128,275186,235942,21741,6101,15640,588,201,387,341,149,192,75,30,45,0,0,0
23,452,District - Narsimhapur (35),Total,All ages,1091854,568810,523044,489859,282023,207836,545662,271203,274459,49681,13060,36621,4846,1875,2971,1806,649,1157,0,0,0
23,452,District - Narsimhapur (35),Total,0-9,206993,107962,99031,206993,107962,99031,0,0,0,0,0,0,0,0,0,0,0,0,0,0,0
23,452,District - Narsimhapur (35),Total,10-14,115246,59995,55251,113038,59103,53935,2062,826,1236,86,37,49,53,27,26,7,2,5,0,0,0
23,452,District - Narsimhapur (35),Total,15-19,106238,58419,47819,95274,56213,39061,10667,2103,8564,173,65,108,95,34,61,29,4,25,0,0,0
23,452,District - Narsimhapur (35),Total,20-24,100999,54160,46839,46823,35777,11046,53090,18037,35053,483,186,297,441,115,326,162,45,117,0,0,0
23,452,District - Narsimhapur (35),Total,25-29,90939,47629,43310,15420,13116,2304,73750,33893,39857,922,323,599,607,210,397,240,87,153,0,0,0
23,452,District - Narsimhapur (35),Total,30-34,81715,41555,40160,4605,3983,622,74896,36789,38107,1274,417,857,682,267,415,258,99,159,0,0,0
23,452,District - Narsimhapur (35),Total,35-39,78190,40136,38054,1985,1711,274,73127,37394,35733,2120,631,1489,702,284,418,256,116,140,0,0,0
23,452,District - Narsimhapur (35),Total,40-44,69679,35895,33784,1138,972,166,64713,33732,30981,2917,833,2084,661,266,395,250,92,158,0,0,0
23,452,District - Narsimhapur (35),Total,45-49,59976,31807,28169,755,632,123,55062,29927,25135,3466,967,2499,531,221,310,162,60,102,0,0,0
23,452,District - Narsimhapur (35),Total,50-54,46082,24662,21420,484,384,100,41170,23065,18105,3882,1017,2865,380,149,231,166,47,119,0,0,0
23,452,District - Narsimhapur (35),Total,55-59,34894,17839,17055,355,261,94,30530,16429,14101,3685,1021,2664,233,98,135,91,30,61,0,0,0
23,452,District - Narsimhapur (35),Total,60-64,33914,16911,17003,591,395,196,26488,14845,11643,6549,1560,4989,207,85,122,79,26,53,0,0,0
23,452,District - Narsimhapur (35),Total,65-69,24419,11796,12623,602,383,219,17358,9890,7468,6299,1455,4844,122,53,69,38,15,23,0,0,0
23,452,District - Narsimhapur (35),Total,70-74,19109,9080,10029,304,204,100,11385,7197,4188,7314,1639,5675,70,30,40,36,10,26,0,0,0
23,452,District - Narsimhapur (35),Total,75-79,10211,4616,5595,156,95,61,5773,3413,2360,4244,1085,3159,21,11,10,17,12,5,0,0,0
23,452,District - Narsimhapur (35),Total,80+,12202,5787,6415,730,455,275,5232,3498,1734,6197,1809,4388,36,22,14,7,3,4,0,0,0
23,452,District - Narsimhapur (35),Total,Age not stated,1048,561,487,606,377,229,359,165,194,70,15,55,5,3,2,8,1,7,0,0,0
23,452,District - Narsimhapur (35),Total,Less than 18,386675,203037,183638,381458,201234,180224,4926,1685,3241,187,73,114,88,41,47,16,4,12,0,0,0
23,452,District - Narsimhapur (35),Total,Less than 21,452798,239171,213627,429976,233918,196058,22181,5026,17155,362,144,218,218,70,148,61,13,48,0,0,0
23,452,District - Narsimhapur (35),Rural,All ages,888314,462699,425615,395743,227414,168329,447229,222118,225111,39868,10994,28874,3999,1607,2392,1475,566,909,0,0,0
23,452,District - Narsimhapur (35),Rural,0-9,173361,90175,83186,173361,90175,83186,0,0,0,0,0,0,0,0,0,0,0,0,0,0,0
23,452,District - Narsimhapur (35),Rural,10-14,95175,49349,45826,93393,48615,44778,1663,677,986,71,34,37,42,21,21,6,2,4,0,0,0
23,452,District - Narsimhapur (35),Rural,15-19,86370,47751,38619,76728,45838,30890,9378,1817,7561,157,61,96,83,31,52,24,4,20,0,0,0
23,452,District - Narsimhapur (35),Rural,20-24,81245,43817,37428,34229,27397,6832,46089,16118,29971,413,158,255,380,102,278,134,42,92,0,0,0
23,452,District - Narsimhapur (35),Rural,25-29,72878,38365,34513,9721,8683,1038,61707,29137,32570,763,280,483,484,185,299,203,80,123,0,0,0
23,452,District - Narsimhapur (35),Rural,30-34,65302,33245,32057,2799,2479,320,60717,30093,30624,1034,363,671,550,224,326,202,86,116,0,0,0
23,452,District - Narsimhapur (35),Rural,35-39,62614,32120,30494,1263,1108,155,58890,30143,28747,1682,539,1143,570,237,333,209,93,116,0,0,0
23,452,District - Narsimhapur (35),Rural,40-44,55721,28651,27070,768,667,101,51922,26958,24964,2282,713,1569,548,234,314,201,79,122,0,0,0
23,452,District - Narsimhapur (35),Rural,45-49,47855,25310,22545,511,442,69,44090,23811,20279,2672,814,1858,444,190,254,138,53,85,0,0,0
23,452,District - Narsimhapur (35),Rural,50-54,36375,19485,16890,344,286,58,32664,18223,14441,2927,815,2112,313,121,192,127,40,87,0,0,0
23,452,District - Narsimhapur (35),Rural,55-59,27936,14100,13836,249,195,54,24586,12960,11626,2831,832,1999,194,86,108,76,27,49,0,0,0
23,452,District - Narsimhapur (35),Rural,60-64,27642,13697,13945,480,312,168,21655,11967,9688,5268,1321,3947,173,73,100,66,24,42,0,0,0
23,452,District - Narsimhapur (35),Rural,65-69,20273,9771,10502,495,320,175,14535,8168,6367,5106,1225,3881,104,46,58,33,12,21,0,0,0
23,452,District - Narsimhapur (35),Rural,70-74,15948,7619,8329,234,160,74,9610,6041,3569,6017,1382,4635,59,26,33,28,10,18,0,0,0
23,452,District - Narsimhapur (35),Rural,75-79,8560,3839,4721,110,69,41,4925,2845,2080,3493,905,2588,18,10,8,14,10,4,0,0,0
23,452,District - Narsimhapur (35),Rural,80+,10209,4937,5272,548,344,204,4520,3032,1488,5101,1539,3562,33,19,14,7,3,4,0,0,0
23,452,District - Narsimhapur (35),Rural,Age not stated,850,468,382,510,324,186,278,128,150,51,13,38,4,2,2,7,1,6,0,0,0
23,452,District - Narsimhapur (35),Rural,Less than 18,321054,168222,152832,316726,166732,149994,4078,1384,2694,164,69,95,71,33,38,15,4,11,0,0,0
23,452,District - Narsimhapur (35),Rural,Less than 21,374663,197721,176942,354768,193157,161611,19344,4361,14983,313,130,183,185,60,125,53,13,40,0,0,0
23,452,District - Narsimhapur (35),Urban,All ages,203540,106111,97429,94116,54609,39507,98433,49085,49348,9813,2066,7747,847,268,579,331,83,248,0,0,0
23,452,District - Narsimhapur (35),Urban,0-9,33632,17787,15845,33632,17787,15845,0,0,0,0,0,0,0,0,0,0,0,0,0,0,0
23,452,District - Narsimhapur (35),Urban,10-14,20071,10646,9425,19645,10488,9157,399,149,250,15,3,12,11,6,5,1,0,1,0,0,0
23,452,District - Narsimhapur (35),Urban,15-19,19868,10668,9200,18546,10375,8171,1289,286,1003,16,4,12,12,3,9,5,0,5,0,0,0
23,452,District - Narsimhapur (35),Urban,20-24,19754,10343,9411,12594,8380,4214,7001,1919,5082,70,28,42,61,13,48,28,3,25,0,0,0
23,452,District - Narsimhapur (35),Urban,25-29,18061,9264,8797,5699,4433,1266,12043,4756,7287,159,43,116,123,25,98,37,7,30,0,0,0
23,452,District - Narsimhapur (35),Urban,30-34,16413,8310,8103,1806,1504,302,14179,6696,7483,240,54,186,132,43,89,56,13,43,0,0,0
23,452,District - Narsimhapur (35),Urban,35-39,15576,8016,7560,722,603,119,14237,7251,6986,438,92,346,132,47,85,47,23,24,0,0,0
23,452,District - Narsimhapur (35),Urban,40-44,13958,7244,6714,370,305,65,12791,6774,6017,635,120,515,113,32,81,49,13,36,0,0,0
23,452,District - Narsimhapur (35),Urban,45-49,12121,6497,5624,244,190,54,10972,6116,4856,794,153,641,87,31,56,24,7,17,0,0,0
23,452,District - Narsimhapur (35),Urban,50-54,9707,5177,4530,140,98,42,8506,4842,3664,955,202,753,67,28,39,39,7,32,0,0,0
23,452,District - Narsimhapur (35),Urban,55-59,6958,3739,3219,106,66,40,5944,3469,2475,854,189,665,39,12,27,15,3,12,0,0,0
23,452,District - Narsimhapur (35),Urban,60-64,6272,3214,3058,111,83,28,4833,2878,1955,1281,239,1042,34,12,22,13,2,11,0,0,0
23,452,District - Narsimhapur (35),Urban,65-69,4146,2025,2121,107,63,44,2823,1722,1101,1193,230,963,18,7,11,5,3,2,0,0,0
23,452,District - Narsimhapur (35),Urban,70-74,3161,1461,1700,70,44,26,1775,1156,619,1297,257,1040,11,4,7,8,0,8,0,0,0
23,452,District - Narsimhapur (35),Urban,75-79,1651,777,874,46,26,20,848,568,280,751,180,571,3,1,2,3,2,1,0,0,0
23,452,District - Narsimhapur (35),Urban,80+,1993,850,1143,182,111,71,712,466,246,1096,270,826,3,3,0,0,0,0,0,0,0
23,452,District - Narsimhapur (35),Urban,Age not stated,198,93,105,96,53,43,81,37,44,19,2,17,1,1,0,1,0,1,0,0,0
23,452,District - Narsimhapur (35),Urban,Less than 18,65621,34815,30806,64732,34502,30230,848,301,547,23,4,19,17,8,9,1,0,1,0,0,0
23,452,District - Narsimhapur (35),Urban,Less than 21,78135,41450,36685,75208,40761,34447,2837,665,2172,49,14,35,33,10,23,8,0,8,0,0,0
23,453,District - Dindori  (36),Total,All ages,704524,351913,352611,321484,171261,150223,342040,168303,173737,34091,9493,24598,6043,2527,3516,866,329,537,0,0,0
23,453,District - Dindori  (36),Total,0-9,157539,79614,77925,157539,79614,77925,0,0,0,0,0,0,0,0,0,0,0,0,0,0,0
23,453,District - Dindori  (36),Total,10-14,76910,38286,38624,75123,37606,37517,1659,628,1031,67,24,43,56,25,31,5,3,2,0,0,0
23,453,District - Dindori  (36),Total,15-19,65906,33541,32365,57018,31499,25519,8571,1942,6629,144,45,99,154,49,105,19,6,13,0,0,0
23,453,District - Dindori  (36),Total,20-24,62273,30428,31845,21520,15129,6391,39600,14868,24732,369,149,220,693,250,443,91,32,59,0,0,0
23,453,District - Dindori  (36),Total,25-29,56903,28711,28192,5452,4205,1247,49754,23856,25898,672,248,424,888,358,530,137,44,93,0,0,0
23,453,District - Dindori  (36),Total,30-34,50009,24349,25660,1685,1243,442,46369,22391,23978,1023,321,702,813,345,468,119,49,70,0,0,0
23,453,District - Dindori  (36),Total,35-39,51218,25982,25236,827,573,254,47622,24479,23143,1698,514,1184,936,370,566,135,46,89,0,0,0
23,453,District - Dindori  (36),Total,40-44,42965,21537,21428,412,261,151,39317,20128,19189,2359,758,1601,759,338,421,118,52,66,0,0,0
23,453,District - Dindori  (36),Total,45-49,37649,19446,18203,289,194,95,33740,18089,15651,2900,866,2034,640,272,368,80,25,55,0,0,0
23,453,District - Dindori  (36),Total,50-54,27275,14081,13194,160,108,52,23616,12918,10698,3036,856,2180,406,172,234,57,27,30,0,0,0
23,453,District - Dindori  (36),Total,55-59,21178,10408,10770,143,93,50,17595,9273,8322,3169,913,2256,237,118,119,34,11,23,0,0,0
23,453,District - Dindori  (36),Total,60-64,20181,9503,10678,250,124,126,14618,8023,6595,5065,1225,3840,211,113,98,37,18,19,0,0,0
23,453,District - Dindori  (36),Total,65-69,14261,6822,7439,212,119,93,9332,5482,3850,4586,1156,3430,119,59,60,12,6,6,0,0,0
23,453,District - Dindori  (36),Total,70-74,9570,4320,5250,106,53,53,5178,3188,1990,4222,1059,3163,56,17,39,8,3,5,0,0,0
23,453,District - Dindori  (36),Total,75-79,4560,2048,2512,49,26,23,2417,1448,969,2059,555,1504,32,18,14,3,1,2,0,0,0
23,453,District - Dindori  (36),Total,80+,5497,2505,2992,314,187,127,2447,1500,947,2691,793,1898,35,19,16,10,6,4,0,0,0
23,453,District - Dindori  (36),Total,Age not stated,630,332,298,385,227,158,205,90,115,31,11,20,8,4,4,1,0,1,0,0,0
23,453,District - Dindori  (36),Total,Less than 18,275227,139033,136194,270916,137623,133293,4046,1309,2737,155,52,103,99,44,55,11,5,6,0,0,0
23,453,District - Dindori  (36),Total,Less than 21,315327,158539,156788,297383,153881,143502,17294,4426,12868,267,100,167,348,119,229,35,13,22,0,0,0
23,453,District - Dindori  (36),Rural,All ages,672206,335393,336813,306219,162760,143459,326678,160624,166054,32622,9221,23401,5869,2469,3400,818,319,499,0,0,0
23,453,District - Dindori  (36),Rural,0-9,151599,76618,74981,151599,76618,74981,0,0,0,0,0,0,0,0,0,0,0,0,0,0,0
23,453,District - Dindori  (36),Rural,10-14,73663,36601,37062,71965,35949,36016,1571,600,971,66,24,42,56,25,31,5,3,2,0,0,0
23,453,District - Dindori  (36),Rural,15-19,62728,31894,30834,54150,29916,24234,8267,1881,6386,141,44,97,151,47,104,19,6,13,0,0,0
23,453,District - Dindori  (36),Rural,20-24,59051,28802,30249,19595,13881,5714,38338,14500,23838,349,144,205,682,245,437,87,32,55,0,0,0
23,453,District - Dindori  (36),Rural,25-29,54018,27273,26745,4622,3574,1048,47756,23059,24697,649,246,403,864,352,512,127,42,85,0,0,0
23,453,District - Dindori  (36),Rural,30-34,47354,23007,24347,1397,1021,376,44097,21288,22809,965,315,650,786,339,447,109,44,65,0,0,0
23,453,District - Dindori  (36),Rural,35-39,48694,24707,23987,706,487,219,45349,23315,22034,1613,500,1113,900,359,541,126,46,80,0,0,0
23,453,District - Dindori  (36),Rural,40-44,40669,20331,20338,366,231,135,37217,18987,18230,2240,733,1507,734,328,406,112,52,60,0,0,0
23,453,District - Dindori  (36),Rural,45-49,35794,18447,17347,261,177,84,32086,17143,14943,2755,841,1914,618,264,354,74,22,52,0,0,0
23,453,District - Dindori  (36),Rural,50-54,25848,13281,12567,146,100,46,22367,12150,10217,2881,837,2044,398,167,231,56,27,29,0,0,0
23,453,District - Dindori  (36),Rural,55-59,20226,9891,10335,136,89,47,16800,8795,8005,3027,880,2147,230,116,114,33,11,22,0,0,0
23,453,District - Dindori  (36),Rural,60-64,19397,9137,10260,238,119,119,14039,7698,6341,4879,1192,3687,205,110,95,36,18,18,0,0,0
23,453,District - Dindori  (36),Rural,65-69,13710,6563,7147,202,113,89,8960,5255,3705,4417,1130,3287,119,59,60,12,6,6,0,0,0
23,453,District - Dindori  (36),Rural,70-74,9165,4137,5028,101,52,49,4958,3042,1916,4046,1023,3023,52,17,35,8,3,5,0,0,0
23,453,District - Dindori  (36),Rural,75-79,4364,1951,2413,46,25,21,2309,1377,932,1974,530,1444,32,18,14,3,1,2,0,0,0
23,453,District - Dindori  (36),Rural,80+,5307,2429,2878,308,184,124,2366,1449,917,2589,771,1818,34,19,15,10,6,4,0,0,0
23,453,District - Dindori  (36),Rural,Age not stated,619,324,295,381,224,157,198,85,113,31,11,20,8,4,4,1,0,1,0,0,0
23,453,District - Dindori  (36),Rural,Less than 18,264168,133384,130784,260070,132031,128039,3836,1253,2583,152,51,101,99,44,55,11,5,6,0,0,0
23,453,District - Dindori  (36),Rural,Less than 21,302245,151827,150418,284908,147318,137590,16696,4280,12416,261,99,162,345,117,228,35,13,22,0,0,0
23,453,District - Dindori  (36),Urban,All ages,32318,16520,15798,15265,8501,6764,15362,7679,7683,1469,272,1197,174,58,116,48,10,38,0,0,0
23,453,District - Dindori  (36),Urban,0-9,5940,2996,2944,5940,2996,2944,0,0,0,0,0,0,0,0,0,0,0,0,0,0,0
23,453,District - Dindori  (36),Urban,10-14,3247,1685,1562,3158,1657,1501,88,28,60,1,0,1,0,0,0,0,0,0,0,0,0
23,453,District - Dindori  (36),Urban,15-19,3178,1647,1531,2868,1583,1285,304,61,243,3,1,2,3,2,1,0,0,0,0,0,0
23,453,District - Dindori  (36),Urban,20-24,3222,1626,1596,1925,1248,677,1262,368,894,20,5,15,11,5,6,4,0,4,0,0,0
23,453,District - Dindori  (36),Urban,25-29,2885,1438,1447,830,631,199,1998,797,1201,23,2,21,24,6,18,10,2,8,0,0,0
23,453,District - Dindori  (36),Urban,30-34,2655,1342,1313,288,222,66,2272,1103,1169,58,6,52,27,6,21,10,5,5,0,0,0
23,453,District - Dindori  (36),Urban,35-39,2524,1275,1249,121,86,35,2273,1164,1109,85,14,71,36,11,25,9,0,9,0,0,0
23,453,District - Dindori  (36),Urban,40-44,2296,1206,1090,46,30,16,2100,1141,959,119,25,94,25,10,15,6,0,6,0,0,0
23,453,District - Dindori  (36),Urban,45-49,1855,999,856,28,17,11,1654,946,708,145,25,120,22,8,14,6,3,3,0,0,0
23,453,District - Dindori  (36),Urban,50-54,1427,800,627,14,8,6,1249,768,481,155,19,136,8,5,3,1,0,1,0,0,0
23,453,District - Dindori  (36),Urban,55-59,952,517,435,7,4,3,795,478,317,142,33,109,7,2,5,1,0,1,0,0,0
23,453,District - Dindori  (36),Urban,60-64,784,366,418,12,5,7,579,325,254,186,33,153,6,3,3,1,0,1,0,0,0
23,453,District - Dindori  (36),Urban,65-69,551,259,292,10,6,4,372,227,145,169,26,143,0,0,0,0,0,0,0,0,0
23,453,District - Dindori  (36),Urban,70-74,405,183,222,5,1,4,220,146,74,176,36,140,4,0,4,0,0,0,0,0,0
23,453,District - Dindori  (36),Urban,75-79,196,97,99,3,1,2,108,71,37,85,25,60,0,0,0,0,0,0,0,0,0
23,453,District - Dindori  (36),Urban,80+,190,76,114,6,3,3,81,51,30,102,22,80,1,0,1,0,0,0,0,0,0
23,453,District - Dindori  (36),Urban,Age not stated,11,8,3,4,3,1,7,5,2,0,0,0,0,0,0,0,0,0,0,0,0
23,453,District - Dindori  (36),Urban,Less than 18,11059,5649,5410,10846,5592,5254,210,56,154,3,1,2,0,0,0,0,0,0,0,0,0
23,453,District - Dindori  (36),Urban,Less than 21,13082,6712,6370,12475,6563,5912,598,146,452,6,1,5,3,2,1,0,0,0,0,0,0
23,454,District - Mandla (37),Total,All ages,1054905,525272,529633,487439,262636,224803,502767,246396,256371,54742,12821,41921,8389,2975,5414,1568,444,1124,0,0,0
23,454,District - Mandla (37),Total,0-9,216603,109812,106791,216603,109812,106791,0,0,0,0,0,0,0,0,0,0,0,0,0,0,0
23,454,District - Mandla (37),Total,10-14,113499,56720,56779,110914,55704,55210,2364,926,1438,116,43,73,90,37,53,15,10,5,0,0,0
23,454,District - Mandla (37),Total,15-19,104957,53435,51522,93895,50801,43094,10627,2484,8143,210,70,140,190,70,120,35,10,25,0,0,0
23,454,District - Mandla (37),Total,20-24,96245,48205,48040,42984,29504,13480,51762,18260,33502,526,175,351,823,242,581,150,24,126,0,0,0
23,454,District - Mandla (37),Total,25-29,83490,41991,41499,12957,10020,2937,68250,31290,36960,932,267,665,1140,360,780,211,54,157,0,0,0
23,454,District - Mandla (37),Total,30-34,74634,36448,38186,4125,3127,998,67680,32531,35149,1487,379,1108,1095,358,737,247,53,194,0,0,0
23,454,District - Mandla (37),Total,35-39,75782,37450,38332,1483,1061,422,70341,35322,35019,2389,578,1811,1293,422,871,276,67,209,0,0,0
23,454,District - Mandla (37),Total,40-44,68750,34122,34628,832,577,255,62879,32211,30668,3700,873,2827,1134,395,739,205,66,139,0,0,0
23,454,District - Mandla (37),Total,45-49,59387,30258,29129,489,307,182,53162,28423,24739,4655,1127,3528,928,346,582,153,55,98,0,0,0
23,454,District - Mandla (37),Total,50-54,43897,22690,21207,371,240,131,37657,20903,16754,5147,1253,3894,619,255,364,103,39,64,0,0,0
23,454,District - Mandla (37),Total,55-59,33398,16441,16957,318,183,135,27472,14789,12683,5148,1275,3873,398,169,229,62,25,37,0,0,0
23,454,District - Mandla (37),Total,60-64,31149,14431,16718,425,219,206,21858,12261,9597,8513,1812,6701,298,121,177,55,18,37,0,0,0
23,454,District - Mandla (37),Total,65-69,21768,9761,12007,403,224,179,13504,7767,5737,7643,1662,5981,195,95,100,23,13,10,0,0,0
23,454,District - Mandla (37),Total,70-74,15133,6520,8613,235,118,117,7897,4899,2998,6880,1444,5436,104,56,48,17,3,14,0,0,0
23,454,District - Mandla (37),Total,75-79,6866,2843,4023,178,81,97,3465,2028,1437,3185,714,2471,36,20,16,2,0,2,0,0,0
23,454,District - Mandla (37),Total,80+,8299,3594,4705,645,325,320,3449,2102,1347,4156,1136,3020,40,27,13,9,4,5,0,0,0
23,454,District - Mandla (37),Total,Age not stated,1048,551,497,582,333,249,400,200,200,55,13,42,6,2,4,5,3,2,0,0,0
23,454,District - Mandla (37),Total,Less than 18,393365,198848,194517,387461,196736,190725,5481,1946,3535,241,82,159,156,68,88,26,16,10,0,0,0
23,454,District - Mandla (37),Total,Less than 21,458692,231600,227092,435850,225658,210192,21909,5627,16282,436,144,292,421,146,275,76,25,51,0,0,0
23,454,District - Mandla (37),Rural,All ages,924716,459151,465565,424507,227358,197149,443538,217073,226465,47820,11590,36230,7541,2750,4791,1310,380,930,0,0,0
23,454,District - Mandla (37),Rural,0-9,195950,99128,96822,195950,99128,96822,0,0,0,0,0,0,0,0,0,0,0,0,0,0,0
23,454,District - Mandla (37),Rural,10-14,101191,50359,50832,98776,49393,49383,2211,883,1328,110,41,69,80,33,47,14,9,5,0,0,0
23,454,District - Mandla (37),Rural,15-19,91613,46563,45050,81231,44074,37157,9977,2348,7629,194,64,130,180,68,112,31,9,22,0,0,0
23,454,District - Mandla (37),Rural,20-24,82785,41426,41359,33328,23594,9734,48055,17415,30640,493,166,327,771,230,541,138,21,117,0,0,0
23,454,District - Mandla (37),Rural,25-29,71939,36199,35740,8413,6699,1714,61457,28865,32592,833,243,590,1045,341,704,191,51,140,0,0,0
23,454,District - Mandla (37),Rural,30-34,64065,31179,32886,2397,1814,583,59188,28627,30561,1304,359,945,976,335,641,200,44,156,0,0,0
23,454,District - Mandla (37),Rural,35-39,65792,32478,33314,895,640,255,61412,30863,30549,2106,530,1576,1159,392,767,220,53,167,0,0,0
23,454,District - Mandla (37),Rural,40-44,59261,29351,29910,510,361,149,54417,27790,26627,3149,782,2367,1019,361,658,166,57,109,0,0,0
23,454,District - Mandla (37),Rural,45-49,51183,25957,25226,317,199,118,45880,24350,21530,4045,1052,2993,812,308,504,129,48,81,0,0,0
23,454,District - Mandla (37),Rural,50-54,37655,19338,18317,261,171,90,32378,17772,14606,4403,1132,3271,535,232,303,78,31,47,0,0,0
23,454,District - Mandla (37),Rural,55-59,28957,14073,14884,241,142,99,23867,12602,11265,4454,1158,3296,348,152,196,47,19,28,0,0,0
23,454,District - Mandla (37),Rural,60-64,27624,12724,14900,350,174,176,19367,10751,8616,7585,1666,5919,277,116,161,45,17,28,0,0,0
23,454,District - Mandla (37),Rural,65-69,19255,8598,10657,341,189,152,11957,6806,5151,6764,1505,5259,174,87,87,19,11,8,0,0,0
23,454,District - Mandla (37),Rural,70-74,13243,5672,7571,199,97,102,6899,4245,2654,6039,1276,4763,90,51,39,16,3,13,0,0,0
23,454,District - Mandla (37),Rural,75-79,5918,2412,3506,157,73,84,3002,1718,1284,2724,603,2121,33,18,15,2,0,2,0,0,0
23,454,District - Mandla (37),Rural,80+,7294,3174,4120,589,293,296,3095,1853,1242,3565,1000,2565,36,24,12,9,4,5,0,0,0
23,454,District - Mandla (37),Rural,Age not stated,991,520,471,552,317,235,376,185,191,52,13,39,6,2,4,5,3,2,0,0,0
23,454,District - Mandla (37),Rural,Less than 18,352516,177788,174728,347040,175805,171235,5087,1829,3258,223,77,146,142,63,79,24,14,10,0,0,0
23,454,District - Mandla (37),Rural,Less than 21,409273,206062,203211,387829,200421,187408,20578,5347,15231,405,133,272,391,138,253,70,23,47,0,0,0
23,454,District - Mandla (37),Urban,All ages,130189,66121,64068,62932,35278,27654,59229,29323,29906,6922,1231,5691,848,225,623,258,64,194,0,0,0
23,454,District - Mandla (37),Urban,0-9,20653,10684,9969,20653,10684,9969,0,0,0,0,0,0,0,0,0,0,0,0,0,0,0
23,454,District - Mandla (37),Urban,10-14,12308,6361,5947,12138,6311,5827,153,43,110,6,2,4,10,4,6,1,1,0,0,0,0
23,454,District - Mandla (37),Urban,15-19,13344,6872,6472,12664,6727,5937,650,136,514,16,6,10,10,2,8,4,1,3,0,0,0
23,454,District - Mandla (37),Urban,20-24,13460,6779,6681,9656,5910,3746,3707,845,2862,33,9,24,52,12,40,12,3,9,0,0,0
23,454,District - Mandla (37),Urban,25-29,11551,5792,5759,4544,3321,1223,6793,2425,4368,99,24,75,95,19,76,20,3,17,0,0,0
23,454,District - Mandla (37),Urban,30-34,10569,5269,5300,1728,1313,415,8492,3904,4588,183,20,163,119,23,96,47,9,38,0,0,0
23,454,District - Mandla (37),Urban,35-39,9990,4972,5018,588,421,167,8929,4459,4470,283,48,235,134,30,104,56,14,42,0,0,0
23,454,District - Mandla (37),Urban,40-44,9489,4771,4718,322,216,106,8462,4421,4041,551,91,460,115,34,81,39,9,30,0,0,0
23,454,District - Mandla (37),Urban,45-49,8204,4301,3903,172,108,64,7282,4073,3209,610,75,535,116,38,78,24,7,17,0,0,0
23,454,District - Mandla (37),Urban,50-54,6242,3352,2890,110,69,41,5279,3131,2148,744,121,623,84,23,61,25,8,17,0,0,0
23,454,District - Mandla (37),Urban,55-59,4441,2368,2073,77,41,36,3605,2187,1418,694,117,577,50,17,33,15,6,9,0,0,0
23,454,District - Mandla (37),Urban,60-64,3525,1707,1818,75,45,30,2491,1510,981,928,146,782,21,5,16,10,1,9,0,0,0
23,454,District - Mandla (37),Urban,65-69,2513,1163,1350,62,35,27,1547,961,586,879,157,722,21,8,13,4,2,2,0,0,0
23,454,District - Mandla (37),Urban,70-74,1890,848,1042,36,21,15,998,654,344,841,168,673,14,5,9,1,0,1,0,0,0
23,454,District - Mandla (37),Urban,75-79,948,431,517,21,8,13,463,310,153,461,111,350,3,2,1,0,0,0,0,0,0
23,454,District - Mandla (37),Urban,80+,1005,420,585,56,32,24,354,249,105,591,136,455,4,3,1,0,0,0,0,0,0
23,454,District - Mandla (37),Urban,Age not stated,57,31,26,30,16,14,24,15,9,3,0,3,0,0,0,0,0,0,0,0,0
23,454,District - Mandla (37),Urban,Less than 18,40849,21060,19789,40421,20931,19490,394,117,277,18,5,13,14,5,9,2,2,0,0,0,0
23,454,District - Mandla (37),Urban,Less than 21,49419,25538,23881,48021,25237,22784,1331,280,1051,31,11,20,30,8,22,6,2,4,0,0,0
23,455,District - Chhindwara (38),Total,All ages,2090922,1064468,1026454,1026762,569170,457592,945532,468820,476712,104272,22068,82204,10976,3499,7477,3380,911,2469,0,0,0
23,455,District - Chhindwara (38),Total,0-9,398371,203487,194884,398371,203487,194884,0,0,0,0,0,0,0,0,0,0,0,0,0,0,0
23,455,District - Chhindwara (38),Total,10-14,228118,115993,112125,223668,114203,109465,4120,1664,2456,210,79,131,104,39,65,16,8,8,0,0,0
23,455,District - Chhindwara (38),Total,15-19,226915,117175,109740,210904,113398,97506,15457,3588,11869,331,109,222,181,71,110,42,9,33,0,0,0
23,455,District - Chhindwara (38),Total,20-24,208854,108526,100328,122864,83159,39705,84006,24834,59172,828,270,558,915,220,695,241,43,198,0,0,0
23,455,District - Chhindwara (38),Total,25-29,170005,88138,81867,44753,36017,8736,121764,51183,70581,1644,453,1191,1375,365,1010,469,120,349,0,0,0
23,455,District - Chhindwara (38),Total,30-34,149620,76005,73615,13058,10536,2522,131685,64217,67468,2633,624,2009,1700,494,1206,544,134,410,0,0,0
23,455,District - Chhindwara (38),Total,35-39,143285,72241,71044,4071,2966,1105,132406,67618,64788,4481,926,3555,1767,572,1195,560,159,401,0,0,0
23,455,District - Chhindwara (38),Total,40-44,131728,67233,64495,2038,1413,625,120969,63887,57082,6619,1265,5354,1607,539,1068,495,129,366,0,0,0
23,455,District - Chhindwara (38),Total,45-49,110683,57882,52801,1223,812,411,99662,54932,44730,8196,1640,6556,1209,387,822,393,111,282,0,0,0
23,455,District - Chhindwara (38),Total,50-54,84764,44248,40516,763,452,311,73779,41605,32174,9200,1858,7342,780,270,510,242,63,179,0,0,0
23,455,District - Chhindwara (38),Total,55-59,65312,33361,31951,521,297,224,55152,30873,24279,9046,1990,7056,457,154,303,136,47,89,0,0,0
23,455,District - Chhindwara (38),Total,60-64,60292,29163,31129,919,466,453,44109,25686,18423,14762,2812,11950,392,160,232,110,39,71,0,0,0
23,455,District - Chhindwara (38),Total,65-69,42376,19246,23130,906,464,442,27644,16057,11587,13532,2600,10932,238,101,137,56,24,32,0,0,0
23,455,District - Chhindwara (38),Total,70-74,33353,15077,18276,483,255,228,18151,11808,6343,14528,2928,11600,149,73,76,42,13,29,0,0,0
23,455,District - Chhindwara (38),Total,75-79,16373,7297,9076,217,115,102,8451,5378,3073,7647,1772,5875,49,29,20,9,3,6,0,0,0
23,455,District - Chhindwara (38),Total,80+,19507,8688,10819,1120,623,497,7800,5316,2484,10515,2715,7800,48,25,23,24,9,15,0,0,0
23,455,District - Chhindwara (38),Total,Age not stated,1366,708,658,883,507,376,377,174,203,100,27,73,5,0,5,1,0,1,0,0,0
23,455,District - Chhindwara (38),Total,Less than 18,762551,389668,372883,753041,386162,366879,8894,3277,5617,393,135,258,188,78,110,35,16,19,0,0,0
23,455,District - Chhindwara (38),Total,Less than 21,904270,462302,441968,869699,453952,415747,33378,7948,25430,700,247,453,409,134,275,84,21,63,0,0,0
23,455,District - Chhindwara (38),Rural,All ages,1585739,806199,779540,782789,431196,351593,715563,354270,361293,77217,17380,59837,7906,2682,5224,2264,671,1593,0,0,0
23,455,District - Chhindwara (38),Rural,0-9,318375,162245,156130,318375,162245,156130,0,0,0,0,0,0,0,0,0,0,0,0,0,0,0
23,455,District - Chhindwara (38),Rural,10-14,180032,91352,88680,176671,90008,86663,3115,1246,1869,158,59,99,76,31,45,12,8,4,0,0,0
23,455,District - Chhindwara (38),Rural,15-19,176404,90963,85441,163018,87883,75135,12954,2930,10024,251,83,168,150,59,91,31,8,23,0,0,0
23,455,District - Chhindwara (38),Rural,20-24,156159,81648,74511,85174,59493,25681,69441,21713,47728,630,213,417,729,190,539,185,39,146,0,0,0
23,455,District - Chhindwara (38),Rural,25-29,122995,64018,58977,25756,21587,4169,94693,41680,53013,1208,339,869,1017,314,703,321,98,223,0,0,0
23,455,District - Chhindwara (38),Rural,30-34,109114,55263,53851,6571,5455,1116,99061,48848,50213,1937,491,1446,1192,367,825,353,102,251,0,0,0
23,455,District - Chhindwara (38),Rural,35-39,105818,53189,52629,1922,1395,527,98953,50503,48450,3333,752,2581,1248,428,820,362,111,251,0,0,0
23,455,District - Chhindwara (38),Rural,40-44,97908,49730,48178,951,646,305,90545,47551,42994,4926,1036,3890,1157,403,754,329,94,235,0,0,0
23,455,District - Chhindwara (38),Rural,45-49,81362,42589,38773,581,394,187,73786,40527,33259,5898,1313,4585,833,279,554,264,76,188,0,0,0
23,455,District - Chhindwara (38),Rural,50-54,60776,31880,28896,413,253,160,53131,29918,23213,6556,1475,5081,530,195,335,146,39,107,0,0,0
23,455,District - Chhindwara (38),Rural,55-59,47027,23573,23454,272,174,98,39790,21696,18094,6575,1564,5011,305,110,195,85,29,56,0,0,0
23,455,District - Chhindwara (38),Rural,60-64,44581,21293,23288,604,317,287,32636,18590,14046,10975,2236,8739,280,122,158,86,28,58,0,0,0
23,455,District - Chhindwara (38),Rural,65-69,31830,14313,17517,613,311,302,20827,11864,8963,10171,2040,8131,179,79,100,40,19,21,0,0,0
23,455,District - Chhindwara (38),Rural,70-74,25378,11538,13840,335,173,162,13855,8978,4877,11036,2317,8719,125,60,65,27,10,17,0,0,0
23,455,District - Chhindwara (38),Rural,75-79,12171,5365,6806,139,71,68,6351,3936,2415,5633,1330,4303,41,25,16,7,3,4,0,0,0
23,455,District - Chhindwara (38),Rural,80+,14880,6749,8131,786,431,355,6174,4177,1997,7865,2114,5751,39,20,19,16,7,9,0,0,0
23,455,District - Chhindwara (38),Rural,Age not stated,929,491,438,608,360,248,251,113,138,65,18,47,5,0,5,0,0,0,0,0,0
23,455,District - Chhindwara (38),Rural,Less than 18,604618,308286,296332,597204,305591,291613,6950,2519,4431,293,100,193,145,61,84,26,15,11,0,0,0
23,455,District - Chhindwara (38),Rural,Less than 21,713955,364198,349757,685215,357374,327841,27818,6501,21317,535,191,344,328,113,215,59,19,40,0,0,0
23,455,District - Chhindwara (38),Urban,All ages,505183,258269,246914,243973,137974,105999,229969,114550,115419,27055,4688,22367,3070,817,2253,1116,240,876,0,0,0
23,455,District - Chhindwara (38),Urban,0-9,79996,41242,38754,79996,41242,38754,0,0,0,0,0,0,0,0,0,0,0,0,0,0,0
23,455,District - Chhindwara (38),Urban,10-14,48086,24641,23445,46997,24195,22802,1005,418,587,52,20,32,28,8,20,4,0,4,0,0,0
23,455,District - Chhindwara (38),Urban,15-19,50511,26212,24299,47886,25515,22371,2503,658,1845,80,26,54,31,12,19,11,1,10,0,0,0
23,455,District - Chhindwara (38),Urban,20-24,52695,26878,25817,37690,23666,14024,14565,3121,11444,198,57,141,186,30,156,56,4,52,0,0,0
23,455,District - Chhindwara (38),Urban,25-29,47010,24120,22890,18997,14430,4567,27071,9503,17568,436,114,322,358,51,307,148,22,126,0,0,0
23,455,District - Chhindwara (38),Urban,30-34,40506,20742,19764,6487,5081,1406,32624,15369,17255,696,133,563,508,127,381,191,32,159,0,0,0
23,455,District - Chhindwara (38),Urban,35-39,37467,19052,18415,2149,1571,578,33453,17115,16338,1148,174,974,519,144,375,198,48,150,0,0,0
23,455,District - Chhindwara (38),Urban,40-44,33820,17503,16317,1087,767,320,30424,16336,14088,1693,229,1464,450,136,314,166,35,131,0,0,0
23,455,District - Chhindwara (38),Urban,45-49,29321,15293,14028,642,418,224,25876,14405,11471,2298,327,1971,376,108,268,129,35,94,0,0,0
23,455,District - Chhindwara (38),Urban,50-54,23988,12368,11620,350,199,151,20648,11687,8961,2644,383,2261,250,75,175,96,24,72,0,0,0
23,455,District - Chhindwara (38),Urban,55-59,18285,9788,8497,249,123,126,15362,9177,6185,2471,426,2045,152,44,108,51,18,33,0,0,0
23,455,District - Chhindwara (38),Urban,60-64,15711,7870,7841,315,149,166,11473,7096,4377,3787,576,3211,112,38,74,24,11,13,0,0,0
23,455,District - Chhindwara (38),Urban,65-69,10546,4933,5613,293,153,140,6817,4193,2624,3361,560,2801,59,22,37,16,5,11,0,0,0
23,455,District - Chhindwara (38),Urban,70-74,7975,3539,4436,148,82,66,4296,2830,1466,3492,611,2881,24,13,11,15,3,12,0,0,0
23,455,District - Chhindwara (38),Urban,75-79,4202,1932,2270,78,44,34,2100,1442,658,2014,442,1572,8,4,4,2,0,2,0,0,0
23,455,District - Chhindwara (38),Urban,80+,4627,1939,2688,334,192,142,1626,1139,487,2650,601,2049,9,5,4,8,2,6,0,0,0
23,455,District - Chhindwara (38),Urban,Age not stated,437,217,220,275,147,128,126,61,65,35,9,26,0,0,0,1,0,1,0,0,0
23,455,District - Chhindwara (38),Urban,Less than 18,157933,81382,76551,155837,80571,75266,1944,758,1186,100,35,65,43,17,26,9,1,8,0,0,0
23,455,District - Chhindwara (38),Urban,Less than 21,190315,98104,92211,184484,96578,87906,5560,1447,4113,165,56,109,81,21,60,25,2,23,0,0,0
23,456,District - Seoni (39),Total,All ages,1379131,695879,683252,661531,361614,299917,640939,317398,323541,67471,14089,53382,7452,2314,5138,1738,464,1274,0,0,0
23,456,District - Seoni (39),Total,0-9,266847,135976,130871,266847,135976,130871,0,0,0,0,0,0,0,0,0,0,0,0,0,0,0
23,456,District - Seoni (39),Total,10-14,155071,77545,77526,152878,76699,76179,2009,777,1232,91,27,64,76,37,39,17,5,12,0,0,0
23,456,District - Seoni (39),Total,15-19,148222,76145,72077,137998,74100,63898,9919,1956,7963,154,42,112,135,45,90,16,2,14,0,0,0
23,456,District - Seoni (39),Total,20-24,130909,67733,63176,70962,49255,21707,58730,18194,40536,476,120,356,607,136,471,134,28,106,0,0,0
23,456,District - Seoni (39),Total,25-29,108873,55665,53208,21108,17230,3878,85713,37912,47801,933,219,714,901,251,650,218,53,165,0,0,0
23,456,District - Seoni (39),Total,30-34,100597,50132,50465,5512,4506,1006,92142,44930,47212,1639,330,1309,1061,289,772,243,77,166,0,0,0
23,456,District - Seoni (39),Total,35-39,96835,48961,47874,1668,1211,457,91075,46881,44194,2629,459,2170,1155,333,822,308,77,231,0,0,0
23,456,District - Seoni (39),Total,40-44,90032,44999,45033,914,589,325,83732,43272,40460,4089,757,3332,1045,317,728,252,64,188,0,0,0
23,456,District - Seoni (39),Total,45-49,75573,39299,36274,515,320,195,68899,37670,31229,5116,987,4129,833,278,555,210,44,166,0,0,0
23,456,District - Seoni (39),Total,50-54,56491,29413,27078,332,220,112,49400,27709,21691,6041,1254,4787,581,188,393,137,42,95,0,0,0
23,456,District - Seoni (39),Total,55-59,42669,21464,21205,240,136,104,35609,19798,15811,6370,1367,5003,371,138,233,79,25,54,0,0,0
23,456,District - Seoni (39),Total,60-64,38556,18035,20521,490,249,241,27369,15649,11720,10324,1986,8338,318,128,190,55,23,32,0,0,0
23,456,District - Seoni (39),Total,65-69,27661,12510,15151,504,292,212,17297,10178,7119,9664,1951,7713,164,77,87,32,12,20,0,0,0
23,456,District - Seoni (39),Total,70-74,20443,9083,11360,240,105,135,10469,6883,3586,9594,2026,7568,120,60,60,20,9,11,0,0,0
23,456,District - Seoni (39),Total,75-79,9246,3972,5274,105,55,50,4473,2847,1626,4624,1053,3571,37,15,22,7,2,5,0,0,0
23,456,District - Seoni (39),Total,80+,10171,4461,5710,613,335,278,3837,2612,1225,5670,1493,4177,41,20,21,10,1,9,0,0,0
23,456,District - Seoni (39),Total,Age not stated,935,486,449,605,336,269,266,130,136,57,18,39,7,2,5,0,0,0,0,0,0
23,456,District - Seoni (39),Total,Less than 18,512105,259651,252454,507049,257952,249097,4713,1578,3135,176,48,128,145,67,78,22,6,16,0,0,0
23,456,District - Seoni (39),Total,Less than 21,602493,306237,296256,580304,301420,278884,21519,4628,16891,324,84,240,302,98,204,44,7,37,0,0,0
23,456,District - Seoni (39),Rural,All ages,1215241,612314,602927,581768,316812,264956,566306,280364,285942,59173,12647,46526,6498,2079,4419,1496,412,1084,0,0,0
23,456,District - Seoni (39),Rural,0-9,240701,122331,118370,240701,122331,118370,0,0,0,0,0,0,0,0,0,0,0,0,0,0,0
23,456,District - Seoni (39),Rural,10-14,139044,69289,69755,137093,68543,68550,1783,683,1100,82,25,57,70,34,36,16,4,12,0,0,0
23,456,District - Seoni (39),Rural,15-19,131416,67414,64002,122024,65542,56482,9125,1792,7333,131,37,94,121,42,79,15,1,14,0,0,0
23,456,District - Seoni (39),Rural,20-24,114048,59313,54735,58718,41828,16890,54212,17219,36993,431,110,321,559,128,431,128,28,100,0,0,0
23,456,District - Seoni (39),Rural,25-29,94041,48318,45723,15308,12933,2375,76931,34919,42012,815,192,623,790,224,566,197,50,147,0,0,0
23,456,District - Seoni (39),Rural,30-34,87085,43281,43804,3496,2898,598,81075,39764,41311,1421,297,1124,896,256,640,197,66,131,0,0,0
23,456,District - Seoni (39),Rural,35-39,84630,42725,41905,1018,754,264,80071,41196,38875,2283,412,1871,1006,299,707,252,64,188,0,0,0
23,456,District - Seoni (39),Rural,40-44,78521,39254,39267,546,351,195,73357,37892,35465,3497,673,2824,909,284,625,212,54,158,0,0,0
23,456,District - Seoni (39),Rural,45-49,65583,34045,31538,309,205,104,59960,32652,27308,4415,901,3514,717,246,471,182,41,141,0,0,0
23,456,District - Seoni (39),Rural,50-54,48659,25239,23420,214,148,66,42679,23782,18897,5163,1107,4056,492,164,328,111,38,73,0,0,0
23,456,District - Seoni (39),Rural,55-59,37054,18509,18545,159,92,67,30967,17036,13931,5527,1234,4293,330,125,205,71,22,49,0,0,0
23,456,District - Seoni (39),Rural,60-64,33867,15747,18120,398,207,191,24038,13585,10453,9099,1818,7281,280,115,165,52,22,30,0,0,0
23,456,District - Seoni (39),Rural,65-69,24634,11048,13586,417,240,177,15341,8940,6401,8702,1788,6914,146,70,76,28,10,18,0,0,0
23,456,District - Seoni (39),Rural,70-74,18114,7985,10129,200,92,108,9196,6001,3195,8591,1827,6764,108,56,52,19,9,10,0,0,0
23,456,District - Seoni (39),Rural,75-79,8110,3456,4654,88,48,40,3942,2481,1461,4042,910,3132,32,15,17,6,2,4,0,0,0
23,456,District - Seoni (39),Rural,80+,8870,3902,4968,517,280,237,3384,2301,1083,4922,1301,3621,37,19,18,10,1,9,0,0,0
23,456,District - Seoni (39),Rural,Age not stated,864,458,406,562,320,242,245,121,124,52,15,37,5,2,3,0,0,0,0,0,0
23,456,District - Seoni (39),Rural,Less than 18,459939,232615,227324,455443,231099,224344,4184,1404,2780,157,45,112,134,62,72,21,5,16,0,0,0
23,456,District - Seoni (39),Rural,Less than 21,539567,273617,265950,519188,269205,249983,19777,4242,15535,286,75,211,275,90,185,41,5,36,0,0,0
23,456,District - Seoni (39),Urban,All ages,163890,83565,80325,79763,44802,34961,74633,37034,37599,8298,1442,6856,954,235,719,242,52,190,0,0,0
23,456,District - Seoni (39),Urban,0-9,26146,13645,12501,26146,13645,12501,0,0,0,0,0,0,0,0,0,0,0,0,0,0,0
23,456,District - Seoni (39),Urban,10-14,16027,8256,7771,15785,8156,7629,226,94,132,9,2,7,6,3,3,1,1,0,0,0,0
23,456,District - Seoni (39),Urban,15-19,16806,8731,8075,15974,8558,7416,794,164,630,23,5,18,14,3,11,1,1,0,0,0,0
23,456,District - Seoni (39),Urban,20-24,16861,8420,8441,12244,7427,4817,4518,975,3543,45,10,35,48,8,40,6,0,6,0,0,0
23,456,District - Seoni (39),Urban,25-29,14832,7347,7485,5800,4297,1503,8782,2993,5789,118,27,91,111,27,84,21,3,18,0,0,0
23,456,District - Seoni (39),Urban,30-34,13512,6851,6661,2016,1608,408,11067,5166,5901,218,33,185,165,33,132,46,11,35,0,0,0
23,456,District - Seoni (39),Urban,35-39,12205,6236,5969,650,457,193,11004,5685,5319,346,47,299,149,34,115,56,13,43,0,0,0
23,456,District - Seoni (39),Urban,40-44,11511,5745,5766,368,238,130,10375,5380,4995,592,84,508,136,33,103,40,10,30,0,0,0
23,456,District - Seoni (39),Urban,45-49,9990,5254,4736,206,115,91,8939,5018,3921,701,86,615,116,32,84,28,3,25,0,0,0
23,456,District - Seoni (39),Urban,50-54,7832,4174,3658,118,72,46,6721,3927,2794,878,147,731,89,24,65,26,4,22,0,0,0
23,456,District - Seoni (39),Urban,55-59,5615,2955,2660,81,44,37,4642,2762,1880,843,133,710,41,13,28,8,3,5,0,0,0
23,456,District - Seoni (39),Urban,60-64,4689,2288,2401,92,42,50,3331,2064,1267,1225,168,1057,38,13,25,3,1,2,0,0,0
23,456,District - Seoni (39),Urban,65-69,3027,1462,1565,87,52,35,1956,1238,718,962,163,799,18,7,11,4,2,2,0,0,0
23,456,District - Seoni (39),Urban,70-74,2329,1098,1231,40,13,27,1273,882,391,1003,199,804,12,4,8,1,0,1,0,0,0
23,456,District - Seoni (39),Urban,75-79,1136,516,620,17,7,10,531,366,165,582,143,439,5,0,5,1,0,1,0,0,0
23,456,District - Seoni (39),Urban,80+,1301,559,742,96,55,41,453,311,142,748,192,556,4,1,3,0,0,0,0,0,0
23,456,District - Seoni (39),Urban,Age not stated,71,28,43,43,16,27,21,9,12,5,3,2,2,0,2,0,0,0,0,0,0
23,456,District - Seoni (39),Urban,Less than 18,52166,27036,25130,51606,26853,24753,529,174,355,19,3,16,11,5,6,1,1,0,0,0,0
23,456,District - Seoni (39),Urban,Less than 21,62926,32620,30306,61116,32215,28901,1742,386,1356,38,9,29,27,8,19,3,2,1,0,0,0
23,457,District - Balaghat (40),Total,All ages,1701698,842178,859520,795702,426394,369308,798240,392996,405244,97242,19941,77301,7634,2155,5479,2880,692,2188,0,0,0
23,457,District - Balaghat (40),Total,0-9,314637,159412,155225,314637,159412,155225,0,0,0,0,0,0,0,0,0,0,0,0,0,0,0
23,457,District - Balaghat (40),Total,10-14,178928,90349,88579,175872,89123,86749,2831,1128,1703,143,55,88,71,38,33,11,5,6,0,0,0
23,457,District - Balaghat (40),Total,15-19,178320,88334,89986,167946,85910,82036,9943,2277,7666,286,100,186,107,38,69,38,9,29,0,0,0
23,457,District - Balaghat (40),Total,20-24,161929,79365,82564,94309,59928,34381,66258,19026,47232,641,225,416,515,127,388,206,59,147,0,0,0
23,457,District - Balaghat (40),Total,25-29,135959,68790,67169,28644,22466,6178,104688,45619,59069,1308,363,945,917,242,675,402,100,302,0,0,0
23,457,District - Balaghat (40),Total,30-34,122853,60079,62774,6675,5155,1520,112398,54145,58253,2191,427,1764,1117,268,849,472,84,388,0,0,0
23,457,District - Balaghat (40),Total,35-39,120046,59345,60701,2041,1370,671,112525,56898,55627,3755,647,3108,1219,309,910,506,121,385,0,0,0
23,457,District - Balaghat (40),Total,40-44,114358,56973,57385,1164,719,445,105775,54832,50943,5809,1007,4802,1174,312,862,436,103,333,0,0,0
23,457,District - Balaghat (40),Total,45-49,96348,48560,47788,626,370,256,86765,46521,40244,7729,1320,6409,892,252,640,336,97,239,0,0,0
23,457,District - Balaghat (40),Total,50-54,76188,37976,38212,380,219,161,65714,35794,29920,9303,1722,7581,592,196,396,199,45,154,0,0,0
23,457,District - Balaghat (40),Total,55-59,60245,29705,30540,291,165,126,49348,27341,22007,10105,2053,8052,401,118,283,100,28,72,0,0,0
23,457,District - Balaghat (40),Total,60-64,54855,24795,30060,522,253,269,37371,21342,16029,16574,3064,13510,309,117,192,79,19,60,0,0,0
23,457,District - Balaghat (40),Total,65-69,38509,16937,21572,615,267,348,22993,13714,9279,14681,2873,11808,178,76,102,42,7,35,0,0,0
23,457,District - Balaghat (40),Total,70-74,26085,11557,14528,294,137,157,12670,8491,4179,13010,2878,10132,81,40,41,30,11,19,0,0,0
23,457,District - Balaghat (40),Total,75-79,10416,4666,5750,118,64,54,4709,3128,1581,5559,1462,4097,27,11,16,3,1,2,0,0,0
23,457,District - Balaghat (40),Total,80+,10501,4578,5923,748,399,349,3658,2448,1210,6055,1721,4334,26,8,18,14,2,12,0,0,0
23,457,District - Balaghat (40),Total,Age not stated,1521,757,764,820,437,383,594,292,302,93,24,69,8,3,5,6,1,5,0,0,0
23,457,District - Balaghat (40),Total,Less than 18,601788,303591,298197,595031,301211,293820,6284,2200,4084,324,114,210,120,55,65,29,11,18,0,0,0
23,457,District - Balaghat (40),Total,Less than 21,711585,357065,354520,688173,351462,336711,22522,5287,17235,556,195,361,261,103,158,73,18,55,0,0,0
23,457,District - Balaghat (40),Rural,All ages,1456882,719794,737088,679779,362692,317087,685318,337123,348195,82991,17519,65472,6426,1896,4530,2368,564,1804,0,0,0
23,457,District - Balaghat (40),Rural,0-9,275832,139373,136459,275832,139373,136459,0,0,0,0,0,0,0,0,0,0,0,0,0,0,0
23,457,District - Balaghat (40),Rural,10-14,155314,78216,77098,152674,77153,75521,2453,980,1473,117,45,72,61,34,27,9,4,5,0,0,0
23,457,District - Balaghat (40),Rural,15-19,153275,75749,77526,144193,73630,70563,8715,1995,6720,238,83,155,95,34,61,34,7,27,0,0,0
23,457,District - Balaghat (40),Rural,20-24,137324,67271,70053,77076,49585,27491,59066,17315,41751,547,200,347,457,117,340,178,54,124,0,0,0
23,457,District - Balaghat (40),Rural,25-29,114301,58039,56262,20649,16775,3874,91409,40643,50766,1115,320,795,780,214,566,348,87,261,0,0,0
23,457,District - Balaghat (40),Rural,30-34,103757,50607,53150,4180,3264,916,96465,46670,49795,1819,371,1448,923,231,692,370,71,299,0,0,0
23,457,District - Balaghat (40),Rural,35-39,101631,50355,51276,1229,796,433,95950,48647,47303,3068,553,2515,987,266,721,397,93,304,0,0,0
23,457,District - Balaghat (40),Rural,40-44,96898,48285,48613,719,443,276,90025,46610,43415,4821,883,3938,966,267,699,367,82,285,0,0,0
23,457,District - Balaghat (40),Rural,45-49,81014,40846,40168,377,227,150,73241,39195,34046,6368,1128,5240,749,219,530,279,77,202,0,0,0
23,457,District - Balaghat (40),Rural,50-54,63974,31654,32320,229,137,92,55236,29815,25421,7828,1490,6338,519,182,337,162,30,132,0,0,0
23,457,District - Balaghat (40),Rural,55-59,51027,24845,26182,199,111,88,41768,22779,18989,8641,1833,6808,339,99,240,80,23,57,0,0,0
23,457,District - Balaghat (40),Rural,60-64,47399,21307,26092,399,196,203,32276,18244,14032,14390,2744,11646,268,105,163,66,18,48,0,0,0
23,457,District - Balaghat (40),Rural,65-69,33682,14770,18912,492,208,284,20117,11904,8213,12879,2577,10302,160,74,86,34,7,27,0,0,0
23,457,District - Balaghat (40),Rural,70-74,22679,10045,12634,230,109,121,10990,7353,3637,11361,2539,8822,71,34,37,27,10,17,0,0,0
23,457,District - Balaghat (40),Rural,75-79,8784,3947,4837,91,49,42,4009,2643,1366,4662,1245,3417,21,10,11,1,0,1,0,0,0
23,457,District - Balaghat (40),Rural,80+,8816,3911,4905,598,315,283,3123,2099,1024,5062,1489,3573,22,7,15,11,1,10,0,0,0
23,457,District - Balaghat (40),Rural,Age not stated,1175,574,601,612,321,291,475,231,244,75,19,56,8,3,5,5,0,5,0,0,0
23,457,District - Balaghat (40),Rural,Less than 18,524322,263848,260474,518515,261799,256716,5411,1897,3514,270,95,175,101,49,52,25,8,17,0,0,0
23,457,District - Balaghat (40),Rural,Less than 21,618482,309549,308933,597825,304610,293215,19896,4667,15229,470,166,304,227,91,136,64,15,49,0,0,0
23,457,District - Balaghat (40),Urban,All ages,244816,122384,122432,115923,63702,52221,112922,55873,57049,14251,2422,11829,1208,259,949,512,128,384,0,0,0
23,457,District - Balaghat (40),Urban,0-9,38805,20039,18766,38805,20039,18766,0,0,0,0,0,0,0,0,0,0,0,0,0,0,0
23,457,District - Balaghat (40),Urban,10-14,23614,12133,11481,23198,11970,11228,378,148,230,26,10,16,10,4,6,2,1,1,0,0,0
23,457,District - Balaghat (40),Urban,15-19,25045,12585,12460,23753,12280,11473,1228,282,946,48,17,31,12,4,8,4,2,2,0,0,0
23,457,District - Balaghat (40),Urban,20-24,24605,12094,12511,17233,10343,6890,7192,1711,5481,94,25,69,58,10,48,28,5,23,0,0,0
23,457,District - Balaghat (40),Urban,25-29,21658,10751,10907,7995,5691,2304,13279,4976,8303,193,43,150,137,28,109,54,13,41,0,0,0
23,457,District - Balaghat (40),Urban,30-34,19096,9472,9624,2495,1891,604,15933,7475,8458,372,56,316,194,37,157,102,13,89,0,0,0
23,457,District - Balaghat (40),Urban,35-39,18415,8990,9425,812,574,238,16575,8251,8324,687,94,593,232,43,189,109,28,81,0,0,0
23,457,District - Balaghat (40),Urban,40-44,17460,8688,8772,445,276,169,15750,8222,7528,988,124,864,208,45,163,69,21,48,0,0,0
23,457,District - Balaghat (40),Urban,45-49,15334,7714,7620,249,143,106,13524,7326,6198,1361,192,1169,143,33,110,57,20,37,0,0,0
23,457,District - Balaghat (40),Urban,50-54,12214,6322,5892,151,82,69,10478,5979,4499,1475,232,1243,73,14,59,37,15,22,0,0,0
23,457,District - Balaghat (40),Urban,55-59,9218,4860,4358,92,54,38,7580,4562,3018,1464,220,1244,62,19,43,20,5,15,0,0,0
23,457,District - Balaghat (40),Urban,60-64,7456,3488,3968,123,57,66,5095,3098,1997,2184,320,1864,41,12,29,13,1,12,0,0,0
23,457,District - Balaghat (40),Urban,65-69,4827,2167,2660,123,59,64,2876,1810,1066,1802,296,1506,18,2,16,8,0,8,0,0,0
23,457,District - Balaghat (40),Urban,70-74,3406,1512,1894,64,28,36,1680,1138,542,1649,339,1310,10,6,4,3,1,2,0,0,0
23,457,District - Balaghat (40),Urban,75-79,1632,719,913,27,15,12,700,485,215,897,217,680,6,1,5,2,1,1,0,0,0
23,457,District - Balaghat (40),Urban,80+,1685,667,1018,150,84,66,535,349,186,993,232,761,4,1,3,3,1,2,0,0,0
23,457,District - Balaghat (40),Urban,Age not stated,346,183,163,208,116,92,119,61,58,18,5,13,0,0,0,1,1,0,0,0,0
23,457,District - Balaghat (40),Urban,Less than 18,77466,39743,37723,76516,39412,37104,873,303,570,54,19,35,19,6,13,4,3,1,0,0,0
23,457,District - Balaghat (40),Urban,Less than 21,93103,47516,45587,90348,46852,43496,2626,620,2006,86,29,57,34,12,22,9,3,6,0,0,0
23,458,District - Guna (41),Total,All ages,1241519,649362,592157,616556,344090,272466,579681,288814,290867,42508,15052,27456,2155,1124,1031,619,282,337,0,0,0
23,458,District - Guna (41),Total,0-9,302826,157775,145051,302826,157775,145051,0,0,0,0,0,0,0,0,0,0,0,0,0,0,0
23,458,District - Guna (41),Total,10-14,157522,82506,75016,154002,81017,72985,3351,1401,1950,112,52,60,50,31,19,7,5,2,0,0,0
23,458,District - Guna (41),Total,15-19,124408,66466,57942,102565,61013,41552,21544,5335,16209,201,76,125,72,28,44,26,14,12,0,0,0
23,458,District - Guna (41),Total,20-24,112185,58632,53553,36290,27390,8900,75083,30865,44218,495,234,261,244,107,137,73,36,37,0,0,0
23,458,District - Guna (41),Total,25-29,96209,49669,46540,9753,7987,1766,85139,41032,44107,902,448,454,324,163,161,91,39,52,0,0,0
23,458,District - Guna (41),Total,30-34,87193,44548,42645,3360,2858,502,82089,40852,41237,1317,618,699,337,184,153,90,36,54,0,0,0
23,458,District - Guna (41),Total,35-39,79059,41160,37899,1692,1470,222,74972,38658,36314,1975,821,1154,311,162,149,109,49,60,0,0,0
23,458,District - Guna (41),Total,40-44,65384,35324,30060,1083,958,125,61264,33064,28200,2715,1129,1586,253,142,111,69,31,38,0,0,0
23,458,District - Guna (41),Total,45-49,53540,28129,25411,726,627,99,49683,26254,23429,2909,1130,1779,179,99,80,43,19,24,0,0,0
23,458,District - Guna (41),Total,50-54,39792,22698,17094,543,469,74,35635,20767,14868,3472,1393,2079,108,55,53,34,14,20,0,0,0
23,458,District - Guna (41),Total,55-59,30636,14896,15740,370,296,74,27152,13417,13735,3039,1144,1895,52,25,27,23,14,9,0,0,0
23,458,District - Guna (41),Total,60-64,32440,16910,15530,740,520,220,25584,14482,11102,6021,1856,4165,78,46,32,17,6,11,0,0,0
23,458,District - Guna (41),Total,65-69,22768,11207,11561,626,426,200,17004,9176,7828,5063,1562,3501,56,33,23,19,10,9,0,0,0
23,458,District - Guna (41),Total,70-74,17926,9684,8242,408,294,114,11070,7357,3713,6385,1999,4386,53,30,23,10,4,6,0,0,0
23,458,District - Guna (41),Total,75-79,8095,3920,4175,187,128,59,4915,2798,2117,2974,985,1989,16,8,8,3,1,2,0,0,0
23,458,District - Guna (41),Total,80+,10447,5239,5208,661,426,235,4879,3211,1668,4881,1587,3294,21,11,10,5,4,1,0,0,0
23,458,District - Guna (41),Total,Age not stated,1089,599,490,724,436,288,317,145,172,47,18,29,1,0,1,0,0,0,0,0,0
23,458,District - Guna (41),Total,Less than 18,535321,280926,254395,525836,277720,248116,9157,3059,6098,228,92,136,84,44,40,16,11,5,0,0,0
23,458,District - Guna (41),Total,Less than 21,616850,323837,293013,574087,310812,263275,42097,12719,29378,440,192,248,179,92,87,47,22,25,0,0,0
23,458,District - Guna (41),Rural,All ages,928844,486127,442717,461320,256852,204468,433948,216113,217835,31693,12117,19576,1481,841,640,402,204,198,0,0,0
23,458,District - Guna (41),Rural,0-9,236987,123074,113913,236987,123074,113913,0,0,0,0,0,0,0,0,0,0,0,0,0,0,0
23,458,District - Guna (41),Rural,10-14,121248,63361,57887,118510,62196,56314,2615,1098,1517,76,38,38,42,26,16,5,3,2,0,0,0
23,458,District - Guna (41),Rural,15-19,91302,48766,42536,72849,44088,28761,18226,4583,13643,154,64,90,53,19,34,20,12,8,0,0,0
23,458,District - Guna (41),Rural,20-24,81332,42813,38519,20669,16904,3765,60032,25599,34433,397,196,201,174,81,93,60,33,27,0,0,0
23,458,District - Guna (41),Rural,25-29,69279,36025,33254,4717,4235,482,63601,31280,32321,691,359,332,215,124,91,55,27,28,0,0,0
23,458,District - Guna (41),Rural,30-34,63190,32319,30871,1920,1731,189,60010,29927,30083,976,503,473,234,137,97,50,21,29,0,0,0
23,458,District - Guna (41),Rural,35-39,57096,29889,27207,1208,1089,119,54198,27994,26204,1428,658,770,197,112,85,65,36,29,0,0,0
23,458,District - Guna (41),Rural,40-44,47082,25573,21509,796,736,60,44103,23788,20315,1971,923,1048,171,107,64,41,19,22,0,0,0
23,458,District - Guna (41),Rural,45-49,38514,20070,18444,549,494,55,35742,18567,17175,2074,920,1154,125,76,49,24,13,11,0,0,0
23,458,District - Guna (41),Rural,50-54,28606,16473,12133,424,377,47,25537,14907,10630,2545,1135,1410,74,43,31,26,11,15,0,0,0
23,458,District - Guna (41),Rural,55-59,22508,10644,11864,285,247,38,20035,9475,10560,2137,893,1244,33,17,16,18,12,6,0,0,0
23,458,District - Guna (41),Rural,60-64,24843,13066,11777,573,423,150,19684,11090,8594,4518,1515,3003,56,34,22,12,4,8,0,0,0
23,458,District - Guna (41),Rural,65-69,17665,8728,8937,463,335,128,13378,7107,6271,3771,1253,2518,38,25,13,15,8,7,0,0,0
23,458,District - Guna (41),Rural,70-74,13949,7666,6283,307,232,75,8701,5797,2904,4899,1612,3287,36,23,13,6,2,4,0,0,0
23,458,District - Guna (41),Rural,75-79,6376,3073,3303,148,108,40,3956,2199,1757,2257,759,1498,13,6,7,2,1,1,0,0,0
23,458,District - Guna (41),Rural,80+,8259,4230,4029,507,328,179,3960,2613,1347,3770,1276,2494,19,11,8,3,2,1,0,0,0
23,458,District - Guna (41),Rural,Age not stated,608,357,251,408,255,153,170,89,81,29,13,16,1,0,1,0,0,0,0,0,0
23,458,District - Guna (41),Rural,Less than 18,413493,216485,197008,405815,213898,191917,7445,2478,4967,156,67,89,66,35,31,11,7,4,0,0,0
23,458,District - Guna (41),Rural,Less than 21,473516,248202,225314,437982,237039,200943,35023,10916,24107,337,159,178,138,70,68,36,18,18,0,0,0
23,458,District - Guna (41),Urban,All ages,312675,163235,149440,155236,87238,67998,145733,72701,73032,10815,2935,7880,674,283,391,217,78,139,0,0,0
23,458,District - Guna (41),Urban,0-9,65839,34701,31138,65839,34701,31138,0,0,0,0,0,0,0,0,0,0,0,0,0,0,0
23,458,District - Guna (41),Urban,10-14,36274,19145,17129,35492,18821,16671,736,303,433,36,14,22,8,5,3,2,2,0,0,0,0
23,458,District - Guna (41),Urban,15-19,33106,17700,15406,29716,16925,12791,3318,752,2566,47,12,35,19,9,10,6,2,4,0,0,0
23,458,District - Guna (41),Urban,20-24,30853,15819,15034,15621,10486,5135,15051,5266,9785,98,38,60,70,26,44,13,3,10,0,0,0
23,458,District - Guna (41),Urban,25-29,26930,13644,13286,5036,3752,1284,21538,9752,11786,211,89,122,109,39,70,36,12,24,0,0,0
23,458,District - Guna (41),Urban,30-34,24003,12229,11774,1440,1127,313,22079,10925,11154,341,115,226,103,47,56,40,15,25,0,0,0
23,458,District - Guna (41),Urban,35-39,21963,11271,10692,484,381,103,20774,10664,10110,547,163,384,114,50,64,44,13,31,0,0,0
23,458,District - Guna (41),Urban,40-44,18302,9751,8551,287,222,65,17161,9276,7885,744,206,538,82,35,47,28,12,16,0,0,0
23,458,District - Guna (41),Urban,45-49,15026,8059,6967,177,133,44,13941,7687,6254,835,210,625,54,23,31,19,6,13,0,0,0
23,458,District - Guna (41),Urban,50-54,11186,6225,4961,119,92,27,10098,5860,4238,927,258,669,34,12,22,8,3,5,0,0,0
23,458,District - Guna (41),Urban,55-59,8128,4252,3876,85,49,36,7117,3942,3175,902,251,651,19,8,11,5,2,3,0,0,0
23,458,District - Guna (41),Urban,60-64,7597,3844,3753,167,97,70,5900,3392,2508,1503,341,1162,22,12,10,5,2,3,0,0,0
23,458,District - Guna (41),Urban,65-69,5103,2479,2624,163,91,72,3626,2069,1557,1292,309,983,18,8,10,4,2,2,0,0,0
23,458,District - Guna (41),Urban,70-74,3977,2018,1959,101,62,39,2369,1560,809,1486,387,1099,17,7,10,4,2,2,0,0,0
23,458,District - Guna (41),Urban,75-79,1719,847,872,39,20,19,959,599,360,717,226,491,3,2,1,1,0,1,0,0,0
23,458,District - Guna (41),Urban,80+,2188,1009,1179,154,98,56,919,598,321,1111,311,800,2,0,2,2,2,0,0,0,0
23,458,District - Guna (41),Urban,Age not stated,481,242,239,316,181,135,147,56,91,18,5,13,0,0,0,0,0,0,0,0,0
23,458,District - Guna (41),Urban,Less than 18,121828,64441,57387,120021,63822,56199,1712,581,1131,72,25,47,18,9,9,5,4,1,0,0,0
23,458,District - Guna (41),Urban,Less than 21,143334,75635,67699,136105,73773,62332,7074,1803,5271,103,33,70,41,22,19,11,4,7,0,0,0
23,459,District - Ashoknagar (42),Total,All ages,845071,443837,401234,418026,234736,183290,392785,195517,197268,32311,12461,19850,1608,973,635,341,150,191,0,0,0
23,459,District - Ashoknagar (42),Total,0-9,203811,105778,98033,203811,105778,98033,0,0,0,0,0,0,0,0,0,0,0,0,0,0,0
23,459,District - Ashoknagar (42),Total,10-14,105949,55486,50463,103673,54562,49111,2163,871,1292,60,31,29,50,21,29,3,1,2,0,0,0
23,459,District - Ashoknagar (42),Total,15-19,81879,44978,36901,69185,41817,27368,12504,3074,9430,127,59,68,57,25,32,6,3,3,0,0,0
23,459,District - Ashoknagar (42),Total,20-24,75819,39969,35850,24738,19207,5531,50555,20496,30059,304,154,150,181,87,94,41,25,16,0,0,0
23,459,District - Ashoknagar (42),Total,25-29,67952,35575,32377,6862,5793,1069,60102,29218,30884,688,376,312,242,161,81,58,27,31,0,0,0
23,459,District - Ashoknagar (42),Total,30-34,60220,31065,29155,2507,2191,316,56394,28148,28246,1024,561,463,245,143,102,50,22,28,0,0,0
23,459,District - Ashoknagar (42),Total,35-39,53375,28330,25045,1515,1321,194,50139,26068,24071,1447,758,689,230,160,70,44,23,21,0,0,0
23,459,District - Ashoknagar (42),Total,40-44,44656,23924,20732,1054,913,141,41407,21972,19435,1961,907,1054,195,116,79,39,16,23,0,0,0
23,459,District - Ashoknagar (42),Total,45-49,36521,19428,17093,644,510,134,33480,17770,15710,2224,1042,1182,143,95,48,30,11,19,0,0,0
23,459,District - Ashoknagar (42),Total,50-54,27554,15427,12127,638,434,204,24177,13820,10357,2626,1109,1517,99,57,42,14,7,7,0,0,0
23,459,District - Ashoknagar (42),Total,55-59,20826,10075,10751,412,299,113,18142,8869,9273,2210,878,1332,46,24,22,16,5,11,0,0,0
23,459,District - Ashoknagar (42),Total,60-64,23178,11987,11191,717,496,221,17719,9851,7868,4669,1597,3072,53,37,16,20,6,14,0,0,0
23,459,District - Ashoknagar (42),Total,65-69,16699,8314,8385,696,436,260,11840,6496,5344,4126,1362,2764,27,19,8,10,1,9,0,0,0
23,459,District - Ashoknagar (42),Total,70-74,12896,6695,6201,385,271,114,7550,4871,2679,4937,1540,3397,20,12,8,4,1,3,0,0,0
23,459,District - Ashoknagar (42),Total,75-79,5619,2765,2854,198,111,87,3223,1896,1327,2189,751,1438,5,5,0,4,2,2,0,0,0
23,459,District - Ashoknagar (42),Total,80+,7359,3655,3704,488,313,175,3165,2006,1159,3689,1325,2364,15,11,4,2,0,2,0,0,0
23,459,District - Ashoknagar (42),Total,Age not stated,758,386,372,503,284,219,225,91,134,30,11,19,0,0,0,0,0,0,0,0,0
23,459,District - Ashoknagar (42),Total,Less than 18,359530,188560,170970,353910,186688,167222,5404,1774,3630,132,64,68,79,31,48,5,3,2,0,0,0
23,459,District - Ashoknagar (42),Total,Less than 21,412415,217519,194896,386507,209694,176813,25494,7626,17868,256,128,128,139,60,79,19,11,8,0,0,0
23,459,District - Ashoknagar (42),Rural,All ages,691387,363411,327976,341240,191357,149883,322094,160307,161787,26506,10774,15732,1305,850,455,242,123,119,0,0,0
23,459,District - Ashoknagar (42),Rural,0-9,171316,88749,82567,171316,88749,82567,0,0,0,0,0,0,0,0,0,0,0,0,0,0,0
23,459,District - Ashoknagar (42),Rural,10-14,87828,45836,41992,85841,45038,40803,1884,750,1134,51,26,25,49,21,28,3,1,2,0,0,0
23,459,District - Ashoknagar (42),Rural,15-19,66067,36417,29650,54780,33555,21225,11126,2785,8341,104,50,54,51,24,27,6,3,3,0,0,0
23,459,District - Ashoknagar (42),Rural,20-24,61008,32353,28655,17047,14003,3044,43524,18116,25408,254,132,122,151,81,70,32,21,11,0,0,0
23,459,District - Ashoknagar (42),Rural,25-29,54638,28805,25833,4232,3781,451,49580,24521,25059,601,343,258,185,138,47,40,22,18,0,0,0
23,459,District - Ashoknagar (42),Rural,30-34,48383,25012,23371,1815,1604,211,45464,22765,22699,868,499,369,197,125,72,39,19,20,0,0,0
23,459,District - Ashoknagar (42),Rural,35-39,42798,22730,20068,1230,1089,141,40115,20795,19320,1234,684,550,189,144,45,30,18,12,0,0,0
23,459,District - Ashoknagar (42),Rural,40-44,35949,19353,16596,893,783,110,33270,17673,15597,1609,789,820,152,97,55,25,11,14,0,0,0
23,459,District - Ashoknagar (42),Rural,45-49,29075,15354,13721,559,437,122,26587,13937,12650,1804,894,910,108,76,32,17,10,7,0,0,0
23,459,District - Ashoknagar (42),Rural,50-54,22119,12431,9688,580,391,189,19307,11034,8273,2141,950,1191,82,51,31,9,5,4,0,0,0
23,459,District - Ashoknagar (42),Rural,55-59,16817,8023,8794,375,272,103,14655,6982,7673,1742,747,995,36,18,18,9,4,5,0,0,0
23,459,District - Ashoknagar (42),Rural,60-64,19190,9963,9227,629,438,191,14639,8100,6539,3861,1389,2472,46,31,15,15,5,10,0,0,0
23,459,District - Ashoknagar (42),Rural,65-69,13946,6991,6955,614,393,221,9966,5406,4560,3336,1174,2162,23,17,6,7,1,6,0,0,0
23,459,District - Ashoknagar (42),Rural,70-74,10821,5695,5126,347,250,97,6387,4103,2284,4066,1329,2737,17,12,5,4,1,3,0,0,0
23,459,District - Ashoknagar (42),Rural,75-79,4709,2339,2370,171,93,78,2733,1592,1141,1797,648,1149,4,4,0,4,2,2,0,0,0
23,459,District - Ashoknagar (42),Rural,80+,6123,3067,3056,411,267,144,2684,1680,1004,3011,1109,1902,15,11,4,2,0,2,0,0,0
23,459,District - Ashoknagar (42),Rural,Age not stated,600,293,307,400,214,186,173,68,105,27,11,16,0,0,0,0,0,0,0,0,0
23,459,District - Ashoknagar (42),Rural,Less than 18,299399,156790,142609,294500,155153,139347,4712,1550,3162,107,54,53,75,30,45,5,3,2,0,0,0
23,459,District - Ashoknagar (42),Rural,Less than 21,342004,180170,161834,319253,173163,146090,22395,6830,15565,214,110,104,126,58,68,16,9,7,0,0,0
23,459,District - Ashoknagar (42),Urban,All ages,153684,80426,73258,76786,43379,33407,70691,35210,35481,5805,1687,4118,303,123,180,99,27,72,0,0,0
23,459,District - Ashoknagar (42),Urban,0-9,32495,17029,15466,32495,17029,15466,0,0,0,0,0,0,0,0,0,0,0,0,0,0,0
23,459,District - Ashoknagar (42),Urban,10-14,18121,9650,8471,17832,9524,8308,279,121,158,9,5,4,1,0,1,0,0,0,0,0,0
23,459,District - Ashoknagar (42),Urban,15-19,15812,8561,7251,14405,8262,6143,1378,289,1089,23,9,14,6,1,5,0,0,0,0,0,0
23,459,District - Ashoknagar (42),Urban,20-24,14811,7616,7195,7691,5204,2487,7031,2380,4651,50,22,28,30,6,24,9,4,5,0,0,0
23,459,District - Ashoknagar (42),Urban,25-29,13314,6770,6544,2630,2012,618,10522,4697,5825,87,33,54,57,23,34,18,5,13,0,0,0
23,459,District - Ashoknagar (42),Urban,30-34,11837,6053,5784,692,587,105,10930,5383,5547,156,62,94,48,18,30,11,3,8,0,0,0
23,459,District - Ashoknagar (42),Urban,35-39,10577,5600,4977,285,232,53,10024,5273,4751,213,74,139,41,16,25,14,5,9,0,0,0
23,459,District - Ashoknagar (42),Urban,40-44,8707,4571,4136,161,130,31,8137,4299,3838,352,118,234,43,19,24,14,5,9,0,0,0
23,459,District - Ashoknagar (42),Urban,45-49,7446,4074,3372,85,73,12,6893,3833,3060,420,148,272,35,19,16,13,1,12,0,0,0
23,459,District - Ashoknagar (42),Urban,50-54,5435,2996,2439,58,43,15,4870,2786,2084,485,159,326,17,6,11,5,2,3,0,0,0
23,459,District - Ashoknagar (42),Urban,55-59,4009,2052,1957,37,27,10,3487,1887,1600,468,131,337,10,6,4,7,1,6,0,0,0
23,459,District - Ashoknagar (42),Urban,60-64,3988,2024,1964,88,58,30,3080,1751,1329,808,208,600,7,6,1,5,1,4,0,0,0
23,459,District - Ashoknagar (42),Urban,65-69,2753,1323,1430,82,43,39,1874,1090,784,790,188,602,4,2,2,3,0,3,0,0,0
23,459,District - Ashoknagar (42),Urban,70-74,2075,1000,1075,38,21,17,1163,768,395,871,211,660,3,0,3,0,0,0,0,0,0
23,459,District - Ashoknagar (42),Urban,75-79,910,426,484,27,18,9,490,304,186,392,103,289,1,1,0,0,0,0,0,0,0
23,459,District - Ashoknagar (42),Urban,80+,1236,588,648,77,46,31,481,326,155,678,216,462,0,0,0,0,0,0,0,0,0
23,459,District - Ashoknagar (42),Urban,Age not stated,158,93,65,103,70,33,52,23,29,3,0,3,0,0,0,0,0,0,0,0,0
23,459,District - Ashoknagar (42),Urban,Less than 18,60131,31770,28361,59410,31535,27875,692,224,468,25,10,15,4,1,3,0,0,0,0,0,0
23,459,District - Ashoknagar (42),Urban,Less than 21,70411,37349,33062,67254,36531,30723,3099,796,2303,42,18,24,13,2,11,3,2,1,0,0,0
23,460,District - Shahdol (43),Total,All ages,1066063,540021,526042,492511,266671,225840,518514,255774,262740,49122,15278,33844,5079,2047,3032,837,251,586,0,0,0
23,460,District - Shahdol (43),Total,0-9,230105,117421,112684,230105,117421,112684,0,0,0,0,0,0,0,0,0,0,0,0,0,0,0
23,460,District - Shahdol (43),Total,10-14,125014,62836,62178,121842,61610,60232,2967,1143,1824,116,42,74,76,35,41,13,6,7,0,0,0
23,460,District - Shahdol (43),Total,15-19,102983,52905,50078,86709,48666,38043,15828,4075,11753,259,107,152,165,46,119,22,11,11,0,0,0
23,460,District - Shahdol (43),Total,20-24,102082,51554,50528,36248,25816,10432,64226,25072,39154,777,371,406,718,260,458,113,35,78,0,0,0
23,460,District - Shahdol (43),Total,25-29,85435,43701,41734,10206,8014,2192,73051,34778,38273,1211,539,672,826,333,493,141,37,104,0,0,0
23,460,District - Shahdol (43),Total,30-34,75360,37429,37931,2919,2291,628,69911,34216,35695,1660,598,1062,749,293,456,121,31,90,0,0,0
23,460,District - Shahdol (43),Total,35-39,73332,36787,36545,1164,876,288,68728,34710,34018,2580,874,1706,728,288,440,132,39,93,0,0,0
23,460,District - Shahdol (43),Total,40-44,65042,32894,32148,568,402,166,60422,31166,29256,3371,1045,2326,581,240,341,100,41,59,0,0,0
23,460,District - Shahdol (43),Total,45-49,55411,28653,26758,373,261,112,50375,26877,23498,4182,1309,2873,420,187,233,61,19,42,0,0,0
23,460,District - Shahdol (43),Total,50-54,40763,21534,19229,238,155,83,35684,19894,15790,4488,1347,3141,307,132,175,46,6,40,0,0,0
23,460,District - Shahdol (43),Total,55-59,31174,15885,15289,178,107,71,26352,14332,12020,4430,1360,3070,185,78,107,29,8,21,0,0,0
23,460,District - Shahdol (43),Total,60-64,29337,14139,15198,367,198,169,21886,11959,9927,6901,1904,4997,158,70,88,25,8,17,0,0,0
23,460,District - Shahdol (43),Total,65-69,21236,10209,11027,316,164,152,14156,8148,6008,6664,1853,4811,85,41,44,15,3,12,0,0,0
23,460,District - Shahdol (43),Total,70-74,14586,7105,7481,195,86,109,8128,5169,2959,6215,1823,4392,43,25,18,5,2,3,0,0,0
23,460,District - Shahdol (43),Total,75-79,6504,3229,3275,108,64,44,3522,2233,1289,2852,921,1931,16,9,7,6,2,4,0,0,0
23,460,District - Shahdol (43),Total,80+,7055,3389,3666,579,305,274,3075,1902,1173,3377,1170,2207,20,10,10,4,2,2,0,0,0
23,460,District - Shahdol (43),Total,Age not stated,644,351,293,396,235,161,203,100,103,39,15,24,2,0,2,4,1,3,0,0,0
23,460,District - Shahdol (43),Total,Less than 18,417196,212475,204721,409274,209734,199540,7526,2578,4948,239,94,145,132,55,77,25,14,11,0,0,0
23,460,District - Shahdol (43),Total,Less than 21,482656,245202,237454,450867,235983,214884,30817,8852,21965,531,212,319,384,133,251,57,22,35,0,0,0
23,460,District - Shahdol (43),Rural,All ages,846463,426583,419880,386316,207125,179191,415472,204340,211132,39822,13075,26747,4220,1824,2396,633,219,414,0,0,0
23,460,District - Shahdol (43),Rural,0-9,192608,97886,94722,192608,97886,94722,0,0,0,0,0,0,0,0,0,0,0,0,0,0,0
23,460,District - Shahdol (43),Rural,10-14,101776,50851,50925,99070,49806,49264,2523,970,1553,106,39,67,66,31,35,11,5,6,0,0,0
23,460,District - Shahdol (43),Rural,15-19,79386,40670,38716,64830,36815,28015,14161,3705,10456,228,96,132,146,43,103,21,11,10,0,0,0
23,460,District - Shahdol (43),Rural,20-24,78973,39580,39393,21561,16397,5164,55974,22563,33411,692,340,352,656,251,405,90,29,61,0,0,0
23,460,District - Shahdol (43),Rural,25-29,65955,33738,32217,4285,3610,675,59850,29313,30537,1035,478,557,676,302,374,109,35,74,0,0,0
23,460,District - Shahdol (43),Rural,30-34,58609,28874,29735,1160,916,244,55400,27149,28251,1358,529,829,601,251,350,90,29,61,0,0,0
23,460,District - Shahdol (43),Rural,35-39,57561,28842,28719,520,360,160,54250,27441,26809,2104,759,1345,585,250,335,102,32,70,0,0,0
23,460,District - Shahdol (43),Rural,40-44,50247,25291,24956,255,185,70,46782,23987,22795,2672,892,1780,466,196,270,72,31,41,0,0,0
23,460,District - Shahdol (43),Rural,45-49,42684,22040,20644,199,146,53,38729,20557,18172,3358,1148,2210,354,173,181,44,16,28,0,0,0
23,460,District - Shahdol (43),Rural,50-54,30590,15920,14670,131,86,45,26626,14547,12079,3555,1163,2392,248,118,130,30,6,24,0,0,0
23,460,District - Shahdol (43),Rural,55-59,24121,12032,12089,126,77,49,20283,10713,9570,3540,1163,2377,150,71,79,22,8,14,0,0,0
23,460,District - Shahdol (43),Rural,60-64,23631,11285,12346,291,157,134,17531,9426,8105,5661,1634,4027,131,61,70,17,7,10,0,0,0
23,460,District - Shahdol (43),Rural,65-69,17298,8345,8953,246,137,109,11455,6565,4890,5517,1603,3914,69,37,32,11,3,8,0,0,0
23,460,District - Shahdol (43),Rural,70-74,11767,5709,6058,156,70,86,6497,4083,2414,5071,1529,3542,40,25,15,3,2,1,0,0,0
23,460,District - Shahdol (43),Rural,75-79,5159,2542,2617,84,48,36,2750,1726,1024,2308,759,1549,12,7,5,5,2,3,0,0,0
23,460,District - Shahdol (43),Rural,80+,5581,2703,2878,464,238,226,2507,1522,985,2589,933,1656,18,8,10,3,2,1,0,0,0
23,460,District - Shahdol (43),Rural,Age not stated,517,275,242,330,191,139,154,73,81,28,10,18,2,0,2,3,1,2,0,0,0
23,460,District - Shahdol (43),Rural,Less than 18,342424,173646,168778,335538,171255,164283,6540,2245,4295,214,85,129,110,48,62,22,13,9,0,0,0
23,460,District - Shahdol (43),Rural,Less than 21,392962,198704,194258,364749,190391,174358,27346,7976,19370,475,195,280,343,123,220,49,19,30,0,0,0
23,460,District - Shahdol (43),Urban,All ages,219600,113438,106162,106195,59546,46649,103042,51434,51608,9300,2203,7097,859,223,636,204,32,172,0,0,0
23,460,District - Shahdol (43),Urban,0-9,37497,19535,17962,37497,19535,17962,0,0,0,0,0,0,0,0,0,0,0,0,0,0,0
23,460,District - Shahdol (43),Urban,10-14,23238,11985,11253,22772,11804,10968,444,173,271,10,3,7,10,4,6,2,1,1,0,0,0
23,460,District - Shahdol (43),Urban,15-19,23597,12235,11362,21879,11851,10028,1667,370,1297,31,11,20,19,3,16,1,0,1,0,0,0
23,460,District - Shahdol (43),Urban,20-24,23109,11974,11135,14687,9419,5268,8252,2509,5743,85,31,54,62,9,53,23,6,17,0,0,0
23,460,District - Shahdol (43),Urban,25-29,19480,9963,9517,5921,4404,1517,13201,5465,7736,176,61,115,150,31,119,32,2,30,0,0,0
23,460,District - Shahdol (43),Urban,30-34,16751,8555,8196,1759,1375,384,14511,7067,7444,302,69,233,148,42,106,31,2,29,0,0,0
23,460,District - Shahdol (43),Urban,35-39,15771,7945,7826,644,516,128,14478,7269,7209,476,115,361,143,38,105,30,7,23,0,0,0
23,460,District - Shahdol (43),Urban,40-44,14795,7603,7192,313,217,96,13640,7179,6461,699,153,546,115,44,71,28,10,18,0,0,0
23,460,District - Shahdol (43),Urban,45-49,12727,6613,6114,174,115,59,11646,6320,5326,824,161,663,66,14,52,17,3,14,0,0,0
23,460,District - Shahdol (43),Urban,50-54,10173,5614,4559,107,69,38,9058,5347,3711,933,184,749,59,14,45,16,0,16,0,0,0
23,460,District - Shahdol (43),Urban,55-59,7053,3853,3200,52,30,22,6069,3619,2450,890,197,693,35,7,28,7,0,7,0,0,0
23,460,District - Shahdol (43),Urban,60-64,5706,2854,2852,76,41,35,4355,2533,1822,1240,270,970,27,9,18,8,1,7,0,0,0
23,460,District - Shahdol (43),Urban,65-69,3938,1864,2074,70,27,43,2701,1583,1118,1147,250,897,16,4,12,4,0,4,0,0,0
23,460,District - Shahdol (43),Urban,70-74,2819,1396,1423,39,16,23,1631,1086,545,1144,294,850,3,0,3,2,0,2,0,0,0
23,460,District - Shahdol (43),Urban,75-79,1345,687,658,24,16,8,772,507,265,544,162,382,4,2,2,1,0,1,0,0,0
23,460,District - Shahdol (43),Urban,80+,1474,686,788,115,67,48,568,380,188,788,237,551,2,2,0,1,0,1,0,0,0
23,460,District - Shahdol (43),Urban,Age not stated,127,76,51,66,44,22,49,27,22,11,5,6,0,0,0,1,0,1,0,0,0
23,460,District - Shahdol (43),Urban,Less than 18,74772,38829,35943,73736,38479,35257,986,333,653,25,9,16,22,7,15,3,1,2,0,0,0
23,460,District - Shahdol (43),Urban,Less than 21,89694,46498,43196,86118,45592,40526,3471,876,2595,56,17,39,41,10,31,8,3,5,0,0,0
23,461,District - Anuppur (44),Total,All ages,749237,379114,370123,343947,186798,157149,363003,179526,183477,35443,10111,25332,6018,2380,3638,826,299,527,0,0,0
23,461,District - Anuppur (44),Total,0-9,152974,78127,74847,152974,78127,74847,0,0,0,0,0,0,0,0,0,0,0,0,0,0,0
23,461,District - Anuppur (44),Total,10-14,84885,42597,42288,82983,41792,41191,1773,735,1038,80,47,33,38,18,20,11,5,6,0,0,0
23,461,District - Anuppur (44),Total,15-19,74057,38261,35796,64681,36129,28552,9048,2047,7001,176,49,127,136,30,106,16,6,10,0,0,0
23,461,District - Anuppur (44),Total,20-24,72692,36654,36038,30156,20909,9247,41163,15247,25916,527,204,323,748,267,481,98,27,71,0,0,0
23,461,District - Anuppur (44),Total,25-29,60346,31029,29317,7792,6097,1695,50620,24214,26406,833,312,521,959,356,603,142,50,92,0,0,0
23,461,District - Anuppur (44),Total,30-34,51917,25879,26038,2064,1626,438,47684,23447,24237,1127,388,739,904,364,540,138,54,84,0,0,0
23,461,District - Anuppur (44),Total,35-39,51793,25775,26018,767,562,205,48217,24278,23939,1793,542,1251,893,349,544,123,44,79,0,0,0
23,461,District - Anuppur (44),Total,40-44,46601,22951,23650,393,267,126,42925,21634,21291,2443,713,1730,754,300,454,86,37,49,0,0,0
23,461,District - Anuppur (44),Total,45-49,43209,21983,21226,270,190,80,39014,20588,18426,3261,946,2315,589,232,357,75,27,48,0,0,0
23,461,District - Anuppur (44),Total,50-54,32344,17161,15183,161,110,51,28465,15954,12511,3328,932,2396,344,149,195,46,16,30,0,0,0
23,461,District - Anuppur (44),Total,55-59,23777,12787,10990,155,92,63,20124,11645,8479,3249,940,2309,230,103,127,19,7,12,0,0,0
23,461,District - Anuppur (44),Total,60-64,19646,9421,10225,259,145,114,14351,7975,6376,4834,1207,3627,168,82,86,34,12,22,0,0,0
23,461,District - Anuppur (44),Total,65-69,13839,6663,7176,237,137,100,9029,5305,3724,4445,1159,3286,112,56,56,16,6,10,0,0,0
23,461,District - Anuppur (44),Total,70-74,9797,4508,5289,125,72,53,5277,3287,1990,4315,1112,3203,67,32,35,13,5,8,0,0,0
23,461,District - Anuppur (44),Total,75-79,4730,2145,2585,61,35,26,2442,1466,976,2198,631,1567,28,13,15,1,0,1,0,0,0
23,461,District - Anuppur (44),Total,80+,5680,2676,3004,331,196,135,2505,1530,975,2796,921,1875,43,26,17,5,3,2,0,0,0
23,461,District - Anuppur (44),Total,Age not stated,950,497,453,538,312,226,366,174,192,38,8,30,5,3,2,3,0,3,0,0,0
23,461,District - Anuppur (44),Total,Less than 18,283395,144481,138914,278726,142881,135845,4401,1494,2907,175,72,103,79,27,52,14,7,7,0,0,0
23,461,District - Anuppur (44),Total,Less than 21,329198,167354,161844,310395,162448,147947,18101,4680,13421,343,127,216,316,86,230,43,13,30,0,0,0
23,461,District - Anuppur (44),Rural,All ages,543996,272030,271966,243179,130062,113117,267169,131258,135911,27912,8332,19580,5061,2115,2946,675,263,412,0,0,0
23,461,District - Anuppur (44),Rural,0-9,117390,59630,57760,117390,59630,57760,0,0,0,0,0,0,0,0,0,0,0,0,0,0,0
23,461,District - Anuppur (44),Rural,10-14,62094,30634,31460,60618,29994,30624,1375,582,793,60,37,23,33,16,17,8,5,3,0,0,0
23,461,District - Anuppur (44),Rural,15-19,49914,25593,24321,42347,23864,18483,7286,1658,5628,143,38,105,123,28,95,15,5,10,0,0,0
23,461,District - Anuppur (44),Rural,20-24,50132,24822,25310,16308,11814,4494,32682,12568,20114,412,171,241,652,248,404,78,21,57,0,0,0
23,461,District - Anuppur (44),Rural,25-29,43543,22094,21449,3457,2728,729,38488,18732,19756,662,268,394,823,322,501,113,44,69,0,0,0
23,461,District - Anuppur (44),Rural,30-34,38299,18818,19481,990,752,238,35586,17394,18192,873,311,562,742,315,427,108,46,62,0,0,0
23,461,District - Anuppur (44),Rural,35-39,38769,19440,19329,413,295,118,36094,18329,17765,1435,476,959,729,301,428,98,39,59,0,0,0
23,461,District - Anuppur (44),Rural,40-44,33089,16499,16590,251,161,90,30341,15454,14887,1809,585,1224,622,268,354,66,31,35,0,0,0
23,461,District - Anuppur (44),Rural,45-49,29102,14865,14237,161,116,45,25943,13749,12194,2446,769,1677,483,206,277,69,25,44,0,0,0
23,461,District - Anuppur (44),Rural,50-54,20863,10596,10267,95,66,29,17974,9629,8345,2470,751,1719,288,134,154,36,16,20,0,0,0
23,461,District - Anuppur (44),Rural,55-59,16753,8352,8401,94,57,37,13975,7443,6532,2471,756,1715,198,90,108,15,6,9,0,0,0
23,461,District - Anuppur (44),Rural,60-64,15728,7379,8349,171,90,81,11489,6213,5276,3890,994,2896,145,70,75,33,12,21,0,0,0
23,461,District - Anuppur (44),Rural,65-69,11368,5456,5912,147,79,68,7402,4335,3067,3703,983,2720,100,53,47,16,6,10,0,0,0
23,461,District - Anuppur (44),Rural,70-74,7960,3681,4279,81,45,36,4292,2650,1642,3520,954,2566,56,28,28,11,4,7,0,0,0
23,461,District - Anuppur (44),Rural,75-79,3821,1710,2111,41,22,19,1974,1163,811,1779,513,1266,26,12,14,1,0,1,0,0,0
23,461,District - Anuppur (44),Rural,80+,4522,2111,2411,212,117,95,2054,1250,804,2214,720,1494,37,21,16,5,3,2,0,0,0
23,461,District - Anuppur (44),Rural,Age not stated,649,350,299,403,232,171,214,109,105,25,6,19,4,3,1,3,0,3,0,0,0
23,461,District - Anuppur (44),Rural,Less than 18,210408,106298,104110,206752,105038,101714,3444,1173,2271,132,55,77,69,25,44,11,7,4,0,0,0
23,461,District - Anuppur (44),Rural,Less than 21,241232,121467,119765,226185,117476,108709,14451,3799,10652,277,101,176,284,80,204,35,11,24,0,0,0
23,461,District - Anuppur (44),Urban,All ages,205241,107084,98157,100768,56736,44032,95834,48268,47566,7531,1779,5752,957,265,692,151,36,115,0,0,0
23,461,District - Anuppur (44),Urban,0-9,35584,18497,17087,35584,18497,17087,0,0,0,0,0,0,0,0,0,0,0,0,0,0,0
23,461,District - Anuppur (44),Urban,10-14,22791,11963,10828,22365,11798,10567,398,153,245,20,10,10,5,2,3,3,0,3,0,0,0
23,461,District - Anuppur (44),Urban,15-19,24143,12668,11475,22334,12265,10069,1762,389,1373,33,11,22,13,2,11,1,1,0,0,0,0
23,461,District - Anuppur (44),Urban,20-24,22560,11832,10728,13848,9095,4753,8481,2679,5802,115,33,82,96,19,77,20,6,14,0,0,0
23,461,District - Anuppur (44),Urban,25-29,16803,8935,7868,4335,3369,966,12132,5482,6650,171,44,127,136,34,102,29,6,23,0,0,0
23,461,District - Anuppur (44),Urban,30-34,13618,7061,6557,1074,874,200,12098,6053,6045,254,77,177,162,49,113,30,8,22,0,0,0
23,461,District - Anuppur (44),Urban,35-39,13024,6335,6689,354,267,87,12123,5949,6174,358,66,292,164,48,116,25,5,20,0,0,0
23,461,District - Anuppur (44),Urban,40-44,13512,6452,7060,142,106,36,12584,6180,6404,634,128,506,132,32,100,20,6,14,0,0,0
23,461,District - Anuppur (44),Urban,45-49,14107,7118,6989,109,74,35,13071,6839,6232,815,177,638,106,26,80,6,2,4,0,0,0
23,461,District - Anuppur (44),Urban,50-54,11481,6565,4916,66,44,22,10491,6325,4166,858,181,677,56,15,41,10,0,10,0,0,0
23,461,District - Anuppur (44),Urban,55-59,7024,4435,2589,61,35,26,6149,4202,1947,778,184,594,32,13,19,4,1,3,0,0,0
23,461,District - Anuppur (44),Urban,60-64,3918,2042,1876,88,55,33,2862,1762,1100,944,213,731,23,12,11,1,0,1,0,0,0
23,461,District - Anuppur (44),Urban,65-69,2471,1207,1264,90,58,32,1627,970,657,742,176,566,12,3,9,0,0,0,0,0,0
23,461,District - Anuppur (44),Urban,70-74,1837,827,1010,44,27,17,985,637,348,795,158,637,11,4,7,2,1,1,0,0,0
23,461,District - Anuppur (44),Urban,75-79,909,435,474,20,13,7,468,303,165,419,118,301,2,1,1,0,0,0,0,0,0
23,461,District - Anuppur (44),Urban,80+,1158,565,593,119,79,40,451,280,171,582,201,381,6,5,1,0,0,0,0,0,0
23,461,District - Anuppur (44),Urban,Age not stated,301,147,154,135,80,55,152,65,87,13,2,11,1,0,1,0,0,0,0,0,0
23,461,District - Anuppur (44),Urban,Less than 18,72987,38183,34804,71974,37843,34131,957,321,636,43,17,26,10,2,8,3,0,3,0,0,0
23,461,District - Anuppur (44),Urban,Less than 21,87966,45887,42079,84210,44972,39238,3650,881,2769,66,26,40,32,6,26,8,2,6,0,0,0
23,462,District - Sidhi (45),Total,All ages,1127033,575912,551121,566022,309009,257013,515924,251337,264587,41784,14185,27599,2824,1210,1614,479,171,308,0,0,0
23,462,District - Sidhi (45),Total,0-9,280668,145835,134833,280668,145835,134833,0,0,0,0,0,0,0,0,0,0,0,0,0,0,0
23,462,District - Sidhi (45),Total,10-14,146436,74342,72094,143364,73197,70167,2913,1078,1835,90,34,56,57,27,30,12,6,6,0,0,0
23,462,District - Sidhi (45),Total,15-19,115706,60567,55139,98700,56385,42315,16710,4064,12646,188,73,115,96,42,54,12,3,9,0,0,0
23,462,District - Sidhi (45),Total,20-24,97863,50330,47533,31405,24134,7271,65465,25762,39703,644,298,346,298,119,179,51,17,34,0,0,0
23,462,District - Sidhi (45),Total,25-29,80858,40699,40159,6529,5573,956,72763,34432,38331,1112,486,626,387,184,203,67,24,43,0,0,0
23,462,District - Sidhi (45),Total,30-34,74796,36577,38219,1785,1496,289,71056,34291,36765,1484,603,881,406,163,243,65,24,41,0,0,0
23,462,District - Sidhi (45),Total,35-39,70558,35189,35369,661,513,148,67336,33792,33544,2106,701,1405,390,158,232,65,25,40,0,0,0
23,462,District - Sidhi (45),Total,40-44,59422,30014,29408,384,280,104,56044,28715,27329,2614,855,1759,328,146,182,52,18,34,0,0,0
23,462,District - Sidhi (45),Total,45-49,48909,25169,23740,277,212,65,45432,23857,21575,2900,975,1925,256,108,148,44,17,27,0,0,0
23,462,District - Sidhi (45),Total,50-54,36486,19431,17055,214,153,61,32757,18125,14632,3308,1077,2231,176,68,108,31,8,23,0,0,0
23,462,District - Sidhi (45),Total,55-59,28318,13886,14432,155,97,58,25048,12671,12377,2979,1053,1926,114,57,57,22,8,14,0,0,0
23,462,District - Sidhi (45),Total,60-64,30170,14897,15273,276,171,105,24045,12920,11125,5682,1740,3942,145,60,85,22,6,16,0,0,0
23,462,District - Sidhi (45),Total,65-69,22162,10797,11365,251,160,91,16410,8928,7482,5411,1671,3740,72,30,42,18,8,10,0,0,0
23,462,District - Sidhi (45),Total,70-74,17224,9095,8129,193,128,65,10820,6972,3848,6158,1969,4189,43,21,22,10,5,5,0,0,0
23,462,District - Sidhi (45),Total,75-79,7765,4032,3733,134,87,47,4595,2826,1769,3011,1109,1902,24,9,15,1,1,0,0,0,0
23,462,District - Sidhi (45),Total,80+,8834,4612,4222,522,316,206,4216,2751,1465,4060,1527,2533,30,17,13,6,1,5,0,0,0
23,462,District - Sidhi (45),Total,Age not stated,858,440,418,504,272,232,314,153,161,37,14,23,2,1,1,1,0,1,0,0,0
23,462,District - Sidhi (45),Total,Less than 18,497947,257338,240609,490323,254879,235444,7331,2341,4990,182,67,115,95,43,52,16,8,8,0,0,0
23,462,District - Sidhi (45),Total,Less than 21,569256,294298,274958,535415,284697,250718,33174,9334,23840,417,165,252,215,90,125,35,12,23,0,0,0
23,462,District - Sidhi (45),Rural,All ages,1033912,527378,506534,518759,282325,236434,473410,230417,242993,38673,13336,25337,2620,1136,1484,450,164,286,0,0,0
23,462,District - Sidhi (45),Rural,0-9,261385,135569,125816,261385,135569,125816,0,0,0,0,0,0,0,0,0,0,0,0,0,0,0
23,462,District - Sidhi (45),Rural,10-14,134834,68134,66700,131952,67044,64908,2734,1028,1706,82,31,51,54,25,29,12,6,6,0,0,0
23,462,District - Sidhi (45),Rural,15-19,105143,54998,50145,89015,51021,37994,15852,3872,11980,174,65,109,90,37,53,12,3,9,0,0,0
23,462,District - Sidhi (45),Rural,20-24,89093,45819,43274,26786,21017,5769,61375,24388,36987,606,282,324,277,115,162,49,17,32,0,0,0
23,462,District - Sidhi (45),Rural,25-29,73346,36944,36402,5085,4433,652,66809,31847,34962,1027,464,563,363,176,187,62,24,38,0,0,0
23,462,District - Sidhi (45),Rural,30-34,68007,33189,34818,1372,1144,228,64827,31293,33534,1377,580,797,372,149,223,59,23,36,0,0,0
23,462,District - Sidhi (45),Rural,35-39,64042,31877,32165,549,420,129,61158,30633,30525,1917,656,1261,357,145,212,61,23,38,0,0,0
23,462,District - Sidhi (45),Rural,40-44,53642,27044,26598,322,232,90,50595,25851,24744,2382,805,1577,294,138,156,49,18,31,0,0,0
23,462,District - Sidhi (45),Rural,45-49,44325,22749,21576,244,188,56,41123,21516,19607,2670,924,1746,245,104,141,43,17,26,0,0,0
23,462,District - Sidhi (45),Rural,50-54,33096,17537,15559,189,135,54,29676,16326,13350,3039,1003,2036,162,65,97,30,8,22,0,0,0
23,462,District - Sidhi (45),Rural,55-59,25952,12667,13285,140,90,50,22955,11530,11425,2728,985,1743,109,54,55,20,8,12,0,0,0
23,462,District - Sidhi (45),Rural,60-64,28017,13821,14196,258,159,99,22304,11953,10351,5301,1650,3651,134,54,80,20,5,15,0,0,0
23,462,District - Sidhi (45),Rural,65-69,20630,10032,10598,219,140,79,15313,8288,7025,5011,1569,3442,71,29,42,16,6,10,0,0,0
23,462,District - Sidhi (45),Rural,70-74,16115,8536,7579,175,117,58,10156,6550,3606,5732,1843,3889,42,21,21,10,5,5,0,0,0
23,462,District - Sidhi (45),Rural,75-79,7231,3741,3490,125,83,42,4283,2618,1665,2801,1032,1769,21,7,14,1,1,0,0,0,0
23,462,District - Sidhi (45),Rural,80+,8234,4297,3937,459,271,188,3952,2577,1375,3791,1433,2358,27,16,11,5,0,5,0,0,0
23,462,District - Sidhi (45),Rural,Age not stated,820,424,396,484,262,222,298,147,151,35,14,21,2,1,1,1,0,1,0,0,0
23,462,District - Sidhi (45),Rural,Less than 18,460554,237446,223108,453383,235120,218263,6900,2219,4681,165,59,106,90,40,50,16,8,8,0,0,0
23,462,District - Sidhi (45),Rural,Less than 21,525473,271058,254415,493468,261919,231549,31379,8893,22486,390,151,239,201,83,118,35,12,23,0,0,0
23,462,District - Sidhi (45),Urban,All ages,93121,48534,44587,47263,26684,20579,42514,20920,21594,3111,849,2262,204,74,130,29,7,22,0,0,0
23,462,District - Sidhi (45),Urban,0-9,19283,10266,9017,19283,10266,9017,0,0,0,0,0,0,0,0,0,0,0,0,0,0,0
23,462,District - Sidhi (45),Urban,10-14,11602,6208,5394,11412,6153,5259,179,50,129,8,3,5,3,2,1,0,0,0,0,0,0
23,462,District - Sidhi (45),Urban,15-19,10563,5569,4994,9685,5364,4321,858,192,666,14,8,6,6,5,1,0,0,0,0,0,0
23,462,District - Sidhi (45),Urban,20-24,8770,4511,4259,4619,3117,1502,4090,1374,2716,38,16,22,21,4,17,2,0,2,0,0,0
23,462,District - Sidhi (45),Urban,25-29,7512,3755,3757,1444,1140,304,5954,2585,3369,85,22,63,24,8,16,5,0,5,0,0,0
23,462,District - Sidhi (45),Urban,30-34,6789,3388,3401,413,352,61,6229,2998,3231,107,23,84,34,14,20,6,1,5,0,0,0
23,462,District - Sidhi (45),Urban,35-39,6516,3312,3204,112,93,19,6178,3159,3019,189,45,144,33,13,20,4,2,2,0,0,0
23,462,District - Sidhi (45),Urban,40-44,5780,2970,2810,62,48,14,5449,2864,2585,232,50,182,34,8,26,3,0,3,0,0,0
23,462,District - Sidhi (45),Urban,45-49,4584,2420,2164,33,24,9,4309,2341,1968,230,51,179,11,4,7,1,0,1,0,0,0
23,462,District - Sidhi (45),Urban,50-54,3390,1894,1496,25,18,7,3081,1799,1282,269,74,195,14,3,11,1,0,1,0,0,0
23,462,District - Sidhi (45),Urban,55-59,2366,1219,1147,15,7,8,2093,1141,952,251,68,183,5,3,2,2,0,2,0,0,0
23,462,District - Sidhi (45),Urban,60-64,2153,1076,1077,18,12,6,1741,967,774,381,90,291,11,6,5,2,1,1,0,0,0
23,462,District - Sidhi (45),Urban,65-69,1532,765,767,32,20,12,1097,640,457,400,102,298,1,1,0,2,2,0,0,0,0
23,462,District - Sidhi (45),Urban,70-74,1109,559,550,18,11,7,664,422,242,426,126,300,1,0,1,0,0,0,0,0,0
23,462,District - Sidhi (45),Urban,75-79,534,291,243,9,4,5,312,208,104,210,77,133,3,2,1,0,0,0,0,0,0
23,462,District - Sidhi (45),Urban,80+,600,315,285,63,45,18,264,174,90,269,94,175,3,1,2,1,1,0,0,0,0
23,462,District - Sidhi (45),Urban,Age not stated,38,16,22,20,10,10,16,6,10,2,0,2,0,0,0,0,0,0,0,0,0
23,462,District - Sidhi (45),Urban,Less than 18,37393,19892,17501,36940,19759,17181,431,122,309,17,8,9,5,3,2,0,0,0,0,0,0
23,462,District - Sidhi (45),Urban,Less than 21,43783,23240,20543,41947,22778,19169,1795,441,1354,27,14,13,14,7,7,0,0,0,0,0,0
23,463,District - Singrauli (46),Total,All ages,1178273,613637,564636,600135,327070,273065,541952,273281,268671,33020,11938,21082,2669,1145,1524,497,203,294,0,0,0
23,463,District - Singrauli (46),Total,0-9,300555,155284,145271,300555,155284,145271,0,0,0,0,0,0,0,0,0,0,0,0,0,0,0
23,463,District - Singrauli (46),Total,10-14,159862,81670,78192,156279,80188,76091,3399,1401,1998,100,43,57,64,31,33,20,7,13,0,0,0
23,463,District - Singrauli (46),Total,15-19,119914,63731,56183,99760,58461,41299,19776,5105,14671,209,93,116,142,59,83,27,13,14,0,0,0
23,463,District - Singrauli (46),Total,20-24,106329,56703,49626,31685,24246,7439,73520,31935,41585,637,312,325,410,173,237,77,37,40,0,0,0
23,463,District - Singrauli (46),Total,25-29,85065,44812,40253,6376,5208,1168,77369,39032,38337,882,388,494,372,160,212,66,24,42,0,0,0
23,463,District - Singrauli (46),Total,30-34,78631,39788,38843,1625,1274,351,75357,37813,37544,1224,519,705,355,159,196,70,23,47,0,0,0
23,463,District - Singrauli (46),Total,35-39,75103,38629,36474,672,481,191,72295,37359,34936,1733,632,1101,340,129,211,63,28,35,0,0,0
23,463,District - Singrauli (46),Total,40-44,62351,32639,29712,373,276,97,59486,31481,28005,2154,744,1410,283,118,165,55,20,35,0,0,0
23,463,District - Singrauli (46),Total,45-49,51104,27043,24061,227,168,59,48240,25961,22279,2392,819,1573,197,71,126,48,24,24,0,0,0
23,463,District - Singrauli (46),Total,50-54,36911,20599,16312,193,129,64,33816,19469,14347,2728,927,1801,151,64,87,23,10,13,0,0,0
23,463,District - Singrauli (46),Total,55-59,27307,14335,12972,178,118,60,24621,13234,11387,2402,931,1471,93,49,44,13,3,10,0,0,0
23,463,District - Singrauli (46),Total,60-64,26744,13414,13330,369,189,180,21808,11730,10078,4451,1439,3012,102,50,52,14,6,8,0,0,0
23,463,District - Singrauli (46),Total,65-69,19278,9675,9603,360,203,157,14726,7995,6731,4121,1443,2678,60,27,33,11,7,4,0,0,0
23,463,District - Singrauli (46),Total,70-74,14001,7495,6506,208,110,98,9035,5771,3264,4691,1580,3111,60,33,27,7,1,6,0,0,0
23,463,District - Singrauli (46),Total,75-79,6139,3101,3038,149,80,69,3845,2235,1610,2129,777,1352,15,9,6,1,0,1,0,0,0
23,463,District - Singrauli (46),Total,80+,7896,4166,3730,578,362,216,4167,2519,1648,3128,1275,1853,22,10,12,1,0,1,0,0,0
23,463,District - Singrauli (46),Total,Age not stated,1083,553,530,548,293,255,492,241,251,39,16,23,3,3,0,1,0,1,0,0,0
23,463,District - Singrauli (46),Total,Less than 18,533053,275658,257395,524170,272597,251573,8521,2904,5617,203,83,120,123,58,65,36,16,20,0,0,0
23,463,District - Singrauli (46),Total,Less than 21,608778,315618,293160,568920,303104,265816,39043,12168,26875,450,194,256,298,119,179,67,33,34,0,0,0
23,463,District - Singrauli (46),Rural,All ages,951487,493324,458163,486397,263147,223250,434778,218697,216081,27630,10270,17360,2274,1028,1246,408,182,226,0,0,0
23,463,District - Singrauli (46),Rural,0-9,254948,131199,123749,254948,131199,123749,0,0,0,0,0,0,0,0,0,0,0,0,0,0,0
23,463,District - Singrauli (46),Rural,10-14,131784,67001,64783,128988,65839,63149,2649,1095,1554,82,36,46,52,26,26,13,5,8,0,0,0
23,463,District - Singrauli (46),Rural,15-19,93206,49223,43983,75728,44675,31053,17160,4406,12754,178,82,96,117,48,69,23,12,11,0,0,0
23,463,District - Singrauli (46),Rural,20-24,84132,44937,39195,19986,16326,3660,63188,28146,35042,538,275,263,352,156,196,68,34,34,0,0,0
23,463,District - Singrauli (46),Rural,25-29,67404,35492,31912,3159,2702,457,63119,32287,30832,744,335,409,327,146,181,55,22,33,0,0,0
23,463,District - Singrauli (46),Rural,30-34,63226,31998,31228,914,721,193,60935,30657,30278,1023,457,566,300,142,158,54,21,33,0,0,0
23,463,District - Singrauli (46),Rural,35-39,59394,30834,28560,446,321,125,57184,29816,27368,1427,553,874,284,117,167,53,27,26,0,0,0
23,463,District - Singrauli (46),Rural,40-44,47371,25119,22252,254,194,60,45098,24162,20936,1731,635,1096,241,110,131,47,18,29,0,0,0
23,463,District - Singrauli (46),Rural,45-49,37227,19424,17803,152,119,33,35020,18520,16500,1851,705,1146,168,62,106,36,18,18,0,0,0
23,463,District - Singrauli (46),Rural,50-54,27089,14731,12358,136,96,40,24634,13788,10846,2176,782,1394,124,56,68,19,9,10,0,0,0
23,463,District - Singrauli (46),Rural,55-59,21295,10528,10767,126,83,43,19128,9644,9484,1950,757,1193,81,42,39,10,2,8,0,0,0
23,463,District - Singrauli (46),Rural,60-64,23071,11433,11638,258,138,120,18882,9994,8888,3833,1249,2584,86,46,40,12,6,6,0,0,0
23,463,District - Singrauli (46),Rural,65-69,16754,8415,8339,229,137,92,12896,6985,5911,3563,1260,2303,56,26,30,10,7,3,0,0,0
23,463,District - Singrauli (46),Rural,70-74,12068,6494,5574,153,84,69,7793,4996,2797,4066,1383,2683,51,30,21,5,1,4,0,0,0
23,463,District - Singrauli (46),Rural,75-79,5302,2656,2646,113,60,53,3373,1932,1441,1802,656,1146,13,8,5,1,0,1,0,0,0
23,463,District - Singrauli (46),Rural,80+,6427,3441,2986,400,243,157,3370,2096,1274,2637,1092,1545,19,10,9,1,0,1,0,0,0
23,463,District - Singrauli (46),Rural,Age not stated,789,399,390,407,210,197,349,173,176,29,13,16,3,3,0,1,0,1,0,0,0
23,463,District - Singrauli (46),Rural,Less than 18,443080,228131,214949,435993,225691,210302,6792,2310,4482,168,69,99,99,47,52,28,14,14,0,0,0
23,463,District - Singrauli (46),Rural,Less than 21,502734,259359,243375,468357,248537,219820,33693,10525,23168,378,169,209,255,100,155,51,28,23,0,0,0
23,463,District - Singrauli (46),Urban,All ages,226786,120313,106473,113738,63923,49815,107174,54584,52590,5390,1668,3722,395,117,278,89,21,68,0,0,0
23,463,District - Singrauli (46),Urban,0-9,45607,24085,21522,45607,24085,21522,0,0,0,0,0,0,0,0,0,0,0,0,0,0,0
23,463,District - Singrauli (46),Urban,10-14,28078,14669,13409,27291,14349,12942,750,306,444,18,7,11,12,5,7,7,2,5,0,0,0
23,463,District - Singrauli (46),Urban,15-19,26708,14508,12200,24032,13786,10246,2616,699,1917,31,11,20,25,11,14,4,1,3,0,0,0
23,463,District - Singrauli (46),Urban,20-24,22197,11766,10431,11699,7920,3779,10332,3789,6543,99,37,62,58,17,41,9,3,6,0,0,0
23,463,District - Singrauli (46),Urban,25-29,17661,9320,8341,3217,2506,711,14250,6745,7505,138,53,85,45,14,31,11,2,9,0,0,0
23,463,District - Singrauli (46),Urban,30-34,15405,7790,7615,711,553,158,14422,7156,7266,201,62,139,55,17,38,16,2,14,0,0,0
23,463,District - Singrauli (46),Urban,35-39,15709,7795,7914,226,160,66,15111,7543,7568,306,79,227,56,12,44,10,1,9,0,0,0
23,463,District - Singrauli (46),Urban,40-44,14980,7520,7460,119,82,37,14388,7319,7069,423,109,314,42,8,34,8,2,6,0,0,0
23,463,District - Singrauli (46),Urban,45-49,13877,7619,6258,75,49,26,13220,7441,5779,541,114,427,29,9,20,12,6,6,0,0,0
23,463,District - Singrauli (46),Urban,50-54,9822,5868,3954,57,33,24,9182,5681,3501,552,145,407,27,8,19,4,1,3,0,0,0
23,463,District - Singrauli (46),Urban,55-59,6012,3807,2205,52,35,17,5493,3590,1903,452,174,278,12,7,5,3,1,2,0,0,0
23,463,District - Singrauli (46),Urban,60-64,3673,1981,1692,111,51,60,2926,1736,1190,618,190,428,16,4,12,2,0,2,0,0,0
23,463,District - Singrauli (46),Urban,65-69,2524,1260,1264,131,66,65,1830,1010,820,558,183,375,4,1,3,1,0,1,0,0,0
23,463,District - Singrauli (46),Urban,70-74,1933,1001,932,55,26,29,1242,775,467,625,197,428,9,3,6,2,0,2,0,0,0
23,463,District - Singrauli (46),Urban,75-79,837,445,392,36,20,16,472,303,169,327,121,206,2,1,1,0,0,0,0,0,0
23,463,District - Singrauli (46),Urban,80+,1469,725,744,178,119,59,797,423,374,491,183,308,3,0,3,0,0,0,0,0,0
23,463,District - Singrauli (46),Urban,Age not stated,294,154,140,141,83,58,143,68,75,10,3,7,0,0,0,0,0,0,0,0,0
23,463,District - Singrauli (46),Urban,Less than 18,89973,47527,42446,88177,46906,41271,1729,594,1135,35,14,21,24,11,13,8,2,6,0,0,0
23,463,District - Singrauli (46),Urban,Less than 21,106044,56259,49785,100563,54567,45996,5350,1643,3707,72,25,47,43,19,24,16,5,11,0,0,0
23,464,District - Jhabua (47),Total,All ages,1025048,515023,510025,538157,283815,254342,450899,221395,229504,33688,8601,25087,1739,940,799,565,272,293,0,0,0
23,464,District - Jhabua (47),Total,0-9,304460,156763,147697,304460,156763,147697,0,0,0,0,0,0,0,0,0,0,0,0,0,0,0
23,464,District - Jhabua (47),Total,10-14,139037,71763,67274,135712,70324,65388,3230,1385,1845,57,29,28,32,22,10,6,3,3,0,0,0
23,464,District - Jhabua (47),Total,15-19,93113,45640,47473,71827,38866,32961,21060,6664,14396,123,53,70,88,50,38,15,7,8,0,0,0
23,464,District - Jhabua (47),Total,20-24,78040,37982,40058,16528,11171,5357,60918,26528,34390,324,147,177,200,106,94,70,30,40,0,0,0
23,464,District - Jhabua (47),Total,25-29,69550,34511,35039,4203,3047,1156,64505,31083,33422,525,218,307,236,119,117,81,44,37,0,0,0
23,464,District - Jhabua (47),Total,30-34,63945,32007,31938,1544,1084,460,61230,30437,30793,861,326,535,222,117,105,88,43,45,0,0,0
23,464,District - Jhabua (47),Total,35-39,57949,28980,28969,907,654,253,55374,27648,27726,1355,513,842,238,125,113,75,40,35,0,0,0
23,464,District - Jhabua (47),Total,40-44,52089,26227,25862,595,423,172,49251,25017,24234,1956,623,1333,219,128,91,68,36,32,0,0,0
23,464,District - Jhabua (47),Total,45-49,46786,23399,23387,459,326,133,43460,22197,21263,2656,771,1885,155,76,79,56,29,27,0,0,0
23,464,District - Jhabua (47),Total,50-54,34883,18486,16397,295,202,93,31093,17293,13800,3324,911,2413,128,61,67,43,19,24,0,0,0
23,464,District - Jhabua (47),Total,55-59,26065,12343,13722,205,127,78,22588,11373,11215,3164,779,2385,89,55,34,19,9,10,0,0,0
23,464,District - Jhabua (47),Total,60-64,22597,11247,11350,405,238,167,16801,9786,7015,5306,1180,4126,64,38,26,21,5,16,0,0,0
23,464,District - Jhabua (47),Total,65-69,14472,6181,8291,305,173,132,9848,5070,4778,4282,913,3369,32,23,9,5,2,3,0,0,0
23,464,District - Jhabua (47),Total,70-74,11011,4983,6028,131,68,63,6170,3907,2263,4679,989,3690,22,15,7,9,4,5,0,0,0
23,464,District - Jhabua (47),Total,75-79,4680,1833,2847,55,26,29,2616,1364,1252,2004,441,1563,3,1,2,2,1,1,0,0,0
23,464,District - Jhabua (47),Total,80+,5973,2445,3528,245,136,109,2650,1600,1050,3063,706,2357,10,3,7,5,0,5,0,0,0
23,464,District - Jhabua (47),Total,Age not stated,398,233,165,281,187,94,105,43,62,9,2,7,1,1,0,2,0,2,0,0,0
23,464,District - Jhabua (47),Total,Less than 18,501137,257719,243418,491435,254084,237351,9505,3533,5972,123,56,67,63,40,23,11,6,5,0,0,0
23,464,District - Jhabua (47),Total,Less than 21,557513,284509,273004,518906,270463,248443,38152,13815,24337,251,114,137,169,98,71,35,19,16,0,0,0
23,464,District - Jhabua (47),Rural,All ages,933065,467468,465597,493337,258640,234697,407912,199904,208008,29973,7888,22085,1421,818,603,422,218,204,0,0,0
23,464,District - Jhabua (47),Rural,0-9,285314,146633,138681,285314,146633,138681,0,0,0,0,0,0,0,0,0,0,0,0,0,0,0
23,464,District - Jhabua (47),Rural,10-14,128736,66093,62643,125569,64714,60855,3081,1329,1752,49,26,23,31,21,10,6,3,3,0,0,0
23,464,District - Jhabua (47),Rural,15-19,83797,40686,43111,63496,34150,29346,20087,6429,13658,116,52,64,84,48,36,14,7,7,0,0,0
23,464,District - Jhabua (47),Rural,20-24,69417,33606,35811,12213,8356,3857,56661,24982,31679,298,140,158,183,101,82,62,27,35,0,0,0
23,464,District - Jhabua (47),Rural,25-29,61715,30616,31099,2626,1971,655,58363,28296,30067,472,206,266,192,105,87,62,38,24,0,0,0
23,464,District - Jhabua (47),Rural,30-34,56728,28354,28374,1061,757,304,54680,27166,27514,748,302,446,174,99,75,65,30,35,0,0,0
23,464,District - Jhabua (47),Rural,35-39,51734,25827,25907,647,465,182,49660,24736,24924,1186,489,697,187,105,82,54,32,22,0,0,0
23,464,District - Jhabua (47),Rural,40-44,46392,23304,23088,452,335,117,43983,22251,21732,1733,581,1152,176,109,67,48,28,20,0,0,0
23,464,District - Jhabua (47),Rural,45-49,41713,20843,20870,362,266,96,38896,19765,19131,2288,719,1569,127,70,57,40,23,17,0,0,0
23,464,District - Jhabua (47),Rural,50-54,30821,16321,14500,227,167,60,27554,15254,12300,2914,837,2077,98,50,48,28,13,15,0,0,0
23,464,District - Jhabua (47),Rural,55-59,23424,10970,12454,154,100,54,20382,10102,10280,2812,718,2094,65,43,22,11,7,4,0,0,0
23,464,District - Jhabua (47),Rural,60-64,20496,10218,10278,350,208,142,15266,8889,6377,4815,1085,3730,50,31,19,15,5,10,0,0,0
23,464,District - Jhabua (47),Rural,65-69,13064,5506,7558,251,149,102,8921,4513,4408,3863,823,3040,26,19,7,3,2,1,0,0,0
23,464,District - Jhabua (47),Rural,70-74,9926,4511,5415,105,55,50,5569,3534,2035,4229,907,3322,17,12,5,6,3,3,0,0,0
23,464,District - Jhabua (47),Rural,75-79,4121,1581,2540,46,23,23,2327,1175,1152,1745,382,1363,2,1,1,1,0,1,0,0,0
23,464,District - Jhabua (47),Rural,80+,5303,2180,3123,206,116,90,2386,1442,944,2698,619,2079,8,3,5,5,0,5,0,0,0
23,464,District - Jhabua (47),Rural,Age not stated,364,219,145,258,175,83,96,41,55,7,2,5,1,1,0,2,0,2,0,0,0
23,464,District - Jhabua (47),Rural,Less than 18,466092,238888,227204,456838,235383,221455,9070,3407,5663,111,53,58,62,39,23,11,6,5,0,0,0
23,464,District - Jhabua (47),Rural,Less than 21,516755,262756,253999,480052,249226,230826,36276,13309,22967,230,107,123,163,95,68,34,19,15,0,0,0
23,464,District - Jhabua (47),Urban,All ages,91983,47555,44428,44820,25175,19645,42987,21491,21496,3715,713,3002,318,122,196,143,54,89,0,0,0
23,464,District - Jhabua (47),Urban,0-9,19146,10130,9016,19146,10130,9016,0,0,0,0,0,0,0,0,0,0,0,0,0,0,0
23,464,District - Jhabua (47),Urban,10-14,10301,5670,4631,10143,5610,4533,149,56,93,8,3,5,1,1,0,0,0,0,0,0,0
23,464,District - Jhabua (47),Urban,15-19,9316,4954,4362,8331,4716,3615,973,235,738,7,1,6,4,2,2,1,0,1,0,0,0
23,464,District - Jhabua (47),Urban,20-24,8623,4376,4247,4315,2815,1500,4257,1546,2711,26,7,19,17,5,12,8,3,5,0,0,0
23,464,District - Jhabua (47),Urban,25-29,7835,3895,3940,1577,1076,501,6142,2787,3355,53,12,41,44,14,30,19,6,13,0,0,0
23,464,District - Jhabua (47),Urban,30-34,7217,3653,3564,483,327,156,6550,3271,3279,113,24,89,48,18,30,23,13,10,0,0,0
23,464,District - Jhabua (47),Urban,35-39,6215,3153,3062,260,189,71,5714,2912,2802,169,24,145,51,20,31,21,8,13,0,0,0
23,464,District - Jhabua (47),Urban,40-44,5697,2923,2774,143,88,55,5268,2766,2502,223,42,181,43,19,24,20,8,12,0,0,0
23,464,District - Jhabua (47),Urban,45-49,5073,2556,2517,97,60,37,4564,2432,2132,368,52,316,28,6,22,16,6,10,0,0,0
23,464,District - Jhabua (47),Urban,50-54,4062,2165,1897,68,35,33,3539,2039,1500,410,74,336,30,11,19,15,6,9,0,0,0
23,464,District - Jhabua (47),Urban,55-59,2641,1373,1268,51,27,24,2206,1271,935,352,61,291,24,12,12,8,2,6,0,0,0
23,464,District - Jhabua (47),Urban,60-64,2101,1029,1072,55,30,25,1535,897,638,491,95,396,14,7,7,6,0,6,0,0,0
23,464,District - Jhabua (47),Urban,65-69,1408,675,733,54,24,30,927,557,370,419,90,329,6,4,2,2,0,2,0,0,0
23,464,District - Jhabua (47),Urban,70-74,1085,472,613,26,13,13,601,373,228,450,82,368,5,3,2,3,1,2,0,0,0
23,464,District - Jhabua (47),Urban,75-79,559,252,307,9,3,6,289,189,100,259,59,200,1,0,1,1,1,0,0,0,0
23,464,District - Jhabua (47),Urban,80+,670,265,405,39,20,19,264,158,106,365,87,278,2,0,2,0,0,0,0,0,0
23,464,District - Jhabua (47),Urban,Age not stated,34,14,20,23,12,11,9,2,7,2,0,2,0,0,0,0,0,0,0,0,0
23,464,District - Jhabua (47),Urban,Less than 18,35045,18831,16214,34597,18701,15896,435,126,309,12,3,9,1,1,0,0,0,0,0,0,0
23,464,District - Jhabua (47),Urban,Less than 21,40758,21753,19005,38854,21237,17617,1876,506,1370,21,7,14,6,3,3,1,0,1,0,0,0
23,465,District - Alirajpur (48),Total,All ages,728999,362542,366457,403995,207483,196512,300602,147630,152972,23116,6749,16367,853,448,405,433,232,201,0,0,0
23,465,District - Alirajpur (48),Total,0-9,215159,108505,106654,215159,108505,106654,0,0,0,0,0,0,0,0,0,0,0,0,0,0,0
23,465,District - Alirajpur (48),Total,10-14,102996,52357,50639,100538,51296,49242,2337,993,1344,67,37,30,46,26,20,8,5,3,0,0,0
23,465,District - Alirajpur (48),Total,15-19,72226,34626,37600,61812,31388,30424,10252,3160,7092,103,46,57,41,22,19,18,10,8,0,0,0
23,465,District - Alirajpur (48),Total,20-24,52304,25106,27198,16465,9883,6582,35468,15051,20417,213,91,122,101,54,47,57,27,30,0,0,0
23,465,District - Alirajpur (48),Total,25-29,46163,22490,23673,4116,2735,1381,41540,19539,22001,355,139,216,94,47,47,58,30,28,0,0,0
23,465,District - Alirajpur (48),Total,30-34,43756,21735,22021,1573,1011,562,41368,20388,20980,636,238,398,106,54,52,73,44,29,0,0,0
23,465,District - Alirajpur (48),Total,35-39,41555,20859,20696,900,581,319,39464,19869,19595,1015,313,702,117,63,54,59,33,26,0,0,0
23,465,District - Alirajpur (48),Total,40-44,36500,18362,18138,652,431,221,34218,17383,16835,1499,490,1009,84,41,43,47,17,30,0,0,0
23,465,District - Alirajpur (48),Total,45-49,33517,16828,16689,471,332,139,30967,15843,15124,1968,595,1373,77,38,39,34,20,14,0,0,0
23,465,District - Alirajpur (48),Total,50-54,25464,13248,12216,325,227,98,22595,12245,10350,2455,728,1727,57,28,29,32,20,12,0,0,0
23,465,District - Alirajpur (48),Total,55-59,19700,9668,10032,252,169,83,16881,8749,8132,2516,725,1791,39,20,19,12,5,7,0,0,0
23,465,District - Alirajpur (48),Total,60-64,15711,7865,7846,400,229,171,11662,6659,5003,3592,940,2652,42,26,16,15,11,4,0,0,0
23,465,District - Alirajpur (48),Total,65-69,9731,4447,5284,297,160,137,6505,3462,3043,2903,809,2094,17,13,4,9,3,6,0,0,0
23,465,District - Alirajpur (48),Total,70-74,6819,3227,3592,168,86,82,3764,2372,1392,2861,752,2109,19,12,7,7,5,2,0,0,0
23,465,District - Alirajpur (48),Total,75-79,2964,1251,1713,66,35,31,1595,853,742,1294,360,934,5,1,4,4,2,2,0,0,0
23,465,District - Alirajpur (48),Total,80+,3760,1646,2114,392,200,192,1748,963,785,1612,480,1132,8,3,5,0,0,0,0,0,0
23,465,District - Alirajpur (48),Total,Age not stated,674,322,352,409,215,194,238,101,137,27,6,21,0,0,0,0,0,0,0,0,0
23,465,District - Alirajpur (48),Total,Less than 18,363016,183020,179996,357783,180931,176852,5037,1989,3048,123,58,65,59,32,27,14,10,4,0,0,0
23,465,District - Alirajpur (48),Total,Less than 21,404993,202485,202508,384645,195274,189371,19991,7033,12958,217,105,112,104,55,49,36,18,18,0,0,0
23,465,District - Alirajpur (48),Rural,All ages,671925,333593,338332,374964,191728,183236,275239,134982,140257,20694,6296,14398,685,384,301,343,203,140,0,0,0
23,465,District - Alirajpur (48),Rural,0-9,203022,102337,100685,203022,102337,100685,0,0,0,0,0,0,0,0,0,0,0,0,0,0,0
23,465,District - Alirajpur (48),Rural,10-14,96316,48840,47476,93948,47811,46137,2256,965,1291,63,34,29,41,25,16,8,5,3,0,0,0
23,465,District - Alirajpur (48),Rural,15-19,66208,31522,34686,56348,28426,27922,9711,3022,6689,101,45,56,33,19,14,15,10,5,0,0,0
23,465,District - Alirajpur (48),Rural,20-24,47106,22522,24584,13537,8015,5522,33234,14344,18890,197,89,108,93,51,42,45,23,22,0,0,0
23,465,District - Alirajpur (48),Rural,25-29,41507,20250,21257,3094,2008,1086,37966,18041,19925,319,131,188,76,42,34,52,28,24,0,0,0
23,465,District - Alirajpur (48),Rural,30-34,39297,19468,19829,1241,793,448,37340,18372,18968,571,218,353,89,44,45,56,41,15,0,0,0
23,465,District - Alirajpur (48),Rural,35-39,37636,18865,18771,735,475,260,35872,18018,17854,895,293,602,84,48,36,50,31,19,0,0,0
23,465,District - Alirajpur (48),Rural,40-44,32972,16560,16412,549,376,173,31000,15672,15328,1321,460,861,70,40,30,32,12,20,0,0,0
23,465,District - Alirajpur (48),Rural,45-49,30578,15247,15331,394,288,106,28346,14360,13986,1766,558,1208,49,26,23,23,15,8,0,0,0
23,465,District - Alirajpur (48),Rural,50-54,23186,12084,11102,286,204,82,20644,11152,9492,2184,686,1498,45,24,21,27,18,9,0,0,0
23,465,District - Alirajpur (48),Rural,55-59,18023,8785,9238,224,152,72,15491,7931,7560,2273,682,1591,27,16,11,8,4,4,0,0,0
23,465,District - Alirajpur (48),Rural,60-64,14359,7217,7142,351,200,151,10697,6098,4599,3263,885,2378,36,25,11,12,9,3,0,0,0
23,465,District - Alirajpur (48),Rural,65-69,8864,4055,4809,264,144,120,5977,3142,2835,2605,758,1847,12,9,3,6,2,4,0,0,0
23,465,District - Alirajpur (48),Rural,70-74,6151,2915,3236,150,76,74,3412,2128,1284,2565,695,1870,17,11,6,7,5,2,0,0,0
23,465,District - Alirajpur (48),Rural,75-79,2658,1108,1550,59,31,28,1452,753,699,1140,323,817,5,1,4,2,0,2,0,0,0
23,465,District - Alirajpur (48),Rural,80+,3416,1519,1897,369,187,182,1631,896,735,1408,433,975,8,3,5,0,0,0,0,0,0
23,465,District - Alirajpur (48),Rural,Age not stated,626,299,327,393,205,188,210,88,122,23,6,17,0,0,0,0,0,0,0,0,0
23,465,District - Alirajpur (48),Rural,Less than 18,340522,171419,169103,335530,169416,166114,4809,1909,2900,117,54,63,52,30,22,14,10,4,0,0,0
23,465,District - Alirajpur (48),Rural,Less than 21,378876,189082,189794,359617,182157,177460,18930,6755,12175,208,101,107,90,51,39,31,18,13,0,0,0
23,465,District - Alirajpur (48),Urban,All ages,57074,28949,28125,29031,15755,13276,25363,12648,12715,2422,453,1969,168,64,104,90,29,61,0,0,0
23,465,District - Alirajpur (48),Urban,0-9,12137,6168,5969,12137,6168,5969,0,0,0,0,0,0,0,0,0,0,0,0,0,0,0
23,465,District - Alirajpur (48),Urban,10-14,6680,3517,3163,6590,3485,3105,81,28,53,4,3,1,5,1,4,0,0,0,0,0,0
23,465,District - Alirajpur (48),Urban,15-19,6018,3104,2914,5464,2962,2502,541,138,403,2,1,1,8,3,5,3,0,3,0,0,0
23,465,District - Alirajpur (48),Urban,20-24,5198,2584,2614,2928,1868,1060,2234,707,1527,16,2,14,8,3,5,12,4,8,0,0,0
23,465,District - Alirajpur (48),Urban,25-29,4656,2240,2416,1022,727,295,3574,1498,2076,36,8,28,18,5,13,6,2,4,0,0,0
23,465,District - Alirajpur (48),Urban,30-34,4459,2267,2192,332,218,114,4028,2016,2012,65,20,45,17,10,7,17,3,14,0,0,0
23,465,District - Alirajpur (48),Urban,35-39,3919,1994,1925,165,106,59,3592,1851,1741,120,20,100,33,15,18,9,2,7,0,0,0
23,465,District - Alirajpur (48),Urban,40-44,3528,1802,1726,103,55,48,3218,1711,1507,178,30,148,14,1,13,15,5,10,0,0,0
23,465,District - Alirajpur (48),Urban,45-49,2939,1581,1358,77,44,33,2621,1483,1138,202,37,165,28,12,16,11,5,6,0,0,0
23,465,District - Alirajpur (48),Urban,50-54,2278,1164,1114,39,23,16,1951,1093,858,271,42,229,12,4,8,5,2,3,0,0,0
23,465,District - Alirajpur (48),Urban,55-59,1677,883,794,28,17,11,1390,818,572,243,43,200,12,4,8,4,1,3,0,0,0
23,465,District - Alirajpur (48),Urban,60-64,1352,648,704,49,29,20,965,561,404,329,55,274,6,1,5,3,2,1,0,0,0
23,465,District - Alirajpur (48),Urban,65-69,867,392,475,33,16,17,528,320,208,298,51,247,5,4,1,3,1,2,0,0,0
23,465,District - Alirajpur (48),Urban,70-74,668,312,356,18,10,8,352,244,108,296,57,239,2,1,1,0,0,0,0,0,0
23,465,District - Alirajpur (48),Urban,75-79,306,143,163,7,4,3,143,100,43,154,37,117,0,0,0,2,2,0,0,0,0
23,465,District - Alirajpur (48),Urban,80+,344,127,217,23,13,10,117,67,50,204,47,157,0,0,0,0,0,0,0,0,0
23,465,District - Alirajpur (48),Urban,Age not stated,48,23,25,16,10,6,28,13,15,4,0,4,0,0,0,0,0,0,0,0,0
23,465,District - Alirajpur (48),Urban,Less than 18,22494,11601,10893,22253,11515,10738,228,80,148,6,4,2,7,2,5,0,0,0,0,0,0
23,465,District - Alirajpur (48),Urban,Less than 21,26117,13403,12714,25028,13117,11911,1061,278,783,9,4,5,14,4,10,5,0,5,0,0,0
23,466,District - Khandwa (East Nimar) (49),Total,All ages,1310061,674329,635732,651549,361547,290002,596718,297188,299530,54754,12418,42336,5118,2347,2771,1922,829,1093,0,0,0
23,466,District - Khandwa (East Nimar) (49),Total,0-9,301173,155362,145811,301173,155362,145811,0,0,0,0,0,0,0,0,0,0,0,0,0,0,0
23,466,District - Khandwa (East Nimar) (49),Total,10-14,156794,80981,75813,153964,79840,74124,2666,1066,1600,109,46,63,45,26,19,10,3,7,0,0,0
23,466,District - Khandwa (East Nimar) (49),Total,15-19,133301,71090,62211,120070,68330,51740,12859,2634,10225,159,52,107,169,62,107,44,12,32,0,0,0
23,466,District - Khandwa (East Nimar) (49),Total,20-24,117160,62699,54461,52788,40099,12689,63166,22137,41029,429,161,268,566,222,344,211,80,131,0,0,0
23,466,District - Khandwa (East Nimar) (49),Total,25-29,100663,51438,49225,13248,10724,2524,85460,39965,45495,883,281,602,768,335,433,304,133,171,0,0,0
23,466,District - Khandwa (East Nimar) (49),Total,30-34,91071,46026,45045,3642,2878,764,85054,42286,42768,1360,397,963,712,336,376,303,129,174,0,0,0
23,466,District - Khandwa (East Nimar) (49),Total,35-39,85267,43600,41667,1659,1239,420,80292,41231,39061,2224,609,1615,779,381,398,313,140,173,0,0,0
23,466,District - Khandwa (East Nimar) (49),Total,40-44,74878,38907,35971,991,696,295,69852,36959,32893,3104,829,2275,685,314,371,246,109,137,0,0,0
23,466,District - Khandwa (East Nimar) (49),Total,45-49,62240,32646,29594,625,413,212,57190,31014,26176,3787,917,2870,462,215,247,176,87,89,0,0,0
23,466,District - Khandwa (East Nimar) (49),Total,50-54,47500,25365,22135,490,327,163,41985,23771,18214,4561,1047,3514,329,164,165,135,56,79,0,0,0
23,466,District - Khandwa (East Nimar) (49),Total,55-59,36957,18013,18944,331,180,151,32059,16732,15327,4334,990,3344,178,90,88,55,21,34,0,0,0
23,466,District - Khandwa (East Nimar) (49),Total,60-64,35898,17648,18250,549,293,256,27107,15647,11460,7998,1597,6401,183,80,103,61,31,30,0,0,0
23,466,District - Khandwa (East Nimar) (49),Total,65-69,25523,11794,13729,585,331,254,17626,9910,7716,7191,1497,5694,98,44,54,23,12,11,0,0,0
23,466,District - Khandwa (East Nimar) (49),Total,70-74,19967,9406,10561,280,163,117,11316,7590,3726,8266,1601,6665,83,44,39,22,8,14,0,0,0
23,466,District - Khandwa (East Nimar) (49),Total,75-79,9267,4101,5166,136,68,68,4950,3089,1861,4145,919,3226,29,20,9,7,5,2,0,0,0
23,466,District - Khandwa (East Nimar) (49),Total,80+,11816,4944,6872,648,390,258,4951,3066,1885,6177,1472,4705,30,14,16,10,2,8,0,0,0
23,466,District - Khandwa (East Nimar) (49),Total,Age not stated,586,309,277,370,214,156,185,91,94,27,3,24,2,0,2,2,1,1,0,0,0
23,466,District - Khandwa (East Nimar) (49),Total,Less than 18,537091,278137,258954,530763,275884,254879,6004,2111,3893,193,77,116,109,55,54,22,10,12,0,0,0
23,466,District - Khandwa (East Nimar) (49),Total,Less than 21,622795,324008,298787,594181,317295,276886,27808,6428,21380,376,133,243,336,122,214,94,30,64,0,0,0
23,466,District - Khandwa (East Nimar) (49),Rural,All ages,1050625,541183,509442,524347,290430,233917,477879,238040,239839,42876,10030,32846,4173,2025,2148,1350,658,692,0,0,0
23,466,District - Khandwa (East Nimar) (49),Rural,0-9,252836,130120,122716,252836,130120,122716,0,0,0,0,0,0,0,0,0,0,0,0,0,0,0
23,466,District - Khandwa (East Nimar) (49),Rural,10-14,129275,66785,62490,126942,65833,61109,2197,888,1309,92,40,52,36,21,15,8,3,5,0,0,0
23,466,District - Khandwa (East Nimar) (49),Rural,15-19,106163,56950,49213,94810,54535,40275,11035,2305,8730,132,46,86,150,54,96,36,10,26,0,0,0
23,466,District - Khandwa (East Nimar) (49),Rural,20-24,91377,49340,42037,36608,29327,7281,53746,19590,34156,359,143,216,491,204,287,173,76,97,0,0,0
23,466,District - Khandwa (East Nimar) (49),Rural,25-29,78643,40381,38262,7289,6313,976,69751,33394,36357,732,250,482,644,309,335,227,115,112,0,0,0
23,466,District - Khandwa (East Nimar) (49),Rural,30-34,71909,36297,35612,1981,1665,316,68060,33909,34151,1100,341,759,563,285,278,205,97,108,0,0,0
23,466,District - Khandwa (East Nimar) (49),Rural,35-39,67285,34550,32735,847,693,154,63872,32926,30946,1714,493,1221,626,323,303,226,115,111,0,0,0
23,466,District - Khandwa (East Nimar) (49),Rural,40-44,58433,30379,28054,530,404,126,54765,28936,25829,2423,699,1724,556,261,295,159,79,80,0,0,0
23,466,District - Khandwa (East Nimar) (49),Rural,45-49,48040,25210,22830,317,228,89,44356,23991,20365,2894,752,2142,364,176,188,109,63,46,0,0,0
23,466,District - Khandwa (East Nimar) (49),Rural,50-54,36396,19334,17062,241,179,62,32315,18138,14177,3506,845,2661,251,136,115,83,36,47,0,0,0
23,466,District - Khandwa (East Nimar) (49),Rural,55-59,28862,13865,14997,157,104,53,25176,12864,12312,3350,802,2548,144,78,66,35,17,18,0,0,0
23,466,District - Khandwa (East Nimar) (49),Rural,60-64,28336,13926,14410,357,196,161,21471,12325,9146,6322,1308,5014,145,72,73,41,25,16,0,0,0
23,466,District - Khandwa (East Nimar) (49),Rural,65-69,20335,9350,10985,418,238,180,14154,7855,6299,5663,1207,4456,81,40,41,19,10,9,0,0,0
23,466,District - Khandwa (East Nimar) (49),Rural,70-74,15824,7448,8376,187,118,69,8947,6015,2932,6602,1270,5332,72,39,33,16,6,10,0,0,0
23,466,District - Khandwa (East Nimar) (49),Rural,75-79,7219,3110,4109,89,47,42,3904,2354,1550,3197,690,2507,23,15,8,6,4,2,0,0,0
23,466,District - Khandwa (East Nimar) (49),Rural,80+,9224,3889,5335,437,251,186,3986,2481,1505,4770,1143,3627,25,12,13,6,2,4,0,0,0
23,466,District - Khandwa (East Nimar) (49),Rural,Age not stated,468,249,219,301,179,122,144,69,75,20,1,19,2,0,2,1,0,1,0,0,0
23,466,District - Khandwa (East Nimar) (49),Rural,Less than 18,445470,230526,214944,440223,228621,211602,4977,1784,3193,162,66,96,91,46,45,17,9,8,0,0,0
23,466,District - Khandwa (East Nimar) (49),Rural,Less than 21,513435,267226,246209,488869,261328,227541,23873,5647,18226,315,118,197,297,105,192,81,28,53,0,0,0
23,466,District - Khandwa (East Nimar) (49),Urban,All ages,259436,133146,126290,127202,71117,56085,118839,59148,59691,11878,2388,9490,945,322,623,572,171,401,0,0,0
23,466,District - Khandwa (East Nimar) (49),Urban,0-9,48337,25242,23095,48337,25242,23095,0,0,0,0,0,0,0,0,0,0,0,0,0,0,0
23,466,District - Khandwa (East Nimar) (49),Urban,10-14,27519,14196,13323,27022,14007,13015,469,178,291,17,6,11,9,5,4,2,0,2,0,0,0
23,466,District - Khandwa (East Nimar) (49),Urban,15-19,27138,14140,12998,25260,13795,11465,1824,329,1495,27,6,21,19,8,11,8,2,6,0,0,0
23,466,District - Khandwa (East Nimar) (49),Urban,20-24,25783,13359,12424,16180,10772,5408,9420,2547,6873,70,18,52,75,18,57,38,4,34,0,0,0
23,466,District - Khandwa (East Nimar) (49),Urban,25-29,22020,11057,10963,5959,4411,1548,15709,6571,9138,151,31,120,124,26,98,77,18,59,0,0,0
23,466,District - Khandwa (East Nimar) (49),Urban,30-34,19162,9729,9433,1661,1213,448,16994,8377,8617,260,56,204,149,51,98,98,32,66,0,0,0
23,466,District - Khandwa (East Nimar) (49),Urban,35-39,17982,9050,8932,812,546,266,16420,8305,8115,510,116,394,153,58,95,87,25,62,0,0,0
23,466,District - Khandwa (East Nimar) (49),Urban,40-44,16445,8528,7917,461,292,169,15087,8023,7064,681,130,551,129,53,76,87,30,57,0,0,0
23,466,District - Khandwa (East Nimar) (49),Urban,45-49,14200,7436,6764,308,185,123,12834,7023,5811,893,165,728,98,39,59,67,24,43,0,0,0
23,466,District - Khandwa (East Nimar) (49),Urban,50-54,11104,6031,5073,249,148,101,9670,5633,4037,1055,202,853,78,28,50,52,20,32,0,0,0
23,466,District - Khandwa (East Nimar) (49),Urban,55-59,8095,4148,3947,174,76,98,6883,3868,3015,984,188,796,34,12,22,20,4,16,0,0,0
23,466,District - Khandwa (East Nimar) (49),Urban,60-64,7562,3722,3840,192,97,95,5636,3322,2314,1676,289,1387,38,8,30,20,6,14,0,0,0
23,466,District - Khandwa (East Nimar) (49),Urban,65-69,5188,2444,2744,167,93,74,3472,2055,1417,1528,290,1238,17,4,13,4,2,2,0,0,0
23,466,District - Khandwa (East Nimar) (49),Urban,70-74,4143,1958,2185,93,45,48,2369,1575,794,1664,331,1333,11,5,6,6,2,4,0,0,0
23,466,District - Khandwa (East Nimar) (49),Urban,75-79,2048,991,1057,47,21,26,1046,735,311,948,229,719,6,5,1,1,1,0,0,0,0
23,466,District - Khandwa (East Nimar) (49),Urban,80+,2592,1055,1537,211,139,72,965,585,380,1407,329,1078,5,2,3,4,0,4,0,0,0
23,466,District - Khandwa (East Nimar) (49),Urban,Age not stated,118,60,58,69,35,34,41,22,19,7,2,5,0,0,0,1,1,0,0,0,0
23,466,District - Khandwa (East Nimar) (49),Urban,Less than 18,91621,47611,44010,90540,47263,43277,1027,327,700,31,11,20,18,9,9,5,1,4,0,0,0
23,466,District - Khandwa (East Nimar) (49),Urban,Less than 21,109360,56782,52578,105312,55967,49345,3935,781,3154,61,15,46,39,17,22,13,2,11,0,0,0
23,467,District - Burhanpur (50),Total,All ages,757847,388504,369343,377455,210132,167323,343449,170625,172824,32515,6282,26233,2522,928,1594,1906,537,1369,0,0,0
23,467,District - Burhanpur (50),Total,0-9,175607,90939,84668,175607,90939,84668,0,0,0,0,0,0,0,0,0,0,0,0,0,0,0
23,467,District - Burhanpur (50),Total,10-14,88948,45904,43044,87600,45367,42233,1274,510,764,50,14,36,22,12,10,2,1,1,0,0,0
23,467,District - Burhanpur (50),Total,15-19,74818,39544,35274,66309,38115,28194,8309,1385,6924,76,18,58,78,23,55,46,3,43,0,0,0
23,467,District - Burhanpur (50),Total,20-24,71763,37582,34181,32402,24306,8096,38482,13022,25460,280,94,186,326,99,227,273,61,212,0,0,0
23,467,District - Burhanpur (50),Total,25-29,58702,30348,28354,9216,7378,1838,48306,22635,25671,534,143,391,362,123,239,284,69,215,0,0,0
23,467,District - Burhanpur (50),Total,30-34,52267,26565,25702,2421,1785,636,48323,24377,23946,831,168,663,390,145,245,302,90,212,0,0,0
23,467,District - Burhanpur (50),Total,35-39,47754,23959,23795,996,664,332,44803,22847,21956,1320,248,1072,351,121,230,284,79,205,0,0,0
23,467,District - Burhanpur (50),Total,40-44,43777,22113,21664,629,382,247,40586,21177,19409,2033,371,1662,299,112,187,230,71,159,0,0,0
23,467,District - Burhanpur (50),Total,45-49,37807,19653,18154,473,251,222,34489,18782,15707,2441,452,1989,237,101,136,167,67,100,0,0,0
23,467,District - Burhanpur (50),Total,50-54,29024,15244,13780,304,149,155,25411,14401,11010,3017,590,2427,193,72,121,99,32,67,0,0,0
23,467,District - Burhanpur (50),Total,55-59,22068,11011,11057,230,116,114,18751,10283,8468,2923,555,2368,90,38,52,74,19,55,0,0,0
23,467,District - Burhanpur (50),Total,60-64,20220,9758,10462,302,148,154,14962,8754,6208,4807,788,4019,77,41,36,72,27,45,0,0,0
23,467,District - Burhanpur (50),Total,65-69,14414,6559,7855,267,135,132,9557,5636,3921,4509,762,3747,42,17,25,39,9,30,0,0,0
23,467,District - Burhanpur (50),Total,70-74,10647,4930,5717,153,68,85,5722,3903,1819,4728,939,3789,27,14,13,17,6,11,0,0,0
23,467,District - Burhanpur (50),Total,75-79,4769,2160,2609,58,25,33,2337,1596,741,2354,535,1819,11,3,8,9,1,8,0,0,0
23,467,District - Burhanpur (50),Total,80+,4892,2041,2851,278,174,104,2000,1255,745,2590,604,1986,16,6,10,8,2,6,0,0,0
23,467,District - Burhanpur (50),Total,Age not stated,370,194,176,210,130,80,137,62,75,22,1,21,1,1,0,0,0,0,0,0,0
23,467,District - Burhanpur (50),Total,Less than 18,308571,160547,148024,305357,159491,145866,3067,1007,2060,85,22,63,50,24,26,12,3,9,0,0,0
23,467,District - Burhanpur (50),Total,Less than 21,357924,185621,172303,340168,181973,158195,17333,3544,13789,185,51,134,152,46,106,86,7,79,0,0,0
23,467,District - Burhanpur (50),Rural,All ages,497560,254978,242582,250995,138948,112047,223830,111104,112726,20074,3980,16094,1681,659,1022,980,287,693,0,0,0
23,467,District - Burhanpur (50),Rural,0-9,125546,64879,60667,125546,64879,60667,0,0,0,0,0,0,0,0,0,0,0,0,0,0,0
23,467,District - Burhanpur (50),Rural,10-14,61907,31856,30051,61021,31495,29526,834,339,495,31,10,21,19,11,8,2,1,1,0,0,0
23,467,District - Burhanpur (50),Rural,15-19,47983,25491,22492,41594,24391,17203,6256,1068,5188,49,10,39,53,19,34,31,3,28,0,0,0
23,467,District - Burhanpur (50),Rural,20-24,45388,23790,21598,16690,13398,3292,28078,10182,17896,200,75,125,235,89,146,185,46,139,0,0,0
23,467,District - Burhanpur (50),Rural,25-29,37198,19239,17959,3634,3098,536,32781,15880,16901,368,114,254,254,102,152,161,45,116,0,0,0
23,467,District - Burhanpur (50),Rural,30-34,33624,17033,16591,916,699,217,31738,16071,15667,563,119,444,265,102,163,142,42,100,0,0,0
23,467,District - Burhanpur (50),Rural,35-39,30494,15436,15058,331,232,99,28919,14907,14012,870,173,697,242,86,156,132,38,94,0,0,0
23,467,District - Burhanpur (50),Rural,40-44,27811,14034,13777,220,146,74,25958,13531,12427,1343,254,1089,191,72,119,99,31,68,0,0,0
23,467,District - Burhanpur (50),Rural,45-49,23243,12165,11078,163,92,71,21309,11675,9634,1548,303,1245,137,57,80,86,38,48,0,0,0
23,467,District - Burhanpur (50),Rural,50-54,17550,9165,8385,113,68,45,15434,8658,6776,1844,381,1463,113,41,72,46,17,29,0,0,0
23,467,District - Burhanpur (50),Rural,55-59,13507,6535,6972,76,41,35,11526,6123,5403,1820,340,1480,56,25,31,29,6,23,0,0,0
23,467,District - Burhanpur (50),Rural,60-64,12299,5922,6377,160,82,78,9071,5297,3774,2986,503,2483,49,29,20,33,11,22,0,0,0
23,467,District - Burhanpur (50),Rural,65-69,8657,3895,4762,134,76,58,5751,3332,2419,2725,469,2256,29,13,16,18,5,13,0,0,0
23,467,District - Burhanpur (50),Rural,70-74,6378,2954,3424,71,36,35,3410,2320,1090,2873,588,2285,16,7,9,8,3,5,0,0,0
23,467,District - Burhanpur (50),Rural,75-79,2774,1213,1561,28,11,17,1342,893,449,1392,308,1084,8,1,7,4,0,4,0,0,0
23,467,District - Burhanpur (50),Rural,80+,2964,1239,1725,173,118,55,1326,784,542,1448,332,1116,13,4,9,4,1,3,0,0,0
23,467,District - Burhanpur (50),Rural,Age not stated,237,132,105,125,86,39,97,44,53,14,1,13,1,1,0,0,0,0,0,0,0
23,467,District - Burhanpur (50),Rural,Less than 18,215955,112228,103727,213780,111509,102271,2073,683,1390,53,12,41,41,21,20,8,3,5,0,0,0
23,467,District - Burhanpur (50),Rural,Less than 21,247394,128135,119259,234179,125288,108891,12921,2766,10155,119,34,85,113,40,73,62,7,55,0,0,0
23,467,District - Burhanpur (50),Urban,All ages,260287,133526,126761,126460,71184,55276,119619,59521,60098,12441,2302,10139,841,269,572,926,250,676,0,0,0
23,467,District - Burhanpur (50),Urban,0-9,50061,26060,24001,50061,26060,24001,0,0,0,0,0,0,0,0,0,0,0,0,0,0,0
23,467,District - Burhanpur (50),Urban,10-14,27041,14048,12993,26579,13872,12707,440,171,269,19,4,15,3,1,2,0,0,0,0,0,0
23,467,District - Burhanpur (50),Urban,15-19,26835,14053,12782,24715,13724,10991,2053,317,1736,27,8,19,25,4,21,15,0,15,0,0,0
23,467,District - Burhanpur (50),Urban,20-24,26375,13792,12583,15712,10908,4804,10404,2840,7564,80,19,61,91,10,81,88,15,73,0,0,0
23,467,District - Burhanpur (50),Urban,25-29,21504,11109,10395,5582,4280,1302,15525,6755,8770,166,29,137,108,21,87,123,24,99,0,0,0
23,467,District - Burhanpur (50),Urban,30-34,18643,9532,9111,1505,1086,419,16585,8306,8279,268,49,219,125,43,82,160,48,112,0,0,0
23,467,District - Burhanpur (50),Urban,35-39,17260,8523,8737,665,432,233,15884,7940,7944,450,75,375,109,35,74,152,41,111,0,0,0
23,467,District - Burhanpur (50),Urban,40-44,15966,8079,7887,409,236,173,14628,7646,6982,690,117,573,108,40,68,131,40,91,0,0,0
23,467,District - Burhanpur (50),Urban,45-49,14564,7488,7076,310,159,151,13180,7107,6073,893,149,744,100,44,56,81,29,52,0,0,0
23,467,District - Burhanpur (50),Urban,50-54,11474,6079,5395,191,81,110,9977,5743,4234,1173,209,964,80,31,49,53,15,38,0,0,0
23,467,District - Burhanpur (50),Urban,55-59,8561,4476,4085,154,75,79,7225,4160,3065,1103,215,888,34,13,21,45,13,32,0,0,0
23,467,District - Burhanpur (50),Urban,60-64,7921,3836,4085,142,66,76,5891,3457,2434,1821,285,1536,28,12,16,39,16,23,0,0,0
23,467,District - Burhanpur (50),Urban,65-69,5757,2664,3093,133,59,74,3806,2304,1502,1784,293,1491,13,4,9,21,4,17,0,0,0
23,467,District - Burhanpur (50),Urban,70-74,4269,1976,2293,82,32,50,2312,1583,729,1855,351,1504,11,7,4,9,3,6,0,0,0
23,467,District - Burhanpur (50),Urban,75-79,1995,947,1048,30,14,16,995,703,292,962,227,735,3,2,1,5,1,4,0,0,0
23,467,District - Burhanpur (50),Urban,80+,1928,802,1126,105,56,49,674,471,203,1142,272,870,3,2,1,4,1,3,0,0,0
23,467,District - Burhanpur (50),Urban,Age not stated,133,62,71,85,44,41,40,18,22,8,0,8,0,0,0,0,0,0,0,0,0
23,467,District - Burhanpur (50),Urban,Less than 18,92616,48319,44297,91577,47982,43595,994,324,670,32,10,22,9,3,6,4,0,4,0,0,0
23,467,District - Burhanpur (50),Urban,Less than 21,110530,57486,53044,105989,56685,49304,4412,778,3634,66,17,49,39,6,33,24,0,24,0,0,0
