state_code,district_code,area_name,region_type,age_group,total_persons,total_males,total_females,never_married_persons,never_married_males,never_married_females,currently_married_persons,currently_married_males,currently_married_females,widowed_persons,widowed_males,widowed_females,separated_persons,separated_males,separated_females,divorced_persons,divorced_males,divorced_females,unspecified_persons,unspecified_males,unspecified_females
27,000,State - MAHARASHTRA (27),Total,All ages,112374333,58243056,54131277,48854680,28257463,20597217,57376896,28809352,28567544,5514199,993435,4520764,418776,127298,291478,209782,55508,154274,0,0,0
27,000,State - MAHARASHTRA (27),Total,0-9,19182680,10117806,9064874,19182680,10117806,9064874,0,0,0,0,0,0,0,0,0,0,0,0,0,0,0
27,000,State - MAHARASHTRA (27),Total,10-14,10734535,5662261,5072274,10357152,5497871,4859281,348832,152071,196761,17048,6661,10387,9519,4719,4800,1984,939,1045,0,0,0
27,000,State - MAHARASHTRA (27),Total,15-19,10627267,5710400,4916867,9359684,5422147,3937537,1223312,272363,950949,26875,9392,17483,13069,5404,7665,4327,1094,3233,0,0,0
27,000,State - MAHARASHTRA (27),Total,20-24,11090966,5845114,5245852,5993453,4353353,1640100,4997959,1465782,3532177,52517,14019,38498,30805,9046,21759,16232,2914,13318,0,0,0
27,000,State - MAHARASHTRA (27),Total,25-29,10147113,5272560,4874553,2280471,1803361,477110,7696577,3429323,4267254,97488,20764,76724,46121,12888,33233,26456,6224,20232,0,0,0
27,000,State - MAHARASHTRA (27),Total,30-34,8796307,4536297,4260010,613730,450315,163415,7935097,4033340,3901757,160859,28597,132262,54719,15591,39128,31902,8454,23448,0,0,0
27,000,State - MAHARASHTRA (27),Total,35-39,8247160,4209434,4037726,242817,153602,89215,7666499,3992879,3673620,244835,36432,208403,59996,17232,42764,33013,9289,23724,0,0,0
27,000,State - MAHARASHTRA (27),Total,40-44,7196089,3744825,3451264,147228,85247,61981,6639505,3588801,3050704,325402,47024,278378,55171,15888,39283,28783,7865,20918,0,0,0
27,000,State - MAHARASHTRA (27),Total,45-49,6032454,3116218,2916236,93159,50606,42553,5494218,2992565,2501653,382310,55258,327052,41693,12015,29678,21074,5774,15300,0,0,0
27,000,State - MAHARASHTRA (27),Total,50-54,4919317,2580991,2338326,72048,37698,34350,4352438,2459619,1892819,447664,70364,377300,32013,9199,22814,15154,4111,11043,0,0,0
27,000,State - MAHARASHTRA (27),Total,55-59,3885814,1974129,1911685,55402,28321,27081,3345034,1860309,1484725,454897,76389,378508,20791,6356,14435,9690,2754,6936,0,0,0
27,000,State - MAHARASHTRA (27),Total,60-64,3642480,1716639,1925841,68289,32841,35448,2846083,1563980,1282103,700679,111872,588807,19588,5759,13829,7841,2187,5654,0,0,0
27,000,State - MAHARASHTRA (27),Total,65-69,3078352,1440238,1638114,69145,35056,34089,2185354,1267502,917852,802604,131365,671239,15565,4831,10734,5684,1484,4200,0,0,0
27,000,State - MAHARASHTRA (27),Total,70-74,2143136,1039292,1103844,37788,19213,18575,1316315,872304,444011,776226,143110,633116,9459,3643,5816,3348,1022,2326,0,0,0
27,000,State - MAHARASHTRA (27),Total,75-79,1062773,515431,547342,19468,9665,9803,602045,405492,196553,435691,97967,337724,4052,1835,2217,1517,472,1045,0,0,0
27,000,State - MAHARASHTRA (27),Total,80+,1180194,542109,638085,73527,41807,31720,532415,357597,174818,568009,140020,427989,4360,2099,2261,1883,586,1297,0,0,0
27,000,State - MAHARASHTRA (27),Total,Age not stated,407696,219312,188384,188639,118554,70085,195213,95425,99788,21095,4201,16894,1855,793,1062,894,339,555,0,0,0
27,000,State - MAHARASHTRA (27),Total,Less than 18,36111457,19099619,17011838,35286141,18795175,16490966,772834,283335,489499,32911,11961,20950,15947,7650,8297,3624,1498,2126,0,0,0
27,000,State - MAHARASHTRA (27),Total,Less than 21,43137007,22831609,20305398,40578752,22191826,18386926,2465463,606435,1859028,55202,19012,36190,28379,11860,16519,9211,2476,6735,0,0,0
27,000,State - MAHARASHTRA (27),Rural,All ages,61556074,31539034,30017040,26554179,15349679,11204500,31370116,15504482,15865634,3264654,588228,2676426,255237,69921,185316,111888,26724,85164,0,0,0
27,000,State - MAHARASHTRA (27),Rural,0-9,11068422,5840238,5228184,11068422,5840238,5228184,0,0,0,0,0,0,0,0,0,0,0,0,0,0,0
27,000,State - MAHARASHTRA (27),Rural,10-14,6256057,3288156,2967901,6051908,3200260,2851648,188258,81136,107122,9762,3793,5969,5127,2499,2628,1002,468,534,0,0,0
27,000,State - MAHARASHTRA (27),Rural,15-19,5979665,3209224,2770441,5212678,3051212,2161466,741395,149438,591957,15631,5331,10300,7293,2707,4586,2668,536,2132,0,0,0
27,000,State - MAHARASHTRA (27),Rural,20-24,5764844,3018199,2746645,2776880,2151898,624982,2928604,852288,2076316,30731,7808,22923,18295,4413,13882,10334,1792,8542,0,0,0
27,000,State - MAHARASHTRA (27),Rural,25-29,5025278,2589352,2435926,848327,725648,122679,4078059,1842229,2235830,57376,11453,45923,26628,6423,20205,14888,3599,11289,0,0,0
27,000,State - MAHARASHTRA (27),Rural,30-34,4395201,2218757,2176444,190326,147519,42807,4064687,2043947,2020740,92104,15185,76919,31817,7923,23894,16267,4183,12084,0,0,0
27,000,State - MAHARASHTRA (27),Rural,35-39,4223357,2111275,2112082,70281,44356,25925,3964308,2034359,1929949,136860,19517,117343,35642,8946,26696,16266,4097,12169,0,0,0
27,000,State - MAHARASHTRA (27),Rural,40-44,3763589,1924940,1838649,45696,26490,19206,3492707,1861117,1631590,177198,25349,151849,33476,8607,24869,14512,3377,11135,0,0,0
27,000,State - MAHARASHTRA (27),Rural,45-49,3167108,1607153,1559955,29061,15733,13328,2900424,1552683,1347741,201300,29516,171784,25593,6762,18831,10730,2459,8271,0,0,0
27,000,State - MAHARASHTRA (27),Rural,50-54,2619829,1344947,1274882,23241,12449,10792,2333661,1287488,1046173,235215,38127,197088,20056,5203,14853,7656,1680,5976,0,0,0
27,000,State - MAHARASHTRA (27),Rural,55-59,2117255,1038978,1078277,18100,9579,8521,1840393,982727,857666,240614,41752,198862,13169,3712,9457,4979,1208,3771,0,0,0
27,000,State - MAHARASHTRA (27),Rural,60-64,2155343,970755,1184588,28454,13874,14580,1706581,888220,818361,402703,63993,338710,13216,3600,9616,4389,1068,3321,0,0,0
27,000,State - MAHARASHTRA (27),Rural,65-69,2008912,920144,1088768,31567,16197,15370,1443869,816032,627837,518589,83672,434917,11282,3375,7907,3605,868,2737,0,0,0
27,000,State - MAHARASHTRA (27),Rural,70-74,1411217,684770,726447,17435,8910,8525,872183,578924,293259,512614,93672,418942,6896,2652,4244,2089,612,1477,0,0,0
27,000,State - MAHARASHTRA (27),Rural,75-79,664727,324175,340552,8565,4417,4148,384059,258582,125477,268384,59603,208781,2816,1297,1519,903,276,627,0,0,0
27,000,State - MAHARASHTRA (27),Rural,80+,729341,339248,390093,37233,21358,15875,333886,228987,104899,354203,87155,267048,2916,1422,1494,1103,326,777,0,0,0
27,000,State - MAHARASHTRA (27),Rural,Age not stated,205929,108723,97206,96005,59541,36464,97042,46325,50717,11370,2302,9068,1015,380,635,497,175,322,0,0,0
27,000,State - MAHARASHTRA (27),Rural,Less than 18,20887119,11041182,9845937,20425325,10876087,9549238,432148,153507,278641,19106,6832,12274,8628,4015,4613,1912,741,1171,0,0,0
27,000,State - MAHARASHTRA (27),Rural,Less than 21,24719274,13055273,11664001,23180411,12702766,10477645,1485013,334319,1150694,32291,10850,21441,15946,6054,9892,5613,1284,4329,0,0,0
27,000,State - MAHARASHTRA (27),Urban,All ages,50818259,26704022,24114237,22300501,12907784,9392717,26006780,13304870,12701910,2249545,405207,1844338,163539,57377,106162,97894,28784,69110,0,0,0
27,000,State - MAHARASHTRA (27),Urban,0-9,8114258,4277568,3836690,8114258,4277568,3836690,0,0,0,0,0,0,0,0,0,0,0,0,0,0,0
27,000,State - MAHARASHTRA (27),Urban,10-14,4478478,2374105,2104373,4305244,2297611,2007633,160574,70935,89639,7286,2868,4418,4392,2220,2172,982,471,511,0,0,0
27,000,State - MAHARASHTRA (27),Urban,15-19,4647602,2501176,2146426,4147006,2370935,1776071,481917,122925,358992,11244,4061,7183,5776,2697,3079,1659,558,1101,0,0,0
27,000,State - MAHARASHTRA (27),Urban,20-24,5326122,2826915,2499207,3216573,2201455,1015118,2069355,613494,1455861,21786,6211,15575,12510,4633,7877,5898,1122,4776,0,0,0
27,000,State - MAHARASHTRA (27),Urban,25-29,5121835,2683208,2438627,1432144,1077713,354431,3618518,1587094,2031424,40112,9311,30801,19493,6465,13028,11568,2625,8943,0,0,0
27,000,State - MAHARASHTRA (27),Urban,30-34,4401106,2317540,2083566,423404,302796,120608,3870410,1989393,1881017,68755,13412,55343,22902,7668,15234,15635,4271,11364,0,0,0
27,000,State - MAHARASHTRA (27),Urban,35-39,4023803,2098159,1925644,172536,109246,63290,3702191,1958520,1743671,107975,16915,91060,24354,8286,16068,16747,5192,11555,0,0,0
27,000,State - MAHARASHTRA (27),Urban,40-44,3432500,1819885,1612615,101532,58757,42775,3146798,1727684,1419114,148204,21675,126529,21695,7281,14414,14271,4488,9783,0,0,0
27,000,State - MAHARASHTRA (27),Urban,45-49,2865346,1509065,1356281,64098,34873,29225,2593794,1439882,1153912,181010,25742,155268,16100,5253,10847,10344,3315,7029,0,0,0
27,000,State - MAHARASHTRA (27),Urban,50-54,2299488,1236044,1063444,48807,25249,23558,2018777,1172131,846646,212449,32237,180212,11957,3996,7961,7498,2431,5067,0,0,0
27,000,State - MAHARASHTRA (27),Urban,55-59,1768559,935151,833408,37302,18742,18560,1504641,877582,627059,214283,34637,179646,7622,2644,4978,4711,1546,3165,0,0,0
27,000,State - MAHARASHTRA (27),Urban,60-64,1487137,745884,741253,39835,18967,20868,1139502,675760,463742,297976,47879,250097,6372,2159,4213,3452,1119,2333,0,0,0
27,000,State - MAHARASHTRA (27),Urban,65-69,1069440,520094,549346,37578,18859,18719,741485,451470,290015,284015,47693,236322,4283,1456,2827,2079,616,1463,0,0,0
27,000,State - MAHARASHTRA (27),Urban,70-74,731919,354522,377397,20353,10303,10050,444132,293380,150752,263612,49438,214174,2563,991,1572,1259,410,849,0,0,0
27,000,State - MAHARASHTRA (27),Urban,75-79,398046,191256,206790,10903,5248,5655,217986,146910,71076,167307,38364,128943,1236,538,698,614,196,418,0,0,0
27,000,State - MAHARASHTRA (27),Urban,80+,450853,202861,247992,36294,20449,15845,198529,128610,69919,213806,52865,160941,1444,677,767,780,260,520,0,0,0
27,000,State - MAHARASHTRA (27),Urban,Age not stated,201767,110589,91178,92634,59013,33621,98171,49100,49071,9725,1899,7826,840,413,427,397,164,233,0,0,0
27,000,State - MAHARASHTRA (27),Urban,Less than 18,15224338,8058437,7165901,14860816,7919088,6941728,340686,129828,210858,13805,5129,8676,7319,3635,3684,1712,757,955,0,0,0
27,000,State - MAHARASHTRA (27),Urban,Less than 21,18417733,9776336,8641397,17398341,9489060,7909281,980450,272116,708334,22911,8162,14749,12433,5806,6627,3598,1192,2406,0,0,0
27,497,District - Nandurbar (01),Total,All ages,1648295,833170,815125,801206,436616,364590,771227,379803,391424,68211,14413,53798,4424,1358,3066,3227,980,2247,0,0,0
27,497,District - Nandurbar (01),Total,0-9,356135,183418,172717,356135,183418,172717,0,0,0,0,0,0,0,0,0,0,0,0,0,0,0
27,497,District - Nandurbar (01),Total,10-14,202371,106324,96047,196475,103847,92628,5508,2290,3218,208,83,125,147,84,63,33,20,13,0,0,0
27,497,District - Nandurbar (01),Total,15-19,176737,91697,85040,152393,85855,66538,23680,5572,18108,374,144,230,208,102,106,82,24,58,0,0,0
27,497,District - Nandurbar (01),Total,20-24,150545,74923,75622,62007,42012,19995,86899,32452,54447,878,254,624,402,120,282,359,85,274,0,0,0
27,497,District - Nandurbar (01),Total,25-29,125564,63025,62539,16926,12176,4750,106266,50193,56073,1349,369,980,561,158,403,462,129,333,0,0,0
27,497,District - Nandurbar (01),Total,30-34,110628,54138,56490,4937,2961,1976,102453,50382,52071,2158,498,1660,571,152,419,509,145,364,0,0,0
27,497,District - Nandurbar (01),Total,35-39,105214,52155,53059,2362,1212,1150,98568,49972,48596,3102,632,2470,654,171,483,528,168,360,0,0,0
27,497,District - Nandurbar (01),Total,40-44,94260,47461,46799,1508,735,773,87790,45627,42163,4047,813,3234,525,161,364,390,125,265,0,0,0
27,497,District - Nandurbar (01),Total,45-49,80317,41095,39222,939,439,500,73811,39447,34364,4873,989,3884,388,112,276,306,108,198,0,0,0
27,497,District - Nandurbar (01),Total,50-54,63195,32325,30870,744,344,400,56421,30654,25767,5580,1190,4390,276,78,198,174,59,115,0,0,0
27,497,District - Nandurbar (01),Total,55-59,49683,25204,24479,525,253,272,42957,23603,19354,5912,1264,4648,174,54,120,115,30,85,0,0,0
27,497,District - Nandurbar (01),Total,60-64,43115,19909,23206,953,443,510,33177,17694,15483,8716,1692,7024,172,44,128,97,36,61,0,0,0
27,497,District - Nandurbar (01),Total,65-69,38805,17696,21109,957,472,485,26664,15118,11546,10952,2045,8907,152,39,113,80,22,58,0,0,0
27,497,District - Nandurbar (01),Total,70-74,24330,11103,13227,439,221,218,14014,8838,5176,9740,1981,7759,105,50,55,32,13,19,0,0,0
27,497,District - Nandurbar (01),Total,75-79,11515,5250,6265,257,130,127,6140,3961,2179,5059,1142,3917,39,14,25,20,3,17,0,0,0
27,497,District - Nandurbar (01),Total,80+,10891,4858,6033,1020,545,475,4767,3022,1745,5039,1267,3772,36,15,21,29,9,20,0,0,0
27,497,District - Nandurbar (01),Total,Age not stated,4990,2589,2401,2629,1553,1076,2112,978,1134,224,50,174,14,4,10,11,4,7,0,0,0
27,497,District - Nandurbar (01),Total,Less than 18,667235,347129,320106,652991,342274,310717,13518,4523,8995,411,154,257,251,141,110,64,37,27,0,0,0
27,497,District - Nandurbar (01),Total,Less than 21,773394,399508,373886,725850,386478,339372,46179,12497,33682,756,267,489,425,205,220,184,61,123,0,0,0
27,497,District - Nandurbar (01),Rural,All ages,1372821,687671,685150,665500,355876,309624,645973,317653,328320,55310,12248,43062,3626,1111,2515,2412,783,1629,0,0,0
27,497,District - Nandurbar (01),Rural,0-9,307402,157386,150016,307402,157386,150016,0,0,0,0,0,0,0,0,0,0,0,0,0,0,0
27,497,District - Nandurbar (01),Rural,10-14,169724,87280,82444,164448,85057,79391,4938,2063,2875,182,73,109,129,73,56,27,14,13,0,0,0
27,497,District - Nandurbar (01),Rural,15-19,143816,73032,70784,122687,67898,54789,20593,4932,15661,308,114,194,163,72,91,65,16,49,0,0,0
27,497,District - Nandurbar (01),Rural,20-24,122491,59942,62549,45411,30199,15212,75714,29331,46383,738,225,513,339,108,231,289,79,210,0,0,0
27,497,District - Nandurbar (01),Rural,25-29,102623,51639,50984,11839,8224,3615,88876,42853,46023,1107,322,785,444,133,311,357,107,250,0,0,0
27,497,District - Nandurbar (01),Rural,30-34,90343,44102,46241,3548,1969,1579,84242,41476,42766,1736,429,1307,446,112,334,371,116,255,0,0,0
27,497,District - Nandurbar (01),Rural,35-39,85798,42498,43300,1794,881,913,80650,40814,39836,2444,543,1901,519,135,384,391,125,266,0,0,0
27,497,District - Nandurbar (01),Rural,40-44,77415,38625,38790,1179,547,632,72306,37150,35156,3201,693,2508,445,135,310,284,100,184,0,0,0
27,497,District - Nandurbar (01),Rural,45-49,66548,33795,32753,706,324,382,61473,32448,29025,3832,847,2985,314,89,225,223,87,136,0,0,0
27,497,District - Nandurbar (01),Rural,50-54,52570,26705,25865,596,279,317,47143,25299,21844,4470,1007,3463,235,69,166,126,51,75,0,0,0
27,497,District - Nandurbar (01),Rural,55-59,41460,20905,20555,407,202,205,36005,19542,16463,4818,1094,3724,152,46,106,78,21,57,0,0,0
27,497,District - Nandurbar (01),Rural,60-64,36434,16766,19668,809,375,434,28270,14871,13399,7146,1461,5685,144,36,108,65,23,42,0,0,0
27,497,District - Nandurbar (01),Rural,65-69,32829,15032,17797,792,392,400,22749,12793,9956,9095,1792,7303,132,34,98,61,21,40,0,0,0
27,497,District - Nandurbar (01),Rural,70-74,20471,9341,11130,359,173,186,11867,7425,4442,8126,1691,6435,93,42,51,26,10,16,0,0,0
27,497,District - Nandurbar (01),Rural,75-79,9404,4260,5144,220,108,112,5093,3210,1883,4042,926,3116,32,13,19,17,3,14,0,0,0
27,497,District - Nandurbar (01),Rural,80+,8776,3948,4828,854,447,407,4018,2503,1515,3858,982,2876,25,10,15,21,6,15,0,0,0
27,497,District - Nandurbar (01),Rural,Age not stated,4717,2415,2302,2449,1415,1034,2036,943,1093,207,49,158,14,4,10,11,4,7,0,0,0
27,497,District - Nandurbar (01),Rural,Less than 18,566538,291110,275428,554031,286832,267199,11892,4007,7885,352,133,219,211,112,99,52,26,26,0,0,0
27,497,District - Nandurbar (01),Rural,Less than 21,652053,331876,320177,610311,320230,290081,40607,11215,29392,634,221,413,352,164,188,149,46,103,0,0,0
27,497,District - Nandurbar (01),Urban,All ages,275474,145499,129975,135706,80740,54966,125254,62150,63104,12901,2165,10736,798,247,551,815,197,618,0,0,0
27,497,District - Nandurbar (01),Urban,0-9,48733,26032,22701,48733,26032,22701,0,0,0,0,0,0,0,0,0,0,0,0,0,0,0
27,497,District - Nandurbar (01),Urban,10-14,32647,19044,13603,32027,18790,13237,570,227,343,26,10,16,18,11,7,6,6,0,0,0,0
27,497,District - Nandurbar (01),Urban,15-19,32921,18665,14256,29706,17957,11749,3087,640,2447,66,30,36,45,30,15,17,8,9,0,0,0
27,497,District - Nandurbar (01),Urban,20-24,28054,14981,13073,16596,11813,4783,11185,3121,8064,140,29,111,63,12,51,70,6,64,0,0,0
27,497,District - Nandurbar (01),Urban,25-29,22941,11386,11555,5087,3952,1135,17390,7340,10050,242,47,195,117,25,92,105,22,83,0,0,0
27,497,District - Nandurbar (01),Urban,30-34,20285,10036,10249,1389,992,397,18211,8906,9305,422,69,353,125,40,85,138,29,109,0,0,0
27,497,District - Nandurbar (01),Urban,35-39,19416,9657,9759,568,331,237,17918,9158,8760,658,89,569,135,36,99,137,43,94,0,0,0
27,497,District - Nandurbar (01),Urban,40-44,16845,8836,8009,329,188,141,15484,8477,7007,846,120,726,80,26,54,106,25,81,0,0,0
27,497,District - Nandurbar (01),Urban,45-49,13769,7300,6469,233,115,118,12338,6999,5339,1041,142,899,74,23,51,83,21,62,0,0,0
27,497,District - Nandurbar (01),Urban,50-54,10625,5620,5005,148,65,83,9278,5355,3923,1110,183,927,41,9,32,48,8,40,0,0,0
27,497,District - Nandurbar (01),Urban,55-59,8223,4299,3924,118,51,67,6952,4061,2891,1094,170,924,22,8,14,37,9,28,0,0,0
27,497,District - Nandurbar (01),Urban,60-64,6681,3143,3538,144,68,76,4907,2823,2084,1570,231,1339,28,8,20,32,13,19,0,0,0
27,497,District - Nandurbar (01),Urban,65-69,5976,2664,3312,165,80,85,3915,2325,1590,1857,253,1604,20,5,15,19,1,18,0,0,0
27,497,District - Nandurbar (01),Urban,70-74,3859,1762,2097,80,48,32,2147,1413,734,1614,290,1324,12,8,4,6,3,3,0,0,0
27,497,District - Nandurbar (01),Urban,75-79,2111,990,1121,37,22,15,1047,751,296,1017,216,801,7,1,6,3,0,3,0,0,0
27,497,District - Nandurbar (01),Urban,80+,2115,910,1205,166,98,68,749,519,230,1181,285,896,11,5,6,8,3,5,0,0,0
27,497,District - Nandurbar (01),Urban,Age not stated,273,174,99,180,138,42,76,35,41,17,1,16,0,0,0,0,0,0,0,0,0
27,497,District - Nandurbar (01),Urban,Less than 18,100697,56019,44678,98960,55442,43518,1626,516,1110,59,21,38,40,29,11,12,11,1,0,0,0
27,497,District - Nandurbar (01),Urban,Less than 21,121341,67632,53709,115539,66248,49291,5572,1282,4290,122,46,76,73,41,32,35,15,20,0,0,0
27,498,District - Dhule (02),Total,All ages,2050862,1054031,996831,920513,526872,393641,1017454,504956,512498,101792,18997,82795,6104,1959,4145,4999,1247,3752,0,0,0
27,498,District - Dhule (02),Total,0-9,400374,211183,189191,400374,211183,189191,0,0,0,0,0,0,0,0,0,0,0,0,0,0,0
27,498,District - Dhule (02),Total,10-14,218028,116595,101433,207270,111710,95560,9977,4556,5421,536,227,309,199,85,114,46,17,29,0,0,0
27,498,District - Dhule (02),Total,15-19,196808,105508,91300,167637,97775,69862,28045,7365,20680,725,261,464,252,76,176,149,31,118,0,0,0
27,498,District - Dhule (02),Total,20-24,186115,96888,89227,87646,65255,22391,96085,31041,65044,1347,374,973,572,141,431,465,77,388,0,0,0
27,498,District - Dhule (02),Total,25-29,166244,84645,81599,28516,23413,5103,133838,60372,73466,2455,542,1913,764,172,592,671,146,525,0,0,0
27,498,District - Dhule (02),Total,30-34,147777,74182,73595,6654,4807,1847,135883,68206,67677,3524,687,2837,901,254,647,815,228,587,0,0,0
27,498,District - Dhule (02),Total,35-39,138763,69413,69350,2799,1662,1137,129351,66392,62959,4992,876,4116,848,279,569,773,204,569,0,0,0
27,498,District - Dhule (02),Total,40-44,122183,62622,59561,1754,990,764,113099,60216,52883,5955,993,4962,724,253,471,651,170,481,0,0,0
27,498,District - Dhule (02),Total,45-49,105185,53924,51261,1171,623,548,96322,51950,44372,6807,1074,5733,463,172,291,422,105,317,0,0,0
27,498,District - Dhule (02),Total,50-54,85263,44223,41040,951,499,452,75781,42114,33667,7804,1376,6428,411,147,264,316,87,229,0,0,0
27,498,District - Dhule (02),Total,55-59,69743,35437,34306,935,480,455,60123,33350,26773,8210,1445,6765,278,104,174,197,58,139,0,0,0
27,498,District - Dhule (02),Total,60-64,61840,28220,33620,1485,686,799,47852,25434,22418,12139,1992,10147,213,70,143,151,38,113,0,0,0
27,498,District - Dhule (02),Total,65-69,57926,26010,31916,1659,882,777,39926,22523,17403,16020,2512,13508,178,66,112,143,27,116,0,0,0
27,498,District - Dhule (02),Total,70-74,38443,17726,20717,800,377,423,22920,14589,8331,14558,2695,11863,108,50,58,57,15,42,0,0,0
27,498,District - Dhule (02),Total,75-79,18532,8876,9656,385,182,203,10279,6914,3365,7767,1735,6032,61,34,27,40,11,29,0,0,0
27,498,District - Dhule (02),Total,80+,19000,8710,10290,1831,1073,758,9004,5574,3430,8059,2026,6033,55,23,32,51,14,37,0,0,0
27,498,District - Dhule (02),Total,Age not stated,18638,9869,8769,8646,5275,3371,8969,4360,4609,894,182,712,77,33,44,52,19,33,0,0,0
27,498,District - Dhule (02),Total,Less than 18,735852,391145,344707,714176,382465,331711,20301,8154,12147,958,367,591,311,124,187,106,35,71,0,0,0
27,498,District - Dhule (02),Total,Less than 21,860941,456412,404529,801999,439214,362785,56554,16366,40188,1544,574,970,575,196,379,269,62,207,0,0,0
27,498,District - Dhule (02),Rural,All ages,1479826,758916,720910,658216,375619,282597,739895,366982,372913,74195,14082,60113,4335,1388,2947,3185,845,2340,0,0,0
27,498,District - Dhule (02),Rural,0-9,301905,158483,143422,301905,158483,143422,0,0,0,0,0,0,0,0,0,0,0,0,0,0,0
27,498,District - Dhule (02),Rural,10-14,160465,85319,75146,152334,81641,70693,7547,3441,4106,395,159,236,157,66,91,32,12,20,0,0,0
27,498,District - Dhule (02),Rural,15-19,138904,75188,63716,116192,69091,47101,21867,5821,16046,549,194,355,184,61,123,112,21,91,0,0,0
27,498,District - Dhule (02),Rural,20-24,129797,68249,61548,54210,42484,11726,73825,25299,48526,1006,292,714,438,112,326,318,62,256,0,0,0
27,498,District - Dhule (02),Rural,25-29,116740,59679,57061,15958,13562,2396,97986,45486,52500,1813,390,1423,547,131,416,436,110,326,0,0,0
27,498,District - Dhule (02),Rural,30-34,104484,52307,52177,3497,2544,953,97270,48930,48340,2579,515,2064,629,165,464,509,153,356,0,0,0
27,498,District - Dhule (02),Rural,35-39,97763,49052,48711,1516,857,659,91605,47208,44397,3610,662,2948,560,182,378,472,143,329,0,0,0
27,498,District - Dhule (02),Rural,40-44,85595,43692,41903,1015,568,447,79457,42112,37345,4226,736,3490,503,178,325,394,98,296,0,0,0
27,498,District - Dhule (02),Rural,45-49,74304,37657,36647,722,368,354,68209,36306,31903,4780,795,3985,330,119,211,263,69,194,0,0,0
27,498,District - Dhule (02),Rural,50-54,60670,31118,29552,551,267,284,54153,29662,24491,5495,1035,4460,288,101,187,183,53,130,0,0,0
27,498,District - Dhule (02),Rural,55-59,49975,25139,24836,574,295,279,43351,23673,19678,5726,1066,4660,192,67,125,132,38,94,0,0,0
27,498,District - Dhule (02),Rural,60-64,46021,20504,25517,979,446,533,35819,18503,17316,8970,1480,7490,155,49,106,98,26,72,0,0,0
27,498,District - Dhule (02),Rural,65-69,44156,19622,24534,1043,545,498,30785,17097,13688,12093,1914,10179,133,50,83,102,16,86,0,0,0
27,498,District - Dhule (02),Rural,70-74,29279,13423,15856,525,226,299,17554,11105,6449,11082,2048,9034,80,33,47,38,11,27,0,0,0
27,498,District - Dhule (02),Rural,75-79,13907,6705,7202,268,123,145,7839,5260,2579,5725,1287,4438,47,28,19,28,7,21,0,0,0
27,498,District - Dhule (02),Rural,80+,13589,6359,7230,1332,793,539,6654,4158,2496,5532,1378,4154,40,20,20,31,10,21,0,0,0
27,498,District - Dhule (02),Rural,Age not stated,12272,6420,5852,5595,3326,2269,5974,2921,3053,614,131,483,52,26,26,37,16,21,0,0,0
27,498,District - Dhule (02),Rural,Less than 18,546259,289384,256875,529728,282759,246969,15506,6243,9263,708,261,447,241,96,145,76,25,51,0,0,0
27,498,District - Dhule (02),Rural,Less than 21,633555,335437,298118,587715,321858,265857,44041,12955,31086,1164,425,739,438,154,284,197,45,152,0,0,0
27,498,District - Dhule (02),Urban,All ages,571036,295115,275921,262297,151253,111044,277559,137974,139585,27597,4915,22682,1769,571,1198,1814,402,1412,0,0,0
27,498,District - Dhule (02),Urban,0-9,98469,52700,45769,98469,52700,45769,0,0,0,0,0,0,0,0,0,0,0,0,0,0,0
27,498,District - Dhule (02),Urban,10-14,57563,31276,26287,54936,30069,24867,2430,1115,1315,141,68,73,42,19,23,14,5,9,0,0,0
27,498,District - Dhule (02),Urban,15-19,57904,30320,27584,51445,28684,22761,6178,1544,4634,176,67,109,68,15,53,37,10,27,0,0,0
27,498,District - Dhule (02),Urban,20-24,56318,28639,27679,33436,22771,10665,22260,5742,16518,341,82,259,134,29,105,147,15,132,0,0,0
27,498,District - Dhule (02),Urban,25-29,49504,24966,24538,12558,9851,2707,35852,14886,20966,642,152,490,217,41,176,235,36,199,0,0,0
27,498,District - Dhule (02),Urban,30-34,43293,21875,21418,3157,2263,894,38613,19276,19337,945,172,773,272,89,183,306,75,231,0,0,0
27,498,District - Dhule (02),Urban,35-39,41000,20361,20639,1283,805,478,37746,19184,18562,1382,214,1168,288,97,191,301,61,240,0,0,0
27,498,District - Dhule (02),Urban,40-44,36588,18930,17658,739,422,317,33642,18104,15538,1729,257,1472,221,75,146,257,72,185,0,0,0
27,498,District - Dhule (02),Urban,45-49,30881,16267,14614,449,255,194,28113,15644,12469,2027,279,1748,133,53,80,159,36,123,0,0,0
27,498,District - Dhule (02),Urban,50-54,24593,13105,11488,400,232,168,21628,12452,9176,2309,341,1968,123,46,77,133,34,99,0,0,0
27,498,District - Dhule (02),Urban,55-59,19768,10298,9470,361,185,176,16772,9677,7095,2484,379,2105,86,37,49,65,20,45,0,0,0
27,498,District - Dhule (02),Urban,60-64,15819,7716,8103,506,240,266,12033,6931,5102,3169,512,2657,58,21,37,53,12,41,0,0,0
27,498,District - Dhule (02),Urban,65-69,13770,6388,7382,616,337,279,9141,5426,3715,3927,598,3329,45,16,29,41,11,30,0,0,0
27,498,District - Dhule (02),Urban,70-74,9164,4303,4861,275,151,124,5366,3484,1882,3476,647,2829,28,17,11,19,4,15,0,0,0
27,498,District - Dhule (02),Urban,75-79,4625,2171,2454,117,59,58,2440,1654,786,2042,448,1594,14,6,8,12,4,8,0,0,0
27,498,District - Dhule (02),Urban,80+,5411,2351,3060,499,280,219,2350,1416,934,2527,648,1879,15,3,12,20,4,16,0,0,0
27,498,District - Dhule (02),Urban,Age not stated,6366,3449,2917,3051,1949,1102,2995,1439,1556,280,51,229,25,7,18,15,3,12,0,0,0
27,498,District - Dhule (02),Urban,Less than 18,189593,101761,87832,184448,99706,84742,4795,1911,2884,250,106,144,70,28,42,30,10,20,0,0,0
27,498,District - Dhule (02),Urban,Less than 21,227386,120975,106411,214284,117356,96928,12513,3411,9102,380,149,231,137,42,95,72,17,55,0,0,0
27,499,District - Jalgaon (03),Total,All ages,4229917,2197365,2032552,1840093,1087126,752967,2135335,1061237,1074098,228480,41041,187439,13666,4486,9180,12343,3475,8868,0,0,0
27,499,District - Jalgaon (03),Total,0-9,766508,415832,350676,766508,415832,350676,0,0,0,0,0,0,0,0,0,0,0,0,0,0,0
27,499,District - Jalgaon (03),Total,10-14,422723,227537,195186,404202,219189,185013,17137,7724,9413,898,390,508,377,182,195,109,52,57,0,0,0
27,499,District - Jalgaon (03),Total,15-19,408596,221597,186999,351053,208693,142360,55262,12122,43140,1436,488,948,526,214,312,319,80,239,0,0,0
27,499,District - Jalgaon (03),Total,20-24,400533,213114,187419,198735,154788,43947,196911,57062,139849,2529,731,1798,1207,312,895,1151,221,930,0,0,0
27,499,District - Jalgaon (03),Total,25-29,354311,182723,171588,61802,51872,9930,284371,128888,155483,4638,1084,3554,1710,408,1302,1790,471,1319,0,0,0
27,499,District - Jalgaon (03),Total,30-34,308670,156334,152336,14588,11080,3508,283116,142738,140378,7176,1399,5777,1866,534,1332,1924,583,1341,0,0,0
27,499,District - Jalgaon (03),Total,35-39,291720,146754,144966,6015,3899,2116,271530,140032,131498,10482,1703,8779,1883,552,1331,1810,568,1242,0,0,0
27,499,District - Jalgaon (03),Total,40-44,258119,132918,125201,3940,2431,1509,237688,127370,110318,13499,2127,11372,1537,548,989,1455,442,1013,0,0,0
27,499,District - Jalgaon (03),Total,45-49,221728,114120,107608,2610,1488,1122,201845,109522,92323,14954,2348,12606,1216,419,797,1103,343,760,0,0,0
27,499,District - Jalgaon (03),Total,50-54,181452,96070,85382,1988,1069,919,161043,91651,69392,16776,2814,13962,889,325,564,756,211,545,0,0,0
27,499,District - Jalgaon (03),Total,55-59,144425,74477,69948,1915,995,920,124155,70087,54068,17175,2983,14192,647,269,378,533,143,390,0,0,0
27,499,District - Jalgaon (03),Total,60-64,130116,58717,71399,2462,1191,1271,100950,53274,47676,25720,3942,21778,530,194,336,454,116,338,0,0,0
27,499,District - Jalgaon (03),Total,65-69,131540,57534,74006,2785,1366,1419,89433,50284,39149,38411,5617,32794,506,172,334,405,95,310,0,0,0
27,499,District - Jalgaon (03),Total,70-74,88256,40867,47389,1472,731,741,52237,33993,18244,34019,5951,28068,320,132,188,208,60,148,0,0,0
27,499,District - Jalgaon (03),Total,75-79,43650,20819,22831,786,388,398,23787,16080,7707,18814,4248,14566,161,84,77,102,19,83,0,0,0
27,499,District - Jalgaon (03),Total,80+,44090,19842,24248,3907,2215,1692,19709,12609,7100,20171,4881,15290,177,94,83,126,43,83,0,0,0
27,499,District - Jalgaon (03),Total,Age not stated,33480,18110,15370,15325,9899,5426,16161,7801,8360,1782,335,1447,114,47,67,98,28,70,0,0,0
27,499,District - Jalgaon (03),Total,Less than 18,1428580,772987,655593,1390243,758070,632173,35727,13850,21877,1749,679,1070,635,297,338,226,91,135,0,0,0
27,499,District - Jalgaon (03),Total,Less than 21,1695184,915127,780057,1580336,886685,693651,110198,26788,83410,2891,1031,1860,1119,459,660,640,164,476,0,0,0
27,499,District - Jalgaon (03),Rural,All ages,2887206,1500514,1386692,1252878,743808,509070,1454206,722496,731710,162011,28668,133343,10004,3285,6719,8107,2257,5850,0,0,0
27,499,District - Jalgaon (03),Rural,0-9,539396,292419,246977,539396,292419,246977,0,0,0,0,0,0,0,0,0,0,0,0,0,0,0
27,499,District - Jalgaon (03),Rural,10-14,296104,159411,136693,283928,153972,129956,11251,5022,6229,587,265,322,268,124,144,70,28,42,0,0,0
27,499,District - Jalgaon (03),Rural,15-19,279904,153891,126013,239314,145167,94147,39008,8187,30821,981,326,655,384,159,225,217,52,165,0,0,0
27,499,District - Jalgaon (03),Rural,20-24,268951,145693,123258,124691,102519,22172,140760,42267,98493,1749,502,1247,922,245,677,829,160,669,0,0,0
27,499,District - Jalgaon (03),Rural,25-29,235329,122679,112650,33828,29691,4137,195776,91601,104175,3270,757,2513,1232,295,937,1223,335,888,0,0,0
27,499,District - Jalgaon (03),Rural,30-34,205305,104226,101079,7315,5710,1605,190234,96771,93463,5079,955,4124,1370,388,982,1307,402,905,0,0,0
27,499,District - Jalgaon (03),Rural,35-39,193388,97194,96194,2993,1937,1056,180535,93261,87274,7334,1221,6113,1360,402,958,1166,373,793,0,0,0
27,499,District - Jalgaon (03),Rural,40-44,171348,87858,83490,1972,1211,761,157965,84517,73448,9399,1466,7933,1103,391,712,909,273,636,0,0,0
27,499,District - Jalgaon (03),Rural,45-49,147387,75204,72183,1371,775,596,134250,72331,61919,10171,1592,8579,905,306,599,690,200,490,0,0,0
27,499,District - Jalgaon (03),Rural,50-54,121175,63496,57679,986,544,442,107634,60609,47025,11440,1980,9460,627,232,395,488,131,357,0,0,0
27,499,District - Jalgaon (03),Rural,55-59,96121,48853,47268,887,438,449,82922,46058,36864,11511,2067,9444,476,206,270,325,84,241,0,0,0
27,499,District - Jalgaon (03),Rural,60-64,90505,39666,50839,1439,684,755,70432,36024,34408,17948,2742,15206,406,146,260,280,70,210,0,0,0
27,499,District - Jalgaon (03),Rural,65-69,96450,41404,55046,1673,813,860,65350,36303,29047,28755,4085,24670,400,134,266,272,69,203,0,0,0
27,499,District - Jalgaon (03),Rural,70-74,64853,29711,35142,896,431,465,38180,24834,13346,25408,4317,21091,233,96,137,136,33,103,0,0,0
27,499,District - Jalgaon (03),Rural,75-79,30926,14656,16270,466,215,251,16887,11437,5450,13387,2923,10464,125,69,56,61,12,49,0,0,0
27,499,District - Jalgaon (03),Rural,80+,29791,13376,16415,2404,1360,1044,13344,8669,4675,13848,3266,10582,120,62,58,75,19,56,0,0,0
27,499,District - Jalgaon (03),Rural,Age not stated,20273,10777,9496,9319,5922,3397,9678,4605,5073,1144,204,940,73,30,43,59,16,43,0,0,0
27,499,District - Jalgaon (03),Rural,Less than 18,1000936,542433,458503,975417,532593,442824,23757,9117,14640,1156,456,700,456,215,241,150,52,98,0,0,0
27,499,District - Jalgaon (03),Rural,Less than 21,1182301,640475,541826,1100915,621058,479857,78135,18281,59854,1981,698,1283,828,335,493,442,103,339,0,0,0
27,499,District - Jalgaon (03),Urban,All ages,1342711,696851,645860,587215,343318,243897,681129,338741,342388,66469,12373,54096,3662,1201,2461,4236,1218,3018,0,0,0
27,499,District - Jalgaon (03),Urban,0-9,227112,123413,103699,227112,123413,103699,0,0,0,0,0,0,0,0,0,0,0,0,0,0,0
27,499,District - Jalgaon (03),Urban,10-14,126619,68126,58493,120274,65217,55057,5886,2702,3184,311,125,186,109,58,51,39,24,15,0,0,0
27,499,District - Jalgaon (03),Urban,15-19,128692,67706,60986,111739,63526,48213,16254,3935,12319,455,162,293,142,55,87,102,28,74,0,0,0
27,499,District - Jalgaon (03),Urban,20-24,131582,67421,64161,74044,52269,21775,56151,14795,41356,780,229,551,285,67,218,322,61,261,0,0,0
27,499,District - Jalgaon (03),Urban,25-29,118982,60044,58938,27974,22181,5793,88595,37287,51308,1368,327,1041,478,113,365,567,136,431,0,0,0
27,499,District - Jalgaon (03),Urban,30-34,103365,52108,51257,7273,5370,1903,92882,45967,46915,2097,444,1653,496,146,350,617,181,436,0,0,0
27,499,District - Jalgaon (03),Urban,35-39,98332,49560,48772,3022,1962,1060,90995,46771,44224,3148,482,2666,523,150,373,644,195,449,0,0,0
27,499,District - Jalgaon (03),Urban,40-44,86771,45060,41711,1968,1220,748,79723,42853,36870,4100,661,3439,434,157,277,546,169,377,0,0,0
27,499,District - Jalgaon (03),Urban,45-49,74341,38916,35425,1239,713,526,67595,37191,30404,4783,756,4027,311,113,198,413,143,270,0,0,0
27,499,District - Jalgaon (03),Urban,50-54,60277,32574,27703,1002,525,477,53409,31042,22367,5336,834,4502,262,93,169,268,80,188,0,0,0
27,499,District - Jalgaon (03),Urban,55-59,48304,25624,22680,1028,557,471,41233,24029,17204,5664,916,4748,171,63,108,208,59,149,0,0,0
27,499,District - Jalgaon (03),Urban,60-64,39611,19051,20560,1023,507,516,30518,17250,13268,7772,1200,6572,124,48,76,174,46,128,0,0,0
27,499,District - Jalgaon (03),Urban,65-69,35090,16130,18960,1112,553,559,24083,13981,10102,9656,1532,8124,106,38,68,133,26,107,0,0,0
27,499,District - Jalgaon (03),Urban,70-74,23403,11156,12247,576,300,276,14057,9159,4898,8611,1634,6977,87,36,51,72,27,45,0,0,0
27,499,District - Jalgaon (03),Urban,75-79,12724,6163,6561,320,173,147,6900,4643,2257,5427,1325,4102,36,15,21,41,7,34,0,0,0
27,499,District - Jalgaon (03),Urban,80+,14299,6466,7833,1503,855,648,6365,3940,2425,6323,1615,4708,57,32,25,51,24,27,0,0,0
27,499,District - Jalgaon (03),Urban,Age not stated,13207,7333,5874,6006,3977,2029,6483,3196,3287,638,131,507,41,17,24,39,12,27,0,0,0
27,499,District - Jalgaon (03),Urban,Less than 18,427644,230554,197090,414826,225477,189349,11970,4733,7237,593,223,370,179,82,97,76,39,37,0,0,0
27,499,District - Jalgaon (03),Urban,Less than 21,512883,274652,238231,479421,265627,213794,32063,8507,23556,910,333,577,291,124,167,198,61,137,0,0,0
27,500,District - Buldana (04),Total,All ages,2586258,1337560,1248698,1138113,666724,471389,1300415,645078,655337,128805,21022,107783,10970,2963,8007,7955,1773,6182,0,0,0
27,500,District - Buldana (04),Total,0-9,472254,253885,218369,472254,253885,218369,0,0,0,0,0,0,0,0,0,0,0,0,0,0,0
27,500,District - Buldana (04),Total,10-14,269529,141754,127775,262984,139114,123870,6072,2423,3649,243,91,152,202,115,87,28,11,17,0,0,0
27,500,District - Buldana (04),Total,15-19,256362,136680,119682,224336,131527,92809,31054,4920,26134,465,118,347,303,101,202,204,14,190,0,0,0
27,500,District - Buldana (04),Total,20-24,251706,133914,117792,123759,99634,24125,125080,33735,91345,1075,245,830,882,168,714,910,132,778,0,0,0
27,500,District - Buldana (04),Total,25-29,217606,113830,103776,34946,30145,4801,177980,82669,95311,2174,407,1767,1312,310,1002,1194,299,895,0,0,0
27,500,District - Buldana (04),Total,30-34,184992,94081,90911,6731,5045,1686,172150,87892,84258,3471,542,2929,1513,318,1195,1127,284,843,0,0,0
27,500,District - Buldana (04),Total,35-39,172160,87078,85082,2450,1560,890,162048,84256,77792,5097,658,4439,1508,351,1157,1057,253,804,0,0,0
27,500,District - Buldana (04),Total,40-44,153693,79094,74599,1627,939,688,143293,76826,66467,6470,774,5696,1332,338,994,971,217,754,0,0,0
27,500,District - Buldana (04),Total,45-49,130995,67755,63240,1000,560,440,120415,65730,54685,7872,999,6873,1017,304,713,691,162,529,0,0,0
27,500,District - Buldana (04),Total,50-54,109057,56476,52581,927,481,446,97747,54405,43342,9028,1235,7793,813,234,579,542,121,421,0,0,0
27,500,District - Buldana (04),Total,55-59,87329,44020,43309,694,329,365,76177,41932,34245,9536,1509,8027,552,178,374,370,72,298,0,0,0
27,500,District - Buldana (04),Total,60-64,83927,37690,46237,1000,498,502,67370,34860,32510,14713,2116,12597,504,144,360,340,72,268,0,0,0
27,500,District - Buldana (04),Total,65-69,83078,37932,45146,1215,573,642,59046,34032,25014,22113,3127,18986,453,142,311,251,58,193,0,0,0
27,500,District - Buldana (04),Total,70-74,56054,26318,29736,659,328,331,33957,22337,11620,21005,3494,17511,287,116,171,146,43,103,0,0,0
27,500,District - Buldana (04),Total,75-79,27730,13212,14518,340,183,157,15326,10447,4879,11853,2488,9365,151,78,73,60,16,44,0,0,0
27,500,District - Buldana (04),Total,80+,25896,11746,14150,1266,689,577,10979,7806,3173,13487,3183,10304,115,54,61,49,14,35,0,0,0
27,500,District - Buldana (04),Total,Age not stated,3890,2095,1795,1925,1234,691,1721,808,913,203,36,167,26,12,14,15,5,10,0,0,0
27,500,District - Buldana (04),Total,Less than 18,894131,476888,417243,877576,471704,405872,15613,4836,10777,520,148,372,352,183,169,70,17,53,0,0,0
27,500,District - Buldana (04),Total,Less than 21,1057417,562498,494919,994951,551094,443857,60471,10867,49604,898,250,648,675,241,434,422,46,376,0,0,0
27,500,District - Buldana (04),Rural,All ages,2037398,1055242,982156,888355,522101,366254,1032522,512360,520162,101354,16965,84389,8920,2399,6521,6247,1417,4830,0,0,0
27,500,District - Buldana (04),Rural,0-9,375407,201837,173570,375407,201837,173570,0,0,0,0,0,0,0,0,0,0,0,0,0,0,0
27,500,District - Buldana (04),Rural,10-14,213673,112147,101526,208366,110011,98355,4913,1956,2957,203,78,125,172,95,77,19,7,12,0,0,0
27,500,District - Buldana (04),Rural,15-19,201499,107821,93678,175315,103655,71660,25369,3973,21396,385,96,289,255,84,171,175,13,162,0,0,0
27,500,District - Buldana (04),Rural,20-24,197590,106149,91441,92668,77508,15160,102556,28180,74376,874,207,667,741,142,599,751,112,639,0,0,0
27,500,District - Buldana (04),Rural,25-29,170015,89793,80222,23555,21010,2545,142647,67914,74733,1747,339,1408,1087,266,821,979,264,715,0,0,0
27,500,District - Buldana (04),Rural,30-34,143691,73589,70102,3973,2984,989,134887,69679,65208,2743,441,2302,1215,257,958,873,228,645,0,0,0
27,500,District - Buldana (04),Rural,35-39,132490,67187,65303,1400,881,519,125163,65341,59822,3929,513,3416,1214,270,944,784,182,602,0,0,0
27,500,District - Buldana (04),Rural,40-44,118751,60838,57913,984,565,419,111029,59241,51788,4978,611,4367,1059,262,797,701,159,542,0,0,0
27,500,District - Buldana (04),Rural,45-49,101783,52455,49328,641,355,286,93843,50922,42921,5951,804,5147,815,249,566,533,125,408,0,0,0
27,500,District - Buldana (04),Rural,50-54,85535,44021,41514,611,328,283,76987,42446,34541,6864,971,5893,652,187,465,421,89,332,0,0,0
27,500,District - Buldana (04),Rural,55-59,68826,34425,34401,471,222,249,60369,32788,27581,7250,1217,6033,438,137,301,298,61,237,0,0,0
27,500,District - Buldana (04),Rural,60-64,67796,30202,37594,704,348,356,54917,27946,26971,11475,1726,9749,425,120,305,275,62,213,0,0,0
27,500,District - Buldana (04),Rural,65-69,67943,31104,36839,920,432,488,48680,27941,20739,17764,2564,15200,374,118,256,205,49,156,0,0,0
27,500,District - Buldana (04),Rural,70-74,45703,21538,24165,502,248,254,27966,18327,9639,16879,2833,14046,233,95,138,123,35,88,0,0,0
27,500,District - Buldana (04),Rural,75-79,22499,10751,11748,258,142,116,12601,8544,4057,9463,1993,7470,122,58,64,55,14,41,0,0,0
27,500,District - Buldana (04),Rural,80+,20943,9626,11317,996,540,456,9127,6484,2643,10685,2542,8143,94,48,46,41,12,29,0,0,0
27,500,District - Buldana (04),Rural,Age not stated,3254,1759,1495,1584,1035,549,1468,678,790,164,30,134,24,11,13,14,5,9,0,0,0
27,500,District - Buldana (04),Rural,Less than 18,709259,378219,331040,695897,374001,321896,12582,3927,8655,430,125,305,300,154,146,50,12,38,0,0,0
27,500,District - Buldana (04),Rural,Less than 21,837443,445698,391745,786162,436453,349709,49617,8796,40821,751,211,540,557,200,357,356,38,318,0,0,0
27,500,District - Buldana (04),Urban,All ages,548860,282318,266542,249758,144623,105135,267893,132718,135175,27451,4057,23394,2050,564,1486,1708,356,1352,0,0,0
27,500,District - Buldana (04),Urban,0-9,96847,52048,44799,96847,52048,44799,0,0,0,0,0,0,0,0,0,0,0,0,0,0,0
27,500,District - Buldana (04),Urban,10-14,55856,29607,26249,54618,29103,25515,1159,467,692,40,13,27,30,20,10,9,4,5,0,0,0
27,500,District - Buldana (04),Urban,15-19,54863,28859,26004,49021,27872,21149,5685,947,4738,80,22,58,48,17,31,29,1,28,0,0,0
27,500,District - Buldana (04),Urban,20-24,54116,27765,26351,31091,22126,8965,22524,5555,16969,201,38,163,141,26,115,159,20,139,0,0,0
27,500,District - Buldana (04),Urban,25-29,47591,24037,23554,11391,9135,2256,35333,14755,20578,427,68,359,225,44,181,215,35,180,0,0,0
27,500,District - Buldana (04),Urban,30-34,41301,20492,20809,2758,2061,697,37263,18213,19050,728,101,627,298,61,237,254,56,198,0,0,0
27,500,District - Buldana (04),Urban,35-39,39670,19891,19779,1050,679,371,36885,18915,17970,1168,145,1023,294,81,213,273,71,202,0,0,0
27,500,District - Buldana (04),Urban,40-44,34942,18256,16686,643,374,269,32264,17585,14679,1492,163,1329,273,76,197,270,58,212,0,0,0
27,500,District - Buldana (04),Urban,45-49,29212,15300,13912,359,205,154,26572,14808,11764,1921,195,1726,202,55,147,158,37,121,0,0,0
27,500,District - Buldana (04),Urban,50-54,23522,12455,11067,316,153,163,20760,11959,8801,2164,264,1900,161,47,114,121,32,89,0,0,0
27,500,District - Buldana (04),Urban,55-59,18503,9595,8908,223,107,116,15808,9144,6664,2286,292,1994,114,41,73,72,11,61,0,0,0
27,500,District - Buldana (04),Urban,60-64,16131,7488,8643,296,150,146,12453,6914,5539,3238,390,2848,79,24,55,65,10,55,0,0,0
27,500,District - Buldana (04),Urban,65-69,15135,6828,8307,295,141,154,10366,6091,4275,4349,563,3786,79,24,55,46,9,37,0,0,0
27,500,District - Buldana (04),Urban,70-74,10351,4780,5571,157,80,77,5991,4010,1981,4126,661,3465,54,21,33,23,8,15,0,0,0
27,500,District - Buldana (04),Urban,75-79,5231,2461,2770,82,41,41,2725,1903,822,2390,495,1895,29,20,9,5,2,3,0,0,0
27,500,District - Buldana (04),Urban,80+,4953,2120,2833,270,149,121,1852,1322,530,2802,641,2161,21,6,15,8,2,6,0,0,0
27,500,District - Buldana (04),Urban,Age not stated,636,336,300,341,199,142,253,130,123,39,6,33,2,1,1,1,0,1,0,0,0
27,500,District - Buldana (04),Urban,Less than 18,184872,98669,86203,181679,97703,83976,3031,909,2122,90,23,67,52,29,23,20,5,15,0,0,0
27,500,District - Buldana (04),Urban,Less than 21,219974,116800,103174,208789,114641,94148,10854,2071,8783,147,39,108,118,41,77,66,8,58,0,0,0
27,501,District - Akola (05),Total,All ages,1813906,932334,881572,815246,467701,347545,893565,444610,448955,90608,16114,74494,8076,2375,5701,6411,1534,4877,0,0,0
27,501,District - Akola (05),Total,0-9,304983,159070,145913,304983,159070,145913,0,0,0,0,0,0,0,0,0,0,0,0,0,0,0
27,501,District - Akola (05),Total,10-14,182016,94148,87868,177164,92190,84974,4412,1780,2632,288,102,186,119,60,59,33,16,17,0,0,0
27,501,District - Akola (05),Total,15-19,181483,94484,86999,164832,91093,73739,15986,3168,12818,388,134,254,183,77,106,94,12,82,0,0,0
27,501,District - Akola (05),Total,20-24,176234,92678,83556,104288,76105,28183,70148,16250,53898,712,163,549,559,104,455,527,56,471,0,0,0
27,501,District - Akola (05),Total,25-29,154053,80012,74041,40710,33977,6733,110208,45367,64841,1399,277,1122,900,210,690,836,181,655,0,0,0
27,501,District - Akola (05),Total,30-34,135083,68964,66119,9508,7494,2014,120953,60434,60519,2474,469,2005,1141,291,850,1007,276,731,0,0,0
27,501,District - Akola (05),Total,35-39,130317,65949,64368,3110,2031,1079,121210,62763,58447,3785,547,3238,1221,333,888,991,275,716,0,0,0
27,501,District - Akola (05),Total,40-44,118012,61015,56997,1784,1026,758,109084,58737,50347,5119,731,4388,1141,318,823,884,203,681,0,0,0
27,501,District - Akola (05),Total,45-49,99788,51818,47970,1099,573,526,91361,50029,41332,5949,835,5114,752,227,525,627,154,473,0,0,0
27,501,District - Akola (05),Total,50-54,82063,43451,38612,864,466,398,73118,41574,31544,6991,1106,5885,618,197,421,472,108,364,0,0,0
27,501,District - Akola (05),Total,55-59,63733,33010,30723,646,323,323,55138,31307,23831,7239,1156,6083,401,136,265,309,88,221,0,0,0
27,501,District - Akola (05),Total,60-64,59046,27691,31355,1017,458,559,45918,25261,20657,11504,1784,9720,354,128,226,253,60,193,0,0,0
27,501,District - Akola (05),Total,65-69,51065,23847,27218,1179,581,598,35483,20865,14618,13916,2242,11674,325,120,205,162,39,123,0,0,0
27,501,District - Akola (05),Total,70-74,36367,17058,19309,626,298,328,21647,14146,7501,13814,2489,11325,170,81,89,110,44,66,0,0,0
27,501,District - Akola (05),Total,75-79,18189,8973,9216,237,127,110,9999,6995,3004,7827,1794,6033,86,48,38,40,9,31,0,0,0
27,501,District - Akola (05),Total,80+,17469,8074,9395,975,540,435,7357,5235,2122,9004,2249,6755,81,40,41,52,10,42,0,0,0
27,501,District - Akola (05),Total,Age not stated,4005,2092,1913,2224,1349,875,1543,699,844,199,36,163,25,5,20,14,3,11,0,0,0
27,501,District - Akola (05),Total,Less than 18,593675,308515,285160,582644,304803,277841,10242,3411,6831,523,178,345,207,101,106,59,22,37,0,0,0
27,501,District - Akola (05),Total,Less than 21,709773,368871,340902,675560,361347,314213,32792,7067,25725,814,268,546,391,155,236,216,34,182,0,0,0
27,501,District - Akola (05),Rural,All ages,1094165,563933,530232,485509,280290,205219,544987,271145,273842,54968,10222,44746,4807,1375,3432,3894,901,2993,0,0,0
27,501,District - Akola (05),Rural,0-9,186229,96802,89427,186229,96802,89427,0,0,0,0,0,0,0,0,0,0,0,0,0,0,0
27,501,District - Akola (05),Rural,10-14,112037,57968,54069,108814,56658,52156,2924,1190,1734,200,71,129,76,38,38,23,11,12,0,0,0
27,501,District - Akola (05),Rural,15-19,109953,57551,52402,99110,55335,43775,10416,2064,8352,259,99,160,111,48,63,57,5,52,0,0,0
27,501,District - Akola (05),Rural,20-24,104997,56076,48921,58963,45496,13467,44850,10356,34494,483,115,368,340,70,270,361,39,322,0,0,0
27,501,District - Akola (05),Rural,25-29,91523,48392,43131,21223,18780,2443,68314,29168,39146,907,190,717,561,133,428,518,121,397,0,0,0
27,501,District - Akola (05),Rural,30-34,79232,40769,38463,4020,3261,759,72362,36861,35501,1556,301,1255,692,164,528,602,182,420,0,0,0
27,501,District - Akola (05),Rural,35-39,76016,38818,37198,1203,792,411,71318,37375,33943,2276,345,1931,678,164,514,541,142,399,0,0,0
27,501,District - Akola (05),Rural,40-44,69422,35877,33545,712,400,312,64502,34762,29740,3048,447,2601,646,167,479,514,101,413,0,0,0
27,501,District - Akola (05),Rural,45-49,58947,30620,28327,468,248,220,54274,29646,24628,3388,510,2878,457,137,320,360,79,281,0,0,0
27,501,District - Akola (05),Rural,50-54,49300,26058,23242,411,229,182,44241,24945,19296,4000,715,3285,362,109,253,286,60,226,0,0,0
27,501,District - Akola (05),Rural,55-59,37920,19492,18428,294,139,155,33143,18494,14649,4063,723,3340,223,77,146,197,59,138,0,0,0
27,501,District - Akola (05),Rural,60-64,36598,16794,19804,559,253,306,28797,15336,13461,6860,1091,5769,215,80,135,167,34,133,0,0,0
27,501,District - Akola (05),Rural,65-69,32899,15171,17728,724,353,371,23018,13244,9774,8829,1466,7363,213,85,128,115,23,92,0,0,0
27,501,District - Akola (05),Rural,70-74,23794,11106,12688,409,182,227,14350,9242,5108,8844,1601,7243,114,50,64,77,31,46,0,0,0
27,501,District - Akola (05),Rural,75-79,11638,5797,5841,140,71,69,6568,4562,2006,4854,1134,3720,49,26,23,27,4,23,0,0,0
27,501,District - Akola (05),Rural,80+,10809,5203,5606,610,346,264,4855,3441,1414,5255,1386,3869,51,22,29,38,8,30,0,0,0
27,501,District - Akola (05),Rural,Age not stated,2851,1439,1412,1620,945,675,1055,459,596,146,28,118,19,5,14,11,2,9,0,0,0
27,501,District - Akola (05),Rural,Less than 18,363340,188662,174678,356101,186207,169894,6713,2254,4459,353,123,230,132,63,69,41,15,26,0,0,0
27,501,District - Akola (05),Rural,Less than 21,433001,225133,207868,410620,220188,190432,21454,4634,16820,552,194,358,237,96,141,138,21,117,0,0,0
27,501,District - Akola (05),Urban,All ages,719741,368401,351340,329737,187411,142326,348578,173465,175113,35640,5892,29748,3269,1000,2269,2517,633,1884,0,0,0
27,501,District - Akola (05),Urban,0-9,118754,62268,56486,118754,62268,56486,0,0,0,0,0,0,0,0,0,0,0,0,0,0,0
27,501,District - Akola (05),Urban,10-14,69979,36180,33799,68350,35532,32818,1488,590,898,88,31,57,43,22,21,10,5,5,0,0,0
27,501,District - Akola (05),Urban,15-19,71530,36933,34597,65722,35758,29964,5570,1104,4466,129,35,94,72,29,43,37,7,30,0,0,0
27,501,District - Akola (05),Urban,20-24,71237,36602,34635,45325,30609,14716,25298,5894,19404,229,48,181,219,34,185,166,17,149,0,0,0
27,501,District - Akola (05),Urban,25-29,62530,31620,30910,19487,15197,4290,41894,16199,25695,492,87,405,339,77,262,318,60,258,0,0,0
27,501,District - Akola (05),Urban,30-34,55851,28195,27656,5488,4233,1255,48591,23573,25018,918,168,750,449,127,322,405,94,311,0,0,0
27,501,District - Akola (05),Urban,35-39,54301,27131,27170,1907,1239,668,49892,25388,24504,1509,202,1307,543,169,374,450,133,317,0,0,0
27,501,District - Akola (05),Urban,40-44,48590,25138,23452,1072,626,446,44582,23975,20607,2071,284,1787,495,151,344,370,102,268,0,0,0
27,501,District - Akola (05),Urban,45-49,40841,21198,19643,631,325,306,37087,20383,16704,2561,325,2236,295,90,205,267,75,192,0,0,0
27,501,District - Akola (05),Urban,50-54,32763,17393,15370,453,237,216,28877,16629,12248,2991,391,2600,256,88,168,186,48,138,0,0,0
27,501,District - Akola (05),Urban,55-59,25813,13518,12295,352,184,168,21995,12813,9182,3176,433,2743,178,59,119,112,29,83,0,0,0
27,501,District - Akola (05),Urban,60-64,22448,10897,11551,458,205,253,17121,9925,7196,4644,693,3951,139,48,91,86,26,60,0,0,0
27,501,District - Akola (05),Urban,65-69,18166,8676,9490,455,228,227,12465,7621,4844,5087,776,4311,112,35,77,47,16,31,0,0,0
27,501,District - Akola (05),Urban,70-74,12573,5952,6621,217,116,101,7297,4904,2393,4970,888,4082,56,31,25,33,13,20,0,0,0
27,501,District - Akola (05),Urban,75-79,6551,3176,3375,97,56,41,3431,2433,998,2973,660,2313,37,22,15,13,5,8,0,0,0
27,501,District - Akola (05),Urban,80+,6660,2871,3789,365,194,171,2502,1794,708,3749,863,2886,30,18,12,14,2,12,0,0,0
27,501,District - Akola (05),Urban,Age not stated,1154,653,501,604,404,200,488,240,248,53,8,45,6,0,6,3,1,2,0,0,0
27,501,District - Akola (05),Urban,Less than 18,230335,119853,110482,226543,118596,107947,3529,1157,2372,170,55,115,75,38,37,18,7,11,0,0,0
27,501,District - Akola (05),Urban,Less than 21,276772,143738,133034,264940,141159,123781,11338,2433,8905,262,74,188,154,59,95,78,13,65,0,0,0
27,502,District - Washim (06),Total,All ages,1197160,620302,576858,538610,314666,223944,594559,295073,299486,56694,8865,47829,4442,1120,3322,2855,578,2277,0,0,0
27,502,District - Washim (06),Total,0-9,219643,117157,102486,219643,117157,102486,0,0,0,0,0,0,0,0,0,0,0,0,0,0,0
27,502,District - Washim (06),Total,10-14,131385,69213,62172,128427,68102,60325,2699,1004,1695,129,45,84,110,56,54,20,6,14,0,0,0
27,502,District - Washim (06),Total,15-19,121259,65274,55985,107877,62935,44942,12920,2224,10696,240,65,175,142,44,98,80,6,74,0,0,0
27,502,District - Washim (06),Total,20-24,112637,61091,51546,57158,46125,11033,54265,14756,39509,488,79,409,350,90,260,376,41,335,0,0,0
27,502,District - Washim (06),Total,25-29,97995,50539,47456,16406,14285,2121,79528,35892,43636,1119,181,938,518,104,414,424,77,347,0,0,0
27,502,District - Washim (06),Total,30-34,87440,43739,43701,3343,2639,704,81264,40685,40579,1716,213,1503,650,118,532,467,84,383,0,0,0
27,502,District - Washim (06),Total,35-39,83326,42294,41032,1130,731,399,78632,41047,37585,2505,277,2228,649,142,507,410,97,313,0,0,0
27,502,District - Washim (06),Total,40-44,73077,38259,34818,710,442,268,68314,37245,31069,3133,357,2776,571,129,442,349,86,263,0,0,0
27,502,District - Washim (06),Total,45-49,58582,30732,27850,381,211,170,54282,29965,24317,3261,400,2861,409,101,308,249,55,194,0,0,0
27,502,District - Washim (06),Total,50-54,47335,24485,22850,314,175,139,42780,23735,19045,3819,461,3358,271,81,190,151,33,118,0,0,0
27,502,District - Washim (06),Total,55-59,37836,18797,19039,219,123,96,33627,18030,15597,3717,568,3149,186,50,136,87,26,61,0,0,0
27,502,District - Washim (06),Total,60-64,39369,17542,21827,442,217,225,31545,16299,15246,7077,954,6123,208,51,157,97,21,76,0,0,0
27,502,District - Washim (06),Total,65-69,36404,16865,19539,547,289,258,26292,15208,11084,9332,1298,8034,155,51,104,78,19,59,0,0,0
27,502,District - Washim (06),Total,70-74,24746,11845,12901,248,125,123,15391,10238,5153,8973,1426,7547,103,44,59,31,12,19,0,0,0
27,502,District - Washim (06),Total,75-79,11694,5607,6087,138,80,58,6661,4470,2191,4824,1025,3799,53,24,29,18,8,10,0,0,0
27,502,District - Washim (06),Total,80+,12801,5945,6856,724,422,302,5736,3992,1744,6269,1492,4777,59,34,25,13,5,8,0,0,0
27,502,District - Washim (06),Total,Age not stated,1631,918,713,903,608,295,623,283,340,92,24,68,8,1,7,5,2,3,0,0,0
27,502,District - Washim (06),Total,Less than 18,424034,225181,198853,416416,222875,193541,7129,2139,4990,267,78,189,175,81,94,47,8,39,0,0,0
27,502,District - Washim (06),Total,Less than 21,500208,266360,233848,473181,261143,212038,26063,4958,21105,468,126,342,314,115,199,182,18,164,0,0,0
27,502,District - Washim (06),Rural,All ages,985747,511727,474020,439756,258238,181518,493273,244778,248495,46583,7324,39259,3824,928,2896,2311,459,1852,0,0,0
27,502,District - Washim (06),Rural,0-9,180985,96636,84349,180985,96636,84349,0,0,0,0,0,0,0,0,0,0,0,0,0,0,0
27,502,District - Washim (06),Rural,10-14,108554,57399,51155,106152,56497,49655,2200,826,1374,103,32,71,83,40,43,16,4,12,0,0,0
27,502,District - Washim (06),Rural,15-19,99468,53978,45490,88351,52085,36266,10727,1802,8925,195,49,146,124,37,87,71,5,66,0,0,0
27,502,District - Washim (06),Rural,20-24,92118,50446,41672,45442,37729,7713,45646,12534,33112,408,67,341,303,79,224,319,37,282,0,0,0
27,502,District - Washim (06),Rural,25-29,80034,41604,38430,12237,10923,1314,66087,30377,35710,913,149,764,440,89,351,357,66,291,0,0,0
27,502,District - Washim (06),Rural,30-34,71142,35653,35489,2240,1787,453,66575,33531,33044,1379,169,1210,559,94,465,389,72,317,0,0,0
27,502,District - Washim (06),Rural,35-39,67990,34486,33504,753,487,266,64299,33589,30710,2053,228,1825,566,112,454,319,70,249,0,0,0
27,502,District - Washim (06),Rural,40-44,59723,31101,28622,473,289,184,55930,30348,25582,2550,291,2259,496,109,387,274,64,210,0,0,0
27,502,District - Washim (06),Rural,45-49,48223,25094,23129,270,148,122,44735,24492,20243,2677,327,2350,353,88,265,188,39,149,0,0,0
27,502,District - Washim (06),Rural,50-54,39086,20122,18964,226,129,97,35446,19513,15933,3059,382,2677,244,71,173,111,27,84,0,0,0
27,502,District - Washim (06),Rural,55-59,31594,15568,16026,154,86,68,28170,14955,13215,3040,462,2578,157,42,115,73,23,50,0,0,0
27,502,District - Washim (06),Rural,60-64,33077,14623,18454,341,169,172,26667,13608,13059,5815,789,5026,182,41,141,72,16,56,0,0,0
27,502,District - Washim (06),Rural,65-69,30779,14312,16467,427,218,209,22455,12937,9518,7695,1099,6596,135,44,91,67,14,53,0,0,0
27,502,District - Washim (06),Rural,70-74,21045,10132,10913,203,102,101,13201,8797,4404,7527,1186,6341,90,38,52,24,9,15,0,0,0
27,502,District - Washim (06),Rural,75-79,9859,4727,5132,116,67,49,5680,3796,1884,4009,840,3169,39,17,22,15,7,8,0,0,0
27,502,District - Washim (06),Rural,80+,10636,5040,5596,613,362,251,4890,3416,1474,5075,1231,3844,46,26,20,12,5,7,0,0,0
27,502,District - Washim (06),Rural,Age not stated,1434,806,628,773,524,249,565,257,308,85,23,62,7,1,6,4,1,3,0,0,0
27,502,District - Washim (06),Rural,Less than 18,349566,186154,163412,343371,184257,159114,5805,1777,4028,211,53,158,140,61,79,39,6,33,0,0,0
27,502,District - Washim (06),Rural,Less than 21,411799,220147,191652,389361,215950,173411,21642,4001,17641,381,92,289,264,90,174,151,14,137,0,0,0
27,502,District - Washim (06),Urban,All ages,211413,108575,102838,98854,56428,42426,101286,50295,50991,10111,1541,8570,618,192,426,544,119,425,0,0,0
27,502,District - Washim (06),Urban,0-9,38658,20521,18137,38658,20521,18137,0,0,0,0,0,0,0,0,0,0,0,0,0,0,0
27,502,District - Washim (06),Urban,10-14,22831,11814,11017,22275,11605,10670,499,178,321,26,13,13,27,16,11,4,2,2,0,0,0
27,502,District - Washim (06),Urban,15-19,21791,11296,10495,19526,10850,8676,2193,422,1771,45,16,29,18,7,11,9,1,8,0,0,0
27,502,District - Washim (06),Urban,20-24,20519,10645,9874,11716,8396,3320,8619,2222,6397,80,12,68,47,11,36,57,4,53,0,0,0
27,502,District - Washim (06),Urban,25-29,17961,8935,9026,4169,3362,807,13441,5515,7926,206,32,174,78,15,63,67,11,56,0,0,0
27,502,District - Washim (06),Urban,30-34,16298,8086,8212,1103,852,251,14689,7154,7535,337,44,293,91,24,67,78,12,66,0,0,0
27,502,District - Washim (06),Urban,35-39,15336,7808,7528,377,244,133,14333,7458,6875,452,49,403,83,30,53,91,27,64,0,0,0
27,502,District - Washim (06),Urban,40-44,13354,7158,6196,237,153,84,12384,6897,5487,583,66,517,75,20,55,75,22,53,0,0,0
27,502,District - Washim (06),Urban,45-49,10359,5638,4721,111,63,48,9547,5473,4074,584,73,511,56,13,43,61,16,45,0,0,0
27,502,District - Washim (06),Urban,50-54,8249,4363,3886,88,46,42,7334,4222,3112,760,79,681,27,10,17,40,6,34,0,0,0
27,502,District - Washim (06),Urban,55-59,6242,3229,3013,65,37,28,5457,3075,2382,677,106,571,29,8,21,14,3,11,0,0,0
27,502,District - Washim (06),Urban,60-64,6292,2919,3373,101,48,53,4878,2691,2187,1262,165,1097,26,10,16,25,5,20,0,0,0
27,502,District - Washim (06),Urban,65-69,5625,2553,3072,120,71,49,3837,2271,1566,1637,199,1438,20,7,13,11,5,6,0,0,0
27,502,District - Washim (06),Urban,70-74,3701,1713,1988,45,23,22,2190,1441,749,1446,240,1206,13,6,7,7,3,4,0,0,0
27,502,District - Washim (06),Urban,75-79,1835,880,955,22,13,9,981,674,307,815,185,630,14,7,7,3,1,2,0,0,0
27,502,District - Washim (06),Urban,80+,2165,905,1260,111,60,51,846,576,270,1194,261,933,13,8,5,1,0,1,0,0,0
27,502,District - Washim (06),Urban,Age not stated,197,112,85,130,84,46,58,26,32,7,1,6,1,0,1,1,1,0,0,0,0
27,502,District - Washim (06),Urban,Less than 18,74468,39027,35441,73045,38618,34427,1324,362,962,56,25,31,35,20,15,8,2,6,0,0,0
27,502,District - Washim (06),Urban,Less than 21,88409,46213,42196,83820,45193,38627,4421,957,3464,87,34,53,50,25,25,31,4,27,0,0,0
27,503,District - Amravati (07),Total,All ages,2888445,1480768,1407677,1305173,742435,562738,1416602,702781,713821,147199,29488,117711,12545,4239,8306,6926,1825,5101,0,0,0
27,503,District - Amravati (07),Total,0-9,452883,234158,218725,452883,234158,218725,0,0,0,0,0,0,0,0,0,0,0,0,0,0,0
27,503,District - Amravati (07),Total,10-14,284577,146177,138400,278378,143622,134756,5693,2345,3348,244,80,164,220,110,110,42,20,22,0,0,0
27,503,District - Amravati (07),Total,15-19,286150,147524,138626,266680,143113,123567,18591,4119,14472,438,133,305,359,139,220,82,20,62,0,0,0
27,503,District - Amravati (07),Total,20-24,278265,144101,134164,180790,122741,58049,95298,20869,74429,903,227,676,795,196,599,479,68,411,0,0,0
27,503,District - Amravati (07),Total,25-29,238715,122465,116250,78886,64806,14080,155865,56802,99063,1928,403,1525,1187,298,889,849,156,693,0,0,0
27,503,District - Amravati (07),Total,30-34,215896,109602,106294,22143,18405,3738,187286,89787,97499,3645,631,3014,1686,488,1198,1136,291,845,0,0,0
27,503,District - Amravati (07),Total,35-39,210353,105645,104708,5980,4293,1687,195400,99398,96002,5895,1015,4880,1914,606,1308,1164,333,831,0,0,0
27,503,District - Amravati (07),Total,40-44,194877,101236,93641,3309,2153,1156,180416,96791,83625,8312,1368,6944,1774,603,1171,1066,321,745,0,0,0
27,503,District - Amravati (07),Total,45-49,162423,85527,76896,1994,1203,791,149002,82083,66919,9366,1577,7789,1351,472,879,710,192,518,0,0,0
27,503,District - Amravati (07),Total,50-54,131812,70906,60906,1423,834,589,118048,67731,50317,10953,1900,9053,911,301,610,477,140,337,0,0,0
27,503,District - Amravati (07),Total,55-59,100309,52215,48094,991,527,464,87541,49406,38135,10895,1983,8912,575,213,362,307,86,221,0,0,0
27,503,District - Amravati (07),Total,60-64,97712,46266,51446,1574,818,756,77865,42140,35725,17437,3004,14433,607,232,375,229,72,157,0,0,0
27,503,District - Amravati (07),Total,65-69,90736,42440,48296,1756,878,878,65292,37315,27977,23020,3982,19038,498,217,281,170,48,122,0,0,0
27,503,District - Amravati (07),Total,70-74,66100,32567,33533,911,459,452,41058,27168,13890,23709,4752,18957,309,151,158,113,37,76,0,0,0
27,503,District - Amravati (07),Total,75-79,34004,17756,16248,524,267,257,19481,13776,5705,13807,3607,10200,156,88,68,36,18,18,0,0,0
27,503,District - Amravati (07),Total,80+,32592,16337,16255,2139,1195,944,14298,10353,3945,15969,4674,11295,150,104,46,36,11,25,0,0,0
27,503,District - Amravati (07),Total,Age not stated,11041,5846,5195,4812,2963,1849,5468,2698,2770,678,152,526,53,21,32,30,12,18,0,0,0
27,503,District - Amravati (07),Total,Less than 18,906600,467444,439156,893513,462620,430893,12114,4450,7664,501,156,345,400,189,211,72,29,43,0,0,0
27,503,District - Amravati (07),Total,Less than 21,1089131,561015,528116,1047613,551369,496244,39739,9044,30695,868,255,613,715,296,419,196,51,145,0,0,0
27,503,District - Amravati (07),Rural,All ages,1851158,950633,900525,832930,474577,358353,909802,451839,457963,95350,19999,75351,8824,3028,5796,4252,1190,3062,0,0,0
27,503,District - Amravati (07),Rural,0-9,297387,153125,144262,297387,153125,144262,0,0,0,0,0,0,0,0,0,0,0,0,0,0,0
27,503,District - Amravati (07),Rural,10-14,188147,96366,91781,184297,94791,89506,3519,1438,2081,155,52,103,154,74,80,22,11,11,0,0,0
27,503,District - Amravati (07),Rural,15-19,185783,95883,89900,172636,93040,79596,12570,2660,9910,274,85,189,247,83,164,56,15,41,0,0,0
27,503,District - Amravati (07),Rural,20-24,176132,92027,84105,109105,76826,32279,65536,14853,50683,589,149,440,580,150,430,322,49,273,0,0,0
27,503,District - Amravati (07),Rural,25-29,148265,77429,70836,44603,38613,5990,101007,38215,62792,1255,263,992,846,226,620,554,112,442,0,0,0
27,503,District - Amravati (07),Rural,30-34,133346,68406,64940,11225,9769,1456,117958,57680,60278,2297,411,1886,1182,345,837,684,201,483,0,0,0
27,503,District - Amravati (07),Rural,35-39,129963,65548,64415,2705,1964,741,121513,62284,59229,3759,666,3093,1300,419,881,686,215,471,0,0,0
27,503,District - Amravati (07),Rural,40-44,121298,63228,58070,1563,1040,523,112699,60632,52067,5169,917,4252,1244,428,816,623,211,412,0,0,0
27,503,District - Amravati (07),Rural,45-49,101043,53163,47880,958,585,373,92984,51103,41881,5724,1026,4698,941,337,604,436,112,324,0,0,0
27,503,District - Amravati (07),Rural,50-54,82848,44451,38397,681,417,264,74498,42453,32045,6749,1286,5463,637,215,422,283,80,203,0,0,0
27,503,District - Amravati (07),Rural,55-59,63041,32808,30233,453,262,191,55501,31035,24466,6510,1320,5190,388,141,247,189,50,139,0,0,0
27,503,District - Amravati (07),Rural,60-64,63564,29534,34030,853,443,410,51230,26927,24303,10892,1944,8948,443,172,271,146,48,98,0,0,0
27,503,District - Amravati (07),Rural,65-69,61662,28449,33213,1035,539,496,44734,24949,19785,15423,2773,12650,356,154,202,114,34,80,0,0,0
27,503,District - Amravati (07),Rural,70-74,46047,22625,23422,558,279,279,28714,18819,9895,16467,3383,13084,241,122,119,67,22,45,0,0,0
27,503,District - Amravati (07),Rural,75-79,23230,12354,10876,303,154,149,13577,9632,3945,9213,2487,6726,112,66,46,25,15,10,0,0,0
27,503,District - Amravati (07),Rural,80+,21559,11102,10457,1314,747,567,9727,7144,2583,10385,3126,7259,113,79,34,20,6,14,0,0,0
27,503,District - Amravati (07),Rural,Age not stated,7843,4135,3708,3254,1983,1271,4035,2015,2020,489,111,378,40,17,23,25,9,16,0,0,0
27,503,District - Amravati (07),Rural,Less than 18,596363,306617,289746,588050,303616,284434,7668,2755,4913,327,104,223,278,124,154,40,18,22,0,0,0
27,503,District - Amravati (07),Rural,Less than 21,713240,366736,346504,685251,360441,324810,26801,5899,20902,562,168,394,502,194,308,124,34,90,0,0,0
27,503,District - Amravati (07),Urban,All ages,1037287,530135,507152,472243,267858,204385,506800,250942,255858,51849,9489,42360,3721,1211,2510,2674,635,2039,0,0,0
27,503,District - Amravati (07),Urban,0-9,155496,81033,74463,155496,81033,74463,0,0,0,0,0,0,0,0,0,0,0,0,0,0,0
27,503,District - Amravati (07),Urban,10-14,96430,49811,46619,94081,48831,45250,2174,907,1267,89,28,61,66,36,30,20,9,11,0,0,0
27,503,District - Amravati (07),Urban,15-19,100367,51641,48726,94044,50073,43971,6021,1459,4562,164,48,116,112,56,56,26,5,21,0,0,0
27,503,District - Amravati (07),Urban,20-24,102133,52074,50059,71685,45915,25770,29762,6016,23746,314,78,236,215,46,169,157,19,138,0,0,0
27,503,District - Amravati (07),Urban,25-29,90450,45036,45414,34283,26193,8090,54858,18587,36271,673,140,533,341,72,269,295,44,251,0,0,0
27,503,District - Amravati (07),Urban,30-34,82550,41196,41354,10918,8636,2282,69328,32107,37221,1348,220,1128,504,143,361,452,90,362,0,0,0
27,503,District - Amravati (07),Urban,35-39,80390,40097,40293,3275,2329,946,73887,37114,36773,2136,349,1787,614,187,427,478,118,360,0,0,0
27,503,District - Amravati (07),Urban,40-44,73579,38008,35571,1746,1113,633,67717,36159,31558,3143,451,2692,530,175,355,443,110,333,0,0,0
27,503,District - Amravati (07),Urban,45-49,61380,32364,29016,1036,618,418,56018,30980,25038,3642,551,3091,410,135,275,274,80,194,0,0,0
27,503,District - Amravati (07),Urban,50-54,48964,26455,22509,742,417,325,43550,25278,18272,4204,614,3590,274,86,188,194,60,134,0,0,0
27,503,District - Amravati (07),Urban,55-59,37268,19407,17861,538,265,273,32040,18371,13669,4385,663,3722,187,72,115,118,36,82,0,0,0
27,503,District - Amravati (07),Urban,60-64,34148,16732,17416,721,375,346,26635,15213,11422,6545,1060,5485,164,60,104,83,24,59,0,0,0
27,503,District - Amravati (07),Urban,65-69,29074,13991,15083,721,339,382,20558,12366,8192,7597,1209,6388,142,63,79,56,14,42,0,0,0
27,503,District - Amravati (07),Urban,70-74,20053,9942,10111,353,180,173,12344,8349,3995,7242,1369,5873,68,29,39,46,15,31,0,0,0
27,503,District - Amravati (07),Urban,75-79,10774,5402,5372,221,113,108,5904,4144,1760,4594,1120,3474,44,22,22,11,3,8,0,0,0
27,503,District - Amravati (07),Urban,80+,11033,5235,5798,825,448,377,4571,3209,1362,5584,1548,4036,37,25,12,16,5,11,0,0,0
27,503,District - Amravati (07),Urban,Age not stated,3198,1711,1487,1558,980,578,1433,683,750,189,41,148,13,4,9,5,3,2,0,0,0
27,503,District - Amravati (07),Urban,Less than 18,310237,160827,149410,305463,159004,146459,4446,1695,2751,174,52,122,122,65,57,32,11,21,0,0,0
27,503,District - Amravati (07),Urban,Less than 21,375891,194279,181612,362362,190928,171434,12938,3145,9793,306,87,219,213,102,111,72,17,55,0,0,0
27,504,District - Wardha (08),Total,All ages,1300774,668385,632389,558563,324568,233995,657444,327469,329975,74642,13237,61405,7395,2384,5011,2730,727,2003,0,0,0
27,504,District - Wardha (08),Total,0-9,187173,97445,89728,187173,97445,89728,0,0,0,0,0,0,0,0,0,0,0,0,0,0,0
27,504,District - Wardha (08),Total,10-14,115620,60061,55559,114474,59670,54804,1030,345,685,63,19,44,48,25,23,5,2,3,0,0,0
27,504,District - Wardha (08),Total,15-19,119648,62049,57599,114030,61139,52891,5414,849,4565,113,36,77,69,19,50,22,6,16,0,0,0
27,504,District - Wardha (08),Total,20-24,123796,63617,60179,83416,57674,25742,39557,5843,33714,343,42,301,346,46,300,134,12,122,0,0,0
27,504,District - Wardha (08),Total,25-29,113303,58514,54789,39622,33778,5844,71723,24386,47337,902,108,794,755,185,570,301,57,244,0,0,0
27,504,District - Wardha (08),Total,30-34,101012,51600,49412,10756,9126,1630,87058,41854,45204,1764,232,1532,992,270,722,442,118,324,0,0,0
27,504,District - Wardha (08),Total,35-39,100392,50702,49690,3025,2224,801,92560,47511,45049,3107,396,2711,1207,410,797,493,161,332,0,0,0
27,504,District - Wardha (08),Total,40-44,91037,47246,43791,1614,1060,554,83738,45204,38534,4133,490,3643,1110,361,749,442,131,311,0,0,0
27,504,District - Wardha (08),Total,45-49,77786,40644,37142,908,520,388,70775,39129,31646,4869,606,4263,899,300,599,335,89,246,0,0,0
27,504,District - Wardha (08),Total,50-54,63557,34387,29170,635,346,289,56637,32935,23702,5445,841,4604,630,218,412,210,47,163,0,0,0
27,504,District - Wardha (08),Total,55-59,48368,25280,23088,385,205,180,42167,24003,18164,5337,900,4437,354,131,223,125,41,84,0,0,0
27,504,District - Wardha (08),Total,60-64,47296,22115,25181,497,254,243,37769,20420,17349,8625,1313,7312,327,113,214,78,15,63,0,0,0
27,504,District - Wardha (08),Total,65-69,45420,21087,24333,520,264,256,32637,18807,13830,11903,1888,10015,292,111,181,68,17,51,0,0,0
27,504,District - Wardha (08),Total,70-74,33453,16689,16764,305,162,143,20465,14211,6254,12450,2205,10245,192,94,98,41,17,24,0,0,0
27,504,District - Wardha (08),Total,75-79,16572,8702,7870,161,79,82,9241,6852,2389,7067,1713,5354,87,51,36,16,7,9,0,0,0
27,504,District - Wardha (08),Total,80+,15441,7744,7697,574,316,258,6325,4941,1384,8448,2433,6015,79,48,31,15,6,9,0,0,0
27,504,District - Wardha (08),Total,Age not stated,900,503,397,468,306,162,348,179,169,73,15,58,8,2,6,3,1,2,0,0,0
27,504,District - Wardha (08),Total,Less than 18,373020,194044,178976,370188,193189,176999,2602,772,1830,138,42,96,79,35,44,13,6,7,0,0,0
27,504,District - Wardha (08),Total,Less than 21,450317,233695,216622,437718,231729,205989,12161,1842,10319,235,63,172,158,51,107,45,10,35,0,0,0
27,504,District - Wardha (08),Rural,All ages,877474,451874,425600,373033,217935,155098,446225,222142,224083,51250,9622,41628,5146,1692,3454,1820,483,1337,0,0,0
27,504,District - Wardha (08),Rural,0-9,127811,66243,61568,127811,66243,61568,0,0,0,0,0,0,0,0,0,0,0,0,0,0,0
27,504,District - Wardha (08),Rural,10-14,79525,41119,38406,78788,40875,37913,663,214,449,40,11,29,31,18,13,3,1,2,0,0,0
27,504,District - Wardha (08),Rural,15-19,81770,42466,39304,77860,41853,36007,3767,574,3193,78,25,53,50,11,39,15,3,12,0,0,0
27,504,District - Wardha (08),Rural,20-24,82583,43314,39269,53916,39269,14647,28055,3970,24085,243,35,208,268,32,236,101,8,93,0,0,0
27,504,District - Wardha (08),Rural,25-29,74232,38941,35291,24126,21618,2508,48736,17076,31660,630,74,556,529,124,405,211,49,162,0,0,0
27,504,District - Wardha (08),Rural,30-34,65645,33758,31887,5671,5001,670,57827,28310,29517,1175,168,1007,679,194,485,293,85,208,0,0,0
27,504,District - Wardha (08),Rural,35-39,65611,33358,32253,1415,1035,380,61004,31672,29332,2052,270,1782,822,283,539,318,98,220,0,0,0
27,504,District - Wardha (08),Rural,40-44,59373,30889,28484,796,532,264,54894,29671,25223,2637,342,2295,750,258,492,296,86,210,0,0,0
27,504,District - Wardha (08),Rural,45-49,51062,26531,24531,462,277,185,46665,25598,21067,3134,412,2722,588,190,398,213,54,159,0,0,0
27,504,District - Wardha (08),Rural,50-54,42185,22887,19298,336,194,142,37826,21943,15883,3437,564,2873,459,163,296,127,23,104,0,0,0
27,504,District - Wardha (08),Rural,55-59,32398,16675,15723,194,118,76,28467,15797,12670,3413,632,2781,246,103,143,78,25,53,0,0,0
27,504,District - Wardha (08),Rural,60-64,33351,15224,18127,299,152,147,26894,14042,12852,5871,944,4927,229,74,155,58,12,46,0,0,0
27,504,District - Wardha (08),Rural,65-69,33217,15317,17900,320,168,152,24190,13640,10550,8441,1411,7030,220,88,132,46,10,36,0,0,0
27,504,District - Wardha (08),Rural,70-74,24938,12588,12350,206,113,93,15421,10709,4712,9134,1675,7459,141,75,66,36,16,20,0,0,0
27,504,District - Wardha (08),Rural,75-79,12014,6433,5581,104,57,47,6829,5076,1753,5004,1254,3750,66,40,26,11,6,5,0,0,0
27,504,District - Wardha (08),Rural,80+,11054,5748,5306,360,194,166,4719,3718,1001,5903,1793,4110,60,37,23,12,6,6,0,0,0
27,504,District - Wardha (08),Rural,Age not stated,705,383,322,369,236,133,268,132,136,58,12,46,8,2,6,2,1,1,0,0,0
27,504,District - Wardha (08),Rural,Less than 18,255823,132490,123333,253944,131923,122021,1726,514,1212,90,25,65,55,25,30,8,3,5,0,0,0
27,504,District - Wardha (08),Rural,Less than 21,308027,159506,148521,299143,158201,140942,8576,1224,7352,161,42,119,111,33,78,36,6,30,0,0,0
27,504,District - Wardha (08),Urban,All ages,423300,216511,206789,185530,106633,78897,211219,105327,105892,23392,3615,19777,2249,692,1557,910,244,666,0,0,0
27,504,District - Wardha (08),Urban,0-9,59362,31202,28160,59362,31202,28160,0,0,0,0,0,0,0,0,0,0,0,0,0,0,0
27,504,District - Wardha (08),Urban,10-14,36095,18942,17153,35686,18795,16891,367,131,236,23,8,15,17,7,10,2,1,1,0,0,0
27,504,District - Wardha (08),Urban,15-19,37878,19583,18295,36170,19286,16884,1647,275,1372,35,11,24,19,8,11,7,3,4,0,0,0
27,504,District - Wardha (08),Urban,20-24,41213,20303,20910,29500,18405,11095,11502,1873,9629,100,7,93,78,14,64,33,4,29,0,0,0
27,504,District - Wardha (08),Urban,25-29,39071,19573,19498,15496,12160,3336,22987,7310,15677,272,34,238,226,61,165,90,8,82,0,0,0
27,504,District - Wardha (08),Urban,30-34,35367,17842,17525,5085,4125,960,29231,13544,15687,589,64,525,313,76,237,149,33,116,0,0,0
27,504,District - Wardha (08),Urban,35-39,34781,17344,17437,1610,1189,421,31556,15839,15717,1055,126,929,385,127,258,175,63,112,0,0,0
27,504,District - Wardha (08),Urban,40-44,31664,16357,15307,818,528,290,28844,15533,13311,1496,148,1348,360,103,257,146,45,101,0,0,0
27,504,District - Wardha (08),Urban,45-49,26724,14113,12611,446,243,203,24110,13531,10579,1735,194,1541,311,110,201,122,35,87,0,0,0
27,504,District - Wardha (08),Urban,50-54,21372,11500,9872,299,152,147,18811,10992,7819,2008,277,1731,171,55,116,83,24,59,0,0,0
27,504,District - Wardha (08),Urban,55-59,15970,8605,7365,191,87,104,13700,8206,5494,1924,268,1656,108,28,80,47,16,31,0,0,0
27,504,District - Wardha (08),Urban,60-64,13945,6891,7054,198,102,96,10875,6378,4497,2754,369,2385,98,39,59,20,3,17,0,0,0
27,504,District - Wardha (08),Urban,65-69,12203,5770,6433,200,96,104,8447,5167,3280,3462,477,2985,72,23,49,22,7,15,0,0,0
27,504,District - Wardha (08),Urban,70-74,8515,4101,4414,99,49,50,5044,3502,1542,3316,530,2786,51,19,32,5,1,4,0,0,0
27,504,District - Wardha (08),Urban,75-79,4558,2269,2289,57,22,35,2412,1776,636,2063,459,1604,21,11,10,5,1,4,0,0,0
27,504,District - Wardha (08),Urban,80+,4387,1996,2391,214,122,92,1606,1223,383,2545,640,1905,19,11,8,3,0,3,0,0,0
27,504,District - Wardha (08),Urban,Age not stated,195,120,75,99,70,29,80,47,33,15,3,12,0,0,0,1,0,1,0,0,0
27,504,District - Wardha (08),Urban,Less than 18,117197,61554,55643,116244,61266,54978,876,258,618,48,17,31,24,10,14,5,3,2,0,0,0
27,504,District - Wardha (08),Urban,Less than 21,142290,74189,68101,138575,73528,65047,3585,618,2967,74,21,53,47,18,29,9,4,5,0,0,0
27,505,District - Nagpur (09),Total,All ages,4653570,2384975,2268595,2053324,1172294,881030,2323937,1159516,1164421,247988,43984,204004,19909,6847,13062,8412,2334,6078,0,0,0
27,505,District - Nagpur (09),Total,0-9,713738,370210,343528,713738,370210,343528,0,0,0,0,0,0,0,0,0,0,0,0,0,0,0
27,505,District - Nagpur (09),Total,10-14,410276,211457,198819,396392,205493,190899,12713,5469,7244,687,251,436,394,196,198,90,48,42,0,0,0
27,505,District - Nagpur (09),Total,15-19,428956,222841,206115,395564,213768,181796,31735,8404,23331,1033,394,639,521,241,280,103,34,69,0,0,0
27,505,District - Nagpur (09),Total,20-24,470263,240179,230084,306997,203926,103071,159800,35294,124506,1956,549,1407,1052,323,729,458,87,371,0,0,0
27,505,District - Nagpur (09),Total,25-29,437587,221869,215718,147589,116033,31556,283061,104275,178786,3990,843,3147,1945,516,1429,1002,202,800,0,0,0
27,505,District - Nagpur (09),Total,30-34,391140,201198,189942,44092,34410,9682,335806,164250,171556,7128,1337,5791,2777,860,1917,1337,341,996,0,0,0
27,505,District - Nagpur (09),Total,35-39,367708,187034,180674,14365,9684,4681,337092,174140,162952,11519,1733,9786,3186,1023,2163,1546,454,1092,0,0,0
27,505,District - Nagpur (09),Total,40-44,329244,170724,158520,7692,4599,3093,301116,162428,138688,16145,2278,13867,2990,1025,1965,1301,394,907,0,0,0
27,505,District - Nagpur (09),Total,45-49,273729,142692,131037,4527,2411,2116,246913,136681,110232,19143,2610,16533,2210,738,1472,936,252,684,0,0,0
27,505,District - Nagpur (09),Total,50-54,218879,117191,101688,3414,1701,1713,190707,111448,79259,22494,3281,19213,1619,573,1046,645,188,457,0,0,0
27,505,District - Nagpur (09),Total,55-59,160852,84229,76623,2430,1175,1255,136043,79207,56836,21061,3380,17681,945,340,605,373,127,246,0,0,0
27,505,District - Nagpur (09),Total,60-64,148088,71145,76943,2718,1266,1452,111656,64510,47146,32649,4971,27678,807,320,487,258,78,180,0,0,0
27,505,District - Nagpur (09),Total,65-69,116632,54292,62340,2589,1232,1357,79624,47384,32240,33661,5385,28276,610,243,367,148,48,100,0,0,0
27,505,District - Nagpur (09),Total,70-74,85106,40643,44463,1540,738,802,49685,33581,16104,33347,6076,27271,435,212,223,99,36,63,0,0,0
27,505,District - Nagpur (09),Total,75-79,43178,21296,21882,911,417,494,23180,16287,6893,18862,4465,14397,184,111,73,41,16,25,0,0,0
27,505,District - Nagpur (09),Total,80+,45732,21387,24345,2981,1637,1344,18969,13345,5624,23549,6282,17267,182,104,78,51,19,32,0,0,0
27,505,District - Nagpur (09),Total,Age not stated,12462,6588,5874,5785,3594,2191,5837,2813,3024,764,149,615,52,22,30,24,10,14,0,0,0
27,505,District - Nagpur (09),Total,Less than 18,1372475,710297,662178,1344232,699490,644742,26141,9953,16188,1300,472,828,664,318,346,138,64,74,0,0,0
27,505,District - Nagpur (09),Total,Less than 21,1656614,857758,798856,1585087,837844,747243,68070,18563,49507,2119,759,1360,1081,497,584,257,95,162,0,0,0
27,505,District - Nagpur (09),Rural,All ages,1474811,758357,716454,642992,370649,272343,737651,368900,368751,84126,15508,68618,7493,2651,4842,2549,649,1900,0,0,0
27,505,District - Nagpur (09),Rural,0-9,234856,120830,114026,234856,120830,114026,0,0,0,0,0,0,0,0,0,0,0,0,0,0,0
27,505,District - Nagpur (09),Rural,10-14,136067,69339,66728,131644,67491,64153,4008,1671,2337,226,85,141,161,79,82,28,13,15,0,0,0
27,505,District - Nagpur (09),Rural,15-19,142104,73329,68775,130439,70304,60135,11074,2809,8265,336,120,216,214,83,131,41,13,28,0,0,0
27,505,District - Nagpur (09),Rural,20-24,147420,77086,70334,89585,64957,24628,56516,11786,44730,715,191,524,422,128,294,182,24,158,0,0,0
27,505,District - Nagpur (09),Rural,25-29,130802,68194,62608,37779,33283,4496,90493,34330,56163,1425,291,1134,766,217,549,339,73,266,0,0,0
27,505,District - Nagpur (09),Rural,30-34,115949,61132,54817,9161,7902,1259,102953,52374,50579,2436,440,1996,1010,309,701,389,107,282,0,0,0
27,505,District - Nagpur (09),Rural,35-39,109140,56969,52171,2414,1781,633,101365,54127,47238,3758,559,3199,1164,372,792,439,130,309,0,0,0
27,505,District - Nagpur (09),Rural,40-44,97555,51205,46350,1178,739,439,90025,49329,40696,4919,683,4236,1045,366,679,388,88,300,0,0,0
27,505,District - Nagpur (09),Rural,45-49,80692,42308,38384,776,433,343,73220,40718,32502,5607,811,4796,816,285,531,273,61,212,0,0,0
27,505,District - Nagpur (09),Rural,50-54,65558,35123,30435,556,337,219,57796,33474,24322,6487,1057,5430,545,209,336,174,46,128,0,0,0
27,505,District - Nagpur (09),Rural,55-59,49132,25100,24032,505,281,224,41992,23571,18421,6204,1104,5100,331,117,214,100,27,73,0,0,0
27,505,District - Nagpur (09),Rural,60-64,50629,22815,27814,597,316,281,38862,20716,18146,10780,1624,9156,323,136,187,67,23,44,0,0,0
27,505,District - Nagpur (09),Rural,65-69,46333,20738,25595,719,353,366,32050,18138,13912,13208,2107,11101,304,126,178,52,14,38,0,0,0
27,505,District - Nagpur (09),Rural,70-74,34594,16863,17731,394,209,185,20499,14005,6494,13459,2522,10937,206,113,93,36,14,22,0,0,0
27,505,District - Nagpur (09),Rural,75-79,15565,7983,7582,235,142,93,8674,6153,2521,6554,1628,4926,85,53,32,17,7,10,0,0,0
27,505,District - Nagpur (09),Rural,80+,15943,8027,7916,900,514,386,7091,5209,1882,7850,2247,5603,86,51,35,16,6,10,0,0,0
27,505,District - Nagpur (09),Rural,Age not stated,2472,1316,1156,1254,777,477,1033,490,543,162,39,123,15,7,8,8,3,5,0,0,0
27,505,District - Nagpur (09),Rural,Less than 18,454397,232988,221409,444879,229472,215407,8767,3223,5544,425,152,273,280,124,156,46,17,29,0,0,0
27,505,District - Nagpur (09),Rural,Less than 21,546593,280680,265913,521511,274126,247385,23841,6089,17752,702,250,452,441,185,256,98,30,68,0,0,0
27,505,District - Nagpur (09),Urban,All ages,3178759,1626618,1552141,1410332,801645,608687,1586286,790616,795670,163862,28476,135386,12416,4196,8220,5863,1685,4178,0,0,0
27,505,District - Nagpur (09),Urban,0-9,478882,249380,229502,478882,249380,229502,0,0,0,0,0,0,0,0,0,0,0,0,0,0,0
27,505,District - Nagpur (09),Urban,10-14,274209,142118,132091,264748,138002,126746,8705,3798,4907,461,166,295,233,117,116,62,35,27,0,0,0
27,505,District - Nagpur (09),Urban,15-19,286852,149512,137340,265125,143464,121661,20661,5595,15066,697,274,423,307,158,149,62,21,41,0,0,0
27,505,District - Nagpur (09),Urban,20-24,322843,163093,159750,217412,138969,78443,103284,23508,79776,1241,358,883,630,195,435,276,63,213,0,0,0
27,505,District - Nagpur (09),Urban,25-29,306785,153675,153110,109810,82750,27060,192568,69945,122623,2565,552,2013,1179,299,880,663,129,534,0,0,0
27,505,District - Nagpur (09),Urban,30-34,275191,140066,135125,34931,26508,8423,232853,111876,120977,4692,897,3795,1767,551,1216,948,234,714,0,0,0
27,505,District - Nagpur (09),Urban,35-39,258568,130065,128503,11951,7903,4048,235727,120013,115714,7761,1174,6587,2022,651,1371,1107,324,783,0,0,0
27,505,District - Nagpur (09),Urban,40-44,231689,119519,112170,6514,3860,2654,211091,113099,97992,11226,1595,9631,1945,659,1286,913,306,607,0,0,0
27,505,District - Nagpur (09),Urban,45-49,193037,100384,92653,3751,1978,1773,173693,95963,77730,13536,1799,11737,1394,453,941,663,191,472,0,0,0
27,505,District - Nagpur (09),Urban,50-54,153321,82068,71253,2858,1364,1494,132911,77974,54937,16007,2224,13783,1074,364,710,471,142,329,0,0,0
27,505,District - Nagpur (09),Urban,55-59,111720,59129,52591,1925,894,1031,94051,55636,38415,14857,2276,12581,614,223,391,273,100,173,0,0,0
27,505,District - Nagpur (09),Urban,60-64,97459,48330,49129,2121,950,1171,72794,43794,29000,21869,3347,18522,484,184,300,191,55,136,0,0,0
27,505,District - Nagpur (09),Urban,65-69,70299,33554,36745,1870,879,991,47574,29246,18328,20453,3278,17175,306,117,189,96,34,62,0,0,0
27,505,District - Nagpur (09),Urban,70-74,50512,23780,26732,1146,529,617,29186,19576,9610,19888,3554,16334,229,99,130,63,22,41,0,0,0
27,505,District - Nagpur (09),Urban,75-79,27613,13313,14300,676,275,401,14506,10134,4372,12308,2837,9471,99,58,41,24,9,15,0,0,0
27,505,District - Nagpur (09),Urban,80+,29789,13360,16429,2081,1123,958,11878,8136,3742,15699,4035,11664,96,53,43,35,13,22,0,0,0
27,505,District - Nagpur (09),Urban,Age not stated,9990,5272,4718,4531,2817,1714,4804,2323,2481,602,110,492,37,15,22,16,7,9,0,0,0
27,505,District - Nagpur (09),Urban,Less than 18,918078,477309,440769,899353,470018,429335,17374,6730,10644,875,320,555,384,194,190,92,47,45,0,0,0
27,505,District - Nagpur (09),Urban,Less than 21,1110021,577078,532943,1063576,563718,499858,44229,12474,31755,1417,509,908,640,312,328,159,65,94,0,0,0
27,506,District - Bhandara (10),Total,All ages,1200334,605520,594814,524287,295885,228402,593544,294455,299089,75324,13079,62245,4505,1461,3044,2674,640,2034,0,0,0
27,506,District - Bhandara (10),Total,0-9,183938,94313,89625,183938,94313,89625,0,0,0,0,0,0,0,0,0,0,0,0,0,0,0
27,506,District - Bhandara (10),Total,10-14,113835,58120,55715,108930,55854,53076,4505,2107,2398,285,105,180,88,45,43,27,9,18,0,0,0
27,506,District - Bhandara (10),Total,15-19,113720,58153,55567,105251,55324,49927,7942,2620,5322,398,156,242,93,38,55,36,15,21,0,0,0
27,506,District - Bhandara (10),Total,20-24,114384,58687,55697,73068,50409,22659,40347,7997,32350,629,205,424,203,59,144,137,17,120,0,0,0
27,506,District - Bhandara (10),Total,25-29,101101,52388,48713,32014,26507,5507,67195,25432,41763,1243,306,937,369,88,281,280,55,225,0,0,0
27,506,District - Bhandara (10),Total,30-34,90651,46272,44379,8667,6767,1900,79084,38887,40197,1935,364,1571,562,159,403,403,95,308,0,0,0
27,506,District - Bhandara (10),Total,35-39,87384,44483,42901,2600,1643,957,80717,42109,38608,2925,426,2499,673,188,485,469,117,352,0,0,0
27,506,District - Bhandara (10),Total,40-44,83234,42412,40822,1461,732,729,76335,40807,35528,4319,571,3748,683,199,484,436,103,333,0,0,0
27,506,District - Bhandara (10),Total,45-49,71851,36210,35641,951,430,521,64453,34802,29651,5588,725,4863,533,186,347,326,67,259,0,0,0
27,506,District - Bhandara (10),Total,50-54,60964,30894,30070,672,283,389,53143,29448,23695,6526,976,5550,415,137,278,208,50,158,0,0,0
27,506,District - Bhandara (10),Total,55-59,47730,24472,23258,440,200,240,39881,22986,16895,7033,1150,5883,245,99,146,131,37,94,0,0,0
27,506,District - Bhandara (10),Total,60-64,42691,19262,23429,664,295,369,31240,17311,13929,10488,1566,8922,211,65,146,88,25,63,0,0,0
27,506,District - Bhandara (10),Total,65-69,36775,15920,20855,739,340,399,23290,13625,9665,12504,1864,10640,178,73,105,64,18,46,0,0,0
27,506,District - Bhandara (10),Total,70-74,24531,10930,13601,391,173,218,12987,8683,4304,11012,2012,9000,111,47,64,30,15,15,0,0,0
27,506,District - Bhandara (10),Total,75-79,10369,4798,5571,201,82,119,5097,3472,1625,5020,1212,3808,44,29,15,7,3,4,0,0,0
27,506,District - Bhandara (10),Total,80+,9694,4361,5333,943,535,408,3712,2428,1284,4971,1359,3612,55,36,19,13,3,10,0,0,0
27,506,District - Bhandara (10),Total,Age not stated,7482,3845,3637,3357,1998,1359,3616,1741,1875,448,82,366,42,13,29,19,11,8,0,0,0
27,506,District - Bhandara (10),Total,Less than 18,366573,187518,179055,357787,183640,174147,8079,3604,4475,525,194,331,140,66,74,42,14,28,0,0,0
27,506,District - Bhandara (10),Total,Less than 21,437047,223517,213530,417741,217316,200425,18216,5793,12423,807,291,516,207,92,115,76,25,51,0,0,0
27,506,District - Bhandara (10),Rural,All ages,966503,487484,479019,418798,236496,182302,480726,238345,242381,61088,10930,50158,3727,1201,2526,2164,512,1652,0,0,0
27,506,District - Bhandara (10),Rural,0-9,150573,77035,73538,150573,77035,73538,0,0,0,0,0,0,0,0,0,0,0,0,0,0,0
27,506,District - Bhandara (10),Rural,10-14,92538,47152,45386,88537,45288,43249,3676,1726,1950,225,91,134,76,40,36,24,7,17,0,0,0
27,506,District - Bhandara (10),Rural,15-19,91965,46928,45037,84963,44599,40364,6557,2153,4404,336,131,205,79,32,47,30,13,17,0,0,0
27,506,District - Bhandara (10),Rural,20-24,91549,47350,44199,56787,40357,16430,33960,6756,27204,506,175,331,172,45,127,124,17,107,0,0,0
27,506,District - Bhandara (10),Rural,25-29,79871,41761,38110,23141,19797,3344,55151,21580,33571,1012,252,760,322,81,241,245,51,194,0,0,0
27,506,District - Bhandara (10),Rural,30-34,71279,36671,34608,5557,4419,1138,63450,31758,31692,1495,286,1209,453,125,328,324,83,241,0,0,0
27,506,District - Bhandara (10),Rural,35-39,68585,34987,33598,1629,1011,618,63746,33381,30365,2293,348,1945,559,160,399,358,87,271,0,0,0
27,506,District - Bhandara (10),Rural,40-44,66122,33627,32495,984,491,493,60871,32442,28429,3371,460,2911,546,155,391,350,79,271,0,0,0
27,506,District - Bhandara (10),Rural,45-49,57489,28801,28688,617,277,340,51743,27741,24002,4441,596,3845,421,136,285,267,51,216,0,0,0
27,506,District - Bhandara (10),Rural,50-54,49280,24835,24445,434,187,247,43145,23678,19467,5195,821,4374,339,111,228,167,38,129,0,0,0
27,506,District - Bhandara (10),Rural,55-59,38469,19623,18846,300,144,156,32255,18403,13852,5619,970,4649,201,79,122,94,27,67,0,0,0
27,506,District - Bhandara (10),Rural,60-64,35021,15622,19399,495,220,275,25648,13981,11667,8622,1346,7276,187,59,128,69,16,53,0,0,0
27,506,District - Bhandara (10),Rural,65-69,30502,13160,17342,589,276,313,19354,11229,8125,10354,1574,8780,149,65,84,56,16,40,0,0,0
27,506,District - Bhandara (10),Rural,70-74,20489,9113,11376,311,127,184,10839,7209,3630,9213,1721,7492,101,43,58,25,13,12,0,0,0
27,506,District - Bhandara (10),Rural,75-79,8450,3866,4584,165,65,100,4138,2786,1352,4104,988,3116,39,26,13,4,1,3,0,0,0
27,506,District - Bhandara (10),Rural,80+,7755,3570,4185,788,446,342,3014,1992,1022,3899,1097,2802,46,33,13,8,2,6,0,0,0
27,506,District - Bhandara (10),Rural,Age not stated,6566,3383,3183,2928,1757,1171,3179,1530,1649,403,74,329,37,11,26,19,11,8,0,0,0
27,506,District - Bhandara (10),Rural,Less than 18,298904,152479,146425,291748,149291,142457,6569,2952,3617,430,168,262,121,56,65,36,12,24,0,0,0
27,506,District - Bhandara (10),Rural,Less than 21,355633,181539,174094,339616,176424,163192,15119,4765,10354,657,249,408,176,80,96,65,21,44,0,0,0
27,506,District - Bhandara (10),Urban,All ages,233831,118036,115795,105489,59389,46100,112818,56110,56708,14236,2149,12087,778,260,518,510,128,382,0,0,0
27,506,District - Bhandara (10),Urban,0-9,33365,17278,16087,33365,17278,16087,0,0,0,0,0,0,0,0,0,0,0,0,0,0,0
27,506,District - Bhandara (10),Urban,10-14,21297,10968,10329,20393,10566,9827,829,381,448,60,14,46,12,5,7,3,2,1,0,0,0
27,506,District - Bhandara (10),Urban,15-19,21755,11225,10530,20288,10725,9563,1385,467,918,62,25,37,14,6,8,6,2,4,0,0,0
27,506,District - Bhandara (10),Urban,20-24,22835,11337,11498,16281,10052,6229,6387,1241,5146,123,30,93,31,14,17,13,0,13,0,0,0
27,506,District - Bhandara (10),Urban,25-29,21230,10627,10603,8873,6710,2163,12044,3852,8192,231,54,177,47,7,40,35,4,31,0,0,0
27,506,District - Bhandara (10),Urban,30-34,19372,9601,9771,3110,2348,762,15634,7129,8505,440,78,362,109,34,75,79,12,67,0,0,0
27,506,District - Bhandara (10),Urban,35-39,18799,9496,9303,971,632,339,16971,8728,8243,632,78,554,114,28,86,111,30,81,0,0,0
27,506,District - Bhandara (10),Urban,40-44,17112,8785,8327,477,241,236,15464,8365,7099,948,111,837,137,44,93,86,24,62,0,0,0
27,506,District - Bhandara (10),Urban,45-49,14362,7409,6953,334,153,181,12710,7061,5649,1147,129,1018,112,50,62,59,16,43,0,0,0
27,506,District - Bhandara (10),Urban,50-54,11684,6059,5625,238,96,142,9998,5770,4228,1331,155,1176,76,26,50,41,12,29,0,0,0
27,506,District - Bhandara (10),Urban,55-59,9261,4849,4412,140,56,84,7626,4583,3043,1414,180,1234,44,20,24,37,10,27,0,0,0
27,506,District - Bhandara (10),Urban,60-64,7670,3640,4030,169,75,94,5592,3330,2262,1866,220,1646,24,6,18,19,9,10,0,0,0
27,506,District - Bhandara (10),Urban,65-69,6273,2760,3513,150,64,86,3936,2396,1540,2150,290,1860,29,8,21,8,2,6,0,0,0
27,506,District - Bhandara (10),Urban,70-74,4042,1817,2225,80,46,34,2148,1474,674,1799,291,1508,10,4,6,5,2,3,0,0,0
27,506,District - Bhandara (10),Urban,75-79,1919,932,987,36,17,19,959,686,273,916,224,692,5,3,2,3,2,1,0,0,0
27,506,District - Bhandara (10),Urban,80+,1939,791,1148,155,89,66,698,436,262,1072,262,810,9,3,6,5,1,4,0,0,0
27,506,District - Bhandara (10),Urban,Age not stated,916,462,454,429,241,188,437,211,226,45,8,37,5,2,3,0,0,0,0,0,0
27,506,District - Bhandara (10),Urban,Less than 18,67669,35039,32630,66039,34349,31690,1510,652,858,95,26,69,19,10,9,6,2,4,0,0,0
27,506,District - Bhandara (10),Urban,Less than 21,81414,41978,39436,78125,40892,37233,3097,1028,2069,150,42,108,31,12,19,11,4,7,0,0,0
27,507,District - Gondiya (11),Total,All ages,1322507,661554,660953,576267,319078,257189,658891,325348,333543,80033,14994,65039,4807,1493,3314,2509,641,1868,0,0,0
27,507,District - Gondiya (11),Total,0-9,207457,105906,101551,207457,105906,101551,0,0,0,0,0,0,0,0,0,0,0,0,0,0,0
27,507,District - Gondiya (11),Total,10-14,131663,67186,64477,127886,65614,62272,3464,1446,2018,189,70,119,104,47,57,20,9,11,0,0,0
27,507,District - Gondiya (11),Total,15-19,132624,67000,65624,123344,64553,58791,8859,2280,6579,292,113,179,107,49,58,22,5,17,0,0,0
27,507,District - Gondiya (11),Total,20-24,124979,63322,61657,76388,51495,24893,47707,11586,36121,515,155,360,204,58,146,165,28,137,0,0,0
27,507,District - Gondiya (11),Total,25-29,107491,54798,52693,26495,21889,4606,79219,32492,46727,1028,230,798,442,114,328,307,73,234,0,0,0
27,507,District - Gondiya (11),Total,30-34,100256,50275,49981,6331,4957,1374,90963,44719,46244,1889,328,1561,647,167,480,426,104,322,0,0,0
27,507,District - Gondiya (11),Total,35-39,98952,49922,49030,2103,1318,785,92568,47857,44711,3104,450,2654,747,179,568,430,118,312,0,0,0
27,507,District - Gondiya (11),Total,40-44,92582,46462,46120,1227,682,545,85701,44837,40864,4535,622,3913,728,220,508,391,101,290,0,0,0
27,507,District - Gondiya (11),Total,45-49,80118,40335,39783,690,369,321,72662,38897,33765,5935,846,5089,542,156,386,289,67,222,0,0,0
27,507,District - Gondiya (11),Total,50-54,66047,33112,32935,521,275,246,57666,31506,26160,7261,1155,6106,430,141,289,169,35,134,0,0,0
27,507,District - Gondiya (11),Total,55-59,52474,26019,26455,404,216,188,43348,24142,19206,8325,1510,6815,278,110,168,119,41,78,0,0,0
27,507,District - Gondiya (11),Total,60-64,47177,21275,25902,515,240,275,33555,18800,14755,12796,2122,10674,229,84,145,82,29,53,0,0,0
27,507,District - Gondiya (11),Total,65-69,35045,15590,19455,604,274,330,21932,12972,8960,12288,2255,10033,179,76,103,42,13,29,0,0,0
27,507,District - Gondiya (11),Total,70-74,23926,10566,13360,311,137,174,12270,8039,4231,11224,2330,8894,92,49,43,29,11,18,0,0,0
27,507,District - Gondiya (11),Total,75-79,10265,4645,5620,142,66,76,4773,3177,1596,5299,1373,3926,41,25,16,10,4,6,0,0,0
27,507,District - Gondiya (11),Total,80+,9177,3934,5243,713,372,341,3224,2139,1085,5206,1407,3799,27,14,13,7,2,5,0,0,0
27,507,District - Gondiya (11),Total,Age not stated,2274,1207,1067,1136,715,421,980,459,521,147,28,119,10,4,6,1,1,0,0,0,0
27,507,District - Gondiya (11),Total,Less than 18,421112,214416,206696,412872,211492,201380,7679,2698,4981,370,136,234,162,79,83,29,11,18,0,0,0
27,507,District - Gondiya (11),Total,Less than 21,500106,254272,245834,480241,248855,231386,19007,5097,13910,574,202,372,236,104,132,48,14,34,0,0,0
27,507,District - Gondiya (11),Rural,All ages,1096577,547934,548643,475364,262448,212916,549223,271057,278166,66118,12727,53391,3801,1181,2620,2071,521,1550,0,0,0
27,507,District - Gondiya (11),Rural,0-9,174063,88661,85402,174063,88661,85402,0,0,0,0,0,0,0,0,0,0,0,0,0,0,0
27,507,District - Gondiya (11),Rural,10-14,110592,56144,54448,107474,54854,52620,2850,1182,1668,159,59,100,90,41,49,19,8,11,0,0,0
27,507,District - Gondiya (11),Rural,15-19,111323,56010,55313,103517,53974,49543,7470,1903,5567,229,88,141,85,40,45,22,5,17,0,0,0
27,507,District - Gondiya (11),Rural,20-24,102960,52345,50615,61347,42117,19230,40876,10025,30851,422,130,292,166,50,116,149,23,126,0,0,0
27,507,District - Gondiya (11),Rural,25-29,87407,45003,42404,19419,16643,2776,66519,28023,38496,839,185,654,363,89,274,267,63,204,0,0,0
27,507,District - Gondiya (11),Rural,30-34,81282,40787,40495,3860,3077,783,75053,37223,37830,1517,272,1245,504,130,374,348,85,263,0,0,0
27,507,District - Gondiya (11),Rural,35-39,80636,40748,39888,1186,696,490,76076,39472,36604,2468,355,2113,568,133,435,338,92,246,0,0,0
27,507,District - Gondiya (11),Rural,40-44,75886,37888,37998,759,413,346,70624,36715,33909,3623,509,3114,563,170,393,317,81,236,0,0,0
27,507,District - Gondiya (11),Rural,45-49,66225,33157,33068,389,206,183,60427,32077,28350,4737,696,4041,430,123,307,242,55,187,0,0,0
27,507,District - Gondiya (11),Rural,50-54,54872,27474,27398,333,179,154,48189,26171,22018,5881,983,4898,334,114,220,135,27,108,0,0,0
27,507,District - Gondiya (11),Rural,55-59,43853,21728,22125,270,158,112,36394,20169,16225,6872,1281,5591,222,89,133,95,31,64,0,0,0
27,507,District - Gondiya (11),Rural,60-64,39423,17707,21716,386,185,201,28143,15603,12540,10642,1829,8813,188,66,122,64,24,40,0,0,0
27,507,District - Gondiya (11),Rural,65-69,29846,13181,16665,478,218,260,18707,10938,7769,10475,1953,8522,149,61,88,37,11,26,0,0,0
27,507,District - Gondiya (11),Rural,70-74,20254,8946,11308,248,108,140,10385,6775,3610,9520,2015,7505,76,39,37,25,9,16,0,0,0
27,507,District - Gondiya (11),Rural,75-79,8513,3854,4659,110,54,56,3965,2614,1351,4398,1161,3237,32,21,11,8,4,4,0,0,0
27,507,District - Gondiya (11),Rural,80+,7482,3251,4231,551,285,266,2698,1769,929,4208,1184,3024,21,11,10,4,2,2,0,0,0
27,507,District - Gondiya (11),Rural,Age not stated,1960,1050,910,974,620,354,847,398,449,128,27,101,10,4,6,1,1,0,0,0,0
27,507,District - Gondiya (11),Rural,Less than 18,353948,179598,174350,347076,177174,169902,6407,2236,4171,298,109,189,139,69,70,28,10,18,0,0,0
27,507,District - Gondiya (11),Rural,Less than 21,419546,212536,207010,402753,208025,194728,16085,4248,11837,466,161,305,195,89,106,47,13,34,0,0,0
27,507,District - Gondiya (11),Urban,All ages,225930,113620,112310,100903,56630,44273,109668,54291,55377,13915,2267,11648,1006,312,694,438,120,318,0,0,0
27,507,District - Gondiya (11),Urban,0-9,33394,17245,16149,33394,17245,16149,0,0,0,0,0,0,0,0,0,0,0,0,0,0,0
27,507,District - Gondiya (11),Urban,10-14,21071,11042,10029,20412,10760,9652,614,264,350,30,11,19,14,6,8,1,1,0,0,0,0
27,507,District - Gondiya (11),Urban,15-19,21301,10990,10311,19827,10579,9248,1389,377,1012,63,25,38,22,9,13,0,0,0,0,0,0
27,507,District - Gondiya (11),Urban,20-24,22019,10977,11042,15041,9378,5663,6831,1561,5270,93,25,68,38,8,30,16,5,11,0,0,0
27,507,District - Gondiya (11),Urban,25-29,20084,9795,10289,7076,5246,1830,12700,4469,8231,189,45,144,79,25,54,40,10,30,0,0,0
27,507,District - Gondiya (11),Urban,30-34,18974,9488,9486,2471,1880,591,15910,7496,8414,372,56,316,143,37,106,78,19,59,0,0,0
27,507,District - Gondiya (11),Urban,35-39,18316,9174,9142,917,622,295,16492,8385,8107,636,95,541,179,46,133,92,26,66,0,0,0
27,507,District - Gondiya (11),Urban,40-44,16696,8574,8122,468,269,199,15077,8122,6955,912,113,799,165,50,115,74,20,54,0,0,0
27,507,District - Gondiya (11),Urban,45-49,13893,7178,6715,301,163,138,12235,6820,5415,1198,150,1048,112,33,79,47,12,35,0,0,0
27,507,District - Gondiya (11),Urban,50-54,11175,5638,5537,188,96,92,9477,5335,4142,1380,172,1208,96,27,69,34,8,26,0,0,0
27,507,District - Gondiya (11),Urban,55-59,8621,4291,4330,134,58,76,6954,3973,2981,1453,229,1224,56,21,35,24,10,14,0,0,0
27,507,District - Gondiya (11),Urban,60-64,7754,3568,4186,129,55,74,5412,3197,2215,2154,293,1861,41,18,23,18,5,13,0,0,0
27,507,District - Gondiya (11),Urban,65-69,5199,2409,2790,126,56,70,3225,2034,1191,1813,302,1511,30,15,15,5,2,3,0,0,0
27,507,District - Gondiya (11),Urban,70-74,3672,1620,2052,63,29,34,1885,1264,621,1704,315,1389,16,10,6,4,2,2,0,0,0
27,507,District - Gondiya (11),Urban,75-79,1752,791,961,32,12,20,808,563,245,901,212,689,9,4,5,2,0,2,0,0,0
27,507,District - Gondiya (11),Urban,80+,1695,683,1012,162,87,75,526,370,156,998,223,775,6,3,3,3,0,3,0,0,0
27,507,District - Gondiya (11),Urban,Age not stated,314,157,157,162,95,67,133,61,72,19,1,18,0,0,0,0,0,0,0,0,0
27,507,District - Gondiya (11),Urban,Less than 18,67164,34818,32346,65796,34318,31478,1272,462,810,72,27,45,23,10,13,1,1,0,0,0,0
27,507,District - Gondiya (11),Urban,Less than 21,80560,41736,38824,77488,40830,36658,2922,849,2073,108,41,67,41,15,26,1,1,0,0,0,0
27,508,District - Gadchiroli (12),Total,All ages,1072942,541328,531614,486407,269601,216806,521470,258256,263214,59030,11777,47253,4024,1232,2792,2011,462,1549,0,0,0
27,508,District - Gadchiroli (12),Total,0-9,178936,91362,87574,178936,91362,87574,0,0,0,0,0,0,0,0,0,0,0,0,0,0,0
27,508,District - Gadchiroli (12),Total,10-14,117564,60356,57208,115006,59464,55542,2330,807,1523,159,47,112,59,34,25,10,4,6,0,0,0
27,508,District - Gadchiroli (12),Total,15-19,116609,58926,57683,106338,56904,49434,9918,1918,8000,255,71,184,75,30,45,23,3,20,0,0,0
27,508,District - Gadchiroli (12),Total,20-24,102773,52135,50638,56012,39710,16302,45943,12231,33712,471,115,356,224,62,162,123,17,106,0,0,0
27,508,District - Gadchiroli (12),Total,25-29,89335,45571,43764,18584,15185,3399,69040,30006,39034,1094,227,867,380,107,273,237,46,191,0,0,0
27,508,District - Gadchiroli (12),Total,30-34,78149,39181,38968,4444,3229,1215,71165,35443,35722,1752,315,1437,496,137,359,292,57,235,0,0,0
27,508,District - Gadchiroli (12),Total,35-39,79038,39383,39655,1597,928,669,73604,37740,35864,2826,476,2350,620,150,470,391,89,302,0,0,0
27,508,District - Gadchiroli (12),Total,40-44,71112,35846,35266,996,462,534,65400,34492,30908,3784,652,3132,633,175,458,299,65,234,0,0,0
27,508,District - Gadchiroli (12),Total,45-49,61149,31711,29438,568,281,287,55188,30401,24787,4698,831,3867,474,143,331,221,55,166,0,0,0
27,508,District - Gadchiroli (12),Total,50-54,46170,24349,21821,347,175,172,40309,22991,17318,5060,1047,4013,300,90,210,154,46,108,0,0,0
27,508,District - Gadchiroli (12),Total,55-59,35484,17891,17593,251,133,118,29488,16552,12936,5462,1124,4338,196,64,132,87,18,69,0,0,0
27,508,District - Gadchiroli (12),Total,60-64,33032,14996,18036,389,172,217,23873,13152,10721,8498,1579,6919,207,72,135,65,21,44,0,0,0
27,508,District - Gadchiroli (12),Total,65-69,27685,12613,15072,399,189,210,17760,10630,7130,9310,1712,7598,162,65,97,54,17,37,0,0,0
27,508,District - Gadchiroli (12),Total,70-74,17750,8413,9337,233,104,129,9549,6629,2920,7836,1614,6222,108,53,55,24,13,11,0,0,0
27,508,District - Gadchiroli (12),Total,75-79,7672,3610,4062,139,61,78,3787,2653,1134,3695,868,2827,42,23,19,9,5,4,0,0,0
27,508,District - Gadchiroli (12),Total,80+,7725,3571,4154,652,365,287,3045,2106,939,3978,1072,2906,38,25,13,12,3,9,0,0,0
27,508,District - Gadchiroli (12),Total,Age not stated,2759,1414,1345,1516,877,639,1071,505,566,152,27,125,10,2,8,10,3,7,0,0,0
27,508,District - Gadchiroli (12),Total,Less than 18,368306,188387,179919,361699,186449,175250,6161,1782,4379,322,95,227,103,55,48,21,6,15,0,0,0
27,508,District - Gadchiroli (12),Total,Less than 21,437724,222832,214892,416948,218364,198584,20068,4260,15808,500,132,368,156,69,87,52,7,45,0,0,0
27,508,District - Gadchiroli (12),Rural,All ages,954909,481290,473619,432299,239064,193235,464317,229740,234577,52913,10950,41963,3615,1124,2491,1765,412,1353,0,0,0
27,508,District - Gadchiroli (12),Rural,0-9,161429,82196,79233,161429,82196,79233,0,0,0,0,0,0,0,0,0,0,0,0,0,0,0
27,508,District - Gadchiroli (12),Rural,10-14,105517,54184,51333,103235,53399,49836,2077,710,1367,142,41,101,55,32,23,8,2,6,0,0,0
27,508,District - Gadchiroli (12),Rural,15-19,104184,52564,51620,94697,50703,43994,9158,1768,7390,235,61,174,74,29,45,20,3,17,0,0,0
27,508,District - Gadchiroli (12),Rural,20-24,91066,46251,44815,48207,34626,13581,42103,11447,30656,434,106,328,211,58,153,111,14,97,0,0,0
27,508,District - Gadchiroli (12),Rural,25-29,78747,40377,38370,15160,12464,2696,62077,27557,34520,963,212,751,340,100,240,207,44,163,0,0,0
27,508,District - Gadchiroli (12),Rural,30-34,68036,34276,33760,3395,2438,957,62443,31384,31059,1514,287,1227,435,121,314,249,46,203,0,0,0
27,508,District - Gadchiroli (12),Rural,35-39,68919,34333,34586,1315,737,578,64252,32939,31313,2474,442,2032,539,137,402,339,78,261,0,0,0
27,508,District - Gadchiroli (12),Rural,40-44,62091,31107,30984,820,377,443,57112,29904,27208,3328,612,2716,565,155,410,266,59,207,0,0,0
27,508,District - Gadchiroli (12),Rural,45-49,54139,27904,26235,492,241,251,48866,26698,22168,4163,784,3379,418,127,291,200,54,146,0,0,0
27,508,District - Gadchiroli (12),Rural,50-54,41076,21446,19630,296,152,144,35843,20208,15635,4534,967,3567,275,83,192,128,36,92,0,0,0
27,508,District - Gadchiroli (12),Rural,55-59,31923,15982,15941,214,120,94,26573,14728,11845,4884,1059,3825,174,59,115,78,16,62,0,0,0
27,508,District - Gadchiroli (12),Rural,60-64,30075,13662,16413,336,144,192,21784,11954,9830,7702,1474,6228,193,69,124,60,21,39,0,0,0
27,508,District - Gadchiroli (12),Rural,65-69,25170,11498,13672,349,163,186,16155,9633,6522,8466,1625,6841,150,60,90,50,17,33,0,0,0
27,508,District - Gadchiroli (12),Rural,70-74,16087,7673,8414,202,86,116,8697,6045,2652,7066,1483,5583,101,48,53,21,11,10,0,0,0
27,508,District - Gadchiroli (12),Rural,75-79,6903,3274,3629,117,54,63,3402,2394,1008,3335,798,2537,41,23,18,8,5,3,0,0,0
27,508,District - Gadchiroli (12),Rural,80+,6905,3220,3685,572,321,251,2759,1901,858,3527,972,2555,36,23,13,11,3,8,0,0,0
27,508,District - Gadchiroli (12),Rural,Age not stated,2642,1343,1299,1463,843,620,1016,470,546,146,27,119,8,0,8,9,3,6,0,0,0
27,508,District - Gadchiroli (12),Rural,Less than 18,331290,169154,162136,325302,167415,157887,5584,1603,3981,289,80,209,98,52,46,17,4,13,0,0,0
27,508,District - Gadchiroli (12),Rural,Less than 21,393133,199807,193326,373994,195714,178280,18487,3906,14581,455,116,339,150,66,84,47,5,42,0,0,0
27,508,District - Gadchiroli (12),Urban,All ages,118033,60038,57995,54108,30537,23571,57153,28516,28637,6117,827,5290,409,108,301,246,50,196,0,0,0
27,508,District - Gadchiroli (12),Urban,0-9,17507,9166,8341,17507,9166,8341,0,0,0,0,0,0,0,0,0,0,0,0,0,0,0
27,508,District - Gadchiroli (12),Urban,10-14,12047,6172,5875,11771,6065,5706,253,97,156,17,6,11,4,2,2,2,2,0,0,0,0
27,508,District - Gadchiroli (12),Urban,15-19,12425,6362,6063,11641,6201,5440,760,150,610,20,10,10,1,1,0,3,0,3,0,0,0
27,508,District - Gadchiroli (12),Urban,20-24,11707,5884,5823,7805,5084,2721,3840,784,3056,37,9,28,13,4,9,12,3,9,0,0,0
27,508,District - Gadchiroli (12),Urban,25-29,10588,5194,5394,3424,2721,703,6963,2449,4514,131,15,116,40,7,33,30,2,28,0,0,0
27,508,District - Gadchiroli (12),Urban,30-34,10113,4905,5208,1049,791,258,8722,4059,4663,238,28,210,61,16,45,43,11,32,0,0,0
27,508,District - Gadchiroli (12),Urban,35-39,10119,5050,5069,282,191,91,9352,4801,4551,352,34,318,81,13,68,52,11,41,0,0,0
27,508,District - Gadchiroli (12),Urban,40-44,9021,4739,4282,176,85,91,8288,4588,3700,456,40,416,68,20,48,33,6,27,0,0,0
27,508,District - Gadchiroli (12),Urban,45-49,7010,3807,3203,76,40,36,6322,3703,2619,535,47,488,56,16,40,21,1,20,0,0,0
27,508,District - Gadchiroli (12),Urban,50-54,5094,2903,2191,51,23,28,4466,2783,1683,526,80,446,25,7,18,26,10,16,0,0,0
27,508,District - Gadchiroli (12),Urban,55-59,3561,1909,1652,37,13,24,2915,1824,1091,578,65,513,22,5,17,9,2,7,0,0,0
27,508,District - Gadchiroli (12),Urban,60-64,2957,1334,1623,53,28,25,2089,1198,891,796,105,691,14,3,11,5,0,5,0,0,0
27,508,District - Gadchiroli (12),Urban,65-69,2515,1115,1400,50,26,24,1605,997,608,844,87,757,12,5,7,4,0,4,0,0,0
27,508,District - Gadchiroli (12),Urban,70-74,1663,740,923,31,18,13,852,584,268,770,131,639,7,5,2,3,2,1,0,0,0
27,508,District - Gadchiroli (12),Urban,75-79,769,336,433,22,7,15,385,259,126,360,70,290,1,0,1,1,0,1,0,0,0
27,508,District - Gadchiroli (12),Urban,80+,820,351,469,80,44,36,286,205,81,451,100,351,2,2,0,1,0,1,0,0,0
27,508,District - Gadchiroli (12),Urban,Age not stated,117,71,46,53,34,19,55,35,20,6,0,6,2,2,0,1,0,1,0,0,0
27,508,District - Gadchiroli (12),Urban,Less than 18,37016,19233,17783,36397,19034,17363,577,179,398,33,15,18,5,3,2,4,2,2,0,0,0
27,508,District - Gadchiroli (12),Urban,Less than 21,44591,23025,21566,42954,22650,20304,1581,354,1227,45,16,29,6,3,3,5,2,3,0,0,0
27,509,District - Chandrapur (13),Total,All ages,2204307,1123834,1080473,949373,540245,409128,1118323,556227,562096,122227,22911,99316,10126,3275,6851,4258,1176,3082,0,0,0
27,509,District - Chandrapur (13),Total,0-9,334787,171802,162985,334787,171802,162985,0,0,0,0,0,0,0,0,0,0,0,0,0,0,0
27,509,District - Chandrapur (13),Total,10-14,204312,105849,98463,196517,102299,94218,7059,3233,3826,396,150,246,282,137,145,58,30,28,0,0,0
27,509,District - Chandrapur (13),Total,15-19,214043,110091,103952,196386,105079,91307,16610,4586,12024,631,240,391,347,149,198,69,37,32,0,0,0
27,509,District - Chandrapur (13),Total,20-24,217324,110798,106526,133305,93176,40129,82031,17053,64978,1120,320,800,589,185,404,279,64,215,0,0,0
27,509,District - Chandrapur (13),Total,25-29,193336,98506,94830,55197,45539,9658,134512,52055,82457,2115,528,1587,1006,273,733,506,111,395,0,0,0
27,509,District - Chandrapur (13),Total,30-34,174343,89689,84654,15280,12215,3065,153594,76259,77335,3584,662,2922,1232,358,874,653,195,458,0,0,0
27,509,District - Chandrapur (13),Total,35-39,169602,85586,84016,4771,3139,1632,157090,80926,76164,5468,842,4626,1509,472,1037,764,207,557,0,0,0
27,509,District - Chandrapur (13),Total,40-44,154170,78925,75245,2533,1443,1090,142015,75756,66259,7466,1103,6363,1519,451,1068,637,172,465,0,0,0
27,509,District - Chandrapur (13),Total,45-49,131775,68633,63142,1488,781,707,119870,66127,53743,8855,1286,7569,1112,319,793,450,120,330,0,0,0
27,509,District - Chandrapur (13),Total,50-54,106279,56243,50036,1013,455,558,93957,53804,40153,10195,1678,8517,796,230,566,318,76,242,0,0,0
27,509,District - Chandrapur (13),Total,55-59,80932,42532,38400,650,320,330,69006,40165,28841,10604,1836,8768,492,167,325,180,44,136,0,0,0
27,509,District - Chandrapur (13),Total,60-64,71955,33742,38213,944,423,521,54525,30588,23937,15930,2528,13402,426,165,261,130,38,92,0,0,0
27,509,District - Chandrapur (13),Total,65-69,62129,28476,33653,1005,460,545,41840,24599,17241,18809,3249,15560,376,133,243,99,35,64,0,0,0
27,509,District - Chandrapur (13),Total,70-74,43517,20770,22747,587,266,321,24566,16796,7770,18108,3583,14525,208,109,99,48,16,32,0,0,0
27,509,District - Chandrapur (13),Total,75-79,19383,9425,9958,302,141,161,10191,7083,3108,8757,2125,6632,105,62,43,28,14,14,0,0,0
27,509,District - Chandrapur (13),Total,80+,19524,9201,10323,1458,816,642,8158,5620,2538,9796,2702,7094,84,50,34,28,13,15,0,0,0
27,509,District - Chandrapur (13),Total,Age not stated,6896,3566,3330,3150,1891,1259,3299,1577,1722,393,79,314,43,15,28,11,4,7,0,0,0
27,509,District - Chandrapur (13),Total,Less than 18,665521,342693,322828,650352,336343,314009,13794,5772,8022,796,300,496,490,232,258,89,46,43,0,0,0
27,509,District - Chandrapur (13),Total,Less than 21,802991,412759,390232,764530,402058,362472,36277,9834,26443,1275,466,809,735,321,414,174,80,94,0,0,0
27,509,District - Chandrapur (13),Rural,All ages,1428929,726106,702823,604790,343685,261105,731029,363272,367757,83433,16206,67227,6796,2164,4632,2881,779,2102,0,0,0
27,509,District - Chandrapur (13),Rural,0-9,222574,113368,109206,222574,113368,109206,0,0,0,0,0,0,0,0,0,0,0,0,0,0,0
27,509,District - Chandrapur (13),Rural,10-14,134674,69190,65484,130027,67082,62945,4192,1908,2284,229,88,141,189,91,98,37,21,16,0,0,0
27,509,District - Chandrapur (13),Rural,15-19,138749,71145,67604,127556,68104,59452,10549,2787,7762,387,141,246,210,87,123,47,26,21,0,0,0
27,509,District - Chandrapur (13),Rural,20-24,135461,69948,65513,78617,58392,20225,55559,11195,44364,687,193,494,418,125,293,180,43,137,0,0,0
27,509,District - Chandrapur (13),Rural,25-29,120454,61864,58590,28974,25436,3538,89146,35861,53285,1358,321,1037,639,169,470,337,77,260,0,0,0
27,509,District - Chandrapur (13),Rural,30-34,109075,56371,52704,6915,5640,1275,98736,49968,48768,2227,419,1808,766,222,544,431,122,309,0,0,0
27,509,District - Chandrapur (13),Rural,35-39,106696,54525,52171,2205,1396,809,99602,52177,47425,3410,520,2890,982,297,685,497,135,362,0,0,0
27,509,District - Chandrapur (13),Rural,40-44,96962,49926,47036,1280,702,578,89600,48080,41520,4608,729,3879,1024,296,728,450,119,331,0,0,0
27,509,District - Chandrapur (13),Rural,45-49,82337,42540,39797,763,392,371,75083,41035,34048,5433,827,4606,748,208,540,310,78,232,0,0,0
27,509,District - Chandrapur (13),Rural,50-54,67248,34745,32503,496,214,282,59541,33212,26329,6454,1118,5336,529,149,380,228,52,176,0,0,0
27,509,District - Chandrapur (13),Rural,55-59,52757,26784,25973,310,158,152,45065,25189,19876,6889,1284,5605,366,124,242,127,29,98,0,0,0
27,509,District - Chandrapur (13),Rural,60-64,50120,22568,27552,534,253,281,38164,20350,17814,11044,1828,9216,294,114,180,84,23,61,0,0,0
27,509,District - Chandrapur (13),Rural,65-69,46314,21057,25257,608,272,336,31267,18153,13114,14078,2511,11567,287,96,191,74,25,49,0,0,0
27,509,District - Chandrapur (13),Rural,70-74,32571,15717,16854,345,162,183,18585,12777,5808,13440,2681,10759,166,87,79,35,10,25,0,0,0
27,509,District - Chandrapur (13),Rural,75-79,14090,6997,7093,191,93,98,7525,5285,2240,6279,1566,4713,77,45,32,18,8,10,0,0,0
27,509,District - Chandrapur (13),Rural,80+,13413,6568,6845,963,557,406,5789,4046,1743,6576,1913,4663,66,43,23,19,9,10,0,0,0
27,509,District - Chandrapur (13),Rural,Age not stated,5434,2793,2641,2432,1464,968,2626,1249,1377,334,67,267,35,11,24,7,2,5,0,0,0
27,509,District - Chandrapur (13),Rural,Less than 18,440302,225014,215288,431071,221198,209873,8379,3459,4920,487,179,308,306,145,161,59,33,26,0,0,0
27,509,District - Chandrapur (13),Rural,Less than 21,527533,269546,257987,502857,263096,239761,23316,5921,17395,769,275,494,474,198,276,117,56,61,0,0,0
27,509,District - Chandrapur (13),Urban,All ages,775378,397728,377650,344583,196560,148023,387294,192955,194339,38794,6705,32089,3330,1111,2219,1377,397,980,0,0,0
27,509,District - Chandrapur (13),Urban,0-9,112213,58434,53779,112213,58434,53779,0,0,0,0,0,0,0,0,0,0,0,0,0,0,0
27,509,District - Chandrapur (13),Urban,10-14,69638,36659,32979,66490,35217,31273,2867,1325,1542,167,62,105,93,46,47,21,9,12,0,0,0
27,509,District - Chandrapur (13),Urban,15-19,75294,38946,36348,68830,36975,31855,6061,1799,4262,244,99,145,137,62,75,22,11,11,0,0,0
27,509,District - Chandrapur (13),Urban,20-24,81863,40850,41013,54688,34784,19904,26472,5858,20614,433,127,306,171,60,111,99,21,78,0,0,0
27,509,District - Chandrapur (13),Urban,25-29,72882,36642,36240,26223,20103,6120,45366,16194,29172,757,207,550,367,104,263,169,34,135,0,0,0
27,509,District - Chandrapur (13),Urban,30-34,65268,33318,31950,8365,6575,1790,54858,26291,28567,1357,243,1114,466,136,330,222,73,149,0,0,0
27,509,District - Chandrapur (13),Urban,35-39,62906,31061,31845,2566,1743,823,57488,28749,28739,2058,322,1736,527,175,352,267,72,195,0,0,0
27,509,District - Chandrapur (13),Urban,40-44,57208,28999,28209,1253,741,512,52415,27676,24739,2858,374,2484,495,155,340,187,53,134,0,0,0
27,509,District - Chandrapur (13),Urban,45-49,49438,26093,23345,725,389,336,44787,25092,19695,3422,459,2963,364,111,253,140,42,98,0,0,0
27,509,District - Chandrapur (13),Urban,50-54,39031,21498,17533,517,241,276,34416,20592,13824,3741,560,3181,267,81,186,90,24,66,0,0,0
27,509,District - Chandrapur (13),Urban,55-59,28175,15748,12427,340,162,178,23941,14976,8965,3715,552,3163,126,43,83,53,15,38,0,0,0
27,509,District - Chandrapur (13),Urban,60-64,21835,11174,10661,410,170,240,16361,10238,6123,4886,700,4186,132,51,81,46,15,31,0,0,0
27,509,District - Chandrapur (13),Urban,65-69,15815,7419,8396,397,188,209,10573,6446,4127,4731,738,3993,89,37,52,25,10,15,0,0,0
27,509,District - Chandrapur (13),Urban,70-74,10946,5053,5893,242,104,138,5981,4019,1962,4668,902,3766,42,22,20,13,6,7,0,0,0
27,509,District - Chandrapur (13),Urban,75-79,5293,2428,2865,111,48,63,2666,1798,868,2478,559,1919,28,17,11,10,6,4,0,0,0
27,509,District - Chandrapur (13),Urban,80+,6111,2633,3478,495,259,236,2369,1574,795,3220,789,2431,18,7,11,9,4,5,0,0,0
27,509,District - Chandrapur (13),Urban,Age not stated,1462,773,689,718,427,291,673,328,345,59,12,47,8,4,4,4,2,2,0,0,0
27,509,District - Chandrapur (13),Urban,Less than 18,225219,117679,107540,219281,115145,104136,5415,2313,3102,309,121,188,184,87,97,30,13,17,0,0,0
27,509,District - Chandrapur (13),Urban,Less than 21,275458,143213,132245,261673,138962,122711,12961,3913,9048,506,191,315,261,123,138,57,24,33,0,0,0
27,510,District - Yavatmal (14),Total,All ages,2772348,1419965,1352383,1234036,708362,525674,1373003,681326,691677,145705,25014,120691,13692,3941,9751,5912,1322,4590,0,0,0
27,510,District - Yavatmal (14),Total,0-9,476165,247642,228523,476165,247642,228523,0,0,0,0,0,0,0,0,0,0,0,0,0,0,0
27,510,District - Yavatmal (14),Total,10-14,290304,151395,138909,283860,149025,134835,5887,2138,3749,269,91,178,265,130,135,23,11,12,0,0,0
27,510,District - Yavatmal (14),Total,15-19,283138,149491,133647,256566,144459,112107,25616,4752,20864,495,138,357,355,130,225,106,12,94,0,0,0
27,510,District - Yavatmal (14),Total,20-24,262712,136946,125766,140492,106739,33753,119383,29689,89694,1351,259,1092,946,187,759,540,72,468,0,0,0
27,510,District - Yavatmal (14),Total,25-29,236944,120982,115962,48688,41498,7190,182773,78451,104322,2916,471,2445,1674,377,1297,893,185,708,0,0,0
27,510,District - Yavatmal (14),Total,30-34,209291,106180,103111,11253,9089,2164,190414,95711,94703,4651,671,3980,1946,486,1460,1027,223,804,0,0,0
27,510,District - Yavatmal (14),Total,35-39,201109,101438,99671,3589,2344,1245,187329,97448,89881,7074,847,6227,2126,562,1564,991,237,754,0,0,0
27,510,District - Yavatmal (14),Total,40-44,176939,91865,85074,2061,1240,821,163091,88748,74343,9113,1160,7953,1862,513,1349,812,204,608,0,0,0
27,510,District - Yavatmal (14),Total,45-49,145919,75639,70280,1190,688,502,132982,73166,59816,9880,1284,8596,1329,384,945,538,117,421,0,0,0
27,510,District - Yavatmal (14),Total,50-54,116296,60550,55746,995,536,459,102990,58007,44983,11018,1635,9383,907,285,622,386,87,299,0,0,0
27,510,District - Yavatmal (14),Total,55-59,91554,45633,45921,699,386,313,78970,43210,35760,11096,1794,9302,601,189,412,188,54,134,0,0,0
27,510,District - Yavatmal (14),Total,60-64,91511,41833,49678,1247,590,657,70283,38055,32228,19227,2924,16303,584,214,370,170,50,120,0,0,0
27,510,District - Yavatmal (14),Total,65-69,79160,36944,42216,1379,672,707,54750,32389,22361,22439,3663,18776,474,187,287,118,33,85,0,0,0
27,510,District - Yavatmal (14),Total,70-74,54211,25696,28515,770,407,363,31473,21170,10303,21601,3971,17630,308,134,174,59,14,45,0,0,0
27,510,District - Yavatmal (14),Total,75-79,25504,12584,12920,372,195,177,13884,9691,4193,11090,2619,8471,135,68,67,23,11,12,0,0,0
27,510,District - Yavatmal (14),Total,80+,25577,11973,13604,1627,906,721,10643,7567,3076,13147,3415,9732,136,79,57,24,6,18,0,0,0
27,510,District - Yavatmal (14),Total,Age not stated,6014,3174,2840,3083,1946,1137,2535,1134,1401,338,72,266,44,16,28,14,6,8,0,0,0
27,510,District - Yavatmal (14),Total,Less than 18,938543,489225,449318,922074,484137,437937,15407,4686,10721,575,174,401,437,213,224,50,15,35,0,0,0
27,510,District - Yavatmal (14),Total,Less than 21,1113472,580927,532545,1058018,569975,488043,53380,10340,43040,1076,290,786,786,290,496,212,32,180,0,0,0
27,510,District - Yavatmal (14),Rural,All ages,2174195,1115148,1059047,966840,556233,410607,1076796,534430,542366,114711,20166,94545,11278,3282,7996,4570,1037,3533,0,0,0
27,510,District - Yavatmal (14),Rural,0-9,381554,197669,183885,381554,197669,183885,0,0,0,0,0,0,0,0,0,0,0,0,0,0,0
27,510,District - Yavatmal (14),Rural,10-14,232038,120784,111254,226795,118878,107917,4798,1721,3077,222,75,147,208,103,105,15,7,8,0,0,0
27,510,District - Yavatmal (14),Rural,15-19,225069,119778,105291,203205,115724,87481,21067,3819,17248,406,115,291,296,111,185,95,9,86,0,0,0
27,510,District - Yavatmal (14),Rural,20-24,204881,108145,96736,104119,82648,21471,98353,25061,73292,1114,209,905,814,160,654,481,67,414,0,0,0
27,510,District - Yavatmal (14),Rural,25-29,183506,94860,88646,32522,28893,3629,146463,65101,81362,2390,379,2011,1411,326,1085,720,161,559,0,0,0
27,510,District - Yavatmal (14),Rural,30-34,160470,82073,78397,6589,5408,1181,147828,75548,72280,3689,545,3144,1584,392,1192,780,180,600,0,0,0
27,510,District - Yavatmal (14),Rural,35-39,153144,77459,75685,2098,1347,751,143143,74827,68316,5454,664,4790,1732,456,1276,717,165,552,0,0,0
27,510,District - Yavatmal (14),Rural,40-44,134925,69652,65273,1300,780,520,124408,67363,57045,7104,928,6176,1514,425,1089,599,156,443,0,0,0
27,510,District - Yavatmal (14),Rural,45-49,111498,57387,54111,782,452,330,101710,55536,46174,7522,982,6540,1079,325,754,405,92,313,0,0,0
27,510,District - Yavatmal (14),Rural,50-54,89791,46416,43375,651,359,292,79591,44430,35161,8510,1327,7183,751,242,509,288,58,230,0,0,0
27,510,District - Yavatmal (14),Rural,55-59,70819,34820,35999,472,280,192,61240,32927,28313,8472,1418,7054,497,158,339,138,37,101,0,0,0
27,510,District - Yavatmal (14),Rural,60-64,73014,32961,40053,922,446,476,56231,29895,26336,15239,2404,12835,483,172,311,139,44,95,0,0,0
27,510,District - Yavatmal (14),Rural,65-69,63704,29749,33955,1045,513,532,44275,26064,18211,17894,2983,14911,395,160,235,95,29,66,0,0,0
27,510,District - Yavatmal (14),Rural,70-74,44151,20972,23179,604,315,289,25752,17242,8510,17492,3286,14206,259,118,141,44,11,33,0,0,0
27,510,District - Yavatmal (14),Rural,75-79,20264,10095,10169,290,155,135,11168,7794,3374,8676,2081,6595,110,55,55,20,10,10,0,0,0
27,510,District - Yavatmal (14),Rural,80+,20217,9601,10616,1272,707,565,8577,6114,2463,10239,2709,7530,109,66,43,20,5,15,0,0,0
27,510,District - Yavatmal (14),Rural,Age not stated,5150,2727,2423,2620,1659,961,2192,988,1204,288,61,227,36,13,23,14,6,8,0,0,0
27,510,District - Yavatmal (14),Rural,Less than 18,751165,390863,360302,737828,386785,351043,12484,3753,8731,470,145,325,346,170,176,37,10,27,0,0,0
27,510,District - Yavatmal (14),Rural,Less than 21,889152,464073,425079,843222,455171,388051,44208,8396,35812,888,242,646,647,239,408,187,25,162,0,0,0
27,510,District - Yavatmal (14),Urban,All ages,598153,304817,293336,267196,152129,115067,296207,146896,149311,30994,4848,26146,2414,659,1755,1342,285,1057,0,0,0
27,510,District - Yavatmal (14),Urban,0-9,94611,49973,44638,94611,49973,44638,0,0,0,0,0,0,0,0,0,0,0,0,0,0,0
27,510,District - Yavatmal (14),Urban,10-14,58266,30611,27655,57065,30147,26918,1089,417,672,47,16,31,57,27,30,8,4,4,0,0,0
27,510,District - Yavatmal (14),Urban,15-19,58069,29713,28356,53361,28735,24626,4549,933,3616,89,23,66,59,19,40,11,3,8,0,0,0
27,510,District - Yavatmal (14),Urban,20-24,57831,28801,29030,36373,24091,12282,21030,4628,16402,237,50,187,132,27,105,59,5,54,0,0,0
27,510,District - Yavatmal (14),Urban,25-29,53438,26122,27316,16166,12605,3561,36310,13350,22960,526,92,434,263,51,212,173,24,149,0,0,0
27,510,District - Yavatmal (14),Urban,30-34,48821,24107,24714,4664,3681,983,42586,20163,22423,962,126,836,362,94,268,247,43,204,0,0,0
27,510,District - Yavatmal (14),Urban,35-39,47965,23979,23986,1491,997,494,44186,22621,21565,1620,183,1437,394,106,288,274,72,202,0,0,0
27,510,District - Yavatmal (14),Urban,40-44,42014,22213,19801,761,460,301,38683,21385,17298,2009,232,1777,348,88,260,213,48,165,0,0,0
27,510,District - Yavatmal (14),Urban,45-49,34421,18252,16169,408,236,172,31272,17630,13642,2358,302,2056,250,59,191,133,25,108,0,0,0
27,510,District - Yavatmal (14),Urban,50-54,26505,14134,12371,344,177,167,23399,13577,9822,2508,308,2200,156,43,113,98,29,69,0,0,0
27,510,District - Yavatmal (14),Urban,55-59,20735,10813,9922,227,106,121,17730,10283,7447,2624,376,2248,104,31,73,50,17,33,0,0,0
27,510,District - Yavatmal (14),Urban,60-64,18497,8872,9625,325,144,181,14052,8160,5892,3988,520,3468,101,42,59,31,6,25,0,0,0
27,510,District - Yavatmal (14),Urban,65-69,15456,7195,8261,334,159,175,10475,6325,4150,4545,680,3865,79,27,52,23,4,19,0,0,0
27,510,District - Yavatmal (14),Urban,70-74,10060,4724,5336,166,92,74,5721,3928,1793,4109,685,3424,49,16,33,15,3,12,0,0,0
27,510,District - Yavatmal (14),Urban,75-79,5240,2489,2751,82,40,42,2716,1897,819,2414,538,1876,25,13,12,3,1,2,0,0,0
27,510,District - Yavatmal (14),Urban,80+,5360,2372,2988,355,199,156,2066,1453,613,2908,706,2202,27,13,14,4,1,3,0,0,0
27,510,District - Yavatmal (14),Urban,Age not stated,864,447,417,463,287,176,343,146,197,50,11,39,8,3,5,0,0,0,0,0,0
27,510,District - Yavatmal (14),Urban,Less than 18,187378,98362,89016,184246,97352,86894,2923,933,1990,105,29,76,91,43,48,13,5,8,0,0,0
27,510,District - Yavatmal (14),Urban,Less than 21,224320,116854,107466,214796,114804,99992,9172,1944,7228,188,48,140,139,51,88,25,7,18,0,0,0
27,511,District - Nanded (15),Total,All ages,3361292,1730075,1631217,1550454,888049,662405,1644584,812972,831612,151919,25365,126554,9035,2385,6650,5300,1304,3996,0,0,0
27,511,District - Nanded (15),Total,0-9,665606,347455,318151,665606,347455,318151,0,0,0,0,0,0,0,0,0,0,0,0,0,0,0
27,511,District - Nanded (15),Total,10-14,374776,196087,178689,361585,190371,171214,12209,5290,6919,543,218,325,383,181,202,56,27,29,0,0,0
27,511,District - Nanded (15),Total,15-19,357044,194660,162384,310305,184473,125832,45237,9645,35592,882,304,578,455,215,240,165,23,142,0,0,0
27,511,District - Nanded (15),Total,20-24,328772,174477,154295,148071,116603,31468,177405,57095,120310,1825,452,1373,805,202,603,666,125,541,0,0,0
27,511,District - Nanded (15),Total,25-29,282116,143647,138469,39063,32676,6387,237887,109930,127957,3241,592,2649,1073,233,840,852,216,636,0,0,0
27,511,District - Nanded (15),Total,30-34,246228,124549,121679,8410,6406,2004,230770,116879,113891,4946,788,4158,1215,271,944,887,205,682,0,0,0
27,511,District - Nanded (15),Total,35-39,226936,114981,111955,2999,1995,1004,215123,111650,103473,6898,926,5972,1200,237,963,716,173,543,0,0,0
27,511,District - Nanded (15),Total,40-44,188971,99649,89322,1737,1061,676,176711,97042,79669,8856,1164,7692,1068,229,839,599,153,446,0,0,0
27,511,District - Nanded (15),Total,45-49,147000,74987,72013,1099,604,495,135868,72891,62977,8974,1230,7744,700,172,528,359,90,269,0,0,0
27,511,District - Nanded (15),Total,50-54,119105,62755,56350,909,523,386,106774,60372,46402,10526,1627,8899,588,155,433,308,78,230,0,0,0
27,511,District - Nanded (15),Total,55-59,95496,44478,51018,698,382,316,84585,42413,42172,9725,1546,8179,344,94,250,144,43,101,0,0,0
27,511,District - Nanded (15),Total,60-64,112858,51318,61540,1387,660,727,88618,47286,41332,22181,3195,18986,446,107,339,226,70,156,0,0,0
27,511,District - Nanded (15),Total,65-69,88424,41972,46452,1487,749,738,63592,37425,26167,22902,3666,19236,310,90,220,133,42,91,0,0,0
27,511,District - Nanded (15),Total,70-74,59996,28748,31248,940,457,483,36091,24241,11850,22654,3932,18722,223,91,132,88,27,61,0,0,0
27,511,District - Nanded (15),Total,75-79,25258,11393,13865,442,221,221,14658,9099,5559,10021,2019,8002,95,41,54,42,13,29,0,0,0
27,511,District - Nanded (15),Total,80+,34690,14630,20060,1796,1010,786,15385,9932,5453,17361,3619,13742,102,55,47,46,14,32,0,0,0
27,511,District - Nanded (15),Total,Age not stated,8016,4289,3727,3920,2403,1517,3671,1782,1889,384,87,297,28,12,16,13,5,8,0,0,0
27,511,District - Nanded (15),Total,Less than 18,1252436,658891,593545,1224012,648183,575829,26639,9969,16670,1052,390,662,627,310,317,106,39,67,0,0,0
27,511,District - Nanded (15),Total,Less than 21,1486329,783740,702589,1388025,760349,627676,95042,22254,72788,1871,634,1237,1035,438,597,356,65,291,0,0,0
27,511,District - Nanded (15),Rural,All ages,2447394,1258160,1189234,1112789,637864,474925,1210844,598023,612821,113100,19566,93534,6677,1720,4957,3984,987,2997,0,0,0
27,511,District - Nanded (15),Rural,0-9,491637,255821,235816,491637,255821,235816,0,0,0,0,0,0,0,0,0,0,0,0,0,0,0
27,511,District - Nanded (15),Rural,10-14,275026,143665,131361,265392,139487,125905,8964,3907,5057,410,156,254,224,97,127,36,18,18,0,0,0
27,511,District - Nanded (15),Rural,15-19,258696,143316,115380,223656,135697,87959,33963,7236,26727,635,223,412,311,143,168,131,17,114,0,0,0
27,511,District - Nanded (15),Rural,20-24,232966,124982,107984,95192,78736,16456,135267,45664,89603,1367,340,1027,617,147,470,523,95,428,0,0,0
27,511,District - Nanded (15),Rural,25-29,199572,101757,97815,20747,18014,2733,175043,82945,92098,2366,458,1908,772,171,601,644,169,475,0,0,0
27,511,District - Nanded (15),Rural,30-34,175955,88808,87147,4372,3369,1003,166455,84477,81978,3595,600,2995,893,207,686,640,155,485,0,0,0
27,511,District - Nanded (15),Rural,35-39,162044,81532,80512,1612,1053,559,154020,79512,74508,4996,676,4320,882,167,715,534,124,410,0,0,0
27,511,District - Nanded (15),Rural,40-44,135823,71165,64658,1047,616,431,127244,69390,57854,6277,885,5392,822,163,659,433,111,322,0,0,0
27,511,District - Nanded (15),Rural,45-49,105212,53118,52094,671,353,318,97495,51653,45842,6279,926,5353,508,122,386,259,64,195,0,0,0
27,511,District - Nanded (15),Rural,50-54,85451,44765,40686,603,355,248,76765,43028,33737,7449,1229,6220,413,101,312,221,52,169,0,0,0
27,511,District - Nanded (15),Rural,55-59,70140,31387,38753,460,252,208,62376,29854,32522,6921,1165,5756,272,80,192,111,36,75,0,0,0
27,511,District - Nanded (15),Rural,60-64,86793,39146,47647,971,463,508,68796,36046,32750,16487,2488,13999,357,89,268,182,60,122,0,0,0
27,511,District - Nanded (15),Rural,65-69,68878,32831,36047,1058,541,517,49976,29303,20673,17492,2885,14607,243,69,174,109,33,76,0,0,0
27,511,District - Nanded (15),Rural,70-74,46596,22341,24255,661,328,333,28152,18825,9327,17528,3087,14441,178,76,102,77,25,52,0,0,0
27,511,District - Nanded (15),Rural,75-79,19585,8833,10752,307,153,154,11541,7089,4452,7619,1548,6071,81,32,49,37,11,26,0,0,0
27,511,District - Nanded (15),Rural,80+,26810,11397,15413,1327,753,574,11991,7758,4233,13371,2825,10546,85,48,37,36,13,23,0,0,0
27,511,District - Nanded (15),Rural,Age not stated,6210,3296,2914,3076,1873,1203,2796,1336,1460,308,75,233,19,8,11,11,4,7,0,0,0
27,511,District - Nanded (15),Rural,Less than 18,921085,484630,436455,900375,476756,423619,19483,7395,12088,775,277,498,381,176,205,71,26,45,0,0,0
27,511,District - Nanded (15),Rural,Less than 21,1090115,576235,513880,1015599,558570,457029,72170,16889,55281,1389,465,924,686,265,421,271,46,225,0,0,0
27,511,District - Nanded (15),Urban,All ages,913898,471915,441983,437665,250185,187480,433740,214949,218791,38819,5799,33020,2358,665,1693,1316,317,999,0,0,0
27,511,District - Nanded (15),Urban,0-9,173969,91634,82335,173969,91634,82335,0,0,0,0,0,0,0,0,0,0,0,0,0,0,0
27,511,District - Nanded (15),Urban,10-14,99750,52422,47328,96193,50884,45309,3245,1383,1862,133,62,71,159,84,75,20,9,11,0,0,0
27,511,District - Nanded (15),Urban,15-19,98348,51344,47004,86649,48776,37873,11274,2409,8865,247,81,166,144,72,72,34,6,28,0,0,0
27,511,District - Nanded (15),Urban,20-24,95806,49495,46311,52879,37867,15012,42138,11431,30707,458,112,346,188,55,133,143,30,113,0,0,0
27,511,District - Nanded (15),Urban,25-29,82544,41890,40654,18316,14662,3654,62844,26985,35859,875,134,741,301,62,239,208,47,161,0,0,0
27,511,District - Nanded (15),Urban,30-34,70273,35741,34532,4038,3037,1001,64315,32402,31913,1351,188,1163,322,64,258,247,50,197,0,0,0
27,511,District - Nanded (15),Urban,35-39,64892,33449,31443,1387,942,445,61103,32138,28965,1902,250,1652,318,70,248,182,49,133,0,0,0
27,511,District - Nanded (15),Urban,40-44,53148,28484,24664,690,445,245,49467,27652,21815,2579,279,2300,246,66,180,166,42,124,0,0,0
27,511,District - Nanded (15),Urban,45-49,41788,21869,19919,428,251,177,38373,21238,17135,2695,304,2391,192,50,142,100,26,74,0,0,0
27,511,District - Nanded (15),Urban,50-54,33654,17990,15664,306,168,138,30009,17344,12665,3077,398,2679,175,54,121,87,26,61,0,0,0
27,511,District - Nanded (15),Urban,55-59,25356,13091,12265,238,130,108,22209,12559,9650,2804,381,2423,72,14,58,33,7,26,0,0,0
27,511,District - Nanded (15),Urban,60-64,26065,12172,13893,416,197,219,19822,11240,8582,5694,707,4987,89,18,71,44,10,34,0,0,0
27,511,District - Nanded (15),Urban,65-69,19546,9141,10405,429,208,221,13616,8122,5494,5410,781,4629,67,21,46,24,9,15,0,0,0
27,511,District - Nanded (15),Urban,70-74,13400,6407,6993,279,129,150,7939,5416,2523,5126,845,4281,45,15,30,11,2,9,0,0,0
27,511,District - Nanded (15),Urban,75-79,5673,2560,3113,135,68,67,3117,2010,1107,2402,471,1931,14,9,5,5,2,3,0,0,0
27,511,District - Nanded (15),Urban,80+,7880,3233,4647,469,257,212,3394,2174,1220,3990,794,3196,17,7,10,10,1,9,0,0,0
27,511,District - Nanded (15),Urban,Age not stated,1806,993,813,844,530,314,875,446,429,76,12,64,9,4,5,2,1,1,0,0,0
27,511,District - Nanded (15),Urban,Less than 18,331351,174261,157090,323637,171427,152210,7156,2574,4582,277,113,164,246,134,112,35,13,22,0,0,0
27,511,District - Nanded (15),Urban,Less than 21,396214,207505,188709,372426,201779,170647,22872,5365,17507,482,169,313,349,173,176,85,19,66,0,0,0
27,512,District - Hingoli (16),Total,All ages,1177345,606294,571051,526237,304400,221837,591313,292191,299122,53585,8341,45244,3988,896,3092,2222,466,1756,0,0,0
27,512,District - Hingoli (16),Total,0-9,238264,125706,112558,238264,125706,112558,0,0,0,0,0,0,0,0,0,0,0,0,0,0,0
27,512,District - Hingoli (16),Total,10-14,131504,68919,62585,127835,67451,60384,3430,1372,2058,145,55,90,80,36,44,14,5,9,0,0,0
27,512,District - Hingoli (16),Total,15-19,119948,67289,52659,101947,63810,38137,17474,3339,14135,273,82,191,153,50,103,101,8,93,0,0,0
27,512,District - Hingoli (16),Total,20-24,108312,57728,50584,42265,35390,6875,64731,22069,42662,553,134,419,422,89,333,341,46,295,0,0,0
27,512,District - Hingoli (16),Total,25-29,94089,47464,46625,9292,7915,1377,82844,39174,43670,1035,174,861,518,96,422,400,105,295,0,0,0
27,512,District - Hingoli (16),Total,30-34,84581,41930,42651,1938,1439,499,80119,40094,40025,1678,230,1448,508,91,417,338,76,262,0,0,0
27,512,District - Hingoli (16),Total,35-39,79687,40010,39677,794,486,308,75725,39075,36650,2301,275,2026,558,108,450,309,66,243,0,0,0
27,512,District - Hingoli (16),Total,40-44,65918,34974,30944,490,291,199,61896,34194,27702,2789,333,2456,500,118,382,243,38,205,0,0,0
27,512,District - Hingoli (16),Total,45-49,51719,26242,25477,280,154,126,47952,25616,22336,2975,357,2618,342,74,268,170,41,129,0,0,0
27,512,District - Hingoli (16),Total,50-54,41702,21491,20211,266,179,87,37596,20772,16824,3503,465,3038,248,55,193,89,20,69,0,0,0
27,512,District - Hingoli (16),Total,55-59,35692,16192,19500,236,133,103,31899,15484,16415,3369,530,2839,127,27,100,61,18,43,0,0,0
27,512,District - Hingoli (16),Total,60-64,41909,18821,23088,449,214,235,33976,17640,16336,7231,918,6313,191,34,157,62,15,47,0,0,0
27,512,District - Hingoli (16),Total,65-69,34990,16618,18372,535,281,254,25886,15103,10783,8378,1174,7204,150,42,108,41,18,23,0,0,0
27,512,District - Hingoli (16),Total,70-74,23474,11428,12046,268,147,121,14601,9841,4760,8462,1384,7078,118,48,70,25,8,17,0,0,0
27,512,District - Hingoli (16),Total,75-79,10578,4750,5828,116,60,56,6327,3906,2421,4092,772,3320,31,10,21,12,2,10,0,0,0
27,512,District - Hingoli (16),Total,80+,13483,5956,7527,501,291,210,6203,4204,1999,6730,1445,5285,37,16,21,12,0,12,0,0,0
27,512,District - Hingoli (16),Total,Age not stated,1495,776,719,761,453,308,654,308,346,71,13,58,5,2,3,4,0,4,0,0,0
27,512,District - Hingoli (16),Total,Less than 18,441385,234330,207055,431959,231276,200683,8931,2877,6054,310,105,205,142,61,81,43,11,32,0,0,0
27,512,District - Hingoli (16),Total,Less than 21,518616,276888,241728,483073,269162,213911,34473,7437,27036,543,165,378,318,103,215,209,21,188,0,0,0
27,512,District - Hingoli (16),Rural,All ages,998612,514430,484182,439584,254809,184775,508140,251195,256945,45561,7239,38322,3445,780,2665,1882,407,1475,0,0,0
27,512,District - Hingoli (16),Rural,0-9,203005,107066,95939,203005,107066,95939,0,0,0,0,0,0,0,0,0,0,0,0,0,0,0
27,512,District - Hingoli (16),Rural,10-14,110513,57773,52740,107350,56513,50837,2953,1176,1777,126,46,80,70,33,37,14,5,9,0,0,0
27,512,District - Hingoli (16),Rural,15-19,100086,56802,43284,84572,53767,30805,15044,2916,12128,238,71,167,137,41,96,95,7,88,0,0,0
27,512,District - Hingoli (16),Rural,20-24,90710,48613,42097,33248,28717,4531,56311,19653,36658,484,120,364,357,81,276,310,42,268,0,0,0
27,512,District - Hingoli (16),Rural,25-29,79261,39956,39305,6470,5647,823,71122,33972,37150,885,154,731,445,87,358,339,96,243,0,0,0
27,512,District - Hingoli (16),Rural,30-34,71474,35610,35864,1310,999,311,68028,34279,33749,1432,192,1240,425,76,349,279,64,215,0,0,0
27,512,District - Hingoli (16),Rural,35-39,67208,33643,33565,559,346,213,63993,32912,31081,1923,229,1694,486,100,386,247,56,191,0,0,0
27,512,District - Hingoli (16),Rural,40-44,55496,29349,26147,357,215,142,52239,28729,23510,2284,284,2000,429,93,336,187,28,159,0,0,0
27,512,District - Hingoli (16),Rural,45-49,44068,22196,21872,207,118,89,40980,21684,19296,2426,296,2130,306,61,245,149,37,112,0,0,0
27,512,District - Hingoli (16),Rural,50-54,35557,18216,17341,191,126,65,32150,17633,14517,2927,390,2537,213,49,164,76,18,58,0,0,0
27,512,District - Hingoli (16),Rural,55-59,30880,13825,17055,182,104,78,27770,13224,14546,2767,455,2312,111,25,86,50,17,33,0,0,0
27,512,District - Hingoli (16),Rural,60-64,36853,16640,20213,370,175,195,30174,15618,14556,6094,805,5289,163,30,133,52,12,40,0,0,0
27,512,District - Hingoli (16),Rural,65-69,30562,14576,15986,412,221,191,22822,13271,9551,7162,1032,6130,127,34,93,39,18,21,0,0,0
27,512,District - Hingoli (16),Rural,70-74,20613,10138,10475,213,120,93,12932,8741,4191,7337,1227,6110,110,45,65,21,5,16,0,0,0
27,512,District - Hingoli (16),Rural,75-79,9324,4163,5161,94,54,40,5634,3429,2205,3556,668,2888,30,10,20,10,2,8,0,0,0
27,512,District - Hingoli (16),Rural,80+,11833,5253,6580,430,251,179,5493,3728,1765,5865,1260,4605,33,14,19,12,0,12,0,0,0
27,512,District - Hingoli (16),Rural,Age not stated,1169,611,558,614,370,244,495,230,265,55,10,45,3,1,2,2,0,2,0,0,0
27,512,District - Hingoli (16),Rural,Less than 18,373368,198317,175051,365297,195693,169604,7635,2470,5165,269,89,180,126,54,72,41,11,30,0,0,0
27,512,District - Hingoli (16),Rural,Less than 21,437938,234337,203601,407207,227599,179608,29788,6486,23302,475,143,332,273,89,184,195,20,175,0,0,0
27,512,District - Hingoli (16),Urban,All ages,178733,91864,86869,86653,49591,37062,83173,40996,42177,8024,1102,6922,543,116,427,340,59,281,0,0,0
27,512,District - Hingoli (16),Urban,0-9,35259,18640,16619,35259,18640,16619,0,0,0,0,0,0,0,0,0,0,0,0,0,0,0
27,512,District - Hingoli (16),Urban,10-14,20991,11146,9845,20485,10938,9547,477,196,281,19,9,10,10,3,7,0,0,0,0,0,0
27,512,District - Hingoli (16),Urban,15-19,19862,10487,9375,17375,10043,7332,2430,423,2007,35,11,24,16,9,7,6,1,5,0,0,0
27,512,District - Hingoli (16),Urban,20-24,17602,9115,8487,9017,6673,2344,8420,2416,6004,69,14,55,65,8,57,31,4,27,0,0,0
27,512,District - Hingoli (16),Urban,25-29,14828,7508,7320,2822,2268,554,11722,5202,6520,150,20,130,73,9,64,61,9,52,0,0,0
27,512,District - Hingoli (16),Urban,30-34,13107,6320,6787,628,440,188,12091,5815,6276,246,38,208,83,15,68,59,12,47,0,0,0
27,512,District - Hingoli (16),Urban,35-39,12479,6367,6112,235,140,95,11732,6163,5569,378,46,332,72,8,64,62,10,52,0,0,0
27,512,District - Hingoli (16),Urban,40-44,10422,5625,4797,133,76,57,9657,5465,4192,505,49,456,71,25,46,56,10,46,0,0,0
27,512,District - Hingoli (16),Urban,45-49,7651,4046,3605,73,36,37,6972,3932,3040,549,61,488,36,13,23,21,4,17,0,0,0
27,512,District - Hingoli (16),Urban,50-54,6145,3275,2870,75,53,22,5446,3139,2307,576,75,501,35,6,29,13,2,11,0,0,0
27,512,District - Hingoli (16),Urban,55-59,4812,2367,2445,54,29,25,4129,2260,1869,602,75,527,16,2,14,11,1,10,0,0,0
27,512,District - Hingoli (16),Urban,60-64,5056,2181,2875,79,39,40,3802,2022,1780,1137,113,1024,28,4,24,10,3,7,0,0,0
27,512,District - Hingoli (16),Urban,65-69,4428,2042,2386,123,60,63,3064,1832,1232,1216,142,1074,23,8,15,2,0,2,0,0,0
27,512,District - Hingoli (16),Urban,70-74,2861,1290,1571,55,27,28,1669,1100,569,1125,157,968,8,3,5,4,3,1,0,0,0
27,512,District - Hingoli (16),Urban,75-79,1254,587,667,22,6,16,693,477,216,536,104,432,1,0,1,2,0,2,0,0,0
27,512,District - Hingoli (16),Urban,80+,1650,703,947,71,40,31,710,476,234,865,185,680,4,2,2,0,0,0,0,0,0
27,512,District - Hingoli (16),Urban,Age not stated,326,165,161,147,83,64,159,78,81,16,3,13,2,1,1,2,0,2,0,0,0
27,512,District - Hingoli (16),Urban,Less than 18,68017,36013,32004,66662,35583,31079,1296,407,889,41,16,25,16,7,9,2,0,2,0,0,0
27,512,District - Hingoli (16),Urban,Less than 21,80678,42551,38127,75866,41563,34303,4685,951,3734,68,22,46,45,14,31,14,1,13,0,0,0
27,513,District - Parbhani (17),Total,All ages,1836086,942870,893216,828252,475004,353248,914288,451500,462788,84126,14352,69774,6605,1447,5158,2815,567,2248,0,0,0
27,513,District - Parbhani (17),Total,0-9,368010,194046,173964,368010,194046,173964,0,0,0,0,0,0,0,0,0,0,0,0,0,0,0
27,513,District - Parbhani (17),Total,10-14,200359,104511,95848,192030,100767,91263,7755,3486,4269,332,138,194,196,101,95,46,19,27,0,0,0
27,513,District - Parbhani (17),Total,15-19,189391,104583,84808,161758,98382,63376,26748,5864,20884,552,213,339,217,93,124,116,31,85,0,0,0
27,513,District - Parbhani (17),Total,20-24,173587,91586,82001,73620,58050,15570,97941,33056,64885,1043,289,754,611,120,491,372,71,301,0,0,0
27,513,District - Parbhani (17),Total,25-29,147002,74873,72129,17520,14411,3109,126552,59898,66654,1698,339,1359,785,155,630,447,70,377,0,0,0
27,513,District - Parbhani (17),Total,30-34,129188,64347,64841,4120,3004,1116,121259,60716,60543,2525,396,2129,843,154,689,441,77,364,0,0,0
27,513,District - Parbhani (17),Total,35-39,121512,60640,60872,1697,1025,672,115043,58900,56143,3497,483,3014,899,158,741,376,74,302,0,0,0
27,513,District - Parbhani (17),Total,40-44,104024,54173,49851,1019,612,407,97249,52691,44558,4592,647,3945,834,160,674,330,63,267,0,0,0
27,513,District - Parbhani (17),Total,45-49,81762,41670,40092,646,376,270,75724,40528,35196,4658,632,4026,557,100,457,177,34,143,0,0,0
27,513,District - Parbhani (17),Total,50-54,65555,34288,31267,515,273,242,58968,33065,25903,5515,828,4687,424,93,331,133,29,104,0,0,0
27,513,District - Parbhani (17),Total,55-59,54239,25265,28974,428,216,212,48179,24039,24140,5286,941,4345,267,51,216,79,18,61,0,0,0
27,513,District - Parbhani (17),Total,60-64,64842,28543,36299,818,365,453,51750,26291,25459,11800,1785,10015,374,78,296,100,24,76,0,0,0
27,513,District - Parbhani (17),Total,65-69,56348,26590,29758,839,435,404,41387,23855,17532,13774,2211,11563,253,64,189,95,25,70,0,0,0
27,513,District - Parbhani (17),Total,70-74,36474,17953,18521,467,238,229,22871,15383,7488,12917,2270,10647,173,50,123,46,12,34,0,0,0
27,513,District - Parbhani (17),Total,75-79,15342,6761,8581,200,90,110,9224,5517,3707,5838,1121,4717,59,25,34,21,8,13,0,0,0
27,513,District - Parbhani (17),Total,80+,20655,8927,11728,942,529,413,9848,6354,3494,9766,2006,7760,76,30,46,23,8,15,0,0,0
27,513,District - Parbhani (17),Total,Age not stated,7796,4114,3682,3623,2185,1438,3790,1857,1933,333,53,280,37,15,22,13,4,9,0,0,0
27,513,District - Parbhani (17),Total,Less than 18,679718,359900,319818,662348,353156,309192,16326,6296,10030,664,266,398,297,150,147,83,32,51,0,0,0
27,513,District - Parbhani (17),Total,Less than 21,804785,427619,377166,747900,413219,334681,54942,13698,41244,1134,425,709,568,215,353,241,62,179,0,0,0
27,513,District - Parbhani (17),Rural,All ages,1266280,651886,614394,557408,322046,235362,643576,318118,325458,58581,10301,48280,4766,1020,3746,1949,401,1548,0,0,0
27,513,District - Parbhani (17),Rural,0-9,256019,135482,120537,256019,135482,120537,0,0,0,0,0,0,0,0,0,0,0,0,0,0,0
27,513,District - Parbhani (17),Rural,10-14,137830,72135,65695,132449,69678,62771,4997,2278,2719,221,96,125,131,68,63,32,15,17,0,0,0
27,513,District - Parbhani (17),Rural,15-19,128900,72598,56302,109565,68374,41191,18726,3996,14730,385,150,235,145,62,83,79,16,63,0,0,0
27,513,District - Parbhani (17),Rural,20-24,115666,61933,53733,43732,36834,6898,70570,24772,45798,682,187,495,431,83,348,251,57,194,0,0,0
27,513,District - Parbhani (17),Rural,25-29,98375,50336,48039,8009,6979,1030,88369,42951,45418,1134,237,897,564,118,446,299,51,248,0,0,0
27,513,District - Parbhani (17),Rural,30-34,88263,43844,44419,1788,1318,470,83879,42104,41775,1693,255,1438,601,111,490,302,56,246,0,0,0
27,513,District - Parbhani (17),Rural,35-39,83237,41224,42013,761,453,308,79278,40312,38966,2285,302,1983,664,109,555,249,48,201,0,0,0
27,513,District - Parbhani (17),Rural,40-44,71428,37145,34283,546,320,226,67129,36248,30881,2923,434,2489,600,102,498,230,41,189,0,0,0
27,513,District - Parbhani (17),Rural,45-49,55909,28359,27550,315,179,136,52184,27684,24500,2902,416,2486,384,61,323,124,19,105,0,0,0
27,513,District - Parbhani (17),Rural,50-54,44379,23265,21114,274,140,134,40190,22482,17708,3526,557,2969,295,66,229,94,20,74,0,0,0
27,513,District - Parbhani (17),Rural,55-59,37730,16933,20797,223,123,100,33819,16104,17715,3430,660,2770,201,32,169,57,14,43,0,0,0
27,513,District - Parbhani (17),Rural,60-64,47718,20804,26914,469,226,243,38689,19237,19452,8191,1259,6932,290,63,227,79,19,60,0,0,0
27,513,District - Parbhani (17),Rural,65-69,42370,20139,22231,492,282,210,31698,18109,13589,9906,1672,8234,199,55,144,75,21,54,0,0,0
27,513,District - Parbhani (17),Rural,70-74,27493,13709,13784,293,167,126,17532,11781,5751,9495,1711,7784,135,41,94,38,9,29,0,0,0
27,513,District - Parbhani (17),Rural,75-79,11644,5142,6502,136,60,76,7172,4241,2931,4273,817,3456,47,19,28,16,5,11,0,0,0
27,513,District - Parbhani (17),Rural,80+,15508,6779,8729,626,371,255,7442,4856,2586,7361,1523,5838,60,21,39,19,8,11,0,0,0
27,513,District - Parbhani (17),Rural,Age not stated,3811,2059,1752,1711,1060,651,1902,963,939,174,25,149,19,9,10,5,2,3,0,0,0
27,513,District - Parbhani (17),Rural,Less than 18,470346,250425,219921,458872,245930,212942,10757,4179,6578,454,188,266,205,104,101,58,24,34,0,0,0
27,513,District - Parbhani (17),Rural,Less than 21,554935,297316,257619,515101,287417,227684,38509,9419,29090,772,291,481,386,149,237,167,40,127,0,0,0
27,513,District - Parbhani (17),Urban,All ages,569806,290984,278822,270844,152958,117886,270712,133382,137330,25545,4051,21494,1839,427,1412,866,166,700,0,0,0
27,513,District - Parbhani (17),Urban,0-9,111991,58564,53427,111991,58564,53427,0,0,0,0,0,0,0,0,0,0,0,0,0,0,0
27,513,District - Parbhani (17),Urban,10-14,62529,32376,30153,59581,31089,28492,2758,1208,1550,111,42,69,65,33,32,14,4,10,0,0,0
27,513,District - Parbhani (17),Urban,15-19,60491,31985,28506,52193,30008,22185,8022,1868,6154,167,63,104,72,31,41,37,15,22,0,0,0
27,513,District - Parbhani (17),Urban,20-24,57921,29653,28268,29888,21216,8672,27371,8284,19087,361,102,259,180,37,143,121,14,107,0,0,0
27,513,District - Parbhani (17),Urban,25-29,48627,24537,24090,9511,7432,2079,38183,16947,21236,564,102,462,221,37,184,148,19,129,0,0,0
27,513,District - Parbhani (17),Urban,30-34,40925,20503,20422,2332,1686,646,37380,18612,18768,832,141,691,242,43,199,139,21,118,0,0,0
27,513,District - Parbhani (17),Urban,35-39,38275,19416,18859,936,572,364,35765,18588,17177,1212,181,1031,235,49,186,127,26,101,0,0,0
27,513,District - Parbhani (17),Urban,40-44,32596,17028,15568,473,292,181,30120,16443,13677,1669,213,1456,234,58,176,100,22,78,0,0,0
27,513,District - Parbhani (17),Urban,45-49,25853,13311,12542,331,197,134,23540,12844,10696,1756,216,1540,173,39,134,53,15,38,0,0,0
27,513,District - Parbhani (17),Urban,50-54,21176,11023,10153,241,133,108,18778,10583,8195,1989,271,1718,129,27,102,39,9,30,0,0,0
27,513,District - Parbhani (17),Urban,55-59,16509,8332,8177,205,93,112,14360,7935,6425,1856,281,1575,66,19,47,22,4,18,0,0,0
27,513,District - Parbhani (17),Urban,60-64,17124,7739,9385,349,139,210,13061,7054,6007,3609,526,3083,84,15,69,21,5,16,0,0,0
27,513,District - Parbhani (17),Urban,65-69,13978,6451,7527,347,153,194,9689,5746,3943,3868,539,3329,54,9,45,20,4,16,0,0,0
27,513,District - Parbhani (17),Urban,70-74,8981,4244,4737,174,71,103,5339,3602,1737,3422,559,2863,38,9,29,8,3,5,0,0,0
27,513,District - Parbhani (17),Urban,75-79,3698,1619,2079,64,30,34,2052,1276,776,1565,304,1261,12,6,6,5,3,2,0,0,0
27,513,District - Parbhani (17),Urban,80+,5147,2148,2999,316,158,158,2406,1498,908,2405,483,1922,16,9,7,4,0,4,0,0,0
27,513,District - Parbhani (17),Urban,Age not stated,3985,2055,1930,1912,1125,787,1888,894,994,159,28,131,18,6,12,8,2,6,0,0,0
27,513,District - Parbhani (17),Urban,Less than 18,209372,109475,99897,203476,107226,96250,5569,2117,3452,210,78,132,92,46,46,25,8,17,0,0,0
27,513,District - Parbhani (17),Urban,Less than 21,249850,130303,119547,232799,125802,106997,16433,4279,12154,362,134,228,182,66,116,74,22,52,0,0,0
27,514,District - Jalna (18),Total,All ages,1959046,1011473,947573,865203,501009,364194,992430,491827,500603,90815,15928,74887,7322,1851,5471,3276,858,2418,0,0,0
27,514,District - Jalna (18),Total,0-9,406125,215731,190394,406125,215731,190394,0,0,0,0,0,0,0,0,0,0,0,0,0,0,0
27,514,District - Jalna (18),Total,10-14,207476,109747,97729,196842,104862,91980,9866,4542,5324,490,213,277,196,89,107,82,41,41,0,0,0
27,514,District - Jalna (18),Total,15-19,191823,107047,84776,157829,99044,58785,32883,7602,25281,698,270,428,287,92,195,126,39,87,0,0,0
27,514,District - Jalna (18),Total,20-24,185191,97565,87626,69586,57104,12482,113126,39808,73318,1335,398,937,714,161,553,430,94,336,0,0,0
27,514,District - Jalna (18),Total,25-29,159489,81550,77939,15224,12435,2789,140901,68338,72563,1937,440,1497,912,211,701,515,126,389,0,0,0
27,514,District - Jalna (18),Total,30-34,137168,69706,67462,3626,2544,1082,129293,66341,62952,2807,486,2321,979,237,742,463,98,365,0,0,0
27,514,District - Jalna (18),Total,35-39,125003,62659,62344,1700,972,728,118221,60864,57357,3819,557,3262,905,179,726,358,87,271,0,0,0
27,514,District - Jalna (18),Total,40-44,106902,55415,51487,1257,696,561,99511,53768,45743,5006,688,4318,802,176,626,326,87,239,0,0,0
27,514,District - Jalna (18),Total,45-49,85763,43990,41773,843,438,405,79080,42597,36483,4960,732,4228,610,152,458,270,71,199,0,0,0
27,514,District - Jalna (18),Total,50-54,68686,35650,33036,696,378,318,61410,34141,27269,5970,969,5001,443,117,326,167,45,122,0,0,0
27,514,District - Jalna (18),Total,55-59,57138,27000,30138,777,420,357,50181,25504,24677,5753,968,4785,310,70,240,117,38,79,0,0,0
27,514,District - Jalna (18),Total,60-64,64487,27690,36797,957,437,520,52536,25504,27032,10517,1631,8886,359,87,272,118,31,87,0,0,0
27,514,District - Jalna (18),Total,65-69,65157,30511,34646,1228,641,587,48909,27387,21522,14592,2363,12229,324,92,232,104,28,76,0,0,0
27,514,District - Jalna (18),Total,70-74,42726,21090,21636,618,337,281,27209,18114,9095,14593,2534,12059,232,80,152,74,25,49,0,0,0
27,514,District - Jalna (18),Total,75-79,18523,8539,9984,367,178,189,11118,6934,4184,6928,1381,5547,73,29,44,37,17,20,0,0,0
27,514,District - Jalna (18),Total,80+,24762,10617,14145,1575,875,700,12144,7500,4644,10873,2179,8694,111,46,65,59,17,42,0,0,0
27,514,District - Jalna (18),Total,Age not stated,12627,6966,5661,5953,3917,2036,6042,2883,3159,537,119,418,65,33,32,30,14,16,0,0,0
27,514,District - Jalna (18),Total,Less than 18,726409,388565,337844,704451,379784,324667,20612,8221,12391,877,364,513,326,136,190,143,60,83,0,0,0
27,514,District - Jalna (18),Total,Less than 21,853461,456957,396504,785009,438833,346176,66016,17239,48777,1505,590,915,640,206,434,291,89,202,0,0,0
27,514,District - Jalna (18),Rural,All ages,1581617,817279,764338,689283,400816,288467,808967,400997,407970,74654,13279,61375,6083,1485,4598,2630,702,1928,0,0,0
27,514,District - Jalna (18),Rural,0-9,331052,176452,154600,331052,176452,154600,0,0,0,0,0,0,0,0,0,0,0,0,0,0,0
27,514,District - Jalna (18),Rural,10-14,167862,88936,78926,159421,85035,74386,7842,3641,4201,382,163,219,144,59,85,73,38,35,0,0,0
27,514,District - Jalna (18),Rural,15-19,152907,86551,66356,125047,80018,45029,26970,6211,20759,554,217,337,226,71,155,110,34,76,0,0,0
27,514,District - Jalna (18),Rural,20-24,145973,77493,68480,50401,43155,7246,93576,33817,59759,1053,309,744,590,128,462,353,84,269,0,0,0
27,514,District - Jalna (18),Rural,25-29,125616,64268,61348,9291,7802,1489,113624,55852,57772,1558,344,1214,736,166,570,407,104,303,0,0,0
27,514,District - Jalna (18),Rural,30-34,108550,55300,53250,2148,1483,665,102980,53159,49821,2243,387,1856,822,194,628,357,77,280,0,0,0
27,514,District - Jalna (18),Rural,35-39,98746,49235,49511,1062,583,479,93585,47986,45599,3053,455,2598,769,145,624,277,66,211,0,0,0
27,514,District - Jalna (18),Rural,40-44,84783,43760,41023,873,482,391,79099,42536,36563,3904,551,3353,660,129,531,247,62,185,0,0,0
27,514,District - Jalna (18),Rural,45-49,68224,34710,33514,604,310,294,63068,33658,29410,3835,566,3269,500,117,383,217,59,158,0,0,0
27,514,District - Jalna (18),Rural,50-54,55045,28287,26758,519,293,226,49421,27097,22324,4607,767,3840,365,96,269,133,34,99,0,0,0
27,514,District - Jalna (18),Rural,55-59,47106,21966,25140,653,358,295,41599,20745,20854,4494,771,3723,263,61,202,97,31,66,0,0,0
27,514,District - Jalna (18),Rural,60-64,54568,23178,31390,760,356,404,44982,21401,23581,8430,1322,7108,298,72,226,98,27,71,0,0,0
27,514,District - Jalna (18),Rural,65-69,56874,26702,30172,1016,543,473,43202,24044,19158,12278,2007,10271,285,82,203,93,26,67,0,0,0
27,514,District - Jalna (18),Rural,70-74,37288,18604,18684,500,268,232,24003,16039,7964,12515,2203,10312,208,72,136,62,22,40,0,0,0
27,514,District - Jalna (18),Rural,75-79,16137,7462,8675,296,148,148,9808,6077,3731,5936,1198,4738,66,26,40,31,13,18,0,0,0
27,514,District - Jalna (18),Rural,80+,21444,9264,12180,1283,724,559,10611,6557,4054,9396,1927,7469,100,41,59,54,15,39,0,0,0
27,514,District - Jalna (18),Rural,Age not stated,9442,5111,4331,4357,2806,1551,4597,2177,2420,416,92,324,51,26,25,21,10,11,0,0,0
27,514,District - Jalna (18),Rural,Less than 18,589278,316529,272749,571733,309460,262273,16486,6637,9849,698,287,411,237,90,147,124,55,69,0,0,0
27,514,District - Jalna (18),Rural,Less than 21,690394,371722,318672,634120,356900,277220,54333,14129,40204,1184,462,722,503,150,353,254,81,173,0,0,0
27,514,District - Jalna (18),Urban,All ages,377429,194194,183235,175920,100193,75727,183463,90830,92633,16161,2649,13512,1239,366,873,646,156,490,0,0,0
27,514,District - Jalna (18),Urban,0-9,75073,39279,35794,75073,39279,35794,0,0,0,0,0,0,0,0,0,0,0,0,0,0,0
27,514,District - Jalna (18),Urban,10-14,39614,20811,18803,37421,19827,17594,2024,901,1123,108,50,58,52,30,22,9,3,6,0,0,0
27,514,District - Jalna (18),Urban,15-19,38916,20496,18420,32782,19026,13756,5913,1391,4522,144,53,91,61,21,40,16,5,11,0,0,0
27,514,District - Jalna (18),Urban,20-24,39218,20072,19146,19185,13949,5236,19550,5991,13559,282,89,193,124,33,91,77,10,67,0,0,0
27,514,District - Jalna (18),Urban,25-29,33873,17282,16591,5933,4633,1300,27277,12486,14791,379,96,283,176,45,131,108,22,86,0,0,0
27,514,District - Jalna (18),Urban,30-34,28618,14406,14212,1478,1061,417,26313,13182,13131,564,99,465,157,43,114,106,21,85,0,0,0
27,514,District - Jalna (18),Urban,35-39,26257,13424,12833,638,389,249,24636,12878,11758,766,102,664,136,34,102,81,21,60,0,0,0
27,514,District - Jalna (18),Urban,40-44,22119,11655,10464,384,214,170,20412,11232,9180,1102,137,965,142,47,95,79,25,54,0,0,0
27,514,District - Jalna (18),Urban,45-49,17539,9280,8259,239,128,111,16012,8939,7073,1125,166,959,110,35,75,53,12,41,0,0,0
27,514,District - Jalna (18),Urban,50-54,13641,7363,6278,177,85,92,11989,7044,4945,1363,202,1161,78,21,57,34,11,23,0,0,0
27,514,District - Jalna (18),Urban,55-59,10032,5034,4998,124,62,62,8582,4759,3823,1259,197,1062,47,9,38,20,7,13,0,0,0
27,514,District - Jalna (18),Urban,60-64,9919,4512,5407,197,81,116,7554,4103,3451,2087,309,1778,61,15,46,20,4,16,0,0,0
27,514,District - Jalna (18),Urban,65-69,8283,3809,4474,212,98,114,5707,3343,2364,2314,356,1958,39,10,29,11,2,9,0,0,0
27,514,District - Jalna (18),Urban,70-74,5438,2486,2952,118,69,49,3206,2075,1131,2078,331,1747,24,8,16,12,3,9,0,0,0
27,514,District - Jalna (18),Urban,75-79,2386,1077,1309,71,30,41,1310,857,453,992,183,809,7,3,4,6,4,2,0,0,0
27,514,District - Jalna (18),Urban,80+,3318,1353,1965,292,151,141,1533,943,590,1477,252,1225,11,5,6,5,2,3,0,0,0
27,514,District - Jalna (18),Urban,Age not stated,3185,1855,1330,1596,1111,485,1445,706,739,121,27,94,14,7,7,9,4,5,0,0,0
27,514,District - Jalna (18),Urban,Less than 18,137131,72036,65095,132718,70324,62394,4126,1584,2542,179,77,102,89,46,43,19,5,14,0,0,0
27,514,District - Jalna (18),Urban,Less than 21,163067,85235,77832,150889,81933,68956,11683,3110,8573,321,128,193,137,56,81,37,8,29,0,0,0
27,515,District - Aurangabad (19),Total,All ages,3701282,1924469,1776813,1680337,982158,698179,1849668,913994,935674,153827,24064,129763,11507,3000,8507,5943,1253,4690,0,0,0
27,515,District - Aurangabad (19),Total,0-9,754156,403859,350297,754156,403859,350297,0,0,0,0,0,0,0,0,0,0,0,0,0,0,0
27,515,District - Aurangabad (19),Total,10-14,387150,206932,180218,376258,202360,173898,10208,4282,5926,366,133,233,249,127,122,69,30,39,0,0,0
27,515,District - Aurangabad (19),Total,15-19,370165,201934,168231,314741,193132,121609,54074,8434,45640,704,210,494,422,123,299,224,35,189,0,0,0
27,515,District - Aurangabad (19),Total,20-24,373898,192951,180947,162656,128853,33803,207675,63340,144335,1621,378,1243,1174,260,914,772,120,652,0,0,0
27,515,District - Aurangabad (19),Total,25-29,326627,167336,159291,42530,34757,7773,278807,131475,147332,2979,572,2407,1405,341,1064,906,191,715,0,0,0
27,515,District - Aurangabad (19),Total,30-34,276517,141107,135410,9405,6922,2483,260047,132918,127129,4520,705,3815,1588,369,1219,957,193,764,0,0,0
27,515,District - Aurangabad (19),Total,35-39,254863,130281,124582,3664,2284,1380,242072,126605,115467,6666,824,5842,1587,375,1212,874,193,681,0,0,0
27,515,District - Aurangabad (19),Total,40-44,211442,112039,99403,2149,1306,843,198606,109124,89482,8627,1088,7539,1367,351,1016,693,170,523,0,0,0
27,515,District - Aurangabad (19),Total,45-49,166949,88374,78575,1280,775,505,154606,86057,68549,9538,1161,8377,1045,286,759,480,95,385,0,0,0
27,515,District - Aurangabad (19),Total,50-54,130418,68285,62133,1025,541,484,116897,65998,50899,11412,1488,9924,757,187,570,327,71,256,0,0,0
27,515,District - Aurangabad (19),Total,55-59,101700,50891,50809,738,398,340,89620,48758,40862,10693,1570,9123,458,118,340,191,47,144,0,0,0
27,515,District - Aurangabad (19),Total,60-64,104636,46293,58343,1721,868,853,83223,42661,40562,19077,2618,16459,469,121,348,146,25,121,0,0,0
27,515,District - Aurangabad (19),Total,65-69,99577,45882,53695,2034,1058,976,72634,41228,31406,24327,3440,20887,449,130,319,133,26,107,0,0,0
27,515,District - Aurangabad (19),Total,70-74,66868,32701,34167,1063,561,502,42389,28269,14120,23090,3767,19323,244,76,168,82,28,54,0,0,0
27,515,District - Aurangabad (19),Total,75-79,30687,14589,16098,538,286,252,17974,11854,6120,12045,2398,9647,98,43,55,32,8,24,0,0,0
27,515,District - Aurangabad (19),Total,80+,38046,16498,21548,2363,1433,930,17655,11365,6290,17854,3627,14227,142,66,76,32,7,25,0,0,0
27,515,District - Aurangabad (19),Total,Age not stated,7583,4517,3066,4016,2765,1251,3181,1626,1555,308,85,223,53,27,26,25,14,11,0,0,0
27,515,District - Aurangabad (19),Total,Less than 18,1355941,728441,627500,1329070,719959,609111,25532,8013,17519,771,239,532,418,188,230,150,42,108,0,0,0
27,515,District - Aurangabad (19),Total,Less than 21,1602756,858524,744232,1496301,838527,657774,103638,19168,84470,1452,447,1005,913,299,614,452,83,369,0,0,0
27,515,District - Aurangabad (19),Rural,All ages,2081112,1081825,999287,934929,551029,383900,1039142,513198,525944,96208,15050,81158,7477,1898,5579,3356,650,2706,0,0,0
27,515,District - Aurangabad (19),Rural,0-9,433407,232525,200882,433407,232525,200882,0,0,0,0,0,0,0,0,0,0,0,0,0,0,0
27,515,District - Aurangabad (19),Rural,10-14,224321,119777,104544,218883,117428,101455,5079,2197,2882,197,66,131,130,70,60,32,16,16,0,0,0
27,515,District - Aurangabad (19),Rural,15-19,211996,118579,93417,179167,113652,65515,32039,4729,27310,421,122,299,232,62,170,137,14,123,0,0,0
27,515,District - Aurangabad (19),Rural,20-24,199743,106990,92753,76417,66530,9887,121106,40010,81096,1001,213,788,734,159,575,485,78,407,0,0,0
27,515,District - Aurangabad (19),Rural,25-29,167673,87508,80165,14331,12647,1684,150115,74189,75926,1867,353,1514,873,201,672,487,118,369,0,0,0
27,515,District - Aurangabad (19),Rural,30-34,142973,72158,70815,2831,2163,668,135841,69281,66560,2793,397,2396,993,225,768,515,92,423,0,0,0
27,515,District - Aurangabad (19),Rural,35-39,133603,67588,66015,1140,708,432,127020,66066,60954,3961,486,3475,1036,245,791,446,83,363,0,0,0
27,515,District - Aurangabad (19),Rural,40-44,112383,58143,54240,872,543,329,105339,56681,48658,4900,621,4279,893,224,669,379,74,305,0,0,0
27,515,District - Aurangabad (19),Rural,45-49,90887,46787,44100,500,310,190,84104,45568,38536,5310,681,4629,695,185,510,278,43,235,0,0,0
27,515,District - Aurangabad (19),Rural,50-54,73003,37541,35462,430,258,172,65562,36274,29288,6297,854,5443,529,118,411,185,37,148,0,0,0
27,515,District - Aurangabad (19),Rural,55-59,58941,28127,30814,314,177,137,52152,26903,25249,6045,936,5109,315,84,231,115,27,88,0,0,0
27,515,District - Aurangabad (19),Rural,60-64,66235,27920,38315,862,451,411,53483,25798,27685,11447,1568,9879,347,85,262,96,18,78,0,0,0
27,515,District - Aurangabad (19),Rural,65-69,68304,31217,37087,1057,573,484,50848,28284,22564,15988,2255,13733,324,92,232,87,13,74,0,0,0
27,515,District - Aurangabad (19),Rural,70-74,46633,22979,23654,580,327,253,29966,20040,9926,15851,2540,13311,180,53,127,56,19,37,0,0,0
27,515,District - Aurangabad (19),Rural,75-79,20739,9931,10808,259,140,119,12441,8222,4219,7949,1534,6415,70,29,41,20,6,14,0,0,0
27,515,District - Aurangabad (19),Rural,80+,25336,11090,14246,1231,777,454,11989,7892,4097,11995,2366,9629,99,51,48,22,4,18,0,0,0
27,515,District - Aurangabad (19),Rural,Age not stated,4935,2965,1970,2648,1820,828,2058,1064,994,186,58,128,27,15,12,16,8,8,0,0,0
27,515,District - Aurangabad (19),Rural,Less than 18,782836,421968,360868,768468,417490,350978,13624,4224,9400,450,131,319,219,102,117,75,21,54,0,0,0
27,515,District - Aurangabad (19),Rural,Less than 21,921055,497434,423621,858291,486065,372226,61122,10922,50200,854,245,609,520,164,356,268,38,230,0,0,0
27,515,District - Aurangabad (19),Urban,All ages,1620170,842644,777526,745408,431129,314279,810526,400796,409730,57619,9014,48605,4030,1102,2928,2587,603,1984,0,0,0
27,515,District - Aurangabad (19),Urban,0-9,320749,171334,149415,320749,171334,149415,0,0,0,0,0,0,0,0,0,0,0,0,0,0,0
27,515,District - Aurangabad (19),Urban,10-14,162829,87155,75674,157375,84932,72443,5129,2085,3044,169,67,102,119,57,62,37,14,23,0,0,0
27,515,District - Aurangabad (19),Urban,15-19,158169,83355,74814,135574,79480,56094,22035,3705,18330,283,88,195,190,61,129,87,21,66,0,0,0
27,515,District - Aurangabad (19),Urban,20-24,174155,85961,88194,86239,62323,23916,86569,23330,63239,620,165,455,440,101,339,287,42,245,0,0,0
27,515,District - Aurangabad (19),Urban,25-29,158954,79828,79126,28199,22110,6089,128692,57286,71406,1112,219,893,532,140,392,419,73,346,0,0,0
27,515,District - Aurangabad (19),Urban,30-34,133544,68949,64595,6574,4759,1815,124206,63637,60569,1727,308,1419,595,144,451,442,101,341,0,0,0
27,515,District - Aurangabad (19),Urban,35-39,121260,62693,58567,2524,1576,948,115052,60539,54513,2705,338,2367,551,130,421,428,110,318,0,0,0
27,515,District - Aurangabad (19),Urban,40-44,99059,53896,45163,1277,763,514,93267,52443,40824,3727,467,3260,474,127,347,314,96,218,0,0,0
27,515,District - Aurangabad (19),Urban,45-49,76062,41587,34475,780,465,315,70502,40489,30013,4228,480,3748,350,101,249,202,52,150,0,0,0
27,515,District - Aurangabad (19),Urban,50-54,57415,30744,26671,595,283,312,51335,29724,21611,5115,634,4481,228,69,159,142,34,108,0,0,0
27,515,District - Aurangabad (19),Urban,55-59,42759,22764,19995,424,221,203,37468,21855,15613,4648,634,4014,143,34,109,76,20,56,0,0,0
27,515,District - Aurangabad (19),Urban,60-64,38401,18373,20028,859,417,442,29740,16863,12877,7630,1050,6580,122,36,86,50,7,43,0,0,0
27,515,District - Aurangabad (19),Urban,65-69,31273,14665,16608,977,485,492,21786,12944,8842,8339,1185,7154,125,38,87,46,13,33,0,0,0
27,515,District - Aurangabad (19),Urban,70-74,20235,9722,10513,483,234,249,12423,8229,4194,7239,1227,6012,64,23,41,26,9,17,0,0,0
27,515,District - Aurangabad (19),Urban,75-79,9948,4658,5290,279,146,133,5533,3632,1901,4096,864,3232,28,14,14,12,2,10,0,0,0
27,515,District - Aurangabad (19),Urban,80+,12710,5408,7302,1132,656,476,5666,3473,2193,5859,1261,4598,43,15,28,10,3,7,0,0,0
27,515,District - Aurangabad (19),Urban,Age not stated,2648,1552,1096,1368,945,423,1123,562,561,122,27,95,26,12,14,9,6,3,0,0,0
27,515,District - Aurangabad (19),Urban,Less than 18,573105,306473,266632,560602,302469,258133,11908,3789,8119,321,108,213,199,86,113,75,21,54,0,0,0
27,515,District - Aurangabad (19),Urban,Less than 21,681701,361090,320611,638010,352462,285548,42516,8246,34270,598,202,396,393,135,258,184,45,139,0,0,0
27,516,District - Nashik (20),Total,All ages,6107187,3157186,2950001,2753774,1581488,1172286,3049855,1521667,1528188,266719,44335,222384,21396,6392,15004,15443,3304,12139,0,0,0
27,516,District - Nashik (20),Total,0-9,1183085,625323,557762,1183085,625323,557762,0,0,0,0,0,0,0,0,0,0,0,0,0,0,0
27,516,District - Nashik (20),Total,10-14,632261,333215,299046,616338,326700,289638,14786,6031,8755,601,232,369,465,228,237,71,24,47,0,0,0
27,516,District - Nashik (20),Total,15-19,594633,314518,280115,517204,300343,216861,75298,13549,61749,1072,313,759,723,263,460,336,50,286,0,0,0
27,516,District - Nashik (20),Total,20-24,611895,314437,297458,289722,218399,71323,316086,94678,221408,2537,592,1945,1980,542,1438,1570,226,1344,0,0,0
27,516,District - Nashik (20),Total,25-29,558759,288776,269983,92865,76425,16440,455736,210105,245631,4914,977,3937,2819,761,2058,2425,508,1917,0,0,0
27,516,District - Nashik (20),Total,30-34,474438,245531,228907,20291,14848,5443,440657,227869,212788,7937,1350,6587,2990,826,2164,2563,638,1925,0,0,0
27,516,District - Nashik (20),Total,35-39,425672,218828,206844,7792,4853,2939,400589,210967,189622,11871,1604,10267,3067,872,2195,2353,532,1821,0,0,0
27,516,District - Nashik (20),Total,40-44,363168,188351,174817,4350,2531,1819,338756,182624,156132,15502,1997,13505,2665,786,1879,1895,413,1482,0,0,0
27,516,District - Nashik (20),Total,45-49,303974,158189,145785,2672,1461,1211,279012,153435,125577,18953,2432,16521,1915,564,1351,1422,297,1125,0,0,0
27,516,District - Nashik (20),Total,50-54,245383,128503,116880,1997,1054,943,218378,123700,94678,22551,3112,19439,1437,401,1036,1020,236,784,0,0,0
27,516,District - Nashik (20),Total,55-59,188615,95743,92872,1470,724,746,162654,91200,71454,22929,3400,19529,991,306,685,571,113,458,0,0,0
27,516,District - Nashik (20),Total,60-64,172415,80873,91542,2801,1397,1404,134221,74186,60035,34090,4962,29128,808,232,576,495,96,399,0,0,0
27,516,District - Nashik (20),Total,65-69,147805,67441,80364,3145,1616,1529,102394,59339,43055,41193,6176,35017,742,242,500,331,68,263,0,0,0
27,516,District - Nashik (20),Total,70-74,98321,47053,51268,1412,728,684,59388,39469,19919,36912,6634,30278,414,174,240,195,48,147,0,0,0
27,516,District - Nashik (20),Total,75-79,48233,23092,25141,642,324,318,26587,18155,8432,20769,4510,16259,160,82,78,75,21,54,0,0,0
27,516,District - Nashik (20),Total,80+,47697,21505,26192,2607,1463,1144,20513,13991,6522,24329,5938,18391,163,88,75,85,25,60,0,0,0
27,516,District - Nashik (20),Total,Age not stated,10833,5808,5025,5381,3299,2082,4800,2369,2431,559,106,453,57,25,32,36,9,27,0,0,0
27,516,District - Nashik (20),Total,Less than 18,2165726,1145094,1020632,2125508,1132427,993081,38027,11844,26183,1217,415,802,802,363,439,172,45,127,0,0,0
27,516,District - Nashik (20),Total,Less than 21,2550572,1343029,1207543,2399854,1311091,1088763,146320,30590,115730,2202,658,1544,1525,579,946,671,111,560,0,0,0
27,516,District - Nashik (20),Rural,All ages,3509814,1804712,1705102,1567488,896770,670718,1765638,875866,889772,156463,26836,129627,12356,3608,8748,7869,1632,6237,0,0,0
27,516,District - Nashik (20),Rural,0-9,709484,374491,334993,709484,374491,334993,0,0,0,0,0,0,0,0,0,0,0,0,0,0,0
27,516,District - Nashik (20),Rural,10-14,382361,200683,181678,372780,196835,175945,8898,3562,5336,362,140,222,276,130,146,45,16,29,0,0,0
27,516,District - Nashik (20),Rural,15-19,344433,182039,162394,293420,172760,120660,49683,8905,40778,665,188,477,439,155,284,226,31,195,0,0,0
27,516,District - Nashik (20),Rural,20-24,336021,172847,163174,134949,108503,26446,197402,63507,133895,1532,359,1173,1188,320,868,950,158,792,0,0,0
27,516,District - Nashik (20),Rural,25-29,301607,157092,144515,34882,30574,4308,260868,125166,135702,2976,576,2400,1597,470,1127,1284,306,978,0,0,0
27,516,District - Nashik (20),Rural,30-34,254487,130974,123513,6272,4731,1541,240851,124730,116121,4455,734,3721,1684,464,1220,1225,315,910,0,0,0
27,516,District - Nashik (20),Rural,35-39,231323,118382,112941,2447,1475,972,219537,115381,104156,6490,838,5652,1742,458,1284,1107,230,877,0,0,0
27,516,District - Nashik (20),Rural,40-44,197687,101108,96579,1423,854,569,185723,98604,87119,8193,1099,7094,1453,387,1066,895,164,731,0,0,0
27,516,District - Nashik (20),Rural,45-49,168501,86358,82143,926,509,417,155902,84099,71803,9926,1338,8588,1059,294,765,688,118,570,0,0,0
27,516,District - Nashik (20),Rural,50-54,138104,70636,67468,692,386,306,124243,68176,56067,11880,1762,10118,820,221,599,469,91,378,0,0,0
27,516,District - Nashik (20),Rural,55-59,109563,54476,55087,552,286,266,95755,51981,43774,12381,1984,10397,578,167,411,297,58,239,0,0,0
27,516,District - Nashik (20),Rural,60-64,105687,48014,57673,1513,757,756,83763,44086,39677,19679,2992,16687,487,135,352,245,44,201,0,0,0
27,516,District - Nashik (20),Rural,65-69,97452,43652,53800,1776,909,867,68683,38568,30115,26284,3974,22310,498,157,341,211,44,167,0,0,0
27,516,District - Nashik (20),Rural,70-74,65023,31265,33758,761,387,374,40033,26378,13655,23837,4357,19480,281,118,163,111,25,86,0,0,0
27,516,District - Nashik (20),Rural,75-79,30957,14935,16022,330,170,160,17634,11924,5710,12843,2766,10077,111,62,49,39,13,26,0,0,0
27,516,District - Nashik (20),Rural,80+,29721,13810,15911,1496,860,636,13454,9222,4232,14611,3657,10954,107,57,50,53,14,39,0,0,0
27,516,District - Nashik (20),Rural,Age not stated,7403,3950,3453,3785,2283,1502,3209,1577,1632,349,72,277,36,13,23,24,5,19,0,0,0
27,516,District - Nashik (20),Rural,Less than 18,1299335,685981,613354,1274209,678344,595865,23804,7160,16644,726,241,485,482,207,275,114,29,85,0,0,0
27,516,District - Nashik (20),Rural,Less than 21,1515450,795895,719555,1417383,775115,642268,95366,19979,75387,1352,393,959,915,333,582,434,75,359,0,0,0
27,516,District - Nashik (20),Urban,All ages,2597373,1352474,1244899,1186286,684718,501568,1284217,645801,638416,110256,17499,92757,9040,2784,6256,7574,1672,5902,0,0,0
27,516,District - Nashik (20),Urban,0-9,473601,250832,222769,473601,250832,222769,0,0,0,0,0,0,0,0,0,0,0,0,0,0,0
27,516,District - Nashik (20),Urban,10-14,249900,132532,117368,243558,129865,113693,5888,2469,3419,239,92,147,189,98,91,26,8,18,0,0,0
27,516,District - Nashik (20),Urban,15-19,250200,132479,117721,223784,127583,96201,25615,4644,20971,407,125,282,284,108,176,110,19,91,0,0,0
27,516,District - Nashik (20),Urban,20-24,275874,141590,134284,154773,109896,44877,118684,31171,87513,1005,233,772,792,222,570,620,68,552,0,0,0
27,516,District - Nashik (20),Urban,25-29,257152,131684,125468,57983,45851,12132,194868,84939,109929,1938,401,1537,1222,291,931,1141,202,939,0,0,0
27,516,District - Nashik (20),Urban,30-34,219951,114557,105394,14019,10117,3902,199806,103139,96667,3482,616,2866,1306,362,944,1338,323,1015,0,0,0
27,516,District - Nashik (20),Urban,35-39,194349,100446,93903,5345,3378,1967,181052,95586,85466,5381,766,4615,1325,414,911,1246,302,944,0,0,0
27,516,District - Nashik (20),Urban,40-44,165481,87243,78238,2927,1677,1250,153033,84020,69013,7309,898,6411,1212,399,813,1000,249,751,0,0,0
27,516,District - Nashik (20),Urban,45-49,135473,71831,63642,1746,952,794,123110,69336,53774,9027,1094,7933,856,270,586,734,179,555,0,0,0
27,516,District - Nashik (20),Urban,50-54,107279,57867,49412,1305,668,637,94135,55524,38611,10671,1350,9321,617,180,437,551,145,406,0,0,0
27,516,District - Nashik (20),Urban,55-59,79052,41267,37785,918,438,480,66899,39219,27680,10548,1416,9132,413,139,274,274,55,219,0,0,0
27,516,District - Nashik (20),Urban,60-64,66728,32859,33869,1288,640,648,50458,30100,20358,14411,1970,12441,321,97,224,250,52,198,0,0,0
27,516,District - Nashik (20),Urban,65-69,50353,23789,26564,1369,707,662,33711,20771,12940,14909,2202,12707,244,85,159,120,24,96,0,0,0
27,516,District - Nashik (20),Urban,70-74,33298,15788,17510,651,341,310,19355,13091,6264,13075,2277,10798,133,56,77,84,23,61,0,0,0
27,516,District - Nashik (20),Urban,75-79,17276,8157,9119,312,154,158,8953,6231,2722,7926,1744,6182,49,20,29,36,8,28,0,0,0
27,516,District - Nashik (20),Urban,80+,17976,7695,10281,1111,603,508,7059,4769,2290,9718,2281,7437,56,31,25,32,11,21,0,0,0
27,516,District - Nashik (20),Urban,Age not stated,3430,1858,1572,1596,1016,580,1591,792,799,210,34,176,21,12,9,12,4,8,0,0,0
27,516,District - Nashik (20),Urban,Less than 18,866391,459113,407278,851299,454083,397216,14223,4684,9539,491,174,317,320,156,164,58,16,42,0,0,0
27,516,District - Nashik (20),Urban,Less than 21,1035122,547134,487988,982471,535976,446495,50954,10611,40343,850,265,585,610,246,364,237,36,201,0,0,0
27,517,District - Thane (21),Total,All ages,11060148,5865078,5195070,4847099,2784543,2062556,5735793,2977259,2758534,433580,86481,347099,28841,11680,17161,14835,5115,9720,0,0,0
27,517,District - Thane (21),Total,0-9,1907920,993432,914488,1907920,993432,914488,0,0,0,0,0,0,0,0,0,0,0,0,0,0,0
27,517,District - Thane (21),Total,10-14,994881,523506,471375,951402,504311,447091,40649,17977,22672,1615,615,1000,1020,511,509,195,92,103,0,0,0
27,517,District - Thane (21),Total,15-19,977232,530784,446448,855246,495418,359828,118024,33745,84279,2427,914,1513,1265,596,669,270,111,159,0,0,0
27,517,District - Thane (21),Total,20-24,1147520,611986,535534,629231,436631,192600,509818,172550,337268,4990,1483,3507,2561,1104,1457,920,218,702,0,0,0
27,517,District - Thane (21),Total,25-29,1156966,614115,542851,283944,214093,69851,858664,395615,463049,8726,2327,6399,3760,1550,2210,1872,530,1342,0,0,0
27,517,District - Thane (21),Total,30-34,991627,533590,458037,83181,60021,23160,887857,467702,420155,14075,3382,10693,4073,1661,2412,2441,824,1617,0,0,0
27,517,District - Thane (21),Total,35-39,894455,479034,415421,33839,21872,11967,831885,450503,381382,22041,4172,17869,4224,1622,2602,2466,865,1601,0,0,0
27,517,District - Thane (21),Total,40-44,741183,400754,340429,19275,11559,7716,685383,381788,303595,30889,5356,25533,3499,1295,2204,2137,756,1381,0,0,0
27,517,District - Thane (21),Total,45-49,614623,325825,288798,11598,6698,4900,559340,311034,248306,39593,6547,33046,2585,970,1615,1507,576,931,0,0,0
27,517,District - Thane (21),Total,50-54,484200,261984,222216,9224,5027,4197,425355,247580,177775,46691,8244,38447,1904,735,1169,1026,398,628,0,0,0
27,517,District - Thane (21),Total,55-59,366223,196615,169608,7334,3933,3401,310443,183361,127082,46446,8580,37866,1280,478,802,720,263,457,0,0,0
27,517,District - Thane (21),Total,60-64,287765,149566,138199,8060,3928,4132,217622,133825,83797,60601,11223,49378,1012,406,606,470,184,286,0,0,0
27,517,District - Thane (21),Total,65-69,183967,91550,92417,8181,4296,3885,124069,77127,46942,50813,9752,41061,625,263,362,279,112,167,0,0,0
27,517,District - Thane (21),Total,70-74,119413,58181,61232,4032,2147,1885,70680,46709,23971,44131,9091,35040,368,162,206,202,72,130,0,0,0
27,517,District - Thane (21),Total,75-79,62929,30042,32887,1868,944,924,34068,22636,11432,26718,6348,20370,196,90,106,79,24,55,0,0,0
27,517,District - Thane (21),Total,80+,75424,34585,40839,7602,4403,3199,35953,22027,13926,31420,7963,23457,288,142,146,161,50,111,0,0,0
27,517,District - Thane (21),Total,Age not stated,53820,29529,24291,25162,15830,9332,25983,13080,12903,2404,484,1920,181,95,86,90,40,50,0,0,0
27,517,District - Thane (21),Total,Less than 18,3459280,1816101,1643179,3367601,1780603,1586998,86692,33415,53277,3014,1113,1901,1663,816,847,310,154,156,0,0,0
27,517,District - Thane (21),Total,Less than 21,4132880,2182784,1950096,3881077,2104261,1776816,243414,75176,168238,4996,1795,3201,2767,1314,1453,626,238,388,0,0,0
27,517,District - Thane (21),Rural,All ages,2545470,1300136,1245334,1182589,658514,524075,1226179,615341,610838,126270,22911,103359,8110,2689,5421,2322,681,1641,0,0,0
27,517,District - Thane (21),Rural,0-9,527880,269510,258370,527880,269510,258370,0,0,0,0,0,0,0,0,0,0,0,0,0,0,0
27,517,District - Thane (21),Rural,10-14,271491,140467,131024,263534,137141,126393,7301,3059,4242,379,129,250,249,123,126,28,15,13,0,0,0
27,517,District - Thane (21),Rural,15-19,238288,124648,113640,205035,117007,88028,32213,7257,24956,628,225,403,352,142,210,60,17,43,0,0,0
27,517,District - Thane (21),Rural,20-24,254861,130064,124797,113175,81986,31189,139335,47381,91954,1299,380,919,800,254,546,252,63,189,0,0,0
27,517,District - Thane (21),Rural,25-29,231322,121652,109670,41985,33497,8488,185527,87154,98373,2440,604,1836,1028,309,719,342,88,254,0,0,0
27,517,District - Thane (21),Rural,30-34,193960,100874,93086,11349,8334,3015,177291,91341,85950,3901,764,3137,1072,331,741,347,104,243,0,0,0
27,517,District - Thane (21),Rural,35-39,179578,92693,86885,4372,2662,1710,167388,88591,78797,6362,1014,5348,1143,347,796,313,79,234,0,0,0
27,517,District - Thane (21),Rural,40-44,153919,79399,74520,2627,1495,1132,141053,76140,64913,8991,1395,7596,964,291,673,284,78,206,0,0,0
27,517,District - Thane (21),Rural,45-49,129007,65323,63684,1631,881,750,114998,62392,52606,11424,1748,9676,730,227,503,224,75,149,0,0,0
27,517,District - Thane (21),Rural,50-54,102327,52100,50227,1275,662,613,86958,48968,37990,13453,2262,11191,514,159,355,127,49,78,0,0,0
27,517,District - Thane (21),Rural,55-59,79181,39564,39617,992,499,493,64440,36552,27888,13251,2340,10911,375,137,238,123,36,87,0,0,0
27,517,District - Thane (21),Rural,60-64,67539,31707,35832,1352,646,706,47281,27770,19511,18496,3150,15346,330,115,215,80,26,54,0,0,0
27,517,District - Thane (21),Rural,65-69,47819,21266,26553,1211,590,621,29441,17675,11766,16862,2877,13985,254,103,151,51,21,30,0,0,0
27,517,District - Thane (21),Rural,70-74,30812,13568,17244,620,295,325,16139,10570,5569,13887,2625,11262,127,63,64,39,15,24,0,0,0
27,517,District - Thane (21),Rural,75-79,14346,6433,7913,221,103,118,7121,4776,2345,6917,1509,5408,71,41,30,16,4,12,0,0,0
27,517,District - Thane (21),Rural,80+,15365,6777,8588,1260,706,554,6519,4225,2294,7495,1808,5687,65,31,34,26,7,19,0,0,0
27,517,District - Thane (21),Rural,Age not stated,7775,4091,3684,4070,2500,1570,3174,1490,1684,485,81,404,36,16,20,10,4,6,0,0,0
27,517,District - Thane (21),Rural,Less than 18,939619,483856,455763,920775,477379,443396,17628,5994,11634,749,262,487,421,199,222,46,22,24,0,0,0
27,517,District - Thane (21),Rural,Less than 21,1098012,564323,533689,1030649,546944,483705,65172,16602,48570,1291,430,861,764,311,453,136,36,100,0,0,0
27,517,District - Thane (21),Urban,All ages,8514678,4564942,3949736,3664510,2126029,1538481,4509614,2361918,2147696,307310,63570,243740,20731,8991,11740,12513,4434,8079,0,0,0
27,517,District - Thane (21),Urban,0-9,1380040,723922,656118,1380040,723922,656118,0,0,0,0,0,0,0,0,0,0,0,0,0,0,0
27,517,District - Thane (21),Urban,10-14,723390,383039,340351,687868,367170,320698,33348,14918,18430,1236,486,750,771,388,383,167,77,90,0,0,0
27,517,District - Thane (21),Urban,15-19,738944,406136,332808,650211,378411,271800,85811,26488,59323,1799,689,1110,913,454,459,210,94,116,0,0,0
27,517,District - Thane (21),Urban,20-24,892659,481922,410737,516056,354645,161411,370483,125169,245314,3691,1103,2588,1761,850,911,668,155,513,0,0,0
27,517,District - Thane (21),Urban,25-29,925644,492463,433181,241959,180596,61363,673137,308461,364676,6286,1723,4563,2732,1241,1491,1530,442,1088,0,0,0
27,517,District - Thane (21),Urban,30-34,797667,432716,364951,71832,51687,20145,710566,376361,334205,10174,2618,7556,3001,1330,1671,2094,720,1374,0,0,0
27,517,District - Thane (21),Urban,35-39,714877,386341,328536,29467,19210,10257,664497,361912,302585,15679,3158,12521,3081,1275,1806,2153,786,1367,0,0,0
27,517,District - Thane (21),Urban,40-44,587264,321355,265909,16648,10064,6584,544330,305648,238682,21898,3961,17937,2535,1004,1531,1853,678,1175,0,0,0
27,517,District - Thane (21),Urban,45-49,485616,260502,225114,9967,5817,4150,444342,248642,195700,28169,4799,23370,1855,743,1112,1283,501,782,0,0,0
27,517,District - Thane (21),Urban,50-54,381873,209884,171989,7949,4365,3584,338397,198612,139785,33238,5982,27256,1390,576,814,899,349,550,0,0,0
27,517,District - Thane (21),Urban,55-59,287042,157051,129991,6342,3434,2908,246003,146809,99194,33195,6240,26955,905,341,564,597,227,370,0,0,0
27,517,District - Thane (21),Urban,60-64,220226,117859,102367,6708,3282,3426,170341,106055,64286,42105,8073,34032,682,291,391,390,158,232,0,0,0
27,517,District - Thane (21),Urban,65-69,136148,70284,65864,6970,3706,3264,94628,59452,35176,33951,6875,27076,371,160,211,228,91,137,0,0,0
27,517,District - Thane (21),Urban,70-74,88601,44613,43988,3412,1852,1560,54541,36139,18402,30244,6466,23778,241,99,142,163,57,106,0,0,0
27,517,District - Thane (21),Urban,75-79,48583,23609,24974,1647,841,806,26947,17860,9087,19801,4839,14962,125,49,76,63,20,43,0,0,0
27,517,District - Thane (21),Urban,80+,60059,27808,32251,6342,3697,2645,29434,17802,11632,23925,6155,17770,223,111,112,135,43,92,0,0,0
27,517,District - Thane (21),Urban,Age not stated,46045,25438,20607,21092,13330,7762,22809,11590,11219,1919,403,1516,145,79,66,80,36,44,0,0,0
27,517,District - Thane (21),Urban,Less than 18,2519661,1332245,1187416,2446826,1303224,1143602,69064,27421,41643,2265,851,1414,1242,617,625,264,132,132,0,0,0
27,517,District - Thane (21),Urban,Less than 21,3034868,1618461,1416407,2850428,1557317,1293111,178242,58574,119668,3705,1365,2340,2003,1003,1000,490,202,288,0,0,0
27,518,District - Mumbai Suburban (22),Total,All ages,9356962,5031323,4325639,4075522,2371864,1703658,4853585,2563885,2289700,383693,77822,305871,27336,11887,15449,16826,5865,10961,0,0,0
27,518,District - Mumbai Suburban (22),Total,0-9,1349197,706971,642226,1349197,706971,642226,0,0,0,0,0,0,0,0,0,0,0,0,0,0,0
27,518,District - Mumbai Suburban (22),Total,10-14,767735,406821,360914,739025,393912,345113,26427,11877,14550,1208,479,729,891,455,436,184,98,86,0,0,0
27,518,District - Mumbai Suburban (22),Total,15-19,834831,462660,372171,759470,438593,320877,72166,22681,49485,1787,659,1128,1158,613,545,250,114,136,0,0,0
27,518,District - Mumbai Suburban (22),Total,20-24,999427,563925,435502,651304,440584,210720,341672,120868,220804,3315,1099,2216,2343,1166,1177,793,208,585,0,0,0
27,518,District - Mumbai Suburban (22),Total,25-29,985170,541602,443568,318461,230301,88160,655382,307461,347921,5925,1686,4239,3608,1649,1959,1794,505,1289,0,0,0
27,518,District - Mumbai Suburban (22),Total,30-34,837047,455539,381508,104754,72590,32164,715731,378044,337687,10005,2433,7572,3987,1704,2283,2570,768,1802,0,0,0
27,518,District - Mumbai Suburban (22),Total,35-39,764467,408670,355797,45875,28973,16902,695096,373790,321306,16459,3109,13350,4025,1706,2319,3012,1092,1920,0,0,0
27,518,District - Mumbai Suburban (22),Total,40-44,649785,348253,301532,26784,15720,11064,592991,326079,266912,23940,4086,19854,3425,1387,2038,2645,981,1664,0,0,0
27,518,District - Mumbai Suburban (22),Total,45-49,560702,297650,263052,16599,9216,7383,508174,281544,226630,31351,5177,26174,2606,992,1614,1972,721,1251,0,0,0
27,518,District - Mumbai Suburban (22),Total,50-54,452439,245402,207037,11790,6368,5422,399657,231157,168500,37765,6590,31175,1871,751,1120,1356,536,820,0,0,0
27,518,District - Mumbai Suburban (22),Total,55-59,355509,189254,166255,8777,4465,4312,304396,176522,127874,40187,7374,32813,1250,549,701,899,344,555,0,0,0
27,518,District - Mumbai Suburban (22),Total,60-64,287613,148221,139392,8208,3964,4244,224468,134008,90460,53454,9642,43812,898,366,532,585,241,344,0,0,0
27,518,District - Mumbai Suburban (22),Total,65-69,189642,96532,93110,7259,3650,3609,135659,83507,52152,45925,9075,36850,494,206,288,305,94,211,0,0,0
27,518,District - Mumbai Suburban (22),Total,70-74,131091,65674,65417,3934,1948,1986,83812,54465,29347,42881,9086,33795,286,113,173,178,62,116,0,0,0
27,518,District - Mumbai Suburban (22),Total,75-79,77042,37798,39244,2199,1008,1191,43589,29128,14461,30988,7560,23428,160,66,94,106,36,70,0,0,0
27,518,District - Mumbai Suburban (22),Total,80+,82230,37913,44317,6775,3945,2830,38071,24351,13720,37045,9471,27574,217,101,116,122,45,77,0,0,0
27,518,District - Mumbai Suburban (22),Total,Age not stated,33035,18438,14597,15111,9656,5455,16294,8403,7891,1458,296,1162,117,63,54,55,20,35,0,0,0
27,518,District - Mumbai Suburban (22),Total,Less than 18,2582104,1365638,1216466,2523475,1341627,1181848,54573,22226,32347,2241,852,1389,1507,776,731,308,157,151,0,0,0
27,518,District - Mumbai Suburban (22),Total,Less than 21,3168018,1699492,1468526,3011411,1646896,1364515,149947,49748,100199,3655,1348,2307,2451,1263,1188,554,237,317,0,0,0
27,518,District - Mumbai Suburban (22),Rural,All ages,0,0,0,0,0,0,0,0,0,0,0,0,0,0,0,0,0,0,0,0,0
27,518,District - Mumbai Suburban (22),Rural,0-9,0,0,0,0,0,0,0,0,0,0,0,0,0,0,0,0,0,0,0,0,0
27,518,District - Mumbai Suburban (22),Rural,10-14,0,0,0,0,0,0,0,0,0,0,0,0,0,0,0,0,0,0,0,0,0
27,518,District - Mumbai Suburban (22),Rural,15-19,0,0,0,0,0,0,0,0,0,0,0,0,0,0,0,0,0,0,0,0,0
27,518,District - Mumbai Suburban (22),Rural,20-24,0,0,0,0,0,0,0,0,0,0,0,0,0,0,0,0,0,0,0,0,0
27,518,District - Mumbai Suburban (22),Rural,25-29,0,0,0,0,0,0,0,0,0,0,0,0,0,0,0,0,0,0,0,0,0
27,518,District - Mumbai Suburban (22),Rural,30-34,0,0,0,0,0,0,0,0,0,0,0,0,0,0,0,0,0,0,0,0,0
27,518,District - Mumbai Suburban (22),Rural,35-39,0,0,0,0,0,0,0,0,0,0,0,0,0,0,0,0,0,0,0,0,0
27,518,District - Mumbai Suburban (22),Rural,40-44,0,0,0,0,0,0,0,0,0,0,0,0,0,0,0,0,0,0,0,0,0
27,518,District - Mumbai Suburban (22),Rural,45-49,0,0,0,0,0,0,0,0,0,0,0,0,0,0,0,0,0,0,0,0,0
27,518,District - Mumbai Suburban (22),Rural,50-54,0,0,0,0,0,0,0,0,0,0,0,0,0,0,0,0,0,0,0,0,0
27,518,District - Mumbai Suburban (22),Rural,55-59,0,0,0,0,0,0,0,0,0,0,0,0,0,0,0,0,0,0,0,0,0
27,518,District - Mumbai Suburban (22),Rural,60-64,0,0,0,0,0,0,0,0,0,0,0,0,0,0,0,0,0,0,0,0,0
27,518,District - Mumbai Suburban (22),Rural,65-69,0,0,0,0,0,0,0,0,0,0,0,0,0,0,0,0,0,0,0,0,0
27,518,District - Mumbai Suburban (22),Rural,70-74,0,0,0,0,0,0,0,0,0,0,0,0,0,0,0,0,0,0,0,0,0
27,518,District - Mumbai Suburban (22),Rural,75-79,0,0,0,0,0,0,0,0,0,0,0,0,0,0,0,0,0,0,0,0,0
27,518,District - Mumbai Suburban (22),Rural,80+,0,0,0,0,0,0,0,0,0,0,0,0,0,0,0,0,0,0,0,0,0
27,518,District - Mumbai Suburban (22),Rural,Age not stated,0,0,0,0,0,0,0,0,0,0,0,0,0,0,0,0,0,0,0,0,0
27,518,District - Mumbai Suburban (22),Rural,Less than 18,0,0,0,0,0,0,0,0,0,0,0,0,0,0,0,0,0,0,0,0,0
27,518,District - Mumbai Suburban (22),Rural,Less than 21,0,0,0,0,0,0,0,0,0,0,0,0,0,0,0,0,0,0,0,0,0
27,518,District - Mumbai Suburban (22),Urban,All ages,9356962,5031323,4325639,4075522,2371864,1703658,4853585,2563885,2289700,383693,77822,305871,27336,11887,15449,16826,5865,10961,0,0,0
27,518,District - Mumbai Suburban (22),Urban,0-9,1349197,706971,642226,1349197,706971,642226,0,0,0,0,0,0,0,0,0,0,0,0,0,0,0
27,518,District - Mumbai Suburban (22),Urban,10-14,767735,406821,360914,739025,393912,345113,26427,11877,14550,1208,479,729,891,455,436,184,98,86,0,0,0
27,518,District - Mumbai Suburban (22),Urban,15-19,834831,462660,372171,759470,438593,320877,72166,22681,49485,1787,659,1128,1158,613,545,250,114,136,0,0,0
27,518,District - Mumbai Suburban (22),Urban,20-24,999427,563925,435502,651304,440584,210720,341672,120868,220804,3315,1099,2216,2343,1166,1177,793,208,585,0,0,0
27,518,District - Mumbai Suburban (22),Urban,25-29,985170,541602,443568,318461,230301,88160,655382,307461,347921,5925,1686,4239,3608,1649,1959,1794,505,1289,0,0,0
27,518,District - Mumbai Suburban (22),Urban,30-34,837047,455539,381508,104754,72590,32164,715731,378044,337687,10005,2433,7572,3987,1704,2283,2570,768,1802,0,0,0
27,518,District - Mumbai Suburban (22),Urban,35-39,764467,408670,355797,45875,28973,16902,695096,373790,321306,16459,3109,13350,4025,1706,2319,3012,1092,1920,0,0,0
27,518,District - Mumbai Suburban (22),Urban,40-44,649785,348253,301532,26784,15720,11064,592991,326079,266912,23940,4086,19854,3425,1387,2038,2645,981,1664,0,0,0
27,518,District - Mumbai Suburban (22),Urban,45-49,560702,297650,263052,16599,9216,7383,508174,281544,226630,31351,5177,26174,2606,992,1614,1972,721,1251,0,0,0
27,518,District - Mumbai Suburban (22),Urban,50-54,452439,245402,207037,11790,6368,5422,399657,231157,168500,37765,6590,31175,1871,751,1120,1356,536,820,0,0,0
27,518,District - Mumbai Suburban (22),Urban,55-59,355509,189254,166255,8777,4465,4312,304396,176522,127874,40187,7374,32813,1250,549,701,899,344,555,0,0,0
27,518,District - Mumbai Suburban (22),Urban,60-64,287613,148221,139392,8208,3964,4244,224468,134008,90460,53454,9642,43812,898,366,532,585,241,344,0,0,0
27,518,District - Mumbai Suburban (22),Urban,65-69,189642,96532,93110,7259,3650,3609,135659,83507,52152,45925,9075,36850,494,206,288,305,94,211,0,0,0
27,518,District - Mumbai Suburban (22),Urban,70-74,131091,65674,65417,3934,1948,1986,83812,54465,29347,42881,9086,33795,286,113,173,178,62,116,0,0,0
27,518,District - Mumbai Suburban (22),Urban,75-79,77042,37798,39244,2199,1008,1191,43589,29128,14461,30988,7560,23428,160,66,94,106,36,70,0,0,0
27,518,District - Mumbai Suburban (22),Urban,80+,82230,37913,44317,6775,3945,2830,38071,24351,13720,37045,9471,27574,217,101,116,122,45,77,0,0,0
27,518,District - Mumbai Suburban (22),Urban,Age not stated,33035,18438,14597,15111,9656,5455,16294,8403,7891,1458,296,1162,117,63,54,55,20,35,0,0,0
27,518,District - Mumbai Suburban (22),Urban,Less than 18,2582104,1365638,1216466,2523475,1341627,1181848,54573,22226,32347,2241,852,1389,1507,776,731,308,157,151,0,0,0
27,518,District - Mumbai Suburban (22),Urban,Less than 21,3168018,1699492,1468526,3011411,1646896,1364515,149947,49748,100199,3655,1348,2307,2451,1263,1188,554,237,317,0,0,0
27,519,District - Mumbai (23),Total,All ages,3085411,1684608,1400803,1333207,783043,550164,1580624,862875,717749,153661,30600,123061,10556,5357,5199,7363,2733,4630,0,0,0
27,519,District - Mumbai (23),Total,0-9,397457,207388,190069,397457,207388,190069,0,0,0,0,0,0,0,0,0,0,0,0,0,0,0
27,519,District - Mumbai (23),Total,10-14,230713,122365,108348,221333,118172,103161,8538,3817,4721,459,178,281,296,160,136,87,38,49,0,0,0
27,519,District - Mumbai (23),Total,15-19,265548,150557,114991,241774,141844,99930,22558,8133,14425,707,297,410,404,240,164,105,43,62,0,0,0
27,519,District - Mumbai (23),Total,20-24,334119,198073,136046,228818,156553,72265,102728,40279,62449,1260,464,796,1030,679,351,283,98,185,0,0,0
27,519,District - Mumbai (23),Total,25-29,325168,186723,138445,117098,84423,32675,204031,100732,103299,2154,712,1442,1263,666,597,622,190,432,0,0,0
27,519,District - Mumbai (23),Total,30-34,272932,153652,119280,41385,27877,13508,225374,123806,101568,3797,961,2836,1384,692,692,992,316,676,0,0,0
27,519,District - Mumbai (23),Total,35-39,250947,138227,112720,21031,12789,8242,221174,123039,98135,6163,1231,4932,1479,773,706,1100,395,705,0,0,0
27,519,District - Mumbai (23),Total,40-44,217175,118164,99011,14059,7657,6402,191975,107891,84084,8827,1620,7207,1227,572,655,1087,424,663,0,0,0
27,519,District - Mumbai (23),Total,45-49,192532,102940,89592,10205,5261,4944,168682,94961,73721,11737,1900,9837,998,445,553,910,373,537,0,0,0
27,519,District - Mumbai (23),Total,50-54,158581,86026,72555,7862,3941,3921,134825,78937,55888,14361,2519,11842,789,352,437,744,277,467,0,0,0
27,519,District - Mumbai (23),Total,55-59,125961,67561,58400,6234,3063,3171,103361,61368,41993,15308,2672,12636,545,244,301,513,214,299,0,0,0
27,519,District - Mumbai (23),Total,60-64,103157,52219,50938,5782,2789,2993,76318,45537,30781,20267,3545,16722,400,183,217,390,165,225,0,0,0
27,519,District - Mumbai (23),Total,65-69,70896,34703,36193,4805,2453,2352,47674,28765,18909,17941,3298,14643,256,106,150,220,81,139,0,0,0
27,519,District - Mumbai (23),Total,70-74,52043,24438,27605,2922,1437,1485,31092,19411,11681,17735,3472,14263,168,77,91,126,41,85,0,0,0
27,519,District - Mumbai (23),Total,75-79,33506,15277,18229,1685,802,883,17913,11356,6557,13755,3061,10694,91,35,56,62,23,39,0,0,0
27,519,District - Mumbai (23),Total,80+,39099,17246,21853,3460,1852,1608,16993,10785,6208,18435,4519,13916,123,55,68,88,35,53,0,0,0
27,519,District - Mumbai (23),Total,Age not stated,15577,9049,6528,7297,4742,2555,7388,4058,3330,755,151,604,103,78,25,34,20,14,0,0,0
27,519,District - Mumbai (23),Total,Less than 18,772590,408767,363823,753630,400784,352846,17521,7346,10175,843,335,508,458,241,217,138,61,77,0,0,0
27,519,District - Mumbai (23),Total,Less than 21,965867,523376,442491,916789,504705,412084,46455,17428,29027,1436,569,867,945,578,367,242,96,146,0,0,0
27,519,District - Mumbai (23),Rural,All ages,0,0,0,0,0,0,0,0,0,0,0,0,0,0,0,0,0,0,0,0,0
27,519,District - Mumbai (23),Rural,0-9,0,0,0,0,0,0,0,0,0,0,0,0,0,0,0,0,0,0,0,0,0
27,519,District - Mumbai (23),Rural,10-14,0,0,0,0,0,0,0,0,0,0,0,0,0,0,0,0,0,0,0,0,0
27,519,District - Mumbai (23),Rural,15-19,0,0,0,0,0,0,0,0,0,0,0,0,0,0,0,0,0,0,0,0,0
27,519,District - Mumbai (23),Rural,20-24,0,0,0,0,0,0,0,0,0,0,0,0,0,0,0,0,0,0,0,0,0
27,519,District - Mumbai (23),Rural,25-29,0,0,0,0,0,0,0,0,0,0,0,0,0,0,0,0,0,0,0,0,0
27,519,District - Mumbai (23),Rural,30-34,0,0,0,0,0,0,0,0,0,0,0,0,0,0,0,0,0,0,0,0,0
27,519,District - Mumbai (23),Rural,35-39,0,0,0,0,0,0,0,0,0,0,0,0,0,0,0,0,0,0,0,0,0
27,519,District - Mumbai (23),Rural,40-44,0,0,0,0,0,0,0,0,0,0,0,0,0,0,0,0,0,0,0,0,0
27,519,District - Mumbai (23),Rural,45-49,0,0,0,0,0,0,0,0,0,0,0,0,0,0,0,0,0,0,0,0,0
27,519,District - Mumbai (23),Rural,50-54,0,0,0,0,0,0,0,0,0,0,0,0,0,0,0,0,0,0,0,0,0
27,519,District - Mumbai (23),Rural,55-59,0,0,0,0,0,0,0,0,0,0,0,0,0,0,0,0,0,0,0,0,0
27,519,District - Mumbai (23),Rural,60-64,0,0,0,0,0,0,0,0,0,0,0,0,0,0,0,0,0,0,0,0,0
27,519,District - Mumbai (23),Rural,65-69,0,0,0,0,0,0,0,0,0,0,0,0,0,0,0,0,0,0,0,0,0
27,519,District - Mumbai (23),Rural,70-74,0,0,0,0,0,0,0,0,0,0,0,0,0,0,0,0,0,0,0,0,0
27,519,District - Mumbai (23),Rural,75-79,0,0,0,0,0,0,0,0,0,0,0,0,0,0,0,0,0,0,0,0,0
27,519,District - Mumbai (23),Rural,80+,0,0,0,0,0,0,0,0,0,0,0,0,0,0,0,0,0,0,0,0,0
27,519,District - Mumbai (23),Rural,Age not stated,0,0,0,0,0,0,0,0,0,0,0,0,0,0,0,0,0,0,0,0,0
27,519,District - Mumbai (23),Rural,Less than 18,0,0,0,0,0,0,0,0,0,0,0,0,0,0,0,0,0,0,0,0,0
27,519,District - Mumbai (23),Rural,Less than 21,0,0,0,0,0,0,0,0,0,0,0,0,0,0,0,0,0,0,0,0,0
27,519,District - Mumbai (23),Urban,All ages,3085411,1684608,1400803,1333207,783043,550164,1580624,862875,717749,153661,30600,123061,10556,5357,5199,7363,2733,4630,0,0,0
27,519,District - Mumbai (23),Urban,0-9,397457,207388,190069,397457,207388,190069,0,0,0,0,0,0,0,0,0,0,0,0,0,0,0
27,519,District - Mumbai (23),Urban,10-14,230713,122365,108348,221333,118172,103161,8538,3817,4721,459,178,281,296,160,136,87,38,49,0,0,0
27,519,District - Mumbai (23),Urban,15-19,265548,150557,114991,241774,141844,99930,22558,8133,14425,707,297,410,404,240,164,105,43,62,0,0,0
27,519,District - Mumbai (23),Urban,20-24,334119,198073,136046,228818,156553,72265,102728,40279,62449,1260,464,796,1030,679,351,283,98,185,0,0,0
27,519,District - Mumbai (23),Urban,25-29,325168,186723,138445,117098,84423,32675,204031,100732,103299,2154,712,1442,1263,666,597,622,190,432,0,0,0
27,519,District - Mumbai (23),Urban,30-34,272932,153652,119280,41385,27877,13508,225374,123806,101568,3797,961,2836,1384,692,692,992,316,676,0,0,0
27,519,District - Mumbai (23),Urban,35-39,250947,138227,112720,21031,12789,8242,221174,123039,98135,6163,1231,4932,1479,773,706,1100,395,705,0,0,0
27,519,District - Mumbai (23),Urban,40-44,217175,118164,99011,14059,7657,6402,191975,107891,84084,8827,1620,7207,1227,572,655,1087,424,663,0,0,0
27,519,District - Mumbai (23),Urban,45-49,192532,102940,89592,10205,5261,4944,168682,94961,73721,11737,1900,9837,998,445,553,910,373,537,0,0,0
27,519,District - Mumbai (23),Urban,50-54,158581,86026,72555,7862,3941,3921,134825,78937,55888,14361,2519,11842,789,352,437,744,277,467,0,0,0
27,519,District - Mumbai (23),Urban,55-59,125961,67561,58400,6234,3063,3171,103361,61368,41993,15308,2672,12636,545,244,301,513,214,299,0,0,0
27,519,District - Mumbai (23),Urban,60-64,103157,52219,50938,5782,2789,2993,76318,45537,30781,20267,3545,16722,400,183,217,390,165,225,0,0,0
27,519,District - Mumbai (23),Urban,65-69,70896,34703,36193,4805,2453,2352,47674,28765,18909,17941,3298,14643,256,106,150,220,81,139,0,0,0
27,519,District - Mumbai (23),Urban,70-74,52043,24438,27605,2922,1437,1485,31092,19411,11681,17735,3472,14263,168,77,91,126,41,85,0,0,0
27,519,District - Mumbai (23),Urban,75-79,33506,15277,18229,1685,802,883,17913,11356,6557,13755,3061,10694,91,35,56,62,23,39,0,0,0
27,519,District - Mumbai (23),Urban,80+,39099,17246,21853,3460,1852,1608,16993,10785,6208,18435,4519,13916,123,55,68,88,35,53,0,0,0
27,519,District - Mumbai (23),Urban,Age not stated,15577,9049,6528,7297,4742,2555,7388,4058,3330,755,151,604,103,78,25,34,20,14,0,0,0
27,519,District - Mumbai (23),Urban,Less than 18,772590,408767,363823,753630,400784,352846,17521,7346,10175,843,335,508,458,241,217,138,61,77,0,0,0
27,519,District - Mumbai (23),Urban,Less than 21,965867,523376,442491,916789,504705,412084,46455,17428,29027,1436,569,867,945,578,367,242,96,146,0,0,0
27,520,District - Raigarh (24),Total,All ages,2634200,1344345,1289855,1126332,637717,488615,1362551,678182,684369,135358,24987,110371,6212,2375,3837,3747,1084,2663,0,0,0
27,520,District - Raigarh (24),Total,0-9,434168,224891,209277,434168,224891,209277,0,0,0,0,0,0,0,0,0,0,0,0,0,0,0
27,520,District - Raigarh (24),Total,10-14,243177,126154,117023,234403,122512,111891,8002,3314,4688,456,177,279,274,132,142,42,19,23,0,0,0
27,520,District - Raigarh (24),Total,15-19,239580,125665,113915,212730,119010,93720,25879,6295,19584,612,203,409,279,130,149,80,27,53,0,0,0
27,520,District - Raigarh (24),Total,20-24,253293,129247,124046,141635,97414,44221,109810,31317,78493,1123,278,845,496,192,304,229,46,183,0,0,0
27,520,District - Raigarh (24),Total,25-29,243936,123979,119957,60623,47114,13509,180229,76040,104189,2010,503,1507,668,228,440,406,94,312,0,0,0
27,520,District - Raigarh (24),Total,30-34,215669,109793,105876,16979,12129,4850,193838,96538,97300,3488,697,2791,807,274,533,557,155,402,0,0,0
27,520,District - Raigarh (24),Total,35-39,205190,103754,101436,6615,3954,2661,191631,98404,93227,5483,901,4582,879,326,553,582,169,413,0,0,0
27,520,District - Raigarh (24),Total,40-44,178369,92796,85573,3750,2074,1676,165451,89108,76343,7859,1152,6707,761,286,475,548,176,372,0,0,0
27,520,District - Raigarh (24),Total,45-49,149111,76354,72757,2190,1117,1073,136131,73491,62640,9856,1441,8415,573,201,372,361,104,257,0,0,0
27,520,District - Raigarh (24),Total,50-54,122160,64123,58037,1604,818,786,107623,61025,46598,12146,1998,10148,485,182,303,302,100,202,0,0,0
27,520,District - Raigarh (24),Total,55-59,95150,48236,46914,1313,710,603,80622,45079,35543,12717,2250,10467,297,132,165,201,65,136,0,0,0
27,520,District - Raigarh (24),Total,60-64,82444,39604,42840,1421,741,680,62593,35719,26874,18030,3002,15028,258,103,155,142,39,103,0,0,0
27,520,District - Raigarh (24),Total,65-69,64716,29704,35012,1395,726,669,44129,25559,18570,18910,3326,15584,167,63,104,115,30,85,0,0,0
27,520,District - Raigarh (24),Total,70-74,46748,21556,25192,794,419,375,27313,17637,9676,18444,3420,15024,128,64,64,69,16,53,0,0,0
27,520,District - Raigarh (24),Total,75-79,24543,11321,13222,426,215,211,13227,8754,4473,10791,2311,8480,52,23,29,47,18,29,0,0,0
27,520,District - Raigarh (24),Total,80+,26980,12250,14730,1886,1021,865,12036,7966,4070,12946,3214,9732,58,27,31,54,22,32,0,0,0
27,520,District - Raigarh (24),Total,Age not stated,8966,4918,4048,4400,2852,1548,4037,1936,2101,487,114,373,30,12,18,12,4,8,0,0,0
27,520,District - Raigarh (24),Total,Less than 18,817883,424717,393166,798662,417836,380826,17882,6339,11543,831,295,536,428,209,219,80,38,42,0,0,0
27,520,District - Raigarh (24),Total,Less than 21,974159,505571,468588,919380,490765,428615,52638,14012,38626,1320,445,875,656,296,360,165,53,112,0,0,0
27,520,District - Raigarh (24),Rural,All ages,1664005,836996,827009,710239,398928,311311,846148,416654,429494,100710,19018,81692,4330,1660,2670,2578,736,1842,0,0,0
27,520,District - Raigarh (24),Rural,0-9,273888,140655,133233,273888,140655,133233,0,0,0,0,0,0,0,0,0,0,0,0,0,0,0
27,520,District - Raigarh (24),Rural,10-14,159424,81946,77478,153718,79607,74111,5183,2118,3065,343,137,206,154,72,82,26,12,14,0,0,0
27,520,District - Raigarh (24),Rural,15-19,155325,80635,74690,137726,76243,61483,16932,4148,12784,456,157,299,161,72,89,50,15,35,0,0,0
27,520,District - Raigarh (24),Rural,20-24,155038,78999,76039,84461,58728,25733,69274,19922,49352,803,203,600,325,111,214,175,35,140,0,0,0
27,520,District - Raigarh (24),Rural,25-29,143521,73751,69770,34952,27891,7061,106391,45299,61092,1446,355,1091,452,148,304,280,58,222,0,0,0
27,520,District - Raigarh (24),Rural,30-34,125468,63407,62061,9743,6988,2755,112340,55631,56709,2454,504,1950,561,182,379,370,102,268,0,0,0
27,520,District - Raigarh (24),Rural,35-39,121621,60767,60854,3838,2246,1592,112841,57514,55327,3934,655,3279,613,231,382,395,121,274,0,0,0
27,520,District - Raigarh (24),Rural,40-44,107525,54559,52966,2233,1210,1023,98800,52164,46636,5568,853,4715,555,214,341,369,118,251,0,0,0
27,520,District - Raigarh (24),Rural,45-49,92071,45452,46619,1268,646,622,83272,43504,39768,6858,1080,5778,407,148,259,266,74,192,0,0,0
27,520,District - Raigarh (24),Rural,50-54,78106,39396,38710,913,462,451,68040,37249,30791,8587,1469,7118,354,148,206,212,68,144,0,0,0
27,520,District - Raigarh (24),Rural,55-59,63772,31098,32674,812,445,367,53475,28798,24677,9133,1715,7418,229,104,125,123,36,87,0,0,0
27,520,District - Raigarh (24),Rural,60-64,58484,27009,31475,853,452,401,43943,24156,19787,13405,2294,11111,183,78,105,100,29,71,0,0,0
27,520,District - Raigarh (24),Rural,65-69,49172,22113,27059,904,481,423,33357,18940,14417,14709,2620,12089,131,53,78,71,19,52,0,0,0
27,520,District - Raigarh (24),Rural,70-74,36153,16459,19694,487,247,240,20924,13457,7467,14583,2689,11894,103,50,53,56,16,40,0,0,0
27,520,District - Raigarh (24),Rural,75-79,18482,8485,9997,251,130,121,9903,6584,3319,8250,1738,6512,41,21,20,37,12,25,0,0,0
27,520,District - Raigarh (24),Rural,80+,19798,9017,10781,1197,636,561,8707,5877,2830,9817,2467,7350,38,19,19,39,18,21,0,0,0
27,520,District - Raigarh (24),Rural,Age not stated,6157,3248,2909,2995,1861,1134,2766,1293,1473,364,82,282,23,9,14,9,3,6,0,0,0
27,520,District - Raigarh (24),Rural,Less than 18,525511,270568,254943,513082,266103,246979,11510,4097,7413,628,232,396,245,114,131,46,22,24,0,0,0
27,520,District - Raigarh (24),Rural,Less than 21,624852,321202,303650,589023,311556,277467,34342,9104,25238,992,347,645,383,162,221,112,33,79,0,0,0
27,520,District - Raigarh (24),Urban,All ages,970195,507349,462846,416093,238789,177304,516403,261528,254875,34648,5969,28679,1882,715,1167,1169,348,821,0,0,0
27,520,District - Raigarh (24),Urban,0-9,160280,84236,76044,160280,84236,76044,0,0,0,0,0,0,0,0,0,0,0,0,0,0,0
27,520,District - Raigarh (24),Urban,10-14,83753,44208,39545,80685,42905,37780,2819,1196,1623,113,40,73,120,60,60,16,7,9,0,0,0
27,520,District - Raigarh (24),Urban,15-19,84255,45030,39225,75004,42767,32237,8947,2147,6800,156,46,110,118,58,60,30,12,18,0,0,0
27,520,District - Raigarh (24),Urban,20-24,98255,50248,48007,57174,38686,18488,40536,11395,29141,320,75,245,171,81,90,54,11,43,0,0,0
27,520,District - Raigarh (24),Urban,25-29,100415,50228,50187,25671,19223,6448,73838,30741,43097,564,148,416,216,80,136,126,36,90,0,0,0
27,520,District - Raigarh (24),Urban,30-34,90201,46386,43815,7236,5141,2095,81498,40907,40591,1034,193,841,246,92,154,187,53,134,0,0,0
27,520,District - Raigarh (24),Urban,35-39,83569,42987,40582,2777,1708,1069,78790,40890,37900,1549,246,1303,266,95,171,187,48,139,0,0,0
27,520,District - Raigarh (24),Urban,40-44,70844,38237,32607,1517,864,653,66651,36944,29707,2291,299,1992,206,72,134,179,58,121,0,0,0
27,520,District - Raigarh (24),Urban,45-49,57040,30902,26138,922,471,451,52859,29987,22872,2998,361,2637,166,53,113,95,30,65,0,0,0
27,520,District - Raigarh (24),Urban,50-54,44054,24727,19327,691,356,335,39583,23776,15807,3559,529,3030,131,34,97,90,32,58,0,0,0
27,520,District - Raigarh (24),Urban,55-59,31378,17138,14240,501,265,236,27147,16281,10866,3584,535,3049,68,28,40,78,29,49,0,0,0
27,520,District - Raigarh (24),Urban,60-64,23960,12595,11365,568,289,279,18650,11563,7087,4625,708,3917,75,25,50,42,10,32,0,0,0
27,520,District - Raigarh (24),Urban,65-69,15544,7591,7953,491,245,246,10772,6619,4153,4201,706,3495,36,10,26,44,11,33,0,0,0
27,520,District - Raigarh (24),Urban,70-74,10595,5097,5498,307,172,135,6389,4180,2209,3861,731,3130,25,14,11,13,0,13,0,0,0
27,520,District - Raigarh (24),Urban,75-79,6061,2836,3225,175,85,90,3324,2170,1154,2541,573,1968,11,2,9,10,6,4,0,0,0
27,520,District - Raigarh (24),Urban,80+,7182,3233,3949,689,385,304,3329,2089,1240,3129,747,2382,20,8,12,15,4,11,0,0,0
27,520,District - Raigarh (24),Urban,Age not stated,2809,1670,1139,1405,991,414,1271,643,628,123,32,91,7,3,4,3,1,2,0,0,0
27,520,District - Raigarh (24),Urban,Less than 18,292372,154149,138223,285580,151733,133847,6372,2242,4130,203,63,140,183,95,88,34,16,18,0,0,0
27,520,District - Raigarh (24),Urban,Less than 21,349307,184369,164938,330357,179209,151148,18296,4908,13388,328,98,230,273,134,139,53,20,33,0,0,0
27,521,District - Pune (25),Total,All ages,9429408,4924105,4505303,3938363,2312561,1625802,5013475,2519604,2493871,425164,77429,347735,37331,10445,26886,15075,4066,11009,0,0,0
27,521,District - Pune (25),Total,0-9,1551418,824248,727170,1551418,824248,727170,0,0,0,0,0,0,0,0,0,0,0,0,0,0,0
27,521,District - Pune (25),Total,10-14,787915,417129,370786,756273,403144,353129,29329,12938,16391,1363,548,815,793,417,376,157,82,75,0,0,0
27,521,District - Pune (25),Total,15-19,819364,438697,380667,710503,415630,294873,105516,21842,83674,2099,732,1367,1035,421,614,211,72,139,0,0,0
27,521,District - Pune (25),Total,20-24,1028019,537628,490391,558581,408991,149590,461653,126533,335120,4375,1174,3201,2616,762,1854,794,168,626,0,0,0
27,521,District - Pune (25),Total,25-29,998018,521114,476904,221185,174872,46313,762971,343120,419851,8191,1634,6557,4059,1093,2966,1612,395,1217,0,0,0
27,521,District - Pune (25),Total,30-34,819858,434963,384895,51747,36448,15299,747216,394237,352979,13791,2251,11540,4778,1385,3393,2326,642,1684,0,0,0
27,521,District - Pune (25),Total,35-39,713370,371459,341911,19819,11915,7904,664796,354478,310318,21002,2853,18149,5272,1478,3794,2481,735,1746,0,0,0
27,521,District - Pune (25),Total,40-44,597668,313497,284171,12491,6903,5588,550894,300979,249915,27002,3691,23311,5091,1355,3736,2190,569,1621,0,0,0
27,521,District - Pune (25),Total,45-49,493269,252910,240359,8094,4169,3925,447395,242953,204442,32142,4343,27799,3894,978,2916,1744,467,1277,0,0,0
27,521,District - Pune (25),Total,50-54,407518,211896,195622,6486,3276,3210,359403,202004,157399,37270,5564,31706,3086,731,2355,1273,321,952,0,0,0
27,521,District - Pune (25),Total,55-59,322148,164167,157981,4997,2455,2542,276919,155046,121873,37475,5996,31479,2009,480,1529,748,190,558,0,0,0
27,521,District - Pune (25),Total,60-64,290287,141369,148918,5634,2551,3083,228706,129402,99304,53596,8818,44778,1775,458,1317,576,140,436,0,0,0
27,521,District - Pune (25),Total,65-69,225194,108664,116530,5249,2607,2642,164280,96300,67980,53953,9330,44623,1308,324,984,404,103,301,0,0,0
27,521,District - Pune (25),Total,70-74,160645,80208,80437,3089,1540,1549,103051,67951,35100,53494,10416,43078,784,233,551,227,68,159,0,0,0
27,521,District - Pune (25),Total,75-79,84744,42438,42306,1705,848,857,49886,33721,16165,32694,7710,24984,334,118,216,125,41,84,0,0,0
27,521,District - Pune (25),Total,80+,95596,45429,50167,5919,3333,2586,44336,29907,14429,44872,12009,32863,341,143,198,128,37,91,0,0,0
27,521,District - Pune (25),Total,Age not stated,34377,18289,16088,15173,9631,5542,17124,8193,8931,1845,360,1485,156,69,87,79,36,43,0,0,0
27,521,District - Pune (25),Total,Less than 18,2794894,1484687,1310207,2726368,1459705,1266663,64432,23294,41138,2536,924,1612,1311,653,658,247,111,136,0,0,0
27,521,District - Pune (25),Total,Less than 21,3380923,1794563,1586360,3161608,1742226,1419382,212199,49676,162523,4345,1511,2834,2263,968,1295,508,182,326,0,0,0
27,521,District - Pune (25),Rural,All ages,3678226,1903440,1774786,1504514,886299,618215,1966612,977604,989008,182725,33704,149021,19233,4790,14443,5142,1043,4099,0,0,0
27,521,District - Pune (25),Rural,0-9,622748,332468,290280,622748,332468,290280,0,0,0,0,0,0,0,0,0,0,0,0,0,0,0
27,521,District - Pune (25),Rural,10-14,336345,177424,158921,325157,172675,152482,10308,4354,5954,482,190,292,347,178,169,51,27,24,0,0,0
27,521,District - Pune (25),Rural,15-19,343011,183074,159937,294616,174285,120331,47085,8334,38751,753,251,502,484,188,296,73,16,57,0,0,0
27,521,District - Pune (25),Rural,20-24,375152,194713,180439,179199,142349,36850,192571,51539,141032,1770,429,1341,1278,339,939,334,57,277,0,0,0
27,521,District - Pune (25),Rural,25-29,335023,175796,159227,52874,45842,7032,276364,128750,147614,3357,612,2745,1844,449,1395,584,143,441,0,0,0
27,521,District - Pune (25),Rural,30-34,276117,143632,132485,9580,7238,2342,258052,134838,123214,5564,798,4766,2217,598,1619,704,160,544,0,0,0
27,521,District - Pune (25),Rural,35-39,258449,130702,127747,3692,2294,1398,243120,126513,116607,8257,1059,7198,2620,661,1959,760,175,585,0,0,0
27,521,District - Pune (25),Rural,40-44,229403,118192,111211,2548,1455,1093,213038,114614,98424,10461,1388,9073,2630,607,2023,726,128,598,0,0,0
27,521,District - Pune (25),Rural,45-49,193803,98596,95207,1655,851,804,177374,95486,81888,12060,1684,10376,2117,468,1649,597,107,490,0,0,0
27,521,District - Pune (25),Rural,50-54,162877,83825,79052,1357,690,667,145612,80557,65055,13714,2160,11554,1747,340,1407,447,78,369,0,0,0
27,521,District - Pune (25),Rural,55-59,128062,64165,63897,1009,492,517,112103,61208,50895,13555,2199,11356,1145,228,917,250,38,212,0,0,0
27,521,District - Pune (25),Rural,60-64,124549,58036,66513,1391,658,733,100656,53581,47075,21240,3515,17725,1049,247,802,213,35,178,0,0,0
27,521,District - Pune (25),Rural,65-69,113226,52530,60696,1543,787,756,84391,47069,37322,26297,4480,21817,817,169,648,178,25,153,0,0,0
27,521,District - Pune (25),Rural,70-74,83689,42214,41475,925,449,476,54655,36275,18380,27498,5324,22174,507,140,367,104,26,78,0,0,0
27,521,District - Pune (25),Rural,75-79,41168,21184,19984,480,253,227,25212,17236,7976,15238,3613,11625,186,71,115,52,11,41,0,0,0
27,521,District - Pune (25),Rural,80+,46361,22544,23817,2000,1157,843,22107,15376,6731,22000,5906,16094,201,91,110,53,14,39,0,0,0
27,521,District - Pune (25),Rural,Age not stated,8243,4345,3898,3740,2356,1384,3964,1874,2090,479,96,383,44,16,28,16,3,13,0,0,0
27,521,District - Pune (25),Rural,Less than 18,1156628,615170,541458,1129695,606207,523488,25359,8343,17016,928,314,614,575,275,300,71,31,40,0,0,0
27,521,District - Pune (25),Rural,Less than 21,1388634,736536,652098,1293675,716830,576845,92101,18689,73412,1611,529,1082,1062,434,628,185,54,131,0,0,0
27,521,District - Pune (25),Urban,All ages,5751182,3020665,2730517,2433849,1426262,1007587,3046863,1542000,1504863,242439,43725,198714,18098,5655,12443,9933,3023,6910,0,0,0
27,521,District - Pune (25),Urban,0-9,928670,491780,436890,928670,491780,436890,0,0,0,0,0,0,0,0,0,0,0,0,0,0,0
27,521,District - Pune (25),Urban,10-14,451570,239705,211865,431116,230469,200647,19021,8584,10437,881,358,523,446,239,207,106,55,51,0,0,0
27,521,District - Pune (25),Urban,15-19,476353,255623,220730,415887,241345,174542,58431,13508,44923,1346,481,865,551,233,318,138,56,82,0,0,0
27,521,District - Pune (25),Urban,20-24,652867,342915,309952,379382,266642,112740,269082,74994,194088,2605,745,1860,1338,423,915,460,111,349,0,0,0
27,521,District - Pune (25),Urban,25-29,662995,345318,317677,168311,129030,39281,486607,214370,272237,4834,1022,3812,2215,644,1571,1028,252,776,0,0,0
27,521,District - Pune (25),Urban,30-34,543741,291331,252410,42167,29210,12957,489164,259399,229765,8227,1453,6774,2561,787,1774,1622,482,1140,0,0,0
27,521,District - Pune (25),Urban,35-39,454921,240757,214164,16127,9621,6506,421676,227965,193711,12745,1794,10951,2652,817,1835,1721,560,1161,0,0,0
27,521,District - Pune (25),Urban,40-44,368265,195305,172960,9943,5448,4495,337856,186365,151491,16541,2303,14238,2461,748,1713,1464,441,1023,0,0,0
27,521,District - Pune (25),Urban,45-49,299466,154314,145152,6439,3318,3121,270021,147467,122554,20082,2659,17423,1777,510,1267,1147,360,787,0,0,0
27,521,District - Pune (25),Urban,50-54,244641,128071,116570,5129,2586,2543,213791,121447,92344,23556,3404,20152,1339,391,948,826,243,583,0,0,0
27,521,District - Pune (25),Urban,55-59,194086,100002,94084,3988,1963,2025,164816,93838,70978,23920,3797,20123,864,252,612,498,152,346,0,0,0
27,521,District - Pune (25),Urban,60-64,165738,83333,82405,4243,1893,2350,128050,75821,52229,32356,5303,27053,726,211,515,363,105,258,0,0,0
27,521,District - Pune (25),Urban,65-69,111968,56134,55834,3706,1820,1886,79889,49231,30658,27656,4850,22806,491,155,336,226,78,148,0,0,0
27,521,District - Pune (25),Urban,70-74,76956,37994,38962,2164,1091,1073,48396,31676,16720,25996,5092,20904,277,93,184,123,42,81,0,0,0
27,521,District - Pune (25),Urban,75-79,43576,21254,22322,1225,595,630,24674,16485,8189,17456,4097,13359,148,47,101,73,30,43,0,0,0
27,521,District - Pune (25),Urban,80+,49235,22885,26350,3919,2176,1743,22229,14531,7698,22872,6103,16769,140,52,88,75,23,52,0,0,0
27,521,District - Pune (25),Urban,Age not stated,26134,13944,12190,11433,7275,4158,13160,6319,6841,1366,264,1102,112,53,59,63,33,30,0,0,0
27,521,District - Pune (25),Urban,Less than 18,1638266,869517,768749,1596673,853498,743175,39073,14951,24122,1608,610,998,736,378,358,176,80,96,0,0,0
27,521,District - Pune (25),Urban,Less than 21,1992289,1058027,934262,1867933,1025396,842537,120098,30987,89111,2734,982,1752,1201,534,667,323,128,195,0,0,0
27,522,District - Ahmadnagar (26),Total,All ages,4543159,2342825,2200334,1885850,1104895,780955,2403577,1189908,1213669,220537,40076,180461,24253,6111,18142,8942,1835,7107,0,0,0
27,522,District - Ahmadnagar (26),Total,0-9,797723,430184,367539,797723,430184,367539,0,0,0,0,0,0,0,0,0,0,0,0,0,0,0
27,522,District - Ahmadnagar (26),Total,10-14,444802,237754,207048,428563,230838,197725,15075,6452,8623,695,261,434,389,164,225,80,39,41,0,0,0
27,522,District - Ahmadnagar (26),Total,15-19,433199,232550,200649,366433,219841,146592,64712,12015,52697,1167,397,770,685,240,445,202,57,145,0,0,0
27,522,District - Ahmadnagar (26),Total,20-24,440174,227933,212241,200460,156171,44289,234825,70646,164179,2336,591,1745,1863,421,1442,690,104,586,0,0,0
27,522,District - Ahmadnagar (26),Total,25-29,380662,195395,185267,52788,43886,8902,320223,149802,170421,4102,820,3282,2537,658,1879,1012,229,783,0,0,0
27,522,District - Ahmadnagar (26),Total,30-34,329685,165825,163860,10622,7624,2998,308142,156154,151988,6786,1002,5784,2902,760,2142,1233,285,948,0,0,0
27,522,District - Ahmadnagar (26),Total,35-39,315851,157204,158647,4586,2681,1905,297005,152188,144817,9761,1276,8485,3188,783,2405,1311,276,1035,0,0,0
27,522,District - Ahmadnagar (26),Total,40-44,283292,144801,138491,3337,1859,1478,263356,140381,122975,12250,1622,10628,3120,732,2388,1229,207,1022,0,0,0
27,522,District - Ahmadnagar (26),Total,45-49,237417,122163,115254,2133,1141,992,218426,118289,100137,13463,2003,11460,2433,545,1888,962,185,777,0,0,0
27,522,District - Ahmadnagar (26),Total,50-54,197150,101636,95514,1865,959,906,176782,97728,79054,15814,2426,13388,1967,395,1572,722,128,594,0,0,0
27,522,District - Ahmadnagar (26),Total,55-59,157098,78753,78345,1467,739,728,138231,74989,63242,15654,2610,13044,1294,321,973,452,94,358,0,0,0
27,522,District - Ahmadnagar (26),Total,60-64,153129,69456,83673,2104,1009,1095,124461,63993,60468,24895,4076,20819,1312,311,1001,357,67,290,0,0,0
27,522,District - Ahmadnagar (26),Total,65-69,148526,68538,79988,2375,1180,1195,110779,61378,49401,33831,5615,28216,1222,306,916,319,59,260,0,0,0
27,522,District - Ahmadnagar (26),Total,70-74,103388,51456,51932,1282,668,614,67171,44200,22971,34090,6338,27752,676,205,471,169,45,124,0,0,0
27,522,District - Ahmadnagar (26),Total,75-79,49618,24772,24846,588,292,296,30072,20103,9969,18608,4245,14363,282,114,168,68,18,50,0,0,0
27,522,District - Ahmadnagar (26),Total,80+,56230,26401,29829,2852,1656,1196,26733,17975,8758,26282,6629,19653,276,118,158,87,23,64,0,0,0
27,522,District - Ahmadnagar (26),Total,Age not stated,15215,8004,7211,6672,4167,2505,7584,3615,3969,803,165,638,107,38,69,49,19,30,0,0,0
27,522,District - Ahmadnagar (26),Total,Less than 18,1497534,805767,691767,1458831,792718,666113,36480,12188,24292,1377,497,880,691,292,399,155,72,83,0,0,0
27,522,District - Ahmadnagar (26),Total,Less than 21,1780244,952505,827739,1651888,924339,727549,124126,26778,97348,2369,784,1585,1449,490,959,412,114,298,0,0,0
27,522,District - Ahmadnagar (26),Rural,All ages,3630542,1872907,1757635,1494806,877858,616948,1933672,955628,978044,175262,33040,142222,19934,5002,14932,6868,1379,5489,0,0,0
27,522,District - Ahmadnagar (26),Rural,0-9,645381,348468,296913,645381,348468,296913,0,0,0,0,0,0,0,0,0,0,0,0,0,0,0
27,522,District - Ahmadnagar (26),Rural,10-14,359231,191788,167443,345869,186049,159820,12397,5354,7043,580,218,362,314,134,180,71,33,38,0,0,0
27,522,District - Ahmadnagar (26),Rural,15-19,345397,186250,159147,290216,175733,114483,53539,9973,43566,937,324,613,540,175,365,165,45,120,0,0,0
27,522,District - Ahmadnagar (26),Rural,20-24,345132,179614,165518,148876,119517,29359,192294,59161,133133,1919,496,1423,1499,346,1153,544,94,450,0,0,0
27,522,District - Ahmadnagar (26),Rural,25-29,296142,152470,143672,35956,30831,5125,254017,120231,133786,3327,674,2653,2071,549,1522,771,185,586,0,0,0
27,522,District - Ahmadnagar (26),Rural,30-34,257219,129195,128024,6625,4861,1764,242030,122697,119333,5340,816,4524,2324,612,1712,900,209,691,0,0,0
27,522,District - Ahmadnagar (26),Rural,35-39,248204,123508,124696,2898,1698,1200,234398,119986,114412,7385,1002,6383,2569,636,1933,954,186,768,0,0,0
27,522,District - Ahmadnagar (26),Rural,40-44,223175,114361,108814,2240,1277,963,208233,111067,97166,9226,1284,7942,2547,590,1957,929,143,786,0,0,0
27,522,District - Ahmadnagar (26),Rural,45-49,186478,95747,90731,1430,785,645,172306,92802,79504,10019,1584,8435,1979,435,1544,744,141,603,0,0,0
27,522,District - Ahmadnagar (26),Rural,50-54,155979,79645,76334,1291,682,609,140601,76625,63976,11867,1940,9927,1655,305,1350,565,93,472,0,0,0
27,522,District - Ahmadnagar (26),Rural,55-59,125571,62238,63333,1054,559,495,111337,59303,52034,11751,2056,9695,1068,256,812,361,64,297,0,0,0
27,522,District - Ahmadnagar (26),Rural,60-64,126372,56787,69585,1618,771,847,103891,52424,51467,19449,3277,16172,1123,263,860,291,52,239,0,0,0
27,522,District - Ahmadnagar (26),Rural,65-69,125853,58141,67712,1845,934,911,95291,52209,43082,27374,4678,22696,1075,273,802,268,47,221,0,0,0
27,522,District - Ahmadnagar (26),Rural,70-74,88049,44274,43775,1015,530,485,57994,38086,19908,28315,5436,22879,586,187,399,139,35,104,0,0,0
27,522,District - Ahmadnagar (26),Rural,75-79,41665,21016,20649,468,232,236,25752,17143,8609,15143,3521,11622,252,105,147,50,15,35,0,0,0
27,522,District - Ahmadnagar (26),Rural,80+,47748,22571,25177,2354,1376,978,23140,15486,7654,21942,5585,16357,243,104,139,69,20,49,0,0,0
27,522,District - Ahmadnagar (26),Rural,Age not stated,12946,6834,6112,5670,3555,2115,6452,3081,3371,688,149,539,89,32,57,47,17,30,0,0,0
27,522,District - Ahmadnagar (26),Rural,Less than 18,1209490,651411,558079,1177758,640627,537131,29922,10084,19838,1134,412,722,544,227,317,132,61,71,0,0,0
27,522,District - Ahmadnagar (26),Rural,Less than 21,1432784,767499,665285,1326469,744121,582348,102873,22256,80617,1931,648,1283,1160,379,781,351,95,256,0,0,0
27,522,District - Ahmadnagar (26),Urban,All ages,912617,469918,442699,391044,227037,164007,469905,234280,235625,45275,7036,38239,4319,1109,3210,2074,456,1618,0,0,0
27,522,District - Ahmadnagar (26),Urban,0-9,152342,81716,70626,152342,81716,70626,0,0,0,0,0,0,0,0,0,0,0,0,0,0,0
27,522,District - Ahmadnagar (26),Urban,10-14,85571,45966,39605,82694,44789,37905,2678,1098,1580,115,43,72,75,30,45,9,6,3,0,0,0
27,522,District - Ahmadnagar (26),Urban,15-19,87802,46300,41502,76217,44108,32109,11173,2042,9131,230,73,157,145,65,80,37,12,25,0,0,0
27,522,District - Ahmadnagar (26),Urban,20-24,95042,48319,46723,51584,36654,14930,42531,11485,31046,417,95,322,364,75,289,146,10,136,0,0,0
27,522,District - Ahmadnagar (26),Urban,25-29,84520,42925,41595,16832,13055,3777,66206,29571,36635,775,146,629,466,109,357,241,44,197,0,0,0
27,522,District - Ahmadnagar (26),Urban,30-34,72466,36630,35836,3997,2763,1234,66112,33457,32655,1446,186,1260,578,148,430,333,76,257,0,0,0
27,522,District - Ahmadnagar (26),Urban,35-39,67647,33696,33951,1688,983,705,62607,32202,30405,2376,274,2102,619,147,472,357,90,267,0,0,0
27,522,District - Ahmadnagar (26),Urban,40-44,60117,30440,29677,1097,582,515,55123,29314,25809,3024,338,2686,573,142,431,300,64,236,0,0,0
27,522,District - Ahmadnagar (26),Urban,45-49,50939,26416,24523,703,356,347,46120,25487,20633,3444,419,3025,454,110,344,218,44,174,0,0,0
27,522,District - Ahmadnagar (26),Urban,50-54,41171,21991,19180,574,277,297,36181,21103,15078,3947,486,3461,312,90,222,157,35,122,0,0,0
27,522,District - Ahmadnagar (26),Urban,55-59,31527,16515,15012,413,180,233,26894,15686,11208,3903,554,3349,226,65,161,91,30,61,0,0,0
27,522,District - Ahmadnagar (26),Urban,60-64,26757,12669,14088,486,238,248,20570,11569,9001,5446,799,4647,189,48,141,66,15,51,0,0,0
27,522,District - Ahmadnagar (26),Urban,65-69,22673,10397,12276,530,246,284,15488,9169,6319,6457,937,5520,147,33,114,51,12,39,0,0,0
27,522,District - Ahmadnagar (26),Urban,70-74,15339,7182,8157,267,138,129,9177,6114,3063,5775,902,4873,90,18,72,30,10,20,0,0,0
27,522,District - Ahmadnagar (26),Urban,75-79,7953,3756,4197,120,60,60,4320,2960,1360,3465,724,2741,30,9,21,18,3,15,0,0,0
27,522,District - Ahmadnagar (26),Urban,80+,8482,3830,4652,498,280,218,3593,2489,1104,4340,1044,3296,33,14,19,18,3,15,0,0,0
27,522,District - Ahmadnagar (26),Urban,Age not stated,2269,1170,1099,1002,612,390,1132,534,598,115,16,99,18,6,12,2,2,0,0,0,0
27,522,District - Ahmadnagar (26),Urban,Less than 18,288044,154356,133688,281073,152091,128982,6558,2104,4454,243,85,158,147,65,82,23,11,12,0,0,0
27,522,District - Ahmadnagar (26),Urban,Less than 21,347460,185006,162454,325419,180218,145201,21253,4522,16731,438,136,302,289,111,178,61,19,42,0,0,0
27,523,District - Bid (27),Total,All ages,2585049,1349106,1235943,1129894,672179,457715,1323951,654771,669180,117207,19500,97707,10366,2092,8274,3631,564,3067,0,0,0
27,523,District - Bid (27),Total,0-9,504379,276534,227845,504379,276534,227845,0,0,0,0,0,0,0,0,0,0,0,0,0,0,0
27,523,District - Bid (27),Total,10-14,266304,142840,123464,261282,140966,120316,4637,1728,2909,225,67,158,146,73,73,14,6,8,0,0,0
27,523,District - Bid (27),Total,15-19,254810,142603,112207,219771,137449,82322,34248,4920,29328,430,146,284,280,76,204,81,12,69,0,0,0
27,523,District - Bid (27),Total,20-24,244593,131929,112664,106766,87560,19206,135686,44023,91663,1026,158,868,776,149,627,339,39,300,0,0,0
27,523,District - Bid (27),Total,25-29,203796,105131,98665,24082,20810,3272,176074,83706,92368,2067,315,1752,1070,208,862,503,92,411,0,0,0
27,523,District - Bid (27),Total,30-34,177318,89165,88153,4551,3515,1036,167825,84959,82866,3213,388,2825,1223,214,1009,506,89,417,0,0,0
27,523,District - Bid (27),Total,35-39,168901,84029,84872,1582,1038,544,161003,82260,78743,4486,441,4045,1318,225,1093,512,65,447,0,0,0
27,523,District - Bid (27),Total,40-44,147738,76629,71109,1058,639,419,139480,75100,64380,5447,614,4833,1270,210,1060,483,66,417,0,0,0
27,523,District - Bid (27),Total,45-49,120658,61321,59337,627,355,272,113017,60017,53000,5765,753,5012,923,158,765,326,38,288,0,0,0
27,523,District - Bid (27),Total,50-54,99168,52014,47154,588,326,262,90705,50534,40171,6822,967,5855,809,147,662,244,40,204,0,0,0
27,523,District - Bid (27),Total,55-59,79551,38608,40943,406,246,160,71738,37064,34674,6734,1175,5559,517,97,420,156,26,130,0,0,0
27,523,District - Bid (27),Total,60-64,91092,38954,52138,883,455,428,76487,36370,40117,12916,1975,10941,661,129,532,145,25,120,0,0,0
27,523,District - Bid (27),Total,65-69,98232,46518,51714,1048,567,481,76684,42530,34154,19641,3230,16411,698,161,537,161,30,131,0,0,0
27,523,District - Bid (27),Total,70-74,64074,33254,30820,524,285,239,42656,29225,13431,20423,3603,16820,382,122,260,89,19,70,0,0,0
27,523,District - Bid (27),Total,75-79,28642,13477,15165,253,158,95,17427,11204,6223,10788,2052,8736,142,56,86,32,7,25,0,0,0
27,523,District - Bid (27),Total,80+,33677,14970,18707,931,552,379,15461,10748,4713,17113,3599,13514,137,62,75,35,9,26,0,0,0
27,523,District - Bid (27),Total,Age not stated,2116,1130,986,1163,724,439,823,383,440,111,17,94,14,5,9,5,1,4,0,0,0
27,523,District - Bid (27),Total,Less than 18,919617,502487,417130,904599,498375,406224,14255,3839,10416,479,152,327,248,109,139,36,12,24,0,0,0
27,523,District - Bid (27),Total,Less than 21,1089874,595630,494244,1021437,583431,438006,66815,11732,55083,879,265,614,573,181,392,170,21,149,0,0,0
27,523,District - Bid (27),Rural,All ages,2070751,1082978,987773,890742,533121,357621,1073523,531211,542312,95007,16447,78560,8656,1765,6891,2823,434,2389,0,0,0
27,523,District - Bid (27),Rural,0-9,404760,223073,181687,404760,223073,181687,0,0,0,0,0,0,0,0,0,0,0,0,0,0,0
27,523,District - Bid (27),Rural,10-14,212342,113823,98519,208502,112396,96106,3530,1307,2223,187,55,132,115,62,53,8,3,5,0,0,0
27,523,District - Bid (27),Rural,15-19,201532,114211,87321,173080,110062,63018,27835,3964,23871,339,122,217,223,56,167,55,7,48,0,0,0
27,523,District - Bid (27),Rural,20-24,191568,104873,86695,79312,67527,11785,110514,37051,73463,831,131,700,642,127,515,269,37,232,0,0,0
27,523,District - Bid (27),Rural,25-29,158333,82035,76298,15696,13972,1724,139754,67558,72196,1636,254,1382,865,178,687,382,73,309,0,0,0
27,523,District - Bid (27),Rural,30-34,138797,69785,69012,2875,2241,634,132061,66983,65078,2472,315,2157,1010,178,832,379,68,311,0,0,0
27,523,District - Bid (27),Rural,35-39,132934,65951,66983,1008,661,347,127108,64725,62383,3373,343,3030,1066,175,891,379,47,332,0,0,0
27,523,District - Bid (27),Rural,40-44,117254,60311,56943,722,426,296,110956,59194,51762,4168,481,3687,1040,165,875,368,45,323,0,0,0
27,523,District - Bid (27),Rural,45-49,96415,48726,47689,433,245,188,90649,47731,42918,4293,591,3702,767,129,638,273,30,243,0,0,0
27,523,District - Bid (27),Rural,50-54,79920,41673,38247,419,236,183,73473,40511,32962,5147,772,4375,691,124,567,190,30,160,0,0,0
27,523,District - Bid (27),Rural,55-59,65126,31197,33929,289,183,106,59096,29938,29158,5164,969,4195,451,88,363,126,19,107,0,0,0
27,523,District - Bid (27),Rural,60-64,76617,32588,44029,660,345,315,65167,30462,34705,10098,1643,8455,571,117,454,121,21,100,0,0,0
27,523,District - Bid (27),Rural,65-69,84286,40132,44154,796,445,351,66618,36754,29864,16120,2766,13354,614,142,472,138,25,113,0,0,0
27,523,District - Bid (27),Rural,70-74,55354,29014,26340,416,232,184,37358,25539,11819,17161,3117,14044,344,111,233,75,15,60,0,0,0
27,523,District - Bid (27),Rural,75-79,24972,11831,13141,218,134,84,15375,9847,5528,9222,1792,7430,132,53,79,25,5,20,0,0,0
27,523,District - Bid (27),Rural,80+,28900,12891,16009,687,411,276,13364,9334,4030,14703,3081,11622,115,56,59,31,9,22,0,0,0
27,523,District - Bid (27),Rural,Age not stated,1641,864,777,869,532,337,665,313,352,93,15,78,10,4,6,4,0,4,0,0,0
27,523,District - Bid (27),Rural,Less than 18,735438,403725,331713,723750,400501,323249,11089,3004,8085,388,126,262,191,88,103,20,6,14,0,0,0
27,523,District - Bid (27),Rural,Less than 21,869858,478357,391501,814303,468477,345826,54257,9501,44756,711,223,488,461,143,318,126,13,113,0,0,0
27,523,District - Bid (27),Urban,All ages,514298,266128,248170,239152,139058,100094,250428,123560,126868,22200,3053,19147,1710,327,1383,808,130,678,0,0,0
27,523,District - Bid (27),Urban,0-9,99619,53461,46158,99619,53461,46158,0,0,0,0,0,0,0,0,0,0,0,0,0,0,0
27,523,District - Bid (27),Urban,10-14,53962,29017,24945,52780,28570,24210,1107,421,686,38,12,26,31,11,20,6,3,3,0,0,0
27,523,District - Bid (27),Urban,15-19,53278,28392,24886,46691,27387,19304,6413,956,5457,91,24,67,57,20,37,26,5,21,0,0,0
27,523,District - Bid (27),Urban,20-24,53025,27056,25969,27454,20033,7421,25172,6972,18200,195,27,168,134,22,112,70,2,68,0,0,0
27,523,District - Bid (27),Urban,25-29,45463,23096,22367,8386,6838,1548,36320,16148,20172,431,61,370,205,30,175,121,19,102,0,0,0
27,523,District - Bid (27),Urban,30-34,38521,19380,19141,1676,1274,402,35764,17976,17788,741,73,668,213,36,177,127,21,106,0,0,0
27,523,District - Bid (27),Urban,35-39,35967,18078,17889,574,377,197,33895,17535,16360,1113,98,1015,252,50,202,133,18,115,0,0,0
27,523,District - Bid (27),Urban,40-44,30484,16318,14166,336,213,123,28524,15906,12618,1279,133,1146,230,45,185,115,21,94,0,0,0
27,523,District - Bid (27),Urban,45-49,24243,12595,11648,194,110,84,22368,12286,10082,1472,162,1310,156,29,127,53,8,45,0,0,0
27,523,District - Bid (27),Urban,50-54,19248,10341,8907,169,90,79,17232,10023,7209,1675,195,1480,118,23,95,54,10,44,0,0,0
27,523,District - Bid (27),Urban,55-59,14425,7411,7014,117,63,54,12642,7126,5516,1570,206,1364,66,9,57,30,7,23,0,0,0
27,523,District - Bid (27),Urban,60-64,14475,6366,8109,223,110,113,11320,5908,5412,2818,332,2486,90,12,78,24,4,20,0,0,0
27,523,District - Bid (27),Urban,65-69,13946,6386,7560,252,122,130,10066,5776,4290,3521,464,3057,84,19,65,23,5,18,0,0,0
27,523,District - Bid (27),Urban,70-74,8720,4240,4480,108,53,55,5298,3686,1612,3262,486,2776,38,11,27,14,4,10,0,0,0
27,523,District - Bid (27),Urban,75-79,3670,1646,2024,35,24,11,2052,1357,695,1566,260,1306,10,3,7,7,2,5,0,0,0
27,523,District - Bid (27),Urban,80+,4777,2079,2698,244,141,103,2097,1414,683,2410,518,1892,22,6,16,4,0,4,0,0,0
27,523,District - Bid (27),Urban,Age not stated,475,266,209,294,192,102,158,70,88,18,2,16,4,1,3,1,1,0,0,0,0
27,523,District - Bid (27),Urban,Less than 18,184179,98762,85417,180849,97874,82975,3166,835,2331,91,26,65,57,21,36,16,6,10,0,0,0
27,523,District - Bid (27),Urban,Less than 21,220016,117273,102743,207134,114954,92180,12558,2231,10327,168,42,126,112,38,74,44,8,36,0,0,0
27,524,District - Latur (28),Total,All ages,2454196,1273140,1181056,1098917,634001,464916,1239707,615343,624364,103775,21036,82739,8543,2044,6499,3254,716,2538,0,0,0
27,524,District - Latur (28),Total,0-9,461448,243655,217793,461448,243655,217793,0,0,0,0,0,0,0,0,0,0,0,0,0,0,0
27,524,District - Latur (28),Total,10-14,263155,138984,124171,250202,133060,117142,12104,5538,6566,558,250,308,242,113,129,49,23,26,0,0,0
27,524,District - Latur (28),Total,15-19,252520,136069,116451,216721,127042,89679,34558,8549,26009,831,320,511,313,130,183,97,28,69,0,0,0
27,524,District - Latur (28),Total,20-24,234429,127223,107206,116263,89810,26453,115762,36790,78972,1496,415,1081,610,159,451,298,49,249,0,0,0
27,524,District - Latur (28),Total,25-29,194812,100329,94483,31287,26279,5008,159975,73361,86614,2284,429,1855,871,175,696,395,85,310,0,0,0
27,524,District - Latur (28),Total,30-34,171707,86108,85599,6393,4731,1662,160272,80477,79795,3599,605,2994,1008,211,797,435,84,351,0,0,0
27,524,District - Latur (28),Total,35-39,165305,83331,81974,2290,1400,890,156750,80923,75827,4681,690,3991,1129,221,908,455,97,358,0,0,0
27,524,District - Latur (28),Total,40-44,139066,74015,65051,1562,919,643,130878,72035,58843,5257,802,4455,974,192,782,395,67,328,0,0,0
27,524,District - Latur (28),Total,45-49,108165,56185,51980,997,535,462,101216,54592,46624,5004,846,4158,672,139,533,276,73,203,0,0,0
27,524,District - Latur (28),Total,50-54,87290,47017,40273,923,529,394,79837,45247,34590,5703,1073,4630,632,134,498,195,34,161,0,0,0
27,524,District - Latur (28),Total,55-59,71187,33750,37437,686,377,309,64932,32206,32726,5027,1040,3987,398,95,303,144,32,112,0,0,0
27,524,District - Latur (28),Total,60-64,89190,39708,49482,1202,578,624,75314,36808,38506,11868,2147,9721,609,123,486,197,52,145,0,0,0
27,524,District - Latur (28),Total,65-69,85325,41408,43917,1416,705,711,67634,37497,30137,15632,3043,12589,508,131,377,135,32,103,0,0,0
27,524,District - Latur (28),Total,70-74,58762,30822,27940,859,451,408,40424,26672,13752,17111,3586,13525,288,91,197,80,22,58,0,0,0
27,524,District - Latur (28),Total,75-79,26117,12780,13337,404,205,199,17059,10566,6493,8507,1946,6561,108,50,58,39,13,26,0,0,0
27,524,District - Latur (28),Total,80+,35358,16229,19129,1658,918,740,17753,11485,6268,15759,3743,12016,140,64,76,48,19,29,0,0,0
27,524,District - Latur (28),Total,Age not stated,10360,5527,4833,4606,2807,1799,5239,2597,2642,458,101,357,41,16,25,16,6,10,0,0,0
27,524,District - Latur (28),Total,Less than 18,874294,462987,411307,847799,452442,395357,24951,9893,15058,1038,420,618,415,191,224,91,41,50,0,0,0
27,524,District - Latur (28),Total,Less than 21,1040026,551884,488142,966296,531537,434759,71062,19328,51734,1758,678,1080,699,279,420,211,62,149,0,0,0
27,524,District - Latur (28),Rural,All ages,1829216,949707,879509,804287,465980,338307,935811,464728,471083,79927,16886,63041,6623,1560,5063,2568,553,2015,0,0,0
27,524,District - Latur (28),Rural,0-9,344417,181561,162856,344417,181561,162856,0,0,0,0,0,0,0,0,0,0,0,0,0,0,0
27,524,District - Latur (28),Rural,10-14,193323,101490,91833,183778,97117,86661,8898,4077,4821,427,196,231,183,81,102,37,19,18,0,0,0
27,524,District - Latur (28),Rural,15-19,184727,100897,83830,158394,94271,64123,25423,6287,19136,609,228,381,232,92,140,69,19,50,0,0,0
27,524,District - Latur (28),Rural,20-24,170648,94778,75870,82090,66031,16059,86744,28274,58470,1105,313,792,472,121,351,237,39,198,0,0,0
27,524,District - Latur (28),Rural,25-29,140905,73234,67671,20064,17426,2638,118239,55314,62925,1662,307,1355,635,121,514,305,66,239,0,0,0
27,524,District - Latur (28),Rural,30-34,124998,62765,62233,4030,3021,1009,117319,59082,58237,2554,439,2115,759,159,600,336,64,272,0,0,0
27,524,District - Latur (28),Rural,35-39,120461,60686,59775,1459,875,584,114493,59054,55439,3315,517,2798,845,166,679,349,74,275,0,0,0
27,524,District - Latur (28),Rural,40-44,101830,54020,47810,1075,643,432,95938,52590,43348,3745,595,3150,759,138,621,313,54,259,0,0,0
27,524,District - Latur (28),Rural,45-49,80200,41248,38952,681,355,326,75292,40104,35188,3507,634,2873,505,103,402,215,52,163,0,0,0
27,524,District - Latur (28),Rural,50-54,65007,34757,30250,631,362,269,59689,33452,26237,4015,811,3204,511,109,402,161,23,138,0,0,0
27,524,District - Latur (28),Rural,55-59,54332,25003,29329,451,251,200,49865,23855,26010,3582,800,2782,321,74,247,113,23,90,0,0,0
27,524,District - Latur (28),Rural,60-64,71506,31310,40196,875,423,452,61038,29053,31985,8927,1695,7232,499,98,401,167,41,126,0,0,0
27,524,District - Latur (28),Rural,65-69,70541,34363,36178,1067,547,520,56557,31170,25387,12383,2508,9875,417,109,308,117,29,88,0,0,0
27,524,District - Latur (28),Rural,70-74,48678,25840,22838,641,345,296,33785,22335,11450,13937,3057,10880,251,85,166,64,18,46,0,0,0
27,524,District - Latur (28),Rural,75-79,21688,10644,11044,306,161,145,14329,8806,5523,6928,1622,5306,93,43,50,32,12,20,0,0,0
27,524,District - Latur (28),Rural,80+,28796,13280,15516,1199,668,531,14545,9463,5082,12899,3083,9816,113,51,62,40,15,25,0,0,0
27,524,District - Latur (28),Rural,Age not stated,7159,3831,3328,3129,1923,1206,3657,1812,1845,332,81,251,28,10,18,13,5,8,0,0,0
27,524,District - Latur (28),Rural,Less than 18,647501,342452,305049,628151,334703,293448,18193,7262,10931,783,317,466,310,140,170,64,30,34,0,0,0
27,524,District - Latur (28),Rural,Less than 21,769537,409330,360207,714619,394235,320384,52911,14336,38575,1316,508,808,529,205,324,162,46,116,0,0,0
27,524,District - Latur (28),Urban,All ages,624980,323433,301547,294630,168021,126609,303896,150615,153281,23848,4150,19698,1920,484,1436,686,163,523,0,0,0
27,524,District - Latur (28),Urban,0-9,117031,62094,54937,117031,62094,54937,0,0,0,0,0,0,0,0,0,0,0,0,0,0,0
27,524,District - Latur (28),Urban,10-14,69832,37494,32338,66424,35943,30481,3206,1461,1745,131,54,77,59,32,27,12,4,8,0,0,0
27,524,District - Latur (28),Urban,15-19,67793,35172,32621,58327,32771,25556,9135,2262,6873,222,92,130,81,38,43,28,9,19,0,0,0
27,524,District - Latur (28),Urban,20-24,63781,32445,31336,34173,23779,10394,29018,8516,20502,391,102,289,138,38,100,61,10,51,0,0,0
27,524,District - Latur (28),Urban,25-29,53907,27095,26812,11223,8853,2370,41736,18047,23689,622,122,500,236,54,182,90,19,71,0,0,0
27,524,District - Latur (28),Urban,30-34,46709,23343,23366,2363,1710,653,42953,21395,21558,1045,166,879,249,52,197,99,20,79,0,0,0
27,524,District - Latur (28),Urban,35-39,44844,22645,22199,831,525,306,42257,21869,20388,1366,173,1193,284,55,229,106,23,83,0,0,0
27,524,District - Latur (28),Urban,40-44,37236,19995,17241,487,276,211,34940,19445,15495,1512,207,1305,215,54,161,82,13,69,0,0,0
27,524,District - Latur (28),Urban,45-49,27965,14937,13028,316,180,136,25924,14488,11436,1497,212,1285,167,36,131,61,21,40,0,0,0
27,524,District - Latur (28),Urban,50-54,22283,12260,10023,292,167,125,20148,11795,8353,1688,262,1426,121,25,96,34,11,23,0,0,0
27,524,District - Latur (28),Urban,55-59,16855,8747,8108,235,126,109,15067,8351,6716,1445,240,1205,77,21,56,31,9,22,0,0,0
27,524,District - Latur (28),Urban,60-64,17684,8398,9286,327,155,172,14276,7755,6521,2941,452,2489,110,25,85,30,11,19,0,0,0
27,524,District - Latur (28),Urban,65-69,14784,7045,7739,349,158,191,11077,6327,4750,3249,535,2714,91,22,69,18,3,15,0,0,0
27,524,District - Latur (28),Urban,70-74,10084,4982,5102,218,106,112,6639,4337,2302,3174,529,2645,37,6,31,16,4,12,0,0,0
27,524,District - Latur (28),Urban,75-79,4429,2136,2293,98,44,54,2730,1760,970,1579,324,1255,15,7,8,7,1,6,0,0,0
27,524,District - Latur (28),Urban,80+,6562,2949,3613,459,250,209,3208,2022,1186,2860,660,2200,27,13,14,8,4,4,0,0,0
27,524,District - Latur (28),Urban,Age not stated,3201,1696,1505,1477,884,593,1582,785,797,126,20,106,13,6,7,3,1,2,0,0,0
27,524,District - Latur (28),Urban,Less than 18,226793,120535,106258,219648,117739,101909,6758,2631,4127,255,103,152,105,51,54,27,11,16,0,0,0
27,524,District - Latur (28),Urban,Less than 21,270489,142554,127935,251677,137302,114375,18151,4992,13159,442,170,272,170,74,96,49,16,33,0,0,0
27,525,District - Osmanabad (29),Total,All ages,1657576,861535,796041,723966,427478,296488,840594,416782,423812,83312,15272,68040,7623,1627,5996,2081,376,1705,0,0,0
27,525,District - Osmanabad (29),Total,0-9,295535,157584,137951,295535,157584,137951,0,0,0,0,0,0,0,0,0,0,0,0,0,0,0
27,525,District - Osmanabad (29),Total,10-14,167875,89019,78856,163669,87340,76329,3735,1517,2218,345,97,248,112,58,54,14,7,7,0,0,0
27,525,District - Osmanabad (29),Total,15-19,165540,90866,74674,146080,87578,58502,18789,3089,15700,417,113,304,210,80,130,44,6,38,0,0,0
27,525,District - Osmanabad (29),Total,20-24,157097,85841,71256,81665,65727,15938,73950,19828,54122,834,169,665,516,92,424,132,25,107,0,0,0
27,525,District - Osmanabad (29),Total,25-29,131296,68384,62912,23071,20142,2929,105656,47891,57765,1641,203,1438,685,107,578,243,41,202,0,0,0
27,525,District - Osmanabad (29),Total,30-34,111430,56298,55132,4220,3383,837,103550,52438,51112,2611,308,2303,820,132,688,229,37,192,0,0,0
27,525,District - Osmanabad (29),Total,35-39,108267,53666,54601,1465,965,500,102109,52089,50020,3531,402,3129,919,165,754,243,45,198,0,0,0
27,525,District - Osmanabad (29),Total,40-44,96065,50296,45769,994,596,398,89767,48967,40800,4074,495,3579,982,195,787,248,43,205,0,0,0
27,525,District - Osmanabad (29),Total,45-49,77777,40259,37518,499,307,192,72322,39213,33109,3998,547,3451,780,164,616,178,28,150,0,0,0
27,525,District - Osmanabad (29),Total,50-54,63648,33580,30068,435,263,172,58084,32436,25648,4393,728,3665,570,125,445,166,28,138,0,0,0
27,525,District - Osmanabad (29),Total,55-59,52163,25368,26795,342,177,165,47155,24316,22839,4197,784,3413,389,78,311,80,13,67,0,0,0
27,525,District - Osmanabad (29),Total,60-64,62521,26884,35637,778,412,366,52418,24980,27438,8690,1378,7312,520,91,429,115,23,92,0,0,0
27,525,District - Osmanabad (29),Total,65-69,67832,32061,35771,1075,590,485,52920,29000,23920,13159,2309,10850,546,136,410,132,26,106,0,0,0
27,525,District - Osmanabad (29),Total,70-74,48023,25471,22552,691,399,292,32383,22093,10290,14521,2853,11668,319,103,216,109,23,86,0,0,0
27,525,District - Osmanabad (29),Total,75-79,21375,10940,10435,236,129,107,13542,9087,4455,7419,1665,5754,116,43,73,62,16,46,0,0,0
27,525,District - Osmanabad (29),Total,80+,27459,13091,14368,827,494,333,13128,9350,3778,13298,3180,10118,126,53,73,80,14,66,0,0,0
27,525,District - Osmanabad (29),Total,Age not stated,3673,1927,1746,2384,1392,992,1086,488,598,184,41,143,13,5,8,6,1,5,0,0,0
27,525,District - Osmanabad (29),Total,Less than 18,561075,299721,261354,550590,296353,254237,9616,3080,6536,620,169,451,218,108,110,31,11,20,0,0,0
27,525,District - Osmanabad (29),Total,Less than 21,669211,358744,310467,630297,351366,278931,37474,6960,30514,937,237,700,424,161,263,79,20,59,0,0,0
27,525,District - Osmanabad (29),Rural,All ages,1376519,716237,660282,592161,351023,241138,706078,350133,355945,70130,13363,56767,6422,1394,5028,1728,324,1404,0,0,0
27,525,District - Osmanabad (29),Rural,0-9,243871,129997,113874,243871,129997,113874,0,0,0,0,0,0,0,0,0,0,0,0,0,0,0
27,525,District - Osmanabad (29),Rural,10-14,137532,72649,64883,134068,71254,62814,3059,1254,1805,303,88,215,88,46,42,14,7,7,0,0,0
27,525,District - Osmanabad (29),Rural,15-19,136199,75283,60916,119961,72569,47392,15686,2545,13141,351,98,253,167,65,102,34,6,28,0,0,0
27,525,District - Osmanabad (29),Rural,20-24,128631,71311,57320,65794,54385,11409,61627,16675,44952,690,153,537,416,76,340,104,22,82,0,0,0
27,525,District - Osmanabad (29),Rural,25-29,106658,55995,50663,17576,15677,1899,86992,40019,46973,1329,177,1152,562,85,477,199,37,162,0,0,0
27,525,District - Osmanabad (29),Rural,30-34,90795,45962,44833,3060,2508,552,84785,43049,41736,2108,260,1848,661,111,550,181,34,147,0,0,0
27,525,District - Osmanabad (29),Rural,35-39,88771,43897,44874,1038,687,351,83957,42699,41258,2826,339,2487,758,137,621,192,35,157,0,0,0
27,525,District - Osmanabad (29),Rural,40-44,79488,41497,37991,780,478,302,74446,40411,34035,3235,411,2824,816,161,655,211,36,175,0,0,0
27,525,District - Osmanabad (29),Rural,45-49,64405,33289,31116,389,244,145,60043,32407,27636,3150,471,2679,672,143,529,151,24,127,0,0,0
27,525,District - Osmanabad (29),Rural,50-54,53096,27882,25214,345,213,132,48649,26920,21729,3480,620,2860,482,108,374,140,21,119,0,0,0
27,525,District - Osmanabad (29),Rural,55-59,43808,21055,22753,267,143,124,39793,20175,19618,3352,657,2695,335,69,266,61,11,50,0,0,0
27,525,District - Osmanabad (29),Rural,60-64,54119,23100,31019,640,339,301,45775,21476,24299,7165,1188,5977,446,80,366,93,17,76,0,0,0
27,525,District - Osmanabad (29),Rural,65-69,59811,28340,31471,866,480,386,47170,25662,21508,11162,2045,9117,490,127,363,123,26,97,0,0,0
27,525,District - Osmanabad (29),Rural,70-74,42860,22833,20027,582,341,241,29189,19842,9347,12697,2533,10164,298,96,202,94,21,73,0,0,0
27,525,District - Osmanabad (29),Rural,75-79,19044,9820,9224,189,106,83,12223,8178,4045,6472,1483,4989,108,40,68,52,13,39,0,0,0
27,525,District - Osmanabad (29),Rural,80+,24323,11693,12630,689,405,284,11794,8425,3369,11654,2804,8850,113,46,67,73,13,60,0,0,0
27,525,District - Osmanabad (29),Rural,Age not stated,3108,1634,1474,2046,1197,849,890,396,494,156,36,120,10,4,6,6,1,5,0,0,0
27,525,District - Osmanabad (29),Rural,Less than 18,461555,246402,215153,452888,243594,209294,7935,2562,5373,532,149,383,172,86,86,28,11,17,0,0,0
27,525,District - Osmanabad (29),Rural,Less than 21,550934,295739,255195,518363,289621,228742,31360,5758,25602,802,209,593,342,132,210,67,19,48,0,0,0
27,525,District - Osmanabad (29),Urban,All ages,281057,145298,135759,131805,76455,55350,134516,66649,67867,13182,1909,11273,1201,233,968,353,52,301,0,0,0
27,525,District - Osmanabad (29),Urban,0-9,51664,27587,24077,51664,27587,24077,0,0,0,0,0,0,0,0,0,0,0,0,0,0,0
27,525,District - Osmanabad (29),Urban,10-14,30343,16370,13973,29601,16086,13515,676,263,413,42,9,33,24,12,12,0,0,0,0,0,0
27,525,District - Osmanabad (29),Urban,15-19,29341,15583,13758,26119,15009,11110,3103,544,2559,66,15,51,43,15,28,10,0,10,0,0,0
27,525,District - Osmanabad (29),Urban,20-24,28466,14530,13936,15871,11342,4529,12323,3153,9170,144,16,128,100,16,84,28,3,25,0,0,0
27,525,District - Osmanabad (29),Urban,25-29,24638,12389,12249,5495,4465,1030,18664,7872,10792,312,26,286,123,22,101,44,4,40,0,0,0
27,525,District - Osmanabad (29),Urban,30-34,20635,10336,10299,1160,875,285,18765,9389,9376,503,48,455,159,21,138,48,3,45,0,0,0
27,525,District - Osmanabad (29),Urban,35-39,19496,9769,9727,427,278,149,18152,9390,8762,705,63,642,161,28,133,51,10,41,0,0,0
27,525,District - Osmanabad (29),Urban,40-44,16577,8799,7778,214,118,96,15321,8556,6765,839,84,755,166,34,132,37,7,30,0,0,0
27,525,District - Osmanabad (29),Urban,45-49,13372,6970,6402,110,63,47,12279,6806,5473,848,76,772,108,21,87,27,4,23,0,0,0
27,525,District - Osmanabad (29),Urban,50-54,10552,5698,4854,90,50,40,9435,5516,3919,913,108,805,88,17,71,26,7,19,0,0,0
27,525,District - Osmanabad (29),Urban,55-59,8355,4313,4042,75,34,41,7362,4141,3221,845,127,718,54,9,45,19,2,17,0,0,0
27,525,District - Osmanabad (29),Urban,60-64,8402,3784,4618,138,73,65,6643,3504,3139,1525,190,1335,74,11,63,22,6,16,0,0,0
27,525,District - Osmanabad (29),Urban,65-69,8021,3721,4300,209,110,99,5750,3338,2412,1997,264,1733,56,9,47,9,0,9,0,0,0
27,525,District - Osmanabad (29),Urban,70-74,5163,2638,2525,109,58,51,3194,2251,943,1824,320,1504,21,7,14,15,2,13,0,0,0
27,525,District - Osmanabad (29),Urban,75-79,2331,1120,1211,47,23,24,1319,909,410,947,182,765,8,3,5,10,3,7,0,0,0
27,525,District - Osmanabad (29),Urban,80+,3136,1398,1738,138,89,49,1334,925,409,1644,376,1268,13,7,6,7,1,6,0,0,0
27,525,District - Osmanabad (29),Urban,Age not stated,565,293,272,338,195,143,196,92,104,28,5,23,3,1,2,0,0,0,0,0,0
27,525,District - Osmanabad (29),Urban,Less than 18,99520,53319,46201,97702,52759,44943,1681,518,1163,88,20,68,46,22,24,3,0,3,0,0,0
27,525,District - Osmanabad (29),Urban,Less than 21,118277,63005,55272,111934,61745,50189,6114,1202,4912,135,28,107,82,29,53,12,1,11,0,0,0
27,526,District - Solapur (30),Total,All ages,4317756,2227852,2089904,1879643,1106121,773522,2185482,1077030,1108452,223396,38259,185137,23481,5274,18207,5754,1168,4586,0,0,0
27,526,District - Solapur (30),Total,0-9,770894,408883,362011,770894,408883,362011,0,0,0,0,0,0,0,0,0,0,0,0,0,0,0
27,526,District - Solapur (30),Total,10-14,433240,230004,203236,421076,224799,196277,11346,4857,6489,449,164,285,298,149,149,71,35,36,0,0,0
27,526,District - Solapur (30),Total,15-19,421326,230588,190738,362576,221434,141142,57124,8679,48445,959,261,698,539,183,356,128,31,97,0,0,0
27,526,District - Solapur (30),Total,20-24,422422,223496,198926,214369,168703,45666,203914,54040,149874,2195,415,1780,1537,281,1256,407,57,350,0,0,0
27,526,District - Solapur (30),Total,25-29,354912,182587,172325,64283,53443,10840,282979,127897,155082,4568,648,3920,2413,470,1943,669,129,540,0,0,0
27,526,District - Solapur (30),Total,30-34,305901,152022,153879,14172,10287,3885,280535,140118,140417,7543,896,6647,2862,535,2327,789,186,603,0,0,0
27,526,District - Solapur (30),Total,35-39,295695,144975,150720,5696,3460,2236,275013,139501,135512,10912,1211,9701,3213,645,2568,861,158,703,0,0,0
27,526,District - Solapur (30),Total,40-44,266418,134516,131902,3898,2223,1675,244314,129810,114504,14136,1664,12472,3232,669,2563,838,150,688,0,0,0
27,526,District - Solapur (30),Total,45-49,221886,112352,109534,2558,1397,1161,201503,108496,93007,14806,1829,12977,2448,528,1920,571,102,469,0,0,0
27,526,District - Solapur (30),Total,50-54,189235,97129,92106,2061,1015,1046,167070,93087,73983,17579,2460,15119,2085,473,1612,440,94,346,0,0,0
27,526,District - Solapur (30),Total,55-59,148461,74250,74211,1426,685,741,128802,70554,58248,16679,2637,14042,1261,317,944,293,57,236,0,0,0
27,526,District - Solapur (30),Total,60-64,149912,70430,79482,2365,1127,1238,118587,64672,53915,27342,4243,23099,1347,322,1025,271,66,205,0,0,0
27,526,District - Solapur (30),Total,65-69,128371,61289,67082,2390,1294,1096,94105,54517,39588,30672,5179,25493,1042,265,777,162,34,128,0,0,0
27,526,District - Solapur (30),Total,70-74,95428,48150,47278,1371,756,615,60515,41027,19488,32766,6115,26651,647,217,430,129,35,94,0,0,0
27,526,District - Solapur (30),Total,75-79,43548,22214,21334,672,361,311,26048,17913,8135,16558,3845,12713,231,88,143,39,7,32,0,0,0
27,526,District - Solapur (30),Total,80+,54980,26766,28214,3244,1939,1305,26029,18180,7849,25414,6530,18884,238,99,139,55,18,37,0,0,0
27,526,District - Solapur (30),Total,Age not stated,15127,8201,6926,6592,4315,2277,7598,3682,3916,818,162,656,88,33,55,31,9,22,0,0,0
27,526,District - Solapur (30),Total,Less than 18,1448685,773861,674824,1419030,764123,654907,27992,9133,18859,1017,310,707,521,243,278,125,52,73,0,0,0
27,526,District - Solapur (30),Total,Less than 21,1733304,923893,809411,1619383,903550,715833,110565,19339,91226,1915,534,1381,1161,393,768,280,77,203,0,0,0
27,526,District - Solapur (30),Rural,All ages,2918665,1518343,1400322,1253940,747496,506444,1500809,740396,760413,143869,26310,117559,16693,3543,13150,3354,598,2756,0,0,0
27,526,District - Solapur (30),Rural,0-9,536030,285715,250315,536030,285715,250315,0,0,0,0,0,0,0,0,0,0,0,0,0,0,0
27,526,District - Solapur (30),Rural,10-14,296766,158242,138524,288617,154761,133856,7642,3255,4387,270,103,167,197,101,96,40,22,18,0,0,0
27,526,District - Solapur (30),Rural,15-19,280262,156606,123656,237945,150233,87712,41234,6060,35174,630,172,458,376,122,254,77,19,58,0,0,0
27,526,District - Solapur (30),Rural,20-24,278180,150509,127671,132192,110471,21721,143240,39565,103675,1444,261,1183,1063,185,878,241,27,214,0,0,0
27,526,District - Solapur (30),Rural,25-29,230374,119832,110542,34469,30335,4134,190883,88703,102180,2996,414,2582,1663,303,1360,363,77,286,0,0,0
27,526,District - Solapur (30),Rural,30-34,200627,99817,100810,6743,5188,1555,186853,93641,93212,4650,548,4102,1958,345,1613,423,95,328,0,0,0
27,526,District - Solapur (30),Rural,35-39,195374,96355,99019,2655,1669,986,183553,93500,90053,6492,734,5758,2198,384,1814,476,68,408,0,0,0
27,526,District - Solapur (30),Rural,40-44,177585,90062,87523,1965,1191,774,164581,87314,77267,8213,1057,7156,2323,433,1890,503,67,436,0,0,0
27,526,District - Solapur (30),Rural,45-49,146783,74739,72044,1274,735,539,134945,72464,62481,8491,1140,7351,1726,348,1378,347,52,295,0,0,0
27,526,District - Solapur (30),Rural,50-54,124951,64338,60613,1002,546,456,112148,61833,50315,10021,1599,8422,1514,324,1190,266,36,230,0,0,0
27,526,District - Solapur (30),Rural,55-59,99081,49148,49933,683,366,317,87790,46821,40969,9515,1700,7815,919,230,689,174,31,143,0,0,0
27,526,District - Solapur (30),Rural,60-64,104754,48560,56194,1355,679,676,85382,44845,40537,16851,2779,14072,991,223,768,175,34,141,0,0,0
27,526,District - Solapur (30),Rural,65-69,95010,45839,49171,1430,824,606,71653,41084,30569,20993,3692,17301,832,217,615,102,22,80,0,0,0
27,526,District - Solapur (30),Rural,70-74,70908,36618,34290,831,468,363,46409,31458,14951,23077,4504,18573,502,162,340,89,26,63,0,0,0
27,526,District - Solapur (30),Rural,75-79,31882,16431,15451,386,213,173,19687,13412,6275,11618,2739,8879,171,63,108,20,4,16,0,0,0
27,526,District - Solapur (30),Rural,80+,40388,20234,20154,2086,1282,804,19922,14085,5837,18149,4779,13370,195,77,118,36,11,25,0,0,0
27,526,District - Solapur (30),Rural,Age not stated,9710,5298,4412,4277,2820,1457,4887,2356,2531,459,89,370,65,26,39,22,7,15,0,0,0
27,526,District - Solapur (30),Rural,Less than 18,996094,535998,460096,975737,529418,446319,19296,6180,13116,642,202,440,349,166,183,70,32,38,0,0,0
27,526,District - Solapur (30),Rural,Less than 21,1186616,638295,548321,1104748,624088,480660,79642,13548,66094,1248,349,899,806,261,545,172,49,123,0,0,0
27,526,District - Solapur (30),Urban,All ages,1399091,709509,689582,625703,358625,267078,684673,336634,348039,79527,11949,67578,6788,1731,5057,2400,570,1830,0,0,0
27,526,District - Solapur (30),Urban,0-9,234864,123168,111696,234864,123168,111696,0,0,0,0,0,0,0,0,0,0,0,0,0,0,0
27,526,District - Solapur (30),Urban,10-14,136474,71762,64712,132459,70038,62421,3704,1602,2102,179,61,118,101,48,53,31,13,18,0,0,0
27,526,District - Solapur (30),Urban,15-19,141064,73982,67082,124631,71201,53430,15890,2619,13271,329,89,240,163,61,102,51,12,39,0,0,0
27,526,District - Solapur (30),Urban,20-24,144242,72987,71255,82177,58232,23945,60674,14475,46199,751,154,597,474,96,378,166,30,136,0,0,0
27,526,District - Solapur (30),Urban,25-29,124538,62755,61783,29814,23108,6706,92096,39194,52902,1572,234,1338,750,167,583,306,52,254,0,0,0
27,526,District - Solapur (30),Urban,30-34,105274,52205,53069,7429,5099,2330,93682,46477,47205,2893,348,2545,904,190,714,366,91,275,0,0,0
27,526,District - Solapur (30),Urban,35-39,100321,48620,51701,3041,1791,1250,91460,46001,45459,4420,477,3943,1015,261,754,385,90,295,0,0,0
27,526,District - Solapur (30),Urban,40-44,88833,44454,44379,1933,1032,901,79733,42496,37237,5923,607,5316,909,236,673,335,83,252,0,0,0
27,526,District - Solapur (30),Urban,45-49,75103,37613,37490,1284,662,622,66558,36032,30526,6315,689,5626,722,180,542,224,50,174,0,0,0
27,526,District - Solapur (30),Urban,50-54,64284,32791,31493,1059,469,590,54922,31254,23668,7558,861,6697,571,149,422,174,58,116,0,0,0
27,526,District - Solapur (30),Urban,55-59,49380,25102,24278,743,319,424,41012,23733,17279,7164,937,6227,342,87,255,119,26,93,0,0,0
27,526,District - Solapur (30),Urban,60-64,45158,21870,23288,1010,448,562,33205,19827,13378,10491,1464,9027,356,99,257,96,32,64,0,0,0
27,526,District - Solapur (30),Urban,65-69,33361,15450,17911,960,470,490,22452,13433,9019,9679,1487,8192,210,48,162,60,12,48,0,0,0
27,526,District - Solapur (30),Urban,70-74,24520,11532,12988,540,288,252,14106,9569,4537,9689,1611,8078,145,55,90,40,9,31,0,0,0
27,526,District - Solapur (30),Urban,75-79,11666,5783,5883,286,148,138,6361,4501,1860,4940,1106,3834,60,25,35,19,3,16,0,0,0
27,526,District - Solapur (30),Urban,80+,14592,6532,8060,1158,657,501,6107,4095,2012,7265,1751,5514,43,22,21,19,7,12,0,0,0
27,526,District - Solapur (30),Urban,Age not stated,5417,2903,2514,2315,1495,820,2711,1326,1385,359,73,286,23,7,16,9,2,7,0,0,0
27,526,District - Solapur (30),Urban,Less than 18,452591,237863,214728,443293,234705,208588,8696,2953,5743,375,108,267,172,77,95,55,20,35,0,0,0
27,526,District - Solapur (30),Urban,Less than 21,546688,285598,261090,514635,279462,235173,30923,5791,25132,667,185,482,355,132,223,108,28,80,0,0,0
27,527,District - Satara (31),Total,All ages,3003741,1510842,1492899,1190008,688834,501174,1602533,783126,819407,191597,34001,157596,15121,3724,11397,4482,1157,3325,0,0,0
27,527,District - Satara (31),Total,0-9,462173,244222,217951,462173,244222,217951,0,0,0,0,0,0,0,0,0,0,0,0,0,0,0
27,527,District - Satara (31),Total,10-14,269413,143827,125586,256265,137867,118398,12099,5518,6581,736,298,438,242,110,132,71,34,37,0,0,0
27,527,District - Satara (31),Total,15-19,272217,144326,127891,236814,135376,101438,33850,8355,25495,1143,454,689,307,104,203,103,37,66,0,0,0
27,527,District - Satara (31),Total,20-24,271808,135212,136596,145327,104733,40594,123681,29718,93963,1820,538,1282,724,163,561,256,60,196,0,0,0
27,527,District - Satara (31),Total,25-29,241713,119839,121874,51671,42956,8715,185149,75816,109333,3171,669,2502,1285,301,984,437,97,340,0,0,0
27,527,District - Satara (31),Total,30-34,214455,104928,109527,11743,8972,2771,194928,94470,100458,5410,887,4523,1814,450,1364,560,149,411,0,0,0
27,527,District - Satara (31),Total,35-39,215224,104745,110479,4570,2885,1685,199280,99859,99421,8405,1283,7122,2265,524,1741,704,194,510,0,0,0
27,527,District - Satara (31),Total,40-44,199074,99541,99533,3060,1730,1330,182297,95631,86666,10870,1484,9386,2192,544,1648,655,152,503,0,0,0
27,527,District - Satara (31),Total,45-49,171739,83736,88003,2131,1116,1015,154803,80367,74436,12517,1721,10796,1821,423,1398,467,109,358,0,0,0
27,527,District - Satara (31),Total,50-54,149959,74577,75382,1735,907,828,132109,71147,60962,14329,2145,12184,1395,303,1092,391,75,316,0,0,0
27,527,District - Satara (31),Total,55-59,126886,62143,64743,1538,788,750,108945,58715,50230,15200,2334,12866,967,228,739,236,78,158,0,0,0
27,527,District - Satara (31),Total,60-64,119632,56036,63596,1688,807,881,94638,51601,43037,22230,3374,18856,862,196,666,214,58,156,0,0,0
27,527,District - Satara (31),Total,65-69,106185,48194,57991,1736,871,865,76166,43082,33084,27545,4069,23476,579,139,440,159,33,126,0,0,0
27,527,District - Satara (31),Total,70-74,80768,38829,41939,945,452,493,50821,33199,17622,28566,5025,23541,325,118,207,111,35,76,0,0,0
27,527,District - Satara (31),Total,75-79,41968,21139,20829,559,265,294,24753,17083,7670,16484,3729,12755,137,43,94,35,19,16,0,0,0
27,527,District - Satara (31),Total,80+,46304,22194,24110,2166,1237,929,21664,15053,6611,22280,5826,16454,134,56,78,60,22,38,0,0,0
27,527,District - Satara (31),Total,Age not stated,14223,7354,6869,5887,3650,2237,7350,3512,3838,891,165,726,72,22,50,23,5,18,0,0,0
27,527,District - Satara (31),Total,Less than 18,892414,474169,418245,865725,463536,402189,24731,9855,14876,1438,551,887,400,172,228,120,55,65,0,0,0
27,527,District - Satara (31),Total,Less than 21,1065985,562851,503134,994924,543812,451112,67901,17852,50049,2271,861,1410,673,246,427,216,80,136,0,0,0
27,527,District - Satara (31),Rural,All ages,2433363,1219749,1213614,951884,551227,400657,1304325,635584,668741,161176,28961,132215,12514,3092,9422,3464,885,2579,0,0,0
27,527,District - Satara (31),Rural,0-9,374509,197575,176934,374509,197575,176934,0,0,0,0,0,0,0,0,0,0,0,0,0,0,0
27,527,District - Satara (31),Rural,10-14,216365,114608,101757,205531,109694,95837,9947,4541,5406,629,251,378,204,93,111,54,29,25,0,0,0
27,527,District - Satara (31),Rural,15-19,220040,116112,103928,190696,108690,82006,28043,6927,21116,977,386,591,246,81,165,78,28,50,0,0,0
27,527,District - Satara (31),Rural,20-24,217770,108506,109264,113587,83832,29755,101852,24043,77809,1529,450,1079,600,134,466,202,47,155,0,0,0
27,527,District - Satara (31),Rural,25-29,191628,95548,96080,39263,33500,5763,148381,61161,87220,2625,567,2058,1021,241,780,338,79,259,0,0,0
27,527,District - Satara (31),Rural,30-34,169029,83003,86026,8550,6683,1867,154150,75094,79056,4442,739,3703,1480,375,1105,407,112,295,0,0,0
27,527,District - Satara (31),Rural,35-39,170728,82854,87874,3230,2069,1161,158256,79144,79112,6833,1074,5759,1867,423,1444,542,144,398,0,0,0
27,527,District - Satara (31),Rural,40-44,158528,79321,79207,2207,1288,919,145257,76219,69038,8773,1244,7529,1796,454,1342,495,116,379,0,0,0
27,527,District - Satara (31),Rural,45-49,137873,66472,71401,1510,790,720,124321,63804,60517,10168,1447,8721,1514,356,1158,360,75,285,0,0,0
27,527,District - Satara (31),Rural,50-54,122017,60033,61984,1248,676,572,107701,57290,50411,11606,1770,9836,1158,246,912,304,51,253,0,0,0
27,527,District - Satara (31),Rural,55-59,104594,50677,53917,1169,612,557,89956,47840,42116,12461,1969,10492,825,197,628,183,59,124,0,0,0
27,527,District - Satara (31),Rural,60-64,100551,46540,54011,1280,617,663,79795,42854,36941,18575,2854,15721,728,167,561,173,48,125,0,0,0
27,527,District - Satara (31),Rural,65-69,91573,41290,50283,1383,691,692,65839,36930,28909,23713,3520,20193,506,122,384,132,27,105,0,0,0
27,527,District - Satara (31),Rural,70-74,70139,33617,36522,735,355,380,44273,28803,15470,24762,4327,20435,277,105,172,92,27,65,0,0,0
27,527,District - Satara (31),Rural,75-79,36156,18274,17882,430,210,220,21491,14831,6660,14091,3182,10909,112,33,79,32,18,14,0,0,0
27,527,District - Satara (31),Rural,80+,40103,19280,20823,1745,992,753,18947,13180,5767,19235,5038,14197,122,50,72,54,20,34,0,0,0
27,527,District - Satara (31),Rural,Age not stated,11760,6039,5721,4811,2953,1858,6116,2923,3193,757,143,614,58,15,43,18,5,13,0,0,0
27,527,District - Satara (31),Rural,Less than 18,721106,381357,339749,699051,372540,326511,20417,8169,12248,1220,462,758,327,141,186,91,45,46,0,0,0
27,527,District - Satara (31),Rural,Less than 21,861363,453020,408343,802327,437317,365010,56373,14710,41663,1944,727,1217,555,201,354,164,65,99,0,0,0
27,527,District - Satara (31),Urban,All ages,570378,291093,279285,238124,137607,100517,298208,147542,150666,30421,5040,25381,2607,632,1975,1018,272,746,0,0,0
27,527,District - Satara (31),Urban,0-9,87664,46647,41017,87664,46647,41017,0,0,0,0,0,0,0,0,0,0,0,0,0,0,0
27,527,District - Satara (31),Urban,10-14,53048,29219,23829,50734,28173,22561,2152,977,1175,107,47,60,38,17,21,17,5,12,0,0,0
27,527,District - Satara (31),Urban,15-19,52177,28214,23963,46118,26686,19432,5807,1428,4379,166,68,98,61,23,38,25,9,16,0,0,0
27,527,District - Satara (31),Urban,20-24,54038,26706,27332,31740,20901,10839,21829,5675,16154,291,88,203,124,29,95,54,13,41,0,0,0
27,527,District - Satara (31),Urban,25-29,50085,24291,25794,12408,9456,2952,36768,14655,22113,546,102,444,264,60,204,99,18,81,0,0,0
27,527,District - Satara (31),Urban,30-34,45426,21925,23501,3193,2289,904,40778,19376,21402,968,148,820,334,75,259,153,37,116,0,0,0
27,527,District - Satara (31),Urban,35-39,44496,21891,22605,1340,816,524,41024,20715,20309,1572,209,1363,398,101,297,162,50,112,0,0,0
27,527,District - Satara (31),Urban,40-44,40546,20220,20326,853,442,411,37040,19412,17628,2097,240,1857,396,90,306,160,36,124,0,0,0
27,527,District - Satara (31),Urban,45-49,33866,17264,16602,621,326,295,30482,16563,13919,2349,274,2075,307,67,240,107,34,73,0,0,0
27,527,District - Satara (31),Urban,50-54,27942,14544,13398,487,231,256,24408,13857,10551,2723,375,2348,237,57,180,87,24,63,0,0,0
27,527,District - Satara (31),Urban,55-59,22292,11466,10826,369,176,193,18989,10875,8114,2739,365,2374,142,31,111,53,19,34,0,0,0
27,527,District - Satara (31),Urban,60-64,19081,9496,9585,408,190,218,14843,8747,6096,3655,520,3135,134,29,105,41,10,31,0,0,0
27,527,District - Satara (31),Urban,65-69,14612,6904,7708,353,180,173,10327,6152,4175,3832,549,3283,73,17,56,27,6,21,0,0,0
27,527,District - Satara (31),Urban,70-74,10629,5212,5417,210,97,113,6548,4396,2152,3804,698,3106,48,13,35,19,8,11,0,0,0
27,527,District - Satara (31),Urban,75-79,5812,2865,2947,129,55,74,3262,2252,1010,2393,547,1846,25,10,15,3,1,2,0,0,0
27,527,District - Satara (31),Urban,80+,6201,2914,3287,421,245,176,2717,1873,844,3045,788,2257,12,6,6,6,2,4,0,0,0
27,527,District - Satara (31),Urban,Age not stated,2463,1315,1148,1076,697,379,1234,589,645,134,22,112,14,7,7,5,0,5,0,0,0
27,527,District - Satara (31),Urban,Less than 18,171308,92812,78496,166674,90996,75678,4314,1686,2628,218,89,129,73,31,42,29,10,19,0,0,0
27,527,District - Satara (31),Urban,Less than 21,204622,109831,94791,192597,106495,86102,11528,3142,8386,327,134,193,118,45,73,52,15,37,0,0,0
27,528,District - Ratnagiri (32),Total,All ages,1615069,761121,853948,675884,366366,309518,801997,373869,428128,131697,19028,112669,3081,1121,1960,2410,737,1673,0,0,0
27,528,District - Ratnagiri (32),Total,0-9,234740,120858,113882,234740,120858,113882,0,0,0,0,0,0,0,0,0,0,0,0,0,0,0
27,528,District - Ratnagiri (32),Total,10-14,160681,82345,78336,158738,81570,77168,1765,712,1053,126,40,86,45,20,25,7,3,4,0,0,0
27,528,District - Ratnagiri (32),Total,15-19,148160,75521,72639,142055,74208,67847,5863,1255,4608,198,42,156,39,15,24,5,1,4,0,0,0
27,528,District - Ratnagiri (32),Total,20-24,122290,56359,65931,81514,48953,32561,40321,7315,33006,286,58,228,91,23,68,78,10,68,0,0,0
27,528,District - Ratnagiri (32),Total,25-29,111560,50446,61114,31502,23505,7997,78932,26710,52222,706,125,581,222,61,161,198,45,153,0,0,0
27,528,District - Ratnagiri (32),Total,30-34,108859,48514,60345,10277,7408,2869,96423,40643,55780,1498,240,1258,352,128,224,309,95,214,0,0,0
27,528,District - Ratnagiri (32),Total,35-39,118362,52614,65748,4990,3093,1897,109186,48772,60414,3222,411,2811,535,199,336,429,139,290,0,0,0
27,528,District - Ratnagiri (32),Total,40-44,111543,51782,59761,3026,1697,1329,102555,49193,53362,5140,609,4531,444,152,292,378,131,247,0,0,0
27,528,District - Ratnagiri (32),Total,45-49,100141,47426,52715,2012,1146,866,90058,45217,44841,7418,840,6578,361,127,234,292,96,196,0,0,0
27,528,District - Ratnagiri (32),Total,50-54,81312,38587,42725,1448,783,665,70247,36465,33782,9115,1174,7941,287,107,180,215,58,157,0,0,0
27,528,District - Ratnagiri (32),Total,55-59,72615,32879,39736,1127,617,510,59880,30691,29189,11228,1437,9791,214,87,127,166,47,119,0,0,0
27,528,District - Ratnagiri (32),Total,60-64,70946,30398,40548,1090,586,504,52429,27630,24799,17103,2063,15040,199,81,118,125,38,87,0,0,0
27,528,District - Ratnagiri (32),Total,65-69,68308,27854,40454,870,484,386,43806,24442,19364,23410,2845,20565,136,45,91,86,38,48,0,0,0
27,528,District - Ratnagiri (32),Total,70-74,51237,22262,28975,602,362,240,27689,18445,9244,22795,3388,19407,87,47,40,64,20,44,0,0,0
27,528,District - Ratnagiri (32),Total,75-79,27255,11954,15301,332,196,136,13198,9283,3915,13666,2453,11213,32,13,19,27,9,18,0,0,0
27,528,District - Ratnagiri (32),Total,80+,25294,10399,14895,660,364,296,8916,6738,2178,15661,3276,12385,32,16,16,25,5,20,0,0,0
27,528,District - Ratnagiri (32),Total,Age not stated,1766,923,843,901,536,365,729,358,371,125,27,98,5,0,5,6,2,4,0,0,0
27,528,District - Ratnagiri (32),Total,Less than 18,488375,251062,237313,484108,249535,234573,3914,1425,2489,267,69,198,75,29,46,11,4,7,0,0,0
27,528,District - Ratnagiri (32),Total,Less than 21,571844,292117,279727,558658,289325,269333,12657,2651,10006,412,97,315,100,39,61,17,5,12,0,0,0
27,528,District - Ratnagiri (32),Rural,All ages,1351346,630213,721133,560794,302555,258239,668538,308950,359588,117401,17099,100302,2612,982,1630,2001,627,1374,0,0,0
27,528,District - Ratnagiri (32),Rural,0-9,195511,100420,95091,195511,100420,95091,0,0,0,0,0,0,0,0,0,0,0,0,0,0,0
27,528,District - Ratnagiri (32),Rural,10-14,136447,69670,66777,134993,69112,65881,1318,520,798,102,25,77,28,11,17,6,2,4,0,0,0
27,528,District - Ratnagiri (32),Rural,15-19,124191,63067,61124,119425,62046,57379,4549,969,3580,181,39,142,31,12,19,5,1,4,0,0,0
27,528,District - Ratnagiri (32),Rural,20-24,98682,44687,53995,65259,38926,26333,33059,5695,27364,229,42,187,66,15,51,69,9,60,0,0,0
27,528,District - Ratnagiri (32),Rural,25-29,89531,40075,49456,24563,18531,6032,64029,21346,42683,584,104,480,196,52,144,159,42,117,0,0,0
27,528,District - Ratnagiri (32),Rural,30-34,87598,38579,49019,7948,5771,2177,77832,32416,45416,1267,198,1069,304,116,188,247,78,169,0,0,0
27,528,District - Ratnagiri (32),Rural,35-39,96017,42028,53989,3849,2431,1418,88636,38954,49682,2740,355,2385,452,175,277,340,113,227,0,0,0
27,528,District - Ratnagiri (32),Rural,40-44,91457,41711,49746,2323,1312,1011,84046,39619,44427,4396,538,3858,369,129,240,323,113,210,0,0,0
27,528,District - Ratnagiri (32),Rural,45-49,83246,38823,44423,1543,908,635,74744,36972,37772,6403,750,5653,312,113,199,244,80,164,0,0,0
27,528,District - Ratnagiri (32),Rural,50-54,68175,31699,36476,1087,596,491,58792,29913,28879,7879,1047,6832,245,96,149,172,47,125,0,0,0
27,528,District - Ratnagiri (32),Rural,55-59,62108,27698,34410,803,469,334,51145,25806,25339,9831,1298,8533,184,81,103,145,44,101,0,0,0
27,528,District - Ratnagiri (32),Rural,60-64,61911,26088,35823,854,477,377,45633,23673,21960,15150,1834,13316,168,71,97,106,33,73,0,0,0
27,528,District - Ratnagiri (32),Rural,65-69,61772,24922,36850,669,388,281,39502,21850,17652,21404,2611,18793,120,39,81,77,34,43,0,0,0
27,528,District - Ratnagiri (32),Rural,70-74,46379,20078,26301,486,303,183,24909,16605,8304,20847,3108,17739,80,45,35,57,17,40,0,0,0
27,528,District - Ratnagiri (32),Rural,75-79,24366,10667,13699,268,169,99,11806,8281,3525,12240,2197,10043,29,13,16,23,7,16,0,0,0
27,528,District - Ratnagiri (32),Rural,80+,22581,9274,13307,500,276,224,7986,6050,1936,14047,2929,11118,25,14,11,23,5,18,0,0,0
27,528,District - Ratnagiri (32),Rural,Age not stated,1374,727,647,713,420,293,552,281,271,101,24,77,3,0,3,5,2,3,0,0,0
27,528,District - Ratnagiri (32),Rural,Less than 18,410759,210526,200233,407505,209367,198138,2961,1087,1874,232,51,181,51,18,33,10,3,7,0,0,0
27,528,District - Ratnagiri (32),Rural,Less than 21,479122,243917,235205,468771,241810,226961,9906,2001,7905,358,77,281,71,25,46,16,4,12,0,0,0
27,528,District - Ratnagiri (32),Urban,All ages,263723,130908,132815,115090,63811,51279,133459,64919,68540,14296,1929,12367,469,139,330,409,110,299,0,0,0
27,528,District - Ratnagiri (32),Urban,0-9,39229,20438,18791,39229,20438,18791,0,0,0,0,0,0,0,0,0,0,0,0,0,0,0
27,528,District - Ratnagiri (32),Urban,10-14,24234,12675,11559,23745,12458,11287,447,192,255,24,15,9,17,9,8,1,1,0,0,0,0
27,528,District - Ratnagiri (32),Urban,15-19,23969,12454,11515,22630,12162,10468,1314,286,1028,17,3,14,8,3,5,0,0,0,0,0,0
27,528,District - Ratnagiri (32),Urban,20-24,23608,11672,11936,16255,10027,6228,7262,1620,5642,57,16,41,25,8,17,9,1,8,0,0,0
27,528,District - Ratnagiri (32),Urban,25-29,22029,10371,11658,6939,4974,1965,14903,5364,9539,122,21,101,26,9,17,39,3,36,0,0,0
27,528,District - Ratnagiri (32),Urban,30-34,21261,9935,11326,2329,1637,692,18591,8227,10364,231,42,189,48,12,36,62,17,45,0,0,0
27,528,District - Ratnagiri (32),Urban,35-39,22345,10586,11759,1141,662,479,20550,9818,10732,482,56,426,83,24,59,89,26,63,0,0,0
27,528,District - Ratnagiri (32),Urban,40-44,20086,10071,10015,703,385,318,18509,9574,8935,744,71,673,75,23,52,55,18,37,0,0,0
27,528,District - Ratnagiri (32),Urban,45-49,16895,8603,8292,469,238,231,15314,8245,7069,1015,90,925,49,14,35,48,16,32,0,0,0
27,528,District - Ratnagiri (32),Urban,50-54,13137,6888,6249,361,187,174,11455,6552,4903,1236,127,1109,42,11,31,43,11,32,0,0,0
27,528,District - Ratnagiri (32),Urban,55-59,10507,5181,5326,324,148,176,8735,4885,3850,1397,139,1258,30,6,24,21,3,18,0,0,0
27,528,District - Ratnagiri (32),Urban,60-64,9035,4310,4725,236,109,127,6796,3957,2839,1953,229,1724,31,10,21,19,5,14,0,0,0
27,528,District - Ratnagiri (32),Urban,65-69,6536,2932,3604,201,96,105,4304,2592,1712,2006,234,1772,16,6,10,9,4,5,0,0,0
27,528,District - Ratnagiri (32),Urban,70-74,4858,2184,2674,116,59,57,2780,1840,940,1948,280,1668,7,2,5,7,3,4,0,0,0
27,528,District - Ratnagiri (32),Urban,75-79,2889,1287,1602,64,27,37,1392,1002,390,1426,256,1170,3,0,3,4,2,2,0,0,0
27,528,District - Ratnagiri (32),Urban,80+,2713,1125,1588,160,88,72,930,688,242,1614,347,1267,7,2,5,2,0,2,0,0,0
27,528,District - Ratnagiri (32),Urban,Age not stated,392,196,196,188,116,72,177,77,100,24,3,21,2,0,2,1,0,1,0,0,0
27,528,District - Ratnagiri (32),Urban,Less than 18,77616,40536,37080,76603,40168,36435,953,338,615,35,18,17,24,11,13,1,1,0,0,0,0
27,528,District - Ratnagiri (32),Urban,Less than 21,92722,48200,44522,89887,47515,42372,2751,650,2101,54,20,34,29,14,15,1,1,0,0,0,0
27,529,District - Sindhudurg (33),Total,All ages,849651,417332,432319,342948,191350,151598,432650,212521,220129,71166,12412,58754,2107,787,1320,780,262,518,0,0,0
27,529,District - Sindhudurg (33),Total,0-9,107584,55756,51828,107584,55756,51828,0,0,0,0,0,0,0,0,0,0,0,0,0,0,0
27,529,District - Sindhudurg (33),Total,10-14,74551,38416,36135,72013,37295,34718,2333,1037,1296,167,61,106,32,17,15,6,6,0,0,0,0
27,529,District - Sindhudurg (33),Total,15-19,75179,38506,36673,69931,36846,33085,4924,1527,3397,287,105,182,34,26,8,3,2,1,0,0,0
27,529,District - Sindhudurg (33),Total,20-24,64768,32084,32684,46208,27558,18650,18163,4399,13764,300,88,212,73,28,45,24,11,13,0,0,0
27,529,District - Sindhudurg (33),Total,25-29,59942,29890,30052,23109,17177,5932,36160,12519,23641,486,148,338,116,32,84,71,14,57,0,0,0
27,529,District - Sindhudurg (33),Total,30-34,59690,29031,30659,9570,7401,2169,48879,21278,27601,947,252,695,215,72,143,79,28,51,0,0,0
27,529,District - Sindhudurg (33),Total,35-39,63765,30573,33192,4218,3074,1144,57380,27000,30380,1764,345,1419,291,114,177,112,40,72,0,0,0
27,529,District - Sindhudurg (33),Total,40-44,62515,30897,31618,2567,1660,907,56721,28622,28099,2775,464,2311,325,105,220,127,46,81,0,0,0
27,529,District - Sindhudurg (33),Total,45-49,56326,28264,28062,1621,968,653,50508,26525,23983,3792,624,3168,293,113,180,112,34,78,0,0,0
27,529,District - Sindhudurg (33),Total,50-54,46168,23128,23040,1254,719,535,39950,21525,18425,4660,780,3880,228,79,149,76,25,51,0,0,0
27,529,District - Sindhudurg (33),Total,55-59,40193,19474,20719,920,527,393,33469,17919,15550,5587,953,4634,158,57,101,59,18,41,0,0,0
27,529,District - Sindhudurg (33),Total,60-64,39148,17496,21652,912,501,411,29246,15614,13632,8820,1313,7507,128,51,77,42,17,25,0,0,0
27,529,District - Sindhudurg (33),Total,65-69,38459,16468,21991,764,448,316,24874,14222,10652,12707,1754,10953,90,35,55,24,9,15,0,0,0
27,529,District - Sindhudurg (33),Total,70-74,29056,12877,16179,489,313,176,15889,10524,5365,12591,2005,10586,71,32,39,16,3,13,0,0,0
27,529,District - Sindhudurg (33),Total,75-79,15017,6901,8116,249,152,97,7516,5281,2235,7220,1454,5766,23,12,11,9,2,7,0,0,0
27,529,District - Sindhudurg (33),Total,80+,14922,6337,8585,555,339,216,5481,3957,1524,8854,2028,6826,16,7,9,16,6,10,0,0,0
27,529,District - Sindhudurg (33),Total,Age not stated,2368,1234,1134,984,616,368,1157,572,585,209,38,171,14,7,7,4,1,3,0,0,0
27,529,District - Sindhudurg (33),Total,Less than 18,228034,117615,110419,222842,115549,107293,4792,1902,2890,340,124,216,53,33,20,7,7,0,0,0,0
27,529,District - Sindhudurg (33),Total,Less than 21,272421,140261,132160,261733,136771,124962,10052,3246,6806,540,183,357,81,50,31,15,11,4,0,0,0
27,529,District - Sindhudurg (33),Rural,All ages,742645,363268,379377,298078,165978,132100,377759,184998,192761,64283,11352,52931,1876,716,1160,649,224,425,0,0,0
27,529,District - Sindhudurg (33),Rural,0-9,93369,48211,45158,93369,48211,45158,0,0,0,0,0,0,0,0,0,0,0,0,0,0,0
27,529,District - Sindhudurg (33),Rural,10-14,65849,33844,32005,63617,32845,30772,2054,925,1129,147,54,93,27,16,11,4,4,0,0,0,0
27,529,District - Sindhudurg (33),Rural,15-19,66266,33900,32366,61707,32433,29274,4273,1350,2923,256,93,163,27,22,5,3,2,1,0,0,0
27,529,District - Sindhudurg (33),Rural,20-24,55802,27664,28138,39886,23804,16082,15570,3754,11816,262,68,194,67,28,39,17,10,7,0,0,0
27,529,District - Sindhudurg (33),Rural,25-29,51246,25568,25678,19675,14758,4917,30976,10642,20334,424,127,297,111,31,80,60,10,50,0,0,0
27,529,District - Sindhudurg (33),Rural,30-34,50973,24749,26224,8066,6299,1767,41816,18139,23677,828,222,606,195,65,130,68,24,44,0,0,0
27,529,District - Sindhudurg (33),Rural,35-39,54720,26102,28618,3473,2546,927,49349,23096,26253,1549,317,1232,259,107,152,90,36,54,0,0,0
27,529,District - Sindhudurg (33),Rural,40-44,53717,26375,27342,2044,1332,712,48861,24504,24357,2417,406,2011,288,93,195,107,40,67,0,0,0
27,529,District - Sindhudurg (33),Rural,45-49,48893,24331,24562,1282,775,507,43958,22863,21095,3300,559,2741,261,106,155,92,28,64,0,0,0
27,529,District - Sindhudurg (33),Rural,50-54,40171,20011,20160,982,582,400,34861,18631,16230,4065,710,3355,201,68,133,62,20,42,0,0,0
27,529,District - Sindhudurg (33),Rural,55-59,35208,16957,18251,703,415,288,29434,15618,13816,4886,857,4029,140,51,89,45,16,29,0,0,0
27,529,District - Sindhudurg (33),Rural,60-64,34967,15490,19477,707,392,315,26214,13834,12380,7897,1204,6693,109,45,64,40,15,25,0,0,0
27,529,District - Sindhudurg (33),Rural,65-69,35300,15063,20237,625,377,248,22875,13017,9858,11705,1633,10072,75,29,46,20,7,13,0,0,0
27,529,District - Sindhudurg (33),Rural,70-74,26681,11805,14876,405,267,138,14583,9643,4940,11611,1862,9749,66,30,36,16,3,13,0,0,0
27,529,District - Sindhudurg (33),Rural,75-79,13666,6287,7379,192,116,76,6865,4825,2040,6581,1333,5248,21,11,10,7,2,5,0,0,0
27,529,District - Sindhudurg (33),Rural,80+,13696,5798,7898,456,273,183,5036,3639,1397,8174,1873,6301,16,7,9,14,6,8,0,0,0
27,529,District - Sindhudurg (33),Rural,Age not stated,2121,1113,1008,889,553,336,1034,518,516,181,34,147,13,7,6,4,1,3,0,0,0
27,529,District - Sindhudurg (33),Rural,Less than 18,199852,102765,97087,195288,100930,94358,4213,1690,2523,303,112,191,43,28,15,5,5,0,0,0,0
27,529,District - Sindhudurg (33),Rural,Less than 21,238569,122531,116038,229294,119443,109851,8714,2874,5840,482,160,322,66,45,21,13,9,4,0,0,0
27,529,District - Sindhudurg (33),Urban,All ages,107006,54064,52942,44870,25372,19498,54891,27523,27368,6883,1060,5823,231,71,160,131,38,93,0,0,0
27,529,District - Sindhudurg (33),Urban,0-9,14215,7545,6670,14215,7545,6670,0,0,0,0,0,0,0,0,0,0,0,0,0,0,0
27,529,District - Sindhudurg (33),Urban,10-14,8702,4572,4130,8396,4450,3946,279,112,167,20,7,13,5,1,4,2,2,0,0,0,0
27,529,District - Sindhudurg (33),Urban,15-19,8913,4606,4307,8224,4413,3811,651,177,474,31,12,19,7,4,3,0,0,0,0,0,0
27,529,District - Sindhudurg (33),Urban,20-24,8966,4420,4546,6322,3754,2568,2593,645,1948,38,20,18,6,0,6,7,1,6,0,0,0
27,529,District - Sindhudurg (33),Urban,25-29,8696,4322,4374,3434,2419,1015,5184,1877,3307,62,21,41,5,1,4,11,4,7,0,0,0
27,529,District - Sindhudurg (33),Urban,30-34,8717,4282,4435,1504,1102,402,7063,3139,3924,119,30,89,20,7,13,11,4,7,0,0,0
27,529,District - Sindhudurg (33),Urban,35-39,9045,4471,4574,745,528,217,8031,3904,4127,215,28,187,32,7,25,22,4,18,0,0,0
27,529,District - Sindhudurg (33),Urban,40-44,8798,4522,4276,523,328,195,7860,4118,3742,358,58,300,37,12,25,20,6,14,0,0,0
27,529,District - Sindhudurg (33),Urban,45-49,7433,3933,3500,339,193,146,6550,3662,2888,492,65,427,32,7,25,20,6,14,0,0,0
27,529,District - Sindhudurg (33),Urban,50-54,5997,3117,2880,272,137,135,5089,2894,2195,595,70,525,27,11,16,14,5,9,0,0,0
27,529,District - Sindhudurg (33),Urban,55-59,4985,2517,2468,217,112,105,4035,2301,1734,701,96,605,18,6,12,14,2,12,0,0,0
27,529,District - Sindhudurg (33),Urban,60-64,4181,2006,2175,205,109,96,3032,1780,1252,923,109,814,19,6,13,2,2,0,0,0,0
27,529,District - Sindhudurg (33),Urban,65-69,3159,1405,1754,139,71,68,1999,1205,794,1002,121,881,15,6,9,4,2,2,0,0,0
27,529,District - Sindhudurg (33),Urban,70-74,2375,1072,1303,84,46,38,1306,881,425,980,143,837,5,2,3,0,0,0,0,0,0
27,529,District - Sindhudurg (33),Urban,75-79,1351,614,737,57,36,21,651,456,195,639,121,518,2,1,1,2,0,2,0,0,0
27,529,District - Sindhudurg (33),Urban,80+,1226,539,687,99,66,33,445,318,127,680,155,525,0,0,0,2,0,2,0,0,0
27,529,District - Sindhudurg (33),Urban,Age not stated,247,121,126,95,63,32,123,54,69,28,4,24,1,0,1,0,0,0,0,0,0
27,529,District - Sindhudurg (33),Urban,Less than 18,28182,14850,13332,27554,14619,12935,579,212,367,37,12,25,10,5,5,2,2,0,0,0,0
27,529,District - Sindhudurg (33),Urban,Less than 21,33852,17730,16122,32439,17328,15111,1338,372,966,58,23,35,15,5,10,2,2,0,0,0,0
27,530,District - Kolhapur (34),Total,All ages,3876001,1980658,1895343,1531817,905775,626042,2084263,1028957,1055306,237685,39893,197792,14335,3834,10501,7901,2199,5702,0,0,0
27,530,District - Kolhapur (34),Total,0-9,592585,318822,273763,592585,318822,273763,0,0,0,0,0,0,0,0,0,0,0,0,0,0,0
27,530,District - Kolhapur (34),Total,10-14,341105,185951,155154,324575,178189,146386,15247,7174,8073,934,423,511,272,129,143,77,36,41,0,0,0
27,530,District - Kolhapur (34),Total,15-19,352458,190503,161955,304624,179155,125469,45907,10612,35295,1385,532,853,361,162,199,181,42,139,0,0,0
27,530,District - Kolhapur (34),Total,20-24,359124,182594,176530,189205,140924,48281,166592,40705,125887,2163,669,1494,725,203,522,439,93,346,0,0,0
27,530,District - Kolhapur (34),Total,25-29,327214,165576,161638,68558,57010,11548,252782,107119,145663,3850,905,2945,1191,299,892,833,243,590,0,0,0
27,530,District - Kolhapur (34),Total,30-34,293900,145394,148506,16645,12411,4234,267385,131032,136353,7111,1183,5928,1703,447,1256,1056,321,735,0,0,0
27,530,District - Kolhapur (34),Total,35-39,292949,143409,149540,7035,4328,2707,271280,136629,134651,11291,1484,9807,2105,567,1538,1238,401,837,0,0,0
27,530,District - Kolhapur (34),Total,40-44,268415,135353,133062,4845,2676,2169,245592,129889,115703,14810,1969,12841,2092,528,1564,1076,291,785,0,0,0
27,530,District - Kolhapur (34),Total,45-49,229594,115531,114063,3332,1636,1696,206784,111058,95726,16940,2180,14760,1690,419,1271,848,238,610,0,0,0
27,530,District - Kolhapur (34),Total,50-54,193708,98931,94777,2612,1182,1430,170031,94691,75340,19130,2608,16522,1317,300,1017,618,150,468,0,0,0
27,530,District - Kolhapur (34),Total,55-59,157099,78191,78908,1999,912,1087,133838,73944,59894,19899,3011,16888,881,207,674,482,117,365,0,0,0
27,530,District - Kolhapur (34),Total,60-64,148674,70373,78301,2277,988,1289,115013,64644,50369,30236,4462,25774,767,183,584,381,96,285,0,0,0
27,530,District - Kolhapur (34),Total,65-69,125569,57877,67692,2221,1040,1181,87276,51397,35879,35196,5205,29991,564,166,398,312,69,243,0,0,0
27,530,District - Kolhapur (34),Total,70-74,86351,41265,45086,1153,519,634,52665,35062,17603,32043,5529,26514,333,111,222,157,44,113,0,0,0
27,530,District - Kolhapur (34),Total,75-79,43007,21034,21973,584,257,327,24131,16789,7342,18082,3923,14159,137,49,88,73,16,57,0,0,0
27,530,District - Kolhapur (34),Total,80+,47182,21155,26027,2495,1420,1075,20949,14045,6904,23499,5609,17890,142,53,89,97,28,69,0,0,0
27,530,District - Kolhapur (34),Total,Age not stated,17067,8699,8368,7072,4306,2766,8791,4167,4624,1116,201,915,55,11,44,33,14,19,0,0,0
27,530,District - Kolhapur (34),Total,Less than 18,1140448,617733,522715,1106607,603894,502713,31411,12806,18605,1816,752,1064,468,225,243,146,56,90,0,0,0
27,530,District - Kolhapur (34),Total,Less than 21,1367277,735676,631601,1272948,711465,561483,90413,22679,67734,2832,1099,1733,762,339,423,322,94,228,0,0,0
27,530,District - Kolhapur (34),Rural,All ages,2645992,1348815,1297177,1034940,613191,421749,1430334,702784,727550,165763,28868,136895,9540,2506,7034,5415,1466,3949,0,0,0
27,530,District - Kolhapur (34),Rural,0-9,406038,218371,187667,406038,218371,187667,0,0,0,0,0,0,0,0,0,0,0,0,0,0,0
27,530,District - Kolhapur (34),Rural,10-14,236671,128811,107860,224685,123138,101547,11045,5230,5815,707,325,382,176,89,87,58,29,29,0,0,0
27,530,District - Kolhapur (34),Rural,15-19,242712,130905,111807,209435,122966,86469,31929,7426,24503,993,386,607,221,96,125,134,31,103,0,0,0
27,530,District - Kolhapur (34),Rural,20-24,237377,121331,116046,121729,93937,27792,113456,26763,86693,1485,451,1034,420,121,299,287,59,228,0,0,0
27,530,District - Kolhapur (34),Rural,25-29,213365,108088,105277,41732,36033,5699,167861,71110,96751,2547,600,1947,672,169,503,553,176,377,0,0,0
27,530,District - Kolhapur (34),Rural,30-34,192206,94838,97368,9126,6988,2138,176720,86564,90156,4673,802,3871,1045,280,765,642,204,438,0,0,0
27,530,District - Kolhapur (34),Rural,35-39,194625,94893,99732,3690,2232,1458,181457,91048,90409,7298,999,6299,1391,363,1028,789,251,538,0,0,0
27,530,District - Kolhapur (34),Rural,40-44,180407,90968,89439,2745,1463,1282,165984,87642,78342,9546,1338,8208,1378,332,1046,754,193,561,0,0,0
27,530,District - Kolhapur (34),Rural,45-49,154949,77874,77075,1930,905,1025,140483,75044,65439,10783,1477,9306,1166,293,873,587,155,432,0,0,0
27,530,District - Kolhapur (34),Rural,50-54,132138,66937,65201,1551,679,872,116853,64159,52694,12357,1805,10552,942,201,741,435,93,342,0,0,0
27,530,District - Kolhapur (34),Rural,55-59,108747,53406,55341,1197,507,690,93443,50627,42816,13118,2056,11062,630,137,493,359,79,280,0,0,0
27,530,District - Kolhapur (34),Rural,60-64,106473,49446,57027,1456,619,837,83211,45417,37794,20943,3214,17729,570,131,439,293,65,228,0,0,0
27,530,District - Kolhapur (34),Rural,65-69,94268,43283,50985,1479,687,792,66483,38537,27946,25620,3882,21738,435,124,311,251,53,198,0,0,0
27,530,District - Kolhapur (34),Rural,70-74,65429,31307,34122,788,351,437,40263,26611,13652,24013,4225,19788,245,84,161,120,36,84,0,0,0
27,530,District - Kolhapur (34),Rural,75-79,32199,15747,16452,388,170,218,18321,12640,5681,13334,2886,10448,102,39,63,54,12,42,0,0,0
27,530,District - Kolhapur (34),Rural,80+,35705,16236,19469,1743,987,756,16285,10917,5368,17493,4272,13221,113,42,71,71,18,53,0,0,0
27,530,District - Kolhapur (34),Rural,Age not stated,12683,6374,6309,5228,3158,2070,6540,3049,3491,853,150,703,34,5,29,28,12,16,0,0,0
27,530,District - Kolhapur (34),Rural,Less than 18,786340,425351,360989,762359,415341,347018,22239,9256,12983,1344,567,777,289,142,147,109,45,64,0,0,0
27,530,District - Kolhapur (34),Rural,Less than 21,940054,505382,434672,874009,488425,385584,63272,15855,47417,2060,814,1246,474,215,259,239,73,166,0,0,0
27,530,District - Kolhapur (34),Urban,All ages,1230009,631843,598166,496877,292584,204293,653929,326173,327756,71922,11025,60897,4795,1328,3467,2486,733,1753,0,0,0
27,530,District - Kolhapur (34),Urban,0-9,186547,100451,86096,186547,100451,86096,0,0,0,0,0,0,0,0,0,0,0,0,0,0,0
27,530,District - Kolhapur (34),Urban,10-14,104434,57140,47294,99890,55051,44839,4202,1944,2258,227,98,129,96,40,56,19,7,12,0,0,0
27,530,District - Kolhapur (34),Urban,15-19,109746,59598,50148,95189,56189,39000,13978,3186,10792,392,146,246,140,66,74,47,11,36,0,0,0
27,530,District - Kolhapur (34),Urban,20-24,121747,61263,60484,67476,46987,20489,53136,13942,39194,678,218,460,305,82,223,152,34,118,0,0,0
27,530,District - Kolhapur (34),Urban,25-29,113849,57488,56361,26826,20977,5849,84921,36009,48912,1303,305,998,519,130,389,280,67,213,0,0,0
27,530,District - Kolhapur (34),Urban,30-34,101694,50556,51138,7519,5423,2096,90665,44468,46197,2438,381,2057,658,167,491,414,117,297,0,0,0
27,530,District - Kolhapur (34),Urban,35-39,98324,48516,49808,3345,2096,1249,89823,45581,44242,3993,485,3508,714,204,510,449,150,299,0,0,0
27,530,District - Kolhapur (34),Urban,40-44,88008,44385,43623,2100,1213,887,79608,42247,37361,5264,631,4633,714,196,518,322,98,224,0,0,0
27,530,District - Kolhapur (34),Urban,45-49,74645,37657,36988,1402,731,671,66301,36014,30287,6157,703,5454,524,126,398,261,83,178,0,0,0
27,530,District - Kolhapur (34),Urban,50-54,61570,31994,29576,1061,503,558,53178,30532,22646,6773,803,5970,375,99,276,183,57,126,0,0,0
27,530,District - Kolhapur (34),Urban,55-59,48352,24785,23567,802,405,397,40395,23317,17078,6781,955,5826,251,70,181,123,38,85,0,0,0
27,530,District - Kolhapur (34),Urban,60-64,42201,20927,21274,821,369,452,31802,19227,12575,9293,1248,8045,197,52,145,88,31,57,0,0,0
27,530,District - Kolhapur (34),Urban,65-69,31301,14594,16707,742,353,389,20793,12860,7933,9576,1323,8253,129,42,87,61,16,45,0,0,0
27,530,District - Kolhapur (34),Urban,70-74,20922,9958,10964,365,168,197,12402,8451,3951,8030,1304,6726,88,27,61,37,8,29,0,0,0
27,530,District - Kolhapur (34),Urban,75-79,10808,5287,5521,196,87,109,5810,4149,1661,4748,1037,3711,35,10,25,19,4,15,0,0,0
27,530,District - Kolhapur (34),Urban,80+,11477,4919,6558,752,433,319,4664,3128,1536,6006,1337,4669,29,11,18,26,10,16,0,0,0
27,530,District - Kolhapur (34),Urban,Age not stated,4384,2325,2059,1844,1148,696,2251,1118,1133,263,51,212,21,6,15,5,2,3,0,0,0
27,530,District - Kolhapur (34),Urban,Less than 18,354108,192382,161726,344248,188553,155695,9172,3550,5622,472,185,287,179,83,96,37,11,26,0,0,0
27,530,District - Kolhapur (34),Urban,Less than 21,427223,230294,196929,398939,223040,175899,27141,6824,20317,772,285,487,288,124,164,83,21,62,0,0,0
27,531,District - Sangli (35),Total,All ages,2822143,1435728,1386415,1129762,666455,463307,1498207,734954,763253,174642,29318,145324,15052,3836,11216,4480,1165,3315,0,0,0
27,531,District - Sangli (35),Total,0-9,445239,238875,206364,445239,238875,206364,0,0,0,0,0,0,0,0,0,0,0,0,0,0,0
27,531,District - Sangli (35),Total,10-14,261259,141563,119696,249480,136192,113288,10806,4945,5861,641,263,378,284,143,141,48,20,28,0,0,0
27,531,District - Sangli (35),Total,15-19,256166,139159,117007,218885,131322,87563,35848,7334,28514,962,334,628,363,143,220,108,26,82,0,0,0
27,531,District - Sangli (35),Total,20-24,257962,130447,127515,132126,98853,33273,122966,30867,92099,1767,459,1308,807,199,608,296,69,227,0,0,0
27,531,District - Sangli (35),Total,25-29,230281,113937,116344,45934,37628,8306,179064,75334,103730,3453,570,2883,1338,274,1064,492,131,361,0,0,0
27,531,District - Sangli (35),Total,30-34,202781,98870,103911,10974,8131,2843,183808,89380,94428,5705,809,4896,1688,386,1302,606,164,442,0,0,0
27,531,District - Sangli (35),Total,35-39,204701,98509,106192,4664,2892,1772,188439,93792,94647,8701,1076,7625,2193,537,1656,704,212,492,0,0,0
27,531,District - Sangli (35),Total,40-44,184819,92845,91974,3304,1904,1400,168042,88801,79241,10724,1440,9284,2172,552,1620,577,148,429,0,0,0
27,531,District - Sangli (35),Total,45-49,160002,79015,80987,2227,1159,1068,143736,75755,67981,11820,1553,10267,1752,432,1320,467,116,351,0,0,0
27,531,District - Sangli (35),Total,50-54,137563,69327,68236,1945,998,947,120390,66005,54385,13459,1904,11555,1405,340,1065,364,80,284,0,0,0
27,531,District - Sangli (35),Total,55-59,112238,56095,56143,1305,689,616,96564,53157,43407,13202,1979,11223,910,216,694,257,54,203,0,0,0
27,531,District - Sangli (35),Total,60-64,108948,51984,56964,1845,913,932,85881,47811,38070,20216,3015,17201,814,201,613,192,44,148,0,0,0
27,531,District - Sangli (35),Total,65-69,92429,42618,49811,1760,893,867,66528,38091,28437,23425,3466,19959,564,130,434,152,38,114,0,0,0
27,531,District - Sangli (35),Total,70-74,71460,34685,36775,1041,523,518,45386,29949,15437,24611,4083,20528,337,107,230,85,23,62,0,0,0
27,531,District - Sangli (35),Total,75-79,36584,18667,17917,508,276,232,21902,15265,6637,13979,3050,10929,150,66,84,45,10,35,0,0,0
27,531,District - Sangli (35),Total,80+,44517,21328,23189,1903,1107,796,21238,14947,6291,21125,5168,15957,187,82,105,64,24,40,0,0,0
27,531,District - Sangli (35),Total,Age not stated,15194,7804,7390,6622,4100,2522,7609,3521,4088,852,149,703,88,28,60,23,6,17,0,0,0
27,531,District - Sangli (35),Total,Less than 18,856958,463217,393741,832163,453759,378404,23018,8744,14274,1208,446,762,473,231,242,96,37,59,0,0,0
27,531,District - Sangli (35),Total,Less than 21,1024136,549954,474182,950988,532725,418263,70139,16128,54011,2005,713,1292,803,332,471,201,56,145,0,0,0
27,531,District - Sangli (35),Rural,All ages,2102786,1071124,1031662,836464,497156,339308,1117396,547935,569461,134154,22381,111773,11694,2902,8792,3078,750,2328,0,0,0
27,531,District - Sangli (35),Rural,0-9,333845,179687,154158,333845,179687,154158,0,0,0,0,0,0,0,0,0,0,0,0,0,0,0
27,531,District - Sangli (35),Rural,10-14,196703,106623,90080,188725,103001,85724,7287,3313,3974,440,175,265,221,122,99,30,12,18,0,0,0
27,531,District - Sangli (35),Rural,15-19,190206,104187,86019,163173,98874,64299,26037,4953,21084,665,235,430,267,113,154,64,12,52,0,0,0
27,531,District - Sangli (35),Rural,20-24,186928,95271,91657,94313,72803,21510,90527,21982,68545,1278,307,971,596,134,462,214,45,169,0,0,0
27,531,District - Sangli (35),Rural,25-29,165578,82176,83402,31428,26755,4673,130226,54725,75501,2588,412,2176,994,196,798,342,88,254,0,0,0
27,531,District - Sangli (35),Rural,30-34,146433,71337,75096,6944,5427,1517,133586,64949,68637,4218,577,3641,1289,276,1013,396,108,288,0,0,0
27,531,District - Sangli (35),Rural,35-39,149575,72073,77502,2872,1866,1006,138048,68899,69149,6474,787,5687,1719,395,1324,462,126,336,0,0,0
27,531,District - Sangli (35),Rural,40-44,135235,67981,67254,2054,1236,818,123319,65185,58134,7817,1061,6756,1651,407,1244,394,92,302,0,0,0
27,531,District - Sangli (35),Rural,45-49,118507,58389,60118,1395,753,642,106824,56113,50711,8606,1119,7487,1370,334,1036,312,70,242,0,0,0
27,531,District - Sangli (35),Rural,50-54,102332,51044,51288,1267,690,577,89920,48647,41273,9763,1390,8373,1130,269,861,252,48,204,0,0,0
27,531,District - Sangli (35),Rural,55-59,85017,42156,42861,782,435,347,73598,40046,33552,9706,1468,8238,744,166,578,187,41,146,0,0,0
27,531,District - Sangli (35),Rural,60-64,84019,39744,44275,1215,594,621,66850,36733,30117,15173,2230,12943,640,157,483,141,30,111,0,0,0
27,531,District - Sangli (35),Rural,65-69,74037,33951,40086,1216,642,574,53694,30497,23197,18567,2678,15889,443,104,339,117,30,87,0,0,0
27,531,District - Sangli (35),Rural,70-74,58164,28359,29805,734,369,365,37074,24585,12489,20006,3298,16708,284,90,194,66,17,49,0,0,0
27,531,District - Sangli (35),Rural,75-79,29445,15138,14307,363,195,168,17798,12498,5300,11131,2391,8740,117,46,71,36,8,28,0,0,0
27,531,District - Sangli (35),Rural,80+,36053,17421,18632,1395,834,561,17292,12353,4939,17156,4146,13010,160,71,89,50,17,33,0,0,0
27,531,District - Sangli (35),Rural,Age not stated,10709,5587,5122,4743,2995,1748,5316,2457,2859,566,107,459,69,22,47,15,6,9,0,0,0
27,531,District - Sangli (35),Rural,Less than 18,642888,348586,294302,625889,342181,283708,15758,5894,9864,825,300,525,358,192,166,58,19,39,0,0,0
27,531,District - Sangli (35),Rural,Less than 21,766043,413014,353029,713029,401298,311731,50873,10931,39942,1396,486,910,618,268,350,127,31,96,0,0,0
27,531,District - Sangli (35),Urban,All ages,719357,364604,354753,293298,169299,123999,380811,187019,193792,40488,6937,33551,3358,934,2424,1402,415,987,0,0,0
27,531,District - Sangli (35),Urban,0-9,111394,59188,52206,111394,59188,52206,0,0,0,0,0,0,0,0,0,0,0,0,0,0,0
27,531,District - Sangli (35),Urban,10-14,64556,34940,29616,60755,33191,27564,3519,1632,1887,201,88,113,63,21,42,18,8,10,0,0,0
27,531,District - Sangli (35),Urban,15-19,65960,34972,30988,55712,32448,23264,9811,2381,7430,297,99,198,96,30,66,44,14,30,0,0,0
27,531,District - Sangli (35),Urban,20-24,71034,35176,35858,37813,26050,11763,32439,8885,23554,489,152,337,211,65,146,82,24,58,0,0,0
27,531,District - Sangli (35),Urban,25-29,64703,31761,32942,14506,10873,3633,48838,20609,28229,865,158,707,344,78,266,150,43,107,0,0,0
27,531,District - Sangli (35),Urban,30-34,56348,27533,28815,4030,2704,1326,50222,24431,25791,1487,232,1255,399,110,289,210,56,154,0,0,0
27,531,District - Sangli (35),Urban,35-39,55126,26436,28690,1792,1026,766,50391,24893,25498,2227,289,1938,474,142,332,242,86,156,0,0,0
27,531,District - Sangli (35),Urban,40-44,49584,24864,24720,1250,668,582,44723,23616,21107,2907,379,2528,521,145,376,183,56,127,0,0,0
27,531,District - Sangli (35),Urban,45-49,41495,20626,20869,832,406,426,36912,19642,17270,3214,434,2780,382,98,284,155,46,109,0,0,0
27,531,District - Sangli (35),Urban,50-54,35231,18283,16948,678,308,370,30470,17358,13112,3696,514,3182,275,71,204,112,32,80,0,0,0
27,531,District - Sangli (35),Urban,55-59,27221,13939,13282,523,254,269,22966,13111,9855,3496,511,2985,166,50,116,70,13,57,0,0,0
27,531,District - Sangli (35),Urban,60-64,24929,12240,12689,630,319,311,19031,11078,7953,5043,785,4258,174,44,130,51,14,37,0,0,0
27,531,District - Sangli (35),Urban,65-69,18392,8667,9725,544,251,293,12834,7594,5240,4858,788,4070,121,26,95,35,8,27,0,0,0
27,531,District - Sangli (35),Urban,70-74,13296,6326,6970,307,154,153,8312,5364,2948,4605,785,3820,53,17,36,19,6,13,0,0,0
27,531,District - Sangli (35),Urban,75-79,7139,3529,3610,145,81,64,4104,2767,1337,2848,659,2189,33,20,13,9,2,7,0,0,0
27,531,District - Sangli (35),Urban,80+,8464,3907,4557,508,273,235,3946,2594,1352,3969,1022,2947,27,11,16,14,7,7,0,0,0
27,531,District - Sangli (35),Urban,Age not stated,4485,2217,2268,1879,1105,774,2293,1064,1229,286,42,244,19,6,13,8,0,8,0,0,0
27,531,District - Sangli (35),Urban,Less than 18,214070,114631,99439,206274,111578,94696,7260,2850,4410,383,146,237,115,39,76,38,18,20,0,0,0
27,531,District - Sangli (35),Urban,Less than 21,258093,136940,121153,237959,131427,106532,19266,5197,14069,609,227,382,185,64,121,74,25,49,0,0,0
