state_code,district_code,area_name,region_type,age_group,total_persons,total_males,total_females,never_married_persons,never_married_males,never_married_females,currently_married_persons,currently_married_males,currently_married_females,widowed_persons,widowed_males,widowed_females,separated_persons,separated_males,separated_females,divorced_persons,divorced_males,divorced_females,unspecified_persons,unspecified_males,unspecified_females
14,000,State - MANIPUR (14),Total,All ages,2855794,1438586,1417208,1547572,817403,730169,1194813,595143,599670,97460,19470,77990,9703,4807,4896,6246,1763,4483,0,0,0
14,000,State - MANIPUR (14),Total,0-9,547925,282926,264999,547925,282926,264999,0,0,0,0,0,0,0,0,0,0,0,0,0,0,0
14,000,State - MANIPUR (14),Total,10-14,313763,161146,152617,308890,159473,149417,4459,1512,2947,191,56,135,185,87,98,38,18,20,0,0,0
14,000,State - MANIPUR (14),Total,15-19,287008,144495,142513,267864,140017,127847,18487,4283,14204,364,93,271,220,82,138,73,20,53,0,0,0
14,000,State - MANIPUR (14),Total,20-24,281782,139587,142195,199778,112659,87119,80255,26358,53897,793,165,628,596,308,288,360,97,263,0,0,0
14,000,State - MANIPUR (14),Total,25-29,270477,132888,137589,116659,67166,49493,150384,64543,85841,1678,357,1321,1106,640,466,650,182,468,0,0,0
14,000,State - MANIPUR (14),Total,30-34,220954,109678,111276,50657,28497,22160,165116,79706,85410,3056,536,2520,1257,686,571,868,253,615,0,0,0
14,000,State - MANIPUR (14),Total,35-39,198453,98019,100434,22844,11685,11159,168717,84645,84072,4733,746,3987,1313,698,615,846,245,601,0,0,0
14,000,State - MANIPUR (14),Total,40-44,170829,85896,84933,11036,5016,6020,151423,79026,72397,6357,941,5416,1192,655,537,821,258,563,0,0,0
14,000,State - MANIPUR (14),Total,45-49,147030,73917,73113,5934,2480,3454,131688,69588,62100,7725,1169,6556,949,481,468,734,199,535,0,0,0
14,000,State - MANIPUR (14),Total,50-54,120277,60598,59679,3377,1313,2064,106148,57359,48789,9407,1484,7923,721,271,450,624,171,453,0,0,0
14,000,State - MANIPUR (14),Total,55-59,89499,45409,44090,1948,744,1204,76958,42791,34167,9643,1596,8047,525,160,365,425,118,307,0,0,0
14,000,State - MANIPUR (14),Total,60-64,71897,36567,35330,1807,792,1015,57184,33373,23811,12084,2134,9950,492,184,308,330,84,246,0,0,0
14,000,State - MANIPUR (14),Total,65-69,46648,23218,23430,1341,591,750,34309,20393,13916,10494,2073,8421,325,121,204,179,40,139,0,0,0
14,000,State - MANIPUR (14),Total,70-74,34253,16776,17477,703,282,421,22204,13923,8281,10917,2416,8501,308,132,176,121,23,98,0,0,0
14,000,State - MANIPUR (14),Total,75-79,21428,10663,10765,370,158,212,12764,8270,4494,7999,2094,5905,211,118,93,84,23,61,0,0,0
14,000,State - MANIPUR (14),Total,80+,25794,12571,13223,1464,713,751,12190,8099,4091,11783,3552,8231,278,178,100,79,29,50,0,0,0
14,000,State - MANIPUR (14),Total,Age not stated,7777,4232,3545,4975,2891,2084,2527,1274,1253,236,58,178,25,6,19,14,3,11,0,0,0
14,000,State - MANIPUR (14),Total,Less than 18,1033529,530977,502552,1021073,527343,493730,11676,3372,8304,411,106,305,299,129,170,70,27,43,0,0,0
14,000,State - MANIPUR (14),Total,Less than 21,1215388,621633,593755,1178089,611834,566255,35920,9363,26557,716,181,535,493,204,289,170,51,119,0,0,0
14,000,State - MANIPUR (14),Rural,All ages,2021640,1026884,994756,1126032,598268,527764,823898,411031,412867,61085,12881,48204,6536,3520,3016,4089,1184,2905,0,0,0
14,000,State - MANIPUR (14),Rural,0-9,401825,208206,193619,401825,208206,193619,0,0,0,0,0,0,0,0,0,0,0,0,0,0,0
14,000,State - MANIPUR (14),Rural,10-14,230842,119214,111628,227425,118059,109366,3174,1064,2110,130,36,94,88,40,48,25,15,10,0,0,0
14,000,State - MANIPUR (14),Rural,15-19,213039,107906,105133,199520,104783,94737,13104,3002,10102,238,60,178,125,48,77,52,13,39,0,0,0
14,000,State - MANIPUR (14),Rural,20-24,204739,102223,102516,145938,82804,63134,57575,19024,38551,536,110,426,429,225,204,261,60,201,0,0,0
14,000,State - MANIPUR (14),Rural,25-29,188887,93626,95261,80629,46760,33869,105842,45977,59865,1151,267,884,795,487,308,470,135,335,0,0,0
14,000,State - MANIPUR (14),Rural,30-34,151922,76143,75779,34327,19493,14834,114025,55566,58459,2043,374,1669,925,536,389,602,174,428,0,0,0
14,000,State - MANIPUR (14),Rural,35-39,135625,67639,67986,15119,7977,7142,115935,58420,57515,3070,528,2542,934,537,397,567,177,390,0,0,0
14,000,State - MANIPUR (14),Rural,40-44,117107,59442,57665,6986,3354,3632,104604,54733,49871,4156,693,3463,832,497,335,529,165,364,0,0,0
14,000,State - MANIPUR (14),Rural,45-49,100201,50660,49541,3595,1609,1986,90514,47777,42737,4995,800,4195,635,348,287,462,126,336,0,0,0
14,000,State - MANIPUR (14),Rural,50-54,80585,41105,39480,2057,857,1200,71746,38952,32794,5985,1022,4963,430,170,260,367,104,263,0,0,0
14,000,State - MANIPUR (14),Rural,55-59,59601,30555,29046,1170,462,708,51803,28833,22970,6069,1078,4991,296,100,196,263,82,181,0,0,0
14,000,State - MANIPUR (14),Rural,60-64,48223,24875,23348,1161,530,631,38945,22732,16213,7624,1447,6177,294,119,175,199,47,152,0,0,0
14,000,State - MANIPUR (14),Rural,65-69,31006,15677,15329,857,376,481,23192,13794,9398,6641,1395,5246,212,86,126,104,26,78,0,0,0
14,000,State - MANIPUR (14),Rural,70-74,22588,11301,11287,462,187,275,15063,9434,5629,6784,1561,5223,205,99,106,74,20,54,0,0,0
14,000,State - MANIPUR (14),Rural,75-79,13656,6961,6695,236,107,129,8459,5419,3040,4771,1326,3445,134,90,44,56,19,37,0,0,0
14,000,State - MANIPUR (14),Rural,80+,16142,8208,7934,1048,529,519,8130,5387,2743,6731,2142,4589,184,132,52,49,18,31,0,0,0
14,000,State - MANIPUR (14),Rural,Age not stated,5652,3143,2509,3677,2175,1502,1787,917,870,161,42,119,18,6,12,9,3,6,0,0,0
14,000,State - MANIPUR (14),Rural,Less than 18,759589,391879,367710,750867,389368,361499,8252,2356,5896,268,66,202,151,67,84,51,22,29,0,0,0
14,000,State - MANIPUR (14),Rural,Less than 21,895821,460347,435474,869148,453388,415760,25799,6699,19100,478,116,362,277,108,169,119,36,83,0,0,0
14,000,State - MANIPUR (14),Urban,All ages,834154,411702,422452,421540,219135,202405,370915,184112,186803,36375,6589,29786,3167,1287,1880,2157,579,1578,0,0,0
14,000,State - MANIPUR (14),Urban,0-9,146100,74720,71380,146100,74720,71380,0,0,0,0,0,0,0,0,0,0,0,0,0,0,0
14,000,State - MANIPUR (14),Urban,10-14,82921,41932,40989,81465,41414,40051,1285,448,837,61,20,41,97,47,50,13,3,10,0,0,0
14,000,State - MANIPUR (14),Urban,15-19,73969,36589,37380,68344,35234,33110,5383,1281,4102,126,33,93,95,34,61,21,7,14,0,0,0
14,000,State - MANIPUR (14),Urban,20-24,77043,37364,39679,53840,29855,23985,22680,7334,15346,257,55,202,167,83,84,99,37,62,0,0,0
14,000,State - MANIPUR (14),Urban,25-29,81590,39262,42328,36030,20406,15624,44542,18566,25976,527,90,437,311,153,158,180,47,133,0,0,0
14,000,State - MANIPUR (14),Urban,30-34,69032,33535,35497,16330,9004,7326,51091,24140,26951,1013,162,851,332,150,182,266,79,187,0,0,0
14,000,State - MANIPUR (14),Urban,35-39,62828,30380,32448,7725,3708,4017,52782,26225,26557,1663,218,1445,379,161,218,279,68,211,0,0,0
14,000,State - MANIPUR (14),Urban,40-44,53722,26454,27268,4050,1662,2388,46819,24293,22526,2201,248,1953,360,158,202,292,93,199,0,0,0
14,000,State - MANIPUR (14),Urban,45-49,46829,23257,23572,2339,871,1468,41174,21811,19363,2730,369,2361,314,133,181,272,73,199,0,0,0
14,000,State - MANIPUR (14),Urban,50-54,39692,19493,20199,1320,456,864,34402,18407,15995,3422,462,2960,291,101,190,257,67,190,0,0,0
14,000,State - MANIPUR (14),Urban,55-59,29898,14854,15044,778,282,496,25155,13958,11197,3574,518,3056,229,60,169,162,36,126,0,0,0
14,000,State - MANIPUR (14),Urban,60-64,23674,11692,11982,646,262,384,18239,10641,7598,4460,687,3773,198,65,133,131,37,94,0,0,0
14,000,State - MANIPUR (14),Urban,65-69,15642,7541,8101,484,215,269,11117,6599,4518,3853,678,3175,113,35,78,75,14,61,0,0,0
14,000,State - MANIPUR (14),Urban,70-74,11665,5475,6190,241,95,146,7141,4489,2652,4133,855,3278,103,33,70,47,3,44,0,0,0
14,000,State - MANIPUR (14),Urban,75-79,7772,3702,4070,134,51,83,4305,2851,1454,3228,768,2460,77,28,49,28,4,24,0,0,0
14,000,State - MANIPUR (14),Urban,80+,9652,4363,5289,416,184,232,4060,2712,1348,5052,1410,3642,94,46,48,30,11,19,0,0,0
14,000,State - MANIPUR (14),Urban,Age not stated,2125,1089,1036,1298,716,582,740,357,383,75,16,59,7,0,7,5,0,5,0,0,0
14,000,State - MANIPUR (14),Urban,Less than 18,273940,139098,134842,270206,137975,132231,3424,1016,2408,143,40,103,148,62,86,19,5,14,0,0,0
14,000,State - MANIPUR (14),Urban,Less than 21,319567,161286,158281,308941,158446,150495,10121,2664,7457,238,65,173,216,96,120,51,15,36,0,0,0
14,272,District - Senapati (01),Total,All ages,479148,247323,231825,299443,160849,138594,169071,84012,85059,9137,1874,7263,906,407,499,591,181,410,0,0,0
14,272,District - Senapati (01),Total,0-9,95694,50399,45295,95694,50399,45295,0,0,0,0,0,0,0,0,0,0,0,0,0,0,0
14,272,District - Senapati (01),Total,10-14,59880,31499,28381,59149,31272,27877,691,217,474,20,4,16,16,4,12,4,2,2,0,0,0
14,272,District - Senapati (01),Total,15-19,59851,31240,28611,57369,30641,26728,2409,575,1834,44,13,31,23,7,16,6,4,2,0,0,0
14,272,District - Senapati (01),Total,20-24,54558,28047,26511,43574,24464,19110,10787,3536,7251,96,18,78,61,24,37,40,5,35,0,0,0
14,272,District - Senapati (01),Total,25-29,44456,22313,22143,23999,13506,10493,20035,8675,11360,213,54,159,128,53,75,81,25,56,0,0,0
14,272,District - Senapati (01),Total,30-34,33697,16962,16735,10466,5806,4660,22601,10994,11607,395,76,319,132,56,76,103,30,73,0,0,0
14,272,District - Senapati (01),Total,35-39,28836,14087,14749,4429,2330,2099,23605,11563,12042,579,106,473,128,60,68,95,28,67,0,0,0
14,272,District - Senapati (01),Total,40-44,26171,13191,12980,1903,953,950,23269,12031,11238,808,141,667,97,38,59,94,28,66,0,0,0
14,272,District - Senapati (01),Total,45-49,22812,11429,11383,801,382,419,20907,10820,10087,964,168,796,88,39,49,52,20,32,0,0,0
14,272,District - Senapati (01),Total,50-54,17609,9289,8320,368,157,211,16018,8888,7130,1118,202,916,62,30,32,43,12,31,0,0,0
14,272,District - Senapati (01),Total,55-59,11923,6134,5789,176,75,101,10706,5865,4841,965,161,804,43,22,21,33,11,22,0,0,0
14,272,District - Senapati (01),Total,60-64,9307,4998,4309,169,74,95,7968,4679,3289,1129,221,908,30,19,11,11,5,6,0,0,0
14,272,District - Senapati (01),Total,65-69,5365,2805,2560,146,70,76,4322,2533,1789,856,185,671,30,13,17,11,4,7,0,0,0
14,272,District - Senapati (01),Total,70-74,3598,1949,1649,82,36,46,2679,1705,974,796,187,609,33,18,15,8,3,5,0,0,0
14,272,District - Senapati (01),Total,75-79,1900,1013,887,26,14,12,1354,847,507,501,139,362,14,10,4,5,3,2,0,0,0
14,272,District - Senapati (01),Total,80+,2306,1244,1062,320,173,147,1335,866,469,628,190,438,19,14,5,4,1,3,0,0,0
14,272,District - Senapati (01),Total,Age not stated,1185,724,461,772,497,275,385,218,167,25,9,16,2,0,2,1,0,1,0,0,0
14,272,District - Senapati (01),Total,Less than 18,190715,100135,90580,188918,99635,89283,1723,480,1243,43,9,34,25,8,17,6,3,3,0,0,0
14,272,District - Senapati (01),Total,Less than 21,229397,120449,108948,224312,119058,105254,4941,1349,3592,80,20,60,46,15,31,18,7,11,0,0,0
14,272,District - Senapati (01),Rural,All ages,471672,243603,228069,295211,158645,136566,166122,82542,83580,8870,1838,7032,887,399,488,582,179,403,0,0,0
14,272,District - Senapati (01),Rural,0-9,94224,49655,44569,94224,49655,44569,0,0,0,0,0,0,0,0,0,0,0,0,0,0,0
14,272,District - Senapati (01),Rural,10-14,58967,31025,27942,58245,30801,27444,682,214,468,20,4,16,16,4,12,4,2,2,0,0,0
14,272,District - Senapati (01),Rural,15-19,58989,30812,28177,56569,30229,26340,2349,559,1790,44,13,31,21,7,14,6,4,2,0,0,0
14,272,District - Senapati (01),Rural,20-24,53793,27678,26115,43071,24183,18888,10526,3448,7078,95,18,77,61,24,37,40,5,35,0,0,0
14,272,District - Senapati (01),Rural,25-29,43751,21977,21774,23688,13331,10357,19648,8515,11133,210,54,156,125,52,73,80,25,55,0,0,0
14,272,District - Senapati (01),Rural,30-34,33136,16695,16441,10345,5744,4601,22173,10792,11381,385,75,310,131,55,76,102,29,73,0,0,0
14,272,District - Senapati (01),Rural,35-39,28371,13870,14501,4363,2297,2066,23231,11385,11846,562,104,458,124,57,67,91,27,64,0,0,0
14,272,District - Senapati (01),Rural,40-44,25720,12986,12734,1880,947,933,22871,11836,11035,782,138,644,95,37,58,92,28,64,0,0,0
14,272,District - Senapati (01),Rural,45-49,22444,11235,11209,785,372,413,20582,10638,9944,939,167,772,86,38,48,52,20,32,0,0,0
14,272,District - Senapati (01),Rural,50-54,17294,9126,8168,362,154,208,15759,8732,7027,1070,198,872,61,30,31,42,12,30,0,0,0
14,272,District - Senapati (01),Rural,55-59,11743,6042,5701,174,75,99,10557,5778,4779,938,156,782,41,22,19,33,11,22,0,0,0
14,272,District - Senapati (01),Rural,60-64,9128,4897,4231,167,73,94,7823,4583,3240,1099,218,881,28,18,10,11,5,6,0,0,0
14,272,District - Senapati (01),Rural,65-69,5279,2760,2519,145,69,76,4256,2493,1763,837,181,656,30,13,17,11,4,7,0,0,0
14,272,District - Senapati (01),Rural,70-74,3531,1911,1620,81,35,46,2636,1671,965,773,184,589,33,18,15,8,3,5,0,0,0
14,272,District - Senapati (01),Rural,75-79,1862,992,870,26,14,12,1333,831,502,484,134,350,14,10,4,5,3,2,0,0,0
14,272,District - Senapati (01),Rural,80+,2267,1224,1043,319,172,147,1318,852,466,607,185,422,19,14,5,4,1,3,0,0,0
14,272,District - Senapati (01),Rural,Age not stated,1173,718,455,767,494,273,378,215,163,25,9,16,2,0,2,1,0,1,0,0,0
14,272,District - Senapati (01),Rural,Less than 18,187803,98655,89148,186036,98162,87874,1693,473,1220,43,9,34,25,8,17,6,3,3,0,0,0
14,272,District - Senapati (01),Rural,Less than 21,225982,118719,107263,221007,117357,103650,4834,1320,3514,79,20,59,44,15,29,18,7,11,0,0,0
14,272,District - Senapati (01),Urban,All ages,7476,3720,3756,4232,2204,2028,2949,1470,1479,267,36,231,19,8,11,9,2,7,0,0,0
14,272,District - Senapati (01),Urban,0-9,1470,744,726,1470,744,726,0,0,0,0,0,0,0,0,0,0,0,0,0,0,0
14,272,District - Senapati (01),Urban,10-14,913,474,439,904,471,433,9,3,6,0,0,0,0,0,0,0,0,0,0,0,0
14,272,District - Senapati (01),Urban,15-19,862,428,434,800,412,388,60,16,44,0,0,0,2,0,2,0,0,0,0,0,0
14,272,District - Senapati (01),Urban,20-24,765,369,396,503,281,222,261,88,173,1,0,1,0,0,0,0,0,0,0,0,0
14,272,District - Senapati (01),Urban,25-29,705,336,369,311,175,136,387,160,227,3,0,3,3,1,2,1,0,1,0,0,0
14,272,District - Senapati (01),Urban,30-34,561,267,294,121,62,59,428,202,226,10,1,9,1,1,0,1,1,0,0,0,0
14,272,District - Senapati (01),Urban,35-39,465,217,248,66,33,33,374,178,196,17,2,15,4,3,1,4,1,3,0,0,0
14,272,District - Senapati (01),Urban,40-44,451,205,246,23,6,17,398,195,203,26,3,23,2,1,1,2,0,2,0,0,0
14,272,District - Senapati (01),Urban,45-49,368,194,174,16,10,6,325,182,143,25,1,24,2,1,1,0,0,0,0,0,0
14,272,District - Senapati (01),Urban,50-54,315,163,152,6,3,3,259,156,103,48,4,44,1,0,1,1,0,1,0,0,0
14,272,District - Senapati (01),Urban,55-59,180,92,88,2,0,2,149,87,62,27,5,22,2,0,2,0,0,0,0,0,0
14,272,District - Senapati (01),Urban,60-64,179,101,78,2,1,1,145,96,49,30,3,27,2,1,1,0,0,0,0,0,0
14,272,District - Senapati (01),Urban,65-69,86,45,41,1,1,0,66,40,26,19,4,15,0,0,0,0,0,0,0,0,0
14,272,District - Senapati (01),Urban,70-74,67,38,29,1,1,0,43,34,9,23,3,20,0,0,0,0,0,0,0,0,0
14,272,District - Senapati (01),Urban,75-79,38,21,17,0,0,0,21,16,5,17,5,12,0,0,0,0,0,0,0,0,0
14,272,District - Senapati (01),Urban,80+,39,20,19,1,1,0,17,14,3,21,5,16,0,0,0,0,0,0,0,0,0
14,272,District - Senapati (01),Urban,Age not stated,12,6,6,5,3,2,7,3,4,0,0,0,0,0,0,0,0,0,0,0,0
14,272,District - Senapati (01),Urban,Less than 18,2912,1480,1432,2882,1473,1409,30,7,23,0,0,0,0,0,0,0,0,0,0,0,0
14,272,District - Senapati (01),Urban,Less than 21,3415,1730,1685,3305,1701,1604,107,29,78,1,0,1,2,0,2,0,0,0,0,0,0
14,273,District - Tamenglong  (02),Total,All ages,140651,72371,68280,83072,44077,38995,53863,27322,26541,3206,779,2427,337,137,200,173,56,117,0,0,0
14,273,District - Tamenglong  (02),Total,0-9,28403,14672,13731,28403,14672,13731,0,0,0,0,0,0,0,0,0,0,0,0,0,0,0
14,273,District - Tamenglong  (02),Total,10-14,16618,8635,7983,16378,8558,7820,231,74,157,3,2,1,5,1,4,1,0,1,0,0,0
14,273,District - Tamenglong  (02),Total,15-19,16380,8277,8103,15402,8018,7384,949,247,702,13,7,6,11,3,8,5,2,3,0,0,0
14,273,District - Tamenglong  (02),Total,20-24,15139,7721,7418,11175,6278,4897,3906,1421,2485,30,7,23,18,11,7,10,4,6,0,0,0
14,273,District - Tamenglong  (02),Total,25-29,13733,6997,6736,6385,3658,2727,7228,3307,3921,72,11,61,31,16,15,17,5,12,0,0,0
14,273,District - Tamenglong  (02),Total,30-34,10534,5451,5083,2654,1508,1146,7688,3891,3797,139,29,110,28,13,15,25,10,15,0,0,0
14,273,District - Tamenglong  (02),Total,35-39,9047,4677,4370,1151,642,509,7692,3977,3715,140,37,103,36,12,24,28,9,19,0,0,0
14,273,District - Tamenglong  (02),Total,40-44,7393,3873,3520,514,262,252,6612,3557,3055,212,41,171,34,9,25,21,4,17,0,0,0
14,273,District - Tamenglong  (02),Total,45-49,6316,3212,3104,295,144,151,5650,2978,2672,308,69,239,47,17,30,16,4,12,0,0,0
14,273,District - Tamenglong  (02),Total,50-54,4892,2620,2272,177,86,91,4347,2451,1896,331,70,261,21,7,14,16,6,10,0,0,0
14,273,District - Tamenglong  (02),Total,55-59,3426,1748,1678,107,43,64,2970,1631,1339,320,65,255,18,5,13,11,4,7,0,0,0
14,273,District - Tamenglong  (02),Total,60-64,3004,1548,1456,92,45,47,2474,1407,1067,409,86,323,25,8,17,4,2,2,0,0,0
14,273,District - Tamenglong  (02),Total,65-69,1911,992,919,64,24,40,1537,874,663,285,84,201,14,7,7,11,3,8,0,0,0
14,273,District - Tamenglong  (02),Total,70-74,1488,745,743,55,24,31,1080,619,461,332,90,242,18,10,8,3,2,1,0,0,0
14,273,District - Tamenglong  (02),Total,75-79,881,451,430,28,12,16,625,371,254,212,60,152,14,8,6,2,0,2,0,0,0
14,273,District - Tamenglong  (02),Total,80+,1322,665,657,82,44,38,825,491,334,396,120,276,17,10,7,2,0,2,0,0,0
14,273,District - Tamenglong  (02),Total,Age not stated,164,87,77,110,59,51,49,26,23,4,1,3,0,0,0,1,1,0,0,0,0
14,273,District - Tamenglong  (02),Total,Less than 18,54675,28195,26480,54027,28002,26025,622,181,441,12,7,5,11,4,7,3,1,2,0,0,0
14,273,District - Tamenglong  (02),Total,Less than 21,65447,33641,31806,63518,33070,30448,1878,551,1327,23,10,13,21,7,14,7,3,4,0,0,0
14,273,District - Tamenglong  (02),Rural,All ages,121288,62534,58754,71705,38178,33527,46386,23496,22890,2729,691,2038,316,123,193,152,46,106,0,0,0
14,273,District - Tamenglong  (02),Rural,0-9,24374,12647,11727,24374,12647,11727,0,0,0,0,0,0,0,0,0,0,0,0,0,0,0
14,273,District - Tamenglong  (02),Rural,10-14,14009,7335,6674,13798,7265,6533,203,67,136,2,2,0,5,1,4,1,0,1,0,0,0
14,273,District - Tamenglong  (02),Rural,15-19,14115,7193,6922,13293,6967,6326,796,215,581,11,7,4,11,3,8,4,1,3,0,0,0
14,273,District - Tamenglong  (02),Rural,20-24,13194,6746,6448,9815,5503,4312,3336,1226,2110,20,5,15,16,9,7,7,3,4,0,0,0
14,273,District - Tamenglong  (02),Rural,25-29,11871,6050,5821,5615,3201,2414,6151,2820,3331,61,10,51,28,14,14,16,5,11,0,0,0
14,273,District - Tamenglong  (02),Rural,30-34,9128,4748,4380,2383,1351,1032,6590,3354,3236,109,26,83,26,11,15,20,6,14,0,0,0
14,273,District - Tamenglong  (02),Rural,35-39,7755,3992,3763,1065,590,475,6528,3360,3168,110,28,82,30,7,23,22,7,15,0,0,0
14,273,District - Tamenglong  (02),Rural,40-44,6385,3343,3042,479,243,236,5676,3051,2625,179,37,142,32,8,24,19,4,15,0,0,0
14,273,District - Tamenglong  (02),Rural,45-49,5443,2731,2712,264,127,137,4858,2523,2335,261,62,199,45,16,29,15,3,12,0,0,0
14,273,District - Tamenglong  (02),Rural,50-54,4224,2249,1975,159,74,85,3749,2102,1647,281,61,220,20,7,13,15,5,10,0,0,0
14,273,District - Tamenglong  (02),Rural,55-59,2985,1497,1488,96,38,58,2579,1391,1188,281,59,222,18,5,13,11,4,7,0,0,0
14,273,District - Tamenglong  (02),Rural,60-64,2656,1382,1274,82,43,39,2200,1254,946,348,75,273,23,8,15,3,2,1,0,0,0
14,273,District - Tamenglong  (02),Rural,65-69,1729,889,840,56,22,34,1386,778,608,262,79,183,14,7,7,11,3,8,0,0,0
14,273,District - Tamenglong  (02),Rural,70-74,1346,673,673,45,20,25,992,563,429,288,78,210,18,10,8,3,2,1,0,0,0
14,273,District - Tamenglong  (02),Rural,75-79,786,403,383,27,11,16,559,327,232,184,57,127,14,8,6,2,0,2,0,0,0
14,273,District - Tamenglong  (02),Rural,80+,1165,594,571,70,35,35,747,446,301,330,104,226,16,9,7,2,0,2,0,0,0
14,273,District - Tamenglong  (02),Rural,Age not stated,123,62,61,84,41,43,36,19,17,2,1,1,0,0,0,1,1,0,0,0,0
14,273,District - Tamenglong  (02),Rural,Less than 18,46594,24184,22410,46051,24014,22037,520,158,362,9,7,2,11,4,7,3,1,2,0,0,0
14,273,District - Tamenglong  (02),Rural,Less than 21,56084,29011,27073,54428,28503,25925,1613,490,1123,17,10,7,20,6,14,6,2,4,0,0,0
14,273,District - Tamenglong  (02),Urban,All ages,19363,9837,9526,11367,5899,5468,7477,3826,3651,477,88,389,21,14,7,21,10,11,0,0,0
14,273,District - Tamenglong  (02),Urban,0-9,4029,2025,2004,4029,2025,2004,0,0,0,0,0,0,0,0,0,0,0,0,0,0,0
14,273,District - Tamenglong  (02),Urban,10-14,2609,1300,1309,2580,1293,1287,28,7,21,1,0,1,0,0,0,0,0,0,0,0,0
14,273,District - Tamenglong  (02),Urban,15-19,2265,1084,1181,2109,1051,1058,153,32,121,2,0,2,0,0,0,1,1,0,0,0,0
14,273,District - Tamenglong  (02),Urban,20-24,1945,975,970,1360,775,585,570,195,375,10,2,8,2,2,0,3,1,2,0,0,0
14,273,District - Tamenglong  (02),Urban,25-29,1862,947,915,770,457,313,1077,487,590,11,1,10,3,2,1,1,0,1,0,0,0
14,273,District - Tamenglong  (02),Urban,30-34,1406,703,703,271,157,114,1098,537,561,30,3,27,2,2,0,5,4,1,0,0,0
14,273,District - Tamenglong  (02),Urban,35-39,1292,685,607,86,52,34,1164,617,547,30,9,21,6,5,1,6,2,4,0,0,0
14,273,District - Tamenglong  (02),Urban,40-44,1008,530,478,35,19,16,936,506,430,33,4,29,2,1,1,2,0,2,0,0,0
14,273,District - Tamenglong  (02),Urban,45-49,873,481,392,31,17,14,792,455,337,47,7,40,2,1,1,1,1,0,0,0,0
14,273,District - Tamenglong  (02),Urban,50-54,668,371,297,18,12,6,598,349,249,50,9,41,1,0,1,1,1,0,0,0,0
14,273,District - Tamenglong  (02),Urban,55-59,441,251,190,11,5,6,391,240,151,39,6,33,0,0,0,0,0,0,0,0,0
14,273,District - Tamenglong  (02),Urban,60-64,348,166,182,10,2,8,274,153,121,61,11,50,2,0,2,1,0,1,0,0,0
14,273,District - Tamenglong  (02),Urban,65-69,182,103,79,8,2,6,151,96,55,23,5,18,0,0,0,0,0,0,0,0,0
14,273,District - Tamenglong  (02),Urban,70-74,142,72,70,10,4,6,88,56,32,44,12,32,0,0,0,0,0,0,0,0,0
14,273,District - Tamenglong  (02),Urban,75-79,95,48,47,1,1,0,66,44,22,28,3,25,0,0,0,0,0,0,0,0,0
14,273,District - Tamenglong  (02),Urban,80+,157,71,86,12,9,3,78,45,33,66,16,50,1,1,0,0,0,0,0,0,0
14,273,District - Tamenglong  (02),Urban,Age not stated,41,25,16,26,18,8,13,7,6,2,0,2,0,0,0,0,0,0,0,0,0
14,273,District - Tamenglong  (02),Urban,Less than 18,8081,4011,4070,7976,3988,3988,102,23,79,3,0,3,0,0,0,0,0,0,0,0,0
14,273,District - Tamenglong  (02),Urban,Less than 21,9363,4630,4733,9090,4567,4523,265,61,204,6,0,6,1,1,0,1,1,0,0,0,0
14,274,District - Churachandpur (03),Total,All ages,274143,138820,135323,151818,79961,71857,110212,55340,54872,9070,1540,7530,2186,1647,539,857,332,525,0,0,0
14,274,District - Churachandpur (03),Total,0-9,53887,27661,26226,53887,27661,26226,0,0,0,0,0,0,0,0,0,0,0,0,0,0,0
14,274,District - Churachandpur (03),Total,10-14,30003,15361,14642,29610,15246,14364,358,98,260,19,7,12,12,6,6,4,4,0,0,0,0
14,274,District - Churachandpur (03),Total,15-19,29608,14599,15009,27412,14116,13296,2143,466,1677,27,7,20,16,6,10,10,4,6,0,0,0
14,274,District - Churachandpur (03),Total,20-24,29144,14563,14581,20241,11612,8629,8600,2802,5798,76,14,62,162,117,45,65,18,47,0,0,0
14,274,District - Churachandpur (03),Total,25-29,25966,12999,12967,10559,6094,4465,14808,6537,8271,143,37,106,343,277,66,113,54,59,0,0,0
14,274,District - Churachandpur (03),Total,30-34,20939,10747,10192,4628,2605,2023,15435,7692,7743,329,62,267,409,329,80,138,59,79,0,0,0
14,274,District - Churachandpur (03),Total,35-39,17642,8927,8715,2091,1094,997,14596,7411,7185,479,75,404,357,296,61,119,51,68,0,0,0
14,274,District - Churachandpur (03),Total,40-44,15717,8025,7692,1135,539,596,13424,7070,6354,719,107,612,336,273,63,103,36,67,0,0,0
14,274,District - Churachandpur (03),Total,45-49,13504,6824,6680,583,277,306,11759,6267,5492,876,109,767,191,142,49,95,29,66,0,0,0
14,274,District - Churachandpur (03),Total,50-54,11253,5738,5515,387,168,219,9653,5361,4292,1051,133,918,87,48,39,75,28,47,0,0,0
14,274,District - Churachandpur (03),Total,55-59,7752,3960,3792,229,72,157,6537,3738,2799,888,109,779,55,29,26,43,12,31,0,0,0
14,274,District - Churachandpur (03),Total,60-64,6424,3252,3172,218,83,135,5041,2958,2083,1073,172,901,59,30,29,33,9,24,0,0,0
14,274,District - Churachandpur (03),Total,65-69,4122,2018,2104,131,42,89,3068,1803,1265,870,149,721,39,19,20,14,5,9,0,0,0
14,274,District - Churachandpur (03),Total,70-74,3239,1609,1630,81,28,53,2183,1397,786,922,159,763,39,19,20,14,6,8,0,0,0
14,274,District - Churachandpur (03),Total,75-79,1834,950,884,53,17,36,1117,755,362,626,154,472,24,16,8,14,8,6,0,0,0
14,274,District - Churachandpur (03),Total,80+,2472,1246,1226,139,59,80,1314,899,415,951,241,710,52,39,13,16,8,8,0,0,0
14,274,District - Churachandpur (03),Total,Age not stated,637,341,296,434,248,186,176,86,90,21,5,16,5,1,4,1,1,0,0,0,0
14,274,District - Churachandpur (03),Total,Less than 18,101662,51823,49839,100370,51513,48857,1225,283,942,36,11,25,20,9,11,11,7,4,0,0,0
14,274,District - Churachandpur (03),Total,Less than 21,120668,61195,59473,116574,60179,56395,3969,975,2994,61,17,44,42,15,27,22,9,13,0,0,0
14,274,District - Churachandpur (03),Rural,All ages,255786,129659,126127,142366,75049,67317,102409,51312,51097,8201,1409,6792,2064,1597,467,746,292,454,0,0,0
14,274,District - Churachandpur (03),Rural,0-9,50805,26077,24728,50805,26077,24728,0,0,0,0,0,0,0,0,0,0,0,0,0,0,0
14,274,District - Churachandpur (03),Rural,10-14,28151,14420,13731,27783,14311,13472,336,93,243,17,6,11,11,6,5,4,4,0,0,0,0
14,274,District - Churachandpur (03),Rural,15-19,27740,13680,14060,25695,13233,12462,1997,430,1567,24,7,17,14,6,8,10,4,6,0,0,0
14,274,District - Churachandpur (03),Rural,20-24,27348,13671,13677,19008,10919,8089,8058,2610,5448,70,12,58,151,112,39,61,18,43,0,0,0
14,274,District - Churachandpur (03),Rural,25-29,24240,12184,12056,9819,5695,4124,13863,6134,7729,129,35,94,330,272,58,99,48,51,0,0,0
14,274,District - Churachandpur (03),Rural,30-34,19313,9909,9404,4267,2400,1867,14235,7078,7157,293,54,239,392,325,67,126,52,74,0,0,0
14,274,District - Churachandpur (03),Rural,35-39,16319,8276,8043,1923,1014,909,13528,6863,6665,434,67,367,340,289,51,94,43,51,0,0,0
14,274,District - Churachandpur (03),Rural,40-44,14502,7387,7115,1012,489,523,12440,6501,5939,644,98,546,319,268,51,87,31,56,0,0,0
14,274,District - Churachandpur (03),Rural,45-49,12527,6347,6180,532,251,281,10957,5835,5122,780,100,680,178,136,42,80,25,55,0,0,0
14,274,District - Churachandpur (03),Rural,50-54,10349,5292,5057,336,149,187,8928,4948,3980,946,128,818,76,41,35,63,26,37,0,0,0
14,274,District - Churachandpur (03),Rural,55-59,7186,3675,3511,210,67,143,6084,3471,2613,804,99,705,48,27,21,40,11,29,0,0,0
14,274,District - Churachandpur (03),Rural,60-64,6005,3050,2955,198,75,123,4734,2787,1947,991,155,836,55,27,28,27,6,21,0,0,0
14,274,District - Churachandpur (03),Rural,65-69,3814,1882,1932,120,38,82,2843,1683,1160,801,139,662,38,19,19,12,3,9,0,0,0
14,274,District - Churachandpur (03),Rural,70-74,2989,1492,1497,74,26,48,2029,1294,735,835,148,687,37,18,19,14,6,8,0,0,0
14,274,District - Churachandpur (03),Rural,75-79,1648,863,785,46,15,31,1010,687,323,557,139,418,21,14,7,14,8,6,0,0,0
14,274,District - Churachandpur (03),Rural,80+,2246,1130,1116,134,58,76,1194,813,381,855,217,638,49,36,13,14,6,8,0,0,0
14,274,District - Churachandpur (03),Rural,Age not stated,604,324,280,404,232,172,173,85,88,21,5,16,5,1,4,1,1,0,0,0,0
14,274,District - Churachandpur (03),Rural,Less than 18,95562,48740,46822,94360,48446,45914,1142,268,874,31,10,21,18,9,9,11,7,4,0,0,0
14,274,District - Churachandpur (03),Rural,Less than 21,113458,57532,55926,109640,56590,53050,3703,903,2800,55,16,39,38,14,24,22,9,13,0,0,0
14,274,District - Churachandpur (03),Urban,All ages,18357,9161,9196,9452,4912,4540,7803,4028,3775,869,131,738,122,50,72,111,40,71,0,0,0
14,274,District - Churachandpur (03),Urban,0-9,3082,1584,1498,3082,1584,1498,0,0,0,0,0,0,0,0,0,0,0,0,0,0,0
14,274,District - Churachandpur (03),Urban,10-14,1852,941,911,1827,935,892,22,5,17,2,1,1,1,0,1,0,0,0,0,0,0
14,274,District - Churachandpur (03),Urban,15-19,1868,919,949,1717,883,834,146,36,110,3,0,3,2,0,2,0,0,0,0,0,0
14,274,District - Churachandpur (03),Urban,20-24,1796,892,904,1233,693,540,542,192,350,6,2,4,11,5,6,4,0,4,0,0,0
14,274,District - Churachandpur (03),Urban,25-29,1726,815,911,740,399,341,945,403,542,14,2,12,13,5,8,14,6,8,0,0,0
14,274,District - Churachandpur (03),Urban,30-34,1626,838,788,361,205,156,1200,614,586,36,8,28,17,4,13,12,7,5,0,0,0
14,274,District - Churachandpur (03),Urban,35-39,1323,651,672,168,80,88,1068,548,520,45,8,37,17,7,10,25,8,17,0,0,0
14,274,District - Churachandpur (03),Urban,40-44,1215,638,577,123,50,73,984,569,415,75,9,66,17,5,12,16,5,11,0,0,0
14,274,District - Churachandpur (03),Urban,45-49,977,477,500,51,26,25,802,432,370,96,9,87,13,6,7,15,4,11,0,0,0
14,274,District - Churachandpur (03),Urban,50-54,904,446,458,51,19,32,725,413,312,105,5,100,11,7,4,12,2,10,0,0,0
14,274,District - Churachandpur (03),Urban,55-59,566,285,281,19,5,14,453,267,186,84,10,74,7,2,5,3,1,2,0,0,0
14,274,District - Churachandpur (03),Urban,60-64,419,202,217,20,8,12,307,171,136,82,17,65,4,3,1,6,3,3,0,0,0
14,274,District - Churachandpur (03),Urban,65-69,308,136,172,11,4,7,225,120,105,69,10,59,1,0,1,2,2,0,0,0,0
14,274,District - Churachandpur (03),Urban,70-74,250,117,133,7,2,5,154,103,51,87,11,76,2,1,1,0,0,0,0,0,0
14,274,District - Churachandpur (03),Urban,75-79,186,87,99,7,2,5,107,68,39,69,15,54,3,2,1,0,0,0,0,0,0
14,274,District - Churachandpur (03),Urban,80+,226,116,110,5,1,4,120,86,34,96,24,72,3,3,0,2,2,0,0,0,0
14,274,District - Churachandpur (03),Urban,Age not stated,33,17,16,30,16,14,3,1,2,0,0,0,0,0,0,0,0,0,0,0,0
14,274,District - Churachandpur (03),Urban,Less than 18,6100,3083,3017,6010,3067,2943,83,15,68,5,1,4,2,0,2,0,0,0,0,0,0
14,274,District - Churachandpur (03),Urban,Less than 21,7210,3663,3547,6934,3589,3345,266,72,194,6,1,5,4,1,3,0,0,0,0,0,0
14,275,District - Bishnupur (04),Total,All ages,237399,118782,118617,118911,62735,56176,107183,53054,54129,9680,2185,7495,1092,658,434,533,150,383,0,0,0
14,275,District - Bishnupur (04),Total,0-9,45404,23374,22030,45404,23374,22030,0,0,0,0,0,0,0,0,0,0,0,0,0,0,0
14,275,District - Bishnupur (04),Total,10-14,25466,13058,12408,25067,12904,12163,370,144,226,19,5,14,8,4,4,2,1,1,0,0,0
14,275,District - Bishnupur (04),Total,15-19,20847,10381,10466,19205,9971,9234,1594,402,1192,35,5,30,11,2,9,2,1,1,0,0,0
14,275,District - Bishnupur (04),Total,20-24,21058,10253,10805,13837,7863,5974,7079,2338,4741,50,9,41,60,34,26,32,9,23,0,0,0
14,275,District - Bishnupur (04),Total,25-29,22445,10900,11545,8412,4900,3512,13716,5864,7852,114,16,98,151,112,39,52,8,44,0,0,0
14,275,District - Bishnupur (04),Total,30-34,18703,9269,9434,3439,2020,1419,14843,7104,7739,246,51,195,109,73,36,66,21,45,0,0,0
14,275,District - Bishnupur (04),Total,35-39,17517,8598,8919,1436,746,690,15495,7676,7819,350,49,301,164,110,54,72,17,55,0,0,0
14,275,District - Bishnupur (04),Total,40-44,14413,7270,7143,655,299,356,13006,6741,6265,497,69,428,174,133,41,81,28,53,0,0,0
14,275,District - Bishnupur (04),Total,45-49,12274,6099,6175,397,159,238,11033,5732,5301,647,98,549,132,88,44,65,22,43,0,0,0
14,275,District - Bishnupur (04),Total,50-54,10366,5051,5315,227,82,145,9199,4797,4402,820,129,691,67,27,40,53,16,37,0,0,0
14,275,District - Bishnupur (04),Total,55-59,8710,4358,4352,144,60,84,7495,4097,3398,977,177,800,56,12,44,38,12,26,0,0,0
14,275,District - Bishnupur (04),Total,60-64,6873,3471,3402,142,72,70,5400,3131,2269,1231,235,996,68,23,45,32,10,22,0,0,0
14,275,District - Bishnupur (04),Total,65-69,4737,2417,2320,110,48,62,3422,2076,1346,1161,279,882,28,12,16,16,2,14,0,0,0
14,275,District - Bishnupur (04),Total,70-74,3456,1680,1776,42,22,20,2129,1338,791,1255,313,942,23,7,16,7,0,7,0,0,0
14,275,District - Bishnupur (04),Total,75-79,2148,1087,1061,24,10,14,1189,803,386,912,265,647,16,7,9,7,2,5,0,0,0
14,275,District - Bishnupur (04),Total,80+,2525,1272,1253,99,47,52,1047,732,315,1349,480,869,23,13,10,7,0,7,0,0,0
14,275,District - Bishnupur (04),Total,Age not stated,457,244,213,271,158,113,166,79,87,17,5,12,2,1,1,1,1,0,0,0,0
14,275,District - Bishnupur (04),Total,Less than 18,83539,42778,40761,82505,42440,40065,974,324,650,43,8,35,15,5,10,2,1,1,0,0,0
14,275,District - Bishnupur (04),Total,Less than 21,96446,49115,47331,93300,48246,45054,3047,847,2200,66,11,55,25,8,17,8,3,5,0,0,0
14,275,District - Bishnupur (04),Rural,All ages,149894,75171,74723,75348,39872,35476,67810,33436,34374,5793,1342,4451,629,433,196,314,88,226,0,0,0
14,275,District - Bishnupur (04),Rural,0-9,29186,15050,14136,29186,15050,14136,0,0,0,0,0,0,0,0,0,0,0,0,0,0,0
14,275,District - Bishnupur (04),Rural,10-14,16398,8444,7954,16137,8342,7795,245,96,149,12,3,9,3,2,1,1,1,0,0,0,0
14,275,District - Bishnupur (04),Rural,15-19,13293,6640,6653,12314,6398,5916,954,239,715,18,1,17,6,2,4,1,0,1,0,0,0
14,275,District - Bishnupur (04),Rural,20-24,13269,6483,6786,8718,4965,3753,4469,1484,2985,32,8,24,33,21,12,17,5,12,0,0,0
14,275,District - Bishnupur (04),Rural,25-29,13869,6703,7166,5073,2986,2087,8608,3627,4981,61,8,53,93,76,17,34,6,28,0,0,0
14,275,District - Bishnupur (04),Rural,30-34,11560,5722,5838,2024,1183,841,9293,4443,4850,138,32,106,69,50,19,36,14,22,0,0,0
14,275,District - Bishnupur (04),Rural,35-39,10939,5378,5561,761,405,356,9813,4848,4965,221,35,186,101,78,23,43,12,31,0,0,0
14,275,District - Bishnupur (04),Rural,40-44,9065,4576,4489,342,166,176,8288,4270,4018,293,43,250,97,81,16,45,16,29,0,0,0
14,275,District - Bishnupur (04),Rural,45-49,7715,3855,3860,202,87,115,7012,3630,3382,375,60,315,82,63,19,44,15,29,0,0,0
14,275,District - Bishnupur (04),Rural,50-54,6470,3164,3306,108,46,62,5840,3013,2827,462,86,376,33,15,18,27,4,23,0,0,0
14,275,District - Bishnupur (04),Rural,55-59,5405,2746,2659,72,29,43,4724,2599,2125,561,105,456,26,7,19,22,6,16,0,0,0
14,275,District - Bishnupur (04),Rural,60-64,4292,2215,2077,82,45,37,3446,1997,1449,711,153,558,35,14,21,18,6,12,0,0,0
14,275,District - Bishnupur (04),Rural,65-69,2967,1496,1471,64,30,34,2157,1285,872,723,175,548,14,5,9,9,1,8,0,0,0
14,275,District - Bishnupur (04),Rural,70-74,2176,1066,1110,26,12,14,1376,867,509,754,183,571,14,4,10,6,0,6,0,0,0
14,275,District - Bishnupur (04),Rural,75-79,1407,697,710,17,8,9,782,512,270,595,169,426,8,7,1,5,1,4,0,0,0
14,275,District - Bishnupur (04),Rural,80+,1580,777,803,52,26,26,683,465,218,827,279,548,13,7,6,5,0,5,0,0,0
14,275,District - Bishnupur (04),Rural,Age not stated,303,159,144,170,94,76,120,61,59,10,2,8,2,1,1,1,1,0,0,0,0
14,275,District - Bishnupur (04),Rural,Less than 18,53690,27527,26163,53042,27315,25727,617,205,412,23,3,20,7,3,4,1,1,0,0,0,0
14,275,District - Bishnupur (04),Rural,Less than 21,61892,31625,30267,59961,31085,28876,1875,530,1345,40,5,35,12,4,8,4,1,3,0,0,0
14,275,District - Bishnupur (04),Urban,All ages,87505,43611,43894,43563,22863,20700,39373,19618,19755,3887,843,3044,463,225,238,219,62,157,0,0,0
14,275,District - Bishnupur (04),Urban,0-9,16218,8324,7894,16218,8324,7894,0,0,0,0,0,0,0,0,0,0,0,0,0,0,0
14,275,District - Bishnupur (04),Urban,10-14,9068,4614,4454,8930,4562,4368,125,48,77,7,2,5,5,2,3,1,0,1,0,0,0
14,275,District - Bishnupur (04),Urban,15-19,7554,3741,3813,6891,3573,3318,640,163,477,17,4,13,5,0,5,1,1,0,0,0,0
14,275,District - Bishnupur (04),Urban,20-24,7789,3770,4019,5119,2898,2221,2610,854,1756,18,1,17,27,13,14,15,4,11,0,0,0
14,275,District - Bishnupur (04),Urban,25-29,8576,4197,4379,3339,1914,1425,5108,2237,2871,53,8,45,58,36,22,18,2,16,0,0,0
14,275,District - Bishnupur (04),Urban,30-34,7143,3547,3596,1415,837,578,5550,2661,2889,108,19,89,40,23,17,30,7,23,0,0,0
14,275,District - Bishnupur (04),Urban,35-39,6578,3220,3358,675,341,334,5682,2828,2854,129,14,115,63,32,31,29,5,24,0,0,0
14,275,District - Bishnupur (04),Urban,40-44,5348,2694,2654,313,133,180,4718,2471,2247,204,26,178,77,52,25,36,12,24,0,0,0
14,275,District - Bishnupur (04),Urban,45-49,4559,2244,2315,195,72,123,4021,2102,1919,272,38,234,50,25,25,21,7,14,0,0,0
14,275,District - Bishnupur (04),Urban,50-54,3896,1887,2009,119,36,83,3359,1784,1575,358,43,315,34,12,22,26,12,14,0,0,0
14,275,District - Bishnupur (04),Urban,55-59,3305,1612,1693,72,31,41,2771,1498,1273,416,72,344,30,5,25,16,6,10,0,0,0
14,275,District - Bishnupur (04),Urban,60-64,2581,1256,1325,60,27,33,1954,1134,820,520,82,438,33,9,24,14,4,10,0,0,0
14,275,District - Bishnupur (04),Urban,65-69,1770,921,849,46,18,28,1265,791,474,438,104,334,14,7,7,7,1,6,0,0,0
14,275,District - Bishnupur (04),Urban,70-74,1280,614,666,16,10,6,753,471,282,501,130,371,9,3,6,1,0,1,0,0,0
14,275,District - Bishnupur (04),Urban,75-79,741,390,351,7,2,5,407,291,116,317,96,221,8,0,8,2,1,1,0,0,0
14,275,District - Bishnupur (04),Urban,80+,945,495,450,47,21,26,364,267,97,522,201,321,10,6,4,2,0,2,0,0,0
14,275,District - Bishnupur (04),Urban,Age not stated,154,85,69,101,64,37,46,18,28,7,3,4,0,0,0,0,0,0,0,0,0
14,275,District - Bishnupur (04),Urban,Less than 18,29849,15251,14598,29463,15125,14338,357,119,238,20,5,15,8,2,6,1,0,1,0,0,0
14,275,District - Bishnupur (04),Urban,Less than 21,34554,17490,17064,33339,17161,16178,1172,317,855,26,6,20,13,4,9,4,2,2,0,0,0
14,276,District - Thoubal (05),Total,All ages,422168,210845,211323,216612,114255,102357,187064,92613,94451,16536,3445,13091,974,313,661,982,219,763,0,0,0
14,276,District - Thoubal (05),Total,0-9,88178,45320,42858,88178,45320,42858,0,0,0,0,0,0,0,0,0,0,0,0,0,0,0
14,276,District - Thoubal (05),Total,10-14,47934,24405,23529,47285,24174,23111,596,211,385,28,8,20,21,10,11,4,2,2,0,0,0
14,276,District - Thoubal (05),Total,15-19,39220,19397,19823,36117,18729,17388,2989,640,2349,69,17,52,29,10,19,16,1,15,0,0,0
14,276,District - Thoubal (05),Total,20-24,38265,18605,19660,23855,13950,9905,14141,4583,9558,159,41,118,46,16,30,64,15,49,0,0,0
14,276,District - Thoubal (05),Total,25-29,38378,18428,19950,11938,7308,4630,25925,11015,14910,333,67,266,73,23,50,109,15,94,0,0,0
14,276,District - Thoubal (05),Total,30-34,32009,15755,16254,4350,2551,1799,26920,13064,13856,492,82,410,114,29,85,133,29,104,0,0,0
14,276,District - Thoubal (05),Total,35-39,29700,14728,14972,1831,902,929,26808,13637,13171,786,110,676,140,43,97,135,36,99,0,0,0
14,276,District - Thoubal (05),Total,40-44,24475,12310,12165,892,365,527,22352,11735,10617,1007,138,869,104,39,65,120,33,87,0,0,0
14,276,District - Thoubal (05),Total,45-49,21012,10574,10438,527,201,326,19200,10153,9047,1074,165,909,92,33,59,119,22,97,0,0,0
14,276,District - Thoubal (05),Total,50-54,17156,8494,8662,307,105,202,15265,8112,7153,1399,230,1169,97,25,72,88,22,66,0,0,0
14,276,District - Thoubal (05),Total,55-59,14050,7056,6994,189,63,126,12055,6706,5349,1667,258,1409,76,14,62,63,15,48,0,0,0
14,276,District - Thoubal (05),Total,60-64,11147,5542,5605,184,81,103,8708,5052,3656,2132,371,1761,66,23,43,57,15,42,0,0,0
14,276,District - Thoubal (05),Total,65-69,7350,3694,3656,131,54,77,5232,3245,1987,1910,378,1532,46,13,33,31,4,27,0,0,0
14,276,District - Thoubal (05),Total,70-74,5273,2539,2734,65,29,36,3170,2016,1154,1990,479,1511,32,12,20,16,3,13,0,0,0
14,276,District - Thoubal (05),Total,75-79,3331,1674,1657,27,13,14,1851,1229,622,1422,420,1002,17,9,8,14,3,11,0,0,0
14,276,District - Thoubal (05),Total,80+,3753,1820,1933,161,75,86,1522,1055,467,2040,672,1368,20,14,6,10,4,6,0,0,0
14,276,District - Thoubal (05),Total,Age not stated,937,504,433,575,335,240,330,160,170,28,9,19,1,0,1,3,0,3,0,0,0
14,276,District - Thoubal (05),Total,Less than 18,159873,81577,78296,158109,81069,77040,1643,469,1174,71,20,51,39,16,23,11,3,8,0,0,0
14,276,District - Thoubal (05),Total,Less than 21,184469,93552,90917,178350,92067,86283,5890,1423,4467,133,34,99,64,23,41,32,5,27,0,0,0
14,276,District - Thoubal (05),Rural,All ages,270835,135470,135365,140659,74297,66362,118840,58581,60259,10048,2243,7805,673,213,460,615,136,479,0,0,0
14,276,District - Thoubal (05),Rural,0-9,58409,30014,28395,58409,30014,28395,0,0,0,0,0,0,0,0,0,0,0,0,0,0,0
14,276,District - Thoubal (05),Rural,10-14,31711,16240,15471,31241,16072,15169,429,154,275,23,6,17,15,7,8,3,1,2,0,0,0
14,276,District - Thoubal (05),Rural,15-19,25692,12739,12953,23601,12292,11309,2015,431,1584,45,10,35,19,5,14,12,1,11,0,0,0
14,276,District - Thoubal (05),Rural,20-24,24538,11927,12611,14973,8801,6172,9391,3080,6311,100,27,73,37,14,23,37,5,32,0,0,0
14,276,District - Thoubal (05),Rural,25-29,24279,11553,12726,7017,4258,2759,16902,7217,9685,240,50,190,49,18,31,71,10,61,0,0,0
14,276,District - Thoubal (05),Rural,30-34,20101,9890,10211,2494,1458,1036,17107,8339,8768,339,61,278,75,15,60,86,17,69,0,0,0
14,276,District - Thoubal (05),Rural,35-39,18835,9298,9537,1064,537,527,17094,8634,8460,485,69,416,106,33,73,86,25,61,0,0,0
14,276,District - Thoubal (05),Rural,40-44,15098,7554,7544,478,207,271,13842,7195,6647,624,103,521,74,26,48,80,23,57,0,0,0
14,276,District - Thoubal (05),Rural,45-49,12998,6563,6435,281,111,170,11970,6316,5654,625,107,518,53,18,35,69,11,58,0,0,0
14,276,District - Thoubal (05),Rural,50-54,10530,5264,5266,159,59,100,9451,5024,4427,798,152,646,69,18,51,53,11,42,0,0,0
14,276,District - Thoubal (05),Rural,55-59,8757,4423,4334,94,37,57,7606,4187,3419,969,178,791,52,11,41,36,10,26,0,0,0
14,276,District - Thoubal (05),Rural,60-64,7011,3535,3476,109,52,57,5507,3205,2302,1317,254,1063,43,13,30,35,11,24,0,0,0
14,276,District - Thoubal (05),Rural,65-69,4551,2333,2218,71,27,44,3268,2058,1210,1157,232,925,37,12,25,18,4,14,0,0,0
14,276,District - Thoubal (05),Rural,70-74,3237,1532,1705,37,17,20,1916,1198,718,1253,305,948,21,9,12,10,3,7,0,0,0
14,276,District - Thoubal (05),Rural,75-79,2046,1066,980,16,10,6,1151,777,374,858,270,588,11,6,5,10,3,7,0,0,0
14,276,District - Thoubal (05),Rural,80+,2254,1122,1132,122,60,62,924,642,282,1190,411,779,11,8,3,7,1,6,0,0,0
14,276,District - Thoubal (05),Rural,Age not stated,788,417,371,493,285,208,267,124,143,25,8,17,1,0,1,2,0,2,0,0,0
14,276,District - Thoubal (05),Rural,Less than 18,105623,53994,51629,104390,53639,50751,1149,331,818,49,12,37,27,10,17,8,2,6,0,0,0
14,276,District - Thoubal (05),Rural,Less than 21,121865,61935,59930,117685,60920,56765,4020,976,3044,90,21,69,48,15,33,22,3,19,0,0,0
14,276,District - Thoubal (05),Urban,All ages,151333,75375,75958,75953,39958,35995,68224,34032,34192,6488,1202,5286,301,100,201,367,83,284,0,0,0
14,276,District - Thoubal (05),Urban,0-9,29769,15306,14463,29769,15306,14463,0,0,0,0,0,0,0,0,0,0,0,0,0,0,0
14,276,District - Thoubal (05),Urban,10-14,16223,8165,8058,16044,8102,7942,167,57,110,5,2,3,6,3,3,1,1,0,0,0,0
14,276,District - Thoubal (05),Urban,15-19,13528,6658,6870,12516,6437,6079,974,209,765,24,7,17,10,5,5,4,0,4,0,0,0
14,276,District - Thoubal (05),Urban,20-24,13727,6678,7049,8882,5149,3733,4750,1503,3247,59,14,45,9,2,7,27,10,17,0,0,0
14,276,District - Thoubal (05),Urban,25-29,14099,6875,7224,4921,3050,1871,9023,3798,5225,93,17,76,24,5,19,38,5,33,0,0,0
14,276,District - Thoubal (05),Urban,30-34,11908,5865,6043,1856,1093,763,9813,4725,5088,153,21,132,39,14,25,47,12,35,0,0,0
14,276,District - Thoubal (05),Urban,35-39,10865,5430,5435,767,365,402,9714,5003,4711,301,41,260,34,10,24,49,11,38,0,0,0
14,276,District - Thoubal (05),Urban,40-44,9377,4756,4621,414,158,256,8510,4540,3970,383,35,348,30,13,17,40,10,30,0,0,0
14,276,District - Thoubal (05),Urban,45-49,8014,4011,4003,246,90,156,7230,3837,3393,449,58,391,39,15,24,50,11,39,0,0,0
14,276,District - Thoubal (05),Urban,50-54,6626,3230,3396,148,46,102,5814,3088,2726,601,78,523,28,7,21,35,11,24,0,0,0
14,276,District - Thoubal (05),Urban,55-59,5293,2633,2660,95,26,69,4449,2519,1930,698,80,618,24,3,21,27,5,22,0,0,0
14,276,District - Thoubal (05),Urban,60-64,4136,2007,2129,75,29,46,3201,1847,1354,815,117,698,23,10,13,22,4,18,0,0,0
14,276,District - Thoubal (05),Urban,65-69,2799,1361,1438,60,27,33,1964,1187,777,753,146,607,9,1,8,13,0,13,0,0,0
14,276,District - Thoubal (05),Urban,70-74,2036,1007,1029,28,12,16,1254,818,436,737,174,563,11,3,8,6,0,6,0,0,0
14,276,District - Thoubal (05),Urban,75-79,1285,608,677,11,3,8,700,452,248,564,150,414,6,3,3,4,0,4,0,0,0
14,276,District - Thoubal (05),Urban,80+,1499,698,801,39,15,24,598,413,185,850,261,589,9,6,3,3,3,0,0,0,0
14,276,District - Thoubal (05),Urban,Age not stated,149,87,62,82,50,32,63,36,27,3,1,2,0,0,0,1,0,1,0,0,0
14,276,District - Thoubal (05),Urban,Less than 18,54250,27583,26667,53719,27430,26289,494,138,356,22,8,14,12,6,6,3,1,2,0,0,0
14,276,District - Thoubal (05),Urban,Less than 21,62604,31617,30987,60665,31147,29518,1870,447,1423,43,13,30,16,8,8,10,2,8,0,0,0
14,277,District - Imphal West (06),Total,All ages,517992,255054,262938,255911,133285,122626,236554,116455,120099,22369,4203,18166,1968,773,1195,1190,338,852,0,0,0
14,277,District - Imphal West (06),Total,0-9,88526,45316,43210,88526,45316,43210,0,0,0,0,0,0,0,0,0,0,0,0,0,0,0
14,277,District - Imphal West (06),Total,10-14,49402,25195,24207,48397,24824,23573,874,321,553,47,12,35,78,37,41,6,1,5,0,0,0
14,277,District - Imphal West (06),Total,15-19,43346,21712,21634,39943,20848,19095,3235,811,2424,85,23,62,70,25,45,13,5,8,0,0,0
14,277,District - Imphal West (06),Total,20-24,47328,22876,24452,33198,18260,14938,13854,4515,9339,135,36,99,100,48,52,41,17,24,0,0,0
14,277,District - Imphal West (06),Total,25-29,50338,24113,26225,22662,12800,9862,27142,11143,15999,278,63,215,171,87,84,85,20,65,0,0,0
14,277,District - Imphal West (06),Total,30-34,43668,20928,22740,10448,5711,4737,32318,14996,17322,560,88,472,201,92,109,141,41,100,0,0,0
14,277,District - Imphal West (06),Total,35-39,40449,19495,20954,5090,2435,2655,33997,16795,17202,999,142,857,216,83,133,147,40,107,0,0,0
14,277,District - Imphal West (06),Total,40-44,34300,16839,17461,2611,1068,1543,30095,15470,14625,1226,153,1073,205,80,125,163,68,95,0,0,0
14,277,District - Imphal West (06),Total,45-49,29729,14689,15040,1458,505,953,26340,13834,12506,1591,228,1363,188,79,109,152,43,109,0,0,0
14,277,District - Imphal West (06),Total,50-54,25119,12147,12972,812,259,553,22012,11526,10486,1998,280,1718,168,56,112,129,26,103,0,0,0
14,277,District - Imphal West (06),Total,55-59,19295,9548,9747,518,202,316,16403,8960,7443,2130,319,1811,136,39,97,108,28,80,0,0,0
14,277,District - Imphal West (06),Total,60-64,15408,7586,7822,437,173,264,12009,6914,5095,2739,439,2300,135,37,98,88,23,65,0,0,0
14,277,District - Imphal West (06),Total,65-69,10261,4958,5303,318,151,167,7359,4327,3032,2448,445,2003,90,24,66,46,11,35,0,0,0
14,277,District - Imphal West (06),Total,70-74,7612,3553,4059,135,50,85,4713,2935,1778,2649,536,2113,80,29,51,35,3,32,0,0,0
14,277,District - Imphal West (06),Total,75-79,5253,2469,2784,96,40,56,2962,1911,1051,2128,490,1638,56,26,30,11,2,9,0,0,0
14,277,District - Imphal West (06),Total,80+,6446,2900,3546,297,137,160,2755,1783,972,3305,940,2365,68,30,38,21,10,11,0,0,0
14,277,District - Imphal West (06),Total,Age not stated,1512,730,782,965,506,459,486,214,272,51,9,42,6,1,5,4,0,4,0,0,0
14,277,District - Imphal West (06),Total,Less than 18,164025,83741,80284,161630,82979,78651,2176,691,1485,95,21,74,114,47,67,10,3,7,0,0,0
14,277,District - Imphal West (06),Total,Less than 21,191274,97061,94213,184767,95225,89542,6151,1715,4436,167,43,124,164,70,94,25,8,17,0,0,0
14,277,District - Imphal West (06),Rural,All ages,195113,96948,98165,97282,51257,46025,89438,43780,45658,7510,1632,5878,488,166,322,395,113,282,0,0,0
14,277,District - Imphal West (06),Rural,0-9,36518,18699,17819,36518,18699,17819,0,0,0,0,0,0,0,0,0,0,0,0,0,0,0
14,277,District - Imphal West (06),Rural,10-14,20328,10487,9841,19941,10352,9589,355,126,229,21,4,17,9,4,5,2,1,1,0,0,0
14,277,District - Imphal West (06),Rural,15-19,16950,8567,8383,15561,8219,7342,1341,332,1009,32,11,21,13,4,9,3,1,2,0,0,0
14,277,District - Imphal West (06),Rural,20-24,17989,8696,9293,11898,6723,5175,6007,1951,4056,48,13,35,20,6,14,16,3,13,0,0,0
14,277,District - Imphal West (06),Rural,25-29,18200,8753,9447,7078,4161,2917,10961,4546,6415,96,24,72,33,15,18,32,7,25,0,0,0
14,277,District - Imphal West (06),Rural,30-34,15775,7479,8296,2927,1625,1302,12560,5800,6760,192,25,167,52,17,35,44,12,32,0,0,0
14,277,District - Imphal West (06),Rural,35-39,14984,7337,7647,1393,683,710,13150,6562,6588,326,59,267,62,16,46,53,17,36,0,0,0
14,277,District - Imphal West (06),Rural,40-44,12452,6228,6224,653,250,403,11292,5866,5426,392,62,330,58,25,33,57,25,32,0,0,0
14,277,District - Imphal West (06),Rural,45-49,10598,5299,5299,362,108,254,9621,5080,4541,525,79,446,43,16,27,47,16,31,0,0,0
14,277,District - Imphal West (06),Rural,50-54,8526,4136,4390,200,65,135,7608,3952,3656,641,103,538,39,9,30,38,7,31,0,0,0
14,277,District - Imphal West (06),Rural,55-59,6700,3346,3354,135,62,73,5740,3130,2610,760,138,622,32,6,26,33,10,23,0,0,0
14,277,District - Imphal West (06),Rural,60-64,5533,2750,2783,117,51,66,4389,2522,1867,943,163,780,47,10,37,37,4,33,0,0,0
14,277,District - Imphal West (06),Rural,65-69,3716,1848,1868,88,44,44,2706,1599,1107,888,194,694,23,7,16,11,4,7,0,0,0
14,277,District - Imphal West (06),Rural,70-74,2708,1327,1381,34,15,19,1710,1079,631,929,220,709,25,12,13,10,1,9,0,0,0
14,277,District - Imphal West (06),Rural,75-79,1745,848,897,27,15,12,1007,627,380,688,195,493,17,10,7,6,1,5,0,0,0
14,277,District - Imphal West (06),Rural,80+,2014,963,1051,86,45,41,890,567,323,1020,339,681,13,8,5,5,4,1,0,0,0
14,277,District - Imphal West (06),Rural,Age not stated,377,185,192,264,140,124,101,41,60,9,3,6,2,1,1,1,0,1,0,0,0
14,277,District - Imphal West (06),Rural,Less than 18,67049,34390,32659,66127,34106,32021,864,270,594,39,7,32,16,6,10,3,1,2,0,0,0
14,277,District - Imphal West (06),Rural,Less than 21,77735,39642,38093,75078,38919,36159,2556,694,1862,69,18,51,24,8,16,8,3,5,0,0,0
14,277,District - Imphal West (06),Urban,All ages,322879,158106,164773,158629,82028,76601,147116,72675,74441,14859,2571,12288,1480,607,873,795,225,570,0,0,0
14,277,District - Imphal West (06),Urban,0-9,52008,26617,25391,52008,26617,25391,0,0,0,0,0,0,0,0,0,0,0,0,0,0,0
14,277,District - Imphal West (06),Urban,10-14,29074,14708,14366,28456,14472,13984,519,195,324,26,8,18,69,33,36,4,0,4,0,0,0
14,277,District - Imphal West (06),Urban,15-19,26396,13145,13251,24382,12629,11753,1894,479,1415,53,12,41,57,21,36,10,4,6,0,0,0
14,277,District - Imphal West (06),Urban,20-24,29339,14180,15159,21300,11537,9763,7847,2564,5283,87,23,64,80,42,38,25,14,11,0,0,0
14,277,District - Imphal West (06),Urban,25-29,32138,15360,16778,15584,8639,6945,16181,6597,9584,182,39,143,138,72,66,53,13,40,0,0,0
14,277,District - Imphal West (06),Urban,30-34,27893,13449,14444,7521,4086,3435,19758,9196,10562,368,63,305,149,75,74,97,29,68,0,0,0
14,277,District - Imphal West (06),Urban,35-39,25465,12158,13307,3697,1752,1945,20847,10233,10614,673,83,590,154,67,87,94,23,71,0,0,0
14,277,District - Imphal West (06),Urban,40-44,21848,10611,11237,1958,818,1140,18803,9604,9199,834,91,743,147,55,92,106,43,63,0,0,0
14,277,District - Imphal West (06),Urban,45-49,19131,9390,9741,1096,397,699,16719,8754,7965,1066,149,917,145,63,82,105,27,78,0,0,0
14,277,District - Imphal West (06),Urban,50-54,16593,8011,8582,612,194,418,14404,7574,6830,1357,177,1180,129,47,82,91,19,72,0,0,0
14,277,District - Imphal West (06),Urban,55-59,12595,6202,6393,383,140,243,10663,5830,4833,1370,181,1189,104,33,71,75,18,57,0,0,0
14,277,District - Imphal West (06),Urban,60-64,9875,4836,5039,320,122,198,7620,4392,3228,1796,276,1520,88,27,61,51,19,32,0,0,0
14,277,District - Imphal West (06),Urban,65-69,6545,3110,3435,230,107,123,4653,2728,1925,1560,251,1309,67,17,50,35,7,28,0,0,0
14,277,District - Imphal West (06),Urban,70-74,4904,2226,2678,101,35,66,3003,1856,1147,1720,316,1404,55,17,38,25,2,23,0,0,0
14,277,District - Imphal West (06),Urban,75-79,3508,1621,1887,69,25,44,1955,1284,671,1440,295,1145,39,16,23,5,1,4,0,0,0
14,277,District - Imphal West (06),Urban,80+,4432,1937,2495,211,92,119,1865,1216,649,2285,601,1684,55,22,33,16,6,10,0,0,0
14,277,District - Imphal West (06),Urban,Age not stated,1135,545,590,701,366,335,385,173,212,42,6,36,4,0,4,3,0,3,0,0,0
14,277,District - Imphal West (06),Urban,Less than 18,96976,49351,47625,95503,48873,46630,1312,421,891,56,14,42,98,41,57,7,2,5,0,0,0
14,277,District - Imphal West (06),Urban,Less than 21,113539,57419,56120,109689,56306,53383,3595,1021,2574,98,25,73,140,62,78,17,5,12,0,0,0
14,278,District - Imphal East (07),Total,All ages,456113,226094,230019,234030,122232,111798,200843,99399,101444,18662,3753,14909,1320,430,890,1258,280,978,0,0,0
14,278,District - Imphal East (07),Total,0-9,86169,44195,41974,86169,44195,41974,0,0,0,0,0,0,0,0,0,0,0,0,0,0,0
14,278,District - Imphal East (07),Total,10-14,46783,23501,23282,46007,23250,22757,705,222,483,32,10,22,29,15,14,10,4,6,0,0,0
14,278,District - Imphal East (07),Total,15-19,41628,20577,21051,38307,19870,18437,3198,678,2520,63,13,50,42,15,27,18,1,17,0,0,0
14,278,District - Imphal East (07),Total,20-24,42651,20493,22158,28677,16047,12630,13668,4375,9293,148,20,128,87,32,55,71,19,52,0,0,0
14,278,District - Imphal East (07),Total,25-29,44299,21326,22973,17985,10370,7615,25765,10825,14940,300,56,244,129,45,84,120,30,90,0,0,0
14,278,District - Imphal East (07),Total,30-34,36226,17592,18634,7818,4315,3503,27602,13112,14490,505,89,416,143,42,101,158,34,124,0,0,0
14,278,District - Imphal East (07),Total,35-39,33709,16424,17285,3730,1824,1906,28799,14367,14432,856,146,710,171,55,116,153,32,121,0,0,0
14,278,District - Imphal East (07),Total,40-44,28795,14285,14510,1833,763,1070,25498,13261,12237,1143,178,965,154,45,109,167,38,129,0,0,0
14,278,District - Imphal East (07),Total,45-49,24709,12384,12325,1040,404,636,21957,11689,10268,1430,205,1225,122,44,78,160,42,118,0,0,0
14,278,District - Imphal East (07),Total,50-54,20230,10081,10149,590,231,359,17663,9486,8177,1689,290,1399,139,40,99,149,34,115,0,0,0
14,278,District - Imphal East (07),Total,55-59,14993,7590,7403,280,107,173,12698,7090,5608,1827,345,1482,98,25,73,90,23,67,0,0,0
14,278,District - Imphal East (07),Total,60-64,12298,6220,6078,277,142,135,9465,5618,3847,2420,434,1986,65,15,50,71,11,60,0,0,0
14,278,District - Imphal East (07),Total,65-69,8133,3942,4191,227,101,126,5702,3411,2291,2136,412,1724,38,14,24,30,4,26,0,0,0
14,278,District - Imphal East (07),Total,70-74,6018,2900,3118,112,49,63,3713,2372,1341,2124,463,1661,42,13,29,27,3,24,0,0,0
14,278,District - Imphal East (07),Total,75-79,3886,1897,1989,47,23,24,2160,1435,725,1631,425,1206,30,12,18,18,2,16,0,0,0
14,278,District - Imphal East (07),Total,80+,4447,2073,2374,179,91,88,1906,1304,602,2319,657,1662,28,18,10,15,3,12,0,0,0
14,278,District - Imphal East (07),Total,Age not stated,1139,614,525,752,450,302,344,154,190,39,10,29,3,0,3,1,0,1,0,0,0
14,278,District - Imphal East (07),Total,Less than 18,157944,80178,77766,155989,79643,76346,1815,490,1325,70,17,53,51,24,27,19,4,15,0,0,0
14,278,District - Imphal East (07),Total,Less than 21,184098,92790,91308,177765,91271,86494,6089,1447,4642,116,28,88,86,36,50,42,8,34,0,0,0
14,278,District - Imphal East (07),Rural,All ages,272906,136789,136117,141617,74699,66918,119308,59429,59879,10513,2266,8247,756,247,509,712,148,564,0,0,0
14,278,District - Imphal East (07),Rural,0-9,55448,28522,26926,55448,28522,26926,0,0,0,0,0,0,0,0,0,0,0,0,0,0,0
14,278,District - Imphal East (07),Rural,10-14,29363,14782,14581,28926,14637,14289,404,132,272,14,3,11,16,8,8,3,2,1,0,0,0
14,278,District - Imphal East (07),Rural,15-19,25310,12540,12770,23235,12125,11110,1998,400,1598,39,6,33,25,9,16,13,0,13,0,0,0
14,278,District - Imphal East (07),Rural,20-24,25235,12191,13044,16370,9347,7023,8661,2804,5857,91,10,81,60,18,42,53,12,41,0,0,0
14,278,District - Imphal East (07),Rural,25-29,25758,12640,13118,9415,5691,3724,16027,6875,9152,165,39,126,78,23,55,73,12,61,0,0,0
14,278,District - Imphal East (07),Rural,30-34,20939,10273,10666,3766,2158,1608,16702,8017,8685,283,54,229,88,24,64,100,20,80,0,0,0
14,278,District - Imphal East (07),Rural,35-39,19717,9829,9888,1793,912,881,17250,8769,8481,486,102,384,95,30,65,93,16,77,0,0,0
14,278,District - Imphal East (07),Rural,40-44,16875,8581,8294,820,370,450,15226,8048,7178,649,116,533,93,27,66,87,20,67,0,0,0
14,278,District - Imphal East (07),Rural,45-49,13937,7092,6845,427,196,231,12557,6723,5834,790,120,670,76,32,44,87,21,66,0,0,0
14,278,District - Imphal East (07),Rural,50-54,11230,5639,5591,271,107,164,9872,5331,4541,947,163,784,73,24,49,67,14,53,0,0,0
14,278,District - Imphal East (07),Rural,55-59,8539,4384,4155,113,48,65,7296,4103,3193,1026,204,822,49,11,38,55,18,37,0,0,0
14,278,District - Imphal East (07),Rural,60-64,7031,3578,3453,145,80,65,5416,3209,2207,1405,278,1127,25,4,21,40,7,33,0,0,0
14,278,District - Imphal East (07),Rural,65-69,4672,2325,2347,128,62,66,3253,1984,1269,1254,271,983,23,7,16,14,1,13,0,0,0
14,278,District - Imphal East (07),Rural,70-74,3416,1682,1734,50,23,27,2113,1374,739,1218,276,942,22,7,15,13,2,11,0,0,0
14,278,District - Imphal East (07),Rural,75-79,2194,1084,1110,17,9,8,1254,833,421,905,234,671,13,8,5,5,0,5,0,0,0
14,278,District - Imphal East (07),Rural,80+,2390,1188,1202,99,55,44,1051,731,320,1213,384,829,19,15,4,8,3,5,0,0,0
14,278,District - Imphal East (07),Rural,Age not stated,852,459,393,594,357,237,228,96,132,28,6,22,1,0,1,1,0,1,0,0,0
14,278,District - Imphal East (07),Rural,Less than 18,100018,50937,49081,98916,50640,48276,1029,276,753,36,6,30,26,13,13,11,2,9,0,0,0
14,278,District - Imphal East (07),Rural,Less than 21,115979,58600,57379,111986,57682,54304,3849,882,2967,67,12,55,52,20,32,25,4,21,0,0,0
14,278,District - Imphal East (07),Urban,All ages,183207,89305,93902,92413,47533,44880,81535,39970,41565,8149,1487,6662,564,183,381,546,132,414,0,0,0
14,278,District - Imphal East (07),Urban,0-9,30721,15673,15048,30721,15673,15048,0,0,0,0,0,0,0,0,0,0,0,0,0,0,0
14,278,District - Imphal East (07),Urban,10-14,17420,8719,8701,17081,8613,8468,301,90,211,18,7,11,13,7,6,7,2,5,0,0,0
14,278,District - Imphal East (07),Urban,15-19,16318,8037,8281,15072,7745,7327,1200,278,922,24,7,17,17,6,11,5,1,4,0,0,0
14,278,District - Imphal East (07),Urban,20-24,17416,8302,9114,12307,6700,5607,5007,1571,3436,57,10,47,27,14,13,18,7,11,0,0,0
14,278,District - Imphal East (07),Urban,25-29,18541,8686,9855,8570,4679,3891,9738,3950,5788,135,17,118,51,22,29,47,18,29,0,0,0
14,278,District - Imphal East (07),Urban,30-34,15287,7319,7968,4052,2157,1895,10900,5095,5805,222,35,187,55,18,37,58,14,44,0,0,0
14,278,District - Imphal East (07),Urban,35-39,13992,6595,7397,1937,912,1025,11549,5598,5951,370,44,326,76,25,51,60,16,44,0,0,0
14,278,District - Imphal East (07),Urban,40-44,11920,5704,6216,1013,393,620,10272,5213,5059,494,62,432,61,18,43,80,18,62,0,0,0
14,278,District - Imphal East (07),Urban,45-49,10772,5292,5480,613,208,405,9400,4966,4434,640,85,555,46,12,34,73,21,52,0,0,0
14,278,District - Imphal East (07),Urban,50-54,9000,4442,4558,319,124,195,7791,4155,3636,742,127,615,66,16,50,82,20,62,0,0,0
14,278,District - Imphal East (07),Urban,55-59,6454,3206,3248,167,59,108,5402,2987,2415,801,141,660,49,14,35,35,5,30,0,0,0
14,278,District - Imphal East (07),Urban,60-64,5267,2642,2625,132,62,70,4049,2409,1640,1015,156,859,40,11,29,31,4,27,0,0,0
14,278,District - Imphal East (07),Urban,65-69,3461,1617,1844,99,39,60,2449,1427,1022,882,141,741,15,7,8,16,3,13,0,0,0
14,278,District - Imphal East (07),Urban,70-74,2602,1218,1384,62,26,36,1600,998,602,906,187,719,20,6,14,14,1,13,0,0,0
14,278,District - Imphal East (07),Urban,75-79,1692,813,879,30,14,16,906,602,304,726,191,535,17,4,13,13,2,11,0,0,0
14,278,District - Imphal East (07),Urban,80+,2057,885,1172,80,36,44,855,573,282,1106,273,833,9,3,6,7,0,7,0,0,0
14,278,District - Imphal East (07),Urban,Age not stated,287,155,132,158,93,65,116,58,58,11,4,7,2,0,2,0,0,0,0,0,0
14,278,District - Imphal East (07),Urban,Less than 18,57926,29241,28685,57073,29003,28070,786,214,572,34,11,23,25,11,14,8,2,6,0,0,0
14,278,District - Imphal East (07),Urban,Less than 21,68119,34190,33929,65779,33589,32190,2240,565,1675,49,16,33,34,16,18,17,4,13,0,0,0
14,279,District - Ukhrul (08),Total,All ages,183998,94718,89280,110348,59182,51166,68008,34289,33719,4846,931,3915,428,200,228,368,116,252,0,0,0
14,279,District - Ukhrul (08),Total,0-9,36197,18817,17380,36197,18817,17380,0,0,0,0,0,0,0,0,0,0,0,0,0,0,0
14,279,District - Ukhrul (08),Total,10-14,22670,11826,10844,22328,11707,10621,312,106,206,16,4,12,10,7,3,4,2,2,0,0,0
14,279,District - Ukhrul (08),Total,15-19,20370,10424,9946,19350,10171,9179,997,241,756,16,6,10,6,5,1,1,1,0,0,0,0
14,279,District - Ukhrul (08),Total,20-24,18265,9302,8963,14133,7949,6184,4046,1328,2718,49,10,39,20,8,12,17,7,10,0,0,0
14,279,District - Ukhrul (08),Total,25-29,16213,8248,7965,8506,4966,3540,7513,3236,4277,122,27,95,32,9,23,40,10,30,0,0,0
14,279,District - Ukhrul (08),Total,30-34,13548,6890,6658,4247,2560,1687,8964,4251,4713,217,36,181,56,24,32,64,19,45,0,0,0
14,279,District - Ukhrul (08),Total,35-39,11262,5700,5562,1971,1162,809,8903,4462,4441,284,39,245,48,19,29,56,18,38,0,0,0
14,279,District - Ukhrul (08),Total,40-44,10101,5085,5016,946,516,430,8662,4476,4186,422,67,355,34,12,22,37,14,23,0,0,0
14,279,District - Ukhrul (08),Total,45-49,8735,4512,4223,554,285,269,7687,4135,3552,420,68,352,35,14,21,39,10,29,0,0,0
14,279,District - Ukhrul (08),Total,50-54,7551,3968,3583,354,157,197,6605,3696,2909,510,82,428,38,15,23,44,18,26,0,0,0
14,279,District - Ukhrul (08),Total,55-59,5218,2743,2475,231,95,136,4482,2553,1929,468,85,383,17,5,12,20,5,15,0,0,0
14,279,District - Ukhrul (08),Total,60-64,4233,2227,2006,204,79,125,3515,2050,1465,471,76,395,21,14,7,22,8,14,0,0,0
14,279,District - Ukhrul (08),Total,65-69,2775,1357,1418,147,74,73,2147,1198,949,455,78,377,18,6,12,8,1,7,0,0,0
14,279,District - Ukhrul (08),Total,70-74,2189,1121,1068,98,35,63,1601,967,634,456,106,350,27,13,14,7,0,7,0,0,0
14,279,District - Ukhrul (08),Total,75-79,1434,718,716,51,15,36,1007,606,401,348,79,269,22,17,5,6,1,5,0,0,0
14,279,District - Ukhrul (08),Total,80+,1765,936,829,128,57,71,1050,687,363,545,159,386,40,31,9,2,2,0,0,0,0
14,279,District - Ukhrul (08),Total,Age not stated,1472,844,628,903,537,366,517,297,220,47,9,38,4,1,3,1,0,1,0,0,0
14,279,District - Ukhrul (08),Total,Less than 18,71500,37128,34372,70658,36879,33779,797,229,568,28,8,20,12,9,3,5,3,2,0,0,0
14,279,District - Ukhrul (08),Total,Less than 21,83507,43200,40307,81461,42636,38825,1971,533,1438,46,12,34,20,14,6,9,5,4,0,0,0
14,279,District - Ukhrul (08),Rural,All ages,156811,80801,76010,93788,50411,43377,58242,29303,28939,4106,819,3287,357,171,186,318,97,221,0,0,0
14,279,District - Ukhrul (08),Rural,0-9,31030,16160,14870,31030,16160,14870,0,0,0,0,0,0,0,0,0,0,0,0,0,0,0
14,279,District - Ukhrul (08),Rural,10-14,18980,9882,9098,18713,9796,8917,241,75,166,15,4,11,7,5,2,4,2,2,0,0,0
14,279,District - Ukhrul (08),Rural,15-19,17020,8739,8281,16157,8528,7629,843,202,641,14,4,10,5,4,1,1,1,0,0,0,0
14,279,District - Ukhrul (08),Rural,20-24,15660,7963,7697,12090,6790,5300,3500,1152,2348,39,8,31,16,7,9,15,6,9,0,0,0
14,279,District - Ukhrul (08),Rural,25-29,13887,7063,6824,7273,4243,3030,6443,2777,3666,106,27,79,29,8,21,36,8,28,0,0,0
14,279,District - Ukhrul (08),Rural,30-34,11556,5945,5611,3706,2268,1438,7577,3614,3963,171,27,144,47,21,26,55,15,40,0,0,0
14,279,District - Ukhrul (08),Rural,35-39,9581,4887,4694,1728,1033,695,7530,3788,3742,233,34,199,40,16,24,50,16,34,0,0,0
14,279,District - Ukhrul (08),Rural,40-44,8547,4305,4242,823,457,366,7338,3772,3566,327,56,271,29,10,19,30,10,20,0,0,0
14,279,District - Ukhrul (08),Rural,45-49,7459,3824,3635,487,251,236,6557,3496,3061,352,55,297,29,13,16,34,9,25,0,0,0
14,279,District - Ukhrul (08),Rural,50-54,6463,3375,3088,316,140,176,5660,3135,2525,418,71,347,30,13,17,39,16,23,0,0,0
14,279,District - Ukhrul (08),Rural,55-59,4556,2373,2183,208,84,124,3916,2206,1710,402,73,329,14,5,9,16,5,11,0,0,0
14,279,District - Ukhrul (08),Rural,60-64,3694,1935,1759,185,73,112,3064,1780,1284,408,66,342,18,11,7,19,5,14,0,0,0
14,279,District - Ukhrul (08),Rural,65-69,2462,1202,1260,127,64,63,1907,1059,848,406,74,332,14,4,10,8,1,7,0,0,0
14,279,District - Ukhrul (08),Rural,70-74,1942,996,946,83,30,53,1428,858,570,404,98,306,21,10,11,6,0,6,0,0,0
14,279,District - Ukhrul (08),Rural,75-79,1271,642,629,44,13,31,900,540,360,304,73,231,20,15,5,3,1,2,0,0,0
14,279,District - Ukhrul (08),Rural,80+,1543,834,709,110,50,60,926,612,314,470,142,328,35,28,7,2,2,0,0,0,0
14,279,District - Ukhrul (08),Rural,Age not stated,1160,676,484,708,431,277,412,237,175,37,7,30,3,1,2,0,0,0,0,0,0
14,279,District - Ukhrul (08),Rural,Less than 18,60497,31459,29038,59819,31270,28549,638,172,466,26,7,19,9,7,2,5,3,2,0,0,0
14,279,District - Ukhrul (08),Rural,Less than 21,70689,36602,34087,68967,36138,32829,1659,440,1219,40,9,31,15,11,4,8,4,4,0,0,0
14,279,District - Ukhrul (08),Urban,All ages,27187,13917,13270,16560,8771,7789,9766,4986,4780,740,112,628,71,29,42,50,19,31,0,0,0
14,279,District - Ukhrul (08),Urban,0-9,5167,2657,2510,5167,2657,2510,0,0,0,0,0,0,0,0,0,0,0,0,0,0,0
14,279,District - Ukhrul (08),Urban,10-14,3690,1944,1746,3615,1911,1704,71,31,40,1,0,1,3,2,1,0,0,0,0,0,0
14,279,District - Ukhrul (08),Urban,15-19,3350,1685,1665,3193,1643,1550,154,39,115,2,2,0,1,1,0,0,0,0,0,0,0
14,279,District - Ukhrul (08),Urban,20-24,2605,1339,1266,2043,1159,884,546,176,370,10,2,8,4,1,3,2,1,1,0,0,0
14,279,District - Ukhrul (08),Urban,25-29,2326,1185,1141,1233,723,510,1070,459,611,16,0,16,3,1,2,4,2,2,0,0,0
14,279,District - Ukhrul (08),Urban,30-34,1992,945,1047,541,292,249,1387,637,750,46,9,37,9,3,6,9,4,5,0,0,0
14,279,District - Ukhrul (08),Urban,35-39,1681,813,868,243,129,114,1373,674,699,51,5,46,8,3,5,6,2,4,0,0,0
14,279,District - Ukhrul (08),Urban,40-44,1554,780,774,123,59,64,1324,704,620,95,11,84,5,2,3,7,4,3,0,0,0
14,279,District - Ukhrul (08),Urban,45-49,1276,688,588,67,34,33,1130,639,491,68,13,55,6,1,5,5,1,4,0,0,0
14,279,District - Ukhrul (08),Urban,50-54,1088,593,495,38,17,21,945,561,384,92,11,81,8,2,6,5,2,3,0,0,0
14,279,District - Ukhrul (08),Urban,55-59,662,370,292,23,11,12,566,347,219,66,12,54,3,0,3,4,0,4,0,0,0
14,279,District - Ukhrul (08),Urban,60-64,539,292,247,19,6,13,451,270,181,63,10,53,3,3,0,3,3,0,0,0,0
14,279,District - Ukhrul (08),Urban,65-69,313,155,158,20,10,10,240,139,101,49,4,45,4,2,2,0,0,0,0,0,0
14,279,District - Ukhrul (08),Urban,70-74,247,125,122,15,5,10,173,109,64,52,8,44,6,3,3,1,0,1,0,0,0
14,279,District - Ukhrul (08),Urban,75-79,163,76,87,7,2,5,107,66,41,44,6,38,2,2,0,3,0,3,0,0,0
14,279,District - Ukhrul (08),Urban,80+,222,102,120,18,7,11,124,75,49,75,17,58,5,3,2,0,0,0,0,0,0
14,279,District - Ukhrul (08),Urban,Age not stated,312,168,144,195,106,89,105,60,45,10,2,8,1,0,1,1,0,1,0,0,0
14,279,District - Ukhrul (08),Urban,Less than 18,11003,5669,5334,10839,5609,5230,159,57,102,2,1,1,3,2,1,0,0,0,0,0,0
14,279,District - Ukhrul (08),Urban,Less than 21,12818,6598,6220,12494,6498,5996,312,93,219,6,3,3,5,3,2,1,1,0,0,0,0
14,280,District - Chandel (09),Total,All ages,144182,74579,69603,77427,40827,36600,62015,32659,29356,3954,760,3194,492,242,250,294,91,203,0,0,0
14,280,District - Chandel (09),Total,0-9,25467,13172,12295,25467,13172,12295,0,0,0,0,0,0,0,0,0,0,0,0,0,0,0
14,280,District - Chandel (09),Total,10-14,15007,7666,7341,14669,7538,7131,322,119,203,7,4,3,6,3,3,3,2,1,0,0,0
14,280,District - Chandel (09),Total,15-19,15758,7888,7870,14759,7653,7106,973,223,750,12,2,10,12,9,3,2,1,1,0,0,0
14,280,District - Chandel (09),Total,20-24,15374,7727,7647,11088,6236,4852,4174,1460,2714,50,10,40,42,18,24,20,3,17,0,0,0
14,280,District - Chandel (09),Total,25-29,14649,7564,7085,6213,3564,2649,8252,3941,4311,103,26,77,48,18,30,33,15,18,0,0,0
14,280,District - Chandel (09),Total,30-34,11630,6084,5546,2607,1421,1186,8745,4602,4143,173,23,150,65,28,37,40,10,30,0,0,0
14,280,District - Chandel (09),Total,35-39,10291,5383,4908,1115,550,565,8822,4757,4065,260,42,218,53,20,33,41,14,27,0,0,0
14,280,District - Chandel (09),Total,40-44,9464,5018,4446,547,251,296,8505,4685,3820,323,47,276,54,26,28,35,9,26,0,0,0
14,280,District - Chandel (09),Total,45-49,7939,4194,3745,279,123,156,7155,3980,3175,415,59,356,54,25,29,36,7,29,0,0,0
14,280,District - Chandel (09),Total,50-54,6101,3210,2891,155,68,87,5386,3042,2344,491,68,423,42,23,19,27,9,18,0,0,0
14,280,District - Chandel (09),Total,55-59,4132,2272,1860,74,27,47,3612,2151,1461,401,77,324,26,9,17,19,8,11,0,0,0
14,280,District - Chandel (09),Total,60-64,3203,1723,1480,84,43,41,2604,1564,1040,480,100,380,23,15,8,12,1,11,0,0,0
14,280,District - Chandel (09),Total,65-69,1994,1035,959,67,27,40,1520,926,594,373,63,310,22,13,9,12,6,6,0,0,0
14,280,District - Chandel (09),Total,70-74,1380,680,700,33,9,24,936,574,362,393,83,310,14,11,3,4,3,1,0,0,0
14,280,District - Chandel (09),Total,75-79,761,404,357,18,14,4,499,313,186,219,62,157,18,13,5,7,2,5,0,0,0
14,280,District - Chandel (09),Total,80+,758,415,343,59,30,29,436,282,154,250,93,157,11,9,2,2,1,1,0,0,0
14,280,District - Chandel (09),Total,Age not stated,274,144,130,193,101,92,74,40,34,4,1,3,2,2,0,1,0,1,0,0,0
14,280,District - Chandel (09),Total,Less than 18,49596,25422,24174,48867,25183,23684,701,225,476,13,5,8,12,7,5,3,2,1,0,0,0
14,280,District - Chandel (09),Total,Less than 21,60082,30630,29452,58042,30082,27960,1984,523,1461,24,6,18,25,16,9,7,3,4,0,0,0
14,280,District - Chandel (09),Rural,All ages,127335,65909,61426,68056,35860,32196,55343,29152,26191,3315,641,2674,366,171,195,255,85,170,0,0,0
14,280,District - Chandel (09),Rural,0-9,21831,11382,10449,21831,11382,10449,0,0,0,0,0,0,0,0,0,0,0,0,0,0,0
14,280,District - Chandel (09),Rural,10-14,12935,6599,6336,12641,6483,6158,279,107,172,6,4,2,6,3,3,3,2,1,0,0,0
14,280,District - Chandel (09),Rural,15-19,13930,6996,6934,13095,6792,6303,811,194,617,11,1,10,11,8,3,2,1,1,0,0,0
14,280,District - Chandel (09),Rural,20-24,13713,6868,6845,9995,5573,4422,3627,1269,2358,41,9,32,35,14,21,15,3,12,0,0,0
14,280,District - Chandel (09),Rural,25-29,13032,6703,6329,5651,3194,2457,7239,3466,3773,83,20,63,30,9,21,29,14,15,0,0,0
14,280,District - Chandel (09),Rural,30-34,10414,5482,4932,2415,1306,1109,7788,4129,3659,133,20,113,45,18,27,33,9,24,0,0,0
14,280,District - Chandel (09),Rural,35-39,9124,4772,4352,1029,506,523,7811,4211,3600,213,30,183,36,11,25,35,14,21,0,0,0
14,280,District - Chandel (09),Rural,40-44,8463,4482,3981,499,225,274,7631,4194,3437,266,40,226,35,15,20,32,8,24,0,0,0
14,280,District - Chandel (09),Rural,45-49,7080,3714,3366,255,106,149,6400,3536,2864,348,50,298,43,16,27,34,6,28,0,0,0
14,280,District - Chandel (09),Rural,50-54,5499,2860,2639,146,63,83,4879,2715,2164,422,60,362,29,13,16,23,9,14,0,0,0
14,280,District - Chandel (09),Rural,55-59,3730,2069,1661,68,22,46,3301,1968,1333,328,66,262,16,6,10,17,7,10,0,0,0
14,280,District - Chandel (09),Rural,60-64,2873,1533,1340,76,38,38,2366,1395,971,402,85,317,20,14,6,9,1,8,0,0,0
14,280,District - Chandel (09),Rural,65-69,1816,942,874,58,20,38,1416,855,561,313,50,263,19,12,7,10,5,5,0,0,0
14,280,District - Chandel (09),Rural,70-74,1243,622,621,32,9,23,863,530,333,330,69,261,14,11,3,4,3,1,0,0,0
14,280,District - Chandel (09),Rural,75-79,697,366,331,16,12,4,463,285,178,196,55,141,16,12,4,6,2,4,0,0,0
14,280,District - Chandel (09),Rural,80+,683,376,307,56,28,28,397,259,138,219,81,138,9,7,2,2,1,1,0,0,0
14,280,District - Chandel (09),Rural,Age not stated,272,143,129,193,101,92,72,39,33,4,1,3,2,2,0,1,0,1,0,0,0
14,280,District - Chandel (09),Rural,Less than 18,42753,21993,20760,42126,21776,20350,600,203,397,12,5,7,12,7,5,3,2,1,0,0,0
14,280,District - Chandel (09),Rural,Less than 21,52137,26681,25456,50396,26194,24202,1690,464,1226,21,5,16,24,15,9,6,3,3,0,0,0
14,280,District - Chandel (09),Urban,All ages,16847,8670,8177,9371,4967,4404,6672,3507,3165,639,119,520,126,71,55,39,6,33,0,0,0
14,280,District - Chandel (09),Urban,0-9,3636,1790,1846,3636,1790,1846,0,0,0,0,0,0,0,0,0,0,0,0,0,0,0
14,280,District - Chandel (09),Urban,10-14,2072,1067,1005,2028,1055,973,43,12,31,1,0,1,0,0,0,0,0,0,0,0,0
14,280,District - Chandel (09),Urban,15-19,1828,892,936,1664,861,803,162,29,133,1,1,0,1,1,0,0,0,0,0,0,0
14,280,District - Chandel (09),Urban,20-24,1661,859,802,1093,663,430,547,191,356,9,1,8,7,4,3,5,0,5,0,0,0
14,280,District - Chandel (09),Urban,25-29,1617,861,756,562,370,192,1013,475,538,20,6,14,18,9,9,4,1,3,0,0,0
14,280,District - Chandel (09),Urban,30-34,1216,602,614,192,115,77,957,473,484,40,3,37,20,10,10,7,1,6,0,0,0
14,280,District - Chandel (09),Urban,35-39,1167,611,556,86,44,42,1011,546,465,47,12,35,17,9,8,6,0,6,0,0,0
14,280,District - Chandel (09),Urban,40-44,1001,536,465,48,26,22,874,491,383,57,7,50,19,11,8,3,1,2,0,0,0
14,280,District - Chandel (09),Urban,45-49,859,480,379,24,17,7,755,444,311,67,9,58,11,9,2,2,1,1,0,0,0
14,280,District - Chandel (09),Urban,50-54,602,350,252,9,5,4,507,327,180,69,8,61,13,10,3,4,0,4,0,0,0
14,280,District - Chandel (09),Urban,55-59,402,203,199,6,5,1,311,183,128,73,11,62,10,3,7,2,1,1,0,0,0
14,280,District - Chandel (09),Urban,60-64,330,190,140,8,5,3,238,169,69,78,15,63,3,1,2,3,0,3,0,0,0
14,280,District - Chandel (09),Urban,65-69,178,93,85,9,7,2,104,71,33,60,13,47,3,1,2,2,1,1,0,0,0
14,280,District - Chandel (09),Urban,70-74,137,58,79,1,0,1,73,44,29,63,14,49,0,0,0,0,0,0,0,0,0
14,280,District - Chandel (09),Urban,75-79,64,38,26,2,2,0,36,28,8,23,7,16,2,1,1,1,0,1,0,0,0
14,280,District - Chandel (09),Urban,80+,75,39,36,3,2,1,39,23,16,31,12,19,2,2,0,0,0,0,0,0,0
14,280,District - Chandel (09),Urban,Age not stated,2,1,1,0,0,0,2,1,1,0,0,0,0,0,0,0,0,0,0,0,0
14,280,District - Chandel (09),Urban,Less than 18,6843,3429,3414,6741,3407,3334,101,22,79,1,0,1,0,0,0,0,0,0,0,0,0
14,280,District - Chandel (09),Urban,Less than 21,7945,3949,3996,7646,3888,3758,294,59,235,3,1,2,1,1,0,1,0,1,0,0,0
