state_code,district_code,area_name,region_type,age_group,total_persons,total_males,total_females,never_married_persons,never_married_males,never_married_females,currently_married_persons,currently_married_males,currently_married_females,widowed_persons,widowed_males,widowed_females,separated_persons,separated_males,separated_females,divorced_persons,divorced_males,divorced_females,unspecified_persons,unspecified_males,unspecified_females
17,000,State - MEGHALAYA (17),Total,All ages,2966889,1491832,1475057,1749728,932373,817355,1069842,530185,539657,101448,16623,84825,36582,10379,26203,9289,2272,7017,0,0,0
17,000,State - MEGHALAYA (17),Total,0-9,795336,403431,391905,795336,403431,391905,0,0,0,0,0,0,0,0,0,0,0,0,0,0,0
17,000,State - MEGHALAYA (17),Total,10-14,382606,193473,189133,376531,191641,184890,5551,1645,3906,230,77,153,254,94,160,40,16,24,0,0,0
17,000,State - MEGHALAYA (17),Total,15-19,326188,164716,161472,290687,158360,132327,33422,6000,27422,526,124,402,1345,202,1143,208,30,178,0,0,0
17,000,State - MEGHALAYA (17),Total,20-24,285012,139140,145872,154456,95690,58766,123555,42156,81399,1425,224,1201,4750,954,3796,826,116,710,0,0,0
17,000,State - MEGHALAYA (17),Total,25-29,251281,124676,126605,66837,42953,23884,175323,79728,95595,2448,397,2051,5527,1371,4156,1146,227,919,0,0,0
17,000,State - MEGHALAYA (17),Total,30-34,189657,95786,93871,25999,16496,9503,154526,77225,77301,3393,566,2827,4678,1249,3429,1061,250,811,0,0,0
17,000,State - MEGHALAYA (17),Total,35-39,174706,87320,87386,13165,8244,4921,150050,76692,73358,5677,850,4827,4626,1266,3360,1188,268,920,0,0,0
17,000,State - MEGHALAYA (17),Total,40-44,145450,73377,72073,7253,4436,2817,124784,66290,58494,8063,1161,6902,4225,1203,3022,1125,287,838,0,0,0
17,000,State - MEGHALAYA (17),Total,45-49,123115,63043,60072,4375,2638,1737,103318,57428,45890,10901,1627,9274,3508,1102,2406,1013,248,765,0,0,0
17,000,State - MEGHALAYA (17),Total,50-54,88743,45910,42833,2906,1695,1211,70421,41464,28957,12011,1704,10307,2558,821,1737,847,226,621,0,0,0
17,000,State - MEGHALAYA (17),Total,55-59,60109,30692,29417,1789,987,802,45411,27321,18090,10715,1616,9099,1632,591,1041,562,177,385,0,0,0
17,000,State - MEGHALAYA (17),Total,60-64,50708,25421,25287,2340,1266,1074,34137,21488,12649,12380,1994,10386,1381,520,861,470,153,317,0,0,0
17,000,State - MEGHALAYA (17),Total,65-69,35774,17482,18292,2140,1150,990,21540,14000,7540,10887,1825,9062,873,389,484,334,118,216,0,0,0
17,000,State - MEGHALAYA (17),Total,70-74,23698,11161,12537,977,516,461,12656,8579,4077,9242,1696,7546,589,292,297,234,78,156,0,0,0
17,000,State - MEGHALAYA (17),Total,75-79,12845,5848,6997,373,192,181,6312,4376,1936,5784,1100,4684,262,135,127,114,45,69,0,0,0
17,000,State - MEGHALAYA (17),Total,80+,15877,7027,8850,1306,714,592,6652,4533,2119,7520,1607,5913,294,144,150,105,29,76,0,0,0
17,000,State - MEGHALAYA (17),Total,Age not stated,5784,3329,2455,3258,1964,1294,2184,1260,924,246,55,191,80,46,34,16,4,12,0,0,0
17,000,State - MEGHALAYA (17),Total,Less than 18,1380158,699634,680524,1361224,695288,665936,17646,4002,13644,508,149,359,675,168,507,105,27,78,0,0,0
17,000,State - MEGHALAYA (17),Total,Less than 21,1570359,793968,776391,1506824,780191,726633,59670,13056,46614,1016,237,779,2464,422,2042,385,62,323,0,0,0
17,000,State - MEGHALAYA (17),Rural,All ages,2371439,1194260,1177179,1409921,753342,656579,848178,416624,431554,76637,13826,62811,28714,8471,20243,7989,1997,5992,0,0,0
17,000,State - MEGHALAYA (17),Rural,0-9,683221,346178,337043,683221,346178,337043,0,0,0,0,0,0,0,0,0,0,0,0,0,0,0
17,000,State - MEGHALAYA (17),Rural,10-14,315360,159784,155576,310170,158247,151923,4756,1386,3370,188,60,128,210,76,134,36,15,21,0,0,0
17,000,State - MEGHALAYA (17),Rural,15-19,254132,129138,124994,223208,123722,99486,29076,5118,23958,450,105,345,1201,168,1033,197,25,172,0,0,0
17,000,State - MEGHALAYA (17),Rural,20-24,217643,105372,112271,107249,68387,38862,104367,35837,68530,1219,198,1021,4058,841,3217,750,109,641,0,0,0
17,000,State - MEGHALAYA (17),Rural,25-29,191850,94964,96886,42919,28739,14180,141495,64557,76938,1967,331,1636,4458,1132,3326,1011,205,806,0,0,0
17,000,State - MEGHALAYA (17),Rural,30-34,142762,72034,70728,16196,10780,5416,119569,59584,59985,2598,492,2106,3524,973,2551,875,205,670,0,0,0
17,000,State - MEGHALAYA (17),Rural,35-39,133054,66890,66164,8489,5722,2767,116041,59243,56798,4129,712,3417,3412,988,2424,983,225,758,0,0,0
17,000,State - MEGHALAYA (17),Rural,40-44,111054,56095,54959,4786,3200,1586,96282,50729,45553,5895,990,4905,3147,929,2218,944,247,697,0,0,0
17,000,State - MEGHALAYA (17),Rural,45-49,94562,48433,46129,2831,1906,925,80183,44066,36117,8054,1382,6672,2633,856,1777,861,223,638,0,0,0
17,000,State - MEGHALAYA (17),Rural,50-54,67679,35366,32313,1809,1197,612,54406,31907,22499,8825,1404,7421,1929,659,1270,710,199,511,0,0,0
17,000,State - MEGHALAYA (17),Rural,55-59,45821,23513,22308,1111,706,405,34920,20793,14127,8050,1353,6697,1257,507,750,483,154,329,0,0,0
17,000,State - MEGHALAYA (17),Rural,60-64,39902,20229,19673,1690,994,696,27163,16997,10166,9518,1650,7868,1112,449,663,419,139,280,0,0,0
17,000,State - MEGHALAYA (17),Rural,65-69,28783,14315,14468,1574,889,685,17601,11443,6158,8583,1535,7048,732,344,388,293,104,189,0,0,0
17,000,State - MEGHALAYA (17),Rural,70-74,18799,9081,9718,677,394,283,10239,6951,3288,7163,1404,5759,508,257,251,212,75,137,0,0,0
17,000,State - MEGHALAYA (17),Rural,75-79,9855,4644,5211,244,136,108,5018,3465,1553,4263,880,3383,224,119,105,106,44,62,0,0,0
17,000,State - MEGHALAYA (17),Rural,80+,12181,5623,6558,975,545,430,5343,3643,1700,5533,1281,4252,237,130,107,93,24,69,0,0,0
17,000,State - MEGHALAYA (17),Rural,Age not stated,4781,2601,2180,2772,1600,1172,1719,905,814,202,49,153,72,43,29,16,4,12,0,0,0
17,000,State - MEGHALAYA (17),Rural,Less than 18,1157559,587752,569807,1141319,584091,557228,15112,3375,11737,430,123,307,600,138,462,98,25,73,0,0,0
17,000,State - MEGHALAYA (17),Rural,Less than 21,1303643,659663,643980,1248598,647901,600697,51644,11148,40496,863,197,666,2175,361,1814,363,56,307,0,0,0
17,000,State - MEGHALAYA (17),Urban,All ages,595450,297572,297878,339807,179031,160776,221664,113561,108103,24811,2797,22014,7868,1908,5960,1300,275,1025,0,0,0
17,000,State - MEGHALAYA (17),Urban,0-9,112115,57253,54862,112115,57253,54862,0,0,0,0,0,0,0,0,0,0,0,0,0,0,0
17,000,State - MEGHALAYA (17),Urban,10-14,67246,33689,33557,66361,33394,32967,795,259,536,42,17,25,44,18,26,4,1,3,0,0,0
17,000,State - MEGHALAYA (17),Urban,15-19,72056,35578,36478,67479,34638,32841,4346,882,3464,76,19,57,144,34,110,11,5,6,0,0,0
17,000,State - MEGHALAYA (17),Urban,20-24,67369,33768,33601,47207,27303,19904,19188,6319,12869,206,26,180,692,113,579,76,7,69,0,0,0
17,000,State - MEGHALAYA (17),Urban,25-29,59431,29712,29719,23918,14214,9704,33828,15171,18657,481,66,415,1069,239,830,135,22,113,0,0,0
17,000,State - MEGHALAYA (17),Urban,30-34,46895,23752,23143,9803,5716,4087,34957,17641,17316,795,74,721,1154,276,878,186,45,141,0,0,0
17,000,State - MEGHALAYA (17),Urban,35-39,41652,20430,21222,4676,2522,2154,34009,17449,16560,1548,138,1410,1214,278,936,205,43,162,0,0,0
17,000,State - MEGHALAYA (17),Urban,40-44,34396,17282,17114,2467,1236,1231,28502,15561,12941,2168,171,1997,1078,274,804,181,40,141,0,0,0
17,000,State - MEGHALAYA (17),Urban,45-49,28553,14610,13943,1544,732,812,23135,13362,9773,2847,245,2602,875,246,629,152,25,127,0,0,0
17,000,State - MEGHALAYA (17),Urban,50-54,21064,10544,10520,1097,498,599,16015,9557,6458,3186,300,2886,629,162,467,137,27,110,0,0,0
17,000,State - MEGHALAYA (17),Urban,55-59,14288,7179,7109,678,281,397,10491,6528,3963,2665,263,2402,375,84,291,79,23,56,0,0,0
17,000,State - MEGHALAYA (17),Urban,60-64,10806,5192,5614,650,272,378,6974,4491,2483,2862,344,2518,269,71,198,51,14,37,0,0,0
17,000,State - MEGHALAYA (17),Urban,65-69,6991,3167,3824,566,261,305,3939,2557,1382,2304,290,2014,141,45,96,41,14,27,0,0,0
17,000,State - MEGHALAYA (17),Urban,70-74,4899,2080,2819,300,122,178,2417,1628,789,2079,292,1787,81,35,46,22,3,19,0,0,0
17,000,State - MEGHALAYA (17),Urban,75-79,2990,1204,1786,129,56,73,1294,911,383,1521,220,1301,38,16,22,8,1,7,0,0,0
17,000,State - MEGHALAYA (17),Urban,80+,3696,1404,2292,331,169,162,1309,890,419,1987,326,1661,57,14,43,12,5,7,0,0,0
17,000,State - MEGHALAYA (17),Urban,Age not stated,1003,728,275,486,364,122,465,355,110,44,6,38,8,3,5,0,0,0,0,0,0
17,000,State - MEGHALAYA (17),Urban,Less than 18,222599,111882,110717,219905,111197,108708,2534,627,1907,78,26,52,75,30,45,7,2,5,0,0,0
17,000,State - MEGHALAYA (17),Urban,Less than 21,266716,134305,132411,258226,132290,125936,8026,1908,6118,153,40,113,289,61,228,22,6,16,0,0,0
17,293,District - West Garo Hills (01),Total,All ages,643291,324159,319132,359794,193152,166642,256220,126637,129583,24117,3663,20454,2616,605,2011,544,102,442,0,0,0
17,293,District - West Garo Hills (01),Total,0-9,160178,80912,79266,160178,80912,79266,0,0,0,0,0,0,0,0,0,0,0,0,0,0,0
17,293,District - West Garo Hills (01),Total,10-14,81938,41641,40297,80479,41199,39280,1341,395,946,74,27,47,42,18,24,2,2,0,0,0,0
17,293,District - West Garo Hills (01),Total,15-19,71274,36134,35140,61976,34510,27466,8968,1578,7390,156,27,129,135,15,120,39,4,35,0,0,0
17,293,District - West Garo Hills (01),Total,20-24,59906,28920,30986,30563,19373,11190,28509,9442,19067,412,48,364,344,48,296,78,9,69,0,0,0
17,293,District - West Garo Hills (01),Total,25-29,54333,26593,27740,13615,9067,4548,39651,17396,22255,600,76,524,363,44,319,104,10,94,0,0,0
17,293,District - West Garo Hills (01),Total,30-34,39873,20092,19781,4921,3274,1647,33824,16645,17179,790,103,687,284,58,226,54,12,42,0,0,0
17,293,District - West Garo Hills (01),Total,35-39,38213,18756,19457,2552,1631,921,33962,16909,17053,1289,139,1150,344,71,273,66,6,60,0,0,0
17,293,District - West Garo Hills (01),Total,40-44,35364,17451,17913,1329,804,525,31636,16339,15297,2017,220,1797,325,79,246,57,9,48,0,0,0
17,293,District - West Garo Hills (01),Total,45-49,30154,15518,14636,768,443,325,26384,14647,11737,2671,340,2331,286,78,208,45,10,35,0,0,0
17,293,District - West Garo Hills (01),Total,50-54,22242,11947,10295,495,317,178,18600,11187,7413,2920,365,2555,190,64,126,37,14,23,0,0,0
17,293,District - West Garo Hills (01),Total,55-59,15336,8090,7246,303,172,131,12102,7502,4600,2813,373,2440,99,34,65,19,9,10,0,0,0
17,293,District - West Garo Hills (01),Total,60-64,12489,6529,5960,527,297,230,8765,5733,3032,3108,465,2643,68,24,44,21,10,11,0,0,0
17,293,District - West Garo Hills (01),Total,65-69,9195,4877,4318,571,317,254,5755,4049,1706,2806,484,2322,53,24,29,10,3,7,0,0,0
17,293,District - West Garo Hills (01),Total,70-74,5303,2745,2558,215,112,103,3056,2233,823,1993,383,1610,34,16,18,5,1,4,0,0,0
17,293,District - West Garo Hills (01),Total,75-79,2753,1474,1279,55,36,19,1558,1174,384,1115,246,869,20,15,5,5,3,2,0,0,0
17,293,District - West Garo Hills (01),Total,80+,3281,1722,1559,307,168,139,1650,1180,470,1298,359,939,24,15,9,2,0,2,0,0,0
17,293,District - West Garo Hills (01),Total,Age not stated,1459,758,701,940,520,420,459,228,231,55,8,47,5,2,3,0,0,0,0,0,0
17,293,District - West Garo Hills (01),Total,Less than 18,286306,145386,140920,281361,144287,137074,4690,1027,3663,153,42,111,86,28,58,16,2,14,0,0,0
17,293,District - West Garo Hills (01),Total,Less than 21,327084,165241,161843,311182,161889,149293,15291,3238,12053,308,66,242,246,40,206,57,8,49,0,0,0
17,293,District - West Garo Hills (01),Rural,All ages,568433,286923,281510,317525,171191,146334,226542,111795,114747,21583,3327,18256,2269,517,1752,514,93,421,0,0,0
17,293,District - West Garo Hills (01),Rural,0-9,147202,74317,72885,147202,74317,72885,0,0,0,0,0,0,0,0,0,0,0,0,0,0,0
17,293,District - West Garo Hills (01),Rural,10-14,73075,37416,35659,71771,37021,34750,1193,351,842,71,25,46,38,17,21,2,2,0,0,0,0
17,293,District - West Garo Hills (01),Rural,15-19,61117,31276,29841,52670,29812,22858,8142,1423,6719,142,24,118,124,13,111,39,4,35,0,0,0
17,293,District - West Garo Hills (01),Rural,20-24,51536,24817,26719,24819,16094,8725,25951,8631,17320,380,41,339,312,42,270,74,9,65,0,0,0
17,293,District - West Garo Hills (01),Rural,25-29,47163,23039,24124,10728,7319,3409,35467,15603,19864,542,69,473,325,39,286,101,9,92,0,0,0
17,293,District - West Garo Hills (01),Rural,30-34,34496,17402,17094,3820,2612,1208,29677,14633,15044,702,92,610,246,53,193,51,12,39,0,0,0
17,293,District - West Garo Hills (01),Rural,35-39,33027,16191,16836,1986,1297,689,29547,14712,14835,1139,122,1017,294,56,238,61,4,57,0,0,0
17,293,District - West Garo Hills (01),Rural,40-44,30855,15202,15653,1049,664,385,27673,14267,13406,1798,196,1602,282,66,216,53,9,44,0,0,0
17,293,District - West Garo Hills (01),Rural,45-49,26194,13425,12769,583,372,211,22957,12673,10284,2376,312,2064,237,60,177,41,8,33,0,0,0
17,293,District - West Garo Hills (01),Rural,50-54,19506,10473,9033,390,259,131,16334,9818,6516,2593,332,2261,153,50,103,36,14,22,0,0,0
17,293,District - West Garo Hills (01),Rural,55-59,13455,7128,6327,227,135,92,10633,6611,4022,2502,346,2156,79,31,48,14,5,9,0,0,0
17,293,District - West Garo Hills (01),Rural,60-64,11168,5865,5303,442,260,182,7817,5141,2676,2827,430,2397,61,24,37,21,10,11,0,0,0
17,293,District - West Garo Hills (01),Rural,65-69,8215,4386,3829,474,266,208,5165,3660,1505,2521,435,2086,45,22,23,10,3,7,0,0,0
17,293,District - West Garo Hills (01),Rural,70-74,4742,2451,2291,182,101,81,2715,1980,735,1811,354,1457,29,15,14,5,1,4,0,0,0
17,293,District - West Garo Hills (01),Rural,75-79,2442,1318,1124,47,31,16,1401,1051,350,972,220,752,18,13,5,4,3,1,0,0,0
17,293,District - West Garo Hills (01),Rural,80+,2904,1531,1373,250,137,113,1474,1059,415,1157,321,836,21,14,7,2,0,2,0,0,0
17,293,District - West Garo Hills (01),Rural,Age not stated,1336,686,650,885,494,391,396,182,214,50,8,42,5,2,3,0,0,0,0,0,0
17,293,District - West Garo Hills (01),Rural,Less than 18,258236,131611,126625,253870,130638,123232,4129,908,3221,144,38,106,77,25,52,16,2,14,0,0,0
17,293,District - West Garo Hills (01),Rural,Less than 21,293252,148681,144571,278786,145656,133130,13902,2923,10979,285,59,226,223,35,188,56,8,48,0,0,0
17,293,District - West Garo Hills (01),Urban,All ages,74858,37236,37622,42269,21961,20308,29678,14842,14836,2534,336,2198,347,88,259,30,9,21,0,0,0
17,293,District - West Garo Hills (01),Urban,0-9,12976,6595,6381,12976,6595,6381,0,0,0,0,0,0,0,0,0,0,0,0,0,0,0
17,293,District - West Garo Hills (01),Urban,10-14,8863,4225,4638,8708,4178,4530,148,44,104,3,2,1,4,1,3,0,0,0,0,0,0
17,293,District - West Garo Hills (01),Urban,15-19,10157,4858,5299,9306,4698,4608,826,155,671,14,3,11,11,2,9,0,0,0,0,0,0
17,293,District - West Garo Hills (01),Urban,20-24,8370,4103,4267,5744,3279,2465,2558,811,1747,32,7,25,32,6,26,4,0,4,0,0,0
17,293,District - West Garo Hills (01),Urban,25-29,7170,3554,3616,2887,1748,1139,4184,1793,2391,58,7,51,38,5,33,3,1,2,0,0,0
17,293,District - West Garo Hills (01),Urban,30-34,5377,2690,2687,1101,662,439,4147,2012,2135,88,11,77,38,5,33,3,0,3,0,0,0
17,293,District - West Garo Hills (01),Urban,35-39,5186,2565,2621,566,334,232,4415,2197,2218,150,17,133,50,15,35,5,2,3,0,0,0
17,293,District - West Garo Hills (01),Urban,40-44,4509,2249,2260,280,140,140,3963,2072,1891,219,24,195,43,13,30,4,0,4,0,0,0
17,293,District - West Garo Hills (01),Urban,45-49,3960,2093,1867,185,71,114,3427,1974,1453,295,28,267,49,18,31,4,2,2,0,0,0
17,293,District - West Garo Hills (01),Urban,50-54,2736,1474,1262,105,58,47,2266,1369,897,327,33,294,37,14,23,1,0,1,0,0,0
17,293,District - West Garo Hills (01),Urban,55-59,1881,962,919,76,37,39,1469,891,578,311,27,284,20,3,17,5,4,1,0,0,0
17,293,District - West Garo Hills (01),Urban,60-64,1321,664,657,85,37,48,948,592,356,281,35,246,7,0,7,0,0,0,0,0,0
17,293,District - West Garo Hills (01),Urban,65-69,980,491,489,97,51,46,590,389,201,285,49,236,8,2,6,0,0,0,0,0,0
17,293,District - West Garo Hills (01),Urban,70-74,561,294,267,33,11,22,341,253,88,182,29,153,5,1,4,0,0,0,0,0,0
17,293,District - West Garo Hills (01),Urban,75-79,311,156,155,8,5,3,157,123,34,143,26,117,2,2,0,1,0,1,0,0,0
17,293,District - West Garo Hills (01),Urban,80+,377,191,186,57,31,26,176,121,55,141,38,103,3,1,2,0,0,0,0,0,0
17,293,District - West Garo Hills (01),Urban,Age not stated,123,72,51,55,26,29,63,46,17,5,0,5,0,0,0,0,0,0,0,0,0
17,293,District - West Garo Hills (01),Urban,Less than 18,28070,13775,14295,27491,13649,13842,561,119,442,9,4,5,9,3,6,0,0,0,0,0,0
17,293,District - West Garo Hills (01),Urban,Less than 21,33832,16560,17272,32396,16233,16163,1389,315,1074,23,7,16,23,5,18,1,0,1,0,0,0
17,294,District - East Garo Hills (02),Total,All ages,317917,161223,156694,182977,97216,85761,125045,62167,62878,8808,1548,7260,978,265,713,109,27,82,0,0,0
17,294,District - East Garo Hills (02),Total,0-9,82426,41724,40702,82426,41724,40702,0,0,0,0,0,0,0,0,0,0,0,0,0,0,0
17,294,District - East Garo Hills (02),Total,10-14,41241,21043,20198,40569,20829,19740,633,203,430,26,9,17,11,2,9,2,0,2,0,0,0
17,294,District - East Garo Hills (02),Total,15-19,35312,17642,17670,31472,16934,14538,3736,686,3050,57,15,42,40,6,34,7,1,6,0,0,0
17,294,District - East Garo Hills (02),Total,20-24,29973,14124,15849,15673,9535,6138,14013,4543,9470,179,25,154,95,17,78,13,4,9,0,0,0
17,294,District - East Garo Hills (02),Total,25-29,27790,13555,14235,6592,4253,2339,20751,9244,11507,296,35,261,137,19,118,14,4,10,0,0,0
17,294,District - East Garo Hills (02),Total,30-34,20428,10476,9952,2430,1553,877,17528,8851,8677,343,44,299,112,26,86,15,2,13,0,0,0
17,294,District - East Garo Hills (02),Total,35-39,19500,9895,9605,1155,732,423,17668,9055,8613,554,78,476,107,27,80,16,3,13,0,0,0
17,294,District - East Garo Hills (02),Total,40-44,15949,8155,7794,589,369,220,14528,7652,6876,724,101,623,96,29,67,12,4,8,0,0,0
17,294,District - East Garo Hills (02),Total,45-49,14547,7726,6821,390,247,143,13023,7291,5732,1027,161,866,99,26,73,8,1,7,0,0,0
17,294,District - East Garo Hills (02),Total,50-54,9571,5126,4445,216,130,86,8210,4823,3387,1061,150,911,81,23,58,3,0,3,0,0,0
17,294,District - East Garo Hills (02),Total,55-59,6628,3529,3099,146,81,65,5407,3262,2145,1017,166,851,52,18,34,6,2,4,0,0,0
17,294,District - East Garo Hills (02),Total,60-64,5315,2948,2367,278,154,124,3904,2571,1333,1076,197,879,52,24,28,5,2,3,0,0,0
17,294,District - East Garo Hills (02),Total,65-69,3929,2117,1812,303,154,149,2613,1766,847,967,179,788,43,17,26,3,1,2,0,0,0
17,294,District - East Garo Hills (02),Total,70-74,2170,1186,984,85,52,33,1353,947,406,706,172,534,23,14,9,3,1,2,0,0,0
17,294,District - East Garo Hills (02),Total,75-79,1083,623,460,31,18,13,644,490,154,395,107,288,13,8,5,0,0,0,0,0,0
17,294,District - East Garo Hills (02),Total,80+,1230,723,507,155,93,62,690,515,175,368,106,262,15,7,8,2,2,0,0,0,0
17,294,District - East Garo Hills (02),Total,Age not stated,825,631,194,467,358,109,344,268,76,12,3,9,2,2,0,0,0,0,0,0,0
17,294,District - East Garo Hills (02),Total,Less than 18,145479,73738,71741,143417,73244,70173,1976,472,1504,54,17,37,25,4,21,7,1,6,0,0,0
17,294,District - East Garo Hills (02),Total,Less than 21,166270,83867,82403,159241,82316,76925,6826,1508,5318,120,29,91,74,13,61,9,1,8,0,0,0
17,294,District - East Garo Hills (02),Rural,All ages,273725,138763,134962,156795,83573,73222,108357,53547,54810,7641,1396,6245,844,224,620,88,23,65,0,0,0
17,294,District - East Garo Hills (02),Rural,0-9,73384,37230,36154,73384,37230,36154,0,0,0,0,0,0,0,0,0,0,0,0,0,0,0
17,294,District - East Garo Hills (02),Rural,10-14,35312,18076,17236,34724,17889,16835,556,180,376,22,6,16,9,1,8,1,0,1,0,0,0
17,294,District - East Garo Hills (02),Rural,15-19,29469,14900,14569,26057,14278,11779,3320,605,2715,52,12,40,34,4,30,6,1,5,0,0,0
17,294,District - East Garo Hills (02),Rural,20-24,25282,11796,13486,12606,7744,4862,12417,4014,8403,163,20,143,86,14,72,10,4,6,0,0,0
17,294,District - East Garo Hills (02),Rural,25-29,23576,11394,12182,5120,3351,1769,18057,7990,10067,262,31,231,125,19,106,12,3,9,0,0,0
17,294,District - East Garo Hills (02),Rural,30-34,17409,8926,8483,1905,1229,676,15102,7632,7470,299,42,257,91,22,69,12,1,11,0,0,0
17,294,District - East Garo Hills (02),Rural,35-39,16848,8543,8305,943,622,321,15342,7826,7516,463,70,393,89,23,66,11,2,9,0,0,0
17,294,District - East Garo Hills (02),Rural,40-44,13594,6945,6649,482,306,176,12421,6520,5901,603,94,509,77,21,56,11,4,7,0,0,0
17,294,District - East Garo Hills (02),Rural,45-49,12546,6632,5914,329,216,113,11232,6247,4985,893,147,746,85,21,64,7,1,6,0,0,0
17,294,District - East Garo Hills (02),Rural,50-54,8239,4407,3832,188,111,77,7072,4146,2926,907,132,775,70,18,52,2,0,2,0,0,0
17,294,District - East Garo Hills (02),Rural,55-59,5738,3057,2681,126,72,54,4680,2812,1868,879,155,724,48,16,32,5,2,3,0,0,0
17,294,District - East Garo Hills (02),Rural,60-64,4683,2597,2086,239,133,106,3448,2262,1186,948,179,769,43,21,22,5,2,3,0,0,0
17,294,District - East Garo Hills (02),Rural,65-69,3441,1876,1565,245,131,114,2287,1562,725,865,165,700,41,17,24,3,1,2,0,0,0
17,294,District - East Garo Hills (02),Rural,70-74,1895,1044,851,68,41,27,1187,839,348,620,153,467,19,11,8,1,0,1,0,0,0
17,294,District - East Garo Hills (02),Rural,75-79,938,545,393,27,15,12,559,426,133,340,96,244,12,8,4,0,0,0,0,0,0
17,294,District - East Garo Hills (02),Rural,80+,1031,618,413,123,77,46,578,441,137,314,91,223,14,7,7,2,2,0,0,0,0
17,294,District - East Garo Hills (02),Rural,Age not stated,340,177,163,229,128,101,99,45,54,11,3,8,1,1,0,0,0,0,0,0,0
17,294,District - East Garo Hills (02),Rural,Less than 18,126794,64576,62218,124986,64144,60842,1734,416,1318,47,13,34,22,2,20,5,1,4,0,0,0
17,294,District - East Garo Hills (02),Rural,Less than 21,144345,73119,71226,138106,71750,66356,6060,1336,4724,108,22,86,64,10,54,7,1,6,0,0,0
17,294,District - East Garo Hills (02),Urban,All ages,44192,22460,21732,26182,13643,12539,16688,8620,8068,1167,152,1015,134,41,93,21,4,17,0,0,0
17,294,District - East Garo Hills (02),Urban,0-9,9042,4494,4548,9042,4494,4548,0,0,0,0,0,0,0,0,0,0,0,0,0,0,0
17,294,District - East Garo Hills (02),Urban,10-14,5929,2967,2962,5845,2940,2905,77,23,54,4,3,1,2,1,1,1,0,1,0,0,0
17,294,District - East Garo Hills (02),Urban,15-19,5843,2742,3101,5415,2656,2759,416,81,335,5,3,2,6,2,4,1,0,1,0,0,0
17,294,District - East Garo Hills (02),Urban,20-24,4691,2328,2363,3067,1791,1276,1596,529,1067,16,5,11,9,3,6,3,0,3,0,0,0
17,294,District - East Garo Hills (02),Urban,25-29,4214,2161,2053,1472,902,570,2694,1254,1440,34,4,30,12,0,12,2,1,1,0,0,0
17,294,District - East Garo Hills (02),Urban,30-34,3019,1550,1469,525,324,201,2426,1219,1207,44,2,42,21,4,17,3,1,2,0,0,0
17,294,District - East Garo Hills (02),Urban,35-39,2652,1352,1300,212,110,102,2326,1229,1097,91,8,83,18,4,14,5,1,4,0,0,0
17,294,District - East Garo Hills (02),Urban,40-44,2355,1210,1145,107,63,44,2107,1132,975,121,7,114,19,8,11,1,0,1,0,0,0
17,294,District - East Garo Hills (02),Urban,45-49,2001,1094,907,61,31,30,1791,1044,747,134,14,120,14,5,9,1,0,1,0,0,0
17,294,District - East Garo Hills (02),Urban,50-54,1332,719,613,28,19,9,1138,677,461,154,18,136,11,5,6,1,0,1,0,0,0
17,294,District - East Garo Hills (02),Urban,55-59,890,472,418,20,9,11,727,450,277,138,11,127,4,2,2,1,0,1,0,0,0
17,294,District - East Garo Hills (02),Urban,60-64,632,351,281,39,21,18,456,309,147,128,18,110,9,3,6,0,0,0,0,0,0
17,294,District - East Garo Hills (02),Urban,65-69,488,241,247,58,23,35,326,204,122,102,14,88,2,0,2,0,0,0,0,0,0
17,294,District - East Garo Hills (02),Urban,70-74,275,142,133,17,11,6,166,108,58,86,19,67,4,3,1,2,1,1,0,0,0
17,294,District - East Garo Hills (02),Urban,75-79,145,78,67,4,3,1,85,64,21,55,11,44,1,0,1,0,0,0,0,0,0
17,294,District - East Garo Hills (02),Urban,80+,199,105,94,32,16,16,112,74,38,54,15,39,1,0,1,0,0,0,0,0,0
17,294,District - East Garo Hills (02),Urban,Age not stated,485,454,31,238,230,8,245,223,22,1,0,1,1,1,0,0,0,0,0,0,0
17,294,District - East Garo Hills (02),Urban,Less than 18,18685,9162,9523,18431,9100,9331,242,56,186,7,4,3,3,2,1,2,0,2,0,0,0
17,294,District - East Garo Hills (02),Urban,Less than 21,21925,10748,11177,21135,10566,10569,766,172,594,12,7,5,10,3,7,2,0,2,0,0,0
17,295,District - South Garo Hills (03),Total,All ages,142334,73170,69164,82857,44539,38318,54671,27626,27045,4114,833,3281,630,155,475,62,17,45,0,0,0
17,295,District - South Garo Hills (03),Total,0-9,38558,19612,18946,38558,19612,18946,0,0,0,0,0,0,0,0,0,0,0,0,0,0,0
17,295,District - South Garo Hills (03),Total,10-14,18564,9446,9118,18247,9361,8886,286,75,211,10,4,6,19,4,15,2,2,0,0,0,0
17,295,District - South Garo Hills (03),Total,15-19,15437,7866,7571,13702,7560,6142,1668,286,1382,34,11,23,32,8,24,1,1,0,0,0,0
17,295,District - South Garo Hills (03),Total,20-24,12801,6294,6507,6654,4264,2390,5990,2004,3986,62,10,52,85,15,70,10,1,9,0,0,0
17,295,District - South Garo Hills (03),Total,25-29,11722,5906,5816,2913,1950,963,8596,3929,4667,109,13,96,94,10,84,10,4,6,0,0,0
17,295,District - South Garo Hills (03),Total,30-34,8690,4493,4197,1063,704,359,7399,3752,3647,148,26,122,72,10,62,8,1,7,0,0,0
17,295,District - South Garo Hills (03),Total,35-39,8593,4407,4186,631,407,224,7665,3951,3714,220,32,188,71,16,55,6,1,5,0,0,0
17,295,District - South Garo Hills (03),Total,40-44,7089,3800,3289,346,224,122,6379,3505,2874,291,52,239,69,18,51,4,1,3,0,0,0
17,295,District - South Garo Hills (03),Total,45-49,6233,3310,2923,170,116,54,5555,3112,2443,437,63,374,64,16,48,7,3,4,0,0,0
17,295,District - South Garo Hills (03),Total,50-54,4337,2369,1968,103,67,36,3714,2206,1508,484,81,403,35,15,20,1,0,1,0,0,0
17,295,District - South Garo Hills (03),Total,55-59,2961,1659,1302,72,48,24,2451,1529,922,417,75,342,16,6,10,5,1,4,0,0,0
17,295,District - South Garo Hills (03),Total,60-64,2665,1421,1244,97,48,49,1992,1236,756,549,130,419,24,6,18,3,1,2,0,0,0
17,295,District - South Garo Hills (03),Total,65-69,1987,1074,913,94,56,38,1365,913,452,507,93,414,18,12,6,3,0,3,0,0,0
17,295,District - South Garo Hills (03),Total,70-74,1207,630,577,43,25,18,749,499,250,393,94,299,22,12,10,0,0,0,0,0,0
17,295,District - South Garo Hills (03),Total,75-79,594,340,254,21,8,13,371,275,96,198,55,143,3,1,2,1,1,0,0,0,0
17,295,District - South Garo Hills (03),Total,80+,744,445,299,67,35,32,420,311,109,251,94,157,5,5,0,1,0,1,0,0,0
17,295,District - South Garo Hills (03),Total,Age not stated,152,98,54,76,54,22,71,43,28,4,0,4,1,1,0,0,0,0,0,0,0
17,295,District - South Garo Hills (03),Total,Less than 18,66744,34031,32713,65846,33820,32026,836,186,650,27,12,15,32,10,22,3,3,0,0,0,0
17,295,District - South Garo Hills (03),Total,Less than 21,75568,38402,37166,72461,37737,34724,2973,631,2342,60,16,44,70,15,55,4,3,1,0,0,0
17,295,District - South Garo Hills (03),Rural,All ages,129203,66470,62733,75215,40530,34685,49671,24995,24676,3703,791,2912,558,140,418,56,14,42,0,0,0
17,295,District - South Garo Hills (03),Rural,0-9,35459,18055,17404,35459,18055,17404,0,0,0,0,0,0,0,0,0,0,0,0,0,0,0
17,295,District - South Garo Hills (03),Rural,10-14,16718,8549,8169,16423,8467,7956,267,72,195,9,4,5,17,4,13,2,2,0,0,0,0
17,295,District - South Garo Hills (03),Rural,15-19,13940,7145,6795,12361,6864,5497,1514,261,1253,32,11,21,32,8,24,1,1,0,0,0,0
17,295,District - South Garo Hills (03),Rural,20-24,11531,5659,5872,5924,3805,2119,5461,1831,3630,55,7,48,81,15,66,10,1,9,0,0,0
17,295,District - South Garo Hills (03),Rural,25-29,10520,5295,5225,2549,1715,834,7780,3553,4227,96,13,83,85,10,75,10,4,6,0,0,0
17,295,District - South Garo Hills (03),Rural,30-34,7800,4021,3779,949,627,322,6647,3359,3288,131,26,105,66,9,57,7,0,7,0,0,0
17,295,District - South Garo Hills (03),Rural,35-39,7736,3951,3785,567,379,188,6914,3530,3384,192,29,163,58,13,45,5,0,5,0,0,0
17,295,District - South Garo Hills (03),Rural,40-44,6375,3403,2972,311,203,108,5744,3135,2609,260,48,212,56,16,40,4,1,3,0,0,0
17,295,District - South Garo Hills (03),Rural,45-49,5639,2971,2668,152,104,48,5046,2793,2253,385,59,326,50,13,37,6,2,4,0,0,0
17,295,District - South Garo Hills (03),Rural,50-54,3970,2174,1796,91,61,30,3414,2023,1391,434,78,356,30,12,18,1,0,1,0,0,0
17,295,District - South Garo Hills (03),Rural,55-59,2706,1502,1204,65,43,22,2242,1379,863,382,73,309,14,6,8,3,1,2,0,0,0
17,295,District - South Garo Hills (03),Rural,60-64,2453,1311,1142,89,44,45,1842,1141,701,497,120,377,22,5,17,3,1,2,0,0,0
17,295,District - South Garo Hills (03),Rural,65-69,1850,1012,838,90,54,36,1279,857,422,461,89,372,18,12,6,2,0,2,0,0,0
17,295,District - South Garo Hills (03),Rural,70-74,1126,598,528,39,24,15,712,473,239,354,90,264,21,11,10,0,0,0,0,0,0
17,295,District - South Garo Hills (03),Rural,75-79,552,317,235,14,4,10,351,258,93,183,53,130,3,1,2,1,1,0,0,0,0
17,295,District - South Garo Hills (03),Rural,80+,692,419,273,65,35,30,393,289,104,229,91,138,4,4,0,1,0,1,0,0,0
17,295,District - South Garo Hills (03),Rural,Age not stated,136,88,48,67,46,21,65,41,24,3,0,3,1,1,0,0,0,0,0,0,0
17,295,District - South Garo Hills (03),Rural,Less than 18,60840,31114,29726,60027,30916,29111,755,173,582,25,12,13,30,10,20,3,3,0,0,0,0
17,295,District - South Garo Hills (03),Rural,Less than 21,68869,35096,33773,66017,34480,31537,2724,582,2142,57,16,41,67,15,52,4,3,1,0,0,0
17,295,District - South Garo Hills (03),Urban,All ages,13131,6700,6431,7642,4009,3633,5000,2631,2369,411,42,369,72,15,57,6,3,3,0,0,0
17,295,District - South Garo Hills (03),Urban,0-9,3099,1557,1542,3099,1557,1542,0,0,0,0,0,0,0,0,0,0,0,0,0,0,0
17,295,District - South Garo Hills (03),Urban,10-14,1846,897,949,1824,894,930,19,3,16,1,0,1,2,0,2,0,0,0,0,0,0
17,295,District - South Garo Hills (03),Urban,15-19,1497,721,776,1341,696,645,154,25,129,2,0,2,0,0,0,0,0,0,0,0,0
17,295,District - South Garo Hills (03),Urban,20-24,1270,635,635,730,459,271,529,173,356,7,3,4,4,0,4,0,0,0,0,0,0
17,295,District - South Garo Hills (03),Urban,25-29,1202,611,591,364,235,129,816,376,440,13,0,13,9,0,9,0,0,0,0,0,0
17,295,District - South Garo Hills (03),Urban,30-34,890,472,418,114,77,37,752,393,359,17,0,17,6,1,5,1,1,0,0,0,0
17,295,District - South Garo Hills (03),Urban,35-39,857,456,401,64,28,36,751,421,330,28,3,25,13,3,10,1,1,0,0,0,0
17,295,District - South Garo Hills (03),Urban,40-44,714,397,317,35,21,14,635,370,265,31,4,27,13,2,11,0,0,0,0,0,0
17,295,District - South Garo Hills (03),Urban,45-49,594,339,255,18,12,6,509,319,190,52,4,48,14,3,11,1,1,0,0,0,0
17,295,District - South Garo Hills (03),Urban,50-54,367,195,172,12,6,6,300,183,117,50,3,47,5,3,2,0,0,0,0,0,0
17,295,District - South Garo Hills (03),Urban,55-59,255,157,98,7,5,2,209,150,59,35,2,33,2,0,2,2,0,2,0,0,0
17,295,District - South Garo Hills (03),Urban,60-64,212,110,102,8,4,4,150,95,55,52,10,42,2,1,1,0,0,0,0,0,0
17,295,District - South Garo Hills (03),Urban,65-69,137,62,75,4,2,2,86,56,30,46,4,42,0,0,0,1,0,1,0,0,0
17,295,District - South Garo Hills (03),Urban,70-74,81,32,49,4,1,3,37,26,11,39,4,35,1,1,0,0,0,0,0,0,0
17,295,District - South Garo Hills (03),Urban,75-79,42,23,19,7,4,3,20,17,3,15,2,13,0,0,0,0,0,0,0,0,0
17,295,District - South Garo Hills (03),Urban,80+,52,26,26,2,0,2,27,22,5,22,3,19,1,1,0,0,0,0,0,0,0
17,295,District - South Garo Hills (03),Urban,Age not stated,16,10,6,9,8,1,6,2,4,1,0,1,0,0,0,0,0,0,0,0,0
17,295,District - South Garo Hills (03),Urban,Less than 18,5904,2917,2987,5819,2904,2915,81,13,68,2,0,2,2,0,2,0,0,0,0,0,0
17,295,District - South Garo Hills (03),Urban,Less than 21,6699,3306,3393,6444,3257,3187,249,49,200,3,0,3,3,0,3,0,0,0,0,0,0
17,296,District - West Khasi Hills (04),Total,All ages,383461,193715,189746,239749,128296,111453,126572,61840,64732,10731,2107,8624,5174,1217,3957,1235,255,980,0,0,0
17,296,District - West Khasi Hills (04),Total,0-9,120018,60988,59030,120018,60988,59030,0,0,0,0,0,0,0,0,0,0,0,0,0,0,0
17,296,District - West Khasi Hills (04),Total,10-14,53030,26881,26149,52188,26632,25556,787,228,559,24,9,15,24,9,15,7,3,4,0,0,0
17,296,District - West Khasi Hills (04),Total,15-19,41934,21518,20416,37079,20698,16381,4536,789,3747,64,13,51,218,13,205,37,5,32,0,0,0
17,296,District - West Khasi Hills (04),Total,20-24,34772,17140,17632,17441,11301,6140,16278,5703,10575,186,35,151,764,91,673,103,10,93,0,0,0
17,296,District - West Khasi Hills (04),Total,25-29,28815,14358,14457,6381,4286,2095,21162,9843,11319,303,62,241,802,144,658,167,23,144,0,0,0
17,296,District - West Khasi Hills (04),Total,30-34,21868,10960,10908,2268,1565,703,18409,9169,9240,394,76,318,660,126,534,137,24,113,0,0,0
17,296,District - West Khasi Hills (04),Total,35-39,19284,9795,9489,1131,779,352,16848,8749,8099,571,118,453,589,122,467,145,27,118,0,0,0
17,296,District - West Khasi Hills (04),Total,40-44,15755,7988,7767,660,455,205,13641,7212,6429,789,162,627,553,140,413,112,19,93,0,0,0
17,296,District - West Khasi Hills (04),Total,45-49,13081,6646,6435,366,256,110,11123,6032,5091,1044,207,837,430,126,304,118,25,93,0,0,0
17,296,District - West Khasi Hills (04),Total,50-54,9786,5042,4744,292,202,90,7848,4489,3359,1158,214,944,355,111,244,133,26,107,0,0,0
17,296,District - West Khasi Hills (04),Total,55-59,6579,3329,3250,179,126,53,5120,2904,2216,986,186,800,225,92,133,69,21,48,0,0,0
17,296,District - West Khasi Hills (04),Total,60-64,5785,2939,2846,303,173,130,3990,2451,1539,1232,221,1011,190,73,117,70,21,49,0,0,0
17,296,District - West Khasi Hills (04),Total,65-69,4445,2164,2281,274,158,116,2801,1694,1107,1161,217,944,148,66,82,61,29,32,0,0,0
17,296,District - West Khasi Hills (04),Total,70-74,3048,1461,1587,124,77,47,1730,1124,606,1048,205,843,106,47,59,40,8,32,0,0,0
17,296,District - West Khasi Hills (04),Total,75-79,1699,782,917,43,24,19,883,590,293,710,136,574,41,23,18,22,9,13,0,0,0
17,296,District - West Khasi Hills (04),Total,80+,2089,922,1167,148,76,72,876,590,286,1000,229,771,52,22,30,13,5,8,0,0,0
17,296,District - West Khasi Hills (04),Total,Age not stated,1473,802,671,854,500,354,540,273,267,61,17,44,17,12,5,1,0,1,0,0,0
17,296,District - West Khasi Hills (04),Total,Less than 18,199471,101586,97885,196834,100989,95845,2471,560,1911,56,17,39,90,14,76,20,6,14,0,0,0
17,296,District - West Khasi Hills (04),Total,Less than 21,223297,113462,109835,214624,111668,102956,8089,1722,6367,126,25,101,395,35,360,63,12,51,0,0,0
17,296,District - West Khasi Hills (04),Rural,All ages,340356,172380,167976,212165,113849,98316,113179,55291,57888,9464,1929,7535,4458,1079,3379,1090,232,858,0,0,0
17,296,District - West Khasi Hills (04),Rural,0-9,107455,54609,52846,107455,54609,52846,0,0,0,0,0,0,0,0,0,0,0,0,0,0,0
17,296,District - West Khasi Hills (04),Rural,10-14,46925,23774,23151,46148,23543,22605,732,216,516,19,6,13,20,6,14,6,3,3,0,0,0
17,296,District - West Khasi Hills (04),Rural,15-19,36551,18818,17733,32137,18080,14057,4122,712,3410,56,11,45,204,12,192,32,3,29,0,0,0
17,296,District - West Khasi Hills (04),Rural,20-24,30565,15098,15467,14991,9854,5137,14635,5122,9513,164,32,132,682,80,602,93,10,83,0,0,0
17,296,District - West Khasi Hills (04),Rural,25-29,25452,12743,12709,5514,3780,1734,18809,8761,10048,280,56,224,701,124,577,148,22,126,0,0,0
17,296,District - West Khasi Hills (04),Rural,30-34,19239,9643,9596,1978,1388,590,16263,8062,8201,342,71,271,538,102,436,118,20,98,0,0,0
17,296,District - West Khasi Hills (04),Rural,35-39,17102,8783,8319,1005,706,299,14998,7829,7169,484,110,374,489,111,378,126,27,99,0,0,0
17,296,District - West Khasi Hills (04),Rural,40-44,13963,7134,6829,586,413,173,12118,6430,5688,689,149,540,477,128,349,93,14,79,0,0,0
17,296,District - West Khasi Hills (04),Rural,45-49,11635,5949,5686,323,236,87,9963,5398,4565,892,190,702,355,103,252,102,22,80,0,0,0
17,296,District - West Khasi Hills (04),Rural,50-54,8724,4519,4205,252,178,74,7058,4022,3036,1000,196,804,300,99,201,114,24,90,0,0,0
17,296,District - West Khasi Hills (04),Rural,55-59,5905,2993,2912,165,118,47,4601,2598,2003,879,170,709,196,88,108,64,19,45,0,0,0
17,296,District - West Khasi Hills (04),Rural,60-64,5209,2672,2537,278,163,115,3619,2223,1396,1085,198,887,164,68,96,63,20,43,0,0,0
17,296,District - West Khasi Hills (04),Rural,65-69,4083,1989,2094,244,142,102,2578,1560,1018,1064,197,867,138,63,75,59,27,32,0,0,0
17,296,District - West Khasi Hills (04),Rural,70-74,2741,1327,1414,112,71,41,1569,1020,549,930,186,744,93,42,51,37,8,29,0,0,0
17,296,District - West Khasi Hills (04),Rural,75-79,1532,716,816,38,23,15,802,536,266,631,127,504,39,21,18,22,9,13,0,0,0
17,296,District - West Khasi Hills (04),Rural,80+,1882,850,1032,135,68,67,801,544,257,888,213,675,46,21,25,12,4,8,0,0,0
17,296,District - West Khasi Hills (04),Rural,Age not stated,1393,763,630,804,477,327,511,258,253,61,17,44,16,11,5,1,0,1,0,0,0
17,296,District - West Khasi Hills (04),Rural,Less than 18,177380,90395,86985,174964,89846,85118,2266,520,1746,49,13,36,84,11,73,17,5,12,0,0,0
17,296,District - West Khasi Hills (04),Rural,Less than 21,198262,100777,97485,190341,99144,91197,7394,1572,5822,111,20,91,360,31,329,56,10,46,0,0,0
17,296,District - West Khasi Hills (04),Urban,All ages,43105,21335,21770,27584,14447,13137,13393,6549,6844,1267,178,1089,716,138,578,145,23,122,0,0,0
17,296,District - West Khasi Hills (04),Urban,0-9,12563,6379,6184,12563,6379,6184,0,0,0,0,0,0,0,0,0,0,0,0,0,0,0
17,296,District - West Khasi Hills (04),Urban,10-14,6105,3107,2998,6040,3089,2951,55,12,43,5,3,2,4,3,1,1,0,1,0,0,0
17,296,District - West Khasi Hills (04),Urban,15-19,5383,2700,2683,4942,2618,2324,414,77,337,8,2,6,14,1,13,5,2,3,0,0,0
17,296,District - West Khasi Hills (04),Urban,20-24,4207,2042,2165,2450,1447,1003,1643,581,1062,22,3,19,82,11,71,10,0,10,0,0,0
17,296,District - West Khasi Hills (04),Urban,25-29,3363,1615,1748,867,506,361,2353,1082,1271,23,6,17,101,20,81,19,1,18,0,0,0
17,296,District - West Khasi Hills (04),Urban,30-34,2629,1317,1312,290,177,113,2146,1107,1039,52,5,47,122,24,98,19,4,15,0,0,0
17,296,District - West Khasi Hills (04),Urban,35-39,2182,1012,1170,126,73,53,1850,920,930,87,8,79,100,11,89,19,0,19,0,0,0
17,296,District - West Khasi Hills (04),Urban,40-44,1792,854,938,74,42,32,1523,782,741,100,13,87,76,12,64,19,5,14,0,0,0
17,296,District - West Khasi Hills (04),Urban,45-49,1446,697,749,43,20,23,1160,634,526,152,17,135,75,23,52,16,3,13,0,0,0
17,296,District - West Khasi Hills (04),Urban,50-54,1062,523,539,40,24,16,790,467,323,158,18,140,55,12,43,19,2,17,0,0,0
17,296,District - West Khasi Hills (04),Urban,55-59,674,336,338,14,8,6,519,306,213,107,16,91,29,4,25,5,2,3,0,0,0
17,296,District - West Khasi Hills (04),Urban,60-64,576,267,309,25,10,15,371,228,143,147,23,124,26,5,21,7,1,6,0,0,0
17,296,District - West Khasi Hills (04),Urban,65-69,362,175,187,30,16,14,223,134,89,97,20,77,10,3,7,2,2,0,0,0,0
17,296,District - West Khasi Hills (04),Urban,70-74,307,134,173,12,6,6,161,104,57,118,19,99,13,5,8,3,0,3,0,0,0
17,296,District - West Khasi Hills (04),Urban,75-79,167,66,101,5,1,4,81,54,27,79,9,70,2,2,0,0,0,0,0,0,0
17,296,District - West Khasi Hills (04),Urban,80+,207,72,135,13,8,5,75,46,29,112,16,96,6,1,5,1,1,0,0,0,0
17,296,District - West Khasi Hills (04),Urban,Age not stated,80,39,41,50,23,27,29,15,14,0,0,0,1,1,0,0,0,0,0,0,0
17,296,District - West Khasi Hills (04),Urban,Less than 18,22091,11191,10900,21870,11143,10727,205,40,165,7,4,3,6,3,3,3,1,2,0,0,0
17,296,District - West Khasi Hills (04),Urban,Less than 21,25035,12685,12350,24283,12524,11759,695,150,545,15,5,10,35,4,31,7,2,5,0,0,0
17,297,District - Ribhoi (05),Total,All ages,258840,132531,126309,156300,84026,72274,91734,45925,45809,7281,1543,5738,2822,847,1975,703,190,513,0,0,0
17,297,District - Ribhoi (05),Total,0-9,74006,37868,36138,74006,37868,36138,0,0,0,0,0,0,0,0,0,0,0,0,0,0,0
17,297,District - Ribhoi (05),Total,10-14,35439,18111,17328,34943,17981,16962,458,116,342,14,2,12,21,11,10,3,1,2,0,0,0
17,297,District - Ribhoi (05),Total,15-19,28285,14410,13875,25353,13906,11447,2783,474,2309,33,7,26,105,22,83,11,1,10,0,0,0
17,297,District - Ribhoi (05),Total,20-24,24142,11840,12302,12511,8018,4493,11119,3735,7384,98,24,74,356,58,298,58,5,53,0,0,0
17,297,District - Ribhoi (05),Total,25-29,21471,11025,10446,4934,3321,1613,15859,7563,8296,189,32,157,409,94,315,80,15,65,0,0,0
17,297,District - Ribhoi (05),Total,30-34,16352,8467,7885,1794,1180,614,13809,7098,6711,275,68,207,386,100,286,88,21,67,0,0,0
17,297,District - Ribhoi (05),Total,35-39,14909,7588,7321,902,577,325,13099,6796,6303,465,96,369,345,96,249,98,23,75,0,0,0
17,297,District - Ribhoi (05),Total,40-44,11672,6101,5571,528,325,203,10187,5565,4622,574,103,471,305,84,221,78,24,54,0,0,0
17,297,District - Ribhoi (05),Total,45-49,10012,5207,4805,323,214,109,8475,4688,3787,840,167,673,291,111,180,83,27,56,0,0,0
17,297,District - Ribhoi (05),Total,50-54,6969,3759,3210,235,160,75,5580,3332,2248,892,168,724,198,77,121,64,22,42,0,0,0
17,297,District - Ribhoi (05),Total,55-59,4464,2412,2052,129,85,44,3465,2116,1349,708,151,557,121,47,74,41,13,28,0,0,0
17,297,District - Ribhoi (05),Total,60-64,4081,2188,1893,193,105,88,2889,1828,1061,834,175,659,129,67,62,36,13,23,0,0,0
17,297,District - Ribhoi (05),Total,65-69,2749,1422,1327,157,101,56,1757,1104,653,745,173,572,65,33,32,25,11,14,0,0,0
17,297,District - Ribhoi (05),Total,70-74,1862,932,930,74,49,25,1073,725,348,656,128,528,43,20,23,16,10,6,0,0,0
17,297,District - Ribhoi (05),Total,75-79,955,481,474,28,16,12,514,345,169,381,106,275,22,11,11,10,3,7,0,0,0
17,297,District - Ribhoi (05),Total,80+,1285,606,679,91,54,37,590,396,194,568,140,428,24,15,9,12,1,11,0,0,0
17,297,District - Ribhoi (05),Total,Age not stated,187,114,73,99,66,33,77,44,33,9,3,6,2,1,1,0,0,0,0,0,0
17,297,District - Ribhoi (05),Total,Less than 18,127319,65155,62164,125795,64833,60962,1424,293,1131,35,7,28,57,20,37,8,2,6,0,0,0
17,297,District - Ribhoi (05),Total,Less than 21,143349,73126,70223,138009,72037,65972,5060,1034,4026,64,11,53,193,41,152,23,3,20,0,0,0
17,297,District - Ribhoi (05),Rural,All ages,233587,118705,114882,141885,76088,65797,82081,40269,41812,6459,1410,5049,2538,764,1774,624,174,450,0,0,0
17,297,District - Ribhoi (05),Rural,0-9,68132,34872,33260,68132,34872,33260,0,0,0,0,0,0,0,0,0,0,0,0,0,0,0
17,297,District - Ribhoi (05),Rural,10-14,32436,16534,15902,31973,16419,15554,428,104,324,14,2,12,18,8,10,3,1,2,0,0,0
17,297,District - Ribhoi (05),Rural,15-19,25631,13110,12521,22883,12633,10250,2616,453,2163,29,7,22,93,16,77,10,1,9,0,0,0
17,297,District - Ribhoi (05),Rural,20-24,21431,10436,10995,10905,6963,3942,10058,3392,6666,90,23,67,324,53,271,54,5,49,0,0,0
17,297,District - Ribhoi (05),Rural,25-29,18535,9206,9329,4103,2703,1400,13838,6379,7459,164,29,135,362,82,280,68,13,55,0,0,0
17,297,District - Ribhoi (05),Rural,30-34,14168,7053,7115,1566,1024,542,11930,5862,6068,245,63,182,353,87,266,74,17,57,0,0,0
17,297,District - Ribhoi (05),Rural,35-39,13225,6582,6643,782,511,271,11661,5882,5779,402,83,319,296,84,212,84,22,62,0,0,0
17,297,District - Ribhoi (05),Rural,40-44,10419,5344,5075,466,288,178,9095,4858,4237,512,100,412,277,76,201,69,22,47,0,0,0
17,297,District - Ribhoi (05),Rural,45-49,9000,4643,4357,255,166,89,7680,4194,3486,733,155,578,258,102,156,74,26,48,0,0,0
17,297,District - Ribhoi (05),Rural,50-54,6352,3462,2890,187,128,59,5152,3087,2065,777,156,621,178,70,108,58,21,37,0,0,0
17,297,District - Ribhoi (05),Rural,55-59,4049,2187,1862,100,64,36,3178,1929,1249,623,138,485,109,44,65,39,12,27,0,0,0
17,297,District - Ribhoi (05),Rural,60-64,3752,2016,1736,150,82,68,2706,1705,1001,745,154,591,120,65,55,31,10,21,0,0,0
17,297,District - Ribhoi (05),Rural,65-69,2545,1316,1229,127,78,49,1646,1033,613,686,163,523,63,32,31,23,10,13,0,0,0
17,297,District - Ribhoi (05),Rural,70-74,1697,855,842,56,35,21,1005,679,326,580,113,467,40,18,22,16,10,6,0,0,0
17,297,District - Ribhoi (05),Rural,75-79,878,440,438,21,12,9,475,316,159,351,98,253,22,11,11,9,3,6,0,0,0
17,297,District - Ribhoi (05),Rural,80+,1157,541,616,84,48,36,539,354,185,499,123,376,23,15,8,12,1,11,0,0,0
17,297,District - Ribhoi (05),Rural,Age not stated,180,108,72,95,62,33,74,42,32,9,3,6,2,1,1,0,0,0,0,0,0
17,297,District - Ribhoi (05),Rural,Less than 18,116799,59761,57038,115356,59465,55891,1350,273,1077,34,7,27,51,14,37,8,2,6,0,0,0
17,297,District - Ribhoi (05),Rural,Less than 21,131241,66954,64287,126268,65944,60324,4720,965,3755,58,11,47,173,31,142,22,3,19,0,0,0
17,297,District - Ribhoi (05),Urban,All ages,25253,13826,11427,14415,7938,6477,9653,5656,3997,822,133,689,284,83,201,79,16,63,0,0,0
17,297,District - Ribhoi (05),Urban,0-9,5874,2996,2878,5874,2996,2878,0,0,0,0,0,0,0,0,0,0,0,0,0,0,0
17,297,District - Ribhoi (05),Urban,10-14,3003,1577,1426,2970,1562,1408,30,12,18,0,0,0,3,3,0,0,0,0,0,0,0
17,297,District - Ribhoi (05),Urban,15-19,2654,1300,1354,2470,1273,1197,167,21,146,4,0,4,12,6,6,1,0,1,0,0,0
17,297,District - Ribhoi (05),Urban,20-24,2711,1404,1307,1606,1055,551,1061,343,718,8,1,7,32,5,27,4,0,4,0,0,0
17,297,District - Ribhoi (05),Urban,25-29,2936,1819,1117,831,618,213,2021,1184,837,25,3,22,47,12,35,12,2,10,0,0,0
17,297,District - Ribhoi (05),Urban,30-34,2184,1414,770,228,156,72,1879,1236,643,30,5,25,33,13,20,14,4,10,0,0,0
17,297,District - Ribhoi (05),Urban,35-39,1684,1006,678,120,66,54,1438,914,524,63,13,50,49,12,37,14,1,13,0,0,0
17,297,District - Ribhoi (05),Urban,40-44,1253,757,496,62,37,25,1092,707,385,62,3,59,28,8,20,9,2,7,0,0,0
17,297,District - Ribhoi (05),Urban,45-49,1012,564,448,68,48,20,795,494,301,107,12,95,33,9,24,9,1,8,0,0,0
17,297,District - Ribhoi (05),Urban,50-54,617,297,320,48,32,16,428,245,183,115,12,103,20,7,13,6,1,5,0,0,0
17,297,District - Ribhoi (05),Urban,55-59,415,225,190,29,21,8,287,187,100,85,13,72,12,3,9,2,1,1,0,0,0
17,297,District - Ribhoi (05),Urban,60-64,329,172,157,43,23,20,183,123,60,89,21,68,9,2,7,5,3,2,0,0,0
17,297,District - Ribhoi (05),Urban,65-69,204,106,98,30,23,7,111,71,40,59,10,49,2,1,1,2,1,1,0,0,0
17,297,District - Ribhoi (05),Urban,70-74,165,77,88,18,14,4,68,46,22,76,15,61,3,2,1,0,0,0,0,0,0
17,297,District - Ribhoi (05),Urban,75-79,77,41,36,7,4,3,39,29,10,30,8,22,0,0,0,1,0,1,0,0,0
17,297,District - Ribhoi (05),Urban,80+,128,65,63,7,6,1,51,42,9,69,17,52,1,0,1,0,0,0,0,0,0
17,297,District - Ribhoi (05),Urban,Age not stated,7,6,1,4,4,0,3,2,1,0,0,0,0,0,0,0,0,0,0,0,0
17,297,District - Ribhoi (05),Urban,Less than 18,10520,5394,5126,10439,5368,5071,74,20,54,1,0,1,6,6,0,0,0,0,0,0,0
17,297,District - Ribhoi (05),Urban,Less than 21,12108,6172,5936,11741,6093,5648,340,69,271,6,0,6,20,10,10,1,0,1,0,0,0
17,298,District - East Khasi Hills (06),Total,All ages,825922,410749,415173,483820,255938,227882,287272,144245,143027,35315,5067,30248,15425,4509,10916,4090,990,3100,0,0,0
17,298,District - East Khasi Hills (06),Total,0-9,195202,99260,95942,195202,99260,95942,0,0,0,0,0,0,0,0,0,0,0,0,0,0,0
17,298,District - East Khasi Hills (06),Total,10-14,98483,49583,48900,97194,49157,48037,1143,377,766,58,17,41,73,26,47,15,6,9,0,0,0
17,298,District - East Khasi Hills (06),Total,15-19,90186,45355,44831,83455,44066,39389,6212,1189,5023,118,38,80,355,56,299,46,6,40,0,0,0
17,298,District - East Khasi Hills (06),Total,20-24,86204,42763,43441,54622,32169,22453,29304,10150,19154,293,41,252,1697,359,1338,288,44,244,0,0,0
17,298,District - East Khasi Hills (06),Total,25-29,75886,37573,38313,26358,15909,10449,46122,20853,25269,668,119,549,2273,603,1670,465,89,376,0,0,0
17,298,District - East Khasi Hills (06),Total,30-34,59711,29788,29923,11273,6698,4575,44804,22201,22603,1042,168,874,2094,600,1494,498,121,377,0,0,0
17,298,District - East Khasi Hills (06),Total,35-39,53648,26455,27193,5672,3313,2359,43308,22169,21139,1976,263,1713,2130,585,1545,562,125,437,0,0,0
17,298,District - East Khasi Hills (06),Total,40-44,43322,21652,21670,3161,1809,1352,34860,18777,16083,2823,362,2461,1932,566,1366,546,138,408,0,0,0
17,298,District - East Khasi Hills (06),Total,45-49,35747,18026,17721,1976,1102,874,28012,15830,12182,3741,480,3261,1547,505,1042,471,109,362,0,0,0
17,298,District - East Khasi Hills (06),Total,50-54,26567,13104,13463,1319,664,655,19463,11440,8023,4245,535,3710,1151,358,793,389,107,282,0,0,0
17,298,District - East Khasi Hills (06),Total,55-59,17928,8749,9179,824,398,426,12454,7531,4923,3633,500,3133,741,246,495,276,74,202,0,0,0
17,298,District - East Khasi Hills (06),Total,60-64,14889,6961,7928,786,396,390,9089,5669,3420,4202,605,3597,597,222,375,215,69,146,0,0,0
17,298,District - East Khasi Hills (06),Total,65-69,10012,4320,5692,601,287,314,5292,3315,1977,3625,522,3103,358,153,205,136,43,93,0,0,0
17,298,District - East Khasi Hills (06),Total,70-74,7415,3087,4328,363,164,199,3394,2243,1151,3324,530,2794,239,122,117,95,28,67,0,0,0
17,298,District - East Khasi Hills (06),Total,75-79,4339,1623,2716,166,76,90,1685,1122,563,2334,347,1987,112,61,51,42,17,25,0,0,0
17,298,District - East Khasi Hills (06),Total,80+,5426,1928,3498,393,206,187,1733,1148,585,3159,526,2633,102,37,65,39,11,28,0,0,0
17,298,District - East Khasi Hills (06),Total,Age not stated,957,522,435,455,264,191,397,231,166,74,14,60,24,10,14,7,3,4,0,0,0
17,298,District - East Khasi Hills (06),Total,Less than 18,348425,176126,172299,344780,175205,169575,3315,832,2483,130,37,93,174,45,129,26,7,19,0,0,0
17,298,District - East Khasi Hills (06),Total,Less than 21,403529,204041,199488,390618,201104,189514,11896,2735,9161,220,63,157,693,122,571,102,17,85,0,0,0
17,298,District - East Khasi Hills (06),Rural,All ages,459441,228409,231032,278973,147611,131362,149742,73763,75979,17861,3176,14685,9716,3078,6638,3149,781,2368,0,0,0
17,298,District - East Khasi Hills (06),Rural,0-9,132232,66843,65389,132232,66843,65389,0,0,0,0,0,0,0,0,0,0,0,0,0,0,0
17,298,District - East Khasi Hills (06),Rural,10-14,60665,30514,30151,59851,30267,29584,727,218,509,29,8,21,45,16,29,13,5,8,0,0,0
17,298,District - East Khasi Hills (06),Rural,15-19,47589,24012,23577,43085,23232,19853,4115,715,3400,80,27,53,266,34,232,43,4,39,0,0,0
17,298,District - East Khasi Hills (06),Rural,20-24,43231,21040,22191,23159,14096,9063,18429,6596,11833,181,34,147,1221,276,945,241,38,203,0,0,0
17,298,District - East Khasi Hills (06),Rural,25-29,38019,18960,19059,9883,6300,3583,25922,12100,13822,359,74,285,1483,414,1069,372,72,300,0,0,0
17,298,District - East Khasi Hills (06),Rural,30-34,28998,14474,14524,4118,2579,1539,22772,11303,11469,511,120,391,1238,385,853,359,87,272,0,0,0
17,298,District - East Khasi Hills (06),Rural,35-39,26360,13262,13098,2249,1482,767,21546,11140,10406,922,176,746,1228,373,855,415,91,324,0,0,0
17,298,District - East Khasi Hills (06),Rural,40-44,21020,10509,10511,1345,912,433,16844,8891,7953,1294,246,1048,1130,354,776,407,106,301,0,0,0
17,298,District - East Khasi Hills (06),Rural,45-49,17430,8779,8651,868,580,288,13525,7462,6063,1755,315,1440,925,331,594,357,91,266,0,0,0
17,298,District - East Khasi Hills (06),Rural,50-54,12538,6176,6362,500,319,181,9021,5199,3822,2026,332,1694,702,242,460,289,84,205,0,0,0
17,298,District - East Khasi Hills (06),Rural,55-59,8382,4007,4375,309,200,109,5636,3253,2383,1760,314,1446,461,180,281,216,60,156,0,0,0
17,298,District - East Khasi Hills (06),Rural,60-64,7621,3525,4096,355,226,129,4502,2694,1808,2174,378,1796,409,168,241,181,59,122,0,0,0
17,298,District - East Khasi Hills (06),Rural,65-69,5464,2327,3137,267,147,120,2828,1697,1131,2013,335,1678,251,116,135,105,32,73,0,0,0
17,298,District - East Khasi Hills (06),Rural,70-74,4116,1748,2368,156,87,69,1842,1207,635,1846,327,1519,193,101,92,79,26,53,0,0,0
17,298,District - East Khasi Hills (06),Rural,75-79,2237,828,1409,74,40,34,838,536,302,1206,185,1021,82,51,31,37,16,21,0,0,0
17,298,District - East Khasi Hills (06),Rural,80+,2856,1019,1837,185,104,81,912,584,328,1667,296,1371,64,28,36,28,7,21,0,0,0
17,298,District - East Khasi Hills (06),Rural,Age not stated,683,386,297,337,197,140,283,168,115,38,9,29,18,9,9,7,3,4,0,0,0
17,298,District - East Khasi Hills (06),Rural,Less than 18,222814,112505,110309,220456,111965,108491,2123,482,1641,81,23,58,130,29,101,24,6,18,0,0,0
17,298,District - East Khasi Hills (06),Rural,Less than 21,250359,126158,124201,241847,124332,117515,7775,1686,6089,131,42,89,512,84,428,94,14,80,0,0,0
17,298,District - East Khasi Hills (06),Urban,All ages,366481,182340,184141,204847,108327,96520,137530,70482,67048,17454,1891,15563,5709,1431,4278,941,209,732,0,0,0
17,298,District - East Khasi Hills (06),Urban,0-9,62970,32417,30553,62970,32417,30553,0,0,0,0,0,0,0,0,0,0,0,0,0,0,0
17,298,District - East Khasi Hills (06),Urban,10-14,37818,19069,18749,37343,18890,18453,416,159,257,29,9,20,28,10,18,2,1,1,0,0,0
17,298,District - East Khasi Hills (06),Urban,15-19,42597,21343,21254,40370,20834,19536,2097,474,1623,38,11,27,89,22,67,3,2,1,0,0,0
17,298,District - East Khasi Hills (06),Urban,20-24,42973,21723,21250,31463,18073,13390,10875,3554,7321,112,7,105,476,83,393,47,6,41,0,0,0
17,298,District - East Khasi Hills (06),Urban,25-29,37867,18613,19254,16475,9609,6866,20200,8753,11447,309,45,264,790,189,601,93,17,76,0,0,0
17,298,District - East Khasi Hills (06),Urban,30-34,30713,15314,15399,7155,4119,3036,22032,10898,11134,531,48,483,856,215,641,139,34,105,0,0,0
17,298,District - East Khasi Hills (06),Urban,35-39,27288,13193,14095,3423,1831,1592,21762,11029,10733,1054,87,967,902,212,690,147,34,113,0,0,0
17,298,District - East Khasi Hills (06),Urban,40-44,22302,11143,11159,1816,897,919,18016,9886,8130,1529,116,1413,802,212,590,139,32,107,0,0,0
17,298,District - East Khasi Hills (06),Urban,45-49,18317,9247,9070,1108,522,586,14487,8368,6119,1986,165,1821,622,174,448,114,18,96,0,0,0
17,298,District - East Khasi Hills (06),Urban,50-54,14029,6928,7101,819,345,474,10442,6241,4201,2219,203,2016,449,116,333,100,23,77,0,0,0
17,298,District - East Khasi Hills (06),Urban,55-59,9546,4742,4804,515,198,317,6818,4278,2540,1873,186,1687,280,66,214,60,14,46,0,0,0
17,298,District - East Khasi Hills (06),Urban,60-64,7268,3436,3832,431,170,261,4587,2975,1612,2028,227,1801,188,54,134,34,10,24,0,0,0
17,298,District - East Khasi Hills (06),Urban,65-69,4548,1993,2555,334,140,194,2464,1618,846,1612,187,1425,107,37,70,31,11,20,0,0,0
17,298,District - East Khasi Hills (06),Urban,70-74,3299,1339,1960,207,77,130,1552,1036,516,1478,203,1275,46,21,25,16,2,14,0,0,0
17,298,District - East Khasi Hills (06),Urban,75-79,2102,795,1307,92,36,56,847,586,261,1128,162,966,30,10,20,5,1,4,0,0,0
17,298,District - East Khasi Hills (06),Urban,80+,2570,909,1661,208,102,106,821,564,257,1492,230,1262,38,9,29,11,4,7,0,0,0
17,298,District - East Khasi Hills (06),Urban,Age not stated,274,136,138,118,67,51,114,63,51,36,5,31,6,1,5,0,0,0,0,0,0
17,298,District - East Khasi Hills (06),Urban,Less than 18,125611,63621,61990,124324,63240,61084,1192,350,842,49,14,35,44,16,28,2,1,1,0,0,0
17,298,District - East Khasi Hills (06),Urban,Less than 21,153170,77883,75287,148771,76772,71999,4121,1049,3072,89,21,68,181,38,143,8,3,5,0,0,0
17,299,District - Jaintia Hills (07),Total,All ages,395124,196285,198839,244231,129206,115025,128328,61745,66583,11082,1862,9220,8937,2781,6156,2546,691,1855,0,0,0
17,299,District - Jaintia Hills (07),Total,0-9,124948,63067,61881,124948,63067,61881,0,0,0,0,0,0,0,0,0,0,0,0,0,0,0
17,299,District - Jaintia Hills (07),Total,10-14,53911,26768,27143,52911,26482,26429,903,251,652,24,9,15,64,24,40,9,2,7,0,0,0
17,299,District - Jaintia Hills (07),Total,15-19,43760,21791,21969,37650,20686,16964,5519,998,4521,64,13,51,460,82,378,67,12,55,0,0,0
17,299,District - Jaintia Hills (07),Total,20-24,37214,18059,19155,16992,11030,5962,18342,6579,11763,195,41,154,1409,366,1043,276,43,233,0,0,0
17,299,District - Jaintia Hills (07),Total,25-29,31264,15666,15598,6044,4167,1877,23182,10900,12282,283,60,223,1449,457,992,306,82,224,0,0,0
17,299,District - Jaintia Hills (07),Total,30-34,22735,11510,11225,2250,1522,728,18753,9509,9244,401,81,320,1070,329,741,261,69,192,0,0,0
17,299,District - Jaintia Hills (07),Total,35-39,20559,10424,10135,1122,805,317,17500,9063,8437,602,124,478,1040,349,691,295,83,212,0,0,0
17,299,District - Jaintia Hills (07),Total,40-44,16299,8230,8069,640,450,190,13553,7240,6313,845,161,684,945,287,658,316,92,224,0,0,0
17,299,District - Jaintia Hills (07),Total,45-49,13341,6610,6731,382,260,122,10746,5828,4918,1141,209,932,791,240,551,281,73,208,0,0,0
17,299,District - Jaintia Hills (07),Total,50-54,9271,4563,4708,246,155,91,7006,3987,3019,1251,191,1060,548,173,375,220,57,163,0,0,0
17,299,District - Jaintia Hills (07),Total,55-59,6213,2924,3289,136,77,59,4412,2477,1935,1141,165,976,378,148,230,146,57,89,0,0,0
17,299,District - Jaintia Hills (07),Total,60-64,5484,2435,3049,156,93,63,3508,2000,1508,1379,201,1178,321,104,217,120,37,83,0,0,0
17,299,District - Jaintia Hills (07),Total,65-69,3457,1508,1949,140,77,63,1957,1159,798,1076,157,919,188,84,104,96,31,65,0,0,0
17,299,District - Jaintia Hills (07),Total,70-74,2693,1120,1573,73,37,36,1301,808,493,1122,184,938,122,61,61,75,30,45,0,0,0
17,299,District - Jaintia Hills (07),Total,75-79,1422,525,897,29,14,15,657,380,277,651,103,548,51,16,35,34,12,22,0,0,0
17,299,District - Jaintia Hills (07),Total,80+,1822,681,1141,145,82,63,693,393,300,876,153,723,72,43,29,36,10,26,0,0,0
17,299,District - Jaintia Hills (07),Total,Age not stated,731,404,327,367,202,165,296,173,123,31,10,21,29,18,11,8,1,7,0,0,0
17,299,District - Jaintia Hills (07),Total,Less than 18,206414,103612,102802,203191,102910,100281,2934,632,2302,53,17,36,211,47,164,25,6,19,0,0,0
17,299,District - Jaintia Hills (07),Total,Less than 21,231262,115829,115433,220689,113440,107249,9535,2188,7347,118,27,91,793,156,637,127,18,109,0,0,0
17,299,District - Jaintia Hills (07),Rural,All ages,366694,182610,184084,227363,120500,106863,118606,56964,61642,9926,1797,8129,8331,2669,5662,2468,680,1788,0,0,0
17,299,District - Jaintia Hills (07),Rural,0-9,119357,60252,59105,119357,60252,59105,0,0,0,0,0,0,0,0,0,0,0,0,0,0,0
17,299,District - Jaintia Hills (07),Rural,10-14,50229,24921,25308,49280,24641,24639,853,245,608,24,9,15,63,24,39,9,2,7,0,0,0
17,299,District - Jaintia Hills (07),Rural,15-19,39835,19877,19958,34015,18823,15192,5247,949,4298,59,13,46,448,81,367,66,11,55,0,0,0
17,299,District - Jaintia Hills (07),Rural,20-24,34067,16526,17541,14845,9831,5014,17416,6251,11165,186,41,145,1352,361,991,268,42,226,0,0,0
17,299,District - Jaintia Hills (07),Rural,25-29,28585,14327,14258,5022,3571,1451,21622,10171,11451,264,59,205,1377,444,933,300,82,218,0,0,0
17,299,District - Jaintia Hills (07),Rural,30-34,20652,10515,10137,1860,1321,539,17178,8733,8445,368,78,290,992,315,677,254,68,186,0,0,0
17,299,District - Jaintia Hills (07),Rural,35-39,18756,9578,9178,957,725,232,16033,8324,7709,527,122,405,958,328,630,281,79,202,0,0,0
17,299,District - Jaintia Hills (07),Rural,40-44,14828,7558,7270,547,414,133,12387,6628,5759,739,157,582,848,268,580,307,91,216,0,0,0
17,299,District - Jaintia Hills (07),Rural,45-49,12118,6034,6084,321,232,89,9780,5299,4481,1020,204,816,723,226,497,274,73,201,0,0,0
17,299,District - Jaintia Hills (07),Rural,50-54,8350,4155,4195,201,141,60,6355,3612,2743,1088,178,910,496,168,328,210,56,154,0,0,0
17,299,District - Jaintia Hills (07),Rural,55-59,5586,2639,2947,119,74,45,3950,2211,1739,1025,157,868,350,142,208,142,55,87,0,0,0
17,299,District - Jaintia Hills (07),Rural,60-64,5016,2243,2773,137,86,51,3229,1831,1398,1242,191,1051,293,98,195,115,37,78,0,0,0
17,299,District - Jaintia Hills (07),Rural,65-69,3185,1409,1776,127,71,56,1818,1074,744,973,151,822,176,82,94,91,31,60,0,0,0
17,299,District - Jaintia Hills (07),Rural,70-74,2482,1058,1424,64,35,29,1209,753,456,1022,181,841,113,59,54,74,30,44,0,0,0
17,299,District - Jaintia Hills (07),Rural,75-79,1276,480,796,23,11,12,592,342,250,580,101,479,48,14,34,33,12,21,0,0,0
17,299,District - Jaintia Hills (07),Rural,80+,1659,645,1014,133,76,57,646,372,274,779,146,633,65,41,24,36,10,26,0,0,0
17,299,District - Jaintia Hills (07),Rural,Age not stated,713,393,320,355,196,159,291,169,122,30,9,21,29,18,11,8,1,7,0,0,0
17,299,District - Jaintia Hills (07),Rural,Less than 18,194696,97790,96906,191660,97117,94543,2755,603,2152,50,17,33,206,47,159,25,6,19,0,0,0
17,299,District - Jaintia Hills (07),Rural,Less than 21,217315,108878,108437,207233,106595,100638,9069,2084,6985,113,27,86,776,155,621,124,17,107,0,0,0
17,299,District - Jaintia Hills (07),Urban,All ages,28430,13675,14755,16868,8706,8162,9722,4781,4941,1156,65,1091,606,112,494,78,11,67,0,0,0
17,299,District - Jaintia Hills (07),Urban,0-9,5591,2815,2776,5591,2815,2776,0,0,0,0,0,0,0,0,0,0,0,0,0,0,0
17,299,District - Jaintia Hills (07),Urban,10-14,3682,1847,1835,3631,1841,1790,50,6,44,0,0,0,1,0,1,0,0,0,0,0,0
17,299,District - Jaintia Hills (07),Urban,15-19,3925,1914,2011,3635,1863,1772,272,49,223,5,0,5,12,1,11,1,1,0,0,0,0
17,299,District - Jaintia Hills (07),Urban,20-24,3147,1533,1614,2147,1199,948,926,328,598,9,0,9,57,5,52,8,1,7,0,0,0
17,299,District - Jaintia Hills (07),Urban,25-29,2679,1339,1340,1022,596,426,1560,729,831,19,1,18,72,13,59,6,0,6,0,0,0
17,299,District - Jaintia Hills (07),Urban,30-34,2083,995,1088,390,201,189,1575,776,799,33,3,30,78,14,64,7,1,6,0,0,0
17,299,District - Jaintia Hills (07),Urban,35-39,1803,846,957,165,80,85,1467,739,728,75,2,73,82,21,61,14,4,10,0,0,0
17,299,District - Jaintia Hills (07),Urban,40-44,1471,672,799,93,36,57,1166,612,554,106,4,102,97,19,78,9,1,8,0,0,0
17,299,District - Jaintia Hills (07),Urban,45-49,1223,576,647,61,28,33,966,529,437,121,5,116,68,14,54,7,0,7,0,0,0
17,299,District - Jaintia Hills (07),Urban,50-54,921,408,513,45,14,31,651,375,276,163,13,150,52,5,47,10,1,9,0,0,0
17,299,District - Jaintia Hills (07),Urban,55-59,627,285,342,17,3,14,462,266,196,116,8,108,28,6,22,4,2,2,0,0,0
17,299,District - Jaintia Hills (07),Urban,60-64,468,192,276,19,7,12,279,169,110,137,10,127,28,6,22,5,0,5,0,0,0
17,299,District - Jaintia Hills (07),Urban,65-69,272,99,173,13,6,7,139,85,54,103,6,97,12,2,10,5,0,5,0,0,0
17,299,District - Jaintia Hills (07),Urban,70-74,211,62,149,9,2,7,92,55,37,100,3,97,9,2,7,1,0,1,0,0,0
17,299,District - Jaintia Hills (07),Urban,75-79,146,45,101,6,3,3,65,38,27,71,2,69,3,2,1,1,0,1,0,0,0
17,299,District - Jaintia Hills (07),Urban,80+,163,36,127,12,6,6,47,21,26,97,7,90,7,2,5,0,0,0,0,0,0
17,299,District - Jaintia Hills (07),Urban,Age not stated,18,11,7,12,6,6,5,4,1,1,1,0,0,0,0,0,0,0,0,0,0
17,299,District - Jaintia Hills (07),Urban,Less than 18,11718,5822,5896,11531,5793,5738,179,29,150,3,0,3,5,0,5,0,0,0,0,0,0
17,299,District - Jaintia Hills (07),Urban,Less than 21,13947,6951,6996,13456,6845,6611,466,104,362,5,0,5,17,1,16,3,1,2,0,0,0
