state_code,district_code,area_name,region_type,age_group,total_persons,total_males,total_females,never_married_persons,never_married_males,never_married_females,currently_married_persons,currently_married_males,currently_married_females,widowed_persons,widowed_males,widowed_females,separated_persons,separated_males,separated_females,divorced_persons,divorced_males,divorced_females,unspecified_persons,unspecified_males,unspecified_females
15,000,State - MIZORAM (15),Total,All ages,1097206,555339,541867,599506,318194,281312,431768,217637,214131,36719,8150,28569,11613,4826,6787,17600,6532,11068,0,0,0
15,000,State - MIZORAM (15),Total,0-9,239021,121429,117592,239021,121429,117592,0,0,0,0,0,0,0,0,0,0,0,0,0,0,0
15,000,State - MIZORAM (15),Total,10-14,116981,59526,57455,115722,59104,56618,1139,378,761,43,12,31,48,22,26,29,10,19,0,0,0
15,000,State - MIZORAM (15),Total,15-19,110343,55907,54436,101650,54009,47641,8196,1784,6412,95,20,75,228,50,178,174,44,130,0,0,0
15,000,State - MIZORAM (15),Total,20-24,111708,55512,56196,67699,39399,28300,41025,15371,25654,483,96,387,1281,327,954,1220,319,901,0,0,0
15,000,State - MIZORAM (15),Total,25-29,102346,51390,50956,34645,20665,13980,62713,29178,33535,912,196,716,1945,661,1284,2131,690,1441,0,0,0
15,000,State - MIZORAM (15),Total,30-34,88374,44341,44033,17328,10206,7122,65276,32186,33090,1380,285,1095,1869,765,1104,2521,899,1622,0,0,0
15,000,State - MIZORAM (15),Total,35-39,72384,36817,35567,8402,4874,3528,58380,30015,28365,1826,374,1452,1482,673,809,2294,881,1413,0,0,0
15,000,State - MIZORAM (15),Total,40-44,58180,29970,28210,4516,2670,1846,47955,25432,22523,2445,472,1973,1213,576,637,2051,820,1231,0,0,0
15,000,State - MIZORAM (15),Total,45-49,53175,27028,26147,3239,1855,1384,43850,23419,20431,3202,563,2639,1015,476,539,1869,715,1154,0,0,0
15,000,State - MIZORAM (15),Total,50-54,44256,22556,21700,2303,1364,939,35692,19452,16240,3823,682,3141,792,398,394,1646,660,986,0,0,0
15,000,State - MIZORAM (15),Total,55-59,31177,16139,15038,1417,797,620,24434,14031,10403,3748,675,3073,535,248,287,1043,388,655,0,0,0
15,000,State - MIZORAM (15),Total,60-64,24480,12357,12123,1181,624,557,17839,10416,7423,4248,829,3419,374,177,197,838,311,527,0,0,0
15,000,State - MIZORAM (15),Total,65-69,16170,8114,8056,865,420,445,10836,6546,4290,3586,788,2798,283,132,151,600,228,372,0,0,0
15,000,State - MIZORAM (15),Total,70-74,12020,6108,5912,483,221,262,7269,4643,2626,3628,926,2702,192,110,82,448,208,240,0,0,0
15,000,State - MIZORAM (15),Total,75-79,7784,3884,3900,227,82,145,3972,2649,1323,3099,904,2195,160,92,68,326,157,169,0,0,0
15,000,State - MIZORAM (15),Total,80+,8174,3882,4292,405,214,191,3010,2030,980,4176,1325,2851,183,115,68,400,198,202,0,0,0
15,000,State - MIZORAM (15),Total,Age not stated,633,379,254,403,261,142,182,107,75,25,3,22,13,4,9,10,4,6,0,0,0
15,000,State - MIZORAM (15),Total,Less than 18,422294,214789,207505,418371,213815,204556,3663,893,2770,84,22,62,112,39,73,64,20,44,0,0,0
15,000,State - MIZORAM (15),Total,Less than 21,490885,249130,241755,474324,244834,229490,15522,4049,11473,199,44,155,478,109,369,362,94,268,0,0,0
15,000,State - MIZORAM (15),Rural,All ages,525435,269135,256300,289853,156210,133643,207899,103941,103958,16384,4274,12110,5035,2165,2870,6264,2545,3719,0,0,0
15,000,State - MIZORAM (15),Rural,0-9,131868,67150,64718,131868,67150,64718,0,0,0,0,0,0,0,0,0,0,0,0,0,0,0
15,000,State - MIZORAM (15),Rural,10-14,60088,30836,29252,59402,30603,28799,619,207,412,27,9,18,25,10,15,15,7,8,0,0,0
15,000,State - MIZORAM (15),Rural,15-19,50257,26000,24257,45164,24900,20264,4824,1046,3778,60,12,48,111,20,91,98,22,76,0,0,0
15,000,State - MIZORAM (15),Rural,20-24,50969,25314,25655,26425,16306,10119,23099,8647,14452,256,59,197,642,165,477,547,137,410,0,0,0
15,000,State - MIZORAM (15),Rural,25-29,46384,23442,22942,12155,7853,4302,32130,14948,17182,443,99,344,852,286,566,804,256,548,0,0,0
15,000,State - MIZORAM (15),Rural,30-34,38740,19801,18939,5709,3721,1988,30918,15356,15562,609,151,458,754,318,436,750,255,495,0,0,0
15,000,State - MIZORAM (15),Rural,35-39,31629,16461,15168,2833,1780,1053,26793,13943,12850,752,190,562,577,266,311,674,282,392,0,0,0
15,000,State - MIZORAM (15),Rural,40-44,24818,12925,11893,1679,1116,563,21087,11057,10030,978,238,740,463,238,225,611,276,335,0,0,0
15,000,State - MIZORAM (15),Rural,45-49,23045,11983,11062,1285,838,447,19529,10369,9160,1263,300,963,402,210,192,566,266,300,0,0,0
15,000,State - MIZORAM (15),Rural,50-54,20258,10538,9720,1004,637,367,16694,9074,7620,1656,390,1266,345,184,161,559,253,306,0,0,0
15,000,State - MIZORAM (15),Rural,55-59,14603,7770,6833,621,378,243,11749,6737,5012,1610,360,1250,244,117,127,379,178,201,0,0,0
15,000,State - MIZORAM (15),Rural,60-64,11736,6110,5626,594,324,270,8585,5050,3535,2001,484,1517,200,102,98,356,150,206,0,0,0
15,000,State - MIZORAM (15),Rural,65-69,7878,4105,3773,426,233,193,5299,3237,2062,1722,434,1288,141,72,69,290,129,161,0,0,0
15,000,State - MIZORAM (15),Rural,70-74,5572,2907,2665,247,121,126,3346,2126,1220,1663,475,1188,87,58,29,229,127,102,0,0,0
15,000,State - MIZORAM (15),Rural,75-79,3599,1876,1723,95,39,56,1813,1232,581,1431,457,974,84,50,34,176,98,78,0,0,0
15,000,State - MIZORAM (15),Rural,80+,3711,1763,1948,176,103,73,1325,869,456,1903,616,1287,98,66,32,209,109,100,0,0,0
15,000,State - MIZORAM (15),Rural,Age not stated,280,154,126,170,108,62,89,43,46,10,0,10,10,3,7,1,0,1,0,0,0
15,000,State - MIZORAM (15),Rural,Less than 18,222610,114067,108543,220496,113546,106950,1973,477,1496,52,15,37,55,16,39,34,13,21,0,0,0
15,000,State - MIZORAM (15),Rural,Less than 21,253593,129681,123912,243879,127165,116714,9157,2386,6771,115,29,86,246,49,197,196,52,144,0,0,0
15,000,State - MIZORAM (15),Urban,All ages,571771,286204,285567,309653,161984,147669,223869,113696,110173,20335,3876,16459,6578,2661,3917,11336,3987,7349,0,0,0
15,000,State - MIZORAM (15),Urban,0-9,107153,54279,52874,107153,54279,52874,0,0,0,0,0,0,0,0,0,0,0,0,0,0,0
15,000,State - MIZORAM (15),Urban,10-14,56893,28690,28203,56320,28501,27819,520,171,349,16,3,13,23,12,11,14,3,11,0,0,0
15,000,State - MIZORAM (15),Urban,15-19,60086,29907,30179,56486,29109,27377,3372,738,2634,35,8,27,117,30,87,76,22,54,0,0,0
15,000,State - MIZORAM (15),Urban,20-24,60739,30198,30541,41274,23093,18181,17926,6724,11202,227,37,190,639,162,477,673,182,491,0,0,0
15,000,State - MIZORAM (15),Urban,25-29,55962,27948,28014,22490,12812,9678,30583,14230,16353,469,97,372,1093,375,718,1327,434,893,0,0,0
15,000,State - MIZORAM (15),Urban,30-34,49634,24540,25094,11619,6485,5134,34358,16830,17528,771,134,637,1115,447,668,1771,644,1127,0,0,0
15,000,State - MIZORAM (15),Urban,35-39,40755,20356,20399,5569,3094,2475,31587,16072,15515,1074,184,890,905,407,498,1620,599,1021,0,0,0
15,000,State - MIZORAM (15),Urban,40-44,33362,17045,16317,2837,1554,1283,26868,14375,12493,1467,234,1233,750,338,412,1440,544,896,0,0,0
15,000,State - MIZORAM (15),Urban,45-49,30130,15045,15085,1954,1017,937,24321,13050,11271,1939,263,1676,613,266,347,1303,449,854,0,0,0
15,000,State - MIZORAM (15),Urban,50-54,23998,12018,11980,1299,727,572,18998,10378,8620,2167,292,1875,447,214,233,1087,407,680,0,0,0
15,000,State - MIZORAM (15),Urban,55-59,16574,8369,8205,796,419,377,12685,7294,5391,2138,315,1823,291,131,160,664,210,454,0,0,0
15,000,State - MIZORAM (15),Urban,60-64,12744,6247,6497,587,300,287,9254,5366,3888,2247,345,1902,174,75,99,482,161,321,0,0,0
15,000,State - MIZORAM (15),Urban,65-69,8292,4009,4283,439,187,252,5537,3309,2228,1864,354,1510,142,60,82,310,99,211,0,0,0
15,000,State - MIZORAM (15),Urban,70-74,6448,3201,3247,236,100,136,3923,2517,1406,1965,451,1514,105,52,53,219,81,138,0,0,0
15,000,State - MIZORAM (15),Urban,75-79,4185,2008,2177,132,43,89,2159,1417,742,1668,447,1221,76,42,34,150,59,91,0,0,0
15,000,State - MIZORAM (15),Urban,80+,4463,2119,2344,229,111,118,1685,1161,524,2273,709,1564,85,49,36,191,89,102,0,0,0
15,000,State - MIZORAM (15),Urban,Age not stated,353,225,128,233,153,80,93,64,29,15,3,12,3,1,2,9,4,5,0,0,0
15,000,State - MIZORAM (15),Urban,Less than 18,199684,100722,98962,197875,100269,97606,1690,416,1274,32,7,25,57,23,34,30,7,23,0,0,0
15,000,State - MIZORAM (15),Urban,Less than 21,237292,119449,117843,230445,117669,112776,6365,1663,4702,84,15,69,232,60,172,166,42,124,0,0,0
15,281,District - Mamit (01),Total,All ages,86364,44828,41536,47901,26105,21796,33980,17199,16781,2516,613,1903,865,414,451,1102,497,605,0,0,0
15,281,District - Mamit (01),Total,0-9,21621,10957,10664,21621,10957,10664,0,0,0,0,0,0,0,0,0,0,0,0,0,0,0
15,281,District - Mamit (01),Total,10-14,9713,5140,4573,9630,5112,4518,77,27,50,2,1,1,3,0,3,1,0,1,0,0,0
15,281,District - Mamit (01),Total,15-19,8328,4325,4003,7518,4184,3334,772,136,636,7,0,7,21,2,19,10,3,7,0,0,0
15,281,District - Mamit (01),Total,20-24,8241,4065,4176,4343,2657,1686,3699,1360,2339,27,6,21,97,24,73,75,18,57,0,0,0
15,281,District - Mamit (01),Total,25-29,8011,4077,3934,2154,1409,745,5514,2554,2960,75,19,56,148,49,99,120,46,74,0,0,0
15,281,District - Mamit (01),Total,30-34,6528,3348,3180,1038,676,362,5137,2553,2584,94,16,78,118,52,66,141,51,90,0,0,0
15,281,District - Mamit (01),Total,35-39,5485,2974,2511,530,359,171,4638,2504,2134,114,24,90,75,37,38,128,50,78,0,0,0
15,281,District - Mamit (01),Total,40-44,4281,2326,1955,309,226,83,3600,1953,1647,183,42,141,89,52,37,100,53,47,0,0,0
15,281,District - Mamit (01),Total,45-49,3788,2026,1762,220,158,62,3130,1698,1432,241,56,185,93,54,39,104,60,44,0,0,0
15,281,District - Mamit (01),Total,50-54,3227,1773,1454,177,131,46,2647,1495,1152,248,56,192,64,42,22,91,49,42,0,0,0
15,281,District - Mamit (01),Total,55-59,2320,1244,1076,108,78,30,1849,1059,790,247,49,198,46,26,20,70,32,38,0,0,0
15,281,District - Mamit (01),Total,60-64,1780,985,795,103,68,35,1279,789,490,289,72,217,33,24,9,76,32,44,0,0,0
15,281,District - Mamit (01),Total,65-69,1117,607,510,52,31,21,725,461,264,252,67,185,27,17,10,61,31,30,0,0,0
15,281,District - Mamit (01),Total,70-74,808,411,397,32,21,11,475,302,173,246,56,190,13,9,4,42,23,19,0,0,0
15,281,District - Mamit (01),Total,75-79,498,269,229,11,8,3,240,174,66,198,57,141,19,13,6,30,17,13,0,0,0
15,281,District - Mamit (01),Total,80+,568,276,292,25,13,12,185,128,57,290,91,199,16,13,3,52,31,21,0,0,0
15,281,District - Mamit (01),Total,Age not stated,50,25,25,30,17,13,13,6,7,3,1,2,3,0,3,1,1,0,0,0,0
15,281,District - Mamit (01),Total,Less than 18,36426,18790,17636,36142,18729,17413,263,58,205,5,1,4,12,1,11,4,1,3,0,0,0
15,281,District - Mamit (01),Total,Less than 21,41561,21360,20201,40001,21006,18995,1483,339,1144,13,2,11,39,4,35,25,9,16,0,0,0
15,281,District - Mamit (01),Rural,All ages,71465,37135,34330,39828,21682,18146,28158,14228,13930,1950,480,1470,730,352,378,799,393,406,0,0,0
15,281,District - Mamit (01),Rural,0-9,18380,9307,9073,18380,9307,9073,0,0,0,0,0,0,0,0,0,0,0,0,0,0,0
15,281,District - Mamit (01),Rural,10-14,8162,4274,3888,8082,4247,3835,74,26,48,2,1,1,3,0,3,1,0,1,0,0,0
15,281,District - Mamit (01),Rural,15-19,6936,3603,3333,6231,3476,2755,671,122,549,7,0,7,19,2,17,8,3,5,0,0,0
15,281,District - Mamit (01),Rural,20-24,6775,3338,3437,3463,2138,1325,3154,1159,1995,20,5,15,82,20,62,56,16,40,0,0,0
15,281,District - Mamit (01),Rural,25-29,6574,3363,3211,1673,1134,539,4635,2139,2496,60,16,44,120,39,81,86,35,51,0,0,0
15,281,District - Mamit (01),Rural,30-34,5238,2725,2513,776,525,251,4206,2111,2095,64,10,54,99,44,55,93,35,58,0,0,0
15,281,District - Mamit (01),Rural,35-39,4474,2428,2046,399,266,133,3822,2072,1750,92,21,71,65,31,34,96,38,58,0,0,0
15,281,District - Mamit (01),Rural,40-44,3440,1869,1571,232,176,56,2926,1583,1343,132,27,105,78,45,33,72,38,34,0,0,0
15,281,District - Mamit (01),Rural,45-49,3035,1637,1398,164,120,44,2549,1377,1172,173,48,125,73,44,29,76,48,28,0,0,0
15,281,District - Mamit (01),Rural,50-54,2643,1444,1199,132,100,32,2200,1228,972,185,39,146,54,36,18,72,41,31,0,0,0
15,281,District - Mamit (01),Rural,55-59,1888,1024,864,86,63,23,1524,876,648,195,40,155,36,21,15,47,24,23,0,0,0
15,281,District - Mamit (01),Rural,60-64,1491,843,648,89,62,27,1081,677,404,236,58,178,29,21,8,56,25,31,0,0,0
15,281,District - Mamit (01),Rural,65-69,905,499,406,45,26,19,594,377,217,200,52,148,25,16,9,41,28,13,0,0,0
15,281,District - Mamit (01),Rural,70-74,643,332,311,26,17,9,375,241,134,200,46,154,12,9,3,30,19,11,0,0,0
15,281,District - Mamit (01),Rural,75-79,399,218,181,9,6,3,193,138,55,160,49,111,16,11,5,21,14,7,0,0,0
15,281,District - Mamit (01),Rural,80+,440,214,226,16,7,9,142,97,45,222,68,154,16,13,3,44,29,15,0,0,0
15,281,District - Mamit (01),Rural,Age not stated,42,17,25,25,12,13,12,5,7,2,0,2,3,0,3,0,0,0,0,0,0
15,281,District - Mamit (01),Rural,Less than 18,30784,15815,14969,30527,15758,14769,237,54,183,5,1,4,12,1,11,3,1,2,0,0,0
15,281,District - Mamit (01),Rural,Less than 21,35064,17964,17100,33692,17648,16044,1304,302,1002,12,2,10,36,4,32,20,8,12,0,0,0
15,281,District - Mamit (01),Urban,All ages,14899,7693,7206,8073,4423,3650,5822,2971,2851,566,133,433,135,62,73,303,104,199,0,0,0
15,281,District - Mamit (01),Urban,0-9,3241,1650,1591,3241,1650,1591,0,0,0,0,0,0,0,0,0,0,0,0,0,0,0
15,281,District - Mamit (01),Urban,10-14,1551,866,685,1548,865,683,3,1,2,0,0,0,0,0,0,0,0,0,0,0,0
15,281,District - Mamit (01),Urban,15-19,1392,722,670,1287,708,579,101,14,87,0,0,0,2,0,2,2,0,2,0,0,0
15,281,District - Mamit (01),Urban,20-24,1466,727,739,880,519,361,545,201,344,7,1,6,15,4,11,19,2,17,0,0,0
15,281,District - Mamit (01),Urban,25-29,1437,714,723,481,275,206,879,415,464,15,3,12,28,10,18,34,11,23,0,0,0
15,281,District - Mamit (01),Urban,30-34,1290,623,667,262,151,111,931,442,489,30,6,24,19,8,11,48,16,32,0,0,0
15,281,District - Mamit (01),Urban,35-39,1011,546,465,131,93,38,816,432,384,22,3,19,10,6,4,32,12,20,0,0,0
15,281,District - Mamit (01),Urban,40-44,841,457,384,77,50,27,674,370,304,51,15,36,11,7,4,28,15,13,0,0,0
15,281,District - Mamit (01),Urban,45-49,753,389,364,56,38,18,581,321,260,68,8,60,20,10,10,28,12,16,0,0,0
15,281,District - Mamit (01),Urban,50-54,584,329,255,45,31,14,447,267,180,63,17,46,10,6,4,19,8,11,0,0,0
15,281,District - Mamit (01),Urban,55-59,432,220,212,22,15,7,325,183,142,52,9,43,10,5,5,23,8,15,0,0,0
15,281,District - Mamit (01),Urban,60-64,289,142,147,14,6,8,198,112,86,53,14,39,4,3,1,20,7,13,0,0,0
15,281,District - Mamit (01),Urban,65-69,212,108,104,7,5,2,131,84,47,52,15,37,2,1,1,20,3,17,0,0,0
15,281,District - Mamit (01),Urban,70-74,165,79,86,6,4,2,100,61,39,46,10,36,1,0,1,12,4,8,0,0,0
15,281,District - Mamit (01),Urban,75-79,99,51,48,2,2,0,47,36,11,38,8,30,3,2,1,9,3,6,0,0,0
15,281,District - Mamit (01),Urban,80+,128,62,66,9,6,3,43,31,12,68,23,45,0,0,0,8,2,6,0,0,0
15,281,District - Mamit (01),Urban,Age not stated,8,8,0,5,5,0,1,1,0,1,1,0,0,0,0,1,1,0,0,0,0
15,281,District - Mamit (01),Urban,Less than 18,5642,2975,2667,5615,2971,2644,26,4,22,0,0,0,0,0,0,1,0,1,0,0,0
15,281,District - Mamit (01),Urban,Less than 21,6497,3396,3101,6309,3358,2951,179,37,142,1,0,1,3,0,3,5,1,4,0,0,0
15,282,District - Kolasib (02),Total,All ages,83955,42918,41037,45572,24363,21209,33081,16870,16211,2788,583,2205,972,447,525,1542,655,887,0,0,0
15,282,District - Kolasib (02),Total,0-9,18994,9648,9346,18994,9648,9346,0,0,0,0,0,0,0,0,0,0,0,0,0,0,0
15,282,District - Kolasib (02),Total,10-14,9029,4559,4470,8914,4518,4396,104,36,68,5,1,4,3,3,0,3,1,2,0,0,0
15,282,District - Kolasib (02),Total,15-19,8104,4078,4026,7437,3933,3504,630,132,498,10,4,6,17,5,12,10,4,6,0,0,0
15,282,District - Kolasib (02),Total,20-24,8232,4111,4121,4819,2872,1947,3180,1177,2003,35,8,27,102,26,76,96,28,68,0,0,0
15,282,District - Kolasib (02),Total,25-29,7788,4012,3776,2518,1586,932,4889,2319,2570,52,9,43,166,55,111,163,43,120,0,0,0
15,282,District - Kolasib (02),Total,30-34,6748,3454,3294,1193,712,481,5090,2573,2517,109,21,88,150,71,79,206,77,129,0,0,0
15,282,District - Kolasib (02),Total,35-39,5534,2864,2670,592,371,221,4494,2329,2165,134,22,112,112,52,60,202,90,112,0,0,0
15,282,District - Kolasib (02),Total,40-44,4298,2263,2035,294,188,106,3539,1891,1648,184,41,143,107,56,51,174,87,87,0,0,0
15,282,District - Kolasib (02),Total,45-49,3996,2110,1886,219,148,71,3254,1809,1445,265,41,224,86,40,46,172,72,100,0,0,0
15,282,District - Kolasib (02),Total,50-54,3441,1762,1679,202,150,52,2706,1444,1262,308,48,260,76,46,30,149,74,75,0,0,0
15,282,District - Kolasib (02),Total,55-59,2458,1289,1169,141,88,53,1892,1085,807,275,41,234,39,24,15,111,51,60,0,0,0
15,282,District - Kolasib (02),Total,60-64,1892,963,929,87,53,34,1342,796,546,366,64,302,29,18,11,68,32,36,0,0,0
15,282,District - Kolasib (02),Total,65-69,1178,616,562,51,31,20,811,506,305,234,45,189,27,12,15,55,22,33,0,0,0
15,282,District - Kolasib (02),Total,70-74,941,502,439,29,16,13,568,372,196,272,71,201,22,14,8,50,29,21,0,0,0
15,282,District - Kolasib (02),Total,75-79,593,323,270,13,7,6,311,207,104,222,77,145,9,8,1,38,24,14,0,0,0
15,282,District - Kolasib (02),Total,80+,664,328,336,33,19,14,252,182,70,311,90,221,24,16,8,44,21,23,0,0,0
15,282,District - Kolasib (02),Total,Age not stated,65,36,29,36,23,13,19,12,7,6,0,6,3,1,2,1,0,1,0,0,0
15,282,District - Kolasib (02),Total,Less than 18,33016,16759,16257,32682,16668,16014,312,80,232,7,3,4,11,6,5,4,2,2,0,0,0
15,282,District - Kolasib (02),Total,Less than 21,37945,19193,18752,36621,18854,17767,1245,314,931,18,6,12,39,11,28,22,8,14,0,0,0
15,282,District - Kolasib (02),Rural,All ages,37077,19097,17980,20472,11098,9374,14502,7253,7249,1110,267,843,377,192,185,616,287,329,0,0,0
15,282,District - Kolasib (02),Rural,0-9,9313,4762,4551,9313,4762,4551,0,0,0,0,0,0,0,0,0,0,0,0,0,0,0
15,282,District - Kolasib (02),Rural,10-14,4102,2085,2017,4048,2064,1984,48,18,30,3,0,3,2,2,0,1,1,0,0,0,0
15,282,District - Kolasib (02),Rural,15-19,3518,1794,1724,3174,1720,1454,328,70,258,3,0,3,6,2,4,7,2,5,0,0,0
15,282,District - Kolasib (02),Rural,20-24,3498,1723,1775,1848,1159,689,1555,540,1015,14,4,10,44,10,34,37,10,27,0,0,0
15,282,District - Kolasib (02),Rural,25-29,3278,1706,1572,921,622,299,2213,1039,1174,23,3,20,63,27,36,58,15,43,0,0,0
15,282,District - Kolasib (02),Rural,30-34,2752,1381,1371,437,274,163,2145,1049,1096,39,5,34,61,28,33,70,25,45,0,0,0
15,282,District - Kolasib (02),Rural,35-39,2391,1238,1153,237,170,67,1987,995,992,52,10,42,40,22,18,75,41,34,0,0,0
15,282,District - Kolasib (02),Rural,40-44,1707,926,781,124,80,44,1422,770,652,62,20,42,38,23,15,61,33,28,0,0,0
15,282,District - Kolasib (02),Rural,45-49,1655,903,752,97,69,28,1370,775,595,101,18,83,37,20,17,50,21,29,0,0,0
15,282,District - Kolasib (02),Rural,50-54,1487,751,736,90,65,25,1183,616,567,127,23,104,24,15,9,63,32,31,0,0,0
15,282,District - Kolasib (02),Rural,55-59,1050,584,466,58,35,23,824,488,336,98,18,80,17,10,7,53,33,20,0,0,0
15,282,District - Kolasib (02),Rural,60-64,833,423,410,38,23,15,597,340,257,153,35,118,15,11,4,30,14,16,0,0,0
15,282,District - Kolasib (02),Rural,65-69,534,293,241,22,15,7,367,231,136,100,24,76,12,7,5,33,16,17,0,0,0
15,282,District - Kolasib (02),Rural,70-74,403,227,176,19,11,8,235,160,75,111,31,80,5,5,0,33,20,13,0,0,0
15,282,District - Kolasib (02),Rural,75-79,249,140,109,8,4,4,122,86,36,92,33,59,4,4,0,23,13,10,0,0,0
15,282,District - Kolasib (02),Rural,80+,276,143,133,20,13,7,98,71,27,129,43,86,7,5,2,22,11,11,0,0,0
15,282,District - Kolasib (02),Rural,Age not stated,31,18,13,18,12,6,8,5,3,3,0,3,2,1,1,0,0,0,0,0,0
15,282,District - Kolasib (02),Rural,Less than 18,15614,7985,7629,15452,7939,7513,153,41,112,3,0,3,5,4,1,1,1,0,0,0,0
15,282,District - Kolasib (02),Rural,Less than 21,17725,9036,8689,17047,8868,8179,643,159,484,6,0,6,16,4,12,13,5,8,0,0,0
15,282,District - Kolasib (02),Urban,All ages,46878,23821,23057,25100,13265,11835,18579,9617,8962,1678,316,1362,595,255,340,926,368,558,0,0,0
15,282,District - Kolasib (02),Urban,0-9,9681,4886,4795,9681,4886,4795,0,0,0,0,0,0,0,0,0,0,0,0,0,0,0
15,282,District - Kolasib (02),Urban,10-14,4927,2474,2453,4866,2454,2412,56,18,38,2,1,1,1,1,0,2,0,2,0,0,0
15,282,District - Kolasib (02),Urban,15-19,4586,2284,2302,4263,2213,2050,302,62,240,7,4,3,11,3,8,3,2,1,0,0,0
15,282,District - Kolasib (02),Urban,20-24,4734,2388,2346,2971,1713,1258,1625,637,988,21,4,17,58,16,42,59,18,41,0,0,0
15,282,District - Kolasib (02),Urban,25-29,4510,2306,2204,1597,964,633,2676,1280,1396,29,6,23,103,28,75,105,28,77,0,0,0
15,282,District - Kolasib (02),Urban,30-34,3996,2073,1923,756,438,318,2945,1524,1421,70,16,54,89,43,46,136,52,84,0,0,0
15,282,District - Kolasib (02),Urban,35-39,3143,1626,1517,355,201,154,2507,1334,1173,82,12,70,72,30,42,127,49,78,0,0,0
15,282,District - Kolasib (02),Urban,40-44,2591,1337,1254,170,108,62,2117,1121,996,122,21,101,69,33,36,113,54,59,0,0,0
15,282,District - Kolasib (02),Urban,45-49,2341,1207,1134,122,79,43,1884,1034,850,164,23,141,49,20,29,122,51,71,0,0,0
15,282,District - Kolasib (02),Urban,50-54,1954,1011,943,112,85,27,1523,828,695,181,25,156,52,31,21,86,42,44,0,0,0
15,282,District - Kolasib (02),Urban,55-59,1408,705,703,83,53,30,1068,597,471,177,23,154,22,14,8,58,18,40,0,0,0
15,282,District - Kolasib (02),Urban,60-64,1059,540,519,49,30,19,745,456,289,213,29,184,14,7,7,38,18,20,0,0,0
15,282,District - Kolasib (02),Urban,65-69,644,323,321,29,16,13,444,275,169,134,21,113,15,5,10,22,6,16,0,0,0
15,282,District - Kolasib (02),Urban,70-74,538,275,263,10,5,5,333,212,121,161,40,121,17,9,8,17,9,8,0,0,0
15,282,District - Kolasib (02),Urban,75-79,344,183,161,5,3,2,189,121,68,130,44,86,5,4,1,15,11,4,0,0,0
15,282,District - Kolasib (02),Urban,80+,388,185,203,13,6,7,154,111,43,182,47,135,17,11,6,22,10,12,0,0,0
15,282,District - Kolasib (02),Urban,Age not stated,34,18,16,18,11,7,11,7,4,3,0,3,1,0,1,1,0,1,0,0,0
15,282,District - Kolasib (02),Urban,Less than 18,17402,8774,8628,17230,8729,8501,159,39,120,4,3,1,6,2,4,3,1,2,0,0,0
15,282,District - Kolasib (02),Urban,Less than 21,20220,10157,10063,19574,9986,9588,602,155,447,12,6,6,23,7,16,9,3,6,0,0,0
15,283,District - Aizawl (03),Total,All ages,400309,199270,201039,216015,112838,103177,156953,78838,78115,14633,2826,11807,4802,1929,2873,7906,2839,5067,0,0,0
15,283,District - Aizawl (03),Total,0-9,74544,37609,36935,74544,37609,36935,0,0,0,0,0,0,0,0,0,0,0,0,0,0,0
15,283,District - Aizawl (03),Total,10-14,38075,19167,18908,37723,19056,18667,308,94,214,11,3,8,20,11,9,13,3,10,0,0,0
15,283,District - Aizawl (03),Total,15-19,41116,20608,20508,38791,20093,18698,2169,477,1692,22,3,19,82,22,60,52,13,39,0,0,0
15,283,District - Aizawl (03),Total,20-24,42733,21187,21546,29518,16454,13064,12120,4448,7672,153,25,128,471,122,349,471,138,333,0,0,0
15,283,District - Aizawl (03),Total,25-29,39424,19518,19906,16247,9190,7057,21090,9659,11431,345,63,282,788,274,514,954,332,622,0,0,0
15,283,District - Aizawl (03),Total,30-34,34857,17061,17796,8479,4700,3779,23766,11446,12320,542,101,441,849,351,498,1221,463,758,0,0,0
15,283,District - Aizawl (03),Total,35-39,28683,14225,14458,4066,2227,1839,22068,11129,10939,787,141,646,665,294,371,1097,434,663,0,0,0
15,283,District - Aizawl (03),Total,40-44,23151,11628,11523,2141,1160,981,18430,9693,8737,1020,162,858,525,239,286,1035,374,661,0,0,0
15,283,District - Aizawl (03),Total,45-49,21403,10478,10925,1454,754,700,17249,9037,8212,1310,180,1130,448,189,259,942,318,624,0,0,0
15,283,District - Aizawl (03),Total,50-54,17223,8522,8701,981,535,446,13672,7368,6304,1513,208,1305,332,148,184,725,263,462,0,0,0
15,283,District - Aizawl (03),Total,55-59,12118,6128,5990,612,328,284,9333,5343,3990,1521,226,1295,223,95,128,429,136,293,0,0,0
15,283,District - Aizawl (03),Total,60-64,9243,4520,4723,455,248,207,6737,3870,2867,1584,247,1337,126,46,80,341,109,232,0,0,0
15,283,District - Aizawl (03),Total,65-69,6208,3015,3193,357,164,193,4125,2464,1661,1404,264,1140,101,45,56,221,78,143,0,0,0
15,283,District - Aizawl (03),Total,70-74,4778,2363,2415,216,90,126,2944,1857,1087,1387,313,1074,68,36,32,163,67,96,0,0,0
15,283,District - Aizawl (03),Total,75-79,3172,1516,1656,105,35,70,1624,1061,563,1270,344,926,55,29,26,118,47,71,0,0,0
15,283,District - Aizawl (03),Total,80+,3350,1570,1780,166,83,83,1259,852,407,1759,546,1213,48,27,21,118,62,56,0,0,0
15,283,District - Aizawl (03),Total,Age not stated,231,155,76,160,112,48,59,40,19,5,0,5,1,1,0,6,2,4,0,0,0
15,283,District - Aizawl (03),Total,Less than 18,136728,68865,67863,135579,68592,66987,1065,247,818,22,5,17,42,17,25,20,4,16,0,0,0
15,283,District - Aizawl (03),Total,Less than 21,162949,81960,80989,158497,80817,77680,4118,1062,3056,49,6,43,169,46,123,116,29,87,0,0,0
15,283,District - Aizawl (03),Rural,All ages,85555,43780,41775,46106,24989,21117,34007,17045,16962,3159,785,2374,988,414,574,1295,547,748,0,0,0
15,283,District - Aizawl (03),Rural,0-9,18752,9533,9219,18752,9533,9219,0,0,0,0,0,0,0,0,0,0,0,0,0,0,0
15,283,District - Aizawl (03),Rural,10-14,8835,4537,4298,8760,4510,4250,60,21,39,6,1,5,6,4,2,3,1,2,0,0,0
15,283,District - Aizawl (03),Rural,15-19,7683,4035,3648,7167,3936,3231,475,92,383,8,0,8,14,4,10,19,3,16,0,0,0
15,283,District - Aizawl (03),Rural,20-24,7955,4075,3880,4994,3012,1982,2689,988,1701,40,7,33,125,36,89,107,32,75,0,0,0
15,283,District - Aizawl (03),Rural,25-29,7754,3866,3888,2713,1670,1043,4613,2062,2551,77,11,66,183,60,123,168,63,105,0,0,0
15,283,District - Aizawl (03),Rural,30-34,6863,3461,3402,1393,880,513,5017,2433,2584,123,24,99,155,62,93,175,62,113,0,0,0
15,283,District - Aizawl (03),Rural,35-39,5561,2857,2704,733,441,292,4406,2258,2148,159,36,123,129,58,71,134,64,70,0,0,0
15,283,District - Aizawl (03),Rural,40-44,4292,2234,2058,440,285,155,3462,1811,1651,178,46,132,81,40,41,131,52,79,0,0,0
15,283,District - Aizawl (03),Rural,45-49,4223,2171,2052,333,221,112,3467,1812,1655,215,36,179,75,38,37,133,64,69,0,0,0
15,283,District - Aizawl (03),Rural,50-54,3808,1945,1863,246,159,87,3085,1635,1450,289,61,228,79,38,41,109,52,57,0,0,0
15,283,District - Aizawl (03),Rural,55-59,2919,1521,1398,150,93,57,2372,1315,1057,289,64,225,44,21,23,64,28,36,0,0,0
15,283,District - Aizawl (03),Rural,60-64,2298,1186,1112,139,90,49,1700,980,720,361,77,284,36,15,21,62,24,38,0,0,0
15,283,District - Aizawl (03),Rural,65-69,1605,848,757,110,65,45,1101,666,435,325,81,244,20,10,10,49,26,23,0,0,0
15,283,District - Aizawl (03),Rural,70-74,1213,614,599,72,29,43,773,457,316,299,88,211,17,11,6,52,29,23,0,0,0
15,283,District - Aizawl (03),Rural,75-79,843,431,412,27,10,17,433,286,147,324,102,222,11,7,4,48,26,22,0,0,0
15,283,District - Aizawl (03),Rural,80+,897,430,467,40,26,14,338,222,116,466,151,315,13,10,3,40,21,19,0,0,0
15,283,District - Aizawl (03),Rural,Age not stated,54,36,18,37,29,8,16,7,9,0,0,0,0,0,0,1,0,1,0,0,0
15,283,District - Aizawl (03),Rural,Less than 18,32295,16564,15731,32066,16510,15556,207,47,160,8,1,7,9,4,5,5,2,3,0,0,0
15,283,District - Aizawl (03),Rural,Less than 21,36936,18966,17970,35950,18723,17227,896,222,674,16,1,15,39,13,26,35,7,28,0,0,0
15,283,District - Aizawl (03),Urban,All ages,314754,155490,159264,169909,87849,82060,122946,61793,61153,11474,2041,9433,3814,1515,2299,6611,2292,4319,0,0,0
15,283,District - Aizawl (03),Urban,0-9,55792,28076,27716,55792,28076,27716,0,0,0,0,0,0,0,0,0,0,0,0,0,0,0
15,283,District - Aizawl (03),Urban,10-14,29240,14630,14610,28963,14546,14417,248,73,175,5,2,3,14,7,7,10,2,8,0,0,0
15,283,District - Aizawl (03),Urban,15-19,33433,16573,16860,31624,16157,15467,1694,385,1309,14,3,11,68,18,50,33,10,23,0,0,0
15,283,District - Aizawl (03),Urban,20-24,34778,17112,17666,24524,13442,11082,9431,3460,5971,113,18,95,346,86,260,364,106,258,0,0,0
15,283,District - Aizawl (03),Urban,25-29,31670,15652,16018,13534,7520,6014,16477,7597,8880,268,52,216,605,214,391,786,269,517,0,0,0
15,283,District - Aizawl (03),Urban,30-34,27994,13600,14394,7086,3820,3266,18749,9013,9736,419,77,342,694,289,405,1046,401,645,0,0,0
15,283,District - Aizawl (03),Urban,35-39,23122,11368,11754,3333,1786,1547,17662,8871,8791,628,105,523,536,236,300,963,370,593,0,0,0
15,283,District - Aizawl (03),Urban,40-44,18859,9394,9465,1701,875,826,14968,7882,7086,842,116,726,444,199,245,904,322,582,0,0,0
15,283,District - Aizawl (03),Urban,45-49,17180,8307,8873,1121,533,588,13782,7225,6557,1095,144,951,373,151,222,809,254,555,0,0,0
15,283,District - Aizawl (03),Urban,50-54,13415,6577,6838,735,376,359,10587,5733,4854,1224,147,1077,253,110,143,616,211,405,0,0,0
15,283,District - Aizawl (03),Urban,55-59,9199,4607,4592,462,235,227,6961,4028,2933,1232,162,1070,179,74,105,365,108,257,0,0,0
15,283,District - Aizawl (03),Urban,60-64,6945,3334,3611,316,158,158,5037,2890,2147,1223,170,1053,90,31,59,279,85,194,0,0,0
15,283,District - Aizawl (03),Urban,65-69,4603,2167,2436,247,99,148,3024,1798,1226,1079,183,896,81,35,46,172,52,120,0,0,0
15,283,District - Aizawl (03),Urban,70-74,3565,1749,1816,144,61,83,2171,1400,771,1088,225,863,51,25,26,111,38,73,0,0,0
15,283,District - Aizawl (03),Urban,75-79,2329,1085,1244,78,25,53,1191,775,416,946,242,704,44,22,22,70,21,49,0,0,0
15,283,District - Aizawl (03),Urban,80+,2453,1140,1313,126,57,69,921,630,291,1293,395,898,35,17,18,78,41,37,0,0,0
15,283,District - Aizawl (03),Urban,Age not stated,177,119,58,123,83,40,43,33,10,5,0,5,1,1,0,5,2,3,0,0,0
15,283,District - Aizawl (03),Urban,Less than 18,104433,52301,52132,103513,52082,51431,858,200,658,14,4,10,33,13,20,15,2,13,0,0,0
15,283,District - Aizawl (03),Urban,Less than 21,126013,62994,63019,122547,62094,60453,3222,840,2382,33,5,28,130,33,97,81,22,59,0,0,0
15,284,District - Champhai (04),Total,All ages,125745,63388,62357,68796,36652,32144,48647,24221,24426,4151,929,3222,1822,737,1085,2329,849,1480,0,0,0
15,284,District - Champhai (04),Total,0-9,29352,14895,14457,29352,14895,14457,0,0,0,0,0,0,0,0,0,0,0,0,0,0,0
15,284,District - Champhai (04),Total,10-14,13755,6918,6837,13619,6878,6741,128,37,91,2,0,2,4,2,2,2,1,1,0,0,0
15,284,District - Champhai (04),Total,15-19,12405,6331,6074,11311,6119,5192,1007,189,818,13,4,9,38,8,30,36,11,25,0,0,0
15,284,District - Champhai (04),Total,20-24,11855,5935,5920,6805,4095,2710,4582,1724,2858,57,9,48,214,54,160,197,53,144,0,0,0
15,284,District - Champhai (04),Total,25-29,11411,5677,5734,3483,2167,1316,7151,3255,3896,116,29,87,329,126,203,332,100,232,0,0,0
15,284,District - Champhai (04),Total,30-34,9729,4807,4922,1621,1016,605,7341,3552,3789,170,36,134,272,100,172,325,103,222,0,0,0
15,284,District - Champhai (04),Total,35-39,7702,3862,3840,788,485,303,6224,3131,3093,204,43,161,219,100,119,267,103,164,0,0,0
15,284,District - Champhai (04),Total,40-44,6337,3226,3111,483,308,175,5178,2682,2496,277,57,220,165,73,92,234,106,128,0,0,0
15,284,District - Champhai (04),Total,45-49,5922,3022,2900,391,234,157,4824,2575,2249,327,56,271,153,76,77,227,81,146,0,0,0
15,284,District - Champhai (04),Total,50-54,5067,2579,2488,312,167,145,4031,2218,1813,412,69,343,104,42,62,208,83,125,0,0,0
15,284,District - Champhai (04),Total,55-59,3583,1796,1787,158,79,79,2808,1566,1242,406,65,341,88,39,49,123,47,76,0,0,0
15,284,District - Champhai (04),Total,60-64,2986,1488,1498,164,60,104,2175,1274,901,470,85,385,72,30,42,105,39,66,0,0,0
15,284,District - Champhai (04),Total,65-69,2106,1042,1064,120,54,66,1415,844,571,423,90,333,54,21,33,94,33,61,0,0,0
15,284,District - Champhai (04),Total,70-74,1503,794,709,60,24,36,906,588,318,441,130,311,31,15,16,65,37,28,0,0,0
15,284,District - Champhai (04),Total,75-79,988,505,483,29,6,23,502,339,163,372,115,257,36,21,15,49,24,25,0,0,0
15,284,District - Champhai (04),Total,80+,956,460,496,50,32,18,347,232,115,456,140,316,38,28,10,65,28,37,0,0,0
15,284,District - Champhai (04),Total,Age not stated,88,51,37,50,33,17,28,15,13,5,1,4,5,2,3,0,0,0,0,0,0
15,284,District - Champhai (04),Total,Less than 18,50817,25755,25062,50326,25661,24665,456,84,372,8,3,5,16,3,13,11,4,7,0,0,0
15,284,District - Champhai (04),Total,Less than 21,58040,29451,28589,56063,28963,27100,1817,451,1366,23,4,19,69,15,54,68,18,50,0,0,0
15,284,District - Champhai (04),Rural,All ages,77216,39110,38106,42429,22714,19715,29944,14911,15033,2439,569,1870,1272,502,770,1132,414,718,0,0,0
15,284,District - Champhai (04),Rural,0-9,18874,9567,9307,18874,9567,9307,0,0,0,0,0,0,0,0,0,0,0,0,0,0,0
15,284,District - Champhai (04),Rural,10-14,8698,4332,4366,8614,4313,4301,80,19,61,1,0,1,2,0,2,1,0,1,0,0,0
15,284,District - Champhai (04),Rural,15-19,7503,3874,3629,6767,3736,3031,683,126,557,8,4,4,25,5,20,20,3,17,0,0,0
15,284,District - Champhai (04),Rural,20-24,7151,3593,3558,3870,2398,1472,2971,1117,1854,35,6,29,167,44,123,108,28,80,0,0,0
15,284,District - Champhai (04),Rural,25-29,6852,3397,3455,1912,1230,682,4481,2022,2459,64,17,47,235,88,147,160,40,120,0,0,0
15,284,District - Champhai (04),Rural,30-34,5752,2887,2865,841,563,278,4497,2189,2308,99,27,72,198,74,124,117,34,83,0,0,0
15,284,District - Champhai (04),Rural,35-39,4640,2388,2252,434,276,158,3818,1974,1844,117,28,89,154,65,89,117,45,72,0,0,0
15,284,District - Champhai (04),Rural,40-44,3752,1936,1816,277,187,90,3107,1627,1480,158,32,126,100,45,55,110,45,65,0,0,0
15,284,District - Champhai (04),Rural,45-49,3493,1807,1686,228,144,84,2898,1541,1357,171,35,136,96,45,51,100,42,58,0,0,0
15,284,District - Champhai (04),Rural,50-54,3023,1547,1476,200,109,91,2414,1325,1089,239,44,195,71,30,41,99,39,60,0,0,0
15,284,District - Champhai (04),Rural,55-59,2243,1126,1117,102,56,46,1781,983,798,235,36,199,64,25,39,61,26,35,0,0,0
15,284,District - Champhai (04),Rural,60-64,1825,936,889,107,41,66,1319,788,531,288,60,228,48,21,27,63,26,37,0,0,0
15,284,District - Champhai (04),Rural,65-69,1302,643,659,86,38,48,841,510,331,270,56,214,40,14,26,65,25,40,0,0,0
15,284,District - Champhai (04),Rural,70-74,899,471,428,36,12,24,538,349,189,263,74,189,19,9,10,43,27,16,0,0,0
15,284,District - Champhai (04),Rural,75-79,602,318,284,16,4,12,305,208,97,225,71,154,26,17,9,30,18,12,0,0,0
15,284,District - Champhai (04),Rural,80+,536,250,286,25,15,10,188,122,66,262,79,183,23,18,5,38,16,22,0,0,0
15,284,District - Champhai (04),Rural,Age not stated,71,38,33,40,25,15,23,11,12,4,0,4,4,2,2,0,0,0,0,0,0
15,284,District - Champhai (04),Rural,Less than 18,32287,16334,15953,31945,16278,15667,321,52,269,5,3,2,10,0,10,6,1,5,0,0,0
15,284,District - Champhai (04),Rural,Less than 21,36639,18592,18047,35317,18268,17049,1227,304,923,12,4,8,47,10,37,36,6,30,0,0,0
15,284,District - Champhai (04),Urban,All ages,48529,24278,24251,26367,13938,12429,18703,9310,9393,1712,360,1352,550,235,315,1197,435,762,0,0,0
15,284,District - Champhai (04),Urban,0-9,10478,5328,5150,10478,5328,5150,0,0,0,0,0,0,0,0,0,0,0,0,0,0,0
15,284,District - Champhai (04),Urban,10-14,5057,2586,2471,5005,2565,2440,48,18,30,1,0,1,2,2,0,1,1,0,0,0,0
15,284,District - Champhai (04),Urban,15-19,4902,2457,2445,4544,2383,2161,324,63,261,5,0,5,13,3,10,16,8,8,0,0,0
15,284,District - Champhai (04),Urban,20-24,4704,2342,2362,2935,1697,1238,1611,607,1004,22,3,19,47,10,37,89,25,64,0,0,0
15,284,District - Champhai (04),Urban,25-29,4559,2280,2279,1571,937,634,2670,1233,1437,52,12,40,94,38,56,172,60,112,0,0,0
15,284,District - Champhai (04),Urban,30-34,3977,1920,2057,780,453,327,2844,1363,1481,71,9,62,74,26,48,208,69,139,0,0,0
15,284,District - Champhai (04),Urban,35-39,3062,1474,1588,354,209,145,2406,1157,1249,87,15,72,65,35,30,150,58,92,0,0,0
15,284,District - Champhai (04),Urban,40-44,2585,1290,1295,206,121,85,2071,1055,1016,119,25,94,65,28,37,124,61,63,0,0,0
15,284,District - Champhai (04),Urban,45-49,2429,1215,1214,163,90,73,1926,1034,892,156,21,135,57,31,26,127,39,88,0,0,0
15,284,District - Champhai (04),Urban,50-54,2044,1032,1012,112,58,54,1617,893,724,173,25,148,33,12,21,109,44,65,0,0,0
15,284,District - Champhai (04),Urban,55-59,1340,670,670,56,23,33,1027,583,444,171,29,142,24,14,10,62,21,41,0,0,0
15,284,District - Champhai (04),Urban,60-64,1161,552,609,57,19,38,856,486,370,182,25,157,24,9,15,42,13,29,0,0,0
15,284,District - Champhai (04),Urban,65-69,804,399,405,34,16,18,574,334,240,153,34,119,14,7,7,29,8,21,0,0,0
15,284,District - Champhai (04),Urban,70-74,604,323,281,24,12,12,368,239,129,178,56,122,12,6,6,22,10,12,0,0,0
15,284,District - Champhai (04),Urban,75-79,386,187,199,13,2,11,197,131,66,147,44,103,10,4,6,19,6,13,0,0,0
15,284,District - Champhai (04),Urban,80+,420,210,210,25,17,8,159,110,49,194,61,133,15,10,5,27,12,15,0,0,0
15,284,District - Champhai (04),Urban,Age not stated,17,13,4,10,8,2,5,4,1,1,1,0,1,0,1,0,0,0,0,0,0
15,284,District - Champhai (04),Urban,Less than 18,18530,9421,9109,18381,9383,8998,135,32,103,3,0,3,6,3,3,5,3,2,0,0,0
15,284,District - Champhai (04),Urban,Less than 21,21401,10859,10542,20746,10695,10051,590,147,443,11,0,11,22,5,17,32,12,20,0,0,0
15,285,District - Serchhip (05),Total,All ages,64937,32851,32086,36159,19045,17114,24769,12548,12221,2385,668,1717,701,270,431,923,320,603,0,0,0
15,285,District - Serchhip (05),Total,0-9,13399,6833,6566,13399,6833,6566,0,0,0,0,0,0,0,0,0,0,0,0,0,0,0
15,285,District - Serchhip (05),Total,10-14,7072,3486,3586,6991,3456,3535,72,27,45,4,1,3,3,0,3,2,2,0,0,0,0
15,285,District - Serchhip (05),Total,15-19,6634,3377,3257,6242,3295,2947,373,77,296,7,2,5,8,0,8,4,3,1,0,0,0
15,285,District - Serchhip (05),Total,20-24,6529,3357,3172,4255,2486,1769,2104,827,1277,28,7,21,80,22,58,62,15,47,0,0,0
15,285,District - Serchhip (05),Total,25-29,5934,3023,2911,2218,1291,927,3436,1649,1787,46,8,38,123,40,83,111,35,76,0,0,0
15,285,District - Serchhip (05),Total,30-34,5199,2581,2618,1194,672,522,3667,1797,1870,87,24,63,106,42,64,145,46,99,0,0,0
15,285,District - Serchhip (05),Total,35-39,4216,2074,2142,586,331,255,3327,1652,1675,88,19,69,83,27,56,132,45,87,0,0,0
15,285,District - Serchhip (05),Total,40-44,3260,1680,1580,347,198,149,2617,1393,1224,124,29,95,68,28,40,104,32,72,0,0,0
15,285,District - Serchhip (05),Total,45-49,3219,1648,1571,285,152,133,2596,1399,1197,197,42,155,53,23,30,88,32,56,0,0,0
15,285,District - Serchhip (05),Total,50-54,2712,1357,1355,187,99,88,2137,1141,996,248,56,192,41,20,21,99,41,58,0,0,0
15,285,District - Serchhip (05),Total,55-59,1979,990,989,125,65,60,1503,831,672,237,50,187,45,17,28,69,27,42,0,0,0
15,285,District - Serchhip (05),Total,60-64,1612,803,809,105,51,54,1185,663,522,256,62,194,25,12,13,41,15,26,0,0,0
15,285,District - Serchhip (05),Total,65-69,1196,604,592,84,41,43,801,472,329,267,74,193,18,10,8,26,7,19,0,0,0
15,285,District - Serchhip (05),Total,70-74,801,413,388,41,20,21,471,290,181,249,81,168,20,13,7,20,9,11,0,0,0
15,285,District - Serchhip (05),Total,75-79,577,304,273,22,10,12,283,197,86,245,81,164,15,8,7,12,8,4,0,0,0
15,285,District - Serchhip (05),Total,80+,527,284,243,27,18,9,178,124,54,301,131,170,13,8,5,8,3,5,0,0,0
15,285,District - Serchhip (05),Total,Age not stated,71,37,34,51,27,24,19,9,10,1,1,0,0,0,0,0,0,0,0,0,0
15,285,District - Serchhip (05),Total,Less than 18,24529,12377,12152,24304,12319,11985,211,53,158,7,2,5,3,0,3,4,3,1,0,0,0
15,285,District - Serchhip (05),Total,Less than 21,28510,14426,14084,27753,14222,13531,706,189,517,15,5,10,23,2,21,13,8,5,0,0,0
15,285,District - Serchhip (05),Rural,All ages,32918,16643,16275,18737,9965,8772,12186,6025,6161,1236,383,853,364,130,234,395,140,255,0,0,0
15,285,District - Serchhip (05),Rural,0-9,7367,3764,3603,7367,3764,3603,0,0,0,0,0,0,0,0,0,0,0,0,0,0,0
15,285,District - Serchhip (05),Rural,10-14,3584,1789,1795,3539,1774,1765,39,12,27,2,1,1,2,0,2,2,2,0,0,0,0
15,285,District - Serchhip (05),Rural,15-19,3304,1714,1590,3107,1673,1434,185,38,147,5,1,4,5,0,5,2,2,0,0,0,0
15,285,District - Serchhip (05),Rural,20-24,3359,1703,1656,2157,1268,889,1115,409,706,14,3,11,41,11,30,32,12,20,0,0,0
15,285,District - Serchhip (05),Rural,25-29,3017,1539,1478,1100,655,445,1772,843,929,24,5,19,63,19,44,58,17,41,0,0,0
15,285,District - Serchhip (05),Rural,30-34,2510,1254,1256,564,340,224,1779,850,929,48,17,31,59,29,30,60,18,42,0,0,0
15,285,District - Serchhip (05),Rural,35-39,1942,945,997,277,155,122,1541,752,789,35,9,26,40,9,31,49,20,29,0,0,0
15,285,District - Serchhip (05),Rural,40-44,1427,721,706,164,93,71,1123,580,543,61,18,43,37,16,21,42,14,28,0,0,0
15,285,District - Serchhip (05),Rural,45-49,1558,754,804,133,74,59,1262,633,629,99,26,73,24,9,15,40,12,28,0,0,0
15,285,District - Serchhip (05),Rural,50-54,1417,717,700,107,53,54,1120,597,523,124,38,86,22,9,13,44,20,24,0,0,0
15,285,District - Serchhip (05),Rural,55-59,1010,520,490,63,34,29,774,437,337,123,29,94,26,8,18,24,12,12,0,0,0
15,285,District - Serchhip (05),Rural,60-64,794,394,400,57,28,29,580,320,260,126,38,88,10,3,7,21,5,16,0,0,0
15,285,District - Serchhip (05),Rural,65-69,617,301,316,41,19,22,405,237,168,150,40,110,9,4,5,12,1,11,0,0,0
15,285,District - Serchhip (05),Rural,70-74,421,222,199,27,14,13,247,155,92,134,43,91,10,8,2,3,2,1,0,0,0
15,285,District - Serchhip (05),Rural,75-79,299,155,144,9,3,6,145,98,47,132,48,84,9,3,6,4,3,1,0,0,0
15,285,District - Serchhip (05),Rural,80+,284,146,138,21,14,7,95,63,32,159,67,92,7,2,5,2,0,2,0,0,0
15,285,District - Serchhip (05),Rural,Age not stated,8,5,3,4,4,0,4,1,3,0,0,0,0,0,0,0,0,0,0,0,0
15,285,District - Serchhip (05),Rural,Less than 18,12977,6611,6366,12866,6584,6282,102,23,79,5,2,3,2,0,2,2,2,0,0,0,0
15,285,District - Serchhip (05),Rural,Less than 21,15001,7643,7358,14605,7542,7063,365,90,275,8,3,5,14,1,13,9,7,2,0,0,0
15,285,District - Serchhip (05),Urban,All ages,32019,16208,15811,17422,9080,8342,12583,6523,6060,1149,285,864,337,140,197,528,180,348,0,0,0
15,285,District - Serchhip (05),Urban,0-9,6032,3069,2963,6032,3069,2963,0,0,0,0,0,0,0,0,0,0,0,0,0,0,0
15,285,District - Serchhip (05),Urban,10-14,3488,1697,1791,3452,1682,1770,33,15,18,2,0,2,1,0,1,0,0,0,0,0,0
15,285,District - Serchhip (05),Urban,15-19,3330,1663,1667,3135,1622,1513,188,39,149,2,1,1,3,0,3,2,1,1,0,0,0
15,285,District - Serchhip (05),Urban,20-24,3170,1654,1516,2098,1218,880,989,418,571,14,4,10,39,11,28,30,3,27,0,0,0
15,285,District - Serchhip (05),Urban,25-29,2917,1484,1433,1118,636,482,1664,806,858,22,3,19,60,21,39,53,18,35,0,0,0
15,285,District - Serchhip (05),Urban,30-34,2689,1327,1362,630,332,298,1888,947,941,39,7,32,47,13,34,85,28,57,0,0,0
15,285,District - Serchhip (05),Urban,35-39,2274,1129,1145,309,176,133,1786,900,886,53,10,43,43,18,25,83,25,58,0,0,0
15,285,District - Serchhip (05),Urban,40-44,1833,959,874,183,105,78,1494,813,681,63,11,52,31,12,19,62,18,44,0,0,0
15,285,District - Serchhip (05),Urban,45-49,1661,894,767,152,78,74,1334,766,568,98,16,82,29,14,15,48,20,28,0,0,0
15,285,District - Serchhip (05),Urban,50-54,1295,640,655,80,46,34,1017,544,473,124,18,106,19,11,8,55,21,34,0,0,0
15,285,District - Serchhip (05),Urban,55-59,969,470,499,62,31,31,729,394,335,114,21,93,19,9,10,45,15,30,0,0,0
15,285,District - Serchhip (05),Urban,60-64,818,409,409,48,23,25,605,343,262,130,24,106,15,9,6,20,10,10,0,0,0
15,285,District - Serchhip (05),Urban,65-69,579,303,276,43,22,21,396,235,161,117,34,83,9,6,3,14,6,8,0,0,0
15,285,District - Serchhip (05),Urban,70-74,380,191,189,14,6,8,224,135,89,115,38,77,10,5,5,17,7,10,0,0,0
15,285,District - Serchhip (05),Urban,75-79,278,149,129,13,7,6,138,99,39,113,33,80,6,5,1,8,5,3,0,0,0
15,285,District - Serchhip (05),Urban,80+,243,138,105,6,4,2,83,61,22,142,64,78,6,6,0,6,3,3,0,0,0
15,285,District - Serchhip (05),Urban,Age not stated,63,32,31,47,23,24,15,8,7,1,1,0,0,0,0,0,0,0,0,0,0
15,285,District - Serchhip (05),Urban,Less than 18,11552,5766,5786,11438,5735,5703,109,30,79,2,0,2,1,0,1,2,1,1,0,0,0
15,285,District - Serchhip (05),Urban,Less than 21,13509,6783,6726,13148,6680,6468,341,99,242,7,2,5,9,1,8,4,1,3,0,0,0
15,286,District - Lunglei (06),Total,All ages,161428,82891,78537,87328,46866,40462,65103,33223,31880,5233,1351,3882,1603,654,949,2161,797,1364,0,0,0
15,286,District - Lunglei (06),Total,0-9,36059,18382,17677,36059,18382,17677,0,0,0,0,0,0,0,0,0,0,0,0,0,0,0
15,286,District - Lunglei (06),Total,10-14,18105,9274,8831,17906,9200,8706,178,67,111,9,3,6,6,2,4,6,2,4,0,0,0
15,286,District - Lunglei (06),Total,15-19,15738,8028,7710,14382,7750,6632,1277,267,1010,14,1,13,38,7,31,27,3,24,0,0,0
15,286,District - Lunglei (06),Total,20-24,15847,7946,7901,9089,5462,3627,6364,2398,3966,60,14,46,188,44,144,146,28,118,0,0,0
15,286,District - Lunglei (06),Total,25-29,14501,7337,7164,4473,2778,1695,9423,4394,5029,113,25,88,251,74,177,241,66,175,0,0,0
15,286,District - Lunglei (06),Total,30-34,12726,6646,6080,2246,1451,795,9794,4980,4814,176,34,142,250,98,152,260,83,177,0,0,0
15,286,District - Lunglei (06),Total,35-39,10520,5499,5021,1105,634,471,8638,4591,4047,233,58,175,225,107,118,319,109,210,0,0,0
15,286,District - Lunglei (06),Total,40-44,8576,4567,4009,603,366,237,7274,3962,3312,294,61,233,177,89,88,228,89,139,0,0,0
15,286,District - Lunglei (06),Total,45-49,7868,4144,3724,435,268,167,6676,3641,3035,440,94,346,120,55,65,197,86,111,0,0,0
15,286,District - Lunglei (06),Total,50-54,6617,3437,3180,331,209,122,5431,2956,2475,522,117,405,110,64,46,223,91,132,0,0,0
15,286,District - Lunglei (06),Total,55-59,4652,2475,2177,198,116,82,3710,2150,1560,542,124,418,63,26,37,139,59,80,0,0,0
15,286,District - Lunglei (06),Total,60-64,3708,1880,1828,165,94,71,2733,1559,1174,632,140,492,55,28,27,123,59,64,0,0,0
15,286,District - Lunglei (06),Total,65-69,2387,1230,1157,132,64,68,1584,954,630,542,148,394,44,22,22,85,42,43,0,0,0
15,286,District - Lunglei (06),Total,70-74,1741,901,840,75,35,40,1047,677,370,538,158,380,22,11,11,59,20,39,0,0,0
15,286,District - Lunglei (06),Total,75-79,1128,555,573,35,12,23,541,351,190,484,155,329,23,12,11,45,25,20,0,0,0
15,286,District - Lunglei (06),Total,80+,1191,557,634,57,25,32,412,263,149,630,219,411,30,15,15,62,35,27,0,0,0
15,286,District - Lunglei (06),Total,Age not stated,64,33,31,37,20,17,21,13,8,4,0,4,1,0,1,1,0,1,0,0,0
15,286,District - Lunglei (06),Total,Less than 18,63763,32610,31153,63143,32446,30697,580,152,428,16,4,12,15,6,9,9,2,7,0,0,0
15,286,District - Lunglei (06),Total,Less than 21,73261,37374,35887,70731,36750,33981,2373,597,1776,27,6,21,77,13,64,53,8,45,0,0,0
15,286,District - Lunglei (06),Rural,All ages,92676,47577,45099,51221,27662,23559,36897,18350,18547,2834,846,1988,786,334,452,938,385,553,0,0,0
15,286,District - Lunglei (06),Rural,0-9,23830,12157,11673,23830,12157,11673,0,0,0,0,0,0,0,0,0,0,0,0,0,0,0
15,286,District - Lunglei (06),Rural,10-14,10879,5630,5249,10759,5578,5181,106,46,60,6,3,3,3,1,2,5,2,3,0,0,0
15,286,District - Lunglei (06),Rural,15-19,8661,4490,4171,7780,4317,3463,834,167,667,10,1,9,22,3,19,15,2,13,0,0,0
15,286,District - Lunglei (06),Rural,20-24,8915,4428,4487,4465,2788,1677,4235,1595,2640,38,12,26,101,21,80,76,12,64,0,0,0
15,286,District - Lunglei (06),Rural,25-29,8030,4035,3995,1949,1271,678,5790,2684,3106,69,14,55,112,33,79,110,33,77,0,0,0
15,286,District - Lunglei (06),Rural,30-34,6719,3468,3251,950,637,313,5470,2727,2743,95,24,71,111,47,64,93,33,60,0,0,0
15,286,District - Lunglei (06),Rural,35-39,5446,2856,2590,438,268,170,4667,2462,2205,126,37,89,94,46,48,121,43,78,0,0,0
15,286,District - Lunglei (06),Rural,40-44,4285,2191,2094,265,172,93,3707,1894,1813,144,39,105,79,44,35,90,42,48,0,0,0
15,286,District - Lunglei (06),Rural,45-49,4096,2132,1964,204,133,71,3539,1871,1668,216,62,154,58,28,30,79,38,41,0,0,0
15,286,District - Lunglei (06),Rural,50-54,3538,1862,1676,172,114,58,2953,1601,1352,275,77,198,57,34,23,81,36,45,0,0,0
15,286,District - Lunglei (06),Rural,55-59,2554,1378,1176,115,73,42,2044,1175,869,293,79,214,38,18,20,64,33,31,0,0,0
15,286,District - Lunglei (06),Rural,60-64,2101,1065,1036,98,49,49,1555,879,676,350,82,268,36,17,19,62,38,24,0,0,0
15,286,District - Lunglei (06),Rural,65-69,1416,761,655,83,47,36,954,582,372,306,95,211,26,16,10,47,21,26,0,0,0
15,286,District - Lunglei (06),Rural,70-74,938,506,432,47,28,19,550,355,195,295,104,191,11,6,5,35,13,22,0,0,0
15,286,District - Lunglei (06),Rural,75-79,608,313,295,20,9,11,285,187,98,263,93,170,16,8,8,24,16,8,0,0,0
15,286,District - Lunglei (06),Rural,80+,629,291,338,25,12,13,200,120,80,347,124,223,21,12,9,36,23,13,0,0,0
15,286,District - Lunglei (06),Rural,Age not stated,31,14,17,21,9,12,8,5,3,1,0,1,1,0,1,0,0,0,0,0,0
15,286,District - Lunglei (06),Rural,Less than 18,40044,20600,19444,39686,20501,19185,334,91,243,12,4,8,6,2,4,6,2,4,0,0,0
15,286,District - Lunglei (06),Rural,Less than 21,45264,23226,22038,43602,22821,20781,1567,389,1178,18,6,12,45,5,40,32,5,27,0,0,0
15,286,District - Lunglei (06),Urban,All ages,68752,35314,33438,36107,19204,16903,28206,14873,13333,2399,505,1894,817,320,497,1223,412,811,0,0,0
15,286,District - Lunglei (06),Urban,0-9,12229,6225,6004,12229,6225,6004,0,0,0,0,0,0,0,0,0,0,0,0,0,0,0
15,286,District - Lunglei (06),Urban,10-14,7226,3644,3582,7147,3622,3525,72,21,51,3,0,3,3,1,2,1,0,1,0,0,0
15,286,District - Lunglei (06),Urban,15-19,7077,3538,3539,6602,3433,3169,443,100,343,4,0,4,16,4,12,12,1,11,0,0,0
15,286,District - Lunglei (06),Urban,20-24,6932,3518,3414,4624,2674,1950,2129,803,1326,22,2,20,87,23,64,70,16,54,0,0,0
15,286,District - Lunglei (06),Urban,25-29,6471,3302,3169,2524,1507,1017,3633,1710,1923,44,11,33,139,41,98,131,33,98,0,0,0
15,286,District - Lunglei (06),Urban,30-34,6007,3178,2829,1296,814,482,4324,2253,2071,81,10,71,139,51,88,167,50,117,0,0,0
15,286,District - Lunglei (06),Urban,35-39,5074,2643,2431,667,366,301,3971,2129,1842,107,21,86,131,61,70,198,66,132,0,0,0
15,286,District - Lunglei (06),Urban,40-44,4291,2376,1915,338,194,144,3567,2068,1499,150,22,128,98,45,53,138,47,91,0,0,0
15,286,District - Lunglei (06),Urban,45-49,3772,2012,1760,231,135,96,3137,1770,1367,224,32,192,62,27,35,118,48,70,0,0,0
15,286,District - Lunglei (06),Urban,50-54,3079,1575,1504,159,95,64,2478,1355,1123,247,40,207,53,30,23,142,55,87,0,0,0
15,286,District - Lunglei (06),Urban,55-59,2098,1097,1001,83,43,40,1666,975,691,249,45,204,25,8,17,75,26,49,0,0,0
15,286,District - Lunglei (06),Urban,60-64,1607,815,792,67,45,22,1178,680,498,282,58,224,19,11,8,61,21,40,0,0,0
15,286,District - Lunglei (06),Urban,65-69,971,469,502,49,17,32,630,372,258,236,53,183,18,6,12,38,21,17,0,0,0
15,286,District - Lunglei (06),Urban,70-74,803,395,408,28,7,21,497,322,175,243,54,189,11,5,6,24,7,17,0,0,0
15,286,District - Lunglei (06),Urban,75-79,520,242,278,15,3,12,256,164,92,221,62,159,7,4,3,21,9,12,0,0,0
15,286,District - Lunglei (06),Urban,80+,562,266,296,32,13,19,212,143,69,283,95,188,9,3,6,26,12,14,0,0,0
15,286,District - Lunglei (06),Urban,Age not stated,33,19,14,16,11,5,13,8,5,3,0,3,0,0,0,1,0,1,0,0,0
15,286,District - Lunglei (06),Urban,Less than 18,23719,12010,11709,23457,11945,11512,246,61,185,4,0,4,9,4,5,3,0,3,0,0,0
15,286,District - Lunglei (06),Urban,Less than 21,27997,14148,13849,27129,13929,13200,806,208,598,9,0,9,32,8,24,21,3,18,0,0,0
15,287,District - Lawngtlai (07),Total,All ages,117894,60599,57295,65403,35139,30264,47716,24042,23674,3235,843,2392,524,216,308,1016,359,657,0,0,0
15,287,District - Lawngtlai (07),Total,0-9,31540,16141,15399,31540,16141,15399,0,0,0,0,0,0,0,0,0,0,0,0,0,0,0
15,287,District - Lawngtlai (07),Total,10-14,14358,7511,6847,14174,7455,6719,174,51,123,3,2,1,6,3,3,1,0,1,0,0,0
15,287,District - Lawngtlai (07),Total,15-19,11840,6059,5781,10304,5650,4654,1478,394,1084,16,5,11,16,3,13,26,7,19,0,0,0
15,287,District - Lawngtlai (07),Total,20-24,12457,6051,6406,5522,3377,2145,6670,2616,4054,84,16,68,74,21,53,107,21,86,0,0,0
15,287,District - Lawngtlai (07),Total,25-29,10528,5357,5171,2027,1313,714,8171,3955,4216,112,32,80,83,14,69,135,43,92,0,0,0
15,287,District - Lawngtlai (07),Total,30-34,8582,4470,4112,849,558,291,7399,3802,3597,133,42,91,73,29,44,128,39,89,0,0,0
15,287,District - Lawngtlai (07),Total,35-39,6782,3578,3204,395,261,134,6064,3207,2857,172,46,126,61,31,30,90,33,57,0,0,0
15,287,District - Lawngtlai (07),Total,40-44,5471,2848,2623,198,137,61,4861,2574,2287,255,64,191,53,24,29,104,49,55,0,0,0
15,287,District - Lawngtlai (07),Total,45-49,4468,2316,2152,135,87,48,3933,2099,1834,278,64,214,38,25,13,84,41,43,0,0,0
15,287,District - Lawngtlai (07),Total,50-54,3930,2068,1862,59,44,15,3364,1864,1500,369,96,273,42,24,18,96,40,56,0,0,0
15,287,District - Lawngtlai (07),Total,55-59,2521,1407,1114,32,22,10,2104,1267,837,310,87,223,18,11,7,57,20,37,0,0,0
15,287,District - Lawngtlai (07),Total,60-64,2110,1126,984,60,33,27,1527,940,587,444,125,319,25,12,13,54,16,38,0,0,0
15,287,District - Lawngtlai (07),Total,65-69,1272,663,609,32,18,14,901,555,346,283,74,209,10,4,6,46,12,34,0,0,0
15,287,District - Lawngtlai (07),Total,70-74,941,485,456,14,8,6,563,376,187,317,75,242,13,10,3,34,16,18,0,0,0
15,287,District - Lawngtlai (07),Total,75-79,496,251,245,8,3,5,268,188,80,196,51,145,2,0,2,22,9,13,0,0,0
15,287,District - Lawngtlai (07),Total,80+,561,245,316,31,16,15,227,148,79,262,64,198,10,5,5,31,12,19,0,0,0
15,287,District - Lawngtlai (07),Total,Age not stated,37,23,14,23,16,7,12,6,6,1,0,1,0,0,0,1,1,0,0,0,0
15,287,District - Lawngtlai (07),Total,Less than 18,52792,27254,25538,52232,27094,25138,535,152,383,8,2,6,8,3,5,9,3,6,0,0,0
15,287,District - Lawngtlai (07),Total,Less than 21,60712,31189,29523,57778,30306,27472,2815,849,1966,35,11,24,40,11,29,44,12,32,0,0,0
15,287,District - Lawngtlai (07),Rural,All ages,97064,49940,47124,53447,28710,24737,39901,20076,19825,2598,734,1864,370,161,209,748,259,489,0,0,0
15,287,District - Lawngtlai (07),Rural,0-9,27186,13904,13282,27186,13904,13282,0,0,0,0,0,0,0,0,0,0,0,0,0,0,0
15,287,District - Lawngtlai (07),Rural,10-14,12005,6280,5725,11836,6226,5610,160,49,111,2,2,0,6,3,3,1,0,1,0,0,0
15,287,District - Lawngtlai (07),Rural,15-19,9602,4940,4662,8188,4555,3633,1361,371,990,16,5,11,15,2,13,22,7,15,0,0,0
15,287,District - Lawngtlai (07),Rural,20-24,10203,4924,5279,4015,2506,1509,5972,2366,3606,71,16,55,57,18,39,88,18,70,0,0,0
15,287,District - Lawngtlai (07),Rural,25-29,8407,4270,4137,1217,826,391,6929,3373,3556,94,28,66,52,8,44,115,35,80,0,0,0
15,287,District - Lawngtlai (07),Rural,30-34,6853,3612,3241,470,327,143,6137,3199,2938,104,36,68,50,22,28,92,28,64,0,0,0
15,287,District - Lawngtlai (07),Rural,35-39,5371,2846,2525,185,128,57,4958,2628,2330,125,39,86,44,26,18,59,25,34,0,0,0
15,287,District - Lawngtlai (07),Rural,40-44,4376,2284,2092,110,83,27,3984,2106,1878,182,48,134,30,13,17,70,34,36,0,0,0
15,287,District - Lawngtlai (07),Rural,45-49,3561,1839,1722,74,52,22,3185,1684,1501,220,56,164,26,19,7,56,28,28,0,0,0
15,287,District - Lawngtlai (07),Rural,50-54,3176,1671,1505,33,25,8,2738,1518,1220,311,89,222,28,16,12,66,23,43,0,0,0
15,287,District - Lawngtlai (07),Rural,55-59,2001,1120,881,20,12,8,1672,1010,662,258,75,183,11,8,3,40,15,25,0,0,0
15,287,District - Lawngtlai (07),Rural,60-64,1687,907,780,42,23,19,1224,752,472,356,109,247,22,10,12,43,13,30,0,0,0
15,287,District - Lawngtlai (07),Rural,65-69,1033,542,491,23,15,8,723,448,275,242,66,176,8,4,4,37,9,28,0,0,0
15,287,District - Lawngtlai (07),Rural,70-74,751,391,360,14,8,6,452,300,152,250,63,187,11,8,3,24,12,12,0,0,0
15,287,District - Lawngtlai (07),Rural,75-79,394,204,190,4,2,2,215,150,65,156,46,110,2,0,2,17,6,11,0,0,0
15,287,District - Lawngtlai (07),Rural,80+,438,196,242,19,12,7,182,118,64,211,56,155,8,4,4,18,6,12,0,0,0
15,287,District - Lawngtlai (07),Rural,Age not stated,20,10,10,11,6,5,9,4,5,0,0,0,0,0,0,0,0,0,0,0,0
15,287,District - Lawngtlai (07),Rural,Less than 18,44725,23106,21619,44218,22958,21260,483,140,343,7,2,5,8,3,5,9,3,6,0,0,0
15,287,District - Lawngtlai (07),Rural,Less than 21,51210,26303,24907,48520,25482,23038,2582,789,1793,33,11,22,38,9,29,37,12,25,0,0,0
15,287,District - Lawngtlai (07),Urban,All ages,20830,10659,10171,11956,6429,5527,7815,3966,3849,637,109,528,154,55,99,268,100,168,0,0,0
15,287,District - Lawngtlai (07),Urban,0-9,4354,2237,2117,4354,2237,2117,0,0,0,0,0,0,0,0,0,0,0,0,0,0,0
15,287,District - Lawngtlai (07),Urban,10-14,2353,1231,1122,2338,1229,1109,14,2,12,1,0,1,0,0,0,0,0,0,0,0,0
15,287,District - Lawngtlai (07),Urban,15-19,2238,1119,1119,2116,1095,1021,117,23,94,0,0,0,1,1,0,4,0,4,0,0,0
15,287,District - Lawngtlai (07),Urban,20-24,2254,1127,1127,1507,871,636,698,250,448,13,0,13,17,3,14,19,3,16,0,0,0
15,287,District - Lawngtlai (07),Urban,25-29,2121,1087,1034,810,487,323,1242,582,660,18,4,14,31,6,25,20,8,12,0,0,0
15,287,District - Lawngtlai (07),Urban,30-34,1729,858,871,379,231,148,1262,603,659,29,6,23,23,7,16,36,11,25,0,0,0
15,287,District - Lawngtlai (07),Urban,35-39,1411,732,679,210,133,77,1106,579,527,47,7,40,17,5,12,31,8,23,0,0,0
15,287,District - Lawngtlai (07),Urban,40-44,1095,564,531,88,54,34,877,468,409,73,16,57,23,11,12,34,15,19,0,0,0
15,287,District - Lawngtlai (07),Urban,45-49,907,477,430,61,35,26,748,415,333,58,8,50,12,6,6,28,13,15,0,0,0
15,287,District - Lawngtlai (07),Urban,50-54,754,397,357,26,19,7,626,346,280,58,7,51,14,8,6,30,17,13,0,0,0
15,287,District - Lawngtlai (07),Urban,55-59,520,287,233,12,10,2,432,257,175,52,12,40,7,3,4,17,5,12,0,0,0
15,287,District - Lawngtlai (07),Urban,60-64,423,219,204,18,10,8,303,188,115,88,16,72,3,2,1,11,3,8,0,0,0
15,287,District - Lawngtlai (07),Urban,65-69,239,121,118,9,3,6,178,107,71,41,8,33,2,0,2,9,3,6,0,0,0
15,287,District - Lawngtlai (07),Urban,70-74,190,94,96,0,0,0,111,76,35,67,12,55,2,2,0,10,4,6,0,0,0
15,287,District - Lawngtlai (07),Urban,75-79,102,47,55,4,1,3,53,38,15,40,5,35,0,0,0,5,3,2,0,0,0
15,287,District - Lawngtlai (07),Urban,80+,123,49,74,12,4,8,45,30,15,51,8,43,2,1,1,13,6,7,0,0,0
15,287,District - Lawngtlai (07),Urban,Age not stated,17,13,4,12,10,2,3,2,1,1,0,1,0,0,0,1,1,0,0,0,0
15,287,District - Lawngtlai (07),Urban,Less than 18,8067,4148,3919,8014,4136,3878,52,12,40,1,0,1,0,0,0,0,0,0,0,0,0
15,287,District - Lawngtlai (07),Urban,Less than 21,9502,4886,4616,9258,4824,4434,233,60,173,2,0,2,2,2,0,7,0,7,0,0,0
15,288,District - Saiha (08),Total,All ages,56574,28594,27980,32332,17186,15146,21519,10696,10823,1778,337,1441,324,159,165,621,216,405,0,0,0
15,288,District - Saiha (08),Total,0-9,13512,6964,6548,13512,6964,6548,0,0,0,0,0,0,0,0,0,0,0,0,0,0,0
15,288,District - Saiha (08),Total,10-14,6874,3471,3403,6765,3429,3336,98,39,59,7,1,6,3,1,2,1,1,0,0,0,0
15,288,District - Saiha (08),Total,15-19,6178,3101,3077,5665,2985,2680,490,112,378,6,1,5,8,3,5,9,0,9,0,0,0
15,288,District - Saiha (08),Total,20-24,5814,2860,2954,3348,1996,1352,2306,821,1485,39,11,28,55,14,41,66,18,48,0,0,0
15,288,District - Saiha (08),Total,25-29,4749,2389,2360,1525,931,594,3039,1393,1646,53,11,42,57,29,28,75,25,50,0,0,0
15,288,District - Saiha (08),Total,30-34,4005,1974,2031,708,421,287,3082,1483,1599,69,11,58,51,22,29,95,37,58,0,0,0
15,288,District - Saiha (08),Total,35-39,3462,1741,1721,340,206,134,2927,1472,1455,94,21,73,42,25,17,59,17,42,0,0,0
15,288,District - Saiha (08),Total,40-44,2806,1432,1374,141,87,54,2456,1284,1172,108,16,92,29,15,14,72,30,42,0,0,0
15,288,District - Saiha (08),Total,45-49,2511,1284,1227,100,54,46,2188,1161,1027,144,30,114,24,14,10,55,25,30,0,0,0
15,288,District - Saiha (08),Total,50-54,2039,1058,981,54,29,25,1704,966,738,203,32,171,23,12,11,55,19,36,0,0,0
15,288,District - Saiha (08),Total,55-59,1546,810,736,43,21,22,1235,730,505,210,33,177,13,10,3,45,16,29,0,0,0
15,288,District - Saiha (08),Total,60-64,1149,592,557,42,17,25,861,525,336,207,34,173,9,7,2,30,9,21,0,0,0
15,288,District - Saiha (08),Total,65-69,706,337,369,37,17,20,474,290,184,181,26,155,2,1,1,12,3,9,0,0,0
15,288,District - Saiha (08),Total,70-74,507,239,268,16,7,9,295,181,114,178,42,136,3,2,1,15,7,8,0,0,0
15,288,District - Saiha (08),Total,75-79,332,161,171,4,1,3,203,132,71,112,24,88,1,1,0,12,3,9,0,0,0
15,288,District - Saiha (08),Total,80+,357,162,195,16,8,8,150,101,49,167,44,123,4,3,1,20,6,14,0,0,0
15,288,District - Saiha (08),Total,Age not stated,27,19,8,16,13,3,11,6,5,0,0,0,0,0,0,0,0,0,0,0,0
15,288,District - Saiha (08),Total,Less than 18,24223,12379,11844,23963,12306,11657,241,67,174,11,2,9,5,3,2,3,1,2,0,0,0
15,288,District - Saiha (08),Total,Less than 21,27907,14177,13730,26880,13916,12964,965,248,717,19,4,15,22,7,15,21,2,19,0,0,0
15,288,District - Saiha (08),Rural,All ages,31464,15853,15611,17613,9390,8223,12304,6053,6251,1058,210,848,148,80,68,341,120,221,0,0,0
15,288,District - Saiha (08),Rural,0-9,8166,4156,4010,8166,4156,4010,0,0,0,0,0,0,0,0,0,0,0,0,0,0,0
15,288,District - Saiha (08),Rural,10-14,3823,1909,1914,3764,1891,1873,52,16,36,5,1,4,1,0,1,1,1,0,0,0,0
15,288,District - Saiha (08),Rural,15-19,3050,1550,1500,2750,1487,1263,287,60,227,3,1,2,5,2,3,5,0,5,0,0,0
15,288,District - Saiha (08),Rural,20-24,3113,1530,1583,1613,1037,576,1408,473,935,24,6,18,25,5,20,43,9,34,0,0,0
15,288,District - Saiha (08),Rural,25-29,2472,1266,1206,670,445,225,1697,786,911,32,5,27,24,12,12,49,18,31,0,0,0
15,288,District - Saiha (08),Rural,30-34,2053,1013,1040,278,175,103,1667,798,869,37,8,29,21,12,9,50,20,30,0,0,0
15,288,District - Saiha (08),Rural,35-39,1804,903,901,130,76,54,1594,802,792,46,10,36,11,9,2,23,6,17,0,0,0
15,288,District - Saiha (08),Rural,40-44,1539,764,775,67,40,27,1356,686,670,61,8,53,20,12,8,35,18,17,0,0,0
15,288,District - Saiha (08),Rural,45-49,1424,740,684,52,25,27,1259,676,583,68,19,49,13,7,6,32,13,19,0,0,0
15,288,District - Saiha (08),Rural,50-54,1166,601,565,24,12,12,1001,554,447,106,19,87,10,6,4,25,10,15,0,0,0
15,288,District - Saiha (08),Rural,55-59,938,497,441,27,12,15,758,453,305,119,19,100,8,6,2,26,7,19,0,0,0
15,288,District - Saiha (08),Rural,60-64,707,356,351,24,8,16,529,314,215,131,25,106,4,4,0,19,5,14,0,0,0
15,288,District - Saiha (08),Rural,65-69,466,218,248,16,8,8,314,186,128,129,20,109,1,1,0,6,3,3,0,0,0
15,288,District - Saiha (08),Rural,70-74,304,144,160,6,2,4,176,109,67,111,26,85,2,2,0,9,5,4,0,0,0
15,288,District - Saiha (08),Rural,75-79,205,97,108,2,1,1,115,79,36,79,15,64,0,0,0,9,2,7,0,0,0
15,288,District - Saiha (08),Rural,80+,211,93,118,10,4,6,82,56,26,107,28,79,3,2,1,9,3,6,0,0,0
15,288,District - Saiha (08),Rural,Age not stated,23,16,7,14,11,3,9,5,4,0,0,0,0,0,0,0,0,0,0,0,0
15,288,District - Saiha (08),Rural,Less than 18,13884,7052,6832,13736,7018,6718,136,29,107,7,2,5,3,2,1,2,1,1,0,0,0
15,288,District - Saiha (08),Rural,Less than 21,15754,7951,7803,15146,7813,7333,573,131,442,10,2,8,11,3,8,14,2,12,0,0,0
15,288,District - Saiha (08),Urban,All ages,25110,12741,12369,14719,7796,6923,9215,4643,4572,720,127,593,176,79,97,280,96,184,0,0,0
15,288,District - Saiha (08),Urban,0-9,5346,2808,2538,5346,2808,2538,0,0,0,0,0,0,0,0,0,0,0,0,0,0,0
15,288,District - Saiha (08),Urban,10-14,3051,1562,1489,3001,1538,1463,46,23,23,2,0,2,2,1,1,0,0,0,0,0,0
15,288,District - Saiha (08),Urban,15-19,3128,1551,1577,2915,1498,1417,203,52,151,3,0,3,3,1,2,4,0,4,0,0,0
15,288,District - Saiha (08),Urban,20-24,2701,1330,1371,1735,959,776,898,348,550,15,5,10,30,9,21,23,9,14,0,0,0
15,288,District - Saiha (08),Urban,25-29,2277,1123,1154,855,486,369,1342,607,735,21,6,15,33,17,16,26,7,19,0,0,0
15,288,District - Saiha (08),Urban,30-34,1952,961,991,430,246,184,1415,685,730,32,3,29,30,10,20,45,17,28,0,0,0
15,288,District - Saiha (08),Urban,35-39,1658,838,820,210,130,80,1333,670,663,48,11,37,31,16,15,36,11,25,0,0,0
15,288,District - Saiha (08),Urban,40-44,1267,668,599,74,47,27,1100,598,502,47,8,39,9,3,6,37,12,25,0,0,0
15,288,District - Saiha (08),Urban,45-49,1087,544,543,48,29,19,929,485,444,76,11,65,11,7,4,23,12,11,0,0,0
15,288,District - Saiha (08),Urban,50-54,873,457,416,30,17,13,703,412,291,97,13,84,13,6,7,30,9,21,0,0,0
15,288,District - Saiha (08),Urban,55-59,608,313,295,16,9,7,477,277,200,91,14,77,5,4,1,19,9,10,0,0,0
15,288,District - Saiha (08),Urban,60-64,442,236,206,18,9,9,332,211,121,76,9,67,5,3,2,11,4,7,0,0,0
15,288,District - Saiha (08),Urban,65-69,240,119,121,21,9,12,160,104,56,52,6,46,1,0,1,6,0,6,0,0,0
15,288,District - Saiha (08),Urban,70-74,203,95,108,10,5,5,119,72,47,67,16,51,1,0,1,6,2,4,0,0,0
15,288,District - Saiha (08),Urban,75-79,127,64,63,2,0,2,88,53,35,33,9,24,1,1,0,3,1,2,0,0,0
15,288,District - Saiha (08),Urban,80+,146,69,77,6,4,2,68,45,23,60,16,44,1,1,0,11,3,8,0,0,0
15,288,District - Saiha (08),Urban,Age not stated,4,3,1,2,2,0,2,1,1,0,0,0,0,0,0,0,0,0,0,0,0
15,288,District - Saiha (08),Urban,Less than 18,10339,5327,5012,10227,5288,4939,105,38,67,4,0,4,2,1,1,1,0,1,0,0,0
15,288,District - Saiha (08),Urban,Less than 21,12153,6226,5927,11734,6103,5631,392,117,275,9,2,7,11,4,7,7,0,7,0,0,0
