state_code,district_code,area_name,region_type,age_group,total_persons,total_males,total_females,never_married_persons,never_married_males,never_married_females,currently_married_persons,currently_married_males,currently_married_females,widowed_persons,widowed_males,widowed_females,separated_persons,separated_males,separated_females,divorced_persons,divorced_males,divorced_females,unspecified_persons,unspecified_males,unspecified_females
13,000,State - NAGALAND (13),Total,All ages,1978502,1024649,953853,1192160,639157,553003,720923,368633,352290,50404,10908,39496,8694,3780,4914,6321,2171,4150,0,0,0
13,000,State - NAGALAND (13),Total,0-9,430361,221938,208423,430361,221938,208423,0,0,0,0,0,0,0,0,0,0,0,0,0,0,0
13,000,State - NAGALAND (13),Total,10-14,248671,129237,119434,245824,128282,117542,2640,876,1764,100,36,64,91,39,52,16,4,12,0,0,0
13,000,State - NAGALAND (13),Total,15-19,229622,117994,111628,216275,115153,101122,12925,2704,10221,165,57,108,196,66,130,61,14,47,0,0,0
13,000,State - NAGALAND (13),Total,20-24,204363,103769,100594,149829,86295,63534,52911,17011,35900,549,130,419,681,233,448,393,100,293,0,0,0
13,000,State - NAGALAND (13),Total,25-29,176901,89598,87303,79652,47688,31964,94177,41012,53165,1152,260,892,1160,409,751,760,229,531,0,0,0
13,000,State - NAGALAND (13),Total,30-34,149924,76505,73419,35160,20911,14249,110106,54249,55857,2258,497,1761,1353,498,855,1047,350,697,0,0,0
13,000,State - NAGALAND (13),Total,35-39,128198,64695,63503,14395,8142,6253,108506,54989,53517,3032,656,2376,1253,556,697,1012,352,660,0,0,0
13,000,State - NAGALAND (13),Total,40-44,109261,57653,51608,6625,3491,3134,96528,52517,44011,4158,822,3336,1070,489,581,880,334,546,0,0,0
13,000,State - NAGALAND (13),Total,45-49,87747,47757,39990,3390,1746,1644,78139,44461,33678,4682,877,3805,868,441,427,668,232,436,0,0,0
13,000,State - NAGALAND (13),Total,50-54,65859,36134,29725,2296,1196,1100,57095,33475,23620,5325,958,4367,634,326,308,509,179,330,0,0,0
13,000,State - NAGALAND (13),Total,55-59,43398,23741,19657,1391,684,707,36550,21833,14717,4761,901,3860,390,196,194,306,127,179,0,0,0
13,000,State - NAGALAND (13),Total,60-64,36519,19683,16836,2013,1025,988,28019,17286,10733,5881,1104,4777,354,174,180,252,94,158,0,0,0
13,000,State - NAGALAND (13),Total,65-69,24243,12801,11442,1863,975,888,17261,10684,6577,4737,985,3752,213,101,112,169,56,113,0,0,0
13,000,State - NAGALAND (13),Total,70-74,17593,9260,8333,775,368,407,11762,7724,4038,4804,1046,3758,141,74,67,111,48,63,0,0,0
13,000,State - NAGALAND (13),Total,75-79,10565,5635,4930,370,178,192,6728,4491,2237,3280,872,2408,123,71,52,64,23,41,0,0,0
13,000,State - NAGALAND (13),Total,80+,13806,7400,6406,874,443,431,7222,5136,2086,5483,1690,3793,160,105,55,67,26,41,0,0,0
13,000,State - NAGALAND (13),Total,Age not stated,1471,849,622,1067,642,425,354,185,169,37,17,20,7,2,5,6,3,3,0,0,0
13,000,State - NAGALAND (13),Total,Less than 18,820308,423930,396378,811578,421705,389873,8344,2079,6265,197,75,122,159,65,94,30,6,24,0,0,0
13,000,State - NAGALAND (13),Total,Less than 21,958143,494254,463889,932532,487893,444639,24731,6081,18650,358,118,240,394,137,257,128,25,103,0,0,0
13,000,State - NAGALAND (13),Rural,All ages,1407536,725472,682064,855567,458725,396842,504056,253725,250331,37382,8898,28484,6003,2513,3490,4528,1611,2917,0,0,0
13,000,State - NAGALAND (13),Rural,0-9,320885,166101,154784,320885,166101,154784,0,0,0,0,0,0,0,0,0,0,0,0,0,0,0
13,000,State - NAGALAND (13),Rural,10-14,181149,94658,86491,179143,93982,85161,1854,617,1237,70,27,43,70,29,41,12,3,9,0,0,0
13,000,State - NAGALAND (13),Rural,15-19,161926,83359,78567,152461,81319,71142,9147,1945,7202,128,40,88,139,42,97,51,13,38,0,0,0
13,000,State - NAGALAND (13),Rural,20-24,139581,70944,68637,101803,58665,43138,36521,11928,24593,429,111,318,513,161,352,315,79,236,0,0,0
13,000,State - NAGALAND (13),Rural,25-29,117131,58588,58543,52261,30929,21332,62606,26995,35611,855,215,640,834,274,560,575,175,400,0,0,0
13,000,State - NAGALAND (13),Rural,30-34,100492,50782,49710,23614,13989,9625,73628,35782,37846,1545,400,1145,949,336,613,756,275,481,0,0,0
13,000,State - NAGALAND (13),Rural,35-39,87170,43067,44103,9988,5660,4328,73651,36272,37379,2022,533,1489,805,345,460,704,257,447,0,0,0
13,000,State - NAGALAND (13),Rural,40-44,76029,39211,36818,4882,2568,2314,67003,35425,31578,2867,664,2203,681,318,363,596,236,360,0,0,0
13,000,State - NAGALAND (13),Rural,45-49,61345,32644,28701,2421,1275,1146,54775,30251,24524,3159,686,2473,567,280,287,423,152,271,0,0,0
13,000,State - NAGALAND (13),Rural,50-54,47518,25376,22142,1715,911,804,41211,23372,17839,3821,763,3058,407,200,207,364,130,234,0,0,0
13,000,State - NAGALAND (13),Rural,55-59,31751,16898,14853,1051,530,521,26824,15472,11352,3404,679,2725,260,127,133,212,90,122,0,0,0
13,000,State - NAGALAND (13),Rural,60-64,28201,14898,13303,1556,779,777,21667,13043,8624,4538,893,3645,251,112,139,189,71,118,0,0,0
13,000,State - NAGALAND (13),Rural,65-69,18939,9930,9009,1357,713,644,13681,8298,5383,3612,799,2813,162,76,86,127,44,83,0,0,0
13,000,State - NAGALAND (13),Rural,70-74,14353,7550,6803,581,274,307,9685,6273,3412,3874,896,2978,119,64,55,94,43,51,0,0,0
13,000,State - NAGALAND (13),Rural,75-79,8629,4606,4023,294,144,150,5547,3648,1899,2635,737,1898,102,57,45,51,20,31,0,0,0
13,000,State - NAGALAND (13),Rural,80+,11163,6128,5035,625,328,297,5953,4248,1705,4394,1442,2952,138,90,48,53,20,33,0,0,0
13,000,State - NAGALAND (13),Rural,Age not stated,1274,732,542,930,558,372,303,156,147,29,13,16,6,2,4,6,3,3,0,0,0
13,000,State - NAGALAND (13),Rural,Less than 18,602199,312536,289663,596010,310965,285045,5905,1467,4438,146,54,92,115,45,70,23,5,18,0,0,0
13,000,State - NAGALAND (13),Rural,Less than 21,699362,362227,337135,681030,357554,323476,17658,4469,13189,272,87,185,295,95,200,107,22,85,0,0,0
13,000,State - NAGALAND (13),Urban,All ages,570966,299177,271789,336593,180432,156161,216867,114908,101959,13022,2010,11012,2691,1267,1424,1793,560,1233,0,0,0
13,000,State - NAGALAND (13),Urban,0-9,109476,55837,53639,109476,55837,53639,0,0,0,0,0,0,0,0,0,0,0,0,0,0,0
13,000,State - NAGALAND (13),Urban,10-14,67522,34579,32943,66681,34300,32381,786,259,527,30,9,21,21,10,11,4,1,3,0,0,0
13,000,State - NAGALAND (13),Urban,15-19,67696,34635,33061,63814,33834,29980,3778,759,3019,37,17,20,57,24,33,10,1,9,0,0,0
13,000,State - NAGALAND (13),Urban,20-24,64782,32825,31957,48026,27630,20396,16390,5083,11307,120,19,101,168,72,96,78,21,57,0,0,0
13,000,State - NAGALAND (13),Urban,25-29,59770,31010,28760,27391,16759,10632,31571,14017,17554,297,45,252,326,135,191,185,54,131,0,0,0
13,000,State - NAGALAND (13),Urban,30-34,49432,25723,23709,11546,6922,4624,36478,18467,18011,713,97,616,404,162,242,291,75,216,0,0,0
13,000,State - NAGALAND (13),Urban,35-39,41028,21628,19400,4407,2482,1925,34855,18717,16138,1010,123,887,448,211,237,308,95,213,0,0,0
13,000,State - NAGALAND (13),Urban,40-44,33232,18442,14790,1743,923,820,29525,17092,12433,1291,158,1133,389,171,218,284,98,186,0,0,0
13,000,State - NAGALAND (13),Urban,45-49,26402,15113,11289,969,471,498,23364,14210,9154,1523,191,1332,301,161,140,245,80,165,0,0,0
13,000,State - NAGALAND (13),Urban,50-54,18341,10758,7583,581,285,296,15884,10103,5781,1504,195,1309,227,126,101,145,49,96,0,0,0
13,000,State - NAGALAND (13),Urban,55-59,11647,6843,4804,340,154,186,9726,6361,3365,1357,222,1135,130,69,61,94,37,57,0,0,0
13,000,State - NAGALAND (13),Urban,60-64,8318,4785,3533,457,246,211,6352,4243,2109,1343,211,1132,103,62,41,63,23,40,0,0,0
13,000,State - NAGALAND (13),Urban,65-69,5304,2871,2433,506,262,244,3580,2386,1194,1125,186,939,51,25,26,42,12,30,0,0,0
13,000,State - NAGALAND (13),Urban,70-74,3240,1710,1530,194,94,100,2077,1451,626,930,150,780,22,10,12,17,5,12,0,0,0
13,000,State - NAGALAND (13),Urban,75-79,1936,1029,907,76,34,42,1181,843,338,645,135,510,21,14,7,13,3,10,0,0,0
13,000,State - NAGALAND (13),Urban,80+,2643,1272,1371,249,115,134,1269,888,381,1089,248,841,22,15,7,14,6,8,0,0,0
13,000,State - NAGALAND (13),Urban,Age not stated,197,117,80,137,84,53,51,29,22,8,4,4,1,0,1,0,0,0,0,0,0
13,000,State - NAGALAND (13),Urban,Less than 18,218109,111394,106715,215568,110740,104828,2439,612,1827,51,21,30,44,20,24,7,1,6,0,0,0
13,000,State - NAGALAND (13),Urban,Less than 21,258781,132027,126754,251502,130339,121163,7073,1612,5461,86,31,55,99,42,57,21,3,18,0,0,0
13,261,District - Mon (01),Total,All ages,250260,131753,118507,157512,86429,71083,86594,43437,43157,5281,1506,3775,627,294,333,246,87,159,0,0,0
13,261,District - Mon (01),Total,0-9,59542,31183,28359,59542,31183,28359,0,0,0,0,0,0,0,0,0,0,0,0,0,0,0
13,261,District - Mon (01),Total,10-14,33959,18162,15797,33616,18051,15565,322,104,218,13,3,10,8,4,4,0,0,0,0,0,0
13,261,District - Mon (01),Total,15-19,31835,16572,15263,30218,16203,14015,1562,343,1219,25,13,12,20,10,10,10,3,7,0,0,0
13,261,District - Mon (01),Total,20-24,24987,13209,11778,18873,11221,7652,5982,1952,4030,61,18,43,47,14,33,24,4,20,0,0,0
13,261,District - Mon (01),Total,25-29,18450,9582,8868,8418,5345,3073,9835,4182,5653,98,26,72,67,19,48,32,10,22,0,0,0
13,261,District - Mon (01),Total,30-34,14790,7609,7181,3332,2198,1134,11119,5311,5808,195,55,140,92,30,62,52,15,37,0,0,0
13,261,District - Mon (01),Total,35-39,13854,6895,6959,1386,910,476,12069,5835,6234,273,95,178,90,40,50,36,15,21,0,0,0
13,261,District - Mon (01),Total,40-44,13374,6870,6504,569,374,195,12295,6329,5966,402,110,292,85,45,40,23,12,11,0,0,0
13,261,District - Mon (01),Total,45-49,11582,6217,5365,244,171,73,10786,5863,4923,460,130,330,68,43,25,24,10,14,0,0,0
13,261,District - Mon (01),Total,50-54,8924,5039,3885,174,113,61,8139,4751,3388,546,145,401,49,27,22,16,3,13,0,0,0
13,261,District - Mon (01),Total,55-59,5695,3168,2527,97,57,40,5065,2949,2116,488,131,357,34,24,10,11,7,4,0,0,0
13,261,District - Mon (01),Total,60-64,4790,2665,2125,231,138,93,3829,2320,1509,697,186,511,30,19,11,3,2,1,0,0,0
13,261,District - Mon (01),Total,65-69,3110,1671,1439,272,162,110,2285,1345,940,527,153,374,19,8,11,7,3,4,0,0,0
13,261,District - Mon (01),Total,70-74,2275,1249,1026,88,41,47,1593,1053,540,582,149,433,10,5,5,2,1,1,0,0,0
13,261,District - Mon (01),Total,75-79,1154,629,525,38,23,15,751,495,256,358,108,250,4,3,1,3,0,3,0,0,0
13,261,District - Mon (01),Total,80+,1489,790,699,90,51,39,845,555,290,547,179,368,4,3,1,3,2,1,0,0,0
13,261,District - Mon (01),Total,Age not stated,450,243,207,324,188,136,117,50,67,9,5,4,0,0,0,0,0,0,0,0,0
13,261,District - Mon (01),Total,Less than 18,113235,59655,53580,112162,59378,52784,1026,254,772,32,14,18,14,8,6,1,1,0,0,0,0
13,261,District - Mon (01),Total,Less than 21,132181,69501,62680,129105,68704,60401,2977,759,2218,52,20,32,35,15,20,12,3,9,0,0,0
13,261,District - Mon (01),Rural,All ages,215816,113469,102347,135909,74643,61266,74408,37121,37287,4804,1413,3391,473,216,257,222,76,146,0,0,0
13,261,District - Mon (01),Rural,0-9,51814,27137,24677,51814,27137,24677,0,0,0,0,0,0,0,0,0,0,0,0,0,0,0
13,261,District - Mon (01),Rural,10-14,29141,15619,13522,28839,15516,13323,283,96,187,12,3,9,7,4,3,0,0,0,0,0,0
13,261,District - Mon (01),Rural,15-19,27245,14267,12978,25872,13956,11916,1331,294,1037,21,10,11,11,4,7,10,3,7,0,0,0
13,261,District - Mon (01),Rural,20-24,21279,11325,9954,16240,9659,6581,4925,1634,3291,49,15,34,41,13,28,24,4,20,0,0,0
13,261,District - Mon (01),Rural,25-29,15274,7948,7326,7234,4553,2681,7876,3348,4528,83,24,59,50,13,37,31,10,21,0,0,0
13,261,District - Mon (01),Rural,30-34,12239,6286,5953,2837,1866,971,9113,4331,4782,171,53,118,73,22,51,45,14,31,0,0,0
13,261,District - Mon (01),Rural,35-39,11665,5709,5956,1200,797,403,10130,4783,5347,243,91,152,61,26,35,31,12,19,0,0,0
13,261,District - Mon (01),Rural,40-44,11542,5826,5716,505,329,176,10607,5347,5260,350,104,246,58,34,24,22,12,10,0,0,0
13,261,District - Mon (01),Rural,45-49,10248,5395,4853,217,151,66,9561,5086,4475,399,117,282,52,33,19,19,8,11,0,0,0
13,261,District - Mon (01),Rural,50-54,7978,4431,3547,159,100,59,7266,4173,3093,499,136,363,39,20,19,15,2,13,0,0,0
13,261,District - Mon (01),Rural,55-59,5168,2852,2316,88,51,37,4612,2662,1950,435,119,316,25,16,9,8,4,4,0,0,0
13,261,District - Mon (01),Rural,60-64,4370,2416,1954,194,117,77,3515,2118,1397,637,167,470,22,13,9,2,1,1,0,0,0
13,261,District - Mon (01),Rural,65-69,2854,1527,1327,227,137,90,2113,1236,877,490,144,346,17,7,10,7,3,4,0,0,0
13,261,District - Mon (01),Rural,70-74,2133,1182,951,72,32,40,1496,998,498,554,146,408,9,5,4,2,1,1,0,0,0
13,261,District - Mon (01),Rural,75-79,1068,581,487,32,20,12,688,454,234,341,104,237,4,3,1,3,0,3,0,0,0
13,261,District - Mon (01),Rural,80+,1375,739,636,75,44,31,781,514,267,512,176,336,4,3,1,3,2,1,0,0,0
13,261,District - Mon (01),Rural,Age not stated,423,229,194,304,178,126,111,47,64,8,4,4,0,0,0,0,0,0,0,0,0
13,261,District - Mon (01),Rural,Less than 18,97836,51628,46208,96904,51384,45520,894,226,668,27,11,16,10,6,4,1,1,0,0,0,0
13,261,District - Mon (01),Rural,Less than 21,114189,60164,54025,111555,59473,52082,2553,663,1890,45,16,29,24,9,15,12,3,9,0,0,0
13,261,District - Mon (01),Urban,All ages,34444,18284,16160,21603,11786,9817,12186,6316,5870,477,93,384,154,78,76,24,11,13,0,0,0
13,261,District - Mon (01),Urban,0-9,7728,4046,3682,7728,4046,3682,0,0,0,0,0,0,0,0,0,0,0,0,0,0,0
13,261,District - Mon (01),Urban,10-14,4818,2543,2275,4777,2535,2242,39,8,31,1,0,1,1,0,1,0,0,0,0,0,0
13,261,District - Mon (01),Urban,15-19,4590,2305,2285,4346,2247,2099,231,49,182,4,3,1,9,6,3,0,0,0,0,0,0
13,261,District - Mon (01),Urban,20-24,3708,1884,1824,2633,1562,1071,1057,318,739,12,3,9,6,1,5,0,0,0,0,0,0
13,261,District - Mon (01),Urban,25-29,3176,1634,1542,1184,792,392,1959,834,1125,15,2,13,17,6,11,1,0,1,0,0,0
13,261,District - Mon (01),Urban,30-34,2551,1323,1228,495,332,163,2006,980,1026,24,2,22,19,8,11,7,1,6,0,0,0
13,261,District - Mon (01),Urban,35-39,2189,1186,1003,186,113,73,1939,1052,887,30,4,26,29,14,15,5,3,2,0,0,0
13,261,District - Mon (01),Urban,40-44,1832,1044,788,64,45,19,1688,982,706,52,6,46,27,11,16,1,0,1,0,0,0
13,261,District - Mon (01),Urban,45-49,1334,822,512,27,20,7,1225,777,448,61,13,48,16,10,6,5,2,3,0,0,0
13,261,District - Mon (01),Urban,50-54,946,608,338,15,13,2,873,578,295,47,9,38,10,7,3,1,1,0,0,0,0
13,261,District - Mon (01),Urban,55-59,527,316,211,9,6,3,453,287,166,53,12,41,9,8,1,3,3,0,0,0,0
13,261,District - Mon (01),Urban,60-64,420,249,171,37,21,16,314,202,112,60,19,41,8,6,2,1,1,0,0,0,0
13,261,District - Mon (01),Urban,65-69,256,144,112,45,25,20,172,109,63,37,9,28,2,1,1,0,0,0,0,0,0
13,261,District - Mon (01),Urban,70-74,142,67,75,16,9,7,97,55,42,28,3,25,1,0,1,0,0,0,0,0,0
13,261,District - Mon (01),Urban,75-79,86,48,38,6,3,3,63,41,22,17,4,13,0,0,0,0,0,0,0,0,0
13,261,District - Mon (01),Urban,80+,114,51,63,15,7,8,64,41,23,35,3,32,0,0,0,0,0,0,0,0,0
13,261,District - Mon (01),Urban,Age not stated,27,14,13,20,10,10,6,3,3,1,1,0,0,0,0,0,0,0,0,0,0
13,261,District - Mon (01),Urban,Less than 18,15399,8027,7372,15258,7994,7264,132,28,104,5,3,2,4,2,2,0,0,0,0,0,0
13,261,District - Mon (01),Urban,Less than 21,17992,9337,8655,17550,9231,8319,424,96,328,7,4,3,11,6,5,0,0,0,0,0,0
13,262,District - Mokokchung (02),Total,All ages,194622,101092,93530,109803,59873,49930,75416,38615,36801,7072,1734,5338,1164,427,737,1167,443,724,0,0,0
13,262,District - Mokokchung (02),Total,0-9,31629,16264,15365,31629,16264,15365,0,0,0,0,0,0,0,0,0,0,0,0,0,0,0
13,262,District - Mokokchung (02),Total,10-14,22283,11749,10534,22068,11689,10379,197,52,145,11,5,6,4,1,3,3,2,1,0,0,0
13,262,District - Mokokchung (02),Total,15-19,20982,11084,9898,20073,10870,9203,867,206,661,19,4,15,18,3,15,5,1,4,0,0,0
13,262,District - Mokokchung (02),Total,20-24,18975,9925,9050,15407,8791,6616,3420,1105,2315,50,14,36,65,10,55,33,5,28,0,0,0
13,262,District - Mokokchung (02),Total,25-29,17374,8895,8479,9841,5835,4006,7141,2975,4166,137,28,109,156,31,125,99,26,73,0,0,0
13,262,District - Mokokchung (02),Total,30-34,16157,8208,7949,5236,3217,2019,10277,4829,5448,265,44,221,205,65,140,174,53,121,0,0,0
13,262,District - Mokokchung (02),Total,35-39,14063,7092,6971,2413,1486,927,10913,5395,5518,381,84,297,159,59,100,197,68,129,0,0,0
13,262,District - Mokokchung (02),Total,40-44,12399,6416,5983,1088,638,450,10437,5468,4969,507,138,369,157,64,93,210,108,102,0,0,0
13,262,District - Mokokchung (02),Total,45-49,10234,5522,4712,551,319,232,8875,4936,3939,525,139,386,134,62,72,149,66,83,0,0,0
13,262,District - Mokokchung (02),Total,50-54,8089,4354,3735,348,205,143,6947,3956,2991,592,114,478,89,42,47,113,37,76,0,0,0
13,262,District - Mokokchung (02),Total,55-59,5785,3092,2693,207,108,99,4858,2799,2059,613,136,477,46,21,25,61,28,33,0,0,0
13,262,District - Mokokchung (02),Total,60-64,4980,2573,2407,271,141,130,3867,2210,1657,742,176,566,51,24,27,49,22,27,0,0,0
13,262,District - Mokokchung (02),Total,65-69,3642,1851,1791,243,123,120,2676,1560,1116,665,140,525,21,13,8,37,15,22,0,0,0
13,262,District - Mokokchung (02),Total,70-74,2892,1470,1422,107,45,62,2060,1257,803,689,155,534,19,7,12,17,6,11,0,0,0
13,262,District - Mokokchung (02),Total,75-79,2112,1072,1040,68,23,45,1410,879,531,606,157,449,15,9,6,13,4,9,0,0,0
13,262,District - Mokokchung (02),Total,80+,2863,1438,1425,122,49,73,1442,972,470,1267,399,868,25,16,9,7,2,5,0,0,0
13,262,District - Mokokchung (02),Total,Age not stated,163,87,76,131,70,61,29,16,13,3,1,2,0,0,0,0,0,0,0,0,0
13,262,District - Mokokchung (02),Total,Less than 18,67040,34967,32073,66364,34799,31565,643,156,487,20,7,13,8,3,5,5,2,3,0,0,0
13,262,District - Mokokchung (02),Total,Less than 21,79331,41447,37884,77621,40999,36622,1634,428,1206,37,12,25,29,5,24,10,3,7,0,0,0
13,262,District - Mokokchung (02),Rural,All ages,138897,71373,67524,78989,42813,36176,53085,26566,26519,5208,1393,3815,862,305,557,753,296,457,0,0,0
13,262,District - Mokokchung (02),Rural,0-9,22977,11806,11171,22977,11806,11171,0,0,0,0,0,0,0,0,0,0,0,0,0,0,0
13,262,District - Mokokchung (02),Rural,10-14,15606,8141,7465,15456,8104,7352,136,31,105,7,3,4,4,1,3,3,2,1,0,0,0
13,262,District - Mokokchung (02),Rural,15-19,14919,7836,7083,14296,7680,6616,589,149,440,15,4,11,15,2,13,4,1,3,0,0,0
13,262,District - Mokokchung (02),Rural,20-24,13253,6856,6397,11012,6215,4797,2132,617,1515,40,13,27,46,9,37,23,2,21,0,0,0
13,262,District - Mokokchung (02),Rural,25-29,11608,5770,5838,6973,4073,2900,4346,1635,2711,105,24,81,112,22,90,72,16,56,0,0,0
13,262,District - Mokokchung (02),Rural,30-34,11173,5604,5569,3904,2415,1489,6829,3080,3749,177,32,145,152,42,110,111,35,76,0,0,0
13,262,District - Mokokchung (02),Rural,35-39,10005,4931,5074,1887,1142,745,7615,3638,3977,263,67,196,117,38,79,123,46,77,0,0,0
13,262,District - Mokokchung (02),Rural,40-44,8996,4596,4400,854,506,348,7530,3853,3677,356,110,246,117,49,68,139,78,61,0,0,0
13,262,District - Mokokchung (02),Rural,45-49,7371,3912,3459,427,248,179,6384,3468,2916,370,111,259,97,43,54,93,42,51,0,0,0
13,262,District - Mokokchung (02),Rural,50-54,5857,3121,2736,269,163,106,5034,2805,2229,424,99,325,61,31,30,69,23,46,0,0,0
13,262,District - Mokokchung (02),Rural,55-59,4209,2229,1980,166,95,71,3539,2001,1538,437,99,338,30,15,15,37,19,18,0,0,0
13,262,District - Mokokchung (02),Rural,60-64,3786,1947,1839,207,108,99,2946,1671,1275,563,142,421,38,13,25,32,13,19,0,0,0
13,262,District - Mokokchung (02),Rural,65-69,2730,1370,1360,194,100,94,2013,1143,870,480,106,374,18,10,8,25,11,14,0,0,0
13,262,District - Mokokchung (02),Rural,70-74,2273,1156,1117,90,36,54,1638,981,657,515,129,386,18,7,11,12,3,9,0,0,0
13,262,District - Mokokchung (02),Rural,75-79,1686,849,837,58,21,37,1145,688,457,464,129,335,13,8,5,6,3,3,0,0,0
13,262,District - Mokokchung (02),Rural,80+,2304,1175,1129,101,40,61,1186,794,392,989,324,665,24,15,9,4,2,2,0,0,0
13,262,District - Mokokchung (02),Rural,Age not stated,144,74,70,118,61,57,23,12,11,3,1,2,0,0,0,0,0,0,0,0,0
13,262,District - Mokokchung (02),Rural,Less than 18,47868,24834,23034,47404,24717,22687,437,107,330,15,5,10,8,3,5,4,2,2,0,0,0
13,262,District - Mokokchung (02),Rural,Less than 21,56832,29561,27271,55630,29240,26390,1145,306,839,26,9,17,23,3,20,8,3,5,0,0,0
13,262,District - Mokokchung (02),Urban,All ages,55725,29719,26006,30814,17060,13754,22331,12049,10282,1864,341,1523,302,122,180,414,147,267,0,0,0
13,262,District - Mokokchung (02),Urban,0-9,8652,4458,4194,8652,4458,4194,0,0,0,0,0,0,0,0,0,0,0,0,0,0,0
13,262,District - Mokokchung (02),Urban,10-14,6677,3608,3069,6612,3585,3027,61,21,40,4,2,2,0,0,0,0,0,0,0,0,0
13,262,District - Mokokchung (02),Urban,15-19,6063,3248,2815,5777,3190,2587,278,57,221,4,0,4,3,1,2,1,0,1,0,0,0
13,262,District - Mokokchung (02),Urban,20-24,5722,3069,2653,4395,2576,1819,1288,488,800,10,1,9,19,1,18,10,3,7,0,0,0
13,262,District - Mokokchung (02),Urban,25-29,5766,3125,2641,2868,1762,1106,2795,1340,1455,32,4,28,44,9,35,27,10,17,0,0,0
13,262,District - Mokokchung (02),Urban,30-34,4984,2604,2380,1332,802,530,3448,1749,1699,88,12,76,53,23,30,63,18,45,0,0,0
13,262,District - Mokokchung (02),Urban,35-39,4058,2161,1897,526,344,182,3298,1757,1541,118,17,101,42,21,21,74,22,52,0,0,0
13,262,District - Mokokchung (02),Urban,40-44,3403,1820,1583,234,132,102,2907,1615,1292,151,28,123,40,15,25,71,30,41,0,0,0
13,262,District - Mokokchung (02),Urban,45-49,2863,1610,1253,124,71,53,2491,1468,1023,155,28,127,37,19,18,56,24,32,0,0,0
13,262,District - Mokokchung (02),Urban,50-54,2232,1233,999,79,42,37,1913,1151,762,168,15,153,28,11,17,44,14,30,0,0,0
13,262,District - Mokokchung (02),Urban,55-59,1576,863,713,41,13,28,1319,798,521,176,37,139,16,6,10,24,9,15,0,0,0
13,262,District - Mokokchung (02),Urban,60-64,1194,626,568,64,33,31,921,539,382,179,34,145,13,11,2,17,9,8,0,0,0
13,262,District - Mokokchung (02),Urban,65-69,912,481,431,49,23,26,663,417,246,185,34,151,3,3,0,12,4,8,0,0,0
13,262,District - Mokokchung (02),Urban,70-74,619,314,305,17,9,8,422,276,146,174,26,148,1,0,1,5,3,2,0,0,0
13,262,District - Mokokchung (02),Urban,75-79,426,223,203,10,2,8,265,191,74,142,28,114,2,1,1,7,1,6,0,0,0
13,262,District - Mokokchung (02),Urban,80+,559,263,296,21,9,12,256,178,78,278,75,203,1,1,0,3,0,3,0,0,0
13,262,District - Mokokchung (02),Urban,Age not stated,19,13,6,13,9,4,6,4,2,0,0,0,0,0,0,0,0,0,0,0,0
13,262,District - Mokokchung (02),Urban,Less than 18,19172,10133,9039,18960,10082,8878,206,49,157,5,2,3,0,0,0,1,0,1,0,0,0
13,262,District - Mokokchung (02),Urban,Less than 21,22499,11886,10613,21991,11759,10232,489,122,367,11,3,8,6,2,4,2,0,2,0,0,0
13,263,District - Zunheboto (03),Total,All ages,140757,71217,69540,86957,45269,41688,49850,25219,24631,3466,517,2949,294,144,150,190,68,122,0,0,0
13,263,District - Zunheboto (03),Total,0-9,30289,15510,14779,30289,15510,14779,0,0,0,0,0,0,0,0,0,0,0,0,0,0,0
13,263,District - Zunheboto (03),Total,10-14,18764,9617,9147,18577,9560,9017,174,50,124,5,4,1,8,3,5,0,0,0,0,0,0
13,263,District - Zunheboto (03),Total,15-19,16714,8382,8332,15985,8224,7761,711,154,557,9,2,7,8,2,6,1,0,1,0,0,0
13,263,District - Zunheboto (03),Total,20-24,14006,6815,7191,10913,5852,5061,3045,951,2094,21,2,19,21,10,11,6,0,6,0,0,0
13,263,District - Zunheboto (03),Total,25-29,11936,5923,6013,5989,3398,2591,5845,2501,3344,45,8,37,31,9,22,26,7,19,0,0,0
13,263,District - Zunheboto (03),Total,30-34,10245,4999,5246,2703,1475,1228,7350,3473,3877,107,19,88,46,15,31,39,17,22,0,0,0
13,263,District - Zunheboto (03),Total,35-39,8508,4227,4281,973,520,453,7345,3657,3688,127,22,105,25,10,15,38,18,20,0,0,0
13,263,District - Zunheboto (03),Total,40-44,7566,3912,3654,509,247,262,6763,3609,3154,234,32,202,36,18,18,24,6,18,0,0,0
13,263,District - Zunheboto (03),Total,45-49,5948,3078,2870,225,107,118,5404,2919,2485,266,25,241,33,20,13,20,7,13,0,0,0
13,263,District - Zunheboto (03),Total,50-54,4878,2470,2408,207,90,117,4254,2316,1938,386,46,340,21,13,8,10,5,5,0,0,0
13,263,District - Zunheboto (03),Total,55-59,3178,1643,1535,90,49,41,2727,1547,1180,339,39,300,12,6,6,10,2,8,0,0,0
13,263,District - Zunheboto (03),Total,60-64,3059,1541,1518,173,81,92,2335,1398,937,531,52,479,15,8,7,5,2,3,0,0,0
13,263,District - Zunheboto (03),Total,65-69,2198,1153,1045,141,68,73,1617,1012,605,423,63,360,14,10,4,3,0,3,0,0,0
13,263,District - Zunheboto (03),Total,70-74,1617,841,776,64,25,39,1112,744,368,433,66,367,4,4,0,4,2,2,0,0,0
13,263,District - Zunheboto (03),Total,75-79,853,521,332,25,10,15,597,449,148,217,51,166,13,11,2,1,0,1,0,0,0
13,263,District - Zunheboto (03),Total,80+,947,551,396,55,25,30,562,433,129,320,86,234,7,5,2,3,2,1,0,0,0
13,263,District - Zunheboto (03),Total,Age not stated,51,34,17,39,28,11,9,6,3,3,0,3,0,0,0,0,0,0,0,0,0
13,263,District - Zunheboto (03),Total,Less than 18,59537,30363,29174,58973,30229,28744,543,125,418,10,5,5,10,4,6,1,0,1,0,0,0
13,263,District - Zunheboto (03),Total,Less than 21,69130,35219,33911,67714,34839,32875,1377,365,1012,17,7,10,19,8,11,3,0,3,0,0,0
13,263,District - Zunheboto (03),Rural,All ages,113160,56786,56374,69267,36165,33102,40376,19962,20414,3085,472,2613,264,127,137,168,60,108,0,0,0
13,263,District - Zunheboto (03),Rural,0-9,24733,12792,11941,24733,12792,11941,0,0,0,0,0,0,0,0,0,0,0,0,0,0,0
13,263,District - Zunheboto (03),Rural,10-14,14837,7668,7169,14691,7620,7071,136,42,94,4,3,1,6,3,3,0,0,0,0,0,0
13,263,District - Zunheboto (03),Rural,15-19,13103,6637,6466,12499,6506,5993,589,128,461,7,1,6,7,2,5,1,0,1,0,0,0
13,263,District - Zunheboto (03),Rural,20-24,10957,5220,5737,8399,4439,3960,2515,772,1743,19,2,17,18,7,11,6,0,6,0,0,0
13,263,District - Zunheboto (03),Rural,25-29,9278,4476,4802,4644,2591,2053,4546,1862,2684,35,7,28,30,9,21,23,7,16,0,0,0
13,263,District - Zunheboto (03),Rural,30-34,8209,3936,4273,2194,1186,1008,5846,2703,3143,89,16,73,43,15,28,37,16,21,0,0,0
13,263,District - Zunheboto (03),Rural,35-39,6768,3286,3482,797,421,376,5815,2823,2992,100,18,82,23,8,15,33,16,17,0,0,0
13,263,District - Zunheboto (03),Rural,40-44,6044,3010,3034,448,207,241,5352,2752,2600,190,29,161,33,17,16,21,5,16,0,0,0
13,263,District - Zunheboto (03),Rural,45-49,4722,2380,2342,178,80,98,4279,2255,2024,222,22,200,28,17,11,15,6,9,0,0,0
13,263,District - Zunheboto (03),Rural,50-54,4069,1986,2083,186,80,106,3520,1854,1666,336,38,298,19,11,8,8,3,5,0,0,0
13,263,District - Zunheboto (03),Rural,55-59,2715,1365,1350,86,46,40,2303,1275,1028,305,36,269,12,6,6,9,2,7,0,0,0
13,263,District - Zunheboto (03),Rural,60-64,2674,1301,1373,152,70,82,2026,1179,847,480,46,434,12,5,7,4,1,3,0,0,0
13,263,District - Zunheboto (03),Rural,65-69,1929,986,943,108,51,57,1414,865,549,391,61,330,13,9,4,3,0,3,0,0,0
13,263,District - Zunheboto (03),Rural,70-74,1453,746,707,51,19,32,992,660,332,403,62,341,3,3,0,4,2,2,0,0,0
13,263,District - Zunheboto (03),Rural,75-79,771,468,303,22,10,12,537,402,135,200,46,154,11,10,1,1,0,1,0,0,0
13,263,District - Zunheboto (03),Rural,80+,855,499,356,47,22,25,498,385,113,301,85,216,6,5,1,3,2,1,0,0,0
13,263,District - Zunheboto (03),Rural,Age not stated,43,30,13,32,25,7,8,5,3,3,0,3,0,0,0,0,0,0,0,0,0
13,263,District - Zunheboto (03),Rural,Less than 18,47780,24628,23152,47322,24516,22806,441,105,336,8,3,5,8,4,4,1,0,1,0,0,0
13,263,District - Zunheboto (03),Rural,Less than 21,55375,28460,26915,54182,28132,26050,1161,316,845,14,5,9,15,7,8,3,0,3,0,0,0
13,263,District - Zunheboto (03),Urban,All ages,27597,14431,13166,17690,9104,8586,9474,5257,4217,381,45,336,30,17,13,22,8,14,0,0,0
13,263,District - Zunheboto (03),Urban,0-9,5556,2718,2838,5556,2718,2838,0,0,0,0,0,0,0,0,0,0,0,0,0,0,0
13,263,District - Zunheboto (03),Urban,10-14,3927,1949,1978,3886,1940,1946,38,8,30,1,1,0,2,0,2,0,0,0,0,0,0
13,263,District - Zunheboto (03),Urban,15-19,3611,1745,1866,3486,1718,1768,122,26,96,2,1,1,1,0,1,0,0,0,0,0,0
13,263,District - Zunheboto (03),Urban,20-24,3049,1595,1454,2514,1413,1101,530,179,351,2,0,2,3,3,0,0,0,0,0,0,0
13,263,District - Zunheboto (03),Urban,25-29,2658,1447,1211,1345,807,538,1299,639,660,10,1,9,1,0,1,3,0,3,0,0,0
13,263,District - Zunheboto (03),Urban,30-34,2036,1063,973,509,289,220,1504,770,734,18,3,15,3,0,3,2,1,1,0,0,0
13,263,District - Zunheboto (03),Urban,35-39,1740,941,799,176,99,77,1530,834,696,27,4,23,2,2,0,5,2,3,0,0,0
13,263,District - Zunheboto (03),Urban,40-44,1522,902,620,61,40,21,1411,857,554,44,3,41,3,1,2,3,1,2,0,0,0
13,263,District - Zunheboto (03),Urban,45-49,1226,698,528,47,27,20,1125,664,461,44,3,41,5,3,2,5,1,4,0,0,0
13,263,District - Zunheboto (03),Urban,50-54,809,484,325,21,10,11,734,462,272,50,8,42,2,2,0,2,2,0,0,0,0
13,263,District - Zunheboto (03),Urban,55-59,463,278,185,4,3,1,424,272,152,34,3,31,0,0,0,1,0,1,0,0,0
13,263,District - Zunheboto (03),Urban,60-64,385,240,145,21,11,10,309,219,90,51,6,45,3,3,0,1,1,0,0,0,0
13,263,District - Zunheboto (03),Urban,65-69,269,167,102,33,17,16,203,147,56,32,2,30,1,1,0,0,0,0,0,0,0
13,263,District - Zunheboto (03),Urban,70-74,164,95,69,13,6,7,120,84,36,30,4,26,1,1,0,0,0,0,0,0,0
13,263,District - Zunheboto (03),Urban,75-79,82,53,29,3,0,3,60,47,13,17,5,12,2,1,1,0,0,0,0,0,0
13,263,District - Zunheboto (03),Urban,80+,92,52,40,8,3,5,64,48,16,19,1,18,1,0,1,0,0,0,0,0,0
13,263,District - Zunheboto (03),Urban,Age not stated,8,4,4,7,3,4,1,1,0,0,0,0,0,0,0,0,0,0,0,0,0
13,263,District - Zunheboto (03),Urban,Less than 18,11757,5735,6022,11651,5713,5938,102,20,82,2,2,0,2,0,2,0,0,0,0,0,0
13,263,District - Zunheboto (03),Urban,Less than 21,13755,6759,6996,13532,6707,6825,216,49,167,3,2,1,4,1,3,0,0,0,0,0,0
13,264,District - Wokha (04),Total,All ages,166343,84505,81838,102820,53919,48901,59289,29649,29640,3374,583,2791,493,237,256,367,117,250,0,0,0
13,264,District - Wokha (04),Total,0-9,30436,15558,14878,30436,15558,14878,0,0,0,0,0,0,0,0,0,0,0,0,0,0,0
13,264,District - Wokha (04),Total,10-14,21037,10657,10380,20833,10591,10242,194,63,131,3,1,2,7,2,5,0,0,0,0,0,0
13,264,District - Wokha (04),Total,15-19,21484,11069,10415,20562,10868,9694,903,194,709,7,1,6,11,6,5,1,0,1,0,0,0
13,264,District - Wokha (04),Total,20-24,18977,9411,9566,15255,8392,6863,3641,990,2651,30,9,21,25,14,11,26,6,20,0,0,0
13,264,District - Wokha (04),Total,25-29,15017,7211,7806,8156,4569,3587,6713,2585,4128,54,16,38,53,25,28,41,16,25,0,0,0
13,264,District - Wokha (04),Total,30-34,12545,6239,6306,3854,2172,1682,8389,3975,4414,138,38,100,84,33,51,80,21,59,0,0,0
13,264,District - Wokha (04),Total,35-39,10620,5254,5366,1635,858,777,8680,4304,4376,185,36,149,60,33,27,60,23,37,0,0,0
13,264,District - Wokha (04),Total,40-44,9350,4683,4667,768,365,403,8204,4204,4000,263,61,202,62,32,30,53,21,32,0,0,0
13,264,District - Wokha (04),Total,45-49,7995,4201,3794,375,160,215,7244,3975,3269,288,29,259,48,24,24,40,13,27,0,0,0
13,264,District - Wokha (04),Total,50-54,6079,3215,2864,247,89,158,5374,3032,2342,386,60,326,50,26,24,22,8,14,0,0,0
13,264,District - Wokha (04),Total,55-59,4048,2184,1864,144,42,102,3532,2097,1435,336,40,296,22,2,20,14,3,11,0,0,0
13,264,District - Wokha (04),Total,60-64,3323,1834,1489,190,69,121,2675,1705,970,420,44,376,27,15,12,11,1,10,0,0,0
13,264,District - Wokha (04),Total,65-69,2099,1147,952,155,75,80,1583,1015,568,338,47,291,13,7,6,10,3,7,0,0,0
13,264,District - Wokha (04),Total,70-74,1405,735,670,54,22,32,983,659,324,350,46,304,12,7,5,6,1,5,0,0,0
13,264,District - Wokha (04),Total,75-79,797,450,347,26,13,13,537,379,158,226,54,172,5,3,2,3,1,2,0,0,0
13,264,District - Wokha (04),Total,80+,1060,604,456,75,34,41,622,461,161,350,101,249,13,8,5,0,0,0,0,0,0
13,264,District - Wokha (04),Total,Age not stated,71,53,18,55,42,13,15,11,4,0,0,0,1,0,1,0,0,0,0,0,0
13,264,District - Wokha (04),Total,Less than 18,64549,32969,31580,63916,32802,31114,616,162,454,9,2,7,8,3,5,0,0,0,0,0,0
13,264,District - Wokha (04),Total,Less than 21,77687,39659,38028,75928,39241,36687,1719,404,1315,15,3,12,21,9,12,4,2,2,0,0,0
13,264,District - Wokha (04),Rural,All ages,131339,66435,64904,80493,42192,38301,47217,23434,23783,2916,523,2393,378,179,199,335,107,228,0,0,0
13,264,District - Wokha (04),Rural,0-9,24783,12691,12092,24783,12691,12092,0,0,0,0,0,0,0,0,0,0,0,0,0,0,0
13,264,District - Wokha (04),Rural,10-14,16871,8608,8263,16701,8549,8152,162,57,105,3,1,2,5,1,4,0,0,0,0,0,0
13,264,District - Wokha (04),Rural,15-19,16513,8538,7975,15785,8375,7410,711,158,553,6,0,6,10,5,5,1,0,1,0,0,0
13,264,District - Wokha (04),Rural,20-24,14349,7150,7199,11471,6364,5107,2808,761,2047,26,8,18,21,11,10,23,6,17,0,0,0
13,264,District - Wokha (04),Rural,25-29,11197,5297,5900,5967,3289,2678,5107,1960,3147,43,15,28,42,19,23,38,14,24,0,0,0
13,264,District - Wokha (04),Rural,30-34,9556,4627,4929,2872,1603,1269,6425,2939,3486,116,36,80,68,28,40,75,21,54,0,0,0
13,264,District - Wokha (04),Rural,35-39,8346,4046,4300,1232,629,603,6877,3344,3533,144,31,113,42,21,21,51,21,30,0,0,0
13,264,District - Wokha (04),Rural,40-44,7458,3690,3768,607,271,336,6528,3319,3209,223,55,168,50,26,24,50,19,31,0,0,0
13,264,District - Wokha (04),Rural,45-49,6403,3358,3045,305,122,183,5798,3180,2618,231,27,204,32,17,15,37,12,25,0,0,0
13,264,District - Wokha (04),Rural,50-54,4934,2542,2392,204,70,134,4355,2397,1958,323,50,273,31,17,14,21,8,13,0,0,0
13,264,District - Wokha (04),Rural,55-59,3375,1784,1591,128,36,92,2933,1710,1223,285,34,251,17,2,15,12,2,10,0,0,0
13,264,District - Wokha (04),Rural,60-64,2832,1537,1295,167,59,108,2254,1425,829,379,41,338,22,11,11,10,1,9,0,0,0
13,264,District - Wokha (04),Rural,65-69,1811,976,835,123,54,69,1372,875,497,297,40,257,11,6,5,8,1,7,0,0,0
13,264,District - Wokha (04),Rural,70-74,1220,621,599,41,15,26,846,555,291,317,44,273,10,6,4,6,1,5,0,0,0
13,264,District - Wokha (04),Rural,75-79,715,400,315,24,12,12,480,337,143,204,48,156,4,2,2,3,1,2,0,0,0
13,264,District - Wokha (04),Rural,80+,918,527,391,37,19,18,550,408,142,319,93,226,12,7,5,0,0,0,0,0,0
13,264,District - Wokha (04),Rural,Age not stated,58,43,15,46,34,12,11,9,2,0,0,0,1,0,1,0,0,0,0,0,0
13,264,District - Wokha (04),Rural,Less than 18,51712,26511,25201,51203,26374,24829,495,134,361,8,1,7,6,2,4,0,0,0,0,0,0
13,264,District - Wokha (04),Rural,Less than 21,61828,31688,30140,60421,31345,29076,1371,332,1039,14,2,12,18,7,11,4,2,2,0,0,0
13,264,District - Wokha (04),Urban,All ages,35004,18070,16934,22327,11727,10600,12072,6215,5857,458,60,398,115,58,57,32,10,22,0,0,0
13,264,District - Wokha (04),Urban,0-9,5653,2867,2786,5653,2867,2786,0,0,0,0,0,0,0,0,0,0,0,0,0,0,0
13,264,District - Wokha (04),Urban,10-14,4166,2049,2117,4132,2042,2090,32,6,26,0,0,0,2,1,1,0,0,0,0,0,0
13,264,District - Wokha (04),Urban,15-19,4971,2531,2440,4777,2493,2284,192,36,156,1,1,0,1,1,0,0,0,0,0,0,0
13,264,District - Wokha (04),Urban,20-24,4628,2261,2367,3784,2028,1756,833,229,604,4,1,3,4,3,1,3,0,3,0,0,0
13,264,District - Wokha (04),Urban,25-29,3820,1914,1906,2189,1280,909,1606,625,981,11,1,10,11,6,5,3,2,1,0,0,0
13,264,District - Wokha (04),Urban,30-34,2989,1612,1377,982,569,413,1964,1036,928,22,2,20,16,5,11,5,0,5,0,0,0
13,264,District - Wokha (04),Urban,35-39,2274,1208,1066,403,229,174,1803,960,843,41,5,36,18,12,6,9,2,7,0,0,0
13,264,District - Wokha (04),Urban,40-44,1892,993,899,161,94,67,1676,885,791,40,6,34,12,6,6,3,2,1,0,0,0
13,264,District - Wokha (04),Urban,45-49,1592,843,749,70,38,32,1446,795,651,57,2,55,16,7,9,3,1,2,0,0,0
13,264,District - Wokha (04),Urban,50-54,1145,673,472,43,19,24,1019,635,384,63,10,53,19,9,10,1,0,1,0,0,0
13,264,District - Wokha (04),Urban,55-59,673,400,273,16,6,10,599,387,212,51,6,45,5,0,5,2,1,1,0,0,0
13,264,District - Wokha (04),Urban,60-64,491,297,194,23,10,13,421,280,141,41,3,38,5,4,1,1,0,1,0,0,0
13,264,District - Wokha (04),Urban,65-69,288,171,117,32,21,11,211,140,71,41,7,34,2,1,1,2,2,0,0,0,0
13,264,District - Wokha (04),Urban,70-74,185,114,71,13,7,6,137,104,33,33,2,31,2,1,1,0,0,0,0,0,0
13,264,District - Wokha (04),Urban,75-79,82,50,32,2,1,1,57,42,15,22,6,16,1,1,0,0,0,0,0,0,0
13,264,District - Wokha (04),Urban,80+,142,77,65,38,15,23,72,53,19,31,8,23,1,1,0,0,0,0,0,0,0
13,264,District - Wokha (04),Urban,Age not stated,13,10,3,9,8,1,4,2,2,0,0,0,0,0,0,0,0,0,0,0,0
13,264,District - Wokha (04),Urban,Less than 18,12837,6458,6379,12713,6428,6285,121,28,93,1,1,0,2,1,1,0,0,0,0,0,0
13,264,District - Wokha (04),Urban,Less than 21,15859,7971,7888,15507,7896,7611,348,72,276,1,1,0,3,2,1,0,0,0,0,0,0
13,265,District - Dimapur  (05),Total,All ages,378811,197394,181417,215314,116013,99301,152128,79184,72944,9262,1424,7838,1085,456,629,1022,317,705,0,0,0
13,265,District - Dimapur  (05),Total,0-9,75131,38421,36710,75131,38421,36710,0,0,0,0,0,0,0,0,0,0,0,0,0,0,0
13,265,District - Dimapur  (05),Total,10-14,43127,21985,21142,42506,21767,20739,578,201,377,23,8,15,16,8,8,4,1,3,0,0,0
13,265,District - Dimapur  (05),Total,15-19,42075,21432,20643,38966,20846,18120,3050,572,2478,27,5,22,24,8,16,8,1,7,0,0,0
13,265,District - Dimapur  (05),Total,20-24,43510,21892,21618,30432,17940,12492,12840,3904,8936,89,18,71,79,20,59,70,10,60,0,0,0
13,265,District - Dimapur  (05),Total,25-29,39549,20236,19313,16361,10134,6227,22675,9975,12700,222,37,185,153,54,99,138,36,102,0,0,0
13,265,District - Dimapur  (05),Total,30-34,32048,16504,15544,6366,3886,2480,24899,12437,12462,475,76,399,146,49,97,162,56,106,0,0,0
13,265,District - Dimapur  (05),Total,35-39,26913,13876,13037,2394,1383,1011,23491,12287,11204,682,79,603,194,77,117,152,50,102,0,0,0
13,265,District - Dimapur  (05),Total,40-44,21976,11999,9977,982,509,473,19822,11280,8542,899,105,794,121,55,66,152,50,102,0,0,0
13,265,District - Dimapur  (05),Total,45-49,17664,10010,7654,511,257,254,15830,9515,6315,1109,150,959,109,51,58,105,37,68,0,0,0
13,265,District - Dimapur  (05),Total,50-54,12340,7036,5304,322,172,150,10810,6690,4120,1056,118,938,64,28,36,88,28,60,0,0,0
13,265,District - Dimapur  (05),Total,55-59,8021,4703,3318,214,108,106,6783,4407,2376,926,141,785,55,33,22,43,14,29,0,0,0
13,265,District - Dimapur  (05),Total,60-64,6210,3658,2552,294,157,137,4808,3303,1505,1014,160,854,50,26,24,44,12,32,0,0,0
13,265,District - Dimapur  (05),Total,65-69,3986,2239,1747,341,170,171,2794,1912,882,811,136,675,21,13,8,19,8,11,0,0,0
13,265,District - Dimapur  (05),Total,70-74,2618,1451,1167,130,57,73,1747,1258,489,705,116,589,21,14,7,15,6,9,0,0,0
13,265,District - Dimapur  (05),Total,75-79,1464,793,671,49,25,24,935,676,259,458,84,374,14,6,8,8,2,6,0,0,0
13,265,District - Dimapur  (05),Total,80+,1979,1043,936,180,99,81,1005,734,271,763,190,573,17,14,3,14,6,8,0,0,0
13,265,District - Dimapur  (05),Total,Age not stated,200,116,84,135,82,53,61,33,28,3,1,2,1,0,1,0,0,0,0,0,0
13,265,District - Dimapur  (05),Total,Less than 18,143451,73212,70239,141618,72754,68864,1765,435,1330,36,11,25,26,11,15,6,1,5,0,0,0
13,265,District - Dimapur  (05),Total,Less than 21,170067,86553,83514,164110,85280,78830,5819,1238,4581,66,16,50,52,17,35,20,2,18,0,0,0
13,265,District - Dimapur  (05),Rural,All ages,180942,93435,87507,106806,57369,49437,68739,34944,33795,4313,716,3597,549,225,324,535,181,354,0,0,0
13,265,District - Dimapur  (05),Rural,0-9,38733,19733,19000,38733,19733,19000,0,0,0,0,0,0,0,0,0,0,0,0,0,0,0
13,265,District - Dimapur  (05),Rural,10-14,22575,11508,11067,22296,11410,10886,261,91,170,9,3,6,8,4,4,1,0,1,0,0,0
13,265,District - Dimapur  (05),Rural,15-19,21135,10723,10412,19565,10441,9124,1542,276,1266,14,2,12,9,3,6,5,1,4,0,0,0
13,265,District - Dimapur  (05),Rural,20-24,20787,10779,10008,14376,8730,5646,6281,2021,4260,40,11,29,47,10,37,43,7,36,0,0,0
13,265,District - Dimapur  (05),Rural,25-29,17336,8870,8466,6930,4263,2667,10131,4533,5598,103,17,86,95,34,61,77,23,54,0,0,0
13,265,District - Dimapur  (05),Rural,30-34,13650,6772,6878,2590,1543,1047,10686,5137,5549,215,35,180,73,21,52,86,36,50,0,0,0
13,265,District - Dimapur  (05),Rural,35-39,11533,5691,5842,941,529,412,10125,5049,5076,297,38,259,92,44,48,78,31,47,0,0,0
13,265,District - Dimapur  (05),Rural,40-44,9680,5059,4621,416,202,214,8753,4759,3994,402,48,354,43,26,17,66,24,42,0,0,0
13,265,District - Dimapur  (05),Rural,45-49,7806,4315,3491,192,99,93,7053,4110,2943,470,71,399,47,18,29,44,17,27,0,0,0
13,265,District - Dimapur  (05),Rural,50-54,5617,3100,2517,135,74,61,4941,2949,1992,459,51,408,31,11,20,51,15,36,0,0,0
13,265,District - Dimapur  (05),Rural,55-59,3633,2083,1550,90,46,44,3095,1946,1149,396,69,327,26,14,12,26,8,18,0,0,0
13,265,District - Dimapur  (05),Rural,60-64,3060,1784,1276,139,77,62,2364,1605,759,500,82,418,30,12,18,27,8,19,0,0,0
13,265,District - Dimapur  (05),Rural,65-69,2010,1131,879,145,73,72,1464,981,483,379,65,314,13,7,6,9,5,4,0,0,0
13,265,District - Dimapur  (05),Rural,70-74,1395,787,608,62,27,35,946,685,261,363,62,301,14,9,5,10,4,6,0,0,0
13,265,District - Dimapur  (05),Rural,75-79,782,427,355,23,12,11,505,365,140,241,46,195,9,3,6,4,1,3,0,0,0
13,265,District - Dimapur  (05),Rural,80+,1061,584,477,71,46,25,548,413,135,423,115,308,11,9,2,8,1,7,0,0,0
13,265,District - Dimapur  (05),Rural,Age not stated,149,89,60,102,64,38,44,24,20,2,1,1,1,0,1,0,0,0,0,0,0
13,265,District - Dimapur  (05),Rural,Less than 18,74200,37703,36497,73317,37506,35811,855,188,667,16,4,12,10,5,5,2,0,2,0,0,0
13,265,District - Dimapur  (05),Rural,Less than 21,87277,44419,42858,84314,43781,40533,2895,623,2272,31,6,25,26,8,18,11,1,10,0,0,0
13,265,District - Dimapur  (05),Urban,All ages,197869,103959,93910,108508,58644,49864,83389,44240,39149,4949,708,4241,536,231,305,487,136,351,0,0,0
13,265,District - Dimapur  (05),Urban,0-9,36398,18688,17710,36398,18688,17710,0,0,0,0,0,0,0,0,0,0,0,0,0,0,0
13,265,District - Dimapur  (05),Urban,10-14,20552,10477,10075,20210,10357,9853,317,110,207,14,5,9,8,4,4,3,1,2,0,0,0
13,265,District - Dimapur  (05),Urban,15-19,20940,10709,10231,19401,10405,8996,1508,296,1212,13,3,10,15,5,10,3,0,3,0,0,0
13,265,District - Dimapur  (05),Urban,20-24,22723,11113,11610,16056,9210,6846,6559,1883,4676,49,7,42,32,10,22,27,3,24,0,0,0
13,265,District - Dimapur  (05),Urban,25-29,22213,11366,10847,9431,5871,3560,12544,5442,7102,119,20,99,58,20,38,61,13,48,0,0,0
13,265,District - Dimapur  (05),Urban,30-34,18398,9732,8666,3776,2343,1433,14213,7300,6913,260,41,219,73,28,45,76,20,56,0,0,0
13,265,District - Dimapur  (05),Urban,35-39,15380,8185,7195,1453,854,599,13366,7238,6128,385,41,344,102,33,69,74,19,55,0,0,0
13,265,District - Dimapur  (05),Urban,40-44,12296,6940,5356,566,307,259,11069,6521,4548,497,57,440,78,29,49,86,26,60,0,0,0
13,265,District - Dimapur  (05),Urban,45-49,9858,5695,4163,319,158,161,8777,5405,3372,639,79,560,62,33,29,61,20,41,0,0,0
13,265,District - Dimapur  (05),Urban,50-54,6723,3936,2787,187,98,89,5869,3741,2128,597,67,530,33,17,16,37,13,24,0,0,0
13,265,District - Dimapur  (05),Urban,55-59,4388,2620,1768,124,62,62,3688,2461,1227,530,72,458,29,19,10,17,6,11,0,0,0
13,265,District - Dimapur  (05),Urban,60-64,3150,1874,1276,155,80,75,2444,1698,746,514,78,436,20,14,6,17,4,13,0,0,0
13,265,District - Dimapur  (05),Urban,65-69,1976,1108,868,196,97,99,1330,931,399,432,71,361,8,6,2,10,3,7,0,0,0
13,265,District - Dimapur  (05),Urban,70-74,1223,664,559,68,30,38,801,573,228,342,54,288,7,5,2,5,2,3,0,0,0
13,265,District - Dimapur  (05),Urban,75-79,682,366,316,26,13,13,430,311,119,217,38,179,5,3,2,4,1,3,0,0,0
13,265,District - Dimapur  (05),Urban,80+,918,459,459,109,53,56,457,321,136,340,75,265,6,5,1,6,5,1,0,0,0
13,265,District - Dimapur  (05),Urban,Age not stated,51,27,24,33,18,15,17,9,8,1,0,1,0,0,0,0,0,0,0,0,0
13,265,District - Dimapur  (05),Urban,Less than 18,69251,35509,33742,68301,35248,33053,910,247,663,20,7,13,16,6,10,4,1,3,0,0,0
13,265,District - Dimapur  (05),Urban,Less than 21,82790,42134,40656,79796,41499,38297,2924,615,2309,35,10,25,26,9,17,9,1,8,0,0,0
13,266,District - Phek (06),Total,All ages,163418,83743,79675,99086,52756,46330,57505,28949,28556,4729,1248,3481,1302,517,785,796,273,523,0,0,0
13,266,District - Phek (06),Total,0-9,40486,21135,19351,40486,21135,19351,0,0,0,0,0,0,0,0,0,0,0,0,0,0,0
13,266,District - Phek (06),Total,10-14,21423,11151,10272,21223,11087,10136,183,56,127,8,5,3,8,2,6,1,1,0,0,0,0
13,266,District - Phek (06),Total,15-19,17525,8885,8640,16452,8657,7795,1020,214,806,15,7,8,32,7,25,6,0,6,0,0,0
13,266,District - Phek (06),Total,20-24,15008,7390,7618,10155,5787,4368,4617,1540,3077,60,14,46,125,39,86,51,10,41,0,0,0
13,266,District - Phek (06),Total,25-29,14072,6910,7162,5413,3160,2253,8275,3627,4648,99,22,77,186,67,119,99,34,65,0,0,0
13,266,District - Phek (06),Total,30-34,12368,6204,6164,2512,1448,1064,9302,4567,4735,196,54,142,225,85,140,133,50,83,0,0,0
13,266,District - Phek (06),Total,35-39,10330,5163,5167,1089,571,518,8700,4411,4289,248,69,179,176,81,95,117,31,86,0,0,0
13,266,District - Phek (06),Total,40-44,8591,4474,4117,566,272,294,7380,4026,3354,382,85,297,142,56,86,121,35,86,0,0,0
13,266,District - Phek (06),Total,45-49,6553,3572,2981,312,177,135,5645,3224,2421,407,92,315,109,51,58,80,28,52,0,0,0
13,266,District - Phek (06),Total,50-54,5003,2720,2283,219,125,94,4154,2415,1739,486,110,376,89,45,44,55,25,30,0,0,0
13,266,District - Phek (06),Total,55-59,3221,1689,1532,133,74,59,2570,1481,1089,425,86,339,58,31,27,35,17,18,0,0,0
13,266,District - Phek (06),Total,60-64,2957,1423,1534,167,80,87,2155,1205,950,555,115,440,45,9,36,35,14,21,0,0,0
13,266,District - Phek (06),Total,65-69,2080,1058,1022,140,75,65,1400,837,563,477,124,353,42,14,28,21,8,13,0,0,0
13,266,District - Phek (06),Total,70-74,1588,789,799,65,29,36,966,597,369,509,140,369,22,8,14,26,15,11,0,0,0
13,266,District - Phek (06),Total,75-79,934,483,451,24,12,12,543,346,197,346,116,230,17,8,9,4,1,3,0,0,0
13,266,District - Phek (06),Total,80+,1186,639,547,60,25,35,577,391,186,512,206,306,26,14,12,11,3,8,0,0,0
13,266,District - Phek (06),Total,Age not stated,93,58,35,70,42,28,18,12,6,4,3,1,0,0,0,1,1,0,0,0,0
13,266,District - Phek (06),Total,Less than 18,73023,37968,35055,72357,37806,34551,628,148,480,17,8,9,19,5,14,2,1,1,0,0,0
13,266,District - Phek (06),Total,Less than 21,83044,42944,40100,80981,42430,38551,1955,482,1473,28,14,14,63,15,48,17,3,14,0,0,0
13,266,District - Phek (06),Rural,All ages,138843,70529,68314,84332,44736,39596,48461,23972,24489,4243,1143,3100,1109,439,670,698,239,459,0,0,0
13,266,District - Phek (06),Rural,0-9,35356,18522,16834,35356,18522,16834,0,0,0,0,0,0,0,0,0,0,0,0,0,0,0
13,266,District - Phek (06),Rural,10-14,18207,9495,8712,18035,9437,8598,155,50,105,8,5,3,8,2,6,1,1,0,0,0,0
13,266,District - Phek (06),Rural,15-19,14567,7368,7199,13663,7161,6502,857,195,662,12,5,7,30,7,23,5,0,5,0,0,0
13,266,District - Phek (06),Rural,20-24,12441,6021,6420,8268,4640,3628,3961,1324,2637,56,14,42,111,34,77,45,9,36,0,0,0
13,266,District - Phek (06),Rural,25-29,11606,5543,6063,4369,2484,1885,6889,2944,3945,91,21,70,169,64,105,88,30,58,0,0,0
13,266,District - Phek (06),Rural,30-34,10486,5197,5289,2127,1209,918,7879,3818,4061,166,50,116,202,78,124,112,42,70,0,0,0
13,266,District - Phek (06),Rural,35-39,8528,4175,4353,944,493,451,7126,3531,3595,215,60,155,143,65,78,100,26,74,0,0,0
13,266,District - Phek (06),Rural,40-44,7146,3578,3568,512,241,271,6062,3185,2877,344,78,266,123,46,77,105,28,77,0,0,0
13,266,District - Phek (06),Rural,45-49,5466,2926,2540,284,157,127,4661,2615,2046,359,83,276,92,45,47,70,26,44,0,0,0
13,266,District - Phek (06),Rural,50-54,4259,2275,1984,195,107,88,3510,2014,1496,435,101,334,68,29,39,51,24,27,0,0,0
13,266,District - Phek (06),Rural,55-59,2762,1402,1360,115,61,54,2191,1227,964,379,75,304,48,26,22,29,13,16,0,0,0
13,266,District - Phek (06),Rural,60-64,2650,1261,1389,150,70,80,1945,1065,880,492,106,386,29,7,22,34,13,21,0,0,0
13,266,District - Phek (06),Rural,65-69,1879,964,915,126,65,61,1282,768,514,421,112,309,32,12,20,18,7,11,0,0,0
13,266,District - Phek (06),Rural,70-74,1464,721,743,50,21,29,898,547,351,473,130,343,18,8,10,25,15,10,0,0,0
13,266,District - Phek (06),Rural,75-79,860,444,416,20,9,11,499,319,180,322,109,213,15,6,9,4,1,3,0,0,0
13,266,District - Phek (06),Rural,80+,1083,586,497,53,21,32,532,361,171,467,191,276,21,10,11,10,3,7,0,0,0
13,266,District - Phek (06),Rural,Age not stated,83,51,32,65,38,27,14,9,5,3,3,0,0,0,0,1,1,0,0,0,0
13,266,District - Phek (06),Rural,Less than 18,62814,32726,30088,62247,32578,29669,532,135,397,15,7,8,18,5,13,2,1,1,0,0,0
13,266,District - Phek (06),Rural,Less than 21,71176,36865,34311,69405,36408,32997,1670,428,1242,25,12,13,60,14,46,16,3,13,0,0,0
13,266,District - Phek (06),Urban,All ages,24575,13214,11361,14754,8020,6734,9044,4977,4067,486,105,381,193,78,115,98,34,64,0,0,0
13,266,District - Phek (06),Urban,0-9,5130,2613,2517,5130,2613,2517,0,0,0,0,0,0,0,0,0,0,0,0,0,0,0
13,266,District - Phek (06),Urban,10-14,3216,1656,1560,3188,1650,1538,28,6,22,0,0,0,0,0,0,0,0,0,0,0,0
13,266,District - Phek (06),Urban,15-19,2958,1517,1441,2789,1496,1293,163,19,144,3,2,1,2,0,2,1,0,1,0,0,0
13,266,District - Phek (06),Urban,20-24,2567,1369,1198,1887,1147,740,656,216,440,4,0,4,14,5,9,6,1,5,0,0,0
13,266,District - Phek (06),Urban,25-29,2466,1367,1099,1044,676,368,1386,683,703,8,1,7,17,3,14,11,4,7,0,0,0
13,266,District - Phek (06),Urban,30-34,1882,1007,875,385,239,146,1423,749,674,30,4,26,23,7,16,21,8,13,0,0,0
13,266,District - Phek (06),Urban,35-39,1802,988,814,145,78,67,1574,880,694,33,9,24,33,16,17,17,5,12,0,0,0
13,266,District - Phek (06),Urban,40-44,1445,896,549,54,31,23,1318,841,477,38,7,31,19,10,9,16,7,9,0,0,0
13,266,District - Phek (06),Urban,45-49,1087,646,441,28,20,8,984,609,375,48,9,39,17,6,11,10,2,8,0,0,0
13,266,District - Phek (06),Urban,50-54,744,445,299,24,18,6,644,401,243,51,9,42,21,16,5,4,1,3,0,0,0
13,266,District - Phek (06),Urban,55-59,459,287,172,18,13,5,379,254,125,46,11,35,10,5,5,6,4,2,0,0,0
13,266,District - Phek (06),Urban,60-64,307,162,145,17,10,7,210,140,70,63,9,54,16,2,14,1,1,0,0,0,0
13,266,District - Phek (06),Urban,65-69,201,94,107,14,10,4,118,69,49,56,12,44,10,2,8,3,1,2,0,0,0
13,266,District - Phek (06),Urban,70-74,124,68,56,15,8,7,68,50,18,36,10,26,4,0,4,1,0,1,0,0,0
13,266,District - Phek (06),Urban,75-79,74,39,35,4,3,1,44,27,17,24,7,17,2,2,0,0,0,0,0,0,0
13,266,District - Phek (06),Urban,80+,103,53,50,7,4,3,45,30,15,45,15,30,5,4,1,1,0,1,0,0,0
13,266,District - Phek (06),Urban,Age not stated,10,7,3,5,4,1,4,3,1,1,0,1,0,0,0,0,0,0,0,0,0
13,266,District - Phek (06),Urban,Less than 18,10209,5242,4967,10110,5228,4882,96,13,83,2,1,1,1,0,1,0,0,0,0,0,0
13,266,District - Phek (06),Urban,Less than 21,11868,6079,5789,11576,6022,5554,285,54,231,3,2,1,3,1,2,1,0,1,0,0,0
13,267,District - Tuensang (07),Total,All ages,196596,101933,94663,123581,66613,56968,66064,33148,32916,5244,1363,3881,1122,567,555,585,242,343,0,0,0
13,267,District - Tuensang (07),Total,0-9,52334,27175,25159,52334,27175,25159,0,0,0,0,0,0,0,0,0,0,0,0,0,0,0
13,267,District - Tuensang (07),Total,10-14,26653,14022,12631,26244,13863,12381,372,145,227,13,3,10,23,11,12,1,0,1,0,0,0
13,267,District - Tuensang (07),Total,15-19,22388,11684,10704,20983,11384,9599,1343,275,1068,28,11,17,31,13,18,3,1,2,0,0,0
13,267,District - Tuensang (07),Total,20-24,18111,9069,9042,12620,7383,5237,5234,1608,3626,101,26,75,96,34,62,60,18,42,0,0,0
13,267,District - Tuensang (07),Total,25-29,15087,7443,7644,5966,3682,2284,8694,3610,5084,191,55,136,163,69,94,73,27,46,0,0,0
13,267,District - Tuensang (07),Total,30-34,13836,6963,6873,2586,1559,1027,10666,5208,5458,323,82,241,179,81,98,82,33,49,0,0,0
13,267,District - Tuensang (07),Total,35-39,11775,5771,6004,1039,602,437,10131,4954,5177,354,101,253,160,79,81,91,35,56,0,0,0
13,267,District - Tuensang (07),Total,40-44,9992,5242,4750,548,297,251,8765,4737,4028,469,104,365,138,75,63,72,29,43,0,0,0
13,267,District - Tuensang (07),Total,45-49,7607,4144,3463,309,163,146,6660,3794,2866,487,110,377,107,64,43,44,13,31,0,0,0
13,267,District - Tuensang (07),Total,50-54,5720,3197,2523,216,115,101,4818,2888,1930,567,120,447,74,45,29,45,29,16,0,0,0
13,267,District - Tuensang (07),Total,55-59,3721,1974,1747,133,63,70,3005,1763,1242,509,107,402,46,26,20,28,15,13,0,0,0
13,267,District - Tuensang (07),Total,60-64,3447,1830,1617,216,105,111,2560,1563,997,599,117,482,46,29,17,26,16,10,0,0,0
13,267,District - Tuensang (07),Total,65-69,2096,1152,944,170,87,83,1472,930,542,419,118,301,18,11,7,17,6,11,0,0,0
13,267,District - Tuensang (07),Total,70-74,1586,901,685,64,40,24,1062,726,336,427,116,311,15,11,4,18,8,10,0,0,0
13,267,District - Tuensang (07),Total,75-79,907,520,387,38,19,19,568,387,181,275,98,177,15,11,4,11,5,6,0,0,0
13,267,District - Tuensang (07),Total,80+,1285,811,474,78,49,29,705,554,151,478,194,284,10,7,3,14,7,7,0,0,0
13,267,District - Tuensang (07),Total,Age not stated,51,35,16,37,27,10,9,6,3,4,1,3,1,1,0,0,0,0,0,0,0
13,267,District - Tuensang (07),Total,Less than 18,93071,48598,44473,91971,48285,43686,1033,286,747,29,12,17,36,14,22,2,1,1,0,0,0
13,267,District - Tuensang (07),Total,Less than 21,105897,55218,50679,103139,54485,48654,2618,682,1936,60,20,40,69,30,39,11,1,10,0,0,0
13,267,District - Tuensang (07),Rural,All ages,159822,82462,77360,100549,54142,46407,53576,26560,27016,4490,1244,3246,736,315,421,471,201,270,0,0,0
13,267,District - Tuensang (07),Rural,0-9,43887,22826,21061,43887,22826,21061,0,0,0,0,0,0,0,0,0,0,0,0,0,0,0
13,267,District - Tuensang (07),Rural,10-14,21699,11448,10251,21422,11347,10075,246,89,157,10,3,7,20,9,11,1,0,1,0,0,0
13,267,District - Tuensang (07),Rural,15-19,17631,9235,8396,16557,9018,7539,1022,198,824,25,8,17,25,10,15,2,1,1,0,0,0
13,267,District - Tuensang (07),Rural,20-24,14004,6955,7049,9706,5651,4055,4087,1251,2836,88,23,65,73,17,56,50,13,37,0,0,0
13,267,District - Tuensang (07),Rural,25-29,11716,5640,6076,4601,2793,1808,6765,2732,4033,174,53,121,117,43,74,59,19,40,0,0,0
13,267,District - Tuensang (07),Rural,30-34,10854,5376,5478,2029,1196,833,8402,4036,4366,252,73,179,104,42,62,67,29,38,0,0,0
13,267,District - Tuensang (07),Rural,35-39,9499,4558,4941,820,478,342,8243,3927,4316,271,91,180,93,32,61,72,30,42,0,0,0
13,267,District - Tuensang (07),Rural,40-44,8048,4215,3833,449,251,198,7096,3805,3291,372,97,275,79,38,41,52,24,28,0,0,0
13,267,District - Tuensang (07),Rural,45-49,6172,3274,2898,255,139,116,5410,2992,2418,409,101,308,64,31,33,34,11,23,0,0,0
13,267,District - Tuensang (07),Rural,50-54,4743,2584,2159,187,106,81,4004,2329,1675,471,104,367,44,21,23,37,24,13,0,0,0
13,267,District - Tuensang (07),Rural,55-59,3183,1656,1527,115,61,54,2570,1471,1099,442,96,346,33,16,17,23,12,11,0,0,0
13,267,District - Tuensang (07),Rural,60-64,3021,1579,1442,184,85,99,2254,1359,895,529,104,425,34,19,15,20,12,8,0,0,0
13,267,District - Tuensang (07),Rural,65-69,1871,1041,830,145,74,71,1337,845,492,361,107,254,12,9,3,16,6,10,0,0,0
13,267,District - Tuensang (07),Rural,70-74,1450,825,625,55,34,21,973,662,311,392,110,282,15,11,4,15,8,7,0,0,0
13,267,District - Tuensang (07),Rural,75-79,830,476,354,35,17,18,520,353,167,252,91,161,13,10,3,10,5,5,0,0,0
13,267,District - Tuensang (07),Rural,80+,1175,747,428,71,43,28,642,508,134,440,183,257,9,6,3,13,7,6,0,0,0
13,267,District - Tuensang (07),Rural,Age not stated,39,27,12,31,23,8,5,3,2,2,0,2,1,1,0,0,0,0,0,0,0
13,267,District - Tuensang (07),Rural,Less than 18,76716,40186,36530,75913,39970,35943,745,193,552,24,10,14,32,12,20,2,1,1,0,0,0
13,267,District - Tuensang (07),Rural,Less than 21,86851,45369,41482,84711,44825,39886,2020,502,1518,52,17,35,58,24,34,10,1,9,0,0,0
13,267,District - Tuensang (07),Urban,All ages,36774,19471,17303,23032,12471,10561,12488,6588,5900,754,119,635,386,252,134,114,41,73,0,0,0
13,267,District - Tuensang (07),Urban,0-9,8447,4349,4098,8447,4349,4098,0,0,0,0,0,0,0,0,0,0,0,0,0,0,0
13,267,District - Tuensang (07),Urban,10-14,4954,2574,2380,4822,2516,2306,126,56,70,3,0,3,3,2,1,0,0,0,0,0,0
13,267,District - Tuensang (07),Urban,15-19,4757,2449,2308,4426,2366,2060,321,77,244,3,3,0,6,3,3,1,0,1,0,0,0
13,267,District - Tuensang (07),Urban,20-24,4107,2114,1993,2914,1732,1182,1147,357,790,13,3,10,23,17,6,10,5,5,0,0,0
13,267,District - Tuensang (07),Urban,25-29,3371,1803,1568,1365,889,476,1929,878,1051,17,2,15,46,26,20,14,8,6,0,0,0
13,267,District - Tuensang (07),Urban,30-34,2982,1587,1395,557,363,194,2264,1172,1092,71,9,62,75,39,36,15,4,11,0,0,0
13,267,District - Tuensang (07),Urban,35-39,2276,1213,1063,219,124,95,1888,1027,861,83,10,73,67,47,20,19,5,14,0,0,0
13,267,District - Tuensang (07),Urban,40-44,1944,1027,917,99,46,53,1669,932,737,97,7,90,59,37,22,20,5,15,0,0,0
13,267,District - Tuensang (07),Urban,45-49,1435,870,565,54,24,30,1250,802,448,78,9,69,43,33,10,10,2,8,0,0,0
13,267,District - Tuensang (07),Urban,50-54,977,613,364,29,9,20,814,559,255,96,16,80,30,24,6,8,5,3,0,0,0
13,267,District - Tuensang (07),Urban,55-59,538,318,220,18,2,16,435,292,143,67,11,56,13,10,3,5,3,2,0,0,0
13,267,District - Tuensang (07),Urban,60-64,426,251,175,32,20,12,306,204,102,70,13,57,12,10,2,6,4,2,0,0,0
13,267,District - Tuensang (07),Urban,65-69,225,111,114,25,13,12,135,85,50,58,11,47,6,2,4,1,0,1,0,0,0
13,267,District - Tuensang (07),Urban,70-74,136,76,60,9,6,3,89,64,25,35,6,29,0,0,0,3,0,3,0,0,0
13,267,District - Tuensang (07),Urban,75-79,77,44,33,3,2,1,48,34,14,23,7,16,2,1,1,1,0,1,0,0,0
13,267,District - Tuensang (07),Urban,80+,110,64,46,7,6,1,63,46,17,38,11,27,1,1,0,1,0,1,0,0,0
13,267,District - Tuensang (07),Urban,Age not stated,12,8,4,6,4,2,4,3,1,2,1,1,0,0,0,0,0,0,0,0,0
13,267,District - Tuensang (07),Urban,Less than 18,16355,8412,7943,16058,8315,7743,288,93,195,5,2,3,4,2,2,0,0,0,0,0,0
13,267,District - Tuensang (07),Urban,Less than 21,19046,9849,9197,18428,9660,8768,598,180,418,8,3,5,11,6,5,1,0,1,0,0,0
13,268,District - Longleng (08),Total,All ages,50484,26502,23982,30049,16536,13513,18750,9390,9360,1382,430,952,190,94,96,113,52,61,0,0,0
13,268,District - Longleng (08),Total,0-9,12908,6826,6082,12908,6826,6082,0,0,0,0,0,0,0,0,0,0,0,0,0,0,0
13,268,District - Longleng (08),Total,10-14,6522,3433,3089,6432,3408,3024,84,25,59,3,0,3,2,0,2,1,0,1,0,0,0
13,268,District - Longleng (08),Total,15-19,5200,2648,2552,4796,2558,2238,395,86,309,1,1,0,3,1,2,5,2,3,0,0,0
13,268,District - Longleng (08),Total,20-24,4966,2519,2447,3155,1914,1241,1767,593,1174,26,5,21,8,3,5,10,4,6,0,0,0
13,268,District - Longleng (08),Total,25-29,4374,2237,2137,1402,924,478,2877,1276,1601,51,16,35,26,12,14,18,9,9,0,0,0
13,268,District - Longleng (08),Total,30-34,3748,1977,1771,624,431,193,2997,1504,1493,85,26,59,25,9,16,17,7,10,0,0,0
13,268,District - Longleng (08),Total,35-39,2942,1540,1402,270,181,89,2539,1303,1236,92,35,57,26,13,13,15,8,7,0,0,0
13,268,District - Longleng (08),Total,40-44,2529,1287,1242,138,87,51,2230,1138,1092,124,37,87,27,19,8,10,6,4,0,0,0
13,268,District - Longleng (08),Total,45-49,1991,1108,883,67,44,23,1782,1021,761,109,29,80,24,12,12,9,2,7,0,0,0
13,268,District - Longleng (08),Total,50-54,1532,854,678,47,33,14,1335,775,560,134,35,99,10,8,2,6,3,3,0,0,0
13,268,District - Longleng (08),Total,55-59,951,525,426,34,22,12,803,460,343,93,33,60,13,6,7,8,4,4,0,0,0
13,268,District - Longleng (08),Total,60-64,897,497,400,66,41,25,669,405,264,152,46,106,5,3,2,5,2,3,0,0,0
13,268,District - Longleng (08),Total,65-69,561,279,282,29,12,17,411,234,177,112,30,82,7,2,5,2,1,1,0,0,0
13,268,District - Longleng (08),Total,70-74,537,278,259,17,12,5,358,215,143,156,48,108,3,1,2,3,2,1,0,0,0
13,268,District - Longleng (08),Total,75-79,359,193,166,13,11,2,238,143,95,100,36,64,4,1,3,4,2,2,0,0,0
13,268,District - Longleng (08),Total,80+,434,278,156,23,13,10,260,208,52,144,53,91,7,4,3,0,0,0,0,0,0
13,268,District - Longleng (08),Total,Age not stated,33,23,10,28,19,9,5,4,1,0,0,0,0,0,0,0,0,0,0,0,0
13,268,District - Longleng (08),Total,Less than 18,22685,11918,10767,22442,11858,10584,235,59,176,4,1,3,2,0,2,2,0,2,0,0,0
13,268,District - Longleng (08),Total,Less than 21,25819,13541,12278,25010,13320,11690,783,215,568,6,1,5,11,3,8,9,2,7,0,0,0
13,268,District - Longleng (08),Rural,All ages,42871,22511,20360,25281,13968,11313,16069,8021,8048,1264,400,864,164,76,88,93,46,47,0,0,0
13,268,District - Longleng (08),Rural,0-9,11095,5924,5171,11095,5924,5171,0,0,0,0,0,0,0,0,0,0,0,0,0,0,0
13,268,District - Longleng (08),Rural,10-14,5487,2905,2582,5402,2883,2519,80,22,58,3,0,3,1,0,1,1,0,1,0,0,0
13,268,District - Longleng (08),Rural,15-19,4272,2168,2104,3914,2083,1831,349,81,268,1,1,0,3,1,2,5,2,3,0,0,0
13,268,District - Longleng (08),Rural,20-24,4104,2072,2032,2583,1563,1020,1478,497,981,25,5,20,8,3,5,10,4,6,0,0,0
13,268,District - Longleng (08),Rural,25-29,3641,1852,1789,1119,738,381,2435,1078,1357,48,16,32,24,12,12,15,8,7,0,0,0
13,268,District - Longleng (08),Rural,30-34,3118,1644,1474,521,358,163,2484,1244,1240,76,26,50,23,9,14,14,7,7,0,0,0
13,268,District - Longleng (08),Rural,35-39,2516,1325,1191,233,156,77,2166,1115,1051,80,34,46,25,13,12,12,7,5,0,0,0
13,268,District - Longleng (08),Rural,40-44,2155,1079,1076,126,78,48,1886,950,936,115,34,81,21,13,8,7,4,3,0,0,0
13,268,District - Longleng (08),Rural,45-49,1700,930,770,60,39,21,1522,857,665,93,26,67,18,6,12,7,2,5,0,0,0
13,268,District - Longleng (08),Rural,50-54,1342,734,608,42,30,12,1168,667,501,119,29,90,7,5,2,6,3,3,0,0,0
13,268,District - Longleng (08),Rural,55-59,841,459,382,31,20,11,706,399,307,88,32,56,10,4,6,6,4,2,0,0,0
13,268,District - Longleng (08),Rural,60-64,809,447,362,59,36,23,606,365,241,135,42,93,4,2,2,5,2,3,0,0,0
13,268,District - Longleng (08),Rural,65-69,510,252,258,22,8,14,379,215,164,103,27,76,6,2,4,0,0,0,0,0,0
13,268,District - Longleng (08),Rural,70-74,501,256,245,12,9,3,340,200,140,144,44,100,3,1,2,2,2,0,0,0,0
13,268,District - Longleng (08),Rural,75-79,342,184,158,12,11,1,225,136,89,98,35,63,4,1,3,3,1,2,0,0,0
13,268,District - Longleng (08),Rural,80+,407,258,149,23,13,10,241,192,49,136,49,87,7,4,3,0,0,0,0,0,0
13,268,District - Longleng (08),Rural,Age not stated,31,22,9,27,19,8,4,3,1,0,0,0,0,0,0,0,0,0,0,0,0
13,268,District - Longleng (08),Rural,Less than 18,19225,10168,9057,19007,10112,8895,211,55,156,4,1,3,1,0,1,2,0,2,0,0,0
13,268,District - Longleng (08),Rural,Less than 21,21850,11532,10318,21136,11332,9804,689,194,495,6,1,5,10,3,7,9,2,7,0,0,0
13,268,District - Longleng (08),Urban,All ages,7613,3991,3622,4768,2568,2200,2681,1369,1312,118,30,88,26,18,8,20,6,14,0,0,0
13,268,District - Longleng (08),Urban,0-9,1813,902,911,1813,902,911,0,0,0,0,0,0,0,0,0,0,0,0,0,0,0
13,268,District - Longleng (08),Urban,10-14,1035,528,507,1030,525,505,4,3,1,0,0,0,1,0,1,0,0,0,0,0,0
13,268,District - Longleng (08),Urban,15-19,928,480,448,882,475,407,46,5,41,0,0,0,0,0,0,0,0,0,0,0,0
13,268,District - Longleng (08),Urban,20-24,862,447,415,572,351,221,289,96,193,1,0,1,0,0,0,0,0,0,0,0,0
13,268,District - Longleng (08),Urban,25-29,733,385,348,283,186,97,442,198,244,3,0,3,2,0,2,3,1,2,0,0,0
13,268,District - Longleng (08),Urban,30-34,630,333,297,103,73,30,513,260,253,9,0,9,2,0,2,3,0,3,0,0,0
13,268,District - Longleng (08),Urban,35-39,426,215,211,37,25,12,373,188,185,12,1,11,1,0,1,3,1,2,0,0,0
13,268,District - Longleng (08),Urban,40-44,374,208,166,12,9,3,344,188,156,9,3,6,6,6,0,3,2,1,0,0,0
13,268,District - Longleng (08),Urban,45-49,291,178,113,7,5,2,260,164,96,16,3,13,6,6,0,2,0,2,0,0,0
13,268,District - Longleng (08),Urban,50-54,190,120,70,5,3,2,167,108,59,15,6,9,3,3,0,0,0,0,0,0,0
13,268,District - Longleng (08),Urban,55-59,110,66,44,3,2,1,97,61,36,5,1,4,3,2,1,2,0,2,0,0,0
13,268,District - Longleng (08),Urban,60-64,88,50,38,7,5,2,63,40,23,17,4,13,1,1,0,0,0,0,0,0,0
13,268,District - Longleng (08),Urban,65-69,51,27,24,7,4,3,32,19,13,9,3,6,1,0,1,2,1,1,0,0,0
13,268,District - Longleng (08),Urban,70-74,36,22,14,5,3,2,18,15,3,12,4,8,0,0,0,1,0,1,0,0,0
13,268,District - Longleng (08),Urban,75-79,17,9,8,1,0,1,13,7,6,2,1,1,0,0,0,1,1,0,0,0,0
13,268,District - Longleng (08),Urban,80+,27,20,7,0,0,0,19,16,3,8,4,4,0,0,0,0,0,0,0,0,0
13,268,District - Longleng (08),Urban,Age not stated,2,1,1,1,0,1,1,1,0,0,0,0,0,0,0,0,0,0,0,0,0
13,268,District - Longleng (08),Urban,Less than 18,3460,1750,1710,3435,1746,1689,24,4,20,0,0,0,1,0,1,0,0,0,0,0,0
13,268,District - Longleng (08),Urban,Less than 21,3969,2009,1960,3874,1988,1886,94,21,73,0,0,0,1,0,1,0,0,0,0,0,0
13,269,District - Kiphire (09),Total,All ages,74004,37830,36174,45517,24194,21323,26826,13331,13495,1418,227,1191,128,45,83,115,33,82,0,0,0
13,269,District - Kiphire (09),Total,0-9,21130,10922,10208,21130,10922,10208,0,0,0,0,0,0,0,0,0,0,0,0,0,0,0
13,269,District - Kiphire (09),Total,10-14,10170,5365,4805,10048,5337,4711,114,27,87,3,1,2,4,0,4,1,0,1,0,0,0
13,269,District - Kiphire (09),Total,15-19,8779,4422,4357,7939,4234,3705,822,183,639,7,2,5,10,2,8,1,1,0,0,0,0
13,269,District - Kiphire (09),Total,20-24,6890,3361,3529,3851,2269,1582,2992,1083,1909,23,4,19,16,4,12,8,1,7,0,0,0
13,269,District - Kiphire (09),Total,25-29,5730,2785,2945,1460,873,587,4181,1888,2293,51,12,39,14,3,11,24,9,15,0,0,0
13,269,District - Kiphire (09),Total,30-34,4819,2496,2323,539,303,236,4179,2171,2008,64,12,52,13,4,9,24,6,18,0,0,0
13,269,District - Kiphire (09),Total,35-39,4194,2046,2148,200,96,104,3865,1924,1941,100,16,84,13,5,8,16,5,11,0,0,0
13,269,District - Kiphire (09),Total,40-44,3448,1746,1702,98,40,58,3195,1685,1510,136,17,119,10,3,7,9,1,8,0,0,0
13,269,District - Kiphire (09),Total,45-49,2494,1302,1192,43,24,19,2297,1244,1053,135,25,110,12,7,5,7,2,5,0,0,0
13,269,District - Kiphire (09),Total,50-54,2047,1065,982,34,15,19,1795,1021,774,204,24,180,8,3,5,6,2,4,0,0,0
13,269,District - Kiphire (09),Total,55-59,1341,708,633,25,9,16,1175,682,493,131,12,119,6,3,3,4,2,2,0,0,0
13,269,District - Kiphire (09),Total,60-64,1158,609,549,50,21,29,908,555,353,186,27,159,7,4,3,7,2,5,0,0,0
13,269,District - Kiphire (09),Total,65-69,669,354,315,28,17,11,515,315,200,117,19,98,6,2,4,3,1,2,0,0,0
13,269,District - Kiphire (09),Total,70-74,525,291,234,18,7,11,389,263,126,114,19,95,4,2,2,0,0,0,0,0,0
13,269,District - Kiphire (09),Total,75-79,275,149,126,6,2,4,193,129,64,71,16,55,2,1,1,3,1,2,0,0,0
13,269,District - Kiphire (09),Total,80+,294,184,110,14,6,8,199,155,44,76,21,55,3,2,1,2,0,2,0,0,0
13,269,District - Kiphire (09),Total,Age not stated,41,25,16,34,19,15,7,6,1,0,0,0,0,0,0,0,0,0,0,0,0
13,269,District - Kiphire (09),Total,Less than 18,36819,19094,17725,36382,19006,17376,420,84,336,7,3,4,9,1,8,1,0,1,0,0,0
13,269,District - Kiphire (09),Total,Less than 21,41848,21569,20279,40275,21164,19111,1540,397,1143,14,5,9,16,2,14,3,1,2,0,0,0
13,269,District - Kiphire (09),Rural,All ages,57517,29243,28274,34674,18367,16307,21503,10617,10886,1153,206,947,99,31,68,88,22,66,0,0,0
13,269,District - Kiphire (09),Rural,0-9,16766,8676,8090,16766,8676,8090,0,0,0,0,0,0,0,0,0,0,0,0,0,0,0
13,269,District - Kiphire (09),Rural,10-14,7749,4101,3648,7651,4079,3572,90,21,69,3,1,2,4,0,4,1,0,1,0,0,0
13,269,District - Kiphire (09),Rural,15-19,6439,3219,3220,5750,3060,2690,674,154,520,5,2,3,9,2,7,1,1,0,0,0,0
13,269,District - Kiphire (09),Rural,20-24,5178,2502,2676,2713,1586,1127,2426,909,1517,20,3,17,13,4,9,6,0,6,0,0,0
13,269,District - Kiphire (09),Rural,25-29,4341,2060,2281,984,567,417,3289,1474,1815,36,10,26,12,2,10,20,7,13,0,0,0
13,269,District - Kiphire (09),Rural,30-34,3623,1872,1751,372,202,170,3177,1653,1524,47,11,36,10,3,7,17,3,14,0,0,0
13,269,District - Kiphire (09),Rural,35-39,3343,1613,1730,151,74,77,3091,1516,1575,78,15,63,11,4,7,12,4,8,0,0,0
13,269,District - Kiphire (09),Rural,40-44,2731,1377,1354,82,30,52,2536,1329,1207,101,16,85,6,2,4,6,0,6,0,0,0
13,269,District - Kiphire (09),Rural,45-49,1983,1015,968,30,15,15,1845,974,871,99,23,76,6,3,3,3,0,3,0,0,0
13,269,District - Kiphire (09),Rural,50-54,1644,832,812,29,13,16,1445,794,651,161,22,139,6,2,4,3,1,2,0,0,0
13,269,District - Kiphire (09),Rural,55-59,1109,565,544,22,7,15,974,546,428,105,9,96,4,1,3,4,2,2,0,0,0
13,269,District - Kiphire (09),Rural,60-64,988,515,473,45,19,26,774,466,308,156,25,131,6,3,3,7,2,5,0,0,0
13,269,District - Kiphire (09),Rural,65-69,593,306,287,19,10,9,460,277,183,107,17,90,4,1,3,3,1,2,0,0,0
13,269,District - Kiphire (09),Rural,70-74,481,267,214,15,6,9,362,244,118,101,16,85,3,1,2,0,0,0,0,0,0
13,269,District - Kiphire (09),Rural,75-79,249,132,117,5,1,4,174,113,61,65,16,49,2,1,1,3,1,2,0,0,0
13,269,District - Kiphire (09),Rural,80+,262,168,94,8,4,4,180,142,38,69,20,49,3,2,1,2,0,2,0,0,0
13,269,District - Kiphire (09),Rural,Age not stated,38,23,15,32,18,14,6,5,1,0,0,0,0,0,0,0,0,0,0,0,0
13,269,District - Kiphire (09),Rural,Less than 18,28521,14833,13688,28186,14766,13420,320,63,257,5,3,2,9,1,8,1,0,1,0,0,0
13,269,District - Kiphire (09),Rural,Less than 21,32344,16677,15667,31036,16324,14712,1278,345,933,12,5,7,15,2,13,3,1,2,0,0,0
13,269,District - Kiphire (09),Urban,All ages,16487,8587,7900,10843,5827,5016,5323,2714,2609,265,21,244,29,14,15,27,11,16,0,0,0
13,269,District - Kiphire (09),Urban,0-9,4364,2246,2118,4364,2246,2118,0,0,0,0,0,0,0,0,0,0,0,0,0,0,0
13,269,District - Kiphire (09),Urban,10-14,2421,1264,1157,2397,1258,1139,24,6,18,0,0,0,0,0,0,0,0,0,0,0,0
13,269,District - Kiphire (09),Urban,15-19,2340,1203,1137,2189,1174,1015,148,29,119,2,0,2,1,0,1,0,0,0,0,0,0
13,269,District - Kiphire (09),Urban,20-24,1712,859,853,1138,683,455,566,174,392,3,1,2,3,0,3,2,1,1,0,0,0
13,269,District - Kiphire (09),Urban,25-29,1389,725,664,476,306,170,892,414,478,15,2,13,2,1,1,4,2,2,0,0,0
13,269,District - Kiphire (09),Urban,30-34,1196,624,572,167,101,66,1002,518,484,17,1,16,3,1,2,7,3,4,0,0,0
13,269,District - Kiphire (09),Urban,35-39,851,433,418,49,22,27,774,408,366,22,1,21,2,1,1,4,1,3,0,0,0
13,269,District - Kiphire (09),Urban,40-44,717,369,348,16,10,6,659,356,303,35,1,34,4,1,3,3,1,2,0,0,0
13,269,District - Kiphire (09),Urban,45-49,511,287,224,13,9,4,452,270,182,36,2,34,6,4,2,4,2,2,0,0,0
13,269,District - Kiphire (09),Urban,50-54,403,233,170,5,2,3,350,227,123,43,2,41,2,1,1,3,1,2,0,0,0
13,269,District - Kiphire (09),Urban,55-59,232,143,89,3,2,1,201,136,65,26,3,23,2,2,0,0,0,0,0,0,0
13,269,District - Kiphire (09),Urban,60-64,170,94,76,5,2,3,134,89,45,30,2,28,1,1,0,0,0,0,0,0,0
13,269,District - Kiphire (09),Urban,65-69,76,48,28,9,7,2,55,38,17,10,2,8,2,1,1,0,0,0,0,0,0
13,269,District - Kiphire (09),Urban,70-74,44,24,20,3,1,2,27,19,8,13,3,10,1,1,0,0,0,0,0,0,0
13,269,District - Kiphire (09),Urban,75-79,26,17,9,1,1,0,19,16,3,6,0,6,0,0,0,0,0,0,0,0,0
13,269,District - Kiphire (09),Urban,80+,32,16,16,6,2,4,19,13,6,7,1,6,0,0,0,0,0,0,0,0,0
13,269,District - Kiphire (09),Urban,Age not stated,3,2,1,2,1,1,1,1,0,0,0,0,0,0,0,0,0,0,0,0,0
13,269,District - Kiphire (09),Urban,Less than 18,8298,4261,4037,8196,4240,3956,100,21,79,2,0,2,0,0,0,0,0,0,0,0,0
13,269,District - Kiphire (09),Urban,Less than 21,9504,4892,4612,9239,4840,4399,262,52,210,2,0,2,1,0,1,0,0,0,0,0,0
13,270,District - Kohima (10),Total,All ages,267988,138966,129022,163613,86051,77562,94639,50511,44128,6749,1258,5491,1730,768,962,1257,378,879,0,0,0
13,270,District - Kohima (10),Total,0-9,53851,27257,26594,53851,27257,26594,0,0,0,0,0,0,0,0,0,0,0,0,0,0,0
13,270,District - Kohima (10),Total,10-14,31840,16200,15640,31521,16078,15443,295,111,184,12,3,9,10,8,2,2,0,2,0,0,0
13,270,District - Kohima (10),Total,15-19,31364,16008,15356,29824,15678,14146,1485,314,1171,20,6,14,24,9,15,11,1,10,0,0,0
13,270,District - Kohima (10),Total,20-24,29633,15417,14216,22950,13043,9907,6457,2289,4168,46,8,38,130,61,69,50,16,34,0,0,0
13,270,District - Kohima (10),Total,25-29,27013,14132,12881,13435,7761,5674,13130,6239,6891,121,16,105,211,87,124,116,29,87,0,0,0
13,270,District - Kohima (10),Total,30-34,22561,11680,10881,6112,3403,2709,15713,8058,7655,282,52,230,244,95,149,210,72,138,0,0,0
13,270,District - Kohima (10),Total,35-39,19057,9809,9248,2486,1211,1275,15641,8331,7310,432,70,362,278,126,152,220,71,149,0,0,0
13,270,District - Kohima (10),Total,40-44,15153,8422,6731,1140,528,612,13056,7660,5396,556,82,474,241,101,140,160,51,109,0,0,0
13,270,District - Kohima (10),Total,45-49,11714,6460,5254,646,264,382,10069,5973,4096,664,98,566,178,81,97,157,44,113,0,0,0
13,270,District - Kohima (10),Total,50-54,8264,4575,3689,407,191,216,6923,4165,2758,681,130,551,138,62,76,115,27,88,0,0,0
13,270,District - Kohima (10),Total,55-59,5516,3039,2477,263,121,142,4441,2738,1703,661,117,544,76,34,42,75,29,46,0,0,0
13,270,District - Kohima (10),Total,60-64,4016,2136,1880,251,131,120,2966,1846,1120,680,115,565,62,30,32,57,14,43,0,0,0
13,270,District - Kohima (10),Total,65-69,2835,1386,1449,245,128,117,1853,1118,735,654,112,542,40,17,23,43,11,32,0,0,0
13,270,District - Kohima (10),Total,70-74,1880,909,971,129,67,62,1075,682,393,635,142,493,25,13,12,16,5,11,0,0,0
13,270,District - Kohima (10),Total,75-79,1296,603,693,71,34,37,700,435,265,482,113,369,34,18,16,9,3,6,0,0,0
13,270,District - Kohima (10),Total,80+,1750,795,955,123,59,64,766,519,247,812,188,624,37,25,12,12,4,8,0,0,0
13,270,District - Kohima (10),Total,Age not stated,245,138,107,159,97,62,69,33,36,11,6,5,2,1,1,4,1,3,0,0,0
13,270,District - Kohima (10),Total,Less than 18,104447,53021,51426,103387,52735,50652,1012,266,746,23,6,17,19,14,5,6,0,6,0,0,0
13,270,District - Kohima (10),Total,Less than 21,123900,63002,60898,120967,62226,58741,2814,740,2074,43,9,34,56,25,31,20,2,18,0,0,0
13,270,District - Kohima (10),Rural,All ages,146900,76369,70531,89767,47173,42594,51527,27681,23846,3891,847,3044,902,416,486,813,252,561,0,0,0
13,270,District - Kohima (10),Rural,0-9,31457,15977,15480,31457,15977,15480,0,0,0,0,0,0,0,0,0,0,0,0,0,0,0
13,270,District - Kohima (10),Rural,10-14,17999,9244,8755,17791,9157,8634,195,80,115,5,2,3,6,5,1,2,0,2,0,0,0
13,270,District - Kohima (10),Rural,15-19,16414,8340,8074,15539,8155,7384,844,181,663,16,3,13,6,1,5,9,0,9,0,0,0
13,270,District - Kohima (10),Rural,20-24,15362,7978,7384,11708,6615,5093,3504,1309,2195,32,7,25,77,34,43,41,13,28,0,0,0
13,270,District - Kohima (10),Rural,25-29,14162,7526,6636,6694,3841,2853,7206,3624,3582,72,9,63,110,34,76,80,18,62,0,0,0
13,270,District - Kohima (10),Rural,30-34,11811,6328,5483,3068,1693,1375,8353,4496,3857,136,35,101,119,50,69,135,54,81,0,0,0
13,270,District - Kohima (10),Rural,35-39,9820,5121,4699,1347,663,684,8003,4309,3694,201,42,159,133,65,68,136,42,94,0,0,0
13,270,District - Kohima (10),Rural,40-44,7937,4471,3466,688,332,356,6786,4012,2774,258,46,212,111,50,61,94,31,63,0,0,0
13,270,District - Kohima (10),Rural,45-49,6057,3281,2776,383,171,212,5178,2979,2199,320,61,259,94,48,46,82,22,60,0,0,0
13,270,District - Kohima (10),Rural,50-54,4519,2390,2129,239,124,115,3771,2135,1636,364,82,282,66,31,35,79,18,61,0,0,0
13,270,District - Kohima (10),Rural,55-59,3079,1623,1456,165,78,87,2507,1448,1059,325,58,267,36,19,17,46,20,26,0,0,0
13,270,District - Kohima (10),Rural,60-64,2547,1317,1230,170,86,84,1895,1117,778,403,81,322,39,21,18,40,12,28,0,0,0
13,270,District - Kohima (10),Rural,65-69,1916,935,981,159,86,73,1281,742,539,417,86,331,27,11,16,32,10,22,0,0,0
13,270,District - Kohima (10),Rural,70-74,1392,680,712,97,53,44,816,502,314,444,109,335,20,11,9,15,5,10,0,0,0
13,270,District - Kohima (10),Rural,75-79,955,444,511,52,26,26,538,321,217,329,81,248,27,13,14,9,3,6,0,0,0
13,270,District - Kohima (10),Rural,80+,1276,606,670,88,45,43,588,395,193,561,141,420,30,22,8,9,3,6,0,0,0
13,270,District - Kohima (10),Rural,Age not stated,197,108,89,122,71,51,62,31,31,8,4,4,1,1,0,4,1,3,0,0,0
13,270,District - Kohima (10),Rural,Less than 18,59323,30280,29043,58671,30095,28576,625,176,449,15,4,11,6,5,1,6,0,6,0,0,0
13,270,District - Kohima (10),Rural,Less than 21,69580,35458,34122,67893,34997,32896,1615,445,1170,29,5,24,25,10,15,18,1,17,0,0,0
13,270,District - Kohima (10),Urban,All ages,121088,62597,58491,73846,38878,34968,43112,22830,20282,2858,411,2447,828,352,476,444,126,318,0,0,0
13,270,District - Kohima (10),Urban,0-9,22394,11280,11114,22394,11280,11114,0,0,0,0,0,0,0,0,0,0,0,0,0,0,0
13,270,District - Kohima (10),Urban,10-14,13841,6956,6885,13730,6921,6809,100,31,69,7,1,6,4,3,1,0,0,0,0,0,0
13,270,District - Kohima (10),Urban,15-19,14950,7668,7282,14285,7523,6762,641,133,508,4,3,1,18,8,10,2,1,1,0,0,0
13,270,District - Kohima (10),Urban,20-24,14271,7439,6832,11242,6428,4814,2953,980,1973,14,1,13,53,27,26,9,3,6,0,0,0
13,270,District - Kohima (10),Urban,25-29,12851,6606,6245,6741,3920,2821,5924,2615,3309,49,7,42,101,53,48,36,11,25,0,0,0
13,270,District - Kohima (10),Urban,30-34,10750,5352,5398,3044,1710,1334,7360,3562,3798,146,17,129,125,45,80,75,18,57,0,0,0
13,270,District - Kohima (10),Urban,35-39,9237,4688,4549,1139,548,591,7638,4022,3616,231,28,203,145,61,84,84,29,55,0,0,0
13,270,District - Kohima (10),Urban,40-44,7216,3951,3265,452,196,256,6270,3648,2622,298,36,262,130,51,79,66,20,46,0,0,0
13,270,District - Kohima (10),Urban,45-49,5657,3179,2478,263,93,170,4891,2994,1897,344,37,307,84,33,51,75,22,53,0,0,0
13,270,District - Kohima (10),Urban,50-54,3745,2185,1560,168,67,101,3152,2030,1122,317,48,269,72,31,41,36,9,27,0,0,0
13,270,District - Kohima (10),Urban,55-59,2437,1416,1021,98,43,55,1934,1290,644,336,59,277,40,15,25,29,9,20,0,0,0
13,270,District - Kohima (10),Urban,60-64,1469,819,650,81,45,36,1071,729,342,277,34,243,23,9,14,17,2,15,0,0,0
13,270,District - Kohima (10),Urban,65-69,919,451,468,86,42,44,572,376,196,237,26,211,13,6,7,11,1,10,0,0,0
13,270,District - Kohima (10),Urban,70-74,488,229,259,32,14,18,259,180,79,191,33,158,5,2,3,1,0,1,0,0,0
13,270,District - Kohima (10),Urban,75-79,341,159,182,19,8,11,162,114,48,153,32,121,7,5,2,0,0,0,0,0,0
13,270,District - Kohima (10),Urban,80+,474,189,285,35,14,21,178,124,54,251,47,204,7,3,4,3,1,2,0,0,0
13,270,District - Kohima (10),Urban,Age not stated,48,30,18,37,26,11,7,2,5,3,2,1,1,0,1,0,0,0,0,0,0
13,270,District - Kohima (10),Urban,Less than 18,45124,22741,22383,44716,22640,22076,387,90,297,8,2,6,13,9,4,0,0,0,0,0,0
13,270,District - Kohima (10),Urban,Less than 21,54320,27544,26776,53074,27229,25845,1199,295,904,14,4,10,31,15,16,2,1,1,0,0,0
13,271,District - Peren (11),Total,All ages,95219,49714,45505,57908,31504,26404,33862,17200,16662,2427,618,1809,559,231,328,463,161,302,0,0,0
13,271,District - Peren (11),Total,0-9,22625,11687,10938,22625,11687,10938,0,0,0,0,0,0,0,0,0,0,0,0,0,0,0
13,271,District - Peren (11),Total,10-14,12893,6896,5997,12756,6851,5905,127,42,85,6,3,3,1,0,1,3,0,3,0,0,0
13,271,District - Peren (11),Total,15-19,11276,5808,5468,10477,5631,4846,767,163,604,7,5,2,15,5,10,10,4,6,0,0,0
13,271,District - Peren (11),Total,20-24,9300,4761,4539,6218,3703,2515,2916,996,1920,42,12,30,69,24,45,55,26,29,0,0,0
13,271,District - Peren (11),Total,25-29,8299,4244,4055,3211,2007,1204,4811,2154,2657,83,24,59,100,33,67,94,26,68,0,0,0
13,271,District - Peren (11),Total,30-34,6807,3626,3181,1296,819,477,5215,2716,2499,128,39,89,94,32,62,74,20,54,0,0,0
13,271,District - Peren (11),Total,35-39,5942,3022,2920,510,324,186,5132,2588,2544,158,49,109,72,33,39,70,28,42,0,0,0
13,271,District - Peren (11),Total,40-44,4883,2602,2281,219,134,85,4381,2381,2000,186,51,135,51,21,30,46,15,31,0,0,0
13,271,District - Peren (11),Total,45-49,3965,2143,1822,107,60,47,3547,1997,1550,232,50,182,46,26,20,33,10,23,0,0,0
13,271,District - Peren (11),Total,50-54,2983,1609,1374,75,48,27,2546,1466,1080,287,56,231,42,27,15,33,12,21,0,0,0
13,271,District - Peren (11),Total,55-59,1921,1016,905,51,31,20,1591,910,681,240,59,181,22,10,12,17,6,11,0,0,0
13,271,District - Peren (11),Total,60-64,1682,917,765,104,61,43,1247,776,471,305,66,239,16,7,9,10,7,3,0,0,0
13,271,District - Peren (11),Total,65-69,967,511,456,99,58,41,655,406,249,194,43,151,12,4,8,7,0,7,0,0,0
13,271,District - Peren (11),Total,70-74,670,346,324,39,23,16,417,270,147,204,49,155,6,2,4,4,2,2,0,0,0
13,271,District - Peren (11),Total,75-79,414,222,192,12,6,6,256,173,83,141,39,102,0,0,0,5,4,1,0,0,0
13,271,District - Peren (11),Total,80+,519,267,252,54,33,21,239,154,85,214,73,141,11,7,4,1,0,1,0,0,0
13,271,District - Peren (11),Total,Age not stated,73,37,36,55,28,27,15,8,7,0,0,0,2,0,2,1,1,0,0,0,0
13,271,District - Peren (11),Total,Less than 18,42451,22165,20286,42006,22053,19953,423,104,319,10,6,4,8,2,6,4,0,4,0,0,0
13,271,District - Peren (11),Total,Less than 21,49239,25601,23638,47682,25205,22477,1495,371,1124,20,11,9,23,8,15,19,6,13,0,0,0
13,271,District - Peren (11),Rural,All ages,81429,42860,38569,49500,27157,22343,29095,14847,14248,2015,541,1474,467,184,283,352,131,221,0,0,0
13,271,District - Peren (11),Rural,0-9,19284,10017,9267,19284,10017,9267,0,0,0,0,0,0,0,0,0,0,0,0,0,0,0
13,271,District - Peren (11),Rural,10-14,10978,5921,5057,10859,5880,4979,110,38,72,6,3,3,1,0,1,2,0,2,0,0,0
13,271,District - Peren (11),Rural,15-19,9688,5028,4660,9021,4884,4137,639,131,508,6,4,2,14,5,9,8,4,4,0,0,0
13,271,District - Peren (11),Rural,20-24,7867,4086,3781,5327,3203,2124,2404,833,1571,34,10,24,58,19,39,44,21,23,0,0,0
13,271,District - Peren (11),Rural,25-29,6972,3606,3366,2746,1737,1009,4016,1805,2211,65,19,46,73,22,51,72,23,49,0,0,0
13,271,District - Peren (11),Rural,30-34,5773,3140,2633,1100,718,382,4434,2345,2089,100,33,67,82,26,56,57,18,39,0,0,0
13,271,District - Peren (11),Rural,35-39,5147,2612,2535,436,278,158,4460,2237,2223,130,46,84,65,29,36,56,22,34,0,0,0
13,271,District - Peren (11),Rural,40-44,4292,2310,1982,195,121,74,3867,2114,1753,156,47,109,40,17,23,34,11,23,0,0,0
13,271,District - Peren (11),Rural,45-49,3417,1858,1559,90,54,36,3084,1735,1349,187,44,143,37,19,18,19,6,13,0,0,0
13,271,District - Peren (11),Rural,50-54,2556,1381,1175,70,44,26,2197,1255,942,230,51,179,35,22,13,24,9,15,0,0,0
13,271,District - Peren (11),Rural,55-59,1677,880,797,45,29,16,1394,787,607,207,52,155,19,8,11,12,4,8,0,0,0
13,271,District - Peren (11),Rural,60-64,1464,794,670,89,52,37,1088,673,415,264,57,207,15,6,9,8,6,2,0,0,0
13,271,District - Peren (11),Rural,65-69,836,442,394,89,55,34,566,351,215,166,34,132,9,2,7,6,0,6,0,0,0
13,271,District - Peren (11),Rural,70-74,591,309,282,36,22,14,378,239,139,168,44,124,6,2,4,3,2,1,0,0,0
13,271,District - Peren (11),Rural,75-79,371,201,170,11,5,6,236,160,76,119,32,87,0,0,0,5,4,1,0,0,0
13,271,District - Peren (11),Rural,80+,447,239,208,51,31,20,207,136,71,177,65,112,11,7,4,1,0,1,0,0,0
13,271,District - Peren (11),Rural,Age not stated,69,36,33,51,27,24,15,8,7,0,0,0,2,0,2,1,1,0,0,0,0
13,271,District - Peren (11),Rural,Less than 18,36204,19039,17165,35836,18947,16889,350,85,265,9,5,4,7,2,5,2,0,2,0,0,0
13,271,District - Peren (11),Rural,Less than 21,42060,22034,20026,40747,21697,19050,1261,315,946,18,9,9,21,8,13,13,5,8,0,0,0
13,271,District - Peren (11),Urban,All ages,13790,6854,6936,8408,4347,4061,4767,2353,2414,412,77,335,92,47,45,111,30,81,0,0,0
13,271,District - Peren (11),Urban,0-9,3341,1670,1671,3341,1670,1671,0,0,0,0,0,0,0,0,0,0,0,0,0,0,0
13,271,District - Peren (11),Urban,10-14,1915,975,940,1897,971,926,17,4,13,0,0,0,0,0,0,1,0,1,0,0,0
13,271,District - Peren (11),Urban,15-19,1588,780,808,1456,747,709,128,32,96,1,1,0,1,0,1,2,0,2,0,0,0
13,271,District - Peren (11),Urban,20-24,1433,675,758,891,500,391,512,163,349,8,2,6,11,5,6,11,5,6,0,0,0
13,271,District - Peren (11),Urban,25-29,1327,638,689,465,270,195,795,349,446,18,5,13,27,11,16,22,3,19,0,0,0
13,271,District - Peren (11),Urban,30-34,1034,486,548,196,101,95,781,371,410,28,6,22,12,6,6,17,2,15,0,0,0
13,271,District - Peren (11),Urban,35-39,795,410,385,74,46,28,672,351,321,28,3,25,7,4,3,14,6,8,0,0,0
13,271,District - Peren (11),Urban,40-44,591,292,299,24,13,11,514,267,247,30,4,26,11,4,7,12,4,8,0,0,0
13,271,District - Peren (11),Urban,45-49,548,285,263,17,6,11,463,262,201,45,6,39,9,7,2,14,4,10,0,0,0
13,271,District - Peren (11),Urban,50-54,427,228,199,5,4,1,349,211,138,57,5,52,7,5,2,9,3,6,0,0,0
13,271,District - Peren (11),Urban,55-59,244,136,108,6,2,4,197,123,74,33,7,26,3,2,1,5,2,3,0,0,0
13,271,District - Peren (11),Urban,60-64,218,123,95,15,9,6,159,103,56,41,9,32,1,1,0,2,1,1,0,0,0
13,271,District - Peren (11),Urban,65-69,131,69,62,10,3,7,89,55,34,28,9,19,3,2,1,1,0,1,0,0,0
13,271,District - Peren (11),Urban,70-74,79,37,42,3,1,2,39,31,8,36,5,31,0,0,0,1,0,1,0,0,0
13,271,District - Peren (11),Urban,75-79,43,21,22,1,1,0,20,13,7,22,7,15,0,0,0,0,0,0,0,0,0
13,271,District - Peren (11),Urban,80+,72,28,44,3,2,1,32,18,14,37,8,29,0,0,0,0,0,0,0,0,0
13,271,District - Peren (11),Urban,Age not stated,4,1,3,4,1,3,0,0,0,0,0,0,0,0,0,0,0,0,0,0,0
13,271,District - Peren (11),Urban,Less than 18,6247,3126,3121,6170,3106,3064,73,19,54,1,1,0,1,0,1,2,0,2,0,0,0
13,271,District - Peren (11),Urban,Less than 21,7179,3567,3612,6935,3508,3427,234,56,178,2,2,0,2,0,2,6,1,5,0,0,0
