state_code,district_code,area_name,region_type,age_group,total_persons,total_males,total_females,never_married_persons,never_married_males,never_married_females,currently_married_persons,currently_married_males,currently_married_females,widowed_persons,widowed_males,widowed_females,separated_persons,separated_males,separated_females,divorced_persons,divorced_males,divorced_females,unspecified_persons,unspecified_males,unspecified_females
21,000,State - ODISHA (21),Total,All ages,41974218,21212136,20762082,19537946,10767865,8770081,20188960,9941711,10247249,2068214,455587,1612627,142774,40494,102280,36324,6479,29845,0,0,0
21,000,State - ODISHA (21),Total,0-9,7727797,3963466,3764331,7727797,3963466,3764331,0,0,0,0,0,0,0,0,0,0,0,0,0,0,0
21,000,State - ODISHA (21),Total,10-14,4348625,2203535,2145090,4283727,2180366,2103361,59513,21159,38354,3071,1000,2071,1982,868,1114,332,142,190,0,0,0
21,000,State - ODISHA (21),Total,15-19,3925398,1972684,1952714,3575567,1912942,1662625,339986,56895,283091,5486,1583,3903,3635,1093,2542,724,171,553,0,0,0
21,000,State - ODISHA (21),Total,20-24,3783527,1870939,1912588,2238095,1490947,747148,1518835,373993,1144842,13340,3197,10143,10676,2388,8288,2581,414,2167,0,0,0
21,000,State - ODISHA (21),Total,25-29,3574037,1772876,1801161,1019954,786494,233460,2503692,975249,1528443,28838,6339,22499,17152,4062,13090,4401,732,3669,0,0,0
21,000,State - ODISHA (21),Total,30-34,3102991,1542233,1560758,321431,239253,82178,2708499,1288241,1420258,48270,9216,39054,19437,4603,14834,5354,920,4434,0,0,0
21,000,State - ODISHA (21),Total,35-39,3051188,1528685,1522503,114634,67400,47234,2831622,1441530,1390092,78052,13387,64665,21090,5350,15740,5790,1018,4772,0,0,0
21,000,State - ODISHA (21),Total,40-44,2691474,1387920,1303554,60846,29389,31457,2494446,1333475,1160971,111895,19335,92560,19200,4931,14269,5087,790,4297,0,0,0
21,000,State - ODISHA (21),Total,45-49,2334030,1212366,1121664,36494,16216,20278,2136925,1165744,971181,142162,25928,116234,14774,3861,10913,3675,617,3058,0,0,0
21,000,State - ODISHA (21),Total,50-54,1847812,957524,890288,22922,9843,13079,1635463,910965,724498,176434,33275,143159,10547,3026,7521,2446,415,2031,0,0,0
21,000,State - ODISHA (21),Total,55-59,1483720,744291,739429,14793,6578,8215,1281531,698294,583237,179089,36911,142178,6693,2192,4501,1614,316,1298,0,0,0
21,000,State - ODISHA (21),Total,60-64,1474061,737635,736426,17207,7568,9639,1125961,662679,463282,322118,64481,257637,7086,2583,4503,1689,324,1365,0,0,0
21,000,State - ODISHA (21),Total,65-69,979525,487849,491676,13164,6201,6963,683856,419664,264192,277571,60001,217570,3996,1791,2205,938,192,746,0,0,0
21,000,State - ODISHA (21),Total,70-74,768070,380635,387435,8506,3910,4596,446991,305352,141639,308761,69604,239157,2998,1569,1429,814,200,614,0,0,0
21,000,State - ODISHA (21),Total,75-79,364800,183294,181506,3551,1741,1810,199291,137569,61722,160308,43027,117281,1353,876,477,297,81,216,0,0,0
21,000,State - ODISHA (21),Total,80+,397992,204857,193135,15553,8733,6820,174060,128047,46013,206307,66853,139454,1648,1117,531,424,107,317,0,0,0
21,000,State - ODISHA (21),Total,Age not stated,119171,61347,57824,63705,36818,26887,48289,22855,25434,6512,1450,5062,507,184,323,158,40,118,0,0,0
21,000,State - ODISHA (21),Total,Less than 18,14413106,7338658,7074448,14243239,7290460,6952779,159458,44644,114814,6303,1910,4393,3478,1405,2073,628,239,389,0,0,0
21,000,State - ODISHA (21),Total,Less than 21,16979851,8609880,8369971,16258179,8472416,7785763,700777,131393,569384,11521,3257,8264,7827,2417,5410,1547,397,1150,0,0,0
21,000,State - ODISHA (21),Rural,All ages,34970562,17586203,17384359,16282503,8914841,7367662,16768411,8232247,8536164,1768013,398438,1369575,120984,35228,85756,30651,5449,25202,0,0,0
21,000,State - ODISHA (21),Rural,0-9,6631111,3391082,3240029,6631111,3391082,3240029,0,0,0,0,0,0,0,0,0,0,0,0,0,0,0
21,000,State - ODISHA (21),Rural,10-14,3705396,1872543,1832853,3651696,1853379,1798317,49236,17507,31729,2566,841,1725,1635,706,929,263,110,153,0,0,0
21,000,State - ODISHA (21),Rural,15-19,3240171,1616989,1623182,2941384,1566325,1375059,290470,48272,242198,4640,1352,3288,3080,904,2176,597,136,461,0,0,0
21,000,State - ODISHA (21),Rural,20-24,3078847,1513663,1565184,1762697,1185245,577452,1293518,323250,970268,11251,2721,8530,9190,2095,7095,2191,352,1839,0,0,0
21,000,State - ODISHA (21),Rural,25-29,2918990,1446384,1472606,779617,605068,174549,2096717,831577,1265140,24237,5464,18773,14673,3635,11038,3746,640,3106,0,0,0
21,000,State - ODISHA (21),Rural,30-34,2520189,1247203,1272986,234270,172096,62174,2224958,1062471,1162487,40132,7871,32261,16307,3974,12333,4522,791,3731,0,0,0
21,000,State - ODISHA (21),Rural,35-39,2487391,1242592,1244799,83834,46693,37141,2316566,1178915,1137651,64557,11536,53021,17626,4597,13029,4808,851,3957,0,0,0
21,000,State - ODISHA (21),Rural,40-44,2196313,1126384,1069929,45628,20580,25048,2037924,1084254,953670,92546,16726,75820,15974,4183,11791,4241,641,3600,0,0,0
21,000,State - ODISHA (21),Rural,45-49,1905599,982737,922862,27279,11452,15827,1745701,945020,800681,117078,22409,94669,12441,3342,9099,3100,514,2586,0,0,0
21,000,State - ODISHA (21),Rural,50-54,1516062,776529,739533,17064,6983,10081,1341892,737884,604008,146132,28702,117430,8922,2618,6304,2052,342,1710,0,0,0
21,000,State - ODISHA (21),Rural,55-59,1235630,607411,628219,11072,4853,6219,1067748,568581,499167,149733,31789,117944,5717,1919,3798,1360,269,1091,0,0,0
21,000,State - ODISHA (21),Rural,60-64,1269444,630692,638752,13644,5888,7756,968597,565150,403447,279513,57054,222459,6229,2324,3905,1461,276,1185,0,0,0
21,000,State - ODISHA (21),Rural,65-69,851670,421279,430391,10476,4883,5593,592324,361194,231130,244496,53421,191075,3538,1616,1922,836,165,671,0,0,0
21,000,State - ODISHA (21),Rural,70-74,666519,329265,337254,6751,3071,3680,385899,263041,122858,270510,61585,208925,2649,1401,1248,710,167,543,0,0,0
21,000,State - ODISHA (21),Rural,75-79,314077,157552,156525,2802,1358,1444,171135,117762,53373,138719,37594,101125,1151,763,388,270,75,195,0,0,0
21,000,State - ODISHA (21),Rural,80+,337943,175428,162515,12103,6797,5306,147679,109427,38252,176369,58122,118247,1434,995,439,358,87,271,0,0,0
21,000,State - ODISHA (21),Rural,Age not stated,95210,48470,46740,51075,29088,21987,38047,17942,20105,5534,1251,4283,418,156,262,136,33,103,0,0,0
21,000,State - ODISHA (21),Rural,Less than 18,12280782,6232758,6048024,12139729,6192872,5946857,132387,36944,95443,5310,1626,3684,2862,1136,1726,494,180,314,0,0,0
21,000,State - ODISHA (21),Rural,Less than 21,14384406,7265852,7118554,13767065,7148832,6618233,599668,111918,487750,9742,2776,6966,6642,2006,4636,1289,320,969,0,0,0
21,000,State - ODISHA (21),Urban,All ages,7003656,3625933,3377723,3255443,1853024,1402419,3420549,1709464,1711085,300201,57149,243052,21790,5266,16524,5673,1030,4643,0,0,0
21,000,State - ODISHA (21),Urban,0-9,1096686,572384,524302,1096686,572384,524302,0,0,0,0,0,0,0,0,0,0,0,0,0,0,0
21,000,State - ODISHA (21),Urban,10-14,643229,330992,312237,632031,326987,305044,10277,3652,6625,505,159,346,347,162,185,69,32,37,0,0,0
21,000,State - ODISHA (21),Urban,15-19,685227,355695,329532,634183,346617,287566,49516,8623,40893,846,231,615,555,189,366,127,35,92,0,0,0
21,000,State - ODISHA (21),Urban,20-24,704680,357276,347404,475398,305702,169696,225317,50743,174574,2089,476,1613,1486,293,1193,390,62,328,0,0,0
21,000,State - ODISHA (21),Urban,25-29,655047,326492,328555,240337,181426,58911,406975,143672,263303,4601,875,3726,2479,427,2052,655,92,563,0,0,0
21,000,State - ODISHA (21),Urban,30-34,582802,295030,287772,87161,67157,20004,483541,225770,257771,8138,1345,6793,3130,629,2501,832,129,703,0,0,0
21,000,State - ODISHA (21),Urban,35-39,563797,286093,277704,30800,20707,10093,515056,262615,252441,13495,1851,11644,3464,753,2711,982,167,815,0,0,0
21,000,State - ODISHA (21),Urban,40-44,495161,261536,233625,15218,8809,6409,456522,249221,207301,19349,2609,16740,3226,748,2478,846,149,697,0,0,0
21,000,State - ODISHA (21),Urban,45-49,428431,229629,198802,9215,4764,4451,391224,220724,170500,25084,3519,21565,2333,519,1814,575,103,472,0,0,0
21,000,State - ODISHA (21),Urban,50-54,331750,180995,150755,5858,2860,2998,293571,173081,120490,30302,4573,25729,1625,408,1217,394,73,321,0,0,0
21,000,State - ODISHA (21),Urban,55-59,248090,136880,111210,3721,1725,1996,213783,129713,84070,29356,5122,24234,976,273,703,254,47,207,0,0,0
21,000,State - ODISHA (21),Urban,60-64,204617,106943,97674,3563,1680,1883,157364,97529,59835,42605,7427,35178,857,259,598,228,48,180,0,0,0
21,000,State - ODISHA (21),Urban,65-69,127855,66570,61285,2688,1318,1370,91532,58470,33062,33075,6580,26495,458,175,283,102,27,75,0,0,0
21,000,State - ODISHA (21),Urban,70-74,101551,51370,50181,1755,839,916,61092,42311,18781,38251,8019,30232,349,168,181,104,33,71,0,0,0
21,000,State - ODISHA (21),Urban,75-79,50723,25742,24981,749,383,366,28156,19807,8349,21589,5433,16156,202,113,89,27,6,21,0,0,0
21,000,State - ODISHA (21),Urban,80+,60049,29429,30620,3450,1936,1514,26381,18620,7761,29938,8731,21207,214,122,92,66,20,46,0,0,0
21,000,State - ODISHA (21),Urban,Age not stated,23961,12877,11084,12630,7730,4900,10242,4913,5329,978,199,779,89,28,61,22,7,15,0,0,0
21,000,State - ODISHA (21),Urban,Less than 18,2132324,1105900,1026424,2103510,1097588,1005922,27071,7700,19371,993,284,709,616,269,347,134,59,75,0,0,0
21,000,State - ODISHA (21),Urban,Less than 21,2595445,1344028,1251417,2491114,1323584,1167530,101109,19475,81634,1779,481,1298,1185,411,774,258,77,181,0,0,0
21,370,District - Bargarh (01),Total,All ages,1481255,749161,732094,662501,364507,297994,730827,363108,367719,79217,19380,59837,6513,1844,4669,2197,322,1875,0,0,0
21,370,District - Bargarh (01),Total,0-9,231403,118065,113338,231403,118065,113338,0,0,0,0,0,0,0,0,0,0,0,0,0,0,0
21,370,District - Bargarh (01),Total,10-14,142008,71608,70400,140359,71035,69324,1500,517,983,82,28,54,63,26,37,4,2,2,0,0,0
21,370,District - Bargarh (01),Total,15-19,150319,74804,75515,139816,73244,66572,10216,1487,8729,163,37,126,104,34,70,20,2,18,0,0,0
21,370,District - Bargarh (01),Total,20-24,138061,69354,68707,84667,57182,27485,52364,12019,40345,430,66,364,455,72,383,145,15,130,0,0,0
21,370,District - Bargarh (01),Total,25-29,125242,63413,61829,38650,28955,9695,84726,34120,50606,911,163,748,721,145,576,234,30,204,0,0,0
21,370,District - Bargarh (01),Total,30-34,111936,56423,55513,13672,9404,4268,95480,46435,49045,1614,307,1307,867,223,644,303,54,249,0,0,0
21,370,District - Bargarh (01),Total,35-39,111463,56444,55019,5079,2652,2427,102506,53097,49409,2608,421,2187,940,215,725,330,59,271,0,0,0
21,370,District - Bargarh (01),Total,40-44,100145,51366,48779,2566,1046,1520,92648,49337,43311,3780,718,3062,843,231,612,308,34,274,0,0,0
21,370,District - Bargarh (01),Total,45-49,86461,44661,41800,1354,497,857,79229,42901,36328,4969,1038,3931,670,192,478,239,33,206,0,0,0
21,370,District - Bargarh (01),Total,50-54,70225,36305,33920,830,324,506,62305,34390,27915,6402,1443,4959,517,129,388,171,19,152,0,0,0
21,370,District - Bargarh (01),Total,55-59,57034,28656,28378,544,217,327,49304,26654,22650,6729,1655,5074,349,112,237,108,18,90,0,0,0
21,370,District - Bargarh (01),Total,60-64,56442,28386,28056,745,340,405,42931,25043,17888,12262,2838,9424,376,145,231,128,20,108,0,0,0
21,370,District - Bargarh (01),Total,65-69,39567,19341,20226,753,383,370,27055,16017,11038,11470,2833,8637,212,98,114,77,10,67,0,0,0
21,370,District - Bargarh (01),Total,70-74,30962,15465,15497,376,185,191,17098,11882,5216,13226,3286,9940,195,99,96,67,13,54,0,0,0
21,370,District - Bargarh (01),Total,75-79,13564,6417,7147,94,51,43,7002,4546,2456,6372,1773,4599,74,43,31,22,4,18,0,0,0
21,370,District - Bargarh (01),Total,80+,14628,7502,7126,523,310,213,5863,4367,1496,8092,2746,5346,113,72,41,37,7,30,0,0,0
21,370,District - Bargarh (01),Total,Age not stated,1795,951,844,1070,617,453,600,296,304,107,28,79,14,8,6,4,2,2,0,0,0
21,370,District - Bargarh (01),Total,Less than 18,463545,234089,229456,458814,232806,226008,4433,1185,3248,187,51,136,101,43,58,10,4,6,0,0,0
21,370,District - Bargarh (01),Total,Less than 21,559768,281891,277877,537359,278219,259140,21765,3504,18261,354,92,262,245,71,174,45,5,40,0,0,0
21,370,District - Bargarh (01),Rural,All ages,1331145,672603,658542,593997,326246,267751,656882,326256,330626,72303,18083,54220,5892,1708,4184,2071,310,1761,0,0,0
21,370,District - Bargarh (01),Rural,0-9,207331,105618,101713,207331,105618,101713,0,0,0,0,0,0,0,0,0,0,0,0,0,0,0
21,370,District - Bargarh (01),Rural,10-14,128275,64645,63630,126793,64113,62680,1340,477,863,77,27,50,62,26,36,3,2,1,0,0,0
21,370,District - Bargarh (01),Rural,15-19,135862,67487,68375,126497,66089,60408,9099,1328,7771,148,36,112,98,32,66,20,2,18,0,0,0
21,370,District - Bargarh (01),Rural,20-24,123138,62053,61085,75257,51095,24162,46927,10817,36110,398,61,337,416,65,351,140,15,125,0,0,0
21,370,District - Bargarh (01),Rural,25-29,111054,56368,54686,33924,25415,8509,75435,30643,44792,821,148,673,654,133,521,220,29,191,0,0,0
21,370,District - Bargarh (01),Rural,30-34,99258,50114,49144,11996,8190,3806,84760,41377,43383,1424,288,1136,793,208,585,285,51,234,0,0,0
21,370,District - Bargarh (01),Rural,35-39,99385,50180,49205,4465,2290,2175,91495,47259,44236,2301,384,1917,825,192,633,299,55,244,0,0,0
21,370,District - Bargarh (01),Rural,40-44,89819,46000,43819,2232,875,1357,83166,44234,38932,3380,653,2727,752,205,547,289,33,256,0,0,0
21,370,District - Bargarh (01),Rural,45-49,77426,39862,37564,1158,420,738,71018,38271,32747,4424,959,3465,604,181,423,222,31,191,0,0,0
21,370,District - Bargarh (01),Rural,50-54,63059,32466,30593,714,272,442,56017,30701,25316,5708,1352,4356,457,122,335,163,19,144,0,0,0
21,370,District - Bargarh (01),Rural,55-59,51776,25892,25884,468,188,280,44827,24044,20783,6052,1537,4515,326,106,220,103,17,86,0,0,0
21,370,District - Bargarh (01),Rural,60-64,51735,25974,25761,641,289,352,39392,22858,16534,11235,2670,8565,344,137,207,123,20,103,0,0,0
21,370,District - Bargarh (01),Rural,65-69,36635,17852,18783,650,341,309,25089,14749,10340,10626,2658,7968,196,94,102,74,10,64,0,0,0
21,370,District - Bargarh (01),Rural,70-74,28753,14373,14380,339,166,173,15884,11021,4863,12281,3083,9198,182,90,92,67,13,54,0,0,0
21,370,District - Bargarh (01),Rural,75-79,12534,5919,6615,85,45,40,6456,4163,2293,5901,1664,4237,70,43,27,22,4,18,0,0,0
21,370,District - Bargarh (01),Rural,80+,13453,6922,6531,445,263,182,5435,4048,1387,7435,2538,4897,101,66,35,37,7,30,0,0,0
21,370,District - Bargarh (01),Rural,Age not stated,1652,878,774,1002,577,425,542,266,276,92,25,67,12,8,4,4,2,2,0,0,0
21,370,District - Bargarh (01),Rural,Less than 18,417342,210386,206956,413137,209222,203915,3923,1067,2856,174,50,124,99,43,56,9,4,5,0,0,0
21,370,District - Bargarh (01),Rural,Less than 21,503934,253463,250471,483826,250167,233659,19505,3134,16371,325,88,237,234,69,165,44,5,39,0,0,0
21,370,District - Bargarh (01),Urban,All ages,150110,76558,73552,68504,38261,30243,73945,36852,37093,6914,1297,5617,621,136,485,126,12,114,0,0,0
21,370,District - Bargarh (01),Urban,0-9,24072,12447,11625,24072,12447,11625,0,0,0,0,0,0,0,0,0,0,0,0,0,0,0
21,370,District - Bargarh (01),Urban,10-14,13733,6963,6770,13566,6922,6644,160,40,120,5,1,4,1,0,1,1,0,1,0,0,0
21,370,District - Bargarh (01),Urban,15-19,14457,7317,7140,13319,7155,6164,1117,159,958,15,1,14,6,2,4,0,0,0,0,0,0
21,370,District - Bargarh (01),Urban,20-24,14923,7301,7622,9410,6087,3323,5437,1202,4235,32,5,27,39,7,32,5,0,5,0,0,0
21,370,District - Bargarh (01),Urban,25-29,14188,7045,7143,4726,3540,1186,9291,3477,5814,90,15,75,67,12,55,14,1,13,0,0,0
21,370,District - Bargarh (01),Urban,30-34,12678,6309,6369,1676,1214,462,10720,5058,5662,190,19,171,74,15,59,18,3,15,0,0,0
21,370,District - Bargarh (01),Urban,35-39,12078,6264,5814,614,362,252,11011,5838,5173,307,37,270,115,23,92,31,4,27,0,0,0
21,370,District - Bargarh (01),Urban,40-44,10326,5366,4960,334,171,163,9482,5103,4379,400,65,335,91,26,65,19,1,18,0,0,0
21,370,District - Bargarh (01),Urban,45-49,9035,4799,4236,196,77,119,8211,4630,3581,545,79,466,66,11,55,17,2,15,0,0,0
21,370,District - Bargarh (01),Urban,50-54,7166,3839,3327,116,52,64,6288,3689,2599,694,91,603,60,7,53,8,0,8,0,0,0
21,370,District - Bargarh (01),Urban,55-59,5258,2764,2494,76,29,47,4477,2610,1867,677,118,559,23,6,17,5,1,4,0,0,0
21,370,District - Bargarh (01),Urban,60-64,4707,2412,2295,104,51,53,3539,2185,1354,1027,168,859,32,8,24,5,0,5,0,0,0
21,370,District - Bargarh (01),Urban,65-69,2932,1489,1443,103,42,61,1966,1268,698,844,175,669,16,4,12,3,0,3,0,0,0
21,370,District - Bargarh (01),Urban,70-74,2209,1092,1117,37,19,18,1214,861,353,945,203,742,13,9,4,0,0,0,0,0,0
21,370,District - Bargarh (01),Urban,75-79,1030,498,532,9,6,3,546,383,163,471,109,362,4,0,4,0,0,0,0,0,0
21,370,District - Bargarh (01),Urban,80+,1175,580,595,78,47,31,428,319,109,657,208,449,12,6,6,0,0,0,0,0,0
21,370,District - Bargarh (01),Urban,Age not stated,143,73,70,68,40,28,58,30,28,15,3,12,2,0,2,0,0,0,0,0,0
21,370,District - Bargarh (01),Urban,Less than 18,46203,23703,22500,45677,23584,22093,510,118,392,13,1,12,2,0,2,1,0,1,0,0,0
21,370,District - Bargarh (01),Urban,Less than 21,55834,28428,27406,53533,28052,25481,2260,370,1890,29,4,25,11,2,9,1,0,1,0,0,0
21,371,District - Jharsuguda (02),Total,All ages,579505,296690,282815,271277,150309,120968,276077,138173,137904,28896,7197,21699,2543,851,1692,712,160,552,0,0,0
21,371,District - Jharsuguda (02),Total,0-9,93308,47701,45607,93308,47701,45607,0,0,0,0,0,0,0,0,0,0,0,0,0,0,0
21,371,District - Jharsuguda (02),Total,10-14,55856,28119,27737,55032,27815,27217,763,276,487,28,10,18,28,16,12,5,2,3,0,0,0
21,371,District - Jharsuguda (02),Total,15-19,58206,29354,28852,54542,28659,25883,3530,649,2881,66,23,43,54,19,35,14,4,10,0,0,0
21,371,District - Jharsuguda (02),Total,20-24,59195,30234,28961,38614,25492,13122,20182,4658,15524,215,49,166,144,28,116,40,7,33,0,0,0
21,371,District - Jharsuguda (02),Total,25-29,53591,27662,25929,17888,13505,4383,34840,13949,20891,472,110,362,304,80,224,87,18,69,0,0,0
21,371,District - Jharsuguda (02),Total,30-34,45174,23242,21932,5626,3984,1642,38351,19009,19342,739,134,605,349,94,255,109,21,88,0,0,0
21,371,District - Jharsuguda (02),Total,35-39,43248,22268,20980,2123,1212,911,39488,20719,18769,1138,187,951,385,121,264,114,29,85,0,0,0
21,371,District - Jharsuguda (02),Total,40-44,37874,19636,18238,1189,536,653,34572,18676,15896,1691,298,1393,320,106,214,102,20,82,0,0,0
21,371,District - Jharsuguda (02),Total,45-49,33181,17301,15880,669,290,379,29887,16496,13391,2277,411,1866,264,86,178,84,18,66,0,0,0
21,371,District - Jharsuguda (02),Total,50-54,25892,13568,12324,417,191,226,22721,12816,9905,2523,492,2031,181,57,124,50,12,38,0,0,0
21,371,District - Jharsuguda (02),Total,55-59,20440,10752,9688,283,112,171,17420,9901,7519,2590,676,1914,122,57,65,25,6,19,0,0,0
21,371,District - Jharsuguda (02),Total,60-64,19060,9570,9490,271,109,162,14506,8391,6115,4127,1017,3110,126,46,80,30,7,23,0,0,0
21,371,District - Jharsuguda (02),Total,65-69,13039,6574,6465,172,78,94,8948,5449,3499,3807,997,2810,90,44,46,22,6,16,0,0,0
21,371,District - Jharsuguda (02),Total,70-74,9758,4865,4893,116,50,66,5482,3685,1797,4071,1083,2988,74,41,33,15,6,9,0,0,0
21,371,District - Jharsuguda (02),Total,75-79,4859,2313,2546,71,30,41,2560,1615,945,2187,649,1538,33,18,15,8,1,7,0,0,0
21,371,District - Jharsuguda (02),Total,80+,5507,2842,2665,301,171,130,2243,1588,655,2897,1045,1852,60,36,24,6,2,4,0,0,0
21,371,District - Jharsuguda (02),Total,Age not stated,1317,689,628,655,374,281,584,296,288,68,16,52,9,2,7,1,1,0,0,0,0
21,371,District - Jharsuguda (02),Total,Less than 18,182948,92672,90276,180854,92036,88818,1951,582,1369,74,23,51,57,26,31,12,5,7,0,0,0
21,371,District - Jharsuguda (02),Total,Less than 21,221592,112347,109245,213885,110767,103118,7453,1485,5968,134,46,88,99,42,57,21,7,14,0,0,0
21,371,District - Jharsuguda (02),Rural,All ages,348340,176162,172178,160953,87627,73326,166067,82728,83339,19076,5091,13985,1744,605,1139,500,111,389,0,0,0
21,371,District - Jharsuguda (02),Rural,0-9,53833,27250,26583,53833,27250,26583,0,0,0,0,0,0,0,0,0,0,0,0,0,0,0
21,371,District - Jharsuguda (02),Rural,10-14,34408,17072,17336,33925,16894,17031,446,160,286,17,7,10,15,9,6,5,2,3,0,0,0
21,371,District - Jharsuguda (02),Rural,15-19,35516,17647,17869,33501,17254,16247,1946,372,1574,39,15,24,25,4,21,5,2,3,0,0,0
21,371,District - Jharsuguda (02),Rural,20-24,34681,17623,17058,22847,14966,7881,11595,2609,8986,118,27,91,94,17,77,27,4,23,0,0,0
21,371,District - Jharsuguda (02),Rural,25-29,30271,15677,14594,10141,7557,2584,19607,7996,11611,276,61,215,190,53,137,57,10,47,0,0,0
21,371,District - Jharsuguda (02),Rural,30-34,25690,12983,12707,3066,2070,996,21887,10748,11139,427,80,347,231,66,165,79,19,60,0,0,0
21,371,District - Jharsuguda (02),Rural,35-39,25546,12976,12570,1239,610,629,23272,12149,11123,704,115,589,258,81,177,73,21,52,0,0,0
21,371,District - Jharsuguda (02),Rural,40-44,22672,11626,11046,723,273,450,20670,11069,9601,991,198,793,211,73,138,77,13,64,0,0,0
21,371,District - Jharsuguda (02),Rural,45-49,19714,10182,9532,374,146,228,17775,9702,8073,1325,258,1067,178,63,115,62,13,49,0,0,0
21,371,District - Jharsuguda (02),Rural,50-54,15530,7955,7575,264,106,158,13624,7478,6146,1475,321,1154,133,41,92,34,9,25,0,0,0
21,371,District - Jharsuguda (02),Rural,55-59,12853,6462,6391,161,59,102,11039,5931,5108,1542,424,1118,91,44,47,20,4,16,0,0,0
21,371,District - Jharsuguda (02),Rural,60-64,13077,6390,6687,172,61,111,10009,5566,4443,2772,719,2053,102,38,64,22,6,16,0,0,0
21,371,District - Jharsuguda (02),Rural,65-69,9422,4764,4658,105,54,51,6513,3908,2605,2718,763,1955,70,36,34,16,3,13,0,0,0
21,371,District - Jharsuguda (02),Rural,70-74,7076,3494,3582,73,35,38,3980,2617,1363,2951,806,2145,60,33,27,12,3,9,0,0,0
21,371,District - Jharsuguda (02),Rural,75-79,3541,1699,1842,39,19,20,1883,1169,714,1583,494,1089,30,17,13,6,0,6,0,0,0
21,371,District - Jharsuguda (02),Rural,80+,3936,2062,1874,184,104,80,1597,1136,461,2101,792,1309,49,28,21,5,2,3,0,0,0
21,371,District - Jharsuguda (02),Rural,Age not stated,574,300,274,306,169,137,224,118,106,37,11,26,7,2,5,0,0,0,0,0,0
21,371,District - Jharsuguda (02),Rural,Less than 18,109073,54549,54524,107880,54181,53699,1116,338,778,44,17,27,26,10,16,7,3,4,0,0,0
21,371,District - Jharsuguda (02),Rural,Less than 21,132347,66296,66051,128078,65422,62656,4129,825,3304,79,30,49,50,15,35,11,4,7,0,0,0
21,371,District - Jharsuguda (02),Urban,All ages,231165,120528,110637,110324,62682,47642,110010,55445,54565,9820,2106,7714,799,246,553,212,49,163,0,0,0
21,371,District - Jharsuguda (02),Urban,0-9,39475,20451,19024,39475,20451,19024,0,0,0,0,0,0,0,0,0,0,0,0,0,0,0
21,371,District - Jharsuguda (02),Urban,10-14,21448,11047,10401,21107,10921,10186,317,116,201,11,3,8,13,7,6,0,0,0,0,0,0
21,371,District - Jharsuguda (02),Urban,15-19,22690,11707,10983,21041,11405,9636,1584,277,1307,27,8,19,29,15,14,9,2,7,0,0,0
21,371,District - Jharsuguda (02),Urban,20-24,24514,12611,11903,15767,10526,5241,8587,2049,6538,97,22,75,50,11,39,13,3,10,0,0,0
21,371,District - Jharsuguda (02),Urban,25-29,23320,11985,11335,7747,5948,1799,15233,5953,9280,196,49,147,114,27,87,30,8,22,0,0,0
21,371,District - Jharsuguda (02),Urban,30-34,19484,10259,9225,2560,1914,646,16464,8261,8203,312,54,258,118,28,90,30,2,28,0,0,0
21,371,District - Jharsuguda (02),Urban,35-39,17702,9292,8410,884,602,282,16216,8570,7646,434,72,362,127,40,87,41,8,33,0,0,0
21,371,District - Jharsuguda (02),Urban,40-44,15202,8010,7192,466,263,203,13902,7607,6295,700,100,600,109,33,76,25,7,18,0,0,0
21,371,District - Jharsuguda (02),Urban,45-49,13467,7119,6348,295,144,151,12112,6794,5318,952,153,799,86,23,63,22,5,17,0,0,0
21,371,District - Jharsuguda (02),Urban,50-54,10362,5613,4749,153,85,68,9097,5338,3759,1048,171,877,48,16,32,16,3,13,0,0,0
21,371,District - Jharsuguda (02),Urban,55-59,7587,4290,3297,122,53,69,6381,3970,2411,1048,252,796,31,13,18,5,2,3,0,0,0
21,371,District - Jharsuguda (02),Urban,60-64,5983,3180,2803,99,48,51,4497,2825,1672,1355,298,1057,24,8,16,8,1,7,0,0,0
21,371,District - Jharsuguda (02),Urban,65-69,3617,1810,1807,67,24,43,2435,1541,894,1089,234,855,20,8,12,6,3,3,0,0,0
21,371,District - Jharsuguda (02),Urban,70-74,2682,1371,1311,43,15,28,1502,1068,434,1120,277,843,14,8,6,3,3,0,0,0,0
21,371,District - Jharsuguda (02),Urban,75-79,1318,614,704,32,11,21,677,446,231,604,155,449,3,1,2,2,1,1,0,0,0
21,371,District - Jharsuguda (02),Urban,80+,1571,780,791,117,67,50,646,452,194,796,253,543,11,8,3,1,0,1,0,0,0
21,371,District - Jharsuguda (02),Urban,Age not stated,743,389,354,349,205,144,360,178,182,31,5,26,2,0,2,1,1,0,0,0,0
21,371,District - Jharsuguda (02),Urban,Less than 18,73875,38123,35752,72974,37855,35119,835,244,591,30,6,24,31,16,15,5,2,3,0,0,0
21,371,District - Jharsuguda (02),Urban,Less than 21,89245,46051,43194,85807,45345,40462,3324,660,2664,55,16,39,49,27,22,10,3,7,0,0,0
21,372,District - Sambalpur (03),Total,All ages,1041099,526877,514222,484019,265191,218828,496262,246737,249525,55114,13410,41704,4642,1353,3289,1062,186,876,0,0,0
21,372,District - Sambalpur (03),Total,0-9,170679,87791,82888,170679,87791,82888,0,0,0,0,0,0,0,0,0,0,0,0,0,0,0
21,372,District - Sambalpur (03),Total,10-14,100994,51189,49805,99481,50665,48816,1386,488,898,73,18,55,41,16,25,13,2,11,0,0,0
21,372,District - Sambalpur (03),Total,15-19,102645,51393,51252,95574,50107,45467,6856,1216,5640,134,49,85,69,19,50,12,2,10,0,0,0
21,372,District - Sambalpur (03),Total,20-24,99995,49111,50884,64429,40954,23475,34857,8011,26846,357,77,280,273,59,214,79,10,69,0,0,0
21,372,District - Sambalpur (03),Total,25-29,91387,45568,45819,30557,22286,8271,59405,23030,36375,815,145,670,504,91,413,106,16,90,0,0,0
21,372,District - Sambalpur (03),Total,30-34,78573,39339,39234,10725,7251,3474,65777,31674,34103,1348,254,1094,577,137,440,146,23,123,0,0,0
21,372,District - Sambalpur (03),Total,35-39,77162,38733,38429,4225,2239,1986,69866,35911,33955,2261,383,1878,658,173,485,152,27,125,0,0,0
21,372,District - Sambalpur (03),Total,40-44,69582,35547,34035,2222,993,1229,63269,33760,29509,3291,588,2703,659,185,474,141,21,120,0,0,0
21,372,District - Sambalpur (03),Total,45-49,61258,31721,29537,1445,597,848,54865,30125,24740,4355,839,3516,485,142,343,108,18,90,0,0,0
21,372,District - Sambalpur (03),Total,50-54,48818,25175,23643,864,348,516,42401,23664,18737,5082,1028,4054,385,114,271,86,21,65,0,0,0
21,372,District - Sambalpur (03),Total,55-59,39086,19944,19142,573,250,323,33196,18405,14791,4995,1188,3807,264,92,172,58,9,49,0,0,0
21,372,District - Sambalpur (03),Total,60-64,37418,19228,18190,631,282,349,28159,16851,11308,8266,1967,6299,295,111,184,67,17,50,0,0,0
21,372,District - Sambalpur (03),Total,65-69,24440,12405,12035,574,279,295,16553,10242,6311,7112,1814,5298,170,64,106,31,6,25,0,0,0
21,372,District - Sambalpur (03),Total,70-74,18843,9411,9432,289,149,140,10499,7098,3401,7902,2101,5801,117,55,62,36,8,28,0,0,0
21,372,District - Sambalpur (03),Total,75-79,8668,4427,4241,113,59,54,4546,3112,1434,3946,1219,2727,53,35,18,10,2,8,0,0,0
21,372,District - Sambalpur (03),Total,80+,9453,4795,4658,408,216,192,3917,2820,1097,5037,1702,3335,76,53,23,15,4,11,0,0,0
21,372,District - Sambalpur (03),Total,Age not stated,2098,1100,998,1230,725,505,710,330,380,140,38,102,16,7,9,2,0,2,0,0,0
21,372,District - Sambalpur (03),Total,Less than 18,332160,169109,163051,328233,167949,160284,3671,1078,2593,166,52,114,68,26,42,22,4,18,0,0,0
21,372,District - Sambalpur (03),Total,Less than 21,399989,202871,197118,385051,199952,185099,14466,2788,11678,282,82,200,155,43,112,35,6,29,0,0,0
21,372,District - Sambalpur (03),Rural,All ages,733006,368692,364314,342181,185635,156546,345366,171312,174054,41152,10521,30631,3495,1086,2409,812,138,674,0,0,0
21,372,District - Sambalpur (03),Rural,0-9,122413,62533,59880,122413,62533,59880,0,0,0,0,0,0,0,0,0,0,0,0,0,0,0
21,372,District - Sambalpur (03),Rural,10-14,73628,37079,36549,72610,36728,35882,930,326,604,56,14,42,24,11,13,8,0,8,0,0,0
21,372,District - Sambalpur (03),Rural,15-19,72832,36225,36607,68152,35378,32774,4527,798,3729,100,37,63,45,11,34,8,1,7,0,0,0
21,372,District - Sambalpur (03),Rural,20-24,68488,33781,34707,43858,28184,15674,24118,5491,18627,258,60,198,200,40,160,54,6,48,0,0,0
21,372,District - Sambalpur (03),Rural,25-29,61983,30979,31004,20225,14692,5533,40738,16110,24628,560,94,466,383,71,312,77,12,65,0,0,0
21,372,District - Sambalpur (03),Rural,30-34,52771,26278,26493,6824,4435,2389,44467,21530,22937,962,192,770,409,103,306,109,18,91,0,0,0
21,372,District - Sambalpur (03),Rural,35-39,52845,26446,26399,2679,1250,1429,48000,24751,23249,1564,280,1284,486,141,345,116,24,92,0,0,0
21,372,District - Sambalpur (03),Rural,40-44,47961,24188,23773,1432,569,863,43599,23006,20593,2335,457,1878,485,142,343,110,14,96,0,0,0
21,372,District - Sambalpur (03),Rural,45-49,42454,21814,20640,928,340,588,37974,20690,17284,3104,654,2450,368,118,250,80,12,68,0,0,0
21,372,District - Sambalpur (03),Rural,50-54,33756,17105,16651,510,201,309,29244,16006,13238,3628,787,2841,302,94,208,72,17,55,0,0,0
21,372,District - Sambalpur (03),Rural,55-59,28113,13945,14168,349,155,194,23856,12808,11048,3651,900,2751,208,75,133,49,7,42,0,0,0
21,372,District - Sambalpur (03),Rural,60-64,27964,14266,13698,389,176,213,21010,12427,8583,6271,1556,4715,244,95,149,50,12,38,0,0,0
21,372,District - Sambalpur (03),Rural,65-69,18626,9342,9284,347,178,169,12504,7616,4888,5609,1483,4126,139,60,79,27,5,22,0,0,0
21,372,District - Sambalpur (03),Rural,70-74,14312,7121,7191,180,95,85,7838,5274,2564,6168,1698,4470,95,48,47,31,6,25,0,0,0
21,372,District - Sambalpur (03),Rural,75-79,6481,3290,3191,74,40,34,3341,2267,1074,3018,954,2064,40,27,13,8,2,6,0,0,0
21,372,District - Sambalpur (03),Rural,80+,6928,3553,3375,270,141,129,2822,2040,782,3766,1325,2441,59,45,14,11,2,9,0,0,0
21,372,District - Sambalpur (03),Rural,Age not stated,1451,747,704,941,540,401,398,172,226,102,30,72,8,5,3,2,0,2,0,0,0
21,372,District - Sambalpur (03),Rural,Less than 18,239567,121072,118495,236994,120295,116699,2394,720,1674,126,40,86,39,16,23,14,1,13,0,0,0
21,372,District - Sambalpur (03),Rural,Less than 21,286886,144598,142288,276806,142684,134122,9739,1824,7915,217,63,154,100,26,74,24,1,23,0,0,0
21,372,District - Sambalpur (03),Urban,All ages,308093,158185,149908,141838,79556,62282,150896,75425,75471,13962,2889,11073,1147,267,880,250,48,202,0,0,0
21,372,District - Sambalpur (03),Urban,0-9,48266,25258,23008,48266,25258,23008,0,0,0,0,0,0,0,0,0,0,0,0,0,0,0
21,372,District - Sambalpur (03),Urban,10-14,27366,14110,13256,26871,13937,12934,456,162,294,17,4,13,17,5,12,5,2,3,0,0,0
21,372,District - Sambalpur (03),Urban,15-19,29813,15168,14645,27422,14729,12693,2329,418,1911,34,12,22,24,8,16,4,1,3,0,0,0
21,372,District - Sambalpur (03),Urban,20-24,31507,15330,16177,20571,12770,7801,10739,2520,8219,99,17,82,73,19,54,25,4,21,0,0,0
21,372,District - Sambalpur (03),Urban,25-29,29404,14589,14815,10332,7594,2738,18667,6920,11747,255,51,204,121,20,101,29,4,25,0,0,0
21,372,District - Sambalpur (03),Urban,30-34,25802,13061,12741,3901,2816,1085,21310,10144,11166,386,62,324,168,34,134,37,5,32,0,0,0
21,372,District - Sambalpur (03),Urban,35-39,24317,12287,12030,1546,989,557,21866,11160,10706,697,103,594,172,32,140,36,3,33,0,0,0
21,372,District - Sambalpur (03),Urban,40-44,21621,11359,10262,790,424,366,19670,10754,8916,956,131,825,174,43,131,31,7,24,0,0,0
21,372,District - Sambalpur (03),Urban,45-49,18804,9907,8897,517,257,260,16891,9435,7456,1251,185,1066,117,24,93,28,6,22,0,0,0
21,372,District - Sambalpur (03),Urban,50-54,15062,8070,6992,354,147,207,13157,7658,5499,1454,241,1213,83,20,63,14,4,10,0,0,0
21,372,District - Sambalpur (03),Urban,55-59,10973,5999,4974,224,95,129,9340,5597,3743,1344,288,1056,56,17,39,9,2,7,0,0,0
21,372,District - Sambalpur (03),Urban,60-64,9454,4962,4492,242,106,136,7149,4424,2725,1995,411,1584,51,16,35,17,5,12,0,0,0
21,372,District - Sambalpur (03),Urban,65-69,5814,3063,2751,227,101,126,4049,2626,1423,1503,331,1172,31,4,27,4,1,3,0,0,0
21,372,District - Sambalpur (03),Urban,70-74,4531,2290,2241,109,54,55,2661,1824,837,1734,403,1331,22,7,15,5,2,3,0,0,0
21,372,District - Sambalpur (03),Urban,75-79,2187,1137,1050,39,19,20,1205,845,360,928,265,663,13,8,5,2,0,2,0,0,0
21,372,District - Sambalpur (03),Urban,80+,2525,1242,1283,138,75,63,1095,780,315,1271,377,894,17,8,9,4,2,2,0,0,0
21,372,District - Sambalpur (03),Urban,Age not stated,647,353,294,289,185,104,312,158,154,38,8,30,8,2,6,0,0,0,0,0,0
21,372,District - Sambalpur (03),Urban,Less than 18,92593,48037,44556,91239,47654,43585,1277,358,919,40,12,28,29,10,19,8,3,5,0,0,0
21,372,District - Sambalpur (03),Urban,Less than 21,113103,58273,54830,108245,57268,50977,4727,964,3763,65,19,46,55,17,38,11,5,6,0,0,0
21,373,District - Debagarh (04),Total,All ages,312520,158230,154290,147812,80914,66898,148570,73501,75069,15003,3469,11534,936,302,634,199,44,155,0,0,0
21,373,District - Debagarh (04),Total,0-9,57613,29844,27769,57613,29844,27769,0,0,0,0,0,0,0,0,0,0,0,0,0,0,0
21,373,District - Debagarh (04),Total,10-14,34337,17523,16814,33937,17392,16545,360,119,241,23,3,20,13,6,7,4,3,1,0,0,0
21,373,District - Debagarh (04),Total,15-19,29783,14792,14991,27482,14432,13050,2248,347,1901,33,7,26,18,6,12,2,0,2,0,0,0
21,373,District - Debagarh (04),Total,20-24,27793,13407,14386,16311,10762,5549,11305,2615,8690,114,21,93,56,9,47,7,0,7,0,0,0
21,373,District - Debagarh (04),Total,25-29,26536,13055,13481,7338,5509,1829,18796,7461,11335,243,47,196,130,30,100,29,8,21,0,0,0
21,373,District - Debagarh (04),Total,30-34,23066,11463,11603,2392,1621,771,20145,9757,10388,371,48,323,132,31,101,26,6,20,0,0,0
21,373,District - Debagarh (04),Total,35-39,22295,11265,11030,902,471,431,20630,10649,9981,593,94,499,146,48,98,24,3,21,0,0,0
21,373,District - Debagarh (04),Total,40-44,19509,10109,9400,445,175,270,18064,9770,8294,856,136,720,114,23,91,30,5,25,0,0,0
21,373,District - Debagarh (04),Total,45-49,16919,8782,8137,257,111,146,15520,8466,7054,1046,177,869,79,24,55,17,4,13,0,0,0
21,373,District - Debagarh (04),Total,50-54,13680,6924,6756,167,68,99,12134,6608,5526,1300,228,1072,70,19,51,9,1,8,0,0,0
21,373,District - Debagarh (04),Total,55-59,11512,5872,5640,92,43,49,10022,5495,4527,1345,315,1030,40,15,25,13,4,9,0,0,0
21,373,District - Debagarh (04),Total,60-64,11426,5905,5521,147,72,75,8845,5306,3539,2386,508,1878,38,16,22,10,3,7,0,0,0
21,373,District - Debagarh (04),Total,65-69,7041,3570,3471,126,66,60,4817,2973,1844,2058,507,1551,33,21,12,7,3,4,0,0,0
21,373,District - Debagarh (04),Total,70-74,5505,2797,2708,72,35,37,3114,2171,943,2275,560,1715,36,29,7,8,2,6,0,0,0
21,373,District - Debagarh (04),Total,75-79,2279,1183,1096,19,7,12,1241,845,396,1005,323,682,9,7,2,5,1,4,0,0,0
21,373,District - Debagarh (04),Total,80+,2546,1389,1157,75,48,27,1135,839,296,1313,487,826,16,14,2,7,1,6,0,0,0
21,373,District - Debagarh (04),Total,Age not stated,680,350,330,437,258,179,194,80,114,42,8,34,6,4,2,1,0,1,0,0,0
21,373,District - Debagarh (04),Total,Less than 18,109604,56038,53566,108510,55756,52754,1022,263,759,48,8,40,20,8,12,4,3,1,0,0,0
21,373,District - Debagarh (04),Total,Less than 21,129285,65660,63625,124287,64827,59460,4866,801,4065,82,14,68,43,15,28,7,3,4,0,0,0
21,373,District - Debagarh (04),Rural,All ages,290130,146666,143464,137030,74891,62139,138100,68188,69912,13965,3259,10706,853,284,569,182,44,138,0,0,0
21,373,District - Debagarh (04),Rural,0-9,53798,27852,25946,53798,27852,25946,0,0,0,0,0,0,0,0,0,0,0,0,0,0,0
21,373,District - Debagarh (04),Rural,10-14,31991,16288,15703,31614,16163,15451,342,114,228,18,2,16,13,6,7,4,3,1,0,0,0
21,373,District - Debagarh (04),Rural,15-19,27812,13808,14004,25648,13473,12175,2118,325,1793,26,4,22,18,6,12,2,0,2,0,0,0
21,373,District - Debagarh (04),Rural,20-24,25720,12381,13339,14978,9917,5061,10578,2437,8141,105,19,86,52,8,44,7,0,7,0,0,0
21,373,District - Debagarh (04),Rural,25-29,24481,12033,12448,6565,4958,1607,17543,6994,10549,228,45,183,118,28,90,27,8,19,0,0,0
21,373,District - Debagarh (04),Rural,30-34,21286,10571,10715,2050,1382,668,18746,9110,9636,344,44,300,122,29,93,24,6,18,0,0,0
21,373,District - Debagarh (04),Rural,35-39,20537,10379,10158,763,373,390,19071,9869,9202,551,90,461,130,44,86,22,3,19,0,0,0
21,373,District - Debagarh (04),Rural,40-44,17970,9275,8695,372,143,229,16678,8978,7700,786,127,659,108,22,86,26,5,21,0,0,0
21,373,District - Debagarh (04),Rural,45-49,15576,8052,7524,222,91,131,14311,7772,6539,961,161,800,67,24,43,15,4,11,0,0,0
21,373,District - Debagarh (04),Rural,50-54,12641,6354,6287,145,62,83,11220,6054,5166,1206,219,987,62,18,44,8,1,7,0,0,0
21,373,District - Debagarh (04),Rural,55-59,10716,5411,5305,80,37,43,9333,5054,4279,1257,302,955,36,14,22,10,4,6,0,0,0
21,373,District - Debagarh (04),Rural,60-64,10763,5559,5204,127,59,68,8347,5006,3341,2246,477,1769,34,14,20,9,3,6,0,0,0
21,373,District - Debagarh (04),Rural,65-69,6639,3386,3253,120,65,55,4537,2820,1717,1945,479,1466,30,19,11,7,3,4,0,0,0
21,373,District - Debagarh (04),Rural,70-74,5110,2614,2496,61,32,29,2895,2018,877,2112,534,1578,34,28,6,8,2,6,0,0,0
21,373,District - Debagarh (04),Rural,75-79,2104,1098,1006,16,7,9,1151,786,365,924,297,627,8,7,1,5,1,4,0,0,0
21,373,District - Debagarh (04),Rural,80+,2342,1278,1064,61,39,22,1043,773,270,1215,451,764,16,14,2,7,1,6,0,0,0
21,373,District - Debagarh (04),Rural,Age not stated,644,327,317,410,238,172,187,78,109,41,8,33,5,3,2,1,0,1,0,0,0
21,373,District - Debagarh (04),Rural,Less than 18,102307,52238,50069,101284,51974,49310,962,249,713,37,4,33,20,8,12,4,3,1,0,0,0
21,373,District - Debagarh (04),Rural,Less than 21,120614,61194,59420,115931,60411,55520,4565,756,3809,68,9,59,43,15,28,7,3,4,0,0,0
21,373,District - Debagarh (04),Urban,All ages,22390,11564,10826,10782,6023,4759,10470,5313,5157,1038,210,828,83,18,65,17,0,17,0,0,0
21,373,District - Debagarh (04),Urban,0-9,3815,1992,1823,3815,1992,1823,0,0,0,0,0,0,0,0,0,0,0,0,0,0,0
21,373,District - Debagarh (04),Urban,10-14,2346,1235,1111,2323,1229,1094,18,5,13,5,1,4,0,0,0,0,0,0,0,0,0
21,373,District - Debagarh (04),Urban,15-19,1971,984,987,1834,959,875,130,22,108,7,3,4,0,0,0,0,0,0,0,0,0
21,373,District - Debagarh (04),Urban,20-24,2073,1026,1047,1333,845,488,727,178,549,9,2,7,4,1,3,0,0,0,0,0,0
21,373,District - Debagarh (04),Urban,25-29,2055,1022,1033,773,551,222,1253,467,786,15,2,13,12,2,10,2,0,2,0,0,0
21,373,District - Debagarh (04),Urban,30-34,1780,892,888,342,239,103,1399,647,752,27,4,23,10,2,8,2,0,2,0,0,0
21,373,District - Debagarh (04),Urban,35-39,1758,886,872,139,98,41,1559,780,779,42,4,38,16,4,12,2,0,2,0,0,0
21,373,District - Debagarh (04),Urban,40-44,1539,834,705,73,32,41,1386,792,594,70,9,61,6,1,5,4,0,4,0,0,0
21,373,District - Debagarh (04),Urban,45-49,1343,730,613,35,20,15,1209,694,515,85,16,69,12,0,12,2,0,2,0,0,0
21,373,District - Debagarh (04),Urban,50-54,1039,570,469,22,6,16,914,554,360,94,9,85,8,1,7,1,0,1,0,0,0
21,373,District - Debagarh (04),Urban,55-59,796,461,335,12,6,6,689,441,248,88,13,75,4,1,3,3,0,3,0,0,0
21,373,District - Debagarh (04),Urban,60-64,663,346,317,20,13,7,498,300,198,140,31,109,4,2,2,1,0,1,0,0,0
21,373,District - Debagarh (04),Urban,65-69,402,184,218,6,1,5,280,153,127,113,28,85,3,2,1,0,0,0,0,0,0
21,373,District - Debagarh (04),Urban,70-74,395,183,212,11,3,8,219,153,66,163,26,137,2,1,1,0,0,0,0,0,0
21,373,District - Debagarh (04),Urban,75-79,175,85,90,3,0,3,90,59,31,81,26,55,1,0,1,0,0,0,0,0,0
21,373,District - Debagarh (04),Urban,80+,204,111,93,14,9,5,92,66,26,98,36,62,0,0,0,0,0,0,0,0,0
21,373,District - Debagarh (04),Urban,Age not stated,36,23,13,27,20,7,7,2,5,1,0,1,1,1,0,0,0,0,0,0,0
21,373,District - Debagarh (04),Urban,Less than 18,7297,3800,3497,7226,3782,3444,60,14,46,11,4,7,0,0,0,0,0,0,0,0,0
21,373,District - Debagarh (04),Urban,Less than 21,8671,4466,4205,8356,4416,3940,301,45,256,14,5,9,0,0,0,0,0,0,0,0,0
21,374,District - Sundargarh (05),Total,All ages,2093437,1061147,1032290,1020052,553720,466332,964053,478942,485111,101955,26198,75757,5784,1920,3864,1593,367,1226,0,0,0
21,374,District - Sundargarh (05),Total,0-9,387486,198221,189265,387486,198221,189265,0,0,0,0,0,0,0,0,0,0,0,0,0,0,0
21,374,District - Sundargarh (05),Total,10-14,218517,109916,108601,215264,108743,106521,2994,1074,1920,157,53,104,82,34,48,20,12,8,0,0,0
21,374,District - Sundargarh (05),Total,15-19,203116,103166,99950,187706,100129,87577,14946,2883,12063,294,98,196,141,49,92,29,7,22,0,0,0
21,374,District - Sundargarh (05),Total,20-24,196990,97842,99148,121545,77247,44298,74135,20249,53886,765,225,540,432,96,336,113,25,88,0,0,0
21,374,District - Sundargarh (05),Total,25-29,182809,91140,91669,58733,40928,17805,121584,49586,71998,1632,428,1204,671,155,516,189,43,146,0,0,0
21,374,District - Sundargarh (05),Total,30-34,158628,78433,80195,21526,14655,6871,133239,62809,70430,2857,683,2174,802,237,565,204,49,155,0,0,0
21,374,District - Sundargarh (05),Total,35-39,156796,79446,77350,9262,5204,4058,141568,72801,68767,4838,1090,3748,883,297,586,245,54,191,0,0,0
21,374,District - Sundargarh (05),Total,40-44,137793,71043,66750,5166,2543,2623,124562,66644,57918,7030,1554,5476,805,252,553,230,50,180,0,0,0
21,374,District - Sundargarh (05),Total,45-49,120021,63463,56558,3161,1412,1749,106819,59642,47177,9226,2163,7063,625,203,422,190,43,147,0,0,0
21,374,District - Sundargarh (05),Total,50-54,90022,47118,42904,1921,733,1188,77094,43711,33383,10533,2516,8017,369,135,234,105,23,82,0,0,0
21,374,District - Sundargarh (05),Total,55-59,70444,36714,33730,1246,487,759,58658,33511,25147,10177,2581,7596,281,115,166,82,20,62,0,0,0
21,374,District - Sundargarh (05),Total,60-64,64229,31502,32727,1268,487,781,46624,27009,19615,15987,3872,12115,269,117,152,81,17,64,0,0,0
21,374,District - Sundargarh (05),Total,65-69,42442,20759,21683,836,325,511,28274,17013,11261,13129,3332,9797,161,81,80,42,8,34,0,0,0
21,374,District - Sundargarh (05),Total,70-74,30573,15454,15119,551,208,343,17267,11768,5499,12599,3403,9196,122,68,54,34,7,27,0,0,0
21,374,District - Sundargarh (05),Total,75-79,13114,6433,6681,253,111,142,6979,4505,2474,5813,1780,4033,56,33,23,13,4,9,0,0,0
21,374,District - Sundargarh (05),Total,80+,13612,7015,6597,887,451,436,6091,4177,1914,6560,2344,4216,64,40,24,10,3,7,0,0,0
21,374,District - Sundargarh (05),Total,Age not stated,6845,3482,3363,3241,1836,1405,3219,1560,1659,358,76,282,21,8,13,6,2,4,0,0,0
21,374,District - Sundargarh (05),Total,Less than 18,726206,368816,357390,718120,366370,351750,7587,2260,5327,327,113,214,139,57,82,33,16,17,0,0,0
21,374,District - Sundargarh (05),Total,Less than 21,858177,435538,422639,826087,428609,397478,31111,6611,24500,595,195,400,311,99,212,73,24,49,0,0,0
21,374,District - Sundargarh (05),Rural,All ages,1355340,676068,679272,671124,356197,314927,605345,298632,306713,73714,19657,54057,3983,1325,2658,1174,257,917,0,0,0
21,374,District - Sundargarh (05),Rural,0-9,267951,135486,132465,267951,135486,132465,0,0,0,0,0,0,0,0,0,0,0,0,0,0,0
21,374,District - Sundargarh (05),Rural,10-14,150122,74847,75275,148148,74159,73989,1831,645,1186,95,28,67,38,10,28,10,5,5,0,0,0
21,374,District - Sundargarh (05),Rural,15-19,131255,65755,65500,121121,63786,57335,9851,1880,7971,187,63,124,81,23,58,15,3,12,0,0,0
21,374,District - Sundargarh (05),Rural,20-24,121788,59020,62768,71079,44755,26324,49767,14029,35738,558,158,400,303,64,239,81,14,67,0,0,0
21,374,District - Sundargarh (05),Rural,25-29,112206,55757,56449,32688,22237,10451,77733,33075,44658,1187,300,887,462,112,350,136,33,103,0,0,0
21,374,District - Sundargarh (05),Rural,30-34,96366,47383,48983,12151,7759,4392,81544,38961,42583,1997,476,1521,534,155,379,140,32,108,0,0,0
21,374,District - Sundargarh (05),Rural,35-39,94933,47592,47341,5742,2895,2847,85057,43641,41416,3392,825,2567,572,195,377,170,36,134,0,0,0
21,374,District - Sundargarh (05),Rural,40-44,85221,42579,42642,3409,1462,1947,76144,39744,36400,4926,1158,3768,576,179,397,166,36,130,0,0,0
21,374,District - Sundargarh (05),Rural,45-49,74912,39054,35858,2194,882,1312,65605,36330,29275,6520,1655,4865,437,151,286,156,36,120,0,0,0
21,374,District - Sundargarh (05),Rural,50-54,57080,28829,28251,1425,484,941,47833,26337,21496,7485,1900,5585,257,91,166,80,17,63,0,0,0
21,374,District - Sundargarh (05),Rural,55-59,45857,22662,23195,888,322,566,37481,20258,17223,7201,1975,5226,217,90,127,70,17,53,0,0,0
21,374,District - Sundargarh (05),Rural,60-64,44779,21652,23127,938,334,604,31803,18205,13598,11776,3014,8762,196,86,110,66,13,53,0,0,0
21,374,District - Sundargarh (05),Rural,65-69,30056,14462,15594,608,219,389,19323,11586,7737,9969,2587,7382,122,66,56,34,4,30,0,0,0
21,374,District - Sundargarh (05),Rural,70-74,21349,10406,10943,393,144,249,11435,7668,3767,9397,2539,6858,97,52,45,27,3,24,0,0,0
21,374,District - Sundargarh (05),Rural,75-79,9045,4225,4820,181,78,103,4646,2875,1771,4170,1248,2922,36,20,16,12,4,8,0,0,0
21,374,District - Sundargarh (05),Rural,80+,9139,4731,4408,559,285,274,3891,2733,1158,4639,1683,2956,43,28,15,7,2,5,0,0,0
21,374,District - Sundargarh (05),Rural,Age not stated,3281,1628,1653,1649,910,739,1401,665,736,215,48,167,12,3,9,4,2,2,0,0,0
21,374,District - Sundargarh (05),Rural,Less than 18,497239,250007,247232,492246,248517,243729,4714,1399,3315,201,65,136,64,20,44,14,6,8,0,0,0
21,374,District - Sundargarh (05),Rural,Less than 21,580648,291225,289423,559389,286662,272727,20639,4383,16256,397,125,272,179,43,136,44,12,32,0,0,0
21,374,District - Sundargarh (05),Urban,All ages,738097,385079,353018,348928,197523,151405,358708,180310,178398,28241,6541,21700,1801,595,1206,419,110,309,0,0,0
21,374,District - Sundargarh (05),Urban,0-9,119535,62735,56800,119535,62735,56800,0,0,0,0,0,0,0,0,0,0,0,0,0,0,0
21,374,District - Sundargarh (05),Urban,10-14,68395,35069,33326,67116,34584,32532,1163,429,734,62,25,37,44,24,20,10,7,3,0,0,0
21,374,District - Sundargarh (05),Urban,15-19,71861,37411,34450,66585,36343,30242,5095,1003,4092,107,35,72,60,26,34,14,4,10,0,0,0
21,374,District - Sundargarh (05),Urban,20-24,75202,38822,36380,50466,32492,17974,24368,6220,18148,207,67,140,129,32,97,32,11,21,0,0,0
21,374,District - Sundargarh (05),Urban,25-29,70603,35383,35220,26045,18691,7354,43851,16511,27340,445,128,317,209,43,166,53,10,43,0,0,0
21,374,District - Sundargarh (05),Urban,30-34,62262,31050,31212,9375,6896,2479,51695,23848,27847,860,207,653,268,82,186,64,17,47,0,0,0
21,374,District - Sundargarh (05),Urban,35-39,61863,31854,30009,3520,2309,1211,56511,29160,27351,1446,265,1181,311,102,209,75,18,57,0,0,0
21,374,District - Sundargarh (05),Urban,40-44,52572,28464,24108,1757,1081,676,48418,26900,21518,2104,396,1708,229,73,156,64,14,50,0,0,0
21,374,District - Sundargarh (05),Urban,45-49,45109,24409,20700,967,530,437,41214,23312,17902,2706,508,2198,188,52,136,34,7,27,0,0,0
21,374,District - Sundargarh (05),Urban,50-54,32942,18289,14653,496,249,247,29261,17374,11887,3048,616,2432,112,44,68,25,6,19,0,0,0
21,374,District - Sundargarh (05),Urban,55-59,24587,14052,10535,358,165,193,21177,13253,7924,2976,606,2370,64,25,39,12,3,9,0,0,0
21,374,District - Sundargarh (05),Urban,60-64,19450,9850,9600,330,153,177,14821,8804,6017,4211,858,3353,73,31,42,15,4,11,0,0,0
21,374,District - Sundargarh (05),Urban,65-69,12386,6297,6089,228,106,122,8951,5427,3524,3160,745,2415,39,15,24,8,4,4,0,0,0
21,374,District - Sundargarh (05),Urban,70-74,9224,5048,4176,158,64,94,5832,4100,1732,3202,864,2338,25,16,9,7,4,3,0,0,0
21,374,District - Sundargarh (05),Urban,75-79,4069,2208,1861,72,33,39,2333,1630,703,1643,532,1111,20,13,7,1,0,1,0,0,0
21,374,District - Sundargarh (05),Urban,80+,4473,2284,2189,328,166,162,2200,1444,756,1921,661,1260,21,12,9,3,1,2,0,0,0
21,374,District - Sundargarh (05),Urban,Age not stated,3564,1854,1710,1592,926,666,1818,895,923,143,28,115,9,5,4,2,0,2,0,0,0
21,374,District - Sundargarh (05),Urban,Less than 18,228967,118809,110158,225874,117853,108021,2873,861,2012,126,48,78,75,37,38,19,10,9,0,0,0
21,374,District - Sundargarh (05),Urban,Less than 21,277529,144313,133216,266698,141947,124751,10472,2228,8244,198,70,128,132,56,76,29,12,17,0,0,0
21,375,District - Kendujhar (06),Total,All ages,1801733,906487,895246,869181,468065,401116,833845,414944,418901,92531,21812,70719,4845,1397,3448,1331,269,1062,0,0,0
21,375,District - Kendujhar (06),Total,0-9,374728,189834,184894,374728,189834,184894,0,0,0,0,0,0,0,0,0,0,0,0,0,0,0
21,375,District - Kendujhar (06),Total,10-14,186946,94841,92105,184596,94065,90531,2111,695,1416,171,50,121,57,25,32,11,6,5,0,0,0
21,375,District - Kendujhar (06),Total,15-19,162254,80654,81600,146709,77939,68770,15176,2604,12572,239,82,157,99,24,75,31,5,26,0,0,0
21,375,District - Kendujhar (06),Total,20-24,161187,77061,84126,88916,57437,31479,71106,19372,51734,689,163,526,408,80,328,68,9,59,0,0,0
21,375,District - Kendujhar (06),Total,25-29,153775,76406,77369,40641,30290,10351,110760,45584,65176,1592,347,1245,637,149,488,145,36,109,0,0,0
21,375,District - Kendujhar (06),Total,30-34,132107,66521,65586,13253,9361,3892,115342,56400,58942,2646,549,2097,733,185,548,133,26,107,0,0,0
21,375,District - Kendujhar (06),Total,35-39,127006,64181,62825,5162,2556,2606,116825,60626,56199,4141,778,3363,723,185,538,155,36,119,0,0,0
21,375,District - Kendujhar (06),Total,40-44,113969,58366,55603,2972,1098,1874,104146,55833,48313,6144,1242,4902,594,173,421,113,20,93,0,0,0
21,375,District - Kendujhar (06),Total,45-49,99826,52321,47505,1952,651,1301,89454,49828,39626,7816,1676,6140,505,148,357,99,18,81,0,0,0
21,375,District - Kendujhar (06),Total,50-54,77714,40348,37366,1142,347,795,66906,37855,29051,9210,2021,7189,371,113,258,85,12,73,0,0,0
21,375,District - Kendujhar (06),Total,55-59,61065,30827,30238,750,260,490,51048,28345,22703,8963,2120,6843,225,87,138,79,15,64,0,0,0
21,375,District - Kendujhar (06),Total,60-64,58644,29340,29304,940,337,603,41946,25449,16497,15438,3459,11979,218,75,143,102,20,82,0,0,0
21,375,District - Kendujhar (06),Total,65-69,35730,18019,17711,833,388,445,23442,14804,8638,11259,2747,8512,112,62,50,84,18,66,0,0,0
21,375,District - Kendujhar (06),Total,70-74,26247,12612,13635,412,185,227,13867,9593,4274,11778,2774,9004,75,36,39,115,24,91,0,0,0
21,375,District - Kendujhar (06),Total,75-79,11396,5486,5910,100,46,54,5710,3872,1838,5512,1538,3974,34,21,13,40,9,31,0,0,0
21,375,District - Kendujhar (06),Total,80+,11955,6049,5906,441,228,213,4805,3592,1213,6620,2192,4428,35,26,9,54,11,43,0,0,0
21,375,District - Kendujhar (06),Total,Age not stated,7184,3621,3563,5634,3043,2591,1201,492,709,313,74,239,19,8,11,17,4,13,0,0,0
21,375,District - Kendujhar (06),Total,Less than 18,658389,332906,325483,651896,331170,320726,6063,1591,4472,311,100,211,97,36,61,22,9,13,0,0,0
21,375,District - Kendujhar (06),Total,Less than 21,765664,384694,380970,733390,378398,354992,31427,6053,25374,541,162,379,246,68,178,60,13,47,0,0,0
21,375,District - Kendujhar (06),Rural,All ages,1548674,774667,774007,746584,399276,347308,715643,354328,361315,81170,19601,61569,4146,1224,2922,1131,238,893,0,0,0
21,375,District - Kendujhar (06),Rural,0-9,326037,164700,161337,326037,164700,161337,0,0,0,0,0,0,0,0,0,0,0,0,0,0,0
21,375,District - Kendujhar (06),Rural,10-14,161947,81940,80007,159906,81251,78655,1848,618,1230,134,43,91,49,22,27,10,6,4,0,0,0
21,375,District - Kendujhar (06),Rural,15-19,139233,68944,70289,125561,66525,59036,13344,2317,11027,212,75,137,88,22,66,28,5,23,0,0,0
21,375,District - Kendujhar (06),Rural,20-24,136860,65017,71843,74304,47880,26424,61566,16918,44648,582,140,442,349,71,278,59,8,51,0,0,0
21,375,District - Kendujhar (06),Rural,25-29,129389,63973,65416,32988,24344,8644,94403,39165,55238,1340,303,1037,529,130,399,129,31,98,0,0,0
21,375,District - Kendujhar (06),Rural,30-34,110858,55355,55503,10582,7238,3344,97321,47456,49865,2213,471,1742,627,165,462,115,25,90,0,0,0
21,375,District - Kendujhar (06),Rural,35-39,107090,53798,53292,4240,1933,2307,98604,50986,47618,3499,686,2813,619,162,457,128,31,97,0,0,0
21,375,District - Kendujhar (06),Rural,40-44,96958,49172,47786,2524,850,1674,88668,47090,41578,5180,1071,4109,492,143,349,94,18,76,0,0,0
21,375,District - Kendujhar (06),Rural,45-49,85279,44194,41085,1699,516,1183,76467,42046,34421,6598,1488,5110,435,130,305,80,14,66,0,0,0
21,375,District - Kendujhar (06),Rural,50-54,67023,34463,32560,991,286,705,57786,32279,25507,7858,1790,6068,321,98,223,67,10,57,0,0,0
21,375,District - Kendujhar (06),Rural,55-59,53298,26461,26837,645,216,429,44583,24251,20332,7808,1903,5905,196,77,119,66,14,52,0,0,0
21,375,District - Kendujhar (06),Rural,60-64,52558,26212,26346,828,287,541,37566,22654,14912,13878,3184,10694,194,69,125,92,18,74,0,0,0
21,375,District - Kendujhar (06),Rural,65-69,32000,16099,15901,703,323,380,20971,13202,7769,10155,2503,7652,99,54,45,72,17,55,0,0,0
21,375,District - Kendujhar (06),Rural,70-74,23406,11163,12243,348,152,196,12258,8420,3838,10634,2535,8099,70,34,36,96,22,74,0,0,0
21,375,District - Kendujhar (06),Rural,75-79,10122,4842,5280,88,41,47,5010,3376,1634,4954,1395,3559,34,21,13,36,9,27,0,0,0
21,375,District - Kendujhar (06),Rural,80+,10519,5307,5212,377,193,184,4219,3141,1078,5852,1947,3905,27,19,8,44,7,37,0,0,0
21,375,District - Kendujhar (06),Rural,Age not stated,6097,3027,3070,4763,2541,2222,1029,409,620,273,67,206,17,7,10,15,3,12,0,0,0
21,375,District - Kendujhar (06),Rural,Less than 18,571243,288117,283126,565607,286570,279037,5278,1418,3860,256,88,168,83,32,51,19,9,10,0,0,0
21,375,District - Kendujhar (06),Rural,Less than 21,663017,332134,330883,634800,326573,308227,27488,5341,22147,461,147,314,214,60,154,54,13,41,0,0,0
21,375,District - Kendujhar (06),Urban,All ages,253059,131820,121239,122597,68789,53808,118202,60616,57586,11361,2211,9150,699,173,526,200,31,169,0,0,0
21,375,District - Kendujhar (06),Urban,0-9,48691,25134,23557,48691,25134,23557,0,0,0,0,0,0,0,0,0,0,0,0,0,0,0
21,375,District - Kendujhar (06),Urban,10-14,24999,12901,12098,24690,12814,11876,263,77,186,37,7,30,8,3,5,1,0,1,0,0,0
21,375,District - Kendujhar (06),Urban,15-19,23021,11710,11311,21148,11414,9734,1832,287,1545,27,7,20,11,2,9,3,0,3,0,0,0
21,375,District - Kendujhar (06),Urban,20-24,24327,12044,12283,14612,9557,5055,9540,2454,7086,107,23,84,59,9,50,9,1,8,0,0,0
21,375,District - Kendujhar (06),Urban,25-29,24386,12433,11953,7653,5946,1707,16357,6419,9938,252,44,208,108,19,89,16,5,11,0,0,0
21,375,District - Kendujhar (06),Urban,30-34,21249,11166,10083,2671,2123,548,18021,8944,9077,433,78,355,106,20,86,18,1,17,0,0,0
21,375,District - Kendujhar (06),Urban,35-39,19916,10383,9533,922,623,299,18221,9640,8581,642,92,550,104,23,81,27,5,22,0,0,0
21,375,District - Kendujhar (06),Urban,40-44,17011,9194,7817,448,248,200,15478,8743,6735,964,171,793,102,30,72,19,2,17,0,0,0
21,375,District - Kendujhar (06),Urban,45-49,14547,8127,6420,253,135,118,12987,7782,5205,1218,188,1030,70,18,52,19,4,15,0,0,0
21,375,District - Kendujhar (06),Urban,50-54,10691,5885,4806,151,61,90,9120,5576,3544,1352,231,1121,50,15,35,18,2,16,0,0,0
21,375,District - Kendujhar (06),Urban,55-59,7767,4366,3401,105,44,61,6465,4094,2371,1155,217,938,29,10,19,13,1,12,0,0,0
21,375,District - Kendujhar (06),Urban,60-64,6086,3128,2958,112,50,62,4380,2795,1585,1560,275,1285,24,6,18,10,2,8,0,0,0
21,375,District - Kendujhar (06),Urban,65-69,3730,1920,1810,130,65,65,2471,1602,869,1104,244,860,13,8,5,12,1,11,0,0,0
21,375,District - Kendujhar (06),Urban,70-74,2841,1449,1392,64,33,31,1609,1173,436,1144,239,905,5,2,3,19,2,17,0,0,0
21,375,District - Kendujhar (06),Urban,75-79,1274,644,630,12,5,7,700,496,204,558,143,415,0,0,0,4,0,4,0,0,0
21,375,District - Kendujhar (06),Urban,80+,1436,742,694,64,35,29,586,451,135,768,245,523,8,7,1,10,4,6,0,0,0
21,375,District - Kendujhar (06),Urban,Age not stated,1087,594,493,871,502,369,172,83,89,40,7,33,2,1,1,2,1,1,0,0,0
21,375,District - Kendujhar (06),Urban,Less than 18,87146,44789,42357,86289,44600,41689,785,173,612,55,12,43,14,4,10,3,0,3,0,0,0
21,375,District - Kendujhar (06),Urban,Less than 21,102647,52560,50087,98590,51825,46765,3939,712,3227,80,15,65,32,8,24,6,0,6,0,0,0
21,376,District - Mayurbhanj (07),Total,All ages,2519738,1256213,1263525,1210834,659461,551373,1146977,564116,582861,147000,28952,118048,12165,3189,8976,2762,495,2267,0,0,0
21,376,District - Mayurbhanj (07),Total,0-9,520841,265527,255314,520841,265527,255314,0,0,0,0,0,0,0,0,0,0,0,0,0,0,0
21,376,District - Mayurbhanj (07),Total,10-14,286358,144421,141937,282742,143194,139548,3291,1118,2173,176,51,125,118,45,73,31,13,18,0,0,0
21,376,District - Mayurbhanj (07),Total,15-19,229826,116965,112861,199352,112462,86890,29624,4312,25312,387,88,299,381,90,291,82,13,69,0,0,0
21,376,District - Mayurbhanj (07),Total,20-24,212210,102128,110082,105142,74080,31062,104853,27647,77206,996,199,797,985,171,814,234,31,203,0,0,0
21,376,District - Mayurbhanj (07),Total,25-29,200494,98063,102431,49537,37167,12370,147003,60133,86870,2182,403,1779,1442,308,1134,330,52,278,0,0,0
21,376,District - Mayurbhanj (07),Total,30-34,171826,83652,88174,19542,13031,6511,146895,69636,77259,3546,579,2967,1507,345,1162,336,61,275,0,0,0
21,376,District - Mayurbhanj (07),Total,35-39,174957,84987,89970,10174,5063,5111,156447,78319,78128,6222,1077,5145,1720,448,1272,394,80,314,0,0,0
21,376,District - Mayurbhanj (07),Total,40-44,160485,80167,80318,6584,2553,4031,142679,75549,67130,9203,1581,7622,1668,427,1241,351,57,294,0,0,0
21,376,District - Mayurbhanj (07),Total,45-49,142867,72850,70017,4454,1408,3046,124315,68753,55562,12343,2241,10102,1430,383,1047,325,65,260,0,0,0
21,376,District - Mayurbhanj (07),Total,50-54,112812,57411,55401,2940,932,2008,93753,53459,40294,14943,2709,12234,957,283,674,219,28,191,0,0,0
21,376,District - Mayurbhanj (07),Total,55-59,88348,43972,44376,1838,601,1237,70608,40209,30399,15114,2949,12165,624,186,438,164,27,137,0,0,0
21,376,District - Mayurbhanj (07),Total,60-64,84912,41832,43080,1732,584,1148,57855,36471,21384,24551,4553,19998,622,196,426,152,28,124,0,0,0
21,376,District - Mayurbhanj (07),Total,65-69,53895,26394,27501,1006,353,653,32868,22008,10860,19645,3909,15736,310,111,199,66,13,53,0,0,0
21,376,District - Mayurbhanj (07),Total,70-74,39165,18352,20813,671,239,432,19614,14299,5315,18633,3706,14927,209,98,111,38,10,28,0,0,0
21,376,District - Mayurbhanj (07),Total,75-79,17282,8028,9254,254,87,167,7963,5809,2154,8971,2081,6890,77,43,34,17,8,9,0,0,0
21,376,District - Mayurbhanj (07),Total,80+,17662,8579,9083,789,434,355,7012,5326,1686,9758,2764,6994,89,51,38,14,4,10,0,0,0
21,376,District - Mayurbhanj (07),Total,Age not stated,5798,2885,2913,3236,1746,1490,2197,1068,1129,330,62,268,26,4,22,9,5,4,0,0,0
21,376,District - Mayurbhanj (07),Total,Less than 18,944461,480572,463889,932772,477759,455013,10990,2607,8383,381,99,282,259,90,169,59,17,42,0,0,0
21,376,District - Mayurbhanj (07),Total,Less than 21,1096600,554544,542056,1037798,544419,493379,57166,9747,47419,765,173,592,708,171,537,163,34,129,0,0,0
21,376,District - Mayurbhanj (07),Rural,All ages,2326842,1157576,1169266,1121674,609183,512491,1053614,517586,536028,137550,27334,110216,11417,3008,8409,2587,465,2122,0,0,0
21,376,District - Mayurbhanj (07),Rural,0-9,491999,250472,241527,491999,250472,241527,0,0,0,0,0,0,0,0,0,0,0,0,0,0,0
21,376,District - Mayurbhanj (07),Rural,10-14,267671,135194,132477,264313,134050,130263,3056,1042,2014,168,50,118,105,40,65,29,12,17,0,0,0
21,376,District - Mayurbhanj (07),Rural,15-19,209311,106199,103112,180439,101899,78540,28065,4121,23944,364,84,280,364,83,281,79,12,67,0,0,0
21,376,District - Mayurbhanj (07),Rural,20-24,194052,93078,100974,93366,66410,26956,98590,26293,72297,934,183,751,938,161,777,224,31,193,0,0,0
21,376,District - Mayurbhanj (07),Rural,25-29,183935,89992,93943,43517,32632,10885,136705,56631,80074,2054,384,1670,1358,295,1063,301,50,251,0,0,0
21,376,District - Mayurbhanj (07),Rural,30-34,156772,76170,80602,17073,11136,5937,134702,64126,70576,3288,534,2754,1393,317,1076,316,57,259,0,0,0
21,376,District - Mayurbhanj (07),Rural,35-39,159726,77600,82126,9225,4464,4761,142735,71621,71114,5792,1020,4772,1612,422,1190,362,73,289,0,0,0
21,376,District - Mayurbhanj (07),Rural,40-44,146371,72953,73418,6047,2267,3780,129882,68719,61163,8555,1514,7041,1557,400,1157,330,53,277,0,0,0
21,376,District - Mayurbhanj (07),Rural,45-49,130264,66180,64084,4086,1269,2817,113037,62364,50673,11501,2128,9373,1333,357,976,307,62,245,0,0,0
21,376,District - Mayurbhanj (07),Rural,50-54,102867,51936,50931,2692,840,1852,85123,48226,36897,13946,2575,11371,904,268,636,202,27,175,0,0,0
21,376,District - Mayurbhanj (07),Rural,55-59,80925,39916,41009,1670,527,1143,64419,36382,28037,14101,2806,11295,581,178,403,154,23,131,0,0,0
21,376,District - Mayurbhanj (07),Rural,60-64,79007,38723,40284,1613,534,1079,53417,33639,19778,23244,4334,18910,588,189,399,145,27,118,0,0,0
21,376,District - Mayurbhanj (07),Rural,65-69,50139,24369,25770,942,329,613,30283,20219,10064,18548,3700,14848,303,108,195,63,13,50,0,0,0
21,376,District - Mayurbhanj (07),Rural,70-74,36330,16959,19371,627,221,406,17978,13130,4848,17492,3504,13988,197,95,102,36,9,27,0,0,0
21,376,District - Mayurbhanj (07),Rural,75-79,15875,7298,8577,241,78,163,7219,5244,1975,8325,1928,6397,73,40,33,17,8,9,0,0,0
21,376,District - Mayurbhanj (07),Rural,80+,16100,7821,8279,717,394,323,6362,4844,1518,8921,2528,6393,86,51,35,14,4,10,0,0,0
21,376,District - Mayurbhanj (07),Rural,Age not stated,5498,2716,2782,3107,1661,1446,2041,985,1056,317,62,255,25,4,21,8,4,4,0,0,0
21,376,District - Mayurbhanj (07),Rural,Less than 18,885131,450271,434860,874201,447631,426570,10273,2448,7825,363,96,267,238,80,158,56,16,40,0,0,0
21,376,District - Mayurbhanj (07),Rural,Less than 21,1023974,517228,506746,968299,507595,460704,54121,9279,44842,724,165,559,673,157,516,157,32,125,0,0,0
21,376,District - Mayurbhanj (07),Urban,All ages,192896,98637,94259,89160,50278,38882,93363,46530,46833,9450,1618,7832,748,181,567,175,30,145,0,0,0
21,376,District - Mayurbhanj (07),Urban,0-9,28842,15055,13787,28842,15055,13787,0,0,0,0,0,0,0,0,0,0,0,0,0,0,0
21,376,District - Mayurbhanj (07),Urban,10-14,18687,9227,9460,18429,9144,9285,235,76,159,8,1,7,13,5,8,2,1,1,0,0,0
21,376,District - Mayurbhanj (07),Urban,15-19,20515,10766,9749,18913,10563,8350,1559,191,1368,23,4,19,17,7,10,3,1,2,0,0,0
21,376,District - Mayurbhanj (07),Urban,20-24,18158,9050,9108,11776,7670,4106,6263,1354,4909,62,16,46,47,10,37,10,0,10,0,0,0
21,376,District - Mayurbhanj (07),Urban,25-29,16559,8071,8488,6020,4535,1485,10298,3502,6796,128,19,109,84,13,71,29,2,27,0,0,0
21,376,District - Mayurbhanj (07),Urban,30-34,15054,7482,7572,2469,1895,574,12193,5510,6683,258,45,213,114,28,86,20,4,16,0,0,0
21,376,District - Mayurbhanj (07),Urban,35-39,15231,7387,7844,949,599,350,13712,6698,7014,430,57,373,108,26,82,32,7,25,0,0,0
21,376,District - Mayurbhanj (07),Urban,40-44,14114,7214,6900,537,286,251,12797,6830,5967,648,67,581,111,27,84,21,4,17,0,0,0
21,376,District - Mayurbhanj (07),Urban,45-49,12603,6670,5933,368,139,229,11278,6389,4889,842,113,729,97,26,71,18,3,15,0,0,0
21,376,District - Mayurbhanj (07),Urban,50-54,9945,5475,4470,248,92,156,8630,5233,3397,997,134,863,53,15,38,17,1,16,0,0,0
21,376,District - Mayurbhanj (07),Urban,55-59,7423,4056,3367,168,74,94,6189,3827,2362,1013,143,870,43,8,35,10,4,6,0,0,0
21,376,District - Mayurbhanj (07),Urban,60-64,5905,3109,2796,119,50,69,4438,2832,1606,1307,219,1088,34,7,27,7,1,6,0,0,0
21,376,District - Mayurbhanj (07),Urban,65-69,3756,2025,1731,64,24,40,2585,1789,796,1097,209,888,7,3,4,3,0,3,0,0,0
21,376,District - Mayurbhanj (07),Urban,70-74,2835,1393,1442,44,18,26,1636,1169,467,1141,202,939,12,3,9,2,1,1,0,0,0
21,376,District - Mayurbhanj (07),Urban,75-79,1407,730,677,13,9,4,744,565,179,646,153,493,4,3,1,0,0,0,0,0,0
21,376,District - Mayurbhanj (07),Urban,80+,1562,758,804,72,40,32,650,482,168,837,236,601,3,0,3,0,0,0,0,0,0
21,376,District - Mayurbhanj (07),Urban,Age not stated,300,169,131,129,85,44,156,83,73,13,0,13,1,0,1,1,1,0,0,0,0
21,376,District - Mayurbhanj (07),Urban,Less than 18,59330,30301,29029,58571,30128,28443,717,159,558,18,3,15,21,10,11,3,1,2,0,0,0
21,376,District - Mayurbhanj (07),Urban,Less than 21,72626,37316,35310,69499,36824,32675,3045,468,2577,41,8,33,35,14,21,6,2,4,0,0,0
21,377,District - Baleshwar (08),Total,All ages,2320529,1185787,1134742,1058740,599585,459155,1148119,565983,582136,101589,18203,83386,10304,1796,8508,1777,220,1557,0,0,0
21,377,District - Baleshwar (08),Total,0-9,425350,218068,207282,425350,218068,207282,0,0,0,0,0,0,0,0,0,0,0,0,0,0,0
21,377,District - Baleshwar (08),Total,10-14,243440,124011,119429,240257,122858,117399,2969,1074,1895,115,40,75,90,35,55,9,4,5,0,0,0
21,377,District - Baleshwar (08),Total,15-19,214714,109635,105079,194314,106979,87335,19959,2534,17425,215,60,155,199,55,144,27,7,20,0,0,0
21,377,District - Baleshwar (08),Total,20-24,209861,105710,104151,117020,87068,29952,91458,18438,73020,558,117,441,685,70,615,140,17,123,0,0,0
21,377,District - Baleshwar (08),Total,25-29,210463,104886,105577,53496,45904,7592,154147,58544,95603,1278,237,1041,1290,177,1113,252,24,228,0,0,0
21,377,District - Baleshwar (08),Total,30-34,178885,90986,87899,13923,11162,2761,161211,79255,81956,2108,356,1752,1356,182,1174,287,31,256,0,0,0
21,377,District - Baleshwar (08),Total,35-39,170873,87203,83670,4621,2796,1825,161238,83733,77505,3178,416,2762,1530,221,1309,306,37,269,0,0,0
21,377,District - Baleshwar (08),Total,40-44,145554,76152,69402,2530,1211,1319,136595,74111,62484,4749,617,4132,1422,184,1238,258,29,229,0,0,0
21,377,District - Baleshwar (08),Total,45-49,127263,66773,60490,1561,651,910,118115,65048,53067,6154,875,5279,1249,177,1072,184,22,162,0,0,0
21,377,District - Baleshwar (08),Total,50-54,100352,52800,47552,965,403,562,90542,51114,39428,7862,1112,6750,859,151,708,124,20,104,0,0,0
21,377,District - Baleshwar (08),Total,55-59,77071,39371,37700,592,269,323,67645,37682,29963,8250,1302,6948,527,110,417,57,8,49,0,0,0
21,377,District - Baleshwar (08),Total,60-64,73505,37263,36242,614,267,347,57734,34664,23070,14634,2204,12430,465,120,345,58,8,50,0,0,0
21,377,District - Baleshwar (08),Total,65-69,52635,27044,25591,436,203,233,37918,24386,13532,14006,2358,11648,248,93,155,27,4,23,0,0,0
21,377,District - Baleshwar (08),Total,70-74,41805,20971,20834,330,183,147,24900,17728,7172,16376,2962,13414,181,94,87,18,4,14,0,0,0
21,377,District - Baleshwar (08),Total,75-79,21662,11137,10525,177,90,87,11894,8886,3008,9500,2103,7397,80,55,25,11,3,8,0,0,0
21,377,District - Baleshwar (08),Total,80+,23581,12022,11559,807,463,344,10239,8078,2161,12423,3412,9011,99,67,32,13,2,11,0,0,0
21,377,District - Baleshwar (08),Total,Age not stated,3515,1755,1760,1747,1010,737,1555,708,847,183,32,151,24,5,19,6,0,6,0,0,0
21,377,District - Baleshwar (08),Total,Less than 18,797367,407353,390014,788480,404984,383496,8449,2220,6229,237,75,162,178,66,112,23,8,15,0,0,0
21,377,District - Baleshwar (08),Total,Less than 21,935279,477017,458262,893937,470950,422987,40443,5830,34613,430,120,310,413,104,309,56,13,43,0,0,0
21,377,District - Baleshwar (08),Rural,All ages,2067236,1056466,1010770,945406,535381,410025,1020995,502973,518022,90106,16324,73782,9208,1597,7611,1521,191,1330,0,0,0
21,377,District - Baleshwar (08),Rural,0-9,384396,196991,187405,384396,196991,187405,0,0,0,0,0,0,0,0,0,0,0,0,0,0,0
21,377,District - Baleshwar (08),Rural,10-14,219553,111708,107845,216663,110664,105999,2694,973,1721,107,38,69,81,30,51,8,3,5,0,0,0
21,377,District - Baleshwar (08),Rural,15-19,191140,97594,93546,172694,95183,77511,18060,2303,15757,187,55,132,177,49,128,22,4,18,0,0,0
21,377,District - Baleshwar (08),Rural,20-24,185849,93842,92007,102277,77106,25171,82354,16555,65799,487,104,383,612,63,549,119,14,105,0,0,0
21,377,District - Baleshwar (08),Rural,25-29,187223,93628,93595,46081,40055,6026,138655,53182,85473,1106,208,898,1158,159,999,223,24,199,0,0,0
21,377,District - Baleshwar (08),Rural,30-34,158039,80673,77366,11400,9203,2197,143344,70970,72374,1832,311,1521,1215,159,1056,248,30,218,0,0,0
21,377,District - Baleshwar (08),Rural,35-39,150514,77029,73485,3769,2243,1526,142396,74197,68199,2737,366,2371,1357,190,1167,255,33,222,0,0,0
21,377,District - Baleshwar (08),Rural,40-44,127768,66856,60912,2098,963,1135,120076,65156,54920,4089,546,3543,1285,166,1119,220,25,195,0,0,0
21,377,District - Baleshwar (08),Rural,45-49,111582,58392,53190,1250,506,744,103804,56949,46855,5253,762,4491,1119,158,961,156,17,139,0,0,0
21,377,District - Baleshwar (08),Rural,50-54,88055,46178,41877,767,319,448,79637,44708,34929,6782,1000,5782,767,136,631,102,15,87,0,0,0
21,377,District - Baleshwar (08),Rural,55-59,67884,34359,33525,455,216,239,59746,32904,26842,7177,1137,6040,457,94,363,49,8,41,0,0,0
21,377,District - Baleshwar (08),Rural,60-64,65951,33274,32677,496,214,282,51886,30957,20929,13103,1986,11117,416,111,305,50,6,44,0,0,0
21,377,District - Baleshwar (08),Rural,65-69,47870,24527,23343,377,174,203,34494,22139,12355,12754,2130,10624,222,81,141,23,3,20,0,0,0
21,377,District - Baleshwar (08),Rural,70-74,37802,19011,18791,281,158,123,22541,16054,6487,14803,2706,12097,160,89,71,17,4,13,0,0,0
21,377,District - Baleshwar (08),Rural,75-79,19467,10022,9445,151,75,76,10721,8011,2710,8511,1882,6629,74,51,23,10,3,7,0,0,0
21,377,District - Baleshwar (08),Rural,80+,21039,10829,10210,701,405,296,9232,7300,1932,11007,3064,7943,86,58,28,13,2,11,0,0,0
21,377,District - Baleshwar (08),Rural,Age not stated,3104,1553,1551,1550,906,644,1355,615,740,171,29,142,22,3,19,6,0,6,0,0,0
21,377,District - Baleshwar (08),Rural,Less than 18,718705,366959,351746,710675,364807,345868,7635,2018,5617,212,70,142,164,59,105,19,5,14,0,0,0
21,377,District - Baleshwar (08),Rural,Less than 21,841128,428828,412300,803792,423381,380411,36543,5235,31308,382,113,269,367,91,276,44,8,36,0,0,0
21,377,District - Baleshwar (08),Urban,All ages,253293,129321,123972,113334,64204,49130,127124,63010,64114,11483,1879,9604,1096,199,897,256,29,227,0,0,0
21,377,District - Baleshwar (08),Urban,0-9,40954,21077,19877,40954,21077,19877,0,0,0,0,0,0,0,0,0,0,0,0,0,0,0
21,377,District - Baleshwar (08),Urban,10-14,23887,12303,11584,23594,12194,11400,275,101,174,8,2,6,9,5,4,1,1,0,0,0,0
21,377,District - Baleshwar (08),Urban,15-19,23574,12041,11533,21620,11796,9824,1899,231,1668,28,5,23,22,6,16,5,3,2,0,0,0
21,377,District - Baleshwar (08),Urban,20-24,24012,11868,12144,14743,9962,4781,9104,1883,7221,71,13,58,73,7,66,21,3,18,0,0,0
21,377,District - Baleshwar (08),Urban,25-29,23240,11258,11982,7415,5849,1566,15492,5362,10130,172,29,143,132,18,114,29,0,29,0,0,0
21,377,District - Baleshwar (08),Urban,30-34,20846,10313,10533,2523,1959,564,17867,8285,9582,276,45,231,141,23,118,39,1,38,0,0,0
21,377,District - Baleshwar (08),Urban,35-39,20359,10174,10185,852,553,299,18842,9536,9306,441,50,391,173,31,142,51,4,47,0,0,0
21,377,District - Baleshwar (08),Urban,40-44,17786,9296,8490,432,248,184,16519,8955,7564,660,71,589,137,18,119,38,4,34,0,0,0
21,377,District - Baleshwar (08),Urban,45-49,15681,8381,7300,311,145,166,14311,8099,6212,901,113,788,130,19,111,28,5,23,0,0,0
21,377,District - Baleshwar (08),Urban,50-54,12297,6622,5675,198,84,114,10905,6406,4499,1080,112,968,92,15,77,22,5,17,0,0,0
21,377,District - Baleshwar (08),Urban,55-59,9187,5012,4175,137,53,84,7899,4778,3121,1073,165,908,70,16,54,8,0,8,0,0,0
21,377,District - Baleshwar (08),Urban,60-64,7554,3989,3565,118,53,65,5848,3707,2141,1531,218,1313,49,9,40,8,2,6,0,0,0
21,377,District - Baleshwar (08),Urban,65-69,4765,2517,2248,59,29,30,3424,2247,1177,1252,228,1024,26,12,14,4,1,3,0,0,0
21,377,District - Baleshwar (08),Urban,70-74,4003,1960,2043,49,25,24,2359,1674,685,1573,256,1317,21,5,16,1,0,1,0,0,0
21,377,District - Baleshwar (08),Urban,75-79,2195,1115,1080,26,15,11,1173,875,298,989,221,768,6,4,2,1,0,1,0,0,0
21,377,District - Baleshwar (08),Urban,80+,2542,1193,1349,106,58,48,1007,778,229,1416,348,1068,13,9,4,0,0,0,0,0,0
21,377,District - Baleshwar (08),Urban,Age not stated,411,202,209,197,104,93,200,93,107,12,3,9,2,2,0,0,0,0,0,0,0
21,377,District - Baleshwar (08),Urban,Less than 18,78662,40394,38268,77805,40177,37628,814,202,612,25,5,20,14,7,7,4,3,1,0,0,0
21,377,District - Baleshwar (08),Urban,Less than 21,94151,48189,45962,90145,47569,42576,3900,595,3305,48,7,41,46,13,33,12,5,7,0,0,0
21,378,District - Bhadrak (09),Total,All ages,1506337,760260,746077,722514,396975,325539,715502,349557,365945,62861,12669,50192,4237,880,3357,1223,179,1044,0,0,0
21,378,District - Bhadrak (09),Total,0-9,267857,137598,130259,267857,137598,130259,0,0,0,0,0,0,0,0,0,0,0,0,0,0,0
21,378,District - Bhadrak (09),Total,10-14,162454,82158,80296,160312,81453,78859,1910,651,1259,164,26,138,55,23,32,13,5,8,0,0,0
21,378,District - Bhadrak (09),Total,15-19,147509,73217,74292,139763,71796,67967,7506,1366,6140,140,29,111,76,19,57,24,7,17,0,0,0
21,378,District - Bhadrak (09),Total,20-24,140434,69202,71232,95503,60074,35429,44344,9012,35332,301,67,234,226,36,190,60,13,47,0,0,0
21,378,District - Bhadrak (09),Total,25-29,130406,64008,66398,39584,32320,7264,89596,31486,58110,594,113,481,505,76,429,127,13,114,0,0,0
21,378,District - Bhadrak (09),Total,30-34,111249,55418,55831,9778,8198,1580,99587,46915,52672,1129,192,937,588,88,500,167,25,142,0,0,0
21,378,District - Bhadrak (09),Total,35-39,106288,52997,53291,2448,1632,816,101361,51005,50356,1688,219,1469,618,113,505,173,28,145,0,0,0
21,378,District - Bhadrak (09),Total,40-44,93693,48032,45661,1288,721,567,89303,46861,42442,2351,334,2017,596,94,502,155,22,133,0,0,0
21,378,District - Bhadrak (09),Total,45-49,82399,42142,40257,618,324,294,77936,41237,36699,3221,496,2725,517,72,445,107,13,94,0,0,0
21,378,District - Bhadrak (09),Total,50-54,67111,35380,31731,393,209,184,61684,34333,27351,4632,761,3871,339,66,273,63,11,52,0,0,0
21,378,District - Bhadrak (09),Total,55-59,50226,25525,24701,272,143,129,44780,24486,20294,4910,839,4071,212,53,159,52,4,48,0,0,0
21,378,District - Bhadrak (09),Total,60-64,45959,23542,22417,488,256,232,37013,21834,15179,8229,1389,6840,181,60,121,48,3,45,0,0,0
21,378,District - Bhadrak (09),Total,65-69,33684,16983,16701,670,344,326,24833,15041,9792,8025,1550,6475,104,45,59,52,3,49,0,0,0
21,378,District - Bhadrak (09),Total,70-74,31040,15502,15538,390,183,207,18726,12932,5794,11754,2326,9428,90,48,42,80,13,67,0,0,0
21,378,District - Bhadrak (09),Total,75-79,15626,8092,7534,108,59,49,8781,6310,2471,6636,1672,4964,56,42,14,45,9,36,0,0,0
21,378,District - Bhadrak (09),Total,80+,16840,8704,8136,532,307,225,7293,5725,1568,8903,2621,6282,63,41,22,49,10,39,0,0,0
21,378,District - Bhadrak (09),Total,Age not stated,3562,1760,1802,2510,1358,1152,849,363,486,184,35,149,11,4,7,8,0,8,0,0,0
21,378,District - Bhadrak (09),Total,Less than 18,518794,263570,255224,513801,262139,251662,4618,1345,3273,253,42,211,93,34,59,29,10,19,0,0,0
21,378,District - Bhadrak (09),Total,Less than 21,611100,309182,301918,594378,306002,288376,16130,3046,13084,376,71,305,172,50,122,44,13,31,0,0,0
21,378,District - Bhadrak (09),Rural,All ages,1320499,665255,655244,630585,345845,284740,629623,307142,322481,55649,11365,44284,3609,751,2858,1033,152,881,0,0,0
21,378,District - Bhadrak (09),Rural,0-9,234354,120313,114041,234354,120313,114041,0,0,0,0,0,0,0,0,0,0,0,0,0,0,0
21,378,District - Bhadrak (09),Rural,10-14,143120,72310,70810,141260,71692,69568,1653,573,1080,145,21,124,50,20,30,12,4,8,0,0,0
21,378,District - Bhadrak (09),Rural,15-19,128142,63470,64672,121646,62261,59385,6308,1164,5144,122,24,98,48,17,31,18,4,14,0,0,0
21,378,District - Bhadrak (09),Rural,20-24,122217,60120,62097,83402,52407,30995,38348,7617,30731,253,58,195,170,28,142,44,10,34,0,0,0
21,378,District - Bhadrak (09),Rural,25-29,114050,55839,58211,34070,28008,6062,78941,27654,51287,512,103,409,419,62,357,108,12,96,0,0,0
21,378,District - Bhadrak (09),Rural,30-34,97076,48228,48848,7865,6634,1231,87595,41326,46269,958,172,786,514,74,440,144,22,122,0,0,0
21,378,District - Bhadrak (09),Rural,35-39,92787,46123,46664,1909,1261,648,88800,44554,44246,1416,187,1229,525,96,429,137,25,112,0,0,0
21,378,District - Bhadrak (09),Rural,40-44,81865,41980,39885,1029,571,458,78182,41008,37174,2014,300,1714,509,82,427,131,19,112,0,0,0
21,378,District - Bhadrak (09),Rural,45-49,72236,36730,35506,486,245,241,68461,35976,32485,2744,434,2310,456,63,393,89,12,77,0,0,0
21,378,District - Bhadrak (09),Rural,50-54,58978,31009,27969,302,156,146,54301,30110,24191,4026,680,3346,291,54,237,58,9,49,0,0,0
21,378,District - Bhadrak (09),Rural,55-59,44428,22433,21995,217,124,93,39683,21510,18173,4296,750,3546,189,47,142,43,2,41,0,0,0
21,378,District - Bhadrak (09),Rural,60-64,40887,20935,19952,414,221,193,33000,19412,13588,7281,1247,6034,157,52,105,35,3,32,0,0,0
21,378,District - Bhadrak (09),Rural,65-69,30213,15197,15016,590,301,289,22301,13462,8839,7186,1391,5795,88,40,48,48,3,45,0,0,0
21,378,District - Bhadrak (09),Rural,70-74,27967,13928,14039,334,157,177,16890,11633,5257,10590,2085,8505,83,43,40,70,10,60,0,0,0
21,378,District - Bhadrak (09),Rural,75-79,14131,7333,6798,95,54,41,7944,5700,2244,6001,1535,4466,48,35,13,43,9,34,0,0,0
21,378,District - Bhadrak (09),Rural,80+,15018,7801,7217,466,268,198,6509,5143,1366,7945,2347,5598,53,35,18,45,8,37,0,0,0
21,378,District - Bhadrak (09),Rural,Age not stated,3030,1506,1524,2146,1172,974,707,300,407,160,31,129,9,3,6,8,0,8,0,0,0
21,378,District - Bhadrak (09),Rural,Less than 18,454380,230604,223776,450099,229359,220740,3964,1174,2790,221,33,188,71,30,41,25,8,17,0,0,0
21,378,District - Bhadrak (09),Rural,Less than 21,534351,270041,264310,520252,267346,252906,13609,2585,11024,326,59,267,128,42,86,36,9,27,0,0,0
21,378,District - Bhadrak (09),Urban,All ages,185838,95005,90833,91929,51130,40799,85879,42415,43464,7212,1304,5908,628,129,499,190,27,163,0,0,0
21,378,District - Bhadrak (09),Urban,0-9,33503,17285,16218,33503,17285,16218,0,0,0,0,0,0,0,0,0,0,0,0,0,0,0
21,378,District - Bhadrak (09),Urban,10-14,19334,9848,9486,19052,9761,9291,257,78,179,19,5,14,5,3,2,1,1,0,0,0,0
21,378,District - Bhadrak (09),Urban,15-19,19367,9747,9620,18117,9535,8582,1198,202,996,18,5,13,28,2,26,6,3,3,0,0,0
21,378,District - Bhadrak (09),Urban,20-24,18217,9082,9135,12101,7667,4434,5996,1395,4601,48,9,39,56,8,48,16,3,13,0,0,0
21,378,District - Bhadrak (09),Urban,25-29,16356,8169,8187,5514,4312,1202,10655,3832,6823,82,10,72,86,14,72,19,1,18,0,0,0
21,378,District - Bhadrak (09),Urban,30-34,14173,7190,6983,1913,1564,349,11992,5589,6403,171,20,151,74,14,60,23,3,20,0,0,0
21,378,District - Bhadrak (09),Urban,35-39,13501,6874,6627,539,371,168,12561,6451,6110,272,32,240,93,17,76,36,3,33,0,0,0
21,378,District - Bhadrak (09),Urban,40-44,11828,6052,5776,259,150,109,11121,5853,5268,337,34,303,87,12,75,24,3,21,0,0,0
21,378,District - Bhadrak (09),Urban,45-49,10163,5412,4751,132,79,53,9475,5261,4214,477,62,415,61,9,52,18,1,17,0,0,0
21,378,District - Bhadrak (09),Urban,50-54,8133,4371,3762,91,53,38,7383,4223,3160,606,81,525,48,12,36,5,2,3,0,0,0
21,378,District - Bhadrak (09),Urban,55-59,5798,3092,2706,55,19,36,5097,2976,2121,614,89,525,23,6,17,9,2,7,0,0,0
21,378,District - Bhadrak (09),Urban,60-64,5072,2607,2465,74,35,39,4013,2422,1591,948,142,806,24,8,16,13,0,13,0,0,0
21,378,District - Bhadrak (09),Urban,65-69,3471,1786,1685,80,43,37,2532,1579,953,839,159,680,16,5,11,4,0,4,0,0,0
21,378,District - Bhadrak (09),Urban,70-74,3073,1574,1499,56,26,30,1836,1299,537,1164,241,923,7,5,2,10,3,7,0,0,0
21,378,District - Bhadrak (09),Urban,75-79,1495,759,736,13,5,8,837,610,227,635,137,498,8,7,1,2,0,2,0,0,0
21,378,District - Bhadrak (09),Urban,80+,1822,903,919,66,39,27,784,582,202,958,274,684,10,6,4,4,2,2,0,0,0
21,378,District - Bhadrak (09),Urban,Age not stated,532,254,278,364,186,178,142,63,79,24,4,20,2,1,1,0,0,0,0,0,0
21,378,District - Bhadrak (09),Urban,Less than 18,64414,32966,31448,63702,32780,30922,654,171,483,32,9,23,22,4,18,4,2,2,0,0,0
21,378,District - Bhadrak (09),Urban,Less than 21,76749,39141,37608,74126,38656,35470,2521,461,2060,50,12,38,44,8,36,8,4,4,0,0,0
21,379,District - Kendrapara  (10),Total,All ages,1440361,717814,722547,660152,359992,300160,707855,340781,367074,67349,15834,51515,3884,1026,2858,1121,181,940,0,0,0
21,379,District - Kendrapara  (10),Total,0-9,235882,121957,113925,235882,121957,113925,0,0,0,0,0,0,0,0,0,0,0,0,0,0,0
21,379,District - Kendrapara  (10),Total,10-14,146260,74101,72159,144322,73419,70903,1814,632,1182,57,17,40,62,31,31,5,2,3,0,0,0
21,379,District - Kendrapara  (10),Total,15-19,135500,66595,68905,128713,65239,63474,6582,1273,5309,116,40,76,79,38,41,10,5,5,0,0,0
21,379,District - Kendrapara  (10),Total,20-24,130371,62335,68036,92694,54717,37977,37205,7530,29675,236,47,189,181,35,146,55,6,49,0,0,0
21,379,District - Kendrapara  (10),Total,25-29,123271,58591,64680,40594,31504,9090,81625,26882,54743,570,126,444,356,64,292,126,15,111,0,0,0
21,379,District - Kendrapara  (10),Total,30-34,104557,50744,53813,9874,8182,1692,93048,42251,50797,963,196,767,494,91,403,178,24,154,0,0,0
21,379,District - Kendrapara  (10),Total,35-39,100528,48940,51588,2362,1611,751,95787,46908,48879,1567,262,1305,604,125,479,208,34,174,0,0,0
21,379,District - Kendrapara  (10),Total,40-44,89502,45188,44314,1154,679,475,85313,43985,41328,2282,377,1905,562,126,436,191,21,170,0,0,0
21,379,District - Kendrapara  (10),Total,45-49,79972,39980,39992,684,392,292,75655,38907,36748,3076,564,2512,421,92,329,136,25,111,0,0,0
21,379,District - Kendrapara  (10),Total,50-54,66529,33669,32860,427,256,171,61502,32493,29009,4194,833,3361,329,74,255,77,13,64,0,0,0
21,379,District - Kendrapara  (10),Total,55-59,55056,27353,27703,270,170,100,49674,26053,23621,4848,1052,3796,217,65,152,47,13,34,0,0,0
21,379,District - Kendrapara  (10),Total,60-64,53511,27390,26121,324,190,134,44653,25333,19320,8283,1781,6502,217,78,139,34,8,26,0,0,0
21,379,District - Kendrapara  (10),Total,65-69,39772,20124,19648,293,173,120,30523,17938,12585,8807,1943,6864,131,66,65,18,4,14,0,0,0
21,379,District - Kendrapara  (10),Total,70-74,35477,17716,17761,238,127,111,22448,14806,7642,12673,2731,9942,102,48,54,16,4,12,0,0,0
21,379,District - Kendrapara  (10),Total,75-79,20388,10660,9728,121,68,53,11650,8287,3363,8546,2254,6292,61,47,14,10,4,6,0,0,0
21,379,District - Kendrapara  (10),Total,80+,20161,10612,9549,546,310,236,8609,6688,1921,10940,3569,7371,57,42,15,9,3,6,0,0,0
21,379,District - Kendrapara  (10),Total,Age not stated,3624,1859,1765,1654,998,656,1767,815,952,191,42,149,11,4,7,1,0,1,0,0,0
21,379,District - Kendrapara  (10),Total,Less than 18,463267,235883,227384,458679,234508,224171,4339,1277,3062,137,42,95,104,53,51,8,3,5,0,0,0
21,379,District - Kendrapara  (10),Total,Less than 21,547456,277060,270396,533488,274130,259358,13550,2778,10772,226,66,160,172,78,94,20,8,12,0,0,0
21,379,District - Kendrapara  (10),Rural,All ages,1356827,675053,681774,620188,337535,282653,668000,321231,346769,63971,15150,48821,3642,970,2672,1026,167,859,0,0,0
21,379,District - Kendrapara  (10),Rural,0-9,222535,114955,107580,222535,114955,107580,0,0,0,0,0,0,0,0,0,0,0,0,0,0,0
21,379,District - Kendrapara  (10),Rural,10-14,138391,69959,68432,136555,69320,67235,1721,594,1127,55,16,39,55,27,28,5,2,3,0,0,0
21,379,District - Kendrapara  (10),Rural,15-19,126750,62201,64549,120339,60924,59415,6217,1198,5019,109,38,71,76,36,40,9,5,4,0,0,0
21,379,District - Kendrapara  (10),Rural,20-24,122417,58365,64052,86766,51155,35611,35207,7126,28081,225,45,180,167,33,134,52,6,46,0,0,0
21,379,District - Kendrapara  (10),Rural,25-29,115638,54835,60803,37645,29231,8414,77011,25409,51602,536,120,416,331,60,271,115,15,100,0,0,0
21,379,District - Kendrapara  (10),Rural,30-34,98129,47406,50723,8983,7422,1561,87600,39691,47909,922,184,738,462,87,375,162,22,140,0,0,0
21,379,District - Kendrapara  (10),Rural,35-39,94442,45901,48541,2138,1448,690,90070,44055,46015,1470,249,1221,574,117,457,190,32,158,0,0,0
21,379,District - Kendrapara  (10),Rural,40-44,84146,42403,41743,1050,623,427,80233,41292,38941,2163,354,1809,527,118,409,173,16,157,0,0,0
21,379,District - Kendrapara  (10),Rural,45-49,75159,37509,37650,606,351,255,71137,36510,34627,2899,540,2359,390,85,305,127,23,104,0,0,0
21,379,District - Kendrapara  (10),Rural,50-54,62622,31628,30994,389,231,158,57909,30522,27387,3947,794,3153,309,69,240,68,12,56,0,0,0
21,379,District - Kendrapara  (10),Rural,55-59,51978,25736,26242,249,160,89,46935,24499,22436,4552,1001,3551,201,63,138,41,13,28,0,0,0
21,379,District - Kendrapara  (10),Rural,60-64,50884,25994,24890,296,178,118,42468,24026,18442,7882,1707,6175,206,76,130,32,7,25,0,0,0
21,379,District - Kendrapara  (10),Rural,65-69,37878,19183,18695,279,161,118,29067,17082,11985,8388,1871,6517,126,65,61,18,4,14,0,0,0
21,379,District - Kendrapara  (10),Rural,70-74,33816,16895,16921,221,117,104,21421,14116,7305,12059,2611,9448,99,47,52,16,4,12,0,0,0
21,379,District - Kendrapara  (10),Rural,75-79,19510,10215,9295,116,66,50,11160,7937,3223,8169,2165,6004,56,43,13,9,4,5,0,0,0
21,379,District - Kendrapara  (10),Rural,80+,19227,10181,9046,513,294,219,8240,6430,1810,10412,3415,6997,54,40,14,8,2,6,0,0,0
21,379,District - Kendrapara  (10),Rural,Age not stated,3305,1687,1618,1508,899,609,1604,744,860,183,40,143,9,4,5,1,0,1,0,0,0
21,379,District - Kendrapara  (10),Rural,Less than 18,436964,222211,214753,432614,220915,211699,4116,1205,2911,132,40,92,95,48,47,7,3,4,0,0,0
21,379,District - Kendrapara  (10),Rural,Less than 21,515645,260605,255040,502447,257852,244595,12808,2611,10197,214,62,152,157,72,85,19,8,11,0,0,0
21,379,District - Kendrapara  (10),Urban,All ages,83534,42761,40773,39964,22457,17507,39855,19550,20305,3378,684,2694,242,56,186,95,14,81,0,0,0
21,379,District - Kendrapara  (10),Urban,0-9,13347,7002,6345,13347,7002,6345,0,0,0,0,0,0,0,0,0,0,0,0,0,0,0
21,379,District - Kendrapara  (10),Urban,10-14,7869,4142,3727,7767,4099,3668,93,38,55,2,1,1,7,4,3,0,0,0,0,0,0
21,379,District - Kendrapara  (10),Urban,15-19,8750,4394,4356,8374,4315,4059,365,75,290,7,2,5,3,2,1,1,0,1,0,0,0
21,379,District - Kendrapara  (10),Urban,20-24,7954,3970,3984,5928,3562,2366,1998,404,1594,11,2,9,14,2,12,3,0,3,0,0,0
21,379,District - Kendrapara  (10),Urban,25-29,7633,3756,3877,2949,2273,676,4614,1473,3141,34,6,28,25,4,21,11,0,11,0,0,0
21,379,District - Kendrapara  (10),Urban,30-34,6428,3338,3090,891,760,131,5448,2560,2888,41,12,29,32,4,28,16,2,14,0,0,0
21,379,District - Kendrapara  (10),Urban,35-39,6086,3039,3047,224,163,61,5717,2853,2864,97,13,84,30,8,22,18,2,16,0,0,0
21,379,District - Kendrapara  (10),Urban,40-44,5356,2785,2571,104,56,48,5080,2693,2387,119,23,96,35,8,27,18,5,13,0,0,0
21,379,District - Kendrapara  (10),Urban,45-49,4813,2471,2342,78,41,37,4518,2397,2121,177,24,153,31,7,24,9,2,7,0,0,0
21,379,District - Kendrapara  (10),Urban,50-54,3907,2041,1866,38,25,13,3593,1971,1622,247,39,208,20,5,15,9,1,8,0,0,0
21,379,District - Kendrapara  (10),Urban,55-59,3078,1617,1461,21,10,11,2739,1554,1185,296,51,245,16,2,14,6,0,6,0,0,0
21,379,District - Kendrapara  (10),Urban,60-64,2627,1396,1231,28,12,16,2185,1307,878,401,74,327,11,2,9,2,1,1,0,0,0
21,379,District - Kendrapara  (10),Urban,65-69,1894,941,953,14,12,2,1456,856,600,419,72,347,5,1,4,0,0,0,0,0,0
21,379,District - Kendrapara  (10),Urban,70-74,1661,821,840,17,10,7,1027,690,337,614,120,494,3,1,2,0,0,0,0,0,0
21,379,District - Kendrapara  (10),Urban,75-79,878,445,433,5,2,3,490,350,140,377,89,288,5,4,1,1,0,1,0,0,0
21,379,District - Kendrapara  (10),Urban,80+,934,431,503,33,16,17,369,258,111,528,154,374,3,2,1,1,1,0,0,0,0
21,379,District - Kendrapara  (10),Urban,Age not stated,319,172,147,146,99,47,163,71,92,8,2,6,2,0,2,0,0,0,0,0,0
21,379,District - Kendrapara  (10),Urban,Less than 18,26303,13672,12631,26065,13593,12472,223,72,151,5,2,3,9,5,4,1,0,1,0,0,0
21,379,District - Kendrapara  (10),Urban,Less than 21,31811,16455,15356,31041,16278,14763,742,167,575,12,4,8,15,6,9,1,0,1,0,0,0
21,380,District - Jagatsinghapur  (11),Total,All ages,1136971,577865,559106,496117,277203,218914,582469,286189,296280,54070,13398,40672,3244,907,2337,1071,168,903,0,0,0
21,380,District - Jagatsinghapur  (11),Total,0-9,162617,84196,78421,162617,84196,78421,0,0,0,0,0,0,0,0,0,0,0,0,0,0,0
21,380,District - Jagatsinghapur  (11),Total,10-14,102173,52473,49700,100709,51913,48796,1362,526,836,58,17,41,38,15,23,6,2,4,0,0,0
21,380,District - Jagatsinghapur  (11),Total,15-19,101364,51058,50306,96539,50081,46458,4654,931,3723,105,25,80,55,18,37,11,3,8,0,0,0
21,380,District - Jagatsinghapur  (11),Total,20-24,105529,52109,53420,77055,46539,30516,28083,5481,22602,214,54,160,136,26,110,41,9,32,0,0,0
21,380,District - Jagatsinghapur  (11),Total,25-29,106213,52282,53931,40183,30554,9629,65145,21553,43592,444,100,344,324,59,265,117,16,101,0,0,0
21,380,District - Jagatsinghapur  (11),Total,30-34,88679,44766,43913,10731,8763,1968,76557,35734,40823,800,154,646,425,89,336,166,26,140,0,0,0
21,380,District - Jagatsinghapur  (11),Total,35-39,84503,42512,41991,2757,1941,816,79768,40210,39558,1275,216,1059,493,113,380,210,32,178,0,0,0
21,380,District - Jagatsinghapur  (11),Total,40-44,76789,39605,37184,1242,707,535,73066,38455,34611,1824,318,1506,460,101,359,197,24,173,0,0,0
21,380,District - Jagatsinghapur  (11),Total,45-49,67177,34471,32706,745,437,308,63413,33462,29951,2511,466,2045,380,86,294,128,20,108,0,0,0
21,380,District - Jagatsinghapur  (11),Total,50-54,56592,29214,27378,440,232,208,52283,28184,24099,3554,725,2829,238,61,177,77,12,65,0,0,0
21,380,District - Jagatsinghapur  (11),Total,55-59,46260,23567,22693,327,189,138,41743,22462,19281,3970,846,3124,179,62,117,41,8,33,0,0,0
21,380,District - Jagatsinghapur  (11),Total,60-64,42737,22269,20468,275,167,108,35611,20586,15025,6636,1437,5199,184,75,109,31,4,27,0,0,0
21,380,District - Jagatsinghapur  (11),Total,65-69,30726,15513,15213,263,167,96,23619,13670,9949,6731,1629,5102,99,41,58,14,6,8,0,0,0
21,380,District - Jagatsinghapur  (11),Total,70-74,28691,14274,14417,225,139,86,18439,11771,6668,9905,2298,7607,105,63,42,17,3,14,0,0,0
21,380,District - Jagatsinghapur  (11),Total,75-79,16368,8629,7739,121,69,52,9542,6653,2889,6652,1871,4781,48,36,12,5,0,5,0,0,0
21,380,District - Jagatsinghapur  (11),Total,80+,17379,9362,8017,486,280,206,7601,5817,1784,9208,3200,6008,76,62,14,8,3,5,0,0,0
21,380,District - Jagatsinghapur  (11),Total,Age not stated,3174,1565,1609,1402,829,573,1583,694,889,183,42,141,4,0,4,2,0,2,0,0,0
21,380,District - Jagatsinghapur  (11),Total,Less than 18,324417,166565,157852,321106,165499,155607,3114,1008,2106,120,30,90,67,25,42,10,3,7,0,0,0
21,380,District - Jagatsinghapur  (11),Total,Less than 21,389368,199355,190013,379341,197209,182132,9680,2045,7635,220,59,161,105,37,68,22,5,17,0,0,0
21,380,District - Jagatsinghapur  (11),Rural,All ages,1020991,516813,504178,442291,246334,195957,524370,256799,267571,50441,12683,37758,2911,841,2070,978,156,822,0,0,0
21,380,District - Jagatsinghapur  (11),Rural,0-9,144816,74926,69890,144816,74926,69890,0,0,0,0,0,0,0,0,0,0,0,0,0,0,0
21,380,District - Jagatsinghapur  (11),Rural,10-14,91139,46699,44440,89824,46181,43643,1221,488,733,55,16,39,33,12,21,6,2,4,0,0,0
21,380,District - Jagatsinghapur  (11),Rural,15-19,89618,44966,44652,85491,44114,41377,3974,812,3162,96,24,72,49,14,35,8,2,6,0,0,0
21,380,District - Jagatsinghapur  (11),Rural,20-24,93487,45864,47623,68721,41106,27615,24424,4679,19745,191,49,142,114,21,93,37,9,28,0,0,0
21,380,District - Jagatsinghapur  (11),Rural,25-29,95011,46383,48628,36147,27339,8808,58090,18886,39204,390,88,302,280,55,225,104,15,89,0,0,0
21,380,District - Jagatsinghapur  (11),Rural,30-34,79525,40088,39437,9722,7927,1795,68556,31913,36643,711,139,572,383,83,300,153,26,127,0,0,0
21,380,District - Jagatsinghapur  (11),Rural,35-39,75428,37890,37538,2505,1766,739,71144,35792,35352,1150,201,949,439,105,334,190,26,164,0,0,0
21,380,District - Jagatsinghapur  (11),Rural,40-44,68468,35293,33175,1123,639,484,65105,34244,30861,1635,290,1345,420,96,324,185,24,161,0,0,0
21,380,District - Jagatsinghapur  (11),Rural,45-49,59570,30598,28972,681,401,280,56223,29684,26539,2217,419,1798,333,76,257,116,18,98,0,0,0
21,380,District - Jagatsinghapur  (11),Rural,50-54,50247,25490,24757,387,211,176,46375,24544,21831,3208,671,2537,206,54,152,71,10,61,0,0,0
21,380,District - Jagatsinghapur  (11),Rural,55-59,41831,20795,21036,287,171,116,37742,19789,17953,3599,767,2832,168,60,108,35,8,27,0,0,0
21,380,District - Jagatsinghapur  (11),Rural,60-64,40094,20720,19374,258,157,101,33482,19149,14333,6155,1340,4815,170,70,100,29,4,25,0,0,0
21,380,District - Jagatsinghapur  (11),Rural,65-69,29230,14721,14509,239,148,91,22504,12966,9538,6380,1560,4820,94,41,53,13,6,7,0,0,0
21,380,District - Jagatsinghapur  (11),Rural,70-74,27396,13672,13724,208,134,74,17652,11254,6398,9420,2221,7199,99,60,39,17,3,14,0,0,0
21,380,District - Jagatsinghapur  (11),Rural,75-79,15618,8273,7345,107,64,43,9139,6384,2755,6321,1791,4530,46,34,12,5,0,5,0,0,0
21,380,District - Jagatsinghapur  (11),Rural,80+,16482,8939,7543,454,264,190,7212,5546,1666,8735,3066,5669,73,60,13,8,3,5,0,0,0
21,380,District - Jagatsinghapur  (11),Rural,Age not stated,3031,1496,1535,1321,786,535,1527,669,858,178,41,137,4,0,4,1,0,1,0,0,0
21,380,District - Jagatsinghapur  (11),Rural,Less than 18,288678,147936,140742,285759,146982,138777,2739,903,1836,112,29,83,60,20,40,8,2,6,0,0,0
21,380,District - Jagatsinghapur  (11),Rural,Less than 21,346066,176798,169268,337472,174911,162561,8281,1799,6482,202,54,148,93,30,63,18,4,14,0,0,0
21,380,District - Jagatsinghapur  (11),Urban,All ages,115980,61052,54928,53826,30869,22957,58099,29390,28709,3629,715,2914,333,66,267,93,12,81,0,0,0
21,380,District - Jagatsinghapur  (11),Urban,0-9,17801,9270,8531,17801,9270,8531,0,0,0,0,0,0,0,0,0,0,0,0,0,0,0
21,380,District - Jagatsinghapur  (11),Urban,10-14,11034,5774,5260,10885,5732,5153,141,38,103,3,1,2,5,3,2,0,0,0,0,0,0
21,380,District - Jagatsinghapur  (11),Urban,15-19,11746,6092,5654,11048,5967,5081,680,119,561,9,1,8,6,4,2,3,1,2,0,0,0
21,380,District - Jagatsinghapur  (11),Urban,20-24,12042,6245,5797,8334,5433,2901,3659,802,2857,23,5,18,22,5,17,4,0,4,0,0,0
21,380,District - Jagatsinghapur  (11),Urban,25-29,11202,5899,5303,4036,3215,821,7055,2667,4388,54,12,42,44,4,40,13,1,12,0,0,0
21,380,District - Jagatsinghapur  (11),Urban,30-34,9154,4678,4476,1009,836,173,8001,3821,4180,89,15,74,42,6,36,13,0,13,0,0,0
21,380,District - Jagatsinghapur  (11),Urban,35-39,9075,4622,4453,252,175,77,8624,4418,4206,125,15,110,54,8,46,20,6,14,0,0,0
21,380,District - Jagatsinghapur  (11),Urban,40-44,8321,4312,4009,119,68,51,7961,4211,3750,189,28,161,40,5,35,12,0,12,0,0,0
21,380,District - Jagatsinghapur  (11),Urban,45-49,7607,3873,3734,64,36,28,7190,3778,3412,294,47,247,47,10,37,12,2,10,0,0,0
21,380,District - Jagatsinghapur  (11),Urban,50-54,6345,3724,2621,53,21,32,5908,3640,2268,346,54,292,32,7,25,6,2,4,0,0,0
21,380,District - Jagatsinghapur  (11),Urban,55-59,4429,2772,1657,40,18,22,4001,2673,1328,371,79,292,11,2,9,6,0,6,0,0,0
21,380,District - Jagatsinghapur  (11),Urban,60-64,2643,1549,1094,17,10,7,2129,1437,692,481,97,384,14,5,9,2,0,2,0,0,0
21,380,District - Jagatsinghapur  (11),Urban,65-69,1496,792,704,24,19,5,1115,704,411,351,69,282,5,0,5,1,0,1,0,0,0
21,380,District - Jagatsinghapur  (11),Urban,70-74,1295,602,693,17,5,12,787,517,270,485,77,408,6,3,3,0,0,0,0,0,0
21,380,District - Jagatsinghapur  (11),Urban,75-79,750,356,394,14,5,9,403,269,134,331,80,251,2,2,0,0,0,0,0,0,0
21,380,District - Jagatsinghapur  (11),Urban,80+,897,423,474,32,16,16,389,271,118,473,134,339,3,2,1,0,0,0,0,0,0
21,380,District - Jagatsinghapur  (11),Urban,Age not stated,143,69,74,81,43,38,56,25,31,5,1,4,0,0,0,1,0,1,0,0,0
21,380,District - Jagatsinghapur  (11),Urban,Less than 18,35739,18629,17110,35347,18517,16830,375,105,270,8,1,7,7,5,2,2,1,1,0,0,0
21,380,District - Jagatsinghapur  (11),Urban,Less than 21,43302,22557,20745,41869,22298,19571,1399,246,1153,18,5,13,12,7,5,4,1,3,0,0,0
21,381,District - Cuttack (12),Total,All ages,2624470,1352760,1271710,1184594,675050,509544,1307142,648027,659115,122513,27311,95202,7708,1942,5766,2513,430,2083,0,0,0
21,381,District - Cuttack (12),Total,0-9,396417,206388,190029,396417,206388,190029,0,0,0,0,0,0,0,0,0,0,0,0,0,0,0
21,381,District - Cuttack (12),Total,10-14,238642,121601,117041,235103,120410,114693,3253,1095,2158,151,43,108,103,41,62,32,12,20,0,0,0
21,381,District - Cuttack (12),Total,15-19,245866,125374,120492,229948,122736,107212,15446,2509,12937,273,63,210,160,52,108,39,14,25,0,0,0
21,381,District - Cuttack (12),Total,20-24,250178,126966,123212,172978,112417,60561,76073,14319,61754,577,138,439,422,71,351,128,21,107,0,0,0
21,381,District - Cuttack (12),Total,25-29,241198,120569,120629,91671,71730,19941,147205,48443,98762,1260,240,1020,808,129,679,254,27,227,0,0,0
21,381,District - Cuttack (12),Total,30-34,207895,105428,102467,29863,24013,5850,174287,80775,93512,2308,386,1922,1040,194,846,397,60,337,0,0,0
21,381,District - Cuttack (12),Total,35-39,202998,103529,99469,9590,6522,3068,187815,96050,91765,3924,602,3322,1236,280,956,433,75,358,0,0,0
21,381,District - Cuttack (12),Total,40-44,177848,94759,83089,4652,2664,1988,166197,90942,75255,5440,838,4602,1134,241,893,425,74,351,0,0,0
21,381,District - Cuttack (12),Total,45-49,154349,81924,72425,2702,1431,1271,143396,79098,64298,7123,1161,5962,828,194,634,300,40,260,0,0,0
21,381,District - Cuttack (12),Total,50-54,121868,64478,57390,1699,889,810,110613,61869,48744,8767,1522,7245,605,160,445,184,38,146,0,0,0
21,381,District - Cuttack (12),Total,55-59,99347,52222,47125,1120,589,531,88172,49621,38551,9602,1895,7707,357,97,260,96,20,76,0,0,0
21,381,District - Cuttack (12),Total,60-64,92341,48203,44138,1034,554,480,74711,44356,30355,16136,3152,12984,373,126,247,87,15,72,0,0,0
21,381,District - Cuttack (12),Total,65-69,65001,33244,31757,839,441,398,48359,29376,18983,15534,3315,12219,215,101,114,54,11,43,0,0,0
21,381,District - Cuttack (12),Total,70-74,56032,28601,27431,586,327,259,34922,23673,11249,20330,4508,15822,156,85,71,38,8,30,0,0,0
21,381,District - Cuttack (12),Total,75-79,31244,16466,14778,302,162,140,17729,12694,5035,13088,3530,9558,110,72,38,15,8,7,0,0,0
21,381,District - Cuttack (12),Total,80+,34062,18033,16029,1325,767,558,15027,11353,3674,17570,5826,11744,120,83,37,20,4,16,0,0,0
21,381,District - Cuttack (12),Total,Age not stated,9184,4975,4209,4765,3010,1755,3937,1854,2083,430,92,338,41,16,25,11,3,8,0,0,0
21,381,District - Cuttack (12),Total,Less than 18,778044,400002,378042,769054,397446,371608,8441,2384,6057,318,79,239,176,71,105,55,22,33,0,0,0
21,381,District - Cuttack (12),Total,Less than 21,940171,482687,457484,907317,476876,430441,31879,5547,26332,558,130,428,328,106,222,89,28,61,0,0,0
21,381,District - Cuttack (12),Rural,All ages,1888423,970885,917538,841795,480340,361455,945680,467311,478369,93132,21476,71656,5873,1454,4419,1943,304,1639,0,0,0
21,381,District - Cuttack (12),Rural,0-9,294494,152769,141725,294494,152769,141725,0,0,0,0,0,0,0,0,0,0,0,0,0,0,0
21,381,District - Cuttack (12),Rural,10-14,177698,90912,86786,175529,90201,85328,1983,648,1335,92,27,65,77,30,47,17,6,11,0,0,0
21,381,District - Cuttack (12),Rural,15-19,172343,87616,84727,160968,85927,75041,11046,1604,9442,198,50,148,106,28,78,25,7,18,0,0,0
21,381,District - Cuttack (12),Rural,20-24,171693,87192,84501,114823,76978,37845,56063,10054,46009,405,98,307,309,51,258,93,11,82,0,0,0
21,381,District - Cuttack (12),Rural,25-29,170332,85115,85217,61497,49350,12147,107124,35482,71642,897,170,727,616,94,522,198,19,179,0,0,0
21,381,District - Cuttack (12),Rural,30-34,145497,73907,71590,18993,15629,3364,123779,57826,65953,1630,269,1361,788,138,650,307,45,262,0,0,0
21,381,District - Cuttack (12),Rural,35-39,142412,72763,69649,5626,3817,1809,132756,68272,64484,2748,411,2337,950,209,741,332,54,278,0,0,0
21,381,District - Cuttack (12),Rural,40-44,124760,66320,58440,2663,1509,1154,117100,63983,53117,3825,598,3227,841,177,664,331,53,278,0,0,0
21,381,District - Cuttack (12),Rural,45-49,108985,57494,51491,1439,765,674,101680,55696,45984,4986,860,4126,637,144,493,243,29,214,0,0,0
21,381,District - Cuttack (12),Rural,50-54,86526,44974,41552,855,441,414,78880,43259,35621,6173,1111,5062,469,132,337,149,31,118,0,0,0
21,381,District - Cuttack (12),Rural,55-59,72586,37369,35217,563,320,243,64793,35555,29238,6870,1398,5472,288,79,209,72,17,55,0,0,0
21,381,District - Cuttack (12),Rural,60-64,70411,36318,34093,579,319,260,57229,33453,23776,12230,2439,9791,300,97,203,73,10,63,0,0,0
21,381,District - Cuttack (12),Rural,65-69,50909,25846,25063,445,266,179,37961,22835,15126,12297,2666,9631,164,72,92,42,7,35,0,0,0
21,381,District - Cuttack (12),Rural,70-74,44338,22670,21668,332,197,135,27634,18722,8912,16213,3674,12539,130,72,58,29,5,24,0,0,0
21,381,District - Cuttack (12),Rural,75-79,24807,13105,11702,162,85,77,14019,10062,3957,10536,2901,7635,78,50,28,12,7,5,0,0,0
21,381,District - Cuttack (12),Rural,80+,25957,14025,11932,713,424,289,11380,8787,2593,13751,4741,9010,101,72,29,12,1,11,0,0,0
21,381,District - Cuttack (12),Rural,Age not stated,4675,2490,2185,2114,1343,771,2253,1073,1180,281,63,218,19,9,10,8,2,6,0,0,0
21,381,District - Cuttack (12),Rural,Less than 18,573808,294645,279163,568072,293087,274985,5367,1448,3919,215,55,160,122,44,78,32,11,21,0,0,0
21,381,District - Cuttack (12),Rural,Less than 21,685525,351724,333801,661959,347995,313964,22896,3554,19342,385,94,291,231,67,164,54,14,40,0,0,0
21,381,District - Cuttack (12),Urban,All ages,736047,381875,354172,342799,194710,148089,361462,180716,180746,29381,5835,23546,1835,488,1347,570,126,444,0,0,0
21,381,District - Cuttack (12),Urban,0-9,101923,53619,48304,101923,53619,48304,0,0,0,0,0,0,0,0,0,0,0,0,0,0,0
21,381,District - Cuttack (12),Urban,10-14,60944,30689,30255,59574,30209,29365,1270,447,823,59,16,43,26,11,15,15,6,9,0,0,0
21,381,District - Cuttack (12),Urban,15-19,73523,37758,35765,68980,36809,32171,4400,905,3495,75,13,62,54,24,30,14,7,7,0,0,0
21,381,District - Cuttack (12),Urban,20-24,78485,39774,38711,58155,35439,22716,20010,4265,15745,172,40,132,113,20,93,35,10,25,0,0,0
21,381,District - Cuttack (12),Urban,25-29,70866,35454,35412,30174,22380,7794,40081,12961,27120,363,70,293,192,35,157,56,8,48,0,0,0
21,381,District - Cuttack (12),Urban,30-34,62398,31521,30877,10870,8384,2486,50508,22949,27559,678,117,561,252,56,196,90,15,75,0,0,0
21,381,District - Cuttack (12),Urban,35-39,60586,30766,29820,3964,2705,1259,55059,27778,27281,1176,191,985,286,71,215,101,21,80,0,0,0
21,381,District - Cuttack (12),Urban,40-44,53088,28439,24649,1989,1155,834,49097,26959,22138,1615,240,1375,293,64,229,94,21,73,0,0,0
21,381,District - Cuttack (12),Urban,45-49,45364,24430,20934,1263,666,597,41716,23402,18314,2137,301,1836,191,50,141,57,11,46,0,0,0
21,381,District - Cuttack (12),Urban,50-54,35342,19504,15838,844,448,396,31733,18610,13123,2594,411,2183,136,28,108,35,7,28,0,0,0
21,381,District - Cuttack (12),Urban,55-59,26761,14853,11908,557,269,288,23379,14066,9313,2732,497,2235,69,18,51,24,3,21,0,0,0
21,381,District - Cuttack (12),Urban,60-64,21930,11885,10045,455,235,220,17482,10903,6579,3906,713,3193,73,29,44,14,5,9,0,0,0
21,381,District - Cuttack (12),Urban,65-69,14092,7398,6694,394,175,219,10398,6541,3857,3237,649,2588,51,29,22,12,4,8,0,0,0
21,381,District - Cuttack (12),Urban,70-74,11694,5931,5763,254,130,124,7288,4951,2337,4117,834,3283,26,13,13,9,3,6,0,0,0
21,381,District - Cuttack (12),Urban,75-79,6437,3361,3076,140,77,63,3710,2632,1078,2552,629,1923,32,22,10,3,1,2,0,0,0
21,381,District - Cuttack (12),Urban,80+,8105,4008,4097,612,343,269,3647,2566,1081,3819,1085,2734,19,11,8,8,3,5,0,0,0
21,381,District - Cuttack (12),Urban,Age not stated,4509,2485,2024,2651,1667,984,1684,781,903,149,29,120,22,7,15,3,1,2,0,0,0
21,381,District - Cuttack (12),Urban,Less than 18,204236,105357,98879,200982,104359,96623,3074,936,2138,103,24,79,54,27,27,23,11,12,0,0,0
21,381,District - Cuttack (12),Urban,Less than 21,254646,130963,123683,245358,128881,116477,8983,1993,6990,173,36,137,97,39,58,35,14,21,0,0,0
21,382,District - Jajapur   (13),Total,All ages,1827192,926034,901158,859424,474903,384521,880753,429954,450799,80755,19721,61034,4895,1230,3665,1365,226,1139,0,0,0
21,382,District - Jajapur   (13),Total,0-9,313100,161909,151191,313100,161909,151191,0,0,0,0,0,0,0,0,0,0,0,0,0,0,0
21,382,District - Jajapur   (13),Total,10-14,181807,92921,88886,179221,91986,87235,2360,833,1527,108,48,60,104,46,58,14,8,6,0,0,0
21,382,District - Jajapur   (13),Total,15-19,174316,86893,87423,164681,84916,79765,9283,1841,7442,216,74,142,115,51,64,21,11,10,0,0,0
21,382,District - Jajapur   (13),Total,20-24,177973,87903,90070,124569,76084,48485,52602,11625,40977,462,118,344,254,57,197,86,19,67,0,0,0
21,382,District - Jajapur   (13),Total,25-29,162951,80830,82121,54236,43080,11156,107064,37422,69642,894,201,693,571,103,468,186,24,162,0,0,0
21,382,District - Jajapur   (13),Total,30-34,135998,68143,67855,12865,10611,2254,120691,57039,63652,1525,305,1220,675,142,533,242,46,196,0,0,0
21,382,District - Jajapur   (13),Total,35-39,130723,65762,64961,2994,1926,1068,124370,63279,61091,2419,411,2008,706,124,582,234,22,212,0,0,0
21,382,District - Jajapur   (13),Total,40-44,113190,58550,54640,1546,837,709,107348,56955,50393,3401,600,2801,702,134,568,193,24,169,0,0,0
21,382,District - Jajapur   (13),Total,45-49,99481,50696,48785,873,458,415,93649,49305,44344,4297,821,3476,518,93,425,144,19,125,0,0,0
21,382,District - Jajapur   (13),Total,50-54,80799,41446,39353,560,301,259,73802,39816,33986,5975,1230,4745,389,89,300,73,10,63,0,0,0
21,382,District - Jajapur   (13),Total,55-59,66424,32774,33650,384,215,169,59433,31070,28363,6334,1405,4929,236,79,157,37,5,32,0,0,0
21,382,District - Jajapur   (13),Total,60-64,63848,32999,30849,465,258,207,51784,30198,21586,11308,2448,8860,241,87,154,50,8,42,0,0,0
21,382,District - Jajapur   (13),Total,65-69,43101,21822,21279,390,191,199,32277,19213,13064,10294,2346,7948,116,64,52,24,8,16,0,0,0
21,382,District - Jajapur   (13),Total,70-74,37772,19229,18543,319,185,134,23232,15560,7672,14073,3406,10667,118,65,53,30,13,17,0,0,0
21,382,District - Jajapur   (13),Total,75-79,19611,10249,9362,148,87,61,11251,7734,3517,8134,2379,5755,70,48,22,8,1,7,0,0,0
21,382,District - Jajapur   (13),Total,80+,21151,11343,9808,660,428,232,9376,7001,2375,11043,3868,7175,53,40,13,19,6,13,0,0,0
21,382,District - Jajapur   (13),Total,Age not stated,4947,2565,2382,2413,1431,982,2231,1063,1168,272,61,211,27,8,19,4,2,2,0,0,0
21,382,District - Jajapur   (13),Total,Less than 18,597979,306096,291883,591646,304141,287505,5901,1774,4127,247,96,151,165,73,92,20,12,8,0,0,0
21,382,District - Jajapur   (13),Total,Less than 21,711766,362643,349123,691061,358072,332989,19953,4294,15659,442,151,291,258,104,154,52,22,30,0,0,0
21,382,District - Jajapur   (13),Rural,All ages,1692095,856539,835556,795357,439012,356345,815354,397521,417833,75605,18662,56943,4523,1144,3379,1256,200,1056,0,0,0
21,382,District - Jajapur   (13),Rural,0-9,289438,149713,139725,289438,149713,139725,0,0,0,0,0,0,0,0,0,0,0,0,0,0,0
21,382,District - Jajapur   (13),Rural,10-14,168768,86074,82694,166361,85206,81155,2199,774,1425,99,44,55,96,42,54,13,8,5,0,0,0
21,382,District - Jajapur   (13),Rural,15-19,161880,80646,81234,153061,78813,74248,8489,1701,6788,204,72,132,107,50,57,19,10,9,0,0,0
21,382,District - Jajapur   (13),Rural,20-24,164766,81329,83437,115617,70502,45115,48416,10649,37767,427,108,319,228,52,176,78,18,60,0,0,0
21,382,District - Jajapur   (13),Rural,25-29,150353,74667,75686,49875,39744,10131,98959,34615,64344,821,187,634,533,98,435,165,23,142,0,0,0
21,382,District - Jajapur   (13),Rural,30-34,124984,62586,62398,11527,9509,2018,111215,52626,58589,1402,279,1123,611,133,478,229,39,190,0,0,0
21,382,District - Jajapur   (13),Rural,35-39,120124,60305,59819,2628,1659,969,114426,58134,56292,2207,384,1823,645,107,538,218,21,197,0,0,0
21,382,District - Jajapur   (13),Rural,40-44,104177,53725,50452,1386,744,642,98865,52277,46588,3104,559,2545,643,123,520,179,22,157,0,0,0
21,382,District - Jajapur   (13),Rural,45-49,91903,46696,45207,786,419,367,86605,45411,41194,3903,764,3139,476,87,389,133,15,118,0,0,0
21,382,District - Jajapur   (13),Rural,50-54,74804,38275,36529,510,279,231,68346,36748,31598,5512,1155,4357,370,84,286,66,9,57,0,0,0
21,382,District - Jajapur   (13),Rural,55-59,61820,30240,31580,349,198,151,55332,28648,26684,5879,1312,4567,225,77,148,35,5,30,0,0,0
21,382,District - Jajapur   (13),Rural,60-64,60035,30969,29066,423,241,182,48695,28316,20379,10643,2324,8319,229,82,147,45,6,39,0,0,0
21,382,District - Jajapur   (13),Rural,65-69,40643,20500,20143,355,174,181,30426,18035,12391,9729,2226,7503,111,59,52,22,6,16,0,0,0
21,382,District - Jajapur   (13),Rural,70-74,35686,18185,17501,297,174,123,21941,14698,7243,13308,3241,10067,114,62,52,26,10,16,0,0,0
21,382,District - Jajapur   (13),Rural,75-79,18586,9743,8843,141,85,56,10683,7343,3340,7689,2270,5419,65,44,21,8,1,7,0,0,0
21,382,District - Jajapur   (13),Rural,80+,19987,10761,9226,621,403,218,8863,6634,2229,10439,3683,6756,48,36,12,16,5,11,0,0,0
21,382,District - Jajapur   (13),Rural,Age not stated,4141,2125,2016,1982,1149,833,1894,912,982,239,54,185,22,8,14,4,2,2,0,0,0
21,382,District - Jajapur   (13),Rural,Less than 18,554015,283398,270617,548140,281577,266563,5475,1652,3823,230,90,140,152,68,84,18,11,7,0,0,0
21,382,District - Jajapur   (13),Rural,Less than 21,659499,335786,323713,640539,331562,308977,18259,3962,14297,412,143,269,240,98,142,49,21,28,0,0,0
21,382,District - Jajapur   (13),Urban,All ages,135097,69495,65602,64067,35891,28176,65399,32433,32966,5150,1059,4091,372,86,286,109,26,83,0,0,0
21,382,District - Jajapur   (13),Urban,0-9,23662,12196,11466,23662,12196,11466,0,0,0,0,0,0,0,0,0,0,0,0,0,0,0
21,382,District - Jajapur   (13),Urban,10-14,13039,6847,6192,12860,6780,6080,161,59,102,9,4,5,8,4,4,1,0,1,0,0,0
21,382,District - Jajapur   (13),Urban,15-19,12436,6247,6189,11620,6103,5517,794,140,654,12,2,10,8,1,7,2,1,1,0,0,0
21,382,District - Jajapur   (13),Urban,20-24,13207,6574,6633,8952,5582,3370,4186,976,3210,35,10,25,26,5,21,8,1,7,0,0,0
21,382,District - Jajapur   (13),Urban,25-29,12598,6163,6435,4361,3336,1025,8105,2807,5298,73,14,59,38,5,33,21,1,20,0,0,0
21,382,District - Jajapur   (13),Urban,30-34,11014,5557,5457,1338,1102,236,9476,4413,5063,123,26,97,64,9,55,13,7,6,0,0,0
21,382,District - Jajapur   (13),Urban,35-39,10599,5457,5142,366,267,99,9944,5145,4799,212,27,185,61,17,44,16,1,15,0,0,0
21,382,District - Jajapur   (13),Urban,40-44,9013,4825,4188,160,93,67,8483,4678,3805,297,41,256,59,11,48,14,2,12,0,0,0
21,382,District - Jajapur   (13),Urban,45-49,7578,4000,3578,87,39,48,7044,3894,3150,394,57,337,42,6,36,11,4,7,0,0,0
21,382,District - Jajapur   (13),Urban,50-54,5995,3171,2824,50,22,28,5456,3068,2388,463,75,388,19,5,14,7,1,6,0,0,0
21,382,District - Jajapur   (13),Urban,55-59,4604,2534,2070,35,17,18,4101,2422,1679,455,93,362,11,2,9,2,0,2,0,0,0
21,382,District - Jajapur   (13),Urban,60-64,3813,2030,1783,42,17,25,3089,1882,1207,665,124,541,12,5,7,5,2,3,0,0,0
21,382,District - Jajapur   (13),Urban,65-69,2458,1322,1136,35,17,18,1851,1178,673,565,120,445,5,5,0,2,2,0,0,0,0
21,382,District - Jajapur   (13),Urban,70-74,2086,1044,1042,22,11,11,1291,862,429,765,165,600,4,3,1,4,3,1,0,0,0
21,382,District - Jajapur   (13),Urban,75-79,1025,506,519,7,2,5,568,391,177,445,109,336,5,4,1,0,0,0,0,0,0
21,382,District - Jajapur   (13),Urban,80+,1164,582,582,39,25,14,513,367,146,604,185,419,5,4,1,3,1,2,0,0,0
21,382,District - Jajapur   (13),Urban,Age not stated,806,440,366,431,282,149,337,151,186,33,7,26,5,0,5,0,0,0,0,0,0
21,382,District - Jajapur   (13),Urban,Less than 18,43964,22698,21266,43506,22564,20942,426,122,304,17,6,11,13,5,8,2,1,1,0,0,0
21,382,District - Jajapur   (13),Urban,Less than 21,52267,26857,25410,50522,26510,24012,1694,332,1362,30,8,22,18,6,12,3,1,2,0,0,0
21,383,District - Dhenkanal (14),Total,All ages,1192811,612593,580218,539149,305539,233610,592496,292961,299535,57741,13302,44439,2778,705,2073,647,86,561,0,0,0
21,383,District - Dhenkanal (14),Total,0-9,202241,106433,95808,202241,106433,95808,0,0,0,0,0,0,0,0,0,0,0,0,0,0,0
21,383,District - Dhenkanal (14),Total,10-14,116633,59558,57075,115009,58979,56030,1483,516,967,74,25,49,64,36,28,3,2,1,0,0,0
21,383,District - Dhenkanal (14),Total,15-19,111728,57172,54556,102142,55750,46392,9367,1356,8011,122,28,94,83,33,50,14,5,9,0,0,0
21,383,District - Dhenkanal (14),Total,20-24,108215,53578,54637,65769,45082,20687,41828,8387,33441,350,64,286,228,40,188,40,5,35,0,0,0
21,383,District - Dhenkanal (14),Total,25-29,102880,50673,52207,32539,25356,7183,69126,25100,44026,831,136,695,315,70,245,69,11,58,0,0,0
21,383,District - Dhenkanal (14),Total,30-34,92312,46279,46033,11263,8471,2792,79083,37511,41572,1458,222,1236,395,68,327,113,7,106,0,0,0
21,383,District - Dhenkanal (14),Total,35-39,90208,46575,43633,3880,2263,1617,83564,43895,39669,2216,299,1917,435,101,334,113,17,96,0,0,0
21,383,District - Dhenkanal (14),Total,40-44,77290,40490,36800,1731,813,918,72024,39158,32866,3056,419,2637,385,90,295,94,10,84,0,0,0
21,383,District - Dhenkanal (14),Total,45-49,66423,34507,31916,1014,461,553,61347,33435,27912,3739,557,3182,260,50,210,63,4,59,0,0,0
21,383,District - Dhenkanal (14),Total,50-54,54310,27906,26404,598,272,326,48822,26817,22005,4664,772,3892,184,41,143,42,4,38,0,0,0
21,383,District - Dhenkanal (14),Total,55-59,45895,23357,22538,390,192,198,40580,22149,18431,4771,975,3796,127,34,93,27,7,20,0,0,0
21,383,District - Dhenkanal (14),Total,60-64,45442,23638,21804,347,176,171,36097,21580,14517,8844,1833,7011,119,45,74,35,4,31,0,0,0
21,383,District - Dhenkanal (14),Total,65-69,29920,15637,14283,262,132,130,21944,13693,8251,7637,1781,5856,62,27,35,15,4,11,0,0,0
21,383,District - Dhenkanal (14),Total,70-74,23931,12758,11173,176,101,75,14604,10273,4331,9087,2349,6738,57,32,25,7,3,4,0,0,0
21,383,District - Dhenkanal (14),Total,75-79,11128,6032,5096,72,39,33,6227,4494,1733,4799,1480,3319,28,18,10,2,1,1,0,0,0
21,383,District - Dhenkanal (14),Total,80+,11772,6629,5143,507,278,229,5263,4011,1252,5967,2323,3644,27,16,11,8,1,7,0,0,0
21,383,District - Dhenkanal (14),Total,Age not stated,2483,1371,1112,1209,741,468,1137,586,551,126,39,87,9,4,5,2,1,1,0,0,0
21,383,District - Dhenkanal (14),Total,Less than 18,385123,199670,185453,380680,198482,182198,4196,1091,3105,139,40,99,97,52,45,11,5,6,0,0,0
21,383,District - Dhenkanal (14),Total,Less than 21,458795,236827,221968,438963,233640,205323,19339,3033,16306,269,70,199,202,77,125,22,7,15,0,0,0
21,383,District - Dhenkanal (14),Rural,All ages,1075305,551326,523979,485175,274360,210815,534535,263988,270547,52557,12271,40286,2466,634,1832,572,73,499,0,0,0
21,383,District - Dhenkanal (14),Rural,0-9,184882,97276,87606,184882,97276,87606,0,0,0,0,0,0,0,0,0,0,0,0,0,0,0
21,383,District - Dhenkanal (14),Rural,10-14,106540,54309,52231,105048,53788,51260,1365,461,904,69,25,44,57,34,23,1,1,0,0,0,0
21,383,District - Dhenkanal (14),Rural,15-19,99898,50969,48929,91042,49682,41360,8662,1234,7428,110,24,86,72,24,48,12,5,7,0,0,0
21,383,District - Dhenkanal (14),Rural,20-24,96649,47679,48970,57575,39793,17782,38506,7788,30718,317,56,261,212,37,175,39,5,34,0,0,0
21,383,District - Dhenkanal (14),Rural,25-29,92407,45560,46847,28265,22074,6191,63034,23284,39750,770,133,637,277,59,218,61,10,51,0,0,0
21,383,District - Dhenkanal (14),Rural,30-34,82676,41408,41268,9559,7110,2449,71337,34031,37306,1329,205,1124,350,57,293,101,5,96,0,0,0
21,383,District - Dhenkanal (14),Rural,35-39,80806,41742,39064,3322,1878,1444,74987,39483,35504,2016,272,1744,383,94,289,98,15,83,0,0,0
21,383,District - Dhenkanal (14),Rural,40-44,68929,36070,32859,1474,667,807,64251,34931,29320,2777,381,2396,343,83,260,84,8,76,0,0,0
21,383,District - Dhenkanal (14),Rural,45-49,59166,30593,28573,875,386,489,54633,29631,25002,3371,525,2846,234,48,186,53,3,50,0,0,0
21,383,District - Dhenkanal (14),Rural,50-54,48392,24800,23592,499,220,279,43501,23823,19678,4200,715,3485,156,38,118,36,4,32,0,0,0
21,383,District - Dhenkanal (14),Rural,55-59,41077,20672,20405,327,165,162,36336,19578,16758,4276,892,3384,113,32,81,25,5,20,0,0,0
21,383,District - Dhenkanal (14),Rural,60-64,41407,21420,19987,301,154,147,32833,19515,13318,8134,1706,6428,109,42,67,30,3,27,0,0,0
21,383,District - Dhenkanal (14),Rural,65-69,27491,14382,13109,226,116,110,20176,12576,7600,7020,1662,5358,54,24,30,15,4,11,0,0,0
21,383,District - Dhenkanal (14),Rural,70-74,21941,11686,10255,159,88,71,13377,9400,3977,8349,2168,6181,51,28,23,5,2,3,0,0,0
21,383,District - Dhenkanal (14),Rural,75-79,10070,5452,4618,62,31,31,5645,4052,1593,4338,1353,2985,23,15,8,2,1,1,0,0,0
21,383,District - Dhenkanal (14),Rural,80+,10652,6030,4622,449,248,201,4808,3649,1159,5363,2117,3246,24,15,9,8,1,7,0,0,0
21,383,District - Dhenkanal (14),Rural,Age not stated,2322,1278,1044,1110,684,426,1084,552,532,118,37,81,8,4,4,2,1,1,0,0,0
21,383,District - Dhenkanal (14),Rural,Less than 18,350771,181641,169130,346715,180589,166126,3839,966,2873,127,38,89,83,44,39,7,4,3,0,0,0
21,383,District - Dhenkanal (14),Rural,Less than 21,416667,214755,201912,398298,211835,186463,17926,2785,15141,245,63,182,180,66,114,18,6,12,0,0,0
21,383,District - Dhenkanal (14),Urban,All ages,117506,61267,56239,53974,31179,22795,57961,28973,28988,5184,1031,4153,312,71,241,75,13,62,0,0,0
21,383,District - Dhenkanal (14),Urban,0-9,17359,9157,8202,17359,9157,8202,0,0,0,0,0,0,0,0,0,0,0,0,0,0,0
21,383,District - Dhenkanal (14),Urban,10-14,10093,5249,4844,9961,5191,4770,118,55,63,5,0,5,7,2,5,2,1,1,0,0,0
21,383,District - Dhenkanal (14),Urban,15-19,11830,6203,5627,11100,6068,5032,705,122,583,12,4,8,11,9,2,2,0,2,0,0,0
21,383,District - Dhenkanal (14),Urban,20-24,11566,5899,5667,8194,5289,2905,3322,599,2723,33,8,25,16,3,13,1,0,1,0,0,0
21,383,District - Dhenkanal (14),Urban,25-29,10473,5113,5360,4274,3282,992,6092,1816,4276,61,3,58,38,11,27,8,1,7,0,0,0
21,383,District - Dhenkanal (14),Urban,30-34,9636,4871,4765,1704,1361,343,7746,3480,4266,129,17,112,45,11,34,12,2,10,0,0,0
21,383,District - Dhenkanal (14),Urban,35-39,9402,4833,4569,558,385,173,8577,4412,4165,200,27,173,52,7,45,15,2,13,0,0,0
21,383,District - Dhenkanal (14),Urban,40-44,8361,4420,3941,257,146,111,7773,4227,3546,279,38,241,42,7,35,10,2,8,0,0,0
21,383,District - Dhenkanal (14),Urban,45-49,7257,3914,3343,139,75,64,6714,3804,2910,368,32,336,26,2,24,10,1,9,0,0,0
21,383,District - Dhenkanal (14),Urban,50-54,5918,3106,2812,99,52,47,5321,2994,2327,464,57,407,28,3,25,6,0,6,0,0,0
21,383,District - Dhenkanal (14),Urban,55-59,4818,2685,2133,63,27,36,4244,2571,1673,495,83,412,14,2,12,2,2,0,0,0,0
21,383,District - Dhenkanal (14),Urban,60-64,4035,2218,1817,46,22,24,3264,2065,1199,710,127,583,10,3,7,5,1,4,0,0,0
21,383,District - Dhenkanal (14),Urban,65-69,2429,1255,1174,36,16,20,1768,1117,651,617,119,498,8,3,5,0,0,0,0,0,0
21,383,District - Dhenkanal (14),Urban,70-74,1990,1072,918,17,13,4,1227,873,354,738,181,557,6,4,2,2,1,1,0,0,0
21,383,District - Dhenkanal (14),Urban,75-79,1058,580,478,10,8,2,582,442,140,461,127,334,5,3,2,0,0,0,0,0,0
21,383,District - Dhenkanal (14),Urban,80+,1120,599,521,58,30,28,455,362,93,604,206,398,3,1,2,0,0,0,0,0,0
21,383,District - Dhenkanal (14),Urban,Age not stated,161,93,68,99,57,42,53,34,19,8,2,6,1,0,1,0,0,0,0,0,0
21,383,District - Dhenkanal (14),Urban,Less than 18,34352,18029,16323,33965,17893,16072,357,125,232,12,2,10,14,8,6,4,1,3,0,0,0
21,383,District - Dhenkanal (14),Urban,Less than 21,42128,22072,20056,40665,21805,18860,1413,248,1165,24,7,17,22,11,11,4,1,3,0,0,0
21,384,District - Anugul   (15),Total,All ages,1273821,655718,618103,583803,329324,254479,631698,312712,318986,54983,12810,42173,2619,744,1875,718,128,590,0,0,0
21,384,District - Anugul   (15),Total,0-9,222305,116990,105315,222305,116990,105315,0,0,0,0,0,0,0,0,0,0,0,0,0,0,0
21,384,District - Anugul   (15),Total,10-14,134215,68696,65519,132176,67968,64208,1878,673,1205,88,25,63,59,25,34,14,5,9,0,0,0
21,384,District - Anugul   (15),Total,15-19,122038,61264,60774,109710,59340,50370,12071,1840,10231,160,49,111,85,34,51,12,1,11,0,0,0
21,384,District - Anugul   (15),Total,20-24,119804,59356,60448,67721,46944,20777,51371,12264,39107,453,88,365,204,50,154,55,10,45,0,0,0
21,384,District - Anugul   (15),Total,25-29,110131,55035,55096,30694,24327,6367,78093,30472,47621,952,162,790,327,68,259,65,6,59,0,0,0
21,384,District - Anugul   (15),Total,30-34,99475,50103,49372,10300,7783,2517,87114,41974,45140,1591,254,1337,363,74,289,107,18,89,0,0,0
21,384,District - Anugul   (15),Total,35-39,95845,49031,46814,3593,2135,1458,89445,46437,43008,2328,335,1993,364,101,263,115,23,92,0,0,0
21,384,District - Anugul   (15),Total,40-44,82456,43405,39051,1723,872,851,77069,41952,35117,3233,487,2746,327,80,247,104,14,90,0,0,0
21,384,District - Anugul   (15),Total,45-49,69745,37090,32655,972,446,526,64424,35935,28489,4011,635,3376,261,56,205,77,18,59,0,0,0
21,384,District - Anugul   (15),Total,50-54,54889,29096,25793,585,250,335,49413,27992,21421,4655,798,3857,191,52,139,45,4,41,0,0,0
21,384,District - Anugul   (15),Total,55-59,44169,22977,21192,390,193,197,38947,21760,17187,4674,979,3695,120,39,81,38,6,32,0,0,0
21,384,District - Anugul   (15),Total,60-64,43348,22364,20984,493,241,252,34386,20385,14001,8311,1686,6625,124,47,77,34,5,29,0,0,0
21,384,District - Anugul   (15),Total,65-69,27676,14542,13134,334,186,148,20335,12635,7700,6907,1677,5230,74,36,38,26,8,18,0,0,0
21,384,District - Anugul   (15),Total,70-74,22100,11806,10294,232,127,105,13734,9459,4275,8069,2183,5886,54,33,21,11,4,7,0,0,0
21,384,District - Anugul   (15),Total,75-79,9784,5210,4574,96,47,49,5729,3857,1872,3926,1281,2645,28,22,6,5,3,2,0,0,0
21,384,District - Anugul   (15),Total,80+,11551,6492,5059,469,274,195,5637,4078,1559,5409,2117,3292,28,20,8,8,3,5,0,0,0
21,384,District - Anugul   (15),Total,Age not stated,4290,2261,2029,2010,1201,809,2052,999,1053,216,54,162,10,7,3,2,0,2,0,0,0
21,384,District - Anugul   (15),Total,Less than 18,428149,221423,206726,422596,219884,202712,5252,1436,3816,180,53,127,100,44,56,21,6,15,0,0,0
21,384,District - Anugul   (15),Total,Less than 21,510894,262153,248741,485476,257746,227730,24857,4243,20614,337,91,246,187,67,120,37,6,31,0,0,0
21,384,District - Anugul   (15),Rural,All ages,1067275,546385,520890,489670,274502,215168,527292,259791,267501,47502,11338,36164,2193,641,1552,618,113,505,0,0,0
21,384,District - Anugul   (15),Rural,0-9,190365,99806,90559,190365,99806,90559,0,0,0,0,0,0,0,0,0,0,0,0,0,0,0
21,384,District - Anugul   (15),Rural,10-14,114598,58291,56307,112853,57670,55183,1614,576,1038,70,21,49,50,21,29,11,3,8,0,0,0
21,384,District - Anugul   (15),Rural,15-19,101336,50639,50697,90736,49006,41730,10385,1565,8820,141,44,97,66,24,42,8,0,8,0,0,0
21,384,District - Anugul   (15),Rural,20-24,99199,48827,50372,54501,38055,16446,44089,10651,33438,394,73,321,172,42,130,43,6,37,0,0,0
21,384,District - Anugul   (15),Rural,25-29,91193,45372,45821,24162,19131,5031,65891,26035,39856,812,139,673,271,61,210,57,6,51,0,0,0
21,384,District - Anugul   (15),Rural,30-34,82277,41363,40914,8088,6030,2058,72439,35028,37411,1358,225,1133,299,62,237,93,18,75,0,0,0
21,384,District - Anugul   (15),Rural,35-39,78671,40538,38133,2864,1643,1221,73441,38496,34945,1956,284,1672,309,93,216,101,22,79,0,0,0
21,384,District - Anugul   (15),Rural,40-44,66776,35138,31638,1385,669,716,62319,33961,28358,2718,429,2289,269,68,201,85,11,74,0,0,0
21,384,District - Anugul   (15),Rural,45-49,55827,29254,26573,761,347,414,51440,28303,23137,3339,539,2800,221,47,174,66,18,48,0,0,0
21,384,District - Anugul   (15),Rural,50-54,44907,23092,21815,454,176,278,40359,22172,18187,3898,696,3202,153,45,108,43,3,40,0,0,0
21,384,District - Anugul   (15),Rural,55-59,37184,18639,18545,299,148,151,32749,17594,15155,4000,858,3142,102,34,68,34,5,29,0,0,0
21,384,District - Anugul   (15),Rural,60-64,38462,19789,18673,411,200,211,30541,18009,12532,7369,1538,5831,111,39,72,30,3,27,0,0,0
21,384,District - Anugul   (15),Rural,65-69,24643,12962,11681,268,143,125,18140,11255,6885,6147,1524,4623,66,32,34,22,8,14,0,0,0
21,384,District - Anugul   (15),Rural,70-74,19509,10433,9076,193,104,89,12132,8344,3788,7124,1950,5174,49,31,18,11,4,7,0,0,0
21,384,District - Anugul   (15),Rural,75-79,8519,4586,3933,85,41,44,5016,3384,1632,3390,1140,2250,23,18,5,5,3,2,0,0,0
21,384,District - Anugul   (15),Rural,80+,9900,5614,4286,399,238,161,4885,3529,1356,4585,1826,2759,24,18,6,7,3,4,0,0,0
21,384,District - Anugul   (15),Rural,Age not stated,3909,2042,1867,1846,1095,751,1852,889,963,201,52,149,8,6,2,2,0,2,0,0,0
21,384,District - Anugul   (15),Rural,Less than 18,364490,187604,176886,359789,186319,173470,4448,1199,3249,155,49,106,83,34,49,15,3,12,0,0,0
21,384,District - Anugul   (15),Rural,Less than 21,433489,221457,212032,411595,217680,193915,21430,3645,17785,285,78,207,149,51,98,30,3,27,0,0,0
21,384,District - Anugul   (15),Urban,All ages,206546,109333,97213,94133,54822,39311,104406,52921,51485,7481,1472,6009,426,103,323,100,15,85,0,0,0
21,384,District - Anugul   (15),Urban,0-9,31940,17184,14756,31940,17184,14756,0,0,0,0,0,0,0,0,0,0,0,0,0,0,0
21,384,District - Anugul   (15),Urban,10-14,19617,10405,9212,19323,10298,9025,264,97,167,18,4,14,9,4,5,3,2,1,0,0,0
21,384,District - Anugul   (15),Urban,15-19,20702,10625,10077,18974,10334,8640,1686,275,1411,19,5,14,19,10,9,4,1,3,0,0,0
21,384,District - Anugul   (15),Urban,20-24,20605,10529,10076,13220,8889,4331,7282,1613,5669,59,15,44,32,8,24,12,4,8,0,0,0
21,384,District - Anugul   (15),Urban,25-29,18938,9663,9275,6532,5196,1336,12202,4437,7765,140,23,117,56,7,49,8,0,8,0,0,0
21,384,District - Anugul   (15),Urban,30-34,17198,8740,8458,2212,1753,459,14675,6946,7729,233,29,204,64,12,52,14,0,14,0,0,0
21,384,District - Anugul   (15),Urban,35-39,17174,8493,8681,729,492,237,16004,7941,8063,372,51,321,55,8,47,14,1,13,0,0,0
21,384,District - Anugul   (15),Urban,40-44,15680,8267,7413,338,203,135,14750,7991,6759,515,58,457,58,12,46,19,3,16,0,0,0
21,384,District - Anugul   (15),Urban,45-49,13918,7836,6082,211,99,112,12984,7632,5352,672,96,576,40,9,31,11,0,11,0,0,0
21,384,District - Anugul   (15),Urban,50-54,9982,6004,3978,131,74,57,9054,5820,3234,757,102,655,38,7,31,2,1,1,0,0,0
21,384,District - Anugul   (15),Urban,55-59,6985,4338,2647,91,45,46,6198,4166,2032,674,121,553,18,5,13,4,1,3,0,0,0
21,384,District - Anugul   (15),Urban,60-64,4886,2575,2311,82,41,41,3845,2376,1469,942,148,794,13,8,5,4,2,2,0,0,0
21,384,District - Anugul   (15),Urban,65-69,3033,1580,1453,66,43,23,2195,1380,815,760,153,607,8,4,4,4,0,4,0,0,0
21,384,District - Anugul   (15),Urban,70-74,2591,1373,1218,39,23,16,1602,1115,487,945,233,712,5,2,3,0,0,0,0,0,0
21,384,District - Anugul   (15),Urban,75-79,1265,624,641,11,6,5,713,473,240,536,141,395,5,4,1,0,0,0,0,0,0
21,384,District - Anugul   (15),Urban,80+,1651,878,773,70,36,34,752,549,203,824,291,533,4,2,2,1,0,1,0,0,0
21,384,District - Anugul   (15),Urban,Age not stated,381,219,162,164,106,58,200,110,90,15,2,13,2,1,1,0,0,0,0,0,0
21,384,District - Anugul   (15),Urban,Less than 18,63659,33819,29840,62807,33565,29242,804,237,567,25,4,21,17,10,7,6,3,3,0,0,0
21,384,District - Anugul   (15),Urban,Less than 21,77405,40696,36709,73881,40066,33815,3427,598,2829,52,13,39,38,16,22,7,3,4,0,0,0
21,385,District - Nayagarh   (16),Total,All ages,962789,502636,460153,407824,241025,166799,505215,249922,255293,46762,10912,35850,2258,656,1602,730,121,609,0,0,0
21,385,District - Nayagarh   (16),Total,0-9,157961,84574,73387,157961,84574,73387,0,0,0,0,0,0,0,0,0,0,0,0,0,0,0
21,385,District - Nayagarh   (16),Total,10-14,94282,48616,45666,92875,48071,44804,1278,484,794,68,25,43,51,30,21,10,6,4,0,0,0
21,385,District - Nayagarh   (16),Total,15-19,85109,44455,40654,75760,43390,32370,9151,998,8153,106,36,70,72,24,48,20,7,13,0,0,0
21,385,District - Nayagarh   (16),Total,20-24,81985,42577,39408,46082,36183,9899,35431,6292,29139,270,52,218,153,41,112,49,9,40,0,0,0
21,385,District - Nayagarh   (16),Total,25-29,82799,41703,41096,22657,19880,2777,59201,21650,37551,590,105,485,261,54,207,90,14,76,0,0,0
21,385,District - Nayagarh   (16),Total,30-34,73111,36653,36458,6372,5202,1170,65379,31227,34152,944,140,804,302,62,240,114,22,92,0,0,0
21,385,District - Nayagarh   (16),Total,35-39,73146,37882,35264,2083,1392,691,69079,36204,32875,1508,193,1315,362,78,284,114,15,99,0,0,0
21,385,District - Nayagarh   (16),Total,40-44,61786,33093,28693,1029,596,433,58308,32176,26132,2058,241,1817,283,71,212,108,9,99,0,0,0
21,385,District - Nayagarh   (16),Total,45-49,54043,28678,25365,587,316,271,50635,27946,22689,2514,346,2168,245,62,183,62,8,54,0,0,0
21,385,District - Nayagarh   (16),Total,50-54,43784,22315,21469,354,192,162,40185,21602,18583,3069,476,2593,134,36,98,42,9,33,0,0,0
21,385,District - Nayagarh   (16),Total,55-59,39508,20133,19375,245,141,104,35608,19279,16329,3529,683,2846,94,26,68,32,4,28,0,0,0
21,385,District - Nayagarh   (16),Total,60-64,40711,21632,19079,279,132,147,33487,20064,13423,6814,1395,5419,94,36,58,37,5,32,0,0,0
21,385,District - Nayagarh   (16),Total,65-69,26779,14158,12621,216,116,100,20184,12613,7571,6295,1394,4901,63,32,31,21,3,18,0,0,0
21,385,District - Nayagarh   (16),Total,70-74,21699,11589,10110,143,75,68,13791,9660,4131,7705,1821,5884,45,29,16,15,4,11,0,0,0
21,385,District - Nayagarh   (16),Total,75-79,11191,6104,5087,64,38,26,6547,4633,1914,4538,1406,3132,38,26,12,4,1,3,0,0,0
21,385,District - Nayagarh   (16),Total,80+,13322,7606,5716,383,254,129,6225,4738,1487,6655,2568,4087,51,43,8,8,3,5,0,0,0
21,385,District - Nayagarh   (16),Total,Age not stated,1573,868,705,734,473,261,726,356,370,99,31,68,10,6,4,4,2,2,0,0,0
21,385,District - Nayagarh   (16),Total,Less than 18,302740,159395,143345,298821,158319,140502,3688,980,2708,128,43,85,86,44,42,17,9,8,0,0,0
21,385,District - Nayagarh   (16),Total,Less than 21,358845,188271,170574,340281,185845,154436,18133,2277,15856,243,76,167,150,58,92,38,15,23,0,0,0
21,385,District - Nayagarh   (16),Rural,All ages,883051,461019,422032,373486,220656,152830,464144,229566,234578,42797,10083,32714,1978,602,1376,646,112,534,0,0,0
21,385,District - Nayagarh   (16),Rural,0-9,146093,78167,67926,146093,78167,67926,0,0,0,0,0,0,0,0,0,0,0,0,0,0,0
21,385,District - Nayagarh   (16),Rural,10-14,87051,44828,42223,85769,44328,41441,1164,446,718,62,22,40,48,28,20,8,4,4,0,0,0
21,385,District - Nayagarh   (16),Rural,15-19,77897,40702,37195,69200,39736,29464,8507,902,7605,101,34,67,69,23,46,20,7,13,0,0,0
21,385,District - Nayagarh   (16),Rural,20-24,74799,38913,35886,41552,32983,8569,32820,5835,26985,245,49,196,137,37,100,45,9,36,0,0,0
21,385,District - Nayagarh   (16),Rural,25-29,75760,38133,37627,20094,17762,2332,54819,20213,34606,541,97,444,226,48,178,80,13,67,0,0,0
21,385,District - Nayagarh   (16),Rural,30-34,66592,33426,33166,5454,4472,982,59913,28748,31165,859,129,730,261,56,205,105,21,84,0,0,0
21,385,District - Nayagarh   (16),Rural,35-39,66811,34708,32103,1763,1167,596,63280,33284,29996,1352,171,1181,316,73,243,100,13,87,0,0,0
21,385,District - Nayagarh   (16),Rural,40-44,56079,30078,26001,880,512,368,53011,29266,23745,1855,229,1626,238,62,176,95,9,86,0,0,0
21,385,District - Nayagarh   (16),Rural,45-49,49063,26007,23056,498,262,236,46047,25359,20688,2252,322,1930,211,56,155,55,8,47,0,0,0
21,385,District - Nayagarh   (16),Rural,50-54,39966,20312,19654,309,161,148,36741,19675,17066,2758,436,2322,121,32,89,37,8,29,0,0,0
21,385,District - Nayagarh   (16),Rural,55-59,36191,18298,17893,212,119,93,32702,17539,15163,3171,613,2558,79,23,56,27,4,23,0,0,0
21,385,District - Nayagarh   (16),Rural,60-64,37810,20133,17677,256,123,133,31160,18687,12473,6284,1285,4999,80,33,47,30,5,25,0,0,0
21,385,District - Nayagarh   (16),Rural,65-69,24775,13098,11677,202,109,93,18705,11669,7036,5793,1287,4506,58,31,27,17,2,15,0,0,0
21,385,District - Nayagarh   (16),Rural,70-74,20143,10771,9372,125,63,62,12796,8961,3835,7165,1715,5450,42,28,14,15,4,11,0,0,0
21,385,District - Nayagarh   (16),Rural,75-79,10289,5609,4680,57,34,23,6027,4251,1776,4168,1298,2870,34,25,9,3,1,2,0,0,0
21,385,District - Nayagarh   (16),Rural,80+,12277,7038,5239,351,229,122,5775,4398,1377,6096,2367,3729,50,42,8,5,2,3,0,0,0
21,385,District - Nayagarh   (16),Rural,Age not stated,1455,798,657,671,429,242,677,333,344,95,29,66,8,5,3,4,2,2,0,0,0
21,385,District - Nayagarh   (16),Rural,Less than 18,279416,146943,132473,275831,145967,129864,3368,889,2479,121,39,82,81,41,40,15,7,8,0,0,0
21,385,District - Nayagarh   (16),Rural,Less than 21,330829,173498,157331,313563,171288,142275,16864,2071,14793,225,71,154,141,55,86,36,13,23,0,0,0
21,385,District - Nayagarh   (16),Urban,All ages,79738,41617,38121,34338,20369,13969,41071,20356,20715,3965,829,3136,280,54,226,84,9,75,0,0,0
21,385,District - Nayagarh   (16),Urban,0-9,11868,6407,5461,11868,6407,5461,0,0,0,0,0,0,0,0,0,0,0,0,0,0,0
21,385,District - Nayagarh   (16),Urban,10-14,7231,3788,3443,7106,3743,3363,114,38,76,6,3,3,3,2,1,2,2,0,0,0,0
21,385,District - Nayagarh   (16),Urban,15-19,7212,3753,3459,6560,3654,2906,644,96,548,5,2,3,3,1,2,0,0,0,0,0,0
21,385,District - Nayagarh   (16),Urban,20-24,7186,3664,3522,4530,3200,1330,2611,457,2154,25,3,22,16,4,12,4,0,4,0,0,0
21,385,District - Nayagarh   (16),Urban,25-29,7039,3570,3469,2563,2118,445,4382,1437,2945,49,8,41,35,6,29,10,1,9,0,0,0
21,385,District - Nayagarh   (16),Urban,30-34,6519,3227,3292,918,730,188,5466,2479,2987,85,11,74,41,6,35,9,1,8,0,0,0
21,385,District - Nayagarh   (16),Urban,35-39,6335,3174,3161,320,225,95,5799,2920,2879,156,22,134,46,5,41,14,2,12,0,0,0
21,385,District - Nayagarh   (16),Urban,40-44,5707,3015,2692,149,84,65,5297,2910,2387,203,12,191,45,9,36,13,0,13,0,0,0
21,385,District - Nayagarh   (16),Urban,45-49,4980,2671,2309,89,54,35,4588,2587,2001,262,24,238,34,6,28,7,0,7,0,0,0
21,385,District - Nayagarh   (16),Urban,50-54,3818,2003,1815,45,31,14,3444,1927,1517,311,40,271,13,4,9,5,1,4,0,0,0
21,385,District - Nayagarh   (16),Urban,55-59,3317,1835,1482,33,22,11,2906,1740,1166,358,70,288,15,3,12,5,0,5,0,0,0
21,385,District - Nayagarh   (16),Urban,60-64,2901,1499,1402,23,9,14,2327,1377,950,530,110,420,14,3,11,7,0,7,0,0,0
21,385,District - Nayagarh   (16),Urban,65-69,2004,1060,944,14,7,7,1479,944,535,502,107,395,5,1,4,4,1,3,0,0,0
21,385,District - Nayagarh   (16),Urban,70-74,1556,818,738,18,12,6,995,699,296,540,106,434,3,1,2,0,0,0,0,0,0
21,385,District - Nayagarh   (16),Urban,75-79,902,495,407,7,4,3,520,382,138,370,108,262,4,1,3,1,0,1,0,0,0
21,385,District - Nayagarh   (16),Urban,80+,1045,568,477,32,25,7,450,340,110,559,201,358,1,1,0,3,1,2,0,0,0
21,385,District - Nayagarh   (16),Urban,Age not stated,118,70,48,63,44,19,49,23,26,4,2,2,2,1,1,0,0,0,0,0,0
21,385,District - Nayagarh   (16),Urban,Less than 18,23324,12452,10872,22990,12352,10638,320,91,229,7,4,3,5,3,2,2,2,0,0,0,0
21,385,District - Nayagarh   (16),Urban,Less than 21,28016,14773,13243,26718,14557,12161,1269,206,1063,18,5,13,9,3,6,2,2,0,0,0,0
21,386,District - Khordha  (17),Total,All ages,2251673,1167137,1084536,1016671,581027,435644,1138301,564436,573865,89544,20032,69512,5490,1383,4107,1667,259,1408,0,0,0
21,386,District - Khordha  (17),Total,0-9,350733,182640,168093,350733,182640,168093,0,0,0,0,0,0,0,0,0,0,0,0,0,0,0
21,386,District - Khordha  (17),Total,10-14,204115,106035,98080,200456,104701,95755,3422,1225,2197,131,52,79,87,51,36,19,6,13,0,0,0
21,386,District - Khordha  (17),Total,15-19,211257,110381,100876,196719,107791,88928,14153,2474,11679,223,61,162,134,49,85,28,6,22,0,0,0
21,386,District - Khordha  (17),Total,20-24,223140,113883,109257,152553,98813,53740,69616,14889,54727,510,109,401,350,61,289,111,11,100,0,0,0
21,386,District - Khordha  (17),Total,25-29,210276,103760,106516,72824,56093,16731,135503,47335,88168,1104,212,892,648,96,552,197,24,173,0,0,0
21,386,District - Khordha  (17),Total,30-34,185882,94100,91782,23110,18436,4674,159738,75128,84610,1898,328,1570,828,159,669,308,49,259,0,0,0
21,386,District - Khordha  (17),Total,35-39,180906,92103,88803,7002,4896,2106,169430,86477,82953,3229,474,2755,928,206,722,317,50,267,0,0,0
21,386,District - Khordha  (17),Total,40-44,154168,81980,72188,3093,1856,1237,145549,79274,66275,4475,630,3845,803,185,618,248,35,213,0,0,0
21,386,District - Khordha  (17),Total,45-49,132390,70228,62162,1940,1048,892,124062,68168,55894,5645,850,4795,586,140,446,157,22,135,0,0,0
21,386,District - Khordha  (17),Total,50-54,103621,55509,48112,1117,615,502,94633,53486,41147,7407,1289,6118,367,104,263,97,15,82,0,0,0
21,386,District - Khordha  (17),Total,55-59,83235,44008,39227,709,353,356,74317,42049,32268,7931,1543,6388,211,55,156,67,8,59,0,0,0
21,386,District - Khordha  (17),Total,60-64,72841,38763,34078,712,368,344,59264,35845,23419,12627,2471,10156,191,66,125,47,13,34,0,0,0
21,386,District - Khordha  (17),Total,65-69,47729,25430,22299,555,293,262,36303,22637,13666,10737,2439,8298,116,55,61,18,6,12,0,0,0
21,386,District - Khordha  (17),Total,70-74,39128,20490,18638,419,207,212,25252,17105,8147,13335,3108,10227,103,65,38,19,5,14,0,0,0
21,386,District - Khordha  (17),Total,75-79,20426,10782,9644,194,117,77,12099,8371,3728,8077,2256,5821,50,36,14,6,2,4,0,0,0
21,386,District - Khordha  (17),Total,80+,24721,13182,11539,1031,609,422,11659,8365,3294,11944,4154,7790,72,50,22,15,4,11,0,0,0
21,386,District - Khordha  (17),Total,Age not stated,7105,3863,3242,3504,2191,1313,3301,1608,1693,271,56,215,16,5,11,13,3,10,0,0,0
21,386,District - Khordha  (17),Total,Less than 18,673381,350136,323245,664707,347562,317145,8245,2403,5842,258,85,173,143,75,68,28,11,17,0,0,0
21,386,District - Khordha  (17),Total,Less than 21,820562,426483,394079,789746,420522,369224,29997,5701,24296,474,137,337,281,110,171,64,13,51,0,0,0
21,386,District - Khordha  (17),Rural,All ages,1167357,595809,571548,525645,296011,229634,583721,286179,297542,54118,12731,41387,2938,758,2180,935,130,805,0,0,0
21,386,District - Khordha  (17),Rural,0-9,192586,99704,92882,192586,99704,92882,0,0,0,0,0,0,0,0,0,0,0,0,0,0,0
21,386,District - Khordha  (17),Rural,10-14,112710,57444,55266,110930,56762,54168,1676,631,1045,62,27,35,34,20,14,8,4,4,0,0,0
21,386,District - Khordha  (17),Rural,15-19,107856,54409,53447,100488,53275,47213,7173,1074,6099,120,34,86,63,24,39,12,2,10,0,0,0
21,386,District - Khordha  (17),Rural,20-24,109241,55165,54076,71297,47579,23718,37446,7506,29940,270,56,214,172,21,151,56,3,53,0,0,0
21,386,District - Khordha  (17),Rural,25-29,105248,51873,53375,33237,26322,6915,70933,25373,45560,609,112,497,360,54,306,109,12,97,0,0,0
21,386,District - Khordha  (17),Rural,30-34,90710,45471,45239,9482,7676,1806,79593,37509,42084,1024,173,851,433,90,343,178,23,155,0,0,0
21,386,District - Khordha  (17),Rural,35-39,89042,45068,43974,2566,1748,818,84076,42907,41169,1726,270,1456,499,121,378,175,22,153,0,0,0
21,386,District - Khordha  (17),Rural,40-44,74973,39725,35248,1108,664,444,70949,38571,32378,2356,375,1981,415,94,321,145,21,124,0,0,0
21,386,District - Khordha  (17),Rural,45-49,64479,33480,30999,675,369,306,60373,32558,27815,3041,468,2573,303,74,229,87,11,76,0,0,0
21,386,District - Khordha  (17),Rural,50-54,50758,25910,24848,419,249,170,46035,24854,21181,4044,737,3307,204,61,143,56,9,47,0,0,0
21,386,District - Khordha  (17),Rural,55-59,43523,21637,21886,277,150,127,38603,20550,18053,4495,907,3588,114,29,85,34,1,33,0,0,0
21,386,District - Khordha  (17),Rural,60-64,42801,22068,20733,336,185,151,34334,20266,14068,7987,1571,6416,115,39,76,29,7,22,0,0,0
21,386,District - Khordha  (17),Rural,65-69,29001,14889,14112,246,127,119,21606,13089,8517,7053,1629,5424,82,38,44,14,6,8,0,0,0
21,386,District - Khordha  (17),Rural,70-74,24641,12778,11863,211,111,100,15592,10527,5065,8760,2098,6662,63,38,25,15,4,11,0,0,0
21,386,District - Khordha  (17),Rural,75-79,12585,6716,5869,96,62,34,7443,5181,2262,5015,1452,3563,27,20,7,4,1,3,0,0,0
21,386,District - Khordha  (17),Rural,80+,14746,8171,6575,448,273,175,6824,5071,1753,7421,2792,4629,45,33,12,8,2,6,0,0,0
21,386,District - Khordha  (17),Rural,Age not stated,2457,1301,1156,1243,755,488,1065,512,553,135,30,105,9,2,7,5,2,3,0,0,0
21,386,District - Khordha  (17),Rural,Less than 18,367919,188522,179397,363927,187305,176622,3793,1134,2659,132,46,86,56,32,24,11,5,6,0,0,0
21,386,District - Khordha  (17),Rural,Less than 21,440468,224857,215611,424328,222120,202208,15739,2607,13132,249,78,171,126,46,80,26,6,20,0,0,0
21,386,District - Khordha  (17),Urban,All ages,1084316,571328,512988,491026,285016,206010,554580,278257,276323,35426,7301,28125,2552,625,1927,732,129,603,0,0,0
21,386,District - Khordha  (17),Urban,0-9,158147,82936,75211,158147,82936,75211,0,0,0,0,0,0,0,0,0,0,0,0,0,0,0
21,386,District - Khordha  (17),Urban,10-14,91405,48591,42814,89526,47939,41587,1746,594,1152,69,25,44,53,31,22,11,2,9,0,0,0
21,386,District - Khordha  (17),Urban,15-19,103401,55972,47429,96231,54516,41715,6980,1400,5580,103,27,76,71,25,46,16,4,12,0,0,0
21,386,District - Khordha  (17),Urban,20-24,113899,58718,55181,81256,51234,30022,32170,7383,24787,240,53,187,178,40,138,55,8,47,0,0,0
21,386,District - Khordha  (17),Urban,25-29,105028,51887,53141,39587,29771,9816,64570,21962,42608,495,100,395,288,42,246,88,12,76,0,0,0
21,386,District - Khordha  (17),Urban,30-34,95172,48629,46543,13628,10760,2868,80145,37619,42526,874,155,719,395,69,326,130,26,104,0,0,0
21,386,District - Khordha  (17),Urban,35-39,91864,47035,44829,4436,3148,1288,85354,43570,41784,1503,204,1299,429,85,344,142,28,114,0,0,0
21,386,District - Khordha  (17),Urban,40-44,79195,42255,36940,1985,1192,793,74600,40703,33897,2119,255,1864,388,91,297,103,14,89,0,0,0
21,386,District - Khordha  (17),Urban,45-49,67911,36748,31163,1265,679,586,63689,35610,28079,2604,382,2222,283,66,217,70,11,59,0,0,0
21,386,District - Khordha  (17),Urban,50-54,52863,29599,23264,698,366,332,48598,28632,19966,3363,552,2811,163,43,120,41,6,35,0,0,0
21,386,District - Khordha  (17),Urban,55-59,39712,22371,17341,432,203,229,35714,21499,14215,3436,636,2800,97,26,71,33,7,26,0,0,0
21,386,District - Khordha  (17),Urban,60-64,30040,16695,13345,376,183,193,24930,15579,9351,4640,900,3740,76,27,49,18,6,12,0,0,0
21,386,District - Khordha  (17),Urban,65-69,18728,10541,8187,309,166,143,14697,9548,5149,3684,810,2874,34,17,17,4,0,4,0,0,0
21,386,District - Khordha  (17),Urban,70-74,14487,7712,6775,208,96,112,9660,6578,3082,4575,1010,3565,40,27,13,4,1,3,0,0,0
21,386,District - Khordha  (17),Urban,75-79,7841,4066,3775,98,55,43,4656,3190,1466,3062,804,2258,23,16,7,2,1,1,0,0,0
21,386,District - Khordha  (17),Urban,80+,9975,5011,4964,583,336,247,4835,3294,1541,4523,1362,3161,27,17,10,7,2,5,0,0,0
21,386,District - Khordha  (17),Urban,Age not stated,4648,2562,2086,2261,1436,825,2236,1096,1140,136,26,110,7,3,4,8,1,7,0,0,0
21,386,District - Khordha  (17),Urban,Less than 18,305462,161614,143848,300780,160257,140523,4452,1269,3183,126,39,87,87,43,44,17,6,11,0,0,0
21,386,District - Khordha  (17),Urban,Less than 21,380094,201626,178468,365418,198402,167016,14258,3094,11164,225,59,166,155,64,91,38,7,31,0,0,0
21,387,District - Puri (18),Total,All ages,1698730,865380,833350,765560,426720,338840,848256,418840,429416,79071,18309,60762,4616,1312,3304,1227,199,1028,0,0,0
21,387,District - Puri (18),Total,0-9,257473,133239,124234,257473,133239,124234,0,0,0,0,0,0,0,0,0,0,0,0,0,0,0
21,387,District - Puri (18),Total,10-14,161415,82514,78901,159092,81629,77463,2132,810,1322,114,39,75,66,31,35,11,5,6,0,0,0
21,387,District - Puri (18),Total,15-19,154296,78016,76280,146871,76459,70412,7145,1475,5670,192,51,141,73,25,48,15,6,9,0,0,0
21,387,District - Puri (18),Total,20-24,162387,81343,81044,116835,71886,44949,44935,9329,35606,335,74,261,211,40,171,71,14,57,0,0,0
21,387,District - Puri (18),Total,25-29,152563,75504,77059,55628,42000,13628,95684,33292,62392,686,128,558,443,64,379,122,20,102,0,0,0
21,387,District - Puri (18),Total,30-34,130744,65564,65180,15862,12815,3047,112867,52378,60489,1227,225,1002,613,118,495,175,28,147,0,0,0
21,387,District - Puri (18),Total,35-39,129725,65258,64467,4652,3301,1351,122063,61467,60596,2076,296,1780,698,161,537,236,33,203,0,0,0
21,387,District - Puri (18),Total,40-44,115983,60325,55658,2087,1314,773,109892,58399,51493,3118,451,2667,675,136,539,211,25,186,0,0,0
21,387,District - Puri (18),Total,45-49,100978,52654,48324,1235,755,480,94838,51036,43802,4267,720,3547,498,122,376,140,21,119,0,0,0
21,387,District - Puri (18),Total,50-54,79797,41910,37887,801,471,330,73029,40326,32703,5555,1017,4538,327,86,241,85,10,75,0,0,0
21,387,District - Puri (18),Total,55-59,63293,31775,31518,523,302,221,56442,30156,26286,6052,1228,4824,224,77,147,52,12,40,0,0,0
21,387,District - Puri (18),Total,60-64,60986,31570,29416,576,343,233,49555,28946,20609,10601,2194,8407,207,76,131,47,11,36,0,0,0
21,387,District - Puri (18),Total,65-69,44254,22217,22037,454,279,175,32901,19454,13447,10687,2382,8305,195,98,97,17,4,13,0,0,0
21,387,District - Puri (18),Total,70-74,37998,19202,18796,356,200,156,23448,15638,7810,14013,3256,10757,164,105,59,17,3,14,0,0,0
21,387,District - Puri (18),Total,75-79,20319,10565,9754,203,118,85,11629,8011,3618,8386,2359,6027,92,73,19,9,4,5,0,0,0
21,387,District - Puri (18),Total,80+,22019,11536,10483,675,391,284,9718,7206,2512,11490,3836,7654,122,100,22,14,3,11,0,0,0
21,387,District - Puri (18),Total,Age not stated,4500,2188,2312,2237,1218,1019,1978,917,1061,272,53,219,8,0,8,5,0,5,0,0,0
21,387,District - Puri (18),Total,Less than 18,508760,260678,248082,503734,259025,244709,4672,1533,3139,237,68,169,100,44,56,17,8,9,0,0,0
21,387,District - Puri (18),Total,Less than 21,612563,313013,299550,595459,309382,286077,16479,3443,13036,406,109,297,182,64,118,37,15,22,0,0,0
21,387,District - Puri (18),Rural,All ages,1433800,728213,705587,645003,357533,287470,717488,353575,363913,66593,15845,50748,3749,1104,2645,967,156,811,0,0,0
21,387,District - Puri (18),Rural,0-9,219493,113445,106048,219493,113445,106048,0,0,0,0,0,0,0,0,0,0,0,0,0,0,0
21,387,District - Puri (18),Rural,10-14,138703,70703,68000,136765,69963,66802,1772,672,1100,102,37,65,55,27,28,9,4,5,0,0,0
21,387,District - Puri (18),Rural,15-19,130153,65211,64942,124206,63939,60267,5725,1208,4517,155,40,115,58,19,39,9,5,4,0,0,0
21,387,District - Puri (18),Rural,20-24,135100,67595,67505,97405,59873,37532,37237,7620,29617,251,57,194,158,34,124,49,11,38,0,0,0
21,387,District - Puri (18),Rural,25-29,127117,62960,64157,45575,34622,10953,80557,28160,52397,523,102,421,352,59,293,110,17,93,0,0,0
21,387,District - Puri (18),Rural,30-34,108134,54045,54089,11970,9783,2187,94580,43963,50617,951,175,776,488,99,389,145,25,120,0,0,0
21,387,District - Puri (18),Rural,35-39,107685,53991,53694,3176,2242,934,102130,51353,50777,1629,238,1391,553,129,424,197,29,168,0,0,0
21,387,District - Puri (18),Rural,40-44,96820,49986,46834,1319,803,516,92370,48716,43654,2431,353,2078,542,100,442,158,14,144,0,0,0
21,387,District - Puri (18),Rural,45-49,84621,44019,40602,753,442,311,80022,42893,37129,3328,570,2758,407,98,309,111,16,95,0,0,0
21,387,District - Puri (18),Rural,50-54,67007,35062,31945,454,265,189,61859,33910,27949,4367,814,3553,269,65,204,58,8,50,0,0,0
21,387,District - Puri (18),Rural,55-59,53637,26633,27004,320,186,134,48159,25346,22813,4944,1029,3915,176,62,114,38,10,28,0,0,0
21,387,District - Puri (18),Rural,60-64,52434,27146,25288,354,213,141,43042,24970,18072,8815,1884,6931,183,71,112,40,8,32,0,0,0
21,387,District - Puri (18),Rural,65-69,38773,19349,19424,304,180,124,28949,16974,11975,9347,2107,7240,159,85,74,14,3,11,0,0,0
21,387,District - Puri (18),Rural,70-74,33166,16731,16435,227,116,111,20596,13660,6936,12190,2862,9328,145,92,53,8,1,7,0,0,0
21,387,District - Puri (18),Rural,75-79,17797,9275,8522,145,74,71,10227,7036,3191,7334,2095,5239,85,68,17,6,2,4,0,0,0
21,387,District - Puri (18),Rural,80+,19042,10072,8970,516,291,225,8432,6249,2183,9970,3433,6537,114,96,18,10,3,7,0,0,0
21,387,District - Puri (18),Rural,Age not stated,4118,1990,2128,2021,1096,925,1831,845,986,256,49,207,5,0,5,5,0,5,0,0,0
21,387,District - Puri (18),Rural,Less than 18,434219,221760,212459,430064,220371,209693,3855,1287,2568,204,59,145,82,36,46,14,7,7,0,0,0
21,387,District - Puri (18),Rural,Less than 21,521310,265366,255944,507542,262450,245092,13256,2758,10498,338,93,245,147,53,94,27,12,15,0,0,0
21,387,District - Puri (18),Urban,All ages,264930,137167,127763,120557,69187,51370,130768,65265,65503,12478,2464,10014,867,208,659,260,43,217,0,0,0
21,387,District - Puri (18),Urban,0-9,37980,19794,18186,37980,19794,18186,0,0,0,0,0,0,0,0,0,0,0,0,0,0,0
21,387,District - Puri (18),Urban,10-14,22712,11811,10901,22327,11666,10661,360,138,222,12,2,10,11,4,7,2,1,1,0,0,0
21,387,District - Puri (18),Urban,15-19,24143,12805,11338,22665,12520,10145,1420,267,1153,37,11,26,15,6,9,6,1,5,0,0,0
21,387,District - Puri (18),Urban,20-24,27287,13748,13539,19430,12013,7417,7698,1709,5989,84,17,67,53,6,47,22,3,19,0,0,0
21,387,District - Puri (18),Urban,25-29,25446,12544,12902,10053,7378,2675,15127,5132,9995,163,26,137,91,5,86,12,3,9,0,0,0
21,387,District - Puri (18),Urban,30-34,22610,11519,11091,3892,3032,860,18287,8415,9872,276,50,226,125,19,106,30,3,27,0,0,0
21,387,District - Puri (18),Urban,35-39,22040,11267,10773,1476,1059,417,19933,10114,9819,447,58,389,145,32,113,39,4,35,0,0,0
21,387,District - Puri (18),Urban,40-44,19163,10339,8824,768,511,257,17522,9683,7839,687,98,589,133,36,97,53,11,42,0,0,0
21,387,District - Puri (18),Urban,45-49,16357,8635,7722,482,313,169,14816,8143,6673,939,150,789,91,24,67,29,5,24,0,0,0
21,387,District - Puri (18),Urban,50-54,12790,6848,5942,347,206,141,11170,6416,4754,1188,203,985,58,21,37,27,2,25,0,0,0
21,387,District - Puri (18),Urban,55-59,9656,5142,4514,203,116,87,8283,4810,3473,1108,199,909,48,15,33,14,2,12,0,0,0
21,387,District - Puri (18),Urban,60-64,8552,4424,4128,222,130,92,6513,3976,2537,1786,310,1476,24,5,19,7,3,4,0,0,0
21,387,District - Puri (18),Urban,65-69,5481,2868,2613,150,99,51,3952,2480,1472,1340,275,1065,36,13,23,3,1,2,0,0,0
21,387,District - Puri (18),Urban,70-74,4832,2471,2361,129,84,45,2852,1978,874,1823,394,1429,19,13,6,9,2,7,0,0,0
21,387,District - Puri (18),Urban,75-79,2522,1290,1232,58,44,14,1402,975,427,1052,264,788,7,5,2,3,2,1,0,0,0
21,387,District - Puri (18),Urban,80+,2977,1464,1513,159,100,59,1286,957,329,1520,403,1117,8,4,4,4,0,4,0,0,0
21,387,District - Puri (18),Urban,Age not stated,382,198,184,216,122,94,147,72,75,16,4,12,3,0,3,0,0,0,0,0,0
21,387,District - Puri (18),Urban,Less than 18,74541,38918,35623,73670,38654,35016,817,246,571,33,9,24,18,8,10,3,1,2,0,0,0
21,387,District - Puri (18),Urban,Less than 21,91253,47647,43606,87917,46932,40985,3223,685,2538,68,16,52,35,11,24,10,3,7,0,0,0
21,388,District - Ganjam (19),Total,All ages,3529031,1779218,1749813,1651691,929852,721839,1682216,813506,868710,182910,33625,149285,9361,1865,7496,2853,370,2483,0,0,0
21,388,District - Ganjam (19),Total,0-9,629282,327397,301885,629282,327397,301885,0,0,0,0,0,0,0,0,0,0,0,0,0,0,0
21,388,District - Ganjam (19),Total,10-14,387949,194554,193395,381813,192369,189444,5680,2018,3662,282,99,183,151,60,91,23,8,15,0,0,0
21,388,District - Ganjam (19),Total,15-19,352040,176966,175074,318628,173046,145582,32601,3714,28887,522,134,388,226,62,164,63,10,53,0,0,0
21,388,District - Ganjam (19),Total,20-24,319599,162910,156689,189160,139736,49424,128452,22882,105570,1203,199,1004,591,77,514,193,16,177,0,0,0
21,388,District - Ganjam (19),Total,25-29,291362,144184,147178,79262,64562,14700,207703,79004,128699,3018,422,2596,1034,154,880,345,42,303,0,0,0
21,388,District - Ganjam (19),Total,30-34,256254,123501,132753,24013,17725,6288,225074,104906,120168,5357,600,4757,1347,207,1140,463,63,400,0,0,0
21,388,District - Ganjam (19),Total,35-39,253926,123112,130814,8637,4959,3678,235135,117044,118091,8153,784,7369,1533,260,1273,468,65,403,0,0,0
21,388,District - Ganjam (19),Total,40-44,225241,115127,110114,4998,2256,2742,207052,111328,95724,11364,1239,10125,1396,255,1141,431,49,382,0,0,0
21,388,District - Ganjam (19),Total,45-49,189335,98706,90629,2910,1226,1684,172139,95667,76472,13006,1602,11404,993,185,808,287,26,261,0,0,0
21,388,District - Ganjam (19),Total,50-54,151588,76524,75064,1955,796,1159,132598,73424,59174,16096,2118,13978,718,158,560,221,28,193,0,0,0
21,388,District - Ganjam (19),Total,55-59,121201,59861,61340,1192,511,681,104037,56803,47234,15458,2423,13035,400,106,294,114,18,96,0,0,0
21,388,District - Ganjam (19),Total,60-64,123636,60743,62893,1374,558,816,93767,55590,38177,27956,4459,23497,433,116,317,106,20,86,0,0,0
21,388,District - Ganjam (19),Total,65-69,81729,41144,40585,967,456,511,58325,36267,22058,22178,4350,17828,212,63,149,47,8,39,0,0,0
21,388,District - Ganjam (19),Total,70-74,68639,34262,34377,676,285,391,41112,28193,12919,26644,5695,20949,165,82,83,42,7,35,0,0,0
21,388,District - Ganjam (19),Total,75-79,31108,16246,14862,305,136,169,17627,12463,5164,13115,3621,9494,52,25,27,9,1,8,0,0,0
21,388,District - Ganjam (19),Total,80+,35348,18452,16896,1296,709,587,16047,11946,4101,17893,5744,12149,85,47,38,27,6,21,0,0,0
21,388,District - Ganjam (19),Total,Age not stated,10794,5529,5265,5223,3125,2098,4867,2257,2610,665,136,529,25,8,17,14,3,11,0,0,0
21,388,District - Ganjam (19),Total,Less than 18,1229582,627029,602553,1213757,622843,590914,14932,3900,11032,588,174,414,257,96,161,48,16,32,0,0,0
21,388,District - Ganjam (19),Total,Less than 21,1460575,743020,717555,1390459,734086,656373,68424,8495,59929,1074,278,796,491,140,351,127,21,106,0,0,0
21,388,District - Ganjam (19),Rural,All ages,2761030,1383636,1377394,1292008,721592,570416,1315857,633221,682636,144054,27189,116865,6972,1383,5589,2139,251,1888,0,0,0
21,388,District - Ganjam (19),Rural,0-9,514655,267625,247030,514655,267625,247030,0,0,0,0,0,0,0,0,0,0,0,0,0,0,0
21,388,District - Ganjam (19),Rural,10-14,316517,158010,158507,311680,156304,155376,4481,1580,2901,224,75,149,111,44,67,21,7,14,0,0,0
21,388,District - Ganjam (19),Rural,15-19,271075,134264,136811,243788,131224,112564,26660,2879,23781,416,108,308,164,47,117,47,6,41,0,0,0
21,388,District - Ganjam (19),Rural,20-24,241508,122325,119183,135785,103392,32393,104170,18719,85451,968,148,820,435,55,380,150,11,139,0,0,0
21,388,District - Ganjam (19),Rural,25-29,222144,109577,112567,52851,44027,8824,165804,65054,100750,2457,350,2107,777,121,656,255,25,230,0,0,0
21,388,District - Ganjam (19),Rural,30-34,194930,92451,102479,14037,10013,4024,175222,81768,93454,4301,468,3833,1017,153,864,353,49,304,0,0,0
21,388,District - Ganjam (19),Rural,35-39,195105,93743,101362,5043,2574,2469,182073,90301,91772,6490,622,5868,1146,199,947,353,47,306,0,0,0
21,388,District - Ganjam (19),Rural,40-44,172291,87795,84496,3137,1187,1950,159019,85439,73580,8807,959,7848,1011,186,825,317,24,293,0,0,0
21,388,District - Ganjam (19),Rural,45-49,143605,74370,69235,1782,626,1156,130922,72360,58562,9952,1232,8720,743,136,607,206,16,190,0,0,0
21,388,District - Ganjam (19),Rural,50-54,115240,57294,57946,1131,389,742,101244,55168,46076,12177,1615,10562,522,103,419,166,19,147,0,0,0
21,388,District - Ganjam (19),Rural,55-59,93275,45136,48139,691,270,421,80437,42908,37529,11774,1878,9896,288,68,220,85,12,73,0,0,0
21,388,District - Ganjam (19),Rural,60-64,98074,47848,50226,881,323,558,74532,43779,30753,22238,3641,18597,347,91,256,76,14,62,0,0,0
21,388,District - Ganjam (19),Rural,65-69,65682,32871,32811,660,297,363,46854,28889,17965,17962,3628,14334,170,52,118,36,5,31,0,0,0
21,388,District - Ganjam (19),Rural,70-74,55332,27753,27579,443,179,264,33329,22831,10498,21399,4668,16731,127,68,59,34,7,27,0,0,0
21,388,District - Ganjam (19),Rural,75-79,24574,13002,11572,214,96,118,14025,9926,4099,10294,2962,7332,33,17,16,8,1,7,0,0,0
21,388,District - Ganjam (19),Rural,80+,28008,14998,13010,939,519,420,12962,9717,3245,14030,4722,9308,58,35,23,19,5,14,0,0,0
21,388,District - Ganjam (19),Rural,Age not stated,9015,4574,4441,4291,2547,1744,4123,1903,2220,565,113,452,23,8,15,13,3,10,0,0,0
21,388,District - Ganjam (19),Rural,Less than 18,996839,506384,490455,984269,503141,481128,11871,3023,8848,470,139,331,191,70,121,38,11,27,0,0,0
21,388,District - Ganjam (19),Rural,Less than 21,1173135,593634,579501,1115510,586625,528885,56310,6675,49635,860,216,644,354,102,252,101,16,85,0,0,0
21,388,District - Ganjam (19),Urban,All ages,768001,395582,372419,359683,208260,151423,366359,180285,186074,38856,6436,32420,2389,482,1907,714,119,595,0,0,0
21,388,District - Ganjam (19),Urban,0-9,114627,59772,54855,114627,59772,54855,0,0,0,0,0,0,0,0,0,0,0,0,0,0,0
21,388,District - Ganjam (19),Urban,10-14,71432,36544,34888,70133,36065,34068,1199,438,761,58,24,34,40,16,24,2,1,1,0,0,0
21,388,District - Ganjam (19),Urban,15-19,80965,42702,38263,74840,41822,33018,5941,835,5106,106,26,80,62,15,47,16,4,12,0,0,0
21,388,District - Ganjam (19),Urban,20-24,78091,40585,37506,53375,36344,17031,24282,4163,20119,235,51,184,156,22,134,43,5,38,0,0,0
21,388,District - Ganjam (19),Urban,25-29,69218,34607,34611,26411,20535,5876,41899,13950,27949,561,72,489,257,33,224,90,17,73,0,0,0
21,388,District - Ganjam (19),Urban,30-34,61324,31050,30274,9976,7712,2264,49852,23138,26714,1056,132,924,330,54,276,110,14,96,0,0,0
21,388,District - Ganjam (19),Urban,35-39,58821,29369,29452,3594,2385,1209,53062,26743,26319,1663,162,1501,387,61,326,115,18,97,0,0,0
21,388,District - Ganjam (19),Urban,40-44,52950,27332,25618,1861,1069,792,48033,25889,22144,2557,280,2277,385,69,316,114,25,89,0,0,0
21,388,District - Ganjam (19),Urban,45-49,45730,24336,21394,1128,600,528,41217,23307,17910,3054,370,2684,250,49,201,81,10,71,0,0,0
21,388,District - Ganjam (19),Urban,50-54,36348,19230,17118,824,407,417,31354,18256,13098,3919,503,3416,196,55,141,55,9,46,0,0,0
21,388,District - Ganjam (19),Urban,55-59,27926,14725,13201,501,241,260,23600,13895,9705,3684,545,3139,112,38,74,29,6,23,0,0,0
21,388,District - Ganjam (19),Urban,60-64,25562,12895,12667,493,235,258,19235,11811,7424,5718,818,4900,86,25,61,30,6,24,0,0,0
21,388,District - Ganjam (19),Urban,65-69,16047,8273,7774,307,159,148,11471,7378,4093,4216,722,3494,42,11,31,11,3,8,0,0,0
21,388,District - Ganjam (19),Urban,70-74,13307,6509,6798,233,106,127,7783,5362,2421,5245,1027,4218,38,14,24,8,0,8,0,0,0
21,388,District - Ganjam (19),Urban,75-79,6534,3244,3290,91,40,51,3602,2537,1065,2821,659,2162,19,8,11,1,0,1,0,0,0
21,388,District - Ganjam (19),Urban,80+,7340,3454,3886,357,190,167,3085,2229,856,3863,1022,2841,27,12,15,8,1,7,0,0,0
21,388,District - Ganjam (19),Urban,Age not stated,1779,955,824,932,578,354,744,354,390,100,23,77,2,0,2,1,0,1,0,0,0
21,388,District - Ganjam (19),Urban,Less than 18,232743,120645,112098,229488,119702,109786,3061,877,2184,118,35,83,66,26,40,10,5,5,0,0,0
21,388,District - Ganjam (19),Urban,Less than 21,287440,149386,138054,274949,147461,127488,12114,1820,10294,214,62,152,137,38,99,26,5,21,0,0,0
21,389,District - Gajapati (20),Total,All ages,577817,282882,294935,288704,153568,135136,253501,123023,130478,33480,5803,27677,1681,397,1284,451,91,360,0,0,0
21,389,District - Gajapati (20),Total,0-9,130438,66071,64367,130438,66071,64367,0,0,0,0,0,0,0,0,0,0,0,0,0,0,0
21,389,District - Gajapati (20),Total,10-14,66754,33455,33299,65674,33074,32600,984,336,648,56,21,35,34,20,14,6,4,2,0,0,0
21,389,District - Gajapati (20),Total,15-19,54704,27152,27552,48712,26179,22533,5822,925,4897,110,28,82,46,15,31,14,5,9,0,0,0
21,389,District - Gajapati (20),Total,20-24,48534,22921,25613,24356,16147,8209,23805,6688,17117,234,66,168,116,17,99,23,3,20,0,0,0
21,389,District - Gajapati (20),Total,25-29,44957,21860,23097,9586,6829,2757,34634,14882,19752,513,109,404,170,34,136,54,6,48,0,0,0
21,389,District - Gajapati (20),Total,30-34,39002,18510,20492,3490,2214,1276,34320,16079,18241,914,169,745,215,41,174,63,7,56,0,0,0
21,389,District - Gajapati (20),Total,35-39,39873,19093,20780,1698,859,839,36268,17903,18365,1587,269,1318,261,53,208,59,9,50,0,0,0
21,389,District - Gajapati (20),Total,40-44,35398,17572,17826,946,387,559,31750,16680,15070,2360,426,1934,265,66,199,77,13,64,0,0,0
21,389,District - Gajapati (20),Total,45-49,29770,15310,14460,530,225,305,26176,14587,11589,2852,453,2399,166,31,135,46,14,32,0,0,0
21,389,District - Gajapati (20),Total,50-54,22857,11246,11611,362,148,214,18849,10510,8339,3488,547,2941,124,34,90,34,7,27,0,0,0
21,389,District - Gajapati (20),Total,55-59,17958,8334,9624,240,88,152,14153,7665,6488,3459,554,2905,85,20,65,21,7,14,0,0,0
21,389,District - Gajapati (20),Total,60-64,19286,8638,10648,293,110,183,12466,7500,4966,6407,991,5416,93,26,67,27,11,16,0,0,0
21,389,District - Gajapati (20),Total,65-69,11182,4986,6196,192,71,121,6571,4191,2380,4367,701,3666,42,20,22,10,3,7,0,0,0
21,389,District - Gajapati (20),Total,70-74,7838,3460,4378,124,49,75,3828,2697,1131,3848,703,3145,29,10,19,9,1,8,0,0,0
21,389,District - Gajapati (20),Total,75-79,2921,1312,1609,49,22,27,1384,965,419,1474,321,1153,12,4,8,2,0,2,0,0,0
21,389,District - Gajapati (20),Total,80+,3030,1333,1697,164,81,83,1268,839,429,1583,408,1175,12,5,7,3,0,3,0,0,0
21,389,District - Gajapati (20),Total,Age not stated,3315,1629,1686,1850,1014,836,1223,576,647,228,37,191,11,1,10,3,1,2,0,0,0
21,389,District - Gajapati (20),Total,Less than 18,230386,116273,114113,227634,115520,112114,2566,682,1884,119,34,85,54,29,25,13,8,5,0,0,0
21,389,District - Gajapati (20),Total,Less than 21,265234,132706,132528,252977,130434,122543,11907,2156,9751,220,68,152,105,38,67,25,10,15,0,0,0
21,389,District - Gajapati (20),Rural,All ages,507151,247655,259496,255769,134892,120877,220736,107075,113661,28912,5287,23625,1404,337,1067,330,64,266,0,0,0
21,389,District - Gajapati (20),Rural,0-9,119419,60316,59103,119419,60316,59103,0,0,0,0,0,0,0,0,0,0,0,0,0,0,0
21,389,District - Gajapati (20),Rural,10-14,59359,29705,29654,58372,29347,29025,898,317,581,53,20,33,31,18,13,5,3,2,0,0,0
21,389,District - Gajapati (20),Rural,15-19,47662,23546,24116,42296,22656,19640,5221,847,4374,96,26,70,40,13,27,9,4,5,0,0,0
21,389,District - Gajapati (20),Rural,20-24,41989,19682,22307,20204,13371,6833,21459,6233,15226,215,64,151,96,13,83,15,1,14,0,0,0
21,389,District - Gajapati (20),Rural,25-29,38814,18898,19916,7493,5203,2290,30692,13560,17132,442,101,341,145,31,114,42,3,39,0,0,0
21,389,District - Gajapati (20),Rural,30-34,33348,15759,17589,2628,1558,1070,29701,14003,15698,799,158,641,175,36,139,45,4,41,0,0,0
21,389,District - Gajapati (20),Rural,35-39,34283,16321,17962,1279,589,690,31398,15445,15953,1352,238,1114,208,42,166,46,7,39,0,0,0
21,389,District - Gajapati (20),Rural,40-44,30502,15040,15462,754,294,460,27409,14287,13122,2060,393,1667,222,55,167,57,11,46,0,0,0
21,389,District - Gajapati (20),Rural,45-49,25553,13149,12404,396,159,237,22560,12525,10035,2419,428,1991,145,27,118,33,10,23,0,0,0
21,389,District - Gajapati (20),Rural,50-54,19533,9620,9913,286,110,176,16113,8962,7151,3007,514,2493,106,29,77,21,5,16,0,0,0
21,389,District - Gajapati (20),Rural,55-59,15353,7040,8313,200,71,129,12109,6449,5660,2958,498,2460,70,18,52,16,4,12,0,0,0
21,389,District - Gajapati (20),Rural,60-64,16837,7546,9291,243,85,158,10859,6516,4343,5639,916,4723,76,20,56,20,9,11,0,0,0
21,389,District - Gajapati (20),Rural,65-69,9729,4337,5392,165,62,103,5716,3622,2094,3807,635,3172,35,17,18,6,1,5,0,0,0
21,389,District - Gajapati (20),Rural,70-74,6691,2964,3727,110,42,68,3243,2275,968,3304,637,2667,26,9,17,8,1,7,0,0,0
21,389,District - Gajapati (20),Rural,75-79,2432,1083,1349,41,17,24,1142,793,349,1238,269,969,9,4,5,2,0,2,0,0,0
21,389,District - Gajapati (20),Rural,80+,2515,1119,1396,148,75,73,1041,685,356,1314,355,959,10,4,6,2,0,2,0,0,0
21,389,District - Gajapati (20),Rural,Age not stated,3132,1530,1602,1735,937,798,1175,556,619,209,35,174,10,1,9,3,1,2,0,0,0
21,389,District - Gajapati (20),Rural,Less than 18,207854,104625,103229,205376,103935,101441,2309,628,1681,110,31,79,49,25,24,10,6,4,0,0,0
21,389,District - Gajapati (20),Rural,Less than 21,238093,118764,119329,227042,116657,110385,10740,2002,8738,200,64,136,93,34,59,18,7,11,0,0,0
21,389,District - Gajapati (20),Urban,All ages,70666,35227,35439,32935,18676,14259,32765,15948,16817,4568,516,4052,277,60,217,121,27,94,0,0,0
21,389,District - Gajapati (20),Urban,0-9,11019,5755,5264,11019,5755,5264,0,0,0,0,0,0,0,0,0,0,0,0,0,0,0
21,389,District - Gajapati (20),Urban,10-14,7395,3750,3645,7302,3727,3575,86,19,67,3,1,2,3,2,1,1,1,0,0,0,0
21,389,District - Gajapati (20),Urban,15-19,7042,3606,3436,6416,3523,2893,601,78,523,14,2,12,6,2,4,5,1,4,0,0,0
21,389,District - Gajapati (20),Urban,20-24,6545,3239,3306,4152,2776,1376,2346,455,1891,19,2,17,20,4,16,8,2,6,0,0,0
21,389,District - Gajapati (20),Urban,25-29,6143,2962,3181,2093,1626,467,3942,1322,2620,71,8,63,25,3,22,12,3,9,0,0,0
21,389,District - Gajapati (20),Urban,30-34,5654,2751,2903,862,656,206,4619,2076,2543,115,11,104,40,5,35,18,3,15,0,0,0
21,389,District - Gajapati (20),Urban,35-39,5590,2772,2818,419,270,149,4870,2458,2412,235,31,204,53,11,42,13,2,11,0,0,0
21,389,District - Gajapati (20),Urban,40-44,4896,2532,2364,192,93,99,4341,2393,1948,300,33,267,43,11,32,20,2,18,0,0,0
21,389,District - Gajapati (20),Urban,45-49,4217,2161,2056,134,66,68,3616,2062,1554,433,25,408,21,4,17,13,4,9,0,0,0
21,389,District - Gajapati (20),Urban,50-54,3324,1626,1698,76,38,38,2736,1548,1188,481,33,448,18,5,13,13,2,11,0,0,0
21,389,District - Gajapati (20),Urban,55-59,2605,1294,1311,40,17,23,2044,1216,828,501,56,445,15,2,13,5,3,2,0,0,0
21,389,District - Gajapati (20),Urban,60-64,2449,1092,1357,50,25,25,1607,984,623,768,75,693,17,6,11,7,2,5,0,0,0
21,389,District - Gajapati (20),Urban,65-69,1453,649,804,27,9,18,855,569,286,560,66,494,7,3,4,4,2,2,0,0,0
21,389,District - Gajapati (20),Urban,70-74,1147,496,651,14,7,7,585,422,163,544,66,478,3,1,2,1,0,1,0,0,0
21,389,District - Gajapati (20),Urban,75-79,489,229,260,8,5,3,242,172,70,236,52,184,3,0,3,0,0,0,0,0,0
21,389,District - Gajapati (20),Urban,80+,515,214,301,16,6,10,227,154,73,269,53,216,2,1,1,1,0,1,0,0,0
21,389,District - Gajapati (20),Urban,Age not stated,183,99,84,115,77,38,48,20,28,19,2,17,1,0,1,0,0,0,0,0,0
21,389,District - Gajapati (20),Urban,Less than 18,22532,11648,10884,22258,11585,10673,257,54,203,9,3,6,5,4,1,3,2,1,0,0,0
21,389,District - Gajapati (20),Urban,Less than 21,27141,13942,13199,25935,13777,12158,1167,154,1013,20,4,16,12,4,8,7,3,4,0,0,0
21,390,District - Kandhamal (21),Total,All ages,733110,359945,373165,367323,192562,174761,323766,158735,165031,37313,7259,30054,3804,1205,2599,904,184,720,0,0,0
21,390,District - Kandhamal (21),Total,0-9,165664,83725,81939,165664,83725,81939,0,0,0,0,0,0,0,0,0,0,0,0,0,0,0
21,390,District - Kandhamal (21),Total,10-14,86398,43231,43167,85277,42808,42469,998,365,633,61,24,37,56,32,24,6,2,4,0,0,0
21,390,District - Kandhamal (21),Total,15-19,64450,30918,33532,57768,29710,28058,6436,1144,5292,111,31,80,115,32,83,20,1,19,0,0,0
21,390,District - Kandhamal (21),Total,20-24,62252,28684,33568,32303,19994,12309,29288,8537,20751,254,73,181,335,76,259,72,4,68,0,0,0
21,390,District - Kandhamal (21),Total,25-29,57861,28180,29681,14420,9726,4694,42199,18130,24069,592,139,453,517,159,358,133,26,107,0,0,0
21,390,District - Kandhamal (21),Total,30-34,47309,23021,24288,5270,3399,1871,40584,19266,21318,838,183,655,496,148,348,121,25,96,0,0,0
21,390,District - Kandhamal (21),Total,35-39,48044,23247,24797,2320,1222,1098,43547,21563,21984,1469,258,1211,573,185,388,135,19,116,0,0,0
21,390,District - Kandhamal (21),Total,40-44,44376,22289,22087,1228,600,628,40145,21150,18995,2375,365,2010,513,146,367,115,28,87,0,0,0
21,390,District - Kandhamal (21),Total,45-49,37742,19360,18382,689,301,388,33840,18520,15320,2764,411,2353,362,109,253,87,19,68,0,0,0
21,390,District - Kandhamal (21),Total,50-54,29740,15018,14722,405,183,222,25615,14179,11436,3407,574,2833,251,69,182,62,13,49,0,0,0
21,390,District - Kandhamal (21),Total,55-59,24594,11567,13027,292,125,167,20733,10769,9964,3352,592,2760,176,74,102,41,7,34,0,0,0
21,390,District - Kandhamal (21),Total,60-64,29055,14110,14945,398,155,243,21216,12479,8737,7187,1375,5812,200,81,119,54,20,34,0,0,0
21,390,District - Kandhamal (21),Total,65-69,15757,7626,8131,202,87,115,9911,6403,3508,5521,1094,4427,92,34,58,31,8,23,0,0,0
21,390,District - Kandhamal (21),Total,70-74,10288,4605,5683,144,52,92,5178,3527,1651,4877,985,3892,73,35,38,16,6,10,0,0,0
21,390,District - Kandhamal (21),Total,75-79,4186,1909,2277,58,22,36,1970,1375,595,2131,498,1633,23,12,11,4,2,2,0,0,0
21,390,District - Kandhamal (21),Total,80+,4157,1852,2305,216,100,116,1622,1095,527,2300,645,1655,15,9,6,4,3,1,0,0,0
21,390,District - Kandhamal (21),Total,Age not stated,1237,603,634,669,353,316,484,233,251,74,12,62,7,4,3,3,1,2,0,0,0
21,390,District - Kandhamal (21),Total,Less than 18,290820,145870,144950,287964,145060,142904,2625,723,1902,118,37,81,95,47,48,18,3,15,0,0,0
21,390,District - Kandhamal (21),Total,Less than 21,333574,165327,168247,319496,162464,157032,13587,2722,10865,217,63,154,235,74,161,39,4,35,0,0,0
21,390,District - Kandhamal (21),Rural,All ages,660831,323523,337308,332150,173344,158806,290335,142077,148258,34073,6792,27281,3447,1137,2310,826,173,653,0,0,0
21,390,District - Kandhamal (21),Rural,0-9,153539,77422,76117,153539,77422,76117,0,0,0,0,0,0,0,0,0,0,0,0,0,0,0
21,390,District - Kandhamal (21),Rural,10-14,78288,39431,38857,77258,39036,38222,916,341,575,58,24,34,50,28,22,6,2,4,0,0,0
21,390,District - Kandhamal (21),Rural,15-19,57584,27533,30051,51430,26409,25021,5921,1061,4860,105,31,74,110,31,79,18,1,17,0,0,0
21,390,District - Kandhamal (21),Rural,20-24,55378,25268,30110,27849,17137,10712,26924,7987,18937,231,67,164,307,73,234,67,4,63,0,0,0
21,390,District - Kandhamal (21),Rural,25-29,51564,25116,26448,12045,7973,4072,38369,16830,21539,551,134,417,480,153,327,119,26,93,0,0,0
21,390,District - Kandhamal (21),Rural,30-34,41658,20200,21458,4275,2637,1638,36070,17226,18844,749,171,578,452,144,308,112,22,90,0,0,0
21,390,District - Kandhamal (21),Rural,35-39,42501,20552,21949,1950,987,963,38615,19135,19480,1299,241,1058,511,172,339,126,17,109,0,0,0
21,390,District - Kandhamal (21),Rural,40-44,39249,19654,19595,1059,510,549,35482,18630,16852,2148,354,1794,457,133,324,103,27,76,0,0,0
21,390,District - Kandhamal (21),Rural,45-49,33130,16889,16241,606,270,336,29676,16120,13556,2450,380,2070,322,103,219,76,16,60,0,0,0
21,390,District - Kandhamal (21),Rural,50-54,26335,13110,13225,341,155,186,22648,12349,10299,3073,531,2542,216,62,154,57,13,44,0,0,0
21,390,District - Kandhamal (21),Rural,55-59,22151,10233,11918,257,108,149,18657,9488,9169,3038,559,2479,161,71,90,38,7,31,0,0,0
21,390,District - Kandhamal (21),Rural,60-64,26957,13033,13924,357,144,213,19659,11484,8175,6704,1307,5397,187,78,109,50,20,30,0,0,0
21,390,District - Kandhamal (21),Rural,65-69,14506,6968,7538,178,75,103,9041,5820,3221,5170,1031,4139,86,34,52,31,8,23,0,0,0
21,390,District - Kandhamal (21),Rural,70-74,9367,4203,5164,128,44,84,4716,3209,1507,4445,916,3529,65,30,35,13,4,9,0,0,0
21,390,District - Kandhamal (21),Rural,75-79,3759,1701,2058,53,22,31,1752,1212,540,1929,453,1476,22,12,10,3,2,1,0,0,0
21,390,District - Kandhamal (21),Rural,80+,3698,1644,2054,187,82,105,1440,969,471,2053,581,1472,14,9,5,4,3,1,0,0,0
21,390,District - Kandhamal (21),Rural,Age not stated,1167,566,601,638,333,305,449,216,233,70,12,58,7,4,3,3,1,2,0,0,0
21,390,District - Kandhamal (21),Rural,Less than 18,266508,133786,132722,263908,133041,130867,2384,662,1722,110,37,73,89,43,46,17,3,14,0,0,0
21,390,District - Kandhamal (21),Rural,Less than 21,304752,151031,153721,291795,148362,143433,12499,2537,9962,203,61,142,218,67,151,37,4,33,0,0,0
21,390,District - Kandhamal (21),Urban,All ages,72279,36422,35857,35173,19218,15955,33431,16658,16773,3240,467,2773,357,68,289,78,11,67,0,0,0
21,390,District - Kandhamal (21),Urban,0-9,12125,6303,5822,12125,6303,5822,0,0,0,0,0,0,0,0,0,0,0,0,0,0,0
21,390,District - Kandhamal (21),Urban,10-14,8110,3800,4310,8019,3772,4247,82,24,58,3,0,3,6,4,2,0,0,0,0,0,0
21,390,District - Kandhamal (21),Urban,15-19,6866,3385,3481,6338,3301,3037,515,83,432,6,0,6,5,1,4,2,0,2,0,0,0
21,390,District - Kandhamal (21),Urban,20-24,6874,3416,3458,4454,2857,1597,2364,550,1814,23,6,17,28,3,25,5,0,5,0,0,0
21,390,District - Kandhamal (21),Urban,25-29,6297,3064,3233,2375,1753,622,3830,1300,2530,41,5,36,37,6,31,14,0,14,0,0,0
21,390,District - Kandhamal (21),Urban,30-34,5651,2821,2830,995,762,233,4514,2040,2474,89,12,77,44,4,40,9,3,6,0,0,0
21,390,District - Kandhamal (21),Urban,35-39,5543,2695,2848,370,235,135,4932,2428,2504,170,17,153,62,13,49,9,2,7,0,0,0
21,390,District - Kandhamal (21),Urban,40-44,5127,2635,2492,169,90,79,4663,2520,2143,227,11,216,56,13,43,12,1,11,0,0,0
21,390,District - Kandhamal (21),Urban,45-49,4612,2471,2141,83,31,52,4164,2400,1764,314,31,283,40,6,34,11,3,8,0,0,0
21,390,District - Kandhamal (21),Urban,50-54,3405,1908,1497,64,28,36,2967,1830,1137,334,43,291,35,7,28,5,0,5,0,0,0
21,390,District - Kandhamal (21),Urban,55-59,2443,1334,1109,35,17,18,2076,1281,795,314,33,281,15,3,12,3,0,3,0,0,0
21,390,District - Kandhamal (21),Urban,60-64,2098,1077,1021,41,11,30,1557,995,562,483,68,415,13,3,10,4,0,4,0,0,0
21,390,District - Kandhamal (21),Urban,65-69,1251,658,593,24,12,12,870,583,287,351,63,288,6,0,6,0,0,0,0,0,0
21,390,District - Kandhamal (21),Urban,70-74,921,402,519,16,8,8,462,318,144,432,69,363,8,5,3,3,2,1,0,0,0
21,390,District - Kandhamal (21),Urban,75-79,427,208,219,5,0,5,218,163,55,202,45,157,1,0,1,1,0,1,0,0,0
21,390,District - Kandhamal (21),Urban,80+,459,208,251,29,18,11,182,126,56,247,64,183,1,0,1,0,0,0,0,0,0
21,390,District - Kandhamal (21),Urban,Age not stated,70,37,33,31,20,11,35,17,18,4,0,4,0,0,0,0,0,0,0,0,0
21,390,District - Kandhamal (21),Urban,Less than 18,24312,12084,12228,24056,12019,12037,241,61,180,8,0,8,6,4,2,1,0,1,0,0,0
21,390,District - Kandhamal (21),Urban,Less than 21,28822,14296,14526,27701,14102,13599,1088,185,903,14,2,12,17,7,10,2,0,2,0,0,0
21,391,District - Baudh (22),Total,All ages,441162,221625,219537,210169,113127,97042,208216,103040,105176,20374,4896,15478,1727,476,1251,676,86,590,0,0,0
21,391,District - Baudh (22),Total,0-9,89570,45208,44362,89570,45208,44362,0,0,0,0,0,0,0,0,0,0,0,0,0,0,0
21,391,District - Baudh (22),Total,10-14,52321,26470,25851,51669,26252,25417,607,204,403,23,6,17,21,7,14,1,1,0,0,0,0
21,391,District - Baudh (22),Total,15-19,40536,20188,20348,36572,19614,16958,3872,546,3326,52,17,35,30,7,23,10,4,6,0,0,0
21,391,District - Baudh (22),Total,20-24,36141,17655,18486,18830,13383,5447,17012,4214,12798,150,37,113,105,16,89,44,5,39,0,0,0
21,391,District - Baudh (22),Total,25-29,34899,17324,17575,7757,5725,2032,26578,11493,15085,285,55,230,197,38,159,82,13,69,0,0,0
21,391,District - Baudh (22),Total,30-34,31066,14994,16072,2521,1533,988,27777,13336,14441,452,68,384,238,49,189,78,8,70,0,0,0
21,391,District - Baudh (22),Total,35-39,31226,15506,15720,1009,425,584,29131,14898,14233,706,102,604,257,60,197,123,21,102,0,0,0
21,391,District - Baudh (22),Total,40-44,26610,13837,12773,509,175,334,24834,13430,11404,967,173,794,192,51,141,108,8,100,0,0,0
21,391,District - Baudh (22),Total,45-49,22669,11796,10873,303,114,189,20854,11431,9423,1259,206,1053,185,37,148,68,8,60,0,0,0
21,391,District - Baudh (22),Total,50-54,17993,9185,8808,182,62,120,16010,8766,7244,1633,314,1319,123,37,86,45,6,39,0,0,0
21,391,District - Baudh (22),Total,55-59,15656,7691,7965,115,48,67,13765,7209,6556,1645,403,1242,88,24,64,43,7,36,0,0,0
21,391,District - Baudh (22),Total,60-64,16934,8714,8220,166,75,91,12933,7714,5219,3676,874,2802,123,49,74,36,2,34,0,0,0
21,391,District - Baudh (22),Total,65-69,10322,5277,5045,118,62,56,7029,4410,2619,3085,763,2322,74,41,33,16,1,15,0,0,0
21,391,District - Baudh (22),Total,70-74,7733,3933,3800,78,33,45,4324,3000,1324,3266,865,2401,52,33,19,13,2,11,0,0,0
21,391,District - Baudh (22),Total,75-79,3124,1566,1558,40,17,23,1661,1126,535,1399,411,988,21,12,9,3,0,3,0,0,0
21,391,District - Baudh (22),Total,80+,3284,1723,1561,147,81,66,1414,1050,364,1702,580,1122,15,12,3,6,0,6,0,0,0
21,391,District - Baudh (22),Total,Age not stated,1078,558,520,583,320,263,415,213,202,74,22,52,6,3,3,0,0,0,0,0,0
21,391,District - Baudh (22),Total,Less than 18,167033,84148,82885,165325,83654,81671,1616,462,1154,56,19,37,32,9,23,4,4,0,0,0,0
21,391,District - Baudh (22),Total,Less than 21,192390,96523,95867,184088,95227,88861,8101,1243,6858,109,28,81,76,17,59,16,8,8,0,0,0
21,391,District - Baudh (22),Rural,All ages,420738,211133,209605,200427,107704,92723,198541,98162,100379,19490,4720,14770,1633,461,1172,647,86,561,0,0,0
21,391,District - Baudh (22),Rural,0-9,86409,43573,42836,86409,43573,42836,0,0,0,0,0,0,0,0,0,0,0,0,0,0,0
21,391,District - Baudh (22),Rural,10-14,50174,25362,24812,49545,25153,24392,585,195,390,23,6,17,20,7,13,1,1,0,0,0,0
21,391,District - Baudh (22),Rural,15-19,38524,19192,19332,34675,18637,16038,3758,527,3231,52,17,35,29,7,22,10,4,6,0,0,0
21,391,District - Baudh (22),Rural,20-24,34315,16754,17561,17598,12596,5002,16423,4102,12321,149,37,112,102,14,88,43,5,38,0,0,0
21,391,District - Baudh (22),Rural,25-29,33107,16416,16691,7060,5200,1860,25509,11113,14396,275,53,222,182,37,145,81,13,68,0,0,0
21,391,District - Baudh (22),Rural,30-34,29406,14190,15216,2197,1300,897,26475,12770,13705,435,65,370,223,47,176,76,8,68,0,0,0
21,391,District - Baudh (22),Rural,35-39,29631,14697,14934,892,346,546,27707,14175,13532,669,98,571,246,57,189,117,21,96,0,0,0
21,391,District - Baudh (22),Rural,40-44,25195,13074,12121,449,147,302,23535,12705,10830,927,165,762,180,49,131,104,8,96,0,0,0
21,391,District - Baudh (22),Rural,45-49,21402,11108,10294,269,99,170,19706,10763,8943,1191,202,989,172,36,136,64,8,56,0,0,0
21,391,District - Baudh (22),Rural,50-54,17070,8669,8401,162,54,108,15198,8272,6926,1553,302,1251,115,35,80,42,6,36,0,0,0
21,391,District - Baudh (22),Rural,55-59,14906,7270,7636,95,42,53,13110,6801,6309,1578,397,1181,83,23,60,40,7,33,0,0,0
21,391,District - Baudh (22),Rural,60-64,16249,8387,7862,146,67,79,12421,7420,5001,3532,849,2683,117,49,68,33,2,31,0,0,0
21,391,District - Baudh (22),Rural,65-69,9881,5057,4824,110,59,51,6718,4216,2502,2963,740,2223,74,41,33,16,1,15,0,0,0
21,391,District - Baudh (22),Rural,70-74,7386,3765,3621,76,31,45,4106,2860,1246,3142,839,2303,50,33,17,12,2,10,0,0,0
21,391,District - Baudh (22),Rural,75-79,2946,1461,1485,39,16,23,1561,1047,514,1324,387,937,20,11,9,2,0,2,0,0,0
21,391,District - Baudh (22),Rural,80+,3103,1624,1479,140,77,63,1338,994,344,1604,541,1063,15,12,3,6,0,6,0,0,0
21,391,District - Baudh (22),Rural,Age not stated,1034,534,500,565,307,258,391,202,189,73,22,51,5,3,2,0,0,0,0,0,0
21,391,District - Baudh (22),Rural,Less than 18,160516,80787,79729,158855,80316,78539,1571,439,1132,56,19,37,30,9,21,4,4,0,0,0,0
21,391,District - Baudh (22),Rural,Less than 21,184623,92577,92046,176574,91321,85253,7851,1203,6648,108,28,80,74,17,57,16,8,8,0,0,0
21,391,District - Baudh (22),Urban,All ages,20424,10492,9932,9742,5423,4319,9675,4878,4797,884,176,708,94,15,79,29,0,29,0,0,0
21,391,District - Baudh (22),Urban,0-9,3161,1635,1526,3161,1635,1526,0,0,0,0,0,0,0,0,0,0,0,0,0,0,0
21,391,District - Baudh (22),Urban,10-14,2147,1108,1039,2124,1099,1025,22,9,13,0,0,0,1,0,1,0,0,0,0,0,0
21,391,District - Baudh (22),Urban,15-19,2012,996,1016,1897,977,920,114,19,95,0,0,0,1,0,1,0,0,0,0,0,0
21,391,District - Baudh (22),Urban,20-24,1826,901,925,1232,787,445,589,112,477,1,0,1,3,2,1,1,0,1,0,0,0
21,391,District - Baudh (22),Urban,25-29,1792,908,884,697,525,172,1069,380,689,10,2,8,15,1,14,1,0,1,0,0,0
21,391,District - Baudh (22),Urban,30-34,1660,804,856,324,233,91,1302,566,736,17,3,14,15,2,13,2,0,2,0,0,0
21,391,District - Baudh (22),Urban,35-39,1595,809,786,117,79,38,1424,723,701,37,4,33,11,3,8,6,0,6,0,0,0
21,391,District - Baudh (22),Urban,40-44,1415,763,652,60,28,32,1299,725,574,40,8,32,12,2,10,4,0,4,0,0,0
21,391,District - Baudh (22),Urban,45-49,1267,688,579,34,15,19,1148,668,480,68,4,64,13,1,12,4,0,4,0,0,0
21,391,District - Baudh (22),Urban,50-54,923,516,407,20,8,12,812,494,318,80,12,68,8,2,6,3,0,3,0,0,0
21,391,District - Baudh (22),Urban,55-59,750,421,329,20,6,14,655,408,247,67,6,61,5,1,4,3,0,3,0,0,0
21,391,District - Baudh (22),Urban,60-64,685,327,358,20,8,12,512,294,218,144,25,119,6,0,6,3,0,3,0,0,0
21,391,District - Baudh (22),Urban,65-69,441,220,221,8,3,5,311,194,117,122,23,99,0,0,0,0,0,0,0,0,0
21,391,District - Baudh (22),Urban,70-74,347,168,179,2,2,0,218,140,78,124,26,98,2,0,2,1,0,1,0,0,0
21,391,District - Baudh (22),Urban,75-79,178,105,73,1,1,0,100,79,21,75,24,51,1,1,0,1,0,1,0,0,0
21,391,District - Baudh (22),Urban,80+,181,99,82,7,4,3,76,56,20,98,39,59,0,0,0,0,0,0,0,0,0
21,391,District - Baudh (22),Urban,Age not stated,44,24,20,18,13,5,24,11,13,1,0,1,1,0,1,0,0,0,0,0,0
21,391,District - Baudh (22),Urban,Less than 18,6517,3361,3156,6470,3338,3132,45,23,22,0,0,0,2,0,2,0,0,0,0,0,0
21,391,District - Baudh (22),Urban,Less than 21,7767,3946,3821,7514,3906,3608,250,40,210,1,0,1,2,0,2,0,0,0,0,0,0
21,392,District - Subarnapur (23),Total,All ages,610183,311312,298871,291313,160884,130429,288027,142398,145629,28069,7332,20737,2205,618,1587,569,80,489,0,0,0
21,392,District - Subarnapur (23),Total,0-9,106808,54537,52271,106808,54537,52271,0,0,0,0,0,0,0,0,0,0,0,0,0,0,0
21,392,District - Subarnapur (23),Total,10-14,62944,31484,31460,62104,31181,30923,773,278,495,38,14,24,26,10,16,3,1,2,0,0,0
21,392,District - Subarnapur (23),Total,15-19,64631,32321,32310,60187,31642,28545,4305,626,3679,76,33,43,50,18,32,13,2,11,0,0,0
21,392,District - Subarnapur (23),Total,20-24,56706,29379,27327,35571,24871,10700,20807,4429,16378,175,46,129,118,29,89,35,4,31,0,0,0
21,392,District - Subarnapur (23),Total,25-29,50472,26164,24308,16016,12441,3575,33826,13590,20236,336,78,258,232,44,188,62,11,51,0,0,0
21,392,District - Subarnapur (23),Total,30-34,43522,22179,21343,5345,3680,1665,37259,18328,18931,537,99,438,298,61,237,83,11,72,0,0,0
21,392,District - Subarnapur (23),Total,35-39,42307,21848,20459,1853,939,914,39188,20703,18485,908,140,768,282,57,225,76,9,67,0,0,0
21,392,District - Subarnapur (23),Total,40-44,36718,18987,17731,890,358,532,34270,18374,15896,1217,181,1036,267,68,199,74,6,68,0,0,0
21,392,District - Subarnapur (23),Total,45-49,31213,16217,14996,480,195,285,28914,15660,13254,1564,316,1248,193,40,153,62,6,56,0,0,0
21,392,District - Subarnapur (23),Total,50-54,25991,13259,12732,338,130,208,23388,12611,10777,2058,466,1592,176,49,127,31,3,28,0,0,0
21,392,District - Subarnapur (23),Total,55-59,22573,10945,11628,190,78,112,20081,10281,9800,2162,551,1611,108,29,79,32,6,26,0,0,0
21,392,District - Subarnapur (23),Total,60-64,24743,12595,12148,248,122,126,19828,11271,8557,4443,1123,3320,176,72,104,48,7,41,0,0,0
21,392,District - Subarnapur (23),Total,65-69,16690,8644,8046,174,85,89,12035,7333,4702,4349,1178,3171,115,46,69,17,2,15,0,0,0
21,392,District - Subarnapur (23),Total,70-74,12140,6266,5874,127,50,77,7105,4846,2259,4806,1320,3486,84,43,41,18,7,11,0,0,0
21,392,District - Subarnapur (23),Total,75-79,5177,2578,2599,68,36,32,2866,1827,1039,2212,698,1514,28,16,12,3,1,2,0,0,0
21,392,District - Subarnapur (23),Total,80+,6136,3137,2999,238,133,105,2725,1898,827,3121,1071,2050,44,32,12,8,3,5,0,0,0
21,392,District - Subarnapur (23),Total,Age not stated,1412,772,640,676,406,270,657,343,314,67,18,49,8,4,4,4,1,3,0,0,0
21,392,District - Subarnapur (23),Total,Less than 18,208836,105319,103517,206622,104646,101976,2072,615,1457,88,37,51,49,20,29,5,1,4,0,0,0
21,392,District - Subarnapur (23),Total,Less than 21,249941,125990,123951,240458,124490,115968,9204,1401,7803,158,59,99,98,34,64,23,6,17,0,0,0
21,392,District - Subarnapur (23),Rural,All ages,560242,285634,274608,267670,147542,120128,264260,130653,133607,25855,6807,19048,1946,564,1382,511,68,443,0,0,0
21,392,District - Subarnapur (23),Rural,0-9,98865,50457,48408,98865,50457,48408,0,0,0,0,0,0,0,0,0,0,0,0,0,0,0
21,392,District - Subarnapur (23),Rural,10-14,58288,29116,29172,57537,28851,28686,689,242,447,36,12,24,23,10,13,3,1,2,0,0,0
21,392,District - Subarnapur (23),Rural,15-19,59543,29709,29834,55474,29091,26383,3948,572,3376,67,29,38,42,15,27,12,2,10,0,0,0
21,392,District - Subarnapur (23),Rural,20-24,51888,26877,25011,32297,22649,9648,19289,4155,15134,161,42,119,112,28,84,29,3,26,0,0,0
21,392,District - Subarnapur (23),Rural,25-29,46019,23917,22102,14310,11140,3170,31130,12654,18476,310,72,238,210,41,169,59,10,49,0,0,0
21,392,District - Subarnapur (23),Rural,30-34,39494,20117,19377,4649,3163,1486,34011,16793,17218,490,94,396,268,57,211,76,10,66,0,0,0
21,392,District - Subarnapur (23),Rural,35-39,38542,19921,18621,1608,812,796,35782,18917,16865,837,129,708,244,56,188,71,7,64,0,0,0
21,392,District - Subarnapur (23),Rural,40-44,33427,17281,16146,749,302,447,31250,16747,14503,1127,169,958,236,58,178,65,5,60,0,0,0
21,392,District - Subarnapur (23),Rural,45-49,28401,14746,13655,389,160,229,26366,14249,12117,1422,295,1127,167,36,131,57,6,51,0,0,0
21,392,District - Subarnapur (23),Rural,50-54,23553,12015,11538,265,109,156,21227,11432,9795,1877,427,1450,155,45,110,29,2,27,0,0,0
21,392,District - Subarnapur (23),Rural,55-59,20658,9945,10713,156,64,92,18419,9331,9088,1963,517,1446,95,28,67,25,5,20,0,0,0
21,392,District - Subarnapur (23),Rural,60-64,22948,11647,11301,198,99,99,18452,10431,8021,4105,1045,3060,150,66,84,43,6,37,0,0,0
21,392,District - Subarnapur (23),Rural,65-69,15586,8071,7515,146,65,81,11280,6847,4433,4042,1115,2927,105,43,62,13,1,12,0,0,0
21,392,District - Subarnapur (23),Rural,70-74,11303,5845,5458,109,42,67,6610,4525,2085,4502,1239,3263,67,34,33,15,5,10,0,0,0
21,392,District - Subarnapur (23),Rural,75-79,4744,2351,2393,63,34,29,2627,1661,966,2028,642,1386,23,13,10,3,1,2,0,0,0
21,392,District - Subarnapur (23),Rural,80+,5621,2880,2741,214,122,92,2536,1761,775,2823,964,1859,41,30,11,7,3,4,0,0,0
21,392,District - Subarnapur (23),Rural,Age not stated,1362,739,623,641,382,259,644,336,308,65,16,49,8,4,4,4,1,3,0,0,0
21,392,District - Subarnapur (23),Rural,Less than 18,193206,97310,95896,191206,96716,94490,1873,542,1331,81,33,48,41,18,23,5,1,4,0,0,0
21,392,District - Subarnapur (23),Rural,Less than 21,231068,116334,114734,222321,114965,107356,8496,1281,7215,143,52,91,87,31,56,21,5,16,0,0,0
21,392,District - Subarnapur (23),Urban,All ages,49941,25678,24263,23643,13342,10301,23767,11745,12022,2214,525,1689,259,54,205,58,12,46,0,0,0
21,392,District - Subarnapur (23),Urban,0-9,7943,4080,3863,7943,4080,3863,0,0,0,0,0,0,0,0,0,0,0,0,0,0,0
21,392,District - Subarnapur (23),Urban,10-14,4656,2368,2288,4567,2330,2237,84,36,48,2,2,0,3,0,3,0,0,0,0,0,0
21,392,District - Subarnapur (23),Urban,15-19,5088,2612,2476,4713,2551,2162,357,54,303,9,4,5,8,3,5,1,0,1,0,0,0
21,392,District - Subarnapur (23),Urban,20-24,4818,2502,2316,3274,2222,1052,1518,274,1244,14,4,10,6,1,5,6,1,5,0,0,0
21,392,District - Subarnapur (23),Urban,25-29,4453,2247,2206,1706,1301,405,2696,936,1760,26,6,20,22,3,19,3,1,2,0,0,0
21,392,District - Subarnapur (23),Urban,30-34,4028,2062,1966,696,517,179,3248,1535,1713,47,5,42,30,4,26,7,1,6,0,0,0
21,392,District - Subarnapur (23),Urban,35-39,3765,1927,1838,245,127,118,3406,1786,1620,71,11,60,38,1,37,5,2,3,0,0,0
21,392,District - Subarnapur (23),Urban,40-44,3291,1706,1585,141,56,85,3020,1627,1393,90,12,78,31,10,21,9,1,8,0,0,0
21,392,District - Subarnapur (23),Urban,45-49,2812,1471,1341,91,35,56,2548,1411,1137,142,21,121,26,4,22,5,0,5,0,0,0
21,392,District - Subarnapur (23),Urban,50-54,2438,1244,1194,73,21,52,2161,1179,982,181,39,142,21,4,17,2,1,1,0,0,0
21,392,District - Subarnapur (23),Urban,55-59,1915,1000,915,34,14,20,1662,950,712,199,34,165,13,1,12,7,1,6,0,0,0
21,392,District - Subarnapur (23),Urban,60-64,1795,948,847,50,23,27,1376,840,536,338,78,260,26,6,20,5,1,4,0,0,0
21,392,District - Subarnapur (23),Urban,65-69,1104,573,531,28,20,8,755,486,269,307,63,244,10,3,7,4,1,3,0,0,0
21,392,District - Subarnapur (23),Urban,70-74,837,421,416,18,8,10,495,321,174,304,81,223,17,9,8,3,2,1,0,0,0
21,392,District - Subarnapur (23),Urban,75-79,433,227,206,5,2,3,239,166,73,184,56,128,5,3,2,0,0,0,0,0,0
21,392,District - Subarnapur (23),Urban,80+,515,257,258,24,11,13,189,137,52,298,107,191,3,2,1,1,0,1,0,0,0
21,392,District - Subarnapur (23),Urban,Age not stated,50,33,17,35,24,11,13,7,6,2,2,0,0,0,0,0,0,0,0,0,0
21,392,District - Subarnapur (23),Urban,Less than 18,15630,8009,7621,15416,7930,7486,199,73,126,7,4,3,8,2,6,0,0,0,0,0,0
21,392,District - Subarnapur (23),Urban,Less than 21,18873,9656,9217,18137,9525,8612,708,120,588,15,7,8,11,3,8,2,1,1,0,0,0
21,393,District - Balangir (24),Total,All ages,1648997,830097,818900,759352,413655,345697,801431,395324,406107,80654,18944,61710,5708,1813,3895,1852,361,1491,0,0,0
21,393,District - Balangir (24),Total,0-9,309181,157265,151916,309181,157265,151916,0,0,0,0,0,0,0,0,0,0,0,0,0,0,0
21,393,District - Balangir (24),Total,10-14,168234,84574,83660,165275,83444,81831,2687,1010,1677,156,65,91,99,48,51,17,7,10,0,0,0
21,393,District - Balangir (24),Total,15-19,157508,79033,78475,144853,76634,68219,12222,2255,9967,261,79,182,144,58,86,28,7,21,0,0,0
21,393,District - Balangir (24),Total,20-24,139994,70971,69023,81084,55569,25515,57875,15132,42743,507,150,357,403,107,296,125,13,112,0,0,0
21,393,District - Balangir (24),Total,25-29,129109,64195,64914,33889,25683,8206,93380,38055,55325,1035,245,790,568,164,404,237,48,189,0,0,0
21,393,District - Balangir (24),Total,30-34,117099,57808,59291,11729,8288,3441,102721,48968,53753,1672,341,1331,723,170,553,254,41,213,0,0,0
21,393,District - Balangir (24),Total,35-39,116820,59200,57620,4296,2428,1868,108764,56021,52743,2660,463,2197,790,232,558,310,56,254,0,0,0
21,393,District - Balangir (24),Total,40-44,105269,53684,51585,2246,1043,1203,98243,51718,46525,3819,668,3151,722,208,514,239,47,192,0,0,0
21,393,District - Balangir (24),Total,45-49,90823,47008,43815,1245,539,706,84070,45324,38746,4798,953,3845,530,156,374,180,36,144,0,0,0
21,393,District - Balangir (24),Total,50-54,73178,38023,35155,790,310,480,65775,36279,29496,6024,1267,4757,449,138,311,140,29,111,0,0,0
21,393,District - Balangir (24),Total,55-59,61736,30037,31699,469,211,258,54582,28200,26382,6316,1500,4816,280,107,173,89,19,70,0,0,0
21,393,District - Balangir (24),Total,60-64,66720,33140,33580,638,260,378,52626,29726,22900,12939,2985,9954,420,151,269,97,18,79,0,0,0
21,393,District - Balangir (24),Total,65-69,44485,21732,22753,500,218,282,31750,18597,13153,11935,2791,9144,246,117,129,54,9,45,0,0,0
21,393,District - Balangir (24),Total,70-74,33268,16441,16827,328,134,194,19282,13076,6206,13457,3147,10310,168,73,95,33,11,22,0,0,0
21,393,District - Balangir (24),Total,75-79,14475,6677,7798,152,71,81,7843,4884,2959,6402,1682,4720,67,37,30,11,3,8,0,0,0
21,393,District - Balangir (24),Total,80+,17014,8190,8824,773,428,345,7705,5168,2537,8439,2541,5898,73,40,33,24,13,11,0,0,0
21,393,District - Balangir (24),Total,Age not stated,4084,2119,1965,1904,1130,774,1906,911,995,234,67,167,26,7,19,14,4,10,0,0,0
21,393,District - Balangir (24),Total,Less than 18,571848,288691,283157,564867,286505,278362,6477,1982,4495,308,115,193,166,77,89,30,12,18,0,0,0
21,393,District - Balangir (24),Total,Less than 21,674012,340056,333956,646574,334401,312173,26481,5328,21153,555,181,374,336,128,208,66,18,48,0,0,0
21,393,District - Balangir (24),Rural,All ages,1451616,728770,722846,669097,362574,306523,704372,347144,357228,71544,17088,54456,4947,1644,3303,1656,320,1336,0,0,0
21,393,District - Balangir (24),Rural,0-9,277729,140771,136958,277729,140771,136958,0,0,0,0,0,0,0,0,0,0,0,0,0,0,0
21,393,District - Balangir (24),Rural,10-14,150381,75392,74989,147855,74463,73392,2307,831,1476,125,54,71,82,39,43,12,5,7,0,0,0
21,393,District - Balangir (24),Rural,15-19,138981,69582,69399,127766,67489,60277,10841,1968,8873,227,65,162,123,54,69,24,6,18,0,0,0
21,393,District - Balangir (24),Rural,20-24,121325,61585,59740,68686,47598,21088,51757,13756,38001,408,122,286,358,96,262,116,13,103,0,0,0
21,393,District - Balangir (24),Rural,25-29,111481,55582,55899,27424,20848,6576,82444,34334,48110,900,209,691,501,149,352,212,42,170,0,0,0
21,393,District - Balangir (24),Rural,30-34,100332,49472,50860,8983,6193,2790,89099,42797,46302,1409,288,1121,620,158,462,221,36,185,0,0,0
21,393,District - Balangir (24),Rural,35-39,101092,51114,49978,3324,1770,1554,94522,48668,45854,2291,415,1876,678,211,467,277,50,227,0,0,0
21,393,District - Balangir (24),Rural,40-44,91234,46248,44986,1730,748,982,85401,44685,40716,3273,592,2681,623,184,439,207,39,168,0,0,0
21,393,District - Balangir (24),Rural,45-49,78846,40646,38200,976,406,570,73167,39209,33958,4080,855,3225,457,145,312,166,31,135,0,0,0
21,393,District - Balangir (24),Rural,50-54,63426,32728,30698,598,233,365,57233,31239,25994,5095,1110,3985,375,121,254,125,25,100,0,0,0
21,393,District - Balangir (24),Rural,55-59,54510,26247,28263,368,167,201,48376,24618,23758,5446,1348,4098,239,96,143,81,18,63,0,0,0
21,393,District - Balangir (24),Rural,60-64,60131,29789,30342,531,218,313,47578,26712,20866,11565,2706,8859,367,135,232,90,18,72,0,0,0
21,393,District - Balangir (24),Rural,65-69,40377,19684,20693,426,185,241,28819,16830,11989,10859,2552,8307,222,108,114,51,9,42,0,0,0
21,393,District - Balangir (24),Rural,70-74,30104,14833,15271,276,114,162,17314,11752,5562,12331,2887,9444,154,70,84,29,10,19,0,0,0
21,393,District - Balangir (24),Rural,75-79,12943,5972,6971,125,60,65,6989,4326,2663,5762,1547,4215,56,36,20,11,3,8,0,0,0
21,393,District - Balangir (24),Rural,80+,15093,7264,7829,626,338,288,6813,4597,2216,7564,2281,5283,68,36,32,22,12,10,0,0,0
21,393,District - Balangir (24),Rural,Age not stated,3631,1861,1770,1674,973,701,1712,822,890,209,57,152,24,6,18,12,3,9,0,0,0
21,393,District - Balangir (24),Rural,Less than 18,511888,257604,254284,505867,255750,250117,5602,1680,3922,259,99,160,138,66,72,22,9,13,0,0,0
21,393,District - Balangir (24),Rural,Less than 21,601724,302734,298990,577303,297800,279503,23609,4657,18952,465,148,317,290,114,176,57,15,42,0,0,0
21,393,District - Balangir (24),Urban,All ages,197381,101327,96054,90255,51081,39174,97059,48180,48879,9110,1856,7254,761,169,592,196,41,155,0,0,0
21,393,District - Balangir (24),Urban,0-9,31452,16494,14958,31452,16494,14958,0,0,0,0,0,0,0,0,0,0,0,0,0,0,0
21,393,District - Balangir (24),Urban,10-14,17853,9182,8671,17420,8981,8439,380,179,201,31,11,20,17,9,8,5,2,3,0,0,0
21,393,District - Balangir (24),Urban,15-19,18527,9451,9076,17087,9145,7942,1381,287,1094,34,14,20,21,4,17,4,1,3,0,0,0
21,393,District - Balangir (24),Urban,20-24,18669,9386,9283,12398,7971,4427,6118,1376,4742,99,28,71,45,11,34,9,0,9,0,0,0
21,393,District - Balangir (24),Urban,25-29,17628,8613,9015,6465,4835,1630,10936,3721,7215,135,36,99,67,15,52,25,6,19,0,0,0
21,393,District - Balangir (24),Urban,30-34,16767,8336,8431,2746,2095,651,13622,6171,7451,263,53,210,103,12,91,33,5,28,0,0,0
21,393,District - Balangir (24),Urban,35-39,15728,8086,7642,972,658,314,14242,7353,6889,369,48,321,112,21,91,33,6,27,0,0,0
21,393,District - Balangir (24),Urban,40-44,14035,7436,6599,516,295,221,12842,7033,5809,546,76,470,99,24,75,32,8,24,0,0,0
21,393,District - Balangir (24),Urban,45-49,11977,6362,5615,269,133,136,10903,6115,4788,718,98,620,73,11,62,14,5,9,0,0,0
21,393,District - Balangir (24),Urban,50-54,9752,5295,4457,192,77,115,8542,5040,3502,929,157,772,74,17,57,15,4,11,0,0,0
21,393,District - Balangir (24),Urban,55-59,7226,3790,3436,101,44,57,6206,3582,2624,870,152,718,41,11,30,8,1,7,0,0,0
21,393,District - Balangir (24),Urban,60-64,6589,3351,3238,107,42,65,5048,3014,2034,1374,279,1095,53,16,37,7,0,7,0,0,0
21,393,District - Balangir (24),Urban,65-69,4108,2048,2060,74,33,41,2931,1767,1164,1076,239,837,24,9,15,3,0,3,0,0,0
21,393,District - Balangir (24),Urban,70-74,3164,1608,1556,52,20,32,1968,1324,644,1126,260,866,14,3,11,4,1,3,0,0,0
21,393,District - Balangir (24),Urban,75-79,1532,705,827,27,11,16,854,558,296,640,135,505,11,1,10,0,0,0,0,0,0
21,393,District - Balangir (24),Urban,80+,1921,926,995,147,90,57,892,571,321,875,260,615,5,4,1,2,1,1,0,0,0
21,393,District - Balangir (24),Urban,Age not stated,453,258,195,230,157,73,194,89,105,25,10,15,2,1,1,2,1,1,0,0,0
21,393,District - Balangir (24),Urban,Less than 18,59960,31087,28873,59000,30755,28245,875,302,573,49,16,33,28,11,17,8,3,5,0,0,0
21,393,District - Balangir (24),Urban,Less than 21,72288,37322,34966,69271,36601,32670,2872,671,2201,90,33,57,46,14,32,9,3,6,0,0,0
21,394,District - Nuapada (25),Total,All ages,610382,301962,308420,280212,149154,131058,296553,145545,151008,30980,6304,24676,1889,781,1108,748,178,570,0,0,0
21,394,District - Nuapada (25),Total,0-9,127316,63850,63466,127316,63850,63466,0,0,0,0,0,0,0,0,0,0,0,0,0,0,0
21,394,District - Nuapada (25),Total,10-14,68215,34270,33945,67166,33913,33253,973,328,645,45,17,28,26,11,15,5,1,4,0,0,0
21,394,District - Nuapada (25),Total,15-19,53796,26652,27144,48709,25703,23006,4964,912,4052,77,23,54,34,12,22,12,2,10,0,0,0
21,394,District - Nuapada (25),Total,20-24,48760,23638,25122,23039,15990,7049,25309,7535,17774,198,50,148,148,48,100,66,15,51,0,0,0
21,394,District - Nuapada (25),Total,25-29,45988,22870,23118,8061,6130,1931,37212,16487,20725,376,105,271,241,121,120,98,27,71,0,0,0
21,394,District - Nuapada (25),Total,30-34,41977,20363,21614,2439,1678,761,38591,18430,20161,590,135,455,249,94,155,108,26,82,0,0,0
21,394,District - Nuapada (25),Total,35-39,40876,20445,20431,913,526,387,38591,19618,18973,1051,190,861,204,79,125,117,32,85,0,0,0
21,394,District - Nuapada (25),Total,40-44,37156,18571,18585,499,243,256,34852,17938,16914,1496,287,1209,229,82,147,80,21,59,0,0,0
21,394,District - Nuapada (25),Total,45-49,32672,16870,15802,295,164,131,30185,16193,13992,1948,415,1533,174,80,94,70,18,52,0,0,0
21,394,District - Nuapada (25),Total,50-54,25932,13075,12857,203,101,102,23051,12486,10565,2465,429,2036,155,49,106,58,10,48,0,0,0
21,394,District - Nuapada (25),Total,55-59,21844,10310,11534,133,68,65,19221,9702,9519,2347,483,1864,106,50,56,37,7,30,0,0,0
21,394,District - Nuapada (25),Total,60-64,26875,13034,13841,176,74,102,21093,11821,9272,5432,1072,4360,133,61,72,41,6,35,0,0,0
21,394,District - Nuapada (25),Total,65-69,16115,7666,8449,153,72,81,10971,6596,4375,4879,956,3923,84,33,51,28,9,19,0,0,0
21,394,District - Nuapada (25),Total,70-74,11194,5204,5990,82,34,48,6273,4213,2060,4773,931,3842,53,24,29,13,2,11,0,0,0
21,394,District - Nuapada (25),Total,75-79,4777,1978,2799,33,20,13,2436,1495,941,2281,449,1832,23,14,9,4,0,4,0,0,0
21,394,District - Nuapada (25),Total,80+,5588,2453,3135,245,134,111,2349,1549,800,2957,747,2210,28,21,7,9,2,7,0,0,0
21,394,District - Nuapada (25),Total,Age not stated,1301,713,588,750,454,296,482,242,240,65,15,50,2,2,0,2,0,2,0,0,0
21,394,District - Nuapada (25),Total,Less than 18,228531,114521,114010,226053,113812,112241,2351,666,1685,83,25,58,38,16,22,6,2,4,0,0,0
21,394,District - Nuapada (25),Total,Less than 21,262182,130838,131344,251103,128527,122576,10778,2221,8557,174,50,124,92,32,60,35,8,27,0,0,0
21,394,District - Nuapada (25),Rural,All ages,576328,284792,291536,264368,140321,124047,280462,137569,142893,29096,5994,23102,1722,738,984,680,170,510,0,0,0
21,394,District - Nuapada (25),Rural,0-9,121126,60663,60463,121126,60663,60463,0,0,0,0,0,0,0,0,0,0,0,0,0,0,0
21,394,District - Nuapada (25),Rural,10-14,64948,32585,32363,63957,32250,31707,920,308,612,42,16,26,24,10,14,5,1,4,0,0,0
21,394,District - Nuapada (25),Rural,15-19,50495,24980,25515,45680,24088,21592,4704,860,3844,67,18,49,33,12,21,11,2,9,0,0,0
21,394,District - Nuapada (25),Rural,20-24,45521,22003,23518,21124,14713,6411,24020,7187,16833,177,45,132,137,43,94,63,15,48,0,0,0
21,394,District - Nuapada (25),Rural,25-29,42999,21360,21639,7173,5445,1728,35162,15675,19487,349,100,249,223,114,109,92,26,66,0,0,0
21,394,District - Nuapada (25),Rural,30-34,39296,19055,20241,2142,1466,676,36280,17343,18937,556,131,425,223,89,134,95,26,69,0,0,0
21,394,District - Nuapada (25),Rural,35-39,38326,19154,19172,798,447,351,36273,18422,17851,963,182,781,187,74,113,105,29,76,0,0,0
21,394,District - Nuapada (25),Rural,40-44,34873,17411,17462,439,210,229,32794,16836,15958,1368,267,1101,200,78,122,72,20,52,0,0,0
21,394,District - Nuapada (25),Rural,45-49,30620,15820,14800,257,142,115,28364,15196,13168,1782,391,1391,153,74,79,64,17,47,0,0,0
21,394,District - Nuapada (25),Rural,50-54,24313,12258,12055,174,84,90,21707,11709,9998,2244,410,1834,139,47,92,49,8,41,0,0,0
21,394,District - Nuapada (25),Rural,55-59,20672,9689,10983,118,61,57,18254,9117,9137,2170,458,1712,96,46,50,34,7,27,0,0,0
21,394,District - Nuapada (25),Rural,60-64,25765,12508,13257,164,68,96,20306,11355,8951,5136,1021,4115,123,58,65,36,6,30,0,0,0
21,394,District - Nuapada (25),Rural,65-69,15488,7376,8112,144,67,77,10596,6356,4240,4639,912,3727,81,32,49,28,9,19,0,0,0
21,394,District - Nuapada (25),Rural,70-74,10689,4984,5705,75,30,45,6002,4040,1962,4549,888,3661,51,24,27,12,2,10,0,0,0
21,394,District - Nuapada (25),Rural,75-79,4575,1884,2691,30,18,12,2346,1430,916,2173,422,1751,22,14,8,4,0,4,0,0,0
21,394,District - Nuapada (25),Rural,80+,5342,2362,2980,230,124,106,2260,1497,763,2816,718,2098,28,21,7,8,2,6,0,0,0
21,394,District - Nuapada (25),Rural,Age not stated,1280,700,580,737,445,292,474,238,236,65,15,50,2,2,0,2,0,2,0,0,0
21,394,District - Nuapada (25),Rural,Less than 18,217113,108682,108431,214778,108025,106753,2218,617,1601,75,23,52,36,15,21,6,2,4,0,0,0
21,394,District - Nuapada (25),Rural,Less than 21,248637,123927,124710,238142,121742,116400,10220,2104,8116,155,44,111,86,29,57,34,8,26,0,0,0
21,394,District - Nuapada (25),Urban,All ages,34054,17170,16884,15844,8833,7011,16091,7976,8115,1884,310,1574,167,43,124,68,8,60,0,0,0
21,394,District - Nuapada (25),Urban,0-9,6190,3187,3003,6190,3187,3003,0,0,0,0,0,0,0,0,0,0,0,0,0,0,0
21,394,District - Nuapada (25),Urban,10-14,3267,1685,1582,3209,1663,1546,53,20,33,3,1,2,2,1,1,0,0,0,0,0,0
21,394,District - Nuapada (25),Urban,15-19,3301,1672,1629,3029,1615,1414,260,52,208,10,5,5,1,0,1,1,0,1,0,0,0
21,394,District - Nuapada (25),Urban,20-24,3239,1635,1604,1915,1277,638,1289,348,941,21,5,16,11,5,6,3,0,3,0,0,0
21,394,District - Nuapada (25),Urban,25-29,2989,1510,1479,888,685,203,2050,812,1238,27,5,22,18,7,11,6,1,5,0,0,0
21,394,District - Nuapada (25),Urban,30-34,2681,1308,1373,297,212,85,2311,1087,1224,34,4,30,26,5,21,13,0,13,0,0,0
21,394,District - Nuapada (25),Urban,35-39,2550,1291,1259,115,79,36,2318,1196,1122,88,8,80,17,5,12,12,3,9,0,0,0
21,394,District - Nuapada (25),Urban,40-44,2283,1160,1123,60,33,27,2058,1102,956,128,20,108,29,4,25,8,1,7,0,0,0
21,394,District - Nuapada (25),Urban,45-49,2052,1050,1002,38,22,16,1821,997,824,166,24,142,21,6,15,6,1,5,0,0,0
21,394,District - Nuapada (25),Urban,50-54,1619,817,802,29,17,12,1344,777,567,221,19,202,16,2,14,9,2,7,0,0,0
21,394,District - Nuapada (25),Urban,55-59,1172,621,551,15,7,8,967,585,382,177,25,152,10,4,6,3,0,3,0,0,0
21,394,District - Nuapada (25),Urban,60-64,1110,526,584,12,6,6,787,466,321,296,51,245,10,3,7,5,0,5,0,0,0
21,394,District - Nuapada (25),Urban,65-69,627,290,337,9,5,4,375,240,135,240,44,196,3,1,2,0,0,0,0,0,0
21,394,District - Nuapada (25),Urban,70-74,505,220,285,7,4,3,271,173,98,224,43,181,2,0,2,1,0,1,0,0,0
21,394,District - Nuapada (25),Urban,75-79,202,94,108,3,2,1,90,65,25,108,27,81,1,0,1,0,0,0,0,0,0
21,394,District - Nuapada (25),Urban,80+,246,91,155,15,10,5,89,52,37,141,29,112,0,0,0,1,0,1,0,0,0
21,394,District - Nuapada (25),Urban,Age not stated,21,13,8,13,9,4,8,4,4,0,0,0,0,0,0,0,0,0,0,0,0
21,394,District - Nuapada (25),Urban,Less than 18,11418,5839,5579,11275,5787,5488,133,49,84,8,2,6,2,1,1,0,0,0,0,0,0
21,394,District - Nuapada (25),Urban,Less than 21,13545,6911,6634,12961,6785,6176,558,117,441,19,6,13,6,3,3,1,0,1,0,0,0
21,395,District - Kalahandi (26),Total,All ages,1576869,787101,789768,721305,389239,332066,769711,378606,391105,79298,17083,62215,5284,1856,3428,1271,317,954,0,0,0
21,395,District - Kalahandi (26),Total,0-9,324016,164761,159255,324016,164761,159255,0,0,0,0,0,0,0,0,0,0,0,0,0,0,0
21,395,District - Kalahandi (26),Total,10-14,175070,88148,86922,172313,87156,85157,2509,921,1588,121,39,82,110,24,86,17,8,9,0,0,0
21,395,District - Kalahandi (26),Total,15-19,137442,68805,68637,124299,66284,58015,12755,2423,10332,226,64,162,131,27,104,31,7,24,0,0,0
21,395,District - Kalahandi (26),Total,20-24,123931,60492,63439,59626,41682,17944,63200,18505,44695,542,159,383,423,116,307,140,30,110,0,0,0
21,395,District - Kalahandi (26),Total,25-29,119701,59277,60424,23056,17877,5179,94822,40866,53956,1023,291,732,606,189,417,194,54,140,0,0,0
21,395,District - Kalahandi (26),Total,30-34,112693,54774,57919,7473,5608,1865,102633,48476,54157,1709,417,1292,684,226,458,194,47,147,0,0,0
21,395,District - Kalahandi (26),Total,35-39,114453,57527,56926,2705,1682,1023,108017,54951,53066,2807,602,2205,747,250,497,177,42,135,0,0,0
21,395,District - Kalahandi (26),Total,40-44,101317,51762,49555,1323,698,625,95117,49996,45121,4045,800,3245,681,229,452,151,39,112,0,0,0
21,395,District - Kalahandi (26),Total,45-49,87315,44819,42496,793,409,384,80693,43204,37489,5212,1008,4204,521,173,348,96,25,71,0,0,0
21,395,District - Kalahandi (26),Total,50-54,69364,35935,33429,482,233,249,61540,34174,27366,6857,1356,5501,413,159,254,72,13,59,0,0,0
21,395,District - Kalahandi (26),Total,55-59,56553,26953,29600,350,169,181,48935,25251,23684,6953,1418,5535,263,99,164,52,16,36,0,0,0
21,395,District - Kalahandi (26),Total,60-64,60233,29471,30762,527,232,295,45691,26364,19327,13654,2724,10930,296,139,157,65,12,53,0,0,0
21,395,District - Kalahandi (26),Total,65-69,37809,18045,19764,383,184,199,25493,15336,10157,11746,2435,9311,150,82,68,37,8,29,0,0,0
21,395,District - Kalahandi (26),Total,70-74,27280,12509,14771,258,92,166,14941,9781,5160,11928,2560,9368,124,65,59,29,11,18,0,0,0
21,395,District - Kalahandi (26),Total,75-79,11751,5095,6656,92,39,53,6059,3726,2333,5544,1292,4252,49,36,13,7,2,5,0,0,0
21,395,District - Kalahandi (26),Total,80+,12543,5857,6686,471,268,203,5402,3709,1693,6613,1842,4771,52,36,16,5,2,3,0,0,0
21,395,District - Kalahandi (26),Total,Age not stated,5398,2871,2527,3138,1865,1273,1904,923,981,318,76,242,34,6,28,4,1,3,0,0,0
21,395,District - Kalahandi (26),Total,Less than 18,584283,295564,288719,577677,293552,284125,6144,1890,4254,255,69,186,172,39,133,35,14,21,0,0,0
21,395,District - Kalahandi (26),Total,Less than 21,669886,337685,332201,641228,331593,309635,27789,5868,21921,463,129,334,326,73,253,80,22,58,0,0,0
21,395,District - Kalahandi (26),Rural,All ages,1454882,724646,730236,663456,356909,306547,711748,349646,362102,73550,16018,57532,4931,1773,3158,1197,300,897,0,0,0
21,395,District - Kalahandi (26),Rural,0-9,303561,154139,149422,303561,154139,149422,0,0,0,0,0,0,0,0,0,0,0,0,0,0,0
21,395,District - Kalahandi (26),Rural,10-14,162597,81845,80752,159999,80916,79083,2355,859,1496,118,38,80,108,24,84,17,8,9,0,0,0
21,395,District - Kalahandi (26),Rural,15-19,125650,62836,62814,113379,60476,52903,11908,2269,9639,211,58,153,122,26,96,30,7,23,0,0,0
21,395,District - Kalahandi (26),Rural,20-24,112850,54929,57921,52347,37006,15341,59472,17636,41836,499,147,352,401,111,290,131,29,102,0,0,0
21,395,District - Kalahandi (26),Rural,25-29,109034,54031,55003,19265,15055,4210,88083,38472,49611,940,270,670,562,182,380,184,52,132,0,0,0
21,395,District - Kalahandi (26),Rural,30-34,102750,49810,52940,5945,4417,1528,94409,44737,49672,1571,395,1176,642,217,425,183,44,139,0,0,0
21,395,District - Kalahandi (26),Rural,35-39,104703,52597,52106,2143,1270,873,99143,50484,48659,2559,574,1985,688,229,459,170,40,130,0,0,0
21,395,District - Kalahandi (26),Rural,40-44,92536,47133,45403,1072,541,531,87049,45593,41456,3654,747,2907,621,215,406,140,37,103,0,0,0
21,395,District - Kalahandi (26),Rural,45-49,79764,40731,39033,675,347,328,73791,39250,34541,4719,944,3775,490,166,324,89,24,65,0,0,0
21,395,District - Kalahandi (26),Rural,50-54,63634,32831,30803,397,187,210,56530,31211,25319,6255,1269,4986,385,152,233,67,12,55,0,0,0
21,395,District - Kalahandi (26),Rural,55-59,52312,24651,27661,298,142,156,45391,23089,22302,6334,1310,5024,242,95,147,47,15,32,0,0,0
21,395,District - Kalahandi (26),Rural,60-64,56592,27610,28982,463,204,259,43058,24710,18348,12730,2551,10179,281,136,145,60,9,51,0,0,0
21,395,District - Kalahandi (26),Rural,65-69,35665,16968,18697,350,165,185,24069,14416,9653,11067,2300,8767,143,79,64,36,8,28,0,0,0
21,395,District - Kalahandi (26),Rural,70-74,25645,11733,13912,232,82,150,14039,9164,4875,11227,2414,8813,119,63,56,28,10,18,0,0,0
21,395,District - Kalahandi (26),Rural,75-79,11054,4748,6306,87,36,51,5702,3471,2231,5213,1203,4010,45,36,9,7,2,5,0,0,0
21,395,District - Kalahandi (26),Rural,80+,11683,5460,6223,426,239,187,5042,3456,1586,6159,1727,4432,52,36,16,4,2,2,0,0,0
21,395,District - Kalahandi (26),Rural,Age not stated,4852,2594,2258,2817,1687,1130,1707,829,878,294,71,223,30,6,24,4,1,3,0,0,0
21,395,District - Kalahandi (26),Rural,Less than 18,544324,275085,269239,538183,273218,264965,5697,1747,3950,244,67,177,165,39,126,35,14,21,0,0,0
21,395,District - Kalahandi (26),Rural,Less than 21,622549,313496,309053,595600,307744,287856,26129,5537,20592,435,121,314,309,72,237,76,22,54,0,0,0
21,395,District - Kalahandi (26),Urban,All ages,121987,62455,59532,57849,32330,25519,57963,28960,29003,5748,1065,4683,353,83,270,74,17,57,0,0,0
21,395,District - Kalahandi (26),Urban,0-9,20455,10622,9833,20455,10622,9833,0,0,0,0,0,0,0,0,0,0,0,0,0,0,0
21,395,District - Kalahandi (26),Urban,10-14,12473,6303,6170,12314,6240,6074,154,62,92,3,1,2,2,0,2,0,0,0,0,0,0
21,395,District - Kalahandi (26),Urban,15-19,11792,5969,5823,10920,5808,5112,847,154,693,15,6,9,9,1,8,1,0,1,0,0,0
21,395,District - Kalahandi (26),Urban,20-24,11081,5563,5518,7279,4676,2603,3728,869,2859,43,12,31,22,5,17,9,1,8,0,0,0
21,395,District - Kalahandi (26),Urban,25-29,10667,5246,5421,3791,2822,969,6739,2394,4345,83,21,62,44,7,37,10,2,8,0,0,0
21,395,District - Kalahandi (26),Urban,30-34,9943,4964,4979,1528,1191,337,8224,3739,4485,138,22,116,42,9,33,11,3,8,0,0,0
21,395,District - Kalahandi (26),Urban,35-39,9750,4930,4820,562,412,150,8874,4467,4407,248,28,220,59,21,38,7,2,5,0,0,0
21,395,District - Kalahandi (26),Urban,40-44,8781,4629,4152,251,157,94,8068,4403,3665,391,53,338,60,14,46,11,2,9,0,0,0
21,395,District - Kalahandi (26),Urban,45-49,7551,4088,3463,118,62,56,6902,3954,2948,493,64,429,31,7,24,7,1,6,0,0,0
21,395,District - Kalahandi (26),Urban,50-54,5730,3104,2626,85,46,39,5010,2963,2047,602,87,515,28,7,21,5,1,4,0,0,0
21,395,District - Kalahandi (26),Urban,55-59,4241,2302,1939,52,27,25,3544,2162,1382,619,108,511,21,4,17,5,1,4,0,0,0
21,395,District - Kalahandi (26),Urban,60-64,3641,1861,1780,64,28,36,2633,1654,979,924,173,751,15,3,12,5,3,2,0,0,0
21,395,District - Kalahandi (26),Urban,65-69,2144,1077,1067,33,19,14,1424,920,504,679,135,544,7,3,4,1,0,1,0,0,0
21,395,District - Kalahandi (26),Urban,70-74,1635,776,859,26,10,16,902,617,285,701,146,555,5,2,3,1,1,0,0,0,0
21,395,District - Kalahandi (26),Urban,75-79,697,347,350,5,3,2,357,255,102,331,89,242,4,0,4,0,0,0,0,0,0
21,395,District - Kalahandi (26),Urban,80+,860,397,463,45,29,16,360,253,107,454,115,339,0,0,0,1,0,1,0,0,0
21,395,District - Kalahandi (26),Urban,Age not stated,546,277,269,321,178,143,197,94,103,24,5,19,4,0,4,0,0,0,0,0,0
21,395,District - Kalahandi (26),Urban,Less than 18,39959,20479,19480,39494,20334,19160,447,143,304,11,2,9,7,0,7,0,0,0,0,0,0
21,395,District - Kalahandi (26),Urban,Less than 21,47337,24189,23148,45628,23849,21779,1660,331,1329,28,8,20,17,1,16,4,0,4,0,0,0
21,396,District - Rayagada   (27),Total,All ages,967911,471960,495951,477184,252208,224976,424491,208614,215877,61424,9864,51560,4113,1132,2981,699,142,557,0,0,0
21,396,District - Rayagada   (27),Total,0-9,225325,114199,111126,225325,114199,111126,0,0,0,0,0,0,0,0,0,0,0,0,0,0,0
21,396,District - Rayagada   (27),Total,10-14,108545,54800,53745,106577,54142,52435,1783,587,1196,117,45,72,58,23,35,10,3,7,0,0,0
21,396,District - Rayagada   (27),Total,15-19,86596,42140,44456,74990,40022,34968,11235,2022,9213,217,58,159,131,33,98,23,5,18,0,0,0
21,396,District - Rayagada   (27),Total,20-24,80515,37629,42886,36951,24118,12833,42561,13259,29302,511,124,387,421,106,315,71,22,49,0,0,0
21,396,District - Rayagada   (27),Total,25-29,76588,37396,39192,15936,10981,4955,58833,25964,32869,1121,271,850,594,157,437,104,23,81,0,0,0
21,396,District - Rayagada   (27),Total,30-34,65878,31622,34256,6266,3909,2357,57072,27184,29888,1829,359,1470,595,150,445,116,20,96,0,0,0
21,396,District - Rayagada   (27),Total,35-39,67090,32181,34909,2973,1472,1501,60248,29980,30268,3126,550,2576,633,159,474,110,20,90,0,0,0
21,396,District - Rayagada   (27),Total,40-44,60863,30375,30488,1898,767,1131,53854,28692,25162,4504,750,3754,531,152,379,76,14,62,0,0,0
21,396,District - Rayagada   (27),Total,45-49,51935,26311,25624,1147,422,725,44865,24889,19976,5467,863,4604,399,128,271,57,9,48,0,0,0
21,396,District - Rayagada   (27),Total,50-54,39560,20032,19528,792,220,572,31811,18706,13105,6631,1009,5622,286,87,199,40,10,30,0,0,0
21,396,District - Rayagada   (27),Total,55-59,28658,13424,15234,484,171,313,22001,12258,9743,5990,944,5046,155,47,108,28,4,24,0,0,0
21,396,District - Rayagada   (27),Total,60-64,31655,13173,18482,644,198,446,19260,11328,7932,11588,1608,9980,139,35,104,24,4,20,0,0,0
21,396,District - Rayagada   (27),Total,65-69,20477,8523,11954,438,131,307,10934,7051,3883,8999,1313,7686,88,24,64,18,4,14,0,0,0
21,396,District - Rayagada   (27),Total,70-74,12297,4904,7393,218,52,166,5296,3766,1530,6728,1073,5655,40,11,29,15,2,13,0,0,0
21,396,District - Rayagada   (27),Total,75-79,3941,1566,2375,65,24,41,1711,1156,555,2147,378,1769,15,8,7,3,0,3,0,0,0
21,396,District - Rayagada   (27),Total,80+,4237,1753,2484,306,135,171,1679,1120,559,2239,492,1747,12,6,6,1,0,1,0,0,0
21,396,District - Rayagada   (27),Total,Age not stated,3751,1932,1819,2174,1245,929,1348,652,696,210,27,183,16,6,10,3,2,1,0,0,0
21,396,District - Rayagada   (27),Total,Less than 18,386030,194908,191122,380670,193488,187182,4999,1304,3695,234,77,157,108,34,74,19,5,14,0,0,0
21,396,District - Rayagada   (27),Total,Less than 21,443852,221658,222194,420102,216483,203619,22951,4943,18008,445,137,308,303,81,222,51,14,37,0,0,0
21,396,District - Rayagada   (27),Rural,All ages,820945,397774,423171,410217,214388,195829,353814,173510,180304,52667,8712,43955,3639,1036,2603,608,128,480,0,0,0
21,396,District - Rayagada   (27),Rural,0-9,201427,101887,99540,201427,101887,99540,0,0,0,0,0,0,0,0,0,0,0,0,0,0,0
21,396,District - Rayagada   (27),Rural,10-14,94377,47503,46874,92670,46924,45746,1540,512,1028,106,41,65,52,23,29,9,3,6,0,0,0
21,396,District - Rayagada   (27),Rural,15-19,72467,34947,37520,62272,33045,29227,9862,1815,8047,190,50,140,120,32,88,23,5,18,0,0,0
21,396,District - Rayagada   (27),Rural,20-24,66113,30536,35577,28259,18375,9884,36959,11925,25034,442,115,327,390,99,291,63,22,41,0,0,0
21,396,District - Rayagada   (27),Rural,25-29,63102,30803,32299,11593,7677,3916,49933,22708,27225,944,247,697,542,149,393,90,22,68,0,0,0
21,396,District - Rayagada   (27),Rural,30-34,53717,25507,28210,4565,2604,1961,46998,22429,24569,1540,320,1220,508,135,373,106,19,87,0,0,0
21,396,District - Rayagada   (27),Rural,35-39,55216,26300,28916,2381,1087,1294,49558,24551,25007,2625,498,2127,560,148,412,92,16,76,0,0,0
21,396,District - Rayagada   (27),Rural,40-44,50337,24929,25408,1595,610,985,44396,23495,20901,3822,677,3145,459,134,325,65,13,52,0,0,0
21,396,District - Rayagada   (27),Rural,45-49,42906,21649,21257,985,347,638,36923,20398,16525,4601,780,3821,351,117,234,46,7,39,0,0,0
21,396,District - Rayagada   (27),Rural,50-54,32455,16352,16103,686,172,514,25933,15207,10726,5556,884,4672,246,81,165,34,8,26,0,0,0
21,396,District - Rayagada   (27),Rural,55-59,23458,10694,12764,437,149,288,17816,9675,8141,5052,829,4223,131,38,93,22,3,19,0,0,0
21,396,District - Rayagada   (27),Rural,60-64,27105,10930,16175,580,178,402,16254,9303,6951,10124,1413,8711,125,32,93,22,4,18,0,0,0
21,396,District - Rayagada   (27),Rural,65-69,18010,7350,10660,392,115,277,9457,6023,3434,8061,1186,6875,82,22,60,18,4,14,0,0,0
21,396,District - Rayagada   (27),Rural,70-74,10553,4152,6401,188,38,150,4431,3150,1281,5887,955,4932,35,8,27,12,1,11,0,0,0
21,396,District - Rayagada   (27),Rural,75-79,3212,1240,1972,59,23,36,1374,906,468,1764,304,1460,12,7,5,3,0,3,0,0,0
21,396,District - Rayagada   (27),Rural,80+,3377,1387,1990,248,102,146,1335,889,446,1783,391,1392,10,5,5,1,0,1,0,0,0
21,396,District - Rayagada   (27),Rural,Age not stated,3113,1608,1505,1880,1055,825,1045,524,521,170,22,148,16,6,10,2,1,1,0,0,0
21,396,District - Rayagada   (27),Rural,Less than 18,339680,170989,168691,335050,169744,165306,4307,1138,3169,208,68,140,97,34,63,18,5,13,0,0,0
21,396,District - Rayagada   (27),Rural,Less than 21,388097,193157,194940,367163,188493,178670,20218,4451,15767,391,121,270,276,78,198,49,14,35,0,0,0
21,396,District - Rayagada   (27),Urban,All ages,146966,74186,72780,66967,37820,29147,70677,35104,35573,8757,1152,7605,474,96,378,91,14,77,0,0,0
21,396,District - Rayagada   (27),Urban,0-9,23898,12312,11586,23898,12312,11586,0,0,0,0,0,0,0,0,0,0,0,0,0,0,0
21,396,District - Rayagada   (27),Urban,10-14,14168,7297,6871,13907,7218,6689,243,75,168,11,4,7,6,0,6,1,0,1,0,0,0
21,396,District - Rayagada   (27),Urban,15-19,14129,7193,6936,12718,6977,5741,1373,207,1166,27,8,19,11,1,10,0,0,0,0,0,0
21,396,District - Rayagada   (27),Urban,20-24,14402,7093,7309,8692,5743,2949,5602,1334,4268,69,9,60,31,7,24,8,0,8,0,0,0
21,396,District - Rayagada   (27),Urban,25-29,13486,6593,6893,4343,3304,1039,8900,3256,5644,177,24,153,52,8,44,14,1,13,0,0,0
21,396,District - Rayagada   (27),Urban,30-34,12161,6115,6046,1701,1305,396,10074,4755,5319,289,39,250,87,15,72,10,1,9,0,0,0
21,396,District - Rayagada   (27),Urban,35-39,11874,5881,5993,592,385,207,10690,5429,5261,501,52,449,73,11,62,18,4,14,0,0,0
21,396,District - Rayagada   (27),Urban,40-44,10526,5446,5080,303,157,146,9458,5197,4261,682,73,609,72,18,54,11,1,10,0,0,0
21,396,District - Rayagada   (27),Urban,45-49,9029,4662,4367,162,75,87,7942,4491,3451,866,83,783,48,11,37,11,2,9,0,0,0
21,396,District - Rayagada   (27),Urban,50-54,7105,3680,3425,106,48,58,5878,3499,2379,1075,125,950,40,6,34,6,2,4,0,0,0
21,396,District - Rayagada   (27),Urban,55-59,5200,2730,2470,47,22,25,4185,2583,1602,938,115,823,24,9,15,6,1,5,0,0,0
21,396,District - Rayagada   (27),Urban,60-64,4550,2243,2307,64,20,44,3006,2025,981,1464,195,1269,14,3,11,2,0,2,0,0,0
21,396,District - Rayagada   (27),Urban,65-69,2467,1173,1294,46,16,30,1477,1028,449,938,127,811,6,2,4,0,0,0,0,0,0
21,396,District - Rayagada   (27),Urban,70-74,1744,752,992,30,14,16,865,616,249,841,118,723,5,3,2,3,1,2,0,0,0
21,396,District - Rayagada   (27),Urban,75-79,729,326,403,6,1,5,337,250,87,383,74,309,3,1,2,0,0,0,0,0,0
21,396,District - Rayagada   (27),Urban,80+,860,366,494,58,33,25,344,231,113,456,101,355,2,1,1,0,0,0,0,0,0
21,396,District - Rayagada   (27),Urban,Age not stated,638,324,314,294,190,104,303,128,175,40,5,35,0,0,0,1,1,0,0,0,0
21,396,District - Rayagada   (27),Urban,Less than 18,46350,23919,22431,45620,23744,21876,692,166,526,26,9,17,11,0,11,1,0,1,0,0,0
21,396,District - Rayagada   (27),Urban,Less than 21,55755,28501,27254,52939,27990,24949,2733,492,2241,54,16,38,27,3,24,2,0,2,0,0,0
21,397,District - Nabarangapur  (28),Total,All ages,1220946,604812,616134,583015,306320,276695,568195,279897,288298,61656,15398,46258,7094,2911,4183,986,286,700,0,0,0
21,397,District - Nabarangapur  (28),Total,0-9,302342,150596,151746,302342,150596,151746,0,0,0,0,0,0,0,0,0,0,0,0,0,0,0
21,397,District - Nabarangapur  (28),Total,10-14,142497,71710,70787,139897,70764,69133,2390,864,1526,131,44,87,71,34,37,8,4,4,0,0,0
21,397,District - Nabarangapur  (28),Total,15-19,105291,52077,53214,87030,48286,38744,17670,3620,14050,242,84,158,315,80,235,34,7,27,0,0,0
21,397,District - Nabarangapur  (28),Total,20-24,97925,45842,52083,30689,21666,9023,65569,23585,41984,642,228,414,911,334,577,114,29,85,0,0,0
21,397,District - Nabarangapur  (28),Total,25-29,97151,48797,48354,10484,7854,2630,84194,40005,44189,1221,456,765,1092,443,649,160,39,121,0,0,0
21,397,District - Nabarangapur  (28),Total,30-34,82874,40975,41899,3444,2342,1102,76489,37646,38843,1759,555,1204,1022,383,639,160,49,111,0,0,0
21,397,District - Nabarangapur  (28),Total,35-39,82924,41492,41432,1552,914,638,77539,39324,38215,2805,837,1968,899,371,528,129,46,83,0,0,0
21,397,District - Nabarangapur  (28),Total,40-44,69905,35970,33935,919,508,411,64308,34037,30271,3802,1051,2751,774,348,426,102,26,76,0,0,0
21,397,District - Nabarangapur  (28),Total,45-49,61849,31778,30071,546,273,273,55637,29888,25749,5022,1344,3678,580,255,325,64,18,46,0,0,0
21,397,District - Nabarangapur  (28),Total,50-54,46104,24273,21831,373,199,174,39144,22275,16869,6074,1582,4492,466,203,263,47,14,33,0,0,0
21,397,District - Nabarangapur  (28),Total,55-59,35985,17229,18756,257,146,111,29594,15490,14104,5836,1464,4372,259,111,148,39,18,21,0,0,0
21,397,District - Nabarangapur  (28),Total,60-64,37515,17575,19940,529,241,288,25341,14679,10662,11270,2480,8790,327,159,168,48,16,32,0,0,0
21,397,District - Nabarangapur  (28),Total,65-69,24210,10967,13243,453,197,256,14778,8786,5992,8798,1901,6897,151,78,73,30,5,25,0,0,0
21,397,District - Nabarangapur  (28),Total,70-74,15826,7100,8726,249,101,148,7774,5190,2584,7675,1751,5924,100,48,52,28,10,18,0,0,0
21,397,District - Nabarangapur  (28),Total,75-79,5922,2561,3361,73,31,42,2831,1803,1028,2972,703,2269,38,21,17,8,3,5,0,0,0
21,397,District - Nabarangapur  (28),Total,80+,6199,2763,3436,383,201,182,2676,1696,980,3080,836,2244,53,30,23,7,0,7,0,0,0
21,397,District - Nabarangapur  (28),Total,Age not stated,6427,3107,3320,3795,2001,1794,2261,1009,1252,327,82,245,36,13,23,8,2,6,0,0,0
21,397,District - Nabarangapur  (28),Total,Less than 18,509705,255250,254455,502245,253137,249108,7010,1960,5050,266,92,174,168,55,113,16,6,10,0,0,0
21,397,District - Nabarangapur  (28),Total,Less than 21,577147,286730,290417,541117,277659,263458,34814,8697,26117,519,176,343,618,180,438,79,18,61,0,0,0
21,397,District - Nabarangapur  (28),Rural,All ages,1133321,560771,572550,541023,283233,257790,527842,259849,267993,56888,14615,42273,6638,2798,3840,930,276,654,0,0,0
21,397,District - Nabarangapur  (28),Rural,0-9,286234,142383,143851,286234,142383,143851,0,0,0,0,0,0,0,0,0,0,0,0,0,0,0
21,397,District - Nabarangapur  (28),Rural,10-14,132568,66779,65789,130129,65890,64239,2249,817,1432,118,38,80,66,32,34,6,2,4,0,0,0
21,397,District - Nabarangapur  (28),Rural,15-19,96844,47759,49085,79560,44144,35416,16715,3451,13264,230,80,150,306,77,229,33,7,26,0,0,0
21,397,District - Nabarangapur  (28),Rural,20-24,89837,41820,48017,26075,18626,7449,62179,22618,39561,604,221,383,874,326,548,105,29,76,0,0,0
21,397,District - Nabarangapur  (28),Rural,25-29,89573,45045,44528,8297,6218,2079,78950,37920,41030,1112,435,677,1058,434,624,156,38,118,0,0,0
21,397,District - Nabarangapur  (28),Rural,30-34,76068,37659,38409,2633,1731,902,70740,34986,35754,1606,535,1071,942,358,584,147,49,98,0,0,0
21,397,District - Nabarangapur  (28),Rural,35-39,76278,38166,38112,1228,712,516,71566,36257,35309,2540,800,1740,824,353,471,120,44,76,0,0,0
21,397,District - Nabarangapur  (28),Rural,40-44,63885,32877,31008,741,403,338,58912,31118,27794,3440,1007,2433,696,325,371,96,24,72,0,0,0
21,397,District - Nabarangapur  (28),Rural,45-49,56631,29054,27577,454,228,226,51073,27294,23779,4511,1272,3239,530,243,287,63,17,46,0,0,0
21,397,District - Nabarangapur  (28),Rural,50-54,42269,22271,19998,320,173,147,35967,20379,15588,5511,1511,4000,426,196,230,45,12,33,0,0,0
21,397,District - Nabarangapur  (28),Rural,55-59,33238,15769,17469,224,129,95,27399,14129,13270,5339,1384,3955,240,109,131,36,18,18,0,0,0
21,397,District - Nabarangapur  (28),Rural,60-64,35105,16437,18668,494,223,271,23731,13679,10052,10519,2361,8158,314,158,156,47,16,31,0,0,0
21,397,District - Nabarangapur  (28),Rural,65-69,22846,10328,12518,422,187,235,13952,8249,5703,8295,1809,6486,149,78,71,28,5,23,0,0,0
21,397,District - Nabarangapur  (28),Rural,70-74,14795,6632,8163,232,97,135,7272,4820,2452,7172,1658,5514,93,47,46,26,10,16,0,0,0
21,397,District - Nabarangapur  (28),Rural,75-79,5482,2347,3135,63,27,36,2611,1642,969,2765,655,2110,35,20,15,8,3,5,0,0,0
21,397,District - Nabarangapur  (28),Rural,80+,5688,2554,3134,333,174,159,2478,1578,900,2820,772,2048,51,30,21,6,0,6,0,0,0
21,397,District - Nabarangapur  (28),Rural,Age not stated,5980,2891,3089,3584,1888,1696,2048,912,1136,306,77,229,34,12,22,8,2,6,0,0,0
21,397,District - Nabarangapur  (28),Rural,Less than 18,478587,239492,239095,471612,237510,234102,6553,1842,4711,248,84,164,160,52,108,14,4,10,0,0,0
21,397,District - Nabarangapur  (28),Rural,Less than 21,540677,268332,272345,506519,259652,246867,33002,8326,24676,489,164,325,594,174,420,73,16,57,0,0,0
21,397,District - Nabarangapur  (28),Urban,All ages,87625,44041,43584,41992,23087,18905,40353,20048,20305,4768,783,3985,456,113,343,56,10,46,0,0,0
21,397,District - Nabarangapur  (28),Urban,0-9,16108,8213,7895,16108,8213,7895,0,0,0,0,0,0,0,0,0,0,0,0,0,0,0
21,397,District - Nabarangapur  (28),Urban,10-14,9929,4931,4998,9768,4874,4894,141,47,94,13,6,7,5,2,3,2,2,0,0,0,0
21,397,District - Nabarangapur  (28),Urban,15-19,8447,4318,4129,7470,4142,3328,955,169,786,12,4,8,9,3,6,1,0,1,0,0,0
21,397,District - Nabarangapur  (28),Urban,20-24,8088,4022,4066,4614,3040,1574,3390,967,2423,38,7,31,37,8,29,9,0,9,0,0,0
21,397,District - Nabarangapur  (28),Urban,25-29,7578,3752,3826,2187,1636,551,5244,2085,3159,109,21,88,34,9,25,4,1,3,0,0,0
21,397,District - Nabarangapur  (28),Urban,30-34,6806,3316,3490,811,611,200,5749,2660,3089,153,20,133,80,25,55,13,0,13,0,0,0
21,397,District - Nabarangapur  (28),Urban,35-39,6646,3326,3320,324,202,122,5973,3067,2906,265,37,228,75,18,57,9,2,7,0,0,0
21,397,District - Nabarangapur  (28),Urban,40-44,6020,3093,2927,178,105,73,5396,2919,2477,362,44,318,78,23,55,6,2,4,0,0,0
21,397,District - Nabarangapur  (28),Urban,45-49,5218,2724,2494,92,45,47,4564,2594,1970,511,72,439,50,12,38,1,1,0,0,0,0
21,397,District - Nabarangapur  (28),Urban,50-54,3835,2002,1833,53,26,27,3177,1896,1281,563,71,492,40,7,33,2,2,0,0,0,0
21,397,District - Nabarangapur  (28),Urban,55-59,2747,1460,1287,33,17,16,2195,1361,834,497,80,417,19,2,17,3,0,3,0,0,0
21,397,District - Nabarangapur  (28),Urban,60-64,2410,1138,1272,35,18,17,1610,1000,610,751,119,632,13,1,12,1,0,1,0,0,0
21,397,District - Nabarangapur  (28),Urban,65-69,1364,639,725,31,10,21,826,537,289,503,92,411,2,0,2,2,0,2,0,0,0
21,397,District - Nabarangapur  (28),Urban,70-74,1031,468,563,17,4,13,502,370,132,503,93,410,7,1,6,2,0,2,0,0,0
21,397,District - Nabarangapur  (28),Urban,75-79,440,214,226,10,4,6,220,161,59,207,48,159,3,1,2,0,0,0,0,0,0
21,397,District - Nabarangapur  (28),Urban,80+,511,209,302,50,27,23,198,118,80,260,64,196,2,0,2,1,0,1,0,0,0
21,397,District - Nabarangapur  (28),Urban,Age not stated,447,216,231,211,113,98,213,97,116,21,5,16,2,1,1,0,0,0,0,0,0
21,397,District - Nabarangapur  (28),Urban,Less than 18,31118,15758,15360,30633,15627,15006,457,118,339,18,8,10,8,3,5,2,2,0,0,0,0
21,397,District - Nabarangapur  (28),Urban,Less than 21,36470,18398,18072,34598,18007,16591,1812,371,1441,30,12,18,24,6,18,6,2,4,0,0,0
21,398,District - Koraput (29),Total,All ages,1379647,678809,700838,645387,338347,307040,644864,318740,326124,80460,18407,62053,7814,3047,4767,1122,268,854,0,0,0
21,398,District - Koraput (29),Total,0-9,330384,165292,165092,330384,165292,165092,0,0,0,0,0,0,0,0,0,0,0,0,0,0,0
21,398,District - Koraput (29),Total,10-14,149501,75119,74382,146487,73976,72511,2758,1054,1704,143,39,104,103,46,57,10,4,6,0,0,0
21,398,District - Koraput (29),Total,15-19,117147,56680,60467,94917,51525,43392,21565,4948,16617,298,103,195,313,90,223,54,14,40,0,0,0
21,398,District - Koraput (29),Total,20-24,113428,53033,60395,39806,25827,13979,71737,26615,45122,753,224,529,994,336,658,138,31,107,0,0,0
21,398,District - Koraput (29),Total,25-29,108118,53841,54277,16788,11826,4962,88392,40966,47426,1540,504,1036,1243,512,731,155,33,122,0,0,0
21,398,District - Koraput (29),Total,30-34,93375,46063,47312,6434,4353,2081,83235,40609,42626,2441,653,1788,1114,414,700,151,34,117,0,0,0
21,398,District - Koraput (29),Total,35-39,94713,45951,48762,2771,1581,1190,86812,42982,43830,3843,945,2898,1113,406,707,174,37,137,0,0,0
21,398,District - Koraput (29),Total,40-44,85709,43268,42441,1576,821,755,77397,40717,36680,5615,1325,4290,970,371,599,151,34,117,0,0,0
21,398,District - Koraput (29),Total,45-49,75006,38753,36253,966,478,488,66477,36366,30111,6869,1629,5240,616,255,361,78,25,53,0,0,0
21,398,District - Koraput (29),Total,50-54,55549,29119,26430,629,309,320,46401,26759,19642,8045,1841,6204,424,195,229,50,15,35,0,0,0
21,398,District - Koraput (29),Total,55-59,42901,20694,22207,421,183,238,34363,18671,15692,7805,1704,6101,273,124,149,39,12,27,0,0,0
21,398,District - Koraput (29),Total,60-64,49684,22171,27513,665,291,374,33126,18444,14682,15541,3305,12236,297,123,174,55,8,47,0,0,0
21,398,District - Koraput (29),Total,65-69,30614,13859,16755,421,177,244,17638,10991,6647,12354,2602,9752,174,80,94,27,9,18,0,0,0
21,398,District - Koraput (29),Total,70-74,17083,7525,9558,239,96,143,7883,5465,2418,8859,1915,6944,88,43,45,14,6,8,0,0,0
21,398,District - Koraput (29),Total,75-79,5832,2438,3394,80,28,52,2600,1653,947,3121,740,2381,23,13,10,8,4,4,0,0,0
21,398,District - Koraput (29),Total,80+,5543,2419,3124,331,173,158,2306,1446,860,2868,784,2084,25,14,11,13,2,11,0,0,0
21,398,District - Koraput (29),Total,Age not stated,5060,2584,2476,2472,1411,1061,2174,1054,1120,365,94,271,44,25,19,5,0,5,0,0,0
21,398,District - Koraput (29),Total,Less than 18,550797,276020,274777,541390,273221,268169,8857,2607,6250,314,97,217,206,85,121,30,10,20,0,0,0
21,398,District - Koraput (29),Total,Less than 21,628138,311104,317034,585977,299633,286344,40775,11065,29710,621,185,436,666,197,469,99,24,75,0,0,0
21,398,District - Koraput (29),Rural,All ages,1153478,563771,589707,539859,279550,260309,537513,264855,272658,68448,16394,52054,6719,2744,3975,939,228,711,0,0,0
21,398,District - Koraput (29),Rural,0-9,291813,145446,146367,291813,145446,146367,0,0,0,0,0,0,0,0,0,0,0,0,0,0,0
21,398,District - Koraput (29),Rural,10-14,127279,63832,63447,124662,62834,61828,2398,919,1479,124,36,88,86,39,47,9,4,5,0,0,0
21,398,District - Koraput (29),Rural,15-19,95524,45770,49754,75557,41040,34517,19373,4544,14829,259,91,168,283,81,202,52,14,38,0,0,0
21,398,District - Koraput (29),Rural,20-24,92102,42559,49543,26967,17641,9326,63448,24377,39071,667,202,465,893,310,583,127,29,98,0,0,0
21,398,District - Koraput (29),Rural,25-29,87393,43381,44012,9547,6410,3137,75299,36021,39278,1306,448,858,1107,470,637,134,32,102,0,0,0
21,398,District - Koraput (29),Rural,30-34,74843,36605,38238,3571,2201,1370,68149,33418,34731,2039,588,1451,953,370,583,131,28,103,0,0,0
21,398,District - Koraput (29),Rural,35-39,76482,37085,39397,1708,921,787,70536,34937,35599,3139,830,2309,958,365,593,141,32,109,0,0,0
21,398,District - Koraput (29),Rural,40-44,69179,34908,34271,1107,538,569,62507,32820,29687,4662,1192,3470,786,330,456,117,28,89,0,0,0
21,398,District - Koraput (29),Rural,45-49,60103,30648,29455,682,341,341,53260,28610,24650,5605,1459,4146,497,220,277,59,18,41,0,0,0
21,398,District - Koraput (29),Rural,50-54,44794,23319,21475,444,249,195,37427,21265,16162,6532,1619,4913,354,175,179,37,11,26,0,0,0
21,398,District - Koraput (29),Rural,55-59,35165,16454,18711,318,139,179,28092,14698,13394,6505,1500,5005,223,109,114,27,8,19,0,0,0
21,398,District - Koraput (29),Rural,60-64,43575,19149,24426,559,250,309,28955,15739,13216,13749,3036,10713,266,116,150,46,8,38,0,0,0
21,398,District - Koraput (29),Rural,65-69,27026,12095,14931,339,140,199,15472,9504,5968,11033,2370,8663,158,75,83,24,6,18,0,0,0
21,398,District - Koraput (29),Rural,70-74,14722,6442,8280,198,83,115,6710,4609,2101,7727,1708,6019,75,37,38,12,5,7,0,0,0
21,398,District - Koraput (29),Rural,75-79,4789,1989,2800,64,21,43,2136,1325,811,2564,628,1936,19,12,7,6,3,3,0,0,0
21,398,District - Koraput (29),Rural,80+,4366,1894,2472,249,128,121,1862,1146,716,2222,606,1616,21,12,9,12,2,10,0,0,0
21,398,District - Koraput (29),Rural,Age not stated,4323,2195,2128,2074,1168,906,1889,923,966,315,81,234,40,23,17,5,0,5,0,0,0
21,398,District - Koraput (29),Rural,Less than 18,477122,238300,238822,468867,235808,233059,7782,2323,5459,270,86,184,175,73,102,28,10,18,0,0,0
21,398,District - Koraput (29),Rural,Less than 21,540588,266631,273957,502739,256075,246664,36614,10188,26426,545,167,378,600,177,423,90,24,66,0,0,0
21,398,District - Koraput (29),Urban,All ages,226169,115038,111131,105528,58797,46731,107351,53885,53466,12012,2013,9999,1095,303,792,183,40,143,0,0,0
21,398,District - Koraput (29),Urban,0-9,38571,19846,18725,38571,19846,18725,0,0,0,0,0,0,0,0,0,0,0,0,0,0,0
21,398,District - Koraput (29),Urban,10-14,22222,11287,10935,21825,11142,10683,360,135,225,19,3,16,17,7,10,1,0,1,0,0,0
21,398,District - Koraput (29),Urban,15-19,21623,10910,10713,19360,10485,8875,2192,404,1788,39,12,27,30,9,21,2,0,2,0,0,0
21,398,District - Koraput (29),Urban,20-24,21326,10474,10852,12839,8186,4653,8289,2238,6051,86,22,64,101,26,75,11,2,9,0,0,0
21,398,District - Koraput (29),Urban,25-29,20725,10460,10265,7241,5416,1825,13093,4945,8148,234,56,178,136,42,94,21,1,20,0,0,0
21,398,District - Koraput (29),Urban,30-34,18532,9458,9074,2863,2152,711,15086,7191,7895,402,65,337,161,44,117,20,6,14,0,0,0
21,398,District - Koraput (29),Urban,35-39,18231,8866,9365,1063,660,403,16276,8045,8231,704,115,589,155,41,114,33,5,28,0,0,0
21,398,District - Koraput (29),Urban,40-44,16530,8360,8170,469,283,186,14890,7897,6993,953,133,820,184,41,143,34,6,28,0,0,0
21,398,District - Koraput (29),Urban,45-49,14903,8105,6798,284,137,147,13217,7756,5461,1264,170,1094,119,35,84,19,7,12,0,0,0
21,398,District - Koraput (29),Urban,50-54,10755,5800,4955,185,60,125,8974,5494,3480,1513,222,1291,70,20,50,13,4,9,0,0,0
21,398,District - Koraput (29),Urban,55-59,7736,4240,3496,103,44,59,6271,3973,2298,1300,204,1096,50,15,35,12,4,8,0,0,0
21,398,District - Koraput (29),Urban,60-64,6109,3022,3087,106,41,65,4171,2705,1466,1792,269,1523,31,7,24,9,0,9,0,0,0
21,398,District - Koraput (29),Urban,65-69,3588,1764,1824,82,37,45,2166,1487,679,1321,232,1089,16,5,11,3,3,0,0,0,0
21,398,District - Koraput (29),Urban,70-74,2361,1083,1278,41,13,28,1173,856,317,1132,207,925,13,6,7,2,1,1,0,0,0
21,398,District - Koraput (29),Urban,75-79,1043,449,594,16,7,9,464,328,136,557,112,445,4,1,3,2,1,1,0,0,0
21,398,District - Koraput (29),Urban,80+,1177,525,652,82,45,37,444,300,144,646,178,468,4,2,2,1,0,1,0,0,0
21,398,District - Koraput (29),Urban,Age not stated,737,389,348,398,243,155,285,131,154,50,13,37,4,2,2,0,0,0,0,0,0
21,398,District - Koraput (29),Urban,Less than 18,73675,37720,35955,72523,37413,35110,1075,284,791,44,11,33,31,12,19,2,0,2,0,0,0
21,398,District - Koraput (29),Urban,Less than 21,87550,44473,43077,83238,43558,39680,4161,877,3284,76,18,58,66,20,46,9,0,9,0,0,0
21,399,District - Malkangiri   (30),Total,All ages,613192,303624,309568,302067,159439,142628,273572,135400,138172,34642,7753,26889,2633,956,1677,278,76,202,0,0,0
21,399,District - Malkangiri   (30),Total,0-9,159477,79590,79887,159477,79590,79887,0,0,0,0,0,0,0,0,0,0,0,0,0,0,0
21,399,District - Malkangiri   (30),Total,10-14,69745,35419,34326,68532,34991,33541,1105,388,717,60,17,43,46,21,25,2,2,0,0,0,0
21,399,District - Malkangiri   (30),Total,15-19,51411,24564,26847,42561,22848,19713,8626,1665,6961,110,29,81,103,20,83,11,2,9,0,0,0
21,399,District - Malkangiri   (30),Total,20-24,50434,23686,26748,18277,13003,5274,31472,10475,20997,339,113,226,308,84,224,38,11,27,0,0,0
21,399,District - Malkangiri   (30),Total,25-29,50846,25640,25206,7249,5472,1777,42416,19765,22651,728,261,467,401,129,272,52,13,39,0,0,0
21,399,District - Malkangiri   (30),Total,30-34,41845,21166,20679,2330,1581,749,37953,19106,18847,1100,325,775,410,141,269,52,13,39,0,0,0
21,399,District - Malkangiri   (30),Total,35-39,40266,19967,20299,998,581,417,37132,18756,18376,1728,494,1234,369,128,241,39,8,31,0,0,0
21,399,District - Malkangiri   (30),Total,40-44,35296,18665,16631,595,319,276,32020,17578,14442,2349,641,1708,308,116,192,24,11,13,0,0,0
21,399,District - Malkangiri   (30),Total,45-49,28948,15196,13752,367,185,182,25516,14227,11289,2811,692,2119,234,90,144,20,2,18,0,0,0
21,399,District - Malkangiri   (30),Total,50-54,21141,11263,9878,191,119,72,17459,10261,7198,3329,800,2529,150,78,72,12,5,7,0,0,0
21,399,District - Malkangiri   (30),Total,55-59,15648,7447,8201,102,54,48,12469,6708,5761,2982,644,2338,91,40,51,4,1,3,0,0,0
21,399,District - Malkangiri   (30),Total,60-64,20365,8875,11490,208,89,119,13453,7452,6001,6585,1281,5304,109,49,60,10,4,6,0,0,0
21,399,District - Malkangiri   (30),Total,65-69,12704,5604,7100,151,64,87,7268,4541,2727,5220,964,4256,57,34,23,8,1,7,0,0,0
21,399,District - Malkangiri   (30),Total,70-74,7758,3332,4426,82,27,55,3558,2497,1061,4096,798,3298,19,9,10,3,1,2,0,0,0
21,399,District - Malkangiri   (30),Total,75-79,2677,1155,1522,26,10,16,1224,862,362,1422,280,1142,5,3,2,0,0,0,0,0,0
21,399,District - Malkangiri   (30),Total,80+,2991,1233,1758,138,71,67,1154,762,392,1683,389,1294,13,9,4,3,2,1,0,0,0
21,399,District - Malkangiri   (30),Total,Age not stated,1640,822,818,783,435,348,747,357,390,100,25,75,10,5,5,0,0,0,0,0,0
21,399,District - Malkangiri   (30),Total,Less than 18,259921,130092,129829,256532,129187,127345,3177,836,2341,126,35,91,83,31,52,3,3,0,0,0,0
21,399,District - Malkangiri   (30),Total,Less than 21,295046,146007,149039,277296,141854,135442,17272,4028,13244,232,59,173,224,59,165,22,7,15,0,0,0
21,399,District - Malkangiri   (30),Rural,All ages,563664,277901,285763,278315,146228,132087,250712,123380,127332,32035,7348,24687,2366,877,1489,236,68,168,0,0,0
21,399,District - Malkangiri   (30),Rural,0-9,149520,74424,75096,149520,74424,75096,0,0,0,0,0,0,0,0,0,0,0,0,0,0,0
21,399,District - Malkangiri   (30),Rural,10-14,64307,32681,31626,63166,32278,30888,1043,368,675,56,16,40,40,17,23,2,2,0,0,0,0
21,399,District - Malkangiri   (30),Rural,15-19,46988,22383,24605,38717,20762,17955,8063,1573,6490,101,26,75,98,20,78,9,2,7,0,0,0
21,399,District - Malkangiri   (30),Rural,20-24,45877,21481,24396,15881,11397,4484,29367,9881,19486,312,110,202,282,82,200,35,11,24,0,0,0
21,399,District - Malkangiri   (30),Rural,25-29,46109,23114,22995,5863,4399,1464,39164,18329,20835,668,251,417,369,123,246,45,12,33,0,0,0
21,399,District - Malkangiri   (30),Rural,30-34,37707,18923,18784,1860,1208,652,34426,17262,17164,1006,312,694,371,129,242,44,12,32,0,0,0
21,399,District - Malkangiri   (30),Rural,35-39,36448,17913,18535,861,491,370,33653,16820,16833,1583,476,1107,324,120,204,27,6,21,0,0,0
21,399,District - Malkangiri   (30),Rural,40-44,31872,16667,15205,542,287,255,28902,15654,13248,2138,612,1526,270,103,167,20,11,9,0,0,0
21,399,District - Malkangiri   (30),Rural,45-49,26422,13817,12605,337,170,167,23281,12901,10380,2580,665,1915,205,79,126,19,2,17,0,0,0
21,399,District - Malkangiri   (30),Rural,50-54,19222,10224,8998,174,109,65,15875,9285,6590,3031,757,2274,132,70,62,10,3,7,0,0,0
21,399,District - Malkangiri   (30),Rural,55-59,14255,6723,7532,94,50,44,11370,6038,5332,2705,600,2105,82,34,48,4,1,3,0,0,0
21,399,District - Malkangiri   (30),Rural,60-64,19047,8266,10781,196,84,112,12578,6907,5671,6167,1227,4940,98,45,53,8,3,5,0,0,0
21,399,District - Malkangiri   (30),Rural,65-69,11931,5246,6685,138,58,80,6801,4240,2561,4934,917,4017,50,30,20,8,1,7,0,0,0
21,399,District - Malkangiri   (30),Rural,70-74,7191,3069,4122,75,25,50,3287,2289,998,3809,746,3063,17,8,9,3,1,2,0,0,0
21,399,District - Malkangiri   (30),Rural,75-79,2486,1074,1412,23,9,14,1140,802,338,1318,260,1058,5,3,2,0,0,0,0,0,0
21,399,District - Malkangiri   (30),Rural,80+,2705,1107,1598,119,61,58,1043,687,356,1528,349,1179,13,9,4,2,1,1,0,0,0
21,399,District - Malkangiri   (30),Rural,Age not stated,1577,789,788,749,416,333,719,344,375,99,24,75,10,5,5,0,0,0,0,0,0
21,399,District - Malkangiri   (30),Rural,Less than 18,241878,120851,121027,238724,120000,118724,2961,789,2172,117,32,85,73,27,46,3,3,0,0,0,0
21,399,District - Malkangiri   (30),Rural,Less than 21,274066,135382,138684,257441,131462,125979,16183,3803,12380,214,55,159,209,55,154,19,7,12,0,0,0
21,399,District - Malkangiri   (30),Urban,All ages,49528,25723,23805,23752,13211,10541,22860,12020,10840,2607,405,2202,267,79,188,42,8,34,0,0,0
21,399,District - Malkangiri   (30),Urban,0-9,9957,5166,4791,9957,5166,4791,0,0,0,0,0,0,0,0,0,0,0,0,0,0,0
21,399,District - Malkangiri   (30),Urban,10-14,5438,2738,2700,5366,2713,2653,62,20,42,4,1,3,6,4,2,0,0,0,0,0,0
21,399,District - Malkangiri   (30),Urban,15-19,4423,2181,2242,3844,2086,1758,563,92,471,9,3,6,5,0,5,2,0,2,0,0,0
21,399,District - Malkangiri   (30),Urban,20-24,4557,2205,2352,2396,1606,790,2105,594,1511,27,3,24,26,2,24,3,0,3,0,0,0
21,399,District - Malkangiri   (30),Urban,25-29,4737,2526,2211,1386,1073,313,3252,1436,1816,60,10,50,32,6,26,7,1,6,0,0,0
21,399,District - Malkangiri   (30),Urban,30-34,4138,2243,1895,470,373,97,3527,1844,1683,94,13,81,39,12,27,8,1,7,0,0,0
21,399,District - Malkangiri   (30),Urban,35-39,3818,2054,1764,137,90,47,3479,1936,1543,145,18,127,45,8,37,12,2,10,0,0,0
21,399,District - Malkangiri   (30),Urban,40-44,3424,1998,1426,53,32,21,3118,1924,1194,211,29,182,38,13,25,4,0,4,0,0,0
21,399,District - Malkangiri   (30),Urban,45-49,2526,1379,1147,30,15,15,2235,1326,909,231,27,204,29,11,18,1,0,1,0,0,0
21,399,District - Malkangiri   (30),Urban,50-54,1919,1039,880,17,10,7,1584,976,608,298,43,255,18,8,10,2,2,0,0,0,0
21,399,District - Malkangiri   (30),Urban,55-59,1393,724,669,8,4,4,1099,670,429,277,44,233,9,6,3,0,0,0,0,0,0
21,399,District - Malkangiri   (30),Urban,60-64,1318,609,709,12,5,7,875,545,330,418,54,364,11,4,7,2,1,1,0,0,0
21,399,District - Malkangiri   (30),Urban,65-69,773,358,415,13,6,7,467,301,166,286,47,239,7,4,3,0,0,0,0,0,0
21,399,District - Malkangiri   (30),Urban,70-74,567,263,304,7,2,5,271,208,63,287,52,235,2,1,1,0,0,0,0,0,0
21,399,District - Malkangiri   (30),Urban,75-79,191,81,110,3,1,2,84,60,24,104,20,84,0,0,0,0,0,0,0,0,0
21,399,District - Malkangiri   (30),Urban,80+,286,126,160,19,10,9,111,75,36,155,40,115,0,0,0,1,1,0,0,0,0
21,399,District - Malkangiri   (30),Urban,Age not stated,63,33,30,34,19,15,28,13,15,1,1,0,0,0,0,0,0,0,0,0,0
21,399,District - Malkangiri   (30),Urban,Less than 18,18043,9241,8802,17808,9187,8621,216,47,169,9,3,6,10,4,6,0,0,0,0,0,0
21,399,District - Malkangiri   (30),Urban,Less than 21,20980,10625,10355,19855,10392,9463,1089,225,864,18,4,14,15,4,11,3,0,3,0,0,0
