state_code,district_code,area_name,region_type,age_group,total_persons,total_males,total_females,never_married_persons,never_married_males,never_married_females,currently_married_persons,currently_married_males,currently_married_females,widowed_persons,widowed_males,widowed_females,separated_persons,separated_males,separated_females,divorced_persons,divorced_males,divorced_females,unspecified_persons,unspecified_males,unspecified_females
34,000,State - PUDUCHERRY (34),Total,All ages,1247953,612511,635442,532135,295081,237054,623377,305336,318041,83539,9960,73579,7475,1767,5708,1427,367,1060,0,0,0
34,000,State - PUDUCHERRY (34),Total,0-9,192666,98030,94636,192666,98030,94636,0,0,0,0,0,0,0,0,0,0,0,0,0,0,0
34,000,State - PUDUCHERRY (34),Total,10-14,105726,53936,51790,104029,53290,50739,1500,552,948,93,39,54,102,55,47,2,0,2,0,0,0
34,000,State - PUDUCHERRY (34),Total,15-19,102316,52231,50085,95471,51163,44308,6598,995,5603,107,22,85,131,47,84,9,4,5,0,0,0
34,000,State - PUDUCHERRY (34),Total,20-24,108819,51287,57532,72525,44561,27964,35631,6599,29032,335,64,271,301,61,240,27,2,25,0,0,0
34,000,State - PUDUCHERRY (34),Total,25-29,118244,55052,63192,38890,28840,10050,77609,25933,51676,974,151,823,644,116,528,127,12,115,0,0,0
34,000,State - PUDUCHERRY (34),Total,30-34,111070,53761,57309,13720,10630,3090,93995,42633,51362,2243,268,1975,902,189,713,210,41,169,0,0,0
34,000,State - PUDUCHERRY (34),Total,35-39,107459,52655,54804,5050,3557,1493,96791,48414,48377,4080,329,3751,1250,270,980,288,85,203,0,0,0
34,000,State - PUDUCHERRY (34),Total,40-44,89779,45482,44297,2534,1579,955,80479,43147,37332,5410,432,4978,1145,255,890,211,69,142,0,0,0
34,000,State - PUDUCHERRY (34),Total,45-49,79305,40625,38680,1726,948,778,69297,38791,30506,7075,593,6482,1014,232,782,193,61,132,0,0,0
34,000,State - PUDUCHERRY (34),Total,50-54,60923,30858,30065,1236,584,652,51037,29344,21693,7830,722,7108,709,171,538,111,37,74,0,0,0
34,000,State - PUDUCHERRY (34),Total,55-59,50109,24615,25494,1014,423,591,39796,23206,16590,8781,857,7924,433,107,326,85,22,63,0,0,0
34,000,State - PUDUCHERRY (34),Total,60-64,43828,20498,23330,881,356,525,30824,18824,12000,11729,1205,10524,339,99,240,55,14,41,0,0,0
34,000,State - PUDUCHERRY (34),Total,65-69,27983,12154,15829,591,250,341,17222,10742,6480,9926,1100,8826,200,53,147,44,9,35,0,0,0
34,000,State - PUDUCHERRY (34),Total,70-74,22521,9861,12660,474,178,296,11622,8148,3474,10238,1481,8757,161,52,109,26,2,24,0,0,0
34,000,State - PUDUCHERRY (34),Total,75-79,12789,5494,7295,288,110,178,5932,4320,1612,6489,1033,5456,61,27,34,19,4,15,0,0,0
34,000,State - PUDUCHERRY (34),Total,80+,13315,5412,7903,416,202,214,4672,3521,1151,8133,1653,6480,76,32,44,18,4,14,0,0,0
34,000,State - PUDUCHERRY (34),Total,Age not stated,1101,560,541,624,380,244,372,167,205,96,11,85,7,1,6,2,1,1,0,0,0
34,000,State - PUDUCHERRY (34),Total,Less than 18,358301,182876,175425,354278,181709,172569,3686,1034,2652,164,53,111,165,77,88,8,3,5,0,0,0
34,000,State - PUDUCHERRY (34),Total,Less than 21,423758,215417,208341,410279,212993,197286,12936,2243,10693,249,67,182,280,110,170,14,4,10,0,0,0
34,000,State - PUDUCHERRY (34),Rural,All ages,395200,194907,200293,173639,96915,76724,191260,94005,97255,28037,3468,24569,2017,456,1561,247,63,184,0,0,0
34,000,State - PUDUCHERRY (34),Rural,0-9,64494,32920,31574,64494,32920,31574,0,0,0,0,0,0,0,0,0,0,0,0,0,0,0
34,000,State - PUDUCHERRY (34),Rural,10-14,35351,17972,17379,34804,17766,17038,465,172,293,40,17,23,42,17,25,0,0,0,0,0,0
34,000,State - PUDUCHERRY (34),Rural,15-19,34019,17394,16625,31605,17048,14557,2340,324,2016,43,11,32,28,10,18,3,1,2,0,0,0
34,000,State - PUDUCHERRY (34),Rural,20-24,36272,17155,19117,23545,14822,8723,12492,2282,10210,136,30,106,92,20,72,7,1,6,0,0,0
34,000,State - PUDUCHERRY (34),Rural,25-29,38840,18442,20398,12343,9373,2970,25849,8968,16881,407,63,344,216,34,182,25,4,21,0,0,0
34,000,State - PUDUCHERRY (34),Rural,30-34,34114,16868,17246,3764,3043,721,29174,13662,15512,875,101,774,257,51,206,44,11,33,0,0,0
34,000,State - PUDUCHERRY (34),Rural,35-39,32946,16190,16756,1157,839,318,29846,15152,14694,1551,126,1425,341,59,282,51,14,37,0,0,0
34,000,State - PUDUCHERRY (34),Rural,40-44,26217,13362,12855,488,325,163,23448,12810,10638,1948,157,1791,297,58,239,36,12,24,0,0,0
34,000,State - PUDUCHERRY (34),Rural,45-49,23828,12218,11610,300,178,122,20706,11754,8952,2546,212,2334,246,62,184,30,12,18,0,0,0
34,000,State - PUDUCHERRY (34),Rural,50-54,17462,8814,8648,189,107,82,14347,8395,5952,2739,266,2473,173,45,128,14,1,13,0,0,0
34,000,State - PUDUCHERRY (34),Rural,55-59,14711,7082,7629,140,68,72,11537,6682,4855,2919,305,2614,105,24,81,10,3,7,0,0,0
34,000,State - PUDUCHERRY (34),Rural,60-64,13161,6025,7136,152,72,80,8914,5456,3458,4003,470,3533,88,26,62,4,1,3,0,0,0
34,000,State - PUDUCHERRY (34),Rural,65-69,8733,3751,4982,101,51,50,5293,3297,1996,3272,385,2887,57,17,40,10,1,9,0,0,0
34,000,State - PUDUCHERRY (34),Rural,70-74,6993,3104,3889,85,35,50,3531,2542,989,3330,512,2818,40,14,26,7,1,6,0,0,0
34,000,State - PUDUCHERRY (34),Rural,75-79,3604,1605,1999,33,13,20,1721,1282,439,1831,299,1532,16,11,5,3,0,3,0,0,0
34,000,State - PUDUCHERRY (34),Rural,80+,3957,1747,2210,103,62,41,1469,1167,302,2365,510,1855,17,7,10,3,1,2,0,0,0
34,000,State - PUDUCHERRY (34),Rural,Age not stated,498,258,240,336,193,143,128,60,68,32,4,28,2,1,1,0,0,0,0,0,0
34,000,State - PUDUCHERRY (34),Rural,Less than 18,119547,61032,58515,118228,60658,57570,1193,328,865,65,24,41,60,22,38,1,0,1,0,0,0
34,000,State - PUDUCHERRY (34),Rural,Less than 21,141736,72108,69628,137012,71316,65696,4531,732,3799,107,30,77,81,29,52,5,1,4,0,0,0
34,000,State - PUDUCHERRY (34),Urban,All ages,852753,417604,435149,358496,198166,160330,432117,211331,220786,55502,6492,49010,5458,1311,4147,1180,304,876,0,0,0
34,000,State - PUDUCHERRY (34),Urban,0-9,128172,65110,63062,128172,65110,63062,0,0,0,0,0,0,0,0,0,0,0,0,0,0,0
34,000,State - PUDUCHERRY (34),Urban,10-14,70375,35964,34411,69225,35524,33701,1035,380,655,53,22,31,60,38,22,2,0,2,0,0,0
34,000,State - PUDUCHERRY (34),Urban,15-19,68297,34837,33460,63866,34115,29751,4258,671,3587,64,11,53,103,37,66,6,3,3,0,0,0
34,000,State - PUDUCHERRY (34),Urban,20-24,72547,34132,38415,48980,29739,19241,23139,4317,18822,199,34,165,209,41,168,20,1,19,0,0,0
34,000,State - PUDUCHERRY (34),Urban,25-29,79404,36610,42794,26547,19467,7080,51760,16965,34795,567,88,479,428,82,346,102,8,94,0,0,0
34,000,State - PUDUCHERRY (34),Urban,30-34,76956,36893,40063,9956,7587,2369,64821,28971,35850,1368,167,1201,645,138,507,166,30,136,0,0,0
34,000,State - PUDUCHERRY (34),Urban,35-39,74513,36465,38048,3893,2718,1175,66945,33262,33683,2529,203,2326,909,211,698,237,71,166,0,0,0
34,000,State - PUDUCHERRY (34),Urban,40-44,63562,32120,31442,2046,1254,792,57031,30337,26694,3462,275,3187,848,197,651,175,57,118,0,0,0
34,000,State - PUDUCHERRY (34),Urban,45-49,55477,28407,27070,1426,770,656,48591,27037,21554,4529,381,4148,768,170,598,163,49,114,0,0,0
34,000,State - PUDUCHERRY (34),Urban,50-54,43461,22044,21417,1047,477,570,36690,20949,15741,5091,456,4635,536,126,410,97,36,61,0,0,0
34,000,State - PUDUCHERRY (34),Urban,55-59,35398,17533,17865,874,355,519,28259,16524,11735,5862,552,5310,328,83,245,75,19,56,0,0,0
34,000,State - PUDUCHERRY (34),Urban,60-64,30667,14473,16194,729,284,445,21910,13368,8542,7726,735,6991,251,73,178,51,13,38,0,0,0
34,000,State - PUDUCHERRY (34),Urban,65-69,19250,8403,10847,490,199,291,11929,7445,4484,6654,715,5939,143,36,107,34,8,26,0,0,0
34,000,State - PUDUCHERRY (34),Urban,70-74,15528,6757,8771,389,143,246,8091,5606,2485,6908,969,5939,121,38,83,19,1,18,0,0,0
34,000,State - PUDUCHERRY (34),Urban,75-79,9185,3889,5296,255,97,158,4211,3038,1173,4658,734,3924,45,16,29,16,4,12,0,0,0
34,000,State - PUDUCHERRY (34),Urban,80+,9358,3665,5693,313,140,173,3203,2354,849,5768,1143,4625,59,25,34,15,3,12,0,0,0
34,000,State - PUDUCHERRY (34),Urban,Age not stated,603,302,301,288,187,101,244,107,137,64,7,57,5,0,5,2,1,1,0,0,0
34,000,State - PUDUCHERRY (34),Urban,Less than 18,238754,121844,116910,236050,121051,114999,2493,706,1787,99,29,70,105,55,50,7,3,4,0,0,0
34,000,State - PUDUCHERRY (34),Urban,Less than 21,282022,143309,138713,273267,141677,131590,8405,1511,6894,142,37,105,199,81,118,9,3,6,0,0,0
34,634,District - Yanam (01),Total,All ages,55626,27301,28325,24661,13469,11192,27198,13500,13698,3439,293,3146,255,33,222,73,6,67,0,0,0
34,634,District - Yanam (01),Total,0-9,9340,4799,4541,9340,4799,4541,0,0,0,0,0,0,0,0,0,0,0,0,0,0,0
34,634,District - Yanam (01),Total,10-14,5733,2889,2844,5665,2869,2796,66,20,46,2,0,2,0,0,0,0,0,0,0,0,0
34,634,District - Yanam (01),Total,15-19,5528,2765,2763,5054,2735,2319,467,29,438,4,1,3,3,0,3,0,0,0,0,0,0
34,634,District - Yanam (01),Total,20-24,5662,2509,3153,3054,1950,1104,2565,558,2007,21,1,20,17,0,17,5,0,5,0,0,0
34,634,District - Yanam (01),Total,25-29,5710,2646,3064,1106,826,280,4496,1815,2681,68,2,66,30,3,27,10,0,10,0,0,0
34,634,District - Yanam (01),Total,30-34,4772,2420,2352,245,181,64,4356,2224,2132,133,11,122,30,2,28,8,2,6,0,0,0
34,634,District - Yanam (01),Total,35-39,4456,2297,2159,70,46,24,4113,2237,1876,208,6,202,50,6,44,15,2,13,0,0,0
34,634,District - Yanam (01),Total,40-44,3326,1743,1583,35,22,13,3005,1707,1298,228,10,218,45,4,41,13,0,13,0,0,0
34,634,District - Yanam (01),Total,45-49,2681,1392,1289,18,10,8,2372,1371,1001,256,5,251,26,5,21,9,1,8,0,0,0
34,634,District - Yanam (01),Total,50-54,2076,1040,1036,12,4,8,1743,1011,732,295,22,273,20,3,17,6,0,6,0,0,0
34,634,District - Yanam (01),Total,55-59,1797,786,1011,9,2,7,1444,759,685,329,23,306,13,2,11,2,0,2,0,0,0
34,634,District - Yanam (01),Total,60-64,1977,897,1080,12,5,7,1303,841,462,647,47,600,11,3,8,4,1,3,0,0,0
34,634,District - Yanam (01),Total,65-69,1138,525,613,23,13,10,662,463,199,445,47,398,7,2,5,1,0,1,0,0,0
34,634,District - Yanam (01),Total,70-74,742,326,416,5,3,2,352,271,81,384,51,333,1,1,0,0,0,0,0,0,0
34,634,District - Yanam (01),Total,75-79,358,151,207,1,1,0,153,114,39,204,36,168,0,0,0,0,0,0,0,0,0
34,634,District - Yanam (01),Total,80+,314,111,203,3,0,3,94,78,16,215,31,184,2,2,0,0,0,0,0,0,0
34,634,District - Yanam (01),Total,Age not stated,16,5,11,9,3,6,7,2,5,0,0,0,0,0,0,0,0,0,0,0,0
34,634,District - Yanam (01),Total,Less than 18,18204,9320,8884,18034,9288,8746,165,31,134,5,1,4,0,0,0,0,0,0,0,0,0
34,634,District - Yanam (01),Total,Less than 21,21981,11059,10922,20979,10965,10014,985,93,892,9,1,8,7,0,7,1,0,1,0,0,0
34,634,District - Yanam (01),Rural,All ages,0,0,0,0,0,0,0,0,0,0,0,0,0,0,0,0,0,0,0,0,0
34,634,District - Yanam (01),Rural,0-9,0,0,0,0,0,0,0,0,0,0,0,0,0,0,0,0,0,0,0,0,0
34,634,District - Yanam (01),Rural,10-14,0,0,0,0,0,0,0,0,0,0,0,0,0,0,0,0,0,0,0,0,0
34,634,District - Yanam (01),Rural,15-19,0,0,0,0,0,0,0,0,0,0,0,0,0,0,0,0,0,0,0,0,0
34,634,District - Yanam (01),Rural,20-24,0,0,0,0,0,0,0,0,0,0,0,0,0,0,0,0,0,0,0,0,0
34,634,District - Yanam (01),Rural,25-29,0,0,0,0,0,0,0,0,0,0,0,0,0,0,0,0,0,0,0,0,0
34,634,District - Yanam (01),Rural,30-34,0,0,0,0,0,0,0,0,0,0,0,0,0,0,0,0,0,0,0,0,0
34,634,District - Yanam (01),Rural,35-39,0,0,0,0,0,0,0,0,0,0,0,0,0,0,0,0,0,0,0,0,0
34,634,District - Yanam (01),Rural,40-44,0,0,0,0,0,0,0,0,0,0,0,0,0,0,0,0,0,0,0,0,0
34,634,District - Yanam (01),Rural,45-49,0,0,0,0,0,0,0,0,0,0,0,0,0,0,0,0,0,0,0,0,0
34,634,District - Yanam (01),Rural,50-54,0,0,0,0,0,0,0,0,0,0,0,0,0,0,0,0,0,0,0,0,0
34,634,District - Yanam (01),Rural,55-59,0,0,0,0,0,0,0,0,0,0,0,0,0,0,0,0,0,0,0,0,0
34,634,District - Yanam (01),Rural,60-64,0,0,0,0,0,0,0,0,0,0,0,0,0,0,0,0,0,0,0,0,0
34,634,District - Yanam (01),Rural,65-69,0,0,0,0,0,0,0,0,0,0,0,0,0,0,0,0,0,0,0,0,0
34,634,District - Yanam (01),Rural,70-74,0,0,0,0,0,0,0,0,0,0,0,0,0,0,0,0,0,0,0,0,0
34,634,District - Yanam (01),Rural,75-79,0,0,0,0,0,0,0,0,0,0,0,0,0,0,0,0,0,0,0,0,0
34,634,District - Yanam (01),Rural,80+,0,0,0,0,0,0,0,0,0,0,0,0,0,0,0,0,0,0,0,0,0
34,634,District - Yanam (01),Rural,Age not stated,0,0,0,0,0,0,0,0,0,0,0,0,0,0,0,0,0,0,0,0,0
34,634,District - Yanam (01),Rural,Less than 18,0,0,0,0,0,0,0,0,0,0,0,0,0,0,0,0,0,0,0,0,0
34,634,District - Yanam (01),Rural,Less than 21,0,0,0,0,0,0,0,0,0,0,0,0,0,0,0,0,0,0,0,0,0
34,634,District - Yanam (01),Urban,All ages,55626,27301,28325,24661,13469,11192,27198,13500,13698,3439,293,3146,255,33,222,73,6,67,0,0,0
34,634,District - Yanam (01),Urban,0-9,9340,4799,4541,9340,4799,4541,0,0,0,0,0,0,0,0,0,0,0,0,0,0,0
34,634,District - Yanam (01),Urban,10-14,5733,2889,2844,5665,2869,2796,66,20,46,2,0,2,0,0,0,0,0,0,0,0,0
34,634,District - Yanam (01),Urban,15-19,5528,2765,2763,5054,2735,2319,467,29,438,4,1,3,3,0,3,0,0,0,0,0,0
34,634,District - Yanam (01),Urban,20-24,5662,2509,3153,3054,1950,1104,2565,558,2007,21,1,20,17,0,17,5,0,5,0,0,0
34,634,District - Yanam (01),Urban,25-29,5710,2646,3064,1106,826,280,4496,1815,2681,68,2,66,30,3,27,10,0,10,0,0,0
34,634,District - Yanam (01),Urban,30-34,4772,2420,2352,245,181,64,4356,2224,2132,133,11,122,30,2,28,8,2,6,0,0,0
34,634,District - Yanam (01),Urban,35-39,4456,2297,2159,70,46,24,4113,2237,1876,208,6,202,50,6,44,15,2,13,0,0,0
34,634,District - Yanam (01),Urban,40-44,3326,1743,1583,35,22,13,3005,1707,1298,228,10,218,45,4,41,13,0,13,0,0,0
34,634,District - Yanam (01),Urban,45-49,2681,1392,1289,18,10,8,2372,1371,1001,256,5,251,26,5,21,9,1,8,0,0,0
34,634,District - Yanam (01),Urban,50-54,2076,1040,1036,12,4,8,1743,1011,732,295,22,273,20,3,17,6,0,6,0,0,0
34,634,District - Yanam (01),Urban,55-59,1797,786,1011,9,2,7,1444,759,685,329,23,306,13,2,11,2,0,2,0,0,0
34,634,District - Yanam (01),Urban,60-64,1977,897,1080,12,5,7,1303,841,462,647,47,600,11,3,8,4,1,3,0,0,0
34,634,District - Yanam (01),Urban,65-69,1138,525,613,23,13,10,662,463,199,445,47,398,7,2,5,1,0,1,0,0,0
34,634,District - Yanam (01),Urban,70-74,742,326,416,5,3,2,352,271,81,384,51,333,1,1,0,0,0,0,0,0,0
34,634,District - Yanam (01),Urban,75-79,358,151,207,1,1,0,153,114,39,204,36,168,0,0,0,0,0,0,0,0,0
34,634,District - Yanam (01),Urban,80+,314,111,203,3,0,3,94,78,16,215,31,184,2,2,0,0,0,0,0,0,0
34,634,District - Yanam (01),Urban,Age not stated,16,5,11,9,3,6,7,2,5,0,0,0,0,0,0,0,0,0,0,0,0
34,634,District - Yanam (01),Urban,Less than 18,18204,9320,8884,18034,9288,8746,165,31,134,5,1,4,0,0,0,0,0,0,0,0,0
34,634,District - Yanam (01),Urban,Less than 21,21981,11059,10922,20979,10965,10014,985,93,892,9,1,8,7,0,7,1,0,1,0,0,0
34,635,District - Puducherry (02),Total,All ages,950289,468258,482031,401887,223042,178845,478532,235699,242833,62974,7820,55154,5891,1418,4473,1005,279,726,0,0,0
34,635,District - Puducherry (02),Total,0-9,144738,73713,71025,144738,73713,71025,0,0,0,0,0,0,0,0,0,0,0,0,0,0,0
34,635,District - Puducherry (02),Total,10-14,79015,40443,38572,77676,39924,37752,1169,438,731,73,31,42,95,50,45,2,0,2,0,0,0
34,635,District - Puducherry (02),Total,15-19,76370,38958,37412,71215,38131,33084,4954,765,4189,80,14,66,115,44,71,6,4,2,0,0,0
34,635,District - Puducherry (02),Total,20-24,82560,38958,43602,55492,33869,21623,26569,4983,21586,253,53,200,234,52,182,12,1,11,0,0,0
34,635,District - Puducherry (02),Total,25-29,91022,42471,48551,30191,22173,8018,59453,20067,39386,767,124,643,526,97,429,85,10,75,0,0,0
34,635,District - Puducherry (02),Total,30-34,86425,42071,44354,11000,8418,2582,72800,33263,39537,1736,215,1521,732,148,584,157,27,130,0,0,0
34,635,District - Puducherry (02),Total,35-39,83334,41102,42232,4068,2873,1195,74852,37675,37177,3218,275,2943,1001,222,779,195,57,138,0,0,0
34,635,District - Puducherry (02),Total,40-44,68985,35281,33704,2039,1304,735,61776,33363,28413,4133,350,3783,885,208,677,152,56,96,0,0,0
34,635,District - Puducherry (02),Total,45-49,61002,31428,29574,1336,751,585,53305,29951,23354,5430,487,4943,796,190,606,135,49,86,0,0,0
34,635,District - Puducherry (02),Total,50-54,46662,23907,22755,951,462,489,39262,22702,16560,5833,578,5255,533,132,401,83,33,50,0,0,0
34,635,District - Puducherry (02),Total,55-59,38109,18929,19180,768,335,433,30420,17822,12598,6543,676,5867,316,78,238,62,18,44,0,0,0
34,635,District - Puducherry (02),Total,60-64,32945,15423,17522,671,282,389,23323,14140,9183,8653,919,7734,258,72,186,40,10,30,0,0,0
34,635,District - Puducherry (02),Total,65-69,21069,9179,11890,446,188,258,13100,8096,5004,7346,849,6497,148,41,107,29,5,24,0,0,0
34,635,District - Puducherry (02),Total,70-74,17224,7546,9678,373,144,229,8963,6207,2756,7732,1156,6576,136,37,99,20,2,18,0,0,0
34,635,District - Puducherry (02),Total,75-79,9847,4263,5584,244,98,146,4639,3331,1308,4900,811,4089,51,21,30,13,2,11,0,0,0
34,635,District - Puducherry (02),Total,80+,10348,4264,6084,350,172,178,3706,2785,921,6221,1278,4943,58,25,33,13,4,9,0,0,0
34,635,District - Puducherry (02),Total,Age not stated,634,322,312,329,205,124,241,111,130,56,4,52,7,1,6,1,1,0,0,0,0
34,635,District - Puducherry (02),Total,Less than 18,268432,137195,131237,265310,136276,129034,2842,807,2035,125,39,86,149,70,79,6,3,3,0,0,0
34,635,District - Puducherry (02),Total,Less than 21,317491,161618,155873,307360,159731,147629,9687,1732,7955,187,49,138,248,102,146,9,4,5,0,0,0
34,635,District - Puducherry (02),Rural,All ages,293080,144769,148311,128064,71664,56400,142751,70283,72468,20648,2468,18180,1472,322,1150,145,32,113,0,0,0
34,635,District - Puducherry (02),Rural,0-9,47925,24533,23392,47925,24533,23392,0,0,0,0,0,0,0,0,0,0,0,0,0,0,0
34,635,District - Puducherry (02),Rural,10-14,26256,13436,12820,25821,13271,12550,364,138,226,33,14,19,38,13,25,0,0,0,0,0,0
34,635,District - Puducherry (02),Rural,15-19,25152,12881,12271,23285,12627,10658,1810,235,1575,35,8,27,21,10,11,1,1,0,0,0,0
34,635,District - Puducherry (02),Rural,20-24,27276,12835,14441,17342,10999,6343,9757,1797,7960,104,26,78,70,13,57,3,0,3,0,0,0
34,635,District - Puducherry (02),Rural,25-29,29162,13833,15329,8812,6692,2120,19852,7068,12784,320,46,274,165,25,140,13,2,11,0,0,0
34,635,District - Puducherry (02),Rural,30-34,25931,12875,13056,2717,2168,549,22294,10589,11705,686,76,610,202,36,166,32,6,26,0,0,0
34,635,District - Puducherry (02),Rural,35-39,24825,12218,12607,856,624,232,22450,11446,11004,1235,100,1135,258,43,215,26,5,21,0,0,0
34,635,District - Puducherry (02),Rural,40-44,19258,9929,9329,369,250,119,17202,9506,7696,1456,121,1335,209,44,165,22,8,14,0,0,0
34,635,District - Puducherry (02),Rural,45-49,17413,8992,8421,213,126,87,15127,8660,6467,1894,157,1737,164,42,122,15,7,8,0,0,0
34,635,District - Puducherry (02),Rural,50-54,12546,6407,6139,134,77,57,10331,6108,4223,1962,193,1769,113,29,84,6,0,6,0,0,0
34,635,District - Puducherry (02),Rural,55-59,10544,5047,5497,95,44,51,8301,4779,3522,2073,208,1865,71,16,55,4,0,4,0,0,0
34,635,District - Puducherry (02),Rural,60-64,9567,4276,5291,103,45,58,6405,3885,2520,2989,330,2659,66,15,51,4,1,3,0,0,0
34,635,District - Puducherry (02),Rural,65-69,6360,2691,3669,65,32,33,3850,2377,1473,2395,267,2128,41,15,26,9,0,9,0,0,0
34,635,District - Puducherry (02),Rural,70-74,5099,2242,2857,55,23,32,2584,1860,724,2426,351,2075,28,7,21,6,1,5,0,0,0
34,635,District - Puducherry (02),Rural,75-79,2602,1161,1441,29,12,17,1246,923,323,1315,219,1096,11,7,4,1,0,1,0,0,0
34,635,District - Puducherry (02),Rural,80+,2903,1277,1626,76,46,30,1102,873,229,1709,351,1358,13,6,7,3,1,2,0,0,0
34,635,District - Puducherry (02),Rural,Age not stated,261,136,125,167,95,72,76,39,37,16,1,15,2,1,1,0,0,0,0,0,0
34,635,District - Puducherry (02),Rural,Less than 18,88680,45461,43219,87665,45173,42492,912,251,661,52,19,33,51,18,33,0,0,0,0,0,0
34,635,District - Puducherry (02),Rural,Less than 21,105300,53776,51524,101587,53171,48416,3557,555,3002,84,24,60,70,25,45,2,1,1,0,0,0
34,635,District - Puducherry (02),Urban,All ages,657209,323489,333720,273823,151378,122445,335781,165416,170365,42326,5352,36974,4419,1096,3323,860,247,613,0,0,0
34,635,District - Puducherry (02),Urban,0-9,96813,49180,47633,96813,49180,47633,0,0,0,0,0,0,0,0,0,0,0,0,0,0,0
34,635,District - Puducherry (02),Urban,10-14,52759,27007,25752,51855,26653,25202,805,300,505,40,17,23,57,37,20,2,0,2,0,0,0
34,635,District - Puducherry (02),Urban,15-19,51218,26077,25141,47930,25504,22426,3144,530,2614,45,6,39,94,34,60,5,3,2,0,0,0
34,635,District - Puducherry (02),Urban,20-24,55284,26123,29161,38150,22870,15280,16812,3186,13626,149,27,122,164,39,125,9,1,8,0,0,0
34,635,District - Puducherry (02),Urban,25-29,61860,28638,33222,21379,15481,5898,39601,12999,26602,447,78,369,361,72,289,72,8,64,0,0,0
34,635,District - Puducherry (02),Urban,30-34,60494,29196,31298,8283,6250,2033,50506,22674,27832,1050,139,911,530,112,418,125,21,104,0,0,0
34,635,District - Puducherry (02),Urban,35-39,58509,28884,29625,3212,2249,963,52402,26229,26173,1983,175,1808,743,179,564,169,52,117,0,0,0
34,635,District - Puducherry (02),Urban,40-44,49727,25352,24375,1670,1054,616,44574,23857,20717,2677,229,2448,676,164,512,130,48,82,0,0,0
34,635,District - Puducherry (02),Urban,45-49,43589,22436,21153,1123,625,498,38178,21291,16887,3536,330,3206,632,148,484,120,42,78,0,0,0
34,635,District - Puducherry (02),Urban,50-54,34116,17500,16616,817,385,432,28931,16594,12337,3871,385,3486,420,103,317,77,33,44,0,0,0
34,635,District - Puducherry (02),Urban,55-59,27565,13882,13683,673,291,382,22119,13043,9076,4470,468,4002,245,62,183,58,18,40,0,0,0
34,635,District - Puducherry (02),Urban,60-64,23378,11147,12231,568,237,331,16918,10255,6663,5664,589,5075,192,57,135,36,9,27,0,0,0
34,635,District - Puducherry (02),Urban,65-69,14709,6488,8221,381,156,225,9250,5719,3531,4951,582,4369,107,26,81,20,5,15,0,0,0
34,635,District - Puducherry (02),Urban,70-74,12125,5304,6821,318,121,197,6379,4347,2032,5306,805,4501,108,30,78,14,1,13,0,0,0
34,635,District - Puducherry (02),Urban,75-79,7245,3102,4143,215,86,129,3393,2408,985,3585,592,2993,40,14,26,12,2,10,0,0,0
34,635,District - Puducherry (02),Urban,80+,7445,2987,4458,274,126,148,2604,1912,692,4512,927,3585,45,19,26,10,3,7,0,0,0
34,635,District - Puducherry (02),Urban,Age not stated,373,186,187,162,110,52,165,72,93,40,3,37,5,0,5,1,1,0,0,0,0
34,635,District - Puducherry (02),Urban,Less than 18,179752,91734,88018,177645,91103,86542,1930,556,1374,73,20,53,98,52,46,6,3,3,0,0,0
34,635,District - Puducherry (02),Urban,Less than 21,212191,107842,104349,205773,106560,99213,6130,1177,4953,103,25,78,178,77,101,7,3,4,0,0,0
34,636,District - Mahe (03),Total,All ages,41816,19143,22673,18026,10006,8020,20603,8950,11653,2964,150,2814,160,28,132,63,9,54,0,0,0
34,636,District - Mahe (03),Total,0-9,6489,3315,3174,6489,3315,3174,0,0,0,0,0,0,0,0,0,0,0,0,0,0,0
34,636,District - Mahe (03),Total,10-14,3525,1823,1702,3466,1801,1665,55,20,35,2,1,1,2,1,1,0,0,0,0,0,0
34,636,District - Mahe (03),Total,15-19,3194,1658,1536,3039,1629,1410,152,28,124,1,0,1,2,1,1,0,0,0,0,0,0
34,636,District - Mahe (03),Total,20-24,3313,1529,1784,2217,1415,802,1088,113,975,2,0,2,5,1,4,1,0,1,0,0,0
34,636,District - Mahe (03),Total,25-29,3239,1325,1914,1158,936,222,2066,387,1679,5,1,4,5,1,4,5,0,5,0,0,0
34,636,District - Mahe (03),Total,30-34,3341,1312,2029,505,407,98,2790,901,1889,27,1,26,10,2,8,9,1,8,0,0,0
34,636,District - Mahe (03),Total,35-39,3357,1361,1996,273,175,98,3005,1179,1826,45,2,43,22,2,20,12,3,9,0,0,0
34,636,District - Mahe (03),Total,40-44,3036,1284,1752,184,84,100,2713,1192,1521,103,3,100,28,4,24,8,1,7,0,0,0
34,636,District - Mahe (03),Total,45-49,2809,1304,1505,172,74,98,2430,1220,1210,171,7,164,26,2,24,10,1,9,0,0,0
34,636,District - Mahe (03),Total,50-54,2316,1084,1232,138,48,90,1892,1026,866,263,6,257,21,4,17,2,0,2,0,0,0
34,636,District - Mahe (03),Total,55-59,2085,948,1137,113,31,82,1605,901,704,347,15,332,12,1,11,8,0,8,0,0,0
34,636,District - Mahe (03),Total,60-64,1810,846,964,86,22,64,1245,805,440,466,14,452,9,3,6,4,2,2,0,0,0
34,636,District - Mahe (03),Total,65-69,1204,514,690,48,13,35,706,481,225,438,17,421,9,2,7,3,1,2,0,0,0
34,636,District - Mahe (03),Total,70-74,884,403,481,38,9,29,462,368,94,379,23,356,5,3,2,0,0,0,0,0,0
34,636,District - Mahe (03),Total,75-79,573,225,348,29,7,22,222,195,27,319,22,297,2,1,1,1,0,1,0,0,0
34,636,District - Mahe (03),Total,80+,556,169,387,18,8,10,149,123,26,387,38,349,2,0,2,0,0,0,0,0,0
34,636,District - Mahe (03),Total,Age not stated,85,43,42,53,32,21,23,11,12,9,0,9,0,0,0,0,0,0,0,0,0
34,636,District - Mahe (03),Total,Less than 18,11943,6161,5782,11831,6120,5711,105,38,67,3,1,2,4,2,2,0,0,0,0,0,0
34,636,District - Mahe (03),Total,Less than 21,13834,7130,6704,13513,7062,6451,313,65,248,3,1,2,5,2,3,0,0,0,0,0,0
34,636,District - Mahe (03),Rural,All ages,0,0,0,0,0,0,0,0,0,0,0,0,0,0,0,0,0,0,0,0,0
34,636,District - Mahe (03),Rural,0-9,0,0,0,0,0,0,0,0,0,0,0,0,0,0,0,0,0,0,0,0,0
34,636,District - Mahe (03),Rural,10-14,0,0,0,0,0,0,0,0,0,0,0,0,0,0,0,0,0,0,0,0,0
34,636,District - Mahe (03),Rural,15-19,0,0,0,0,0,0,0,0,0,0,0,0,0,0,0,0,0,0,0,0,0
34,636,District - Mahe (03),Rural,20-24,0,0,0,0,0,0,0,0,0,0,0,0,0,0,0,0,0,0,0,0,0
34,636,District - Mahe (03),Rural,25-29,0,0,0,0,0,0,0,0,0,0,0,0,0,0,0,0,0,0,0,0,0
34,636,District - Mahe (03),Rural,30-34,0,0,0,0,0,0,0,0,0,0,0,0,0,0,0,0,0,0,0,0,0
34,636,District - Mahe (03),Rural,35-39,0,0,0,0,0,0,0,0,0,0,0,0,0,0,0,0,0,0,0,0,0
34,636,District - Mahe (03),Rural,40-44,0,0,0,0,0,0,0,0,0,0,0,0,0,0,0,0,0,0,0,0,0
34,636,District - Mahe (03),Rural,45-49,0,0,0,0,0,0,0,0,0,0,0,0,0,0,0,0,0,0,0,0,0
34,636,District - Mahe (03),Rural,50-54,0,0,0,0,0,0,0,0,0,0,0,0,0,0,0,0,0,0,0,0,0
34,636,District - Mahe (03),Rural,55-59,0,0,0,0,0,0,0,0,0,0,0,0,0,0,0,0,0,0,0,0,0
34,636,District - Mahe (03),Rural,60-64,0,0,0,0,0,0,0,0,0,0,0,0,0,0,0,0,0,0,0,0,0
34,636,District - Mahe (03),Rural,65-69,0,0,0,0,0,0,0,0,0,0,0,0,0,0,0,0,0,0,0,0,0
34,636,District - Mahe (03),Rural,70-74,0,0,0,0,0,0,0,0,0,0,0,0,0,0,0,0,0,0,0,0,0
34,636,District - Mahe (03),Rural,75-79,0,0,0,0,0,0,0,0,0,0,0,0,0,0,0,0,0,0,0,0,0
34,636,District - Mahe (03),Rural,80+,0,0,0,0,0,0,0,0,0,0,0,0,0,0,0,0,0,0,0,0,0
34,636,District - Mahe (03),Rural,Age not stated,0,0,0,0,0,0,0,0,0,0,0,0,0,0,0,0,0,0,0,0,0
34,636,District - Mahe (03),Rural,Less than 18,0,0,0,0,0,0,0,0,0,0,0,0,0,0,0,0,0,0,0,0,0
34,636,District - Mahe (03),Rural,Less than 21,0,0,0,0,0,0,0,0,0,0,0,0,0,0,0,0,0,0,0,0,0
34,636,District - Mahe (03),Urban,All ages,41816,19143,22673,18026,10006,8020,20603,8950,11653,2964,150,2814,160,28,132,63,9,54,0,0,0
34,636,District - Mahe (03),Urban,0-9,6489,3315,3174,6489,3315,3174,0,0,0,0,0,0,0,0,0,0,0,0,0,0,0
34,636,District - Mahe (03),Urban,10-14,3525,1823,1702,3466,1801,1665,55,20,35,2,1,1,2,1,1,0,0,0,0,0,0
34,636,District - Mahe (03),Urban,15-19,3194,1658,1536,3039,1629,1410,152,28,124,1,0,1,2,1,1,0,0,0,0,0,0
34,636,District - Mahe (03),Urban,20-24,3313,1529,1784,2217,1415,802,1088,113,975,2,0,2,5,1,4,1,0,1,0,0,0
34,636,District - Mahe (03),Urban,25-29,3239,1325,1914,1158,936,222,2066,387,1679,5,1,4,5,1,4,5,0,5,0,0,0
34,636,District - Mahe (03),Urban,30-34,3341,1312,2029,505,407,98,2790,901,1889,27,1,26,10,2,8,9,1,8,0,0,0
34,636,District - Mahe (03),Urban,35-39,3357,1361,1996,273,175,98,3005,1179,1826,45,2,43,22,2,20,12,3,9,0,0,0
34,636,District - Mahe (03),Urban,40-44,3036,1284,1752,184,84,100,2713,1192,1521,103,3,100,28,4,24,8,1,7,0,0,0
34,636,District - Mahe (03),Urban,45-49,2809,1304,1505,172,74,98,2430,1220,1210,171,7,164,26,2,24,10,1,9,0,0,0
34,636,District - Mahe (03),Urban,50-54,2316,1084,1232,138,48,90,1892,1026,866,263,6,257,21,4,17,2,0,2,0,0,0
34,636,District - Mahe (03),Urban,55-59,2085,948,1137,113,31,82,1605,901,704,347,15,332,12,1,11,8,0,8,0,0,0
34,636,District - Mahe (03),Urban,60-64,1810,846,964,86,22,64,1245,805,440,466,14,452,9,3,6,4,2,2,0,0,0
34,636,District - Mahe (03),Urban,65-69,1204,514,690,48,13,35,706,481,225,438,17,421,9,2,7,3,1,2,0,0,0
34,636,District - Mahe (03),Urban,70-74,884,403,481,38,9,29,462,368,94,379,23,356,5,3,2,0,0,0,0,0,0
34,636,District - Mahe (03),Urban,75-79,573,225,348,29,7,22,222,195,27,319,22,297,2,1,1,1,0,1,0,0,0
34,636,District - Mahe (03),Urban,80+,556,169,387,18,8,10,149,123,26,387,38,349,2,0,2,0,0,0,0,0,0
34,636,District - Mahe (03),Urban,Age not stated,85,43,42,53,32,21,23,11,12,9,0,9,0,0,0,0,0,0,0,0,0
34,636,District - Mahe (03),Urban,Less than 18,11943,6161,5782,11831,6120,5711,105,38,67,3,1,2,4,2,2,0,0,0,0,0,0
34,636,District - Mahe (03),Urban,Less than 21,13834,7130,6704,13513,7062,6451,313,65,248,3,1,2,5,2,3,0,0,0,0,0,0
34,637,District - Karaikal (04),Total,All ages,200222,97809,102413,87561,48564,38997,97044,47187,49857,14162,1697,12465,1169,288,881,286,73,213,0,0,0
34,637,District - Karaikal (04),Total,0-9,32099,16203,15896,32099,16203,15896,0,0,0,0,0,0,0,0,0,0,0,0,0,0,0
34,637,District - Karaikal (04),Total,10-14,17453,8781,8672,17222,8696,8526,210,74,136,16,7,9,5,4,1,0,0,0,0,0,0
34,637,District - Karaikal (04),Total,15-19,17224,8850,8374,16163,8668,7495,1025,173,852,22,7,15,11,2,9,3,0,3,0,0,0
34,637,District - Karaikal (04),Total,20-24,17284,8291,8993,11762,7327,4435,5409,945,4464,59,10,49,45,8,37,9,1,8,0,0,0
34,637,District - Karaikal (04),Total,25-29,18273,8610,9663,6435,4905,1530,11594,3664,7930,134,24,110,83,15,68,27,2,25,0,0,0
34,637,District - Karaikal (04),Total,30-34,16532,7958,8574,1970,1624,346,14049,6245,7804,347,41,306,130,37,93,36,11,25,0,0,0
34,637,District - Karaikal (04),Total,35-39,16312,7895,8417,639,463,176,14821,7323,7498,609,46,563,177,40,137,66,23,43,0,0,0
34,637,District - Karaikal (04),Total,40-44,14432,7174,7258,276,169,107,12985,6885,6100,946,69,877,187,39,148,38,12,26,0,0,0
34,637,District - Karaikal (04),Total,45-49,12813,6501,6312,200,113,87,11190,6249,4941,1218,94,1124,166,35,131,39,10,29,0,0,0
34,637,District - Karaikal (04),Total,50-54,9869,4827,5042,135,70,65,8140,4605,3535,1439,116,1323,135,32,103,20,4,16,0,0,0
34,637,District - Karaikal (04),Total,55-59,8118,3952,4166,124,55,69,6327,3724,2603,1562,143,1419,92,26,66,13,4,9,0,0,0
34,637,District - Karaikal (04),Total,60-64,7096,3332,3764,112,47,65,4953,3038,1915,1963,225,1738,61,21,40,7,1,6,0,0,0
34,637,District - Karaikal (04),Total,65-69,4572,1936,2636,74,36,38,2754,1702,1052,1697,187,1510,36,8,28,11,3,8,0,0,0
34,637,District - Karaikal (04),Total,70-74,3671,1586,2085,58,22,36,1845,1302,543,1743,251,1492,19,11,8,6,0,6,0,0,0
34,637,District - Karaikal (04),Total,75-79,2011,855,1156,14,4,10,918,680,238,1066,164,902,8,5,3,5,2,3,0,0,0
34,637,District - Karaikal (04),Total,80+,2097,868,1229,45,22,23,723,535,188,1310,306,1004,14,5,9,5,0,5,0,0,0
34,637,District - Karaikal (04),Total,Age not stated,366,190,176,233,140,93,101,43,58,31,7,24,0,0,0,1,0,1,0,0,0
34,637,District - Karaikal (04),Total,Less than 18,59722,30200,29522,59103,30025,29078,574,158,416,31,12,19,12,5,7,2,0,2,0,0,0
34,637,District - Karaikal (04),Total,Less than 21,70452,35610,34842,68427,35235,33192,1951,353,1598,50,16,34,20,6,14,4,0,4,0,0,0
34,637,District - Karaikal (04),Rural,All ages,102120,50138,51982,45575,25251,20324,48509,23722,24787,7389,1000,6389,545,134,411,102,31,71,0,0,0
34,637,District - Karaikal (04),Rural,0-9,16569,8387,8182,16569,8387,8182,0,0,0,0,0,0,0,0,0,0,0,0,0,0,0
34,637,District - Karaikal (04),Rural,10-14,9095,4536,4559,8983,4495,4488,101,34,67,7,3,4,4,4,0,0,0,0,0,0,0
34,637,District - Karaikal (04),Rural,15-19,8867,4513,4354,8320,4421,3899,530,89,441,8,3,5,7,0,7,2,0,2,0,0,0
34,637,District - Karaikal (04),Rural,20-24,8996,4320,4676,6203,3823,2380,2735,485,2250,32,4,28,22,7,15,4,1,3,0,0,0
34,637,District - Karaikal (04),Rural,25-29,9678,4609,5069,3531,2681,850,5997,1900,4097,87,17,70,51,9,42,12,2,10,0,0,0
34,637,District - Karaikal (04),Rural,30-34,8183,3993,4190,1047,875,172,6880,3073,3807,189,25,164,55,15,40,12,5,7,0,0,0
34,637,District - Karaikal (04),Rural,35-39,8121,3972,4149,301,215,86,7396,3706,3690,316,26,290,83,16,67,25,9,16,0,0,0
34,637,District - Karaikal (04),Rural,40-44,6959,3433,3526,119,75,44,6246,3304,2942,492,36,456,88,14,74,14,4,10,0,0,0
34,637,District - Karaikal (04),Rural,45-49,6415,3226,3189,87,52,35,5579,3094,2485,652,55,597,82,20,62,15,5,10,0,0,0
34,637,District - Karaikal (04),Rural,50-54,4916,2407,2509,55,30,25,4016,2287,1729,777,73,704,60,16,44,8,1,7,0,0,0
34,637,District - Karaikal (04),Rural,55-59,4167,2035,2132,45,24,21,3236,1903,1333,846,97,749,34,8,26,6,3,3,0,0,0
34,637,District - Karaikal (04),Rural,60-64,3594,1749,1845,49,27,22,2509,1571,938,1014,140,874,22,11,11,0,0,0,0,0,0
34,637,District - Karaikal (04),Rural,65-69,2373,1060,1313,36,19,17,1443,920,523,877,118,759,16,2,14,1,1,0,0,0,0
34,637,District - Karaikal (04),Rural,70-74,1894,862,1032,30,12,18,947,682,265,904,161,743,12,7,5,1,0,1,0,0,0
34,637,District - Karaikal (04),Rural,75-79,1002,444,558,4,1,3,475,359,116,516,80,436,5,4,1,2,0,2,0,0,0
34,637,District - Karaikal (04),Rural,80+,1054,470,584,27,16,11,367,294,73,656,159,497,4,1,3,0,0,0,0,0,0
34,637,District - Karaikal (04),Rural,Age not stated,237,122,115,169,98,71,52,21,31,16,3,13,0,0,0,0,0,0,0,0,0
34,637,District - Karaikal (04),Rural,Less than 18,30867,15571,15296,30563,15485,15078,281,77,204,13,5,8,9,4,5,1,0,1,0,0,0
34,637,District - Karaikal (04),Rural,Less than 21,36436,18332,18104,35425,18145,17280,974,177,797,23,6,17,11,4,7,3,0,3,0,0,0
34,637,District - Karaikal (04),Urban,All ages,98102,47671,50431,41986,23313,18673,48535,23465,25070,6773,697,6076,624,154,470,184,42,142,0,0,0
34,637,District - Karaikal (04),Urban,0-9,15530,7816,7714,15530,7816,7714,0,0,0,0,0,0,0,0,0,0,0,0,0,0,0
34,637,District - Karaikal (04),Urban,10-14,8358,4245,4113,8239,4201,4038,109,40,69,9,4,5,1,0,1,0,0,0,0,0,0
34,637,District - Karaikal (04),Urban,15-19,8357,4337,4020,7843,4247,3596,495,84,411,14,4,10,4,2,2,1,0,1,0,0,0
34,637,District - Karaikal (04),Urban,20-24,8288,3971,4317,5559,3504,2055,2674,460,2214,27,6,21,23,1,22,5,0,5,0,0,0
34,637,District - Karaikal (04),Urban,25-29,8595,4001,4594,2904,2224,680,5597,1764,3833,47,7,40,32,6,26,15,0,15,0,0,0
34,637,District - Karaikal (04),Urban,30-34,8349,3965,4384,923,749,174,7169,3172,3997,158,16,142,75,22,53,24,6,18,0,0,0
34,637,District - Karaikal (04),Urban,35-39,8191,3923,4268,338,248,90,7425,3617,3808,293,20,273,94,24,70,41,14,27,0,0,0
34,637,District - Karaikal (04),Urban,40-44,7473,3741,3732,157,94,63,6739,3581,3158,454,33,421,99,25,74,24,8,16,0,0,0
34,637,District - Karaikal (04),Urban,45-49,6398,3275,3123,113,61,52,5611,3155,2456,566,39,527,84,15,69,24,5,19,0,0,0
34,637,District - Karaikal (04),Urban,50-54,4953,2420,2533,80,40,40,4124,2318,1806,662,43,619,75,16,59,12,3,9,0,0,0
34,637,District - Karaikal (04),Urban,55-59,3951,1917,2034,79,31,48,3091,1821,1270,716,46,670,58,18,40,7,1,6,0,0,0
34,637,District - Karaikal (04),Urban,60-64,3502,1583,1919,63,20,43,2444,1467,977,949,85,864,39,10,29,7,1,6,0,0,0
34,637,District - Karaikal (04),Urban,65-69,2199,876,1323,38,17,21,1311,782,529,820,69,751,20,6,14,10,2,8,0,0,0
34,637,District - Karaikal (04),Urban,70-74,1777,724,1053,28,10,18,898,620,278,839,90,749,7,4,3,5,0,5,0,0,0
34,637,District - Karaikal (04),Urban,75-79,1009,411,598,10,3,7,443,321,122,550,84,466,3,1,2,3,2,1,0,0,0
34,637,District - Karaikal (04),Urban,80+,1043,398,645,18,6,12,356,241,115,654,147,507,10,4,6,5,0,5,0,0,0
34,637,District - Karaikal (04),Urban,Age not stated,129,68,61,64,42,22,49,22,27,15,4,11,0,0,0,1,0,1,0,0,0
34,637,District - Karaikal (04),Urban,Less than 18,28855,14629,14226,28540,14540,14000,293,81,212,18,7,11,3,1,2,1,0,1,0,0,0
34,637,District - Karaikal (04),Urban,Less than 21,34016,17278,16738,33002,17090,15912,977,176,801,27,10,17,9,2,7,1,0,1,0,0,0
