state_code,district_code,area_name,region_type,age_group,total_persons,total_males,total_females,never_married_persons,never_married_males,never_married_females,currently_married_persons,currently_married_males,currently_married_females,widowed_persons,widowed_males,widowed_females,separated_persons,separated_males,separated_females,divorced_persons,divorced_males,divorced_females,unspecified_persons,unspecified_males,unspecified_females
03,000,State - PUNJAB (03),Total,All ages,27743338,14639465,13103873,12449927,7281331,5168596,13873422,6917795,6955627,1304863,376705,928158,70891,37870,33021,44235,25764,18471,0,0,0
03,000,State - PUNJAB (03),Total,0-9,4501548,2451638,2049910,4501548,2451638,2049910,0,0,0,0,0,0,0,0,0,0,0,0,0,0,0
03,000,State - PUNJAB (03),Total,10-14,2583402,1445530,1137872,2521057,1417971,1103086,58443,25645,32798,2056,886,1170,1562,879,683,284,149,135,0,0,0
03,000,State - PUNJAB (03),Total,15-19,2817683,1570180,1247503,2629591,1512294,1117297,181646,55014,126632,3624,1471,2153,2204,1174,1030,618,227,391,0,0,0
03,000,State - PUNJAB (03),Total,20-24,2776636,1465531,1311105,1750438,1115844,634594,1010474,343104,667370,7352,2630,4722,5243,2601,2642,3129,1352,1777,0,0,0
03,000,State - PUNJAB (03),Total,25-29,2463861,1270405,1193456,613471,446759,166712,1820019,810721,1009298,14504,4802,9702,9047,4526,4521,6820,3597,3223,0,0,0
03,000,State - PUNJAB (03),Total,30-34,2116539,1082533,1034006,156726,121732,34994,1914945,943179,971766,26393,7536,18857,10064,5197,4867,8411,4889,3522,0,0,0
03,000,State - PUNJAB (03),Total,35-39,1989071,1010862,978209,62615,49975,12640,1863008,940049,922959,46123,10852,35271,9743,5182,4561,7582,4804,2778,0,0,0
03,000,State - PUNJAB (03),Total,40-44,1788469,909208,879261,40102,32497,7605,1662761,852652,810109,71511,15774,55737,8308,4547,3761,5787,3738,2049,0,0,0
03,000,State - PUNJAB (03),Total,45-49,1587771,818135,769636,28767,23818,4949,1451242,766813,684429,97186,21320,75866,6517,3558,2959,4059,2626,1433,0,0,0
03,000,State - PUNJAB (03),Total,50-54,1254464,663664,590800,23455,19302,4153,1108345,612438,495907,115168,27507,87661,4827,2738,2089,2669,1679,990,0,0,0
03,000,State - PUNJAB (03),Total,55-59,956555,485845,470710,16515,13301,3214,829784,442173,387611,105690,27761,77929,3080,1700,1380,1486,910,576,0,0,0
03,000,State - PUNJAB (03),Total,60-64,996590,482483,514107,22546,17297,5249,796148,417940,378208,173157,44748,128409,3393,1764,1629,1346,734,612,0,0,0
03,000,State - PUNJAB (03),Total,65-69,719588,372806,346782,21463,16017,5446,533804,306572,227232,161108,48453,112655,2399,1313,1086,814,451,363,0,0,0
03,000,State - PUNJAB (03),Total,70-74,513472,272120,241352,13774,10918,2856,321564,205145,116419,175617,54642,120975,2021,1158,863,496,257,239,0,0,0
03,000,State - PUNJAB (03),Total,75-79,256666,130203,126463,6223,4959,1264,149113,89092,60021,100084,35396,64688,998,629,369,248,127,121,0,0,0
03,000,State - PUNJAB (03),Total,80+,379501,186050,193451,19051,13125,5926,155397,99554,55843,203287,72347,130940,1377,846,531,389,178,211,0,0,0
03,000,State - PUNJAB (03),Total,Age not stated,41522,22272,19250,22585,13884,8701,16729,7704,9025,2003,580,1423,108,58,50,97,46,51,0,0,0
03,000,State - PUNJAB (03),Total,Less than 18,8739761,4818578,3921183,8606614,4764946,3841668,125640,50145,75495,4311,1738,2573,2667,1494,1173,529,255,274,0,0,0
03,000,State - PUNJAB (03),Total,Less than 21,10549194,5818525,4730669,10148960,5690062,4458898,386978,122493,264485,7257,2915,4342,4659,2514,2145,1340,541,799,0,0,0
03,000,State - PUNJAB (03),Rural,All ages,17344192,9093476,8250716,7829295,4570634,3258661,8592996,4230278,4362718,855254,254859,600395,40807,21307,19500,25840,16398,9442,0,0,0
03,000,State - PUNJAB (03),Rural,0-9,2858391,1557889,1300502,2858391,1557889,1300502,0,0,0,0,0,0,0,0,0,0,0,0,0,0,0
03,000,State - PUNJAB (03),Rural,10-14,1668828,931366,737462,1629857,914054,715803,36502,16084,20418,1356,600,756,948,540,408,165,88,77,0,0,0
03,000,State - PUNJAB (03),Rural,15-19,1814427,1003831,810596,1693653,966889,726764,116712,35169,81543,2372,961,1411,1301,659,642,389,153,236,0,0,0
03,000,State - PUNJAB (03),Rural,20-24,1706833,888739,818094,1037166,659671,377495,659991,225160,434831,4775,1717,3058,2869,1257,1612,2032,934,1098,0,0,0
03,000,State - PUNJAB (03),Rural,25-29,1455456,738196,717260,328764,243061,85703,1108547,487698,620849,9433,3028,6405,4688,2072,2616,4024,2337,1687,0,0,0
03,000,State - PUNJAB (03),Rural,30-34,1263506,636268,627238,88572,71445,17127,1147797,554391,593406,17174,4789,12385,5382,2648,2734,4581,2995,1586,0,0,0
03,000,State - PUNJAB (03),Rural,35-39,1202842,604249,598593,38797,32617,6180,1124634,559086,565548,29850,6818,23032,5397,2799,2598,4164,2929,1235,0,0,0
03,000,State - PUNJAB (03),Rural,40-44,1102644,555906,546738,26962,23008,3954,1021772,517545,504227,45833,10302,35531,4765,2700,2065,3312,2351,961,0,0,0
03,000,State - PUNJAB (03),Rural,45-49,964942,495583,469359,20357,17708,2649,878383,460508,417875,60213,13699,46514,3670,2020,1650,2319,1648,671,0,0,0
03,000,State - PUNJAB (03),Rural,50-54,749857,397863,351994,16975,14799,2176,658655,362876,295779,69907,17581,52326,2698,1524,1174,1622,1083,539,0,0,0
03,000,State - PUNJAB (03),Rural,55-59,569146,283796,285350,11856,10233,1623,492193,254917,237276,62468,17091,45377,1750,973,777,879,582,297,0,0,0
03,000,State - PUNJAB (03),Rural,60-64,654729,309825,344904,16865,13764,3101,524400,265075,259325,110339,29315,81024,2248,1168,1080,877,503,374,0,0,0
03,000,State - PUNJAB (03),Rural,65-69,496111,257824,238287,16072,12747,3325,371175,210698,160477,106605,33130,73475,1693,914,779,566,335,231,0,0,0
03,000,State - PUNJAB (03),Rural,70-74,356117,191121,164996,10698,8993,1705,223909,142815,81094,119658,38267,81391,1496,860,636,356,186,170,0,0,0
03,000,State - PUNJAB (03),Rural,75-79,175972,89364,86608,4903,4190,713,103649,60519,43130,66476,24084,42392,751,470,281,193,101,92,0,0,0
03,000,State - PUNJAB (03),Rural,80+,274781,135823,138958,13192,9594,3598,112836,72365,40471,147385,53055,94330,1081,671,410,287,138,149,0,0,0
03,000,State - PUNJAB (03),Rural,Age not stated,29610,15833,13777,16215,9972,6243,11841,5372,6469,1410,422,988,70,32,38,74,35,39,0,0,0
03,000,State - PUNJAB (03),Rural,Less than 18,5603949,3085087,2518862,5520339,3051269,2469070,78797,31563,47234,2863,1173,1690,1629,919,710,321,163,158,0,0,0
03,000,State - PUNJAB (03),Rural,Less than 21,6750257,3712416,3037841,6491630,3630132,2861498,250236,78560,171676,4804,1949,2855,2749,1425,1324,838,350,488,0,0,0
03,000,State - PUNJAB (03),Urban,All ages,10399146,5545989,4853157,4620632,2710697,1909935,5280426,2687517,2592909,449609,121846,327763,30084,16563,13521,18395,9366,9029,0,0,0
03,000,State - PUNJAB (03),Urban,0-9,1643157,893749,749408,1643157,893749,749408,0,0,0,0,0,0,0,0,0,0,0,0,0,0,0
03,000,State - PUNJAB (03),Urban,10-14,914574,514164,400410,891200,503917,387283,21941,9561,12380,700,286,414,614,339,275,119,61,58,0,0,0
03,000,State - PUNJAB (03),Urban,15-19,1003256,566349,436907,935938,545405,390533,64934,19845,45089,1252,510,742,903,515,388,229,74,155,0,0,0
03,000,State - PUNJAB (03),Urban,20-24,1069803,576792,493011,713272,456173,257099,350483,117944,232539,2577,913,1664,2374,1344,1030,1097,418,679,0,0,0
03,000,State - PUNJAB (03),Urban,25-29,1008405,532209,476196,284707,203698,81009,711472,323023,388449,5071,1774,3297,4359,2454,1905,2796,1260,1536,0,0,0
03,000,State - PUNJAB (03),Urban,30-34,853033,446265,406768,68154,50287,17867,767148,388788,378360,9219,2747,6472,4682,2549,2133,3830,1894,1936,0,0,0
03,000,State - PUNJAB (03),Urban,35-39,786229,406613,379616,23818,17358,6460,738374,380963,357411,16273,4034,12239,4346,2383,1963,3418,1875,1543,0,0,0
03,000,State - PUNJAB (03),Urban,40-44,685825,353302,332523,13140,9489,3651,640989,335107,305882,25678,5472,20206,3543,1847,1696,2475,1387,1088,0,0,0
03,000,State - PUNJAB (03),Urban,45-49,622829,322552,300277,8410,6110,2300,572859,306305,266554,36973,7621,29352,2847,1538,1309,1740,978,762,0,0,0
03,000,State - PUNJAB (03),Urban,50-54,504607,265801,238806,6480,4503,1977,449690,249562,200128,45261,9926,35335,2129,1214,915,1047,596,451,0,0,0
03,000,State - PUNJAB (03),Urban,55-59,387409,202049,185360,4659,3068,1591,337591,187256,150335,43222,10670,32552,1330,727,603,607,328,279,0,0,0
03,000,State - PUNJAB (03),Urban,60-64,341861,172658,169203,5681,3533,2148,271748,152865,118883,62818,15433,47385,1145,596,549,469,231,238,0,0,0
03,000,State - PUNJAB (03),Urban,65-69,223477,114982,108495,5391,3270,2121,162629,95874,66755,54503,15323,39180,706,399,307,248,116,132,0,0,0
03,000,State - PUNJAB (03),Urban,70-74,157355,80999,76356,3076,1925,1151,97655,62330,35325,55959,16375,39584,525,298,227,140,71,69,0,0,0
03,000,State - PUNJAB (03),Urban,75-79,80694,40839,39855,1320,769,551,45464,28573,16891,33608,11312,22296,247,159,88,55,26,29,0,0,0
03,000,State - PUNJAB (03),Urban,80+,104720,50227,54493,5859,3531,2328,42561,27189,15372,55902,19292,36610,296,175,121,102,40,62,0,0,0
03,000,State - PUNJAB (03),Urban,Age not stated,11912,6439,5473,6370,3912,2458,4888,2332,2556,593,158,435,38,26,12,23,11,12,0,0,0
03,000,State - PUNJAB (03),Urban,Less than 18,3135812,1733491,1402321,3086275,1713677,1372598,46843,18582,28261,1448,565,883,1038,575,463,208,92,116,0,0,0
03,000,State - PUNJAB (03),Urban,Less than 21,3798937,2106109,1692828,3657330,2059930,1597400,136742,43933,92809,2453,966,1487,1910,1089,821,502,191,311,0,0,0
03,035,District - Gurdaspur (01),Total,All ages,2298323,1212617,1085706,1054191,617323,436868,1127465,560538,566927,109810,30948,78862,3872,2005,1867,2985,1803,1182,0,0,0
03,035,District - Gurdaspur (01),Total,0-9,373538,206160,167378,373538,206160,167378,0,0,0,0,0,0,0,0,0,0,0,0,0,0,0
03,035,District - Gurdaspur (01),Total,10-14,216513,122057,94456,211493,119845,91648,4699,2070,2629,178,68,110,121,64,57,22,10,12,0,0,0
03,035,District - Gurdaspur (01),Total,15-19,238781,132502,106279,224614,128152,96462,13591,4105,9486,358,139,219,160,84,76,58,22,36,0,0,0
03,035,District - Gurdaspur (01),Total,20-24,228261,118828,109433,154019,96363,57656,73093,22037,51056,664,228,436,282,107,175,203,93,110,0,0,0
03,035,District - Gurdaspur (01),Total,25-29,204328,104866,99462,58950,43311,15639,143223,60747,82476,1262,379,883,463,204,259,430,225,205,0,0,0
03,035,District - Gurdaspur (01),Total,30-34,172023,88138,83885,13708,10734,2974,154840,76195,78645,2372,602,1770,514,240,274,589,367,222,0,0,0
03,035,District - Gurdaspur (01),Total,35-39,164964,82963,82001,4644,3530,1114,155199,77896,77303,3994,881,3113,584,297,287,543,359,184,0,0,0
03,035,District - Gurdaspur (01),Total,40-44,146627,74602,72025,2643,2021,622,137111,70725,66386,6026,1349,4677,454,246,208,393,261,132,0,0,0
03,035,District - Gurdaspur (01),Total,45-49,127739,66238,61501,1695,1292,403,117600,62840,54760,7833,1711,6122,333,209,124,278,186,92,0,0,0
03,035,District - Gurdaspur (01),Total,50-54,97948,51828,46120,1283,938,345,87199,48471,38728,9071,2166,6905,248,155,93,147,98,49,0,0,0
03,035,District - Gurdaspur (01),Total,55-59,77086,38905,38181,914,653,261,67807,35976,31831,8088,2112,5976,176,97,79,101,67,34,0,0,0
03,035,District - Gurdaspur (01),Total,60-64,83842,39568,44274,1332,901,431,67833,34958,32875,14409,3569,10840,179,89,90,89,51,38,0,0,0
03,035,District - Gurdaspur (01),Total,65-69,62915,32538,30377,1342,875,467,47508,27510,19998,13892,4050,9842,112,71,41,61,32,29,0,0,0
03,035,District - Gurdaspur (01),Total,70-74,45002,23915,21087,774,523,251,28573,18689,9884,15502,4621,10881,121,68,53,32,14,18,0,0,0
03,035,District - Gurdaspur (01),Total,75-79,21475,10860,10615,322,226,96,13005,7848,5157,8074,2742,5332,55,32,23,19,12,7,0,0,0
03,035,District - Gurdaspur (01),Total,80+,35033,17411,17622,1605,977,628,15358,10087,5271,17984,6300,11684,68,42,26,18,5,13,0,0,0
03,035,District - Gurdaspur (01),Total,Age not stated,2248,1238,1010,1315,822,493,826,384,442,103,31,72,2,0,2,2,1,1,0,0,0
03,035,District - Gurdaspur (01),Total,Less than 18,732053,407257,324796,721144,402864,318280,10248,4104,6144,402,159,243,216,113,103,43,17,26,0,0,0
03,035,District - Gurdaspur (01),Total,Less than 21,881357,488720,392637,851815,479421,372394,28389,8809,19580,707,269,438,334,176,158,112,45,67,0,0,0
03,035,District - Gurdaspur (01),Rural,All ages,1639004,855784,783220,763290,443838,319452,792295,385953,406342,78640,23241,55399,2715,1434,1281,2064,1318,746,0,0,0
03,035,District - Gurdaspur (01),Rural,0-9,277813,153153,124660,277813,153153,124660,0,0,0,0,0,0,0,0,0,0,0,0,0,0,0
03,035,District - Gurdaspur (01),Rural,10-14,161673,90702,70971,157973,89083,68890,3454,1509,1945,142,50,92,85,50,35,19,10,9,0,0,0
03,035,District - Gurdaspur (01),Rural,15-19,176551,97722,78829,165923,94453,71470,10190,3091,7099,273,104,169,117,56,61,48,18,30,0,0,0
03,035,District - Gurdaspur (01),Rural,20-24,159557,81323,78234,104399,64824,39575,54312,16186,38126,479,169,310,216,73,143,151,71,80,0,0,0
03,035,District - Gurdaspur (01),Rural,25-29,137390,67542,69848,36030,26437,9593,99779,40497,59282,965,290,675,313,141,172,303,177,126,0,0,0
03,035,District - Gurdaspur (01),Rural,30-34,116724,57361,59363,8464,6665,1799,105745,49816,55929,1778,456,1322,352,168,184,385,256,129,0,0,0
03,035,District - Gurdaspur (01),Rural,35-39,114920,56630,58290,3019,2359,660,108189,53149,55040,2915,633,2282,419,219,200,378,270,108,0,0,0
03,035,District - Gurdaspur (01),Rural,40-44,102452,51450,51002,1826,1413,413,95716,48641,47075,4323,1014,3309,312,188,124,275,194,81,0,0,0
03,035,District - Gurdaspur (01),Rural,45-49,87894,45541,42353,1194,929,265,80822,43052,37770,5455,1280,4175,236,154,82,187,126,61,0,0,0
03,035,District - Gurdaspur (01),Rural,50-54,65812,35010,30802,885,667,218,58569,32608,25961,6113,1575,4538,147,94,53,98,66,32,0,0,0
03,035,District - Gurdaspur (01),Rural,55-59,51505,25483,26022,646,484,162,45451,23426,22025,5237,1469,3768,110,63,47,61,41,20,0,0,0
03,035,District - Gurdaspur (01),Rural,60-64,61023,28303,32720,1015,709,306,49671,24871,24800,10142,2621,7521,134,64,70,61,38,23,0,0,0
03,035,District - Gurdaspur (01),Rural,65-69,47290,24618,22672,1024,685,339,36087,20755,15332,10050,3097,6953,84,55,29,45,26,19,0,0,0
03,035,District - Gurdaspur (01),Rural,70-74,33769,18324,15445,604,416,188,21777,14315,7462,11266,3528,7738,96,53,43,26,12,14,0,0,0
03,035,District - Gurdaspur (01),Rural,75-79,15943,8099,7844,242,177,65,9901,5855,4046,5747,2033,3714,39,24,15,14,10,4,0,0,0
03,035,District - Gurdaspur (01),Rural,80+,26903,13529,13374,1163,711,452,11991,7883,4108,13684,4900,8784,53,32,21,12,3,9,0,0,0
03,035,District - Gurdaspur (01),Rural,Age not stated,1785,994,791,1070,673,397,641,299,342,71,22,49,2,0,2,1,0,1,0,0,0
03,035,District - Gurdaspur (01),Rural,Less than 18,545670,302749,242921,537562,299511,238051,7599,3018,4581,313,118,195,157,86,71,39,16,23,0,0,0
03,035,District - Gurdaspur (01),Rural,Less than 21,653985,361637,292348,631790,354692,277098,21314,6581,14733,553,202,351,240,127,113,88,35,53,0,0,0
03,035,District - Gurdaspur (01),Urban,All ages,659319,356833,302486,290901,173485,117416,335170,174585,160585,31170,7707,23463,1157,571,586,921,485,436,0,0,0
03,035,District - Gurdaspur (01),Urban,0-9,95725,53007,42718,95725,53007,42718,0,0,0,0,0,0,0,0,0,0,0,0,0,0,0
03,035,District - Gurdaspur (01),Urban,10-14,54840,31355,23485,53520,30762,22758,1245,561,684,36,18,18,36,14,22,3,0,3,0,0,0
03,035,District - Gurdaspur (01),Urban,15-19,62230,34780,27450,58691,33699,24992,3401,1014,2387,85,35,50,43,28,15,10,4,6,0,0,0
03,035,District - Gurdaspur (01),Urban,20-24,68704,37505,31199,49620,31539,18081,18781,5851,12930,185,59,126,66,34,32,52,22,30,0,0,0
03,035,District - Gurdaspur (01),Urban,25-29,66938,37324,29614,22920,16874,6046,43444,20250,23194,297,89,208,150,63,87,127,48,79,0,0,0
03,035,District - Gurdaspur (01),Urban,30-34,55299,30777,24522,5244,4069,1175,49095,26379,22716,594,146,448,162,72,90,204,111,93,0,0,0
03,035,District - Gurdaspur (01),Urban,35-39,50044,26333,23711,1625,1171,454,47010,24747,22263,1079,248,831,165,78,87,165,89,76,0,0,0
03,035,District - Gurdaspur (01),Urban,40-44,44175,23152,21023,817,608,209,41395,22084,19311,1703,335,1368,142,58,84,118,67,51,0,0,0
03,035,District - Gurdaspur (01),Urban,45-49,39845,20697,19148,501,363,138,36778,19788,16990,2378,431,1947,97,55,42,91,60,31,0,0,0
03,035,District - Gurdaspur (01),Urban,50-54,32136,16818,15318,398,271,127,28630,15863,12767,2958,591,2367,101,61,40,49,32,17,0,0,0
03,035,District - Gurdaspur (01),Urban,55-59,25581,13422,12159,268,169,99,22356,12550,9806,2851,643,2208,66,34,32,40,26,14,0,0,0
03,035,District - Gurdaspur (01),Urban,60-64,22819,11265,11554,317,192,125,18162,10087,8075,4267,948,3319,45,25,20,28,13,15,0,0,0
03,035,District - Gurdaspur (01),Urban,65-69,15625,7920,7705,318,190,128,11421,6755,4666,3842,953,2889,28,16,12,16,6,10,0,0,0
03,035,District - Gurdaspur (01),Urban,70-74,11233,5591,5642,170,107,63,6796,4374,2422,4236,1093,3143,25,15,10,6,2,4,0,0,0
03,035,District - Gurdaspur (01),Urban,75-79,5532,2761,2771,80,49,31,3104,1993,1111,2327,709,1618,16,8,8,5,2,3,0,0,0
03,035,District - Gurdaspur (01),Urban,80+,8130,3882,4248,442,266,176,3367,2204,1163,4300,1400,2900,15,10,5,6,2,4,0,0,0
03,035,District - Gurdaspur (01),Urban,Age not stated,463,244,219,245,149,96,185,85,100,32,9,23,0,0,0,1,1,0,0,0,0
03,035,District - Gurdaspur (01),Urban,Less than 18,186383,104508,81875,183582,103353,80229,2649,1086,1563,89,41,48,59,27,32,4,1,3,0,0,0
03,035,District - Gurdaspur (01),Urban,Less than 21,227372,127083,100289,220025,124729,95296,7075,2228,4847,154,67,87,94,49,45,24,10,14,0,0,0
03,036,District - Kapurthala  (02),Total,All ages,815168,426311,388857,367435,212383,155052,404193,199712,204481,38948,11576,27372,3110,1856,1254,1482,784,698,0,0,0
03,036,District - Kapurthala  (02),Total,0-9,127654,68762,58892,127654,68762,58892,0,0,0,0,0,0,0,0,0,0,0,0,0,0,0
03,036,District - Kapurthala  (02),Total,10-14,76090,42973,33117,73935,42010,31925,2016,904,1112,67,26,41,57,29,28,15,4,11,0,0,0
03,036,District - Kapurthala  (02),Total,15-19,82963,46375,36588,77583,44567,33016,5147,1692,3455,117,55,62,96,51,45,20,10,10,0,0,0
03,036,District - Kapurthala  (02),Total,20-24,78513,40779,37734,54183,32958,21225,23795,7592,16203,192,58,134,245,153,92,98,18,80,0,0,0
03,036,District - Kapurthala  (02),Total,25-29,68111,34771,33340,21065,14724,6341,45961,19486,26475,387,104,283,521,377,144,177,80,97,0,0,0
03,036,District - Kapurthala  (02),Total,30-34,59221,29836,29385,5540,4092,1448,52171,25076,27095,714,201,513,520,343,177,276,124,152,0,0,0
03,036,District - Kapurthala  (02),Total,35-39,57703,28557,29146,1891,1432,459,53762,26438,27324,1322,275,1047,468,264,204,260,148,112,0,0,0
03,036,District - Kapurthala  (02),Total,40-44,55258,27307,27951,1072,785,287,51496,25781,25715,2115,424,1691,366,194,172,209,123,86,0,0,0
03,036,District - Kapurthala  (02),Total,45-49,50142,25508,24634,683,522,161,46162,24104,22058,2846,625,2221,301,161,140,150,96,54,0,0,0
03,036,District - Kapurthala  (02),Total,50-54,40405,21078,19327,540,390,150,36201,19745,16456,3385,781,2604,176,88,88,103,74,29,0,0,0
03,036,District - Kapurthala  (02),Total,55-59,30586,15790,14796,403,279,124,26766,14517,12249,3249,894,2355,105,57,48,63,43,20,0,0,0
03,036,District - Kapurthala  (02),Total,60-64,28986,14311,14675,465,328,137,23416,12526,10890,4974,1387,3587,85,45,40,46,25,21,0,0,0
03,036,District - Kapurthala  (02),Total,65-69,21023,10514,10509,445,285,160,15844,8729,7115,4654,1457,3197,57,30,27,23,13,10,0,0,0
03,036,District - Kapurthala  (02),Total,70-74,15961,8324,7637,309,214,95,10294,6414,3880,5299,1666,3633,46,22,24,13,8,5,0,0,0
03,036,District - Kapurthala  (02),Total,75-79,8277,4251,4026,145,100,45,4965,2970,1995,3134,1159,1975,26,17,9,7,5,2,0,0,0
03,036,District - Kapurthala  (02),Total,80+,12595,6278,6317,691,412,279,5435,3396,2039,6419,2439,3980,35,21,14,15,10,5,0,0,0
03,036,District - Kapurthala  (02),Total,Age not stated,1680,897,783,831,523,308,762,342,420,74,25,49,6,4,2,7,3,4,0,0,0
03,036,District - Kapurthala  (02),Total,Less than 18,252401,139063,113338,248008,137234,110774,4136,1711,2425,131,55,76,104,53,51,22,10,12,0,0,0
03,036,District - Kapurthala  (02),Total,Less than 21,304717,167755,136962,293718,163993,129725,10545,3560,6985,221,87,134,189,100,89,44,15,29,0,0,0
03,036,District - Kapurthala  (02),Rural,All ages,532706,275932,256774,242631,139745,102886,261443,126833,134610,26271,8171,18100,1446,675,771,915,508,407,0,0,0
03,036,District - Kapurthala  (02),Rural,0-9,85403,46214,39189,85403,46214,39189,0,0,0,0,0,0,0,0,0,0,0,0,0,0,0
03,036,District - Kapurthala  (02),Rural,10-14,51232,28808,22424,49736,28130,21606,1389,634,755,54,22,32,42,19,23,11,3,8,0,0,0
03,036,District - Kapurthala  (02),Rural,15-19,55578,30875,24703,51985,29652,22333,3454,1155,2299,86,45,41,38,15,23,15,8,7,0,0,0
03,036,District - Kapurthala  (02),Rural,20-24,50596,25781,24815,34564,20770,13794,15728,4921,10807,143,46,97,91,34,57,70,10,60,0,0,0
03,036,District - Kapurthala  (02),Rural,25-29,42117,20896,21221,12692,8875,3817,28908,11839,17069,268,73,195,149,62,87,100,47,53,0,0,0
03,036,District - Kapurthala  (02),Rural,30-34,37136,18025,19111,3382,2549,833,32887,15153,17734,479,131,348,210,101,109,178,91,87,0,0,0
03,036,District - Kapurthala  (02),Rural,35-39,36880,18048,18832,1128,876,252,34501,16794,17707,881,183,698,227,106,121,143,89,54,0,0,0
03,036,District - Kapurthala  (02),Rural,40-44,35380,17362,18018,677,519,158,32988,16386,16602,1386,291,1095,202,90,112,127,76,51,0,0,0
03,036,District - Kapurthala  (02),Rural,45-49,31499,15781,15718,447,360,87,28960,14858,14102,1844,425,1419,164,79,85,84,59,25,0,0,0
03,036,District - Kapurthala  (02),Rural,50-54,25373,13056,12317,345,263,82,22761,12200,10561,2104,500,1604,101,48,53,62,45,17,0,0,0
03,036,District - Kapurthala  (02),Rural,55-59,19242,9788,9454,242,187,55,16869,8956,7913,2033,584,1449,57,32,25,41,29,12,0,0,0
03,036,District - Kapurthala  (02),Rural,60-64,19577,9448,10129,323,235,88,15891,8221,7670,3271,944,2327,58,29,29,34,19,15,0,0,0
03,036,District - Kapurthala  (02),Rural,65-69,14872,7451,7421,312,207,105,11375,6184,5191,3135,1029,2106,34,20,14,16,11,5,0,0,0
03,036,District - Kapurthala  (02),Rural,70-74,11411,6036,5375,212,165,47,7470,4640,2830,3685,1207,2478,34,18,16,10,6,4,0,0,0
03,036,District - Kapurthala  (02),Rural,75-79,5874,3025,2849,99,72,27,3615,2110,1505,2135,827,1308,19,12,7,6,4,2,0,0,0
03,036,District - Kapurthala  (02),Rural,80+,9240,4660,4580,453,273,180,4053,2529,1524,4705,1841,2864,16,8,8,13,9,4,0,0,0
03,036,District - Kapurthala  (02),Rural,Age not stated,1296,678,618,631,398,233,594,253,341,62,23,39,4,2,2,5,2,3,0,0,0
03,036,District - Kapurthala  (02),Rural,Less than 18,169394,93252,76142,166407,91995,74412,2814,1181,1633,98,44,54,58,24,34,17,8,9,0,0,0
03,036,District - Kapurthala  (02),Rural,Less than 21,204094,112114,91980,196660,109561,87099,7136,2428,4708,169,72,97,95,41,54,34,12,22,0,0,0
03,036,District - Kapurthala  (02),Urban,All ages,282462,150379,132083,124804,72638,52166,142750,72879,69871,12677,3405,9272,1664,1181,483,567,276,291,0,0,0
03,036,District - Kapurthala  (02),Urban,0-9,42251,22548,19703,42251,22548,19703,0,0,0,0,0,0,0,0,0,0,0,0,0,0,0
03,036,District - Kapurthala  (02),Urban,10-14,24858,14165,10693,24199,13880,10319,627,270,357,13,4,9,15,10,5,4,1,3,0,0,0
03,036,District - Kapurthala  (02),Urban,15-19,27385,15500,11885,25598,14915,10683,1693,537,1156,31,10,21,58,36,22,5,2,3,0,0,0
03,036,District - Kapurthala  (02),Urban,20-24,27917,14998,12919,19619,12188,7431,8067,2671,5396,49,12,37,154,119,35,28,8,20,0,0,0
03,036,District - Kapurthala  (02),Urban,25-29,25994,13875,12119,8373,5849,2524,17053,7647,9406,119,31,88,372,315,57,77,33,44,0,0,0
03,036,District - Kapurthala  (02),Urban,30-34,22085,11811,10274,2158,1543,615,19284,9923,9361,235,70,165,310,242,68,98,33,65,0,0,0
03,036,District - Kapurthala  (02),Urban,35-39,20823,10509,10314,763,556,207,19261,9644,9617,441,92,349,241,158,83,117,59,58,0,0,0
03,036,District - Kapurthala  (02),Urban,40-44,19878,9945,9933,395,266,129,18508,9395,9113,729,133,596,164,104,60,82,47,35,0,0,0
03,036,District - Kapurthala  (02),Urban,45-49,18643,9727,8916,236,162,74,17202,9246,7956,1002,200,802,137,82,55,66,37,29,0,0,0
03,036,District - Kapurthala  (02),Urban,50-54,15032,8022,7010,195,127,68,13440,7545,5895,1281,281,1000,75,40,35,41,29,12,0,0,0
03,036,District - Kapurthala  (02),Urban,55-59,11344,6002,5342,161,92,69,9897,5561,4336,1216,310,906,48,25,23,22,14,8,0,0,0
03,036,District - Kapurthala  (02),Urban,60-64,9409,4863,4546,142,93,49,7525,4305,3220,1703,443,1260,27,16,11,12,6,6,0,0,0
03,036,District - Kapurthala  (02),Urban,65-69,6151,3063,3088,133,78,55,4469,2545,1924,1519,428,1091,23,10,13,7,2,5,0,0,0
03,036,District - Kapurthala  (02),Urban,70-74,4550,2288,2262,97,49,48,2824,1774,1050,1614,459,1155,12,4,8,3,2,1,0,0,0
03,036,District - Kapurthala  (02),Urban,75-79,2403,1226,1177,46,28,18,1350,860,490,999,332,667,7,5,2,1,1,0,0,0,0
03,036,District - Kapurthala  (02),Urban,80+,3355,1618,1737,238,139,99,1382,867,515,1714,598,1116,19,13,6,2,1,1,0,0,0
03,036,District - Kapurthala  (02),Urban,Age not stated,384,219,165,200,125,75,168,89,79,12,2,10,2,2,0,2,1,1,0,0,0
03,036,District - Kapurthala  (02),Urban,Less than 18,83007,45811,37196,81601,45239,36362,1322,530,792,33,11,22,46,29,17,5,2,3,0,0,0
03,036,District - Kapurthala  (02),Urban,Less than 21,100623,55641,44982,97058,54432,42626,3409,1132,2277,52,15,37,94,59,35,10,3,7,0,0,0
03,037,District - Jalandhar (03),Total,All ages,2193590,1145211,1048379,990573,573059,417514,1080500,535668,544832,109866,30238,79628,8065,3892,4173,4586,2354,2232,0,0,0
03,037,District - Jalandhar (03),Total,0-9,333654,179486,154168,333654,179486,154168,0,0,0,0,0,0,0,0,0,0,0,0,0,0,0
03,037,District - Jalandhar (03),Total,10-14,193885,108015,85870,188801,105747,83054,4748,2109,2639,176,67,109,139,80,59,21,12,9,0,0,0
03,037,District - Jalandhar (03),Total,15-19,214709,118410,96299,201147,114174,86973,13101,4025,9076,243,100,143,178,101,77,40,10,30,0,0,0
03,037,District - Jalandhar (03),Total,20-24,219034,115162,103872,155880,95250,60630,61806,19362,42444,559,211,348,558,270,288,231,69,162,0,0,0
03,037,District - Jalandhar (03),Total,25-29,197874,101215,96659,69352,48031,21321,125924,52196,73728,1063,340,723,945,422,523,590,226,364,0,0,0
03,037,District - Jalandhar (03),Total,30-34,170689,86548,84141,19527,14412,5115,147157,70643,76514,1938,554,1384,1163,513,650,904,426,478,0,0,0
03,037,District - Jalandhar (03),Total,35-39,164004,83009,80995,6776,5111,1665,151468,75976,75492,3624,836,2788,1250,598,652,886,488,398,0,0,0
03,037,District - Jalandhar (03),Total,40-44,147919,74007,73912,3628,2673,955,136561,69189,67372,5912,1225,4687,1116,515,601,702,405,297,0,0,0
03,037,District - Jalandhar (03),Total,45-49,133819,67687,66132,2382,1795,587,121534,63412,58122,8560,1800,6760,893,397,496,450,283,167,0,0,0
03,037,District - Jalandhar (03),Total,50-54,109668,56890,52778,1817,1322,495,96755,52805,43950,10114,2237,7877,664,340,324,318,186,132,0,0,0
03,037,District - Jalandhar (03),Total,55-59,83781,43375,40406,1279,891,388,72254,39801,32453,9735,2409,7326,368,189,179,145,85,60,0,0,0
03,037,District - Jalandhar (03),Total,60-64,77479,37922,39557,1402,950,452,60991,33200,27791,14663,3531,11132,289,167,122,134,74,60,0,0,0
03,037,District - Jalandhar (03),Total,65-69,54431,27384,27047,1238,821,417,39400,22643,16757,13516,3776,9740,210,113,97,67,31,36,0,0,0
03,037,District - Jalandhar (03),Total,70-74,40280,20388,19892,843,596,247,24712,15410,9302,14540,4273,10267,143,85,58,42,24,18,0,0,0
03,037,District - Jalandhar (03),Total,75-79,21528,10848,10680,426,271,155,12034,7397,4637,8971,3118,5853,70,48,22,27,14,13,0,0,0
03,037,District - Jalandhar (03),Total,80+,29282,13997,15285,1496,946,550,11511,7245,4266,16175,5738,10437,76,51,25,24,17,7,0,0,0
03,037,District - Jalandhar (03),Total,Age not stated,1554,868,686,925,583,342,544,255,289,77,23,54,3,3,0,5,4,1,0,0,0
03,037,District - Jalandhar (03),Total,Less than 18,651658,355985,295673,640931,351685,289246,10154,4039,6115,327,127,200,209,119,90,37,15,22,0,0,0
03,037,District - Jalandhar (03),Total,Less than 21,791105,432384,358721,763464,423277,340187,26609,8645,17964,526,200,326,410,229,181,96,33,63,0,0,0
03,037,District - Jalandhar (03),Rural,All ages,1032419,528790,503629,473945,271824,202121,494715,237616,257099,57575,16464,41111,3982,1643,2339,2202,1243,959,0,0,0
03,037,District - Jalandhar (03),Rural,0-9,157166,84081,73085,157166,84081,73085,0,0,0,0,0,0,0,0,0,0,0,0,0,0,0
03,037,District - Jalandhar (03),Rural,10-14,95389,52849,42540,93147,51813,41334,2072,953,1119,83,34,49,80,44,36,7,5,2,0,0,0
03,037,District - Jalandhar (03),Rural,15-19,105319,57080,48239,99346,55275,44071,5787,1725,4062,96,42,54,74,35,39,16,3,13,0,0,0
03,037,District - Jalandhar (03),Rural,20-24,99802,50875,48927,72430,42986,29444,26750,7678,19072,275,106,169,227,70,157,120,35,85,0,0,0
03,037,District - Jalandhar (03),Rural,25-29,84705,41669,43036,31545,21750,9795,51974,19550,32424,480,140,340,410,118,292,296,111,185,0,0,0
03,037,District - Jalandhar (03),Rural,30-34,74076,36372,37704,9326,7234,2092,62866,28502,34364,914,250,664,541,175,366,429,211,218,0,0,0
03,037,District - Jalandhar (03),Rural,35-39,73771,36170,37601,3213,2604,609,67781,32681,35100,1735,371,1364,646,258,388,396,256,140,0,0,0
03,037,District - Jalandhar (03),Rural,40-44,69567,33792,35775,1789,1453,336,63897,31284,32613,2984,595,2389,579,249,330,318,211,107,0,0,0
03,037,District - Jalandhar (03),Rural,45-49,62697,31024,31673,1207,993,214,56585,28776,27809,4245,933,3312,448,171,277,212,151,61,0,0,0
03,037,District - Jalandhar (03),Rural,50-54,50959,26180,24779,937,764,173,44630,24031,20599,4904,1128,3776,322,155,167,166,102,64,0,0,0
03,037,District - Jalandhar (03),Rural,55-59,39343,19877,19466,644,515,129,33650,17995,15655,4784,1217,3567,194,97,97,71,53,18,0,0,0
03,037,District - Jalandhar (03),Rural,60-64,39143,18580,20563,707,559,148,30720,16022,14698,7487,1866,5621,152,86,66,77,47,30,0,0,0
03,037,District - Jalandhar (03),Rural,65-69,28955,14536,14419,607,467,140,21091,11919,9172,7100,2068,5032,119,61,58,38,21,17,0,0,0
03,037,District - Jalandhar (03),Rural,70-74,22083,11207,10876,492,389,103,13471,8289,5182,8010,2459,5551,86,54,32,24,16,8,0,0,0
03,037,District - Jalandhar (03),Rural,75-79,11852,5975,5877,243,191,52,6674,3959,2715,4870,1782,3088,48,33,15,17,10,7,0,0,0
03,037,District - Jalandhar (03),Rural,80+,16942,8156,8786,713,479,234,6590,4172,2418,9572,3461,6111,53,34,19,14,10,4,0,0,0
03,037,District - Jalandhar (03),Rural,Age not stated,650,367,283,433,271,162,177,80,97,36,12,24,3,3,0,1,1,0,0,0,0
03,037,District - Jalandhar (03),Rural,Less than 18,314571,170618,143953,309823,168673,141150,4481,1819,2662,142,60,82,112,59,53,13,7,6,0,0,0
03,037,District - Jalandhar (03),Rural,Less than 21,380556,206048,174508,368481,202159,166322,11625,3700,7925,224,88,136,188,88,100,38,13,25,0,0,0
03,037,District - Jalandhar (03),Urban,All ages,1161171,616421,544750,516628,301235,215393,585785,298052,287733,52291,13774,38517,4083,2249,1834,2384,1111,1273,0,0,0
03,037,District - Jalandhar (03),Urban,0-9,176488,95405,81083,176488,95405,81083,0,0,0,0,0,0,0,0,0,0,0,0,0,0,0
03,037,District - Jalandhar (03),Urban,10-14,98496,55166,43330,95654,53934,41720,2676,1156,1520,93,33,60,59,36,23,14,7,7,0,0,0
03,037,District - Jalandhar (03),Urban,15-19,109390,61330,48060,101801,58899,42902,7314,2300,5014,147,58,89,104,66,38,24,7,17,0,0,0
03,037,District - Jalandhar (03),Urban,20-24,119232,64287,54945,83450,52264,31186,35056,11684,23372,284,105,179,331,200,131,111,34,77,0,0,0
03,037,District - Jalandhar (03),Urban,25-29,113169,59546,53623,37807,26281,11526,73950,32646,41304,583,200,383,535,304,231,294,115,179,0,0,0
03,037,District - Jalandhar (03),Urban,30-34,96613,50176,46437,10201,7178,3023,84291,42141,42150,1024,304,720,622,338,284,475,215,260,0,0,0
03,037,District - Jalandhar (03),Urban,35-39,90233,46839,43394,3563,2507,1056,83687,43295,40392,1889,465,1424,604,340,264,490,232,258,0,0,0
03,037,District - Jalandhar (03),Urban,40-44,78352,40215,38137,1839,1220,619,72664,37905,34759,2928,630,2298,537,266,271,384,194,190,0,0,0
03,037,District - Jalandhar (03),Urban,45-49,71122,36663,34459,1175,802,373,64949,34636,30313,4315,867,3448,445,226,219,238,132,106,0,0,0
03,037,District - Jalandhar (03),Urban,50-54,58709,30710,27999,880,558,322,52125,28774,23351,5210,1109,4101,342,185,157,152,84,68,0,0,0
03,037,District - Jalandhar (03),Urban,55-59,44438,23498,20940,635,376,259,38604,21806,16798,4951,1192,3759,174,92,82,74,32,42,0,0,0
03,037,District - Jalandhar (03),Urban,60-64,38336,19342,18994,695,391,304,30271,17178,13093,7176,1665,5511,137,81,56,57,27,30,0,0,0
03,037,District - Jalandhar (03),Urban,65-69,25476,12848,12628,631,354,277,18309,10724,7585,6416,1708,4708,91,52,39,29,10,19,0,0,0
03,037,District - Jalandhar (03),Urban,70-74,18197,9181,9016,351,207,144,11241,7121,4120,6530,1814,4716,57,31,26,18,8,10,0,0,0
03,037,District - Jalandhar (03),Urban,75-79,9676,4873,4803,183,80,103,5360,3438,1922,4101,1336,2765,22,15,7,10,4,6,0,0,0
03,037,District - Jalandhar (03),Urban,80+,12340,5841,6499,783,467,316,4921,3073,1848,6603,2277,4326,23,17,6,10,7,3,0,0,0
03,037,District - Jalandhar (03),Urban,Age not stated,904,501,403,492,312,180,367,175,192,41,11,30,0,0,0,4,3,1,0,0,0
03,037,District - Jalandhar (03),Urban,Less than 18,337087,185367,151720,331108,183012,148096,5673,2220,3453,185,67,118,97,60,37,24,8,16,0,0,0
03,037,District - Jalandhar (03),Urban,Less than 21,410549,226336,184213,394983,221118,173865,14984,4945,10039,302,112,190,222,141,81,58,20,38,0,0,0
03,038,District - Hoshiarpur (04),Total,All ages,1586625,809057,777568,720066,414356,305710,770150,367599,402551,89012,23360,65652,4184,2009,2175,3213,1733,1480,0,0,0
03,038,District - Hoshiarpur (04),Total,0-9,249169,134459,114710,249169,134459,114710,0,0,0,0,0,0,0,0,0,0,0,0,0,0,0
03,038,District - Hoshiarpur (04),Total,10-14,143934,79682,64252,140658,78267,62391,3070,1309,1761,124,62,62,77,40,37,5,4,1,0,0,0
03,038,District - Hoshiarpur (04),Total,15-19,159379,86586,72793,150698,84056,66642,8351,2403,5948,189,65,124,117,55,62,24,7,17,0,0,0
03,038,District - Hoshiarpur (04),Total,20-24,150142,75478,74664,107880,64666,43214,41533,10563,30970,325,112,213,239,93,146,165,44,121,0,0,0
03,038,District - Hoshiarpur (04),Total,25-29,129117,61377,67740,43360,30738,12622,84064,30050,54014,754,226,528,478,172,306,461,191,270,0,0,0
03,038,District - Hoshiarpur (04),Total,30-34,114288,54635,59653,11433,8845,2588,100104,44836,55268,1491,355,1136,671,293,378,589,306,283,0,0,0
03,038,District - Hoshiarpur (04),Total,35-39,110698,53045,57653,4145,3323,822,102601,48572,54029,2829,550,2279,570,270,300,553,330,223,0,0,0
03,038,District - Hoshiarpur (04),Total,40-44,102996,49738,53258,2639,2145,494,94969,46184,48785,4400,814,3586,545,301,244,443,294,149,0,0,0
03,038,District - Hoshiarpur (04),Total,45-49,94800,46677,48123,1854,1540,314,85871,43566,42305,6295,1151,5144,448,222,226,332,198,134,0,0,0
03,038,District - Hoshiarpur (04),Total,50-54,80535,40922,39613,1540,1259,281,71011,37760,33251,7406,1580,5826,333,176,157,245,147,98,0,0,0
03,038,District - Hoshiarpur (04),Total,55-59,64648,33693,30955,1054,841,213,55648,30821,24827,7610,1854,5756,212,106,106,124,71,53,0,0,0
03,038,District - Hoshiarpur (04),Total,60-64,60599,29708,30891,1182,939,243,48106,26028,22078,11014,2578,8436,187,102,85,110,61,49,0,0,0
03,038,District - Hoshiarpur (04),Total,65-69,43634,22181,21453,1118,876,242,31748,18438,13310,10603,2774,7829,102,59,43,63,34,29,0,0,0
03,038,District - Hoshiarpur (04),Total,70-74,33969,17098,16871,795,633,162,20954,13048,7906,12105,3361,8744,76,37,39,39,19,20,0,0,0
03,038,District - Hoshiarpur (04),Total,75-79,18815,9536,9279,457,366,91,10534,6576,3958,7764,2566,5198,44,23,21,16,5,11,0,0,0
03,038,District - Hoshiarpur (04),Total,80+,28471,13481,14990,1364,952,412,10968,7165,3803,16027,5290,10737,76,54,22,36,20,16,0,0,0
03,038,District - Hoshiarpur (04),Total,Age not stated,1431,761,670,720,451,269,618,280,338,76,22,54,9,6,3,8,2,6,0,0,0
03,038,District - Hoshiarpur (04),Total,Less than 18,486896,265215,221681,480037,262562,217475,6461,2479,3982,250,98,152,134,69,65,14,7,7,0,0,0
03,038,District - Hoshiarpur (04),Total,Less than 21,585821,318354,267467,568175,312955,255220,16994,5127,11867,369,144,225,234,114,120,49,14,35,0,0,0
03,038,District - Hoshiarpur (04),Rural,All ages,1251656,634470,617186,571638,328352,243286,602501,284009,318492,71805,19131,52674,3206,1574,1632,2506,1404,1102,0,0,0
03,038,District - Hoshiarpur (04),Rural,0-9,199063,107313,91750,199063,107313,91750,0,0,0,0,0,0,0,0,0,0,0,0,0,0,0
03,038,District - Hoshiarpur (04),Rural,10-14,115955,64194,51761,113344,63051,50293,2452,1058,1394,101,50,51,53,31,22,5,4,1,0,0,0
03,038,District - Hoshiarpur (04),Rural,15-19,127690,68826,58864,120872,66860,54012,6553,1864,4689,153,51,102,94,46,48,18,5,13,0,0,0
03,038,District - Hoshiarpur (04),Rural,20-24,116900,58054,58846,83653,49936,33717,32657,7917,24740,262,95,167,185,70,115,143,36,107,0,0,0
03,038,District - Hoshiarpur (04),Rural,25-29,98714,45951,52763,32217,23101,9116,65171,22390,42781,612,184,428,363,126,237,351,150,201,0,0,0
03,038,District - Hoshiarpur (04),Rural,30-34,88140,41432,46708,8576,6792,1784,77408,33901,43507,1213,282,931,495,213,282,448,244,204,0,0,0
03,038,District - Hoshiarpur (04),Rural,35-39,86288,40924,45364,3247,2672,575,79894,37349,42545,2281,429,1852,438,212,226,428,262,166,0,0,0
03,038,District - Hoshiarpur (04),Rural,40-44,80890,38766,42124,2128,1783,345,74455,35826,38629,3521,662,2859,422,244,178,364,251,113,0,0,0
03,038,District - Hoshiarpur (04),Rural,45-49,73623,36230,37393,1538,1314,224,66499,33640,32859,4986,929,4057,341,178,163,259,169,90,0,0,0
03,038,District - Hoshiarpur (04),Rural,50-54,61807,31363,30444,1272,1089,183,54423,28765,25658,5673,1260,4413,251,135,116,188,114,74,0,0,0
03,038,District - Hoshiarpur (04),Rural,55-59,49538,25672,23866,875,718,157,42633,23391,19242,5790,1428,4362,151,80,71,89,55,34,0,0,0
03,038,District - Hoshiarpur (04),Rural,60-64,48128,23329,24799,1012,829,183,38192,20289,17903,8678,2071,6607,160,89,71,86,51,35,0,0,0
03,038,District - Hoshiarpur (04),Rural,65-69,35686,18125,17561,966,773,193,26007,15004,11003,8583,2272,6311,86,51,35,44,25,19,0,0,0
03,038,District - Hoshiarpur (04),Rural,70-74,28222,14222,14000,681,563,118,17467,10827,6640,9981,2785,7196,61,31,30,32,16,16,0,0,0
03,038,District - Hoshiarpur (04),Rural,75-79,15568,7886,7682,402,334,68,8752,5413,3339,6364,2116,4248,35,19,16,15,4,11,0,0,0
03,038,District - Hoshiarpur (04),Rural,80+,24214,11539,12675,1163,831,332,9408,6144,3264,13547,4500,9047,66,47,19,30,17,13,0,0,0
03,038,District - Hoshiarpur (04),Rural,Age not stated,1230,644,586,629,393,236,530,231,299,60,17,43,5,2,3,6,1,5,0,0,0
03,038,District - Hoshiarpur (04),Rural,Less than 18,390718,212395,178323,385236,210273,174963,5167,1983,3184,203,76,127,101,57,44,11,6,5,0,0,0
03,038,District - Hoshiarpur (04),Rural,Less than 21,468840,253970,214870,454968,249776,205192,13356,3975,9381,299,116,183,178,92,86,39,11,28,0,0,0
03,038,District - Hoshiarpur (04),Urban,All ages,334969,174587,160382,148428,86004,62424,167649,83590,84059,17207,4229,12978,978,435,543,707,329,378,0,0,0
03,038,District - Hoshiarpur (04),Urban,0-9,50106,27146,22960,50106,27146,22960,0,0,0,0,0,0,0,0,0,0,0,0,0,0,0
03,038,District - Hoshiarpur (04),Urban,10-14,27979,15488,12491,27314,15216,12098,618,251,367,23,12,11,24,9,15,0,0,0,0,0,0
03,038,District - Hoshiarpur (04),Urban,15-19,31689,17760,13929,29826,17196,12630,1798,539,1259,36,14,22,23,9,14,6,2,4,0,0,0
03,038,District - Hoshiarpur (04),Urban,20-24,33242,17424,15818,24227,14730,9497,8876,2646,6230,63,17,46,54,23,31,22,8,14,0,0,0
03,038,District - Hoshiarpur (04),Urban,25-29,30403,15426,14977,11143,7637,3506,18893,7660,11233,142,42,100,115,46,69,110,41,69,0,0,0
03,038,District - Hoshiarpur (04),Urban,30-34,26148,13203,12945,2857,2053,804,22696,10935,11761,278,73,205,176,80,96,141,62,79,0,0,0
03,038,District - Hoshiarpur (04),Urban,35-39,24410,12121,12289,898,651,247,22707,11223,11484,548,121,427,132,58,74,125,68,57,0,0,0
03,038,District - Hoshiarpur (04),Urban,40-44,22106,10972,11134,511,362,149,20514,10358,10156,879,152,727,123,57,66,79,43,36,0,0,0
03,038,District - Hoshiarpur (04),Urban,45-49,21177,10447,10730,316,226,90,19372,9926,9446,1309,222,1087,107,44,63,73,29,44,0,0,0
03,038,District - Hoshiarpur (04),Urban,50-54,18728,9559,9169,268,170,98,16588,8995,7593,1733,320,1413,82,41,41,57,33,24,0,0,0
03,038,District - Hoshiarpur (04),Urban,55-59,15110,8021,7089,179,123,56,13015,7430,5585,1820,426,1394,61,26,35,35,16,19,0,0,0
03,038,District - Hoshiarpur (04),Urban,60-64,12471,6379,6092,170,110,60,9914,5739,4175,2336,507,1829,27,13,14,24,10,14,0,0,0
03,038,District - Hoshiarpur (04),Urban,65-69,7948,4056,3892,152,103,49,5741,3434,2307,2020,502,1518,16,8,8,19,9,10,0,0,0
03,038,District - Hoshiarpur (04),Urban,70-74,5747,2876,2871,114,70,44,3487,2221,1266,2124,576,1548,15,6,9,7,3,4,0,0,0
03,038,District - Hoshiarpur (04),Urban,75-79,3247,1650,1597,55,32,23,1782,1163,619,1400,450,950,9,4,5,1,1,0,0,0,0
03,038,District - Hoshiarpur (04),Urban,80+,4257,1942,2315,201,121,80,1560,1021,539,2480,790,1690,10,7,3,6,3,3,0,0,0
03,038,District - Hoshiarpur (04),Urban,Age not stated,201,117,84,91,58,33,88,49,39,16,5,11,4,4,0,2,1,1,0,0,0
03,038,District - Hoshiarpur (04),Urban,Less than 18,96178,52820,43358,94801,52289,42512,1294,496,798,47,22,25,33,12,21,3,1,2,0,0,0
03,038,District - Hoshiarpur (04),Urban,Less than 21,116981,64384,52597,113207,63179,50028,3638,1152,2486,70,28,42,56,22,34,10,3,7,0,0,0
03,039,District - Shahid Bhagat Singh Nagar  (05),Total,All ages,612310,313291,299019,277085,159801,117284,296998,142588,154410,34874,9354,25520,2060,831,1229,1293,717,576,0,0,0
03,039,District - Shahid Bhagat Singh Nagar  (05),Total,0-9,92537,49639,42898,92537,49639,42898,0,0,0,0,0,0,0,0,0,0,0,0,0,0,0
03,039,District - Shahid Bhagat Singh Nagar  (05),Total,10-14,54662,30288,24374,53644,29866,23778,936,387,549,54,21,33,25,13,12,3,1,2,0,0,0
03,039,District - Shahid Bhagat Singh Nagar  (05),Total,15-19,61179,33081,28098,58209,32276,25933,2847,757,2090,72,24,48,42,21,21,9,3,6,0,0,0
03,039,District - Shahid Bhagat Singh Nagar  (05),Total,20-24,59848,30444,29404,42828,25842,16986,16687,4497,12190,130,38,92,125,45,80,78,22,56,0,0,0
03,039,District - Shahid Bhagat Singh Nagar  (05),Total,25-29,50371,24646,25725,17001,11945,5056,32682,12487,20195,270,78,192,246,72,174,172,64,108,0,0,0
03,039,District - Shahid Bhagat Singh Nagar  (05),Total,30-34,43785,21455,22330,4787,3753,1034,37909,17331,20578,541,124,417,287,104,183,261,143,118,0,0,0
03,039,District - Shahid Bhagat Singh Nagar  (05),Total,35-39,42919,20944,21975,1716,1424,292,39652,19095,20557,986,180,806,339,107,232,226,138,88,0,0,0
03,039,District - Shahid Bhagat Singh Nagar  (05),Total,40-44,40028,19551,20477,1062,906,156,36899,18150,18749,1648,278,1370,256,112,144,163,105,58,0,0,0
03,039,District - Shahid Bhagat Singh Nagar  (05),Total,45-49,36573,18025,18548,690,604,86,33118,16791,16327,2423,449,1974,224,100,124,118,81,37,0,0,0
03,039,District - Shahid Bhagat Singh Nagar  (05),Total,50-54,30704,15680,15024,554,482,72,27107,14467,12640,2799,589,2210,146,75,71,98,67,31,0,0,0
03,039,District - Shahid Bhagat Singh Nagar  (05),Total,55-59,23785,12440,11345,451,397,54,20302,11261,9041,2869,696,2173,106,50,56,57,36,21,0,0,0
03,039,District - Shahid Bhagat Singh Nagar  (05),Total,60-64,23381,11008,12373,586,484,102,18349,9463,8886,4306,991,3315,100,52,48,40,18,22,0,0,0
03,039,District - Shahid Bhagat Singh Nagar  (05),Total,65-69,17754,8917,8837,649,514,135,12743,7184,5559,4270,1175,3095,68,29,39,24,15,9,0,0,0
03,039,District - Shahid Bhagat Singh Nagar  (05),Total,70-74,13872,6941,6931,436,366,70,8460,5162,3298,4919,1381,3538,39,22,17,18,10,8,0,0,0
03,039,District - Shahid Bhagat Singh Nagar  (05),Total,75-79,7467,3714,3753,218,188,30,4190,2497,1693,3030,1016,2014,19,10,9,10,3,7,0,0,0
03,039,District - Shahid Bhagat Singh Nagar  (05),Total,80+,11347,5440,5907,517,392,125,4329,2736,1593,6454,2285,4169,34,17,17,13,10,3,0,0,0
03,039,District - Shahid Bhagat Singh Nagar  (05),Total,Age not stated,2098,1078,1020,1200,723,477,788,323,465,103,29,74,4,2,2,3,1,2,0,0,0
03,039,District - Shahid Bhagat Singh Nagar  (05),Total,Less than 18,183190,99366,83824,180906,98537,82369,2136,772,1364,94,31,63,47,24,23,7,2,5,0,0,0
03,039,District - Shahid Bhagat Singh Nagar  (05),Total,Less than 21,221697,120132,101565,215551,118367,97184,5894,1669,4225,151,52,99,83,39,44,18,5,13,0,0,0
03,039,District - Shahid Bhagat Singh Nagar  (05),Rural,All ages,486894,248118,238776,220091,126943,93148,235281,112045,123236,28839,7875,20964,1676,677,999,1007,578,429,0,0,0
03,039,District - Shahid Bhagat Singh Nagar  (05),Rural,0-9,72989,39153,33836,72989,39153,33836,0,0,0,0,0,0,0,0,0,0,0,0,0,0,0
03,039,District - Shahid Bhagat Singh Nagar  (05),Rural,10-14,43367,24009,19358,42568,23680,18888,730,299,431,47,18,29,19,11,8,3,1,2,0,0,0
03,039,District - Shahid Bhagat Singh Nagar  (05),Rural,15-19,48816,26249,22567,46554,25634,20920,2166,578,1588,59,20,39,31,14,17,6,3,3,0,0,0
03,039,District - Shahid Bhagat Singh Nagar  (05),Rural,20-24,47144,23851,23293,34012,20447,13565,12873,3319,9554,105,32,73,95,35,60,59,18,41,0,0,0
03,039,District - Shahid Bhagat Singh Nagar  (05),Rural,25-29,39255,19072,20183,13335,9433,3902,25352,9467,15885,217,61,156,210,57,153,141,54,87,0,0,0
03,039,District - Shahid Bhagat Singh Nagar  (05),Rural,30-34,34342,16641,17701,3820,3048,772,29668,13304,16364,422,96,326,239,82,157,193,111,82,0,0,0
03,039,District - Shahid Bhagat Singh Nagar  (05),Rural,35-39,33949,16463,17486,1386,1165,221,31318,14957,16361,796,144,652,274,85,189,175,112,63,0,0,0
03,039,District - Shahid Bhagat Singh Nagar  (05),Rural,40-44,31740,15431,16309,864,744,120,29232,14293,14939,1313,220,1093,210,95,115,121,79,42,0,0,0
03,039,District - Shahid Bhagat Singh Nagar  (05),Rural,45-49,28844,14162,14682,583,515,68,26070,13124,12946,1928,380,1548,176,82,94,87,61,26,0,0,0
03,039,District - Shahid Bhagat Singh Nagar  (05),Rural,50-54,24093,12347,11746,469,418,51,21214,11328,9886,2211,480,1731,116,63,53,83,58,25,0,0,0
03,039,District - Shahid Bhagat Singh Nagar  (05),Rural,55-59,18697,9710,8987,384,341,43,15905,8746,7159,2280,553,1727,85,40,45,43,30,13,0,0,0
03,039,District - Shahid Bhagat Singh Nagar  (05),Rural,60-64,19177,8865,10312,517,435,82,15032,7571,7461,3511,800,2711,83,44,39,34,15,19,0,0,0
03,039,District - Shahid Bhagat Singh Nagar  (05),Rural,65-69,14913,7531,7382,551,454,97,10731,6064,4667,3549,974,2575,60,26,34,22,13,9,0,0,0
03,039,District - Shahid Bhagat Singh Nagar  (05),Rural,70-74,11705,5836,5869,383,329,54,7090,4291,2799,4186,1190,2996,30,17,13,16,9,7,0,0,0
03,039,District - Shahid Bhagat Singh Nagar  (05),Rural,75-79,6368,3166,3202,196,171,25,3554,2100,1454,2590,882,1708,19,10,9,9,3,6,0,0,0
03,039,District - Shahid Bhagat Singh Nagar  (05),Rural,80+,9716,4709,5007,446,347,99,3695,2339,1356,5536,1998,3538,27,15,12,12,10,2,0,0,0
03,039,District - Shahid Bhagat Singh Nagar  (05),Rural,Age not stated,1779,923,856,1034,629,405,651,265,386,89,27,62,2,1,1,3,1,2,0,0,0
03,039,District - Shahid Bhagat Singh Nagar  (05),Rural,Less than 18,145066,78551,66515,143272,77897,65375,1673,605,1068,80,27,53,36,20,16,5,2,3,0,0,0
03,039,District - Shahid Bhagat Singh Nagar  (05),Rural,Less than 21,175670,95023,80647,171018,93699,77319,4454,1244,3210,126,45,81,60,30,30,12,5,7,0,0,0
03,039,District - Shahid Bhagat Singh Nagar  (05),Urban,All ages,125416,65173,60243,56994,32858,24136,61717,30543,31174,6035,1479,4556,384,154,230,286,139,147,0,0,0
03,039,District - Shahid Bhagat Singh Nagar  (05),Urban,0-9,19548,10486,9062,19548,10486,9062,0,0,0,0,0,0,0,0,0,0,0,0,0,0,0
03,039,District - Shahid Bhagat Singh Nagar  (05),Urban,10-14,11295,6279,5016,11076,6186,4890,206,88,118,7,3,4,6,2,4,0,0,0,0,0,0
03,039,District - Shahid Bhagat Singh Nagar  (05),Urban,15-19,12363,6832,5531,11655,6642,5013,681,179,502,13,4,9,11,7,4,3,0,3,0,0,0
03,039,District - Shahid Bhagat Singh Nagar  (05),Urban,20-24,12704,6593,6111,8816,5395,3421,3814,1178,2636,25,6,19,30,10,20,19,4,15,0,0,0
03,039,District - Shahid Bhagat Singh Nagar  (05),Urban,25-29,11116,5574,5542,3666,2512,1154,7330,3020,4310,53,17,36,36,15,21,31,10,21,0,0,0
03,039,District - Shahid Bhagat Singh Nagar  (05),Urban,30-34,9443,4814,4629,967,705,262,8241,4027,4214,119,28,91,48,22,26,68,32,36,0,0,0
03,039,District - Shahid Bhagat Singh Nagar  (05),Urban,35-39,8970,4481,4489,330,259,71,8334,4138,4196,190,36,154,65,22,43,51,26,25,0,0,0
03,039,District - Shahid Bhagat Singh Nagar  (05),Urban,40-44,8288,4120,4168,198,162,36,7667,3857,3810,335,58,277,46,17,29,42,26,16,0,0,0
03,039,District - Shahid Bhagat Singh Nagar  (05),Urban,45-49,7729,3863,3866,107,89,18,7048,3667,3381,495,69,426,48,18,30,31,20,11,0,0,0
03,039,District - Shahid Bhagat Singh Nagar  (05),Urban,50-54,6611,3333,3278,85,64,21,5893,3139,2754,588,109,479,30,12,18,15,9,6,0,0,0
03,039,District - Shahid Bhagat Singh Nagar  (05),Urban,55-59,5088,2730,2358,67,56,11,4397,2515,1882,589,143,446,21,10,11,14,6,8,0,0,0
03,039,District - Shahid Bhagat Singh Nagar  (05),Urban,60-64,4204,2143,2061,69,49,20,3317,1892,1425,795,191,604,17,8,9,6,3,3,0,0,0
03,039,District - Shahid Bhagat Singh Nagar  (05),Urban,65-69,2841,1386,1455,98,60,38,2012,1120,892,721,201,520,8,3,5,2,2,0,0,0,0
03,039,District - Shahid Bhagat Singh Nagar  (05),Urban,70-74,2167,1105,1062,53,37,16,1370,871,499,733,191,542,9,5,4,2,1,1,0,0,0
03,039,District - Shahid Bhagat Singh Nagar  (05),Urban,75-79,1099,548,551,22,17,5,636,397,239,440,134,306,0,0,0,1,0,1,0,0,0
03,039,District - Shahid Bhagat Singh Nagar  (05),Urban,80+,1631,731,900,71,45,26,634,397,237,918,287,631,7,2,5,1,0,1,0,0,0
03,039,District - Shahid Bhagat Singh Nagar  (05),Urban,Age not stated,319,155,164,166,94,72,137,58,79,14,2,12,2,1,1,0,0,0,0,0,0
03,039,District - Shahid Bhagat Singh Nagar  (05),Urban,Less than 18,38124,20815,17309,37634,20640,16994,463,167,296,14,4,10,11,4,7,2,0,2,0,0,0
03,039,District - Shahid Bhagat Singh Nagar  (05),Urban,Less than 21,46027,25109,20918,44533,24668,19865,1440,425,1015,25,7,18,23,9,14,6,0,6,0,0,0
03,040,District - Fatehgarh Sahib (06),Total,All ages,600163,320795,279368,260680,154723,105957,307144,154980,152164,28934,8844,20090,2369,1570,799,1036,678,358,0,0,0
03,040,District - Fatehgarh Sahib (06),Total,0-9,92355,50435,41920,92355,50435,41920,0,0,0,0,0,0,0,0,0,0,0,0,0,0,0
03,040,District - Fatehgarh Sahib (06),Total,10-14,52731,29984,22747,51514,29442,22072,1117,493,624,57,26,31,40,23,17,3,0,3,0,0,0
03,040,District - Fatehgarh Sahib (06),Total,15-19,59446,33707,25739,55786,32479,23307,3501,1151,2350,80,29,51,69,45,24,10,3,7,0,0,0
03,040,District - Fatehgarh Sahib (06),Total,20-24,61146,32752,28394,38714,24778,13936,22028,7744,14284,126,45,81,196,139,57,82,46,36,0,0,0
03,040,District - Fatehgarh Sahib (06),Total,25-29,55340,29049,26291,12291,9180,3111,42205,19420,22785,316,103,213,375,259,116,153,87,66,0,0,0
03,040,District - Fatehgarh Sahib (06),Total,30-34,46899,24476,22423,2828,2345,483,42924,21608,21316,575,150,425,363,243,120,209,130,79,0,0,0
03,040,District - Fatehgarh Sahib (06),Total,35-39,44101,22789,21312,1333,1140,193,41331,21103,20228,942,206,736,316,217,99,179,123,56,0,0,0
03,040,District - Fatehgarh Sahib (06),Total,40-44,39859,20459,19400,969,840,129,36848,18990,17858,1653,361,1292,251,163,88,138,105,33,0,0,0
03,040,District - Fatehgarh Sahib (06),Total,45-49,35922,18888,17034,753,666,87,32639,17514,15125,2240,511,1729,193,128,65,97,69,28,0,0,0
03,040,District - Fatehgarh Sahib (06),Total,50-54,27642,14767,12875,647,575,72,24342,13443,10899,2466,624,1842,132,86,46,55,39,16,0,0,0
03,040,District - Fatehgarh Sahib (06),Total,55-59,20618,10661,9957,482,424,58,17627,9497,8130,2387,662,1725,95,60,35,27,18,9,0,0,0
03,040,District - Fatehgarh Sahib (06),Total,60-64,21515,10345,11170,619,526,93,16893,8680,8213,3867,1066,2801,108,57,51,28,16,12,0,0,0
03,040,District - Fatehgarh Sahib (06),Total,65-69,15879,8305,7574,564,481,83,11707,6660,5047,3508,1102,2406,78,46,32,22,16,6,0,0,0
03,040,District - Fatehgarh Sahib (06),Total,70-74,11272,6053,5219,440,399,41,6796,4283,2513,3945,1312,2633,75,47,28,16,12,4,0,0,0
03,040,District - Fatehgarh Sahib (06),Total,75-79,5865,3102,2763,238,217,21,3307,2005,1302,2282,852,1430,30,22,8,8,6,2,0,0,0
03,040,District - Fatehgarh Sahib (06),Total,80+,8237,4305,3932,565,441,124,3194,2061,1133,4431,1769,2662,42,29,13,5,5,0,0,0,0
03,040,District - Fatehgarh Sahib (06),Total,Age not stated,1336,718,618,582,355,227,685,328,357,59,26,33,6,6,0,4,3,1,0,0,0
03,040,District - Fatehgarh Sahib (06),Total,Less than 18,179345,99844,79501,176718,98745,77973,2439,1013,1426,104,42,62,74,42,32,10,2,8,0,0,0
03,040,District - Fatehgarh Sahib (06),Total,Less than 21,218359,121808,96551,210571,119146,91425,7460,2498,4962,160,60,100,143,95,48,25,9,16,0,0,0
03,040,District - Fatehgarh Sahib (06),Rural,All ages,414681,220050,194631,178704,106029,72675,212998,106169,106829,21067,6644,14423,1194,707,487,718,501,217,0,0,0
03,040,District - Fatehgarh Sahib (06),Rural,0-9,62740,34358,28382,62740,34358,28382,0,0,0,0,0,0,0,0,0,0,0,0,0,0,0
03,040,District - Fatehgarh Sahib (06),Rural,10-14,36436,20762,15674,35603,20397,15206,767,334,433,39,18,21,25,13,12,2,0,2,0,0,0
03,040,District - Fatehgarh Sahib (06),Rural,15-19,41627,23311,18316,39125,22510,16615,2398,760,1638,65,21,44,34,19,15,5,1,4,0,0,0
03,040,District - Fatehgarh Sahib (06),Rural,20-24,41524,21808,19716,26016,16440,9576,15301,5261,10040,85,34,51,65,38,27,57,35,22,0,0,0
03,040,District - Fatehgarh Sahib (06),Rural,25-29,36708,19024,17684,7652,5791,1861,28566,13009,15557,220,71,149,164,91,73,106,62,44,0,0,0
03,040,District - Fatehgarh Sahib (06),Rural,30-34,31304,16086,15218,1806,1520,286,28786,14267,14519,395,96,299,185,107,78,132,96,36,0,0,0
03,040,District - Fatehgarh Sahib (06),Rural,35-39,29969,15261,14708,982,865,117,28035,14062,13973,677,146,531,149,91,58,126,97,29,0,0,0
03,040,District - Fatehgarh Sahib (06),Rural,40-44,27560,13976,13584,750,678,72,25396,12900,12496,1200,255,945,119,70,49,95,73,22,0,0,0
03,040,District - Fatehgarh Sahib (06),Rural,45-49,24970,13124,11846,614,559,55,22618,12081,10537,1571,373,1198,97,62,35,70,49,21,0,0,0
03,040,District - Fatehgarh Sahib (06),Rural,50-54,19021,10089,8932,542,495,47,16689,9090,7599,1686,434,1252,66,40,26,38,30,8,0,0,0
03,040,District - Fatehgarh Sahib (06),Rural,55-59,14034,7191,6843,403,361,42,11941,6311,5630,1613,473,1140,54,30,24,23,16,7,0,0,0
03,040,District - Fatehgarh Sahib (06),Rural,60-64,15837,7498,8339,525,459,66,12485,6201,6284,2731,785,1946,73,40,33,23,13,10,0,0,0
03,040,District - Fatehgarh Sahib (06),Rural,65-69,12345,6486,5859,492,429,63,9188,5161,4027,2596,851,1745,54,35,19,15,10,5,0,0,0
03,040,District - Fatehgarh Sahib (06),Rural,70-74,8728,4749,3979,387,358,29,5313,3347,1966,2961,1002,1959,54,33,21,13,9,4,0,0,0
03,040,District - Fatehgarh Sahib (06),Rural,75-79,4505,2417,2088,212,196,16,2569,1555,1014,1696,647,1049,21,14,7,7,5,2,0,0,0
03,040,District - Fatehgarh Sahib (06),Rural,80+,6461,3427,3034,456,372,84,2482,1613,869,3487,1416,2071,33,23,10,3,3,0,0,0,0
03,040,District - Fatehgarh Sahib (06),Rural,Age not stated,912,483,429,399,241,158,464,217,247,45,22,23,1,1,0,3,2,1,0,0,0
03,040,District - Fatehgarh Sahib (06),Rural,Less than 18,123251,68663,54588,121432,67932,53500,1695,679,1016,77,30,47,42,22,20,5,0,5,0,0,0
03,040,District - Fatehgarh Sahib (06),Rural,Less than 21,150178,83512,66666,144900,81779,63121,5072,1646,3426,119,44,75,73,39,34,14,4,10,0,0,0
03,040,District - Fatehgarh Sahib (06),Urban,All ages,185482,100745,84737,81976,48694,33282,94146,48811,45335,7867,2200,5667,1175,863,312,318,177,141,0,0,0
03,040,District - Fatehgarh Sahib (06),Urban,0-9,29615,16077,13538,29615,16077,13538,0,0,0,0,0,0,0,0,0,0,0,0,0,0,0
03,040,District - Fatehgarh Sahib (06),Urban,10-14,16295,9222,7073,15911,9045,6866,350,159,191,18,8,10,15,10,5,1,0,1,0,0,0
03,040,District - Fatehgarh Sahib (06),Urban,15-19,17819,10396,7423,16661,9969,6692,1103,391,712,15,8,7,35,26,9,5,2,3,0,0,0
03,040,District - Fatehgarh Sahib (06),Urban,20-24,19622,10944,8678,12698,8338,4360,6727,2483,4244,41,11,30,131,101,30,25,11,14,0,0,0
03,040,District - Fatehgarh Sahib (06),Urban,25-29,18632,10025,8607,4639,3389,1250,13639,6411,7228,96,32,64,211,168,43,47,25,22,0,0,0
03,040,District - Fatehgarh Sahib (06),Urban,30-34,15595,8390,7205,1022,825,197,14138,7341,6797,180,54,126,178,136,42,77,34,43,0,0,0
03,040,District - Fatehgarh Sahib (06),Urban,35-39,14132,7528,6604,351,275,76,13296,7041,6255,265,60,205,167,126,41,53,26,27,0,0,0
03,040,District - Fatehgarh Sahib (06),Urban,40-44,12299,6483,5816,219,162,57,11452,6090,5362,453,106,347,132,93,39,43,32,11,0,0,0
03,040,District - Fatehgarh Sahib (06),Urban,45-49,10952,5764,5188,139,107,32,10021,5433,4588,669,138,531,96,66,30,27,20,7,0,0,0
03,040,District - Fatehgarh Sahib (06),Urban,50-54,8621,4678,3943,105,80,25,7653,4353,3300,780,190,590,66,46,20,17,9,8,0,0,0
03,040,District - Fatehgarh Sahib (06),Urban,55-59,6584,3470,3114,79,63,16,5686,3186,2500,774,189,585,41,30,11,4,2,2,0,0,0
03,040,District - Fatehgarh Sahib (06),Urban,60-64,5678,2847,2831,94,67,27,4408,2479,1929,1136,281,855,35,17,18,5,3,2,0,0,0
03,040,District - Fatehgarh Sahib (06),Urban,65-69,3534,1819,1715,72,52,20,2519,1499,1020,912,251,661,24,11,13,7,6,1,0,0,0
03,040,District - Fatehgarh Sahib (06),Urban,70-74,2544,1304,1240,53,41,12,1483,936,547,984,310,674,21,14,7,3,3,0,0,0,0
03,040,District - Fatehgarh Sahib (06),Urban,75-79,1360,685,675,26,21,5,738,450,288,586,205,381,9,8,1,1,1,0,0,0,0
03,040,District - Fatehgarh Sahib (06),Urban,80+,1776,878,898,109,69,40,712,448,264,944,353,591,9,6,3,2,2,0,0,0,0
03,040,District - Fatehgarh Sahib (06),Urban,Age not stated,424,235,189,183,114,69,221,111,110,14,4,10,5,5,0,1,1,0,0,0,0
03,040,District - Fatehgarh Sahib (06),Urban,Less than 18,56094,31181,24913,55286,30813,24473,744,334,410,27,12,15,32,20,12,5,2,3,0,0,0
03,040,District - Fatehgarh Sahib (06),Urban,Less than 21,68181,38296,29885,65671,37367,28304,2388,852,1536,41,16,25,70,56,14,11,5,6,0,0,0
03,041,District - Ludhiana (07),Total,All ages,3498739,1867816,1630923,1565710,919573,646137,1767519,893865,873654,148745,44816,103929,10304,5881,4423,6461,3681,2780,0,0,0
03,041,District - Ludhiana (07),Total,0-9,562257,303777,258480,562257,303777,258480,0,0,0,0,0,0,0,0,0,0,0,0,0,0,0
03,041,District - Ludhiana (07),Total,10-14,317941,177002,140939,310030,173556,136474,7405,3167,4238,220,96,124,242,155,87,44,28,16,0,0,0
03,041,District - Ludhiana (07),Total,15-19,342041,193736,148305,319205,186591,132614,22044,6776,15268,371,151,220,336,183,153,85,35,50,0,0,0
03,041,District - Ludhiana (07),Total,20-24,351563,190246,161317,230981,149247,81734,118631,40116,78515,790,279,511,765,452,313,396,152,244,0,0,0
03,041,District - Ludhiana (07),Total,25-29,327726,171965,155761,87849,63886,23963,235842,106163,129679,1594,604,990,1385,775,610,1056,537,519,0,0,0
03,041,District - Ludhiana (07),Total,30-34,282330,146677,135653,21420,16367,5053,255249,127810,127439,2855,920,1935,1512,871,641,1294,709,585,0,0,0
03,041,District - Ludhiana (07),Total,35-39,263984,137441,126543,7995,6265,1730,248333,128277,120056,5028,1321,3707,1487,869,618,1141,709,432,0,0,0
03,041,District - Ludhiana (07),Total,40-44,227941,118022,109919,4816,3763,1053,212999,111108,101891,8103,1942,6161,1167,661,506,856,548,308,0,0,0
03,041,District - Ludhiana (07),Total,45-49,205791,107637,98154,3503,2809,694,189192,101270,87922,11579,2666,8913,956,536,420,561,356,205,0,0,0
03,041,District - Ludhiana (07),Total,50-54,163750,86954,76796,2823,2284,539,145896,80582,65314,13981,3465,10516,688,399,289,362,224,138,0,0,0
03,041,District - Ludhiana (07),Total,55-59,125712,65573,60139,2222,1798,424,109202,59698,49504,13594,3669,9925,479,267,212,215,141,74,0,0,0
03,041,District - Ludhiana (07),Total,60-64,116959,58498,58461,2995,2218,777,92971,50523,42448,20361,5408,14953,446,241,205,186,108,78,0,0,0
03,041,District - Ludhiana (07),Total,65-69,80730,42515,38215,2847,2112,735,59096,34431,24665,18387,5762,12625,290,152,138,110,58,52,0,0,0
03,041,District - Ludhiana (07),Total,70-74,56555,30059,26496,1788,1394,394,35555,22316,13239,18906,6181,12725,247,129,118,59,39,20,0,0,0
03,041,District - Ludhiana (07),Total,75-79,30131,15801,14330,819,647,172,17333,10682,6651,11822,4370,7452,130,90,40,27,12,15,0,0,0
03,041,District - Ludhiana (07),Total,80+,40421,20143,20278,2406,1627,779,16767,10462,6305,21017,7933,13084,168,98,70,63,23,40,0,0,0
03,041,District - Ludhiana (07),Total,Age not stated,2907,1770,1137,1754,1232,522,1004,484,520,137,49,88,6,3,3,6,2,4,0,0,0
03,041,District - Ludhiana (07),Total,Less than 18,1078926,592523,486403,1062025,585826,476199,15972,6223,9749,447,177,270,401,251,150,81,46,35,0,0,0
03,041,District - Ludhiana (07),Total,Less than 21,1300490,718101,582389,1252957,702569,550388,45921,14754,31167,749,285,464,692,413,279,171,80,91,0,0,0
03,041,District - Ludhiana (07),Rural,All ages,1429031,753444,675587,638279,374149,264130,712480,352697,359783,71228,22546,48682,4271,2276,1995,2773,1776,997,0,0,0
03,041,District - Ludhiana (07),Rural,0-9,220290,119048,101242,220290,119048,101242,0,0,0,0,0,0,0,0,0,0,0,0,0,0,0
03,041,District - Ludhiana (07),Rural,10-14,130856,72492,58364,127742,71125,56617,2907,1242,1665,86,44,42,107,72,35,14,9,5,0,0,0
03,041,District - Ludhiana (07),Rural,15-19,143483,79427,64056,134810,76844,57966,8312,2419,5893,173,67,106,145,75,70,43,22,21,0,0,0
03,041,District - Ludhiana (07),Rural,20-24,140009,74181,65828,93419,59006,34413,45806,14854,30952,333,120,213,269,128,141,182,73,109,0,0,0
03,041,District - Ludhiana (07),Rural,25-29,123993,64260,59733,33975,24786,9189,88454,38755,49699,672,247,425,475,225,250,417,247,170,0,0,0
03,041,District - Ludhiana (07),Rural,30-34,107221,55074,52147,8798,7092,1706,96116,47002,49114,1257,373,884,546,285,261,504,322,182,0,0,0
03,041,District - Ludhiana (07),Rural,35-39,100282,51481,48801,3667,3109,558,93372,47224,46148,2230,520,1710,569,308,261,444,320,124,0,0,0
03,041,District - Ludhiana (07),Rural,40-44,91800,46224,45576,2504,2132,372,84895,42716,42179,3587,861,2726,475,275,200,339,240,99,0,0,0
03,041,District - Ludhiana (07),Rural,45-49,84328,43268,41060,2091,1814,277,76603,39926,36677,4982,1132,3850,394,210,184,258,186,72,0,0,0
03,041,District - Ludhiana (07),Rural,50-54,68542,35974,32568,1785,1571,214,60283,32590,27693,6011,1533,4478,273,148,125,190,132,58,0,0,0
03,041,District - Ludhiana (07),Rural,55-59,53488,27607,25881,1469,1319,150,45826,24363,21463,5856,1725,4131,229,128,101,108,72,36,0,0,0
03,041,District - Ludhiana (07),Rural,60-64,55246,26740,28506,1939,1607,332,43628,22329,21299,9339,2613,6726,240,124,116,100,67,33,0,0,0
03,041,District - Ludhiana (07),Rural,65-69,41053,21740,19313,1878,1535,343,29998,17133,12865,8933,2951,5982,171,84,87,73,37,36,0,0,0
03,041,District - Ludhiana (07),Rural,70-74,29368,15789,13579,1282,1104,178,18219,11256,6963,9662,3324,6338,167,81,86,38,24,14,0,0,0
03,041,District - Ludhiana (07),Rural,75-79,15369,8096,7273,622,547,75,8717,5198,3519,5924,2284,3640,86,57,29,20,10,10,0,0,0
03,041,District - Ludhiana (07),Rural,80+,22493,11270,11223,1252,958,294,8960,5501,3459,12120,4724,7396,121,74,47,40,13,27,0,0,0
03,041,District - Ludhiana (07),Rural,Age not stated,1210,773,437,756,552,204,384,189,195,63,28,35,4,2,2,3,2,1,0,0,0
03,041,District - Ludhiana (07),Rural,Less than 18,435759,238375,197384,429139,235766,193373,6206,2386,3820,197,82,115,187,121,66,30,20,10,0,0,0
03,041,District - Ludhiana (07),Rural,Less than 21,526195,288224,237971,508202,282558,225644,17297,5325,11972,328,132,196,293,169,124,75,40,35,0,0,0
03,041,District - Ludhiana (07),Urban,All ages,2069708,1114372,955336,927431,545424,382007,1055039,541168,513871,77517,22270,55247,6033,3605,2428,3688,1905,1783,0,0,0
03,041,District - Ludhiana (07),Urban,0-9,341967,184729,157238,341967,184729,157238,0,0,0,0,0,0,0,0,0,0,0,0,0,0,0
03,041,District - Ludhiana (07),Urban,10-14,187085,104510,82575,182288,102431,79857,4498,1925,2573,134,52,82,135,83,52,30,19,11,0,0,0
03,041,District - Ludhiana (07),Urban,15-19,198558,114309,84249,184395,109747,74648,13732,4357,9375,198,84,114,191,108,83,42,13,29,0,0,0
03,041,District - Ludhiana (07),Urban,20-24,211554,116065,95489,137562,90241,47321,72825,25262,47563,457,159,298,496,324,172,214,79,135,0,0,0
03,041,District - Ludhiana (07),Urban,25-29,203733,107705,96028,53874,39100,14774,147388,67408,79980,922,357,565,910,550,360,639,290,349,0,0,0
03,041,District - Ludhiana (07),Urban,30-34,175109,91603,83506,12622,9275,3347,159133,80808,78325,1598,547,1051,966,586,380,790,387,403,0,0,0
03,041,District - Ludhiana (07),Urban,35-39,163702,85960,77742,4328,3156,1172,154961,81053,73908,2798,801,1997,918,561,357,697,389,308,0,0,0
03,041,District - Ludhiana (07),Urban,40-44,136141,71798,64343,2312,1631,681,128104,68392,59712,4516,1081,3435,692,386,306,517,308,209,0,0,0
03,041,District - Ludhiana (07),Urban,45-49,121463,64369,57094,1412,995,417,112589,61344,51245,6597,1534,5063,562,326,236,303,170,133,0,0,0
03,041,District - Ludhiana (07),Urban,50-54,95208,50980,44228,1038,713,325,85613,47992,37621,7970,1932,6038,415,251,164,172,92,80,0,0,0
03,041,District - Ludhiana (07),Urban,55-59,72224,37966,34258,753,479,274,63376,35335,28041,7738,1944,5794,250,139,111,107,69,38,0,0,0
03,041,District - Ludhiana (07),Urban,60-64,61713,31758,29955,1056,611,445,49343,28194,21149,11022,2795,8227,206,117,89,86,41,45,0,0,0
03,041,District - Ludhiana (07),Urban,65-69,39677,20775,18902,969,577,392,29098,17298,11800,9454,2811,6643,119,68,51,37,21,16,0,0,0
03,041,District - Ludhiana (07),Urban,70-74,27187,14270,12917,506,290,216,17336,11060,6276,9244,2857,6387,80,48,32,21,15,6,0,0,0
03,041,District - Ludhiana (07),Urban,75-79,14762,7705,7057,197,100,97,8616,5484,3132,5898,2086,3812,44,33,11,7,2,5,0,0,0
03,041,District - Ludhiana (07),Urban,80+,17928,8873,9055,1154,669,485,7807,4961,2846,8897,3209,5688,47,24,23,23,10,13,0,0,0
03,041,District - Ludhiana (07),Urban,Age not stated,1697,997,700,998,680,318,620,295,325,74,21,53,2,1,1,3,0,3,0,0,0
03,041,District - Ludhiana (07),Urban,Less than 18,643167,354148,289019,632886,350060,282826,9766,3837,5929,250,95,155,214,130,84,51,26,25,0,0,0
03,041,District - Ludhiana (07),Urban,Less than 21,774295,429877,344418,744755,420011,324744,28624,9429,19195,421,153,268,399,244,155,96,40,56,0,0,0
03,042,District - Moga (08),Total,All ages,995746,525920,469826,451750,265008,186742,490060,243295,246765,49544,15164,34380,2646,1359,1287,1746,1094,652,0,0,0
03,042,District - Moga (08),Total,0-9,158634,85732,72902,158634,85732,72902,0,0,0,0,0,0,0,0,0,0,0,0,0,0,0
03,042,District - Moga (08),Total,10-14,92877,51215,41662,90969,50429,40540,1760,717,1043,82,32,50,54,31,23,12,6,6,0,0,0
03,042,District - Moga (08),Total,15-19,99887,55421,44466,93308,53597,39711,6309,1711,4598,160,59,101,86,45,41,24,9,15,0,0,0
03,042,District - Moga (08),Total,20-24,98637,52954,45683,63419,40929,22490,34643,11805,22838,268,87,181,186,78,108,121,55,66,0,0,0
03,042,District - Moga (08),Total,25-29,85373,44565,40808,22469,16495,5974,61793,27595,34198,522,170,352,324,143,181,265,162,103,0,0,0
03,042,District - Moga (08),Total,30-34,73146,37850,35296,6189,4949,1240,65377,32276,33101,925,260,665,333,157,176,322,208,114,0,0,0
03,042,District - Moga (08),Total,35-39,67296,34489,32807,2566,2149,417,62519,31563,30956,1546,364,1182,371,210,161,294,203,91,0,0,0
03,042,District - Moga (08),Total,40-44,62309,31479,30830,1791,1531,260,57516,29112,28404,2506,531,1975,298,163,135,198,142,56,0,0,0
03,042,District - Moga (08),Total,45-49,56075,28868,27207,1379,1225,154,50802,26590,24212,3464,809,2655,258,133,125,172,111,61,0,0,0
03,042,District - Moga (08),Total,50-54,44806,23739,21067,1174,1040,134,39234,21494,17740,4152,1052,3100,153,89,64,93,64,29,0,0,0
03,042,District - Moga (08),Total,55-59,34218,17480,16738,825,738,87,29493,15629,13864,3731,1019,2712,115,63,52,54,31,23,0,0,0
03,042,District - Moga (08),Total,60-64,38564,17961,20603,1361,1052,309,30918,15111,15807,6093,1702,4391,136,61,75,56,35,21,0,0,0
03,042,District - Moga (08),Total,65-69,31303,16963,14340,1672,1252,420,23043,13469,9574,6422,2149,4273,119,64,55,47,29,18,0,0,0
03,042,District - Moga (08),Total,70-74,20451,11265,9186,877,703,174,12683,8173,4510,6769,2321,4448,83,50,33,39,18,21,0,0,0
03,042,District - Moga (08),Total,75-79,9972,5132,4840,319,277,42,5480,3260,2220,4114,1559,2555,47,28,19,12,8,4,0,0,0
03,042,District - Moga (08),Total,80+,15454,7360,8094,790,583,207,6099,3764,2335,8480,2973,5507,64,33,31,21,7,14,0,0,0
03,042,District - Moga (08),Total,Age not stated,6744,3447,3297,4008,2327,1681,2391,1026,1365,310,77,233,19,11,8,16,6,10,0,0,0
03,042,District - Moga (08),Total,Less than 18,310294,169453,140841,305922,167863,138059,4061,1448,2613,188,73,115,103,59,44,20,10,10,0,0,0
03,042,District - Moga (08),Total,Less than 21,374099,204807,169292,360537,200816,159721,13045,3778,9267,298,108,190,172,86,86,47,19,28,0,0,0
03,042,District - Moga (08),Rural,All ages,768500,405704,362796,349683,205099,144584,376997,186529,190468,38586,12207,26379,1908,984,924,1326,885,441,0,0,0
03,042,District - Moga (08),Rural,0-9,122529,66108,56421,122529,66108,56421,0,0,0,0,0,0,0,0,0,0,0,0,0,0,0
03,042,District - Moga (08),Rural,10-14,72307,39688,32619,70831,39074,31757,1372,560,812,64,27,37,29,22,7,11,5,6,0,0,0
03,042,District - Moga (08),Rural,15-19,77829,43069,34760,72739,41660,31079,4881,1320,3561,124,49,75,66,32,34,19,8,11,0,0,0
03,042,District - Moga (08),Rural,20-24,75554,40517,35037,48258,31155,17103,26868,9199,17669,200,65,135,139,56,83,89,42,47,0,0,0
03,042,District - Moga (08),Rural,25-29,64173,33522,30651,16679,12341,4338,46671,20829,25842,401,129,272,226,96,130,196,127,69,0,0,0
03,042,District - Moga (08),Rural,30-34,55244,28508,26736,4722,3828,894,49380,24241,25139,709,193,516,208,91,117,225,155,70,0,0,0
03,042,District - Moga (08),Rural,35-39,51057,26109,24948,2048,1749,299,47349,23778,23571,1190,278,912,253,141,112,217,163,54,0,0,0
03,042,District - Moga (08),Rural,40-44,47690,24091,23599,1468,1287,181,44010,22171,21839,1851,389,1462,211,120,91,150,124,26,0,0,0
03,042,District - Moga (08),Rural,45-49,42594,21950,20644,1161,1052,109,38543,20085,18458,2562,613,1949,194,105,89,134,95,39,0,0,0
03,042,District - Moga (08),Rural,50-54,33868,18046,15822,1019,913,106,29644,16205,13439,3011,808,2203,117,68,49,77,52,25,0,0,0
03,042,District - Moga (08),Rural,55-59,25734,13197,12537,714,653,61,22171,11699,10472,2718,773,1945,85,45,40,46,27,19,0,0,0
03,042,District - Moga (08),Rural,60-64,30685,14108,16577,1204,950,254,24731,11737,12994,4606,1347,3259,98,47,51,46,27,19,0,0,0
03,042,District - Moga (08),Rural,65-69,26007,14259,11748,1476,1127,349,19280,11270,8010,5107,1776,3331,103,60,43,41,26,15,0,0,0
03,042,District - Moga (08),Rural,70-74,16827,9396,7431,772,638,134,10525,6779,3746,5427,1919,3508,70,43,27,33,17,16,0,0,0
03,042,District - Moga (08),Rural,75-79,8158,4246,3912,288,255,33,4539,2688,1851,3280,1272,2008,41,24,17,10,7,3,0,0,0
03,042,District - Moga (08),Rural,80+,12918,6181,6737,634,487,147,5113,3148,1965,7095,2511,4584,56,28,28,20,7,13,0,0,0
03,042,District - Moga (08),Rural,Age not stated,5326,2709,2617,3141,1822,1319,1920,820,1100,241,58,183,12,6,6,12,3,9,0,0,0
03,042,District - Moga (08),Rural,Less than 18,240790,131182,109608,237402,129928,107474,3154,1137,2017,151,64,87,67,45,22,16,8,8,0,0,0
03,042,District - Moga (08),Rural,Less than 21,290107,158333,131774,279603,155259,124344,10110,2906,7204,237,92,145,120,61,59,37,15,22,0,0,0
03,042,District - Moga (08),Urban,All ages,227246,120216,107030,102067,59909,42158,113063,56766,56297,10958,2957,8001,738,375,363,420,209,211,0,0,0
03,042,District - Moga (08),Urban,0-9,36105,19624,16481,36105,19624,16481,0,0,0,0,0,0,0,0,0,0,0,0,0,0,0
03,042,District - Moga (08),Urban,10-14,20570,11527,9043,20138,11355,8783,388,157,231,18,5,13,25,9,16,1,1,0,0,0,0
03,042,District - Moga (08),Urban,15-19,22058,12352,9706,20569,11937,8632,1428,391,1037,36,10,26,20,13,7,5,1,4,0,0,0
03,042,District - Moga (08),Urban,20-24,23083,12437,10646,15161,9774,5387,7775,2606,5169,68,22,46,47,22,25,32,13,19,0,0,0
03,042,District - Moga (08),Urban,25-29,21200,11043,10157,5790,4154,1636,15122,6766,8356,121,41,80,98,47,51,69,35,34,0,0,0
03,042,District - Moga (08),Urban,30-34,17902,9342,8560,1467,1121,346,15997,8035,7962,216,67,149,125,66,59,97,53,44,0,0,0
03,042,District - Moga (08),Urban,35-39,16239,8380,7859,518,400,118,15170,7785,7385,356,86,270,118,69,49,77,40,37,0,0,0
03,042,District - Moga (08),Urban,40-44,14619,7388,7231,323,244,79,13506,6941,6565,655,142,513,87,43,44,48,18,30,0,0,0
03,042,District - Moga (08),Urban,45-49,13481,6918,6563,218,173,45,12259,6505,5754,902,196,706,64,28,36,38,16,22,0,0,0
03,042,District - Moga (08),Urban,50-54,10938,5693,5245,155,127,28,9590,5289,4301,1141,244,897,36,21,15,16,12,4,0,0,0
03,042,District - Moga (08),Urban,55-59,8484,4283,4201,111,85,26,7322,3930,3392,1013,246,767,30,18,12,8,4,4,0,0,0
03,042,District - Moga (08),Urban,60-64,7879,3853,4026,157,102,55,6187,3374,2813,1487,355,1132,38,14,24,10,8,2,0,0,0
03,042,District - Moga (08),Urban,65-69,5296,2704,2592,196,125,71,3763,2199,1564,1315,373,942,16,4,12,6,3,3,0,0,0
03,042,District - Moga (08),Urban,70-74,3624,1869,1755,105,65,40,2158,1394,764,1342,402,940,13,7,6,6,1,5,0,0,0
03,042,District - Moga (08),Urban,75-79,1814,886,928,31,22,9,941,572,369,834,287,547,6,4,2,2,1,1,0,0,0
03,042,District - Moga (08),Urban,80+,2536,1179,1357,156,96,60,986,616,370,1385,462,923,8,5,3,1,0,1,0,0,0
03,042,District - Moga (08),Urban,Age not stated,1418,738,680,867,505,362,471,206,265,69,19,50,7,5,2,4,3,1,0,0,0
03,042,District - Moga (08),Urban,Less than 18,69504,38271,31233,68520,37935,30585,907,311,596,37,9,28,36,14,22,4,2,2,0,0,0
03,042,District - Moga (08),Urban,Less than 21,83992,46474,37518,80934,45557,35377,2935,872,2063,61,16,45,52,25,27,10,4,6,0,0,0
03,043,District - Firozpur (09),Total,All ages,2029074,1071637,957437,933888,537919,395969,1001059,504478,496581,86906,25245,61661,4578,2424,2154,2643,1571,1072,0,0,0
03,043,District - Firozpur (09),Total,0-9,360934,196299,164635,360934,196299,164635,0,0,0,0,0,0,0,0,0,0,0,0,0,0,0
03,043,District - Firozpur (09),Total,10-14,206136,113794,92342,201727,111762,89965,4150,1914,2236,127,47,80,117,63,54,15,8,7,0,0,0
03,043,District - Firozpur (09),Total,15-19,218494,119774,98720,202470,115078,87392,15534,4506,11028,269,101,168,166,74,92,55,15,40,0,0,0
03,043,District - Firozpur (09),Total,20-24,206863,108332,98531,115242,74610,40632,90297,33128,57169,628,258,370,396,183,213,300,153,147,0,0,0
03,043,District - Firozpur (09),Total,25-29,179343,94003,85340,33031,24499,8532,144116,68558,75558,1084,382,702,641,299,342,471,265,206,0,0,0
03,043,District - Firozpur (09),Total,30-34,152925,79541,73384,7809,6101,1708,142211,72280,69931,1847,577,1270,605,295,310,453,288,165,0,0,0
03,043,District - Firozpur (09),Total,35-39,138808,71024,67784,3215,2532,683,131490,67148,64342,3132,803,2329,566,296,270,405,245,160,0,0,0
03,043,District - Firozpur (09),Total,40-44,125273,64599,60674,2113,1702,411,117454,61185,56269,4846,1208,3638,554,310,244,306,194,112,0,0,0
03,043,District - Firozpur (09),Total,45-49,108453,56624,51829,1435,1159,276,99877,53491,46386,6467,1550,4917,408,240,168,266,184,82,0,0,0
03,043,District - Firozpur (09),Total,50-54,81324,43826,37498,1093,852,241,71975,40719,31256,7779,1955,5824,335,206,129,142,94,48,0,0,0
03,043,District - Firozpur (09),Total,55-59,59324,29064,30260,651,490,161,51933,26651,25282,6473,1768,4705,194,111,83,73,44,29,0,0,0
03,043,District - Firozpur (09),Total,60-64,68735,32804,35931,1104,784,320,55436,28776,26660,11919,3094,8825,210,112,98,66,38,28,0,0,0
03,043,District - Firozpur (09),Total,65-69,48499,24755,23744,1078,725,353,36504,20731,15773,10721,3190,7531,158,89,69,38,20,18,0,0,0
03,043,District - Firozpur (09),Total,70-74,33876,17860,16016,576,415,161,21064,13734,7330,12089,3629,8460,124,73,51,23,9,14,0,0,0
03,043,District - Firozpur (09),Total,75-79,15877,7823,8054,222,159,63,9348,5458,3890,6243,2165,4078,55,37,18,9,4,5,0,0,0
03,043,District - Firozpur (09),Total,80+,23624,11190,12434,812,521,291,9495,6112,3383,13248,4512,8736,49,36,13,20,9,11,0,0,0
03,043,District - Firozpur (09),Total,Age not stated,586,325,261,376,231,145,175,87,88,34,6,28,0,0,0,1,1,0,0,0,0
03,043,District - Firozpur (09),Total,Less than 18,696721,381215,315506,687325,377281,310044,8878,3711,5167,291,105,186,194,103,91,33,15,18,0,0,0
03,043,District - Firozpur (09),Total,Less than 21,837930,457655,380275,802688,446644,356044,34236,10601,23635,533,201,332,355,169,186,118,40,78,0,0,0
03,043,District - Firozpur (09),Rural,All ages,1476518,776208,700310,682289,390773,291516,727129,364087,363042,62348,18644,43704,3005,1604,1401,1747,1100,647,0,0,0
03,043,District - Firozpur (09),Rural,0-9,269765,146464,123301,269765,146464,123301,0,0,0,0,0,0,0,0,0,0,0,0,0,0,0
03,043,District - Firozpur (09),Rural,10-14,155251,85426,69825,152125,84020,68105,2943,1316,1627,93,39,54,81,45,36,9,6,3,0,0,0
03,043,District - Firozpur (09),Rural,15-19,162467,88572,73895,150202,85035,65167,11921,3411,8510,191,66,125,110,45,65,43,15,28,0,0,0
03,043,District - Firozpur (09),Rural,20-24,148357,76854,71503,77704,50397,27307,69699,26030,43669,449,176,273,282,133,149,223,118,105,0,0,0
03,043,District - Firozpur (09),Rural,25-29,125114,64693,60421,19180,14412,4768,104407,49622,54785,793,277,516,413,188,225,321,194,127,0,0,0
03,043,District - Firozpur (09),Rural,30-34,107998,55469,52529,4564,3617,947,101509,51084,50425,1284,385,899,368,192,176,273,191,82,0,0,0
03,043,District - Firozpur (09),Rural,35-39,98895,50308,48587,2104,1674,430,93917,47682,46235,2270,595,1675,346,186,160,258,171,87,0,0,0
03,043,District - Firozpur (09),Rural,40-44,90041,46311,43730,1466,1213,253,84532,43878,40654,3482,882,2600,362,209,153,199,129,70,0,0,0
03,043,District - Firozpur (09),Rural,45-49,76523,39982,36541,977,808,169,70785,37828,32957,4354,1083,3271,252,151,101,155,112,43,0,0,0
03,043,District - Firozpur (09),Rural,50-54,55586,30248,25338,743,608,135,49283,28058,21225,5266,1400,3866,201,115,86,93,67,26,0,0,0
03,043,District - Firozpur (09),Rural,55-59,40460,19275,21185,456,361,95,35647,17646,18001,4193,1173,3020,111,64,47,53,31,22,0,0,0
03,043,District - Firozpur (09),Rural,60-64,51580,24326,27254,794,603,191,42088,21372,20716,8475,2229,6246,172,92,80,51,30,21,0,0,0
03,043,District - Firozpur (09),Rural,65-69,37070,18982,18088,703,512,191,28579,16050,12529,7631,2334,5297,128,70,58,29,16,13,0,0,0
03,043,District - Firozpur (09),Rural,70-74,25987,13993,11994,414,310,104,16538,10829,5709,8924,2792,6132,94,55,39,17,7,10,0,0,0
03,043,District - Firozpur (09),Rural,75-79,12134,5996,6138,164,126,38,7429,4249,3180,4487,1587,2900,46,31,15,8,3,5,0,0,0
03,043,District - Firozpur (09),Rural,80+,18822,9045,9777,618,420,198,7717,4968,2749,10434,3620,6814,39,28,11,14,9,5,0,0,0
03,043,District - Firozpur (09),Rural,Age not stated,468,264,204,310,193,117,135,64,71,22,6,16,0,0,0,1,1,0,0,0,0
03,043,District - Firozpur (09),Rural,Less than 18,522229,284945,237284,515403,282163,233240,6450,2615,3835,217,81,136,135,73,62,24,13,11,0,0,0
03,043,District - Firozpur (09),Rural,Less than 21,626092,340711,285381,599109,332383,266726,26264,8037,18227,388,143,245,247,115,132,84,33,51,0,0,0
03,043,District - Firozpur (09),Urban,All ages,552556,295429,257127,251599,147146,104453,273930,140391,133539,24558,6601,17957,1573,820,753,896,471,425,0,0,0
03,043,District - Firozpur (09),Urban,0-9,91169,49835,41334,91169,49835,41334,0,0,0,0,0,0,0,0,0,0,0,0,0,0,0
03,043,District - Firozpur (09),Urban,10-14,50885,28368,22517,49602,27742,21860,1207,598,609,34,8,26,36,18,18,6,2,4,0,0,0
03,043,District - Firozpur (09),Urban,15-19,56027,31202,24825,52268,30043,22225,3613,1095,2518,78,35,43,56,29,27,12,0,12,0,0,0
03,043,District - Firozpur (09),Urban,20-24,58506,31478,27028,37538,24213,13325,20598,7098,13500,179,82,97,114,50,64,77,35,42,0,0,0
03,043,District - Firozpur (09),Urban,25-29,54229,29310,24919,13851,10087,3764,39709,18936,20773,291,105,186,228,111,117,150,71,79,0,0,0
03,043,District - Firozpur (09),Urban,30-34,44927,24072,20855,3245,2484,761,40702,21196,19506,563,192,371,237,103,134,180,97,83,0,0,0
03,043,District - Firozpur (09),Urban,35-39,39913,20716,19197,1111,858,253,37573,19466,18107,862,208,654,220,110,110,147,74,73,0,0,0
03,043,District - Firozpur (09),Urban,40-44,35232,18288,16944,647,489,158,32922,17307,15615,1364,326,1038,192,101,91,107,65,42,0,0,0
03,043,District - Firozpur (09),Urban,45-49,31930,16642,15288,458,351,107,29092,15663,13429,2113,467,1646,156,89,67,111,72,39,0,0,0
03,043,District - Firozpur (09),Urban,50-54,25738,13578,12160,350,244,106,22692,12661,10031,2513,555,1958,134,91,43,49,27,22,0,0,0
03,043,District - Firozpur (09),Urban,55-59,18864,9789,9075,195,129,66,16286,9005,7281,2280,595,1685,83,47,36,20,13,7,0,0,0
03,043,District - Firozpur (09),Urban,60-64,17155,8478,8677,310,181,129,13348,7404,5944,3444,865,2579,38,20,18,15,8,7,0,0,0
03,043,District - Firozpur (09),Urban,65-69,11429,5773,5656,375,213,162,7925,4681,3244,3090,856,2234,30,19,11,9,4,5,0,0,0
03,043,District - Firozpur (09),Urban,70-74,7889,3867,4022,162,105,57,4526,2905,1621,3165,837,2328,30,18,12,6,2,4,0,0,0
03,043,District - Firozpur (09),Urban,75-79,3743,1827,1916,58,33,25,1919,1209,710,1756,578,1178,9,6,3,1,1,0,0,0,0
03,043,District - Firozpur (09),Urban,80+,4802,2145,2657,194,101,93,1778,1144,634,2814,892,1922,10,8,2,6,0,6,0,0,0
03,043,District - Firozpur (09),Urban,Age not stated,118,61,57,66,38,28,40,23,17,12,0,12,0,0,0,0,0,0,0,0,0
03,043,District - Firozpur (09),Urban,Less than 18,174492,96270,78222,171922,95118,76804,2428,1096,1332,74,24,50,59,30,29,9,2,7,0,0,0
03,043,District - Firozpur (09),Urban,Less than 21,211838,116944,94894,203579,114261,89318,7972,2564,5408,145,58,87,108,54,54,34,7,27,0,0,0
03,044,District - Muktsar (10),Total,All ages,901896,475622,426274,399890,234774,165116,455672,227179,228493,42862,11633,31229,2268,1247,1021,1204,789,415,0,0,0
03,044,District - Muktsar (10),Total,0-9,150966,82753,68213,150966,82753,68213,0,0,0,0,0,0,0,0,0,0,0,0,0,0,0
03,044,District - Muktsar (10),Total,10-14,85966,47677,38289,84472,47007,37465,1383,618,765,52,20,32,53,29,24,6,3,3,0,0,0
03,044,District - Muktsar (10),Total,15-19,91197,51375,39822,85389,49753,35636,5614,1530,4084,95,43,52,83,42,41,16,7,9,0,0,0
03,044,District - Muktsar (10),Total,20-24,88213,46755,41458,50619,33314,17305,37122,13235,23887,200,64,136,169,79,90,103,63,40,0,0,0
03,044,District - Muktsar (10),Total,25-29,78825,40522,38303,15421,11610,3811,62470,28508,33962,462,155,307,279,133,146,193,116,77,0,0,0
03,044,District - Muktsar (10),Total,30-34,70105,35975,34130,4124,3373,751,64639,32041,32598,854,264,590,279,152,127,209,145,64,0,0,0
03,044,District - Muktsar (10),Total,35-39,64487,32828,31659,1947,1596,351,60555,30528,30027,1498,404,1094,281,150,131,206,150,56,0,0,0
03,044,District - Muktsar (10),Total,40-44,58295,29942,28353,1250,1091,159,54273,28028,26245,2371,561,1810,259,159,100,142,103,39,0,0,0
03,044,District - Muktsar (10),Total,45-49,49741,25828,23913,836,732,104,45547,24235,21312,3051,664,2387,208,126,82,99,71,28,0,0,0
03,044,District - Muktsar (10),Total,50-54,38877,20786,18091,695,607,88,34224,19152,15072,3729,878,2851,170,105,65,59,44,15,0,0,0
03,044,District - Muktsar (10),Total,55-59,28523,13871,14652,417,352,65,24751,12628,12123,3221,806,2415,91,53,38,43,32,11,0,0,0
03,044,District - Muktsar (10),Total,60-64,34300,16086,18214,795,597,198,27228,13896,13332,6106,1504,4602,125,68,57,46,21,25,0,0,0
03,044,District - Muktsar (10),Total,65-69,24509,12586,11923,790,577,213,17928,10371,7557,5659,1570,4089,100,50,50,32,18,14,0,0,0
03,044,District - Muktsar (10),Total,70-74,16857,8755,8102,386,299,87,10305,6646,3659,6069,1751,4318,80,51,29,17,8,9,0,0,0
03,044,District - Muktsar (10),Total,75-79,7931,3813,4118,125,100,25,4640,2676,1964,3113,1006,2107,39,25,14,14,6,8,0,0,0
03,044,District - Muktsar (10),Total,80+,11300,5117,6183,455,306,149,4471,2868,1603,6313,1918,4395,45,23,22,16,2,14,0,0,0
03,044,District - Muktsar (10),Total,Age not stated,1804,953,851,1203,707,496,522,219,303,69,25,44,7,2,5,3,0,3,0,0,0
03,044,District - Muktsar (10),Total,Less than 18,290549,160419,130130,287363,159162,128201,2970,1156,1814,110,46,64,94,49,45,12,6,6,0,0,0
03,044,District - Muktsar (10),Total,Less than 21,350057,193675,156382,336729,189724,147005,12916,3758,9158,199,89,110,175,87,88,38,17,21,0,0,0
03,044,District - Muktsar (10),Rural,All ages,649705,342202,307503,285105,167289,117816,330769,164714,166055,31451,8758,22693,1599,913,686,781,528,253,0,0,0
03,044,District - Muktsar (10),Rural,0-9,108396,59362,49034,108396,59362,49034,0,0,0,0,0,0,0,0,0,0,0,0,0,0,0
03,044,District - Muktsar (10),Rural,10-14,62648,34721,27927,61556,34224,27332,1011,462,549,41,14,27,36,19,17,4,2,2,0,0,0
03,044,District - Muktsar (10),Rural,15-19,65896,37115,28781,61625,35884,25741,4154,1177,2977,57,26,31,51,25,26,9,3,6,0,0,0
03,044,District - Muktsar (10),Rural,20-24,62383,32735,29648,34234,22581,11653,27824,10021,17803,143,43,100,115,53,62,67,37,30,0,0,0
03,044,District - Muktsar (10),Rural,25-29,55334,28421,26913,9871,7530,2341,44851,20620,24231,318,105,213,180,90,90,114,76,38,0,0,0
03,044,District - Muktsar (10),Rural,30-34,50107,25635,24472,2781,2329,452,46368,22905,23463,636,193,443,188,108,80,134,100,34,0,0,0
03,044,District - Muktsar (10),Rural,35-39,46154,23538,22616,1430,1217,213,43362,21852,21510,1042,260,782,186,109,77,134,100,34,0,0,0
03,044,District - Muktsar (10),Rural,40-44,41978,21653,20325,958,852,106,39094,20210,18884,1652,406,1246,190,121,69,84,64,20,0,0,0
03,044,District - Muktsar (10),Rural,45-49,35294,18379,16915,680,605,75,32259,17136,15123,2147,499,1648,148,93,55,60,46,14,0,0,0
03,044,District - Muktsar (10),Rural,50-54,27272,14655,12617,567,502,65,24029,13437,10592,2515,615,1900,117,71,46,44,30,14,0,0,0
03,044,District - Muktsar (10),Rural,55-59,20162,9678,10484,354,304,50,17483,8729,8754,2226,580,1646,66,40,26,33,25,8,0,0,0
03,044,District - Muktsar (10),Rural,60-64,25783,11990,13793,629,487,142,20590,10321,10269,4429,1108,3321,99,56,43,36,18,18,0,0,0
03,044,District - Muktsar (10),Rural,65-69,18860,9685,9175,591,439,152,14008,8022,5986,4157,1169,2988,79,40,39,25,15,10,0,0,0
03,044,District - Muktsar (10),Rural,70-74,13022,6831,6191,288,233,55,8039,5184,2855,4615,1365,3250,68,43,25,12,6,6,0,0,0
03,044,District - Muktsar (10),Rural,75-79,6246,3020,3226,109,90,19,3726,2126,1600,2368,778,1590,31,22,9,12,4,8,0,0,0
03,044,District - Muktsar (10),Rural,80+,9037,4175,4862,321,221,100,3606,2353,1253,5059,1578,3481,40,21,19,11,2,9,0,0,0
03,044,District - Muktsar (10),Rural,Age not stated,1133,609,524,715,429,286,365,159,206,46,19,27,5,2,3,2,0,2,0,0,0
03,044,District - Muktsar (10),Rural,Less than 18,210020,115831,94189,207719,114897,92822,2159,869,1290,75,30,45,58,30,28,9,5,4,0,0,0
03,044,District - Muktsar (10),Rural,Less than 21,252799,139689,113110,242879,136711,106168,9645,2855,6790,137,58,79,113,56,57,25,9,16,0,0,0
03,044,District - Muktsar (10),Urban,All ages,252191,133420,118771,114785,67485,47300,124903,62465,62438,11411,2875,8536,669,334,335,423,261,162,0,0,0
03,044,District - Muktsar (10),Urban,0-9,42570,23391,19179,42570,23391,19179,0,0,0,0,0,0,0,0,0,0,0,0,0,0,0
03,044,District - Muktsar (10),Urban,10-14,23318,12956,10362,22916,12783,10133,372,156,216,11,6,5,17,10,7,2,1,1,0,0,0
03,044,District - Muktsar (10),Urban,15-19,25301,14260,11041,23764,13869,9895,1460,353,1107,38,17,21,32,17,15,7,4,3,0,0,0
03,044,District - Muktsar (10),Urban,20-24,25830,14020,11810,16385,10733,5652,9298,3214,6084,57,21,36,54,26,28,36,26,10,0,0,0
03,044,District - Muktsar (10),Urban,25-29,23491,12101,11390,5550,4080,1470,17619,7888,9731,144,50,94,99,43,56,79,40,39,0,0,0
03,044,District - Muktsar (10),Urban,30-34,19998,10340,9658,1343,1044,299,18271,9136,9135,218,71,147,91,44,47,75,45,30,0,0,0
03,044,District - Muktsar (10),Urban,35-39,18333,9290,9043,517,379,138,17193,8676,8517,456,144,312,95,41,54,72,50,22,0,0,0
03,044,District - Muktsar (10),Urban,40-44,16317,8289,8028,292,239,53,15179,7818,7361,719,155,564,69,38,31,58,39,19,0,0,0
03,044,District - Muktsar (10),Urban,45-49,14447,7449,6998,156,127,29,13288,7099,6189,904,165,739,60,33,27,39,25,14,0,0,0
03,044,District - Muktsar (10),Urban,50-54,11605,6131,5474,128,105,23,10195,5715,4480,1214,263,951,53,34,19,15,14,1,0,0,0
03,044,District - Muktsar (10),Urban,55-59,8361,4193,4168,63,48,15,7268,3899,3369,995,226,769,25,13,12,10,7,3,0,0,0
03,044,District - Muktsar (10),Urban,60-64,8517,4096,4421,166,110,56,6638,3575,3063,1677,396,1281,26,12,14,10,3,7,0,0,0
03,044,District - Muktsar (10),Urban,65-69,5649,2901,2748,199,138,61,3920,2349,1571,1502,401,1101,21,10,11,7,3,4,0,0,0
03,044,District - Muktsar (10),Urban,70-74,3835,1924,1911,98,66,32,2266,1462,804,1454,386,1068,12,8,4,5,2,3,0,0,0
03,044,District - Muktsar (10),Urban,75-79,1685,793,892,16,10,6,914,550,364,745,228,517,8,3,5,2,2,0,0,0,0
03,044,District - Muktsar (10),Urban,80+,2263,942,1321,134,85,49,865,515,350,1254,340,914,5,2,3,5,0,5,0,0,0
03,044,District - Muktsar (10),Urban,Age not stated,671,344,327,488,278,210,157,60,97,23,6,17,2,0,2,1,0,1,0,0,0
03,044,District - Muktsar (10),Urban,Less than 18,80529,44588,35941,79644,44265,35379,811,287,524,35,16,19,36,19,17,3,1,2,0,0,0
03,044,District - Muktsar (10),Urban,Less than 21,97258,53986,43272,93850,53013,40837,3271,903,2368,62,31,31,62,31,31,13,8,5,0,0,0
03,045,District - Faridkot (11),Total,All ages,617508,326671,290837,271867,159101,112766,315014,158091,156923,28416,8236,20180,1361,726,635,850,517,333,0,0,0
03,045,District - Faridkot (11),Total,0-9,101135,54950,46185,101135,54950,46185,0,0,0,0,0,0,0,0,0,0,0,0,0,0,0
03,045,District - Faridkot (11),Total,10-14,57049,31721,25328,56010,31275,24735,979,415,564,25,9,16,30,19,11,5,3,2,0,0,0
03,045,District - Faridkot (11),Total,15-19,62545,34889,27656,58083,33619,24464,4340,1213,3127,72,34,38,37,19,18,13,4,9,0,0,0
03,045,District - Faridkot (11),Total,20-24,61641,32820,28821,36056,23539,12517,25270,9151,16119,149,49,100,109,50,59,57,31,26,0,0,0
03,045,District - Faridkot (11),Total,25-29,54170,28260,25910,11280,8336,2944,42269,19675,22594,302,84,218,164,79,85,155,86,69,0,0,0
03,045,District - Faridkot (11),Total,30-34,47533,24664,22869,2949,2395,554,43640,21908,21732,599,171,428,191,89,102,154,101,53,0,0,0
03,045,District - Faridkot (11),Total,35-39,43140,22081,21059,1232,1020,212,40679,20659,20020,934,220,714,152,82,70,143,100,43,0,0,0
03,045,District - Faridkot (11),Total,40-44,39671,20345,19326,834,718,116,37087,19123,17964,1499,353,1146,150,89,61,101,62,39,0,0,0
03,045,District - Faridkot (11),Total,45-49,34618,17875,16743,608,536,72,31768,16771,14997,2071,462,1609,102,61,41,69,45,24,0,0,0
03,045,District - Faridkot (11),Total,50-54,27734,14810,12924,525,453,72,24700,13673,11027,2378,605,1773,92,52,40,39,27,12,0,0,0
03,045,District - Faridkot (11),Total,55-59,21025,10508,10517,347,286,61,18339,9579,8760,2242,589,1653,67,36,31,30,18,12,0,0,0
03,045,District - Faridkot (11),Total,60-64,22940,11095,11845,469,395,74,18480,9562,8918,3853,1072,2781,99,50,49,39,16,23,0,0,0
03,045,District - Faridkot (11),Total,65-69,16595,8643,7952,411,321,90,12398,7089,5309,3701,1181,2520,64,40,24,21,12,9,0,0,0
03,045,District - Faridkot (11),Total,70-74,11663,6236,5427,272,225,47,7422,4714,2708,3915,1269,2646,44,24,20,10,4,6,0,0,0
03,045,District - Faridkot (11),Total,75-79,5537,2752,2785,115,91,24,3229,1920,1309,2164,720,1444,19,14,5,10,7,3,0,0,0
03,045,District - Faridkot (11),Total,80+,8227,3830,4397,418,281,137,3355,2129,1226,4415,1400,3015,35,19,16,4,1,3,0,0,0
03,045,District - Faridkot (11),Total,Age not stated,2285,1192,1093,1123,661,462,1059,510,549,97,18,79,6,3,3,0,0,0,0,0,0
03,045,District - Faridkot (11),Total,Less than 18,194998,107197,87801,192556,106256,86300,2309,873,1436,75,34,41,49,29,20,9,5,4,0,0,0
03,045,District - Faridkot (11),Total,Less than 21,235637,129712,105925,226116,126858,99258,9277,2740,6537,129,54,75,83,44,39,32,16,16,0,0,0
03,045,District - Faridkot (11),Rural,All ages,400457,210782,189675,175248,102300,72948,205239,101973,103266,18573,5689,12884,875,473,402,522,347,175,0,0,0
03,045,District - Faridkot (11),Rural,0-9,65695,35609,30086,65695,35609,30086,0,0,0,0,0,0,0,0,0,0,0,0,0,0,0
03,045,District - Faridkot (11),Rural,10-14,37707,20965,16742,37059,20675,16384,613,268,345,13,6,7,19,14,5,3,2,1,0,0,0
03,045,District - Faridkot (11),Rural,15-19,41264,23038,18226,38350,22187,16163,2847,819,2028,42,21,21,19,9,10,6,2,4,0,0,0
03,045,District - Faridkot (11),Rural,20-24,39002,20597,18405,21772,14237,7535,17026,6271,10755,98,36,62,64,28,36,42,25,17,0,0,0
03,045,District - Faridkot (11),Rural,25-29,32724,16579,16145,5990,4412,1578,26382,12026,14356,167,41,126,98,46,52,87,54,33,0,0,0
03,045,District - Faridkot (11),Rural,30-34,29899,15227,14672,1825,1481,344,27529,13533,13996,351,100,251,111,51,60,83,62,21,0,0,0
03,045,District - Faridkot (11),Rural,35-39,27767,14054,13713,832,695,137,26174,13108,13066,592,142,450,79,43,36,90,66,24,0,0,0
03,045,District - Faridkot (11),Rural,40-44,25891,13258,12633,590,519,71,24207,12403,11804,934,233,701,94,59,35,66,44,22,0,0,0
03,045,District - Faridkot (11),Rural,45-49,22041,11412,10629,459,414,45,20280,10650,9630,1196,280,916,68,40,28,38,28,10,0,0,0
03,045,District - Faridkot (11),Rural,50-54,17517,9521,7996,417,372,45,15597,8674,6923,1404,414,990,69,39,30,30,22,8,0,0,0
03,045,District - Faridkot (11),Rural,55-59,12985,6365,6620,270,234,36,11340,5730,5610,1317,366,951,40,23,17,18,12,6,0,0,0
03,045,District - Faridkot (11),Rural,60-64,16013,7677,8336,369,321,48,13088,6587,6501,2458,724,1734,74,36,38,24,9,15,0,0,0
03,045,District - Faridkot (11),Rural,65-69,11973,6248,5725,329,271,58,9094,5099,3995,2478,833,1645,55,34,21,17,11,6,0,0,0
03,045,District - Faridkot (11),Rural,70-74,8475,4609,3866,214,181,33,5483,3482,2001,2735,923,1812,35,20,15,8,3,5,0,0,0
03,045,District - Faridkot (11),Rural,75-79,4062,2035,2027,94,76,18,2435,1423,1012,1507,517,990,18,13,5,8,6,2,0,0,0
03,045,District - Faridkot (11),Rural,80+,6086,2881,3205,298,213,85,2536,1611,925,3222,1040,2182,28,16,12,2,1,1,0,0,0
03,045,District - Faridkot (11),Rural,Age not stated,1356,707,649,685,403,282,608,289,319,59,13,46,4,2,2,0,0,0,0,0,0
03,045,District - Faridkot (11),Rural,Less than 18,127848,70209,57639,126323,69597,56726,1451,569,882,41,22,19,27,18,9,6,3,3,0,0,0
03,045,District - Faridkot (11),Rural,Less than 21,154443,84896,69547,148113,82992,65121,6191,1835,4356,75,33,42,45,26,19,19,10,9,0,0,0
03,045,District - Faridkot (11),Urban,All ages,217051,115889,101162,96619,56801,39818,109775,56118,53657,9843,2547,7296,486,253,233,328,170,158,0,0,0
03,045,District - Faridkot (11),Urban,0-9,35440,19341,16099,35440,19341,16099,0,0,0,0,0,0,0,0,0,0,0,0,0,0,0
03,045,District - Faridkot (11),Urban,10-14,19342,10756,8586,18951,10600,8351,366,147,219,12,3,9,11,5,6,2,1,1,0,0,0
03,045,District - Faridkot (11),Urban,15-19,21281,11851,9430,19733,11432,8301,1493,394,1099,30,13,17,18,10,8,7,2,5,0,0,0
03,045,District - Faridkot (11),Urban,20-24,22639,12223,10416,14284,9302,4982,8244,2880,5364,51,13,38,45,22,23,15,6,9,0,0,0
03,045,District - Faridkot (11),Urban,25-29,21446,11681,9765,5290,3924,1366,15887,7649,8238,135,43,92,66,33,33,68,32,36,0,0,0
03,045,District - Faridkot (11),Urban,30-34,17634,9437,8197,1124,914,210,16111,8375,7736,248,71,177,80,38,42,71,39,32,0,0,0
03,045,District - Faridkot (11),Urban,35-39,15373,8027,7346,400,325,75,14505,7551,6954,342,78,264,73,39,34,53,34,19,0,0,0
03,045,District - Faridkot (11),Urban,40-44,13780,7087,6693,244,199,45,12880,6720,6160,565,120,445,56,30,26,35,18,17,0,0,0
03,045,District - Faridkot (11),Urban,45-49,12577,6463,6114,149,122,27,11488,6121,5367,875,182,693,34,21,13,31,17,14,0,0,0
03,045,District - Faridkot (11),Urban,50-54,10217,5289,4928,108,81,27,9103,4999,4104,974,191,783,23,13,10,9,5,4,0,0,0
03,045,District - Faridkot (11),Urban,55-59,8040,4143,3897,77,52,25,6999,3849,3150,925,223,702,27,13,14,12,6,6,0,0,0
03,045,District - Faridkot (11),Urban,60-64,6927,3418,3509,100,74,26,5392,2975,2417,1395,348,1047,25,14,11,15,7,8,0,0,0
03,045,District - Faridkot (11),Urban,65-69,4622,2395,2227,82,50,32,3304,1990,1314,1223,348,875,9,6,3,4,1,3,0,0,0
03,045,District - Faridkot (11),Urban,70-74,3188,1627,1561,58,44,14,1939,1232,707,1180,346,834,9,4,5,2,1,1,0,0,0
03,045,District - Faridkot (11),Urban,75-79,1475,717,758,21,15,6,794,497,297,657,203,454,1,1,0,2,1,1,0,0,0
03,045,District - Faridkot (11),Urban,80+,2141,949,1192,120,68,52,819,518,301,1193,360,833,7,3,4,2,0,2,0,0,0
03,045,District - Faridkot (11),Urban,Age not stated,929,485,444,438,258,180,451,221,230,38,5,33,2,1,1,0,0,0,0,0,0
03,045,District - Faridkot (11),Urban,Less than 18,67150,36988,30162,66233,36659,29574,858,304,554,34,12,22,22,11,11,3,2,1,0,0,0
03,045,District - Faridkot (11),Urban,Less than 21,81194,44816,36378,78003,43866,34137,3086,905,2181,54,21,33,38,18,20,13,6,7,0,0,0
03,046,District - Bathinda (12),Total,All ages,1388525,743197,645328,602100,356949,245151,720501,365859,354642,60955,17503,43452,3224,1833,1391,1745,1053,692,0,0,0
03,046,District - Bathinda (12),Total,0-9,219197,119035,100162,219197,119035,100162,0,0,0,0,0,0,0,0,0,0,0,0,0,0,0
03,046,District - Bathinda (12),Total,10-14,124640,69858,54782,121475,68444,53031,2999,1329,1670,72,35,37,73,40,33,21,10,11,0,0,0
03,046,District - Bathinda (12),Total,15-19,137819,77637,60182,127818,74448,53370,9718,3061,6657,160,64,96,98,57,41,25,7,18,0,0,0
03,046,District - Bathinda (12),Total,20-24,145158,79265,65893,85901,57121,28780,58522,21823,36699,356,123,233,241,126,115,138,72,66,0,0,0
03,046,District - Bathinda (12),Total,25-29,128113,68204,59909,26691,20170,6521,100057,47422,52635,682,231,451,387,215,172,296,166,130,0,0,0
03,046,District - Bathinda (12),Total,30-34,109612,57647,51965,6862,5690,1172,100777,51140,49637,1239,381,858,410,232,178,324,204,120,0,0,0
03,046,District - Bathinda (12),Total,35-39,99498,52276,47222,3143,2730,413,93669,48646,45023,2027,495,1532,373,212,161,286,193,93,0,0,0
03,046,District - Bathinda (12),Total,40-44,89638,46821,42817,2180,1879,301,83674,43840,39834,3218,757,2461,366,217,149,200,128,72,0,0,0
03,046,District - Bathinda (12),Total,45-49,78959,41201,37758,1577,1393,184,72773,38543,34230,4193,1007,3186,273,161,112,143,97,46,0,0,0
03,046,District - Bathinda (12),Total,50-54,63689,34327,29362,1424,1255,169,56535,31492,25043,5410,1377,4033,210,125,85,110,78,32,0,0,0
03,046,District - Bathinda (12),Total,55-59,46768,23619,23149,1011,877,134,40980,21372,19608,4582,1251,3331,134,87,47,61,32,29,0,0,0
03,046,District - Bathinda (12),Total,60-64,52599,25587,27012,1225,1058,167,42670,22202,20468,8445,2190,6255,192,105,87,67,32,35,0,0,0
03,046,District - Bathinda (12),Total,65-69,35774,18764,17010,975,828,147,27128,15572,11556,7484,2266,5218,159,85,74,28,13,15,0,0,0
03,046,District - Bathinda (12),Total,70-74,25673,13660,12013,825,705,120,16185,10293,5892,8496,2561,5935,145,89,56,22,12,10,0,0,0
03,046,District - Bathinda (12),Total,75-79,12259,6074,6185,405,345,60,7196,4218,2978,4583,1473,3110,71,36,35,4,2,2,0,0,0
03,046,District - Bathinda (12),Total,80+,18521,8863,9658,1012,731,281,7416,4799,2617,9981,3280,6701,92,46,46,20,7,13,0,0,0
03,046,District - Bathinda (12),Total,Age not stated,608,359,249,379,240,139,202,107,95,27,12,15,0,0,0,0,0,0,0,0,0
03,046,District - Bathinda (12),Total,Less than 18,423959,233858,190101,417304,231075,186229,6330,2630,3700,173,68,105,124,71,53,28,14,14,0,0,0
03,046,District - Bathinda (12),Total,Less than 21,516153,285846,230307,494023,278512,215511,21560,7060,14500,296,126,170,212,123,89,62,25,37,0,0,0
03,046,District - Bathinda (12),Rural,All ages,889308,474484,414824,384683,228189,156494,459947,232226,227721,41811,12332,29479,1903,1096,807,964,641,323,0,0,0
03,046,District - Bathinda (12),Rural,0-9,137873,74853,63020,137873,74853,63020,0,0,0,0,0,0,0,0,0,0,0,0,0,0,0
03,046,District - Bathinda (12),Rural,10-14,81739,45604,36135,79821,44729,35092,1817,822,995,52,28,24,39,21,18,10,4,6,0,0,0
03,046,District - Bathinda (12),Rural,15-19,90954,51101,39853,84390,48977,35413,6395,2048,4347,98,37,61,59,35,24,12,4,8,0,0,0
03,046,District - Bathinda (12),Rural,20-24,92559,50698,41861,53085,35446,17639,39012,15047,23965,240,85,155,141,73,68,81,47,34,0,0,0
03,046,District - Bathinda (12),Rural,25-29,76853,40754,36099,14611,11242,3369,61446,29153,32293,445,148,297,187,104,83,164,107,57,0,0,0
03,046,District - Bathinda (12),Rural,30-34,67941,35488,32453,4357,3706,651,62402,31293,31109,830,257,573,203,122,81,149,110,39,0,0,0
03,046,District - Bathinda (12),Rural,35-39,62859,32841,30018,2233,1999,234,58898,30262,28636,1367,336,1031,211,132,79,150,112,38,0,0,0
03,046,District - Bathinda (12),Rural,40-44,57372,30021,27351,1606,1421,185,53307,27850,25457,2124,529,1595,218,139,79,117,82,35,0,0,0
03,046,District - Bathinda (12),Rural,45-49,48854,25497,23357,1212,1095,117,44827,23588,21239,2586,666,1920,148,88,60,81,60,21,0,0,0
03,046,District - Bathinda (12),Rural,50-54,39007,21106,17901,1083,984,99,34335,19098,15237,3400,908,2492,114,62,52,75,54,21,0,0,0
03,046,District - Bathinda (12),Rural,55-59,28644,13957,14687,760,673,87,25000,12432,12568,2765,784,1981,79,47,32,40,21,19,0,0,0
03,046,District - Bathinda (12),Rural,60-64,36831,17594,19237,970,858,112,29866,15080,14786,5821,1565,4256,136,72,64,38,19,19,0,0,0
03,046,District - Bathinda (12),Rural,65-69,25816,13538,12278,764,673,91,19739,11212,8527,5178,1586,3592,115,58,57,20,9,11,0,0,0
03,046,District - Bathinda (12),Rural,70-74,18816,10094,8722,654,573,81,11923,7565,4358,6107,1877,4230,118,72,46,14,7,7,0,0,0
03,046,District - Bathinda (12),Rural,75-79,8836,4396,4440,318,278,40,5262,3049,2213,3197,1038,2159,57,30,27,2,1,1,0,0,0
03,046,District - Bathinda (12),Rural,80+,13964,6714,7250,687,520,167,5605,3668,1937,7583,2481,5102,78,41,37,11,4,7,0,0,0
03,046,District - Bathinda (12),Rural,Age not stated,390,228,162,259,162,97,113,59,54,18,7,11,0,0,0,0,0,0,0,0,0
03,046,District - Bathinda (12),Rural,Less than 18,272785,150176,122609,268665,148433,120232,3918,1650,2268,113,45,68,76,42,34,13,6,7,0,0,0
03,046,District - Bathinda (12),Rural,Less than 21,333546,184524,149022,319021,179602,139419,14181,4755,9426,194,86,108,117,67,50,33,14,19,0,0,0
03,046,District - Bathinda (12),Urban,All ages,499217,268713,230504,217417,128760,88657,260554,133633,126921,19144,5171,13973,1321,737,584,781,412,369,0,0,0
03,046,District - Bathinda (12),Urban,0-9,81324,44182,37142,81324,44182,37142,0,0,0,0,0,0,0,0,0,0,0,0,0,0,0
03,046,District - Bathinda (12),Urban,10-14,42901,24254,18647,41654,23715,17939,1182,507,675,20,7,13,34,19,15,11,6,5,0,0,0
03,046,District - Bathinda (12),Urban,15-19,46865,26536,20329,43428,25471,17957,3323,1013,2310,62,27,35,39,22,17,13,3,10,0,0,0
03,046,District - Bathinda (12),Urban,20-24,52599,28567,24032,32816,21675,11141,19510,6776,12734,116,38,78,100,53,47,57,25,32,0,0,0
03,046,District - Bathinda (12),Urban,25-29,51260,27450,23810,12080,8928,3152,38611,18269,20342,237,83,154,200,111,89,132,59,73,0,0,0
03,046,District - Bathinda (12),Urban,30-34,41671,22159,19512,2505,1984,521,38375,19847,18528,409,124,285,207,110,97,175,94,81,0,0,0
03,046,District - Bathinda (12),Urban,35-39,36639,19435,17204,910,731,179,34771,18384,16387,660,159,501,162,80,82,136,81,55,0,0,0
03,046,District - Bathinda (12),Urban,40-44,32266,16800,15466,574,458,116,30367,15990,14377,1094,228,866,148,78,70,83,46,37,0,0,0
03,046,District - Bathinda (12),Urban,45-49,30105,15704,14401,365,298,67,27946,14955,12991,1607,341,1266,125,73,52,62,37,25,0,0,0
03,046,District - Bathinda (12),Urban,50-54,24682,13221,11461,341,271,70,22200,12394,9806,2010,469,1541,96,63,33,35,24,11,0,0,0
03,046,District - Bathinda (12),Urban,55-59,18124,9662,8462,251,204,47,15980,8940,7040,1817,467,1350,55,40,15,21,11,10,0,0,0
03,046,District - Bathinda (12),Urban,60-64,15768,7993,7775,255,200,55,12804,7122,5682,2624,625,1999,56,33,23,29,13,16,0,0,0
03,046,District - Bathinda (12),Urban,65-69,9958,5226,4732,211,155,56,7389,4360,3029,2306,680,1626,44,27,17,8,4,4,0,0,0
03,046,District - Bathinda (12),Urban,70-74,6857,3566,3291,171,132,39,4262,2728,1534,2389,684,1705,27,17,10,8,5,3,0,0,0
03,046,District - Bathinda (12),Urban,75-79,3423,1678,1745,87,67,20,1934,1169,765,1386,435,951,14,6,8,2,1,1,0,0,0
03,046,District - Bathinda (12),Urban,80+,4557,2149,2408,325,211,114,1811,1131,680,2398,799,1599,14,5,9,9,3,6,0,0,0
03,046,District - Bathinda (12),Urban,Age not stated,218,131,87,120,78,42,89,48,41,9,5,4,0,0,0,0,0,0,0,0,0
03,046,District - Bathinda (12),Urban,Less than 18,151174,83682,67492,148639,82642,65997,2412,980,1432,60,23,37,48,29,19,15,8,7,0,0,0
03,046,District - Bathinda (12),Urban,Less than 21,182607,101322,81285,175002,98910,76092,7379,2305,5074,102,40,62,95,56,39,29,11,18,0,0,0
03,047,District - Mansa (13),Total,All ages,769751,408732,361019,343729,204054,139675,387005,192790,194215,36082,10123,25959,2003,1166,837,932,599,333,0,0,0
03,047,District - Mansa (13),Total,0-9,124668,68193,56475,124668,68193,56475,0,0,0,0,0,0,0,0,0,0,0,0,0,0,0
03,047,District - Mansa (13),Total,10-14,75036,42052,32984,72889,41061,31828,2016,915,1101,72,36,36,53,34,19,6,6,0,0,0,0
03,047,District - Mansa (13),Total,15-19,81166,45410,35756,75146,43398,31748,5813,1917,3896,124,49,75,64,38,26,19,8,11,0,0,0
03,047,District - Mansa (13),Total,20-24,76191,40670,35521,43442,28586,14856,32262,11869,20393,231,77,154,166,87,79,90,51,39,0,0,0
03,047,District - Mansa (13),Total,25-29,62989,32719,30270,11618,9161,2457,50566,23197,27369,416,150,266,254,133,121,135,78,57,0,0,0
03,047,District - Mansa (13),Total,30-34,56790,28949,27841,3685,3192,493,51949,25292,26657,740,206,534,252,148,104,164,111,53,0,0,0
03,047,District - Mansa (13),Total,35-39,53886,27602,26284,2230,2000,230,49888,24983,24905,1337,345,992,271,157,114,160,117,43,0,0,0
03,047,District - Mansa (13),Total,40-44,49042,25652,23390,1683,1546,137,45150,23453,21697,1918,463,1455,188,118,70,103,72,31,0,0,0
03,047,District - Mansa (13),Total,45-49,41164,21756,19408,1344,1242,102,37196,19821,17375,2377,527,1850,155,99,56,92,67,25,0,0,0
03,047,District - Mansa (13),Total,50-54,31546,17200,14346,1050,955,95,27455,15423,12032,2879,720,2159,114,73,41,48,29,19,0,0,0
03,047,District - Mansa (13),Total,55-59,22920,11313,11607,677,617,60,19843,10006,9837,2301,629,1672,72,46,26,27,15,12,0,0,0
03,047,District - Mansa (13),Total,60-64,31787,14636,17151,1176,981,195,25583,12380,13203,4881,1194,3687,117,66,51,30,15,15,0,0,0
03,047,District - Mansa (13),Total,65-69,24557,13061,11496,1119,912,207,18536,10699,7837,4758,1372,3386,120,62,58,24,16,8,0,0,0
03,047,District - Mansa (13),Total,70-74,16259,8909,7350,675,588,87,10344,6757,3587,5149,1512,3637,81,47,34,10,5,5,0,0,0
03,047,District - Mansa (13),Total,75-79,7191,3568,3623,300,263,37,4241,2441,1800,2611,840,1771,31,20,11,8,4,4,0,0,0
03,047,District - Mansa (13),Total,80+,11843,5638,6205,678,540,138,4937,3091,1846,6156,1966,4190,61,38,23,11,3,8,0,0,0
03,047,District - Mansa (13),Total,Age not stated,2716,1404,1312,1349,819,530,1226,546,680,132,37,95,4,0,4,5,2,3,0,0,0
03,047,District - Mansa (13),Total,Less than 18,247876,137115,110761,243462,135227,108235,4151,1756,2395,161,67,94,83,52,31,19,13,6,0,0,0
03,047,District - Mansa (13),Total,Less than 21,300544,166456,134088,287125,161873,125252,12978,4364,8614,252,107,145,145,89,56,44,23,21,0,0,0
03,047,District - Mansa (13),Rural,All ages,606147,322184,283963,270810,161186,109624,303875,151237,152638,29115,8293,20822,1635,982,653,712,486,226,0,0,0
03,047,District - Mansa (13),Rural,0-9,98285,53675,44610,98285,53675,44610,0,0,0,0,0,0,0,0,0,0,0,0,0,0,0
03,047,District - Mansa (13),Rural,10-14,59828,33388,26440,58136,32631,25505,1593,704,889,55,26,29,41,24,17,3,3,0,0,0,0
03,047,District - Mansa (13),Rural,15-19,64392,35959,28433,59583,34367,25216,4651,1518,3133,98,38,60,50,32,18,10,4,6,0,0,0
03,047,District - Mansa (13),Rural,20-24,59341,31663,27678,32739,21774,10965,26214,9712,16502,179,58,121,134,74,60,75,45,30,0,0,0
03,047,District - Mansa (13),Rural,25-29,48548,25311,23237,8530,6893,1637,39397,18129,21268,324,118,206,202,114,88,95,57,38,0,0,0
03,047,District - Mansa (13),Rural,30-34,44180,22585,21595,2994,2626,368,40269,19568,20701,587,170,417,214,134,80,116,87,29,0,0,0
03,047,District - Mansa (13),Rural,35-39,42301,21795,20506,1908,1741,167,38992,19549,19443,1055,276,779,222,133,89,124,96,28,0,0,0
03,047,District - Mansa (13),Rural,40-44,38309,20224,18085,1490,1389,101,35063,18297,16766,1525,384,1141,147,93,54,84,61,23,0,0,0
03,047,District - Mansa (13),Rural,45-49,31457,16725,14732,1180,1103,77,28256,15059,13197,1825,427,1398,118,76,42,78,60,18,0,0,0
03,047,District - Mansa (13),Rural,50-54,23966,13168,10798,934,869,65,20672,11644,9028,2227,566,1661,94,64,30,39,25,14,0,0,0
03,047,District - Mansa (13),Rural,55-59,17334,8461,8873,595,556,39,14920,7373,7547,1744,482,1262,56,37,19,19,13,6,0,0,0
03,047,District - Mansa (13),Rural,60-64,26069,11855,14214,1051,896,155,20980,9926,11054,3915,966,2949,101,55,46,22,12,10,0,0,0
03,047,District - Mansa (13),Rural,65-69,20540,11010,9530,1021,850,171,15552,8955,6597,3849,1143,2706,98,49,49,20,13,7,0,0,0
03,047,District - Mansa (13),Rural,70-74,13646,7592,6054,608,538,70,8719,5734,2985,4237,1271,2966,73,45,28,9,4,5,0,0,0
03,047,District - Mansa (13),Rural,75-79,5950,2949,3001,274,248,26,3529,2013,1516,2115,667,1448,26,18,8,6,3,3,0,0,0
03,047,District - Mansa (13),Rural,80+,10137,4847,5290,562,462,100,4229,2674,1555,5280,1675,3605,57,34,23,9,2,7,0,0,0
03,047,District - Mansa (13),Rural,Age not stated,1864,977,887,920,568,352,839,382,457,100,26,74,2,0,2,3,1,2,0,0,0
03,047,District - Mansa (13),Rural,Less than 18,196558,108453,88105,193071,106988,86083,3289,1372,1917,125,49,76,64,38,26,9,6,3,0,0,0
03,047,District - Mansa (13),Rural,Less than 21,238145,131625,106520,227338,127974,99364,10460,3481,6979,201,83,118,116,72,44,30,15,15,0,0,0
03,047,District - Mansa (13),Urban,All ages,163604,86548,77056,72919,42868,30051,83130,41553,41577,6967,1830,5137,368,184,184,220,113,107,0,0,0
03,047,District - Mansa (13),Urban,0-9,26383,14518,11865,26383,14518,11865,0,0,0,0,0,0,0,0,0,0,0,0,0,0,0
03,047,District - Mansa (13),Urban,10-14,15208,8664,6544,14753,8430,6323,423,211,212,17,10,7,12,10,2,3,3,0,0,0,0
03,047,District - Mansa (13),Urban,15-19,16774,9451,7323,15563,9031,6532,1162,399,763,26,11,15,14,6,8,9,4,5,0,0,0
03,047,District - Mansa (13),Urban,20-24,16850,9007,7843,10703,6812,3891,6048,2157,3891,52,19,33,32,13,19,15,6,9,0,0,0
03,047,District - Mansa (13),Urban,25-29,14441,7408,7033,3088,2268,820,11169,5068,6101,92,32,60,52,19,33,40,21,19,0,0,0
03,047,District - Mansa (13),Urban,30-34,12610,6364,6246,691,566,125,11680,5724,5956,153,36,117,38,14,24,48,24,24,0,0,0
03,047,District - Mansa (13),Urban,35-39,11585,5807,5778,322,259,63,10896,5434,5462,282,69,213,49,24,25,36,21,15,0,0,0
03,047,District - Mansa (13),Urban,40-44,10733,5428,5305,193,157,36,10087,5156,4931,393,79,314,41,25,16,19,11,8,0,0,0
03,047,District - Mansa (13),Urban,45-49,9707,5031,4676,164,139,25,8940,4762,4178,552,100,452,37,23,14,14,7,7,0,0,0
03,047,District - Mansa (13),Urban,50-54,7580,4032,3548,116,86,30,6783,3779,3004,652,154,498,20,9,11,9,4,5,0,0,0
03,047,District - Mansa (13),Urban,55-59,5586,2852,2734,82,61,21,4923,2633,2290,557,147,410,16,9,7,8,2,6,0,0,0
03,047,District - Mansa (13),Urban,60-64,5718,2781,2937,125,85,40,4603,2454,2149,966,228,738,16,11,5,8,3,5,0,0,0
03,047,District - Mansa (13),Urban,65-69,4017,2051,1966,98,62,36,2984,1744,1240,909,229,680,22,13,9,4,3,1,0,0,0
03,047,District - Mansa (13),Urban,70-74,2613,1317,1296,67,50,17,1625,1023,602,912,241,671,8,2,6,1,1,0,0,0,0
03,047,District - Mansa (13),Urban,75-79,1241,619,622,26,15,11,712,428,284,496,173,323,5,2,3,2,1,1,0,0,0
03,047,District - Mansa (13),Urban,80+,1706,791,915,116,78,38,708,417,291,876,291,585,4,4,0,2,1,1,0,0,0
03,047,District - Mansa (13),Urban,Age not stated,852,427,425,429,251,178,387,164,223,32,11,21,2,0,2,2,1,1,0,0,0
03,047,District - Mansa (13),Urban,Less than 18,51318,28662,22656,50391,28239,22152,862,384,478,36,18,18,19,14,5,10,7,3,0,0,0
03,047,District - Mansa (13),Urban,Less than 21,62399,34831,27568,59787,33899,25888,2518,883,1635,51,24,27,29,17,12,14,8,6,0,0,0
03,048,District - Patiala (14),Total,All ages,1895686,1002522,893164,828459,484691,343768,974352,489004,485348,85422,24643,60779,4623,2494,2129,2830,1690,1140,0,0,0
03,048,District - Patiala (14),Total,0-9,308537,168890,139647,308537,168890,139647,0,0,0,0,0,0,0,0,0,0,0,0,0,0,0
03,048,District - Patiala (14),Total,10-14,171978,97428,74550,167700,95486,72214,4027,1830,2197,143,62,81,87,42,45,21,8,13,0,0,0
03,048,District - Patiala (14),Total,15-19,189841,105967,83874,176296,101749,74547,13101,4010,9091,263,119,144,140,74,66,41,15,26,0,0,0
03,048,District - Patiala (14),Total,20-24,196371,102221,94150,115708,73544,42164,79557,28214,51343,509,178,331,377,188,189,220,97,123,0,0,0
03,048,District - Patiala (14),Total,25-29,175792,91511,84281,36083,26486,9597,137555,64065,73490,1013,342,671,645,326,319,496,292,204,0,0,0
03,048,District - Patiala (14),Total,30-34,148002,76094,71908,8668,6691,1977,136212,68131,68081,1897,578,1319,673,363,310,552,331,221,0,0,0
03,048,District - Patiala (14),Total,35-39,136451,69779,66672,3794,3012,782,128380,65363,63017,3228,758,2470,590,326,264,459,320,139,0,0,0
03,048,District - Patiala (14),Total,40-44,123273,62407,60866,2517,2010,507,114974,58814,56160,4885,1062,3823,531,294,237,366,227,139,0,0,0
03,048,District - Patiala (14),Total,45-49,109353,57030,52323,1757,1388,369,100322,53841,46481,6672,1438,5234,364,212,152,238,151,87,0,0,0
03,048,District - Patiala (14),Total,50-54,83702,44283,39419,1412,1111,301,74191,41098,33093,7651,1801,5850,294,181,113,154,92,62,0,0,0
03,048,District - Patiala (14),Total,55-59,62772,31475,31297,910,684,226,54533,28843,25690,7054,1803,5251,185,96,89,90,49,41,0,0,0
03,048,District - Patiala (14),Total,60-64,67450,31985,35465,1232,918,314,54590,27984,26606,11305,2931,8374,251,107,144,72,45,27,0,0,0
03,048,District - Patiala (14),Total,65-69,48674,25508,23166,1120,790,330,36746,21420,15326,10592,3180,7412,170,91,79,46,27,19,0,0,0
03,048,District - Patiala (14),Total,70-74,33440,17865,15575,752,586,166,21027,13564,7463,11497,3626,7871,136,74,62,28,15,13,0,0,0
03,048,District - Patiala (14),Total,75-79,16120,8129,7991,339,250,89,9390,5577,3813,6300,2251,4049,73,43,30,18,8,10,0,0,0
03,048,District - Patiala (14),Total,80+,22942,11392,11550,1076,739,337,9372,6065,3307,12362,4501,7861,106,76,30,26,11,15,0,0,0
03,048,District - Patiala (14),Total,Age not stated,988,558,430,558,357,201,375,185,190,51,13,38,1,1,0,3,2,1,0,0,0
03,048,District - Patiala (14),Total,Less than 18,591080,328308,262772,582028,324577,257451,8557,3513,5044,308,132,176,147,73,74,40,13,27,0,0,0
03,048,District - Patiala (14),Total,Less than 21,714412,396039,318373,685485,386676,298809,28038,8977,19061,508,217,291,284,136,148,97,33,64,0,0,0
03,048,District - Patiala (14),Rural,All ages,1132406,598800,533606,497633,292483,205150,579955,288477,291478,51154,15586,35568,2271,1290,981,1393,964,429,0,0,0
03,048,District - Patiala (14),Rural,0-9,194685,107083,87602,194685,107083,87602,0,0,0,0,0,0,0,0,0,0,0,0,0,0,0
03,048,District - Patiala (14),Rural,10-14,107861,61307,46554,105299,60090,45209,2417,1155,1262,95,40,55,38,18,20,12,4,8,0,0,0
03,048,District - Patiala (14),Rural,15-19,116719,65181,51538,108028,62462,45566,8422,2583,5839,162,82,80,82,44,38,25,10,15,0,0,0
03,048,District - Patiala (14),Rural,20-24,115572,59770,55802,60804,39767,21037,54129,19730,34399,316,107,209,196,99,97,127,67,60,0,0,0
03,048,District - Patiala (14),Rural,25-29,101242,52160,49082,15441,11924,3517,84596,39703,44893,638,207,431,278,134,144,289,192,97,0,0,0
03,048,District - Patiala (14),Rural,30-34,85899,43874,42025,4019,3336,683,80102,39792,40310,1221,375,846,306,185,121,251,186,65,0,0,0
03,048,District - Patiala (14),Rural,35-39,78926,40216,38710,1990,1734,256,74497,37691,36806,1963,465,1498,273,164,109,203,162,41,0,0,0
03,048,District - Patiala (14),Rural,40-44,71949,36503,35446,1479,1280,199,67060,34242,32818,2973,693,2280,260,156,104,177,132,45,0,0,0
03,048,District - Patiala (14),Rural,45-49,61807,32352,29455,1082,927,155,56573,30335,26238,3888,911,2977,159,102,57,105,77,28,0,0,0
03,048,District - Patiala (14),Rural,50-54,45134,24080,21054,877,770,107,39818,22081,17737,4254,1103,3151,122,82,40,63,44,19,0,0,0
03,048,District - Patiala (14),Rural,55-59,32961,16063,16898,530,447,83,28702,14585,14117,3626,971,2655,71,37,34,32,23,9,0,0,0
03,048,District - Patiala (14),Rural,60-64,41058,18850,22208,822,668,154,33529,16318,17211,6523,1776,4747,146,62,84,38,26,12,0,0,0
03,048,District - Patiala (14),Rural,65-69,31580,16620,14960,727,574,153,24148,13887,10261,6565,2077,4488,112,61,51,28,21,7,0,0,0
03,048,District - Patiala (14),Rural,70-74,21259,11603,9656,540,461,79,13488,8748,4740,7126,2333,4793,91,55,36,14,6,8,0,0,0
03,048,District - Patiala (14),Rural,75-79,9894,5050,4844,242,200,42,5933,3437,2496,3656,1379,2277,53,29,24,10,5,5,0,0,0
03,048,District - Patiala (14),Rural,80+,15279,7737,7542,685,506,179,6369,4104,2265,8125,3059,5066,83,61,22,17,7,10,0,0,0
03,048,District - Patiala (14),Rural,Age not stated,581,351,230,383,254,129,172,86,86,23,8,15,1,1,0,2,2,0,0,0,0
03,048,District - Patiala (14),Rural,Less than 18,371581,207107,164474,366175,204804,161371,5104,2167,2937,205,91,114,73,38,35,24,7,17,0,0,0
03,048,District - Patiala (14),Rural,Less than 21,445744,247783,197961,426896,241633,185263,18321,5910,12411,322,145,177,150,74,76,55,21,34,0,0,0
03,048,District - Patiala (14),Urban,All ages,763280,403722,359558,330826,192208,138618,394397,200527,193870,34268,9057,25211,2352,1204,1148,1437,726,711,0,0,0
03,048,District - Patiala (14),Urban,0-9,113852,61807,52045,113852,61807,52045,0,0,0,0,0,0,0,0,0,0,0,0,0,0,0
03,048,District - Patiala (14),Urban,10-14,64117,36121,27996,62401,35396,27005,1610,675,935,48,22,26,49,24,25,9,4,5,0,0,0
03,048,District - Patiala (14),Urban,15-19,73122,40786,32336,68268,39287,28981,4679,1427,3252,101,37,64,58,30,28,16,5,11,0,0,0
03,048,District - Patiala (14),Urban,20-24,80799,42451,38348,54904,33777,21127,25428,8484,16944,193,71,122,181,89,92,93,30,63,0,0,0
03,048,District - Patiala (14),Urban,25-29,74550,39351,35199,20642,14562,6080,52959,24362,28597,375,135,240,367,192,175,207,100,107,0,0,0
03,048,District - Patiala (14),Urban,30-34,62103,32220,29883,4649,3355,1294,56110,28339,27771,676,203,473,367,178,189,301,145,156,0,0,0
03,048,District - Patiala (14),Urban,35-39,57525,29563,27962,1804,1278,526,53883,27672,26211,1265,293,972,317,162,155,256,158,98,0,0,0
03,048,District - Patiala (14),Urban,40-44,51324,25904,25420,1038,730,308,47914,24572,23342,1912,369,1543,271,138,133,189,95,94,0,0,0
03,048,District - Patiala (14),Urban,45-49,47546,24678,22868,675,461,214,43749,23506,20243,2784,527,2257,205,110,95,133,74,59,0,0,0
03,048,District - Patiala (14),Urban,50-54,38568,20203,18365,535,341,194,34373,19017,15356,3397,698,2699,172,99,73,91,48,43,0,0,0
03,048,District - Patiala (14),Urban,55-59,29811,15412,14399,380,237,143,25831,14258,11573,3428,832,2596,114,59,55,58,26,32,0,0,0
03,048,District - Patiala (14),Urban,60-64,26392,13135,13257,410,250,160,21061,11666,9395,4782,1155,3627,105,45,60,34,19,15,0,0,0
03,048,District - Patiala (14),Urban,65-69,17094,8888,8206,393,216,177,12598,7533,5065,4027,1103,2924,58,30,28,18,6,12,0,0,0
03,048,District - Patiala (14),Urban,70-74,12181,6262,5919,212,125,87,7539,4816,2723,4371,1293,3078,45,19,26,14,9,5,0,0,0
03,048,District - Patiala (14),Urban,75-79,6226,3079,3147,97,50,47,3457,2140,1317,2644,872,1772,20,14,6,8,3,5,0,0,0
03,048,District - Patiala (14),Urban,80+,7663,3655,4008,391,233,158,3003,1961,1042,4237,1442,2795,23,15,8,9,4,5,0,0,0
03,048,District - Patiala (14),Urban,Age not stated,407,207,200,175,103,72,203,99,104,28,5,23,0,0,0,1,0,1,0,0,0
03,048,District - Patiala (14),Urban,Less than 18,219499,121201,98298,215853,119773,96080,3453,1346,2107,103,41,62,74,35,39,16,6,10,0,0,0
03,048,District - Patiala (14),Urban,Less than 21,268668,148256,120412,258589,145043,113546,9717,3067,6650,186,72,114,134,62,72,42,12,30,0,0,0
03,049,District - Amritsar  (15),Total,All ages,2490656,1318408,1172248,1133564,664120,469444,1232515,614601,617914,115276,34549,80727,5279,2802,2477,4022,2336,1686,0,0,0
03,049,District - Amritsar  (15),Total,0-9,410250,225675,184575,410250,225675,184575,0,0,0,0,0,0,0,0,0,0,0,0,0,0,0
03,049,District - Amritsar  (15),Total,10-14,236189,132916,103273,230121,130300,99821,5717,2448,3269,220,100,120,105,54,51,26,14,12,0,0,0
03,049,District - Amritsar  (15),Total,15-19,260943,146027,114916,242839,140653,102186,17480,5105,12375,372,149,223,183,92,91,69,28,41,0,0,0
03,049,District - Amritsar  (15),Total,20-24,252233,133665,118568,158577,101954,56623,92174,31083,61091,794,309,485,431,205,226,257,114,143,0,0,0
03,049,District - Amritsar  (15),Total,25-29,225372,116275,109097,57704,41233,16471,164914,73897,91017,1510,531,979,656,306,350,588,308,280,0,0,0
03,049,District - Amritsar  (15),Total,30-34,188504,96536,91968,14165,10492,3673,170028,84382,85646,2702,790,1912,825,424,401,784,448,336,0,0,0
03,049,District - Amritsar  (15),Total,35-39,178950,89981,88969,5337,3927,1410,167487,84028,83459,4652,1159,3493,775,414,361,699,453,246,0,0,0
03,049,District - Amritsar  (15),Total,40-44,158573,80597,77976,3103,2320,783,147327,75955,71372,6974,1623,5351,600,337,263,569,362,207,0,0,0
03,049,District - Amritsar  (15),Total,45-49,141166,71977,69189,2130,1574,556,128709,67697,61012,9453,2184,7269,488,278,210,386,244,142,0,0,0
03,049,District - Amritsar  (15),Total,50-54,110261,58277,51984,1620,1160,460,97219,54180,43039,10824,2598,8226,348,196,152,250,143,107,0,0,0
03,049,District - Amritsar  (15),Total,55-59,85782,43048,42734,1174,794,380,74443,39403,35040,9804,2647,7157,221,120,101,140,84,56,0,0,0
03,049,District - Amritsar  (15),Total,60-64,85525,41801,43724,1496,937,559,68103,36550,31553,15574,4126,11448,241,129,112,111,59,52,0,0,0
03,049,District - Amritsar  (15),Total,65-69,61990,31824,30166,1467,887,580,46090,26325,19765,14225,4491,9734,151,89,62,57,32,25,0,0,0
03,049,District - Amritsar  (15),Total,70-74,42616,23121,19495,783,500,283,27186,17702,9484,14486,4820,9666,121,81,40,40,18,22,0,0,0
03,049,District - Amritsar  (15),Total,75-79,20746,10494,10252,314,190,124,12311,7281,5030,8050,2977,5073,57,37,20,14,9,5,0,0,0
03,049,District - Amritsar  (15),Total,80+,29576,15093,14483,1304,796,508,12641,8232,4409,15527,6010,9517,72,35,37,32,20,12,0,0,0
03,049,District - Amritsar  (15),Total,Age not stated,1980,1101,879,1180,728,452,686,333,353,109,35,74,5,5,0,0,0,0,0,0,0
03,049,District - Amritsar  (15),Total,Less than 18,800709,445102,355607,787475,439946,347529,12535,4838,7697,454,192,262,197,102,95,48,24,24,0,0,0
03,049,District - Amritsar  (15),Total,Less than 21,966860,536914,429946,928487,524921,403566,37098,11413,25685,764,326,438,373,192,181,138,62,76,0,0,0
03,049,District - Amritsar  (15),Rural,All ages,1156045,607266,548779,542684,315097,227587,556296,273321,282975,53579,16747,36832,1977,1088,889,1509,1013,496,0,0,0
03,049,District - Amritsar  (15),Rural,0-9,207775,114149,93626,207775,114149,93626,0,0,0,0,0,0,0,0,0,0,0,0,0,0,0
03,049,District - Amritsar  (15),Rural,10-14,119740,66853,52887,116774,65565,51209,2789,1194,1595,121,64,57,44,22,22,12,8,4,0,0,0
03,049,District - Amritsar  (15),Rural,15-19,128826,71421,57405,119437,68630,50807,9046,2640,6406,218,93,125,88,44,44,37,14,23,0,0,0
03,049,District - Amritsar  (15),Rural,20-24,114351,59247,55104,65852,42388,23464,47780,16547,31233,411,170,241,179,79,100,129,63,66,0,0,0
03,049,District - Amritsar  (15),Rural,25-29,96729,48849,47880,19110,13998,5112,76376,34339,42037,767,257,510,232,101,131,244,154,90,0,0,0
03,049,District - Amritsar  (15),Rural,30-34,81898,41192,40706,4851,3751,1100,75104,36689,38415,1374,391,983,302,171,131,267,190,77,0,0,0
03,049,District - Amritsar  (15),Rural,35-39,78781,39201,39580,2042,1615,427,73971,36708,37263,2267,554,1713,287,159,128,214,165,49,0,0,0
03,049,District - Amritsar  (15),Rural,40-44,70652,35735,34917,1314,1040,274,65638,33626,32012,3277,774,2503,211,135,76,212,160,52,0,0,0
03,049,District - Amritsar  (15),Rural,45-49,59882,30617,29265,981,786,195,54447,28660,25787,4148,967,3181,174,105,69,132,99,33,0,0,0
03,049,District - Amritsar  (15),Rural,50-54,44649,23822,20827,758,591,167,39114,21976,17138,4565,1130,3435,117,69,48,95,56,39,0,0,0
03,049,District - Amritsar  (15),Rural,55-59,34126,16295,17831,518,399,119,29529,14718,14811,3960,1110,2850,68,36,32,51,32,19,0,0,0
03,049,District - Amritsar  (15),Rural,60-64,39183,18275,20908,699,483,216,31506,15855,15651,6853,1864,4989,81,46,35,44,27,17,0,0,0
03,049,District - Amritsar  (15),Rural,65-69,31334,16037,15297,724,481,243,23813,13260,10553,6704,2244,4460,70,37,33,23,15,8,0,0,0
03,049,District - Amritsar  (15),Rural,70-74,21211,11813,9398,369,275,94,13684,8996,4688,7085,2492,4593,56,41,15,17,9,8,0,0,0
03,049,District - Amritsar  (15),Rural,75-79,9904,4903,5001,147,103,44,6154,3396,2758,3566,1378,2188,28,20,8,9,6,3,0,0,0
03,049,District - Amritsar  (15),Rural,80+,15919,8228,7691,617,394,223,7020,4552,2468,8220,3245,4975,39,22,17,23,15,8,0,0,0
03,049,District - Amritsar  (15),Rural,Age not stated,1085,629,456,716,449,267,325,165,160,43,14,29,1,1,0,0,0,0,0,0,0
03,049,District - Amritsar  (15),Rural,Less than 18,404902,224029,180873,398334,221445,176889,6196,2398,3798,260,126,134,85,45,40,27,15,12,0,0,0
03,049,District - Amritsar  (15),Rural,Less than 21,484934,267604,217330,464823,261338,203485,19428,5946,13482,435,203,232,171,81,90,77,36,41,0,0,0
03,049,District - Amritsar  (15),Urban,All ages,1334611,711142,623469,590880,349023,241857,676219,341280,334939,61697,17802,43895,3302,1714,1588,2513,1323,1190,0,0,0
03,049,District - Amritsar  (15),Urban,0-9,202475,111526,90949,202475,111526,90949,0,0,0,0,0,0,0,0,0,0,0,0,0,0,0
03,049,District - Amritsar  (15),Urban,10-14,116449,66063,50386,113347,64735,48612,2928,1254,1674,99,36,63,61,32,29,14,6,8,0,0,0
03,049,District - Amritsar  (15),Urban,15-19,132117,74606,57511,123402,72023,51379,8434,2465,5969,154,56,98,95,48,47,32,14,18,0,0,0
03,049,District - Amritsar  (15),Urban,20-24,137882,74418,63464,92725,59566,33159,44394,14536,29858,383,139,244,252,126,126,128,51,77,0,0,0
03,049,District - Amritsar  (15),Urban,25-29,128643,67426,61217,38594,27235,11359,88538,39558,48980,743,274,469,424,205,219,344,154,190,0,0,0
03,049,District - Amritsar  (15),Urban,30-34,106606,55344,51262,9314,6741,2573,94924,47693,47231,1328,399,929,523,253,270,517,258,259,0,0,0
03,049,District - Amritsar  (15),Urban,35-39,100169,50780,49389,3295,2312,983,93516,47320,46196,2385,605,1780,488,255,233,485,288,197,0,0,0
03,049,District - Amritsar  (15),Urban,40-44,87921,44862,43059,1789,1280,509,81689,42329,39360,3697,849,2848,389,202,187,357,202,155,0,0,0
03,049,District - Amritsar  (15),Urban,45-49,81284,41360,39924,1149,788,361,74262,39037,35225,5305,1217,4088,314,173,141,254,145,109,0,0,0
03,049,District - Amritsar  (15),Urban,50-54,65612,34455,31157,862,569,293,58105,32204,25901,6259,1468,4791,231,127,104,155,87,68,0,0,0
03,049,District - Amritsar  (15),Urban,55-59,51656,26753,24903,656,395,261,44914,24685,20229,5844,1537,4307,153,84,69,89,52,37,0,0,0
03,049,District - Amritsar  (15),Urban,60-64,46342,23526,22816,797,454,343,36597,20695,15902,8721,2262,6459,160,83,77,67,32,35,0,0,0
03,049,District - Amritsar  (15),Urban,65-69,30656,15787,14869,743,406,337,22277,13065,9212,7521,2247,5274,81,52,29,34,17,17,0,0,0
03,049,District - Amritsar  (15),Urban,70-74,21405,11308,10097,414,225,189,13502,8706,4796,7401,2328,5073,65,40,25,23,9,14,0,0,0
03,049,District - Amritsar  (15),Urban,75-79,10842,5591,5251,167,87,80,6157,3885,2272,4484,1599,2885,29,17,12,5,3,2,0,0,0
03,049,District - Amritsar  (15),Urban,80+,13657,6865,6792,687,402,285,5621,3680,1941,7307,2765,4542,33,13,20,9,5,4,0,0,0
03,049,District - Amritsar  (15),Urban,Age not stated,895,472,423,464,279,185,361,168,193,66,21,45,4,4,0,0,0,0,0,0,0
03,049,District - Amritsar  (15),Urban,Less than 18,395807,221073,174734,389141,218501,170640,6339,2440,3899,194,66,128,112,57,55,21,9,12,0,0,0
03,049,District - Amritsar  (15),Urban,Less than 21,481926,269310,212616,463664,263583,200081,17670,5467,12203,329,123,206,202,111,91,61,26,35,0,0,0
03,050,District - Tarn Taran (16),Total,All ages,1119627,589369,530258,522788,306137,216651,536986,264951,272035,56792,16499,40293,1664,898,766,1397,884,513,0,0,0
03,050,District - Tarn Taran (16),Total,0-9,201428,111104,90324,201428,111104,90324,0,0,0,0,0,0,0,0,0,0,0,0,0,0,0
03,050,District - Tarn Taran (16),Total,10-14,116563,65814,50749,113463,64445,49018,2916,1284,1632,105,44,61,64,31,33,15,10,5,0,0,0
03,050,District - Tarn Taran (16),Total,15-19,124038,69694,54344,114377,66641,47736,9375,2939,6436,185,68,117,70,38,32,31,8,23,0,0,0
03,050,District - Tarn Taran (16),Total,20-24,108149,56296,51853,60540,39334,21206,46970,16728,30242,409,136,273,124,40,84,106,58,48,0,0,0
03,050,District - Tarn Taran (16),Total,25-29,91697,46698,44999,17592,12850,4742,72887,33365,39522,790,256,534,183,82,101,245,145,100,0,0,0
03,050,District - Tarn Taran (16),Total,30-34,79246,39587,39659,4686,3659,1027,72672,35263,37409,1414,379,1035,223,113,110,251,173,78,0,0,0
03,050,District - Tarn Taran (16),Total,35-39,77366,38524,38842,2275,1846,429,72094,35811,36283,2539,583,1956,230,136,94,228,148,80,0,0,0
03,050,District - Tarn Taran (16),Total,40-44,68102,34428,33674,1491,1231,260,62580,32168,30412,3671,802,2869,191,111,80,169,116,53,0,0,0
03,050,District - Tarn Taran (16),Total,45-49,58931,29855,29076,1086,905,181,53113,27847,25266,4480,940,3540,132,78,54,120,85,35,0,0,0
03,050,District - Tarn Taran (16),Total,50-54,43664,23480,20184,922,773,149,37460,21342,16118,5090,1243,3847,111,71,40,81,51,30,0,0,0
03,050,District - Tarn Taran (16),Total,55-59,33868,15903,17965,551,434,117,28972,14290,14682,4237,1111,3126,65,36,29,43,32,11,0,0,0
03,050,District - Tarn Taran (16),Total,60-64,38367,18353,20014,827,590,237,29759,15673,14086,7657,2023,5634,88,48,40,36,19,17,0,0,0
03,050,District - Tarn Taran (16),Total,65-69,28724,14258,14466,697,490,207,21201,11680,9521,6749,2040,4709,52,34,18,25,14,11,0,0,0
03,050,District - Tarn Taran (16),Total,70-74,20498,10974,9524,408,299,109,12735,8231,4504,7290,2404,4886,51,32,19,14,8,6,0,0,0
03,050,District - Tarn Taran (16),Total,75-79,9773,4748,5025,151,113,38,5938,3284,2654,3642,1328,2314,30,17,13,12,6,6,0,0,0
03,050,District - Tarn Taran (16),Total,80+,16004,7945,8059,726,451,275,6855,4365,2490,8369,3095,5274,45,30,15,9,4,5,0,0,0
03,050,District - Tarn Taran (16),Total,Age not stated,3209,1708,1501,1568,972,596,1459,681,778,165,47,118,5,1,4,12,7,5,0,0,0
03,050,District - Tarn Taran (16),Total,Less than 18,392998,219177,173821,386179,216416,169763,6470,2604,3866,213,84,129,106,57,49,30,16,14,0,0,0
03,050,District - Tarn Taran (16),Total,Less than 21,469863,261505,208358,449245,254745,194500,20001,6506,13495,393,151,242,156,74,82,68,29,39,0,0,0
03,050,District - Tarn Taran (16),Rural,All ages,977832,514322,463510,457484,268064,189420,467942,230080,237862,49787,14607,35180,1395,779,616,1224,792,432,0,0,0
03,050,District - Tarn Taran (16),Rural,0-9,177405,97909,79496,177405,97909,79496,0,0,0,0,0,0,0,0,0,0,0,0,0,0,0
03,050,District - Tarn Taran (16),Rural,10-14,102745,57992,44753,100058,56810,43248,2538,1116,1422,87,33,54,49,24,25,13,9,4,0,0,0
03,050,District - Tarn Taran (16),Rural,15-19,109309,61465,47844,100682,58726,41956,8386,2639,5747,157,59,98,55,33,22,29,8,21,0,0,0
03,050,District - Tarn Taran (16),Rural,20-24,93862,48856,45006,51564,33682,17882,41745,14968,26777,354,119,235,103,35,68,96,52,44,0,0,0
03,050,District - Tarn Taran (16),Rural,25-29,78824,39978,38846,14280,10520,3760,63464,29028,34436,705,224,481,156,73,83,219,133,86,0,0,0
03,050,District - Tarn Taran (16),Rural,30-34,68409,34059,34350,3915,3087,828,62844,30378,32466,1247,346,901,184,95,89,219,153,66,0,0,0
03,050,District - Tarn Taran (16),Rural,35-39,67048,33259,33789,1989,1633,356,62425,30858,31567,2241,515,1726,192,116,76,201,137,64,0,0,0
03,050,District - Tarn Taran (16),Rural,40-44,58956,29692,29264,1332,1112,220,54128,27654,26474,3193,726,2467,161,98,63,142,102,40,0,0,0
03,050,District - Tarn Taran (16),Rural,45-49,51049,25783,25266,991,829,162,45970,23992,21978,3875,821,3054,111,68,43,102,73,29,0,0,0
03,050,District - Tarn Taran (16),Rural,50-54,37614,20328,17286,845,717,128,32224,18409,13815,4387,1097,3290,93,62,31,65,43,22,0,0,0
03,050,District - Tarn Taran (16),Rural,55-59,28956,13519,15437,503,402,101,24772,12106,12666,3587,950,2637,58,33,25,36,28,8,0,0,0
03,050,District - Tarn Taran (16),Rural,60-64,33604,15976,17628,748,546,202,26092,13620,12472,6660,1752,4908,70,41,29,34,17,17,0,0,0
03,050,District - Tarn Taran (16),Rural,65-69,25618,12695,12923,623,443,180,18996,10408,8588,5935,1804,4131,42,27,15,22,13,9,0,0,0
03,050,District - Tarn Taran (16),Rural,70-74,18310,9825,8485,363,268,95,11439,7393,4046,6447,2126,4321,48,31,17,13,7,6,0,0,0
03,050,District - Tarn Taran (16),Rural,75-79,8746,4262,4484,137,102,35,5354,2952,2402,3217,1188,2029,26,14,12,12,6,6,0,0,0
03,050,District - Tarn Taran (16),Rural,80+,14503,7204,7299,650,407,243,6248,3959,2289,7554,2806,4748,42,28,14,9,4,5,0,0,0
03,050,District - Tarn Taran (16),Rural,Age not stated,2874,1520,1354,1399,871,528,1317,600,717,141,41,100,5,1,4,12,7,5,0,0,0
03,050,District - Tarn Taran (16),Rural,Less than 18,346348,193233,153115,340383,190812,149571,5681,2293,3388,178,68,110,80,45,35,26,15,11,0,0,0
03,050,District - Tarn Taran (16),Rural,Less than 21,413848,230420,183428,395496,224403,171093,17831,5804,12027,334,124,210,124,62,62,63,27,36,0,0,0
03,050,District - Tarn Taran (16),Urban,All ages,141795,75047,66748,65304,38073,27231,69044,34871,34173,7005,1892,5113,269,119,150,173,92,81,0,0,0
03,050,District - Tarn Taran (16),Urban,0-9,24023,13195,10828,24023,13195,10828,0,0,0,0,0,0,0,0,0,0,0,0,0,0,0
03,050,District - Tarn Taran (16),Urban,10-14,13818,7822,5996,13405,7635,5770,378,168,210,18,11,7,15,7,8,2,1,1,0,0,0
03,050,District - Tarn Taran (16),Urban,15-19,14729,8229,6500,13695,7915,5780,989,300,689,28,9,19,15,5,10,2,0,2,0,0,0
03,050,District - Tarn Taran (16),Urban,20-24,14287,7440,6847,8976,5652,3324,5225,1760,3465,55,17,38,21,5,16,10,6,4,0,0,0
03,050,District - Tarn Taran (16),Urban,25-29,12873,6720,6153,3312,2330,982,9423,4337,5086,85,32,53,27,9,18,26,12,14,0,0,0
03,050,District - Tarn Taran (16),Urban,30-34,10837,5528,5309,771,572,199,9828,4885,4943,167,33,134,39,18,21,32,20,12,0,0,0
03,050,District - Tarn Taran (16),Urban,35-39,10318,5265,5053,286,213,73,9669,4953,4716,298,68,230,38,20,18,27,11,16,0,0,0
03,050,District - Tarn Taran (16),Urban,40-44,9146,4736,4410,159,119,40,8452,4514,3938,478,76,402,30,13,17,27,14,13,0,0,0
03,050,District - Tarn Taran (16),Urban,45-49,7882,4072,3810,95,76,19,7143,3855,3288,605,119,486,21,10,11,18,12,6,0,0,0
03,050,District - Tarn Taran (16),Urban,50-54,6050,3152,2898,77,56,21,5236,2933,2303,703,146,557,18,9,9,16,8,8,0,0,0
03,050,District - Tarn Taran (16),Urban,55-59,4912,2384,2528,48,32,16,4200,2184,2016,650,161,489,7,3,4,7,4,3,0,0,0
03,050,District - Tarn Taran (16),Urban,60-64,4763,2377,2386,79,44,35,3667,2053,1614,997,271,726,18,7,11,2,2,0,0,0,0
03,050,District - Tarn Taran (16),Urban,65-69,3106,1563,1543,74,47,27,2205,1272,933,814,236,578,10,7,3,3,1,2,0,0,0
03,050,District - Tarn Taran (16),Urban,70-74,2188,1149,1039,45,31,14,1296,838,458,843,278,565,3,1,2,1,1,0,0,0,0
03,050,District - Tarn Taran (16),Urban,75-79,1027,486,541,14,11,3,584,332,252,425,140,285,4,3,1,0,0,0,0,0,0
03,050,District - Tarn Taran (16),Urban,80+,1501,741,760,76,44,32,607,406,201,815,289,526,3,2,1,0,0,0,0,0,0
03,050,District - Tarn Taran (16),Urban,Age not stated,335,188,147,169,101,68,142,81,61,24,6,18,0,0,0,0,0,0,0,0,0
03,050,District - Tarn Taran (16),Urban,Less than 18,46650,25944,20706,45796,25604,20192,789,311,478,35,16,19,26,12,14,4,1,3,0,0,0
03,050,District - Tarn Taran (16),Urban,Less than 21,56015,31085,24930,53749,30342,23407,2170,702,1468,59,27,32,32,12,20,5,2,3,0,0,0
03,051,District - Rupnagar (17),Total,All ages,684627,357485,327142,304504,177662,126842,341922,168655,173267,35647,9695,25952,1427,777,650,1127,696,431,0,0,0
03,051,District - Rupnagar (17),Total,0-9,106845,57574,49271,106845,57574,49271,0,0,0,0,0,0,0,0,0,0,0,0,0,0,0
03,051,District - Rupnagar (17),Total,10-14,62896,35108,27788,61110,34354,26756,1679,695,984,47,21,26,50,29,21,10,9,1,0,0,0
03,051,District - Rupnagar (17),Total,15-19,69688,38097,31591,65336,36718,28618,4191,1295,2896,92,39,53,57,37,20,12,8,4,0,0,0
03,051,District - Rupnagar (17),Total,20-24,67606,34964,32642,44672,28320,16352,22556,6507,16049,211,63,148,86,47,39,81,27,54,0,0,0
03,051,District - Rupnagar (17),Total,25-29,58265,29526,28739,14590,11104,3486,42969,18161,24808,398,113,285,161,65,96,147,83,64,0,0,0
03,051,District - Rupnagar (17),Total,30-34,50432,25213,25219,3340,2677,663,46015,22127,23888,685,173,512,197,105,92,195,131,64,0,0,0
03,051,District - Rupnagar (17),Total,35-39,48651,24291,24360,1448,1173,275,45615,22645,22970,1239,260,979,156,77,79,193,136,57,0,0,0
03,051,District - Rupnagar (17),Total,40-44,44859,22291,22568,1025,856,169,41651,20865,20786,1865,371,1494,167,95,72,151,104,47,0,0,0
03,051,District - Rupnagar (17),Total,45-49,41482,21577,19905,933,797,136,37692,20107,17585,2619,526,2093,128,77,51,110,70,40,0,0,0
03,051,District - Rupnagar (17),Total,50-54,32935,17477,15458,755,653,102,28928,16047,12881,3079,678,2401,101,50,51,72,49,23,0,0,0
03,051,District - Rupnagar (17),Total,55-59,24702,13231,11471,521,445,76,21210,12039,9171,2858,679,2179,66,41,25,47,27,20,0,0,0
03,051,District - Rupnagar (17),Total,60-64,23690,11319,12371,714,591,123,18585,9668,8917,4274,999,3275,78,41,37,39,20,19,0,0,0
03,051,District - Rupnagar (17),Total,65-69,18110,9202,8908,738,601,137,12894,7369,5525,4401,1187,3214,50,31,19,27,14,13,0,0,0
03,051,District - Rupnagar (17),Total,70-74,13743,7112,6631,554,471,83,8432,5243,3189,4687,1363,3324,51,28,23,19,7,12,0,0,0
03,051,District - Rupnagar (17),Total,75-79,7485,3850,3635,246,223,23,4148,2547,1601,3058,1060,1998,28,19,9,5,1,4,0,0,0
03,051,District - Rupnagar (17),Total,80+,11042,5499,5543,632,475,157,4337,2849,1488,6015,2136,3879,44,31,13,14,8,6,0,0,0
03,051,District - Rupnagar (17),Total,Age not stated,2196,1154,1042,1045,630,415,1020,491,529,119,27,92,7,4,3,5,2,3,0,0,0
03,051,District - Rupnagar (17),Total,Less than 18,210626,114997,95629,206963,113559,93404,3465,1333,2132,97,38,59,85,53,32,16,14,2,0,0,0
03,051,District - Rupnagar (17),Total,Less than 21,254358,138673,115685,245305,135780,109525,8719,2728,5991,182,70,112,119,76,43,33,19,14,0,0,0
03,051,District - Rupnagar (17),Rural,All ages,506820,264089,242731,225950,132023,93927,251906,123386,128520,27188,7613,19575,973,532,441,803,535,268,0,0,0
03,051,District - Rupnagar (17),Rural,0-9,80657,43448,37209,80657,43448,37209,0,0,0,0,0,0,0,0,0,0,0,0,0,0,0
03,051,District - Rupnagar (17),Rural,10-14,47141,26255,20886,45725,25651,20074,1330,556,774,39,17,22,41,26,15,6,5,1,0,0,0
03,051,District - Rupnagar (17),Rural,15-19,51885,28170,23715,48682,27159,21523,3082,957,2125,69,23,46,44,25,19,8,6,2,0,0,0
03,051,District - Rupnagar (17),Rural,20-24,49315,25341,23974,31801,20376,11425,17237,4872,12365,155,39,116,59,31,28,63,23,40,0,0,0
03,051,District - Rupnagar (17),Rural,25-29,42739,21474,21265,9774,7678,2096,32437,13603,18834,330,96,234,93,32,61,105,65,40,0,0,0
03,051,District - Rupnagar (17),Rural,30-34,37161,18567,18594,2277,1897,380,34064,16355,17709,549,142,407,131,68,63,140,105,35,0,0,0
03,051,District - Rupnagar (17),Rural,35-39,35602,17888,17714,1081,912,169,33317,16630,16687,968,195,773,104,54,50,132,97,35,0,0,0
03,051,District - Rupnagar (17),Rural,40-44,32243,16126,16117,798,696,102,29876,15007,14869,1361,280,1081,104,66,38,104,77,27,0,0,0
03,051,District - Rupnagar (17),Rural,45-49,29370,15399,13971,756,673,83,26536,14199,12337,1923,421,1502,82,53,29,73,53,20,0,0,0
03,051,District - Rupnagar (17),Rural,50-54,22876,12054,10822,634,556,78,19914,10935,8979,2207,491,1716,68,35,33,53,37,16,0,0,0
03,051,District - Rupnagar (17),Rural,55-59,17215,8962,8253,416,372,44,14710,8056,6654,2013,488,1525,45,27,18,31,19,12,0,0,0
03,051,District - Rupnagar (17),Rural,60-64,18301,8567,9734,603,512,91,14388,7251,7137,3220,758,2462,59,29,30,31,17,14,0,0,0
03,051,District - Rupnagar (17),Rural,65-69,14511,7528,6983,646,539,107,10441,5996,4445,3370,960,2410,32,19,13,22,14,8,0,0,0
03,051,District - Rupnagar (17),Rural,70-74,10936,5703,5233,482,423,59,6759,4173,2586,3638,1079,2559,41,21,20,16,7,9,0,0,0
03,051,District - Rupnagar (17),Rural,75-79,5950,3076,2874,215,196,19,3355,2026,1329,2351,836,1515,26,17,9,3,1,2,0,0,0
03,051,District - Rupnagar (17),Rural,80+,9084,4581,4503,530,410,120,3609,2372,1237,4894,1765,3129,39,27,12,12,7,5,0,0,0
03,051,District - Rupnagar (17),Rural,Age not stated,1834,950,884,873,525,348,851,398,453,101,23,78,5,2,3,4,2,2,0,0,0
03,051,District - Rupnagar (17),Rural,Less than 18,158516,86345,72171,155688,85219,70469,2670,1047,1623,79,27,52,69,43,26,10,9,1,0,0,0
03,051,District - Rupnagar (17),Rural,Less than 21,190548,103572,86976,183776,101426,82350,6514,2031,4483,140,45,95,93,57,36,25,13,12,0,0,0
03,051,District - Rupnagar (17),Urban,All ages,177807,93396,84411,78554,45639,32915,90016,45269,44747,8459,2082,6377,454,245,209,324,161,163,0,0,0
03,051,District - Rupnagar (17),Urban,0-9,26188,14126,12062,26188,14126,12062,0,0,0,0,0,0,0,0,0,0,0,0,0,0,0
03,051,District - Rupnagar (17),Urban,10-14,15755,8853,6902,15385,8703,6682,349,139,210,8,4,4,9,3,6,4,4,0,0,0,0
03,051,District - Rupnagar (17),Urban,15-19,17803,9927,7876,16654,9559,7095,1109,338,771,23,16,7,13,12,1,4,2,2,0,0,0
03,051,District - Rupnagar (17),Urban,20-24,18291,9623,8668,12871,7944,4927,5319,1635,3684,56,24,32,27,16,11,18,4,14,0,0,0
03,051,District - Rupnagar (17),Urban,25-29,15526,8052,7474,4816,3426,1390,10532,4558,5974,68,17,51,68,33,35,42,18,24,0,0,0
03,051,District - Rupnagar (17),Urban,30-34,13271,6646,6625,1063,780,283,11951,5772,6179,136,31,105,66,37,29,55,26,29,0,0,0
03,051,District - Rupnagar (17),Urban,35-39,13049,6403,6646,367,261,106,12298,6015,6283,271,65,206,52,23,29,61,39,22,0,0,0
03,051,District - Rupnagar (17),Urban,40-44,12616,6165,6451,227,160,67,11775,5858,5917,504,91,413,63,29,34,47,27,20,0,0,0
03,051,District - Rupnagar (17),Urban,45-49,12112,6178,5934,177,124,53,11156,5908,5248,696,105,591,46,24,22,37,17,20,0,0,0
03,051,District - Rupnagar (17),Urban,50-54,10059,5423,4636,121,97,24,9014,5112,3902,872,187,685,33,15,18,19,12,7,0,0,0
03,051,District - Rupnagar (17),Urban,55-59,7487,4269,3218,105,73,32,6500,3983,2517,845,191,654,21,14,7,16,8,8,0,0,0
03,051,District - Rupnagar (17),Urban,60-64,5389,2752,2637,111,79,32,4197,2417,1780,1054,241,813,19,12,7,8,3,5,0,0,0
03,051,District - Rupnagar (17),Urban,65-69,3599,1674,1925,92,62,30,2453,1373,1080,1031,227,804,18,12,6,5,0,5,0,0,0
03,051,District - Rupnagar (17),Urban,70-74,2807,1409,1398,72,48,24,1673,1070,603,1049,284,765,10,7,3,3,0,3,0,0,0
03,051,District - Rupnagar (17),Urban,75-79,1535,774,761,31,27,4,793,521,272,707,224,483,2,2,0,2,0,2,0,0,0
03,051,District - Rupnagar (17),Urban,80+,1958,918,1040,102,65,37,728,477,251,1121,371,750,5,4,1,2,1,1,0,0,0
03,051,District - Rupnagar (17),Urban,Age not stated,362,204,158,172,105,67,169,93,76,18,4,14,2,2,0,1,0,1,0,0,0
03,051,District - Rupnagar (17),Urban,Less than 18,52110,28652,23458,51275,28340,22935,795,286,509,18,11,7,16,10,6,6,5,1,0,0,0
03,051,District - Rupnagar (17),Urban,Less than 21,63810,35101,28709,61529,34354,27175,2205,697,1508,42,25,17,26,19,7,8,6,2,0,0,0
03,052,District - Sahibzada Ajit Singh Nagar (18),Total,All ages,994628,529253,465375,432792,253935,178857,519560,261491,258069,38758,11925,26833,2103,1123,980,1415,779,636,0,0,0
03,052,District - Sahibzada Ajit Singh Nagar (18),Total,0-9,167038,91464,75574,167038,91464,75574,0,0,0,0,0,0,0,0,0,0,0,0,0,0,0
03,052,District - Sahibzada Ajit Singh Nagar (18),Total,10-14,88031,49751,38280,85697,48758,36939,2222,937,1285,64,28,36,43,28,15,5,0,5,0,0,0
03,052,District - Sahibzada Ajit Singh Nagar (18),Total,15-19,92545,52005,40540,86164,49956,36208,6199,1963,4236,106,46,60,57,29,28,19,11,8,0,0,0
03,052,District - Sahibzada Ajit Singh Nagar (18),Total,20-24,98083,51551,46532,59267,38225,21042,38373,13138,25235,195,70,125,145,75,70,103,43,60,0,0,0
03,052,District - Sahibzada Ajit Singh Nagar (18),Total,25-29,95175,48146,47029,20387,14674,5713,73836,33045,40791,462,153,309,294,166,128,196,108,88,0,0,0
03,052,District - Sahibzada Ajit Singh Nagar (18),Total,30-34,85030,43532,41498,5218,3855,1363,78361,39093,39268,837,236,601,334,189,145,280,159,121,0,0,0
03,052,District - Sahibzada Ajit Singh Nagar (18),Total,35-39,77026,40141,36885,2115,1618,497,72822,37851,34971,1502,356,1146,325,172,153,262,144,118,0,0,0
03,052,District - Sahibzada Ajit Singh Nagar (18),Total,40-44,64144,33426,30718,1369,1059,310,60241,31711,28530,2119,438,1681,236,112,124,179,106,73,0,0,0
03,052,District - Sahibzada Ajit Singh Nagar (18),Total,45-49,55262,28951,26311,1003,815,188,51104,27342,23762,2831,633,2198,187,88,99,137,73,64,0,0,0
03,052,District - Sahibzada Ajit Singh Nagar (18),Total,50-54,43594,22988,20606,812,664,148,39102,21376,17726,3466,824,2642,125,71,54,89,53,36,0,0,0
03,052,District - Sahibzada Ajit Singh Nagar (18),Total,55-59,34807,17898,16909,601,484,117,30553,16383,14170,3501,946,2555,101,56,45,51,29,22,0,0,0
03,052,District - Sahibzada Ajit Singh Nagar (18),Total,60-64,33915,16992,16923,752,572,180,27797,14900,12897,5223,1445,3778,101,48,53,42,27,15,0,0,0
03,052,District - Sahibzada Ajit Singh Nagar (18),Total,65-69,23497,12779,10718,715,554,161,17981,10614,7367,4740,1577,3163,44,23,21,17,11,6,0,0,0
03,052,District - Sahibzada Ajit Singh Nagar (18),Total,70-74,16372,8910,7462,440,349,91,10806,6782,4024,5073,1749,3324,39,24,15,14,6,8,0,0,0
03,052,District - Sahibzada Ajit Singh Nagar (18),Total,75-79,8536,4591,3945,227,184,43,5230,3189,2041,3043,1196,1847,30,19,11,6,3,3,0,0,0
03,052,District - Sahibzada Ajit Singh Nagar (18),Total,80+,10935,5737,5198,630,454,176,4691,3043,1648,5561,2212,3349,40,23,17,13,5,8,0,0,0
03,052,District - Sahibzada Ajit Singh Nagar (18),Total,Age not stated,638,391,247,357,250,107,242,124,118,35,16,19,2,0,2,2,1,1,0,0,0
03,052,District - Sahibzada Ajit Singh Nagar (18),Total,Less than 18,309035,171373,137662,304190,169434,134756,4632,1833,2799,128,53,75,74,49,25,11,4,7,0,0,0
03,052,District - Sahibzada Ajit Singh Nagar (18),Total,Less than 21,368696,204780,163916,355011,200219,154792,13313,4386,8927,209,90,119,128,73,55,35,12,23,0,0,0
03,052,District - Sahibzada Ajit Singh Nagar (18),Rural,All ages,450017,240984,209033,200098,118770,81328,229447,115007,114440,19076,6326,12750,837,504,333,559,377,182,0,0,0
03,052,District - Sahibzada Ajit Singh Nagar (18),Rural,0-9,77130,42595,34535,77130,42595,34535,0,0,0,0,0,0,0,0,0,0,0,0,0,0,0
03,052,District - Sahibzada Ajit Singh Nagar (18),Rural,10-14,42630,24208,18422,41481,23725,17756,1093,459,634,31,11,20,22,13,9,3,0,3,0,0,0
03,052,District - Sahibzada Ajit Singh Nagar (18),Rural,15-19,46132,25809,20323,42919,24783,18136,3118,978,2140,54,27,27,31,15,16,10,6,4,0,0,0
03,052,District - Sahibzada Ajit Singh Nagar (18),Rural,20-24,46170,24227,21943,25362,16777,8585,20585,7354,13231,100,31,69,57,31,26,66,34,32,0,0,0
03,052,District - Sahibzada Ajit Singh Nagar (18),Rural,25-29,40375,20813,19562,6278,4960,1318,33638,15635,18003,245,82,163,125,83,42,89,53,36,0,0,0
03,052,District - Sahibzada Ajit Singh Nagar (18),Rural,30-34,34987,18022,16965,1752,1484,268,32619,16275,16344,383,105,278,133,85,48,100,73,27,0,0,0
03,052,District - Sahibzada Ajit Singh Nagar (18),Rural,35-39,32859,16977,15882,911,801,110,31011,15876,15135,755,181,574,108,64,44,74,55,19,0,0,0
03,052,District - Sahibzada Ajit Singh Nagar (18),Rural,40-44,28754,14837,13917,755,641,114,26744,13855,12889,1104,239,865,85,54,31,66,48,18,0,0,0
03,052,District - Sahibzada Ajit Singh Nagar (18),Rural,45-49,24745,13155,11590,619,543,76,22636,12203,10433,1393,346,1047,50,26,24,47,37,10,0,0,0
03,052,District - Sahibzada Ajit Singh Nagar (18),Rural,50-54,18125,9906,8219,525,471,54,15975,8934,7041,1536,436,1100,50,34,16,39,31,8,0,0,0
03,052,District - Sahibzada Ajit Singh Nagar (18),Rural,55-59,13616,7237,6379,389,350,39,11752,6403,5349,1417,449,968,39,21,18,19,14,5,0,0,0
03,052,District - Sahibzada Ajit Singh Nagar (18),Rural,60-64,14556,7030,7526,474,406,68,11668,5895,5773,2352,690,1662,48,29,19,14,10,4,0,0,0
03,052,District - Sahibzada Ajit Singh Nagar (18),Rural,65-69,11210,6001,5209,476,401,75,8309,4730,3579,2398,856,1542,21,10,11,6,4,2,0,0,0
03,052,District - Sahibzada Ajit Singh Nagar (18),Rural,70-74,8155,4482,3673,322,278,44,5160,3224,1936,2638,963,1675,26,14,12,9,3,6,0,0,0
03,052,District - Sahibzada Ajit Singh Nagar (18),Rural,75-79,4316,2294,2022,161,146,15,2587,1509,1078,1549,627,922,14,9,5,5,3,2,0,0,0
03,052,District - Sahibzada Ajit Singh Nagar (18),Rural,80+,5992,3229,2763,391,306,85,2464,1629,835,3101,1273,1828,26,16,10,10,5,5,0,0,0
03,052,District - Sahibzada Ajit Singh Nagar (18),Rural,Age not stated,265,162,103,153,103,50,88,48,40,20,10,10,2,0,2,2,1,1,0,0,0
03,052,District - Sahibzada Ajit Singh Nagar (18),Rural,Less than 18,146880,81972,64908,144499,81007,63492,2267,909,1358,68,28,40,40,26,14,6,2,4,0,0,0
03,052,District - Sahibzada Ajit Singh Nagar (18),Rural,Less than 21,176249,98257,77992,169207,95944,73263,6851,2228,4623,104,45,59,66,34,32,21,6,15,0,0,0
03,052,District - Sahibzada Ajit Singh Nagar (18),Urban,All ages,544611,288269,256342,232694,135165,97529,290113,146484,143629,19682,5599,14083,1266,619,647,856,402,454,0,0,0
03,052,District - Sahibzada Ajit Singh Nagar (18),Urban,0-9,89908,48869,41039,89908,48869,41039,0,0,0,0,0,0,0,0,0,0,0,0,0,0,0
03,052,District - Sahibzada Ajit Singh Nagar (18),Urban,10-14,45401,25543,19858,44216,25033,19183,1129,478,651,33,17,16,21,15,6,2,0,2,0,0,0
03,052,District - Sahibzada Ajit Singh Nagar (18),Urban,15-19,46413,26196,20217,43245,25173,18072,3081,985,2096,52,19,33,26,14,12,9,5,4,0,0,0
03,052,District - Sahibzada Ajit Singh Nagar (18),Urban,20-24,51913,27324,24589,33905,21448,12457,17788,5784,12004,95,39,56,88,44,44,37,9,28,0,0,0
03,052,District - Sahibzada Ajit Singh Nagar (18),Urban,25-29,54800,27333,27467,14109,9714,4395,40198,17410,22788,217,71,146,169,83,86,107,55,52,0,0,0
03,052,District - Sahibzada Ajit Singh Nagar (18),Urban,30-34,50043,25510,24533,3466,2371,1095,45742,22818,22924,454,131,323,201,104,97,180,86,94,0,0,0
03,052,District - Sahibzada Ajit Singh Nagar (18),Urban,35-39,44167,23164,21003,1204,817,387,41811,21975,19836,747,175,572,217,108,109,188,89,99,0,0,0
03,052,District - Sahibzada Ajit Singh Nagar (18),Urban,40-44,35390,18589,16801,614,418,196,33497,17856,15641,1015,199,816,151,58,93,113,58,55,0,0,0
03,052,District - Sahibzada Ajit Singh Nagar (18),Urban,45-49,30517,15796,14721,384,272,112,28468,15139,13329,1438,287,1151,137,62,75,90,36,54,0,0,0
03,052,District - Sahibzada Ajit Singh Nagar (18),Urban,50-54,25469,13082,12387,287,193,94,23127,12442,10685,1930,388,1542,75,37,38,50,22,28,0,0,0
03,052,District - Sahibzada Ajit Singh Nagar (18),Urban,55-59,21191,10661,10530,212,134,78,18801,9980,8821,2084,497,1587,62,35,27,32,15,17,0,0,0
03,052,District - Sahibzada Ajit Singh Nagar (18),Urban,60-64,19359,9962,9397,278,166,112,16129,9005,7124,2871,755,2116,53,19,34,28,17,11,0,0,0
03,052,District - Sahibzada Ajit Singh Nagar (18),Urban,65-69,12287,6778,5509,239,153,86,9672,5884,3788,2342,721,1621,23,13,10,11,7,4,0,0,0
03,052,District - Sahibzada Ajit Singh Nagar (18),Urban,70-74,8217,4428,3789,118,71,47,5646,3558,2088,2435,786,1649,13,10,3,5,3,2,0,0,0
03,052,District - Sahibzada Ajit Singh Nagar (18),Urban,75-79,4220,2297,1923,66,38,28,2643,1680,963,1494,569,925,16,10,6,1,0,1,0,0,0
03,052,District - Sahibzada Ajit Singh Nagar (18),Urban,80+,4943,2508,2435,239,148,91,2227,1414,813,2460,939,1521,14,7,7,3,0,3,0,0,0
03,052,District - Sahibzada Ajit Singh Nagar (18),Urban,Age not stated,373,229,144,204,147,57,154,76,78,15,6,9,0,0,0,0,0,0,0,0,0
03,052,District - Sahibzada Ajit Singh Nagar (18),Urban,Less than 18,162155,89401,72754,159691,88427,71264,2365,924,1441,60,25,35,34,23,11,5,2,3,0,0,0
03,052,District - Sahibzada Ajit Singh Nagar (18),Urban,Less than 21,192447,106523,85924,185804,104275,81529,6462,2158,4304,105,45,60,62,39,23,14,6,8,0,0,0
03,053,District - Sangrur (19),Total,All ages,1655169,878029,777140,729496,432198,297298,839343,418824,420519,79809,23476,56333,4025,2017,2008,2496,1514,982,0,0,0
03,053,District - Sangrur (19),Total,0-9,264926,145058,119868,264926,145058,119868,0,0,0,0,0,0,0,0,0,0,0,0,0,0,0
03,053,District - Sangrur (19),Total,10-14,155043,87225,67818,151564,85657,65907,3221,1431,1790,128,65,63,105,61,44,25,11,14,0,0,0
03,053,District - Sangrur (19),Total,15-19,171193,95840,75353,159600,92164,67436,11223,3500,7723,214,97,117,122,66,56,34,13,21,0,0,0
03,053,District - Sangrur (19),Total,20-24,169309,89966,79343,97750,64231,33519,70603,25338,45265,459,181,278,278,110,168,219,106,113,0,0,0
03,053,District - Sangrur (19),Total,25-29,143845,74942,68903,27014,20935,6079,115008,53220,61788,904,297,607,463,199,264,456,291,165,0,0,0
03,053,District - Sangrur (19),Total,30-34,120595,61758,58837,7211,5983,1228,110810,54809,56001,1620,461,1159,482,210,272,472,295,177,0,0,0
03,053,District - Sangrur (19),Total,35-39,113668,57664,56004,3591,3075,516,106425,53507,52918,2863,636,2227,454,235,219,335,211,124,0,0,0
03,053,District - Sangrur (19),Total,40-44,106550,54006,52544,2888,2501,387,98597,50163,48434,4341,906,3435,422,227,195,302,209,93,0,0,0
03,053,District - Sangrur (19),Total,45-49,94335,48672,45663,2326,2087,239,85729,45057,40672,5774,1244,4530,324,166,158,182,118,64,0,0,0
03,053,District - Sangrur (19),Total,50-54,74103,39626,34477,1990,1813,177,64662,35900,28762,7023,1684,5339,273,141,132,155,88,67,0,0,0
03,053,District - Sangrur (19),Total,55-59,54836,27512,27324,1431,1291,140,47155,24495,22660,6009,1594,4415,161,85,76,80,47,33,0,0,0
03,053,District - Sangrur (19),Total,60-64,62999,30906,32093,2104,1833,271,50101,26117,23984,10457,2790,7667,247,121,126,90,45,45,0,0,0
03,053,District - Sangrur (19),Total,65-69,45450,23858,21592,1849,1552,297,33808,19179,14629,9515,2978,6537,212,111,101,66,38,28,0,0,0
03,053,District - Sangrur (19),Total,70-74,33035,18028,15007,1352,1210,142,20393,13169,7224,11035,3508,7527,221,123,98,34,18,16,0,0,0
03,053,District - Sangrur (19),Total,75-79,15697,8018,7679,602,537,65,9105,5255,3850,5881,2159,3722,97,60,37,12,7,5,0,0,0
03,053,District - Sangrur (19),Total,80+,25501,12815,12686,1417,1130,287,10534,6763,3771,13382,4818,8564,149,96,53,19,8,11,0,0,0
03,053,District - Sangrur (19),Total,Age not stated,4084,2135,1949,1881,1141,740,1969,921,1048,204,58,146,15,6,9,15,9,6,0,0,0
03,053,District - Sangrur (19),Total,Less than 18,520197,288298,231899,512740,285185,227555,6992,2887,4105,253,110,143,172,98,74,40,18,22,0,0,0
03,053,District - Sangrur (19),Total,Less than 21,631938,350367,281571,606318,342066,264252,24812,7922,16890,449,202,247,277,143,134,82,34,48,0,0,0
03,053,District - Sangrur (19),Rural,All ages,1139204,604653,534551,493907,294543,199364,583863,290102,293761,57086,17540,39546,2723,1399,1324,1625,1069,556,0,0,0
03,053,District - Sangrur (19),Rural,0-9,179172,98734,80438,179172,98734,80438,0,0,0,0,0,0,0,0,0,0,0,0,0,0,0
03,053,District - Sangrur (19),Rural,10-14,106634,59988,46646,104160,58884,45276,2294,1008,1286,88,48,40,78,42,36,14,6,8,0,0,0
03,053,District - Sangrur (19),Rural,15-19,118633,66416,52217,110180,63706,46474,8207,2597,5610,138,58,80,86,45,41,22,10,12,0,0,0
03,053,District - Sangrur (19),Rural,20-24,114712,60740,53972,62541,41553,20988,51516,18906,32610,339,141,198,176,69,107,140,71,69,0,0,0
03,053,District - Sangrur (19),Rural,25-29,95719,49625,46094,15507,12301,3206,78970,36774,42196,648,208,440,298,127,171,296,215,81,0,0,0
03,053,District - Sangrur (19),Rural,30-34,80653,41166,39487,4610,3948,662,74296,36539,37757,1165,349,816,302,133,169,280,197,83,0,0,0
03,053,District - Sangrur (19),Rural,35-39,76875,38924,37951,2672,2376,296,71722,35804,35918,1986,439,1547,292,161,131,203,144,59,0,0,0
03,053,District - Sangrur (19),Rural,40-44,73534,37180,36354,2335,2073,262,67655,34140,33515,3048,654,2394,282,158,124,214,155,59,0,0,0
03,053,District - Sangrur (19),Rural,45-49,64757,33534,31223,1923,1765,158,58530,30653,27877,3970,917,3053,213,118,95,121,81,40,0,0,0
03,053,District - Sangrur (19),Rural,50-54,50072,26963,23109,1700,1583,117,43350,23988,19362,4756,1242,3514,175,96,79,91,54,37,0,0,0
03,053,District - Sangrur (19),Rural,55-59,37107,18477,18630,1200,1115,85,31834,16165,15669,3912,1105,2807,105,58,47,56,34,22,0,0,0
03,053,District - Sangrur (19),Rural,60-64,46313,22465,23848,1862,1646,216,36962,18674,18288,7243,2020,5223,178,90,88,68,35,33,0,0,0
03,053,District - Sangrur (19),Rural,65-69,34843,18460,16383,1630,1396,234,26080,14714,11366,6923,2239,4684,161,82,79,49,29,20,0,0,0
03,053,District - Sangrur (19),Rural,70-74,25130,13978,11152,1205,1094,111,15606,10121,5485,8126,2659,5467,163,88,75,30,16,14,0,0,0
03,053,District - Sangrur (19),Rural,75-79,11844,6122,5722,531,489,42,6959,3960,2999,4263,1618,2645,80,49,31,11,6,5,0,0,0
03,053,District - Sangrur (19),Rural,80+,19985,10189,9796,1163,953,210,8353,5350,3003,10330,3801,6529,123,78,45,16,7,9,0,0,0
03,053,District - Sangrur (19),Rural,Age not stated,3221,1692,1529,1516,927,589,1529,709,820,151,42,109,11,5,6,14,9,5,0,0,0
03,053,District - Sangrur (19),Rural,Less than 18,355534,197735,157799,350210,195503,154707,5004,2080,2924,169,72,97,126,68,58,25,12,13,0,0,0
03,053,District - Sangrur (19),Rural,Less than 21,432386,240351,192035,413764,234312,179452,18064,5782,12282,309,137,172,198,98,100,51,22,29,0,0,0
03,053,District - Sangrur (19),Urban,All ages,515965,273376,242589,235589,137655,97934,255480,128722,126758,22723,5936,16787,1302,618,684,871,445,426,0,0,0
03,053,District - Sangrur (19),Urban,0-9,85754,46324,39430,85754,46324,39430,0,0,0,0,0,0,0,0,0,0,0,0,0,0,0
03,053,District - Sangrur (19),Urban,10-14,48409,27237,21172,47404,26773,20631,927,423,504,40,17,23,27,19,8,11,5,6,0,0,0
03,053,District - Sangrur (19),Urban,15-19,52560,29424,23136,49420,28458,20962,3016,903,2113,76,39,37,36,21,15,12,3,9,0,0,0
03,053,District - Sangrur (19),Urban,20-24,54597,29226,25371,35209,22678,12531,19087,6432,12655,120,40,80,102,41,61,79,35,44,0,0,0
03,053,District - Sangrur (19),Urban,25-29,48126,25317,22809,11507,8634,2873,36038,16446,19592,256,89,167,165,72,93,160,76,84,0,0,0
03,053,District - Sangrur (19),Urban,30-34,39942,20592,19350,2601,2035,566,36514,18270,18244,455,112,343,180,77,103,192,98,94,0,0,0
03,053,District - Sangrur (19),Urban,35-39,36793,18740,18053,919,699,220,34703,17703,17000,877,197,680,162,74,88,132,67,65,0,0,0
03,053,District - Sangrur (19),Urban,40-44,33016,16826,16190,553,428,125,30942,16023,14919,1293,252,1041,140,69,71,88,54,34,0,0,0
03,053,District - Sangrur (19),Urban,45-49,29578,15138,14440,403,322,81,27199,14404,12795,1804,327,1477,111,48,63,61,37,24,0,0,0
03,053,District - Sangrur (19),Urban,50-54,24031,12663,11368,290,230,60,21312,11912,9400,2267,442,1825,98,45,53,64,34,30,0,0,0
03,053,District - Sangrur (19),Urban,55-59,17729,9035,8694,231,176,55,15321,8330,6991,2097,489,1608,56,27,29,24,13,11,0,0,0
03,053,District - Sangrur (19),Urban,60-64,16686,8441,8245,242,187,55,13139,7443,5696,3214,770,2444,69,31,38,22,10,12,0,0,0
03,053,District - Sangrur (19),Urban,65-69,10607,5398,5209,219,156,63,7728,4465,3263,2592,739,1853,51,29,22,17,9,8,0,0,0
03,053,District - Sangrur (19),Urban,70-74,7905,4050,3855,147,116,31,4787,3048,1739,2909,849,2060,58,35,23,4,2,2,0,0,0
03,053,District - Sangrur (19),Urban,75-79,3853,1896,1957,71,48,23,2146,1295,851,1618,541,1077,17,11,6,1,1,0,0,0,0
03,053,District - Sangrur (19),Urban,80+,5516,2626,2890,254,177,77,2181,1413,768,3052,1017,2035,26,18,8,3,1,2,0,0,0
03,053,District - Sangrur (19),Urban,Age not stated,863,443,420,365,214,151,440,212,228,53,16,37,4,1,3,1,0,1,0,0,0
03,053,District - Sangrur (19),Urban,Less than 18,164663,90563,74100,162530,89682,72848,1988,807,1181,84,38,46,46,30,16,15,6,9,0,0,0
03,053,District - Sangrur (19),Urban,Less than 21,199552,110016,89536,192554,107754,84800,6748,2140,4608,140,65,75,79,45,34,31,12,19,0,0,0
03,054,District - Barnala (20),Total,All ages,595527,317522,278005,259360,153565,105795,305464,153627,151837,28205,8878,19327,1726,960,766,772,492,280,0,0,0
03,054,District - Barnala (20),Total,0-9,95826,52193,43633,95826,52193,43633,0,0,0,0,0,0,0,0,0,0,0,0,0,0,0
03,054,District - Barnala (20),Total,10-14,55242,30970,24272,53785,30260,23525,1383,673,710,43,21,22,27,14,13,4,2,2,0,0,0
03,054,District - Barnala (20),Total,15-19,59829,33647,26182,55523,32225,23298,4167,1355,2812,82,40,42,43,23,20,14,4,10,0,0,0
03,054,District - Barnala (20),Total,20-24,59675,32383,27292,34760,23033,11727,24552,9174,15378,157,64,93,125,74,51,81,38,43,0,0,0
03,054,District - Barnala (20),Total,25-29,52035,27145,24890,9723,7391,2332,41678,19464,22214,313,104,209,183,99,84,138,87,51,0,0,0
03,054,District - Barnala (20),Total,30-34,45384,23422,21962,2577,2127,450,41900,20938,20962,548,154,394,230,113,117,129,90,39,0,0,0
03,054,District - Barnala (20),Total,35-39,41471,21434,20037,1222,1072,150,39039,19960,19079,901,220,681,185,93,92,124,89,35,0,0,0
03,054,District - Barnala (20),Total,40-44,38112,19529,18583,1029,920,109,35354,18108,17246,1441,306,1135,191,123,68,97,72,25,0,0,0
03,054,District - Barnala (20),Total,45-49,33446,17261,16185,793,737,56,30494,15974,14520,1958,423,1535,142,86,56,59,41,18,0,0,0
03,054,District - Barnala (20),Total,50-54,27577,14726,12851,779,716,63,24149,13269,10880,2486,650,1836,114,59,55,49,32,17,0,0,0
03,054,District - Barnala (20),Total,55-59,20794,10486,10308,594,526,68,17973,9284,8689,2145,623,1522,67,44,23,15,9,6,0,0,0
03,054,District - Barnala (20),Total,60-64,22958,11598,11360,710,643,67,18339,9743,8596,3776,1148,2628,114,55,59,19,9,10,0,0,0
03,054,District - Barnala (20),Total,65-69,15540,8251,7289,629,564,65,11501,6459,5042,3311,1176,2135,83,44,39,16,8,8,0,0,0
03,054,District - Barnala (20),Total,70-74,12078,6647,5431,489,443,46,7638,4815,2823,3846,1334,2512,98,52,46,7,3,4,0,0,0
03,054,District - Barnala (20),Total,75-79,5984,3099,2885,233,212,21,3489,2011,1478,2205,839,1366,47,32,15,10,5,5,0,0,0
03,054,District - Barnala (20),Total,80+,9146,4516,4630,457,371,86,3632,2322,1310,4971,1772,3199,76,48,28,10,3,7,0,0,0
03,054,District - Barnala (20),Total,Age not stated,430,215,215,231,132,99,176,78,98,22,4,18,1,1,0,0,0,0,0,0,0
03,054,District - Barnala (20),Total,Less than 18,186250,102813,83437,183338,101512,81826,2744,1222,1522,105,47,58,54,28,26,9,4,5,0,0,0
03,054,District - Barnala (20),Total,Less than 21,225101,124842,100259,215640,121500,94140,9173,3198,5975,162,77,85,95,56,39,31,11,20,0,0,0
03,054,District - Barnala (20),Rural,All ages,404842,215210,189632,175143,103938,71205,207918,103817,104101,20075,6445,13630,1216,677,539,490,333,157,0,0,0
03,054,District - Barnala (20),Rural,0-9,63560,34580,28980,63560,34580,28980,0,0,0,0,0,0,0,0,0,0,0,0,0,0,0
03,054,District - Barnala (20),Rural,10-14,37689,21155,16534,36719,20697,16022,921,435,486,25,11,14,20,10,10,4,2,2,0,0,0
03,054,District - Barnala (20),Rural,15-19,41057,23025,18032,38221,22085,16136,2742,890,1852,59,32,27,27,15,12,8,3,5,0,0,0
03,054,District - Barnala (20),Rural,20-24,40123,21621,18502,22957,15129,7828,16929,6367,10562,109,45,64,76,48,28,52,32,20,0,0,0
03,054,District - Barnala (20),Rural,25-29,34200,17603,16597,6067,4677,1390,27708,12730,14978,218,70,148,116,64,52,91,62,29,0,0,0
03,054,District - Barnala (20),Rural,30-34,30187,15485,14702,1733,1455,278,27835,13794,14041,380,99,281,164,82,82,75,55,20,0,0,0
03,054,District - Barnala (20),Rural,35-39,27659,14162,13497,915,821,94,25909,13072,12837,639,156,483,122,58,64,74,55,19,0,0,0
03,054,District - Barnala (20),Rural,40-44,25886,13274,12612,833,763,70,23879,12166,11713,995,215,780,121,81,40,58,49,9,0,0,0
03,054,District - Barnala (20),Rural,45-49,22714,11668,11046,662,624,38,20584,10663,9921,1335,296,1039,97,59,38,36,26,10,0,0,0
03,054,District - Barnala (20),Rural,50-54,18564,9947,8617,638,596,42,16131,8825,7306,1677,461,1216,85,44,41,33,21,12,0,0,0
03,054,District - Barnala (20),Rural,55-59,13999,6982,7017,488,442,46,12058,6087,5971,1397,411,986,47,35,12,9,7,2,0,0,0
03,054,District - Barnala (20),Rural,60-64,16622,8349,8273,602,555,47,13293,6935,6358,2625,816,1809,86,37,49,16,6,10,0,0,0
03,054,District - Barnala (20),Rural,65-69,11635,6274,5361,532,491,41,8659,4875,3784,2364,867,1497,69,35,34,11,6,5,0,0,0
03,054,District - Barnala (20),Rural,70-74,9057,5039,4018,426,397,29,5739,3622,2117,2802,973,1829,85,45,40,5,2,3,0,0,0
03,054,District - Barnala (20),Rural,75-79,4453,2351,2102,207,193,14,2605,1501,1104,1594,628,966,38,25,13,9,4,5,0,0,0
03,054,District - Barnala (20),Rural,80+,7086,3522,3564,390,324,66,2788,1796,992,3837,1361,2476,62,38,24,9,3,6,0,0,0
03,054,District - Barnala (20),Rural,Age not stated,351,173,178,193,109,84,138,59,79,19,4,15,1,1,0,0,0,0,0,0,0
03,054,District - Barnala (20),Rural,Less than 18,125529,69267,56262,123596,68426,55170,1819,786,1033,72,33,39,36,19,17,6,3,3,0,0,0
03,054,District - Barnala (20),Rural,Less than 21,151898,84123,67775,145586,81931,63655,6122,2091,4031,110,56,54,62,36,26,18,9,9,0,0,0
03,054,District - Barnala (20),Urban,All ages,190685,102312,88373,84217,49627,34590,97546,49810,47736,8130,2433,5697,510,283,227,282,159,123,0,0,0
03,054,District - Barnala (20),Urban,0-9,32266,17613,14653,32266,17613,14653,0,0,0,0,0,0,0,0,0,0,0,0,0,0,0
03,054,District - Barnala (20),Urban,10-14,17553,9815,7738,17066,9563,7503,462,238,224,18,10,8,7,4,3,0,0,0,0,0,0
03,054,District - Barnala (20),Urban,15-19,18772,10622,8150,17302,10140,7162,1425,465,960,23,8,15,16,8,8,6,1,5,0,0,0
03,054,District - Barnala (20),Urban,20-24,19552,10762,8790,11803,7904,3899,7623,2807,4816,48,19,29,49,26,23,29,6,23,0,0,0
03,054,District - Barnala (20),Urban,25-29,17835,9542,8293,3656,2714,942,13970,6734,7236,95,34,61,67,35,32,47,25,22,0,0,0
03,054,District - Barnala (20),Urban,30-34,15197,7937,7260,844,672,172,14065,7144,6921,168,55,113,66,31,35,54,35,19,0,0,0
03,054,District - Barnala (20),Urban,35-39,13812,7272,6540,307,251,56,13130,6888,6242,262,64,198,63,35,28,50,34,16,0,0,0
03,054,District - Barnala (20),Urban,40-44,12226,6255,5971,196,157,39,11475,5942,5533,446,91,355,70,42,28,39,23,16,0,0,0
03,054,District - Barnala (20),Urban,45-49,10732,5593,5139,131,113,18,9910,5311,4599,623,127,496,45,27,18,23,15,8,0,0,0
03,054,District - Barnala (20),Urban,50-54,9013,4779,4234,141,120,21,8018,4444,3574,809,189,620,29,15,14,16,11,5,0,0,0
03,054,District - Barnala (20),Urban,55-59,6795,3504,3291,106,84,22,5915,3197,2718,748,212,536,20,9,11,6,2,4,0,0,0
03,054,District - Barnala (20),Urban,60-64,6336,3249,3087,108,88,20,5046,2808,2238,1151,332,819,28,18,10,3,3,0,0,0,0
03,054,District - Barnala (20),Urban,65-69,3905,1977,1928,97,73,24,2842,1584,1258,947,309,638,14,9,5,5,2,3,0,0,0
03,054,District - Barnala (20),Urban,70-74,3021,1608,1413,63,46,17,1899,1193,706,1044,361,683,13,7,6,2,1,1,0,0,0
03,054,District - Barnala (20),Urban,75-79,1531,748,783,26,19,7,884,510,374,611,211,400,9,7,2,1,1,0,0,0,0
03,054,District - Barnala (20),Urban,80+,2060,994,1066,67,47,20,844,526,318,1134,411,723,14,10,4,1,0,1,0,0,0
03,054,District - Barnala (20),Urban,Age not stated,79,42,37,38,23,15,38,19,19,3,0,3,0,0,0,0,0,0,0,0,0
03,054,District - Barnala (20),Urban,Less than 18,60721,33546,27175,59742,33086,26656,925,436,489,33,14,19,18,9,9,3,1,2,0,0,0
03,054,District - Barnala (20),Urban,Less than 21,73203,40719,32484,70054,39569,30485,3051,1107,1944,52,21,31,33,20,13,13,2,11,0,0,0
