state_code,district_code,area_name,region_type,age_group,total_persons,total_males,total_females,never_married_persons,never_married_males,never_married_females,currently_married_persons,currently_married_males,currently_married_females,widowed_persons,widowed_males,widowed_females,separated_persons,separated_males,separated_females,divorced_persons,divorced_males,divorced_females,unspecified_persons,unspecified_males,unspecified_females
08,000,State - RAJASTHAN (08),Total,All ages,68548437,35550997,32997440,32843831,18597017,14246814,32904412,16228226,16676186,2628454,644820,1983634,131639,64591,67048,40101,16343,23758,0,0,0
08,000,State - RAJASTHAN (08),Total,0-9,15344908,8117447,7227461,15344908,8117447,7227461,0,0,0,0,0,0,0,0,0,0,0,0,0,0,0
08,000,State - RAJASTHAN (08),Total,10-14,8380518,4430696,3949822,8120298,4337003,3783295,253493,90737,162756,3506,1350,2156,2855,1439,1416,366,167,199,0,0,0
08,000,State - RAJASTHAN (08),Total,15-19,7314017,3889874,3424143,5935107,3497706,2437401,1362319,386279,976040,8434,2959,5475,6866,2545,4321,1291,385,906,0,0,0
08,000,State - RAJASTHAN (08),Total,20-24,6426494,3377483,3049011,2277117,1705003,572114,4102486,1653881,2448605,22922,8605,14317,18819,8186,10633,5150,1808,3342,0,0,0
08,000,State - RAJASTHAN (08),Total,25-29,5348497,2763059,2585438,570321,479381,90940,4707470,2255241,2452229,42347,15001,27346,21423,10528,10895,6936,2908,4028,0,0,0
08,000,State - RAJASTHAN (08),Total,30-34,4722683,2384569,2338114,161906,140036,21870,4465691,2210792,2254899,68840,20919,47921,19673,10000,9673,6573,2822,3751,0,0,0
08,000,State - RAJASTHAN (08),Total,35-39,4334564,2201790,2132774,76165,65710,10455,4127990,2095519,2032471,107046,29028,78018,17623,9023,8600,5740,2510,3230,0,0,0
08,000,State - RAJASTHAN (08),Total,40-44,3735355,1926916,1808439,48928,42555,6373,3520737,1836648,1684089,146513,38276,108237,14650,7406,7244,4527,2031,2496,0,0,0
08,000,State - RAJASTHAN (08),Total,45-49,3145404,1608512,1536892,32430,27976,4454,2922956,1527968,1394988,177060,46207,130853,9926,5091,4835,3032,1270,1762,0,0,0
08,000,State - RAJASTHAN (08),Total,50-54,2516808,1345007,1171801,25631,21977,3654,2250036,1260519,989517,231791,57980,173811,7155,3674,3481,2195,857,1338,0,0,0
08,000,State - RAJASTHAN (08),Total,55-59,1897449,935866,961583,17964,14749,3215,1656342,864129,792213,217943,54440,163503,3973,2074,1899,1227,474,753,0,0,0
08,000,State - RAJASTHAN (08),Total,60-64,1770139,884024,886115,29675,20994,8681,1376982,781361,595621,358771,79390,279381,3628,1872,1756,1083,407,676,0,0,0
08,000,State - RAJASTHAN (08),Total,65-69,1260376,589471,670905,27070,18347,8723,912385,498179,414206,318289,71630,246659,1982,1082,900,650,233,417,0,0,0
08,000,State - RAJASTHAN (08),Total,70-74,1016915,490011,526904,15235,11250,3985,607560,391198,216362,392202,86610,305592,1383,778,605,535,175,360,0,0,0
08,000,State - RAJASTHAN (08),Total,75-79,477655,216016,261639,6946,5001,1945,270818,161098,109720,199151,49548,149603,522,282,240,218,87,131,0,0,0
08,000,State - RAJASTHAN (08),Total,80+,587053,252741,334312,24026,15263,8763,240418,156816,83602,321642,80199,241443,633,346,287,334,117,217,0,0,0
08,000,State - RAJASTHAN (08),Total,Age not stated,269602,137515,132087,130104,76619,53485,126729,57861,68868,11997,2678,9319,528,265,263,244,92,152,0,0,0
08,000,State - RAJASTHAN (08),Total,Less than 18,28136778,14914021,13222757,27396027,14669696,12726331,726225,238603,487622,8120,2882,5238,5601,2508,3093,805,332,473,0,0,0
08,000,State - RAJASTHAN (08),Total,Less than 21,32830584,17372804,15457780,30263038,16577530,13685508,2533365,782538,1750827,17204,6101,11103,14218,5749,8469,2759,886,1873,0,0,0
08,000,State - RAJASTHAN (08),Rural,All ages,51500352,26641747,24858605,24835016,14025435,10809581,24520540,12043696,12476844,2021742,509904,1511838,100279,52353,47926,22775,10359,12416,0,0,0
08,000,State - RAJASTHAN (08),Rural,0-9,12097303,6382711,5714592,12097303,6382711,5714592,0,0,0,0,0,0,0,0,0,0,0,0,0,0,0
08,000,State - RAJASTHAN (08),Rural,10-14,6537189,3446732,3090457,6316957,3368219,2948738,215282,76326,138956,2663,1045,1618,2066,1042,1024,221,100,121,0,0,0
08,000,State - RAJASTHAN (08),Rural,15-19,5496935,2918083,2578852,4324822,2577068,1747754,1158940,336234,822706,6652,2422,4230,5569,2056,3513,952,303,649,0,0,0
08,000,State - RAJASTHAN (08),Rural,20-24,4682761,2471674,2211087,1386593,1101828,284765,3259444,1354338,1905106,18001,7079,10922,15184,7031,8153,3539,1398,2141,0,0,0
08,000,State - RAJASTHAN (08),Rural,25-29,3832693,1981853,1850840,297598,269287,28311,3482042,1689631,1792411,32781,12214,20567,16246,8683,7563,4026,2038,1988,0,0,0
08,000,State - RAJASTHAN (08),Rural,30-34,3412817,1716111,1696706,94599,86276,8323,3247637,1603417,1644220,52605,16704,35901,14539,7997,6542,3437,1717,1720,0,0,0
08,000,State - RAJASTHAN (08),Rural,35-39,3130395,1585834,1544561,49078,44415,4663,2984371,1509371,1475000,81024,23401,57623,13113,7250,5863,2809,1397,1412,0,0,0
08,000,State - RAJASTHAN (08),Rural,40-44,2704801,1390594,1314207,33538,30622,2916,2547917,1321929,1225988,110070,31029,79041,10928,5859,5069,2348,1155,1193,0,0,0
08,000,State - RAJASTHAN (08),Rural,45-49,2265671,1150068,1115603,22953,20890,2063,2102867,1087390,1015477,130986,37043,93943,7331,4028,3303,1534,717,817,0,0,0
08,000,State - RAJASTHAN (08),Rural,50-54,1817629,968094,849535,18632,16940,1692,1617828,901341,716487,174548,46373,128175,5437,2943,2494,1184,497,687,0,0,0
08,000,State - RAJASTHAN (08),Rural,55-59,1383879,668669,715210,13029,11542,1487,1204431,612499,591932,162800,42720,120080,2963,1630,1333,656,278,378,0,0,0
08,000,State - RAJASTHAN (08),Rural,60-64,1343329,666272,677057,22871,16952,5919,1037252,584093,453159,279733,63430,216303,2814,1533,1281,659,264,395,0,0,0
08,000,State - RAJASTHAN (08),Rural,65-69,971320,448876,522444,20274,14390,5884,700533,376621,323912,248464,56799,191665,1617,911,706,432,155,277,0,0,0
08,000,State - RAJASTHAN (08),Rural,70-74,795430,382456,412974,11562,9094,2468,470906,303737,167169,311421,68847,242574,1147,656,491,394,122,272,0,0,0
08,000,State - RAJASTHAN (08),Rural,75-79,364642,162014,202628,4956,3837,1119,206647,120627,86020,152481,37257,115224,400,229,171,158,64,94,0,0,0
08,000,State - RAJASTHAN (08),Rural,80+,449071,193050,256021,16129,10560,5569,184439,120803,63636,247749,61324,186425,500,276,224,254,87,167,0,0,0
08,000,State - RAJASTHAN (08),Rural,Age not stated,214487,108656,105831,104122,60804,43318,100004,45339,54665,9764,2217,7547,425,229,196,172,67,105,0,0,0
08,000,State - RAJASTHAN (08),Rural,Less than 18,21975952,11621494,10354458,21343848,11412085,9931763,621058,205040,416018,6259,2287,3972,4247,1857,2390,540,225,315,0,0,0
08,000,State - RAJASTHAN (08),Rural,Less than 21,25479835,13454830,12025005,23322020,12770775,10551245,2130900,673754,1457146,13537,4974,8563,11398,4650,6748,1980,677,1303,0,0,0
08,000,State - RAJASTHAN (08),Urban,All ages,17048085,8909250,8138835,8008815,4571582,3437233,8383872,4184530,4199342,606712,134916,471796,31360,12238,19122,17326,5984,11342,0,0,0
08,000,State - RAJASTHAN (08),Urban,0-9,3247605,1734736,1512869,3247605,1734736,1512869,0,0,0,0,0,0,0,0,0,0,0,0,0,0,0
08,000,State - RAJASTHAN (08),Urban,10-14,1843329,983964,859365,1803341,968784,834557,38211,14411,23800,843,305,538,789,397,392,145,67,78,0,0,0
08,000,State - RAJASTHAN (08),Urban,15-19,1817082,971791,845291,1610285,920638,689647,203379,50045,153334,1782,537,1245,1297,489,808,339,82,257,0,0,0
08,000,State - RAJASTHAN (08),Urban,20-24,1743733,905809,837924,890524,603175,287349,843042,299543,543499,4921,1526,3395,3635,1155,2480,1611,410,1201,0,0,0
08,000,State - RAJASTHAN (08),Urban,25-29,1515804,781206,734598,272723,210094,62629,1225428,565610,659818,9566,2787,6779,5177,1845,3332,2910,870,2040,0,0,0
08,000,State - RAJASTHAN (08),Urban,30-34,1309866,668458,641408,67307,53760,13547,1218054,607375,610679,16235,4215,12020,5134,2003,3131,3136,1105,2031,0,0,0
08,000,State - RAJASTHAN (08),Urban,35-39,1204169,615956,588213,27087,21295,5792,1143619,586148,557471,26022,5627,20395,4510,1773,2737,2931,1113,1818,0,0,0
08,000,State - RAJASTHAN (08),Urban,40-44,1030554,536322,494232,15390,11933,3457,972820,514719,458101,36443,7247,29196,3722,1547,2175,2179,876,1303,0,0,0
08,000,State - RAJASTHAN (08),Urban,45-49,879733,458444,421289,9477,7086,2391,820089,440578,379511,46074,9164,36910,2595,1063,1532,1498,553,945,0,0,0
08,000,State - RAJASTHAN (08),Urban,50-54,699179,376913,322266,6999,5037,1962,632208,359178,273030,57243,11607,45636,1718,731,987,1011,360,651,0,0,0
08,000,State - RAJASTHAN (08),Urban,55-59,513570,267197,246373,4935,3207,1728,451911,251630,200281,55143,11720,43423,1010,444,566,571,196,375,0,0,0
08,000,State - RAJASTHAN (08),Urban,60-64,426810,217752,209058,6804,4042,2762,339730,197268,142462,79038,15960,63078,814,339,475,424,143,281,0,0,0
08,000,State - RAJASTHAN (08),Urban,65-69,289056,140595,148461,6796,3957,2839,211852,121558,90294,69825,14831,54994,365,171,194,218,78,140,0,0,0
08,000,State - RAJASTHAN (08),Urban,70-74,221485,107555,113930,3673,2156,1517,136654,87461,49193,80781,17763,63018,236,122,114,141,53,88,0,0,0
08,000,State - RAJASTHAN (08),Urban,75-79,113013,54002,59011,1990,1164,826,64171,40471,23700,46670,12291,34379,122,53,69,60,23,37,0,0,0
08,000,State - RAJASTHAN (08),Urban,80+,137982,59691,78291,7897,4703,3194,55979,36013,19966,73893,18875,55018,133,70,63,80,30,50,0,0,0
08,000,State - RAJASTHAN (08),Urban,Age not stated,55115,28859,26256,25982,15815,10167,26725,12522,14203,2233,461,1772,103,36,67,72,25,47,0,0,0
08,000,State - RAJASTHAN (08),Urban,Less than 18,6160826,3292527,2868299,6052179,3257611,2794568,105167,33563,71604,1861,595,1266,1354,651,703,265,107,158,0,0,0
08,000,State - RAJASTHAN (08),Urban,Less than 21,7350749,3917974,3432775,6941018,3806755,3134263,402465,108784,293681,3667,1127,2540,2820,1099,1721,779,209,570,0,0,0
08,099,District - Ganganagar  (01),Total,All ages,1969168,1043340,925828,917925,530453,387472,969452,490397,479055,75501,19103,56398,4324,2229,2095,1966,1158,808,0,0,0
08,099,District - Ganganagar  (01),Total,0-9,374712,202074,172638,374712,202074,172638,0,0,0,0,0,0,0,0,0,0,0,0,0,0,0
08,099,District - Ganganagar  (01),Total,10-14,216564,117199,99365,213789,116107,97682,2642,1036,1606,63,21,42,64,32,32,6,3,3,0,0,0
08,099,District - Ganganagar  (01),Total,15-19,208095,113978,94117,189563,109559,80004,18237,4304,13933,139,42,97,119,57,62,37,16,21,0,0,0
08,099,District - Ganganagar  (01),Total,20-24,197601,105612,91989,95138,67127,28011,101388,38055,63333,460,147,313,379,178,201,236,105,131,0,0,0
08,099,District - Ganganagar  (01),Total,25-29,170917,91594,79323,24078,19894,4184,144822,70816,74006,1025,345,680,606,287,319,386,252,134,0,0,0
08,099,District - Ganganagar  (01),Total,30-34,148955,78059,70896,5498,4769,729,140550,72173,68377,1857,533,1324,676,349,327,374,235,139,0,0,0
08,099,District - Ganganagar  (01),Total,35-39,133812,69347,64465,2294,1973,321,127576,66174,61402,3001,665,2336,653,347,306,288,188,100,0,0,0
08,099,District - Ganganagar  (01),Total,40-44,118957,61766,57191,1506,1300,206,112295,59018,53277,4347,995,3352,582,317,265,227,136,91,0,0,0
08,099,District - Ganganagar  (01),Total,45-49,100487,52324,48163,956,811,145,93609,50004,43605,5412,1223,4189,378,208,170,132,78,54,0,0,0
08,099,District - Ganganagar  (01),Total,50-54,76887,41701,35186,772,663,109,69016,39363,29653,6719,1470,5249,267,144,123,113,61,52,0,0,0
08,099,District - Ganganagar  (01),Total,55-59,54161,27238,26923,468,384,84,47698,25317,22381,5781,1429,4352,163,82,81,51,26,25,0,0,0
08,099,District - Ganganagar  (01),Total,60-64,52122,25792,26330,655,491,164,41804,23050,18754,9481,2159,7322,150,76,74,32,16,16,0,0,0
08,099,District - Ganganagar  (01),Total,65-69,37873,18277,19596,556,400,156,27964,15578,12386,9222,2229,6993,106,57,49,25,13,12,0,0,0
08,099,District - Ganganagar  (01),Total,70-74,28919,14390,14529,338,249,89,17910,11497,6413,10588,2603,7985,69,33,36,14,8,6,0,0,0
08,099,District - Ganganagar  (01),Total,75-79,14650,7197,7453,152,116,36,8550,5215,3335,5918,1847,4071,26,17,9,4,2,2,0,0,0
08,099,District - Ganganagar  (01),Total,80+,18872,8575,10297,589,388,201,7402,4909,2493,10815,3246,7569,53,27,26,13,5,8,0,0,0
08,099,District - Ganganagar  (01),Total,Age not stated,15584,8217,7367,6861,4148,2713,7989,3888,4101,673,149,524,33,18,15,28,14,14,0,0,0
08,099,District - Ganganagar  (01),Total,Less than 18,716051,387685,328366,708307,385120,323187,7486,2460,5026,133,40,93,107,58,49,18,7,11,0,0,0
08,099,District - Ganganagar  (01),Total,Less than 21,848922,459708,389214,810285,449435,360850,38036,10046,27990,283,77,206,240,115,125,78,35,43,0,0,0
08,099,District - Ganganagar  (01),Rural,All ages,1433736,758269,675467,671051,386127,284924,703779,355384,348395,54442,14230,40212,3207,1724,1483,1257,804,453,0,0,0
08,099,District - Ganganagar  (01),Rural,0-9,282215,151567,130648,282215,151567,130648,0,0,0,0,0,0,0,0,0,0,0,0,0,0,0
08,099,District - Ganganagar  (01),Rural,10-14,162097,87058,75039,159966,86224,73742,2033,795,1238,54,19,35,42,20,22,2,0,2,0,0,0
08,099,District - Ganganagar  (01),Rural,15-19,152307,83345,68962,137767,79785,57982,14328,3472,10856,101,32,69,85,45,40,26,11,15,0,0,0
08,099,District - Ganganagar  (01),Rural,20-24,142548,76626,65922,63430,46032,17398,78336,30253,48083,339,113,226,282,143,139,161,85,76,0,0,0
08,099,District - Ganganagar  (01),Rural,25-29,122100,65700,56400,14226,12202,2024,106450,52828,53622,724,248,476,436,228,208,264,194,70,0,0,0
08,099,District - Ganganagar  (01),Rural,30-34,107441,56277,51164,3397,3005,392,102020,52466,49554,1306,383,923,477,260,217,241,163,78,0,0,0
08,099,District - Ganganagar  (01),Rural,35-39,95853,49656,46197,1511,1306,205,91544,47470,44074,2131,485,1646,497,274,223,170,121,49,0,0,0
08,099,District - Ganganagar  (01),Rural,40-44,84822,43982,40840,1018,901,117,80136,42019,38117,3095,735,2360,435,240,195,138,87,51,0,0,0
08,099,District - Ganganagar  (01),Rural,45-49,70148,36371,33777,656,567,89,65441,34722,30719,3709,876,2833,269,158,111,73,48,25,0,0,0
08,099,District - Ganganagar  (01),Rural,50-54,53110,28810,24300,558,489,69,47587,27103,20484,4690,1070,3620,207,112,95,68,36,32,0,0,0
08,099,District - Ganganagar  (01),Rural,55-59,37594,18432,19162,320,270,50,33122,17042,16080,3994,1039,2955,129,63,66,29,18,11,0,0,0
08,099,District - Ganganagar  (01),Rural,60-64,38149,18762,19387,475,365,110,30694,16723,13971,6833,1601,5232,123,62,61,24,11,13,0,0,0
08,099,District - Ganganagar  (01),Rural,65-69,28030,13491,14539,400,295,105,20935,11513,9422,6594,1633,4961,86,44,42,15,6,9,0,0,0
08,099,District - Ganganagar  (01),Rural,70-74,21610,10791,10819,251,187,64,13488,8621,4867,7804,1948,5856,56,29,27,11,6,5,0,0,0
08,099,District - Ganganagar  (01),Rural,75-79,11082,5436,5646,120,92,28,6635,3968,2667,4304,1362,2942,19,12,7,4,2,2,0,0,0
08,099,District - Ganganagar  (01),Rural,80+,14690,6787,7903,387,268,119,5919,3912,2007,8329,2579,5750,44,23,21,11,5,6,0,0,0
08,099,District - Ganganagar  (01),Rural,Age not stated,9940,5178,4762,4354,2572,1782,5111,2477,2634,435,107,328,20,11,9,20,11,9,0,0,0
08,099,District - Ganganagar  (01),Rural,Less than 18,536139,288727,247412,530190,286739,243451,5759,1913,3846,106,34,72,74,40,34,10,1,9,0,0,0
08,099,District - Ganganagar  (01),Rural,Less than 21,632942,341460,291482,602777,333262,269515,29726,8025,21701,219,61,158,168,88,80,52,24,28,0,0,0
08,099,District - Ganganagar  (01),Urban,All ages,535432,285071,250361,246874,144326,102548,265673,135013,130660,21059,4873,16186,1117,505,612,709,354,355,0,0,0
08,099,District - Ganganagar  (01),Urban,0-9,92497,50507,41990,92497,50507,41990,0,0,0,0,0,0,0,0,0,0,0,0,0,0,0
08,099,District - Ganganagar  (01),Urban,10-14,54467,30141,24326,53823,29883,23940,609,241,368,9,2,7,22,12,10,4,3,1,0,0,0
08,099,District - Ganganagar  (01),Urban,15-19,55788,30633,25155,51796,29774,22022,3909,832,3077,38,10,28,34,12,22,11,5,6,0,0,0
08,099,District - Ganganagar  (01),Urban,20-24,55053,28986,26067,31708,21095,10613,23052,7802,15250,121,34,87,97,35,62,75,20,55,0,0,0
08,099,District - Ganganagar  (01),Urban,25-29,48817,25894,22923,9852,7692,2160,38372,17988,20384,301,97,204,170,59,111,122,58,64,0,0,0
08,099,District - Ganganagar  (01),Urban,30-34,41514,21782,19732,2101,1764,337,38530,19707,18823,551,150,401,199,89,110,133,72,61,0,0,0
08,099,District - Ganganagar  (01),Urban,35-39,37959,19691,18268,783,667,116,36032,18704,17328,870,180,690,156,73,83,118,67,51,0,0,0
08,099,District - Ganganagar  (01),Urban,40-44,34135,17784,16351,488,399,89,32159,16999,15160,1252,260,992,147,77,70,89,49,40,0,0,0
08,099,District - Ganganagar  (01),Urban,45-49,30339,15953,14386,300,244,56,28168,15282,12886,1703,347,1356,109,50,59,59,30,29,0,0,0
08,099,District - Ganganagar  (01),Urban,50-54,23777,12891,10886,214,174,40,21429,12260,9169,2029,400,1629,60,32,28,45,25,20,0,0,0
08,099,District - Ganganagar  (01),Urban,55-59,16567,8806,7761,148,114,34,14576,8275,6301,1787,390,1397,34,19,15,22,8,14,0,0,0
08,099,District - Ganganagar  (01),Urban,60-64,13973,7030,6943,180,126,54,11110,6327,4783,2648,558,2090,27,14,13,8,5,3,0,0,0
08,099,District - Ganganagar  (01),Urban,65-69,9843,4786,5057,156,105,51,7029,4065,2964,2628,596,2032,20,13,7,10,7,3,0,0,0
08,099,District - Ganganagar  (01),Urban,70-74,7309,3599,3710,87,62,25,4422,2876,1546,2784,655,2129,13,4,9,3,2,1,0,0,0
08,099,District - Ganganagar  (01),Urban,75-79,3568,1761,1807,32,24,8,1915,1247,668,1614,485,1129,7,5,2,0,0,0,0,0,0
08,099,District - Ganganagar  (01),Urban,80+,4182,1788,2394,202,120,82,1483,997,486,2486,667,1819,9,4,5,2,0,2,0,0,0
08,099,District - Ganganagar  (01),Urban,Age not stated,5644,3039,2605,2507,1576,931,2878,1411,1467,238,42,196,13,7,6,8,3,5,0,0,0
08,099,District - Ganganagar  (01),Urban,Less than 18,179912,98958,80954,178117,98381,79736,1727,547,1180,27,6,21,33,18,15,8,6,2,0,0,0
08,099,District - Ganganagar  (01),Urban,Less than 21,215980,118248,97732,207508,116173,91335,8310,2021,6289,64,16,48,72,27,45,26,11,15,0,0,0
08,100,District - Hanumangarh (02),Total,All ages,1774692,931184,843508,820240,472347,347893,887716,440184,447532,62861,16615,46246,2681,1354,1327,1194,684,510,0,0,0
08,100,District - Hanumangarh (02),Total,0-9,343344,183276,160068,343344,183276,160068,0,0,0,0,0,0,0,0,0,0,0,0,0,0,0
08,100,District - Hanumangarh (02),Total,10-14,203998,108722,95276,200525,107415,93110,3342,1246,2096,60,25,35,66,34,32,5,2,3,0,0,0
08,100,District - Hanumangarh (02),Total,15-19,189917,103691,86226,166349,97351,68998,23265,6209,17056,175,68,107,99,52,47,29,11,18,0,0,0
08,100,District - Hanumangarh (02),Total,20-24,174008,94057,79951,71447,53623,17824,101617,40028,61589,514,197,317,274,123,151,156,86,70,0,0,0
08,100,District - Hanumangarh (02),Total,25-29,146777,77259,69518,16944,14867,2077,128223,61715,66508,1008,355,653,390,189,201,212,133,79,0,0,0
08,100,District - Hanumangarh (02),Total,30-34,131818,66929,64889,4387,3934,453,125019,62123,62896,1835,553,1282,372,189,183,205,130,75,0,0,0
08,100,District - Hanumangarh (02),Total,35-39,122570,62042,60528,1918,1705,213,117220,59355,57865,2881,669,2212,388,207,181,163,106,57,0,0,0
08,100,District - Hanumangarh (02),Total,40-44,108870,56189,52681,1143,1016,127,103290,53987,49303,3949,930,3019,347,172,175,141,84,57,0,0,0
08,100,District - Hanumangarh (02),Total,45-49,89856,46364,43492,666,577,89,84310,44520,39790,4565,1100,3465,220,116,104,95,51,44,0,0,0
08,100,District - Hanumangarh (02),Total,50-54,67073,36497,30576,562,491,71,60712,34517,26195,5547,1363,4184,194,103,91,58,23,35,0,0,0
08,100,District - Hanumangarh (02),Total,55-59,46790,23262,23528,372,316,56,41623,21655,19968,4670,1229,3441,91,47,44,34,15,19,0,0,0
08,100,District - Hanumangarh (02),Total,60-64,44634,22379,22255,660,488,172,35775,19898,15877,8089,1932,6157,93,50,43,17,11,6,0,0,0
08,100,District - Hanumangarh (02),Total,65-69,30488,14371,16117,618,401,217,22656,12152,10504,7154,1792,5362,41,19,22,19,7,12,0,0,0
08,100,District - Hanumangarh (02),Total,70-74,24452,11787,12665,336,256,80,15646,9418,6228,8415,2094,6321,38,15,23,17,4,13,0,0,0
08,100,District - Hanumangarh (02),Total,75-79,13035,6130,6905,145,111,34,7833,4451,3382,5027,1554,3473,24,10,14,6,4,2,0,0,0
08,100,District - Hanumangarh (02),Total,80+,15889,7386,8503,588,385,203,7148,4435,2713,8123,2546,5577,20,15,5,10,5,5,0,0,0
08,100,District - Hanumangarh (02),Total,Age not stated,21173,10843,10330,10236,6135,4101,10037,4475,5562,849,208,641,24,13,11,27,12,15,0,0,0
08,100,District - Hanumangarh (02),Total,Less than 18,662477,354673,307804,651654,351154,300500,10546,3396,7150,161,66,95,102,51,51,14,6,8,0,0,0
08,100,District - Hanumangarh (02),Total,Less than 21,782116,419978,362138,736102,406447,329655,45415,13275,32140,323,123,200,223,113,110,53,20,33,0,0,0
08,100,District - Hanumangarh (02),Rural,All ages,1424228,746887,677341,656756,377677,279079,714206,353951,360255,50326,13605,36721,2084,1120,964,856,534,322,0,0,0
08,100,District - Hanumangarh (02),Rural,0-9,279435,148682,130753,279435,148682,130753,0,0,0,0,0,0,0,0,0,0,0,0,0,0,0
08,100,District - Hanumangarh (02),Rural,10-14,166317,88230,78087,163485,87160,76325,2728,1025,1703,48,18,30,53,26,27,3,1,2,0,0,0
08,100,District - Hanumangarh (02),Rural,15-19,152505,83485,69020,132466,77985,54481,19804,5394,14410,133,51,82,78,44,34,24,11,13,0,0,0
08,100,District - Hanumangarh (02),Rural,20-24,138343,75265,63078,53084,40963,12121,84504,33954,50550,422,171,251,212,106,106,121,71,50,0,0,0
08,100,District - Hanumangarh (02),Rural,25-29,116013,61271,54742,11821,10680,1141,102926,50017,52909,822,305,517,289,160,129,155,109,46,0,0,0
08,100,District - Hanumangarh (02),Rural,30-34,105698,53653,52045,3234,2959,275,100526,49967,50559,1509,465,1044,286,161,125,143,101,42,0,0,0
08,100,District - Hanumangarh (02),Rural,35-39,98024,49774,48250,1472,1333,139,93796,47624,46172,2333,556,1777,315,177,138,108,84,24,0,0,0
08,100,District - Hanumangarh (02),Rural,40-44,87125,44857,42268,895,803,92,82683,43091,39592,3187,766,2421,253,132,121,107,65,42,0,0,0
08,100,District - Hanumangarh (02),Rural,45-49,70964,36561,34403,514,454,60,66639,35093,31546,3572,889,2683,177,91,86,62,34,28,0,0,0
08,100,District - Hanumangarh (02),Rural,50-54,52491,28565,23926,431,385,46,47527,26967,20560,4348,1120,3228,150,81,69,35,12,23,0,0,0
08,100,District - Hanumangarh (02),Rural,55-59,36537,17810,18727,271,234,37,32528,16551,15977,3643,975,2668,73,38,35,22,12,10,0,0,0
08,100,District - Hanumangarh (02),Rural,60-64,36055,18053,18002,541,413,128,28930,16020,12910,6495,1573,4922,76,39,37,13,8,5,0,0,0
08,100,District - Hanumangarh (02),Rural,65-69,24326,11425,12901,459,310,149,18142,9654,8488,5673,1438,4235,36,17,19,16,6,10,0,0,0
08,100,District - Hanumangarh (02),Rural,70-74,19783,9477,10306,255,202,53,12752,7593,5159,6731,1667,5064,32,13,19,13,2,11,0,0,0
08,100,District - Hanumangarh (02),Rural,75-79,10672,4993,5679,104,83,21,6502,3621,2881,4042,1276,2766,19,9,10,5,4,1,0,0,0
08,100,District - Hanumangarh (02),Rural,80+,13196,6193,7003,441,294,147,6002,3715,2287,6726,2165,4561,17,14,3,10,5,5,0,0,0
08,100,District - Hanumangarh (02),Rural,Age not stated,16744,8593,8151,7848,4737,3111,8217,3665,4552,642,170,472,18,12,6,19,9,10,0,0,0
08,100,District - Hanumangarh (02),Rural,Less than 18,538637,287495,251142,529590,284548,245042,8829,2856,5973,124,46,78,83,40,43,11,5,6,0,0,0
08,100,District - Hanumangarh (02),Rural,Less than 21,634248,339973,294275,595406,328341,267065,38376,11426,26950,249,95,154,174,92,82,43,19,24,0,0,0
08,100,District - Hanumangarh (02),Urban,All ages,350464,184297,166167,163484,94670,68814,173510,86233,87277,12535,3010,9525,597,234,363,338,150,188,0,0,0
08,100,District - Hanumangarh (02),Urban,0-9,63909,34594,29315,63909,34594,29315,0,0,0,0,0,0,0,0,0,0,0,0,0,0,0
08,100,District - Hanumangarh (02),Urban,10-14,37681,20492,17189,37040,20255,16785,614,221,393,12,7,5,13,8,5,2,1,1,0,0,0
08,100,District - Hanumangarh (02),Urban,15-19,37412,20206,17206,33883,19366,14517,3461,815,2646,42,17,25,21,8,13,5,0,5,0,0,0
08,100,District - Hanumangarh (02),Urban,20-24,35665,18792,16873,18363,12660,5703,17113,6074,11039,92,26,66,62,17,45,35,15,20,0,0,0
08,100,District - Hanumangarh (02),Urban,25-29,30764,15988,14776,5123,4187,936,25297,11698,13599,186,50,136,101,29,72,57,24,33,0,0,0
08,100,District - Hanumangarh (02),Urban,30-34,26120,13276,12844,1153,975,178,24493,12156,12337,326,88,238,86,28,58,62,29,33,0,0,0
08,100,District - Hanumangarh (02),Urban,35-39,24546,12268,12278,446,372,74,23424,11731,11693,548,113,435,73,30,43,55,22,33,0,0,0
08,100,District - Hanumangarh (02),Urban,40-44,21745,11332,10413,248,213,35,20607,10896,9711,762,164,598,94,40,54,34,19,15,0,0,0
08,100,District - Hanumangarh (02),Urban,45-49,18892,9803,9089,152,123,29,17671,9427,8244,993,211,782,43,25,18,33,17,16,0,0,0
08,100,District - Hanumangarh (02),Urban,50-54,14582,7932,6650,131,106,25,13185,7550,5635,1199,243,956,44,22,22,23,11,12,0,0,0
08,100,District - Hanumangarh (02),Urban,55-59,10253,5452,4801,101,82,19,9095,5104,3991,1027,254,773,18,9,9,12,3,9,0,0,0
08,100,District - Hanumangarh (02),Urban,60-64,8579,4326,4253,119,75,44,6845,3878,2967,1594,359,1235,17,11,6,4,3,1,0,0,0
08,100,District - Hanumangarh (02),Urban,65-69,6162,2946,3216,159,91,68,4514,2498,2016,1481,354,1127,5,2,3,3,1,2,0,0,0
08,100,District - Hanumangarh (02),Urban,70-74,4669,2310,2359,81,54,27,2894,1825,1069,1684,427,1257,6,2,4,4,2,2,0,0,0
08,100,District - Hanumangarh (02),Urban,75-79,2363,1137,1226,41,28,13,1331,830,501,985,278,707,5,1,4,1,0,1,0,0,0
08,100,District - Hanumangarh (02),Urban,80+,2693,1193,1500,147,91,56,1146,720,426,1397,381,1016,3,1,2,0,0,0,0,0,0
08,100,District - Hanumangarh (02),Urban,Age not stated,4429,2250,2179,2388,1398,990,1820,810,1010,207,38,169,6,1,5,8,3,5,0,0,0
08,100,District - Hanumangarh (02),Urban,Less than 18,123840,67178,56662,122064,66606,55458,1717,540,1177,37,20,17,19,11,8,3,1,2,0,0,0
08,100,District - Hanumangarh (02),Urban,Less than 21,147868,80005,67863,140696,78106,62590,7039,1849,5190,74,28,46,49,21,28,10,1,9,0,0,0
08,101,District - Bikaner (03),Total,All ages,2363937,1240801,1123136,1185338,670812,514526,1103861,552459,551402,70857,15992,54865,2804,1118,1686,1077,420,657,0,0,0
08,101,District - Bikaner (03),Total,0-9,576860,301960,274900,576860,301960,274900,0,0,0,0,0,0,0,0,0,0,0,0,0,0,0
08,101,District - Bikaner (03),Total,10-14,305004,160609,144395,296959,157848,139111,7879,2689,5190,83,27,56,75,41,34,8,4,4,0,0,0
08,101,District - Bikaner (03),Total,15-19,243460,133073,110387,195498,119694,75804,47582,13246,34336,230,78,152,118,47,71,32,8,24,0,0,0
08,101,District - Bikaner (03),Total,20-24,225375,120384,104991,77592,60816,16776,146702,59170,87532,664,231,433,307,128,179,110,39,71,0,0,0
08,101,District - Bikaner (03),Total,25-29,193168,101466,91702,19578,16624,2954,171793,84182,87611,1237,441,796,385,145,240,175,74,101,0,0,0
08,101,District - Bikaner (03),Total,30-34,161461,84014,77447,4874,4203,671,154066,79025,75041,1935,552,1383,392,158,234,194,76,118,0,0,0
08,101,District - Bikaner (03),Total,35-39,140184,72660,67524,1955,1688,267,134900,70101,64799,2780,660,2120,402,151,251,147,60,87,0,0,0
08,101,District - Bikaner (03),Total,40-44,116517,61396,55121,1217,1017,200,111158,59313,51845,3667,876,2791,330,134,196,145,56,89,0,0,0
08,101,District - Bikaner (03),Total,45-49,99109,51038,48071,817,693,124,93503,49205,44298,4474,1007,3467,232,95,137,83,38,45,0,0,0
08,101,District - Bikaner (03),Total,50-54,80566,43921,36645,590,468,122,73609,42005,31604,6098,1346,4752,196,75,121,73,27,46,0,0,0
08,101,District - Bikaner (03),Total,55-59,58503,29722,28781,449,343,106,52290,28062,24228,5613,1266,4347,113,36,77,38,15,23,0,0,0
08,101,District - Bikaner (03),Total,60-64,52960,27198,25762,657,448,209,42570,24811,17759,9582,1879,7703,122,49,73,29,11,18,0,0,0
08,101,District - Bikaner (03),Total,65-69,34981,17084,17897,541,370,171,26301,15018,11283,8078,1676,6402,48,18,30,13,2,11,0,0,0
08,101,District - Bikaner (03),Total,70-74,28424,13875,14549,329,233,96,17843,11529,6314,10218,2097,8121,26,14,12,8,2,6,0,0,0
08,101,District - Bikaner (03),Total,75-79,14942,6978,7964,179,113,66,8785,5441,3344,5958,1415,4543,14,7,7,6,2,4,0,0,0
08,101,District - Bikaner (03),Total,80+,17789,7782,10007,703,431,272,7312,5019,2293,9748,2322,7426,23,10,13,3,0,3,0,0,0
08,101,District - Bikaner (03),Total,Age not stated,14634,7641,6993,6540,3863,2677,7568,3643,3925,492,119,373,21,10,11,13,6,7,0,0,0
08,101,District - Bikaner (03),Total,Less than 18,1028836,542873,485963,1004509,535174,469335,23965,7559,16406,207,64,143,130,67,63,25,9,16,0,0,0
08,101,District - Bikaner (03),Total,Less than 21,1187409,628854,558555,1098362,601794,496568,88264,26780,61484,466,149,317,255,114,141,62,17,45,0,0,0
08,101,District - Bikaner (03),Rural,All ages,1563553,821434,742119,815121,460146,354975,703743,350526,353217,42740,9926,32814,1546,654,892,403,182,221,0,0,0
08,101,District - Bikaner (03),Rural,0-9,419970,219469,200501,419970,219469,200501,0,0,0,0,0,0,0,0,0,0,0,0,0,0,0
08,101,District - Bikaner (03),Rural,10-14,219244,115392,103852,212865,113235,99630,6285,2116,4169,51,16,35,38,22,16,5,3,2,0,0,0
08,101,District - Bikaner (03),Rural,15-19,163375,90525,72850,125664,79463,46201,37480,10975,26505,150,54,96,61,25,36,20,8,12,0,0,0
08,101,District - Bikaner (03),Rural,20-24,145568,78618,66950,39534,33901,5633,105353,44451,60902,462,169,293,175,76,99,44,21,23,0,0,0
08,101,District - Bikaner (03),Rural,25-29,120741,63313,57428,7606,7058,548,112004,55793,56211,839,328,511,218,96,122,74,38,36,0,0,0
08,101,District - Bikaner (03),Rural,30-34,99788,51630,48158,1896,1706,190,96403,49455,46948,1227,360,867,197,81,116,65,28,37,0,0,0
08,101,District - Bikaner (03),Rural,35-39,85203,43923,41280,842,760,82,82444,42627,39817,1658,424,1234,213,88,125,46,24,22,0,0,0
08,101,District - Bikaner (03),Rural,40-44,69720,36874,32846,562,511,51,66786,35692,31094,2138,575,1563,190,80,110,44,16,28,0,0,0
08,101,District - Bikaner (03),Rural,45-49,58361,29890,28471,391,359,32,55369,28816,26553,2425,636,1789,140,60,80,36,19,17,0,0,0
08,101,District - Bikaner (03),Rural,50-54,46985,25790,21195,278,248,30,42997,24635,18362,3567,853,2714,115,46,69,28,8,20,0,0,0
08,101,District - Bikaner (03),Rural,55-59,33659,16502,17157,207,182,25,30210,15546,14664,3171,749,2422,58,18,40,13,7,6,0,0,0
08,101,District - Bikaner (03),Rural,60-64,32324,16622,15702,417,294,123,25939,15136,10803,5892,1158,4734,65,29,36,11,5,6,0,0,0
08,101,District - Bikaner (03),Rural,65-69,21473,10370,11103,359,262,97,16291,9097,7194,4795,1003,3792,24,7,17,4,1,3,0,0,0
08,101,District - Bikaner (03),Rural,70-74,18299,8939,9360,204,153,51,11521,7449,4072,6550,1327,5223,20,9,11,4,1,3,0,0,0
08,101,District - Bikaner (03),Rural,75-79,9224,4251,4973,96,65,31,5620,3380,2240,3497,802,2695,7,3,4,4,1,3,0,0,0
08,101,District - Bikaner (03),Rural,80+,11242,4967,6275,345,219,126,4821,3334,1487,6057,1408,4649,17,6,11,2,0,2,0,0,0
08,101,District - Bikaner (03),Rural,Age not stated,8377,4359,4018,3885,2261,1624,4220,2024,2196,261,64,197,8,8,0,3,2,1,0,0,0
08,101,District - Bikaner (03),Rural,Less than 18,738563,389900,348663,719166,383672,335494,19192,6147,13045,126,38,88,64,35,29,15,8,7,0,0,0
08,101,District - Bikaner (03),Rural,Less than 21,844797,448359,396438,775761,426497,349264,68559,21685,46874,305,101,204,137,62,75,35,14,21,0,0,0
08,101,District - Bikaner (03),Urban,All ages,800384,419367,381017,370217,210666,159551,400118,201933,198185,28117,6066,22051,1258,464,794,674,238,436,0,0,0
08,101,District - Bikaner (03),Urban,0-9,156890,82491,74399,156890,82491,74399,0,0,0,0,0,0,0,0,0,0,0,0,0,0,0
08,101,District - Bikaner (03),Urban,10-14,85760,45217,40543,84094,44613,39481,1594,573,1021,32,11,21,37,19,18,3,1,2,0,0,0
08,101,District - Bikaner (03),Urban,15-19,80085,42548,37537,69834,40231,29603,10102,2271,7831,80,24,56,57,22,35,12,0,12,0,0,0
08,101,District - Bikaner (03),Urban,20-24,79807,41766,38041,38058,26915,11143,41349,14719,26630,202,62,140,132,52,80,66,18,48,0,0,0
08,101,District - Bikaner (03),Urban,25-29,72427,38153,34274,11972,9566,2406,59789,28389,31400,398,113,285,167,49,118,101,36,65,0,0,0
08,101,District - Bikaner (03),Urban,30-34,61673,32384,29289,2978,2497,481,57663,29570,28093,708,192,516,195,77,118,129,48,81,0,0,0
08,101,District - Bikaner (03),Urban,35-39,54981,28737,26244,1113,928,185,52456,27474,24982,1122,236,886,189,63,126,101,36,65,0,0,0
08,101,District - Bikaner (03),Urban,40-44,46797,24522,22275,655,506,149,44372,23621,20751,1529,301,1228,140,54,86,101,40,61,0,0,0
08,101,District - Bikaner (03),Urban,45-49,40748,21148,19600,426,334,92,38134,20389,17745,2049,371,1678,92,35,57,47,19,28,0,0,0
08,101,District - Bikaner (03),Urban,50-54,33581,18131,15450,312,220,92,30612,17370,13242,2531,493,2038,81,29,52,45,19,26,0,0,0
08,101,District - Bikaner (03),Urban,55-59,24844,13220,11624,242,161,81,22080,12516,9564,2442,517,1925,55,18,37,25,8,17,0,0,0
08,101,District - Bikaner (03),Urban,60-64,20636,10576,10060,240,154,86,16631,9675,6956,3690,721,2969,57,20,37,18,6,12,0,0,0
08,101,District - Bikaner (03),Urban,65-69,13508,6714,6794,182,108,74,10010,5921,4089,3283,673,2610,24,11,13,9,1,8,0,0,0
08,101,District - Bikaner (03),Urban,70-74,10125,4936,5189,125,80,45,6322,4080,2242,3668,770,2898,6,5,1,4,1,3,0,0,0
08,101,District - Bikaner (03),Urban,75-79,5718,2727,2991,83,48,35,3165,2061,1104,2461,613,1848,7,4,3,2,1,1,0,0,0
08,101,District - Bikaner (03),Urban,80+,6547,2815,3732,358,212,146,2491,1685,806,3691,914,2777,6,4,2,1,0,1,0,0,0
08,101,District - Bikaner (03),Urban,Age not stated,6257,3282,2975,2655,1602,1053,3348,1619,1729,231,55,176,13,2,11,10,4,6,0,0,0
08,101,District - Bikaner (03),Urban,Less than 18,290273,152973,137300,285343,151502,133841,4773,1412,3361,81,26,55,66,32,34,10,1,9,0,0,0
08,101,District - Bikaner (03),Urban,Less than 21,342612,180495,162117,322601,175297,147304,19705,5095,14610,161,48,113,118,52,66,27,3,24,0,0,0
08,102,District - Churu (04),Total,All ages,2039547,1051446,988101,991929,563990,427939,972861,471330,501531,72097,14814,57283,1851,947,904,809,365,444,0,0,0
08,102,District - Churu (04),Total,0-9,460056,241795,218261,460056,241795,218261,0,0,0,0,0,0,0,0,0,0,0,0,0,0,0
08,102,District - Churu (04),Total,10-14,260114,136614,123500,254000,134418,119582,5959,2128,3831,76,29,47,70,36,34,9,3,6,0,0,0
08,102,District - Churu (04),Total,15-19,219978,120142,99836,180729,109587,71142,38894,10437,28457,215,66,149,111,49,62,29,3,26,0,0,0
08,102,District - Churu (04),Total,20-24,195969,104564,91405,66618,53530,13088,128454,50677,77777,559,206,353,224,102,122,114,49,65,0,0,0
08,102,District - Churu (04),Total,25-29,157076,80067,77009,13365,12100,1265,142189,67395,74794,1111,366,745,271,141,130,140,65,75,0,0,0
08,102,District - Churu (04),Total,30-34,139037,68443,70594,3666,3283,383,133209,64465,68744,1756,460,1296,267,162,105,139,73,66,0,0,0
08,102,District - Churu (04),Total,35-39,124209,61489,62720,1536,1343,193,119495,59292,60203,2791,653,2138,280,148,132,107,53,54,0,0,0
08,102,District - Churu (04),Total,40-44,106925,54355,52570,964,859,105,101931,52522,49409,3770,846,2924,169,83,86,91,45,46,0,0,0
08,102,District - Churu (04),Total,45-49,88554,44225,44329,630,549,81,83467,42635,40832,4266,948,3318,143,68,75,48,25,23,0,0,0
08,102,District - Churu (04),Total,50-54,72236,38423,33813,504,425,79,65665,36735,28930,5908,1191,4717,119,56,63,40,16,24,0,0,0
08,102,District - Churu (04),Total,55-59,52046,25483,26563,328,271,57,46266,23973,22293,5380,1203,4177,47,25,22,25,11,14,0,0,0
08,102,District - Churu (04),Total,60-64,49932,24397,25535,813,542,271,39486,22008,17478,9544,1805,7739,68,35,33,21,7,14,0,0,0
08,102,District - Churu (04),Total,65-69,36351,16882,19469,704,466,238,26801,14724,12077,8806,1675,7131,26,13,13,14,4,10,0,0,0
08,102,District - Churu (04),Total,70-74,29174,13230,15944,372,275,97,17514,11009,6505,11258,1930,9328,19,11,8,11,5,6,0,0,0
08,102,District - Churu (04),Total,75-79,15051,6651,8400,220,154,66,8419,5122,3297,6396,1368,5028,12,5,7,4,2,2,0,0,0
08,102,District - Churu (04),Total,80+,17386,6849,10537,692,443,249,7085,4469,2616,9588,1929,7659,13,6,7,8,2,6,0,0,0
08,102,District - Churu (04),Total,Age not stated,15453,7837,7616,6732,3950,2782,8027,3739,4288,673,139,534,12,7,5,9,2,7,0,0,0
08,102,District - Churu (04),Total,Less than 18,853948,451376,402572,834646,445343,389303,18962,5903,13059,194,62,132,125,63,62,21,5,16,0,0,0
08,102,District - Churu (04),Total,Less than 21,994364,527590,466774,921020,505880,415140,72619,21438,51181,425,146,279,228,107,121,72,19,53,0,0,0
08,102,District - Churu (04),Rural,All ages,1463312,755028,708284,711415,406067,305348,697994,337190,360804,52335,10909,41426,1170,647,523,398,215,183,0,0,0
08,102,District - Churu (04),Rural,0-9,338014,177702,160312,338014,177702,160312,0,0,0,0,0,0,0,0,0,0,0,0,0,0,0
08,102,District - Churu (04),Rural,10-14,190435,100262,90173,185710,98544,87166,4617,1669,2948,50,18,32,51,28,23,7,3,4,0,0,0
08,102,District - Churu (04),Rural,15-19,156247,86543,69704,125569,78002,47567,30424,8459,21965,153,46,107,83,33,50,18,3,15,0,0,0
08,102,District - Churu (04),Rural,20-24,136524,73264,63260,42001,35288,6713,93887,37707,56180,417,157,260,154,78,76,65,34,31,0,0,0
08,102,District - Churu (04),Rural,25-29,110739,56167,54572,8125,7654,471,101564,48096,53468,827,286,541,157,95,62,66,36,30,0,0,0
08,102,District - Churu (04),Rural,30-34,99727,49022,50705,2377,2184,193,95793,46337,49456,1344,353,991,151,106,45,62,42,20,0,0,0
08,102,District - Churu (04),Rural,35-39,88127,43591,44536,1002,905,97,84809,42044,42765,2096,509,1587,168,101,67,52,32,20,0,0,0
08,102,District - Churu (04),Rural,40-44,75632,38453,37179,673,608,65,72064,37092,34972,2745,669,2076,107,56,51,43,28,15,0,0,0
08,102,District - Churu (04),Rural,45-49,61661,30607,31054,439,392,47,58145,29447,28698,2965,711,2254,88,42,46,24,15,9,0,0,0
08,102,District - Churu (04),Rural,50-54,50479,26776,23703,369,321,48,45806,25508,20298,4210,901,3309,77,37,40,17,9,8,0,0,0
08,102,District - Churu (04),Rural,55-59,36543,17536,19007,231,195,36,32535,16463,16072,3737,857,2880,27,16,11,13,5,8,0,0,0
08,102,District - Churu (04),Rural,60-64,36364,17695,18669,614,409,205,28739,15950,12789,6953,1306,5647,49,27,22,9,3,6,0,0,0
08,102,District - Churu (04),Rural,65-69,26615,12278,14337,557,378,179,19584,10672,8912,6449,1219,5230,18,8,10,7,1,6,0,0,0
08,102,District - Churu (04),Rural,70-74,21500,9704,11796,279,213,66,12919,8056,4863,8283,1427,6856,14,6,8,5,2,3,0,0,0
08,102,District - Churu (04),Rural,75-79,11145,4873,6272,143,112,31,6248,3746,2502,4744,1010,3734,8,4,4,2,1,1,0,0,0
08,102,District - Churu (04),Rural,80+,12449,4897,7552,432,295,137,5129,3262,1867,6874,1335,5539,9,5,4,5,0,5,0,0,0
08,102,District - Churu (04),Rural,Age not stated,11111,5658,5453,4880,2865,2015,5731,2682,3049,488,105,383,9,5,4,3,1,2,0,0,0
08,102,District - Churu (04),Rural,Less than 18,624196,330950,293246,608807,326105,282702,15150,4757,10393,136,41,95,87,42,45,16,5,11,0,0,0
08,102,District - Churu (04),Rural,Less than 21,722993,385301,337692,666614,368048,298566,55865,17058,38807,303,103,200,166,78,88,45,14,31,0,0,0
08,102,District - Churu (04),Urban,All ages,576235,296418,279817,280514,157923,122591,274867,134140,140727,19762,3905,15857,681,300,381,411,150,261,0,0,0
08,102,District - Churu (04),Urban,0-9,122042,64093,57949,122042,64093,57949,0,0,0,0,0,0,0,0,0,0,0,0,0,0,0
08,102,District - Churu (04),Urban,10-14,69679,36352,33327,68290,35874,32416,1342,459,883,26,11,15,19,8,11,2,0,2,0,0,0
08,102,District - Churu (04),Urban,15-19,63731,33599,30132,55160,31585,23575,8470,1978,6492,62,20,42,28,16,12,11,0,11,0,0,0
08,102,District - Churu (04),Urban,20-24,59445,31300,28145,24617,18242,6375,34567,12970,21597,142,49,93,70,24,46,49,15,34,0,0,0
08,102,District - Churu (04),Urban,25-29,46337,23900,22437,5240,4446,794,40625,19299,21326,284,80,204,114,46,68,74,29,45,0,0,0
08,102,District - Churu (04),Urban,30-34,39310,19421,19889,1289,1099,190,37416,18128,19288,412,107,305,116,56,60,77,31,46,0,0,0
08,102,District - Churu (04),Urban,35-39,36082,17898,18184,534,438,96,34686,17248,17438,695,144,551,112,47,65,55,21,34,0,0,0
08,102,District - Churu (04),Urban,40-44,31293,15902,15391,291,251,40,29867,15430,14437,1025,177,848,62,27,35,48,17,31,0,0,0
08,102,District - Churu (04),Urban,45-49,26893,13618,13275,191,157,34,25322,13188,12134,1301,237,1064,55,26,29,24,10,14,0,0,0
08,102,District - Churu (04),Urban,50-54,21757,11647,10110,135,104,31,19859,11227,8632,1698,290,1408,42,19,23,23,7,16,0,0,0
08,102,District - Churu (04),Urban,55-59,15503,7947,7556,97,76,21,13731,7510,6221,1643,346,1297,20,9,11,12,6,6,0,0,0
08,102,District - Churu (04),Urban,60-64,13568,6702,6866,199,133,66,10747,6058,4689,2591,499,2092,19,8,11,12,4,8,0,0,0
08,102,District - Churu (04),Urban,65-69,9736,4604,5132,147,88,59,7217,4052,3165,2357,456,1901,8,5,3,7,3,4,0,0,0
08,102,District - Churu (04),Urban,70-74,7674,3526,4148,93,62,31,4595,2953,1642,2975,503,2472,5,5,0,6,3,3,0,0,0
08,102,District - Churu (04),Urban,75-79,3906,1778,2128,77,42,35,2171,1376,795,1652,358,1294,4,1,3,2,1,1,0,0,0
08,102,District - Churu (04),Urban,80+,4937,1952,2985,260,148,112,1956,1207,749,2714,594,2120,4,1,3,3,2,1,0,0,0
08,102,District - Churu (04),Urban,Age not stated,4342,2179,2163,1852,1085,767,2296,1057,1239,185,34,151,3,2,1,6,1,5,0,0,0
08,102,District - Churu (04),Urban,Less than 18,229752,120426,109326,225839,119238,106601,3812,1146,2666,58,21,37,38,21,17,5,0,5,0,0,0
08,102,District - Churu (04),Urban,Less than 21,271371,142289,129082,254406,137832,116574,16754,4380,12374,122,43,79,62,29,33,27,5,22,0,0,0
08,103,District - Jhunjhunun (05),Total,All ages,2137045,1095896,1041149,1025252,598679,426573,1021055,478819,542236,88344,17131,71213,1657,926,731,737,341,396,0,0,0
08,103,District - Jhunjhunun (05),Total,0-9,420112,228246,191866,420112,228246,191866,0,0,0,0,0,0,0,0,0,0,0,0,0,0,0
08,103,District - Jhunjhunun (05),Total,10-14,255050,136876,118174,250455,135348,115107,4360,1423,2937,159,68,91,68,35,33,8,2,6,0,0,0
08,103,District - Jhunjhunun (05),Total,15-19,246559,134248,112311,216751,127352,89399,29453,6759,22694,245,86,159,98,48,50,12,3,9,0,0,0
08,103,District - Jhunjhunun (05),Total,20-24,213012,112035,100977,97170,72781,24389,114871,38957,75914,701,166,535,189,103,86,81,28,53,0,0,0
08,103,District - Jhunjhunun (05),Total,25-29,164047,81439,82608,21202,19050,2152,141170,61920,79250,1276,250,1026,261,150,111,138,69,69,0,0,0
08,103,District - Jhunjhunun (05),Total,30-34,142492,68383,74109,5086,4722,364,134935,63017,71918,2115,444,1671,240,144,96,116,56,60,0,0,0
08,103,District - Jhunjhunun (05),Total,35-39,132107,62659,69448,2125,1969,156,126429,59913,66516,3223,599,2624,224,123,101,106,55,51,0,0,0
08,103,District - Jhunjhunun (05),Total,40-44,118456,57419,61037,1381,1276,105,112193,55097,57096,4593,884,3709,189,111,78,100,51,49,0,0,0
08,103,District - Jhunjhunun (05),Total,45-49,101069,48604,52465,955,879,76,94478,46604,47874,5459,1033,4426,130,64,66,47,24,23,0,0,0
08,103,District - Jhunjhunun (05),Total,50-54,86268,44919,41349,796,733,63,77931,42671,35260,7419,1448,5971,83,48,35,39,19,20,0,0,0
08,103,District - Jhunjhunun (05),Total,55-59,64694,31256,33438,600,552,48,57017,29356,27661,7007,1307,5700,47,29,18,23,12,11,0,0,0
08,103,District - Jhunjhunun (05),Total,60-64,60679,29892,30787,837,670,167,48072,27099,20973,11694,2086,9608,53,27,26,23,10,13,0,0,0
08,103,District - Jhunjhunun (05),Total,65-69,42548,20003,22545,739,569,170,31742,17428,14314,10027,1984,8043,30,16,14,10,6,4,0,0,0
08,103,District - Jhunjhunun (05),Total,70-74,36086,16407,19679,413,368,45,22014,13630,8384,13624,2394,11230,18,12,6,17,3,14,0,0,0
08,103,District - Jhunjhunun (05),Total,75-79,17953,7918,10035,216,192,24,10341,6109,4232,7385,1611,5774,7,5,2,4,1,3,0,0,0
08,103,District - Jhunjhunun (05),Total,80+,21898,8597,13301,554,414,140,8602,5537,3065,12725,2639,10086,8,5,3,9,2,7,0,0,0
08,103,District - Jhunjhunun (05),Total,Age not stated,14015,6995,7020,5860,3558,2302,7447,3299,4148,692,132,560,12,6,6,4,0,4,0,0,0
08,103,District - Jhunjhunun (05),Total,Less than 18,826168,447352,378816,810675,443139,367536,15066,4038,11028,302,116,186,113,57,56,12,2,10,0,0,0
08,103,District - Jhunjhunun (05),Total,Less than 21,980053,530018,450035,922129,515424,406705,57138,14296,42842,539,180,359,207,107,100,40,11,29,0,0,0
08,103,District - Jhunjhunun (05),Rural,All ages,1647966,842718,805248,782123,458623,323500,792578,369390,423188,71728,13798,57930,1109,679,430,428,228,200,0,0,0
08,103,District - Jhunjhunun (05),Rural,0-9,323580,176287,147293,323580,176287,147293,0,0,0,0,0,0,0,0,0,0,0,0,0,0,0
08,103,District - Jhunjhunun (05),Rural,10-14,196498,105370,91128,192821,104197,88624,3475,1079,2396,143,64,79,53,28,25,6,2,4,0,0,0
08,103,District - Jhunjhunun (05),Rural,15-19,189036,102975,86061,164510,97214,67296,24236,5643,18593,212,80,132,70,37,33,8,1,7,0,0,0
08,103,District - Jhunjhunun (05),Rural,20-24,161448,84870,76578,70294,53912,16382,90368,30719,59649,599,139,460,130,79,51,57,21,36,0,0,0
08,103,District - Jhunjhunun (05),Rural,25-29,124696,61442,63254,15200,14065,1135,108184,47023,61161,1070,197,873,164,109,55,78,48,30,0,0,0
08,103,District - Jhunjhunun (05),Rural,30-34,108989,52027,56962,3850,3657,193,103173,47866,55307,1757,371,1386,146,92,54,63,41,22,0,0,0
08,103,District - Jhunjhunun (05),Rural,35-39,101106,47749,53357,1679,1589,90,96615,45561,51054,2625,474,2151,138,90,48,49,35,14,0,0,0
08,103,District - Jhunjhunun (05),Rural,40-44,91286,44027,47259,1140,1080,60,86230,42100,44130,3732,739,2993,133,80,53,51,28,23,0,0,0
08,103,District - Jhunjhunun (05),Rural,45-49,77898,37185,40713,787,738,49,72582,35560,37022,4415,825,3590,82,45,37,32,17,15,0,0,0
08,103,District - Jhunjhunun (05),Rural,50-54,67152,34777,32375,667,626,41,60403,32943,27460,6007,1161,4846,57,36,21,18,11,7,0,0,0
08,103,District - Jhunjhunun (05),Rural,55-59,50205,23988,26217,523,488,35,44042,22418,21624,5587,1048,4539,40,27,13,13,7,6,0,0,0
08,103,District - Jhunjhunun (05),Rural,60-64,48414,23595,24819,700,575,125,38190,21319,16871,9468,1674,7794,39,20,19,17,7,10,0,0,0
08,103,District - Jhunjhunun (05),Rural,65-69,34327,16097,18230,595,479,116,25619,14010,11609,8084,1593,6491,21,11,10,8,4,4,0,0,0
08,103,District - Jhunjhunun (05),Rural,70-74,29308,13259,16049,362,333,29,17943,11011,6932,10973,1901,9072,16,11,5,14,3,11,0,0,0
08,103,District - Jhunjhunun (05),Rural,75-79,14717,6444,8273,188,169,19,8547,4991,3556,5973,1278,4695,5,5,0,4,1,3,0,0,0
08,103,District - Jhunjhunun (05),Rural,80+,18147,7110,11037,450,340,110,7172,4612,2560,10510,2152,8358,7,4,3,8,2,6,0,0,0
08,103,District - Jhunjhunun (05),Rural,Age not stated,11159,5516,5643,4777,2874,1903,5799,2535,3264,573,102,471,8,5,3,2,0,2,0,0,0
08,103,District - Jhunjhunun (05),Rural,Less than 18,636525,345055,291470,623639,341624,282015,12520,3273,9247,270,110,160,87,46,41,9,2,7,0,0,0
08,103,District - Jhunjhunun (05),Rural,Less than 21,753194,407737,345457,706341,395852,310489,46200,11630,34570,469,166,303,156,82,74,28,7,21,0,0,0
08,103,District - Jhunjhunun (05),Urban,All ages,489079,253178,235901,243129,140056,103073,228477,109429,119048,16616,3333,13283,548,247,301,309,113,196,0,0,0
08,103,District - Jhunjhunun (05),Urban,0-9,96532,51959,44573,96532,51959,44573,0,0,0,0,0,0,0,0,0,0,0,0,0,0,0
08,103,District - Jhunjhunun (05),Urban,10-14,58552,31506,27046,57634,31151,26483,885,344,541,16,4,12,15,7,8,2,0,2,0,0,0
08,103,District - Jhunjhunun (05),Urban,15-19,57523,31273,26250,52241,30138,22103,5217,1116,4101,33,6,27,28,11,17,4,2,2,0,0,0
08,103,District - Jhunjhunun (05),Urban,20-24,51564,27165,24399,26876,18869,8007,24503,8238,16265,102,27,75,59,24,35,24,7,17,0,0,0
08,103,District - Jhunjhunun (05),Urban,25-29,39351,19997,19354,6002,4985,1017,32986,14897,18089,206,53,153,97,41,56,60,21,39,0,0,0
08,103,District - Jhunjhunun (05),Urban,30-34,33503,16356,17147,1236,1065,171,31762,15151,16611,358,73,285,94,52,42,53,15,38,0,0,0
08,103,District - Jhunjhunun (05),Urban,35-39,31001,14910,16091,446,380,66,29814,14352,15462,598,125,473,86,33,53,57,20,37,0,0,0
08,103,District - Jhunjhunun (05),Urban,40-44,27170,13392,13778,241,196,45,25963,12997,12966,861,145,716,56,31,25,49,23,26,0,0,0
08,103,District - Jhunjhunun (05),Urban,45-49,23171,11419,11752,168,141,27,21896,11044,10852,1044,208,836,48,19,29,15,7,8,0,0,0
08,103,District - Jhunjhunun (05),Urban,50-54,19116,10142,8974,129,107,22,17528,9728,7800,1412,287,1125,26,12,14,21,8,13,0,0,0
08,103,District - Jhunjhunun (05),Urban,55-59,14489,7268,7221,77,64,13,12975,6938,6037,1420,259,1161,7,2,5,10,5,5,0,0,0
08,103,District - Jhunjhunun (05),Urban,60-64,12265,6297,5968,137,95,42,9882,5780,4102,2226,412,1814,14,7,7,6,3,3,0,0,0
08,103,District - Jhunjhunun (05),Urban,65-69,8221,3906,4315,144,90,54,6123,3418,2705,1943,391,1552,9,5,4,2,2,0,0,0,0
08,103,District - Jhunjhunun (05),Urban,70-74,6778,3148,3630,51,35,16,4071,2619,1452,2651,493,2158,2,1,1,3,0,3,0,0,0
08,103,District - Jhunjhunun (05),Urban,75-79,3236,1474,1762,28,23,5,1794,1118,676,1412,333,1079,2,0,2,0,0,0,0,0,0
08,103,District - Jhunjhunun (05),Urban,80+,3751,1487,2264,104,74,30,1430,925,505,2215,487,1728,1,1,0,1,0,1,0,0,0
08,103,District - Jhunjhunun (05),Urban,Age not stated,2856,1479,1377,1083,684,399,1648,764,884,119,30,89,4,1,3,2,0,2,0,0,0
08,103,District - Jhunjhunun (05),Urban,Less than 18,189643,102297,87346,187036,101515,85521,2546,765,1781,32,6,26,26,11,15,3,0,3,0,0,0
08,103,District - Jhunjhunun (05),Urban,Less than 21,226859,122281,104578,215788,119572,96216,10938,2666,8272,70,14,56,51,25,26,12,4,8,0,0,0
08,104,District - Alwar (06),Total,All ages,3674179,1939026,1735153,1780701,1024029,756672,1759858,875091,884767,129013,37487,91526,3401,1777,1624,1206,642,564,0,0,0
08,104,District - Alwar (06),Total,0-9,841491,451479,390012,841491,451479,390012,0,0,0,0,0,0,0,0,0,0,0,0,0,0,0
08,104,District - Alwar (06),Total,10-14,454991,244032,210959,442237,239291,202946,12491,4616,7875,156,68,88,98,50,48,9,7,2,0,0,0
08,104,District - Alwar (06),Total,15-19,402634,218083,184551,318189,191087,127102,83880,26743,57137,375,162,213,158,80,78,32,11,21,0,0,0
08,104,District - Alwar (06),Total,20-24,354971,189076,165895,118020,89357,28663,235178,98942,136236,1226,494,732,423,211,212,124,72,52,0,0,0
08,104,District - Alwar (06),Total,25-29,292634,154320,138314,31366,27203,4163,258195,125891,132304,2326,831,1495,539,275,264,208,120,88,0,0,0
08,104,District - Alwar (06),Total,30-34,253623,129330,124293,9366,8476,890,239855,119324,120531,3749,1170,2579,444,240,204,209,120,89,0,0,0
08,104,District - Alwar (06),Total,35-39,229906,118978,110928,4630,4211,419,218908,112779,106129,5707,1615,4092,469,261,208,192,112,80,0,0,0
08,104,District - Alwar (06),Total,40-44,194280,101300,92980,3020,2762,258,183114,96175,86939,7645,2089,5556,355,188,167,146,86,60,0,0,0
08,104,District - Alwar (06),Total,45-49,158191,82222,75969,2024,1865,159,146993,77735,69258,8797,2430,6367,286,154,132,91,38,53,0,0,0
08,104,District - Alwar (06),Total,50-54,125347,67483,57864,1639,1496,143,112663,62899,49764,10774,2955,7819,216,110,106,55,23,32,0,0,0
08,104,District - Alwar (06),Total,55-59,94372,47213,47159,1268,1136,132,82988,43069,39919,9973,2940,7033,100,49,51,43,19,24,0,0,0
08,104,District - Alwar (06),Total,60-64,91285,46222,45063,1942,1503,439,72569,40351,32218,16618,4297,12321,123,57,66,33,14,19,0,0,0
08,104,District - Alwar (06),Total,65-69,64563,30966,33597,1699,1265,434,48138,25757,22381,14638,3900,10738,66,39,27,22,5,17,0,0,0
08,104,District - Alwar (06),Total,70-74,53551,27450,26101,1031,863,168,33618,21360,12258,18820,5195,13625,66,27,39,16,5,11,0,0,0
08,104,District - Alwar (06),Total,75-79,26717,12982,13735,516,443,73,15996,9345,6651,10178,3180,6998,18,11,7,9,3,6,0,0,0
08,104,District - Alwar (06),Total,80+,34302,17079,17223,1401,1011,390,14878,9903,4975,17973,6139,11834,34,20,14,16,6,10,0,0,0
08,104,District - Alwar (06),Total,Age not stated,1321,811,510,862,581,281,394,202,192,58,22,36,6,5,1,1,1,0,0,0,0
08,104,District - Alwar (06),Total,Less than 18,1539744,828389,711355,1497786,813822,683964,41410,14321,27089,354,145,209,174,88,86,20,13,7,0,0,0
08,104,District - Alwar (06),Total,Less than 21,1795108,964958,830150,1645848,914028,731820,148050,50378,97672,784,337,447,360,183,177,66,32,34,0,0,0
08,104,District - Alwar (06),Rural,All ages,3019728,1589508,1430220,1474160,845055,629105,1435449,710716,724733,106803,31888,74915,2563,1422,1141,753,427,326,0,0,0
08,104,District - Alwar (06),Rural,0-9,717763,384054,333709,717763,384054,333709,0,0,0,0,0,0,0,0,0,0,0,0,0,0,0
08,104,District - Alwar (06),Rural,10-14,385406,205869,179537,373933,201640,172293,11255,4121,7134,133,57,76,78,46,32,7,5,2,0,0,0
08,104,District - Alwar (06),Rural,15-19,334527,180542,153985,257823,155746,102077,76221,24582,51639,332,144,188,126,62,64,25,8,17,0,0,0
08,104,District - Alwar (06),Rural,20-24,286857,152937,133920,82126,65361,16765,203216,86889,116327,1071,446,625,348,180,168,96,61,35,0,0,0
08,104,District - Alwar (06),Rural,25-29,232887,122635,110252,19388,17749,1639,210981,103847,107134,1987,736,1251,395,216,179,136,87,49,0,0,0
08,104,District - Alwar (06),Rural,30-34,202332,102737,99595,6598,6099,499,192174,95380,96794,3131,993,2138,311,189,122,118,76,42,0,0,0
08,104,District - Alwar (06),Rural,35-39,181869,93943,87926,3496,3236,260,173259,89077,84182,4665,1354,3311,339,202,137,110,74,36,0,0,0
08,104,District - Alwar (06),Rural,40-44,152966,79306,73660,2409,2241,168,144042,75103,68939,6174,1768,4406,260,146,114,81,48,33,0,0,0
08,104,District - Alwar (06),Rural,45-49,124301,64105,60196,1681,1585,96,115336,60346,54990,7026,2040,4986,208,116,92,50,18,32,0,0,0
08,104,District - Alwar (06),Rural,50-54,98885,53144,45741,1415,1329,86,88537,49231,39306,8738,2480,6258,160,87,73,35,17,18,0,0,0
08,104,District - Alwar (06),Rural,55-59,74921,37038,37883,1091,1005,86,65816,33561,32255,7912,2422,5490,77,40,37,25,10,15,0,0,0
08,104,District - Alwar (06),Rural,60-64,75124,37889,37235,1729,1361,368,59425,32804,26621,13853,3666,10187,99,51,48,18,7,11,0,0,0
08,104,District - Alwar (06),Rural,65-69,53797,25635,28162,1520,1150,370,40067,21165,18902,12136,3281,8855,58,35,23,16,4,12,0,0,0
08,104,District - Alwar (06),Rural,70-74,45373,23363,22010,935,797,138,28401,18049,10352,15965,4490,11475,59,24,35,13,3,10,0,0,0
08,104,District - Alwar (06),Rural,75-79,22432,10910,11522,449,397,52,13533,7819,5714,8429,2683,5746,14,8,6,7,3,4,0,0,0
08,104,District - Alwar (06),Rural,80+,29309,14785,14524,1161,876,285,12895,8580,4315,15212,5308,9904,26,16,10,15,5,10,0,0,0
08,104,District - Alwar (06),Rural,Age not stated,979,616,363,643,429,214,291,162,129,39,20,19,5,4,1,1,1,0,0,0,0
08,104,District - Alwar (06),Rural,Less than 18,1306472,700629,605843,1268168,687308,580860,37843,13113,24730,307,124,183,138,74,64,16,10,6,0,0,0
08,104,District - Alwar (06),Rural,Less than 21,1516842,812869,703973,1382627,766538,616089,133181,45853,87328,693,300,393,288,153,135,53,25,28,0,0,0
08,104,District - Alwar (06),Urban,All ages,654451,349518,304933,306541,178974,127567,324409,164375,160034,22210,5599,16611,838,355,483,453,215,238,0,0,0
08,104,District - Alwar (06),Urban,0-9,123728,67425,56303,123728,67425,56303,0,0,0,0,0,0,0,0,0,0,0,0,0,0,0
08,104,District - Alwar (06),Urban,10-14,69585,38163,31422,68304,37651,30653,1236,495,741,23,11,12,20,4,16,2,2,0,0,0,0
08,104,District - Alwar (06),Urban,15-19,68107,37541,30566,60366,35341,25025,7659,2161,5498,43,18,25,32,18,14,7,3,4,0,0,0
08,104,District - Alwar (06),Urban,20-24,68114,36139,31975,35894,23996,11898,31962,12053,19909,155,48,107,75,31,44,28,11,17,0,0,0
08,104,District - Alwar (06),Urban,25-29,59747,31685,28062,11978,9454,2524,47214,22044,25170,339,95,244,144,59,85,72,33,39,0,0,0
08,104,District - Alwar (06),Urban,30-34,51291,26593,24698,2768,2377,391,47681,23944,23737,618,177,441,133,51,82,91,44,47,0,0,0
08,104,District - Alwar (06),Urban,35-39,48037,25035,23002,1134,975,159,45649,23702,21947,1042,261,781,130,59,71,82,38,44,0,0,0
08,104,District - Alwar (06),Urban,40-44,41314,21994,19320,611,521,90,39072,21072,18000,1471,321,1150,95,42,53,65,38,27,0,0,0
08,104,District - Alwar (06),Urban,45-49,33890,18117,15773,343,280,63,31657,17389,14268,1771,390,1381,78,38,40,41,20,21,0,0,0
08,104,District - Alwar (06),Urban,50-54,26462,14339,12123,224,167,57,24126,13668,10458,2036,475,1561,56,23,33,20,6,14,0,0,0
08,104,District - Alwar (06),Urban,55-59,19451,10175,9276,177,131,46,17172,9508,7664,2061,518,1543,23,9,14,18,9,9,0,0,0
08,104,District - Alwar (06),Urban,60-64,16161,8333,7828,213,142,71,13144,7547,5597,2765,631,2134,24,6,18,15,7,8,0,0,0
08,104,District - Alwar (06),Urban,65-69,10766,5331,5435,179,115,64,8071,4592,3479,2502,619,1883,8,4,4,6,1,5,0,0,0
08,104,District - Alwar (06),Urban,70-74,8178,4087,4091,96,66,30,5217,3311,1906,2855,705,2150,7,3,4,3,2,1,0,0,0
08,104,District - Alwar (06),Urban,75-79,4285,2072,2213,67,46,21,2463,1526,937,1749,497,1252,4,3,1,2,0,2,0,0,0
08,104,District - Alwar (06),Urban,80+,4993,2294,2699,240,135,105,1983,1323,660,2761,831,1930,8,4,4,1,1,0,0,0,0
08,104,District - Alwar (06),Urban,Age not stated,342,195,147,219,152,67,103,40,63,19,2,17,1,1,0,0,0,0,0,0,0
08,104,District - Alwar (06),Urban,Less than 18,233272,127760,105512,229618,126514,103104,3567,1208,2359,47,21,26,36,14,22,4,3,1,0,0,0
08,104,District - Alwar (06),Urban,Less than 21,278266,152089,126177,263221,147490,115731,14869,4525,10344,91,37,54,72,30,42,13,7,6,0,0,0
08,105,District - Bharatpur (07),Total,All ages,2548462,1355726,1192736,1316610,761246,555364,1140475,565138,575337,88205,27773,60432,2441,1239,1202,731,330,401,0,0,0
08,105,District - Bharatpur (07),Total,0-9,619664,331310,288354,619664,331310,288354,0,0,0,0,0,0,0,0,0,0,0,0,0,0,0
08,105,District - Bharatpur (07),Total,10-14,329522,178213,151309,321767,175074,146693,7541,3026,4515,107,56,51,97,53,44,10,4,6,0,0,0
08,105,District - Bharatpur (07),Total,15-19,283999,156802,127197,234103,141582,92521,49405,15016,34389,320,122,198,146,72,74,25,10,15,0,0,0
08,105,District - Bharatpur (07),Total,20-24,239516,130353,109163,86591,66490,20101,151679,63334,88345,898,371,527,261,110,151,87,48,39,0,0,0
08,105,District - Bharatpur (07),Total,25-29,186814,99660,87154,23257,20724,2533,161452,78053,83399,1603,635,968,384,194,190,118,54,64,0,0,0
08,105,District - Bharatpur (07),Total,30-34,162300,83223,79077,7973,7428,545,151381,74645,76736,2494,912,1582,331,171,160,121,67,54,0,0,0
08,105,District - Bharatpur (07),Total,35-39,150786,78235,72551,4428,4151,277,142191,72594,69597,3764,1295,2469,302,153,149,101,42,59,0,0,0
08,105,District - Bharatpur (07),Total,40-44,128273,67685,60588,2789,2631,158,120028,63195,56833,5098,1669,3429,274,149,125,84,41,43,0,0,0
08,105,District - Bharatpur (07),Total,45-49,105003,54581,50422,1789,1674,115,96874,50855,46019,6099,1927,4172,176,95,81,65,30,35,0,0,0
08,105,District - Bharatpur (07),Total,50-54,84531,45531,39000,1404,1300,104,75519,41897,33622,7442,2260,5182,135,66,69,31,8,23,0,0,0
08,105,District - Bharatpur (07),Total,55-59,65482,33065,32417,993,904,89,57212,29819,27393,7138,2281,4857,110,53,57,29,8,21,0,0,0
08,105,District - Bharatpur (07),Total,60-64,62071,31373,30698,1313,1075,238,48745,26970,21775,11916,3287,8629,77,36,41,20,5,15,0,0,0
08,105,District - Bharatpur (07),Total,65-69,44262,21594,22668,1135,883,252,32473,17681,14792,10578,2991,7587,63,37,26,13,2,11,0,0,0
08,105,District - Bharatpur (07),Total,70-74,35179,18053,17126,801,677,124,21310,13629,7681,13019,3723,9296,31,17,14,18,7,11,0,0,0
08,105,District - Bharatpur (07),Total,75-79,16864,8289,8575,376,319,57,9876,5730,4146,6588,2226,4362,21,14,7,3,0,3,0,0,0
08,105,District - Bharatpur (07),Total,80+,20738,10645,10093,1232,857,375,8834,5900,2934,10652,3874,6778,16,11,5,4,3,1,0,0,0
08,105,District - Bharatpur (07),Total,Age not stated,13458,7114,6344,6995,4167,2828,5955,2794,3161,489,144,345,17,8,9,2,1,1,0,0,0
08,105,District - Bharatpur (07),Total,Less than 18,1119991,604756,515235,1096831,596393,500438,22710,8151,14559,270,117,153,162,87,75,18,8,10,0,0,0
08,105,District - Bharatpur (07),Total,Less than 21,1302524,703760,598764,1209434,672895,536539,92094,30434,61660,643,263,380,304,147,157,49,21,28,0,0,0
08,105,District - Bharatpur (07),Rural,All ages,2053363,1093357,960006,1070235,618441,451794,911147,450998,460149,69751,22771,46980,1793,933,860,437,214,223,0,0,0
08,105,District - Bharatpur (07),Rural,0-9,521183,277807,243376,521183,277807,243376,0,0,0,0,0,0,0,0,0,0,0,0,0,0,0
08,105,District - Bharatpur (07),Rural,10-14,271247,146594,124653,264714,143990,120724,6361,2511,3850,90,50,40,75,40,35,7,3,4,0,0,0
08,105,District - Bharatpur (07),Rural,15-19,226674,125683,100991,183001,112214,70787,43294,13308,29986,250,94,156,113,58,55,16,9,7,0,0,0
08,105,District - Bharatpur (07),Rural,20-24,189364,103699,85665,60450,48823,11627,127903,54433,73470,745,309,436,202,94,108,64,40,24,0,0,0
08,105,District - Bharatpur (07),Rural,25-29,146901,78531,68370,15247,14184,1063,130020,63624,66396,1296,540,756,265,143,122,73,40,33,0,0,0
08,105,District - Bharatpur (07),Rural,30-34,127758,65548,62210,5817,5502,315,119711,59138,60573,1943,746,1197,226,124,102,61,38,23,0,0,0
08,105,District - Bharatpur (07),Rural,35-39,118422,61555,56867,3491,3307,184,111770,57063,54707,2900,1053,1847,211,110,101,50,22,28,0,0,0
08,105,District - Bharatpur (07),Rural,40-44,99800,52897,46903,2278,2173,105,93345,49225,44120,3933,1368,2565,197,108,89,47,23,24,0,0,0
08,105,District - Bharatpur (07),Rural,45-49,80468,41887,38581,1479,1408,71,74239,38848,35391,4599,1549,3050,120,67,53,31,15,16,0,0,0
08,105,District - Bharatpur (07),Rural,50-54,64781,34888,29893,1200,1129,71,57705,31873,25832,5741,1826,3915,116,55,61,19,5,14,0,0,0
08,105,District - Bharatpur (07),Rural,55-59,50561,25297,25264,867,807,60,44166,22640,21526,5434,1810,3624,76,35,41,18,5,13,0,0,0
08,105,District - Bharatpur (07),Rural,60-64,49661,25020,24641,1147,957,190,38771,21309,17462,9661,2721,6940,65,28,37,17,5,12,0,0,0
08,105,District - Bharatpur (07),Rural,65-69,35575,17367,18208,987,782,205,26051,14081,11970,8472,2473,5999,52,29,23,13,2,11,0,0,0
08,105,District - Bharatpur (07),Rural,70-74,28426,14732,13694,700,604,96,17210,11022,6188,10475,3087,7388,27,14,13,14,5,9,0,0,0
08,105,District - Bharatpur (07),Rural,75-79,13563,6640,6923,316,276,40,8030,4570,3460,5197,1783,3414,17,11,6,3,0,3,0,0,0
08,105,District - Bharatpur (07),Rural,80+,16776,8778,7998,932,668,264,7258,4871,2387,8568,3227,5341,15,10,5,3,2,1,0,0,0
08,105,District - Bharatpur (07),Rural,Age not stated,12203,6434,5769,6426,3810,2616,5313,2482,2831,447,135,312,16,7,9,1,0,1,0,0,0
08,105,District - Bharatpur (07),Rural,Less than 18,929000,500906,428094,908996,493727,415269,19658,7011,12647,213,97,116,120,64,56,13,7,6,0,0,0
08,105,District - Bharatpur (07),Rural,Less than 21,1074934,580479,494455,994227,553379,440848,79922,26751,53171,514,212,302,237,119,118,34,18,16,0,0,0
08,105,District - Bharatpur (07),Urban,All ages,495099,262369,232730,246375,142805,103570,229328,114140,115188,18454,5002,13452,648,306,342,294,116,178,0,0,0
08,105,District - Bharatpur (07),Urban,0-9,98481,53503,44978,98481,53503,44978,0,0,0,0,0,0,0,0,0,0,0,0,0,0,0
08,105,District - Bharatpur (07),Urban,10-14,58275,31619,26656,57053,31084,25969,1180,515,665,17,6,11,22,13,9,3,1,2,0,0,0
08,105,District - Bharatpur (07),Urban,15-19,57325,31119,26206,51102,29368,21734,6111,1708,4403,70,28,42,33,14,19,9,1,8,0,0,0
08,105,District - Bharatpur (07),Urban,20-24,50152,26654,23498,26141,17667,8474,23776,8901,14875,153,62,91,59,16,43,23,8,15,0,0,0
08,105,District - Bharatpur (07),Urban,25-29,39913,21129,18784,8010,6540,1470,31432,14429,17003,307,95,212,119,51,68,45,14,31,0,0,0
08,105,District - Bharatpur (07),Urban,30-34,34542,17675,16867,2156,1926,230,31670,15507,16163,551,166,385,105,47,58,60,29,31,0,0,0
08,105,District - Bharatpur (07),Urban,35-39,32364,16680,15684,937,844,93,30421,15531,14890,864,242,622,91,43,48,51,20,31,0,0,0
08,105,District - Bharatpur (07),Urban,40-44,28473,14788,13685,511,458,53,26683,13970,12713,1165,301,864,77,41,36,37,18,19,0,0,0
08,105,District - Bharatpur (07),Urban,45-49,24535,12694,11841,310,266,44,22635,12007,10628,1500,378,1122,56,28,28,34,15,19,0,0,0
08,105,District - Bharatpur (07),Urban,50-54,19750,10643,9107,204,171,33,17814,10024,7790,1701,434,1267,19,11,8,12,3,9,0,0,0
08,105,District - Bharatpur (07),Urban,55-59,14921,7768,7153,126,97,29,13046,7179,5867,1704,471,1233,34,18,16,11,3,8,0,0,0
08,105,District - Bharatpur (07),Urban,60-64,12410,6353,6057,166,118,48,9974,5661,4313,2255,566,1689,12,8,4,3,0,3,0,0,0
08,105,District - Bharatpur (07),Urban,65-69,8687,4227,4460,148,101,47,6422,3600,2822,2106,518,1588,11,8,3,0,0,0,0,0,0
08,105,District - Bharatpur (07),Urban,70-74,6753,3321,3432,101,73,28,4100,2607,1493,2544,636,1908,4,3,1,4,2,2,0,0,0
08,105,District - Bharatpur (07),Urban,75-79,3301,1649,1652,60,43,17,1846,1160,686,1391,443,948,4,3,1,0,0,0,0,0,0
08,105,District - Bharatpur (07),Urban,80+,3962,1867,2095,300,189,111,1576,1029,547,2084,647,1437,1,1,0,1,1,0,0,0,0
08,105,District - Bharatpur (07),Urban,Age not stated,1255,680,575,569,357,212,642,312,330,42,9,33,1,1,0,1,1,0,0,0,0
08,105,District - Bharatpur (07),Urban,Less than 18,190991,103850,87141,187835,102666,85169,3052,1140,1912,57,20,37,42,23,19,5,1,4,0,0,0
08,105,District - Bharatpur (07),Urban,Less than 21,227590,123281,104309,215207,119516,95691,12172,3683,8489,129,51,78,67,28,39,15,3,12,0,0,0
08,106,District - Dhaulpur (08),Total,All ages,1206516,653647,552869,662062,390686,271376,499235,248570,250665,44090,13848,30242,889,439,450,240,104,136,0,0,0
08,106,District - Dhaulpur (08),Total,0-9,310998,167999,142999,310998,167999,142999,0,0,0,0,0,0,0,0,0,0,0,0,0,0,0
08,106,District - Dhaulpur (08),Total,10-14,169080,93311,75769,166708,92470,74238,2307,818,1489,36,9,27,27,13,14,2,1,1,0,0,0
08,106,District - Dhaulpur (08),Total,15-19,139125,79645,59480,118462,74142,44320,20476,5434,15042,137,50,87,45,18,27,5,1,4,0,0,0
08,106,District - Dhaulpur (08),Total,20-24,109563,61297,48266,39543,32040,7503,69456,28990,40466,432,207,225,109,47,62,23,13,10,0,0,0
08,106,District - Dhaulpur (08),Total,25-29,86885,46849,40036,10469,9519,950,75442,36884,38558,795,357,438,134,69,65,45,20,25,0,0,0
08,106,District - Dhaulpur (08),Total,30-34,76360,39529,36831,4062,3854,208,70726,35023,35703,1400,561,839,130,68,62,42,23,19,0,0,0
08,106,District - Dhaulpur (08),Total,35-39,68878,36502,32376,2467,2358,109,64147,33329,30818,2116,738,1378,112,58,54,36,19,17,0,0,0
08,106,District - Dhaulpur (08),Total,40-44,57250,30783,26467,1741,1679,62,52559,28125,24434,2816,922,1894,103,48,55,31,9,22,0,0,0
08,106,District - Dhaulpur (08),Total,45-49,45928,24050,21878,1252,1182,70,41299,21757,19542,3287,1072,2215,73,36,37,17,3,14,0,0,0
08,106,District - Dhaulpur (08),Total,50-54,37156,20255,16901,1180,1134,46,31677,17804,13873,4239,1290,2949,43,20,23,17,7,10,0,0,0
08,106,District - Dhaulpur (08),Total,55-59,28198,14317,13881,769,720,49,23618,12370,11248,3772,1205,2567,37,22,15,2,0,2,0,0,0
08,106,District - Dhaulpur (08),Total,60-64,26532,13632,12900,1083,900,183,19225,11078,8147,6189,1638,4551,26,12,14,9,4,5,0,0,0
08,106,District - Dhaulpur (08),Total,65-69,19041,9234,9807,979,821,158,12800,6902,5898,5237,1497,3740,21,13,8,4,1,3,0,0,0
08,106,District - Dhaulpur (08),Total,70-74,15398,8072,7326,682,636,46,8510,5683,2827,6181,1739,4442,19,11,8,6,3,3,0,0,0
08,106,District - Dhaulpur (08),Total,75-79,6589,3271,3318,304,270,34,3422,2042,1380,2853,955,1898,10,4,6,0,0,0,0,0,0
08,106,District - Dhaulpur (08),Total,80+,8451,4272,4179,640,501,139,3246,2174,1072,4564,1597,2967,0,0,0,1,0,1,0,0,0
08,106,District - Dhaulpur (08),Total,Age not stated,1084,629,455,723,461,262,325,157,168,36,11,25,0,0,0,0,0,0,0,0,0
08,106,District - Dhaulpur (08),Total,Less than 18,564646,309808,254838,556385,307212,249173,8103,2541,5562,111,34,77,43,19,24,4,2,2,0,0,0
08,106,District - Dhaulpur (08),Total,Less than 21,653078,360444,292634,613280,348124,265156,39404,12166,27238,285,110,175,94,38,56,15,6,9,0,0,0
08,106,District - Dhaulpur (08),Rural,All ages,959066,520930,438136,529282,313159,216123,393294,195768,197526,35720,11584,24136,639,351,288,131,68,63,0,0,0
08,106,District - Dhaulpur (08),Rural,0-9,255684,137892,117792,255684,137892,117792,0,0,0,0,0,0,0,0,0,0,0,0,0,0,0
08,106,District - Dhaulpur (08),Rural,10-14,136426,75292,61134,134486,74611,59875,1889,661,1228,29,8,21,21,11,10,1,1,0,0,0,0
08,106,District - Dhaulpur (08),Rural,15-19,109037,62816,46221,91359,58026,33333,17532,4733,12799,108,43,65,35,13,22,3,1,2,0,0,0
08,106,District - Dhaulpur (08),Rural,20-24,85208,48190,37018,27419,23567,3852,57338,24409,32929,354,165,189,84,41,43,13,8,5,0,0,0
08,106,District - Dhaulpur (08),Rural,25-29,67769,36739,31030,7122,6799,323,59896,29570,30326,625,298,327,102,58,44,24,14,10,0,0,0
08,106,District - Dhaulpur (08),Rural,30-34,59914,31179,28735,3124,3033,91,55524,27592,27932,1155,482,673,89,56,33,22,16,6,0,0,0
08,106,District - Dhaulpur (08),Rural,35-39,53286,28449,24837,2037,1972,65,49466,25798,23668,1686,619,1067,76,46,30,21,14,7,0,0,0
08,106,District - Dhaulpur (08),Rural,40-44,44068,23803,20265,1489,1447,42,40269,21548,18721,2219,762,1457,73,41,32,18,5,13,0,0,0
08,106,District - Dhaulpur (08),Rural,45-49,34900,18311,16589,1101,1052,49,31166,16342,14824,2575,885,1690,49,30,19,9,2,7,0,0,0
08,106,District - Dhaulpur (08),Rural,50-54,28660,15568,13092,1022,993,29,24181,13485,10696,3420,1074,2346,27,13,14,10,3,7,0,0,0
08,106,District - Dhaulpur (08),Rural,55-59,22057,11098,10959,681,645,36,18305,9422,8883,3048,1017,2031,23,14,9,0,0,0,0,0,0
08,106,District - Dhaulpur (08),Rural,60-64,21244,10929,10315,959,811,148,15162,8737,6425,5099,1372,3727,19,6,13,5,3,2,0,0,0
08,106,District - Dhaulpur (08),Rural,65-69,15310,7431,7879,839,716,123,10162,5438,4724,4290,1266,3024,18,11,7,1,0,1,0,0,0
08,106,District - Dhaulpur (08),Rural,70-74,12462,6553,5909,587,558,29,6780,4536,2244,5077,1450,3627,15,8,7,3,1,2,0,0,0
08,106,District - Dhaulpur (08),Rural,75-79,5346,2635,2711,259,238,21,2722,1594,1128,2357,800,1557,8,3,5,0,0,0,0,0,0
08,106,District - Dhaulpur (08),Rural,80+,6785,3530,3255,504,417,87,2632,1780,852,3648,1333,2315,0,0,0,1,0,1,0,0,0
08,106,District - Dhaulpur (08),Rural,Age not stated,910,515,395,610,382,228,270,123,147,30,10,20,0,0,0,0,0,0,0,0,0
08,106,District - Dhaulpur (08),Rural,Less than 18,458520,251481,207039,451597,249289,202308,6806,2147,4659,82,29,53,33,14,19,2,2,0,0,0,0
08,106,District - Dhaulpur (08),Rural,Less than 21,527763,291527,236236,494092,280950,213142,33353,10446,22907,233,94,139,74,31,43,11,6,5,0,0,0
08,106,District - Dhaulpur (08),Urban,All ages,247450,132717,114733,132780,77527,55253,105941,52802,53139,8370,2264,6106,250,88,162,109,36,73,0,0,0
08,106,District - Dhaulpur (08),Urban,0-9,55314,30107,25207,55314,30107,25207,0,0,0,0,0,0,0,0,0,0,0,0,0,0,0
08,106,District - Dhaulpur (08),Urban,10-14,32654,18019,14635,32222,17859,14363,418,157,261,7,1,6,6,2,4,1,0,1,0,0,0
08,106,District - Dhaulpur (08),Urban,15-19,30088,16829,13259,27103,16116,10987,2944,701,2243,29,7,22,10,5,5,2,0,2,0,0,0
08,106,District - Dhaulpur (08),Urban,20-24,24355,13107,11248,12124,8473,3651,12118,4581,7537,78,42,36,25,6,19,10,5,5,0,0,0
08,106,District - Dhaulpur (08),Urban,25-29,19116,10110,9006,3347,2720,627,15546,7314,8232,170,59,111,32,11,21,21,6,15,0,0,0
08,106,District - Dhaulpur (08),Urban,30-34,16446,8350,8096,938,821,117,15202,7431,7771,245,79,166,41,12,29,20,7,13,0,0,0
08,106,District - Dhaulpur (08),Urban,35-39,15592,8053,7539,430,386,44,14681,7531,7150,430,119,311,36,12,24,15,5,10,0,0,0
08,106,District - Dhaulpur (08),Urban,40-44,13182,6980,6202,252,232,20,12290,6577,5713,597,160,437,30,7,23,13,4,9,0,0,0
08,106,District - Dhaulpur (08),Urban,45-49,11028,5739,5289,151,130,21,10133,5415,4718,712,187,525,24,6,18,8,1,7,0,0,0
08,106,District - Dhaulpur (08),Urban,50-54,8496,4687,3809,158,141,17,7496,4319,3177,819,216,603,16,7,9,7,4,3,0,0,0
08,106,District - Dhaulpur (08),Urban,55-59,6141,3219,2922,88,75,13,5313,2948,2365,724,188,536,14,8,6,2,0,2,0,0,0
08,106,District - Dhaulpur (08),Urban,60-64,5288,2703,2585,124,89,35,4063,2341,1722,1090,266,824,7,6,1,4,1,3,0,0,0
08,106,District - Dhaulpur (08),Urban,65-69,3731,1803,1928,140,105,35,2638,1464,1174,947,231,716,3,2,1,3,1,2,0,0,0
08,106,District - Dhaulpur (08),Urban,70-74,2936,1519,1417,95,78,17,1730,1147,583,1104,289,815,4,3,1,3,2,1,0,0,0
08,106,District - Dhaulpur (08),Urban,75-79,1243,636,607,45,32,13,700,448,252,496,155,341,2,1,1,0,0,0,0,0,0
08,106,District - Dhaulpur (08),Urban,80+,1666,742,924,136,84,52,614,394,220,916,264,652,0,0,0,0,0,0,0,0,0
08,106,District - Dhaulpur (08),Urban,Age not stated,174,114,60,113,79,34,55,34,21,6,1,5,0,0,0,0,0,0,0,0,0
08,106,District - Dhaulpur (08),Urban,Less than 18,106126,58327,47799,104788,57923,46865,1297,394,903,29,5,24,10,5,5,2,0,2,0,0,0
08,106,District - Dhaulpur (08),Urban,Less than 21,125315,68917,56398,119188,67174,52014,6051,1720,4331,52,16,36,20,7,13,4,0,4,0,0,0
08,107,District - Karauli (09),Total,All ages,1458248,783639,674609,738761,437502,301259,664875,329605,335270,52962,15784,37178,1325,620,705,325,128,197,0,0,0
08,107,District - Karauli (09),Total,0-9,346867,187372,159495,346867,187372,159495,0,0,0,0,0,0,0,0,0,0,0,0,0,0,0
08,107,District - Karauli (09),Total,10-14,192468,105034,87434,186469,102904,83565,5860,2061,3799,67,29,38,63,36,27,9,4,5,0,0,0
08,107,District - Karauli (09),Total,15-19,162331,92328,70003,127242,81250,45992,34807,10950,23857,210,91,119,55,30,25,17,7,10,0,0,0
08,107,District - Karauli (09),Total,20-24,136903,76349,60554,45250,37295,7955,90955,38747,52208,526,242,284,140,55,85,32,10,22,0,0,0
08,107,District - Karauli (09),Total,25-29,108604,58998,49606,12809,11837,972,94661,46684,47977,929,387,542,158,70,88,47,20,27,0,0,0
08,107,District - Karauli (09),Total,30-34,92964,47846,45118,4424,4183,241,86851,42998,43853,1470,556,914,183,95,88,36,14,22,0,0,0
08,107,District - Karauli (09),Total,35-39,86546,44959,41587,2249,2115,134,81808,41979,39829,2282,773,1509,164,76,88,43,16,27,0,0,0
08,107,District - Karauli (09),Total,40-44,72286,38131,34155,1570,1495,75,67579,35561,32018,2952,990,1962,143,62,81,42,23,19,0,0,0
08,107,District - Karauli (09),Total,45-49,58892,30693,28199,1114,1067,47,54109,28425,25684,3538,1150,2388,110,47,63,21,4,17,0,0,0
08,107,District - Karauli (09),Total,50-54,46777,25344,21433,1063,1005,58,41230,22988,18242,4365,1307,3058,95,39,56,24,5,19,0,0,0
08,107,District - Karauli (09),Total,55-59,36115,18068,18047,744,687,57,31220,16127,15093,4094,1221,2873,49,29,20,8,4,4,0,0,0
08,107,District - Karauli (09),Total,60-64,36797,18493,18304,1404,1130,274,28122,15516,12606,7184,1808,5376,68,31,37,19,8,11,0,0,0
08,107,District - Karauli (09),Total,65-69,28565,13533,15032,1286,996,290,20239,10670,9569,6998,1848,5150,37,17,20,5,2,3,0,0,0
08,107,District - Karauli (09),Total,70-74,22535,11583,10952,764,667,97,13230,8673,4557,8506,2224,6282,28,15,13,7,4,3,0,0,0
08,107,District - Karauli (09),Total,75-79,9698,4786,4912,310,257,53,5481,3292,2189,3892,1229,2663,14,7,7,1,1,0,0,0,0
08,107,District - Karauli (09),Total,80+,11555,5754,5801,870,610,260,5028,3280,1748,5639,1855,3784,12,6,6,6,3,3,0,0,0
08,107,District - Karauli (09),Total,Age not stated,8345,4368,3977,4326,2632,1694,3695,1654,2041,310,74,236,6,5,1,8,3,5,0,0,0
08,107,District - Karauli (09),Total,Less than 18,637742,348648,289094,619402,342438,276964,18060,6077,11983,172,72,100,89,52,37,19,9,10,0,0,0
08,107,District - Karauli (09),Total,Less than 21,741937,407300,334637,678509,385834,292675,62840,21196,41644,407,177,230,150,82,68,31,11,20,0,0,0
08,107,District - Karauli (09),Rural,All ages,1240143,668185,571958,628968,373921,255047,564443,279793,284650,45416,13838,31578,1109,540,569,207,93,114,0,0,0
08,107,District - Karauli (09),Rural,0-9,298390,161271,137119,298390,161271,137119,0,0,0,0,0,0,0,0,0,0,0,0,0,0,0
08,107,District - Karauli (09),Rural,10-14,165016,90141,74875,159705,88240,71465,5190,1840,3350,61,25,36,51,32,19,9,4,5,0,0,0
08,107,District - Karauli (09),Rural,15-19,137554,78852,58702,106527,68873,37654,30791,9868,20923,182,81,101,46,26,20,8,4,4,0,0,0
08,107,District - Karauli (09),Rural,20-24,115339,64809,50530,36060,30665,5395,78708,33887,44821,430,200,230,119,48,71,22,9,13,0,0,0
08,107,District - Karauli (09),Rural,25-29,91303,49810,41493,10177,9641,536,80168,39760,40408,801,331,470,129,62,67,28,16,12,0,0,0
08,107,District - Karauli (09),Rural,30-34,78265,40386,37879,3750,3582,168,73097,36223,36874,1243,485,758,155,86,69,20,10,10,0,0,0
08,107,District - Karauli (09),Rural,35-39,72664,37746,34918,1953,1855,98,68624,35135,33489,1921,678,1243,139,69,70,27,9,18,0,0,0
08,107,District - Karauli (09),Rural,40-44,60657,32063,28594,1415,1355,60,56597,29770,26827,2504,869,1635,112,50,62,29,19,10,0,0,0
08,107,District - Karauli (09),Rural,45-49,49264,25613,23651,1037,1000,37,45117,23562,21555,3005,1010,1995,95,40,55,10,1,9,0,0,0
08,107,District - Karauli (09),Rural,50-54,39235,21324,17911,984,945,39,34422,19179,15243,3737,1165,2572,79,33,46,13,2,11,0,0,0
08,107,District - Karauli (09),Rural,55-59,30472,15152,15320,682,642,40,26283,13415,12868,3461,1069,2392,40,23,17,6,3,3,0,0,0
08,107,District - Karauli (09),Rural,60-64,31753,16000,15753,1315,1066,249,24175,13299,10876,6195,1606,4589,56,25,31,12,4,8,0,0,0
08,107,District - Karauli (09),Rural,65-69,24755,11743,13012,1155,919,236,17502,9175,8327,6058,1630,4428,36,17,19,4,2,2,0,0,0
08,107,District - Karauli (09),Rural,70-74,19657,10207,9450,699,624,75,11482,7596,3886,7445,1969,5476,25,14,11,6,4,2,0,0,0
08,107,District - Karauli (09),Rural,75-79,8203,4052,4151,275,233,42,4600,2761,1839,3316,1051,2265,11,6,5,1,1,0,0,0,0
08,107,District - Karauli (09),Rural,80+,9853,4959,4894,769,545,224,4292,2805,1487,4777,1602,3175,10,4,6,5,3,2,0,0,0
08,107,District - Karauli (09),Rural,Age not stated,7763,4057,3706,4075,2465,1610,3395,1518,1877,280,67,213,6,5,1,7,2,5,0,0,0
08,107,District - Karauli (09),Rural,Less than 18,546838,299479,247359,530727,293891,236836,15875,5471,10404,150,64,86,73,46,27,13,7,6,0,0,0
08,107,District - Karauli (09),Rural,Less than 21,635297,349619,285678,579473,330506,248967,55320,18875,36445,357,157,200,128,73,55,19,8,11,0,0,0
08,107,District - Karauli (09),Urban,All ages,218105,115454,102651,109793,63581,46212,100432,49812,50620,7546,1946,5600,216,80,136,118,35,83,0,0,0
08,107,District - Karauli (09),Urban,0-9,48477,26101,22376,48477,26101,22376,0,0,0,0,0,0,0,0,0,0,0,0,0,0,0
08,107,District - Karauli (09),Urban,10-14,27452,14893,12559,26764,14664,12100,670,221,449,6,4,2,12,4,8,0,0,0,0,0,0
08,107,District - Karauli (09),Urban,15-19,24777,13476,11301,20715,12377,8338,4016,1082,2934,28,10,18,9,4,5,9,3,6,0,0,0
08,107,District - Karauli (09),Urban,20-24,21564,11540,10024,9190,6630,2560,12247,4860,7387,96,42,54,21,7,14,10,1,9,0,0,0
08,107,District - Karauli (09),Urban,25-29,17301,9188,8113,2632,2196,436,14493,6924,7569,128,56,72,29,8,21,19,4,15,0,0,0
08,107,District - Karauli (09),Urban,30-34,14699,7460,7239,674,601,73,13754,6775,6979,227,71,156,28,9,19,16,4,12,0,0,0
08,107,District - Karauli (09),Urban,35-39,13882,7213,6669,296,260,36,13184,6844,6340,361,95,266,25,7,18,16,7,9,0,0,0
08,107,District - Karauli (09),Urban,40-44,11629,6068,5561,155,140,15,10982,5791,5191,448,121,327,31,12,19,13,4,9,0,0,0
08,107,District - Karauli (09),Urban,45-49,9628,5080,4548,77,67,10,8992,4863,4129,533,140,393,15,7,8,11,3,8,0,0,0
08,107,District - Karauli (09),Urban,50-54,7542,4020,3522,79,60,19,6808,3809,2999,628,142,486,16,6,10,11,3,8,0,0,0
08,107,District - Karauli (09),Urban,55-59,5643,2916,2727,62,45,17,4937,2712,2225,633,152,481,9,6,3,2,1,1,0,0,0
08,107,District - Karauli (09),Urban,60-64,5044,2493,2551,89,64,25,3947,2217,1730,989,202,787,12,6,6,7,4,3,0,0,0
08,107,District - Karauli (09),Urban,65-69,3810,1790,2020,131,77,54,2737,1495,1242,940,218,722,1,0,1,1,0,1,0,0,0
08,107,District - Karauli (09),Urban,70-74,2878,1376,1502,65,43,22,1748,1077,671,1061,255,806,3,1,2,1,0,1,0,0,0
08,107,District - Karauli (09),Urban,75-79,1495,734,761,35,24,11,881,531,350,576,178,398,3,1,2,0,0,0,0,0,0
08,107,District - Karauli (09),Urban,80+,1702,795,907,101,65,36,736,475,261,862,253,609,2,2,0,1,0,1,0,0,0
08,107,District - Karauli (09),Urban,Age not stated,582,311,271,251,167,84,300,136,164,30,7,23,0,0,0,1,1,0,0,0,0
08,107,District - Karauli (09),Urban,Less than 18,90904,49169,41735,88675,48547,40128,2185,606,1579,22,8,14,16,6,10,6,2,4,0,0,0
08,107,District - Karauli (09),Urban,Less than 21,106640,57681,48959,99036,55328,43708,7520,2321,5199,50,20,30,22,9,13,12,3,9,0,0,0
08,108,District - Sawai Madhopur (10),Total,All ages,1335551,704031,631520,640213,369842,270371,643867,318387,325480,48321,14439,33882,2508,1134,1374,642,229,413,0,0,0
08,108,District - Sawai Madhopur (10),Total,0-9,294089,156941,137148,294089,156941,137148,0,0,0,0,0,0,0,0,0,0,0,0,0,0,0
08,108,District - Sawai Madhopur (10),Total,10-14,167357,89029,78328,162412,87430,74982,4786,1522,3264,66,26,40,83,47,36,10,4,6,0,0,0
08,108,District - Sawai Madhopur (10),Total,15-19,147142,79267,67875,115458,70327,45131,31412,8830,22582,163,64,99,87,33,54,22,13,9,0,0,0
08,108,District - Sawai Madhopur (10),Total,20-24,128967,69830,59137,43617,33820,9797,84522,35679,48843,437,184,253,318,117,201,73,30,43,0,0,0
08,108,District - Sawai Madhopur (10),Total,25-29,104142,55724,48418,12412,10896,1516,90489,44316,46173,763,321,442,379,162,217,99,29,70,0,0,0
08,108,District - Sawai Madhopur (10),Total,30-34,90989,46187,44802,3784,3448,336,85418,42033,43385,1312,507,805,378,166,212,97,33,64,0,0,0
08,108,District - Sawai Madhopur (10),Total,35-39,84185,43695,40490,1804,1665,139,80092,41163,38929,1858,666,1192,343,170,173,88,31,57,0,0,0
08,108,District - Sawai Madhopur (10),Total,40-44,73339,38394,34945,1229,1140,89,69129,36155,32974,2602,928,1674,289,137,152,90,34,56,0,0,0
08,108,District - Sawai Madhopur (10),Total,45-49,60724,31883,28841,821,754,67,56629,29985,26644,3041,1043,1998,187,89,98,46,12,34,0,0,0
08,108,District - Sawai Madhopur (10),Total,50-54,47449,25793,21656,619,561,58,42643,23811,18832,3987,1340,2647,161,68,93,39,13,26,0,0,0
08,108,District - Sawai Madhopur (10),Total,55-59,36658,18321,18337,464,406,58,32053,16617,15436,4030,1260,2770,83,31,52,28,7,21,0,0,0
08,108,District - Sawai Madhopur (10),Total,60-64,34828,17843,16985,778,587,191,26717,15278,11439,7208,1902,5306,105,63,42,20,13,7,0,0,0
08,108,District - Sawai Madhopur (10),Total,65-69,24296,10950,13346,662,488,174,17602,8900,8702,5994,1543,4451,33,16,17,5,3,2,0,0,0
08,108,District - Sawai Madhopur (10),Total,70-74,21494,10738,10756,435,334,101,12653,8208,4445,8363,2173,6190,30,20,10,13,3,10,0,0,0
08,108,District - Sawai Madhopur (10),Total,75-79,8660,4117,4543,202,153,49,4897,2933,1964,3542,1022,2520,14,7,7,5,2,3,0,0,0
08,108,District - Sawai Madhopur (10),Total,80+,9849,4576,5273,677,430,247,4252,2697,1555,4900,1443,3457,16,6,10,4,0,4,0,0,0
08,108,District - Sawai Madhopur (10),Total,Age not stated,1383,743,640,750,462,288,573,260,313,55,17,38,2,2,0,3,2,1,0,0,0
08,108,District - Sawai Madhopur (10),Total,Less than 18,549927,293832,256095,533616,288914,244702,16012,4786,11226,155,59,96,124,62,62,20,11,9,0,0,0
08,108,District - Sawai Madhopur (10),Total,Less than 21,645957,345247,300710,588668,327245,261423,56646,17733,38913,340,134,206,255,111,144,48,24,24,0,0,0
08,108,District - Sawai Madhopur (10),Rural,All ages,1069084,564592,504492,510605,295831,214774,516976,255507,261469,39082,12127,26955,2016,973,1043,405,154,251,0,0,0
08,108,District - Sawai Madhopur (10),Rural,0-9,241449,128846,112603,241449,128846,112603,0,0,0,0,0,0,0,0,0,0,0,0,0,0,0
08,108,District - Sawai Madhopur (10),Rural,10-14,136563,72730,63833,132220,71334,60886,4211,1333,2878,54,23,31,68,36,32,10,4,6,0,0,0
08,108,District - Sawai Madhopur (10),Rural,15-19,117108,63279,53829,89487,55368,34119,27403,7820,19583,135,55,80,67,27,40,16,9,7,0,0,0
08,108,District - Sawai Madhopur (10),Rural,20-24,101379,55390,45989,29860,24583,5277,70880,30516,40364,347,165,182,242,104,138,50,22,28,0,0,0
08,108,District - Sawai Madhopur (10),Rural,25-29,81683,44031,37652,7984,7343,641,72728,36249,36479,614,279,335,299,142,157,58,18,40,0,0,0
08,108,District - Sawai Madhopur (10),Rural,30-34,72038,36571,35467,2735,2542,193,67896,33429,34467,1052,432,620,298,141,157,57,27,30,0,0,0
08,108,District - Sawai Madhopur (10),Rural,35-39,66089,34496,31593,1422,1330,92,62865,32429,30436,1470,566,904,280,150,130,52,21,31,0,0,0
08,108,District - Sawai Madhopur (10),Rural,40-44,57508,30136,27372,1001,945,56,54211,28251,25960,2008,805,1203,238,116,122,50,19,31,0,0,0
08,108,District - Sawai Madhopur (10),Rural,45-49,47276,24720,22556,672,631,41,44039,23120,20919,2382,884,1498,154,79,75,29,6,23,0,0,0
08,108,District - Sawai Madhopur (10),Rural,50-54,37279,20213,17066,543,503,40,33364,18502,14862,3217,1147,2070,130,54,76,25,7,18,0,0,0
08,108,District - Sawai Madhopur (10),Rural,55-59,29124,14387,14737,399,358,41,25441,12947,12494,3200,1055,2145,68,25,43,16,2,14,0,0,0
08,108,District - Sawai Madhopur (10),Rural,60-64,28396,14625,13771,686,526,160,21647,12419,9228,5958,1616,4342,88,53,35,17,11,6,0,0,0
08,108,District - Sawai Madhopur (10),Rural,65-69,19736,8832,10904,592,442,150,14235,7090,7145,4874,1284,3590,31,14,17,4,2,2,0,0,0
08,108,District - Sawai Madhopur (10),Rural,70-74,17718,8878,8840,364,292,72,10340,6737,3603,6974,1827,5147,28,19,9,12,3,9,0,0,0
08,108,District - Sawai Madhopur (10),Rural,75-79,6967,3271,3696,160,126,34,3929,2325,1604,2863,813,2050,10,5,5,5,2,3,0,0,0
08,108,District - Sawai Madhopur (10),Rural,80+,7796,3643,4153,496,322,174,3399,2156,1243,3885,1159,2726,13,6,7,3,0,3,0,0,0
08,108,District - Sawai Madhopur (10),Rural,Age not stated,975,544,431,535,340,195,388,184,204,49,17,32,2,2,0,1,1,0,0,0,0
08,108,District - Sawai Madhopur (10),Rural,Less than 18,448866,240118,208748,434636,235794,198842,13985,4213,9772,126,53,73,102,49,53,17,9,8,0,0,0
08,108,District - Sawai Madhopur (10),Rural,Less than 21,525427,281272,244155,475676,265380,210296,49245,15670,33575,273,116,157,198,90,108,35,16,19,0,0,0
08,108,District - Sawai Madhopur (10),Urban,All ages,266467,139439,127028,129608,74011,55597,126891,62880,64011,9239,2312,6927,492,161,331,237,75,162,0,0,0
08,108,District - Sawai Madhopur (10),Urban,0-9,52640,28095,24545,52640,28095,24545,0,0,0,0,0,0,0,0,0,0,0,0,0,0,0
08,108,District - Sawai Madhopur (10),Urban,10-14,30794,16299,14495,30192,16096,14096,575,189,386,12,3,9,15,11,4,0,0,0,0,0,0
08,108,District - Sawai Madhopur (10),Urban,15-19,30034,15988,14046,25971,14959,11012,4009,1010,2999,28,9,19,20,6,14,6,4,2,0,0,0
08,108,District - Sawai Madhopur (10),Urban,20-24,27588,14440,13148,13757,9237,4520,13642,5163,8479,90,19,71,76,13,63,23,8,15,0,0,0
08,108,District - Sawai Madhopur (10),Urban,25-29,22459,11693,10766,4428,3553,875,17761,8067,9694,149,42,107,80,20,60,41,11,30,0,0,0
08,108,District - Sawai Madhopur (10),Urban,30-34,18951,9616,9335,1049,906,143,17522,8604,8918,260,75,185,80,25,55,40,6,34,0,0,0
08,108,District - Sawai Madhopur (10),Urban,35-39,18096,9199,8897,382,335,47,17227,8734,8493,388,100,288,63,20,43,36,10,26,0,0,0
08,108,District - Sawai Madhopur (10),Urban,40-44,15831,8258,7573,228,195,33,14918,7904,7014,594,123,471,51,21,30,40,15,25,0,0,0
08,108,District - Sawai Madhopur (10),Urban,45-49,13448,7163,6285,149,123,26,12590,6865,5725,659,159,500,33,10,23,17,6,11,0,0,0
08,108,District - Sawai Madhopur (10),Urban,50-54,10170,5580,4590,76,58,18,9279,5309,3970,770,193,577,31,14,17,14,6,8,0,0,0
08,108,District - Sawai Madhopur (10),Urban,55-59,7534,3934,3600,65,48,17,6612,3670,2942,830,205,625,15,6,9,12,5,7,0,0,0
08,108,District - Sawai Madhopur (10),Urban,60-64,6432,3218,3214,92,61,31,5070,2859,2211,1250,286,964,17,10,7,3,2,1,0,0,0
08,108,District - Sawai Madhopur (10),Urban,65-69,4560,2118,2442,70,46,24,3367,1810,1557,1120,259,861,2,2,0,1,1,0,0,0,0
08,108,District - Sawai Madhopur (10),Urban,70-74,3776,1860,1916,71,42,29,2313,1471,842,1389,346,1043,2,1,1,1,0,1,0,0,0
08,108,District - Sawai Madhopur (10),Urban,75-79,1693,846,847,42,27,15,968,608,360,679,209,470,4,2,2,0,0,0,0,0,0
08,108,District - Sawai Madhopur (10),Urban,80+,2053,933,1120,181,108,73,853,541,312,1015,284,731,3,0,3,1,0,1,0,0,0
08,108,District - Sawai Madhopur (10),Urban,Age not stated,408,199,209,215,122,93,185,76,109,6,0,6,0,0,0,2,1,1,0,0,0
08,108,District - Sawai Madhopur (10),Urban,Less than 18,101061,53714,47347,98980,53120,45860,2027,573,1454,29,6,23,22,13,9,3,2,1,0,0,0
08,108,District - Sawai Madhopur (10),Urban,Less than 21,120530,63975,56555,112992,61865,51127,7401,2063,5338,67,18,49,57,21,36,13,8,5,0,0,0
08,109,District - Dausa (11),Total,All ages,1634409,857787,776622,805379,457558,347821,769924,381534,388390,57107,17806,39301,1520,723,797,479,166,313,0,0,0
08,109,District - Dausa (11),Total,0-9,375036,200398,174638,375036,200398,174638,0,0,0,0,0,0,0,0,0,0,0,0,0,0,0
08,109,District - Dausa (11),Total,10-14,212022,112239,99783,206053,110062,95991,5810,2108,3702,94,30,64,56,34,22,9,5,4,0,0,0
08,109,District - Dausa (11),Total,15-19,185752,99065,86687,145872,86606,59266,39576,12327,27249,205,85,120,84,42,42,15,5,10,0,0,0
08,109,District - Dausa (11),Total,20-24,152129,81011,71118,46526,35594,10932,104808,45098,59710,573,223,350,176,69,107,46,27,19,0,0,0
08,109,District - Dausa (11),Total,25-29,122197,64470,57727,10703,9544,1159,110238,54409,55829,998,391,607,205,107,98,53,19,34,0,0,0
08,109,District - Dausa (11),Total,30-34,107345,54016,53329,3271,2906,365,102185,50484,51701,1639,517,1122,198,90,108,52,19,33,0,0,0
08,109,District - Dausa (11),Total,35-39,100082,51394,48688,1733,1528,205,95572,48987,46585,2534,766,1768,208,99,109,35,14,21,0,0,0
08,109,District - Dausa (11),Total,40-44,83767,43582,40185,1197,1059,138,79171,41446,37725,3182,983,2199,174,81,93,43,13,30,0,0,0
08,109,District - Dausa (11),Total,45-49,67524,35301,32223,725,665,60,62998,33391,29607,3642,1178,2464,129,54,75,30,13,17,0,0,0
08,109,District - Dausa (11),Total,50-54,52885,28487,24398,615,566,49,47366,26344,21022,4795,1536,3259,85,38,47,24,3,21,0,0,0
08,109,District - Dausa (11),Total,55-59,41620,20490,21130,539,470,69,36415,18459,17956,4590,1527,3063,55,29,26,21,5,16,0,0,0
08,109,District - Dausa (11),Total,60-64,40874,21048,19826,1099,779,320,31323,17845,13478,8360,2389,5971,55,27,28,37,8,29,0,0,0
08,109,District - Dausa (11),Total,65-69,29043,13657,15386,1169,773,396,20816,10855,9961,7000,2004,4996,27,14,13,31,11,20,0,0,0
08,109,District - Dausa (11),Total,70-74,23383,12107,11276,578,428,150,13982,9067,4915,8780,2596,6184,19,12,7,24,4,20,0,0,0
08,109,District - Dausa (11),Total,75-79,9909,4776,5133,209,159,50,5736,3338,2398,3947,1274,2673,4,2,2,13,3,10,0,0,0
08,109,District - Dausa (11),Total,80+,12403,6176,6227,730,496,234,5536,3553,1983,6092,2103,3989,19,12,7,26,12,14,0,0,0
08,109,District - Dausa (11),Total,Age not stated,18438,9570,8868,9324,5525,3799,8392,3823,4569,676,204,472,26,13,13,20,5,15,0,0,0
08,109,District - Dausa (11),Total,Less than 18,701265,374021,327244,681204,367421,313783,19754,6464,13290,194,74,120,97,55,42,16,7,9,0,0,0
08,109,District - Dausa (11),Total,Less than 21,815543,434116,381427,745457,410468,334989,69447,23383,46064,423,163,260,184,87,97,32,15,17,0,0,0
08,109,District - Dausa (11),Rural,All ages,1432616,751900,680716,707703,401652,306051,673133,333402,339731,50165,16103,34062,1247,614,633,368,129,239,0,0,0
08,109,District - Dausa (11),Rural,0-9,335677,179041,156636,335677,179041,156636,0,0,0,0,0,0,0,0,0,0,0,0,0,0,0
08,109,District - Dausa (11),Rural,10-14,188300,99515,88785,182834,97529,85305,5325,1926,3399,85,28,57,47,27,20,9,5,4,0,0,0
08,109,District - Dausa (11),Rural,15-19,163044,87042,76002,126028,75355,50673,36748,11571,25177,186,76,110,70,35,35,12,5,7,0,0,0
08,109,District - Dausa (11),Rural,20-24,131974,70478,61496,36620,28908,7712,94667,41281,53386,509,208,301,139,56,83,39,25,14,0,0,0
08,109,District - Dausa (11),Rural,25-29,105613,55788,49825,8051,7373,678,96467,47956,48511,894,358,536,163,87,76,38,14,24,0,0,0
08,109,District - Dausa (11),Rural,30-34,92884,46802,46082,2615,2367,248,88635,43886,44749,1441,464,977,159,74,85,34,11,23,0,0,0
08,109,District - Dausa (11),Rural,35-39,86413,44422,41991,1460,1314,146,82527,42316,40211,2230,693,1537,175,91,84,21,8,13,0,0,0
08,109,District - Dausa (11),Rural,40-44,71714,37357,34357,1059,956,103,67736,35437,32299,2757,887,1870,129,66,63,33,11,22,0,0,0
08,109,District - Dausa (11),Rural,45-49,57600,30003,27597,645,599,46,53662,28301,25361,3166,1050,2116,109,47,62,18,6,12,0,0,0
08,109,District - Dausa (11),Rural,50-54,45299,24352,20947,551,516,35,40465,22419,18046,4200,1385,2815,67,29,38,16,3,13,0,0,0
08,109,District - Dausa (11),Rural,55-59,35928,17588,18340,488,439,49,31395,15735,15660,3979,1384,2595,50,27,23,16,3,13,0,0,0
08,109,District - Dausa (11),Rural,60-64,36056,18612,17444,994,719,275,27495,15651,11844,7485,2207,5278,50,27,23,32,8,24,0,0,0
08,109,District - Dausa (11),Rural,65-69,25586,11998,13588,1049,696,353,18361,9463,8898,6125,1817,4308,26,13,13,25,9,16,0,0,0
08,109,District - Dausa (11),Rural,70-74,20745,10842,9903,513,389,124,12399,8086,4313,7793,2352,5441,19,12,7,21,3,18,0,0,0
08,109,District - Dausa (11),Rural,75-79,8591,4167,4424,176,135,41,4978,2887,2091,3422,1142,2280,4,2,2,11,1,10,0,0,0
08,109,District - Dausa (11),Rural,80+,10896,5482,5414,623,430,193,4920,3158,1762,5309,1871,3438,18,11,7,26,12,14,0,0,0
08,109,District - Dausa (11),Rural,Age not stated,16296,8411,7885,8320,4886,3434,7353,3329,4024,584,181,403,22,10,12,17,5,12,0,0,0
08,109,District - Dausa (11),Rural,Less than 18,624593,332704,291889,606027,326566,279461,18293,6021,12272,175,66,109,82,44,38,16,7,9,0,0,0
08,109,District - Dausa (11),Rural,Less than 21,724524,385354,339170,659833,363310,296523,64128,21808,42320,383,150,233,151,71,80,29,15,14,0,0,0
08,109,District - Dausa (11),Urban,All ages,201793,105887,95906,97676,55906,41770,96791,48132,48659,6942,1703,5239,273,109,164,111,37,74,0,0,0
08,109,District - Dausa (11),Urban,0-9,39359,21357,18002,39359,21357,18002,0,0,0,0,0,0,0,0,0,0,0,0,0,0,0
08,109,District - Dausa (11),Urban,10-14,23722,12724,10998,23219,12533,10686,485,182,303,9,2,7,9,7,2,0,0,0,0,0,0
08,109,District - Dausa (11),Urban,15-19,22708,12023,10685,19844,11251,8593,2828,756,2072,19,9,10,14,7,7,3,0,3,0,0,0
08,109,District - Dausa (11),Urban,20-24,20155,10533,9622,9906,6686,3220,10141,3817,6324,64,15,49,37,13,24,7,2,5,0,0,0
08,109,District - Dausa (11),Urban,25-29,16584,8682,7902,2652,2171,481,13771,6453,7318,104,33,71,42,20,22,15,5,10,0,0,0
08,109,District - Dausa (11),Urban,30-34,14461,7214,7247,656,539,117,13550,6598,6952,198,53,145,39,16,23,18,8,10,0,0,0
08,109,District - Dausa (11),Urban,35-39,13669,6972,6697,273,214,59,13045,6671,6374,304,73,231,33,8,25,14,6,8,0,0,0
08,109,District - Dausa (11),Urban,40-44,12053,6225,5828,138,103,35,11435,6009,5426,425,96,329,45,15,30,10,2,8,0,0,0
08,109,District - Dausa (11),Urban,45-49,9924,5298,4626,80,66,14,9336,5090,4246,476,128,348,20,7,13,12,7,5,0,0,0
08,109,District - Dausa (11),Urban,50-54,7586,4135,3451,64,50,14,6901,3925,2976,595,151,444,18,9,9,8,0,8,0,0,0
08,109,District - Dausa (11),Urban,55-59,5692,2902,2790,51,31,20,5020,2724,2296,611,143,468,5,2,3,5,2,3,0,0,0
08,109,District - Dausa (11),Urban,60-64,4818,2436,2382,105,60,45,3828,2194,1634,875,182,693,5,0,5,5,0,5,0,0,0
08,109,District - Dausa (11),Urban,65-69,3457,1659,1798,120,77,43,2455,1392,1063,875,187,688,1,1,0,6,2,4,0,0,0
08,109,District - Dausa (11),Urban,70-74,2638,1265,1373,65,39,26,1583,981,602,987,244,743,0,0,0,3,1,2,0,0,0
08,109,District - Dausa (11),Urban,75-79,1318,609,709,33,24,9,758,451,307,525,132,393,0,0,0,2,2,0,0,0,0
08,109,District - Dausa (11),Urban,80+,1507,694,813,107,66,41,616,395,221,783,232,551,1,1,0,0,0,0,0,0,0
08,109,District - Dausa (11),Urban,Age not stated,2142,1159,983,1004,639,365,1039,494,545,92,23,69,4,3,1,3,0,3,0,0,0
08,109,District - Dausa (11),Urban,Less than 18,76672,41317,35355,75177,40855,34322,1461,443,1018,19,8,11,15,11,4,0,0,0,0,0,0
08,109,District - Dausa (11),Urban,Less than 21,91019,48762,42257,85624,47158,38466,5319,1575,3744,40,13,27,33,16,17,3,0,3,0,0,0
08,110,District - Jaipur (12),Total,All ages,6626178,3468507,3157671,3139996,1789311,1350685,3249047,1620854,1628193,225941,53735,172206,7387,3114,4273,3807,1493,2314,0,0,0
08,110,District - Jaipur (12),Total,0-9,1352568,724853,627715,1352568,724853,627715,0,0,0,0,0,0,0,0,0,0,0,0,0,0,0
08,110,District - Jaipur (12),Total,10-14,770941,409156,361785,746233,399810,346423,24033,9030,15003,343,146,197,279,142,137,53,28,25,0,0,0
08,110,District - Jaipur (12),Total,15-19,733235,391962,341273,611176,354405,256771,120844,37095,83749,739,274,465,372,160,212,104,28,76,0,0,0
08,110,District - Jaipur (12),Total,20-24,662055,347476,314579,288924,201136,87788,370088,145263,224825,1884,670,1214,810,305,505,349,102,247,0,0,0
08,110,District - Jaipur (12),Total,25-29,572349,294603,277746,84831,66347,18484,482077,226389,255688,3696,1196,2500,1137,437,700,608,234,374,0,0,0
08,110,District - Jaipur (12),Total,30-34,499282,253751,245531,21406,17380,4026,469880,233917,235963,6129,1676,4453,1179,483,696,688,295,393,0,0,0
08,110,District - Jaipur (12),Total,35-39,455078,234208,220870,8780,6996,1784,434871,224127,210744,9675,2350,7325,1112,461,651,640,274,366,0,0,0
08,110,District - Jaipur (12),Total,40-44,380633,199660,180973,5233,4175,1058,360895,191973,168922,13198,2972,10226,831,347,484,476,193,283,0,0,0
08,110,District - Jaipur (12),Total,45-49,311487,163105,148382,3221,2555,666,291146,156455,134691,16220,3708,12512,577,258,319,323,129,194,0,0,0
08,110,District - Jaipur (12),Total,50-54,244796,131215,113581,2533,1949,584,221021,124335,96686,20639,4674,15965,390,180,210,213,77,136,0,0,0
08,110,District - Jaipur (12),Total,55-59,184131,93529,90602,1845,1345,500,162084,87469,74615,19829,4549,15280,252,113,139,121,53,68,0,0,0
08,110,District - Jaipur (12),Total,60-64,161088,82061,79027,2784,1826,958,127829,73613,54216,30159,6488,23671,211,97,114,105,37,68,0,0,0
08,110,District - Jaipur (12),Total,65-69,111247,53943,57304,2872,1779,1093,81904,46201,35703,26341,5903,20438,83,47,36,47,13,34,0,0,0
08,110,District - Jaipur (12),Total,70-74,87381,42565,44816,1485,967,518,53740,34370,19370,32052,7177,24875,69,38,31,35,13,22,0,0,0
08,110,District - Jaipur (12),Total,75-79,43006,20459,22547,738,467,271,24868,15316,9552,17342,4647,12695,46,23,23,12,6,6,0,0,0
08,110,District - Jaipur (12),Total,80+,52408,23518,28890,2734,1697,1037,22124,14535,7589,27491,7257,20234,31,18,13,28,11,17,0,0,0
08,110,District - Jaipur (12),Total,Age not stated,4493,2443,2050,2633,1624,1009,1643,766,877,204,48,156,8,5,3,5,0,5,0,0,0
08,110,District - Jaipur (12),Total,Less than 18,2562024,1368639,1193385,2493100,1344414,1148686,67605,23658,43947,768,301,467,454,220,234,97,46,51,0,0,0
08,110,District - Jaipur (12),Total,Less than 21,3030010,1616161,1413849,2806313,1544063,1262250,221162,71094,150068,1479,553,926,834,379,455,222,72,150,0,0,0
08,110,District - Jaipur (12),Rural,All ages,3154331,1642924,1511407,1507904,856151,651753,1527812,758167,769645,115303,26994,88309,2593,1277,1316,719,335,384,0,0,0
08,110,District - Jaipur (12),Rural,0-9,702587,373939,328648,702587,373939,328648,0,0,0,0,0,0,0,0,0,0,0,0,0,0,0
08,110,District - Jaipur (12),Rural,10-14,408001,214766,193235,391457,208828,182629,16296,5823,10473,150,68,82,82,37,45,16,10,6,0,0,0
08,110,District - Jaipur (12),Rural,15-19,369571,196280,173291,283392,168255,115137,85616,27804,57812,387,159,228,136,53,83,40,9,31,0,0,0
08,110,District - Jaipur (12),Rural,20-24,307741,163574,144167,92064,71339,20725,214289,91706,122583,984,358,626,316,143,173,88,28,60,0,0,0
08,110,District - Jaipur (12),Rural,25-29,248039,129844,118195,19106,17289,1817,226502,111673,114829,1917,633,1284,386,179,207,128,70,58,0,0,0
08,110,District - Jaipur (12),Rural,30-34,216679,109391,107288,5706,5231,475,207327,103061,104266,3156,844,2312,379,190,189,111,65,46,0,0,0
08,110,District - Jaipur (12),Rural,35-39,198183,101648,96535,2945,2657,288,189878,97498,92380,4907,1257,3650,376,191,185,77,45,32,0,0,0
08,110,District - Jaipur (12),Rural,40-44,165135,86136,78999,1936,1779,157,156395,82631,73764,6441,1557,4884,301,146,155,62,23,39,0,0,0
08,110,District - Jaipur (12),Rural,45-49,131688,68447,63241,1235,1150,85,122728,65281,57447,7478,1876,5602,199,112,87,48,28,20,0,0,0
08,110,District - Jaipur (12),Rural,50-54,102695,54338,48357,1039,960,79,91758,50998,40760,9718,2297,7421,141,67,74,39,16,23,0,0,0
08,110,District - Jaipur (12),Rural,55-59,79464,38647,40817,801,729,72,69323,35674,33649,9240,2189,7051,78,43,35,22,12,10,0,0,0
08,110,District - Jaipur (12),Rural,60-64,75200,37179,38021,1231,964,267,58491,32914,25577,15361,3242,12119,88,48,40,29,11,18,0,0,0
08,110,District - Jaipur (12),Rural,65-69,55132,25521,29611,1123,817,306,39705,21622,18083,14241,3050,11191,42,26,16,21,6,15,0,0,0
08,110,District - Jaipur (12),Rural,70-74,45083,21342,23741,673,524,149,26494,17079,9415,17865,3710,14155,34,23,11,17,6,11,0,0,0
08,110,District - Jaipur (12),Rural,75-79,20999,9415,11584,318,245,73,11770,6992,4778,8888,2166,6722,18,10,8,5,2,3,0,0,0
08,110,District - Jaipur (12),Rural,80+,26072,11348,14724,970,652,318,10613,7120,3493,14462,3564,10898,15,8,7,12,4,8,0,0,0
08,110,District - Jaipur (12),Rural,Age not stated,2062,1109,953,1321,793,528,627,291,336,108,24,84,2,1,1,4,0,4,0,0,0
08,110,District - Jaipur (12),Rural,Less than 18,1335890,709120,626770,1286905,692070,594835,48449,16824,31625,366,155,211,136,54,82,34,17,17,0,0,0
08,110,District - Jaipur (12),Rural,Less than 21,1566546,830220,736326,1414727,778447,636280,150698,51316,99382,759,307,452,292,127,165,70,23,47,0,0,0
08,110,District - Jaipur (12),Urban,All ages,3471847,1825583,1646264,1632092,933160,698932,1721235,862687,858548,110638,26741,83897,4794,1837,2957,3088,1158,1930,0,0,0
08,110,District - Jaipur (12),Urban,0-9,649981,350914,299067,649981,350914,299067,0,0,0,0,0,0,0,0,0,0,0,0,0,0,0
08,110,District - Jaipur (12),Urban,10-14,362940,194390,168550,354776,190982,163794,7737,3207,4530,193,78,115,197,105,92,37,18,19,0,0,0
08,110,District - Jaipur (12),Urban,15-19,363664,195682,167982,327784,186150,141634,35228,9291,25937,352,115,237,236,107,129,64,19,45,0,0,0
08,110,District - Jaipur (12),Urban,20-24,354314,183902,170412,196860,129797,67063,155799,53557,102242,900,312,588,494,162,332,261,74,187,0,0,0
08,110,District - Jaipur (12),Urban,25-29,324310,164759,159551,65725,49058,16667,255575,114716,140859,1779,563,1216,751,258,493,480,164,316,0,0,0
08,110,District - Jaipur (12),Urban,30-34,282603,144360,138243,15700,12149,3551,262553,130856,131697,2973,832,2141,800,293,507,577,230,347,0,0,0
08,110,District - Jaipur (12),Urban,35-39,256895,132560,124335,5835,4339,1496,244993,126629,118364,4768,1093,3675,736,270,466,563,229,334,0,0,0
08,110,District - Jaipur (12),Urban,40-44,215498,113524,101974,3297,2396,901,204500,109342,95158,6757,1415,5342,530,201,329,414,170,244,0,0,0
08,110,District - Jaipur (12),Urban,45-49,179799,94658,85141,1986,1405,581,168418,91174,77244,8742,1832,6910,378,146,232,275,101,174,0,0,0
08,110,District - Jaipur (12),Urban,50-54,142101,76877,65224,1494,989,505,129263,73337,55926,10921,2377,8544,249,113,136,174,61,113,0,0,0
08,110,District - Jaipur (12),Urban,55-59,104667,54882,49785,1044,616,428,92761,51795,40966,10589,2360,8229,174,70,104,99,41,58,0,0,0
08,110,District - Jaipur (12),Urban,60-64,85888,44882,41006,1553,862,691,69338,40699,28639,14798,3246,11552,123,49,74,76,26,50,0,0,0
08,110,District - Jaipur (12),Urban,65-69,56115,28422,27693,1749,962,787,42199,24579,17620,12100,2853,9247,41,21,20,26,7,19,0,0,0
08,110,District - Jaipur (12),Urban,70-74,42298,21223,21075,812,443,369,27246,17291,9955,14187,3467,10720,35,15,20,18,7,11,0,0,0
08,110,District - Jaipur (12),Urban,75-79,22007,11044,10963,420,222,198,13098,8324,4774,8454,2481,5973,28,13,15,7,4,3,0,0,0
08,110,District - Jaipur (12),Urban,80+,26336,12170,14166,1764,1045,719,11511,7415,4096,13029,3693,9336,16,10,6,16,7,9,0,0,0
08,110,District - Jaipur (12),Urban,Age not stated,2431,1334,1097,1312,831,481,1016,475,541,96,24,72,6,4,2,1,0,1,0,0,0
08,110,District - Jaipur (12),Urban,Less than 18,1226134,659519,566615,1206195,652344,553851,19156,6834,12322,402,146,256,318,166,152,63,29,34,0,0,0
08,110,District - Jaipur (12),Urban,Less than 21,1463464,785941,677523,1391586,765616,625970,70464,19778,50686,720,246,474,542,252,290,152,49,103,0,0,0
08,111,District - Sikar (13),Total,All ages,2677333,1374990,1302343,1300803,748080,552723,1271061,605719,665342,102566,19873,82693,1988,987,1001,915,331,584,0,0,0
08,111,District - Sikar (13),Total,0-9,552793,298416,254377,552793,298416,254377,0,0,0,0,0,0,0,0,0,0,0,0,0,0,0
08,111,District - Sikar (13),Total,10-14,327776,174000,153776,319797,171056,148741,7801,2874,4927,103,36,67,65,26,39,10,8,2,0,0,0
08,111,District - Sikar (13),Total,15-19,315383,169199,146184,268873,156238,112635,46156,12843,33313,241,76,165,95,38,57,18,4,14,0,0,0
08,111,District - Sikar (13),Total,20-24,270760,141689,129071,110852,82291,28561,158916,59074,99842,687,208,479,201,82,119,104,34,70,0,0,0
08,111,District - Sikar (13),Total,25-29,206101,104531,101570,23117,20574,2543,181220,83364,97856,1288,367,921,314,159,155,162,67,95,0,0,0
08,111,District - Sikar (13),Total,30-34,177605,86246,91359,6088,5515,573,168846,80028,88818,2236,495,1741,290,156,134,145,52,93,0,0,0
08,111,District - Sikar (13),Total,35-39,163875,79469,84406,2733,2464,269,157085,76034,81051,3645,762,2883,277,146,131,135,63,72,0,0,0
08,111,District - Sikar (13),Total,40-44,144192,71312,72880,1689,1529,160,137044,68684,68360,5131,958,4173,221,108,113,107,33,74,0,0,0
08,111,District - Sikar (13),Total,45-49,119330,58845,60485,1186,1082,104,111919,56462,55457,5995,1185,4810,164,90,74,66,26,40,0,0,0
08,111,District - Sikar (13),Total,50-54,99471,51841,47630,933,848,85,89999,49250,40749,8355,1662,6693,133,63,70,51,18,33,0,0,0
08,111,District - Sikar (13),Total,55-59,74562,36141,38421,672,592,80,65911,33901,32010,7886,1605,6281,67,37,30,26,6,20,0,0,0
08,111,District - Sikar (13),Total,60-64,70005,34400,35605,923,704,219,55403,31239,24164,13584,2416,11168,68,33,35,27,8,19,0,0,0
08,111,District - Sikar (13),Total,65-69,49584,22666,26918,809,603,206,36484,19779,16705,12244,2268,9976,31,14,17,16,2,14,0,0,0
08,111,District - Sikar (13),Total,70-74,42156,19027,23129,504,377,127,25013,15639,9374,16599,2996,13603,25,13,12,15,2,13,0,0,0
08,111,District - Sikar (13),Total,75-79,20435,8673,11762,210,143,67,11248,6694,4554,8950,1825,7125,12,6,6,15,5,10,0,0,0
08,111,District - Sikar (13),Total,80+,25013,9401,15612,834,507,327,9308,5990,3318,14850,2897,11953,9,6,3,12,1,11,0,0,0
08,111,District - Sikar (13),Total,Age not stated,18292,9134,9158,8790,5141,3649,8708,3864,4844,772,117,655,16,10,6,6,2,4,0,0,0
08,111,District - Sikar (13),Total,Less than 18,1073245,576095,497150,1048808,568067,480741,24063,7896,16167,247,76,171,111,47,64,16,9,7,0,0,0
08,111,District - Sikar (13),Total,Less than 21,1269764,679750,590014,1182732,654349,528383,86268,25151,61117,508,148,360,208,84,124,48,18,30,0,0,0
08,111,District - Sikar (13),Rural,All ages,2043427,1047469,995958,988971,571808,417163,970410,458926,511484,82238,15776,66462,1360,743,617,448,216,232,0,0,0
08,111,District - Sikar (13),Rural,0-9,424421,229756,194665,424421,229756,194665,0,0,0,0,0,0,0,0,0,0,0,0,0,0,0
08,111,District - Sikar (13),Rural,10-14,254523,135677,118846,248122,133339,114783,6274,2286,3988,77,29,48,45,19,26,5,4,1,0,0,0
08,111,District - Sikar (13),Rural,15-19,241792,130701,111091,203915,119902,84013,37603,10705,26898,198,66,132,65,25,40,11,3,8,0,0,0
08,111,District - Sikar (13),Rural,20-24,201442,105452,95990,77709,59217,18492,123018,45985,77033,540,168,372,124,57,67,51,25,26,0,0,0
08,111,District - Sikar (13),Rural,25-29,153584,77325,76259,15710,14490,1220,136552,62379,74173,1038,292,746,212,122,90,72,42,30,0,0,0
08,111,District - Sikar (13),Rural,30-34,134054,64461,69593,4416,4130,286,127631,59791,67840,1757,387,1370,190,120,70,60,33,27,0,0,0
08,111,District - Sikar (13),Rural,35-39,123572,59554,64018,2118,1944,174,118283,56850,61433,2932,611,2321,184,110,74,55,39,16,0,0,0
08,111,District - Sikar (13),Rural,40-44,108568,53219,55349,1313,1215,98,103061,51159,51902,4002,754,3248,146,74,72,46,17,29,0,0,0
08,111,District - Sikar (13),Rural,45-49,89629,43806,45823,966,903,63,83832,41862,41970,4682,954,3728,117,69,48,32,18,14,0,0,0
08,111,District - Sikar (13),Rural,50-54,75979,39161,36818,772,719,53,68495,37075,31420,6580,1304,5276,103,51,52,29,12,17,0,0,0
08,111,District - Sikar (13),Rural,55-59,57832,27623,30209,566,513,53,50906,25793,25113,6298,1286,5012,44,26,18,18,5,13,0,0,0
08,111,District - Sikar (13),Rural,60-64,55083,26872,28211,761,601,160,43391,24346,19045,10859,1890,8969,54,27,27,18,8,10,0,0,0
08,111,District - Sikar (13),Rural,65-69,39381,17820,21561,662,512,150,28839,15469,13370,9839,1824,8015,27,13,14,14,2,12,0,0,0
08,111,District - Sikar (13),Rural,70-74,34028,15245,18783,409,330,79,20043,12497,7546,13543,2405,11138,21,12,9,12,1,11,0,0,0
08,111,District - Sikar (13),Rural,75-79,16330,6838,9492,152,111,41,8878,5265,3613,7278,1452,5826,10,6,4,12,4,8,0,0,0
08,111,District - Sikar (13),Rural,80+,19921,7338,12583,596,378,218,7298,4696,2602,12014,2259,9755,4,4,0,9,1,8,0,0,0
08,111,District - Sikar (13),Rural,Age not stated,13288,6621,6667,6363,3748,2615,6306,2768,3538,601,95,506,14,8,6,4,2,2,0,0,0
08,111,District - Sikar (13),Rural,Less than 18,828094,446376,381718,808018,439739,368279,19802,6537,13265,189,63,126,77,33,44,8,4,4,0,0,0
08,111,District - Sikar (13),Rural,Less than 21,975862,524757,451105,906208,504083,402125,69075,20481,48594,412,125,287,141,57,84,26,11,15,0,0,0
08,111,District - Sikar (13),Urban,All ages,633906,327521,306385,311832,176272,135560,300651,146793,153858,20328,4097,16231,628,244,384,467,115,352,0,0,0
08,111,District - Sikar (13),Urban,0-9,128372,68660,59712,128372,68660,59712,0,0,0,0,0,0,0,0,0,0,0,0,0,0,0
08,111,District - Sikar (13),Urban,10-14,73253,38323,34930,71675,37717,33958,1527,588,939,26,7,19,20,7,13,5,4,1,0,0,0
08,111,District - Sikar (13),Urban,15-19,73591,38498,35093,64958,36336,28622,8553,2138,6415,43,10,33,30,13,17,7,1,6,0,0,0
08,111,District - Sikar (13),Urban,20-24,69318,36237,33081,33143,23074,10069,35898,13089,22809,147,40,107,77,25,52,53,9,44,0,0,0
08,111,District - Sikar (13),Urban,25-29,52517,27206,25311,7407,6084,1323,44668,20985,23683,250,75,175,102,37,65,90,25,65,0,0,0
08,111,District - Sikar (13),Urban,30-34,43551,21785,21766,1672,1385,287,41215,20237,20978,479,108,371,100,36,64,85,19,66,0,0,0
08,111,District - Sikar (13),Urban,35-39,40303,19915,20388,615,520,95,38802,19184,19618,713,151,562,93,36,57,80,24,56,0,0,0
08,111,District - Sikar (13),Urban,40-44,35624,18093,17531,376,314,62,33983,17525,16458,1129,204,925,75,34,41,61,16,45,0,0,0
08,111,District - Sikar (13),Urban,45-49,29701,15039,14662,220,179,41,28087,14600,13487,1313,231,1082,47,21,26,34,8,26,0,0,0
08,111,District - Sikar (13),Urban,50-54,23492,12680,10812,161,129,32,21504,12175,9329,1775,358,1417,30,12,18,22,6,16,0,0,0
08,111,District - Sikar (13),Urban,55-59,16730,8518,8212,106,79,27,15005,8108,6897,1588,319,1269,23,11,12,8,1,7,0,0,0
08,111,District - Sikar (13),Urban,60-64,14922,7528,7394,162,103,59,12012,6893,5119,2725,526,2199,14,6,8,9,0,9,0,0,0
08,111,District - Sikar (13),Urban,65-69,10203,4846,5357,147,91,56,7645,4310,3335,2405,444,1961,4,1,3,2,0,2,0,0,0
08,111,District - Sikar (13),Urban,70-74,8128,3782,4346,95,47,48,4970,3142,1828,3056,591,2465,4,1,3,3,1,2,0,0,0
08,111,District - Sikar (13),Urban,75-79,4105,1835,2270,58,32,26,2370,1429,941,1672,373,1299,2,0,2,3,1,2,0,0,0
08,111,District - Sikar (13),Urban,80+,5092,2063,3029,238,129,109,2010,1294,716,2836,638,2198,5,2,3,3,0,3,0,0,0
08,111,District - Sikar (13),Urban,Age not stated,5004,2513,2491,2427,1393,1034,2402,1096,1306,171,22,149,2,2,0,2,0,2,0,0,0
08,111,District - Sikar (13),Urban,Less than 18,245151,129719,115432,240790,128328,112462,4261,1359,2902,58,13,45,34,14,20,8,5,3,0,0,0
08,111,District - Sikar (13),Urban,Less than 21,293902,154993,138909,276524,150266,126258,17193,4670,12523,96,23,73,67,27,40,22,7,15,0,0,0
08,112,District - Nagaur (14),Total,All ages,3307743,1696325,1611418,1566112,878807,687305,1616344,788388,827956,121634,27394,94240,2752,1377,1375,901,359,542,0,0,0
08,112,District - Nagaur (14),Total,0-9,738275,388758,349517,738275,388758,349517,0,0,0,0,0,0,0,0,0,0,0,0,0,0,0
08,112,District - Nagaur (14),Total,10-14,419958,219160,200798,408773,215173,193600,10934,3879,7055,148,50,98,95,53,42,8,5,3,0,0,0
08,112,District - Nagaur (14),Total,15-19,364564,192374,172190,290914,171032,119882,73123,21163,51960,361,121,240,128,49,79,38,9,29,0,0,0
08,112,District - Nagaur (14),Total,20-24,311311,163089,148222,90227,70976,19251,219730,91567,128163,902,356,546,316,151,165,136,39,97,0,0,0
08,112,District - Nagaur (14),Total,25-29,254215,129837,124378,17385,15384,2001,234495,113558,120937,1699,589,1110,486,253,233,150,53,97,0,0,0
08,112,District - Nagaur (14),Total,30-34,222768,110590,112178,5442,4857,585,214015,104717,109298,2797,762,2035,366,178,188,148,76,72,0,0,0
08,112,District - Nagaur (14),Total,35-39,204651,102763,101888,3051,2747,304,196619,98629,97990,4466,1132,3334,379,191,188,136,64,72,0,0,0
08,112,District - Nagaur (14),Total,40-44,179227,91569,87658,2297,2110,187,170238,87735,82503,6313,1535,4778,298,156,142,81,33,48,0,0,0
08,112,District - Nagaur (14),Total,45-49,147497,74302,73195,1662,1529,133,138277,70804,67473,7305,1845,5460,195,94,101,58,30,28,0,0,0
08,112,District - Nagaur (14),Total,50-54,120696,64097,56599,1468,1316,152,108896,60267,48629,10102,2405,7697,176,92,84,54,17,37,0,0,0
08,112,District - Nagaur (14),Total,55-59,89170,43305,45865,959,834,125,78846,40146,38700,9244,2276,6968,101,43,58,20,6,14,0,0,0
08,112,District - Nagaur (14),Total,60-64,85028,42186,42842,1249,1011,238,67617,37802,29815,16041,3312,12729,92,47,45,29,14,15,0,0,0
08,112,District - Nagaur (14),Total,65-69,59410,26948,32462,974,728,246,44017,23174,20843,14356,3011,11345,51,32,19,12,3,9,0,0,0
08,112,District - Nagaur (14),Total,70-74,52238,23677,28561,720,582,138,31840,19201,12639,19624,3867,15757,38,21,17,16,6,10,0,0,0
08,112,District - Nagaur (14),Total,75-79,25287,10808,14479,396,297,99,14480,8090,6390,10388,2408,7980,16,11,5,7,2,5,0,0,0
08,112,District - Nagaur (14),Total,80+,31640,11793,19847,1152,693,459,12662,7395,5267,17810,3700,14110,10,4,6,6,1,5,0,0,0
08,112,District - Nagaur (14),Total,Age not stated,1808,1069,739,1168,780,388,555,261,294,78,25,53,5,2,3,2,1,1,0,0,0
08,112,District - Nagaur (14),Total,Less than 18,1379902,725726,654176,1344731,713925,630806,34633,11600,23033,354,112,242,156,77,79,28,12,16,0,0,0
08,112,District - Nagaur (14),Total,Less than 21,1608962,845219,763743,1475724,803456,672268,132166,41388,90778,715,228,487,278,127,151,79,20,59,0,0,0
08,112,District - Nagaur (14),Rural,All ages,2670539,1368771,1301768,1251945,704349,547596,1313740,639787,673953,102218,23289,78929,2111,1106,1005,525,240,285,0,0,0
08,112,District - Nagaur (14),Rural,0-9,600370,316576,283794,600370,316576,283794,0,0,0,0,0,0,0,0,0,0,0,0,0,0,0
08,112,District - Nagaur (14),Rural,10-14,340644,177883,162761,331111,174497,156614,9352,3309,6043,107,32,75,70,41,29,4,4,0,0,0,0
08,112,District - Nagaur (14),Rural,15-19,291000,154031,136969,227501,135177,92324,63085,18714,44371,286,94,192,101,38,63,27,8,19,0,0,0
08,112,District - Nagaur (14),Rural,20-24,245841,129027,116814,63975,52225,11750,180807,76349,104458,730,300,430,245,127,118,84,26,58,0,0,0
08,112,District - Nagaur (14),Rural,25-29,201980,103199,98781,12075,11118,957,188077,91350,96727,1387,491,896,364,202,162,77,38,39,0,0,0
08,112,District - Nagaur (14),Rural,30-34,178199,88298,89901,4134,3798,336,171359,83658,87701,2352,655,1697,273,136,137,81,51,30,0,0,0
08,112,District - Nagaur (14),Rural,35-39,163309,82070,81239,2492,2286,206,156760,78626,78134,3691,965,2726,291,156,135,75,37,38,0,0,0
08,112,District - Nagaur (14),Rural,40-44,143715,73127,70588,1966,1852,114,136280,69814,66466,5205,1317,3888,222,121,101,42,23,19,0,0,0
08,112,District - Nagaur (14),Rural,45-49,118851,59556,59295,1452,1370,82,111247,56525,54722,5973,1571,4402,145,73,72,34,17,17,0,0,0
08,112,District - Nagaur (14),Rural,50-54,98519,52097,46422,1292,1185,107,88646,48740,39906,8401,2084,6317,146,79,67,34,9,25,0,0,0
08,112,District - Nagaur (14),Rural,55-59,73218,35371,37847,845,760,85,64659,32622,32037,7618,1949,5669,86,37,49,10,3,7,0,0,0
08,112,District - Nagaur (14),Rural,60-64,70764,35039,35725,1097,911,186,56142,31249,24893,13432,2829,10603,72,38,34,21,12,9,0,0,0
08,112,District - Nagaur (14),Rural,65-69,49890,22531,27359,858,658,200,36894,19276,17618,12087,2569,9518,40,25,15,11,3,8,0,0,0
08,112,District - Nagaur (14),Rural,70-74,44536,20143,24393,615,522,93,27086,16295,10791,16789,3301,13488,31,19,12,15,6,9,0,0,0
08,112,District - Nagaur (14),Rural,75-79,21530,9094,12436,319,251,68,12293,6832,5461,8901,2001,6900,14,9,5,3,1,2,0,0,0
08,112,District - Nagaur (14),Rural,80+,26682,9850,16832,893,540,353,10582,6196,4386,15194,3109,12085,8,4,4,5,1,4,0,0,0
08,112,District - Nagaur (14),Rural,Age not stated,1491,879,612,950,623,327,471,232,239,65,22,43,3,1,2,2,1,1,0,0,0
08,112,District - Nagaur (14),Rural,Less than 18,1118722,589345,529377,1088250,578993,509257,30065,10204,19861,273,80,193,115,58,57,19,10,9,0,0,0
08,112,District - Nagaur (14),Rural,Less than 21,1300365,684417,615948,1186869,648035,538834,112671,36085,76586,553,176,377,218,103,115,54,18,36,0,0,0
08,112,District - Nagaur (14),Urban,All ages,637204,327554,309650,314167,174458,139709,302604,148601,154003,19416,4105,15311,641,271,370,376,119,257,0,0,0
08,112,District - Nagaur (14),Urban,0-9,137905,72182,65723,137905,72182,65723,0,0,0,0,0,0,0,0,0,0,0,0,0,0,0
08,112,District - Nagaur (14),Urban,10-14,79314,41277,38037,77662,40676,36986,1582,570,1012,41,18,23,25,12,13,4,1,3,0,0,0
08,112,District - Nagaur (14),Urban,15-19,73564,38343,35221,63413,35855,27558,10038,2449,7589,75,27,48,27,11,16,11,1,10,0,0,0
08,112,District - Nagaur (14),Urban,20-24,65470,34062,31408,26252,18751,7501,38923,15218,23705,172,56,116,71,24,47,52,13,39,0,0,0
08,112,District - Nagaur (14),Urban,25-29,52235,26638,25597,5310,4266,1044,46418,22208,24210,312,98,214,122,51,71,73,15,58,0,0,0
08,112,District - Nagaur (14),Urban,30-34,44569,22292,22277,1308,1059,249,42656,21059,21597,445,107,338,93,42,51,67,25,42,0,0,0
08,112,District - Nagaur (14),Urban,35-39,41342,20693,20649,559,461,98,39859,20003,19856,775,167,608,88,35,53,61,27,34,0,0,0
08,112,District - Nagaur (14),Urban,40-44,35512,18442,17070,331,258,73,33958,17921,16037,1108,218,890,76,35,41,39,10,29,0,0,0
08,112,District - Nagaur (14),Urban,45-49,28646,14746,13900,210,159,51,27030,14279,12751,1332,274,1058,50,21,29,24,13,11,0,0,0
08,112,District - Nagaur (14),Urban,50-54,22177,12000,10177,176,131,45,20250,11527,8723,1701,321,1380,30,13,17,20,8,12,0,0,0
08,112,District - Nagaur (14),Urban,55-59,15952,7934,8018,114,74,40,14187,7524,6663,1626,327,1299,15,6,9,10,3,7,0,0,0
08,112,District - Nagaur (14),Urban,60-64,14264,7147,7117,152,100,52,11475,6553,4922,2609,483,2126,20,9,11,8,2,6,0,0,0
08,112,District - Nagaur (14),Urban,65-69,9520,4417,5103,116,70,46,7123,3898,3225,2269,442,1827,11,7,4,1,0,1,0,0,0
08,112,District - Nagaur (14),Urban,70-74,7702,3534,4168,105,60,45,4754,2906,1848,2835,566,2269,7,2,5,1,0,1,0,0,0
08,112,District - Nagaur (14),Urban,75-79,3757,1714,2043,77,46,31,2187,1258,929,1487,407,1080,2,2,0,4,1,3,0,0,0
08,112,District - Nagaur (14),Urban,80+,4958,1943,3015,259,153,106,2080,1199,881,2616,591,2025,2,0,2,1,0,1,0,0,0
08,112,District - Nagaur (14),Urban,Age not stated,317,190,127,218,157,61,84,29,55,13,3,10,2,1,1,0,0,0,0,0,0
08,112,District - Nagaur (14),Urban,Less than 18,261180,136381,124799,256481,134932,121549,4568,1396,3172,81,32,49,41,19,22,9,2,7,0,0,0
08,112,District - Nagaur (14),Urban,Less than 21,308597,160802,147795,288855,155421,133434,19495,5303,14192,162,52,110,60,24,36,25,2,23,0,0,0
08,113,District - Jodhpur (15),Total,All ages,3687165,1923928,1763237,1821506,1030402,791104,1735332,865180,870152,125596,26455,99141,3145,1311,1834,1586,580,1006,0,0,0
08,113,District - Jodhpur (15),Total,0-9,875701,462043,413658,875701,462043,413658,0,0,0,0,0,0,0,0,0,0,0,0,0,0,0
08,113,District - Jodhpur (15),Total,10-14,466464,244710,221754,451076,238668,212408,14959,5843,9116,238,96,142,161,90,71,30,13,17,0,0,0
08,113,District - Jodhpur (15),Total,15-19,379604,206422,173182,313399,188284,125115,65605,17931,47674,398,127,271,165,72,93,37,8,29,0,0,0
08,113,District - Jodhpur (15),Total,20-24,339183,180125,159058,121735,94072,27663,215833,85483,130350,1114,379,735,361,144,217,140,47,93,0,0,0
08,113,District - Jodhpur (15),Total,25-29,298834,154349,144485,32337,26497,5840,263766,127005,136761,1993,587,1406,487,184,303,251,76,175,0,0,0
08,113,District - Jodhpur (15),Total,30-34,259119,133456,125663,9129,7508,1621,246047,124842,121205,3229,827,2402,459,182,277,255,97,158,0,0,0
08,113,District - Jodhpur (15),Total,35-39,226128,116926,109202,4156,3349,807,216577,112233,104344,4743,1066,3677,403,178,225,249,100,149,0,0,0
08,113,District - Jodhpur (15),Total,40-44,188524,98456,90068,2701,2188,513,178785,94678,84107,6508,1370,5138,335,139,196,195,81,114,0,0,0
08,113,District - Jodhpur (15),Total,45-49,162551,83552,78999,1897,1525,372,152146,80057,72089,8136,1818,6318,230,94,136,142,58,84,0,0,0
08,113,District - Jodhpur (15),Total,50-54,132342,70781,61561,1498,1186,312,119488,67186,52302,11075,2291,8784,184,75,109,97,43,54,0,0,0
08,113,District - Jodhpur (15),Total,55-59,98873,49392,49481,1014,748,266,87415,46328,41087,10263,2243,8020,128,62,66,53,11,42,0,0,0
08,113,District - Jodhpur (15),Total,60-64,89632,45819,43813,1573,1017,556,71049,41504,29545,16860,3239,13621,96,39,57,54,20,34,0,0,0
08,113,District - Jodhpur (15),Total,65-69,59653,28243,31410,1421,885,536,44052,24605,19447,14108,2733,11375,44,11,33,28,9,19,0,0,0
08,113,District - Jodhpur (15),Total,70-74,51163,24369,26794,834,539,295,31322,20147,11175,18931,3654,15277,53,21,32,23,8,15,0,0,0
08,113,District - Jodhpur (15),Total,75-79,24684,10940,13744,427,259,168,14263,8496,5767,9970,2178,7792,14,5,9,10,2,8,0,0,0
08,113,District - Jodhpur (15),Total,80+,32933,13306,19627,1538,927,611,13400,8537,4863,17954,3824,14130,22,14,8,19,4,15,0,0,0
08,113,District - Jodhpur (15),Total,Age not stated,1777,1039,738,1070,707,363,625,305,320,76,23,53,3,1,2,3,3,0,0,0,0
08,113,District - Jodhpur (15),Total,Less than 18,1572442,832491,739951,1536464,819141,717323,35224,13039,22185,458,160,298,253,134,119,43,17,26,0,0,0
08,113,District - Jodhpur (15),Total,Less than 21,1815772,963014,852758,1686575,924340,762235,127812,38162,89650,890,303,587,397,181,216,98,28,70,0,0,0
08,113,District - Jodhpur (15),Rural,All ages,2422551,1260328,1162223,1237666,696639,541027,1101611,545765,555846,81593,17122,64471,1311,637,674,370,165,205,0,0,0
08,113,District - Jodhpur (15),Rural,0-9,635821,334914,300907,635821,334914,300907,0,0,0,0,0,0,0,0,0,0,0,0,0,0,0
08,113,District - Jodhpur (15),Rural,10-14,334443,174537,159906,322388,169830,152558,11793,4587,7206,156,66,90,93,49,44,13,5,8,0,0,0
08,113,District - Jodhpur (15),Rural,15-19,252104,137971,114133,200300,123315,76985,51426,14516,36910,262,86,176,97,49,48,19,5,14,0,0,0
08,113,District - Jodhpur (15),Rural,20-24,211749,113222,98527,56332,48629,7703,154485,64224,90261,724,260,464,160,84,76,48,25,23,0,0,0
08,113,District - Jodhpur (15),Rural,25-29,181869,93731,88138,10699,9867,832,169638,83361,86277,1288,384,904,190,97,93,54,22,32,0,0,0
08,113,District - Jodhpur (15),Rural,30-34,157198,80646,76552,3318,3016,302,151597,76971,74626,2036,537,1499,180,90,90,67,32,35,0,0,0
08,113,District - Jodhpur (15),Rural,35-39,134169,69028,65141,1671,1483,188,129431,66766,62665,2891,691,2200,145,72,73,31,16,15,0,0,0
08,113,District - Jodhpur (15),Rural,40-44,112090,58285,53805,1244,1130,114,106664,56170,50494,4020,909,3111,128,58,70,34,18,16,0,0,0
08,113,District - Jodhpur (15),Rural,45-49,95663,48227,47436,930,831,99,89780,46145,43635,4852,1205,3647,76,33,43,25,13,12,0,0,0
08,113,District - Jodhpur (15),Rural,50-54,79503,42226,37277,812,725,87,71673,39942,31731,6914,1521,5393,80,27,53,24,11,13,0,0,0
08,113,District - Jodhpur (15),Rural,55-59,58958,28403,30555,481,412,69,52262,26539,25723,6158,1419,4739,48,30,18,9,3,6,0,0,0
08,113,District - Jodhpur (15),Rural,60-64,57105,28912,28193,908,655,253,44998,26102,18896,11148,2130,9018,41,20,21,10,5,5,0,0,0
08,113,District - Jodhpur (15),Rural,65-69,38571,17866,20705,755,528,227,28606,15584,13022,9184,1747,7437,19,5,14,7,2,5,0,0,0
08,113,District - Jodhpur (15),Rural,70-74,35151,16527,18624,498,344,154,21225,13738,7487,13382,2431,10951,36,12,24,10,2,8,0,0,0
08,113,District - Jodhpur (15),Rural,75-79,16024,6833,9191,224,151,73,9297,5384,3913,6490,1293,5197,7,4,3,6,1,5,0,0,0
08,113,District - Jodhpur (15),Rural,80+,21280,8480,12800,720,439,281,8482,5602,2880,12056,2429,9627,11,7,4,11,3,8,0,0,0
08,113,District - Jodhpur (15),Rural,Age not stated,853,520,333,565,370,195,254,134,120,32,14,18,0,0,0,2,2,0,0,0,0
08,113,District - Jodhpur (15),Rural,Less than 18,1125380,594677,530703,1097206,584062,513144,27699,10417,17282,301,110,191,155,81,74,19,7,12,0,0,0
08,113,District - Jodhpur (15),Rural,Less than 21,1285015,681161,603854,1184893,650159,534734,99267,30673,68594,586,205,381,224,109,115,45,15,30,0,0,0
08,113,District - Jodhpur (15),Urban,All ages,1264614,663600,601014,583840,333763,250077,633721,319415,314306,44003,9333,34670,1834,674,1160,1216,415,801,0,0,0
08,113,District - Jodhpur (15),Urban,0-9,239880,127129,112751,239880,127129,112751,0,0,0,0,0,0,0,0,0,0,0,0,0,0,0
08,113,District - Jodhpur (15),Urban,10-14,132021,70173,61848,128688,68838,59850,3166,1256,1910,82,30,52,68,41,27,17,8,9,0,0,0
08,113,District - Jodhpur (15),Urban,15-19,127500,68451,59049,113099,64969,48130,14179,3415,10764,136,41,95,68,23,45,18,3,15,0,0,0
08,113,District - Jodhpur (15),Urban,20-24,127434,66903,60531,65403,45443,19960,61348,21259,40089,390,119,271,201,60,141,92,22,70,0,0,0
08,113,District - Jodhpur (15),Urban,25-29,116965,60618,56347,21638,16630,5008,94128,43644,50484,705,203,502,297,87,210,197,54,143,0,0,0
08,113,District - Jodhpur (15),Urban,30-34,101921,52810,49111,5811,4492,1319,94450,47871,46579,1193,290,903,279,92,187,188,65,123,0,0,0
08,113,District - Jodhpur (15),Urban,35-39,91959,47898,44061,2485,1866,619,87146,45467,41679,1852,375,1477,258,106,152,218,84,134,0,0,0
08,113,District - Jodhpur (15),Urban,40-44,76434,40171,36263,1457,1058,399,72121,38508,33613,2488,461,2027,207,81,126,161,63,98,0,0,0
08,113,District - Jodhpur (15),Urban,45-49,66888,35325,31563,967,694,273,62366,33912,28454,3284,613,2671,154,61,93,117,45,72,0,0,0
08,113,District - Jodhpur (15),Urban,50-54,52839,28555,24284,686,461,225,47815,27244,20571,4161,770,3391,104,48,56,73,32,41,0,0,0
08,113,District - Jodhpur (15),Urban,55-59,39915,20989,18926,533,336,197,35153,19789,15364,4105,824,3281,80,32,48,44,8,36,0,0,0
08,113,District - Jodhpur (15),Urban,60-64,32527,16907,15620,665,362,303,26051,15402,10649,5712,1109,4603,55,19,36,44,15,29,0,0,0
08,113,District - Jodhpur (15),Urban,65-69,21082,10377,10705,666,357,309,15446,9021,6425,4924,986,3938,25,6,19,21,7,14,0,0,0
08,113,District - Jodhpur (15),Urban,70-74,16012,7842,8170,336,195,141,10097,6409,3688,5549,1223,4326,17,9,8,13,6,7,0,0,0
08,113,District - Jodhpur (15),Urban,75-79,8660,4107,4553,203,108,95,4966,3112,1854,3480,885,2595,7,1,6,4,1,3,0,0,0
08,113,District - Jodhpur (15),Urban,80+,11653,4826,6827,818,488,330,4918,2935,1983,5898,1395,4503,11,7,4,8,1,7,0,0,0
08,113,District - Jodhpur (15),Urban,Age not stated,924,519,405,505,337,168,371,171,200,44,9,35,3,1,2,1,1,0,0,0,0
08,113,District - Jodhpur (15),Urban,Less than 18,447062,237814,209248,439258,235079,204179,7525,2622,4903,157,50,107,98,53,45,24,10,14,0,0,0
08,113,District - Jodhpur (15),Urban,Less than 21,530757,281853,248904,501682,274181,227501,28545,7489,21056,304,98,206,173,72,101,53,13,40,0,0,0
08,114,District - Jaisalmer (16),Total,All ages,669919,361708,308211,354988,207372,147616,294185,150186,143999,20406,4027,16379,263,95,168,77,28,49,0,0,0
08,114,District - Jaisalmer (16),Total,0-9,185148,98943,86205,185148,98943,86205,0,0,0,0,0,0,0,0,0,0,0,0,0,0,0
08,114,District - Jaisalmer (16),Total,10-14,89157,48574,40583,87717,48030,39687,1397,527,870,20,11,9,18,4,14,5,2,3,0,0,0
08,114,District - Jaisalmer (16),Total,15-19,62874,36731,26143,52519,34493,18026,10276,2214,8062,68,18,50,9,6,3,2,0,2,0,0,0
08,114,District - Jaisalmer (16),Total,20-24,58687,32020,26667,20254,17619,2635,38248,14331,23917,149,49,100,29,18,11,7,3,4,0,0,0
08,114,District - Jaisalmer (16),Total,25-29,53103,28691,24412,5268,4894,374,47460,23675,23785,340,110,230,23,8,15,12,4,8,0,0,0
08,114,District - Jaisalmer (16),Total,30-34,45094,24211,20883,1412,1294,118,43172,22777,20395,465,130,335,37,5,32,8,5,3,0,0,0
08,114,District - Jaisalmer (16),Total,35-39,36641,19646,16995,495,453,42,35415,19038,16377,693,140,553,33,14,19,5,1,4,0,0,0
08,114,District - Jaisalmer (16),Total,40-44,31356,17033,14323,299,279,20,30039,16553,13486,976,186,790,31,10,21,11,5,6,0,0,0
08,114,District - Jaisalmer (16),Total,45-49,27203,14515,12688,230,201,29,25776,14075,11701,1159,228,931,33,8,25,5,3,2,0,0,0
08,114,District - Jaisalmer (16),Total,50-54,22318,12314,10004,164,149,15,20339,11780,8559,1794,375,1419,16,6,10,5,4,1,0,0,0
08,114,District - Jaisalmer (16),Total,55-59,15880,8134,7746,109,99,10,14099,7691,6408,1658,338,1320,12,6,6,2,0,2,0,0,0
08,114,District - Jaisalmer (16),Total,60-64,14518,7603,6915,248,176,72,11386,6869,4517,2874,555,2319,9,3,6,1,0,1,0,0,0
08,114,District - Jaisalmer (16),Total,65-69,9790,4780,5010,202,145,57,7102,4154,2948,2481,479,2002,3,2,1,2,0,2,0,0,0
08,114,District - Jaisalmer (16),Total,70-74,8436,4148,4288,116,91,25,4981,3486,1495,3326,567,2759,6,3,3,7,1,6,0,0,0
08,114,District - Jaisalmer (16),Total,75-79,3970,1778,2192,65,48,17,2229,1404,825,1671,325,1346,1,1,0,4,0,4,0,0,0
08,114,District - Jaisalmer (16),Total,80+,5065,2204,2861,188,128,60,2162,1563,599,2712,512,2200,2,1,1,1,0,1,0,0,0
08,114,District - Jaisalmer (16),Total,Age not stated,679,383,296,554,330,224,104,49,55,20,4,16,1,0,1,0,0,0,0,0,0
08,114,District - Jaisalmer (16),Total,Less than 18,312035,169704,142331,307907,168377,139530,4038,1294,2744,60,23,37,24,8,16,6,2,4,0,0,0
08,114,District - Jaisalmer (16),Total,Less than 21,353848,193301,160547,333427,188219,145208,20263,5033,15230,116,34,82,33,13,20,9,2,7,0,0,0
08,114,District - Jaisalmer (16),Rural,All ages,580894,312447,268447,313582,183007,130575,249301,125799,123502,17767,3553,14214,190,66,124,54,22,32,0,0,0
08,114,District - Jaisalmer (16),Rural,0-9,166288,88909,77379,166288,88909,77379,0,0,0,0,0,0,0,0,0,0,0,0,0,0,0
08,114,District - Jaisalmer (16),Rural,10-14,79111,43082,36029,77855,42605,35250,1220,461,759,18,10,8,15,4,11,3,2,1,0,0,0
08,114,District - Jaisalmer (16),Rural,15-19,54930,32318,22612,45624,30293,15331,9238,2002,7236,58,18,40,8,5,3,2,0,2,0,0,0
08,114,District - Jaisalmer (16),Rural,20-24,50211,27385,22826,16410,14596,1814,33648,12725,20923,129,47,82,21,15,6,3,2,1,0,0,0
08,114,District - Jaisalmer (16),Rural,25-29,44315,23674,20641,3980,3741,239,40018,19831,20187,294,95,199,15,4,11,8,3,5,0,0,0
08,114,District - Jaisalmer (16),Rural,30-34,37389,19835,17554,1129,1050,79,35830,18664,17166,394,112,282,29,4,25,7,5,2,0,0,0
08,114,District - Jaisalmer (16),Rural,35-39,29932,15835,14097,389,360,29,28932,15336,13596,584,127,457,24,11,13,3,1,2,0,0,0
08,114,District - Jaisalmer (16),Rural,40-44,25742,13683,12059,244,231,13,24655,13282,11373,817,160,657,20,6,14,6,4,2,0,0,0
08,114,District - Jaisalmer (16),Rural,45-49,22505,11806,10699,198,176,22,21341,11427,9914,939,197,742,23,4,19,4,2,2,0,0,0
08,114,District - Jaisalmer (16),Rural,50-54,18904,10306,8598,146,135,11,17215,9843,7372,1530,322,1208,9,3,6,4,3,1,0,0,0
08,114,District - Jaisalmer (16),Rural,55-59,13733,6980,6753,91,84,7,12216,6589,5627,1415,302,1113,10,5,5,1,0,1,0,0,0
08,114,District - Jaisalmer (16),Rural,60-64,12838,6729,6109,217,157,60,10086,6068,4018,2527,503,2024,7,1,6,1,0,1,0,0,0
08,114,District - Jaisalmer (16),Rural,65-69,8729,4272,4457,182,134,48,6345,3712,2633,2199,425,1774,2,1,1,1,0,1,0,0,0
08,114,District - Jaisalmer (16),Rural,70-74,7545,3715,3830,97,80,17,4475,3132,1343,2963,502,2461,4,1,3,6,0,6,0,0,0
08,114,District - Jaisalmer (16),Rural,75-79,3527,1576,1951,50,37,13,2004,1247,757,1468,291,1177,1,1,0,4,0,4,0,0,0
08,114,District - Jaisalmer (16),Rural,80+,4558,1988,2570,152,107,45,1989,1441,548,2414,439,1975,2,1,1,1,0,1,0,0,0
08,114,District - Jaisalmer (16),Rural,Age not stated,637,354,283,530,312,218,89,39,50,18,3,15,0,0,0,0,0,0,0,0,0
08,114,District - Jaisalmer (16),Rural,Less than 18,278421,151559,126862,274799,150389,124410,3547,1139,2408,51,22,29,20,7,13,4,2,2,0,0,0
08,114,District - Jaisalmer (16),Rural,Less than 21,314972,172318,142654,296677,167742,128935,18162,4530,13632,99,32,67,28,12,16,6,2,4,0,0,0
08,114,District - Jaisalmer (16),Urban,All ages,89025,49261,39764,41406,24365,17041,44884,24387,20497,2639,474,2165,73,29,44,23,6,17,0,0,0
08,114,District - Jaisalmer (16),Urban,0-9,18860,10034,8826,18860,10034,8826,0,0,0,0,0,0,0,0,0,0,0,0,0,0,0
08,114,District - Jaisalmer (16),Urban,10-14,10046,5492,4554,9862,5425,4437,177,66,111,2,1,1,3,0,3,2,0,2,0,0,0
08,114,District - Jaisalmer (16),Urban,15-19,7944,4413,3531,6895,4200,2695,1038,212,826,10,0,10,1,1,0,0,0,0,0,0,0
08,114,District - Jaisalmer (16),Urban,20-24,8476,4635,3841,3844,3023,821,4600,1606,2994,20,2,18,8,3,5,4,1,3,0,0,0
08,114,District - Jaisalmer (16),Urban,25-29,8788,5017,3771,1288,1153,135,7442,3844,3598,46,15,31,8,4,4,4,1,3,0,0,0
08,114,District - Jaisalmer (16),Urban,30-34,7705,4376,3329,283,244,39,7342,4113,3229,71,18,53,8,1,7,1,0,1,0,0,0
08,114,District - Jaisalmer (16),Urban,35-39,6709,3811,2898,106,93,13,6483,3702,2781,109,13,96,9,3,6,2,0,2,0,0,0
08,114,District - Jaisalmer (16),Urban,40-44,5614,3350,2264,55,48,7,5384,3271,2113,159,26,133,11,4,7,5,1,4,0,0,0
08,114,District - Jaisalmer (16),Urban,45-49,4698,2709,1989,32,25,7,4435,2648,1787,220,31,189,10,4,6,1,1,0,0,0,0
08,114,District - Jaisalmer (16),Urban,50-54,3414,2008,1406,18,14,4,3124,1937,1187,264,53,211,7,3,4,1,1,0,0,0,0
08,114,District - Jaisalmer (16),Urban,55-59,2147,1154,993,18,15,3,1883,1102,781,243,36,207,2,1,1,1,0,1,0,0,0
08,114,District - Jaisalmer (16),Urban,60-64,1680,874,806,31,19,12,1300,801,499,347,52,295,2,2,0,0,0,0,0,0,0
08,114,District - Jaisalmer (16),Urban,65-69,1061,508,553,20,11,9,757,442,315,282,54,228,1,1,0,1,0,1,0,0,0
08,114,District - Jaisalmer (16),Urban,70-74,891,433,458,19,11,8,506,354,152,363,65,298,2,2,0,1,1,0,0,0,0
08,114,District - Jaisalmer (16),Urban,75-79,443,202,241,15,11,4,225,157,68,203,34,169,0,0,0,0,0,0,0,0,0
08,114,District - Jaisalmer (16),Urban,80+,507,216,291,36,21,15,173,122,51,298,73,225,0,0,0,0,0,0,0,0,0
08,114,District - Jaisalmer (16),Urban,Age not stated,42,29,13,24,18,6,15,10,5,2,1,1,1,0,1,0,0,0,0,0,0
08,114,District - Jaisalmer (16),Urban,Less than 18,33614,18145,15469,33108,17988,15120,491,155,336,9,1,8,4,1,3,2,0,2,0,0,0
08,114,District - Jaisalmer (16),Urban,Less than 21,38876,20983,17893,36750,20477,16273,2101,503,1598,17,2,15,5,1,4,3,0,3,0,0,0
08,115,District - Barmer (17),Total,All ages,2603751,1369022,1234729,1384209,784898,599311,1127585,562238,565347,90424,21217,69207,1162,522,640,371,147,224,0,0,0
08,115,District - Barmer (17),Total,0-9,711801,373991,337810,711801,373991,337810,0,0,0,0,0,0,0,0,0,0,0,0,0,0,0
08,115,District - Barmer (17),Total,10-14,356104,187659,168445,346810,183918,162892,9057,3630,5427,128,58,70,100,51,49,9,2,7,0,0,0
08,115,District - Barmer (17),Total,15-19,253285,141256,112029,212666,131141,81525,40304,9981,30323,230,87,143,79,43,36,6,4,2,0,0,0
08,115,District - Barmer (17),Total,20-24,220757,121144,99613,72385,62539,9846,147495,58249,89246,687,283,404,144,54,90,46,19,27,0,0,0
08,115,District - Barmer (17),Total,25-29,189175,99248,89927,16506,15334,1172,171167,83331,87836,1313,493,820,129,61,68,60,29,31,0,0,0
08,115,District - Barmer (17),Total,30-34,164808,85773,79035,4849,4500,349,157728,80547,77181,2051,645,1406,127,59,68,53,22,31,0,0,0
08,115,District - Barmer (17),Total,35-39,140790,73764,67026,2161,1972,189,135453,70924,64529,3003,793,2210,126,57,69,47,18,29,0,0,0
08,115,District - Barmer (17),Total,40-44,117011,61001,56010,1466,1327,139,111234,58531,52703,4153,1082,3071,124,48,76,34,13,21,0,0,0
08,115,District - Barmer (17),Total,45-49,105020,53352,51668,1018,919,99,98651,50912,47739,5228,1470,3758,95,37,58,28,14,14,0,0,0
08,115,District - Barmer (17),Total,50-54,87400,47517,39883,860,761,99,78542,44612,33930,7899,2100,5799,81,36,45,18,8,10,0,0,0
08,115,District - Barmer (17),Total,55-59,64276,31950,32326,579,506,73,56407,29523,26884,7230,1902,5328,41,16,25,19,3,16,0,0,0
08,115,District - Barmer (17),Total,60-64,60024,30798,29226,930,689,241,46613,27267,19346,12425,2820,9605,44,17,27,12,5,7,0,0,0
08,115,District - Barmer (17),Total,65-69,41485,19696,21789,746,533,213,29721,16659,13062,10981,2487,8494,27,14,13,10,3,7,0,0,0
08,115,District - Barmer (17),Total,70-74,36270,17277,18993,484,371,113,21058,13923,7135,14699,2968,11731,20,13,7,9,2,7,0,0,0
08,115,District - Barmer (17),Total,75-79,16007,6927,9080,205,140,65,8712,5313,3399,7081,1467,5614,7,6,1,2,1,1,0,0,0
08,115,District - Barmer (17),Total,80+,21014,8152,12862,677,443,234,7805,5293,2512,12511,2407,10104,8,6,2,13,3,10,0,0,0
08,115,District - Barmer (17),Total,Age not stated,18524,9517,9007,10066,5814,4252,7638,3543,4095,805,155,650,10,4,6,5,1,4,0,0,0
08,115,District - Barmer (17),Total,Less than 18,1223446,648002,575444,1202777,640206,562571,20252,7608,12644,264,109,155,140,74,66,13,5,8,0,0,0
08,115,District - Barmer (17),Total,Less than 21,1387222,739729,647493,1303631,716312,587319,82822,23086,59736,527,214,313,215,107,108,27,10,17,0,0,0
08,115,District - Barmer (17),Rural,All ages,2421914,1273249,1148665,1297475,735110,562365,1038929,517369,521560,84243,20191,64052,962,446,516,305,133,172,0,0,0
08,115,District - Barmer (17),Rural,0-9,673874,353954,319920,673874,353954,319920,0,0,0,0,0,0,0,0,0,0,0,0,0,0,0
08,115,District - Barmer (17),Rural,10-14,335577,176702,158875,326699,173130,153569,8658,3470,5188,119,53,66,92,47,45,9,2,7,0,0,0
08,115,District - Barmer (17),Rural,15-19,235405,131592,103813,196826,121837,74989,38284,9627,28657,221,86,135,69,38,31,5,4,1,0,0,0
08,115,District - Barmer (17),Rural,20-24,202500,111550,90950,63920,56321,7599,137782,54900,82882,645,268,377,116,44,72,37,17,20,0,0,0
08,115,District - Barmer (17),Rural,25-29,173048,90841,82207,14233,13387,846,157463,76909,80554,1206,467,739,96,50,46,50,28,22,0,0,0
08,115,District - Barmer (17),Rural,30-34,151039,78545,72494,4353,4073,280,144639,73789,70850,1900,616,1284,103,49,54,44,18,26,0,0,0
08,115,District - Barmer (17),Rural,35-39,128277,67168,61109,1962,1807,155,123432,64544,58888,2747,755,1992,103,48,55,33,14,19,0,0,0
08,115,District - Barmer (17),Rural,40-44,106492,55244,51248,1353,1232,121,101194,52931,48263,3825,1030,2795,93,39,54,27,12,15,0,0,0
08,115,District - Barmer (17),Rural,45-49,96015,48600,47415,955,866,89,90210,46295,43915,4752,1395,3357,77,32,45,21,12,9,0,0,0
08,115,District - Barmer (17),Rural,50-54,80311,43630,36681,818,725,93,72103,40858,31245,7306,2011,5295,66,28,38,18,8,10,0,0,0
08,115,District - Barmer (17),Rural,55-59,59200,29335,29865,548,485,63,51963,27026,24937,6639,1808,4831,36,13,23,14,3,11,0,0,0
08,115,District - Barmer (17),Rural,60-64,55873,28706,27167,873,652,221,43326,25329,17997,11624,2705,8919,39,15,24,11,5,6,0,0,0
08,115,District - Barmer (17),Rural,65-69,38818,18402,20416,695,502,193,27832,15511,12321,10255,2372,7883,27,14,13,9,3,6,0,0,0
08,115,District - Barmer (17),Rural,70-74,34221,16358,17863,458,356,102,19846,13160,6686,13889,2827,11062,20,13,7,8,2,6,0,0,0
08,115,District - Barmer (17),Rural,75-79,14915,6442,8473,192,135,57,8119,4912,3207,6595,1388,5207,7,6,1,2,1,1,0,0,0
08,115,District - Barmer (17),Rural,80+,19787,7685,12102,613,401,212,7361,5002,2359,11793,2273,9520,8,6,2,12,3,9,0,0,0
08,115,District - Barmer (17),Rural,Age not stated,16562,8495,8067,9103,5247,3856,6717,3106,3611,727,137,590,10,4,6,5,1,4,0,0,0
08,115,District - Barmer (17),Rural,Less than 18,1154243,611212,543031,1134563,603722,530841,19294,7316,11978,249,103,146,125,66,59,12,5,7,0,0,0
08,115,District - Barmer (17),Rural,Less than 21,1306316,696672,609644,1227007,674226,552781,78593,22137,56456,499,202,297,193,97,96,24,10,14,0,0,0
08,115,District - Barmer (17),Urban,All ages,181837,95773,86064,86734,49788,36946,88656,44869,43787,6181,1026,5155,200,76,124,66,14,52,0,0,0
08,115,District - Barmer (17),Urban,0-9,37927,20037,17890,37927,20037,17890,0,0,0,0,0,0,0,0,0,0,0,0,0,0,0
08,115,District - Barmer (17),Urban,10-14,20527,10957,9570,20111,10788,9323,399,160,239,9,5,4,8,4,4,0,0,0,0,0,0
08,115,District - Barmer (17),Urban,15-19,17880,9664,8216,15840,9304,6536,2020,354,1666,9,1,8,10,5,5,1,0,1,0,0,0
08,115,District - Barmer (17),Urban,20-24,18257,9594,8663,8465,6218,2247,9713,3349,6364,42,15,27,28,10,18,9,2,7,0,0,0
08,115,District - Barmer (17),Urban,25-29,16127,8407,7720,2273,1947,326,13704,6422,7282,107,26,81,33,11,22,10,1,9,0,0,0
08,115,District - Barmer (17),Urban,30-34,13769,7228,6541,496,427,69,13089,6758,6331,151,29,122,24,10,14,9,4,5,0,0,0
08,115,District - Barmer (17),Urban,35-39,12513,6596,5917,199,165,34,12021,6380,5641,256,38,218,23,9,14,14,4,10,0,0,0
08,115,District - Barmer (17),Urban,40-44,10519,5757,4762,113,95,18,10040,5600,4440,328,52,276,31,9,22,7,1,6,0,0,0
08,115,District - Barmer (17),Urban,45-49,9005,4752,4253,63,53,10,8441,4617,3824,476,75,401,18,5,13,7,2,5,0,0,0
08,115,District - Barmer (17),Urban,50-54,7089,3887,3202,42,36,6,6439,3754,2685,593,89,504,15,8,7,0,0,0,0,0,0
08,115,District - Barmer (17),Urban,55-59,5076,2615,2461,31,21,10,4444,2497,1947,591,94,497,5,3,2,5,0,5,0,0,0
08,115,District - Barmer (17),Urban,60-64,4151,2092,2059,57,37,20,3287,1938,1349,801,115,686,5,2,3,1,0,1,0,0,0
08,115,District - Barmer (17),Urban,65-69,2667,1294,1373,51,31,20,1889,1148,741,726,115,611,0,0,0,1,0,1,0,0,0
08,115,District - Barmer (17),Urban,70-74,2049,919,1130,26,15,11,1212,763,449,810,141,669,0,0,0,1,0,1,0,0,0
08,115,District - Barmer (17),Urban,75-79,1092,485,607,13,5,8,593,401,192,486,79,407,0,0,0,0,0,0,0,0,0
08,115,District - Barmer (17),Urban,80+,1227,467,760,64,42,22,444,291,153,718,134,584,0,0,0,1,0,1,0,0,0
08,115,District - Barmer (17),Urban,Age not stated,1962,1022,940,963,567,396,921,437,484,78,18,60,0,0,0,0,0,0,0,0,0
08,115,District - Barmer (17),Urban,Less than 18,69203,36790,32413,68214,36484,31730,958,292,666,15,6,9,15,8,7,1,0,1,0,0,0
08,115,District - Barmer (17),Urban,Less than 21,80906,43057,37849,76624,42086,34538,4229,949,3280,28,12,16,22,10,12,3,0,3,0,0,0
08,116,District - Jalor (18),Total,All ages,1828730,936634,892096,937738,520102,417636,821019,401144,419875,68158,14475,53683,1377,730,647,438,183,255,0,0,0
08,116,District - Jalor (18),Total,0-9,454899,239711,215188,454899,239711,215188,0,0,0,0,0,0,0,0,0,0,0,0,0,0,0
08,116,District - Jalor (18),Total,10-14,251587,131592,119995,246739,129793,116946,4654,1698,2956,107,52,55,76,43,33,11,6,5,0,0,0
08,116,District - Jalor (18),Total,15-19,189024,98054,90970,163378,92052,71326,25367,5919,19448,176,45,131,90,35,55,13,3,10,0,0,0
08,116,District - Jalor (18),Total,20-24,153320,79244,74076,48976,39737,9239,103686,39280,64406,424,136,288,181,75,106,53,16,37,0,0,0
08,116,District - Jalor (18),Total,25-29,127666,64469,63197,9210,8351,859,117186,55648,61538,976,321,655,233,124,109,61,25,36,0,0,0
08,116,District - Jalor (18),Total,30-34,115532,57065,58467,2722,2440,282,110879,54059,56820,1630,400,1230,239,135,104,62,31,31,0,0,0
08,116,District - Jalor (18),Total,35-39,105226,53086,52140,1294,1131,163,101220,51251,49969,2474,577,1897,162,96,66,76,31,45,0,0,0
08,116,District - Jalor (18),Total,40-44,90468,46318,44150,825,750,75,86224,44708,41516,3247,761,2486,131,74,57,41,25,16,0,0,0
08,116,District - Jalor (18),Total,45-49,79372,39785,39587,566,495,71,74797,38202,36595,3889,1016,2873,91,56,35,29,16,13,0,0,0
08,116,District - Jalor (18),Total,50-54,64747,34645,30102,472,406,66,58377,32790,25587,5812,1410,4402,61,32,29,25,7,18,0,0,0
08,116,District - Jalor (18),Total,55-59,49405,23453,25952,334,276,58,43577,21883,21694,5441,1268,4173,38,20,18,15,6,9,0,0,0
08,116,District - Jalor (18),Total,60-64,47715,24215,23500,838,554,284,37038,21738,15300,9797,1906,7891,32,15,17,10,2,8,0,0,0
08,116,District - Jalor (18),Total,65-69,32552,14803,17749,858,522,336,23438,12727,10711,8233,1543,6690,14,8,6,9,3,6,0,0,0
08,116,District - Jalor (18),Total,70-74,27383,13011,14372,361,254,107,15855,10611,5244,11140,2134,9006,12,7,5,15,5,10,0,0,0
08,116,District - Jalor (18),Total,75-79,11895,4960,6935,123,86,37,6541,3818,2723,5221,1049,4172,4,4,0,6,3,3,0,0,0
08,116,District - Jalor (18),Total,80+,15682,6155,9527,522,322,200,6126,4080,2046,9024,1750,7274,3,2,1,7,1,6,0,0,0
08,116,District - Jalor (18),Total,Age not stated,12257,6068,6189,5621,3222,2399,6054,2732,3322,567,107,460,10,4,6,5,3,2,0,0,0
08,116,District - Jalor (18),Total,Less than 18,824184,432226,391958,811733,428160,383573,12095,3916,8179,217,77,140,123,65,58,16,8,8,0,0,0
08,116,District - Jalor (18),Total,Less than 21,942443,493686,448757,888024,479459,408565,53778,13998,39780,387,122,265,212,94,118,42,13,29,0,0,0
08,116,District - Jalor (18),Rural,All ages,1676975,857619,819356,861532,476940,384592,750931,366282,384649,62943,13583,49360,1213,665,548,356,149,207,0,0,0
08,116,District - Jalor (18),Rural,0-9,422183,222364,199819,422183,222364,199819,0,0,0,0,0,0,0,0,0,0,0,0,0,0,0
08,116,District - Jalor (18),Rural,10-14,232581,121445,111136,228058,119779,108279,4342,1572,2770,99,49,50,72,39,33,10,6,4,0,0,0
08,116,District - Jalor (18),Rural,15-19,172821,89390,83431,148703,83693,65010,23871,5623,18248,159,41,118,78,30,48,10,3,7,0,0,0
08,116,District - Jalor (18),Rural,20-24,138981,71672,67309,42552,35036,7516,95839,36426,59413,385,129,256,160,67,93,45,14,31,0,0,0
08,116,District - Jalor (18),Rural,25-29,115773,58378,57395,7803,7172,631,106856,50794,56062,871,284,587,196,108,88,47,20,27,0,0,0
08,116,District - Jalor (18),Rural,30-34,104927,51776,53151,2356,2123,233,100825,49129,51696,1485,374,1111,216,127,89,45,23,22,0,0,0
08,116,District - Jalor (18),Rural,35-39,95431,47994,47437,1130,991,139,91835,46364,45471,2271,533,1738,139,83,56,56,23,33,0,0,0
08,116,District - Jalor (18),Rural,40-44,82308,42085,40223,753,690,63,78464,40592,37872,2939,714,2225,117,68,49,35,21,14,0,0,0
08,116,District - Jalor (18),Rural,45-49,72371,36210,36161,520,462,58,68222,34713,33509,3524,966,2558,79,55,24,26,14,12,0,0,0
08,116,District - Jalor (18),Rural,50-54,59197,31681,27516,438,375,63,53382,29935,23447,5302,1335,3967,53,30,23,22,6,16,0,0,0
08,116,District - Jalor (18),Rural,55-59,45173,21343,23830,310,261,49,39860,19872,19988,4955,1185,3770,35,20,15,13,5,8,0,0,0
08,116,District - Jalor (18),Rural,60-64,44205,22436,21769,755,501,254,34339,20120,14219,9073,1798,7275,30,15,15,8,2,6,0,0,0
08,116,District - Jalor (18),Rural,65-69,30259,13753,16506,767,474,293,21815,11824,9991,7655,1445,6210,14,8,6,8,2,6,0,0,0
08,116,District - Jalor (18),Rural,70-74,25522,12161,13361,325,228,97,14795,9920,4875,10378,2003,8375,10,6,4,14,4,10,0,0,0
08,116,District - Jalor (18),Rural,75-79,11083,4605,6478,113,80,33,6059,3530,2529,4901,988,3913,4,4,0,6,3,3,0,0,0
08,116,District - Jalor (18),Rural,80+,14624,5713,8911,459,275,184,5678,3787,1891,8478,1648,6830,2,2,0,7,1,6,0,0,0
08,116,District - Jalor (18),Rural,Age not stated,9536,4613,4923,4307,2436,1871,4749,2081,2668,468,91,377,8,3,5,4,2,2,0,0,0
08,116,District - Jalor (18),Rural,Less than 18,762629,399492,363137,750966,395681,355285,11336,3672,7664,198,73,125,114,58,56,15,8,7,0,0,0
08,116,District - Jalor (18),Rural,Less than 21,870573,455459,415114,819520,442029,377491,50473,13220,37253,354,114,240,190,83,107,36,13,23,0,0,0
08,116,District - Jalor (18),Urban,All ages,151755,79015,72740,76206,43162,33044,70088,34862,35226,5215,892,4323,164,65,99,82,34,48,0,0,0
08,116,District - Jalor (18),Urban,0-9,32716,17347,15369,32716,17347,15369,0,0,0,0,0,0,0,0,0,0,0,0,0,0,0
08,116,District - Jalor (18),Urban,10-14,19006,10147,8859,18681,10014,8667,312,126,186,8,3,5,4,4,0,1,0,1,0,0,0
08,116,District - Jalor (18),Urban,15-19,16203,8664,7539,14675,8359,6316,1496,296,1200,17,4,13,12,5,7,3,0,3,0,0,0
08,116,District - Jalor (18),Urban,20-24,14339,7572,6767,6424,4701,1723,7847,2854,4993,39,7,32,21,8,13,8,2,6,0,0,0
08,116,District - Jalor (18),Urban,25-29,11893,6091,5802,1407,1179,228,10330,4854,5476,105,37,68,37,16,21,14,5,9,0,0,0
08,116,District - Jalor (18),Urban,30-34,10605,5289,5316,366,317,49,10054,4930,5124,145,26,119,23,8,15,17,8,9,0,0,0
08,116,District - Jalor (18),Urban,35-39,9795,5092,4703,164,140,24,9385,4887,4498,203,44,159,23,13,10,20,8,12,0,0,0
08,116,District - Jalor (18),Urban,40-44,8160,4233,3927,72,60,12,7760,4116,3644,308,47,261,14,6,8,6,4,2,0,0,0
08,116,District - Jalor (18),Urban,45-49,7001,3575,3426,46,33,13,6575,3489,3086,365,50,315,12,1,11,3,2,1,0,0,0
08,116,District - Jalor (18),Urban,50-54,5550,2964,2586,34,31,3,4995,2855,2140,510,75,435,8,2,6,3,1,2,0,0,0
08,116,District - Jalor (18),Urban,55-59,4232,2110,2122,24,15,9,3717,2011,1706,486,83,403,3,0,3,2,1,1,0,0,0
08,116,District - Jalor (18),Urban,60-64,3510,1779,1731,83,53,30,2699,1618,1081,724,108,616,2,0,2,2,0,2,0,0,0
08,116,District - Jalor (18),Urban,65-69,2293,1050,1243,91,48,43,1623,903,720,578,98,480,0,0,0,1,1,0,0,0,0
08,116,District - Jalor (18),Urban,70-74,1861,850,1011,36,26,10,1060,691,369,762,131,631,2,1,1,1,1,0,0,0,0
08,116,District - Jalor (18),Urban,75-79,812,355,457,10,6,4,482,288,194,320,61,259,0,0,0,0,0,0,0,0,0
08,116,District - Jalor (18),Urban,80+,1058,442,616,63,47,16,448,293,155,546,102,444,1,0,1,0,0,0,0,0,0
08,116,District - Jalor (18),Urban,Age not stated,2721,1455,1266,1314,786,528,1305,651,654,99,16,83,2,1,1,1,1,0,0,0,0
08,116,District - Jalor (18),Urban,Less than 18,61555,32734,28821,60767,32479,28288,759,244,515,19,4,15,9,7,2,1,0,1,0,0,0
08,116,District - Jalor (18),Urban,Less than 21,71870,38227,33643,68504,37430,31074,3305,778,2527,33,8,25,22,11,11,6,0,6,0,0,0
08,117,District - Sirohi (19),Total,All ages,1036346,534231,502115,525447,295303,230144,463059,228321,234738,44703,9089,35614,2110,1092,1018,1027,426,601,0,0,0
08,117,District - Sirohi (19),Total,0-9,247230,130830,116400,247230,130830,116400,0,0,0,0,0,0,0,0,0,0,0,0,0,0,0
08,117,District - Sirohi (19),Total,10-14,129642,69430,60212,127844,68791,59053,1722,606,1116,49,19,30,26,13,13,1,1,0,0,0,0
08,117,District - Sirohi (19),Total,15-19,108422,56545,51877,96449,54214,42235,11786,2288,9498,98,24,74,67,16,51,22,3,19,0,0,0
08,117,District - Sirohi (19),Total,20-24,88960,46041,42919,36902,27545,9357,51276,18234,33042,296,89,207,330,129,201,156,44,112,0,0,0
08,117,District - Sirohi (19),Total,25-29,75036,38350,36686,9065,7738,1327,64788,30110,34678,619,218,401,366,186,180,198,98,100,0,0,0
08,117,District - Sirohi (19),Total,30-34,68765,34460,34305,2626,2240,386,64504,31621,32883,1070,309,761,380,211,169,185,79,106,0,0,0
08,117,District - Sirohi (19),Total,35-39,66805,33597,33208,1371,1114,257,63063,31785,31278,1944,468,1476,286,167,119,141,63,78,0,0,0
08,117,District - Sirohi (19),Total,40-44,58140,29779,28361,839,710,129,54359,28313,26046,2626,583,2043,222,129,93,94,44,50,0,0,0
08,117,District - Sirohi (19),Total,45-49,50691,25840,24851,527,422,105,46593,24540,22053,3331,755,2576,159,89,70,81,34,47,0,0,0
08,117,District - Sirohi (19),Total,50-54,39581,21044,18537,378,305,73,34436,19664,14772,4606,1000,3606,108,54,54,53,21,32,0,0,0
08,117,District - Sirohi (19),Total,55-59,29943,14507,15436,263,208,55,25218,13389,11829,4375,866,3509,61,34,27,26,10,16,0,0,0
08,117,District - Sirohi (19),Total,60-64,26895,13263,13632,560,345,215,19479,11641,7838,6778,1239,5539,52,28,24,26,10,16,0,0,0
08,117,District - Sirohi (19),Total,65-69,18281,8291,9990,521,300,221,12189,6948,5241,5519,1014,4505,31,20,11,21,9,12,0,0,0
08,117,District - Sirohi (19),Total,70-74,13823,6489,7334,218,141,77,7596,5226,2370,5986,1107,4879,14,11,3,9,4,5,0,0,0
08,117,District - Sirohi (19),Total,75-79,6201,2577,3624,79,57,22,3171,1957,1214,2943,559,2384,3,1,2,5,3,2,0,0,0
08,117,District - Sirohi (19),Total,80+,7527,2991,4536,294,191,103,2779,1960,819,4440,833,3607,5,4,1,9,3,6,0,0,0
08,117,District - Sirohi (19),Total,Age not stated,404,197,207,281,152,129,100,39,61,23,6,17,0,0,0,0,0,0,0,0,0
08,117,District - Sirohi (19),Total,Less than 18,442049,235036,207013,437335,233629,203706,4557,1355,3202,103,29,74,48,20,28,6,3,3,0,0,0
08,117,District - Sirohi (19),Total,Less than 21,511031,269782,241249,485975,263959,222016,24614,5697,18917,207,57,150,177,57,120,58,12,46,0,0,0
08,117,District - Sirohi (19),Rural,All ages,827692,424252,403440,425368,236982,188386,364480,178662,185818,35525,7414,28111,1607,877,730,712,317,395,0,0,0
08,117,District - Sirohi (19),Rural,0-9,208907,110140,98767,208907,110140,98767,0,0,0,0,0,0,0,0,0,0,0,0,0,0,0
08,117,District - Sirohi (19),Rural,10-14,106598,56883,49715,105072,56332,48740,1458,522,936,44,17,27,23,11,12,1,1,0,0,0,0
08,117,District - Sirohi (19),Rural,15-19,86408,44572,41836,75862,42483,33379,10381,2048,8333,86,23,63,60,15,45,19,3,16,0,0,0
08,117,District - Sirohi (19),Rural,20-24,69451,35723,33728,25550,19655,5895,43245,15837,27408,244,78,166,276,114,162,136,39,97,0,0,0
08,117,District - Sirohi (19),Rural,25-29,57738,29416,28322,5272,4703,569,51558,24294,27264,481,187,294,279,151,128,148,81,67,0,0,0
08,117,District - Sirohi (19),Rural,30-34,52663,26142,26521,1489,1319,170,49909,24347,25562,863,253,610,292,172,120,110,51,59,0,0,0
08,117,District - Sirohi (19),Rural,35-39,51038,25461,25577,693,577,116,48552,24340,24212,1512,378,1134,200,121,79,81,45,36,0,0,0
08,117,District - Sirohi (19),Rural,40-44,44563,22623,21940,456,401,55,41792,21591,20201,2096,503,1593,159,100,59,60,28,32,0,0,0
08,117,District - Sirohi (19),Rural,45-49,38951,19611,19340,281,231,50,35914,18660,17254,2593,628,1965,113,67,46,50,25,25,0,0,0
08,117,District - Sirohi (19),Rural,50-54,30662,16178,14484,194,161,33,26617,15117,11500,3739,840,2899,75,44,31,37,16,21,0,0,0
08,117,District - Sirohi (19),Rural,55-59,23178,10975,12203,133,104,29,19475,10115,9360,3506,723,2783,46,26,20,18,7,11,0,0,0
08,117,District - Sirohi (19),Rural,60-64,21403,10546,10857,421,251,170,15408,9235,6173,5517,1032,4485,37,23,14,20,5,15,0,0,0
08,117,District - Sirohi (19),Rural,65-69,14396,6511,7885,418,237,181,9539,5423,4116,4396,826,3570,27,17,10,16,8,8,0,0,0
08,117,District - Sirohi (19),Rural,70-74,10864,5025,5839,148,96,52,5903,4050,1853,4795,864,3931,12,11,1,6,4,2,0,0,0
08,117,District - Sirohi (19),Rural,75-79,4694,1942,2752,49,36,13,2415,1483,932,2223,420,1803,3,1,2,4,2,2,0,0,0
08,117,District - Sirohi (19),Rural,80+,5857,2341,3516,200,130,70,2231,1568,663,3415,637,2778,5,4,1,6,2,4,0,0,0
08,117,District - Sirohi (19),Rural,Age not stated,321,163,158,223,126,97,83,32,51,15,5,10,0,0,0,0,0,0,0,0,0
08,117,District - Sirohi (19),Rural,Less than 18,367353,194486,172867,363359,193268,170091,3854,1171,2683,91,27,64,43,17,26,6,3,3,0,0,0
08,117,District - Sirohi (19),Rural,Less than 21,422618,221925,200693,400746,216715,184031,21487,5095,16392,178,52,126,157,52,105,50,11,39,0,0,0
08,117,District - Sirohi (19),Urban,All ages,208654,109979,98675,100079,58321,41758,98579,49659,48920,9178,1675,7503,503,215,288,315,109,206,0,0,0
08,117,District - Sirohi (19),Urban,0-9,38323,20690,17633,38323,20690,17633,0,0,0,0,0,0,0,0,0,0,0,0,0,0,0
08,117,District - Sirohi (19),Urban,10-14,23044,12547,10497,22772,12459,10313,264,84,180,5,2,3,3,2,1,0,0,0,0,0,0
08,117,District - Sirohi (19),Urban,15-19,22014,11973,10041,20587,11731,8856,1405,240,1165,12,1,11,7,1,6,3,0,3,0,0,0
08,117,District - Sirohi (19),Urban,20-24,19509,10318,9191,11352,7890,3462,8031,2397,5634,52,11,41,54,15,39,20,5,15,0,0,0
08,117,District - Sirohi (19),Urban,25-29,17298,8934,8364,3793,3035,758,13230,5816,7414,138,31,107,87,35,52,50,17,33,0,0,0
08,117,District - Sirohi (19),Urban,30-34,16102,8318,7784,1137,921,216,14595,7274,7321,207,56,151,88,39,49,75,28,47,0,0,0
08,117,District - Sirohi (19),Urban,35-39,15767,8136,7631,678,537,141,14511,7445,7066,432,90,342,86,46,40,60,18,42,0,0,0
08,117,District - Sirohi (19),Urban,40-44,13577,7156,6421,383,309,74,12567,6722,5845,530,80,450,63,29,34,34,16,18,0,0,0
08,117,District - Sirohi (19),Urban,45-49,11740,6229,5511,246,191,55,10679,5880,4799,738,127,611,46,22,24,31,9,22,0,0,0
08,117,District - Sirohi (19),Urban,50-54,8919,4866,4053,184,144,40,7819,4547,3272,867,160,707,33,10,23,16,5,11,0,0,0
08,117,District - Sirohi (19),Urban,55-59,6765,3532,3233,130,104,26,5743,3274,2469,869,143,726,15,8,7,8,3,5,0,0,0
08,117,District - Sirohi (19),Urban,60-64,5492,2717,2775,139,94,45,4071,2406,1665,1261,207,1054,15,5,10,6,5,1,0,0,0
08,117,District - Sirohi (19),Urban,65-69,3885,1780,2105,103,63,40,2650,1525,1125,1123,188,935,4,3,1,5,1,4,0,0,0
08,117,District - Sirohi (19),Urban,70-74,2959,1464,1495,70,45,25,1693,1176,517,1191,243,948,2,0,2,3,0,3,0,0,0
08,117,District - Sirohi (19),Urban,75-79,1507,635,872,30,21,9,756,474,282,720,139,581,0,0,0,1,1,0,0,0,0
08,117,District - Sirohi (19),Urban,80+,1670,650,1020,94,61,33,548,392,156,1025,196,829,0,0,0,3,1,2,0,0,0
08,117,District - Sirohi (19),Urban,Age not stated,83,34,49,58,26,32,17,7,10,8,1,7,0,0,0,0,0,0,0,0,0
08,117,District - Sirohi (19),Urban,Less than 18,74696,40550,34146,73976,40361,33615,703,184,519,12,2,10,5,3,2,0,0,0,0,0,0
08,117,District - Sirohi (19),Urban,Less than 21,88413,47857,40556,85229,47244,37985,3127,602,2525,29,5,24,20,5,15,8,1,7,0,0,0
08,118,District - Pali (20),Total,All ages,2037573,1025422,1012151,965617,533850,431767,964297,467083,497214,101945,21758,80187,4267,2186,2081,1447,545,902,0,0,0
08,118,District - Pali (20),Total,0-9,432700,227625,205075,432700,227625,205075,0,0,0,0,0,0,0,0,0,0,0,0,0,0,0
08,118,District - Pali (20),Total,10-14,256878,134282,122596,249488,131678,117810,7174,2520,4654,119,44,75,88,36,52,9,4,5,0,0,0
08,118,District - Pali (20),Total,15-19,215460,106929,108531,184153,99920,84233,30819,6871,23948,243,81,162,199,51,148,46,6,40,0,0,0
08,118,District - Pali (20),Total,20-24,168425,84822,83603,64891,47884,17007,101968,36422,65546,647,211,436,665,247,418,254,58,196,0,0,0
08,118,District - Pali (20),Total,25-29,134520,66996,67524,14031,12014,2017,118203,54068,64135,1282,423,859,722,383,339,282,108,174,0,0,0
08,118,District - Pali (20),Total,30-34,125591,61300,64291,4421,3881,540,117929,56281,61648,2326,646,1680,690,394,296,225,98,127,0,0,0
08,118,District - Pali (20),Total,35-39,123337,60383,62954,2073,1810,263,116741,57280,59461,3754,907,2847,574,308,266,195,78,117,0,0,0
08,118,District - Pali (20),Total,40-44,114175,56761,57414,1308,1171,137,107076,54048,53028,5197,1207,3990,458,267,191,136,68,68,0,0,0
08,118,District - Pali (20),Total,45-49,104333,52221,52112,908,770,138,96504,49689,46815,6531,1546,4985,307,185,122,83,31,52,0,0,0
08,118,District - Pali (20),Total,50-54,86934,45443,41491,665,569,96,77121,42620,34501,8856,2091,6765,210,126,84,82,37,45,0,0,0
08,118,District - Pali (20),Total,55-59,69375,33707,35668,464,379,85,59944,31265,28679,8814,1981,6833,99,62,37,54,20,34,0,0,0
08,118,District - Pali (20),Total,60-64,63721,31517,32204,709,496,213,48920,28149,20771,13977,2815,11162,86,42,44,29,15,14,0,0,0
08,118,District - Pali (20),Total,65-69,45305,20726,24579,604,381,223,32503,17855,14648,12135,2458,9677,47,26,21,16,6,10,0,0,0
08,118,District - Pali (20),Total,70-74,37722,17770,19952,343,242,101,21784,14557,7227,15546,2946,12600,39,19,20,10,6,4,0,0,0
08,118,District - Pali (20),Total,75-79,17082,7049,10033,168,101,67,9298,5458,3840,7591,1477,6114,19,11,8,6,2,4,0,0,0
08,118,District - Pali (20),Total,80+,23245,8966,14279,654,382,272,8768,5905,2863,13795,2670,11125,22,8,14,6,1,5,0,0,0
08,118,District - Pali (20),Total,Age not stated,18770,8925,9845,8037,4547,3490,9545,4095,5450,1132,255,877,42,21,21,14,7,7,0,0,0
08,118,District - Pali (20),Total,Less than 18,822534,428951,393583,804461,423410,381051,17646,5387,12259,259,87,172,150,60,90,18,7,11,0,0,0
08,118,District - Pali (20),Total,Less than 21,954033,492618,461415,892438,477303,415135,60552,15011,45541,501,161,340,435,125,310,107,18,89,0,0,0
08,118,District - Pali (20),Rural,All ages,1577567,787559,790008,746291,410158,336133,742963,357000,385963,84093,18253,65840,3259,1758,1501,961,390,571,0,0,0
08,118,District - Pali (20),Rural,0-9,342782,179958,162824,342782,179958,162824,0,0,0,0,0,0,0,0,0,0,0,0,0,0,0
08,118,District - Pali (20),Rural,10-14,203796,106340,97456,197274,104076,93198,6346,2195,4151,98,37,61,70,29,41,8,3,5,0,0,0
08,118,District - Pali (20),Rural,15-19,164443,80038,84405,138201,74094,64107,25823,5827,19996,207,69,138,173,44,129,39,4,35,0,0,0
08,118,District - Pali (20),Rural,20-24,123131,61352,61779,42878,32350,10528,79003,28586,50417,543,178,365,523,194,329,184,44,140,0,0,0
08,118,District - Pali (20),Rural,25-29,97274,47874,49400,8846,7840,1006,86699,39303,47396,994,341,653,564,316,248,171,74,97,0,0,0
08,118,District - Pali (20),Rural,30-34,92860,44762,48098,3114,2801,313,87269,41072,46197,1830,508,1322,512,314,198,135,67,68,0,0,0
08,118,District - Pali (20),Rural,35-39,92090,44779,47311,1529,1369,160,87017,42361,44656,2999,750,2249,422,244,178,123,55,68,0,0,0
08,118,District - Pali (20),Rural,40-44,86673,42612,44061,1039,952,87,81054,40384,40670,4149,1019,3130,332,206,126,99,51,48,0,0,0
08,118,District - Pali (20),Rural,45-49,80019,39670,40349,706,626,80,73865,37592,36273,5166,1280,3886,229,149,80,53,23,30,0,0,0
08,118,District - Pali (20),Rural,50-54,67663,35074,32589,530,474,56,59756,32685,27071,7158,1780,5378,165,109,56,54,26,28,0,0,0
08,118,District - Pali (20),Rural,55-59,55469,26421,29048,380,325,55,47701,24339,23362,7273,1689,5584,77,52,25,38,16,22,0,0,0
08,118,District - Pali (20),Rural,60-64,52271,25778,26493,587,428,159,39967,22891,17076,11642,2418,9224,55,29,26,20,12,8,0,0,0
08,118,District - Pali (20),Rural,65-69,37573,17043,20530,459,296,163,26945,14643,12302,10122,2081,8041,37,19,18,10,4,6,0,0,0
08,118,District - Pali (20),Rural,70-74,31665,14924,16741,279,203,76,18275,12210,6065,13071,2490,10581,34,18,16,6,3,3,0,0,0
08,118,District - Pali (20),Rural,75-79,14273,5849,8424,133,81,52,7801,4553,3248,6318,1204,5114,17,10,7,4,1,3,0,0,0
08,118,District - Pali (20),Rural,80+,19217,7355,11862,485,287,198,7224,4877,2347,11487,2183,9304,15,7,8,6,1,5,0,0,0
08,118,District - Pali (20),Rural,Age not stated,16368,7730,8638,7069,3998,3071,8218,3482,4736,1036,226,810,34,18,16,11,6,5,0,0,0
08,118,District - Pali (20),Rural,Less than 18,648920,337187,311733,633247,332389,300858,15326,4668,10658,211,74,137,121,50,71,15,6,9,0,0,0
08,118,District - Pali (20),Rural,Less than 21,747828,383936,363892,696662,371030,325632,50282,12653,37629,422,136,286,373,103,270,89,14,75,0,0,0
08,118,District - Pali (20),Urban,All ages,460006,237863,222143,219326,123692,95634,221334,110083,111251,17852,3505,14347,1008,428,580,486,155,331,0,0,0
08,118,District - Pali (20),Urban,0-9,89918,47667,42251,89918,47667,42251,0,0,0,0,0,0,0,0,0,0,0,0,0,0,0
08,118,District - Pali (20),Urban,10-14,53082,27942,25140,52214,27602,24612,828,325,503,21,7,14,18,7,11,1,1,0,0,0,0
08,118,District - Pali (20),Urban,15-19,51017,26891,24126,45952,25826,20126,4996,1044,3952,36,12,24,26,7,19,7,2,5,0,0,0
08,118,District - Pali (20),Urban,20-24,45294,23470,21824,22013,15534,6479,22965,7836,15129,104,33,71,142,53,89,70,14,56,0,0,0
08,118,District - Pali (20),Urban,25-29,37246,19122,18124,5185,4174,1011,31504,14765,16739,288,82,206,158,67,91,111,34,77,0,0,0
08,118,District - Pali (20),Urban,30-34,32731,16538,16193,1307,1080,227,30660,15209,15451,496,138,358,178,80,98,90,31,59,0,0,0
08,118,District - Pali (20),Urban,35-39,31247,15604,15643,544,441,103,29724,14919,14805,755,157,598,152,64,88,72,23,49,0,0,0
08,118,District - Pali (20),Urban,40-44,27502,14149,13353,269,219,50,26022,13664,12358,1048,188,860,126,61,65,37,17,20,0,0,0
08,118,District - Pali (20),Urban,45-49,24314,12551,11763,202,144,58,22639,12097,10542,1365,266,1099,78,36,42,30,8,22,0,0,0
08,118,District - Pali (20),Urban,50-54,19271,10369,8902,135,95,40,17365,9935,7430,1698,311,1387,45,17,28,28,11,17,0,0,0
08,118,District - Pali (20),Urban,55-59,13906,7286,6620,84,54,30,12243,6926,5317,1541,292,1249,22,10,12,16,4,12,0,0,0
08,118,District - Pali (20),Urban,60-64,11450,5739,5711,122,68,54,8953,5258,3695,2335,397,1938,31,13,18,9,3,6,0,0,0
08,118,District - Pali (20),Urban,65-69,7732,3683,4049,145,85,60,5558,3212,2346,2013,377,1636,10,7,3,6,2,4,0,0,0
08,118,District - Pali (20),Urban,70-74,6057,2846,3211,64,39,25,3509,2347,1162,2475,456,2019,5,1,4,4,3,1,0,0,0
08,118,District - Pali (20),Urban,75-79,2809,1200,1609,35,20,15,1497,905,592,1273,273,1000,2,1,1,2,1,1,0,0,0
08,118,District - Pali (20),Urban,80+,4028,1611,2417,169,95,74,1544,1028,516,2308,487,1821,7,1,6,0,0,0,0,0,0
08,118,District - Pali (20),Urban,Age not stated,2402,1195,1207,968,549,419,1327,613,714,96,29,67,8,3,5,3,1,2,0,0,0
08,118,District - Pali (20),Urban,Less than 18,173614,91764,81850,171214,91021,80193,2320,719,1601,48,13,35,29,10,19,3,1,2,0,0,0
08,118,District - Pali (20),Urban,Less than 21,206205,108682,97523,195776,106273,89503,10270,2358,7912,79,25,54,62,22,40,18,4,14,0,0,0
08,119,District - Ajmer (21),Total,All ages,2583052,1324085,1258967,1153453,649505,503948,1296760,641886,654874,122893,27810,95083,7269,3761,3508,2677,1123,1554,0,0,0
08,119,District - Ajmer (21),Total,0-9,546225,286804,259421,546225,286804,259421,0,0,0,0,0,0,0,0,0,0,0,0,0,0,0
08,119,District - Ajmer (21),Total,10-14,293108,153529,139579,272552,146244,126308,20271,7187,13084,184,50,134,84,39,45,17,9,8,0,0,0
08,119,District - Ajmer (21),Total,15-19,266355,139030,127325,196356,116533,79823,69146,22217,46929,439,147,292,338,112,226,76,21,55,0,0,0
08,119,District - Ajmer (21),Total,20-24,245003,126630,118373,85601,59975,25626,157046,65684,91362,1071,385,686,1010,465,545,275,121,154,0,0,0
08,119,District - Ajmer (21),Total,25-29,210386,109194,101192,27123,20711,6412,179630,87034,92596,2028,688,1340,1171,578,593,434,183,251,0,0,0
08,119,District - Ajmer (21),Total,30-34,181844,92262,89582,8154,6568,1586,168783,83977,84806,3346,947,2399,1139,606,533,422,164,258,0,0,0
08,119,District - Ajmer (21),Total,35-39,168431,85652,82779,4064,3344,720,157482,80169,77313,5510,1428,4082,963,535,428,412,176,236,0,0,0
08,119,District - Ajmer (21),Total,40-44,148283,75385,72898,2780,2260,520,136850,70664,66186,7499,1840,5659,839,474,365,315,147,168,0,0,0
08,119,District - Ajmer (21),Total,45-49,131393,66201,65192,1816,1448,368,119151,62067,57084,9552,2238,7314,622,340,282,252,108,144,0,0,0
08,119,District - Ajmer (21),Total,50-54,109723,57252,52471,1404,1050,354,95198,52947,42251,12501,2942,9559,440,240,200,180,73,107,0,0,0
08,119,District - Ajmer (21),Total,55-59,83672,41360,42312,972,660,312,70090,37790,32300,12243,2721,9522,261,141,120,106,48,58,0,0,0
08,119,District - Ajmer (21),Total,60-64,71072,34731,36341,1170,717,453,52314,30354,21960,17322,3513,13809,186,117,69,80,30,50,0,0,0
08,119,District - Ajmer (21),Total,65-69,47062,21538,25524,970,613,357,31962,18002,13960,14004,2859,11145,90,47,43,36,17,19,0,0,0
08,119,District - Ajmer (21),Total,70-74,36698,16170,20528,583,346,237,20300,12656,7644,15711,3120,12591,69,39,30,35,9,26,0,0,0
08,119,District - Ajmer (21),Total,75-79,17765,7649,10116,254,152,102,9265,5566,3699,8215,1915,6300,17,8,9,14,8,6,0,0,0
08,119,District - Ajmer (21),Total,80+,22048,8520,13528,868,497,371,8056,5037,3019,13085,2967,10118,26,15,11,13,4,9,0,0,0
08,119,District - Ajmer (21),Total,Age not stated,3984,2178,1806,2561,1583,978,1216,535,681,183,50,133,14,5,9,10,5,5,0,0,0
08,119,District - Ajmer (21),Total,Less than 18,996996,523251,473745,947292,506287,441005,49067,16764,32303,395,108,287,198,72,126,44,20,24,0,0,0
08,119,District - Ajmer (21),Total,Less than 21,1172013,613277,558736,1043598,569265,474333,126738,43427,83311,868,280,588,653,253,400,156,52,104,0,0,0
08,119,District - Ajmer (21),Rural,All ages,1547642,789397,758245,692209,388375,303834,775022,380100,394922,74594,17666,56928,4849,2786,2063,968,470,498,0,0,0
08,119,District - Ajmer (21),Rural,0-9,362239,189460,172779,362239,189460,172779,0,0,0,0,0,0,0,0,0,0,0,0,0,0,0
08,119,District - Ajmer (21),Rural,10-14,191462,99880,91582,173647,93528,80119,17627,6289,11338,119,33,86,59,27,32,10,3,7,0,0,0
08,119,District - Ajmer (21),Rural,15-19,165002,85824,79178,108349,66791,41558,56028,18821,37207,308,111,197,270,90,180,47,11,36,0,0,0
08,119,District - Ajmer (21),Rural,20-24,141982,74060,67922,31080,24628,6452,109206,48653,60553,749,293,456,781,397,384,166,89,77,0,0,0
08,119,District - Ajmer (21),Rural,25-29,115409,59824,55585,6582,5745,837,106435,53009,53426,1376,498,878,817,462,355,199,110,89,0,0,0
08,119,District - Ajmer (21),Rural,30-34,100899,50627,50272,2447,2202,245,95480,47275,48205,2135,655,1480,710,434,276,127,61,66,0,0,0
08,119,District - Ajmer (21),Rural,35-39,93505,47206,46299,1475,1317,158,87817,44442,43375,3494,1011,2483,613,390,223,106,46,60,0,0,0
08,119,District - Ajmer (21),Rural,40-44,83112,42038,41074,1111,974,137,76827,39351,37476,4538,1312,3226,549,354,195,87,47,40,0,0,0
08,119,District - Ajmer (21),Rural,45-49,72682,36274,36408,734,658,76,65764,33808,31956,5760,1567,4193,356,210,146,68,31,37,0,0,0
08,119,District - Ajmer (21),Rural,50-54,60597,31342,29255,562,484,78,51996,28638,23358,7701,2019,5682,277,170,107,61,31,30,0,0,0
08,119,District - Ajmer (21),Rural,55-59,46566,22163,24403,371,297,74,38606,20003,18603,7403,1753,5650,160,93,67,26,17,9,0,0,0
08,119,District - Ajmer (21),Rural,60-64,41292,19771,21521,557,382,175,29544,16946,12598,11041,2345,8696,126,88,38,24,10,14,0,0,0
08,119,District - Ajmer (21),Rural,65-69,27171,11990,15181,502,333,169,18076,9914,8162,8532,1710,6822,53,31,22,8,2,6,0,0,0
08,119,District - Ajmer (21),Rural,70-74,21463,9117,12346,270,186,84,11412,7075,4337,9718,1829,7889,45,23,22,18,4,14,0,0,0
08,119,District - Ajmer (21),Rural,75-79,9493,3795,5698,103,73,30,4879,2744,2135,4495,969,3526,8,5,3,8,4,4,0,0,0
08,119,District - Ajmer (21),Rural,80+,12152,4594,7558,412,242,170,4613,2813,1800,7107,1531,5576,14,7,7,6,1,5,0,0,0
08,119,District - Ajmer (21),Rural,Age not stated,2616,1432,1184,1768,1075,693,712,319,393,118,30,88,11,5,6,7,3,4,0,0,0
08,119,District - Ajmer (21),Rural,Less than 18,652036,340980,311056,610209,326342,283867,41386,14504,26882,261,73,188,154,52,102,26,9,17,0,0,0
08,119,District - Ajmer (21),Rural,Less than 21,760588,396860,363728,657482,360029,297453,101877,36376,65501,604,213,391,521,210,311,104,32,72,0,0,0
08,119,District - Ajmer (21),Urban,All ages,1035410,534688,500722,461244,261130,200114,521738,261786,259952,48299,10144,38155,2420,975,1445,1709,653,1056,0,0,0
08,119,District - Ajmer (21),Urban,0-9,183986,97344,86642,183986,97344,86642,0,0,0,0,0,0,0,0,0,0,0,0,0,0,0
08,119,District - Ajmer (21),Urban,10-14,101646,53649,47997,98905,52716,46189,2644,898,1746,65,17,48,25,12,13,7,6,1,0,0,0
08,119,District - Ajmer (21),Urban,15-19,101353,53206,48147,88007,49742,38265,13118,3396,9722,131,36,95,68,22,46,29,10,19,0,0,0
08,119,District - Ajmer (21),Urban,20-24,103021,52570,50451,54521,35347,19174,47840,17031,30809,322,92,230,229,68,161,109,32,77,0,0,0
08,119,District - Ajmer (21),Urban,25-29,94977,49370,45607,20541,14966,5575,73195,34025,39170,652,190,462,354,116,238,235,73,162,0,0,0
08,119,District - Ajmer (21),Urban,30-34,80945,41635,39310,5707,4366,1341,73303,36702,36601,1211,292,919,429,172,257,295,103,192,0,0,0
08,119,District - Ajmer (21),Urban,35-39,74926,38446,36480,2589,2027,562,69665,35727,33938,2016,417,1599,350,145,205,306,130,176,0,0,0
08,119,District - Ajmer (21),Urban,40-44,65171,33347,31824,1669,1286,383,60023,31313,28710,2961,528,2433,290,120,170,228,100,128,0,0,0
08,119,District - Ajmer (21),Urban,45-49,58711,29927,28784,1082,790,292,53387,28259,25128,3792,671,3121,266,130,136,184,77,107,0,0,0
08,119,District - Ajmer (21),Urban,50-54,49126,25910,23216,842,566,276,43202,24309,18893,4800,923,3877,163,70,93,119,42,77,0,0,0
08,119,District - Ajmer (21),Urban,55-59,37106,19197,17909,601,363,238,31484,17787,13697,4840,968,3872,101,48,53,80,31,49,0,0,0
08,119,District - Ajmer (21),Urban,60-64,29780,14960,14820,613,335,278,22770,13408,9362,6281,1168,5113,60,29,31,56,20,36,0,0,0
08,119,District - Ajmer (21),Urban,65-69,19891,9548,10343,468,280,188,13886,8088,5798,5472,1149,4323,37,16,21,28,15,13,0,0,0
08,119,District - Ajmer (21),Urban,70-74,15235,7053,8182,313,160,153,8888,5581,3307,5993,1291,4702,24,16,8,17,5,12,0,0,0
08,119,District - Ajmer (21),Urban,75-79,8272,3854,4418,151,79,72,4386,2822,1564,3720,946,2774,9,3,6,6,4,2,0,0,0
08,119,District - Ajmer (21),Urban,80+,9896,3926,5970,456,255,201,3443,2224,1219,5978,1436,4542,12,8,4,7,3,4,0,0,0
08,119,District - Ajmer (21),Urban,Age not stated,1368,746,622,793,508,285,504,216,288,65,20,45,3,0,3,3,2,1,0,0,0
08,119,District - Ajmer (21),Urban,Less than 18,344960,182271,162689,337083,179945,157138,7681,2260,5421,134,35,99,44,20,24,18,11,7,0,0,0
08,119,District - Ajmer (21),Urban,Less than 21,411425,216417,195008,386116,209236,176880,24861,7051,17810,264,67,197,132,43,89,52,20,32,0,0,0
08,120,District - Tonk (22),Total,All ages,1421326,728136,693190,638981,357055,281926,714279,352563,361716,62642,15855,46787,4417,2286,2131,1007,377,630,0,0,0
08,120,District - Tonk (22),Total,0-9,296559,156282,140277,296559,156282,140277,0,0,0,0,0,0,0,0,0,0,0,0,0,0,0
08,120,District - Tonk (22),Total,10-14,174162,90839,83323,165070,87903,77167,8945,2881,6064,66,21,45,74,33,41,7,1,6,0,0,0
08,120,District - Tonk (22),Total,15-19,160156,81588,78568,115554,67914,47640,44114,13495,30619,231,77,154,220,89,131,37,13,24,0,0,0
08,120,District - Tonk (22),Total,20-24,139158,71106,68052,41447,28784,12663,96246,41719,54527,654,272,382,673,286,387,138,45,93,0,0,0
08,120,District - Tonk (22),Total,25-29,110159,57215,52944,9970,8074,1896,98165,48227,49938,1035,414,621,811,436,375,178,64,114,0,0,0
08,120,District - Tonk (22),Total,30-34,97246,49202,48044,3237,2680,557,91659,45536,46123,1553,574,979,634,345,289,163,67,96,0,0,0
08,120,District - Tonk (22),Total,35-39,90243,45851,44392,1658,1392,266,85411,43305,42106,2472,794,1678,551,297,254,151,63,88,0,0,0
08,120,District - Tonk (22),Total,40-44,80067,41142,38925,989,840,149,75003,38969,36034,3458,1031,2427,507,263,244,110,39,71,0,0,0
08,120,District - Tonk (22),Total,45-49,66450,34195,32255,671,591,80,61076,32069,29007,4293,1331,2962,335,179,156,75,25,50,0,0,0
08,120,District - Tonk (22),Total,50-54,54299,28752,25547,480,420,60,47923,26624,21299,5616,1555,4061,222,131,91,58,22,36,0,0,0
08,120,District - Tonk (22),Total,55-59,42680,20996,21684,341,284,57,36525,19100,17425,5639,1514,4125,146,85,61,29,13,16,0,0,0
08,120,District - Tonk (22),Total,60-64,37987,18765,19222,657,432,225,28172,16257,11915,9025,2004,7021,111,63,48,22,9,13,0,0,0
08,120,District - Tonk (22),Total,65-69,27543,12320,15223,555,359,196,18749,10167,8582,8165,1753,6412,60,36,24,14,5,9,0,0,0
08,120,District - Tonk (22),Total,70-74,22261,10434,11827,283,206,77,12394,8158,4236,9536,2042,7494,34,20,14,14,8,6,0,0,0
08,120,District - Tonk (22),Total,75-79,9432,4016,5416,128,97,31,4924,2974,1950,4365,936,3429,11,6,5,4,3,1,0,0,0
08,120,District - Tonk (22),Total,80+,11391,4675,6716,501,304,197,4412,2845,1567,6450,1513,4937,21,13,8,7,0,7,0,0,0
08,120,District - Tonk (22),Total,Age not stated,1533,758,775,881,493,388,561,237,324,84,24,60,7,4,3,0,0,0,0,0,0
08,120,District - Tonk (22),Total,Less than 18,566398,297042,269356,539198,288502,250696,26823,8408,18415,195,56,139,161,69,92,21,7,14,0,0,0
08,120,District - Tonk (22),Total,Less than 21,670730,348675,322055,593105,322955,270150,76611,25350,51261,462,162,300,470,183,287,82,25,57,0,0,0
08,120,District - Tonk (22),Rural,All ages,1103603,568045,535558,478275,270947,207328,569998,281284,288714,51059,13525,37534,3676,2011,1665,595,278,317,0,0,0
08,120,District - Tonk (22),Rural,0-9,234119,123002,111117,234119,123002,111117,0,0,0,0,0,0,0,0,0,0,0,0,0,0,0
08,120,District - Tonk (22),Rural,10-14,136922,71674,65248,128524,68960,59564,8273,2666,5607,56,17,39,65,30,35,4,1,3,0,0,0
08,120,District - Tonk (22),Rural,15-19,120748,62935,57813,81065,50404,30661,39283,12369,26914,189,71,118,180,79,101,31,12,19,0,0,0
08,120,District - Tonk (22),Rural,20-24,103039,54194,48845,22314,18022,4292,79525,35641,43884,534,242,292,578,258,320,88,31,57,0,0,0
08,120,District - Tonk (22),Rural,25-29,84038,43928,40110,5118,4624,494,77278,38508,38770,865,362,503,671,379,292,106,55,51,0,0,0
08,120,District - Tonk (22),Rural,30-34,75172,38082,37090,1912,1723,189,71381,35508,35873,1262,497,765,521,302,219,96,52,44,0,0,0
08,120,District - Tonk (22),Rural,35-39,69846,35591,34255,1137,1023,114,66225,33582,32643,1965,684,1281,444,258,186,75,44,31,0,0,0
08,120,District - Tonk (22),Rural,40-44,62448,32053,30395,730,666,64,58521,30253,28268,2731,890,1841,408,221,187,58,23,35,0,0,0
08,120,District - Tonk (22),Rural,45-49,51878,26590,25288,520,490,30,47614,24770,22844,3417,1149,2268,285,164,121,42,17,25,0,0,0
08,120,District - Tonk (22),Rural,50-54,42637,22529,20108,377,340,37,37495,20674,16821,4542,1384,3158,189,115,74,34,16,18,0,0,0
08,120,District - Tonk (22),Rural,55-59,34029,16539,17490,269,241,28,28983,14911,14072,4634,1306,3328,127,76,51,16,5,11,0,0,0
08,120,District - Tonk (22),Rural,60-64,30762,15235,15527,511,353,158,22689,13075,9614,7452,1743,5709,95,56,39,15,8,7,0,0,0
08,120,District - Tonk (22),Rural,65-69,22190,9856,12334,385,271,114,15022,8070,6952,6724,1477,5247,52,34,18,7,4,3,0,0,0
08,120,District - Tonk (22),Rural,70-74,18108,8477,9631,214,164,50,9960,6568,3392,7893,1720,6173,28,18,10,13,7,6,0,0,0
08,120,District - Tonk (22),Rural,75-79,7503,3124,4379,100,82,18,3832,2271,1561,3558,763,2795,9,5,4,4,3,1,0,0,0
08,120,District - Tonk (22),Rural,80+,8975,3656,5319,336,216,120,3449,2227,1222,5165,1200,3965,19,13,6,6,0,6,0,0,0
08,120,District - Tonk (22),Rural,Age not stated,1189,580,609,644,366,278,468,191,277,72,20,52,5,3,2,0,0,0,0,0,0
08,120,District - Tonk (22),Rural,Less than 18,444280,233573,210707,419471,225652,193819,24499,7805,16694,157,48,109,137,61,76,16,7,9,0,0,0
08,120,District - Tonk (22),Rural,Less than 21,521487,273048,248439,453144,249786,203358,67502,22928,44574,387,146,241,395,167,228,59,21,38,0,0,0
08,120,District - Tonk (22),Urban,All ages,317723,160091,157632,160706,86108,74598,144281,71279,73002,11583,2330,9253,741,275,466,412,99,313,0,0,0
08,120,District - Tonk (22),Urban,0-9,62440,33280,29160,62440,33280,29160,0,0,0,0,0,0,0,0,0,0,0,0,0,0,0
08,120,District - Tonk (22),Urban,10-14,37240,19165,18075,36546,18943,17603,672,215,457,10,4,6,9,3,6,3,0,3,0,0,0
08,120,District - Tonk (22),Urban,15-19,39408,18653,20755,34489,17510,16979,4831,1126,3705,42,6,36,40,10,30,6,1,5,0,0,0
08,120,District - Tonk (22),Urban,20-24,36119,16912,19207,19133,10762,8371,16721,6078,10643,120,30,90,95,28,67,50,14,36,0,0,0
08,120,District - Tonk (22),Urban,25-29,26121,13287,12834,4852,3450,1402,20887,9719,11168,170,52,118,140,57,83,72,9,63,0,0,0
08,120,District - Tonk (22),Urban,30-34,22074,11120,10954,1325,957,368,20278,10028,10250,291,77,214,113,43,70,67,15,52,0,0,0
08,120,District - Tonk (22),Urban,35-39,20397,10260,10137,521,369,152,19186,9723,9463,507,110,397,107,39,68,76,19,57,0,0,0
08,120,District - Tonk (22),Urban,40-44,17619,9089,8530,259,174,85,16482,8716,7766,727,141,586,99,42,57,52,16,36,0,0,0
08,120,District - Tonk (22),Urban,45-49,14572,7605,6967,151,101,50,13462,7299,6163,876,182,694,50,15,35,33,8,25,0,0,0
08,120,District - Tonk (22),Urban,50-54,11662,6223,5439,103,80,23,10428,5950,4478,1074,171,903,33,16,17,24,6,18,0,0,0
08,120,District - Tonk (22),Urban,55-59,8651,4457,4194,72,43,29,7542,4189,3353,1005,208,797,19,9,10,13,8,5,0,0,0
08,120,District - Tonk (22),Urban,60-64,7225,3530,3695,146,79,67,5483,3182,2301,1573,261,1312,16,7,9,7,1,6,0,0,0
08,120,District - Tonk (22),Urban,65-69,5353,2464,2889,170,88,82,3727,2097,1630,1441,276,1165,8,2,6,7,1,6,0,0,0
08,120,District - Tonk (22),Urban,70-74,4153,1957,2196,69,42,27,2434,1590,844,1643,322,1321,6,2,4,1,1,0,0,0,0
08,120,District - Tonk (22),Urban,75-79,1929,892,1037,28,15,13,1092,703,389,807,173,634,2,1,1,0,0,0,0,0,0
08,120,District - Tonk (22),Urban,80+,2416,1019,1397,165,88,77,963,618,345,1285,313,972,2,0,2,1,0,1,0,0,0
08,120,District - Tonk (22),Urban,Age not stated,344,178,166,237,127,110,93,46,47,12,4,8,2,1,1,0,0,0,0,0,0
08,120,District - Tonk (22),Urban,Less than 18,122118,63469,58649,119727,62850,56877,2324,603,1721,38,8,30,24,8,16,5,0,5,0,0,0
08,120,District - Tonk (22),Urban,Less than 21,149243,75627,73616,139961,73169,66792,9109,2422,6687,75,16,59,75,16,59,23,4,19,0,0,0
08,121,District - Bundi (23),Total,All ages,1110906,577160,533746,506302,288309,217993,552070,273694,278376,45882,11765,34117,5776,3051,2725,876,341,535,0,0,0
08,121,District - Bundi (23),Total,0-9,231590,122199,109391,231590,122199,109391,0,0,0,0,0,0,0,0,0,0,0,0,0,0,0
08,121,District - Bundi (23),Total,10-14,132786,70489,62297,127783,68846,58937,4891,1601,3290,50,12,38,58,27,31,4,3,1,0,0,0
08,121,District - Bundi (23),Total,15-19,123916,65337,58579,94953,57135,37818,28367,8034,20333,218,59,159,337,98,239,41,11,30,0,0,0
08,121,District - Bundi (23),Total,20-24,109567,57570,51997,35255,26273,8982,72635,30621,42014,486,193,293,1040,433,607,151,50,101,0,0,0
08,121,District - Bundi (23),Total,25-29,88912,46627,42285,9143,7532,1611,77635,38102,39533,832,319,513,1144,614,530,158,60,98,0,0,0
08,121,District - Bundi (23),Total,30-34,77340,39197,38143,2627,2310,317,72534,35927,36607,1216,421,795,823,477,346,140,62,78,0,0,0
08,121,District - Bundi (23),Total,35-39,72273,36794,35479,1215,1070,145,68367,34675,33692,1877,587,1290,719,424,295,95,38,57,0,0,0
08,121,District - Bundi (23),Total,40-44,63941,33136,30805,759,700,59,59818,31245,28573,2675,796,1879,595,353,242,94,42,52,0,0,0
08,121,District - Bundi (23),Total,45-49,54094,27962,26132,495,449,46,49858,26302,23556,3283,962,2321,387,223,164,71,26,45,0,0,0
08,121,District - Bundi (23),Total,50-54,42920,23088,19832,385,347,38,37954,21392,16562,4294,1186,3108,254,151,103,33,12,21,0,0,0
08,121,District - Bundi (23),Total,55-59,32741,16376,16365,264,216,48,28119,14961,13158,4187,1111,3076,143,75,68,28,13,15,0,0,0
08,121,District - Bundi (23),Total,60-64,28918,14345,14573,429,294,135,21653,12456,9197,6671,1496,5175,133,86,47,32,13,19,0,0,0
08,121,District - Bundi (23),Total,65-69,20991,9542,11449,445,319,126,14359,7835,6524,6120,1346,4774,51,34,17,16,8,8,0,0,0
08,121,District - Bundi (23),Total,70-74,16151,7896,8255,212,151,61,9151,6204,2947,6732,1507,5225,51,34,17,5,0,5,0,0,0
08,121,District - Bundi (23),Total,75-79,6773,2990,3783,95,62,33,3611,2220,1391,3052,701,2351,10,6,4,5,1,4,0,0,0
08,121,District - Bundi (23),Total,80+,7464,3308,4156,337,202,135,2937,2031,906,4169,1064,3105,18,9,9,3,2,1,0,0,0
08,121,District - Bundi (23),Total,Age not stated,529,304,225,315,204,111,181,88,93,20,5,15,13,7,6,0,0,0,0,0,0
08,121,District - Bundi (23),Total,Less than 18,439096,232557,206539,423134,227724,195410,15614,4717,10897,158,44,114,173,66,107,17,6,11,0,0,0
08,121,District - Bundi (23),Total,Less than 21,519948,274312,245636,467779,258055,209724,51070,15920,35150,383,103,280,636,207,429,80,27,53,0,0,0
08,121,District - Bundi (23),Rural,All ages,888205,461734,426471,401459,228932,172527,444474,220009,224465,36892,9905,26987,4865,2661,2204,515,227,288,0,0,0
08,121,District - Bundi (23),Rural,0-9,190453,100341,90112,190453,100341,90112,0,0,0,0,0,0,0,0,0,0,0,0,0,0,0
08,121,District - Bundi (23),Rural,10-14,108808,57707,51101,104128,56193,47935,4582,1477,3105,44,11,33,50,23,27,4,3,1,0,0,0
08,121,District - Bundi (23),Rural,15-19,99101,52334,46767,72850,44722,28128,25734,7459,18275,191,55,136,297,90,207,29,8,21,0,0,0
08,121,District - Bundi (23),Rural,20-24,86303,45528,40775,23151,18248,4903,61730,26673,35057,401,174,227,912,392,520,109,41,68,0,0,0
08,121,District - Bundi (23),Rural,25-29,69467,36748,32719,5315,4682,633,62373,31193,31180,707,286,421,976,544,432,96,43,53,0,0,0
08,121,District - Bundi (23),Rural,30-34,60372,30570,29802,1679,1525,154,56929,28219,28710,993,369,624,697,417,280,74,40,34,0,0,0
08,121,District - Bundi (23),Rural,35-39,56581,28841,27740,880,811,69,53552,27131,26421,1495,502,993,613,379,234,41,18,23,0,0,0
08,121,District - Bundi (23),Rural,40-44,50404,26145,24259,584,547,37,47167,24590,22577,2131,697,1434,475,290,185,47,21,26,0,0,0
08,121,District - Bundi (23),Rural,45-49,42127,21729,20398,388,356,32,38789,20351,18438,2599,813,1786,315,191,124,36,18,18,0,0,0
08,121,District - Bundi (23),Rural,50-54,33376,17978,15398,281,262,19,29400,16557,12843,3474,1027,2447,204,126,78,17,6,11,0,0,0
08,121,District - Bundi (23),Rural,55-59,25805,12612,13193,206,179,27,22117,11437,10680,3364,932,2432,101,55,46,17,9,8,0,0,0
08,121,District - Bundi (23),Rural,60-64,23644,11750,11894,370,263,107,17625,10121,7504,5523,1282,4241,106,74,32,20,10,10,0,0,0
08,121,District - Bundi (23),Rural,65-69,17196,7831,9365,378,279,99,11791,6380,5411,4967,1132,3835,46,33,13,14,7,7,0,0,0
08,121,District - Bundi (23),Rural,70-74,13044,6469,6575,178,132,46,7367,5060,2307,5457,1250,4207,38,27,11,4,0,4,0,0,0
08,121,District - Bundi (23),Rural,75-79,5287,2284,3003,75,49,26,2813,1669,1144,2387,559,1828,8,6,2,4,1,3,0,0,0
08,121,District - Bundi (23),Rural,80+,5752,2584,3168,254,154,100,2338,1610,728,3141,811,2330,16,7,9,3,2,1,0,0,0
08,121,District - Bundi (23),Rural,Age not stated,485,283,202,289,189,100,167,82,85,18,5,13,11,7,4,0,0,0,0,0,0
08,121,District - Bundi (23),Rural,Less than 18,359416,190237,169179,344603,185768,158835,14510,4366,10144,140,40,100,150,58,92,13,5,8,0,0,0
08,121,District - Bundi (23),Rural,Less than 21,423959,223649,200310,377111,208681,168430,45896,14664,31232,331,94,237,562,189,373,59,21,38,0,0,0
08,121,District - Bundi (23),Urban,All ages,222701,115426,107275,104843,59377,45466,107596,53685,53911,8990,1860,7130,911,390,521,361,114,247,0,0,0
08,121,District - Bundi (23),Urban,0-9,41137,21858,19279,41137,21858,19279,0,0,0,0,0,0,0,0,0,0,0,0,0,0,0
08,121,District - Bundi (23),Urban,10-14,23978,12782,11196,23655,12653,11002,309,124,185,6,1,5,8,4,4,0,0,0,0,0,0
08,121,District - Bundi (23),Urban,15-19,24815,13003,11812,22103,12413,9690,2633,575,2058,27,4,23,40,8,32,12,3,9,0,0,0
08,121,District - Bundi (23),Urban,20-24,23264,12042,11222,12104,8025,4079,10905,3948,6957,85,19,66,128,41,87,42,9,33,0,0,0
08,121,District - Bundi (23),Urban,25-29,19445,9879,9566,3828,2850,978,15262,6909,8353,125,33,92,168,70,98,62,17,45,0,0,0
08,121,District - Bundi (23),Urban,30-34,16968,8627,8341,948,785,163,15605,7708,7897,223,52,171,126,60,66,66,22,44,0,0,0
08,121,District - Bundi (23),Urban,35-39,15692,7953,7739,335,259,76,14815,7544,7271,382,85,297,106,45,61,54,20,34,0,0,0
08,121,District - Bundi (23),Urban,40-44,13537,6991,6546,175,153,22,12651,6655,5996,544,99,445,120,63,57,47,21,26,0,0,0
08,121,District - Bundi (23),Urban,45-49,11967,6233,5734,107,93,14,11069,5951,5118,684,149,535,72,32,40,35,8,27,0,0,0
08,121,District - Bundi (23),Urban,50-54,9544,5110,4434,104,85,19,8554,4835,3719,820,159,661,50,25,25,16,6,10,0,0,0
08,121,District - Bundi (23),Urban,55-59,6936,3764,3172,58,37,21,6002,3524,2478,823,179,644,42,20,22,11,4,7,0,0,0
08,121,District - Bundi (23),Urban,60-64,5274,2595,2679,59,31,28,4028,2335,1693,1148,214,934,27,12,15,12,3,9,0,0,0
08,121,District - Bundi (23),Urban,65-69,3795,1711,2084,67,40,27,2568,1455,1113,1153,214,939,5,1,4,2,1,1,0,0,0
08,121,District - Bundi (23),Urban,70-74,3107,1427,1680,34,19,15,1784,1144,640,1275,257,1018,13,7,6,1,0,1,0,0,0
08,121,District - Bundi (23),Urban,75-79,1486,706,780,20,13,7,798,551,247,665,142,523,2,0,2,1,0,1,0,0,0
08,121,District - Bundi (23),Urban,80+,1712,724,988,83,48,35,599,421,178,1028,253,775,2,2,0,0,0,0,0,0,0
08,121,District - Bundi (23),Urban,Age not stated,44,21,23,26,15,11,14,6,8,2,0,2,2,0,2,0,0,0,0,0,0
08,121,District - Bundi (23),Urban,Less than 18,79680,42320,37360,78531,41956,36575,1104,351,753,18,4,14,23,8,15,4,1,3,0,0,0
08,121,District - Bundi (23),Urban,Less than 21,95989,50663,45326,90668,49374,41294,5174,1256,3918,52,9,43,74,18,56,21,6,15,0,0,0
08,122,District - Bhilwara (24),Total,All ages,2408523,1220736,1187787,998996,554086,444910,1272314,626994,645320,122720,31673,91047,12393,7083,5310,2100,900,1200,0,0,0
08,122,District - Bhilwara (24),Total,0-9,520337,269969,250368,520337,269969,250368,0,0,0,0,0,0,0,0,0,0,0,0,0,0,0
08,122,District - Bhilwara (24),Total,10-14,273835,141294,132541,245542,130990,114552,27849,10128,17721,247,79,168,172,86,86,25,11,14,0,0,0
08,122,District - Bhilwara (24),Total,15-19,242122,122241,119881,150073,90905,59168,90386,30686,59700,582,227,355,972,386,586,109,37,72,0,0,0
08,122,District - Bhilwara (24),Total,20-24,219337,112481,106856,51111,37918,13193,164471,72682,91789,1266,558,708,2154,1177,977,335,146,189,0,0,0
08,122,District - Bhilwara (24),Total,25-29,183823,93530,90293,12283,10065,2218,167145,81254,85891,2026,831,1195,2043,1230,813,326,150,176,0,0,0
08,122,District - Bhilwara (24),Total,30-34,169240,85030,84210,3894,3286,608,160128,79482,80646,3157,1103,2054,1745,1028,717,316,131,185,0,0,0
08,122,District - Bhilwara (24),Total,35-39,158695,79839,78856,2014,1715,299,149748,75486,74262,5168,1653,3515,1515,877,638,250,108,142,0,0,0
08,122,District - Bhilwara (24),Total,40-44,140740,72117,68623,1516,1319,197,130408,67697,62711,7305,2249,5056,1278,740,538,233,112,121,0,0,0
08,122,District - Bhilwara (24),Total,45-49,120801,61303,59498,1049,905,144,109773,57135,52638,8999,2679,6320,851,520,331,129,64,65,0,0,0
08,122,District - Bhilwara (24),Total,50-54,98088,51841,46247,797,687,110,84402,47315,37087,12160,3413,8747,612,371,241,117,55,62,0,0,0
08,122,District - Bhilwara (24),Total,55-59,75159,36172,38987,573,473,100,62596,32439,30157,11608,3029,8579,327,208,119,55,23,32,0,0,0
08,122,District - Bhilwara (24),Total,60-64,69780,34111,35669,1032,700,332,50109,28880,21229,18270,4325,13945,298,185,113,71,21,50,0,0,0
08,122,District - Bhilwara (24),Total,65-69,48835,21977,26858,945,631,314,32510,17834,14676,15173,3393,11780,157,104,53,50,15,35,0,0,0
08,122,District - Bhilwara (24),Total,70-74,37730,17305,20425,465,329,136,20045,13193,6852,17084,3696,13388,102,76,26,34,11,23,0,0,0
08,122,District - Bhilwara (24),Total,75-79,15996,6575,9421,182,121,61,8194,4726,3468,7571,1701,5870,40,23,17,9,4,5,0,0,0
08,122,District - Bhilwara (24),Total,80+,19435,7831,11604,683,427,256,7458,4822,2636,11240,2552,8688,35,23,12,19,7,12,0,0,0
08,122,District - Bhilwara (24),Total,Age not stated,14570,7120,7450,6500,3646,2854,7092,3235,3857,864,185,679,92,49,43,22,5,17,0,0,0
08,122,District - Bhilwara (24),Total,Less than 18,938293,485154,453139,869069,460949,408120,68052,23776,44276,561,183,378,542,219,323,69,27,42,0,0,0
08,122,District - Bhilwara (24),Total,Less than 21,1100138,566170,533968,935494,506197,429297,161564,58684,102880,1166,445,721,1701,765,936,213,79,134,0,0,0
08,122,District - Bhilwara (24),Rural,All ages,1895869,955378,940491,778368,429389,348979,1000778,491222,509556,104227,27573,76654,10974,6479,4495,1522,715,807,0,0,0
08,122,District - Bhilwara (24),Rural,0-9,422103,218246,203857,422103,218246,203857,0,0,0,0,0,0,0,0,0,0,0,0,0,0,0
08,122,District - Bhilwara (24),Rural,10-14,220554,113146,107408,194896,103782,91114,25309,9225,16084,209,71,138,127,63,64,13,5,8,0,0,0
08,122,District - Bhilwara (24),Rural,15-19,190775,95344,95431,109635,67245,42390,79661,27509,52152,507,204,303,887,355,532,85,31,54,0,0,0
08,122,District - Bhilwara (24),Rural,20-24,167084,85569,81515,30243,23505,6738,133576,60357,73219,1071,498,573,1928,1081,847,266,128,138,0,0,0
08,122,District - Bhilwara (24),Rural,25-29,136798,69615,67183,6521,5635,886,126630,62039,64591,1662,715,947,1763,1106,657,222,120,102,0,0,0
08,122,District - Bhilwara (24),Rural,30-34,127159,63602,63557,2513,2192,321,120299,59422,60877,2613,954,1659,1516,928,588,218,106,112,0,0,0
08,122,District - Bhilwara (24),Rural,35-39,120559,60393,60166,1459,1302,157,113281,56731,56550,4300,1468,2832,1342,811,531,177,81,96,0,0,0
08,122,District - Bhilwara (24),Rural,40-44,108615,55342,53273,1219,1098,121,99983,51477,48506,6114,2008,4106,1139,676,463,160,83,77,0,0,0
08,122,District - Bhilwara (24),Rural,45-49,94301,47396,46905,856,761,95,85056,43706,41350,7533,2392,5141,769,489,280,87,48,39,0,0,0
08,122,District - Bhilwara (24),Rural,50-54,77683,40876,36807,657,592,65,66029,36864,29165,10358,3028,7330,550,347,203,89,45,44,0,0,0
08,122,District - Bhilwara (24),Rural,55-59,60472,28642,31830,478,409,69,49785,25346,24439,9870,2673,7197,298,194,104,41,20,21,0,0,0
08,122,District - Bhilwara (24),Rural,60-64,57695,28065,29630,867,602,265,40699,23473,17226,15802,3799,12003,271,174,97,56,17,39,0,0,0
08,122,District - Bhilwara (24),Rural,65-69,40753,18115,22638,801,537,264,26591,14460,12131,13172,3007,10165,146,99,47,43,12,31,0,0,0
08,122,District - Bhilwara (24),Rural,70-74,31744,14457,17287,384,287,97,16403,10892,5511,14835,3197,11638,95,72,23,27,9,18,0,0,0
08,122,District - Bhilwara (24),Rural,75-79,12914,5179,7735,121,87,34,6440,3676,2764,6310,1392,4918,36,21,15,7,3,4,0,0,0
08,122,District - Bhilwara (24),Rural,80+,15385,6037,9348,475,294,181,5720,3707,2013,9147,2013,7134,28,18,10,15,5,10,0,0,0
08,122,District - Bhilwara (24),Rural,Age not stated,11275,5354,5921,5140,2815,2325,5316,2338,2978,724,154,570,79,45,34,16,2,14,0,0,0
08,122,District - Bhilwara (24),Rural,Less than 18,756887,389494,367393,694789,367603,327186,61104,21523,39581,483,166,317,462,184,278,49,18,31,0,0,0
08,122,District - Bhilwara (24),Rural,Less than 21,884037,452614,431423,739569,399124,340445,141779,52334,89445,1009,401,608,1521,692,829,159,63,96,0,0,0
08,122,District - Bhilwara (24),Urban,All ages,512654,265358,247296,220628,124697,95931,271536,135772,135764,18493,4100,14393,1419,604,815,578,185,393,0,0,0
08,122,District - Bhilwara (24),Urban,0-9,98234,51723,46511,98234,51723,46511,0,0,0,0,0,0,0,0,0,0,0,0,0,0,0
08,122,District - Bhilwara (24),Urban,10-14,53281,28148,25133,50646,27208,23438,2540,903,1637,38,8,30,45,23,22,12,6,6,0,0,0
08,122,District - Bhilwara (24),Urban,15-19,51347,26897,24450,40438,23660,16778,10725,3177,7548,75,23,52,85,31,54,24,6,18,0,0,0
08,122,District - Bhilwara (24),Urban,20-24,52253,26912,25341,20868,14413,6455,30895,12325,18570,195,60,135,226,96,130,69,18,51,0,0,0
08,122,District - Bhilwara (24),Urban,25-29,47025,23915,23110,5762,4430,1332,40515,19215,21300,364,116,248,280,124,156,104,30,74,0,0,0
08,122,District - Bhilwara (24),Urban,30-34,42081,21428,20653,1381,1094,287,39829,20060,19769,544,149,395,229,100,129,98,25,73,0,0,0
08,122,District - Bhilwara (24),Urban,35-39,38136,19446,18690,555,413,142,36467,18755,17712,868,185,683,173,66,107,73,27,46,0,0,0
08,122,District - Bhilwara (24),Urban,40-44,32125,16775,15350,297,221,76,30425,16220,14205,1191,241,950,139,64,75,73,29,44,0,0,0
08,122,District - Bhilwara (24),Urban,45-49,26500,13907,12593,193,144,49,24717,13429,11288,1466,287,1179,82,31,51,42,16,26,0,0,0
08,122,District - Bhilwara (24),Urban,50-54,20405,10965,9440,140,95,45,18373,10451,7922,1802,385,1417,62,24,38,28,10,18,0,0,0
08,122,District - Bhilwara (24),Urban,55-59,14687,7530,7157,95,64,31,12811,7093,5718,1738,356,1382,29,14,15,14,3,11,0,0,0
08,122,District - Bhilwara (24),Urban,60-64,12085,6046,6039,165,98,67,9410,5407,4003,2468,526,1942,27,11,16,15,4,11,0,0,0
08,122,District - Bhilwara (24),Urban,65-69,8082,3862,4220,144,94,50,5919,3374,2545,2001,386,1615,11,5,6,7,3,4,0,0,0
08,122,District - Bhilwara (24),Urban,70-74,5986,2848,3138,81,42,39,3642,2301,1341,2249,499,1750,7,4,3,7,2,5,0,0,0
08,122,District - Bhilwara (24),Urban,75-79,3082,1396,1686,61,34,27,1754,1050,704,1261,309,952,4,2,2,2,1,1,0,0,0
08,122,District - Bhilwara (24),Urban,80+,4050,1794,2256,208,133,75,1738,1115,623,2093,539,1554,7,5,2,4,2,2,0,0,0
08,122,District - Bhilwara (24),Urban,Age not stated,3295,1766,1529,1360,831,529,1776,897,879,140,31,109,13,4,9,6,3,3,0,0,0
08,122,District - Bhilwara (24),Urban,Less than 18,181406,95660,85746,174280,93346,80934,6948,2253,4695,78,17,61,80,35,45,20,9,11,0,0,0
08,122,District - Bhilwara (24),Urban,Less than 21,216101,113556,102545,195925,107073,88852,19785,6350,13435,157,44,113,180,73,107,54,16,38,0,0,0
08,123,District - Rajsamand (25),Total,All ages,1156597,581339,575258,502068,278527,223541,587433,285506,301927,61282,14629,46653,4653,2239,2414,1161,438,723,0,0,0
08,123,District - Rajsamand (25),Total,0-9,254144,133139,121005,254144,133139,121005,0,0,0,0,0,0,0,0,0,0,0,0,0,0,0
08,123,District - Rajsamand (25),Total,10-14,135172,70494,64678,128701,68390,60311,6365,2063,4302,51,13,38,50,26,24,5,2,3,0,0,0
08,123,District - Rajsamand (25),Total,15-19,115759,57384,58375,81730,48076,33654,33444,9125,24319,215,70,145,316,104,212,54,9,45,0,0,0
08,123,District - Rajsamand (25),Total,20-24,99476,49965,49511,25740,19256,6484,72171,30112,42059,535,199,336,824,345,479,206,53,153,0,0,0
08,123,District - Rajsamand (25),Total,25-29,82614,41112,41502,5824,4932,892,74890,35356,39534,916,360,556,772,383,389,212,81,131,0,0,0
08,123,District - Rajsamand (25),Total,30-34,78121,38113,40008,1845,1594,251,73960,35648,38312,1463,453,1010,667,351,316,186,67,119,0,0,0
08,123,District - Rajsamand (25),Total,35-39,74632,36839,37793,913,758,155,70524,35055,35469,2470,655,1815,587,306,281,138,65,73,0,0,0
08,123,District - Rajsamand (25),Total,40-44,65438,32937,32501,603,530,73,60854,31153,29701,3371,945,2426,489,242,247,121,67,54,0,0,0
08,123,District - Rajsamand (25),Total,45-49,56908,28290,28618,416,355,61,51988,26671,25317,4097,1071,3026,327,157,170,80,36,44,0,0,0
08,123,District - Rajsamand (25),Total,50-54,47386,24570,22816,317,275,42,41282,22767,18515,5521,1390,4131,226,119,107,40,19,21,0,0,0
08,123,District - Rajsamand (25),Total,55-59,37305,17617,19688,222,187,35,31725,16079,15646,5204,1263,3941,123,78,45,31,10,21,0,0,0
08,123,District - Rajsamand (25),Total,60-64,36819,17864,18955,371,252,119,27543,15594,11949,8731,1931,6800,145,74,71,29,13,16,0,0,0
08,123,District - Rajsamand (25),Total,65-69,26999,12273,14726,357,247,110,18994,10355,8639,7565,1637,5928,66,29,37,17,5,12,0,0,0
08,123,District - Rajsamand (25),Total,70-74,22597,10799,11798,173,121,52,13129,8705,4424,9236,1950,7286,41,20,21,18,3,15,0,0,0
08,123,District - Rajsamand (25),Total,75-79,10056,4367,5689,65,49,16,5472,3314,2158,4504,999,3505,10,3,7,5,2,3,0,0,0
08,123,District - Rajsamand (25),Total,80+,12506,5238,7268,264,142,122,4855,3402,1453,7362,1686,5676,8,2,6,17,6,11,0,0,0
08,123,District - Rajsamand (25),Total,Age not stated,665,338,327,383,224,159,237,107,130,41,7,34,2,0,2,2,0,2,0,0,0
08,123,District - Rajsamand (25),Total,Less than 18,458839,239267,219572,439306,233447,205859,19187,5701,13486,157,47,110,172,67,105,17,5,12,0,0,0
08,123,District - Rajsamand (25),Total,Less than 21,534163,275118,259045,474788,257051,217737,58281,17697,40584,404,132,272,589,216,373,101,22,79,0,0,0
08,123,District - Rajsamand (25),Rural,All ages,972777,486960,485817,420906,232762,188144,493220,238798,254422,53770,13074,40696,3979,1966,2013,902,360,542,0,0,0
08,123,District - Rajsamand (25),Rural,0-9,220232,115206,105026,220232,115206,105026,0,0,0,0,0,0,0,0,0,0,0,0,0,0,0
08,123,District - Rajsamand (25),Rural,10-14,115045,59755,55290,109122,57816,51306,5833,1904,3929,48,12,36,40,22,18,2,1,1,0,0,0
08,123,District - Rajsamand (25),Rural,15-19,96576,47433,49143,65642,38918,26724,30429,8363,22066,189,58,131,272,85,187,44,9,35,0,0,0
08,123,District - Rajsamand (25),Rural,20-24,81781,40960,40821,17678,13847,3831,62731,26575,36156,475,184,291,725,306,419,172,48,124,0,0,0
08,123,District - Rajsamand (25),Rural,25-29,67234,33387,33847,3723,3297,426,61899,29358,32541,791,328,463,657,337,320,164,67,97,0,0,0
08,123,District - Rajsamand (25),Rural,30-34,63611,30936,32675,1274,1126,148,60394,29039,31355,1254,413,841,552,303,249,137,55,82,0,0,0
08,123,District - Rajsamand (25),Rural,35-39,61196,30122,31074,698,608,90,57761,28600,29161,2130,593,1537,505,272,233,102,49,53,0,0,0
08,123,District - Rajsamand (25),Rural,40-44,53749,26860,26889,457,415,42,49836,25336,24500,2943,850,2093,417,207,210,96,52,44,0,0,0
08,123,District - Rajsamand (25),Rural,45-49,47068,23220,23848,328,291,37,42856,21786,21070,3552,972,2580,269,141,128,63,30,33,0,0,0
08,123,District - Rajsamand (25),Rural,50-54,39506,20357,19149,258,228,30,34163,18745,15418,4847,1253,3594,205,113,92,33,18,15,0,0,0
08,123,District - Rajsamand (25),Rural,55-59,31683,14724,16959,184,166,18,26821,13344,13477,4547,1138,3409,106,68,38,25,8,17,0,0,0
08,123,District - Rajsamand (25),Rural,60-64,31941,15483,16458,293,200,93,23692,13443,10249,7810,1764,6046,123,66,57,23,10,13,0,0,0
08,123,District - Rajsamand (25),Rural,65-69,23481,10546,12935,294,203,91,16390,8860,7530,6726,1454,5272,59,26,33,12,3,9,0,0,0
08,123,District - Rajsamand (25),Rural,70-74,19780,9476,10304,138,98,40,11414,7610,3804,8181,1747,6434,34,18,16,13,3,10,0,0,0
08,123,District - Rajsamand (25),Rural,75-79,8672,3771,4901,52,41,11,4703,2864,1839,3906,862,3044,8,2,6,3,2,1,0,0,0
08,123,District - Rajsamand (25),Rural,80+,10667,4446,6221,198,109,89,4116,2893,1223,6335,1439,4896,5,0,5,13,5,8,0,0,0
08,123,District - Rajsamand (25),Rural,Age not stated,555,278,277,335,193,142,182,78,104,36,7,29,2,0,2,0,0,0,0,0,0
08,123,District - Rajsamand (25),Rural,Less than 18,393354,204526,188828,375516,199186,176330,17537,5240,12297,144,40,104,146,56,90,11,4,7,0,0,0
08,123,District - Rajsamand (25),Rural,Less than 21,456543,234262,222281,402694,217734,184960,52887,16201,36686,362,118,244,515,188,327,85,21,64,0,0,0
08,123,District - Rajsamand (25),Urban,All ages,183820,94379,89441,81162,45765,35397,94213,46708,47505,7512,1555,5957,674,273,401,259,78,181,0,0,0
08,123,District - Rajsamand (25),Urban,0-9,33912,17933,15979,33912,17933,15979,0,0,0,0,0,0,0,0,0,0,0,0,0,0,0
08,123,District - Rajsamand (25),Urban,10-14,20127,10739,9388,19579,10574,9005,532,159,373,3,1,2,10,4,6,3,1,2,0,0,0
08,123,District - Rajsamand (25),Urban,15-19,19183,9951,9232,16088,9158,6930,3015,762,2253,26,12,14,44,19,25,10,0,10,0,0,0
08,123,District - Rajsamand (25),Urban,20-24,17695,9005,8690,8062,5409,2653,9440,3537,5903,60,15,45,99,39,60,34,5,29,0,0,0
08,123,District - Rajsamand (25),Urban,25-29,15380,7725,7655,2101,1635,466,12991,5998,6993,125,32,93,115,46,69,48,14,34,0,0,0
08,123,District - Rajsamand (25),Urban,30-34,14510,7177,7333,571,468,103,13566,6609,6957,209,40,169,115,48,67,49,12,37,0,0,0
08,123,District - Rajsamand (25),Urban,35-39,13436,6717,6719,215,150,65,12763,6455,6308,340,62,278,82,34,48,36,16,20,0,0,0
08,123,District - Rajsamand (25),Urban,40-44,11689,6077,5612,146,115,31,11018,5817,5201,428,95,333,72,35,37,25,15,10,0,0,0
08,123,District - Rajsamand (25),Urban,45-49,9840,5070,4770,88,64,24,9132,4885,4247,545,99,446,58,16,42,17,6,11,0,0,0
08,123,District - Rajsamand (25),Urban,50-54,7880,4213,3667,59,47,12,7119,4022,3097,674,137,537,21,6,15,7,1,6,0,0,0
08,123,District - Rajsamand (25),Urban,55-59,5622,2893,2729,38,21,17,4904,2735,2169,657,125,532,17,10,7,6,2,4,0,0,0
08,123,District - Rajsamand (25),Urban,60-64,4878,2381,2497,78,52,26,3851,2151,1700,921,167,754,22,8,14,6,3,3,0,0,0
08,123,District - Rajsamand (25),Urban,65-69,3518,1727,1791,63,44,19,2604,1495,1109,839,183,656,7,3,4,5,2,3,0,0,0
08,123,District - Rajsamand (25),Urban,70-74,2817,1323,1494,35,23,12,1715,1095,620,1055,203,852,7,2,5,5,0,5,0,0,0
08,123,District - Rajsamand (25),Urban,75-79,1384,596,788,13,8,5,769,450,319,598,137,461,2,1,1,2,0,2,0,0,0
08,123,District - Rajsamand (25),Urban,80+,1839,792,1047,66,33,33,739,509,230,1027,247,780,3,2,1,4,1,3,0,0,0
08,123,District - Rajsamand (25),Urban,Age not stated,110,60,50,48,31,17,55,29,26,5,0,5,0,0,0,2,0,2,0,0,0
08,123,District - Rajsamand (25),Urban,Less than 18,65485,34741,30744,63790,34261,29529,1650,461,1189,13,7,6,26,11,15,6,1,5,0,0,0
08,123,District - Rajsamand (25),Urban,Less than 21,77620,40856,36764,72094,39317,32777,5394,1496,3898,42,14,28,74,28,46,16,1,15,0,0,0
08,124,District - Dungarpur (26),Total,All ages,1388552,696532,692020,695299,374430,320869,636026,306698,329328,51713,12974,38739,4295,2079,2216,1219,351,868,0,0,0
08,124,District - Dungarpur (26),Total,0-9,344826,178972,165854,344826,178972,165854,0,0,0,0,0,0,0,0,0,0,0,0,0,0,0
08,124,District - Dungarpur (26),Total,10-14,174254,90265,83989,171141,89074,82067,2958,1114,1844,68,29,39,78,45,33,9,3,6,0,0,0
08,124,District - Dungarpur (26),Total,15-19,142340,71133,71207,123736,66985,56751,18287,4039,14248,137,48,89,159,52,107,21,9,12,0,0,0
08,124,District - Dungarpur (26),Total,20-24,111791,55505,56286,36519,26113,10406,74111,28945,45166,424,166,258,556,234,322,181,47,134,0,0,0
08,124,District - Dungarpur (26),Total,25-29,95247,46526,48721,7095,5758,1337,86477,40094,46383,801,292,509,683,324,359,191,58,133,0,0,0
08,124,District - Dungarpur (26),Total,30-34,91169,44129,47040,2032,1601,431,86928,41716,45212,1373,431,942,661,339,322,175,42,133,0,0,0
08,124,District - Dungarpur (26),Total,35-39,86226,42026,44200,987,745,242,82368,40353,42015,2111,576,1535,591,294,297,169,58,111,0,0,0
08,124,District - Dungarpur (26),Total,40-44,75486,37545,37941,633,467,166,71365,35991,35374,2875,787,2088,469,250,219,144,50,94,0,0,0
08,124,District - Dungarpur (26),Total,45-49,64819,32636,32183,409,298,111,60509,31158,29351,3420,967,2453,380,191,189,101,22,79,0,0,0
08,124,District - Dungarpur (26),Total,50-54,48327,25563,22764,299,212,87,43594,24107,19487,4114,1098,3016,241,129,112,79,17,62,0,0,0
08,124,District - Dungarpur (26),Total,55-59,35276,17107,18169,162,107,55,30966,15916,15050,3974,1013,2961,140,62,78,34,9,25,0,0,0
08,124,District - Dungarpur (26),Total,60-64,35265,16568,18697,748,409,339,27663,14554,13109,6695,1531,5164,126,64,62,33,10,23,0,0,0
08,124,District - Dungarpur (26),Total,65-69,30296,13762,16534,712,390,322,21981,11669,10312,7474,1655,5819,101,41,60,28,7,21,0,0,0
08,124,District - Dungarpur (26),Total,70-74,21055,10044,11011,282,157,125,12757,8041,4716,7956,1818,6138,43,23,20,17,5,12,0,0,0
08,124,District - Dungarpur (26),Total,75-79,10384,4567,5817,124,57,67,6090,3473,2617,4139,1024,3115,20,9,11,11,4,7,0,0,0
08,124,District - Dungarpur (26),Total,80+,11314,4974,6340,475,265,210,5129,3260,1869,5682,1437,4245,18,7,11,10,5,5,0,0,0
08,124,District - Dungarpur (26),Total,Age not stated,10477,5210,5267,5119,2820,2299,4843,2268,2575,470,102,368,29,15,14,16,5,11,0,0,0
08,124,District - Dungarpur (26),Total,Less than 18,605095,313195,291900,596698,310615,286083,8080,2447,5633,156,58,98,141,67,74,20,8,12,0,0,0
08,124,District - Dungarpur (26),Total,Less than 21,692965,355945,337020,655811,346025,309786,36451,9662,26789,289,105,184,350,134,216,64,19,45,0,0,0
08,124,District - Dungarpur (26),Rural,All ages,1299809,651046,648763,654849,351162,303687,591819,285380,306439,48082,12202,35880,4015,1979,2036,1044,323,721,0,0,0
08,124,District - Dungarpur (26),Rural,0-9,328647,170251,158396,328647,170251,158396,0,0,0,0,0,0,0,0,0,0,0,0,0,0,0
08,124,District - Dungarpur (26),Rural,10-14,164892,85173,79719,162005,84079,77926,2744,1020,1724,62,27,35,73,44,29,8,3,5,0,0,0
08,124,District - Dungarpur (26),Rural,15-19,133061,66176,66885,115411,62237,53174,17356,3839,13517,127,44,83,151,49,102,16,7,9,0,0,0
08,124,District - Dungarpur (26),Rural,20-24,103249,51194,52055,32056,23048,9008,70097,27715,42382,398,156,242,528,228,300,170,47,123,0,0,0
08,124,District - Dungarpur (26),Rural,25-29,87949,42896,45053,5824,4727,1097,80557,37525,43032,741,275,466,654,315,339,173,54,119,0,0,0
08,124,District - Dungarpur (26),Rural,30-34,84162,40794,43368,1738,1380,358,80397,38649,41748,1263,404,859,621,323,298,143,38,105,0,0,0
08,124,District - Dungarpur (26),Rural,35-39,79798,38877,40921,867,657,210,76272,37340,38932,1958,546,1412,557,281,276,144,53,91,0,0,0
08,124,District - Dungarpur (26),Rural,40-44,69786,34748,35038,546,406,140,66037,33320,32717,2651,742,1909,433,234,199,119,46,73,0,0,0
08,124,District - Dungarpur (26),Rural,45-49,59855,30127,29728,357,263,94,55949,28744,27205,3128,925,2203,341,178,163,80,17,63,0,0,0
08,124,District - Dungarpur (26),Rural,50-54,44164,23357,20807,249,182,67,39867,22007,17860,3775,1035,2740,213,116,97,60,17,43,0,0,0
08,124,District - Dungarpur (26),Rural,55-59,32356,15616,16740,130,93,37,28461,14505,13956,3607,952,2655,130,58,72,28,8,20,0,0,0
08,124,District - Dungarpur (26),Rural,60-64,33009,15459,17550,695,383,312,25945,13579,12366,6226,1430,4796,113,58,55,30,9,21,0,0,0
08,124,District - Dungarpur (26),Rural,65-69,28723,13030,15693,662,365,297,20908,11047,9861,7034,1571,5463,95,41,54,24,6,18,0,0,0
08,124,District - Dungarpur (26),Rural,70-74,19846,9481,10365,257,146,111,12058,7598,4460,7474,1709,5765,41,23,18,16,5,11,0,0,0
08,124,District - Dungarpur (26),Rural,75-79,9821,4301,5520,110,52,58,5800,3282,2518,3881,954,2927,20,9,11,10,4,6,0,0,0
08,124,District - Dungarpur (26),Rural,80+,10619,4675,5944,441,246,195,4837,3084,1753,5315,1333,3982,16,7,9,10,5,5,0,0,0
08,124,District - Dungarpur (26),Rural,Age not stated,9872,4891,4981,4854,2647,2207,4534,2126,2408,442,99,343,29,15,14,13,4,9,0,0,0
08,124,District - Dungarpur (26),Rural,Less than 18,574255,296559,277696,566404,294168,272236,7560,2266,5294,142,53,89,132,65,67,17,7,10,0,0,0
08,124,District - Dungarpur (26),Rural,Less than 21,655910,336045,319865,620738,326623,294115,34519,9180,25339,267,98,169,329,127,202,57,17,40,0,0,0
08,124,District - Dungarpur (26),Urban,All ages,88743,45486,43257,40450,23268,17182,44207,21318,22889,3631,772,2859,280,100,180,175,28,147,0,0,0
08,124,District - Dungarpur (26),Urban,0-9,16179,8721,7458,16179,8721,7458,0,0,0,0,0,0,0,0,0,0,0,0,0,0,0
08,124,District - Dungarpur (26),Urban,10-14,9362,5092,4270,9136,4995,4141,214,94,120,6,2,4,5,1,4,1,0,1,0,0,0
08,124,District - Dungarpur (26),Urban,15-19,9279,4957,4322,8325,4748,3577,931,200,731,10,4,6,8,3,5,5,2,3,0,0,0
08,124,District - Dungarpur (26),Urban,20-24,8542,4311,4231,4463,3065,1398,4014,1230,2784,26,10,16,28,6,22,11,0,11,0,0,0
08,124,District - Dungarpur (26),Urban,25-29,7298,3630,3668,1271,1031,240,5920,2569,3351,60,17,43,29,9,20,18,4,14,0,0,0
08,124,District - Dungarpur (26),Urban,30-34,7007,3335,3672,294,221,73,6531,3067,3464,110,27,83,40,16,24,32,4,28,0,0,0
08,124,District - Dungarpur (26),Urban,35-39,6428,3149,3279,120,88,32,6096,3013,3083,153,30,123,34,13,21,25,5,20,0,0,0
08,124,District - Dungarpur (26),Urban,40-44,5700,2797,2903,87,61,26,5328,2671,2657,224,45,179,36,16,20,25,4,21,0,0,0
08,124,District - Dungarpur (26),Urban,45-49,4964,2509,2455,52,35,17,4560,2414,2146,292,42,250,39,13,26,21,5,16,0,0,0
08,124,District - Dungarpur (26),Urban,50-54,4163,2206,1957,50,30,20,3727,2100,1627,339,63,276,28,13,15,19,0,19,0,0,0
08,124,District - Dungarpur (26),Urban,55-59,2920,1491,1429,32,14,18,2505,1411,1094,367,61,306,10,4,6,6,1,5,0,0,0
08,124,District - Dungarpur (26),Urban,60-64,2256,1109,1147,53,26,27,1718,975,743,469,101,368,13,6,7,3,1,2,0,0,0
08,124,District - Dungarpur (26),Urban,65-69,1573,732,841,50,25,25,1073,622,451,440,84,356,6,0,6,4,1,3,0,0,0
08,124,District - Dungarpur (26),Urban,70-74,1209,563,646,25,11,14,699,443,256,482,109,373,2,0,2,1,0,1,0,0,0
08,124,District - Dungarpur (26),Urban,75-79,563,266,297,14,5,9,290,191,99,258,70,188,0,0,0,1,0,1,0,0,0
08,124,District - Dungarpur (26),Urban,80+,695,299,396,34,19,15,292,176,116,367,104,263,2,0,2,0,0,0,0,0,0
08,124,District - Dungarpur (26),Urban,Age not stated,605,319,286,265,173,92,309,142,167,28,3,25,0,0,0,3,1,2,0,0,0
08,124,District - Dungarpur (26),Urban,Less than 18,30840,16636,14204,30294,16447,13847,520,181,339,14,5,9,9,2,7,3,1,2,0,0,0
08,124,District - Dungarpur (26),Urban,Less than 21,37055,19900,17155,35073,19402,15671,1932,482,1450,22,7,15,21,7,14,7,2,5,0,0,0
08,125,District - Banswara (27),Total,All ages,1797485,907754,889731,899508,483073,416435,829436,405670,423766,63261,16271,46990,4105,2168,1937,1175,572,603,0,0,0
08,125,District - Banswara (27),Total,0-9,461802,238297,223505,461802,238297,223505,0,0,0,0,0,0,0,0,0,0,0,0,0,0,0
08,125,District - Banswara (27),Total,10-14,224817,115940,108877,220167,114512,105655,4430,1331,3099,100,42,58,101,49,52,19,6,13,0,0,0
08,125,District - Banswara (27),Total,15-19,182340,89545,92795,150699,81751,68948,31167,7606,23561,243,92,151,186,71,115,45,25,20,0,0,0
08,125,District - Banswara (27),Total,20-24,154555,78511,76044,41165,30267,10898,111987,47625,64362,643,244,399,621,319,302,139,56,83,0,0,0
08,125,District - Banswara (27),Total,25-29,129515,65123,64392,7916,6684,1232,119478,57510,61968,1277,472,805,639,348,291,205,109,96,0,0,0
08,125,District - Banswara (27),Total,30-34,117899,59083,58816,2546,2126,420,112552,55827,56725,2045,727,1318,589,327,262,167,76,91,0,0,0
08,125,District - Banswara (27),Total,35-39,112402,56176,56226,1403,1161,242,107333,53654,53679,2964,966,1998,536,309,227,166,86,80,0,0,0
08,125,District - Banswara (27),Total,40-44,96437,49587,46850,879,712,167,90902,47289,43613,4052,1280,2772,461,236,225,143,70,73,0,0,0
08,125,District - Banswara (27),Total,45-49,79476,40253,39223,619,486,133,73471,38095,35376,4977,1456,3521,306,157,149,103,59,44,0,0,0
08,125,District - Banswara (27),Total,50-54,57636,30783,26853,366,281,85,51336,28790,22546,5638,1561,4077,237,121,116,59,30,29,0,0,0
08,125,District - Banswara (27),Total,55-59,43032,20834,22198,248,178,70,37464,19222,18242,5173,1356,3817,112,63,49,35,15,20,0,0,0
08,125,District - Banswara (27),Total,60-64,41170,19548,21622,603,363,240,31868,17223,14645,8564,1893,6671,103,52,51,32,17,15,0,0,0
08,125,District - Banswara (27),Total,65-69,30666,13933,16733,582,307,275,21878,11728,10150,8108,1837,6271,82,52,30,16,9,7,0,0,0
08,125,District - Banswara (27),Total,70-74,22118,10307,11811,250,138,112,13162,8281,4881,8655,1866,6789,34,18,16,17,4,13,0,0,0
08,125,District - Banswara (27),Total,75-79,9603,4087,5516,82,51,31,5746,3205,2541,3756,823,2933,14,6,8,5,2,3,0,0,0
08,125,District - Banswara (27),Total,80+,12329,5190,7139,449,261,188,5684,3441,2243,6162,1471,4691,24,14,10,10,3,7,0,0,0
08,125,District - Banswara (27),Total,Age not stated,21688,10557,11131,9732,5498,4234,10978,4843,6135,904,185,719,60,26,34,14,5,9,0,0,0
08,125,District - Banswara (27),Total,Less than 18,796459,409923,386536,782797,406071,376726,13220,3666,9554,236,93,143,175,78,97,31,15,16,0,0,0
08,125,District - Banswara (27),Total,Less than 21,912186,465509,446677,850827,447182,403645,60342,17910,42432,470,178,292,454,198,256,93,41,52,0,0,0
08,125,District - Banswara (27),Rural,All ages,1669864,842767,827097,846175,451917,394258,760944,373102,387842,57865,15157,42708,3912,2094,1818,968,497,471,0,0,0
08,125,District - Banswara (27),Rural,0-9,438880,226062,212818,438880,226062,212818,0,0,0,0,0,0,0,0,0,0,0,0,0,0,0
08,125,District - Banswara (27),Rural,10-14,212014,109090,102924,207908,107804,100104,3921,1203,2718,81,35,46,92,44,48,12,4,8,0,0,0
08,125,District - Banswara (27),Rural,15-19,170116,83147,86969,140759,75832,64927,28936,7142,21794,207,85,122,175,67,108,39,21,18,0,0,0
08,125,District - Banswara (27),Rural,20-24,142206,72311,69895,36147,26427,9720,104832,45295,59537,505,227,278,597,308,289,125,54,71,0,0,0
08,125,District - Banswara (27),Rural,25-29,118118,59578,58540,6433,5450,983,109851,53243,56608,1045,449,596,620,340,280,169,96,73,0,0,0
08,125,District - Banswara (27),Rural,30-34,107551,54021,53530,2146,1791,355,102947,51166,51781,1757,674,1083,564,322,242,137,68,69,0,0,0
08,125,District - Banswara (27),Rural,35-39,102962,51535,51427,1218,1016,202,98507,49234,49273,2591,912,1679,509,299,210,137,74,63,0,0,0
08,125,District - Banswara (27),Rural,40-44,88277,45488,42789,778,636,142,83344,43366,39978,3609,1210,2399,433,221,212,113,55,58,0,0,0
08,125,District - Banswara (27),Rural,45-49,72356,36724,35632,540,426,114,66940,34711,32229,4498,1383,3115,295,153,142,83,51,32,0,0,0
08,125,District - Banswara (27),Rural,50-54,51543,27631,23912,306,239,67,45912,25813,20099,5060,1439,3621,220,117,103,45,23,22,0,0,0
08,125,District - Banswara (27),Rural,55-59,38633,18562,20071,210,152,58,33613,17090,16523,4676,1245,3431,108,62,46,26,13,13,0,0,0
08,125,District - Banswara (27),Rural,60-64,37787,17833,19954,562,338,224,29133,15677,13456,7968,1752,6216,96,49,47,28,17,11,0,0,0
08,125,District - Banswara (27),Rural,65-69,28532,12906,15626,540,285,255,20262,10823,9439,7639,1740,5899,77,50,27,14,8,6,0,0,0
08,125,District - Banswara (27),Rural,70-74,20459,9530,10929,220,116,104,12031,7648,4383,8163,1746,6417,30,16,14,15,4,11,0,0,0
08,125,District - Banswara (27),Rural,75-79,8784,3682,5102,71,43,28,5217,2897,2320,3479,734,2745,13,6,7,4,2,2,0,0,0
08,125,District - Banswara (27),Rural,80+,11257,4729,6528,399,223,176,5092,3144,1948,5734,1345,4389,23,14,9,9,3,6,0,0,0
08,125,District - Banswara (27),Rural,Age not stated,20389,9938,10451,9058,5077,3981,10406,4650,5756,853,181,672,60,26,34,12,4,8,0,0,0
08,125,District - Banswara (27),Rural,Less than 18,753865,387244,366621,741817,383760,358057,11661,3319,8342,204,84,120,161,70,91,22,11,11,0,0,0
08,125,District - Banswara (27),Rural,Less than 21,861200,438462,422738,804226,421255,382971,56069,16822,39247,394,162,232,432,188,244,79,35,44,0,0,0
08,125,District - Banswara (27),Urban,All ages,127621,64987,62634,53333,31156,22177,68492,32568,35924,5396,1114,4282,193,74,119,207,75,132,0,0,0
08,125,District - Banswara (27),Urban,0-9,22922,12235,10687,22922,12235,10687,0,0,0,0,0,0,0,0,0,0,0,0,0,0,0
08,125,District - Banswara (27),Urban,10-14,12803,6850,5953,12259,6708,5551,509,128,381,19,7,12,9,5,4,7,2,5,0,0,0
08,125,District - Banswara (27),Urban,15-19,12224,6398,5826,9940,5919,4021,2231,464,1767,36,7,29,11,4,7,6,4,2,0,0,0
08,125,District - Banswara (27),Urban,20-24,12349,6200,6149,5018,3840,1178,7155,2330,4825,138,17,121,24,11,13,14,2,12,0,0,0
08,125,District - Banswara (27),Urban,25-29,11397,5545,5852,1483,1234,249,9627,4267,5360,232,23,209,19,8,11,36,13,23,0,0,0
08,125,District - Banswara (27),Urban,30-34,10348,5062,5286,400,335,65,9605,4661,4944,288,53,235,25,5,20,30,8,22,0,0,0
08,125,District - Banswara (27),Urban,35-39,9440,4641,4799,185,145,40,8826,4420,4406,373,54,319,27,10,17,29,12,17,0,0,0
08,125,District - Banswara (27),Urban,40-44,8160,4099,4061,101,76,25,7558,3923,3635,443,70,373,28,15,13,30,15,15,0,0,0
08,125,District - Banswara (27),Urban,45-49,7120,3529,3591,79,60,19,6531,3384,3147,479,73,406,11,4,7,20,8,12,0,0,0
08,125,District - Banswara (27),Urban,50-54,6093,3152,2941,60,42,18,5424,2977,2447,578,122,456,17,4,13,14,7,7,0,0,0
08,125,District - Banswara (27),Urban,55-59,4399,2272,2127,38,26,12,3851,2132,1719,497,111,386,4,1,3,9,2,7,0,0,0
08,125,District - Banswara (27),Urban,60-64,3383,1715,1668,41,25,16,2735,1546,1189,596,141,455,7,3,4,4,0,4,0,0,0
08,125,District - Banswara (27),Urban,65-69,2134,1027,1107,42,22,20,1616,905,711,469,97,372,5,2,3,2,1,1,0,0,0
08,125,District - Banswara (27),Urban,70-74,1659,777,882,30,22,8,1131,633,498,492,120,372,4,2,2,2,0,2,0,0,0
08,125,District - Banswara (27),Urban,75-79,819,405,414,11,8,3,529,308,221,277,89,188,1,0,1,1,0,1,0,0,0
08,125,District - Banswara (27),Urban,80+,1072,461,611,50,38,12,592,297,295,428,126,302,1,0,1,1,0,1,0,0,0
08,125,District - Banswara (27),Urban,Age not stated,1299,619,680,674,421,253,572,193,379,51,4,47,0,0,0,2,1,1,0,0,0
08,125,District - Banswara (27),Urban,Less than 18,42594,22679,19915,40980,22311,18669,1559,347,1212,32,9,23,14,8,6,9,4,5,0,0,0
08,125,District - Banswara (27),Urban,Less than 21,50986,27047,23939,46601,25927,20674,4273,1088,3185,76,16,60,22,10,12,14,6,8,0,0,0
08,126,District - Chittaurgarh (28),Total,All ages,1544338,783171,761167,609179,341569,267610,841593,415691,425902,80846,19959,60887,10310,4942,5368,2410,1010,1400,0,0,0
08,126,District - Chittaurgarh (28),Total,0-9,307178,160533,146645,307178,160533,146645,0,0,0,0,0,0,0,0,0,0,0,0,0,0,0
08,126,District - Chittaurgarh (28),Total,10-14,160966,84308,76658,149149,80178,68971,11577,4036,7541,98,39,59,124,50,74,18,5,13,0,0,0
08,126,District - Chittaurgarh (28),Total,15-19,149066,75380,73686,97045,58816,38229,50735,16135,34600,339,130,209,773,244,529,174,55,119,0,0,0
08,126,District - Chittaurgarh (28),Total,20-24,141273,71547,69726,35496,26065,9431,102761,44200,58561,794,301,493,1809,835,974,413,146,267,0,0,0
08,126,District - Chittaurgarh (28),Total,25-29,121560,61334,60226,9431,7636,1795,108698,52165,56533,1298,490,808,1684,848,836,449,195,254,0,0,0
08,126,District - Chittaurgarh (28),Total,30-34,114735,57151,57584,2873,2493,380,107999,53130,54869,1968,598,1370,1524,760,764,371,170,201,0,0,0
08,126,District - Chittaurgarh (28),Total,35-39,108815,54943,53872,1343,1149,194,102665,52030,50635,3238,989,2249,1275,654,621,294,121,173,0,0,0
08,126,District - Chittaurgarh (28),Total,40-44,94795,48665,46130,860,757,103,88098,46041,42057,4516,1243,3273,1090,515,575,231,109,122,0,0,0
08,126,District - Chittaurgarh (28),Total,45-49,79958,40420,39538,570,480,90,73090,38091,34999,5452,1444,4008,684,332,352,162,73,89,0,0,0
08,126,District - Chittaurgarh (28),Total,50-54,65663,34765,30898,417,360,57,57166,32172,24994,7424,1915,5509,530,264,266,126,54,72,0,0,0
08,126,District - Chittaurgarh (28),Total,55-59,51084,24318,26766,314,268,46,43370,22143,21227,7068,1728,5340,277,153,124,55,26,29,0,0,0
08,126,District - Chittaurgarh (28),Total,60-64,48311,23652,24659,584,407,177,36158,20621,15537,11326,2503,8823,202,102,100,41,19,22,0,0,0
08,126,District - Chittaurgarh (28),Total,65-69,35292,16025,19267,420,284,136,24903,13447,11456,9807,2212,7595,134,68,66,28,14,14,0,0,0
08,126,District - Chittaurgarh (28),Total,70-74,29328,14022,15306,262,197,65,16785,10973,5812,12162,2778,9384,98,62,36,21,12,9,0,0,0
08,126,District - Chittaurgarh (28),Total,75-79,13387,5842,7545,124,98,26,7116,4288,2828,6109,1437,4672,30,15,15,8,4,4,0,0,0
08,126,District - Chittaurgarh (28),Total,80+,15932,6714,9218,506,310,196,6590,4323,2267,8789,2056,6733,41,22,19,6,3,3,0,0,0
08,126,District - Chittaurgarh (28),Total,Age not stated,6995,3552,3443,2607,1538,1069,3882,1896,1986,458,96,362,35,18,17,13,4,9,0,0,0
08,126,District - Chittaurgarh (28),Total,Less than 18,556025,290238,265787,522282,279046,243236,32957,10916,22041,284,114,170,434,143,291,68,19,49,0,0,0
08,126,District - Chittaurgarh (28),Total,Less than 21,658164,340847,317317,566791,309296,257495,88999,30705,58294,648,245,403,1423,507,916,303,94,209,0,0,0
08,126,District - Chittaurgarh (28),Rural,All ages,1259074,636415,622659,485804,271889,213915,692375,341303,351072,69700,17773,51927,9272,4590,4682,1923,860,1063,0,0,0
08,126,District - Chittaurgarh (28),Rural,0-9,255614,133237,122377,255614,133237,122377,0,0,0,0,0,0,0,0,0,0,0,0,0,0,0
08,126,District - Chittaurgarh (28),Rural,10-14,131964,68911,63053,120932,65025,55907,10827,3805,7022,87,36,51,104,42,62,14,3,11,0,0,0
08,126,District - Chittaurgarh (28),Rural,15-19,120812,60509,60303,73271,45080,28191,46346,15019,31327,308,122,186,725,235,490,162,53,109,0,0,0
08,126,District - Chittaurgarh (28),Rural,20-24,113134,57505,55629,22515,17567,4948,87885,38741,49144,713,281,432,1662,787,875,359,129,230,0,0,0
08,126,District - Chittaurgarh (28),Rural,25-29,96175,48661,47514,5432,4702,730,87796,42571,45225,1114,436,678,1483,781,702,350,171,179,0,0,0
08,126,District - Chittaurgarh (28),Rural,30-34,91620,45631,45989,1910,1729,181,86423,42526,43897,1669,540,1129,1346,698,648,272,138,134,0,0,0
08,126,District - Chittaurgarh (28),Rural,35-39,86993,43920,43073,956,844,112,81923,41486,40437,2754,890,1864,1142,602,540,218,98,120,0,0,0
08,126,District - Chittaurgarh (28),Rural,40-44,76223,39124,37099,664,598,66,70526,36820,33706,3877,1138,2739,973,475,498,183,93,90,0,0,0
08,126,District - Chittaurgarh (28),Rural,45-49,64204,32254,31950,446,393,53,58398,30187,28211,4628,1308,3320,612,309,303,120,57,63,0,0,0
08,126,District - Chittaurgarh (28),Rural,50-54,52916,27793,25123,330,291,39,45649,25497,20152,6364,1713,4651,477,247,230,96,45,51,0,0,0
08,126,District - Chittaurgarh (28),Rural,55-59,42078,19576,22502,248,220,28,35542,17654,17888,5994,1536,4458,248,144,104,46,22,24,0,0,0
08,126,District - Chittaurgarh (28),Rural,60-64,40981,20011,20970,478,348,130,30409,17297,13112,9877,2258,7619,182,91,91,35,17,18,0,0,0
08,126,District - Chittaurgarh (28),Rural,65-69,30203,13622,16581,323,226,97,21252,11334,9918,8479,1982,6497,124,66,58,25,14,11,0,0,0
08,126,District - Chittaurgarh (28),Rural,70-74,25599,12212,13387,207,165,42,14556,9506,5050,10722,2472,8250,95,59,36,19,10,9,0,0,0
08,126,District - Chittaurgarh (28),Rural,75-79,11445,4954,6491,97,78,19,6075,3631,2444,5235,1226,4009,30,15,15,8,4,4,0,0,0
08,126,District - Chittaurgarh (28),Rural,80+,13494,5665,7829,378,225,153,5592,3666,1926,7479,1750,5729,39,21,18,6,3,3,0,0,0
08,126,District - Chittaurgarh (28),Rural,Age not stated,5619,2830,2789,2003,1161,842,3176,1563,1613,400,85,315,30,18,12,10,3,7,0,0,0
08,126,District - Chittaurgarh (28),Rural,Less than 18,458948,238713,220235,427637,228215,199422,30602,10242,20360,254,106,148,394,133,261,61,17,44,0,0,0
08,126,District - Chittaurgarh (28),Rural,Less than 21,542255,279759,262496,459208,250515,208693,80868,28447,52421,591,232,359,1314,477,837,274,88,186,0,0,0
08,126,District - Chittaurgarh (28),Urban,All ages,285264,146756,138508,123375,69680,53695,149218,74388,74830,11146,2186,8960,1038,352,686,487,150,337,0,0,0
08,126,District - Chittaurgarh (28),Urban,0-9,51564,27296,24268,51564,27296,24268,0,0,0,0,0,0,0,0,0,0,0,0,0,0,0
08,126,District - Chittaurgarh (28),Urban,10-14,29002,15397,13605,28217,15153,13064,750,231,519,11,3,8,20,8,12,4,2,2,0,0,0
08,126,District - Chittaurgarh (28),Urban,15-19,28254,14871,13383,23774,13736,10038,4389,1116,3273,31,8,23,48,9,39,12,2,10,0,0,0
08,126,District - Chittaurgarh (28),Urban,20-24,28139,14042,14097,12981,8498,4483,14876,5459,9417,81,20,61,147,48,99,54,17,37,0,0,0
08,126,District - Chittaurgarh (28),Urban,25-29,25385,12673,12712,3999,2934,1065,20902,9594,11308,184,54,130,201,67,134,99,24,75,0,0,0
08,126,District - Chittaurgarh (28),Urban,30-34,23115,11520,11595,963,764,199,21576,10604,10972,299,58,241,178,62,116,99,32,67,0,0,0
08,126,District - Chittaurgarh (28),Urban,35-39,21822,11023,10799,387,305,82,20742,10544,10198,484,99,385,133,52,81,76,23,53,0,0,0
08,126,District - Chittaurgarh (28),Urban,40-44,18572,9541,9031,196,159,37,17572,9221,8351,639,105,534,117,40,77,48,16,32,0,0,0
08,126,District - Chittaurgarh (28),Urban,45-49,15754,8166,7588,124,87,37,14692,7904,6788,824,136,688,72,23,49,42,16,26,0,0,0
08,126,District - Chittaurgarh (28),Urban,50-54,12747,6972,5775,87,69,18,11517,6675,4842,1060,202,858,53,17,36,30,9,21,0,0,0
08,126,District - Chittaurgarh (28),Urban,55-59,9006,4742,4264,66,48,18,7828,4489,3339,1074,192,882,29,9,20,9,4,5,0,0,0
08,126,District - Chittaurgarh (28),Urban,60-64,7330,3641,3689,106,59,47,5749,3324,2425,1449,245,1204,20,11,9,6,2,4,0,0,0
08,126,District - Chittaurgarh (28),Urban,65-69,5089,2403,2686,97,58,39,3651,2113,1538,1328,230,1098,10,2,8,3,0,3,0,0,0
08,126,District - Chittaurgarh (28),Urban,70-74,3729,1810,1919,55,32,23,2229,1467,762,1440,306,1134,3,3,0,2,2,0,0,0,0
08,126,District - Chittaurgarh (28),Urban,75-79,1942,888,1054,27,20,7,1041,657,384,874,211,663,0,0,0,0,0,0,0,0,0
08,126,District - Chittaurgarh (28),Urban,80+,2438,1049,1389,128,85,43,998,657,341,1310,306,1004,2,1,1,0,0,0,0,0,0
08,126,District - Chittaurgarh (28),Urban,Age not stated,1376,722,654,604,377,227,706,333,373,58,11,47,5,0,5,3,1,2,0,0,0
08,126,District - Chittaurgarh (28),Urban,Less than 18,97077,51525,45552,94645,50831,43814,2355,674,1681,30,8,22,40,10,30,7,2,5,0,0,0
08,126,District - Chittaurgarh (28),Urban,Less than 21,115909,61088,54821,107583,58781,48802,8131,2258,5873,57,13,44,109,30,79,29,6,23,0,0,0
08,127,District - Kota (29),Total,All ages,1951014,1021161,929853,911064,520252,390812,959558,479388,480170,71666,17844,53822,6609,2937,3672,2117,740,1377,0,0,0
08,127,District - Kota (29),Total,0-9,365820,192586,173234,365820,192586,173234,0,0,0,0,0,0,0,0,0,0,0,0,0,0,0
08,127,District - Kota (29),Total,10-14,208391,110727,97664,203385,108710,94675,4754,1909,2845,104,41,63,133,61,72,15,6,9,0,0,0
08,127,District - Kota (29),Total,15-19,219713,119125,100588,194282,113121,81161,24864,5813,19051,262,90,172,273,93,180,32,8,24,0,0,0
08,127,District - Kota (29),Total,20-24,208494,109278,99216,100389,69883,30506,106271,38766,67505,667,262,405,941,313,628,226,54,172,0,0,0
08,127,District - Kota (29),Total,25-29,175056,91454,83602,29466,22653,6813,142683,67727,74956,1276,444,832,1208,503,705,423,127,296,0,0,0
08,127,District - Kota (29),Total,30-34,147298,75756,71542,7354,5863,1491,136358,68636,67722,2136,652,1484,1062,471,591,388,134,254,0,0,0
08,127,District - Kota (29),Total,35-39,134783,69211,65572,2891,2315,576,127369,65491,61878,3200,813,2387,965,455,510,358,137,221,0,0,0
08,127,District - Kota (29),Total,40-44,115306,60051,55255,1651,1296,355,108323,57195,51128,4347,1110,3237,757,356,401,228,94,134,0,0,0
08,127,District - Kota (29),Total,45-49,98509,51634,46875,941,728,213,91544,49226,42318,5373,1359,4014,487,254,233,164,67,97,0,0,0
08,127,District - Kota (29),Total,50-54,77103,41659,35444,700,538,162,69412,39291,30121,6551,1613,4938,321,174,147,119,43,76,0,0,0
08,127,District - Kota (29),Total,55-59,58202,29711,28491,427,280,147,51371,27806,23565,6206,1526,4680,152,80,72,46,19,27,0,0,0
08,127,District - Kota (29),Total,60-64,50390,25571,24819,564,349,215,40111,22991,17120,9541,2139,7402,128,74,54,46,18,28,0,0,0
08,127,District - Kota (29),Total,65-69,35554,17109,18445,584,353,231,25891,14638,11253,8970,2062,6908,80,45,35,29,11,18,0,0,0
08,127,District - Kota (29),Total,70-74,27098,13528,13570,393,226,167,16449,10952,5497,10189,2312,7877,50,31,19,17,7,10,0,0,0
08,127,District - Kota (29),Total,75-79,12679,6175,6504,216,128,88,7241,4601,2640,5193,1429,3764,18,10,8,11,7,4,0,0,0
08,127,District - Kota (29),Total,80+,14370,6373,7997,812,485,327,5945,3891,2054,7573,1974,5599,27,15,12,13,8,5,0,0,0
08,127,District - Kota (29),Total,Age not stated,2248,1213,1035,1189,738,451,972,455,517,78,18,60,7,2,5,2,0,2,0,0,0
08,127,District - Kota (29),Total,Less than 18,702177,372904,329273,689176,368462,320714,12499,4236,8263,235,89,146,244,106,138,23,11,12,0,0,0
08,127,District - Kota (29),Total,Less than 21,848922,450563,398359,796773,436877,359896,50961,13279,37682,509,183,326,599,201,398,80,23,57,0,0,0
08,127,District - Kota (29),Rural,All ages,774410,401331,373079,358885,201862,157023,380606,189239,191367,31213,8356,22857,3203,1649,1554,503,225,278,0,0,0
08,127,District - Kota (29),Rural,0-9,156743,81856,74887,156743,81856,74887,0,0,0,0,0,0,0,0,0,0,0,0,0,0,0
08,127,District - Kota (29),Rural,10-14,91722,48074,43648,89486,47202,42284,2137,830,1307,40,16,24,56,24,32,3,2,1,0,0,0
08,127,District - Kota (29),Rural,15-19,87187,45593,41594,73920,42509,31411,12986,2993,9993,121,41,80,144,45,99,16,5,11,0,0,0
08,127,District - Kota (29),Rural,20-24,78075,41432,36643,28517,21608,6909,48681,19468,29213,284,121,163,510,209,301,83,26,57,0,0,0
08,127,District - Kota (29),Rural,25-29,62082,32736,29346,5636,4916,720,55157,27231,27926,561,220,341,610,312,298,118,57,61,0,0,0
08,127,District - Kota (29),Rural,30-34,54397,27505,26892,1546,1383,163,51421,25541,25880,872,292,580,476,255,221,82,34,48,0,0,0
08,127,District - Kota (29),Rural,35-39,50727,26001,24726,713,636,77,48204,24706,23498,1289,385,904,454,244,210,67,30,37,0,0,0
08,127,District - Kota (29),Rural,40-44,43813,22935,20878,437,372,65,41267,21845,19422,1717,508,1209,347,187,160,45,23,22,0,0,0
08,127,District - Kota (29),Rural,45-49,36032,18882,17150,284,247,37,33429,17819,15610,2076,673,1403,215,126,89,28,17,11,0,0,0
08,127,District - Kota (29),Rural,50-54,28186,15112,13074,252,215,37,25244,14043,11201,2513,746,1767,152,97,55,25,11,14,0,0,0
08,127,District - Kota (29),Rural,55-59,22588,11072,11516,139,114,25,19899,10223,9676,2474,689,1785,67,40,27,9,6,3,0,0,0
08,127,District - Kota (29),Rural,60-64,21204,10504,10700,215,160,55,16656,9263,7393,4250,1025,3225,74,52,22,9,4,5,0,0,0
08,127,District - Kota (29),Rural,65-69,16173,7487,8686,184,128,56,11740,6342,5398,4204,991,3213,39,23,16,6,3,3,0,0,0
08,127,District - Kota (29),Rural,70-74,13016,6376,6640,158,104,54,7679,5084,2595,5145,1168,3977,30,19,11,4,1,3,0,0,0
08,127,District - Kota (29),Rural,75-79,5705,2677,3028,66,44,22,3260,2000,1260,2367,624,1743,8,6,2,4,3,1,0,0,0
08,127,District - Kota (29),Rural,80+,6125,2736,3389,260,156,104,2568,1717,851,3273,851,2422,20,9,11,4,3,1,0,0,0
08,127,District - Kota (29),Rural,Age not stated,635,353,282,329,212,117,278,134,144,27,6,21,1,1,0,0,0,0,0,0,0
08,127,District - Kota (29),Rural,Less than 18,300507,157402,143105,294209,155361,138848,6088,1958,4130,95,36,59,109,43,66,6,4,2,0,0,0
08,127,District - Kota (29),Rural,Less than 21,358066,186834,171232,331508,179740,151768,25989,6899,19090,221,82,139,313,100,213,35,13,22,0,0,0
08,127,District - Kota (29),Urban,All ages,1176604,619830,556774,552179,318390,233789,578952,290149,288803,40453,9488,30965,3406,1288,2118,1614,515,1099,0,0,0
08,127,District - Kota (29),Urban,0-9,209077,110730,98347,209077,110730,98347,0,0,0,0,0,0,0,0,0,0,0,0,0,0,0
08,127,District - Kota (29),Urban,10-14,116669,62653,54016,113899,61508,52391,2617,1079,1538,64,25,39,77,37,40,12,4,8,0,0,0
08,127,District - Kota (29),Urban,15-19,132526,73532,58994,120362,70612,49750,11878,2820,9058,141,49,92,129,48,81,16,3,13,0,0,0
08,127,District - Kota (29),Urban,20-24,130419,67846,62573,71872,48275,23597,57590,19298,38292,383,141,242,431,104,327,143,28,115,0,0,0
08,127,District - Kota (29),Urban,25-29,112974,58718,54256,23830,17737,6093,87526,40496,47030,715,224,491,598,191,407,305,70,235,0,0,0
08,127,District - Kota (29),Urban,30-34,92901,48251,44650,5808,4480,1328,84937,43095,41842,1264,360,904,586,216,370,306,100,206,0,0,0
08,127,District - Kota (29),Urban,35-39,84056,43210,40846,2178,1679,499,79165,40785,38380,1911,428,1483,511,211,300,291,107,184,0,0,0
08,127,District - Kota (29),Urban,40-44,71493,37116,34377,1214,924,290,67056,35350,31706,2630,602,2028,410,169,241,183,71,112,0,0,0
08,127,District - Kota (29),Urban,45-49,62477,32752,29725,657,481,176,58115,31407,26708,3297,686,2611,272,128,144,136,50,86,0,0,0
08,127,District - Kota (29),Urban,50-54,48917,26547,22370,448,323,125,44168,25248,18920,4038,867,3171,169,77,92,94,32,62,0,0,0
08,127,District - Kota (29),Urban,55-59,35614,18639,16975,288,166,122,31472,17583,13889,3732,837,2895,85,40,45,37,13,24,0,0,0
08,127,District - Kota (29),Urban,60-64,29186,15067,14119,349,189,160,23455,13728,9727,5291,1114,4177,54,22,32,37,14,23,0,0,0
08,127,District - Kota (29),Urban,65-69,19381,9622,9759,400,225,175,14151,8296,5855,4766,1071,3695,41,22,19,23,8,15,0,0,0
08,127,District - Kota (29),Urban,70-74,14082,7152,6930,235,122,113,8770,5868,2902,5044,1144,3900,20,12,8,13,6,7,0,0,0
08,127,District - Kota (29),Urban,75-79,6974,3498,3476,150,84,66,3981,2601,1380,2826,805,2021,10,4,6,7,4,3,0,0,0
08,127,District - Kota (29),Urban,80+,8245,3637,4608,552,329,223,3377,2174,1203,4300,1123,3177,7,6,1,9,5,4,0,0,0
08,127,District - Kota (29),Urban,Age not stated,1613,860,753,860,526,334,694,321,373,51,12,39,6,1,5,2,0,2,0,0,0
08,127,District - Kota (29),Urban,Less than 18,401670,215502,186168,394967,213101,181866,6411,2278,4133,140,53,87,135,63,72,17,7,10,0,0,0
08,127,District - Kota (29),Urban,Less than 21,490856,263729,227127,465265,257137,208128,24972,6380,18592,288,101,187,286,101,185,45,10,35,0,0,0
08,128,District - Baran (30),Total,All ages,1222755,633945,588810,578837,325075,253762,593313,294397,298916,45990,12258,33732,3862,1952,1910,753,263,490,0,0,0
08,128,District - Baran (30),Total,0-9,262515,137052,125463,262515,137052,125463,0,0,0,0,0,0,0,0,0,0,0,0,0,0,0
08,128,District - Baran (30),Total,10-14,149744,78911,70833,146959,77998,68961,2671,851,1820,40,21,19,68,38,30,6,3,3,0,0,0
08,128,District - Baran (30),Total,15-19,133997,70148,63849,112406,65445,46961,21268,4612,16656,130,32,98,174,53,121,19,6,13,0,0,0
08,128,District - Baran (30),Total,20-24,120005,62696,57309,40662,30901,9761,78063,31301,46762,505,211,294,668,255,413,107,28,79,0,0,0
08,128,District - Baran (30),Total,25-29,95943,50495,45448,8664,7355,1309,85577,42416,43161,888,360,528,665,309,356,149,55,94,0,0,0
08,128,District - Baran (30),Total,30-34,83931,42301,41630,2354,2067,287,79652,39479,40173,1217,401,816,570,302,268,138,52,86,0,0,0
08,128,District - Baran (30),Total,35-39,78823,40324,38499,1136,1018,118,75257,38440,36817,1818,548,1270,510,278,232,102,40,62,0,0,0
08,128,District - Baran (30),Total,40-44,67880,35818,32062,716,640,76,64233,34196,30037,2448,730,1718,414,221,193,69,31,38,0,0,0
08,128,District - Baran (30),Total,45-49,55710,29223,26487,454,411,43,51997,27733,24264,2936,892,2044,276,172,104,47,15,32,0,0,0
08,128,District - Baran (30),Total,50-54,41955,22935,19020,391,358,33,37990,21519,16471,3347,937,2410,195,112,83,32,9,23,0,0,0
08,128,District - Baran (30),Total,55-59,32650,16132,16518,263,226,37,28886,14875,14011,3383,962,2421,95,63,32,23,6,17,0,0,0
08,128,District - Baran (30),Total,60-64,32109,15662,16447,477,355,122,25600,13812,11788,5923,1441,4482,89,51,38,20,3,17,0,0,0
08,128,District - Baran (30),Total,65-69,26540,12469,14071,411,305,106,19680,10596,9084,6365,1514,4851,68,46,22,16,8,8,0,0,0
08,128,District - Baran (30),Total,70-74,20612,10352,10260,252,186,66,12522,8326,4196,7789,1806,5983,41,33,8,8,1,7,0,0,0
08,128,District - Baran (30),Total,75-79,9133,4258,4875,94,72,22,5201,3185,2016,3820,988,2832,14,11,3,4,2,2,0,0,0
08,128,District - Baran (30),Total,80+,10101,4571,5530,448,296,152,4291,2861,1430,5339,1405,3934,12,6,6,11,3,8,0,0,0
08,128,District - Baran (30),Total,Age not stated,1107,598,509,635,390,245,425,195,230,42,10,32,3,2,1,2,1,1,0,0,0
08,128,District - Baran (30),Total,Less than 18,493020,258951,234069,483372,256375,226997,9395,2478,6917,122,38,84,119,55,64,12,5,7,0,0,0
08,128,District - Baran (30),Total,Less than 21,579702,302900,276802,537667,291987,245680,41310,10665,30645,299,104,195,384,131,253,42,13,29,0,0,0
08,128,District - Baran (30),Rural,All ages,968541,502228,466313,456810,256482,200328,470949,233673,237276,37230,10261,26969,3105,1642,1463,447,170,277,0,0,0
08,128,District - Baran (30),Rural,0-9,213217,111112,102105,213217,111112,102105,0,0,0,0,0,0,0,0,0,0,0,0,0,0,0
08,128,District - Baran (30),Rural,10-14,119864,63088,56776,117596,62358,55238,2176,681,1495,31,16,15,58,32,26,3,1,2,0,0,0
08,128,District - Baran (30),Rural,15-19,104997,54927,50070,86496,50844,35652,18243,4006,14237,110,30,80,131,42,89,17,5,12,0,0,0
08,128,District - Baran (30),Rural,20-24,93748,49280,44468,28243,22339,5904,64480,26526,37954,406,175,231,551,218,333,68,22,46,0,0,0
08,128,District - Baran (30),Rural,25-29,74140,39313,34827,5424,4841,583,67369,33866,33503,733,308,425,529,261,268,85,37,48,0,0,0
08,128,District - Baran (30),Rural,30-34,64967,32868,32099,1639,1504,135,61835,30751,31084,965,332,633,451,247,204,77,34,43,0,0,0
08,128,District - Baran (30),Rural,35-39,61064,31373,29691,845,781,64,58316,29858,28458,1442,480,962,406,233,173,55,21,34,0,0,0
08,128,District - Baran (30),Rural,40-44,52584,27741,24843,563,522,41,49747,26385,23362,1907,623,1284,329,191,138,38,20,18,0,0,0
08,128,District - Baran (30),Rural,45-49,43215,22526,20689,377,355,22,40297,21267,19030,2299,755,1544,215,139,76,27,10,17,0,0,0
08,128,District - Baran (30),Rural,50-54,32802,17866,14936,332,311,21,29711,16689,13022,2579,765,1814,161,95,66,19,6,13,0,0,0
08,128,District - Baran (30),Rural,55-59,26144,12813,13331,211,191,20,23126,11749,11377,2712,815,1897,81,55,26,14,3,11,0,0,0
08,128,District - Baran (30),Rural,60-64,26359,12807,13552,395,303,92,20972,11229,9743,4899,1228,3671,77,45,32,16,2,14,0,0,0
08,128,District - Baran (30),Rural,65-69,21994,10360,11634,337,258,79,16326,8770,7556,5262,1286,3976,58,41,17,11,5,6,0,0,0
08,128,District - Baran (30),Rural,70-74,16993,8538,8455,202,155,47,10308,6849,3459,6441,1505,4936,36,28,8,6,1,5,0,0,0
08,128,District - Baran (30),Rural,75-79,7398,3417,3981,72,56,16,4224,2567,1657,3090,785,2305,10,8,2,2,1,1,0,0,0
08,128,District - Baran (30),Rural,80+,8102,3677,4425,323,218,105,3447,2304,1143,4316,1149,3167,9,5,4,7,1,6,0,0,0
08,128,District - Baran (30),Rural,Age not stated,953,522,431,538,334,204,372,176,196,38,9,29,3,2,1,2,1,1,0,0,0
08,128,District - Baran (30),Rural,Less than 18,396640,208107,188533,388558,205964,182594,7876,2063,5813,102,33,69,95,44,51,9,3,6,0,0,0
08,128,District - Baran (30),Rural,Less than 21,464533,242434,222099,428919,233028,195891,35029,9200,25829,244,88,156,309,109,200,32,9,23,0,0,0
08,128,District - Baran (30),Urban,All ages,254214,131717,122497,122027,68593,53434,122364,60724,61640,8760,1997,6763,757,310,447,306,93,213,0,0,0
08,128,District - Baran (30),Urban,0-9,49298,25940,23358,49298,25940,23358,0,0,0,0,0,0,0,0,0,0,0,0,0,0,0
08,128,District - Baran (30),Urban,10-14,29880,15823,14057,29363,15640,13723,495,170,325,9,5,4,10,6,4,3,2,1,0,0,0
08,128,District - Baran (30),Urban,15-19,29000,15221,13779,25910,14601,11309,3025,606,2419,20,2,18,43,11,32,2,1,1,0,0,0
08,128,District - Baran (30),Urban,20-24,26257,13416,12841,12419,8562,3857,13583,4775,8808,99,36,63,117,37,80,39,6,33,0,0,0
08,128,District - Baran (30),Urban,25-29,21803,11182,10621,3240,2514,726,18208,8550,9658,155,52,103,136,48,88,64,18,46,0,0,0
08,128,District - Baran (30),Urban,30-34,18964,9433,9531,715,563,152,17817,8728,9089,252,69,183,119,55,64,61,18,43,0,0,0
08,128,District - Baran (30),Urban,35-39,17759,8951,8808,291,237,54,16941,8582,8359,376,68,308,104,45,59,47,19,28,0,0,0
08,128,District - Baran (30),Urban,40-44,15296,8077,7219,153,118,35,14486,7811,6675,541,107,434,85,30,55,31,11,20,0,0,0
08,128,District - Baran (30),Urban,45-49,12495,6697,5798,77,56,21,11700,6466,5234,637,137,500,61,33,28,20,5,15,0,0,0
08,128,District - Baran (30),Urban,50-54,9153,5069,4084,59,47,12,8279,4830,3449,768,172,596,34,17,17,13,3,10,0,0,0
08,128,District - Baran (30),Urban,55-59,6506,3319,3187,52,35,17,5760,3126,2634,671,147,524,14,8,6,9,3,6,0,0,0
08,128,District - Baran (30),Urban,60-64,5750,2855,2895,82,52,30,4628,2583,2045,1024,213,811,12,6,6,4,1,3,0,0,0
08,128,District - Baran (30),Urban,65-69,4546,2109,2437,74,47,27,3354,1826,1528,1103,228,875,10,5,5,5,3,2,0,0,0
08,128,District - Baran (30),Urban,70-74,3619,1814,1805,50,31,19,2214,1477,737,1348,301,1047,5,5,0,2,0,2,0,0,0
08,128,District - Baran (30),Urban,75-79,1735,841,894,22,16,6,977,618,359,730,203,527,4,3,1,2,1,1,0,0,0
08,128,District - Baran (30),Urban,80+,1999,894,1105,125,78,47,844,557,287,1023,256,767,3,1,2,4,2,2,0,0,0
08,128,District - Baran (30),Urban,Age not stated,154,76,78,97,56,41,53,19,34,4,1,3,0,0,0,0,0,0,0,0,0
08,128,District - Baran (30),Urban,Less than 18,96380,50844,45536,94814,50411,44403,1519,415,1104,20,5,15,24,11,13,3,2,1,0,0,0
08,128,District - Baran (30),Urban,Less than 21,115169,60466,54703,108748,58959,49789,6281,1465,4816,55,16,39,75,22,53,10,4,6,0,0,0
08,129,District - Jhalawar (31),Total,All ages,1411129,725143,685986,613309,344793,268516,729194,361750,367444,62110,16173,45937,5537,2146,3391,979,281,698,0,0,0
08,129,District - Jhalawar (31),Total,0-9,301473,157274,144199,301473,157274,144199,0,0,0,0,0,0,0,0,0,0,0,0,0,0,0
08,129,District - Jhalawar (31),Total,10-14,163875,85806,78069,157914,84132,73782,5829,1617,4212,60,21,39,69,34,35,3,2,1,0,0,0
08,129,District - Jhalawar (31),Total,15-19,142442,73615,68827,102346,62347,39999,39634,11153,28481,202,53,149,232,56,176,28,6,22,0,0,0
08,129,District - Jhalawar (31),Total,20-24,132597,68618,63979,34599,26758,7841,96410,41376,55034,666,200,466,784,253,531,138,31,107,0,0,0
08,129,District - Jhalawar (31),Total,25-29,110159,56248,53911,8406,7122,1284,99549,48391,51158,1144,335,809,895,345,550,165,55,110,0,0,0
08,129,District - Jhalawar (31),Total,30-34,101758,50873,50885,2672,2360,312,96414,47670,48744,1678,464,1214,843,335,508,151,44,107,0,0,0
08,129,District - Jhalawar (31),Total,35-39,94277,47980,46297,1511,1336,175,89242,45600,43642,2582,701,1881,794,302,492,148,41,107,0,0,0
08,129,District - Jhalawar (31),Total,40-44,82982,43419,39563,914,810,104,77796,41304,36492,3458,982,2476,696,283,413,118,40,78,0,0,0
08,129,District - Jhalawar (31),Total,45-49,67093,34930,32163,614,544,70,61874,32987,28887,4082,1204,2878,441,177,264,82,18,64,0,0,0
08,129,District - Jhalawar (31),Total,50-54,51784,27997,23787,398,354,44,45891,26103,19788,5137,1403,3734,310,126,184,48,11,37,0,0,0
08,129,District - Jhalawar (31),Total,55-59,39658,19090,20568,275,241,34,34740,17531,17209,4480,1244,3236,130,65,65,33,9,24,0,0,0
08,129,District - Jhalawar (31),Total,60-64,40151,19810,20341,488,371,117,31355,17486,13869,8139,1880,6259,142,64,78,27,9,18,0,0,0
08,129,District - Jhalawar (31),Total,65-69,32008,14834,17174,434,318,116,23411,12519,10892,8059,1943,6116,89,46,43,15,8,7,0,0,0
08,129,District - Jhalawar (31),Total,70-74,25437,12908,12529,249,207,42,15004,10218,4786,10108,2444,7664,62,34,28,14,5,9,0,0,0
08,129,District - Jhalawar (31),Total,75-79,11396,5219,6177,118,96,22,6473,3871,2602,4782,1238,3544,17,12,5,6,2,4,0,0,0
08,129,District - Jhalawar (31),Total,80+,13240,6093,7147,365,218,147,5347,3810,1537,7496,2052,5444,29,13,16,3,0,3,0,0,0
08,129,District - Jhalawar (31),Total,Age not stated,799,429,370,533,305,228,225,114,111,37,9,28,4,1,3,0,0,0,0,0,0
08,129,District - Jhalawar (31),Total,Less than 18,549643,287803,261840,528791,281793,246998,20527,5892,14635,159,53,106,159,62,97,7,3,4,0,0,0
08,129,District - Jhalawar (31),Total,Less than 21,647403,336594,310809,575685,314298,261387,70725,22014,48711,436,121,315,491,147,344,66,14,52,0,0,0
08,129,District - Jhalawar (31),Rural,All ages,1181838,606533,575305,507642,284974,222668,615753,305164,310589,53031,14302,38729,4738,1869,2869,674,224,450,0,0,0
08,129,District - Jhalawar (31),Rural,0-9,256905,133697,123208,256905,133697,123208,0,0,0,0,0,0,0,0,0,0,0,0,0,0,0
08,129,District - Jhalawar (31),Rural,10-14,139287,72744,66543,133652,71164,62488,5528,1535,3993,45,15,30,60,29,31,2,1,1,0,0,0
08,129,District - Jhalawar (31),Rural,15-19,118995,61176,57819,81653,50485,31168,36928,10588,26340,182,47,135,210,51,159,22,5,17,0,0,0
08,129,District - Jhalawar (31),Rural,20-24,109657,57069,52588,23761,19369,4392,84517,37259,47258,597,184,413,678,229,449,104,28,76,0,0,0
08,129,District - Jhalawar (31),Rural,25-29,89837,46010,43827,5081,4582,499,82875,40773,42102,1000,312,688,761,297,464,120,46,74,0,0,0
08,129,District - Jhalawar (31),Rural,30-34,83585,41769,41816,1856,1701,155,79466,39324,40142,1435,415,1020,729,291,438,99,38,61,0,0,0
08,129,District - Jhalawar (31),Rural,35-39,77566,39410,38156,1135,1039,96,73497,37461,36036,2171,625,1546,668,258,410,95,27,68,0,0,0
08,129,District - Jhalawar (31),Rural,40-44,68734,35941,32793,726,661,65,64438,34115,30323,2894,885,2009,597,248,349,79,32,47,0,0,0
08,129,District - Jhalawar (31),Rural,45-49,55370,28699,26671,512,468,44,51029,27006,24023,3411,1061,2350,364,150,214,54,14,40,0,0,0
08,129,District - Jhalawar (31),Rural,50-54,42643,23116,19527,328,305,23,37728,21451,16277,4295,1242,3053,266,111,155,26,7,19,0,0,0
08,129,District - Jhalawar (31),Rural,55-59,32936,15608,17328,234,213,21,28855,14246,14609,3718,1089,2629,107,53,54,22,7,15,0,0,0
08,129,District - Jhalawar (31),Rural,60-64,34442,16960,17482,405,321,84,26942,14926,12016,6952,1648,5304,123,58,65,20,7,13,0,0,0
08,129,District - Jhalawar (31),Rural,65-69,27817,12862,14955,350,265,85,20377,10807,9570,6998,1741,5257,80,43,37,12,6,6,0,0,0
08,129,District - Jhalawar (31),Rural,70-74,22202,11345,10857,212,184,28,13134,8949,4185,8791,2179,6612,54,29,25,11,4,7,0,0,0
08,129,District - Jhalawar (31),Rural,75-79,9880,4535,5345,104,87,17,5636,3337,2299,4118,1097,3021,16,12,4,6,2,4,0,0,0
08,129,District - Jhalawar (31),Rural,80+,11306,5227,6079,282,176,106,4607,3287,1320,6393,1755,4638,22,9,13,2,0,2,0,0,0
08,129,District - Jhalawar (31),Rural,Age not stated,676,365,311,446,257,189,196,100,96,31,7,24,3,1,2,0,0,0,0,0,0
08,129,District - Jhalawar (31),Rural,Less than 18,466761,243836,222925,447083,238111,208972,19393,5625,13768,134,43,91,146,55,91,5,2,3,0,0,0
08,129,District - Jhalawar (31),Rural,Less than 21,548821,284592,264229,482689,263587,219102,65259,20755,44504,385,108,277,434,130,304,54,12,42,0,0,0
08,129,District - Jhalawar (31),Urban,All ages,229291,118610,110681,105667,59819,45848,113441,56586,56855,9079,1871,7208,799,277,522,305,57,248,0,0,0
08,129,District - Jhalawar (31),Urban,0-9,44568,23577,20991,44568,23577,20991,0,0,0,0,0,0,0,0,0,0,0,0,0,0,0
08,129,District - Jhalawar (31),Urban,10-14,24588,13062,11526,24262,12968,11294,301,82,219,15,6,9,9,5,4,1,1,0,0,0,0
08,129,District - Jhalawar (31),Urban,15-19,23447,12439,11008,20693,11862,8831,2706,565,2141,20,6,14,22,5,17,6,1,5,0,0,0
08,129,District - Jhalawar (31),Urban,20-24,22940,11549,11391,10838,7389,3449,11893,4117,7776,69,16,53,106,24,82,34,3,31,0,0,0
08,129,District - Jhalawar (31),Urban,25-29,20322,10238,10084,3325,2540,785,16674,7618,9056,144,23,121,134,48,86,45,9,36,0,0,0
08,129,District - Jhalawar (31),Urban,30-34,18173,9104,9069,816,659,157,16948,8346,8602,243,49,194,114,44,70,52,6,46,0,0,0
08,129,District - Jhalawar (31),Urban,35-39,16711,8570,8141,376,297,79,15745,8139,7606,411,76,335,126,44,82,53,14,39,0,0,0
08,129,District - Jhalawar (31),Urban,40-44,14248,7478,6770,188,149,39,13358,7189,6169,564,97,467,99,35,64,39,8,31,0,0,0
08,129,District - Jhalawar (31),Urban,45-49,11723,6231,5492,102,76,26,10845,5981,4864,671,143,528,77,27,50,28,4,24,0,0,0
08,129,District - Jhalawar (31),Urban,50-54,9141,4881,4260,70,49,21,8163,4652,3511,842,161,681,44,15,29,22,4,18,0,0,0
08,129,District - Jhalawar (31),Urban,55-59,6722,3482,3240,41,28,13,5885,3285,2600,762,155,607,23,12,11,11,2,9,0,0,0
08,129,District - Jhalawar (31),Urban,60-64,5709,2850,2859,83,50,33,4413,2560,1853,1187,232,955,19,6,13,7,2,5,0,0,0
08,129,District - Jhalawar (31),Urban,65-69,4191,1972,2219,84,53,31,3034,1712,1322,1061,202,859,9,3,6,3,2,1,0,0,0
08,129,District - Jhalawar (31),Urban,70-74,3235,1563,1672,37,23,14,1870,1269,601,1317,265,1052,8,5,3,3,1,2,0,0,0
08,129,District - Jhalawar (31),Urban,75-79,1516,684,832,14,9,5,837,534,303,664,141,523,1,0,1,0,0,0,0,0,0
08,129,District - Jhalawar (31),Urban,80+,1934,866,1068,83,42,41,740,523,217,1103,297,806,7,4,3,1,0,1,0,0,0
08,129,District - Jhalawar (31),Urban,Age not stated,123,64,59,87,48,39,29,14,15,6,2,4,1,0,1,0,0,0,0,0,0
08,129,District - Jhalawar (31),Urban,Less than 18,82882,43967,38915,81708,43682,38026,1134,267,867,25,10,15,13,7,6,2,1,1,0,0,0
08,129,District - Jhalawar (31),Urban,Less than 21,98582,52002,46580,92996,50711,42285,5466,1259,4207,51,13,38,57,17,40,12,2,10,0,0,0
08,130,District - Udaipur (32),Total,All ages,3068420,1566801,1501619,1440971,791797,649174,1502051,738774,763277,113075,30589,82486,9546,4696,4850,2777,945,1832,0,0,0
08,130,District - Udaipur (32),Total,0-9,723772,375955,347817,723772,375955,347817,0,0,0,0,0,0,0,0,0,0,0,0,0,0,0
08,130,District - Udaipur (32),Total,10-14,350612,183909,166703,343565,181547,162018,6719,2216,4503,172,69,103,141,69,72,15,8,7,0,0,0
08,130,District - Udaipur (32),Total,15-19,300339,153796,146543,244989,140282,104707,54403,13190,41213,396,144,252,463,156,307,88,24,64,0,0,0
08,130,District - Udaipur (32),Total,20-24,266253,134535,131718,86680,62107,24573,176683,71307,105376,1095,404,691,1424,619,805,371,98,273,0,0,0
08,130,District - Udaipur (32),Total,25-29,235460,118474,116986,23012,18084,4928,208414,98681,109733,1975,785,1190,1586,780,806,473,144,329,0,0,0
08,130,District - Udaipur (32),Total,30-34,215390,108147,107243,6457,5093,1364,203719,100956,102763,3206,1138,2068,1536,798,738,472,162,310,0,0,0
08,130,District - Udaipur (32),Total,35-39,203121,102124,100997,3021,2316,705,193555,97440,96115,4826,1539,3287,1306,686,620,413,143,270,0,0,0
08,130,District - Udaipur (32),Total,40-44,173353,89385,83968,1781,1379,402,163722,85404,78318,6439,1914,4525,1092,565,527,319,123,196,0,0,0
08,130,District - Udaipur (32),Total,45-49,147423,74872,72551,1135,850,285,137621,71350,66271,7775,2244,5531,669,347,322,223,81,142,0,0,0
08,130,District - Udaipur (32),Total,50-54,115752,62025,53727,778,607,171,104444,58432,46012,9900,2674,7226,482,253,229,148,59,89,0,0,0
08,130,District - Udaipur (32),Total,55-59,88846,43039,45807,564,369,195,78637,40013,38624,9266,2474,6792,294,144,150,85,39,46,0,0,0
08,130,District - Udaipur (32),Total,60-64,84963,42412,42551,1262,754,508,67945,37724,30221,15436,3790,11646,249,120,129,71,24,47,0,0,0
08,130,District - Udaipur (32),Total,65-69,63496,29974,33522,1281,752,529,47755,25617,22138,14281,3513,10768,132,75,57,47,17,30,0,0,0
08,130,District - Udaipur (32),Total,70-74,48473,24366,24107,579,357,222,31246,19867,11379,16519,4084,12435,99,47,52,30,11,19,0,0,0
08,130,District - Udaipur (32),Total,75-79,22917,10582,12335,193,109,84,14164,8252,5912,8521,2202,6319,29,15,14,10,4,6,0,0,0
08,130,District - Udaipur (32),Total,80+,26587,12219,14368,892,506,386,12466,8095,4371,13182,3592,9590,39,21,18,8,5,3,0,0,0
08,130,District - Udaipur (32),Total,Age not stated,1663,987,676,1010,730,280,558,230,328,86,23,63,5,1,4,4,3,1,0,0,0
08,130,District - Udaipur (32),Total,Less than 18,1253173,653527,599646,1229182,646640,582542,23256,6602,16654,397,152,245,300,118,182,38,15,23,0,0,0
08,130,District - Udaipur (32),Total,Less than 21,1448639,750807,697832,1345822,721373,624449,100864,28737,72127,823,290,533,935,352,583,195,55,140,0,0,0
08,130,District - Udaipur (32),Rural,All ages,2459994,1251316,1208678,1181306,642937,538369,1179694,577961,601733,89218,25574,63644,7897,4155,3742,1879,689,1190,0,0,0
08,130,District - Udaipur (32),Rural,0-9,625980,323426,302554,625980,323426,302554,0,0,0,0,0,0,0,0,0,0,0,0,0,0,0
08,130,District - Udaipur (32),Rural,10-14,294772,153725,141047,288707,151693,137014,5798,1911,3887,141,58,83,117,58,59,9,5,4,0,0,0
08,130,District - Udaipur (32),Rural,15-19,241880,122498,119382,192132,110247,81885,48917,11962,36955,341,133,208,418,137,281,72,19,53,0,0,0
08,130,District - Udaipur (32),Rural,20-24,206183,103979,102204,52142,39610,12532,151556,63358,88198,938,360,578,1255,570,685,292,81,211,0,0,0
08,130,District - Udaipur (32),Rural,25-29,178443,89892,88551,10807,9133,1674,164314,79218,85096,1676,730,946,1320,696,624,326,115,211,0,0,0
08,130,District - Udaipur (32),Rural,30-34,164654,82460,82194,3420,2884,536,157062,77767,79295,2599,999,1600,1249,696,553,324,114,210,0,0,0
08,130,District - Udaipur (32),Rural,35-39,156023,78329,77694,1771,1444,327,149094,74818,74276,3854,1365,2489,1049,606,443,255,96,159,0,0,0
08,130,District - Udaipur (32),Rural,40-44,133039,68854,64185,1117,913,204,125784,65691,60093,5074,1682,3392,864,485,379,200,83,117,0,0,0
08,130,District - Udaipur (32),Rural,45-49,111974,56625,55349,732,597,135,104499,53685,50814,6078,1974,4104,527,310,217,138,59,79,0,0,0
08,130,District - Udaipur (32),Rural,50-54,86433,46465,39968,486,409,77,77810,43491,34319,7650,2305,5345,391,222,169,96,38,58,0,0,0
08,130,District - Udaipur (32),Rural,55-59,66399,31506,34893,340,254,86,58662,29037,29625,7106,2062,5044,241,125,116,50,28,22,0,0,0
08,130,District - Udaipur (32),Rural,60-64,66158,32639,33519,881,535,346,52551,28769,23782,12474,3207,9267,204,109,95,48,19,29,0,0,0
08,130,District - Udaipur (32),Rural,65-69,50465,23507,26958,834,510,324,37984,19982,18002,11505,2937,8568,109,65,44,33,13,20,0,0,0
08,130,District - Udaipur (32),Rural,70-74,38607,19469,19138,378,254,124,24689,15738,8951,13427,3426,10001,89,42,47,24,9,15,0,0,0
08,130,District - Udaipur (32),Rural,75-79,17479,7886,9593,125,74,51,10901,6168,4733,6423,1626,4797,25,14,11,5,4,1,0,0,0
08,130,District - Udaipur (32),Rural,80+,20138,9243,10895,607,342,265,9628,6184,3444,9865,2695,7170,34,19,15,4,3,1,0,0,0
08,130,District - Udaipur (32),Rural,Age not stated,1367,813,554,847,612,235,445,182,263,67,15,52,5,1,4,3,3,0,0,0,0
08,130,District - Udaipur (32),Rural,Less than 18,1065913,552520,513393,1044763,546480,498283,20531,5798,14733,332,134,198,259,98,161,28,10,18,0,0,0
08,130,District - Udaipur (32),Rural,Less than 21,1222196,629414,592782,1130446,602659,527787,90055,26139,63916,706,259,447,836,313,523,153,44,109,0,0,0
08,130,District - Udaipur (32),Urban,All ages,608426,315485,292941,259665,148860,110805,322357,160813,161544,23857,5015,18842,1649,541,1108,898,256,642,0,0,0
08,130,District - Udaipur (32),Urban,0-9,97792,52529,45263,97792,52529,45263,0,0,0,0,0,0,0,0,0,0,0,0,0,0,0
08,130,District - Udaipur (32),Urban,10-14,55840,30184,25656,54858,29854,25004,921,305,616,31,11,20,24,11,13,6,3,3,0,0,0
08,130,District - Udaipur (32),Urban,15-19,58459,31298,27161,52857,30035,22822,5486,1228,4258,55,11,44,45,19,26,16,5,11,0,0,0
08,130,District - Udaipur (32),Urban,20-24,60070,30556,29514,34538,22497,12041,25127,7949,17178,157,44,113,169,49,120,79,17,62,0,0,0
08,130,District - Udaipur (32),Urban,25-29,57017,28582,28435,12205,8951,3254,44100,19463,24637,299,55,244,266,84,182,147,29,118,0,0,0
08,130,District - Udaipur (32),Urban,30-34,50736,25687,25049,3037,2209,828,46657,23189,23468,607,139,468,287,102,185,148,48,100,0,0,0
08,130,District - Udaipur (32),Urban,35-39,47098,23795,23303,1250,872,378,44461,22622,21839,972,174,798,257,80,177,158,47,111,0,0,0
08,130,District - Udaipur (32),Urban,40-44,40314,20531,19783,664,466,198,37938,19713,18225,1365,232,1133,228,80,148,119,40,79,0,0,0
08,130,District - Udaipur (32),Urban,45-49,35449,18247,17202,403,253,150,33122,17665,15457,1697,270,1427,142,37,105,85,22,63,0,0,0
08,130,District - Udaipur (32),Urban,50-54,29319,15560,13759,292,198,94,26634,14941,11693,2250,369,1881,91,31,60,52,21,31,0,0,0
08,130,District - Udaipur (32),Urban,55-59,22447,11533,10914,224,115,109,19975,10976,8999,2160,412,1748,53,19,34,35,11,24,0,0,0
08,130,District - Udaipur (32),Urban,60-64,18805,9773,9032,381,219,162,15394,8955,6439,2962,583,2379,45,11,34,23,5,18,0,0,0
08,130,District - Udaipur (32),Urban,65-69,13031,6467,6564,447,242,205,9771,5635,4136,2776,576,2200,23,10,13,14,4,10,0,0,0
08,130,District - Udaipur (32),Urban,70-74,9866,4897,4969,201,103,98,6557,4129,2428,3092,658,2434,10,5,5,6,2,4,0,0,0
08,130,District - Udaipur (32),Urban,75-79,5438,2696,2742,68,35,33,3263,2084,1179,2098,576,1522,4,1,3,5,0,5,0,0,0
08,130,District - Udaipur (32),Urban,80+,6449,2976,3473,285,164,121,2838,1911,927,3317,897,2420,5,2,3,4,2,2,0,0,0
08,130,District - Udaipur (32),Urban,Age not stated,296,174,122,163,118,45,113,48,65,19,8,11,0,0,0,1,0,1,0,0,0
08,130,District - Udaipur (32),Urban,Less than 18,187260,101007,86253,184419,100160,84259,2725,804,1921,65,18,47,41,20,21,10,5,5,0,0,0
08,130,District - Udaipur (32),Urban,Less than 21,226443,121393,105050,215376,118714,96662,10809,2598,8211,117,31,86,99,39,60,42,11,31,0,0,0
08,131,District - Pratapgarh (33),Total,All ages,867848,437744,430104,415038,223277,191761,415277,204588,210689,33643,8205,25438,3015,1331,1684,875,343,532,0,0,0
08,131,District - Pratapgarh (33),Total,0-9,214323,110365,103958,214323,110365,103958,0,0,0,0,0,0,0,0,0,0,0,0,0,0,0
08,131,District - Pratapgarh (33),Total,10-14,104119,53744,50375,102519,53195,49324,1526,523,1003,44,13,31,28,13,15,2,0,2,0,0,0
08,131,District - Pratapgarh (33),Total,15-19,84629,41758,42871,69195,38080,31115,15237,3614,11623,72,23,49,99,33,66,26,8,18,0,0,0
08,131,District - Pratapgarh (33),Total,20-24,77513,38823,38690,19795,14431,5364,56761,23963,32798,336,161,175,478,204,274,143,64,79,0,0,0
08,131,District - Pratapgarh (33),Total,25-29,65403,32807,32596,4055,3384,671,60093,28871,31222,574,228,346,513,246,267,168,78,90,0,0,0
08,131,District - Pratapgarh (33),Total,30-34,60804,30514,30290,1375,1174,201,57810,28709,29101,987,355,632,502,226,276,130,50,80,0,0,0
08,131,District - Pratapgarh (33),Total,35-39,56047,28229,27818,756,649,107,53287,26854,26433,1476,485,991,414,195,219,114,46,68,0,0,0
08,131,District - Pratapgarh (33),Total,40-44,48001,24840,23161,433,372,61,45024,23683,21341,2100,603,1497,357,148,209,87,34,53,0,0,0
08,131,District - Pratapgarh (33),Total,45-49,39949,19791,20158,277,217,60,36926,18772,18154,2447,678,1769,246,105,141,53,19,34,0,0,0
08,131,District - Pratapgarh (33),Total,50-54,30712,16526,14186,184,157,27,27194,15522,11672,3157,779,2378,132,52,80,45,16,29,0,0,0
08,131,District - Pratapgarh (33),Total,55-59,22890,10561,12329,106,84,22,19952,9835,10117,2724,603,2121,79,32,47,29,7,22,0,0,0
08,131,District - Pratapgarh (33),Total,60-64,21864,10854,11010,235,160,75,16749,9683,7066,4768,972,3796,86,36,50,26,3,23,0,0,0
08,131,District - Pratapgarh (33),Total,65-69,15776,7068,8708,279,161,118,11370,6005,5365,4068,871,3197,43,26,17,16,5,11,0,0,0
08,131,District - Pratapgarh (33),Total,70-74,12190,5855,6335,108,79,29,7197,4761,2436,4850,1003,3847,20,8,12,15,4,11,0,0,0
08,131,District - Pratapgarh (33),Total,75-79,5499,2423,3076,31,24,7,3175,1859,1316,2283,539,1744,6,1,5,4,0,4,0,0,0
08,131,District - Pratapgarh (33),Total,80+,6677,2858,3819,157,94,63,2791,1864,927,3707,887,2820,9,5,4,13,8,5,0,0,0
08,131,District - Pratapgarh (33),Total,Age not stated,1452,728,724,1210,651,559,185,70,115,50,5,45,3,1,2,4,1,3,0,0,0
08,131,District - Pratapgarh (33),Total,Less than 18,368908,189926,178982,363399,188326,175073,5361,1551,3810,82,24,58,58,22,36,8,3,5,0,0,0
08,131,District - Pratapgarh (33),Total,Less than 21,425515,216854,208661,394965,207935,187030,30059,8743,21316,199,74,125,244,84,160,48,18,30,0,0,0
08,131,District - Pratapgarh (33),Rural,All ages,796041,401171,394870,384175,205964,178211,377989,186079,191910,30430,7582,22848,2705,1240,1465,742,306,436,0,0,0
08,131,District - Pratapgarh (33),Rural,0-9,201578,103687,97891,201578,103687,97891,0,0,0,0,0,0,0,0,0,0,0,0,0,0,0
08,131,District - Pratapgarh (33),Rural,10-14,97060,49997,47063,95579,49495,46084,1419,479,940,34,11,23,26,12,14,2,0,2,0,0,0
08,131,District - Pratapgarh (33),Rural,15-19,77797,38207,39590,63114,34674,28440,14505,3473,11032,66,23,43,88,29,59,24,8,16,0,0,0
08,131,District - Pratapgarh (33),Rural,20-24,70721,35490,35231,16478,12239,4239,53352,22840,30512,311,156,155,451,198,253,129,57,72,0,0,0
08,131,District - Pratapgarh (33),Rural,25-29,58938,29556,29382,3031,2598,433,54757,26440,28317,535,215,320,466,228,238,149,75,74,0,0,0
08,131,District - Pratapgarh (33),Rural,30-34,54826,27558,27268,1111,959,152,52265,26009,26256,907,340,567,438,209,229,105,41,64,0,0,0
08,131,District - Pratapgarh (33),Rural,35-39,50518,25395,25123,630,556,74,48083,24153,23930,1332,462,870,376,183,193,97,41,56,0,0,0
08,131,District - Pratapgarh (33),Rural,40-44,43433,22556,20877,363,312,51,40782,21498,19284,1898,578,1320,319,137,182,71,31,40,0,0,0
08,131,District - Pratapgarh (33),Rural,45-49,36076,17836,18240,234,185,49,33373,16893,16480,2209,644,1565,219,99,120,41,15,26,0,0,0
08,131,District - Pratapgarh (33),Rural,50-54,27354,14774,12580,155,139,16,24185,13834,10351,2867,741,2126,109,46,63,38,14,24,0,0,0
08,131,District - Pratapgarh (33),Rural,55-59,20364,9310,11054,94,75,19,17753,8645,9108,2427,555,1872,68,29,39,22,6,16,0,0,0
08,131,District - Pratapgarh (33),Rural,60-64,19773,9756,10017,215,148,67,15080,8674,6406,4384,902,3482,72,30,42,22,2,20,0,0,0
08,131,District - Pratapgarh (33),Rural,65-69,14343,6378,7965,253,143,110,10345,5410,4935,3694,795,2899,38,25,13,13,5,8,0,0,0
08,131,District - Pratapgarh (33),Rural,70-74,11073,5324,5749,93,68,25,6518,4323,2195,4429,921,3508,19,8,11,14,4,10,0,0,0
08,131,District - Pratapgarh (33),Rural,75-79,4944,2143,2801,24,18,6,2887,1661,1226,2026,463,1563,6,1,5,1,0,1,0,0,0
08,131,District - Pratapgarh (33),Rural,80+,5962,2552,3410,136,76,60,2535,1693,842,3271,772,2499,9,5,4,11,6,5,0,0,0
08,131,District - Pratapgarh (33),Rural,Age not stated,1281,652,629,1087,592,495,150,54,96,40,4,36,1,1,0,3,1,2,0,0,0
08,131,District - Pratapgarh (33),Rural,Less than 18,345089,177405,167684,339933,175899,164034,5029,1461,3568,67,22,45,53,20,33,7,3,4,0,0,0
08,131,District - Pratapgarh (33),Rural,Less than 21,397184,202042,195142,368150,193485,174665,28588,8392,20196,176,69,107,224,78,146,46,18,28,0,0,0
08,131,District - Pratapgarh (33),Urban,All ages,71807,36573,35234,30863,17313,13550,37288,18509,18779,3213,623,2590,310,91,219,133,37,96,0,0,0
08,131,District - Pratapgarh (33),Urban,0-9,12745,6678,6067,12745,6678,6067,0,0,0,0,0,0,0,0,0,0,0,0,0,0,0
08,131,District - Pratapgarh (33),Urban,10-14,7059,3747,3312,6940,3700,3240,107,44,63,10,2,8,2,1,1,0,0,0,0,0,0
08,131,District - Pratapgarh (33),Urban,15-19,6832,3551,3281,6081,3406,2675,732,141,591,6,0,6,11,4,7,2,0,2,0,0,0
08,131,District - Pratapgarh (33),Urban,20-24,6792,3333,3459,3317,2192,1125,3409,1123,2286,25,5,20,27,6,21,14,7,7,0,0,0
08,131,District - Pratapgarh (33),Urban,25-29,6465,3251,3214,1024,786,238,5336,2431,2905,39,13,26,47,18,29,19,3,16,0,0,0
08,131,District - Pratapgarh (33),Urban,30-34,5978,2956,3022,264,215,49,5545,2700,2845,80,15,65,64,17,47,25,9,16,0,0,0
08,131,District - Pratapgarh (33),Urban,35-39,5529,2834,2695,126,93,33,5204,2701,2503,144,23,121,38,12,26,17,5,12,0,0,0
08,131,District - Pratapgarh (33),Urban,40-44,4568,2284,2284,70,60,10,4242,2185,2057,202,25,177,38,11,27,16,3,13,0,0,0
08,131,District - Pratapgarh (33),Urban,45-49,3873,1955,1918,43,32,11,3553,1879,1674,238,34,204,27,6,21,12,4,8,0,0,0
08,131,District - Pratapgarh (33),Urban,50-54,3358,1752,1606,29,18,11,3009,1688,1321,290,38,252,23,6,17,7,2,5,0,0,0
08,131,District - Pratapgarh (33),Urban,55-59,2526,1251,1275,12,9,3,2199,1190,1009,297,48,249,11,3,8,7,1,6,0,0,0
08,131,District - Pratapgarh (33),Urban,60-64,2091,1098,993,20,12,8,1669,1009,660,384,70,314,14,6,8,4,1,3,0,0,0
08,131,District - Pratapgarh (33),Urban,65-69,1433,690,743,26,18,8,1025,595,430,374,76,298,5,1,4,3,0,3,0,0,0
08,131,District - Pratapgarh (33),Urban,70-74,1117,531,586,15,11,4,679,438,241,421,82,339,1,0,1,1,0,1,0,0,0
08,131,District - Pratapgarh (33),Urban,75-79,555,280,275,7,6,1,288,198,90,257,76,181,0,0,0,3,0,3,0,0,0
08,131,District - Pratapgarh (33),Urban,80+,715,306,409,21,18,3,256,171,85,436,115,321,0,0,0,2,2,0,0,0,0
08,131,District - Pratapgarh (33),Urban,Age not stated,171,76,95,123,59,64,35,16,19,10,1,9,2,0,2,1,0,1,0,0,0
08,131,District - Pratapgarh (33),Urban,Less than 18,23819,12521,11298,23466,12427,11039,332,90,242,15,2,13,5,2,3,1,0,1,0,0,0
08,131,District - Pratapgarh (33),Urban,Less than 21,28331,14812,13519,26815,14450,12365,1471,351,1120,23,5,18,20,6,14,2,0,2,0,0,0
