state_code,district_code,area_name,region_type,age_group,total_persons,total_males,total_females,never_married_persons,never_married_males,never_married_females,currently_married_persons,currently_married_males,currently_married_females,widowed_persons,widowed_males,widowed_females,separated_persons,separated_males,separated_females,divorced_persons,divorced_males,divorced_females,unspecified_persons,unspecified_males,unspecified_females
11,000,State - SIKKIM (11),Total,All ages,610577,323070,287507,305986,168021,137965,278114,145422,132692,20327,6610,13717,4580,2123,2457,1570,894,676,0,0,0
11,000,State - SIKKIM (11),Total,0-9,99014,50373,48641,99014,50373,48641,0,0,0,0,0,0,0,0,0,0,0,0,0,0,0
11,000,State - SIKKIM (11),Total,10-14,66923,33965,32958,65997,33629,32368,862,305,557,31,15,16,27,11,16,6,5,1,0,0,0
11,000,State - SIKKIM (11),Total,15-19,66937,33998,32939,59826,32439,27387,6960,1513,5447,69,22,47,66,17,49,16,7,9,0,0,0
11,000,State - SIKKIM (11),Total,20-24,67297,35146,32151,39714,25100,14614,27058,9869,17189,167,44,123,270,94,176,88,39,49,0,0,0
11,000,State - SIKKIM (11),Total,25-29,64639,34700,29939,20595,13662,6933,43037,20636,22401,354,111,243,490,215,275,163,76,87,0,0,0
11,000,State - SIKKIM (11),Total,30-34,52225,28562,23663,7703,4952,2751,43169,23041,20128,540,180,360,590,261,329,223,128,95,0,0,0
11,000,State - SIKKIM (11),Total,35-39,43627,23396,20231,3750,2295,1455,38235,20498,17737,849,217,632,580,271,309,213,115,98,0,0,0
11,000,State - SIKKIM (11),Total,40-44,36552,20170,16382,2355,1427,928,32268,18060,14208,1122,277,845,622,296,326,185,110,75,0,0,0
11,000,State - SIKKIM (11),Total,45-49,29462,16114,13348,1570,934,636,25627,14374,11253,1563,432,1131,524,259,265,178,115,63,0,0,0
11,000,State - SIKKIM (11),Total,50-54,24432,13624,10808,1160,702,458,20625,12081,8544,2037,529,1508,435,220,215,175,92,83,0,0,0
11,000,State - SIKKIM (11),Total,55-59,17541,9913,7628,857,497,360,14187,8574,5613,2084,622,1462,308,148,160,105,72,33,0,0,0
11,000,State - SIKKIM (11),Total,60-64,13550,7441,6109,878,494,384,9890,6028,3862,2442,735,1707,252,124,128,88,60,28,0,0,0
11,000,State - SIKKIM (11),Total,65-69,10483,5593,4890,870,514,356,6896,4170,2726,2494,800,1694,175,81,94,48,28,20,0,0,0
11,000,State - SIKKIM (11),Total,70-74,7561,4304,3257,425,260,165,4546,3075,1471,2423,884,1539,126,61,65,41,24,17,0,0,0
11,000,State - SIKKIM (11),Total,75-79,4516,2556,1960,185,104,81,2389,1633,756,1868,775,1093,55,33,22,19,11,8,0,0,0
11,000,State - SIKKIM (11),Total,80+,4642,2578,2064,322,193,129,2008,1391,617,2237,952,1285,53,30,23,22,12,10,0,0,0
11,000,State - SIKKIM (11),Total,Age not stated,1176,637,539,765,446,319,357,174,183,47,15,32,7,2,5,0,0,0,0,0,0
11,000,State - SIKKIM (11),Total,Less than 18,205832,104504,101328,202425,103632,98793,3269,817,2452,70,26,44,54,19,35,14,10,4,0,0,0
11,000,State - SIKKIM (11),Total,Less than 21,246722,125420,121302,234645,122345,112300,11802,2980,8822,122,43,79,124,37,87,29,15,14,0,0,0
11,000,State - SIKKIM (11),Rural,All ages,456999,242797,214202,231048,127477,103571,205212,107243,97969,15836,5586,10250,3698,1756,1942,1205,735,470,0,0,0
11,000,State - SIKKIM (11),Rural,0-9,76540,38875,37665,76540,38875,37665,0,0,0,0,0,0,0,0,0,0,0,0,0,0,0
11,000,State - SIKKIM (11),Rural,10-14,52191,26588,25603,51519,26341,25178,621,221,400,23,13,10,22,8,14,6,5,1,0,0,0
11,000,State - SIKKIM (11),Rural,15-19,50759,25943,24816,45013,24686,20327,5628,1226,4402,53,15,38,52,11,41,13,5,8,0,0,0
11,000,State - SIKKIM (11),Rural,20-24,49839,26301,23538,28440,18356,10084,20979,7795,13184,130,38,92,216,77,139,74,35,39,0,0,0
11,000,State - SIKKIM (11),Rural,25-29,46628,25475,21153,14084,9552,4532,31753,15593,16160,262,88,174,400,177,223,129,65,64,0,0,0
11,000,State - SIKKIM (11),Rural,30-34,37412,20788,16624,5286,3455,1831,31115,16873,14242,385,144,241,458,208,250,168,108,60,0,0,0
11,000,State - SIKKIM (11),Rural,35-39,30928,16613,14315,2704,1673,1031,27020,14450,12570,580,172,408,455,221,234,169,97,72,0,0,0
11,000,State - SIKKIM (11),Rural,40-44,26111,14402,11709,1786,1117,669,22888,12722,10166,811,229,582,488,243,245,138,91,47,0,0,0
11,000,State - SIKKIM (11),Rural,45-49,21104,11394,9710,1224,756,468,18193,9987,8206,1138,354,784,417,208,209,132,89,43,0,0,0
11,000,State - SIKKIM (11),Rural,50-54,18081,10021,8060,946,586,360,15123,8734,6389,1528,438,1090,359,192,167,125,71,54,0,0,0
11,000,State - SIKKIM (11),Rural,55-59,13219,7390,5829,700,419,281,10646,6296,4350,1547,503,1044,246,115,131,80,57,23,0,0,0
11,000,State - SIKKIM (11),Rural,60-64,10875,5971,4904,749,426,323,7909,4763,3146,1929,622,1307,220,114,106,68,46,22,0,0,0
11,000,State - SIKKIM (11),Rural,65-69,8532,4584,3948,673,407,266,5661,3392,2269,2015,694,1321,145,67,78,38,24,14,0,0,0
11,000,State - SIKKIM (11),Rural,70-74,6280,3624,2656,348,219,129,3775,2547,1228,2006,780,1226,114,55,59,37,23,14,0,0,0
11,000,State - SIKKIM (11),Rural,75-79,3736,2150,1586,156,91,65,1972,1351,621,1545,670,875,50,29,21,13,9,4,0,0,0
11,000,State - SIKKIM (11),Rural,80+,3777,2147,1630,243,150,93,1627,1147,480,1842,811,1031,50,29,21,15,10,5,0,0,0
11,000,State - SIKKIM (11),Rural,Age not stated,987,531,456,637,368,269,302,146,156,42,15,27,6,2,4,0,0,0,0,0,0
11,000,State - SIKKIM (11),Rural,Less than 18,159114,80958,78156,156479,80304,76175,2528,612,1916,52,19,33,41,13,28,14,10,4,0,0,0
11,000,State - SIKKIM (11),Rural,Less than 21,189965,96833,93132,180313,94372,85941,9437,2391,7046,92,33,59,97,24,73,26,13,13,0,0,0
11,000,State - SIKKIM (11),Urban,All ages,153578,80273,73305,74938,40544,34394,72902,38179,34723,4491,1024,3467,882,367,515,365,159,206,0,0,0
11,000,State - SIKKIM (11),Urban,0-9,22474,11498,10976,22474,11498,10976,0,0,0,0,0,0,0,0,0,0,0,0,0,0,0
11,000,State - SIKKIM (11),Urban,10-14,14732,7377,7355,14478,7288,7190,241,84,157,8,2,6,5,3,2,0,0,0,0,0,0
11,000,State - SIKKIM (11),Urban,15-19,16178,8055,8123,14813,7753,7060,1332,287,1045,16,7,9,14,6,8,3,2,1,0,0,0
11,000,State - SIKKIM (11),Urban,20-24,17458,8845,8613,11274,6744,4530,6079,2074,4005,37,6,31,54,17,37,14,4,10,0,0,0
11,000,State - SIKKIM (11),Urban,25-29,18011,9225,8786,6511,4110,2401,11284,5043,6241,92,23,69,90,38,52,34,11,23,0,0,0
11,000,State - SIKKIM (11),Urban,30-34,14813,7774,7039,2417,1497,920,12054,6168,5886,155,36,119,132,53,79,55,20,35,0,0,0
11,000,State - SIKKIM (11),Urban,35-39,12699,6783,5916,1046,622,424,11215,6048,5167,269,45,224,125,50,75,44,18,26,0,0,0
11,000,State - SIKKIM (11),Urban,40-44,10441,5768,4673,569,310,259,9380,5338,4042,311,48,263,134,53,81,47,19,28,0,0,0
11,000,State - SIKKIM (11),Urban,45-49,8358,4720,3638,346,178,168,7434,4387,3047,425,78,347,107,51,56,46,26,20,0,0,0
11,000,State - SIKKIM (11),Urban,50-54,6351,3603,2748,214,116,98,5502,3347,2155,509,91,418,76,28,48,50,21,29,0,0,0
11,000,State - SIKKIM (11),Urban,55-59,4322,2523,1799,157,78,79,3541,2278,1263,537,119,418,62,33,29,25,15,10,0,0,0
11,000,State - SIKKIM (11),Urban,60-64,2675,1470,1205,129,68,61,1981,1265,716,513,113,400,32,10,22,20,14,6,0,0,0
11,000,State - SIKKIM (11),Urban,65-69,1951,1009,942,197,107,90,1235,778,457,479,106,373,30,14,16,10,4,6,0,0,0
11,000,State - SIKKIM (11),Urban,70-74,1281,680,601,77,41,36,771,528,243,417,104,313,12,6,6,4,1,3,0,0,0
11,000,State - SIKKIM (11),Urban,75-79,780,406,374,29,13,16,417,282,135,323,105,218,5,4,1,6,2,4,0,0,0
11,000,State - SIKKIM (11),Urban,80+,865,431,434,79,43,36,381,244,137,395,141,254,3,1,2,7,2,5,0,0,0
11,000,State - SIKKIM (11),Urban,Age not stated,189,106,83,128,78,50,55,28,27,5,0,5,1,0,1,0,0,0,0,0,0
11,000,State - SIKKIM (11),Urban,Less than 18,46718,23546,23172,45946,23328,22618,741,205,536,18,7,11,13,6,7,0,0,0,0,0,0
11,000,State - SIKKIM (11),Urban,Less than 21,56757,28587,28170,54332,27973,26359,2365,589,1776,30,10,20,27,13,14,3,2,1,0,0,0
11,241,District - North  District (01),Total,All ages,43709,24730,18979,22368,12684,9684,19663,11385,8278,1360,489,871,217,119,98,101,53,48,0,0,0
11,241,District - North  District (01),Total,0-9,7237,3660,3577,7237,3660,3577,0,0,0,0,0,0,0,0,0,0,0,0,0,0,0
11,241,District - North  District (01),Total,10-14,4952,2455,2497,4881,2427,2454,64,24,40,1,1,0,3,1,2,3,2,1,0,0,0
11,241,District - North  District (01),Total,15-19,4841,2581,2260,4386,2473,1913,445,106,339,4,0,4,6,2,4,0,0,0,0,0,0
11,241,District - North  District (01),Total,20-24,4983,2918,2065,3016,2091,925,1934,817,1117,11,5,6,14,3,11,8,2,6,0,0,0
11,241,District - North  District (01),Total,25-29,5086,3089,1997,1582,1158,424,3417,1890,1527,40,15,25,36,22,14,11,4,7,0,0,0
11,241,District - North  District (01),Total,30-34,3794,2446,1348,483,334,149,3244,2082,1162,30,15,15,28,13,15,9,2,7,0,0,0
11,241,District - North  District (01),Total,35-39,3257,1964,1293,267,181,86,2872,1732,1140,79,26,53,24,17,7,15,8,7,0,0,0
11,241,District - North  District (01),Total,40-44,2674,1649,1025,159,113,46,2385,1480,905,81,28,53,37,23,14,12,5,7,0,0,0
11,241,District - North  District (01),Total,45-49,1949,1144,805,84,54,30,1709,1021,688,117,43,74,24,14,10,15,12,3,0,0,0
11,241,District - North  District (01),Total,50-54,1565,904,661,57,41,16,1334,802,532,152,48,104,10,6,4,12,7,5,0,0,0
11,241,District - North  District (01),Total,55-59,1056,618,438,47,32,15,839,535,304,155,41,114,11,6,5,4,4,0,0,0,0
11,241,District - North  District (01),Total,60-64,772,407,365,47,29,18,546,313,233,165,56,109,9,4,5,5,5,0,0,0,0
11,241,District - North  District (01),Total,65-69,549,307,242,47,37,10,336,203,133,157,62,95,7,5,2,2,0,2,0,0,0
11,241,District - North  District (01),Total,70-74,388,216,172,20,15,5,218,144,74,145,55,90,3,1,2,2,1,1,0,0,0
11,241,District - North  District (01),Total,75-79,258,145,113,11,10,1,133,90,43,111,44,67,1,1,0,2,0,2,0,0,0
11,241,District - North  District (01),Total,80+,299,200,99,14,10,4,172,139,33,108,49,59,4,1,3,1,1,0,0,0,0
11,241,District - North  District (01),Total,Age not stated,49,27,22,30,19,11,15,7,8,4,1,3,0,0,0,0,0,0,0,0,0
11,241,District - North  District (01),Total,Less than 18,15073,7604,7469,14853,7539,7314,207,60,147,3,1,2,7,2,5,3,2,1,0,0,0
11,241,District - North  District (01),Total,Less than 21,17980,9208,8772,17187,8999,8188,772,200,572,7,3,4,10,4,6,4,2,2,0,0,0
11,241,District - North  District (01),Rural,All ages,39065,22274,16791,19760,11267,8493,17747,10376,7371,1259,466,793,204,115,89,95,50,45,0,0,0
11,241,District - North  District (01),Rural,0-9,6315,3180,3135,6315,3180,3135,0,0,0,0,0,0,0,0,0,0,0,0,0,0,0
11,241,District - North  District (01),Rural,10-14,4321,2134,2187,4264,2110,2154,50,20,30,1,1,0,3,1,2,3,2,1,0,0,0
11,241,District - North  District (01),Rural,15-19,4234,2261,1973,3808,2158,1650,416,101,315,4,0,4,6,2,4,0,0,0,0,0,0
11,241,District - North  District (01),Rural,20-24,4521,2676,1845,2745,1920,825,1744,747,997,11,5,6,13,2,11,8,2,6,0,0,0
11,241,District - North  District (01),Rural,25-29,4649,2882,1767,1474,1092,382,3094,1751,1343,36,14,22,35,21,14,10,4,6,0,0,0
11,241,District - North  District (01),Rural,30-34,3437,2251,1186,438,305,133,2938,1918,1020,29,14,15,24,12,12,8,2,6,0,0,0
11,241,District - North  District (01),Rural,35-39,2894,1782,1112,248,171,77,2540,1562,978,68,24,44,23,17,6,15,8,7,0,0,0
11,241,District - North  District (01),Rural,40-44,2400,1489,911,147,104,43,2138,1332,806,71,25,46,33,23,10,11,5,6,0,0,0
11,241,District - North  District (01),Rural,45-49,1756,1029,727,74,48,26,1538,917,621,108,41,67,23,13,10,13,10,3,0,0,0
11,241,District - North  District (01),Rural,50-54,1412,810,602,54,38,16,1201,716,485,136,44,92,10,6,4,11,6,5,0,0,0
11,241,District - North  District (01),Rural,55-59,964,555,409,44,29,15,761,476,285,145,40,105,10,6,4,4,4,0,0,0,0
11,241,District - North  District (01),Rural,60-64,720,381,339,39,26,13,514,292,222,153,54,99,9,4,5,5,5,0,0,0,0
11,241,District - North  District (01),Rural,65-69,510,285,225,41,33,8,308,186,122,152,61,91,7,5,2,2,0,2,0,0,0
11,241,District - North  District (01),Rural,70-74,364,202,162,19,15,4,205,134,71,135,51,84,3,1,2,2,1,1,0,0,0
11,241,District - North  District (01),Rural,75-79,240,136,104,11,10,1,119,81,38,107,44,63,1,1,0,2,0,2,0,0,0
11,241,District - North  District (01),Rural,80+,285,195,90,14,10,4,166,136,30,100,47,53,4,1,3,1,1,0,0,0,0
11,241,District - North  District (01),Rural,Age not stated,43,26,17,25,18,7,15,7,8,3,1,2,0,0,0,0,0,0,0,0,0
11,241,District - North  District (01),Rural,Less than 18,13141,6602,6539,12945,6542,6403,183,55,128,3,1,2,7,2,5,3,2,1,0,0,0
11,241,District - North  District (01),Rural,Less than 21,15720,8039,7681,14995,7843,7152,705,188,517,7,3,4,9,3,6,4,2,2,0,0,0
11,241,District - North  District (01),Urban,All ages,4644,2456,2188,2608,1417,1191,1916,1009,907,101,23,78,13,4,9,6,3,3,0,0,0
11,241,District - North  District (01),Urban,0-9,922,480,442,922,480,442,0,0,0,0,0,0,0,0,0,0,0,0,0,0,0
11,241,District - North  District (01),Urban,10-14,631,321,310,617,317,300,14,4,10,0,0,0,0,0,0,0,0,0,0,0,0
11,241,District - North  District (01),Urban,15-19,607,320,287,578,315,263,29,5,24,0,0,0,0,0,0,0,0,0,0,0,0
11,241,District - North  District (01),Urban,20-24,462,242,220,271,171,100,190,70,120,0,0,0,1,1,0,0,0,0,0,0,0
11,241,District - North  District (01),Urban,25-29,437,207,230,108,66,42,323,139,184,4,1,3,1,1,0,1,0,1,0,0,0
11,241,District - North  District (01),Urban,30-34,357,195,162,45,29,16,306,164,142,1,1,0,4,1,3,1,0,1,0,0,0
11,241,District - North  District (01),Urban,35-39,363,182,181,19,10,9,332,170,162,11,2,9,1,0,1,0,0,0,0,0,0
11,241,District - North  District (01),Urban,40-44,274,160,114,12,9,3,247,148,99,10,3,7,4,0,4,1,0,1,0,0,0
11,241,District - North  District (01),Urban,45-49,193,115,78,10,6,4,171,104,67,9,2,7,1,1,0,2,2,0,0,0,0
11,241,District - North  District (01),Urban,50-54,153,94,59,3,3,0,133,86,47,16,4,12,0,0,0,1,1,0,0,0,0
11,241,District - North  District (01),Urban,55-59,92,63,29,3,3,0,78,59,19,10,1,9,1,0,1,0,0,0,0,0,0
11,241,District - North  District (01),Urban,60-64,52,26,26,8,3,5,32,21,11,12,2,10,0,0,0,0,0,0,0,0,0
11,241,District - North  District (01),Urban,65-69,39,22,17,6,4,2,28,17,11,5,1,4,0,0,0,0,0,0,0,0,0
11,241,District - North  District (01),Urban,70-74,24,14,10,1,0,1,13,10,3,10,4,6,0,0,0,0,0,0,0,0,0
11,241,District - North  District (01),Urban,75-79,18,9,9,0,0,0,14,9,5,4,0,4,0,0,0,0,0,0,0,0,0
11,241,District - North  District (01),Urban,80+,14,5,9,0,0,0,6,3,3,8,2,6,0,0,0,0,0,0,0,0,0
11,241,District - North  District (01),Urban,Age not stated,6,1,5,5,1,4,0,0,0,1,0,1,0,0,0,0,0,0,0,0,0
11,241,District - North  District (01),Urban,Less than 18,1932,1002,930,1908,997,911,24,5,19,0,0,0,0,0,0,0,0,0,0,0,0
11,241,District - North  District (01),Urban,Less than 21,2260,1169,1091,2192,1156,1036,67,12,55,0,0,0,1,1,0,0,0,0,0,0,0
11,242,District - West District (02),Total,All ages,136435,70238,66197,70851,38320,32531,59286,29433,29853,4936,1832,3104,1047,460,587,315,193,122,0,0,0
11,242,District - West District (02),Total,0-9,24554,12509,12045,24554,12509,12045,0,0,0,0,0,0,0,0,0,0,0,0,0,0,0
11,242,District - West District (02),Total,10-14,16863,8570,8293,16633,8482,8151,217,83,134,8,2,6,3,1,2,2,2,0,0,0,0
11,242,District - West District (02),Total,15-19,15536,7916,7620,13673,7487,6186,1824,418,1406,18,8,10,16,1,15,5,2,3,0,0,0
11,242,District - West District (02),Total,20-24,14336,7169,7167,7735,4737,2998,6476,2388,4088,35,12,23,65,23,42,25,9,16,0,0,0
11,242,District - West District (02),Total,25-29,12920,6525,6395,3737,2442,1295,8931,3985,4946,91,34,57,123,44,79,38,20,18,0,0,0
11,242,District - West District (02),Total,30-34,10370,5215,5155,1505,933,572,8566,4161,4405,120,36,84,142,61,81,37,24,13,0,0,0
11,242,District - West District (02),Total,35-39,8615,4393,4222,767,445,322,7527,3823,3704,176,58,118,111,48,63,34,19,15,0,0,0
11,242,District - West District (02),Total,40-44,7372,3877,3495,524,310,214,6441,3411,3030,245,77,168,125,50,75,37,29,8,0,0,0
11,242,District - West District (02),Total,45-49,6163,3277,2886,358,215,143,5286,2855,2431,363,129,234,115,49,66,41,29,12,0,0,0
11,242,District - West District (02),Total,50-54,5415,2956,2459,295,173,122,4494,2566,1928,486,142,344,114,60,54,26,15,11,0,0,0
11,242,District - West District (02),Total,55-59,4058,2211,1847,198,111,87,3262,1881,1381,497,168,329,81,36,45,20,15,5,0,0,0
11,242,District - West District (02),Total,60-64,3445,1861,1584,268,134,134,2478,1472,1006,625,213,412,53,29,24,21,13,8,0,0,0
11,242,District - West District (02),Total,65-69,2465,1331,1134,210,113,97,1600,959,641,607,231,376,38,22,16,10,6,4,0,0,0
11,242,District - West District (02),Total,70-74,1899,1089,810,105,60,45,1122,745,377,634,263,371,28,16,12,10,5,5,0,0,0
11,242,District - West District (02),Total,75-79,1080,611,469,39,23,16,547,361,186,471,214,257,17,10,7,6,3,3,0,0,0
11,242,District - West District (02),Total,80+,1038,574,464,51,34,17,420,287,133,549,241,308,15,10,5,3,2,1,0,0,0
11,242,District - West District (02),Total,Age not stated,306,154,152,199,112,87,95,38,57,11,4,7,1,0,1,0,0,0,0,0,0
11,242,District - West District (02),Total,Less than 18,50829,25888,24941,49957,25657,24300,839,217,622,21,8,13,7,2,5,5,4,1,0,0,0
11,242,District - West District (02),Total,Less than 21,59989,30533,29456,56914,29721,27193,3010,794,2216,27,10,17,29,4,25,9,4,5,0,0,0
11,242,District - West District (02),Rural,All ages,131187,67528,63659,68148,36886,31262,56920,28203,28717,4788,1794,2994,1025,455,570,306,190,116,0,0,0
11,242,District - West District (02),Rural,0-9,23717,12086,11631,23717,12086,11631,0,0,0,0,0,0,0,0,0,0,0,0,0,0,0
11,242,District - West District (02),Rural,10-14,16305,8299,8006,16082,8214,7868,210,80,130,8,2,6,3,1,2,2,2,0,0,0,0
11,242,District - West District (02),Rural,15-19,14918,7608,7310,13100,7190,5910,1779,407,1372,18,8,10,16,1,15,5,2,3,0,0,0
11,242,District - West District (02),Rural,20-24,13746,6872,6874,7337,4512,2825,6286,2316,3970,34,12,22,64,23,41,25,9,16,0,0,0
11,242,District - West District (02),Rural,25-29,12342,6257,6085,3552,2326,1226,8545,3833,4712,86,34,52,121,44,77,38,20,18,0,0,0
11,242,District - West District (02),Rural,30-34,9916,4982,4934,1429,883,546,8199,3980,4219,117,36,81,137,61,76,34,22,12,0,0,0
11,242,District - West District (02),Rural,35-39,8256,4198,4058,737,424,313,7210,3651,3559,167,57,110,109,47,62,33,19,14,0,0,0
11,242,District - West District (02),Rural,40-44,7050,3710,3340,510,299,211,6144,3256,2888,238,76,162,122,50,72,36,29,7,0,0,0
11,242,District - West District (02),Rural,45-49,5881,3105,2776,352,211,141,5031,2696,2335,347,122,225,111,47,64,40,29,11,0,0,0
11,242,District - West District (02),Rural,50-54,5202,2824,2378,290,171,119,4305,2440,1865,470,139,331,112,60,52,25,14,11,0,0,0
11,242,District - West District (02),Rural,55-59,3905,2116,1789,194,108,86,3129,1794,1335,482,164,318,80,35,45,20,15,5,0,0,0
11,242,District - West District (02),Rural,60-64,3364,1823,1541,263,132,131,2414,1437,977,614,212,402,52,29,23,21,13,8,0,0,0
11,242,District - West District (02),Rural,65-69,2394,1295,1099,201,108,93,1556,935,621,590,225,365,37,21,16,10,6,4,0,0,0
11,242,District - West District (02),Rural,70-74,1839,1053,786,105,60,45,1085,717,368,611,255,356,28,16,12,10,5,5,0,0,0
11,242,District - West District (02),Rural,75-79,1059,600,459,39,23,16,534,351,183,465,213,252,17,10,7,4,3,1,0,0,0
11,242,District - West District (02),Rural,80+,996,550,446,47,30,17,400,273,127,531,235,296,15,10,5,3,2,1,0,0,0
11,242,District - West District (02),Rural,Age not stated,297,150,147,193,109,84,93,37,56,10,4,6,1,0,1,0,0,0,0,0,0
11,242,District - West District (02),Rural,Less than 18,49070,25016,24054,48216,24793,23423,821,209,612,21,8,13,7,2,5,5,4,1,0,0,0
11,242,District - West District (02),Rural,Less than 21,57866,29475,28391,54861,28680,26181,2940,777,2163,27,10,17,29,4,25,9,4,5,0,0,0
11,242,District - West District (02),Urban,All ages,5248,2710,2538,2703,1434,1269,2366,1230,1136,148,38,110,22,5,17,9,3,6,0,0,0
11,242,District - West District (02),Urban,0-9,837,423,414,837,423,414,0,0,0,0,0,0,0,0,0,0,0,0,0,0,0
11,242,District - West District (02),Urban,10-14,558,271,287,551,268,283,7,3,4,0,0,0,0,0,0,0,0,0,0,0,0
11,242,District - West District (02),Urban,15-19,618,308,310,573,297,276,45,11,34,0,0,0,0,0,0,0,0,0,0,0,0
11,242,District - West District (02),Urban,20-24,590,297,293,398,225,173,190,72,118,1,0,1,1,0,1,0,0,0,0,0,0
11,242,District - West District (02),Urban,25-29,578,268,310,185,116,69,386,152,234,5,0,5,2,0,2,0,0,0,0,0,0
11,242,District - West District (02),Urban,30-34,454,233,221,76,50,26,367,181,186,3,0,3,5,0,5,3,2,1,0,0,0
11,242,District - West District (02),Urban,35-39,359,195,164,30,21,9,317,172,145,9,1,8,2,1,1,1,0,1,0,0,0
11,242,District - West District (02),Urban,40-44,322,167,155,14,11,3,297,155,142,7,1,6,3,0,3,1,0,1,0,0,0
11,242,District - West District (02),Urban,45-49,282,172,110,6,4,2,255,159,96,16,7,9,4,2,2,1,0,1,0,0,0
11,242,District - West District (02),Urban,50-54,213,132,81,5,2,3,189,126,63,16,3,13,2,0,2,1,1,0,0,0,0
11,242,District - West District (02),Urban,55-59,153,95,58,4,3,1,133,87,46,15,4,11,1,1,0,0,0,0,0,0,0
11,242,District - West District (02),Urban,60-64,81,38,43,5,2,3,64,35,29,11,1,10,1,0,1,0,0,0,0,0,0
11,242,District - West District (02),Urban,65-69,71,36,35,9,5,4,44,24,20,17,6,11,1,1,0,0,0,0,0,0,0
11,242,District - West District (02),Urban,70-74,60,36,24,0,0,0,37,28,9,23,8,15,0,0,0,0,0,0,0,0,0
11,242,District - West District (02),Urban,75-79,21,11,10,0,0,0,13,10,3,6,1,5,0,0,0,2,0,2,0,0,0
11,242,District - West District (02),Urban,80+,42,24,18,4,4,0,20,14,6,18,6,12,0,0,0,0,0,0,0,0,0
11,242,District - West District (02),Urban,Age not stated,9,4,5,6,3,3,2,1,1,1,0,1,0,0,0,0,0,0,0,0,0
11,242,District - West District (02),Urban,Less than 18,1759,872,887,1741,864,877,18,8,10,0,0,0,0,0,0,0,0,0,0,0,0
11,242,District - West District (02),Urban,Less than 21,2123,1058,1065,2053,1041,1012,70,17,53,0,0,0,0,0,0,0,0,0,0,0,0
11,243,District - South District (03),Total,All ages,146850,76670,70180,74974,41199,33775,65372,32947,32425,4813,1657,3156,1287,612,675,404,255,149,0,0,0
11,243,District - South District (03),Total,0-9,24699,12584,12115,24699,12584,12115,0,0,0,0,0,0,0,0,0,0,0,0,0,0,0
11,243,District - South District (03),Total,10-14,16837,8557,8280,16638,8491,8147,182,57,125,7,5,2,9,3,6,1,1,0,0,0,0
11,243,District - South District (03),Total,15-19,16412,8310,8102,14563,7920,6643,1815,379,1436,15,4,11,16,6,10,3,1,2,0,0,0
11,243,District - South District (03),Total,20-24,15829,8291,7538,9169,5886,3283,6512,2345,4167,37,11,26,87,32,55,24,17,7,0,0,0
11,243,District - South District (03),Total,25-29,14205,7236,6969,4410,2903,1507,9559,4234,5325,74,23,51,127,61,66,35,15,20,0,0,0
11,243,District - South District (03),Total,30-34,11780,6154,5626,1755,1132,623,9656,4843,4813,136,52,84,166,78,88,67,49,18,0,0,0
11,243,District - South District (03),Total,35-39,10039,5132,4907,838,537,301,8810,4434,4376,169,51,118,160,72,88,62,38,24,0,0,0
11,243,District - South District (03),Total,40-44,8481,4595,3886,603,377,226,7409,4039,3370,259,70,189,169,82,87,41,27,14,0,0,0
11,243,District - South District (03),Total,45-49,7018,3769,3249,424,265,159,6042,3293,2749,358,102,256,153,83,70,41,26,15,0,0,0
11,243,District - South District (03),Total,50-54,5930,3316,2614,330,201,129,4995,2891,2104,430,123,307,131,74,57,44,27,17,0,0,0
11,243,District - South District (03),Total,55-59,4314,2436,1878,259,154,105,3489,2070,1419,471,159,312,67,36,31,28,17,11,0,0,0
11,243,District - South District (03),Total,60-64,3573,1983,1590,269,152,117,2600,1583,1017,599,190,409,83,42,41,22,16,6,0,0,0
11,243,District - South District (03),Total,65-69,2788,1517,1271,324,200,124,1804,1103,701,602,191,411,44,15,29,14,8,6,0,0,0
11,243,District - South District (03),Total,70-74,1960,1135,825,141,82,59,1186,815,371,575,213,362,43,16,27,15,9,6,0,0,0
11,243,District - South District (03),Total,75-79,1197,681,516,61,33,28,628,428,200,488,212,276,18,7,11,2,1,1,0,0,0
11,243,District - South District (03),Total,80+,1220,664,556,109,56,53,523,355,168,573,246,327,10,4,6,5,3,2,0,0,0
11,243,District - South District (03),Total,Age not stated,568,310,258,382,226,156,162,78,84,20,5,15,4,1,3,0,0,0,0,0,0
11,243,District - South District (03),Total,Less than 18,51372,26122,25250,50523,25925,24598,816,185,631,14,5,9,16,5,11,3,2,1,0,0,0
11,243,District - South District (03),Total,Less than 21,61375,31246,30129,58285,30476,27809,3021,745,2276,32,12,20,31,10,21,6,3,3,0,0,0
11,243,District - South District (03),Rural,All ages,125651,65848,59803,64390,35522,28868,55523,28022,27501,4247,1535,2712,1115,530,585,376,239,137,0,0,0
11,243,District - South District (03),Rural,0-9,21566,10978,10588,21566,10978,10588,0,0,0,0,0,0,0,0,0,0,0,0,0,0,0
11,243,District - South District (03),Rural,10-14,14607,7409,7198,14442,7353,7089,154,51,103,5,3,2,5,1,4,1,1,0,0,0,0
11,243,District - South District (03),Rural,15-19,14087,7124,6963,12411,6774,5637,1645,339,1306,15,4,11,13,6,7,3,1,2,0,0,0
11,243,District - South District (03),Rural,20-24,13481,7135,6346,7600,4986,2614,5751,2094,3657,33,10,23,74,28,46,23,17,6,0,0,0
11,243,District - South District (03),Rural,25-29,11931,6162,5769,3581,2405,1176,8150,3674,4476,62,18,44,107,51,56,31,14,17,0,0,0
11,243,District - South District (03),Rural,30-34,9788,5182,4606,1456,964,492,8015,4058,3957,114,49,65,140,65,75,63,46,17,0,0,0
11,243,District - South District (03),Rural,35-39,8336,4293,4043,732,478,254,7273,3673,3600,137,46,91,135,60,75,59,36,23,0,0,0
11,243,District - South District (03),Rural,40-44,7041,3845,3196,540,342,198,6117,3345,2772,198,60,138,146,71,75,40,27,13,0,0,0
11,243,District - South District (03),Rural,45-49,5847,3111,2736,381,245,136,5003,2682,2321,294,90,204,134,73,61,35,21,14,0,0,0
11,243,District - South District (03),Rural,50-54,5036,2816,2220,304,188,116,4203,2419,1784,376,118,258,112,64,48,41,27,14,0,0,0
11,243,District - South District (03),Rural,55-59,3715,2086,1629,235,141,94,2988,1752,1236,405,146,259,62,32,30,25,15,10,0,0,0
11,243,District - South District (03),Rural,60-64,3173,1768,1405,250,141,109,2295,1401,894,532,172,360,76,40,36,20,14,6,0,0,0
11,243,District - South District (03),Rural,65-69,2519,1366,1153,274,171,103,1640,990,650,551,183,368,40,14,26,14,8,6,0,0,0
11,243,District - South District (03),Rural,70-74,1812,1055,757,125,73,52,1097,753,344,533,205,328,42,15,27,15,9,6,0,0,0
11,243,District - South District (03),Rural,75-79,1094,627,467,59,31,28,567,391,176,449,198,251,17,6,11,2,1,1,0,0,0
11,243,District - South District (03),Rural,80+,1112,612,500,96,51,45,480,328,152,523,228,295,9,3,6,4,2,2,0,0,0
11,243,District - South District (03),Rural,Age not stated,506,279,227,338,201,137,145,72,73,20,5,15,3,1,2,0,0,0,0,0,0
11,243,District - South District (03),Rural,Less than 18,44615,22682,21933,43868,22515,21353,721,159,562,12,3,9,11,3,8,3,2,1,0,0,0
11,243,District - South District (03),Rural,Less than 21,53213,27068,26145,50436,26375,24061,2722,674,2048,27,9,18,22,7,15,6,3,3,0,0,0
11,243,District - South District (03),Urban,All ages,21199,10822,10377,10584,5677,4907,9849,4925,4924,566,122,444,172,82,90,28,16,12,0,0,0
11,243,District - South District (03),Urban,0-9,3133,1606,1527,3133,1606,1527,0,0,0,0,0,0,0,0,0,0,0,0,0,0,0
11,243,District - South District (03),Urban,10-14,2230,1148,1082,2196,1138,1058,28,6,22,2,2,0,4,2,2,0,0,0,0,0,0
11,243,District - South District (03),Urban,15-19,2325,1186,1139,2152,1146,1006,170,40,130,0,0,0,3,0,3,0,0,0,0,0,0
11,243,District - South District (03),Urban,20-24,2348,1156,1192,1569,900,669,761,251,510,4,1,3,13,4,9,1,0,1,0,0,0
11,243,District - South District (03),Urban,25-29,2274,1074,1200,829,498,331,1409,560,849,12,5,7,20,10,10,4,1,3,0,0,0
11,243,District - South District (03),Urban,30-34,1992,972,1020,299,168,131,1641,785,856,22,3,19,26,13,13,4,3,1,0,0,0
11,243,District - South District (03),Urban,35-39,1703,839,864,106,59,47,1537,761,776,32,5,27,25,12,13,3,2,1,0,0,0
11,243,District - South District (03),Urban,40-44,1440,750,690,63,35,28,1292,694,598,61,10,51,23,11,12,1,0,1,0,0,0
11,243,District - South District (03),Urban,45-49,1171,658,513,43,20,23,1039,611,428,64,12,52,19,10,9,6,5,1,0,0,0
11,243,District - South District (03),Urban,50-54,894,500,394,26,13,13,792,472,320,54,5,49,19,10,9,3,0,3,0,0,0
11,243,District - South District (03),Urban,55-59,599,350,249,24,13,11,501,318,183,66,13,53,5,4,1,3,2,1,0,0,0
11,243,District - South District (03),Urban,60-64,400,215,185,19,11,8,305,182,123,67,18,49,7,2,5,2,2,0,0,0,0
11,243,District - South District (03),Urban,65-69,269,151,118,50,29,21,164,113,51,51,8,43,4,1,3,0,0,0,0,0,0
11,243,District - South District (03),Urban,70-74,148,80,68,16,9,7,89,62,27,42,8,34,1,1,0,0,0,0,0,0,0
11,243,District - South District (03),Urban,75-79,103,54,49,2,2,0,61,37,24,39,14,25,1,1,0,0,0,0,0,0,0
11,243,District - South District (03),Urban,80+,108,52,56,13,5,8,43,27,16,50,18,32,1,1,0,1,1,0,0,0,0
11,243,District - South District (03),Urban,Age not stated,62,31,31,44,25,19,17,6,11,0,0,0,1,0,1,0,0,0,0,0,0
11,243,District - South District (03),Urban,Less than 18,6757,3440,3317,6655,3410,3245,95,26,69,2,2,0,5,2,3,0,0,0,0,0,0
11,243,District - South District (03),Urban,Less than 21,8162,4178,3984,7849,4101,3748,299,71,228,5,3,2,9,3,6,0,0,0,0,0,0
11,244,District - East District (04),Total,All ages,283583,151432,132151,137793,75818,61975,133793,71657,62136,9218,2632,6586,2029,932,1097,750,393,357,0,0,0
11,244,District - East District (04),Total,0-9,42524,21620,20904,42524,21620,20904,0,0,0,0,0,0,0,0,0,0,0,0,0,0,0
11,244,District - East District (04),Total,10-14,28271,14383,13888,27845,14229,13616,399,141,258,15,7,8,12,6,6,0,0,0,0,0,0
11,244,District - East District (04),Total,15-19,30148,15191,14957,27204,14559,12645,2876,610,2266,32,10,22,28,8,20,8,4,4,0,0,0
11,244,District - East District (04),Total,20-24,32149,16768,15381,19794,12386,7408,12136,4319,7817,84,16,68,104,36,68,31,11,20,0,0,0
11,244,District - East District (04),Total,25-29,32428,17850,14578,10866,7159,3707,21130,10527,10603,149,39,110,204,88,116,79,37,42,0,0,0
11,244,District - East District (04),Total,30-34,26281,14747,11534,3960,2553,1407,21703,11955,9748,254,77,177,254,109,145,110,53,57,0,0,0
11,244,District - East District (04),Total,35-39,21716,11907,9809,1878,1132,746,19026,10509,8517,425,82,343,285,134,151,102,50,52,0,0,0
11,244,District - East District (04),Total,40-44,18025,10049,7976,1069,627,442,16033,9130,6903,537,102,435,291,141,150,95,49,46,0,0,0
11,244,District - East District (04),Total,45-49,14332,7924,6408,704,400,304,12590,7205,5385,725,158,567,232,113,119,81,48,33,0,0,0
11,244,District - East District (04),Total,50-54,11522,6448,5074,478,287,191,9802,5822,3980,969,216,753,180,80,100,93,43,50,0,0,0
11,244,District - East District (04),Total,55-59,8113,4648,3465,353,200,153,6597,4088,2509,961,254,707,149,70,79,53,36,17,0,0,0
11,244,District - East District (04),Total,60-64,5760,3190,2570,294,179,115,4266,2660,1606,1053,276,777,107,49,58,40,26,14,0,0,0
11,244,District - East District (04),Total,65-69,4681,2438,2243,289,164,125,3156,1905,1251,1128,316,812,86,39,47,22,14,8,0,0,0
11,244,District - East District (04),Total,70-74,3314,1864,1450,159,103,56,2020,1371,649,1069,353,716,52,28,24,14,9,5,0,0,0
11,244,District - East District (04),Total,75-79,1981,1119,862,74,38,36,1081,754,327,798,305,493,19,15,4,9,7,2,0,0,0
11,244,District - East District (04),Total,80+,2085,1140,945,148,93,55,893,610,283,1007,416,591,24,15,9,13,6,7,0,0,0
11,244,District - East District (04),Total,Age not stated,253,146,107,154,89,65,85,51,34,12,5,7,2,1,1,0,0,0,0,0,0
11,244,District - East District (04),Total,Less than 18,88558,44890,43668,87092,44511,42581,1407,355,1052,32,12,20,24,10,14,3,2,1,0,0,0
11,244,District - East District (04),Total,Less than 21,107378,54433,52945,102259,53149,49110,4999,1241,3758,56,18,38,54,19,35,10,6,4,0,0,0
11,244,District - East District (04),Rural,All ages,161096,87147,73949,78750,43802,34948,75022,40642,34380,5542,1791,3751,1354,656,698,428,256,172,0,0,0
11,244,District - East District (04),Rural,0-9,24942,12631,12311,24942,12631,12311,0,0,0,0,0,0,0,0,0,0,0,0,0,0,0
11,244,District - East District (04),Rural,10-14,16958,8746,8212,16731,8664,8067,207,70,137,9,7,2,11,5,6,0,0,0,0,0,0
11,244,District - East District (04),Rural,15-19,17520,8950,8570,15694,8564,7130,1788,379,1409,16,3,13,17,2,15,5,2,3,0,0,0
11,244,District - East District (04),Rural,20-24,18091,9618,8473,10758,6938,3820,7198,2638,4560,52,11,41,65,24,41,18,7,11,0,0,0
11,244,District - East District (04),Rural,25-29,17706,10174,7532,5477,3729,1748,11964,6335,5629,78,22,56,137,61,76,50,27,23,0,0,0
11,244,District - East District (04),Rural,30-34,14271,8373,5898,1963,1303,660,11963,6917,5046,125,45,80,157,70,87,63,38,25,0,0,0
11,244,District - East District (04),Rural,35-39,11442,6340,5102,987,600,387,9997,5564,4433,208,45,163,188,97,91,62,34,28,0,0,0
11,244,District - East District (04),Rural,40-44,9620,5358,4262,589,372,217,8489,4789,3700,304,68,236,187,99,88,51,30,21,0,0,0
11,244,District - East District (04),Rural,45-49,7620,4149,3471,417,252,165,6621,3692,2929,389,101,288,149,75,74,44,29,15,0,0,0
11,244,District - East District (04),Rural,50-54,6431,3571,2860,298,189,109,5414,3159,2255,546,137,409,125,62,63,48,24,24,0,0,0
11,244,District - East District (04),Rural,55-59,4635,2633,2002,227,141,86,3768,2274,1494,515,153,362,94,42,52,31,23,8,0,0,0
11,244,District - East District (04),Rural,60-64,3618,1999,1619,197,127,70,2686,1633,1053,630,184,446,83,41,42,22,14,8,0,0,0
11,244,District - East District (04),Rural,65-69,3109,1638,1471,157,95,62,2157,1281,876,722,225,497,61,27,34,12,10,2,0,0,0
11,244,District - East District (04),Rural,70-74,2265,1314,951,99,71,28,1388,943,445,727,269,458,41,23,18,10,8,2,0,0,0
11,244,District - East District (04),Rural,75-79,1343,787,556,47,27,20,752,528,224,524,215,309,15,12,3,5,5,0,0,0,0
11,244,District - East District (04),Rural,80+,1384,790,594,86,59,27,581,410,171,688,301,387,22,15,7,7,5,2,0,0,0
11,244,District - East District (04),Rural,Age not stated,141,76,65,81,40,41,49,30,19,9,5,4,2,1,1,0,0,0,0,0,0
11,244,District - East District (04),Rural,Less than 18,52288,26658,25630,51450,26454,24996,803,189,614,16,7,9,16,6,10,3,2,1,0,0,0
11,244,District - East District (04),Rural,Less than 21,63166,32251,30915,60021,31474,28547,3070,752,2318,31,11,20,37,10,27,7,4,3,0,0,0
11,244,District - East District (04),Urban,All ages,122487,64285,58202,59043,32016,27027,58771,31015,27756,3676,841,2835,675,276,399,322,137,185,0,0,0
11,244,District - East District (04),Urban,0-9,17582,8989,8593,17582,8989,8593,0,0,0,0,0,0,0,0,0,0,0,0,0,0,0
11,244,District - East District (04),Urban,10-14,11313,5637,5676,11114,5565,5549,192,71,121,6,0,6,1,1,0,0,0,0,0,0,0
11,244,District - East District (04),Urban,15-19,12628,6241,6387,11510,5995,5515,1088,231,857,16,7,9,11,6,5,3,2,1,0,0,0
11,244,District - East District (04),Urban,20-24,14058,7150,6908,9036,5448,3588,4938,1681,3257,32,5,27,39,12,27,13,4,9,0,0,0
11,244,District - East District (04),Urban,25-29,14722,7676,7046,5389,3430,1959,9166,4192,4974,71,17,54,67,27,40,29,10,19,0,0,0
11,244,District - East District (04),Urban,30-34,12010,6374,5636,1997,1250,747,9740,5038,4702,129,32,97,97,39,58,47,15,32,0,0,0
11,244,District - East District (04),Urban,35-39,10274,5567,4707,891,532,359,9029,4945,4084,217,37,180,97,37,60,40,16,24,0,0,0
11,244,District - East District (04),Urban,40-44,8405,4691,3714,480,255,225,7544,4341,3203,233,34,199,104,42,62,44,19,25,0,0,0
11,244,District - East District (04),Urban,45-49,6712,3775,2937,287,148,139,5969,3513,2456,336,57,279,83,38,45,37,19,18,0,0,0
11,244,District - East District (04),Urban,50-54,5091,2877,2214,180,98,82,4388,2663,1725,423,79,344,55,18,37,45,19,26,0,0,0
11,244,District - East District (04),Urban,55-59,3478,2015,1463,126,59,67,2829,1814,1015,446,101,345,55,28,27,22,13,9,0,0,0
11,244,District - East District (04),Urban,60-64,2142,1191,951,97,52,45,1580,1027,553,423,92,331,24,8,16,18,12,6,0,0,0
11,244,District - East District (04),Urban,65-69,1572,800,772,132,69,63,999,624,375,406,91,315,25,12,13,10,4,6,0,0,0
11,244,District - East District (04),Urban,70-74,1049,550,499,60,32,28,632,428,204,342,84,258,11,5,6,4,1,3,0,0,0
11,244,District - East District (04),Urban,75-79,638,332,306,27,11,16,329,226,103,274,90,184,4,3,1,4,2,2,0,0,0
11,244,District - East District (04),Urban,80+,701,350,351,62,34,28,312,200,112,319,115,204,2,0,2,6,1,5,0,0,0
11,244,District - East District (04),Urban,Age not stated,112,70,42,73,49,24,36,21,15,3,0,3,0,0,0,0,0,0,0,0,0
11,244,District - East District (04),Urban,Less than 18,36270,18232,18038,35642,18057,17585,604,166,438,16,5,11,8,4,4,0,0,0,0,0,0
11,244,District - East District (04),Urban,Less than 21,44212,22182,22030,42238,21675,20563,1929,489,1440,25,7,18,17,9,8,3,2,1,0,0,0
