state_code,district_code,area_name,region_type,age_group,total_persons,total_males,total_females,never_married_persons,never_married_males,never_married_females,currently_married_persons,currently_married_males,currently_married_females,widowed_persons,widowed_males,widowed_females,separated_persons,separated_males,separated_females,divorced_persons,divorced_males,divorced_females,unspecified_persons,unspecified_males,unspecified_females
33,000,State - TAMIL NADU (33),Total,All ages,72147030,36137975,36009055,29652678,16867019,12785659,37415737,18390578,19025159,4617383,760985,3856398,398284,101630,296654,62948,17763,45185,0,0,0
33,000,State - TAMIL NADU (33),Total,0-9,10829956,5565871,5264085,10829956,5565871,5264085,0,0,0,0,0,0,0,0,0,0,0,0,0,0,0
33,000,State - TAMIL NADU (33),Total,10-14,6177547,3188990,2988557,6085966,3162609,2923357,84579,23723,60856,3398,957,2441,3403,1613,1790,201,88,113,0,0,0
33,000,State - TAMIL NADU (33),Total,15-19,6253792,3229838,3023954,5721927,3155287,2566640,519865,71305,448560,6472,1467,5005,5008,1673,3335,520,106,414,0,0,0
33,000,State - TAMIL NADU (33),Total,20-24,6411543,3154804,3256739,3927700,2637484,1290216,2443074,510834,1932240,21694,3086,18608,16322,3010,13312,2753,390,2363,0,0,0
33,000,State - TAMIL NADU (33),Total,25-29,6663746,3237374,3426372,1914147,1526345,387802,4648977,1694350,2954627,56737,8114,48623,36792,7118,29674,7093,1447,5646,0,0,0
33,000,State - TAMIL NADU (33),Total,30-34,5815560,2908749,2906811,567157,454916,112241,5080749,2423907,2656842,106719,15348,91371,50559,11639,38920,10376,2939,7437,0,0,0
33,000,State - TAMIL NADU (33),Total,35-39,5836456,2815205,3021251,200674,143926,56748,5371914,2630201,2741713,189486,22446,167040,62636,15117,47519,11746,3515,8231,0,0,0
33,000,State - TAMIL NADU (33),Total,40-44,5064209,2549846,2514363,106628,67755,38873,4624322,2431559,2192763,264877,32292,232585,58699,15121,43578,9683,3119,6564,0,0,0
33,000,State - TAMIL NADU (33),Total,45-49,4713056,2374915,2338141,69485,39558,29927,4213333,2273811,1939522,371971,46207,325764,50880,13061,37819,7387,2278,5109,0,0,0
33,000,State - TAMIL NADU (33),Total,50-54,3703460,1875563,1827897,50334,25500,24834,3164008,1779359,1384649,448026,59573,388453,36435,9718,26717,4657,1413,3244,0,0,0
33,000,State - TAMIL NADU (33),Total,55-59,3101142,1540924,1560218,36795,17730,19065,2531146,1444676,1086470,504549,70616,433933,25678,6975,18703,2974,927,2047,0,0,0
33,000,State - TAMIL NADU (33),Total,60-64,2782608,1378039,1404569,34268,15411,18857,2014959,1249404,765555,709231,106273,602958,21826,6307,15519,2324,644,1680,0,0,0
33,000,State - TAMIL NADU (33),Total,65-69,1868370,896412,971958,23528,10470,13058,1229164,781454,447710,601729,100104,501625,12658,4010,8648,1291,374,917,0,0,0
33,000,State - TAMIL NADU (33),Total,70-74,1406529,693167,713362,18256,8104,10152,797223,569054,228169,581346,112740,468606,8805,3028,5777,899,241,658,0,0,0
33,000,State - TAMIL NADU (33),Total,75-79,710241,353746,356495,9641,4359,5282,372589,273330,99259,323509,74385,249124,4081,1558,2523,421,114,307,0,0,0
33,000,State - TAMIL NADU (33),Total,80+,742010,339862,402148,18287,9237,9050,296615,222581,74034,422480,106367,316113,4081,1538,2543,547,139,408,0,0,0
33,000,State - TAMIL NADU (33),Total,Age not stated,66805,34670,32135,37929,22457,15472,23220,11030,12190,5159,1010,4149,421,144,277,76,29,47,0,0,0
33,000,State - TAMIL NADU (33),Total,Less than 18,20661751,10653685,10008066,20384234,10591380,9792854,264216,57710,206506,7123,1835,5288,5791,2619,3172,387,141,246,0,0,0
33,000,State - TAMIL NADU (33),Total,Less than 21,24710701,12704003,12006698,23688507,12539240,11149267,996653,157795,838858,13585,2932,10653,10887,3800,7087,1069,236,833,0,0,0
33,000,State - TAMIL NADU (33),Rural,All ages,37229590,18679065,18550525,15504737,8889195,6615542,18935155,9291468,9643687,2551978,438456,2113522,209194,52465,156729,28526,7481,21045,0,0,0
33,000,State - TAMIL NADU (33),Rural,0-9,5750415,2965573,2784842,5750415,2965573,2784842,0,0,0,0,0,0,0,0,0,0,0,0,0,0,0
33,000,State - TAMIL NADU (33),Rural,10-14,3325160,1726166,1598994,3279732,1712863,1566869,41724,11911,29813,1797,506,1291,1811,842,969,96,44,52,0,0,0
33,000,State - TAMIL NADU (33),Rural,15-19,3373098,1765233,1607865,3078570,1726345,1352225,287609,37117,250492,3705,828,2877,2903,894,2009,311,49,262,0,0,0
33,000,State - TAMIL NADU (33),Rural,20-24,3315234,1658770,1656464,1970762,1374155,596607,1321084,280957,1040127,12494,1802,10692,9360,1636,7724,1534,220,1314,0,0,0
33,000,State - TAMIL NADU (33),Rural,25-29,3360498,1652498,1708000,914024,749407,164617,2388668,893612,1495056,34034,4883,29151,20180,3816,16364,3592,780,2812,0,0,0
33,000,State - TAMIL NADU (33),Rural,30-34,2825218,1419512,1405706,254109,207848,46261,2478787,1196050,1282737,61066,8549,52517,26540,5771,20769,4716,1294,3422,0,0,0
33,000,State - TAMIL NADU (33),Rural,35-39,2894635,1375375,1519260,83921,59635,24286,2665697,1294504,1371193,107533,12571,94962,32478,7306,25172,5006,1359,3647,0,0,0
33,000,State - TAMIL NADU (33),Rural,40-44,2495827,1244055,1251772,43759,26494,17265,2271683,1190591,1081092,146352,18399,127953,30020,7403,22617,4013,1168,2845,0,0,0
33,000,State - TAMIL NADU (33),Rural,45-49,2383374,1187892,1195482,28238,15499,12739,2122511,1138254,984257,203240,26639,176601,26211,6637,19574,3174,863,2311,0,0,0
33,000,State - TAMIL NADU (33),Rural,50-54,1862643,926233,936410,20226,9933,10293,1577549,876598,700951,244295,34147,210148,18600,5001,13599,1973,554,1419,0,0,0
33,000,State - TAMIL NADU (33),Rural,55-59,1578510,765352,813158,14523,7112,7411,1278107,713964,564143,271481,40257,231224,13120,3655,9465,1279,364,915,0,0,0
33,000,State - TAMIL NADU (33),Rural,60-64,1484099,726363,757736,14489,6707,7782,1053112,652623,400489,403747,63170,340577,11614,3551,8063,1137,312,825,0,0,0
33,000,State - TAMIL NADU (33),Rural,65-69,1022924,490698,532226,10410,4909,5501,662190,423269,238921,342631,60004,282627,7013,2329,4684,680,187,493,0,0,0
33,000,State - TAMIL NADU (33),Rural,70-74,770619,384159,386460,8165,3860,4305,427203,311496,115707,329868,66868,263000,4902,1799,3103,481,136,345,0,0,0
33,000,State - TAMIL NADU (33),Rural,75-79,365791,187116,178675,3808,1941,1867,191154,143168,47986,168470,41063,127407,2145,888,1257,214,56,158,0,0,0
33,000,State - TAMIL NADU (33),Rural,80+,385664,185450,200214,7885,4236,3649,156924,122072,34852,218494,58195,160299,2081,867,1214,280,80,200,0,0,0
33,000,State - TAMIL NADU (33),Rural,Age not stated,35881,18620,17261,21701,12678,9023,11153,5282,5871,2771,575,2196,216,70,146,40,15,25,0,0,0
33,000,State - TAMIL NADU (33),Rural,Less than 18,11050733,5730782,5319951,10908413,5699077,5209336,135002,29232,105770,3979,1038,2941,3144,1369,1775,195,66,129,0,0,0
33,000,State - TAMIL NADU (33),Rural,Less than 21,13238116,6851946,6386170,12667465,6765210,5902255,556168,82954,473214,7666,1637,6029,6213,2035,4178,604,110,494,0,0,0
33,000,State - TAMIL NADU (33),Urban,All ages,34917440,17458910,17458530,14147941,7977824,6170117,18480582,9099110,9381472,2065405,322529,1742876,189090,49165,139925,34422,10282,24140,0,0,0
33,000,State - TAMIL NADU (33),Urban,0-9,5079541,2600298,2479243,5079541,2600298,2479243,0,0,0,0,0,0,0,0,0,0,0,0,0,0,0
33,000,State - TAMIL NADU (33),Urban,10-14,2852387,1462824,1389563,2806234,1449746,1356488,42855,11812,31043,1601,451,1150,1592,771,821,105,44,61,0,0,0
33,000,State - TAMIL NADU (33),Urban,15-19,2880694,1464605,1416089,2643357,1428942,1214415,232256,34188,198068,2767,639,2128,2105,779,1326,209,57,152,0,0,0
33,000,State - TAMIL NADU (33),Urban,20-24,3096309,1496034,1600275,1956938,1263329,693609,1121990,229877,892113,9200,1284,7916,6962,1374,5588,1219,170,1049,0,0,0
33,000,State - TAMIL NADU (33),Urban,25-29,3303248,1584876,1718372,1000123,776938,223185,2260309,800738,1459571,22703,3231,19472,16612,3302,13310,3501,667,2834,0,0,0
33,000,State - TAMIL NADU (33),Urban,30-34,2990342,1489237,1501105,313048,247068,65980,2601962,1227857,1374105,45653,6799,38854,24019,5868,18151,5660,1645,4015,0,0,0
33,000,State - TAMIL NADU (33),Urban,35-39,2941821,1439830,1501991,116753,84291,32462,2706217,1335697,1370520,81953,9875,72078,30158,7811,22347,6740,2156,4584,0,0,0
33,000,State - TAMIL NADU (33),Urban,40-44,2568382,1305791,1262591,62869,41261,21608,2352639,1240968,1111671,118525,13893,104632,28679,7718,20961,5670,1951,3719,0,0,0
33,000,State - TAMIL NADU (33),Urban,45-49,2329682,1187023,1142659,41247,24059,17188,2090822,1135557,955265,168731,19568,149163,24669,6424,18245,4213,1415,2798,0,0,0
33,000,State - TAMIL NADU (33),Urban,50-54,1840817,949330,891487,30108,15567,14541,1586459,902761,683698,203731,25426,178305,17835,4717,13118,2684,859,1825,0,0,0
33,000,State - TAMIL NADU (33),Urban,55-59,1522632,775572,747060,22272,10618,11654,1253039,730712,522327,233068,30359,202709,12558,3320,9238,1695,563,1132,0,0,0
33,000,State - TAMIL NADU (33),Urban,60-64,1298509,651676,646833,19779,8704,11075,961847,596781,365066,305484,43103,262381,10212,2756,7456,1187,332,855,0,0,0
33,000,State - TAMIL NADU (33),Urban,65-69,845446,405714,439732,13118,5561,7557,566974,358185,208789,259098,40100,218998,5645,1681,3964,611,187,424,0,0,0
33,000,State - TAMIL NADU (33),Urban,70-74,635910,309008,326902,10091,4244,5847,370020,257558,112462,251478,45872,205606,3903,1229,2674,418,105,313,0,0,0
33,000,State - TAMIL NADU (33),Urban,75-79,344450,166630,177820,5833,2418,3415,181435,130162,51273,155039,33322,121717,1936,670,1266,207,58,149,0,0,0
33,000,State - TAMIL NADU (33),Urban,80+,356346,154412,201934,10402,5001,5401,139691,100509,39182,203986,48172,155814,2000,671,1329,267,59,208,0,0,0
33,000,State - TAMIL NADU (33),Urban,Age not stated,30924,16050,14874,16228,9779,6449,12067,5748,6319,2388,435,1953,205,74,131,36,14,22,0,0,0
33,000,State - TAMIL NADU (33),Urban,Less than 18,9611018,4922903,4688115,9475821,4892303,4583518,129214,28478,100736,3144,797,2347,2647,1250,1397,192,75,117,0,0,0
33,000,State - TAMIL NADU (33),Urban,Less than 21,11472585,5852057,5620528,11021042,5774030,5247012,440485,74841,365644,5919,1295,4624,4674,1765,2909,465,126,339,0,0,0
33,602,District - Thiruvallur (01),Total,All ages,3728104,1876062,1852042,1520303,862995,657308,1976373,975733,1000640,213220,32497,180723,15825,4082,11743,2383,755,1628,0,0,0
33,602,District - Thiruvallur (01),Total,0-9,576696,295706,280990,576696,295706,280990,0,0,0,0,0,0,0,0,0,0,0,0,0,0,0
33,602,District - Thiruvallur (01),Total,10-14,306328,157389,148939,300148,155635,144513,5765,1596,4169,218,56,162,182,93,89,15,9,6,0,0,0
33,602,District - Thiruvallur (01),Total,15-19,312064,160935,151129,280589,155754,124835,30806,4989,25817,397,85,312,251,101,150,21,6,15,0,0,0
33,602,District - Thiruvallur (01),Total,20-24,352453,171058,181395,205622,138456,67166,144705,32267,112438,1330,178,1152,700,138,562,96,19,77,0,0,0
33,602,District - Thiruvallur (01),Total,25-29,377755,181729,196026,98354,77018,21336,274353,103923,170430,3220,448,2772,1558,283,1275,270,57,213,0,0,0
33,602,District - Thiruvallur (01),Total,30-34,329590,166244,163346,28298,22092,6206,292978,142703,150275,5700,819,4881,2166,501,1665,448,129,319,0,0,0
33,602,District - Thiruvallur (01),Total,35-39,323037,160207,162830,10143,7179,2964,299648,151052,148596,10162,1221,8941,2596,600,1996,488,155,333,0,0,0
33,602,District - Thiruvallur (01),Total,40-44,265775,137910,127865,5232,3362,1870,244040,132086,111954,13783,1692,12091,2390,642,1748,330,128,202,0,0,0
33,602,District - Thiruvallur (01),Total,45-49,236373,121219,115154,3355,1951,1404,211785,116337,95448,19098,2324,16774,1876,495,1381,259,112,147,0,0,0
33,602,District - Thiruvallur (01),Total,50-54,181870,93737,88133,2323,1199,1124,154806,89021,65785,23184,3078,20106,1383,376,1007,174,63,111,0,0,0
33,602,District - Thiruvallur (01),Total,55-59,146979,74924,72055,1763,827,936,119062,70307,48755,25139,3483,21656,924,278,646,91,29,62,0,0,0
33,602,District - Thiruvallur (01),Total,60-64,124619,62816,61803,1695,674,1021,89227,57115,32112,32857,4763,28094,761,241,520,79,23,56,0,0,0
33,602,District - Thiruvallur (01),Total,65-69,76318,36811,39507,1179,484,695,49461,32263,17198,25229,3919,21310,410,133,277,39,12,27,0,0,0
33,602,District - Thiruvallur (01),Total,70-74,56084,27202,28882,928,396,532,31522,22515,9007,23319,4200,19119,285,85,200,30,6,24,0,0,0
33,602,District - Thiruvallur (01),Total,75-79,27792,13290,14502,493,200,293,14384,10363,4021,12739,2669,10070,161,57,104,15,1,14,0,0,0
33,602,District - Thiruvallur (01),Total,80+,29952,12509,17443,1126,565,561,12109,8373,3736,16526,3510,13016,168,57,111,23,4,19,0,0,0
33,602,District - Thiruvallur (01),Total,Age not stated,4419,2376,2043,2359,1497,862,1722,823,899,319,52,267,14,2,12,5,2,3,0,0,0
33,602,District - Thiruvallur (01),Total,Less than 18,1061047,545077,515970,1043201,540899,502302,17066,3912,13154,445,100,345,306,152,154,29,14,15,0,0,0
33,602,District - Thiruvallur (01),Total,Less than 21,1272502,652327,620175,1211388,641084,570304,59700,10836,48864,841,172,669,526,216,310,47,19,28,0,0,0
33,602,District - Thiruvallur (01),Rural,All ages,1299709,650462,649247,542671,309829,232842,660145,325704,334441,90674,13353,77321,5685,1429,4256,534,147,387,0,0,0
33,602,District - Thiruvallur (01),Rural,0-9,204421,104846,99575,204421,104846,99575,0,0,0,0,0,0,0,0,0,0,0,0,0,0,0
33,602,District - Thiruvallur (01),Rural,10-14,116404,59735,56669,114226,59111,55115,2027,570,1457,89,21,68,61,32,29,1,1,0,0,0,0
33,602,District - Thiruvallur (01),Rural,15-19,121988,63573,58415,109165,61627,47538,12539,1872,10667,175,39,136,104,35,69,5,0,5,0,0,0
33,602,District - Thiruvallur (01),Rural,20-24,126236,62487,63749,69663,49537,20126,55649,12807,42842,579,81,498,313,60,253,32,2,30,0,0,0
33,602,District - Thiruvallur (01),Rural,25-29,125569,62191,63378,29318,23957,5361,94018,37900,56118,1510,196,1314,642,123,519,81,15,66,0,0,0
33,602,District - Thiruvallur (01),Rural,30-34,103198,51717,51481,7299,5780,1519,92594,45446,47148,2475,313,2162,728,147,581,102,31,71,0,0,0
33,602,District - Thiruvallur (01),Rural,35-39,108724,52309,56415,2625,1797,828,100433,49758,50675,4617,524,4093,952,205,747,97,25,72,0,0,0
33,602,District - Thiruvallur (01),Rural,40-44,88540,45168,43372,1379,829,550,80072,43371,36701,6166,744,5422,862,203,659,61,21,40,0,0,0
33,602,District - Thiruvallur (01),Rural,45-49,80910,41015,39895,933,519,414,71032,39287,31745,8238,1017,7221,650,167,483,57,25,32,0,0,0
33,602,District - Thiruvallur (01),Rural,50-54,60802,30595,30207,677,346,331,49602,28762,20840,10026,1353,8673,461,125,336,36,9,27,0,0,0
33,602,District - Thiruvallur (01),Rural,55-59,49026,23961,25065,492,241,251,37780,22157,15623,10458,1453,9005,279,102,177,17,8,9,0,0,0
33,602,District - Thiruvallur (01),Rural,60-64,44815,21378,23437,525,207,318,29009,18945,10064,14987,2110,12877,275,110,165,19,6,13,0,0,0
33,602,District - Thiruvallur (01),Rural,65-69,27751,12614,15137,343,141,202,16246,10738,5508,11014,1680,9334,141,55,86,7,0,7,0,0,0
33,602,District - Thiruvallur (01),Rural,70-74,20773,9642,11131,280,119,161,10527,7805,2722,9843,1681,8162,116,35,81,7,2,5,0,0,0
33,602,District - Thiruvallur (01),Rural,75-79,9093,4199,4894,118,51,67,4301,3195,1106,4632,940,3692,39,13,26,3,0,3,0,0,0
33,602,District - Thiruvallur (01),Rural,80+,10031,4238,5793,296,153,143,3899,2885,1014,5771,1182,4589,58,16,42,7,2,5,0,0,0
33,602,District - Thiruvallur (01),Rural,Age not stated,1428,794,634,911,568,343,417,206,211,94,19,75,4,1,3,2,0,2,0,0,0
33,602,District - Thiruvallur (01),Rural,Less than 18,389984,200620,189364,383531,199115,184416,6149,1414,4735,189,39,150,111,51,60,4,1,3,0,0,0
33,602,District - Thiruvallur (01),Rural,Less than 21,473708,243465,230243,448241,239110,209131,24883,4202,20681,357,69,288,216,81,135,11,3,8,0,0,0
33,602,District - Thiruvallur (01),Urban,All ages,2428395,1225600,1202795,977632,553166,424466,1316228,650029,666199,122546,19144,103402,10140,2653,7487,1849,608,1241,0,0,0
33,602,District - Thiruvallur (01),Urban,0-9,372275,190860,181415,372275,190860,181415,0,0,0,0,0,0,0,0,0,0,0,0,0,0,0
33,602,District - Thiruvallur (01),Urban,10-14,189924,97654,92270,185922,96524,89398,3738,1026,2712,129,35,94,121,61,60,14,8,6,0,0,0
33,602,District - Thiruvallur (01),Urban,15-19,190076,97362,92714,171424,94127,77297,18267,3117,15150,222,46,176,147,66,81,16,6,10,0,0,0
33,602,District - Thiruvallur (01),Urban,20-24,226217,108571,117646,135959,88919,47040,89056,19460,69596,751,97,654,387,78,309,64,17,47,0,0,0
33,602,District - Thiruvallur (01),Urban,25-29,252186,119538,132648,69036,53061,15975,180335,66023,114312,1710,252,1458,916,160,756,189,42,147,0,0,0
33,602,District - Thiruvallur (01),Urban,30-34,226392,114527,111865,20999,16312,4687,200384,97257,103127,3225,506,2719,1438,354,1084,346,98,248,0,0,0
33,602,District - Thiruvallur (01),Urban,35-39,214313,107898,106415,7518,5382,2136,199215,101294,97921,5545,697,4848,1644,395,1249,391,130,261,0,0,0
33,602,District - Thiruvallur (01),Urban,40-44,177235,92742,84493,3853,2533,1320,163968,88715,75253,7617,948,6669,1528,439,1089,269,107,162,0,0,0
33,602,District - Thiruvallur (01),Urban,45-49,155463,80204,75259,2422,1432,990,140753,77050,63703,10860,1307,9553,1226,328,898,202,87,115,0,0,0
33,602,District - Thiruvallur (01),Urban,50-54,121068,63142,57926,1646,853,793,105204,60259,44945,13158,1725,11433,922,251,671,138,54,84,0,0,0
33,602,District - Thiruvallur (01),Urban,55-59,97953,50963,46990,1271,586,685,81282,48150,33132,14681,2030,12651,645,176,469,74,21,53,0,0,0
33,602,District - Thiruvallur (01),Urban,60-64,79804,41438,38366,1170,467,703,60218,38170,22048,17870,2653,15217,486,131,355,60,17,43,0,0,0
33,602,District - Thiruvallur (01),Urban,65-69,48567,24197,24370,836,343,493,33215,21525,11690,14215,2239,11976,269,78,191,32,12,20,0,0,0
33,602,District - Thiruvallur (01),Urban,70-74,35311,17560,17751,648,277,371,20995,14710,6285,13476,2519,10957,169,50,119,23,4,19,0,0,0
33,602,District - Thiruvallur (01),Urban,75-79,18699,9091,9608,375,149,226,10083,7168,2915,8107,1729,6378,122,44,78,12,1,11,0,0,0
33,602,District - Thiruvallur (01),Urban,80+,19921,8271,11650,830,412,418,8210,5488,2722,10755,2328,8427,110,41,69,16,2,14,0,0,0
33,602,District - Thiruvallur (01),Urban,Age not stated,2991,1582,1409,1448,929,519,1305,617,688,225,33,192,10,1,9,3,2,1,0,0,0
33,602,District - Thiruvallur (01),Urban,Less than 18,671063,344457,326606,659670,341784,317886,10917,2498,8419,256,61,195,195,101,94,25,13,12,0,0,0
33,602,District - Thiruvallur (01),Urban,Less than 21,798794,408862,389932,763147,401974,361173,34817,6634,28183,484,103,381,310,135,175,36,16,20,0,0,0
33,603,District - Chennai (02),Total,All ages,4646732,2335844,2310888,1854859,1046143,808716,2518444,1242168,1276276,246604,39789,206815,22043,6175,15868,4782,1569,3213,0,0,0
33,603,District - Chennai (02),Total,0-9,651144,333451,317693,651144,333451,317693,0,0,0,0,0,0,0,0,0,0,0,0,0,0,0
33,603,District - Chennai (02),Total,10-14,347550,177999,169551,339897,175826,164071,7175,1978,5197,242,72,170,217,118,99,19,5,14,0,0,0
33,603,District - Chennai (02),Total,15-19,365046,186453,178593,331783,180528,151255,32579,5720,26859,410,95,315,243,98,145,31,12,19,0,0,0
33,603,District - Chennai (02),Total,20-24,432978,210171,222807,275574,174035,101539,154990,35697,119293,1382,185,1197,908,220,688,124,34,90,0,0,0
33,603,District - Chennai (02),Total,25-29,474939,229283,245656,147372,109574,37798,322148,118759,203389,3011,465,2546,2012,413,1599,396,72,324,0,0,0
33,603,District - Chennai (02),Total,30-34,421267,212410,208857,47374,35462,11912,364645,174967,189678,5585,992,4593,2923,758,2165,740,231,509,0,0,0
33,603,District - Chennai (02),Total,35-39,400825,199789,201036,20044,13879,6165,366406,183147,183259,9899,1410,8489,3566,1044,2522,910,309,601,0,0,0
33,603,District - Chennai (02),Total,40-44,342791,176730,166061,11103,7349,3754,313092,166096,146996,14520,2026,12494,3284,967,2317,792,292,500,0,0,0
33,603,District - Chennai (02),Total,45-49,304019,155128,148891,7216,4341,2875,272741,147090,125651,20617,2652,17965,2809,818,1991,636,227,409,0,0,0
33,603,District - Chennai (02),Total,50-54,242702,125698,117004,5093,2790,2303,210392,118802,91590,24849,3410,21439,1964,553,1411,404,143,261,0,0,0
33,603,District - Chennai (02),Total,55-59,199349,103036,96313,3854,1896,1958,166201,96898,69303,27643,3737,23906,1367,398,969,284,107,177,0,0,0
33,603,District - Chennai (02),Total,60-64,166522,83769,82753,3393,1560,1833,126991,76828,50163,34834,5007,29827,1133,315,818,171,59,112,0,0,0
33,603,District - Chennai (02),Total,65-69,107096,51419,55677,2348,998,1350,75112,45747,29365,28899,4452,24447,636,192,444,101,30,71,0,0,0
33,603,District - Chennai (02),Total,70-74,83270,40292,42978,1838,765,1073,52319,34305,18014,28612,5091,23521,427,115,312,74,16,58,0,0,0
33,603,District - Chennai (02),Total,75-79,49412,24083,25329,1118,447,671,28325,19432,8893,19686,4118,15568,229,64,165,54,22,32,0,0,0
33,603,District - Chennai (02),Total,80+,50928,22468,28460,1980,948,1032,22648,15428,7220,25974,5993,19981,285,90,195,41,9,32,0,0,0
33,603,District - Chennai (02),Total,Age not stated,6894,3665,3229,3728,2294,1434,2680,1274,1406,441,84,357,40,12,28,5,1,4,0,0,0
33,603,District - Chennai (02),Total,Less than 18,1206512,618019,588493,1185120,612970,572150,20579,4746,15833,444,119,325,339,174,165,30,10,20,0,0,0
33,603,District - Chennai (02),Total,Less than 21,1452963,741959,711004,1388980,728870,660110,62448,12610,49838,874,197,677,598,258,340,63,24,39,0,0,0
33,603,District - Chennai (02),Rural,All ages,0,0,0,0,0,0,0,0,0,0,0,0,0,0,0,0,0,0,0,0,0
33,603,District - Chennai (02),Rural,0-9,0,0,0,0,0,0,0,0,0,0,0,0,0,0,0,0,0,0,0,0,0
33,603,District - Chennai (02),Rural,10-14,0,0,0,0,0,0,0,0,0,0,0,0,0,0,0,0,0,0,0,0,0
33,603,District - Chennai (02),Rural,15-19,0,0,0,0,0,0,0,0,0,0,0,0,0,0,0,0,0,0,0,0,0
33,603,District - Chennai (02),Rural,20-24,0,0,0,0,0,0,0,0,0,0,0,0,0,0,0,0,0,0,0,0,0
33,603,District - Chennai (02),Rural,25-29,0,0,0,0,0,0,0,0,0,0,0,0,0,0,0,0,0,0,0,0,0
33,603,District - Chennai (02),Rural,30-34,0,0,0,0,0,0,0,0,0,0,0,0,0,0,0,0,0,0,0,0,0
33,603,District - Chennai (02),Rural,35-39,0,0,0,0,0,0,0,0,0,0,0,0,0,0,0,0,0,0,0,0,0
33,603,District - Chennai (02),Rural,40-44,0,0,0,0,0,0,0,0,0,0,0,0,0,0,0,0,0,0,0,0,0
33,603,District - Chennai (02),Rural,45-49,0,0,0,0,0,0,0,0,0,0,0,0,0,0,0,0,0,0,0,0,0
33,603,District - Chennai (02),Rural,50-54,0,0,0,0,0,0,0,0,0,0,0,0,0,0,0,0,0,0,0,0,0
33,603,District - Chennai (02),Rural,55-59,0,0,0,0,0,0,0,0,0,0,0,0,0,0,0,0,0,0,0,0,0
33,603,District - Chennai (02),Rural,60-64,0,0,0,0,0,0,0,0,0,0,0,0,0,0,0,0,0,0,0,0,0
33,603,District - Chennai (02),Rural,65-69,0,0,0,0,0,0,0,0,0,0,0,0,0,0,0,0,0,0,0,0,0
33,603,District - Chennai (02),Rural,70-74,0,0,0,0,0,0,0,0,0,0,0,0,0,0,0,0,0,0,0,0,0
33,603,District - Chennai (02),Rural,75-79,0,0,0,0,0,0,0,0,0,0,0,0,0,0,0,0,0,0,0,0,0
33,603,District - Chennai (02),Rural,80+,0,0,0,0,0,0,0,0,0,0,0,0,0,0,0,0,0,0,0,0,0
33,603,District - Chennai (02),Rural,Age not stated,0,0,0,0,0,0,0,0,0,0,0,0,0,0,0,0,0,0,0,0,0
33,603,District - Chennai (02),Rural,Less than 18,0,0,0,0,0,0,0,0,0,0,0,0,0,0,0,0,0,0,0,0,0
33,603,District - Chennai (02),Rural,Less than 21,0,0,0,0,0,0,0,0,0,0,0,0,0,0,0,0,0,0,0,0,0
33,603,District - Chennai (02),Urban,All ages,4646732,2335844,2310888,1854859,1046143,808716,2518444,1242168,1276276,246604,39789,206815,22043,6175,15868,4782,1569,3213,0,0,0
33,603,District - Chennai (02),Urban,0-9,651144,333451,317693,651144,333451,317693,0,0,0,0,0,0,0,0,0,0,0,0,0,0,0
33,603,District - Chennai (02),Urban,10-14,347550,177999,169551,339897,175826,164071,7175,1978,5197,242,72,170,217,118,99,19,5,14,0,0,0
33,603,District - Chennai (02),Urban,15-19,365046,186453,178593,331783,180528,151255,32579,5720,26859,410,95,315,243,98,145,31,12,19,0,0,0
33,603,District - Chennai (02),Urban,20-24,432978,210171,222807,275574,174035,101539,154990,35697,119293,1382,185,1197,908,220,688,124,34,90,0,0,0
33,603,District - Chennai (02),Urban,25-29,474939,229283,245656,147372,109574,37798,322148,118759,203389,3011,465,2546,2012,413,1599,396,72,324,0,0,0
33,603,District - Chennai (02),Urban,30-34,421267,212410,208857,47374,35462,11912,364645,174967,189678,5585,992,4593,2923,758,2165,740,231,509,0,0,0
33,603,District - Chennai (02),Urban,35-39,400825,199789,201036,20044,13879,6165,366406,183147,183259,9899,1410,8489,3566,1044,2522,910,309,601,0,0,0
33,603,District - Chennai (02),Urban,40-44,342791,176730,166061,11103,7349,3754,313092,166096,146996,14520,2026,12494,3284,967,2317,792,292,500,0,0,0
33,603,District - Chennai (02),Urban,45-49,304019,155128,148891,7216,4341,2875,272741,147090,125651,20617,2652,17965,2809,818,1991,636,227,409,0,0,0
33,603,District - Chennai (02),Urban,50-54,242702,125698,117004,5093,2790,2303,210392,118802,91590,24849,3410,21439,1964,553,1411,404,143,261,0,0,0
33,603,District - Chennai (02),Urban,55-59,199349,103036,96313,3854,1896,1958,166201,96898,69303,27643,3737,23906,1367,398,969,284,107,177,0,0,0
33,603,District - Chennai (02),Urban,60-64,166522,83769,82753,3393,1560,1833,126991,76828,50163,34834,5007,29827,1133,315,818,171,59,112,0,0,0
33,603,District - Chennai (02),Urban,65-69,107096,51419,55677,2348,998,1350,75112,45747,29365,28899,4452,24447,636,192,444,101,30,71,0,0,0
33,603,District - Chennai (02),Urban,70-74,83270,40292,42978,1838,765,1073,52319,34305,18014,28612,5091,23521,427,115,312,74,16,58,0,0,0
33,603,District - Chennai (02),Urban,75-79,49412,24083,25329,1118,447,671,28325,19432,8893,19686,4118,15568,229,64,165,54,22,32,0,0,0
33,603,District - Chennai (02),Urban,80+,50928,22468,28460,1980,948,1032,22648,15428,7220,25974,5993,19981,285,90,195,41,9,32,0,0,0
33,603,District - Chennai (02),Urban,Age not stated,6894,3665,3229,3728,2294,1434,2680,1274,1406,441,84,357,40,12,28,5,1,4,0,0,0
33,603,District - Chennai (02),Urban,Less than 18,1206512,618019,588493,1185120,612970,572150,20579,4746,15833,444,119,325,339,174,165,30,10,20,0,0,0
33,603,District - Chennai (02),Urban,Less than 21,1452963,741959,711004,1388980,728870,660110,62448,12610,49838,874,197,677,598,258,340,63,24,39,0,0,0
33,604,District - Kancheepuram (03),Total,All ages,3998252,2012958,1985294,1659679,938123,721556,2092125,1033307,1058818,226710,36202,190508,17107,4492,12615,2631,834,1797,0,0,0
33,604,District - Kancheepuram (03),Total,0-9,608498,310695,297803,608498,310695,297803,0,0,0,0,0,0,0,0,0,0,0,0,0,0,0
33,604,District - Kancheepuram (03),Total,10-14,317654,162541,155113,311774,160960,150814,5514,1458,4056,193,45,148,161,73,88,12,5,7,0,0,0
33,604,District - Kancheepuram (03),Total,15-19,345993,178669,167324,316752,173781,142971,28654,4724,23930,348,79,269,226,82,144,13,3,10,0,0,0
33,604,District - Kancheepuram (03),Total,20-24,391229,190782,200447,241884,158140,83744,147332,32315,115017,1231,158,1073,691,151,540,91,18,73,0,0,0
33,604,District - Kancheepuram (03),Total,25-29,413118,199667,213451,113165,88118,25047,295012,110738,184274,3060,438,2622,1615,316,1299,266,57,209,0,0,0
33,604,District - Kancheepuram (03),Total,30-34,351246,180567,170679,32091,24943,7148,310820,154042,156778,5656,916,4740,2258,545,1713,421,121,300,0,0,0
33,604,District - Kancheepuram (03),Total,35-39,333128,166368,166760,11610,8331,3279,308090,155920,152170,10197,1235,8962,2739,697,2042,492,185,307,0,0,0
33,604,District - Kancheepuram (03),Total,40-44,271707,140850,130857,6103,4015,2088,248654,134283,114371,14007,1693,12314,2517,711,1806,426,148,278,0,0,0
33,604,District - Kancheepuram (03),Total,45-49,244203,123841,120362,3801,2283,1518,218373,118485,99888,19624,2380,17244,2086,574,1512,319,119,200,0,0,0
33,604,District - Kancheepuram (03),Total,50-54,191816,97028,94788,2743,1358,1385,164046,92224,71822,23254,2954,20300,1568,422,1146,205,70,135,0,0,0
33,604,District - Kancheepuram (03),Total,55-59,158966,79765,79201,2061,981,1080,129957,74980,54977,25747,3476,22271,1070,275,795,131,53,78,0,0,0
33,604,District - Kancheepuram (03),Total,60-64,135968,68484,67484,1879,798,1081,100107,62663,37444,32996,4761,28235,872,239,633,114,23,91,0,0,0
33,604,District - Kancheepuram (03),Total,65-69,87256,42059,45197,1245,510,735,58692,37080,21612,26796,4323,22473,476,134,342,47,12,35,0,0,0
33,604,District - Kancheepuram (03),Total,70-74,67427,33272,34155,1062,442,620,39409,27737,11672,26553,4961,21592,366,122,244,37,10,27,0,0,0
33,604,District - Kancheepuram (03),Total,75-79,35938,18028,17910,640,288,352,19445,14139,5306,15636,3536,12100,199,60,139,18,5,13,0,0,0
33,604,District - Kancheepuram (03),Total,80+,38524,17452,21072,1282,652,630,15960,11544,4416,21020,5171,15849,228,81,147,34,4,30,0,0,0
33,604,District - Kancheepuram (03),Total,Age not stated,5581,2890,2691,3089,1828,1261,2060,975,1085,392,76,316,35,10,25,5,1,4,0,0,0
33,604,District - Kancheepuram (03),Total,Less than 18,1117211,571504,545707,1100005,567676,532329,16526,3607,12919,389,95,294,273,119,154,18,7,11,0,0,0
33,604,District - Kancheepuram (03),Total,Less than 21,1358729,695716,663013,1301181,684890,616291,56262,10477,45785,737,149,588,510,190,320,39,10,29,0,0,0
33,604,District - Kancheepuram (03),Rural,All ages,1459916,734979,724937,635826,359834,275992,724190,358339,365851,93434,15064,78370,5922,1581,4341,544,161,383,0,0,0
33,604,District - Kancheepuram (03),Rural,0-9,227212,115675,111537,227212,115675,111537,0,0,0,0,0,0,0,0,0,0,0,0,0,0,0
33,604,District - Kancheepuram (03),Rural,10-14,125500,64214,61286,123494,63703,59791,1892,483,1409,59,7,52,54,20,34,1,1,0,0,0,0
33,604,District - Kancheepuram (03),Rural,15-19,147512,76733,70779,135822,74832,60990,11452,1833,9619,149,31,118,84,36,48,5,1,4,0,0,0
33,604,District - Kancheepuram (03),Rural,20-24,151317,75720,75597,92442,62309,30133,58078,13284,44794,508,68,440,259,53,206,30,6,24,0,0,0
33,604,District - Kancheepuram (03),Rural,25-29,144258,72091,72167,37442,30109,7333,104700,41646,63054,1405,205,1200,646,119,527,65,12,53,0,0,0
33,604,District - Kancheepuram (03),Rural,30-34,114307,58719,55588,9224,7230,1994,101768,50936,50832,2445,347,2098,798,186,612,72,20,52,0,0,0
33,604,District - Kancheepuram (03),Rural,35-39,114891,55737,59154,3103,2177,926,106313,52806,53507,4435,505,3930,956,224,732,84,25,59,0,0,0
33,604,District - Kancheepuram (03),Rural,40-44,93210,47637,45573,1599,988,611,84682,45664,39018,6000,721,5279,854,240,614,75,24,51,0,0,0
33,604,District - Kancheepuram (03),Rural,45-49,86740,43702,43038,987,557,430,76724,41891,34833,8256,1021,7235,705,208,497,68,25,43,0,0,0
33,604,District - Kancheepuram (03),Rural,50-54,65150,32490,32660,673,293,380,54472,30836,23636,9479,1197,8282,482,146,336,44,18,26,0,0,0
33,604,District - Kancheepuram (03),Rural,55-59,54095,26404,27691,500,221,279,42836,24625,18211,10382,1449,8933,348,98,250,29,11,18,0,0,0
33,604,District - Kancheepuram (03),Rural,60-64,48191,23232,24959,525,223,302,33242,20898,12344,14113,2017,12096,287,90,197,24,4,20,0,0,0
33,604,District - Kancheepuram (03),Rural,65-69,32560,15174,17386,367,154,213,20583,13049,7534,11435,1917,9518,160,50,110,15,4,11,0,0,0
33,604,District - Kancheepuram (03),Rural,70-74,26032,12761,13271,305,135,170,14195,10419,3776,11384,2156,9228,130,44,86,18,7,11,0,0,0
33,604,District - Kancheepuram (03),Rural,75-79,12612,6529,6083,176,99,77,6638,5039,1599,5733,1364,4369,63,27,36,2,0,2,0,0,0
33,604,District - Kancheepuram (03),Rural,80+,13662,6791,6871,396,222,174,5722,4509,1213,7451,2020,5431,81,37,44,12,3,9,0,0,0
33,604,District - Kancheepuram (03),Rural,Age not stated,2667,1370,1297,1559,907,652,893,421,472,200,39,161,15,3,12,0,0,0,0,0,0
33,604,District - Kancheepuram (03),Rural,Less than 18,432398,220915,211483,426108,219570,206538,6042,1274,4768,153,30,123,91,39,52,4,2,2,0,0,0
33,604,District - Kancheepuram (03),Rural,Less than 21,537289,275629,261660,514084,271427,242657,22723,4087,18636,287,47,240,185,66,119,10,2,8,0,0,0
33,604,District - Kancheepuram (03),Urban,All ages,2538336,1277979,1260357,1023853,578289,445564,1367935,674968,692967,133276,21138,112138,11185,2911,8274,2087,673,1414,0,0,0
33,604,District - Kancheepuram (03),Urban,0-9,381286,195020,186266,381286,195020,186266,0,0,0,0,0,0,0,0,0,0,0,0,0,0,0
33,604,District - Kancheepuram (03),Urban,10-14,192154,98327,93827,188280,97257,91023,3622,975,2647,134,38,96,107,53,54,11,4,7,0,0,0
33,604,District - Kancheepuram (03),Urban,15-19,198481,101936,96545,180930,98949,81981,17202,2891,14311,199,48,151,142,46,96,8,2,6,0,0,0
33,604,District - Kancheepuram (03),Urban,20-24,239912,115062,124850,149442,95831,53611,89254,19031,70223,723,90,633,432,98,334,61,12,49,0,0,0
33,604,District - Kancheepuram (03),Urban,25-29,268860,127576,141284,75723,58009,17714,190312,69092,121220,1655,233,1422,969,197,772,201,45,156,0,0,0
33,604,District - Kancheepuram (03),Urban,30-34,236939,121848,115091,22867,17713,5154,209052,103106,105946,3211,569,2642,1460,359,1101,349,101,248,0,0,0
33,604,District - Kancheepuram (03),Urban,35-39,218237,110631,107606,8507,6154,2353,201777,103114,98663,5762,730,5032,1783,473,1310,408,160,248,0,0,0
33,604,District - Kancheepuram (03),Urban,40-44,178497,93213,85284,4504,3027,1477,163972,88619,75353,8007,972,7035,1663,471,1192,351,124,227,0,0,0
33,604,District - Kancheepuram (03),Urban,45-49,157463,80139,77324,2814,1726,1088,141649,76594,65055,11368,1359,10009,1381,366,1015,251,94,157,0,0,0
33,604,District - Kancheepuram (03),Urban,50-54,126666,64538,62128,2070,1065,1005,109574,61388,48186,13775,1757,12018,1086,276,810,161,52,109,0,0,0
33,604,District - Kancheepuram (03),Urban,55-59,104871,53361,51510,1561,760,801,87121,50355,36766,15365,2027,13338,722,177,545,102,42,60,0,0,0
33,604,District - Kancheepuram (03),Urban,60-64,87777,45252,42525,1354,575,779,66865,41765,25100,18883,2744,16139,585,149,436,90,19,71,0,0,0
33,604,District - Kancheepuram (03),Urban,65-69,54696,26885,27811,878,356,522,38109,24031,14078,15361,2406,12955,316,84,232,32,8,24,0,0,0
33,604,District - Kancheepuram (03),Urban,70-74,41395,20511,20884,757,307,450,25214,17318,7896,15169,2805,12364,236,78,158,19,3,16,0,0,0
33,604,District - Kancheepuram (03),Urban,75-79,23326,11499,11827,464,189,275,12807,9100,3707,9903,2172,7731,136,33,103,16,5,11,0,0,0
33,604,District - Kancheepuram (03),Urban,80+,24862,10661,14201,886,430,456,10238,7035,3203,13569,3151,10418,147,44,103,22,1,21,0,0,0
33,604,District - Kancheepuram (03),Urban,Age not stated,2914,1520,1394,1530,921,609,1167,554,613,192,37,155,20,7,13,5,1,4,0,0,0
33,604,District - Kancheepuram (03),Urban,Less than 18,684813,350589,334224,673897,348106,325791,10484,2333,8151,236,65,171,182,80,102,14,5,9,0,0,0
33,604,District - Kancheepuram (03),Urban,Less than 21,821440,420087,401353,787097,413463,373634,33539,6390,27149,450,102,348,325,124,201,29,8,21,0,0,0
33,605,District - Vellore (04),Total,All ages,3936331,1961688,1974643,1715328,969827,745501,1934640,950394,984246,263105,36115,226990,20371,4621,15750,2887,731,2156,0,0,0
33,605,District - Vellore (04),Total,0-9,628485,323138,305347,628485,323138,305347,0,0,0,0,0,0,0,0,0,0,0,0,0,0,0
33,605,District - Vellore (04),Total,10-14,350916,179361,171555,346140,177986,168154,4463,1265,3198,171,43,128,132,62,70,10,5,5,0,0,0
33,605,District - Vellore (04),Total,15-19,370795,190054,180741,336918,186024,150894,33171,3866,29305,405,91,314,271,68,203,30,5,25,0,0,0
33,605,District - Vellore (04),Total,20-24,382266,188311,193955,230743,156912,73831,148835,31047,117788,1484,174,1310,1041,156,885,163,22,141,0,0,0
33,605,District - Vellore (04),Total,25-29,363651,175663,187988,104612,81031,23581,252880,93832,159048,3718,394,3324,2077,332,1745,364,74,290,0,0,0
33,605,District - Vellore (04),Total,30-34,305164,152233,152931,32408,24700,7708,262788,126051,136737,6709,782,5927,2758,585,2173,501,115,386,0,0,0
33,605,District - Vellore (04),Total,35-39,307350,146720,160630,12339,8265,4074,279514,136459,143055,11645,1166,10479,3288,695,2593,564,135,429,0,0,0
33,605,District - Vellore (04),Total,40-44,257819,129192,128627,6524,3754,2770,232339,122997,109342,15550,1642,13908,2980,673,2307,426,126,300,0,0,0
33,605,District - Vellore (04),Total,45-49,246104,124130,121974,4397,2204,2193,216401,118855,97546,22388,2392,19996,2599,593,2006,319,86,233,0,0,0
33,605,District - Vellore (04),Total,50-54,188184,96023,92161,3042,1377,1665,157062,91205,65857,26174,2947,23227,1727,425,1302,179,69,110,0,0,0
33,605,District - Vellore (04),Total,55-59,154966,77332,77634,2146,944,1202,122898,72557,50341,28563,3480,25083,1255,324,931,104,27,77,0,0,0
33,605,District - Vellore (04),Total,60-64,139917,68852,71065,2029,813,1216,97061,62589,34472,39767,5138,34629,955,281,674,105,31,74,0,0,0
33,605,District - Vellore (04),Total,65-69,91716,42477,49239,1324,562,762,56674,37143,19531,33161,4599,28562,517,159,358,40,14,26,0,0,0
33,605,District - Vellore (04),Total,70-74,71189,33527,37662,1035,411,624,37617,27823,9794,32108,5147,26961,396,136,260,33,10,23,0,0,0
33,605,District - Vellore (04),Total,75-79,35570,16666,18904,482,187,295,17405,13061,4344,17499,3359,14140,169,58,111,15,1,14,0,0,0
33,605,District - Vellore (04),Total,80+,39171,16379,22792,926,430,496,14536,11158,3378,23499,4715,18784,183,69,114,27,7,20,0,0,0
33,605,District - Vellore (04),Total,Age not stated,3068,1630,1438,1778,1089,689,996,486,510,264,46,218,23,5,18,7,4,3,0,0,0
33,605,District - Vellore (04),Total,Less than 18,1191708,611656,580052,1176332,608451,567881,14706,3003,11703,413,97,316,242,99,143,15,6,9,0,0,0
33,605,District - Vellore (04),Total,Less than 21,1440981,737163,703818,1375826,728006,647820,63674,8822,54852,845,168,677,572,154,418,64,13,51,0,0,0
33,605,District - Vellore (04),Rural,All ages,2234344,1117101,1117243,959407,549473,409934,1105701,542680,563021,155884,21939,133945,11936,2655,9281,1416,354,1062,0,0,0
33,605,District - Vellore (04),Rural,0-9,363035,187441,175594,363035,187441,175594,0,0,0,0,0,0,0,0,0,0,0,0,0,0,0
33,605,District - Vellore (04),Rural,10-14,202368,104369,97999,199876,103664,96212,2330,646,1684,89,22,67,68,34,34,5,3,2,0,0,0
33,605,District - Vellore (04),Rural,15-19,208992,108399,100593,188445,106165,82280,20123,2147,17976,243,50,193,161,33,128,20,4,16,0,0,0
33,605,District - Vellore (04),Rural,20-24,211517,105204,106313,121134,86686,34448,88676,18294,70382,931,104,827,676,105,571,100,15,85,0,0,0
33,605,District - Vellore (04),Rural,25-29,204109,99725,104384,54010,43777,10233,146262,55461,90801,2373,255,2118,1274,188,1086,190,44,146,0,0,0
33,605,District - Vellore (04),Rural,30-34,168470,84444,84026,15695,12322,3373,146834,71244,75590,4044,481,3563,1649,338,1311,248,59,189,0,0,0
33,605,District - Vellore (04),Rural,35-39,171655,81400,90255,5738,3882,1856,156874,76381,80493,6905,704,6201,1876,371,1505,262,62,200,0,0,0
33,605,District - Vellore (04),Rural,40-44,143136,71712,71424,3062,1680,1382,129109,68573,60536,9095,1031,8064,1690,377,1313,180,51,129,0,0,0
33,605,District - Vellore (04),Rural,45-49,139201,70282,68919,2074,1001,1073,122737,67481,55256,12722,1434,11288,1508,326,1182,160,40,120,0,0,0
33,605,District - Vellore (04),Rural,50-54,105501,53213,52288,1417,628,789,88130,50549,37581,14919,1759,13160,959,248,711,76,29,47,0,0,0
33,605,District - Vellore (04),Rural,55-59,87889,43098,44791,996,437,559,69805,40376,29429,16299,2068,14231,745,205,540,44,12,32,0,0,0
33,605,District - Vellore (04),Rural,60-64,82572,40339,42233,1005,399,606,57092,36549,20543,23860,3212,20648,558,162,396,57,17,40,0,0,0
33,605,District - Vellore (04),Rural,65-69,55717,25789,29928,617,252,365,34594,22572,12022,20163,2858,17305,317,100,217,26,7,19,0,0,0
33,605,District - Vellore (04),Rural,70-74,43381,20390,22991,533,205,328,22820,16943,5877,19781,3151,16630,227,85,142,20,6,14,0,0,0
33,605,District - Vellore (04),Rural,75-79,21208,10117,11091,238,96,142,10571,8040,2531,10286,1944,8342,104,37,67,9,0,9,0,0,0
33,605,District - Vellore (04),Rural,80+,23830,10279,13551,496,234,262,9187,7156,2031,14020,2840,11180,111,45,66,16,4,12,0,0,0
33,605,District - Vellore (04),Rural,Age not stated,1763,900,863,1036,604,432,557,268,289,154,26,128,13,1,12,3,1,2,0,0,0
33,605,District - Vellore (04),Rural,Less than 18,687071,355331,331740,678469,353632,324837,8236,1589,6647,230,55,175,128,51,77,8,4,4,0,0,0
33,605,District - Vellore (04),Rural,Less than 21,826019,425355,400664,786193,420251,365942,38934,4917,34017,507,94,413,347,84,263,38,9,29,0,0,0
33,605,District - Vellore (04),Urban,All ages,1701987,844587,857400,755921,420354,335567,828939,407714,421225,107221,14176,93045,8435,1966,6469,1471,377,1094,0,0,0
33,605,District - Vellore (04),Urban,0-9,265450,135697,129753,265450,135697,129753,0,0,0,0,0,0,0,0,0,0,0,0,0,0,0
33,605,District - Vellore (04),Urban,10-14,148548,74992,73556,146264,74322,71942,2133,619,1514,82,21,61,64,28,36,5,2,3,0,0,0
33,605,District - Vellore (04),Urban,15-19,161803,81655,80148,148473,79859,68614,13048,1719,11329,162,41,121,110,35,75,10,1,9,0,0,0
33,605,District - Vellore (04),Urban,20-24,170749,83107,87642,109609,70226,39383,60159,12753,47406,553,70,483,365,51,314,63,7,56,0,0,0
33,605,District - Vellore (04),Urban,25-29,159542,75938,83604,50602,37254,13348,106618,38371,68247,1345,139,1206,803,144,659,174,30,144,0,0,0
33,605,District - Vellore (04),Urban,30-34,136694,67789,68905,16713,12378,4335,115954,54807,61147,2665,301,2364,1109,247,862,253,56,197,0,0,0
33,605,District - Vellore (04),Urban,35-39,135695,65320,70375,6601,4383,2218,122640,60078,62562,4740,462,4278,1412,324,1088,302,73,229,0,0,0
33,605,District - Vellore (04),Urban,40-44,114683,57480,57203,3462,2074,1388,103230,54424,48806,6455,611,5844,1290,296,994,246,75,171,0,0,0
33,605,District - Vellore (04),Urban,45-49,106903,53848,53055,2323,1203,1120,93664,51374,42290,9666,958,8708,1091,267,824,159,46,113,0,0,0
33,605,District - Vellore (04),Urban,50-54,82683,42810,39873,1625,749,876,68932,40656,28276,11255,1188,10067,768,177,591,103,40,63,0,0,0
33,605,District - Vellore (04),Urban,55-59,67077,34234,32843,1150,507,643,53093,32181,20912,12264,1412,10852,510,119,391,60,15,45,0,0,0
33,605,District - Vellore (04),Urban,60-64,57345,28513,28832,1024,414,610,39969,26040,13929,15907,1926,13981,397,119,278,48,14,34,0,0,0
33,605,District - Vellore (04),Urban,65-69,35999,16688,19311,707,310,397,22080,14571,7509,12998,1741,11257,200,59,141,14,7,7,0,0,0
33,605,District - Vellore (04),Urban,70-74,27808,13137,14671,502,206,296,14797,10880,3917,12327,1996,10331,169,51,118,13,4,9,0,0,0
33,605,District - Vellore (04),Urban,75-79,14362,6549,7813,244,91,153,6834,5021,1813,7213,1415,5798,65,21,44,6,1,5,0,0,0
33,605,District - Vellore (04),Urban,80+,15341,6100,9241,430,196,234,5349,4002,1347,9479,1875,7604,72,24,48,11,3,8,0,0,0
33,605,District - Vellore (04),Urban,Age not stated,1305,730,575,742,485,257,439,218,221,110,20,90,10,4,6,4,3,1,0,0,0
33,605,District - Vellore (04),Urban,Less than 18,504637,256325,248312,497863,254819,243044,6470,1414,5056,183,42,141,114,48,66,7,2,5,0,0,0
33,605,District - Vellore (04),Urban,Less than 21,614962,311808,303154,589633,307755,281878,24740,3905,20835,338,74,264,225,70,155,26,4,22,0,0,0
33,606,District - Tiruvannamalai (05),Total,All ages,2464875,1235889,1228986,1047026,596598,450428,1239471,610159,629312,166577,26339,140238,10477,2462,8015,1324,331,993,0,0,0
33,606,District - Tiruvannamalai (05),Total,0-9,396404,204417,191987,396404,204417,191987,0,0,0,0,0,0,0,0,0,0,0,0,0,0,0
33,606,District - Tiruvannamalai (05),Total,10-14,214083,110061,104022,211268,109194,102074,2611,795,1816,123,35,88,76,34,42,5,3,2,0,0,0
33,606,District - Tiruvannamalai (05),Total,15-19,226033,116447,109586,205653,113939,91714,19931,2406,17525,257,51,206,165,50,115,27,1,26,0,0,0
33,606,District - Tiruvannamalai (05),Total,20-24,232301,116351,115950,137770,96519,41251,92953,19600,73353,931,126,805,570,93,477,77,13,64,0,0,0
33,606,District - Tiruvannamalai (05),Total,25-29,232526,114736,117790,61908,49586,12322,166817,64574,102243,2453,354,2099,1154,189,965,194,33,161,0,0,0
33,606,District - Tiruvannamalai (05),Total,30-34,187753,95414,92339,17245,13376,3869,164622,81150,83472,4176,568,3608,1493,267,1226,217,53,164,0,0,0
33,606,District - Tiruvannamalai (05),Total,35-39,190215,91621,98594,5835,3892,1943,175200,86526,88674,7240,787,6453,1686,345,1341,254,71,183,0,0,0
33,606,District - Tiruvannamalai (05),Total,40-44,155573,78049,77524,2842,1648,1194,141947,74930,67017,9186,1096,8090,1426,328,1098,172,47,125,0,0,0
33,606,District - Tiruvannamalai (05),Total,45-49,150363,74404,75959,1789,977,812,134148,71487,62661,13095,1594,11501,1194,304,890,137,42,95,0,0,0
33,606,District - Tiruvannamalai (05),Total,50-54,116559,57729,58830,1246,625,621,98650,54768,43882,15755,2099,13656,820,217,603,88,20,68,0,0,0
33,606,District - Tiruvannamalai (05),Total,55-59,101991,49122,52869,898,429,469,82180,46091,36089,18272,2408,15864,601,175,426,40,19,21,0,0,0
33,606,District - Tiruvannamalai (05),Total,60-64,93070,45574,47496,970,443,527,66050,41249,24801,25496,3695,21801,515,177,338,39,10,29,0,0,0
33,606,District - Tiruvannamalai (05),Total,65-69,64865,30697,34168,646,267,379,41854,26890,14964,22037,3432,18605,298,101,197,30,7,23,0,0,0
33,606,District - Tiruvannamalai (05),Total,70-74,50102,24667,25435,616,255,361,27702,20436,7266,21509,3885,17624,255,85,170,20,6,14,0,0,0
33,606,District - Tiruvannamalai (05),Total,75-79,24993,12855,12138,310,138,172,13214,10131,3083,11359,2541,8818,97,41,56,13,4,9,0,0,0
33,606,District - Tiruvannamalai (05),Total,80+,26088,12766,13322,527,270,257,10949,8814,2135,14488,3629,10859,114,51,63,10,2,8,0,0,0
33,606,District - Tiruvannamalai (05),Total,Age not stated,1956,979,977,1099,623,476,643,312,331,200,39,161,13,5,8,1,0,1,0,0,0
33,606,District - Tiruvannamalai (05),Total,Less than 18,740710,382226,358484,731788,380245,351543,8492,1848,6644,269,70,199,146,59,87,15,4,11,0,0,0
33,606,District - Tiruvannamalai (05),Total,Less than 21,893709,459281,434428,853375,453525,399850,39409,5541,33868,536,100,436,343,108,235,46,7,39,0,0,0
33,606,District - Tiruvannamalai (05),Rural,All ages,1969930,989726,980204,835612,477978,357634,989866,487686,502180,135297,21898,113399,8228,1934,6294,927,230,697,0,0,0
33,606,District - Tiruvannamalai (05),Rural,0-9,320639,165504,155135,320639,165504,155135,0,0,0,0,0,0,0,0,0,0,0,0,0,0,0
33,606,District - Tiruvannamalai (05),Rural,10-14,172053,88561,83492,169895,87900,81995,1996,606,1390,99,27,72,59,25,34,4,3,1,0,0,0
33,606,District - Tiruvannamalai (05),Rural,15-19,183153,94877,88276,166360,92881,73479,16432,1912,14520,202,42,160,137,41,96,22,1,21,0,0,0
33,606,District - Tiruvannamalai (05),Rural,20-24,186664,94434,92230,108596,77705,30891,76783,16544,60239,769,103,666,451,70,381,65,12,53,0,0,0
33,606,District - Tiruvannamalai (05),Rural,25-29,184581,91765,92816,46342,37905,8437,135129,53387,81742,2041,299,1742,925,148,777,144,26,118,0,0,0
33,606,District - Tiruvannamalai (05),Rural,30-34,146077,74735,71342,11927,9390,2537,129406,64617,64789,3395,479,2916,1201,216,985,148,33,115,0,0,0
33,606,District - Tiruvannamalai (05),Rural,35-39,149277,71400,77877,3996,2622,1374,137878,67807,70071,5908,654,5254,1309,265,1044,186,52,134,0,0,0
33,606,District - Tiruvannamalai (05),Rural,40-44,122043,61139,60904,1953,1131,822,111477,58807,52670,7387,915,6472,1113,256,857,113,30,83,0,0,0
33,606,District - Tiruvannamalai (05),Rural,45-49,119345,58774,60571,1218,648,570,106652,56507,50145,10457,1352,9105,926,240,686,92,27,65,0,0,0
33,606,District - Tiruvannamalai (05),Rural,50-54,92650,45582,47068,869,445,424,78328,43225,35103,12762,1744,11018,640,157,483,51,11,40,0,0,0
33,606,District - Tiruvannamalai (05),Rural,55-59,81214,38821,42393,603,293,310,65395,36372,29023,14731,1995,12736,460,145,315,25,16,9,0,0,0
33,606,District - Tiruvannamalai (05),Rural,60-64,75182,36634,38548,695,309,386,53145,33086,20059,20929,3097,17832,390,137,253,23,5,18,0,0,0
33,606,District - Tiruvannamalai (05),Rural,65-69,53411,25351,28060,500,215,285,34480,22165,12315,18167,2882,15285,241,84,157,23,5,18,0,0,0
33,606,District - Tiruvannamalai (05),Rural,70-74,40982,20295,20687,468,196,272,22577,16770,5807,17724,3253,14471,200,72,128,13,4,9,0,0,0
33,606,District - Tiruvannamalai (05),Rural,75-79,20201,10521,9680,233,104,129,10755,8328,2427,9126,2051,7075,77,35,42,10,3,7,0,0,0
33,606,District - Tiruvannamalai (05),Rural,80+,20841,10513,10328,399,207,192,8918,7297,1621,11429,2968,8461,88,39,49,7,2,5,0,0,0
33,606,District - Tiruvannamalai (05),Rural,Age not stated,1617,820,797,919,523,396,515,256,259,171,37,134,11,4,7,1,0,1,0,0,0
33,606,District - Tiruvannamalai (05),Rural,Less than 18,597886,309091,288795,590850,307557,283293,6693,1428,5265,216,56,160,116,46,70,11,4,7,0,0,0
33,606,District - Tiruvannamalai (05),Rural,Less than 21,722932,372442,350490,689489,367779,321710,32690,4491,28199,434,80,354,281,85,196,38,7,31,0,0,0
33,606,District - Tiruvannamalai (05),Urban,All ages,494945,246163,248782,211414,118620,92794,249605,122473,127132,31280,4441,26839,2249,528,1721,397,101,296,0,0,0
33,606,District - Tiruvannamalai (05),Urban,0-9,75765,38913,36852,75765,38913,36852,0,0,0,0,0,0,0,0,0,0,0,0,0,0,0
33,606,District - Tiruvannamalai (05),Urban,10-14,42030,21500,20530,41373,21294,20079,615,189,426,24,8,16,17,9,8,1,0,1,0,0,0
33,606,District - Tiruvannamalai (05),Urban,15-19,42880,21570,21310,39293,21058,18235,3499,494,3005,55,9,46,28,9,19,5,0,5,0,0,0
33,606,District - Tiruvannamalai (05),Urban,20-24,45637,21917,23720,29174,18814,10360,16170,3056,13114,162,23,139,119,23,96,12,1,11,0,0,0
33,606,District - Tiruvannamalai (05),Urban,25-29,47945,22971,24974,15566,11681,3885,31688,11187,20501,412,55,357,229,41,188,50,7,43,0,0,0
33,606,District - Tiruvannamalai (05),Urban,30-34,41676,20679,20997,5318,3986,1332,35216,16533,18683,781,89,692,292,51,241,69,20,49,0,0,0
33,606,District - Tiruvannamalai (05),Urban,35-39,40938,20221,20717,1839,1270,569,37322,18719,18603,1332,133,1199,377,80,297,68,19,49,0,0,0
33,606,District - Tiruvannamalai (05),Urban,40-44,33530,16910,16620,889,517,372,30470,16123,14347,1799,181,1618,313,72,241,59,17,42,0,0,0
33,606,District - Tiruvannamalai (05),Urban,45-49,31018,15630,15388,571,329,242,27496,14980,12516,2638,242,2396,268,64,204,45,15,30,0,0,0
33,606,District - Tiruvannamalai (05),Urban,50-54,23909,12147,11762,377,180,197,20322,11543,8779,2993,355,2638,180,60,120,37,9,28,0,0,0
33,606,District - Tiruvannamalai (05),Urban,55-59,20777,10301,10476,295,136,159,16785,9719,7066,3541,413,3128,141,30,111,15,3,12,0,0,0
33,606,District - Tiruvannamalai (05),Urban,60-64,17888,8940,8948,275,134,141,12905,8163,4742,4567,598,3969,125,40,85,16,5,11,0,0,0
33,606,District - Tiruvannamalai (05),Urban,65-69,11454,5346,6108,146,52,94,7374,4725,2649,3870,550,3320,57,17,40,7,2,5,0,0,0
33,606,District - Tiruvannamalai (05),Urban,70-74,9120,4372,4748,148,59,89,5125,3666,1459,3785,632,3153,55,13,42,7,2,5,0,0,0
33,606,District - Tiruvannamalai (05),Urban,75-79,4792,2334,2458,77,34,43,2459,1803,656,2233,490,1743,20,6,14,3,1,2,0,0,0
33,606,District - Tiruvannamalai (05),Urban,80+,5247,2253,2994,128,63,65,2031,1517,514,3059,661,2398,26,12,14,3,0,3,0,0,0
33,606,District - Tiruvannamalai (05),Urban,Age not stated,339,159,180,180,100,80,128,56,72,29,2,27,2,1,1,0,0,0,0,0,0
33,606,District - Tiruvannamalai (05),Urban,Less than 18,142824,73135,69689,140938,72688,68250,1799,420,1379,53,14,39,30,13,17,4,0,4,0,0,0
33,606,District - Tiruvannamalai (05),Urban,Less than 21,170777,86839,83938,163886,85746,78140,6719,1050,5669,102,20,82,62,23,39,8,0,8,0,0,0
33,607,District - Viluppuram (06),Total,All ages,3458873,1740819,1718054,1509912,855872,654040,1721964,845545,876419,212587,35930,176657,12589,2983,9606,1821,489,1332,0,0,0
33,607,District - Viluppuram (06),Total,0-9,589879,303028,286851,589879,303028,286851,0,0,0,0,0,0,0,0,0,0,0,0,0,0,0
33,607,District - Viluppuram (06),Total,10-14,317333,162594,154739,313159,161520,151639,3875,980,2895,157,36,121,133,55,78,9,3,6,0,0,0
33,607,District - Viluppuram (06),Total,15-19,320972,165120,155852,291579,161396,130183,28790,3581,25209,352,73,279,236,66,170,15,4,11,0,0,0
33,607,District - Viluppuram (06),Total,20-24,324432,162030,162402,188245,131879,56366,134146,29857,104289,1217,158,1059,702,119,583,122,17,105,0,0,0
33,607,District - Viluppuram (06),Total,25-29,328847,161730,167117,83582,67838,15744,240087,93115,146972,3420,490,2930,1474,224,1250,284,63,221,0,0,0
33,607,District - Viluppuram (06),Total,30-34,263725,134290,129435,22521,17792,4729,233292,115244,118048,5761,807,4954,1807,368,1439,344,79,265,0,0,0
33,607,District - Viluppuram (06),Total,35-39,265040,127893,137147,7105,5020,2085,245277,121278,123999,10273,1100,9173,2060,411,1649,325,84,241,0,0,0
33,607,District - Viluppuram (06),Total,40-44,216803,110345,106458,3386,2119,1267,198615,106100,92515,12955,1626,11329,1635,426,1209,212,74,138,0,0,0
33,607,District - Viluppuram (06),Total,45-49,204324,102083,102241,2110,1155,955,182874,98149,84725,17812,2362,15450,1370,358,1012,158,59,99,0,0,0
33,607,District - Viluppuram (06),Total,50-54,155981,77509,78472,1433,698,735,132750,73685,59065,20779,2839,17940,914,256,658,105,31,74,0,0,0
33,607,District - Viluppuram (06),Total,55-59,135385,65643,69742,1087,504,583,110300,61576,48724,23239,3368,19871,687,173,514,72,22,50,0,0,0
33,607,District - Viluppuram (06),Total,60-64,124455,61393,63062,1132,498,634,88762,55467,33295,33862,5217,28645,630,191,439,69,20,49,0,0,0
33,607,District - Viluppuram (06),Total,65-69,83597,40489,43108,886,342,544,55160,35266,19894,27160,4745,22415,349,127,222,42,9,33,0,0,0
33,607,District - Viluppuram (06),Total,70-74,63208,32611,30597,701,327,374,36401,26944,9457,25778,5223,20555,298,105,193,30,12,18,0,0,0
33,607,District - Viluppuram (06),Total,75-79,30731,16436,14295,349,169,180,16898,12950,3948,13336,3265,10071,134,48,86,14,4,10,0,0,0
33,607,District - Viluppuram (06),Total,80+,30685,15800,14885,698,358,340,13637,10833,2804,16191,4552,11639,142,50,92,17,7,10,0,0,0
33,607,District - Viluppuram (06),Total,Age not stated,3476,1825,1651,2060,1229,831,1100,520,580,295,69,226,18,6,12,3,1,2,0,0,0
33,607,District - Viluppuram (06),Total,Less than 18,1093350,561792,531558,1079757,559047,520710,12987,2578,10409,352,74,278,240,89,151,14,4,10,0,0,0
33,607,District - Viluppuram (06),Total,Less than 21,1308115,670123,637992,1249652,661641,588011,57195,8195,49000,734,134,600,486,145,341,48,8,40,0,0,0
33,607,District - Viluppuram (06),Rural,All ages,2939785,1481475,1458310,1287102,730421,556681,1459586,716709,742877,181309,31537,149772,10402,2453,7949,1386,355,1031,0,0,0
33,607,District - Viluppuram (06),Rural,0-9,507508,260748,246760,507508,260748,246760,0,0,0,0,0,0,0,0,0,0,0,0,0,0,0
33,607,District - Viluppuram (06),Rural,10-14,271000,138709,132291,267452,137775,129677,3287,851,2436,140,34,106,114,47,67,7,2,5,0,0,0
33,607,District - Viluppuram (06),Rural,15-19,275979,142162,133817,250398,138971,111427,25050,3064,21986,306,66,240,213,59,154,12,2,10,0,0,0
33,607,District - Viluppuram (06),Rural,20-24,277531,139678,137853,159179,113042,46137,116563,26377,90186,1061,135,926,623,111,512,105,13,92,0,0,0
33,607,District - Viluppuram (06),Rural,25-29,279549,138208,141341,68557,56254,12303,206541,81279,125262,3001,441,2560,1219,184,1035,231,50,181,0,0,0
33,607,District - Viluppuram (06),Rural,30-34,219545,112511,107034,17582,14005,3577,195331,97459,97872,4875,694,4181,1492,296,1196,265,57,208,0,0,0
33,607,District - Viluppuram (06),Rural,35-39,221145,106568,114577,5398,3799,1599,205094,101425,103669,8765,973,7792,1667,316,1351,221,55,166,0,0,0
33,607,District - Viluppuram (06),Rural,40-44,180882,91673,89209,2597,1576,1021,165733,88302,77431,11066,1408,9658,1317,330,987,169,57,112,0,0,0
33,607,District - Viluppuram (06),Rural,45-49,172021,85484,86537,1616,878,738,154145,82209,71936,15048,2068,12980,1110,293,817,102,36,66,0,0,0
33,607,District - Viluppuram (06),Rural,50-54,131342,64945,66397,1084,531,553,111793,61667,50126,17632,2512,15120,754,208,546,79,27,52,0,0,0
33,607,District - Viluppuram (06),Rural,55-59,114346,55040,59306,838,389,449,93200,51526,41674,19697,2958,16739,557,151,406,54,16,38,0,0,0
33,607,District - Viluppuram (06),Rural,60-64,106683,52547,54136,897,395,502,76077,47359,28718,29128,4623,24505,530,158,372,51,12,39,0,0,0
33,607,District - Viluppuram (06),Rural,65-69,72564,35272,37292,741,286,455,47996,30656,17340,23505,4211,19294,288,110,178,34,9,25,0,0,0
33,607,District - Viluppuram (06),Rural,70-74,54546,28410,26136,574,261,313,31511,23429,8082,22172,4612,17560,262,98,164,27,10,17,0,0,0
33,607,District - Viluppuram (06),Rural,75-79,26241,14287,11954,275,140,135,14608,11256,3352,11227,2846,8381,119,43,76,12,2,10,0,0,0
33,607,District - Viluppuram (06),Rural,80+,25877,13663,12214,565,289,276,11743,9423,2320,13434,3900,9534,121,45,76,14,6,8,0,0,0
33,607,District - Viluppuram (06),Rural,Age not stated,3026,1570,1456,1841,1082,759,914,427,487,252,56,196,16,4,12,3,1,2,0,0,0
33,607,District - Viluppuram (06),Rural,Less than 18,938128,482062,456066,926537,479704,446833,11063,2207,8856,308,69,239,209,79,130,11,3,8,0,0,0
33,607,District - Viluppuram (06),Rural,Less than 21,1124006,575946,548060,1072751,568584,504167,50137,7109,43028,645,122,523,431,127,304,42,4,38,0,0,0
33,607,District - Viluppuram (06),Urban,All ages,519088,259344,259744,222810,125451,97359,262378,128836,133542,31278,4393,26885,2187,530,1657,435,134,301,0,0,0
33,607,District - Viluppuram (06),Urban,0-9,82371,42280,40091,82371,42280,40091,0,0,0,0,0,0,0,0,0,0,0,0,0,0,0
33,607,District - Viluppuram (06),Urban,10-14,46333,23885,22448,45707,23745,21962,588,129,459,17,2,15,19,8,11,2,1,1,0,0,0
33,607,District - Viluppuram (06),Urban,15-19,44993,22958,22035,41181,22425,18756,3740,517,3223,46,7,39,23,7,16,3,2,1,0,0,0
33,607,District - Viluppuram (06),Urban,20-24,46901,22352,24549,29066,18837,10229,17583,3480,14103,156,23,133,79,8,71,17,4,13,0,0,0
33,607,District - Viluppuram (06),Urban,25-29,49298,23522,25776,15025,11584,3441,33546,11836,21710,419,49,370,255,40,215,53,13,40,0,0,0
33,607,District - Viluppuram (06),Urban,30-34,44180,21779,22401,4939,3787,1152,37961,17785,20176,886,113,773,315,72,243,79,22,57,0,0,0
33,607,District - Viluppuram (06),Urban,35-39,43895,21325,22570,1707,1221,486,40183,19853,20330,1508,127,1381,393,95,298,104,29,75,0,0,0
33,607,District - Viluppuram (06),Urban,40-44,35921,18672,17249,789,543,246,32882,17798,15084,1889,218,1671,318,96,222,43,17,26,0,0,0
33,607,District - Viluppuram (06),Urban,45-49,32303,16599,15704,494,277,217,28729,15940,12789,2764,294,2470,260,65,195,56,23,33,0,0,0
33,607,District - Viluppuram (06),Urban,50-54,24639,12564,12075,349,167,182,20957,12018,8939,3147,327,2820,160,48,112,26,4,22,0,0,0
33,607,District - Viluppuram (06),Urban,55-59,21039,10603,10436,249,115,134,17100,10050,7050,3542,410,3132,130,22,108,18,6,12,0,0,0
33,607,District - Viluppuram (06),Urban,60-64,17772,8846,8926,235,103,132,12685,8108,4577,4734,594,4140,100,33,67,18,8,10,0,0,0
33,607,District - Viluppuram (06),Urban,65-69,11033,5217,5816,145,56,89,7164,4610,2554,3655,534,3121,61,17,44,8,0,8,0,0,0
33,607,District - Viluppuram (06),Urban,70-74,8662,4201,4461,127,66,61,4890,3515,1375,3606,611,2995,36,7,29,3,2,1,0,0,0
33,607,District - Viluppuram (06),Urban,75-79,4490,2149,2341,74,29,45,2290,1694,596,2109,419,1690,15,5,10,2,2,0,0,0,0
33,607,District - Viluppuram (06),Urban,80+,4808,2137,2671,133,69,64,1894,1410,484,2757,652,2105,21,5,16,3,1,2,0,0,0
33,607,District - Viluppuram (06),Urban,Age not stated,450,255,195,219,147,72,186,93,93,43,13,30,2,2,0,0,0,0,0,0,0
33,607,District - Viluppuram (06),Urban,Less than 18,155222,79730,75492,153220,79343,73877,1924,371,1553,44,5,39,31,10,21,3,1,2,0,0,0
33,607,District - Viluppuram (06),Urban,Less than 21,184109,94177,89932,176901,93057,83844,7058,1086,5972,89,12,77,55,18,37,6,4,2,0,0,0
33,608,District - Salem (07),Total,All ages,3482056,1781571,1700485,1388135,825265,562870,1839595,909546,930049,226086,38434,187652,24690,7202,17488,3550,1124,2426,0,0,0
33,608,District - Salem (07),Total,0-9,512514,267117,245397,512514,267117,245397,0,0,0,0,0,0,0,0,0,0,0,0,0,0,0
33,608,District - Salem (07),Total,10-14,308080,166549,141531,304569,165452,139117,3244,991,2253,134,42,92,124,59,65,9,5,4,0,0,0
33,608,District - Salem (07),Total,15-19,301579,164090,137489,270368,160891,109477,30631,3053,27578,274,69,205,268,72,196,38,5,33,0,0,0
33,608,District - Salem (07),Total,20-24,304269,157656,146613,173713,130110,43603,128403,27201,101202,996,159,837,982,166,816,175,20,155,0,0,0
33,608,District - Salem (07),Total,25-29,310903,156418,154485,80560,68328,12232,225053,87017,138036,2622,411,2211,2229,520,1709,439,142,297,0,0,0
33,608,District - Salem (07),Total,30-34,270347,137316,133031,22635,18724,3911,239024,116786,122238,5053,795,4258,3036,811,2225,599,200,399,0,0,0
33,608,District - Salem (07),Total,35-39,278643,132965,145678,8070,5964,2106,256921,124548,132373,9270,1180,8090,3732,1049,2683,650,224,426,0,0,0
33,608,District - Salem (07),Total,40-44,245936,125241,120695,4487,2905,1582,224114,119299,104815,13018,1722,11296,3733,1105,2628,584,210,374,0,0,0
33,608,District - Salem (07),Total,45-49,234553,119005,115548,2982,1702,1280,209766,113817,95949,18115,2380,15735,3284,977,2307,406,129,277,0,0,0
33,608,District - Salem (07),Total,50-54,182937,94021,88916,1959,998,961,156477,89065,67412,21933,3148,18785,2316,742,1574,252,68,184,0,0,0
33,608,District - Salem (07),Total,55-59,151917,75258,76659,1402,708,694,124629,70484,54145,24179,3536,20643,1558,483,1075,149,47,102,0,0,0
33,608,District - Salem (07),Total,60-64,139185,69062,70123,1331,610,721,101819,62630,39189,34445,5302,29143,1468,478,990,122,42,80,0,0,0
33,608,District - Salem (07),Total,65-69,92450,44255,48195,853,356,497,62314,38808,23506,28405,4799,23606,823,278,545,55,14,41,0,0,0
33,608,District - Salem (07),Total,70-74,73413,36255,37158,689,292,397,42280,30025,12255,29812,5701,24111,597,227,370,35,10,25,0,0,0
33,608,District - Salem (07),Total,75-79,34854,17566,17288,354,166,188,18763,13609,5154,15457,3683,11774,263,104,159,17,4,13,0,0,0
33,608,District - Salem (07),Total,80+,38538,17792,20746,575,288,287,15496,11905,3591,22193,5472,16721,258,124,134,16,3,13,0,0,0
33,608,District - Salem (07),Total,Age not stated,1938,1005,933,1074,654,420,661,308,353,180,35,145,19,7,12,4,1,3,0,0,0
33,608,District - Salem (07),Total,Less than 18,998121,531641,466480,985751,529129,456622,11822,2316,9506,285,83,202,242,107,135,21,6,15,0,0,0
33,608,District - Salem (07),Total,Less than 21,1191166,632952,558214,1133874,625716,508158,56121,6936,49185,576,138,438,527,151,376,68,11,57,0,0,0
33,608,District - Salem (07),Rural,All ages,1707934,883274,824660,677326,411908,265418,904392,446986,457406,112455,20291,92164,12138,3596,8542,1623,493,1130,0,0,0
33,608,District - Salem (07),Rural,0-9,258653,136239,122414,258653,136239,122414,0,0,0,0,0,0,0,0,0,0,0,0,0,0,0
33,608,District - Salem (07),Rural,10-14,154772,85698,69074,153052,85134,67918,1598,517,1081,64,20,44,53,24,29,5,3,2,0,0,0
33,608,District - Salem (07),Rural,15-19,150185,84248,65937,133075,82600,50475,16768,1570,15198,149,36,113,167,38,129,26,4,22,0,0,0
33,608,District - Salem (07),Rural,20-24,148901,78919,69982,80005,63747,16258,67751,14995,52756,549,91,458,504,77,427,92,9,83,0,0,0
33,608,District - Salem (07),Rural,25-29,150884,77109,73775,35074,31051,4023,113007,45453,67554,1451,239,1212,1113,278,835,239,88,151,0,0,0
33,608,District - Salem (07),Rural,30-34,127683,65743,61940,8938,7706,1232,114439,57084,57355,2577,444,2133,1450,408,1042,279,101,178,0,0,0
33,608,District - Salem (07),Rural,35-39,133288,62891,70397,2929,2215,714,123651,59500,64151,4647,605,4042,1792,493,1299,269,78,191,0,0,0
33,608,District - Salem (07),Rural,40-44,116757,59521,57236,1613,1055,558,106818,56969,49849,6353,900,5453,1728,521,1207,245,76,169,0,0,0
33,608,District - Salem (07),Rural,45-49,112899,57208,55691,1030,595,435,101346,54811,46535,8732,1253,7479,1596,491,1105,195,58,137,0,0,0
33,608,District - Salem (07),Rural,50-54,87748,44927,42821,637,355,282,75179,42561,32618,10700,1625,9075,1127,359,768,105,27,78,0,0,0
33,608,District - Salem (07),Rural,55-59,73122,35573,37549,445,251,194,60441,33243,27198,11424,1837,9587,756,222,534,56,20,36,0,0,0
33,608,District - Salem (07),Rural,60-64,69421,34290,35131,448,216,232,50757,31004,19753,17392,2804,14588,775,251,524,49,15,34,0,0,0
33,608,District - Salem (07),Rural,65-69,47206,22582,24624,302,137,165,32118,19763,12355,14324,2520,11804,436,156,280,26,6,20,0,0,0
33,608,District - Salem (07),Rural,70-74,38154,19192,18962,250,118,132,22176,15822,6354,15370,3106,12264,341,142,199,17,4,13,0,0,0
33,608,District - Salem (07),Rural,75-79,17291,8917,8374,113,64,49,9553,6922,2631,7471,1867,5604,148,63,85,6,1,5,0,0,0
33,608,District - Salem (07),Rural,80+,20059,9749,10310,222,113,109,8501,6636,1865,11179,2927,8252,145,71,74,12,2,10,0,0,0
33,608,District - Salem (07),Rural,Age not stated,911,468,443,540,312,228,289,136,153,73,17,56,7,2,5,2,1,1,0,0,0
33,608,District - Salem (07),Rural,Less than 18,502159,272571,229588,495787,271282,224505,6087,1193,4894,147,41,106,125,51,74,13,4,9,0,0,0
33,608,District - Salem (07),Rural,Less than 21,598381,324079,274302,566960,320286,246674,30786,3637,27149,299,75,224,297,73,224,39,8,31,0,0,0
33,608,District - Salem (07),Urban,All ages,1774122,898297,875825,710809,413357,297452,935203,462560,472643,113631,18143,95488,12552,3606,8946,1927,631,1296,0,0,0
33,608,District - Salem (07),Urban,0-9,253861,130878,122983,253861,130878,122983,0,0,0,0,0,0,0,0,0,0,0,0,0,0,0
33,608,District - Salem (07),Urban,10-14,153308,80851,72457,151517,80318,71199,1646,474,1172,70,22,48,71,35,36,4,2,2,0,0,0
33,608,District - Salem (07),Urban,15-19,151394,79842,71552,137293,78291,59002,13863,1483,12380,125,33,92,101,34,67,12,1,11,0,0,0
33,608,District - Salem (07),Urban,20-24,155368,78737,76631,93708,66363,27345,60652,12206,48446,447,68,379,478,89,389,83,11,72,0,0,0
33,608,District - Salem (07),Urban,25-29,160019,79309,80710,45486,37277,8209,112046,41564,70482,1171,172,999,1116,242,874,200,54,146,0,0,0
33,608,District - Salem (07),Urban,30-34,142664,71573,71091,13697,11018,2679,124585,59702,64883,2476,351,2125,1586,403,1183,320,99,221,0,0,0
33,608,District - Salem (07),Urban,35-39,145355,70074,75281,5141,3749,1392,133270,65048,68222,4623,575,4048,1940,556,1384,381,146,235,0,0,0
33,608,District - Salem (07),Urban,40-44,129179,65720,63459,2874,1850,1024,117296,62330,54966,6665,822,5843,2005,584,1421,339,134,205,0,0,0
33,608,District - Salem (07),Urban,45-49,121654,61797,59857,1952,1107,845,108420,59006,49414,9383,1127,8256,1688,486,1202,211,71,140,0,0,0
33,608,District - Salem (07),Urban,50-54,95189,49094,46095,1322,643,679,81298,46504,34794,11233,1523,9710,1189,383,806,147,41,106,0,0,0
33,608,District - Salem (07),Urban,55-59,78795,39685,39110,957,457,500,64188,37241,26947,12755,1699,11056,802,261,541,93,27,66,0,0,0
33,608,District - Salem (07),Urban,60-64,69764,34772,34992,883,394,489,51062,31626,19436,17053,2498,14555,693,227,466,73,27,46,0,0,0
33,608,District - Salem (07),Urban,65-69,45244,21673,23571,551,219,332,30196,19045,11151,14081,2279,11802,387,122,265,29,8,21,0,0,0
33,608,District - Salem (07),Urban,70-74,35259,17063,18196,439,174,265,20104,14203,5901,14442,2595,11847,256,85,171,18,6,12,0,0,0
33,608,District - Salem (07),Urban,75-79,17563,8649,8914,241,102,139,9210,6687,2523,7986,1816,6170,115,41,74,11,3,8,0,0,0
33,608,District - Salem (07),Urban,80+,18479,8043,10436,353,175,178,6995,5269,1726,11014,2545,8469,113,53,60,4,1,3,0,0,0
33,608,District - Salem (07),Urban,Age not stated,1027,537,490,534,342,192,372,172,200,107,18,89,12,5,7,2,0,2,0,0,0
33,608,District - Salem (07),Urban,Less than 18,495962,259070,236892,489964,257847,232117,5735,1123,4612,138,42,96,117,56,61,8,2,6,0,0,0
33,608,District - Salem (07),Urban,Less than 21,592785,308873,283912,566914,305430,261484,25335,3299,22036,277,63,214,230,78,152,29,3,26,0,0,0
33,609,District - Namakkal    (08),Total,All ages,1726601,869280,857321,665197,390406,274791,916222,452256,463966,128973,22067,106906,14546,4062,10484,1663,489,1174,0,0,0
33,609,District - Namakkal    (08),Total,0-9,223764,116871,106893,223764,116871,106893,0,0,0,0,0,0,0,0,0,0,0,0,0,0,0
33,609,District - Namakkal    (08),Total,10-14,140651,75427,65224,138849,74861,63988,1653,511,1142,59,14,45,86,39,47,4,2,2,0,0,0
33,609,District - Namakkal    (08),Total,15-19,166288,89242,77046,152918,87577,65341,13083,1603,11480,130,25,105,135,31,104,22,6,16,0,0,0
33,609,District - Namakkal    (08),Total,20-24,142437,70328,72109,86053,58926,27127,55348,11239,44109,502,65,437,468,86,382,66,12,54,0,0,0
33,609,District - Namakkal    (08),Total,25-29,144765,71049,73716,39966,33971,5995,102180,36643,65537,1370,182,1188,1074,212,862,175,41,134,0,0,0
33,609,District - Namakkal    (08),Total,30-34,130990,65742,65248,11749,10084,1665,114646,54710,59936,2743,397,2346,1591,456,1135,261,95,166,0,0,0
33,609,District - Namakkal    (08),Total,35-39,135686,64033,71653,4153,3356,797,124226,59372,64854,4828,605,4223,2155,597,1558,324,103,221,0,0,0
33,609,District - Namakkal    (08),Total,40-44,123506,62123,61383,2123,1553,570,112188,58929,53259,6766,910,5856,2173,652,1521,256,79,177,0,0,0
33,609,District - Namakkal    (08),Total,45-49,120231,60100,60131,1256,833,423,107149,57363,49786,9668,1318,8350,1968,530,1438,190,56,134,0,0,0
33,609,District - Namakkal    (08),Total,50-54,96818,48903,47915,956,531,425,82551,46307,36244,11735,1621,10114,1456,413,1043,120,31,89,0,0,0
33,609,District - Namakkal    (08),Total,55-59,83561,40852,42709,691,386,305,68043,38171,29872,13651,1973,11678,1101,299,802,75,23,52,0,0,0
33,609,District - Namakkal    (08),Total,60-64,78439,38099,40340,648,317,331,56718,34494,22224,19999,2988,17011,1006,283,723,68,17,51,0,0,0
33,609,District - Namakkal    (08),Total,65-69,54061,25385,28676,458,244,214,35539,22042,13497,17437,2898,14539,589,192,397,38,9,29,0,0,0
33,609,District - Namakkal    (08),Total,70-74,41849,20477,21372,316,172,144,23633,16709,6924,17499,3454,14045,375,133,242,26,9,17,0,0,0
33,609,District - Namakkal    (08),Total,75-79,20559,10082,10477,166,83,83,10589,7716,2873,9593,2212,7381,190,69,121,21,2,19,0,0,0
33,609,District - Namakkal    (08),Total,80+,21777,9923,11854,336,173,163,8356,6294,2062,12897,3383,9514,173,69,104,15,4,11,0,0,0
33,609,District - Namakkal    (08),Total,Age not stated,1219,644,575,795,468,327,320,153,167,96,22,74,6,1,5,2,0,2,0,0,0
33,609,District - Namakkal    (08),Total,Less than 18,464981,247291,217690,458678,245889,212789,6009,1315,4694,137,28,109,147,56,91,10,3,7,0,0,0
33,609,District - Namakkal    (08),Total,Less than 21,564662,298267,266395,540139,294666,245473,23930,3458,20472,268,49,219,292,85,207,33,9,24,0,0,0
33,609,District - Namakkal    (08),Rural,All ages,1030476,520684,509792,399629,236745,162884,540648,266676,273972,80554,14464,66090,8697,2529,6168,948,270,678,0,0,0
33,609,District - Namakkal    (08),Rural,0-9,132396,69638,62758,132396,69638,62758,0,0,0,0,0,0,0,0,0,0,0,0,0,0,0
33,609,District - Namakkal    (08),Rural,10-14,84335,45930,38405,83206,45573,37633,1028,315,713,36,12,24,63,29,34,2,1,1,0,0,0
33,609,District - Namakkal    (08),Rural,15-19,105818,58237,47581,97132,57135,39997,8504,1063,7441,87,18,69,81,18,63,14,3,11,0,0,0
33,609,District - Namakkal    (08),Rural,20-24,85412,41953,43459,51164,34765,16399,33622,7076,26546,306,43,263,286,60,226,34,9,25,0,0,0
33,609,District - Namakkal    (08),Rural,25-29,84232,41562,42670,22393,19265,3128,60214,22020,38194,884,125,759,649,127,522,92,25,67,0,0,0
33,609,District - Namakkal    (08),Rural,30-34,74742,37741,37001,6516,5664,852,65432,31494,33938,1686,246,1440,967,283,684,141,54,87,0,0,0
33,609,District - Namakkal    (08),Rural,35-39,77885,36675,41210,2340,1930,410,71082,33944,37138,3035,383,2652,1248,364,884,180,54,126,0,0,0
33,609,District - Namakkal    (08),Rural,40-44,70645,35541,35104,1185,884,301,64024,33679,30345,4029,544,3485,1276,395,881,131,39,92,0,0,0
33,609,District - Namakkal    (08),Rural,45-49,69497,34480,35017,682,460,222,61727,32835,28892,5841,824,5017,1143,331,812,104,30,74,0,0,0
33,609,District - Namakkal    (08),Rural,50-54,56719,28280,28439,537,302,235,48292,26682,21610,6945,1025,5920,870,254,616,75,17,58,0,0,0
33,609,District - Namakkal    (08),Rural,55-59,50174,24064,26110,387,221,166,40892,22379,18513,8186,1274,6912,657,178,479,52,12,40,0,0,0
33,609,District - Namakkal    (08),Rural,60-64,48514,23350,25164,378,187,191,34944,21008,13936,12550,1970,10580,599,177,422,43,8,35,0,0,0
33,609,District - Namakkal    (08),Rural,65-69,34648,16275,18373,281,165,116,22858,14057,8801,11096,1914,9182,385,133,252,28,6,22,0,0,0
33,609,District - Namakkal    (08),Rural,70-74,27115,13344,13771,197,110,87,15324,10816,4508,11334,2319,9015,238,92,146,22,7,15,0,0,0
33,609,District - Namakkal    (08),Rural,75-79,13265,6544,6721,95,49,46,6884,4988,1896,6147,1462,4685,123,43,80,16,2,14,0,0,0
33,609,District - Namakkal    (08),Rural,80+,14253,6664,7589,197,113,84,5601,4214,1387,8332,2289,6043,110,45,65,13,3,10,0,0,0
33,609,District - Namakkal    (08),Rural,Age not stated,826,406,420,543,284,259,220,106,114,60,16,44,2,0,2,1,0,1,0,0,0
33,609,District - Namakkal    (08),Rural,Less than 18,280464,151956,128508,276317,151026,125291,3949,863,3086,90,24,66,102,41,61,6,2,4,0,0,0
33,609,District - Namakkal    (08),Rural,Less than 21,344005,184279,159726,328273,181927,146346,15350,2250,13100,177,38,139,185,60,125,20,4,16,0,0,0
33,609,District - Namakkal    (08),Urban,All ages,696125,348596,347529,265568,153661,111907,375574,185580,189994,48419,7603,40816,5849,1533,4316,715,219,496,0,0,0
33,609,District - Namakkal    (08),Urban,0-9,91368,47233,44135,91368,47233,44135,0,0,0,0,0,0,0,0,0,0,0,0,0,0,0
33,609,District - Namakkal    (08),Urban,10-14,56316,29497,26819,55643,29288,26355,625,196,429,23,2,21,23,10,13,2,1,1,0,0,0
33,609,District - Namakkal    (08),Urban,15-19,60470,31005,29465,55786,30442,25344,4579,540,4039,43,7,36,54,13,41,8,3,5,0,0,0
33,609,District - Namakkal    (08),Urban,20-24,57025,28375,28650,34889,24161,10728,21726,4163,17563,196,22,174,182,26,156,32,3,29,0,0,0
33,609,District - Namakkal    (08),Urban,25-29,60533,29487,31046,17573,14706,2867,41966,14623,27343,486,57,429,425,85,340,83,16,67,0,0,0
33,609,District - Namakkal    (08),Urban,30-34,56248,28001,28247,5233,4420,813,49214,23216,25998,1057,151,906,624,173,451,120,41,79,0,0,0
33,609,District - Namakkal    (08),Urban,35-39,57801,27358,30443,1813,1426,387,53144,25428,27716,1793,222,1571,907,233,674,144,49,95,0,0,0
33,609,District - Namakkal    (08),Urban,40-44,52861,26582,26279,938,669,269,48164,25250,22914,2737,366,2371,897,257,640,125,40,85,0,0,0
33,609,District - Namakkal    (08),Urban,45-49,50734,25620,25114,574,373,201,45422,24528,20894,3827,494,3333,825,199,626,86,26,60,0,0,0
33,609,District - Namakkal    (08),Urban,50-54,40099,20623,19476,419,229,190,34259,19625,14634,4790,596,4194,586,159,427,45,14,31,0,0,0
33,609,District - Namakkal    (08),Urban,55-59,33387,16788,16599,304,165,139,27151,15792,11359,5465,699,4766,444,121,323,23,11,12,0,0,0
33,609,District - Namakkal    (08),Urban,60-64,29925,14749,15176,270,130,140,21774,13486,8288,7449,1018,6431,407,106,301,25,9,16,0,0,0
33,609,District - Namakkal    (08),Urban,65-69,19413,9110,10303,177,79,98,12681,7985,4696,6341,984,5357,204,59,145,10,3,7,0,0,0
33,609,District - Namakkal    (08),Urban,70-74,14734,7133,7601,119,62,57,8309,5893,2416,6165,1135,5030,137,41,96,4,2,2,0,0,0
33,609,District - Namakkal    (08),Urban,75-79,7294,3538,3756,71,34,37,3705,2728,977,3446,750,2696,67,26,41,5,0,5,0,0,0
33,609,District - Namakkal    (08),Urban,80+,7524,3259,4265,139,60,79,2755,2080,675,4565,1094,3471,63,24,39,2,1,1,0,0,0
33,609,District - Namakkal    (08),Urban,Age not stated,393,238,155,252,184,68,100,47,53,36,6,30,4,1,3,1,0,1,0,0,0
33,609,District - Namakkal    (08),Urban,Less than 18,184517,95335,89182,182361,94863,87498,2060,452,1608,47,4,43,45,15,30,4,1,3,0,0,0
33,609,District - Namakkal    (08),Urban,Less than 21,220657,113988,106669,211866,112739,99127,8580,1208,7372,91,11,80,107,25,82,13,5,8,0,0,0
33,610,District - Erode (09),Total,All ages,2251744,1129868,1121876,813601,476380,337221,1243952,616528,627424,170007,30133,139874,21906,6082,15824,2278,745,1533,0,0,0
33,610,District - Erode (09),Total,0-9,286587,146956,139631,286587,146956,139631,0,0,0,0,0,0,0,0,0,0,0,0,0,0,0
33,610,District - Erode (09),Total,10-14,173177,89812,83365,170620,89022,81598,2321,701,1620,100,25,75,132,63,69,4,1,3,0,0,0
33,610,District - Erode (09),Total,15-19,174035,92235,81800,157886,90195,67691,15742,1940,13802,142,39,103,245,59,186,20,2,18,0,0,0
33,610,District - Erode (09),Total,20-24,178901,88437,90464,104859,72858,32001,72496,15349,57147,641,79,562,807,134,673,98,17,81,0,0,0
33,610,District - Erode (09),Total,25-29,193843,94572,99271,53723,45111,8612,136471,48732,87739,1587,254,1333,1823,417,1406,239,58,181,0,0,0
33,610,District - Erode (09),Total,30-34,180752,90174,90578,19311,16820,2491,155290,72030,83260,3362,525,2837,2427,655,1772,362,144,218,0,0,0
33,610,District - Erode (09),Total,35-39,185586,88189,97397,7877,6650,1227,168137,79728,88409,5903,751,5152,3261,908,2353,408,152,256,0,0,0
33,610,District - Erode (09),Total,40-44,168825,83648,85177,3935,3091,844,152568,78310,74258,8822,1210,7612,3119,894,2225,381,143,238,0,0,0
33,610,District - Erode (09),Total,45-49,166163,82859,83304,2454,1765,689,147388,78504,68884,13080,1744,11336,2967,762,2205,274,84,190,0,0,0
33,610,District - Erode (09),Total,50-54,136008,69677,66331,1712,1105,607,116112,65726,50386,15718,2141,13577,2282,650,1632,184,55,129,0,0,0
33,610,District - Erode (09),Total,55-59,115616,58008,57608,1149,716,433,94257,54049,40208,18493,2705,15788,1596,498,1098,121,40,81,0,0,0
33,610,District - Erode (09),Total,60-64,104069,52392,51677,910,536,374,76138,47540,28598,25563,3901,21662,1378,397,981,80,18,62,0,0,0
33,610,District - Erode (09),Total,65-69,73095,35740,37355,648,372,276,48589,31104,17485,23024,4006,19018,789,246,543,45,12,33,0,0,0
33,610,District - Erode (09),Total,70-74,54398,27376,27022,454,286,168,31197,22331,8866,22148,4547,17601,563,200,363,36,12,24,0,0,0
33,610,District - Erode (09),Total,75-79,29010,14706,14304,234,146,88,15087,11209,3878,13407,3246,10161,270,100,170,12,5,7,0,0,0
33,610,District - Erode (09),Total,80+,30099,14295,15804,411,251,160,11599,9025,2574,17847,4923,12924,229,94,135,13,2,11,0,0,0
33,610,District - Erode (09),Total,Age not stated,1580,792,788,831,500,331,560,250,310,170,37,133,18,5,13,1,0,1,0,0,0
33,610,District - Erode (09),Total,Less than 18,563220,292080,271140,555150,290292,264858,7655,1645,6010,178,46,132,228,94,134,9,3,6,0,0,0
33,610,District - Erode (09),Total,Less than 21,673147,348720,324427,642760,344111,298649,29526,4390,25136,329,73,256,496,142,354,36,4,32,0,0,0
33,610,District - Erode (09),Rural,All ages,1093768,552393,541375,388891,231920,156971,605598,300304,305294,87155,16693,70462,11140,3160,7980,984,316,668,0,0,0
33,610,District - Erode (09),Rural,0-9,136481,70182,66299,136481,70182,66299,0,0,0,0,0,0,0,0,0,0,0,0,0,0,0
33,610,District - Erode (09),Rural,10-14,84407,44002,40405,83159,43633,39526,1121,326,795,54,12,42,69,30,39,4,1,3,0,0,0
33,610,District - Erode (09),Rural,15-19,84963,46463,38500,76457,45422,31035,8280,993,7287,74,19,55,141,29,112,11,0,11,0,0,0
33,610,District - Erode (09),Rural,20-24,86612,43831,42781,48995,35640,13355,36778,8071,28707,341,38,303,450,74,376,48,8,40,0,0,0
33,610,District - Erode (09),Rural,25-29,92835,46045,46790,24994,21609,3385,65931,24036,41895,840,148,692,957,228,729,113,24,89,0,0,0
33,610,District - Erode (09),Rural,30-34,83922,42176,41746,9001,7963,1038,71822,33549,38273,1792,291,1501,1166,322,844,141,51,90,0,0,0
33,610,District - Erode (09),Rural,35-39,87492,41275,46217,3712,3208,504,78953,37131,41822,3032,403,2629,1647,473,1174,148,60,88,0,0,0
33,610,District - Erode (09),Rural,40-44,80058,39643,40415,1917,1506,411,72068,37012,35056,4404,640,3764,1507,423,1084,162,62,100,0,0,0
33,610,District - Erode (09),Rural,45-49,79804,39437,40367,1193,874,319,70476,37159,33317,6517,955,5562,1502,407,1095,116,42,74,0,0,0
33,610,District - Erode (09),Rural,50-54,66111,33437,32674,778,502,276,56349,31454,24895,7774,1123,6651,1138,338,800,72,20,52,0,0,0
33,610,District - Erode (09),Rural,55-59,57358,28315,29043,535,341,194,46852,26248,20604,9066,1448,7618,837,258,579,68,20,48,0,0,0
33,610,District - Erode (09),Rural,60-64,53416,26780,26636,422,259,163,39095,24141,14954,13147,2157,10990,711,215,496,41,8,33,0,0,0
33,610,District - Erode (09),Rural,65-69,38667,19223,19444,274,173,101,25985,16660,9325,11953,2243,9710,425,139,286,30,8,22,0,0,0
33,610,District - Erode (09),Rural,70-74,29054,14955,14099,204,133,71,16873,12145,4728,11655,2560,9095,304,109,195,18,8,10,0,0,0
33,610,District - Erode (09),Rural,75-79,15473,7982,7491,78,52,26,8175,6068,2107,7056,1799,5257,158,60,98,6,3,3,0,0,0
33,610,District - Erode (09),Rural,80+,16222,8193,8029,184,109,75,6553,5193,1360,9356,2837,6519,123,53,70,6,1,5,0,0,0
33,610,District - Erode (09),Rural,Age not stated,893,454,439,507,314,193,287,118,169,94,20,74,5,2,3,0,0,0,0,0,0
33,610,District - Erode (09),Rural,Less than 18,271646,141845,129801,267519,140980,126539,3900,794,3106,95,23,72,127,47,80,5,1,4,0,0,0
33,610,District - Erode (09),Rural,Less than 21,325407,170749,154658,309329,168365,140964,15599,2278,13321,181,34,147,277,71,206,21,1,20,0,0,0
33,610,District - Erode (09),Urban,All ages,1157976,577475,580501,424710,244460,180250,638354,316224,322130,82852,13440,69412,10766,2922,7844,1294,429,865,0,0,0
33,610,District - Erode (09),Urban,0-9,150106,76774,73332,150106,76774,73332,0,0,0,0,0,0,0,0,0,0,0,0,0,0,0
33,610,District - Erode (09),Urban,10-14,88770,45810,42960,87461,45389,42072,1200,375,825,46,13,33,63,33,30,0,0,0,0,0,0
33,610,District - Erode (09),Urban,15-19,89072,45772,43300,81429,44773,36656,7462,947,6515,68,20,48,104,30,74,9,2,7,0,0,0
33,610,District - Erode (09),Urban,20-24,92289,44606,47683,55864,37218,18646,35718,7278,28440,300,41,259,357,60,297,50,9,41,0,0,0
33,610,District - Erode (09),Urban,25-29,101008,48527,52481,28729,23502,5227,70540,24696,45844,747,106,641,866,189,677,126,34,92,0,0,0
33,610,District - Erode (09),Urban,30-34,96830,47998,48832,10310,8857,1453,83468,38481,44987,1570,234,1336,1261,333,928,221,93,128,0,0,0
33,610,District - Erode (09),Urban,35-39,98094,46914,51180,4165,3442,723,89184,42597,46587,2871,348,2523,1614,435,1179,260,92,168,0,0,0
33,610,District - Erode (09),Urban,40-44,88767,44005,44762,2018,1585,433,80500,41298,39202,4418,570,3848,1612,471,1141,219,81,138,0,0,0
33,610,District - Erode (09),Urban,45-49,86359,43422,42937,1261,891,370,76912,41345,35567,6563,789,5774,1465,355,1110,158,42,116,0,0,0
33,610,District - Erode (09),Urban,50-54,69897,36240,33657,934,603,331,59763,34272,25491,7944,1018,6926,1144,312,832,112,35,77,0,0,0
33,610,District - Erode (09),Urban,55-59,58258,29693,28565,614,375,239,47405,27801,19604,9427,1257,8170,759,240,519,53,20,33,0,0,0
33,610,District - Erode (09),Urban,60-64,50653,25612,25041,488,277,211,37043,23399,13644,12416,1744,10672,667,182,485,39,10,29,0,0,0
33,610,District - Erode (09),Urban,65-69,34428,16517,17911,374,199,175,22604,14444,8160,11071,1763,9308,364,107,257,15,4,11,0,0,0
33,610,District - Erode (09),Urban,70-74,25344,12421,12923,250,153,97,14324,10186,4138,10493,1987,8506,259,91,168,18,4,14,0,0,0
33,610,District - Erode (09),Urban,75-79,13537,6724,6813,156,94,62,6912,5141,1771,6351,1447,4904,112,40,72,6,2,4,0,0,0
33,610,District - Erode (09),Urban,80+,13877,6102,7775,227,142,85,5046,3832,1214,8491,2086,6405,106,41,65,7,1,6,0,0,0
33,610,District - Erode (09),Urban,Age not stated,687,338,349,324,186,138,273,132,141,76,17,59,13,3,10,1,0,1,0,0,0
33,610,District - Erode (09),Urban,Less than 18,291574,150235,141339,287631,149312,138319,3755,851,2904,83,23,60,101,47,54,4,2,2,0,0,0
33,610,District - Erode (09),Urban,Less than 21,347740,177971,169769,333431,175746,157685,13927,2112,11815,148,39,109,219,71,148,15,3,12,0,0,0
33,611,District - The Nilgiris (10),Total,All ages,735394,360143,375251,298921,165630,133291,379161,186747,192414,50030,6234,43796,6079,1256,4823,1203,276,927,0,0,0
33,611,District - The Nilgiris (10),Total,0-9,100265,50545,49720,100265,50545,49720,0,0,0,0,0,0,0,0,0,0,0,0,0,0,0
33,611,District - The Nilgiris (10),Total,10-14,65413,32873,32540,64494,32637,31857,833,203,630,36,9,27,50,24,26,0,0,0,0,0,0
33,611,District - The Nilgiris (10),Total,15-19,61415,31311,30104,56167,30569,25598,5125,707,4418,56,11,45,62,21,41,5,3,2,0,0,0
33,611,District - The Nilgiris (10),Total,20-24,62158,31109,31049,38893,26318,12575,22753,4728,18025,220,24,196,249,36,213,43,3,40,0,0,0
33,611,District - The Nilgiris (10),Total,25-29,63265,30323,32942,20131,15632,4499,41961,14526,27435,509,68,441,544,81,463,120,16,104,0,0,0
33,611,District - The Nilgiris (10),Total,30-34,59826,28581,31245,7215,5286,1929,50616,22957,27659,1048,140,908,764,154,610,183,44,139,0,0,0
33,611,District - The Nilgiris (10),Total,35-39,61164,28438,32726,3081,1759,1322,54879,26243,28636,1993,199,1794,996,179,817,215,58,157,0,0,0
33,611,District - The Nilgiris (10),Total,40-44,56477,27672,28805,2069,905,1164,50146,26255,23891,3147,295,2852,934,166,768,181,51,130,0,0,0
33,611,District - The Nilgiris (10),Total,45-49,53984,26593,27391,1693,568,1125,46791,25397,21394,4508,412,4096,834,181,653,158,35,123,0,0,0
33,611,District - The Nilgiris (10),Total,50-54,44296,22147,22149,1576,388,1188,36426,21010,15416,5572,584,4988,600,138,462,122,27,95,0,0,0
33,611,District - The Nilgiris (10),Total,55-59,35203,17461,17742,1072,282,790,27282,16374,10908,6320,669,5651,457,115,342,72,21,51,0,0,0
33,611,District - The Nilgiris (10),Total,60-64,28921,13985,14936,815,201,614,19718,12766,6952,8052,930,7122,285,77,208,51,11,40,0,0,0
33,611,District - The Nilgiris (10),Total,65-69,18255,8412,9843,485,128,357,11122,7379,3743,6476,865,5611,154,39,115,18,1,17,0,0,0
33,611,District - The Nilgiris (10),Total,70-74,12113,5523,6590,276,92,184,6302,4567,1735,5439,839,4600,80,23,57,16,2,14,0,0,0
33,611,District - The Nilgiris (10),Total,75-79,5950,2533,3417,105,25,80,2818,2000,818,2990,493,2497,32,14,18,5,1,4,0,0,0
33,611,District - The Nilgiris (10),Total,80+,6066,2335,3731,249,114,135,2172,1525,647,3597,686,2911,36,8,28,12,2,10,0,0,0
33,611,District - The Nilgiris (10),Total,Age not stated,623,302,321,335,181,154,217,110,107,67,10,57,2,0,2,2,1,1,0,0,0
33,611,District - The Nilgiris (10),Total,Less than 18,202046,101844,100202,199179,101238,97941,2711,548,2163,72,19,53,83,38,45,1,1,0,0,0,0
33,611,District - The Nilgiris (10),Total,Less than 21,241036,121945,119091,231246,120316,110930,9511,1554,7957,122,22,100,145,49,96,12,4,8,0,0,0
33,611,District - The Nilgiris (10),Rural,All ages,299739,145909,153830,116971,64904,52067,157363,77582,79781,22428,2782,19646,2495,536,1959,482,105,377,0,0,0
33,611,District - The Nilgiris (10),Rural,0-9,39436,19880,19556,39436,19880,19556,0,0,0,0,0,0,0,0,0,0,0,0,0,0,0
33,611,District - The Nilgiris (10),Rural,10-14,25959,13025,12934,25574,12920,12654,353,95,258,12,3,9,20,7,13,0,0,0,0,0,0
33,611,District - The Nilgiris (10),Rural,15-19,23961,12232,11729,21768,11919,9849,2142,299,1843,27,5,22,23,9,14,1,0,1,0,0,0
33,611,District - The Nilgiris (10),Rural,20-24,24495,12118,12377,14652,10113,4539,9635,1982,7653,97,11,86,99,11,88,12,1,11,0,0,0
33,611,District - The Nilgiris (10),Rural,25-29,25811,12514,13297,8010,6433,1577,17287,6005,11282,227,31,196,243,38,205,44,7,37,0,0,0
33,611,District - The Nilgiris (10),Rural,30-34,23717,11437,12280,2742,2017,725,20119,9278,10841,461,63,398,319,63,256,76,16,60,0,0,0
33,611,District - The Nilgiris (10),Rural,35-39,24894,11354,13540,1182,598,584,22342,10566,11776,870,87,783,408,74,334,92,29,63,0,0,0
33,611,District - The Nilgiris (10),Rural,40-44,23193,11267,11926,837,296,541,20548,10757,9791,1390,135,1255,352,61,291,66,18,48,0,0,0
33,611,District - The Nilgiris (10),Rural,45-49,22937,11125,11812,708,186,522,19740,10652,9088,2096,198,1898,338,79,259,55,10,45,0,0,0
33,611,District - The Nilgiris (10),Rural,50-54,19203,9472,9731,715,136,579,15630,8976,6654,2541,279,2262,263,70,193,54,11,43,0,0,0
33,611,District - The Nilgiris (10),Rural,55-59,14766,7226,7540,412,90,322,11361,6767,4594,2776,307,2469,183,54,129,34,8,26,0,0,0
33,611,District - The Nilgiris (10),Rural,60-64,12439,5943,6496,322,65,257,8374,5415,2959,3603,427,3176,118,34,84,22,2,20,0,0,0
33,611,District - The Nilgiris (10),Rural,65-69,8023,3636,4387,188,45,143,4811,3190,1621,2940,381,2559,72,19,53,12,1,11,0,0,0
33,611,District - The Nilgiris (10),Rural,70-74,5316,2408,2908,94,27,67,2732,2007,725,2450,366,2084,33,8,25,7,0,7,0,0,0
33,611,District - The Nilgiris (10),Rural,75-79,2550,1098,1452,28,8,20,1215,881,334,1294,203,1091,10,5,5,3,1,2,0,0,0
33,611,District - The Nilgiris (10),Rural,80+,2710,1013,1697,112,65,47,964,659,305,1617,284,1333,13,4,9,4,1,3,0,0,0
33,611,District - The Nilgiris (10),Rural,Age not stated,329,161,168,191,106,85,110,53,57,27,2,25,1,0,1,0,0,0,0,0,0
33,611,District - The Nilgiris (10),Rural,Less than 18,79725,40302,39423,78547,40038,38509,1118,242,876,27,8,19,33,14,19,0,0,0,0,0,0
33,611,District - The Nilgiris (10),Rural,Less than 21,94767,47808,46959,90574,47101,43473,4079,680,3399,54,9,45,59,18,41,1,0,1,0,0,0
33,611,District - The Nilgiris (10),Urban,All ages,435655,214234,221421,181950,100726,81224,221798,109165,112633,27602,3452,24150,3584,720,2864,721,171,550,0,0,0
33,611,District - The Nilgiris (10),Urban,0-9,60829,30665,30164,60829,30665,30164,0,0,0,0,0,0,0,0,0,0,0,0,0,0,0
33,611,District - The Nilgiris (10),Urban,10-14,39454,19848,19606,38920,19717,19203,480,108,372,24,6,18,30,17,13,0,0,0,0,0,0
33,611,District - The Nilgiris (10),Urban,15-19,37454,19079,18375,34399,18650,15749,2983,408,2575,29,6,23,39,12,27,4,3,1,0,0,0
33,611,District - The Nilgiris (10),Urban,20-24,37663,18991,18672,24241,16205,8036,13118,2746,10372,123,13,110,150,25,125,31,2,29,0,0,0
33,611,District - The Nilgiris (10),Urban,25-29,37454,17809,19645,12121,9199,2922,24674,8521,16153,282,37,245,301,43,258,76,9,67,0,0,0
33,611,District - The Nilgiris (10),Urban,30-34,36109,17144,18965,4473,3269,1204,30497,13679,16818,587,77,510,445,91,354,107,28,79,0,0,0
33,611,District - The Nilgiris (10),Urban,35-39,36270,17084,19186,1899,1161,738,32537,15677,16860,1123,112,1011,588,105,483,123,29,94,0,0,0
33,611,District - The Nilgiris (10),Urban,40-44,33284,16405,16879,1232,609,623,29598,15498,14100,1757,160,1597,582,105,477,115,33,82,0,0,0
33,611,District - The Nilgiris (10),Urban,45-49,31047,15468,15579,985,382,603,27051,14745,12306,2412,214,2198,496,102,394,103,25,78,0,0,0
33,611,District - The Nilgiris (10),Urban,50-54,25093,12675,12418,861,252,609,20796,12034,8762,3031,305,2726,337,68,269,68,16,52,0,0,0
33,611,District - The Nilgiris (10),Urban,55-59,20437,10235,10202,660,192,468,15921,9607,6314,3544,362,3182,274,61,213,38,13,25,0,0,0
33,611,District - The Nilgiris (10),Urban,60-64,16482,8042,8440,493,136,357,11344,7351,3993,4449,503,3946,167,43,124,29,9,20,0,0,0
33,611,District - The Nilgiris (10),Urban,65-69,10232,4776,5456,297,83,214,6311,4189,2122,3536,484,3052,82,20,62,6,0,6,0,0,0
33,611,District - The Nilgiris (10),Urban,70-74,6797,3115,3682,182,65,117,3570,2560,1010,2989,473,2516,47,15,32,9,2,7,0,0,0
33,611,District - The Nilgiris (10),Urban,75-79,3400,1435,1965,77,17,60,1603,1119,484,1696,290,1406,22,9,13,2,0,2,0,0,0
33,611,District - The Nilgiris (10),Urban,80+,3356,1322,2034,137,49,88,1208,866,342,1980,402,1578,23,4,19,8,1,7,0,0,0
33,611,District - The Nilgiris (10),Urban,Age not stated,294,141,153,144,75,69,107,57,50,40,8,32,1,0,1,2,1,1,0,0,0
33,611,District - The Nilgiris (10),Urban,Less than 18,122321,61542,60779,120632,61200,59432,1593,306,1287,45,11,34,50,24,26,1,1,0,0,0,0
33,611,District - The Nilgiris (10),Urban,Less than 21,146269,74137,72132,140672,73215,67457,5432,874,4558,68,13,55,86,31,55,11,4,7,0,0,0
33,612,District - Dindigul (11),Total,All ages,2159775,1080938,1078837,851578,485369,366209,1143250,563496,579754,148511,27592,120919,14079,3812,10267,2357,669,1688,0,0,0
33,612,District - Dindigul (11),Total,0-9,316735,163880,152855,316735,163880,152855,0,0,0,0,0,0,0,0,0,0,0,0,0,0,0
33,612,District - Dindigul (11),Total,10-14,188024,97325,90699,184936,96419,88517,2834,800,2034,132,44,88,116,59,57,6,3,3,0,0,0
33,612,District - Dindigul (11),Total,15-19,182413,93640,88773,164044,91099,72945,17927,2437,15490,236,47,189,185,53,132,21,4,17,0,0,0
33,612,District - Dindigul (11),Total,20-24,183483,90175,93308,102943,71921,31022,79026,17989,61037,781,133,648,617,111,506,116,21,95,0,0,0
33,612,District - Dindigul (11),Total,25-29,195079,95094,99985,48893,39256,9637,142553,55120,87433,2014,348,1666,1350,309,1041,269,61,208,0,0,0
33,612,District - Dindigul (11),Total,30-34,169992,83993,85999,14576,11407,3169,149599,71455,78144,3672,594,3078,1749,427,1322,396,110,286,0,0,0
33,612,District - Dindigul (11),Total,35-39,177486,84369,93117,5786,3964,1822,162806,78830,83976,6286,905,5381,2158,544,1614,450,126,324,0,0,0
33,612,District - Dindigul (11),Total,40-44,154892,77319,77573,3380,2003,1377,140521,73419,67102,8660,1274,7386,1982,511,1471,349,112,237,0,0,0
33,612,District - Dindigul (11),Total,45-49,145436,73644,71792,2308,1249,1059,129410,70026,59384,11694,1800,9894,1753,484,1269,271,85,186,0,0,0
33,612,District - Dindigul (11),Total,50-54,112027,56328,55699,1618,810,808,94734,52897,41837,14202,2189,12013,1308,374,934,165,58,107,0,0,0
33,612,District - Dindigul (11),Total,55-59,95170,46370,48800,1280,623,657,76630,42906,33724,16268,2558,13710,886,251,635,106,32,74,0,0,0
33,612,District - Dindigul (11),Total,60-64,90439,44714,45725,1192,539,653,64096,39819,24277,24266,4095,20171,803,244,559,82,17,65,0,0,0
33,612,District - Dindigul (11),Total,65-69,60234,29471,30763,810,377,433,38811,25022,13789,20043,3862,16181,503,182,321,67,28,39,0,0,0
33,612,District - Dindigul (11),Total,70-74,44298,22516,21782,626,296,330,24533,17995,6538,18750,4078,14672,355,140,215,34,7,27,0,0,0
33,612,District - Dindigul (11),Total,75-79,20327,10581,9746,319,161,158,10597,7945,2652,9255,2414,6841,143,57,86,13,4,9,0,0,0
33,612,District - Dindigul (11),Total,80+,21033,9948,11085,456,238,218,8329,6424,1905,12090,3227,8863,147,59,88,11,0,11,0,0,0
33,612,District - Dindigul (11),Total,Age not stated,2707,1571,1136,1676,1127,549,844,412,432,162,24,138,24,7,17,1,1,0,0,0,0
33,612,District - Dindigul (11),Total,Less than 18,613017,316884,296133,603500,314716,288784,9028,1996,7032,273,71,202,206,97,109,10,4,6,0,0,0
33,612,District - Dindigul (11),Total,Less than 21,729224,375498,353726,694139,369873,324266,34141,5376,28765,504,112,392,395,128,267,45,9,36,0,0,0
33,612,District - Dindigul (11),Rural,All ages,1351735,678605,673130,528040,303521,224519,717622,353560,364062,95485,18729,76756,9164,2409,6755,1424,386,1038,0,0,0
33,612,District - Dindigul (11),Rural,0-9,200558,104207,96351,200558,104207,96351,0,0,0,0,0,0,0,0,0,0,0,0,0,0,0
33,612,District - Dindigul (11),Rural,10-14,117697,61059,56638,115618,60434,55184,1913,559,1354,82,27,55,79,37,42,5,2,3,0,0,0
33,612,District - Dindigul (11),Rural,15-19,114318,59059,55259,101867,57340,44527,12144,1648,10496,158,31,127,130,36,94,19,4,15,0,0,0
33,612,District - Dindigul (11),Rural,20-24,115778,57519,58259,62325,45025,17300,52401,12305,40096,545,100,445,428,74,354,79,15,64,0,0,0
33,612,District - Dindigul (11),Rural,25-29,122263,60400,61863,28345,23392,4953,91468,36511,54957,1387,255,1132,896,199,697,167,43,124,0,0,0
33,612,District - Dindigul (11),Rural,30-34,103331,51397,51934,8074,6380,1694,91545,44311,47234,2383,391,1992,1094,254,840,235,61,174,0,0,0
33,612,District - Dindigul (11),Rural,35-39,108963,51460,57503,3206,2210,996,100024,48246,51778,4090,622,3468,1367,314,1053,276,68,208,0,0,0
33,612,District - Dindigul (11),Rural,40-44,94356,47055,47301,1890,1094,796,85509,44728,40781,5491,862,4629,1280,317,963,186,54,132,0,0,0
33,612,District - Dindigul (11),Rural,45-49,90363,45319,45044,1287,692,595,80346,43046,37300,7451,1239,6212,1131,298,833,148,44,104,0,0,0
33,612,District - Dindigul (11),Rural,50-54,70129,34946,35183,907,465,442,59196,32715,26481,9080,1496,7584,853,240,613,93,30,63,0,0,0
33,612,District - Dindigul (11),Rural,55-59,59466,28559,30907,690,361,329,47874,26303,21571,10251,1703,8548,576,168,408,75,24,51,0,0,0
33,612,District - Dindigul (11),Rural,60-64,58194,28987,29207,647,327,320,41218,25609,15609,15721,2862,12859,550,175,375,58,14,44,0,0,0
33,612,District - Dindigul (11),Rural,65-69,39557,19496,20061,469,226,243,25458,16436,9022,13253,2698,10555,334,120,214,43,16,27,0,0,0
33,612,District - Dindigul (11),Rural,70-74,28869,14817,14052,355,176,179,15949,11734,4215,12296,2800,9496,244,101,143,25,6,19,0,0,0
33,612,District - Dindigul (11),Rural,75-79,12628,6695,5933,173,101,72,6620,4964,1656,5735,1592,4143,90,34,56,10,4,6,0,0,0
33,612,District - Dindigul (11),Rural,80+,13175,6366,6809,279,148,131,5334,4143,1191,7461,2037,5424,97,38,59,4,0,4,0,0,0
33,612,District - Dindigul (11),Rural,Age not stated,2090,1264,826,1350,943,407,623,302,321,101,14,87,15,4,11,1,1,0,0,0,0
33,612,District - Dindigul (11),Rural,Less than 18,385733,200121,185612,379406,198655,180751,5999,1355,4644,174,45,129,145,63,82,9,3,6,0,0,0
33,612,District - Dindigul (11),Rural,Less than 21,459855,237836,222019,435983,233989,201994,23221,3678,19543,336,78,258,278,83,195,37,8,29,0,0,0
33,612,District - Dindigul (11),Urban,All ages,808040,402333,405707,323538,181848,141690,425628,209936,215692,53026,8863,44163,4915,1403,3512,933,283,650,0,0,0
33,612,District - Dindigul (11),Urban,0-9,116177,59673,56504,116177,59673,56504,0,0,0,0,0,0,0,0,0,0,0,0,0,0,0
33,612,District - Dindigul (11),Urban,10-14,70327,36266,34061,69318,35985,33333,921,241,680,50,17,33,37,22,15,1,1,0,0,0,0
33,612,District - Dindigul (11),Urban,15-19,68095,34581,33514,62177,33759,28418,5783,789,4994,78,16,62,55,17,38,2,0,2,0,0,0
33,612,District - Dindigul (11),Urban,20-24,67705,32656,35049,40618,26896,13722,26625,5684,20941,236,33,203,189,37,152,37,6,31,0,0,0
33,612,District - Dindigul (11),Urban,25-29,72816,34694,38122,20548,15864,4684,51085,18609,32476,627,93,534,454,110,344,102,18,84,0,0,0
33,612,District - Dindigul (11),Urban,30-34,66661,32596,34065,6502,5027,1475,58054,27144,30910,1289,203,1086,655,173,482,161,49,112,0,0,0
33,612,District - Dindigul (11),Urban,35-39,68523,32909,35614,2580,1754,826,62782,30584,32198,2196,283,1913,791,230,561,174,58,116,0,0,0
33,612,District - Dindigul (11),Urban,40-44,60536,30264,30272,1490,909,581,55012,28691,26321,3169,412,2757,702,194,508,163,58,105,0,0,0
33,612,District - Dindigul (11),Urban,45-49,55073,28325,26748,1021,557,464,49064,26980,22084,4243,561,3682,622,186,436,123,41,82,0,0,0
33,612,District - Dindigul (11),Urban,50-54,41898,21382,20516,711,345,366,35538,20182,15356,5122,693,4429,455,134,321,72,28,44,0,0,0
33,612,District - Dindigul (11),Urban,55-59,35704,17811,17893,590,262,328,28756,16603,12153,6017,855,5162,310,83,227,31,8,23,0,0,0
33,612,District - Dindigul (11),Urban,60-64,32245,15727,16518,545,212,333,22878,14210,8668,8545,1233,7312,253,69,184,24,3,21,0,0,0
33,612,District - Dindigul (11),Urban,65-69,20677,9975,10702,341,151,190,13353,8586,4767,6790,1164,5626,169,62,107,24,12,12,0,0,0
33,612,District - Dindigul (11),Urban,70-74,15429,7699,7730,271,120,151,8584,6261,2323,6454,1278,5176,111,39,72,9,1,8,0,0,0
33,612,District - Dindigul (11),Urban,75-79,7699,3886,3813,146,60,86,3977,2981,996,3520,822,2698,53,23,30,3,0,3,0,0,0
33,612,District - Dindigul (11),Urban,80+,7858,3582,4276,177,90,87,2995,2281,714,4629,1190,3439,50,21,29,7,0,7,0,0,0
33,612,District - Dindigul (11),Urban,Age not stated,617,307,310,326,184,142,221,110,111,61,10,51,9,3,6,0,0,0,0,0,0
33,612,District - Dindigul (11),Urban,Less than 18,227284,116763,110521,224094,116061,108033,3029,641,2388,99,26,73,61,34,27,1,1,0,0,0,0
33,612,District - Dindigul (11),Urban,Less than 21,269369,137662,131707,258156,135884,122272,10920,1698,9222,168,34,134,117,45,72,8,1,7,0,0,0
33,613,District - Karur  (12),Total,All ages,1064493,528184,536309,406854,234399,172455,561300,276761,284539,85788,14223,71565,9574,2526,7048,977,275,702,0,0,0
33,613,District - Karur  (12),Total,0-9,150703,77691,73012,150703,77691,73012,0,0,0,0,0,0,0,0,0,0,0,0,0,0,0
33,613,District - Karur  (12),Total,10-14,88664,46318,42346,87748,46068,41680,846,226,620,35,10,25,34,13,21,1,1,0,0,0,0
33,613,District - Karur  (12),Total,15-19,83873,43552,40321,77062,42767,34295,6652,742,5910,69,15,54,87,28,59,3,0,3,0,0,0
33,613,District - Karur  (12),Total,20-24,85577,41990,43587,50180,34832,15348,34724,7062,27662,298,47,251,333,43,290,42,6,36,0,0,0
33,613,District - Karur  (12),Total,25-29,92768,44514,48254,25172,20795,4377,65710,23401,42309,900,136,764,872,161,711,114,21,93,0,0,0
33,613,District - Karur  (12),Total,30-34,84281,41804,42477,7918,6591,1327,73172,34654,38518,1898,267,1631,1122,240,882,171,52,119,0,0,0
33,613,District - Karur  (12),Total,35-39,85749,40303,45446,2764,2118,646,78046,37356,40690,3366,414,2952,1395,352,1043,178,63,115,0,0,0
33,613,District - Karur  (12),Total,40-44,77074,38255,38819,1512,1083,429,69178,36111,33067,4743,617,4126,1485,394,1091,156,50,106,0,0,0
33,613,District - Karur  (12),Total,45-49,73541,36105,37436,1003,672,331,64373,34192,30181,6817,853,5964,1240,355,885,108,33,75,0,0,0
33,613,District - Karur  (12),Total,50-54,59230,29260,29970,702,451,251,49332,27468,21864,8204,1076,7128,917,249,668,75,16,59,0,0,0
33,613,District - Karur  (12),Total,55-59,50587,24431,26156,469,277,192,40292,22725,17567,9141,1244,7897,625,172,453,60,13,47,0,0,0
33,613,District - Karur  (12),Total,60-64,48509,23383,25126,460,296,164,33561,20823,12738,13800,2039,11761,660,217,443,28,8,20,0,0,0
33,613,District - Karur  (12),Total,65-69,33624,16005,17619,348,224,124,21208,13747,7461,11675,1913,9762,376,116,260,17,5,12,0,0,0
33,613,District - Karur  (12),Total,70-74,25453,12473,12980,278,193,85,13437,9933,3504,11498,2251,9247,231,94,137,9,2,7,0,0,0
33,613,District - Karur  (12),Total,75-79,12320,6155,6165,128,92,36,6085,4620,1465,5989,1387,4602,115,54,61,3,2,1,0,0,0
33,613,District - Karur  (12),Total,80+,12120,5725,6395,158,93,65,4564,3649,915,7308,1945,5363,80,36,44,10,2,8,0,0,0
33,613,District - Karur  (12),Total,Age not stated,420,220,200,249,156,93,120,52,68,47,9,38,2,2,0,2,1,1,0,0,0
33,613,District - Karur  (12),Total,Less than 18,289467,150162,139305,286422,149553,136869,2894,560,2334,80,20,60,70,28,42,1,1,0,0,0,0
33,613,District - Karur  (12),Total,Less than 21,342382,177006,165376,329043,175200,153843,13013,1723,11290,151,33,118,168,49,119,7,1,6,0,0,0
33,613,District - Karur  (12),Rural,All ages,629976,312628,317348,239752,139252,100500,328571,161915,166656,54886,9617,45269,6242,1689,4553,525,155,370,0,0,0
33,613,District - Karur  (12),Rural,0-9,89814,46092,43722,89814,46092,43722,0,0,0,0,0,0,0,0,0,0,0,0,0,0,0
33,613,District - Karur  (12),Rural,10-14,53414,28078,25336,52902,27949,24953,477,119,358,20,5,15,15,5,10,0,0,0,0,0,0
33,613,District - Karur  (12),Rural,15-19,50006,26288,23718,45655,25819,19836,4249,449,3800,44,8,36,55,12,43,3,0,3,0,0,0
33,613,District - Karur  (12),Rural,20-24,50293,25137,25156,28347,20507,7840,21502,4566,16936,191,29,162,227,30,197,26,5,21,0,0,0
33,613,District - Karur  (12),Rural,25-29,53834,26379,27455,14135,11931,2204,38495,14247,24248,573,86,487,571,99,472,60,16,44,0,0,0
33,613,District - Karur  (12),Rural,30-34,47036,23600,23436,4307,3621,686,40688,19619,21069,1219,172,1047,733,157,576,89,31,58,0,0,0
33,613,District - Karur  (12),Rural,35-39,48227,22413,25814,1493,1157,336,43665,20732,22933,2095,278,1817,891,212,679,83,34,49,0,0,0
33,613,District - Karur  (12),Rural,40-44,43528,21275,22253,838,611,227,38678,19948,18730,2982,441,2541,940,248,692,90,27,63,0,0,0
33,613,District - Karur  (12),Rural,45-49,42493,20452,22041,532,373,159,36964,19256,17708,4150,570,3580,793,241,552,54,12,42,0,0,0
33,613,District - Karur  (12),Rural,50-54,35159,16952,18207,418,276,142,28964,15782,13182,5159,725,4434,579,162,417,39,7,32,0,0,0
33,613,District - Karur  (12),Rural,55-59,30634,14435,16199,281,178,103,24218,13311,10907,5688,814,4874,413,124,289,34,8,26,0,0,0
33,613,District - Karur  (12),Rural,60-64,30710,14591,16119,283,205,78,21022,12870,8152,8927,1349,7578,458,162,296,20,5,15,0,0,0
33,613,District - Karur  (12),Rural,65-69,21825,10447,11378,234,169,65,13708,8884,4824,7616,1300,6316,256,90,166,11,4,7,0,0,0
33,613,District - Karur  (12),Rural,70-74,16885,8372,8513,188,141,47,8881,6613,2268,7647,1545,6102,165,72,93,4,1,3,0,0,0
33,613,District - Karur  (12),Rural,75-79,7965,4066,3899,79,63,16,3926,2991,935,3869,966,2903,88,44,44,3,2,1,0,0,0
33,613,District - Karur  (12),Rural,80+,7882,3902,3980,86,56,30,3054,2492,562,4678,1322,3356,57,30,27,7,2,5,0,0,0
33,613,District - Karur  (12),Rural,Age not stated,271,149,122,160,104,56,80,36,44,28,7,21,1,1,0,2,1,1,0,0,0
33,613,District - Karur  (12),Rural,Less than 18,173438,90209,83229,171640,89871,81769,1713,316,1397,49,11,38,36,11,25,0,0,0,0,0,0
33,613,District - Karur  (12),Rural,Less than 21,204791,106241,98550,196275,105140,91135,8315,1060,7255,92,18,74,103,23,80,6,0,6,0,0,0
33,613,District - Karur  (12),Urban,All ages,434517,215556,218961,167102,95147,71955,232729,114846,117883,30902,4606,26296,3332,837,2495,452,120,332,0,0,0
33,613,District - Karur  (12),Urban,0-9,60889,31599,29290,60889,31599,29290,0,0,0,0,0,0,0,0,0,0,0,0,0,0,0
33,613,District - Karur  (12),Urban,10-14,35250,18240,17010,34846,18119,16727,369,107,262,15,5,10,19,8,11,1,1,0,0,0,0
33,613,District - Karur  (12),Urban,15-19,33867,17264,16603,31407,16948,14459,2403,293,2110,25,7,18,32,16,16,0,0,0,0,0,0
33,613,District - Karur  (12),Urban,20-24,35284,16853,18431,21833,14325,7508,13222,2496,10726,107,18,89,106,13,93,16,1,15,0,0,0
33,613,District - Karur  (12),Urban,25-29,38934,18135,20799,11037,8864,2173,27215,9154,18061,327,50,277,301,62,239,54,5,49,0,0,0
33,613,District - Karur  (12),Urban,30-34,37245,18204,19041,3611,2970,641,32484,15035,17449,679,95,584,389,83,306,82,21,61,0,0,0
33,613,District - Karur  (12),Urban,35-39,37522,17890,19632,1271,961,310,34381,16624,17757,1271,136,1135,504,140,364,95,29,66,0,0,0
33,613,District - Karur  (12),Urban,40-44,33546,16980,16566,674,472,202,30500,16163,14337,1761,176,1585,545,146,399,66,23,43,0,0,0
33,613,District - Karur  (12),Urban,45-49,31048,15653,15395,471,299,172,27409,14936,12473,2667,283,2384,447,114,333,54,21,33,0,0,0
33,613,District - Karur  (12),Urban,50-54,24071,12308,11763,284,175,109,20368,11686,8682,3045,351,2694,338,87,251,36,9,27,0,0,0
33,613,District - Karur  (12),Urban,55-59,19953,9996,9957,188,99,89,16074,9414,6660,3453,430,3023,212,48,164,26,5,21,0,0,0
33,613,District - Karur  (12),Urban,60-64,17799,8792,9007,177,91,86,12539,7953,4586,4873,690,4183,202,55,147,8,3,5,0,0,0
33,613,District - Karur  (12),Urban,65-69,11799,5558,6241,114,55,59,7500,4863,2637,4059,613,3446,120,26,94,6,1,5,0,0,0
33,613,District - Karur  (12),Urban,70-74,8568,4101,4467,90,52,38,4556,3320,1236,3851,706,3145,66,22,44,5,1,4,0,0,0
33,613,District - Karur  (12),Urban,75-79,4355,2089,2266,49,29,20,2159,1629,530,2120,421,1699,27,10,17,0,0,0,0,0,0
33,613,District - Karur  (12),Urban,80+,4238,1823,2415,72,37,35,1510,1157,353,2630,623,2007,23,6,17,3,0,3,0,0,0
33,613,District - Karur  (12),Urban,Age not stated,149,71,78,89,52,37,40,16,24,19,2,17,1,1,0,0,0,0,0,0,0
33,613,District - Karur  (12),Urban,Less than 18,116029,59953,56076,114782,59682,55100,1181,244,937,31,9,22,34,17,17,1,1,0,0,0,0
33,613,District - Karur  (12),Urban,Less than 21,137591,70765,66826,132768,70060,62708,4698,663,4035,59,15,44,65,26,39,1,1,0,0,0,0
33,614,District - Tiruchirappalli (13),Total,All ages,2722290,1352284,1370006,1140365,643758,496607,1369421,672535,696886,194249,30911,163338,16000,4392,11608,2255,688,1567,0,0,0
33,614,District - Tiruchirappalli (13),Total,0-9,400645,205811,194834,400645,205811,194834,0,0,0,0,0,0,0,0,0,0,0,0,0,0,0
33,614,District - Tiruchirappalli (13),Total,10-14,232986,119847,113139,230361,119188,111173,2396,582,1814,103,22,81,119,53,66,7,2,5,0,0,0
33,614,District - Tiruchirappalli (13),Total,15-19,235528,120019,115509,218676,117903,100773,16542,2034,14508,175,33,142,123,46,77,12,3,9,0,0,0
33,614,District - Tiruchirappalli (13),Total,20-24,236377,117106,119271,153661,100577,53084,81317,16306,65011,732,112,620,586,103,483,81,8,73,0,0,0
33,614,District - Tiruchirappalli (13),Total,25-29,241125,117455,123670,79531,61784,17747,157857,55013,102844,2129,318,1811,1374,291,1083,234,49,185,0,0,0
33,614,District - Tiruchirappalli (13),Total,30-34,211824,104723,107101,26033,20359,5674,179092,83184,95908,4319,570,3749,2030,504,1526,350,106,244,0,0,0
33,614,District - Tiruchirappalli (13),Total,35-39,210395,99585,110810,9915,6884,3031,189896,91061,98835,7676,886,6790,2499,632,1867,409,122,287,0,0,0
33,614,District - Tiruchirappalli (13),Total,40-44,192817,94921,97896,5802,3543,2259,173328,89211,84117,10840,1333,9507,2482,703,1779,365,131,234,0,0,0
33,614,District - Tiruchirappalli (13),Total,45-49,182222,89373,92849,4132,2289,1843,159760,84485,75275,15968,1926,14042,2084,574,1510,278,99,179,0,0,0
33,614,District - Tiruchirappalli (13),Total,50-54,148956,74039,74917,3038,1473,1565,125087,69637,55450,19124,2418,16706,1521,455,1066,186,56,130,0,0,0
33,614,District - Tiruchirappalli (13),Total,55-59,125027,61905,63122,2073,955,1118,100095,57705,42390,21726,2897,18829,1007,299,708,126,49,77,0,0,0
33,614,District - Tiruchirappalli (13),Total,60-64,113406,56100,57306,1882,870,1012,80006,50361,29645,30520,4575,25945,906,269,637,92,25,67,0,0,0
33,614,District - Tiruchirappalli (13),Total,65-69,75038,36099,38939,1154,512,642,47566,31224,16342,25726,4150,21576,545,195,350,47,18,29,0,0,0
33,614,District - Tiruchirappalli (13),Total,70-74,56115,27428,28687,873,377,496,30665,22428,8237,24165,4481,19684,384,135,249,28,7,21,0,0,0
33,614,District - Tiruchirappalli (13),Total,75-79,28486,13736,14750,466,171,295,14150,10535,3615,13698,2964,10734,153,62,91,19,4,15,0,0,0
33,614,District - Tiruchirappalli (13),Total,80+,28932,12961,15971,780,329,451,10825,8369,2456,17136,4190,12946,171,64,107,20,9,11,0,0,0
33,614,District - Tiruchirappalli (13),Total,Age not stated,2411,1176,1235,1343,733,610,839,400,439,212,36,176,16,7,9,1,0,1,0,0,0
33,614,District - Tiruchirappalli (13),Total,Less than 18,770914,395842,375072,762408,394176,368232,8119,1539,6580,200,43,157,176,79,97,11,5,6,0,0,0
33,614,District - Tiruchirappalli (13),Total,Less than 21,921777,472151,449626,889797,467456,422341,31250,4503,26747,394,72,322,309,112,197,27,8,19,0,0,0
33,614,District - Tiruchirappalli (13),Rural,All ages,1384257,688552,695705,582468,331989,250479,684339,335874,348465,108004,18095,89909,8525,2332,6193,921,262,659,0,0,0
33,614,District - Tiruchirappalli (13),Rural,0-9,214390,110561,103829,214390,110561,103829,0,0,0,0,0,0,0,0,0,0,0,0,0,0,0
33,614,District - Tiruchirappalli (13),Rural,10-14,124625,64605,60020,123367,64290,59077,1154,282,872,49,10,39,53,23,30,2,0,2,0,0,0
33,614,District - Tiruchirappalli (13),Rural,15-19,120746,62828,57918,111437,61755,49682,9134,1036,8098,99,14,85,73,22,51,3,1,2,0,0,0
33,614,District - Tiruchirappalli (13),Rural,20-24,116571,58248,58323,71508,49265,22243,44277,8878,35399,410,52,358,334,48,286,42,5,37,0,0,0
33,614,District - Tiruchirappalli (13),Rural,25-29,121482,59371,62111,36923,29610,7313,82425,29389,53036,1278,192,1086,747,151,596,109,29,80,0,0,0
33,614,District - Tiruchirappalli (13),Rural,30-34,103865,51819,52046,11431,9037,2394,88675,42151,46524,2505,328,2177,1101,258,843,153,45,108,0,0,0
33,614,District - Tiruchirappalli (13),Rural,35-39,104175,48901,55274,4187,2764,1423,94065,45263,48802,4435,510,3925,1328,315,1013,160,49,111,0,0,0
33,614,District - Tiruchirappalli (13),Rural,40-44,93798,46012,47786,2414,1372,1042,83899,43427,40472,6056,804,5252,1308,369,939,121,40,81,0,0,0
33,614,District - Tiruchirappalli (13),Rural,45-49,89797,43750,46047,1733,905,828,78032,41353,36679,8820,1152,7668,1098,311,787,114,29,85,0,0,0
33,614,District - Tiruchirappalli (13),Rural,50-54,72271,34926,37345,1282,576,706,59715,32666,27049,10409,1425,8984,791,241,550,74,18,56,0,0,0
33,614,District - Tiruchirappalli (13),Rural,55-59,62264,29704,32560,860,402,458,48832,27358,21474,12010,1752,10258,517,175,342,45,17,28,0,0,0
33,614,District - Tiruchirappalli (13),Rural,60-64,59732,29020,30712,801,376,425,40615,25651,14964,17776,2823,14953,496,159,337,44,11,33,0,0,0
33,614,District - Tiruchirappalli (13),Rural,65-69,41074,19584,21490,518,237,281,25208,16667,8541,14995,2547,12448,328,125,203,25,8,17,0,0,0
33,614,District - Tiruchirappalli (13),Rural,70-74,30216,15102,15114,364,182,182,15979,12161,3818,13664,2679,10985,197,76,121,12,4,8,0,0,0
33,614,District - Tiruchirappalli (13),Rural,75-79,13956,6922,7034,158,71,87,6780,5207,1573,6945,1614,5331,65,29,36,8,1,7,0,0,0
33,614,District - Tiruchirappalli (13),Rural,80+,13997,6553,7444,280,140,140,5174,4202,972,8452,2176,6276,83,30,53,8,5,3,0,0,0
33,614,District - Tiruchirappalli (13),Rural,Age not stated,1298,646,652,815,446,369,375,183,192,101,17,84,6,0,6,1,0,1,0,0,0
33,614,District - Tiruchirappalli (13),Rural,Less than 18,410923,212598,198325,406647,211802,194845,4087,743,3344,98,16,82,87,36,51,4,1,3,0,0,0
33,614,District - Tiruchirappalli (13),Rural,Less than 21,486048,251382,234666,468519,249016,219503,17145,2277,14868,206,32,174,167,54,113,11,3,8,0,0,0
33,614,District - Tiruchirappalli (13),Urban,All ages,1338033,663732,674301,557897,311769,246128,685082,336661,348421,86245,12816,73429,7475,2060,5415,1334,426,908,0,0,0
33,614,District - Tiruchirappalli (13),Urban,0-9,186255,95250,91005,186255,95250,91005,0,0,0,0,0,0,0,0,0,0,0,0,0,0,0
33,614,District - Tiruchirappalli (13),Urban,10-14,108361,55242,53119,106994,54898,52096,1242,300,942,54,12,42,66,30,36,5,2,3,0,0,0
33,614,District - Tiruchirappalli (13),Urban,15-19,114782,57191,57591,107239,56148,51091,7408,998,6410,76,19,57,50,24,26,9,2,7,0,0,0
33,614,District - Tiruchirappalli (13),Urban,20-24,119806,58858,60948,82153,51312,30841,37040,7428,29612,322,60,262,252,55,197,39,3,36,0,0,0
33,614,District - Tiruchirappalli (13),Urban,25-29,119643,58084,61559,42608,32174,10434,75432,25624,49808,851,126,725,627,140,487,125,20,105,0,0,0
33,614,District - Tiruchirappalli (13),Urban,30-34,107959,52904,55055,14602,11322,3280,90417,41033,49384,1814,242,1572,929,246,683,197,61,136,0,0,0
33,614,District - Tiruchirappalli (13),Urban,35-39,106220,50684,55536,5728,4120,1608,95831,45798,50033,3241,376,2865,1171,317,854,249,73,176,0,0,0
33,614,District - Tiruchirappalli (13),Urban,40-44,99019,48909,50110,3388,2171,1217,89429,45784,43645,4784,529,4255,1174,334,840,244,91,153,0,0,0
33,614,District - Tiruchirappalli (13),Urban,45-49,92425,45623,46802,2399,1384,1015,81728,43132,38596,7148,774,6374,986,263,723,164,70,94,0,0,0
33,614,District - Tiruchirappalli (13),Urban,50-54,76685,39113,37572,1756,897,859,65372,36971,28401,8715,993,7722,730,214,516,112,38,74,0,0,0
33,614,District - Tiruchirappalli (13),Urban,55-59,62763,32201,30562,1213,553,660,51263,30347,20916,9716,1145,8571,490,124,366,81,32,49,0,0,0
33,614,District - Tiruchirappalli (13),Urban,60-64,53674,27080,26594,1081,494,587,39391,24710,14681,12744,1752,10992,410,110,300,48,14,34,0,0,0
33,614,District - Tiruchirappalli (13),Urban,65-69,33964,16515,17449,636,275,361,22358,14557,7801,10731,1603,9128,217,70,147,22,10,12,0,0,0
33,614,District - Tiruchirappalli (13),Urban,70-74,25899,12326,13573,509,195,314,14686,10267,4419,10501,1802,8699,187,59,128,16,3,13,0,0,0
33,614,District - Tiruchirappalli (13),Urban,75-79,14530,6814,7716,308,100,208,7370,5328,2042,6753,1350,5403,88,33,55,11,3,8,0,0,0
33,614,District - Tiruchirappalli (13),Urban,80+,14935,6408,8527,500,189,311,5651,4167,1484,8684,2014,6670,88,34,54,12,4,8,0,0,0
33,614,District - Tiruchirappalli (13),Urban,Age not stated,1113,530,583,528,287,241,464,217,247,111,19,92,10,7,3,0,0,0,0,0,0
33,614,District - Tiruchirappalli (13),Urban,Less than 18,359991,183244,176747,355761,182374,173387,4032,796,3236,102,27,75,89,43,46,7,4,3,0,0,0
33,614,District - Tiruchirappalli (13),Urban,Less than 21,435729,220769,214960,421278,218440,202838,14105,2226,11879,188,40,148,142,58,84,16,5,11,0,0,0
33,615,District - Perambalur   (14),Total,All ages,565223,282157,283066,236541,136565,99976,286789,137776,149013,38721,7010,31711,2682,692,1990,490,114,376,0,0,0
33,615,District - Perambalur   (14),Total,0-9,89146,46486,42660,89146,46486,42660,0,0,0,0,0,0,0,0,0,0,0,0,0,0,0
33,615,District - Perambalur   (14),Total,10-14,52829,27807,25022,52008,27525,24483,741,242,499,36,20,16,40,17,23,4,3,1,0,0,0
33,615,District - Perambalur   (14),Total,15-19,53147,28198,24949,47982,27558,20424,5024,593,4431,84,26,58,50,18,32,7,3,4,0,0,0
33,615,District - Perambalur   (14),Total,20-24,48089,23080,25009,27639,19430,8209,20068,3584,16484,227,42,185,125,20,105,30,4,26,0,0,0
33,615,District - Perambalur   (14),Total,25-29,48160,22457,25703,12894,10895,1999,34389,11425,22964,590,80,510,252,49,203,35,8,27,0,0,0
33,615,District - Perambalur   (14),Total,30-34,41804,20424,21380,3317,2686,631,37075,17509,19566,1000,139,861,324,69,255,88,21,67,0,0,0
33,615,District - Perambalur   (14),Total,35-39,43231,20127,23104,1109,728,381,39906,19101,20805,1716,184,1532,421,99,322,79,15,64,0,0,0
33,615,District - Perambalur   (14),Total,40-44,37006,18022,18984,576,305,271,33725,17287,16438,2251,312,1939,386,99,287,68,19,49,0,0,0
33,615,District - Perambalur   (14),Total,45-49,36177,17743,18434,390,191,199,32324,17102,15222,3063,359,2704,347,81,266,53,10,43,0,0,0
33,615,District - Perambalur   (14),Total,50-54,28041,13585,14456,270,107,163,23829,12874,10955,3684,542,3142,220,51,169,38,11,27,0,0,0
33,615,District - Perambalur   (14),Total,55-59,24970,12219,12751,224,104,120,20360,11359,9001,4190,699,3491,167,51,116,29,6,23,0,0,0
33,615,District - Perambalur   (14),Total,60-64,23722,11855,11867,205,94,111,16864,10628,6236,6473,1070,5403,154,57,97,26,6,20,0,0,0
33,615,District - Perambalur   (14),Total,65-69,16072,8152,7920,177,86,91,10524,7004,3520,5278,1030,4248,84,30,54,9,2,7,0,0,0
33,615,District - Perambalur   (14),Total,70-74,11616,6059,5557,114,57,57,6610,4940,1670,4828,1038,3790,50,22,28,14,2,12,0,0,0
33,615,District - Perambalur   (14),Total,75-79,5306,2930,2376,53,31,22,2873,2242,631,2338,633,1705,36,21,15,6,3,3,0,0,0
33,615,District - Perambalur   (14),Total,80+,5424,2724,2700,124,68,56,2348,1821,527,2927,828,2099,22,6,16,3,1,2,0,0,0
33,615,District - Perambalur   (14),Total,Age not stated,483,289,194,313,214,99,129,65,64,36,8,28,4,2,2,1,0,1,0,0,0
33,615,District - Perambalur   (14),Total,Less than 18,172581,90726,81855,170094,90137,79957,2333,524,1809,84,33,51,62,27,35,8,5,3,0,0,0
33,615,District - Perambalur   (14),Total,Less than 21,206870,108263,98607,197295,106829,90466,9289,1337,7952,156,53,103,113,38,75,17,6,11,0,0,0
33,615,District - Perambalur   (14),Rural,All ages,468060,233926,234134,196125,113789,82336,236635,113396,123239,32645,6050,26595,2281,604,1677,374,87,287,0,0,0
33,615,District - Perambalur   (14),Rural,0-9,73926,38603,35323,73926,38603,35323,0,0,0,0,0,0,0,0,0,0,0,0,0,0,0
33,615,District - Perambalur   (14),Rural,10-14,44067,23349,20718,43368,23108,20260,633,208,425,30,17,13,33,14,19,3,2,1,0,0,0
33,615,District - Perambalur   (14),Rural,15-19,44836,24007,20829,40374,23463,16911,4342,507,3835,69,19,50,45,16,29,6,2,4,0,0,0
33,615,District - Perambalur   (14),Rural,20-24,39794,19162,20632,22671,16080,6591,16799,3029,13770,195,32,163,105,17,88,24,4,20,0,0,0
33,615,District - Perambalur   (14),Rural,25-29,39472,18399,21073,10323,8812,1511,28389,9469,18920,513,69,444,217,44,173,30,5,25,0,0,0
33,615,District - Perambalur   (14),Rural,30-34,33890,16579,17311,2654,2143,511,30041,14238,15803,850,120,730,274,59,215,71,19,52,0,0,0
33,615,District - Perambalur   (14),Rural,35-39,35318,16352,18966,854,562,292,32618,15539,17079,1433,155,1278,357,85,272,56,11,45,0,0,0
33,615,District - Perambalur   (14),Rural,40-44,30109,14630,15479,454,235,219,27393,14036,13357,1891,262,1629,321,83,238,50,14,36,0,0,0
33,615,District - Perambalur   (14),Rural,45-49,29706,14487,15219,309,149,160,26522,13942,12580,2541,314,2227,295,73,222,39,9,30,0,0,0
33,615,District - Perambalur   (14),Rural,50-54,23047,11051,11996,212,87,125,19563,10450,9113,3059,466,2593,183,41,142,30,7,23,0,0,0
33,615,District - Perambalur   (14),Rural,55-59,20737,10049,10688,181,85,96,16885,9307,7578,3507,605,2902,142,46,96,22,6,16,0,0,0
33,615,District - Perambalur   (14),Rural,60-64,19993,9933,10060,165,79,86,14166,8871,5295,5513,929,4584,133,52,81,16,2,14,0,0,0
33,615,District - Perambalur   (14),Rural,65-69,13836,7072,6764,148,76,72,9079,6061,3018,4525,904,3621,77,29,48,7,2,5,0,0,0
33,615,District - Perambalur   (14),Rural,70-74,9881,5178,4703,90,47,43,5634,4203,1431,4102,908,3194,43,18,25,12,2,10,0,0,0
33,615,District - Perambalur   (14),Rural,75-79,4518,2497,2021,40,21,19,2465,1917,548,1976,537,1439,33,21,12,4,1,3,0,0,0
33,615,District - Perambalur   (14),Rural,80+,4546,2337,2209,97,55,42,2010,1568,442,2416,708,1708,20,5,15,3,1,2,0,0,0
33,615,District - Perambalur   (14),Rural,Age not stated,384,241,143,259,184,75,96,51,45,25,5,20,3,1,2,1,0,1,0,0,0
33,615,District - Perambalur   (14),Rural,Less than 18,143646,75866,67780,141537,75369,66168,1982,445,1537,68,26,42,53,23,30,6,3,3,0,0,0
33,615,District - Perambalur   (14),Rural,Less than 21,172760,90864,81896,164531,89628,74903,7987,1157,6830,131,42,89,98,33,65,13,4,9,0,0,0
33,615,District - Perambalur   (14),Urban,All ages,97163,48231,48932,40416,22776,17640,50154,24380,25774,6076,960,5116,401,88,313,116,27,89,0,0,0
33,615,District - Perambalur   (14),Urban,0-9,15220,7883,7337,15220,7883,7337,0,0,0,0,0,0,0,0,0,0,0,0,0,0,0
33,615,District - Perambalur   (14),Urban,10-14,8762,4458,4304,8640,4417,4223,108,34,74,6,3,3,7,3,4,1,1,0,0,0,0
33,615,District - Perambalur   (14),Urban,15-19,8311,4191,4120,7608,4095,3513,682,86,596,15,7,8,5,2,3,1,1,0,0,0,0
33,615,District - Perambalur   (14),Urban,20-24,8295,3918,4377,4968,3350,1618,3269,555,2714,32,10,22,20,3,17,6,0,6,0,0,0
33,615,District - Perambalur   (14),Urban,25-29,8688,4058,4630,2571,2083,488,6000,1956,4044,77,11,66,35,5,30,5,3,2,0,0,0
33,615,District - Perambalur   (14),Urban,30-34,7914,3845,4069,663,543,120,7034,3271,3763,150,19,131,50,10,40,17,2,15,0,0,0
33,615,District - Perambalur   (14),Urban,35-39,7913,3775,4138,255,166,89,7288,3562,3726,283,29,254,64,14,50,23,4,19,0,0,0
33,615,District - Perambalur   (14),Urban,40-44,6897,3392,3505,122,70,52,6332,3251,3081,360,50,310,65,16,49,18,5,13,0,0,0
33,615,District - Perambalur   (14),Urban,45-49,6471,3256,3215,81,42,39,5802,3160,2642,522,45,477,52,8,44,14,1,13,0,0,0
33,615,District - Perambalur   (14),Urban,50-54,4994,2534,2460,58,20,38,4266,2424,1842,625,76,549,37,10,27,8,4,4,0,0,0
33,615,District - Perambalur   (14),Urban,55-59,4233,2170,2063,43,19,24,3475,2052,1423,683,94,589,25,5,20,7,0,7,0,0,0
33,615,District - Perambalur   (14),Urban,60-64,3729,1922,1807,40,15,25,2698,1757,941,960,141,819,21,5,16,10,4,6,0,0,0
33,615,District - Perambalur   (14),Urban,65-69,2236,1080,1156,29,10,19,1445,943,502,753,126,627,7,1,6,2,0,2,0,0,0
33,615,District - Perambalur   (14),Urban,70-74,1735,881,854,24,10,14,976,737,239,726,130,596,7,4,3,2,0,2,0,0,0
33,615,District - Perambalur   (14),Urban,75-79,788,433,355,13,10,3,408,325,83,362,96,266,3,0,3,2,2,0,0,0,0
33,615,District - Perambalur   (14),Urban,80+,878,387,491,27,13,14,338,253,85,511,120,391,2,1,1,0,0,0,0,0,0
33,615,District - Perambalur   (14),Urban,Age not stated,99,48,51,54,30,24,33,14,19,11,3,8,1,1,0,0,0,0,0,0,0
33,615,District - Perambalur   (14),Urban,Less than 18,28935,14860,14075,28557,14768,13789,351,79,272,16,7,9,9,4,5,2,2,0,0,0,0
33,615,District - Perambalur   (14),Urban,Less than 21,34110,17399,16711,32764,17201,15563,1302,180,1122,25,11,14,15,5,10,4,2,2,0,0,0
33,616,District - Ariyalur   (15),Total,All ages,754894,374703,380191,316776,180133,136643,380213,184017,196196,53695,9456,44239,3752,975,2777,458,122,336,0,0,0
33,616,District - Ariyalur   (15),Total,0-9,121681,63687,57994,121681,63687,57994,0,0,0,0,0,0,0,0,0,0,0,0,0,0,0
33,616,District - Ariyalur   (15),Total,10-14,68924,35488,33436,67915,35161,32754,874,273,601,48,19,29,85,35,50,2,0,2,0,0,0
33,616,District - Ariyalur   (15),Total,15-19,65215,33465,31750,60169,32757,27412,4831,637,4194,98,23,75,110,46,64,7,2,5,0,0,0
33,616,District - Ariyalur   (15),Total,20-24,61482,30236,31246,38036,25950,12086,22984,4191,18793,231,32,199,209,58,151,22,5,17,0,0,0
33,616,District - Ariyalur   (15),Total,25-29,63182,29390,33792,18750,15337,3413,43336,13873,29463,693,89,604,356,80,276,47,11,36,0,0,0
33,616,District - Ariyalur   (15),Total,30-34,55651,26736,28915,5367,4408,959,48421,22022,26399,1306,191,1115,486,99,387,71,16,55,0,0,0
33,616,District - Ariyalur   (15),Total,35-39,58922,26964,31958,1667,1151,516,54342,25420,28922,2283,262,2021,555,114,441,75,17,58,0,0,0
33,616,District - Ariyalur   (15),Total,40-44,51806,25264,26542,812,459,353,47276,24297,22979,3136,362,2774,515,124,391,67,22,45,0,0,0
33,616,District - Ariyalur   (15),Total,45-49,49724,24898,24826,551,289,262,44335,23881,20454,4363,618,3745,428,94,334,47,16,31,0,0,0
33,616,District - Ariyalur   (15),Total,50-54,37327,18366,18961,363,177,186,31861,17447,14414,4811,663,4148,263,67,196,29,12,17,0,0,0
33,616,District - Ariyalur   (15),Total,55-59,32533,15642,16891,260,129,131,26656,14650,12006,5345,801,4544,250,57,193,22,5,17,0,0,0
33,616,District - Ariyalur   (15),Total,60-64,32279,15808,16471,285,125,160,23013,14264,8749,8775,1356,7419,184,60,124,22,3,19,0,0,0
33,616,District - Ariyalur   (15),Total,65-69,22718,11145,11573,226,114,112,14643,9606,5037,7692,1370,6322,139,50,89,18,5,13,0,0,0
33,616,District - Ariyalur   (15),Total,70-74,16513,8605,7908,173,87,86,9414,7037,2377,6827,1431,5396,86,47,39,13,3,10,0,0,0
33,616,District - Ariyalur   (15),Total,75-79,8067,4402,3665,75,38,37,4420,3456,964,3527,883,2644,37,22,15,8,3,5,0,0,0
33,616,District - Ariyalur   (15),Total,80+,8334,4315,4019,151,80,71,3617,2870,747,4513,1341,3172,46,22,24,7,2,5,0,0,0
33,616,District - Ariyalur   (15),Total,Age not stated,536,292,244,295,184,111,190,93,97,47,15,32,3,0,3,1,0,1,0,0,0
33,616,District - Ariyalur   (15),Total,Less than 18,229522,119220,110302,226790,118528,108262,2472,596,1876,107,30,77,148,65,83,5,1,4,0,0,0
33,616,District - Ariyalur   (15),Total,Less than 21,269942,139723,130219,260167,138175,121992,9352,1407,7945,183,47,136,229,92,137,11,2,9,0,0,0
33,616,District - Ariyalur   (15),Rural,All ages,671100,333253,337847,280837,160161,120676,338246,163512,174734,48337,8615,39722,3286,861,2425,394,104,290,0,0,0
33,616,District - Ariyalur   (15),Rural,0-9,108795,57011,51784,108795,57011,51784,0,0,0,0,0,0,0,0,0,0,0,0,0,0,0
33,616,District - Ariyalur   (15),Rural,10-14,61231,31578,29653,60346,31295,29051,758,232,526,47,18,29,78,33,45,2,0,2,0,0,0
33,616,District - Ariyalur   (15),Rural,15-19,58079,29936,28143,53523,29307,24216,4368,565,3803,83,20,63,100,42,58,5,2,3,0,0,0
33,616,District - Ariyalur   (15),Rural,20-24,54492,26823,27669,33286,22963,10323,20787,3775,17012,212,27,185,186,53,133,21,5,16,0,0,0
33,616,District - Ariyalur   (15),Rural,25-29,55965,26123,29842,16234,13447,2787,38752,12512,26240,621,81,540,316,74,242,42,9,33,0,0,0
33,616,District - Ariyalur   (15),Rural,30-34,49090,23551,25539,4566,3759,807,42855,19517,23338,1181,172,1009,429,90,339,59,13,46,0,0,0
33,616,District - Ariyalur   (15),Rural,35-39,52052,23762,28290,1381,950,431,48066,22455,25611,2055,241,1814,489,104,385,61,12,49,0,0,0
33,616,District - Ariyalur   (15),Rural,40-44,45712,22234,23478,688,385,303,41705,21399,20306,2802,327,2475,458,104,354,59,19,40,0,0,0
33,616,District - Ariyalur   (15),Rural,45-49,44016,21956,22060,463,236,227,39248,21061,18187,3895,566,3329,369,78,291,41,15,26,0,0,0
33,616,District - Ariyalur   (15),Rural,50-54,33121,16257,16864,290,142,148,28286,15447,12839,4303,604,3699,217,53,164,25,11,14,0,0,0
33,616,District - Ariyalur   (15),Rural,55-59,28997,13839,15158,221,112,109,23738,12943,10795,4799,727,4072,217,52,165,22,5,17,0,0,0
33,616,District - Ariyalur   (15),Rural,60-64,29108,14249,14859,236,108,128,20732,12828,7904,7963,1255,6708,158,55,103,19,3,16,0,0,0
33,616,District - Ariyalur   (15),Rural,65-69,20538,10110,10428,201,101,100,13181,8691,4490,7014,1268,5746,128,46,82,14,4,10,0,0,0
33,616,District - Ariyalur   (15),Rural,70-74,14871,7765,7106,149,79,70,8456,6348,2108,6183,1296,4887,73,41,32,10,1,9,0,0,0
33,616,District - Ariyalur   (15),Rural,75-79,7168,3925,3243,62,33,29,3919,3077,842,3152,796,2356,28,16,12,7,3,4,0,0,0
33,616,District - Ariyalur   (15),Rural,80+,7397,3879,3518,134,70,64,3237,2585,652,3983,1202,2781,37,20,17,6,2,4,0,0,0
33,616,District - Ariyalur   (15),Rural,Age not stated,468,255,213,262,163,99,158,77,81,44,15,29,3,0,3,1,0,1,0,0,0
33,616,District - Ariyalur   (15),Rural,Less than 18,204640,106459,98181,202214,105848,96366,2187,521,1666,101,29,72,134,60,74,4,1,3,0,0,0
33,616,District - Ariyalur   (15),Rural,Less than 21,240661,124798,115863,231825,123424,108401,8452,1243,7209,166,43,123,209,86,123,9,2,7,0,0,0
33,616,District - Ariyalur   (15),Urban,All ages,83794,41450,42344,35939,19972,15967,41967,20505,21462,5358,841,4517,466,114,352,64,18,46,0,0,0
33,616,District - Ariyalur   (15),Urban,0-9,12886,6676,6210,12886,6676,6210,0,0,0,0,0,0,0,0,0,0,0,0,0,0,0
33,616,District - Ariyalur   (15),Urban,10-14,7693,3910,3783,7569,3866,3703,116,41,75,1,1,0,7,2,5,0,0,0,0,0,0
33,616,District - Ariyalur   (15),Urban,15-19,7136,3529,3607,6646,3450,3196,463,72,391,15,3,12,10,4,6,2,0,2,0,0,0
33,616,District - Ariyalur   (15),Urban,20-24,6990,3413,3577,4750,2987,1763,2197,416,1781,19,5,14,23,5,18,1,0,1,0,0,0
33,616,District - Ariyalur   (15),Urban,25-29,7217,3267,3950,2516,1890,626,4584,1361,3223,72,8,64,40,6,34,5,2,3,0,0,0
33,616,District - Ariyalur   (15),Urban,30-34,6561,3185,3376,801,649,152,5566,2505,3061,125,19,106,57,9,48,12,3,9,0,0,0
33,616,District - Ariyalur   (15),Urban,35-39,6870,3202,3668,286,201,85,6276,2965,3311,228,21,207,66,10,56,14,5,9,0,0,0
33,616,District - Ariyalur   (15),Urban,40-44,6094,3030,3064,124,74,50,5571,2898,2673,334,35,299,57,20,37,8,3,5,0,0,0
33,616,District - Ariyalur   (15),Urban,45-49,5708,2942,2766,88,53,35,5087,2820,2267,468,52,416,59,16,43,6,1,5,0,0,0
33,616,District - Ariyalur   (15),Urban,50-54,4206,2109,2097,73,35,38,3575,2000,1575,508,59,449,46,14,32,4,1,3,0,0,0
33,616,District - Ariyalur   (15),Urban,55-59,3536,1803,1733,39,17,22,2918,1707,1211,546,74,472,33,5,28,0,0,0,0,0,0
33,616,District - Ariyalur   (15),Urban,60-64,3171,1559,1612,49,17,32,2281,1436,845,812,101,711,26,5,21,3,0,3,0,0,0
33,616,District - Ariyalur   (15),Urban,65-69,2180,1035,1145,25,13,12,1462,915,547,678,102,576,11,4,7,4,1,3,0,0,0
33,616,District - Ariyalur   (15),Urban,70-74,1642,840,802,24,8,16,958,689,269,644,135,509,13,6,7,3,2,1,0,0,0
33,616,District - Ariyalur   (15),Urban,75-79,899,477,422,13,5,8,501,379,122,375,87,288,9,6,3,1,0,1,0,0,0
33,616,District - Ariyalur   (15),Urban,80+,937,436,501,17,10,7,380,285,95,530,139,391,9,2,7,1,0,1,0,0,0
33,616,District - Ariyalur   (15),Urban,Age not stated,68,37,31,33,21,12,32,16,16,3,0,3,0,0,0,0,0,0,0,0,0
33,616,District - Ariyalur   (15),Urban,Less than 18,24882,12761,12121,24576,12680,11896,285,75,210,6,1,5,14,5,9,1,0,1,0,0,0
33,616,District - Ariyalur   (15),Urban,Less than 21,29281,14925,14356,28342,14751,13591,900,164,736,17,4,13,20,6,14,2,0,2,0,0,0
33,617,District - Cuddalore (16),Total,All ages,2605914,1311697,1294217,1124072,640645,483427,1307062,640977,666085,164527,27530,136997,8876,2201,6675,1377,344,1033,0,0,0
33,617,District - Cuddalore (16),Total,0-9,412038,215813,196225,412038,215813,196225,0,0,0,0,0,0,0,0,0,0,0,0,0,0,0
33,617,District - Cuddalore (16),Total,10-14,235807,120776,115031,232312,119735,112577,3200,923,2277,140,39,101,144,72,72,11,7,4,0,0,0
33,617,District - Cuddalore (16),Total,15-19,239392,122347,117045,219909,119651,100258,18993,2560,16433,287,62,225,188,70,118,15,4,11,0,0,0
33,617,District - Cuddalore (16),Total,20-24,236176,116581,119595,148536,99444,49092,86218,16897,69321,904,130,774,425,94,331,93,16,77,0,0,0
33,617,District - Cuddalore (16),Total,25-29,240998,116237,124761,72154,57723,14431,165218,57985,107233,2477,338,2139,971,168,803,178,23,155,0,0,0
33,617,District - Cuddalore (16),Total,30-34,203651,101636,102015,20206,16611,3595,177572,84164,93408,4472,580,3892,1181,235,946,220,46,174,0,0,0
33,617,District - Cuddalore (16),Total,35-39,211176,99847,111329,6552,4908,1644,194923,93627,101296,8012,913,7099,1437,332,1105,252,67,185,0,0,0
33,617,District - Cuddalore (16),Total,40-44,181120,91164,89956,3000,1988,1012,165882,87499,78383,10777,1320,9457,1272,303,969,189,54,135,0,0,0
33,617,District - Cuddalore (16),Total,45-49,168722,85988,82734,1811,1112,699,151222,82679,68543,14438,1874,12564,1072,261,811,179,62,117,0,0,0
33,617,District - Cuddalore (16),Total,50-54,129041,66816,62225,1260,652,608,109785,63661,46124,17208,2272,14936,722,209,513,66,22,44,0,0,0
33,617,District - Cuddalore (16),Total,55-59,103446,52721,50725,987,480,507,83585,49412,34173,18310,2699,15611,501,119,382,63,11,52,0,0,0
33,617,District - Cuddalore (16),Total,60-64,90878,45076,45802,1003,452,551,63687,40565,23122,25732,3926,21806,409,121,288,47,12,35,0,0,0
33,617,District - Cuddalore (16),Total,65-69,59705,28921,30784,676,277,399,38479,24986,13493,20287,3564,16723,235,82,153,28,12,16,0,0,0
33,617,District - Cuddalore (16),Total,70-74,45873,23314,22559,612,245,367,25837,19083,6754,19248,3916,15332,158,66,92,18,4,14,0,0,0
33,617,District - Cuddalore (16),Total,75-79,21817,11508,10309,284,125,159,11594,8876,2718,9861,2469,7392,74,37,37,4,1,3,0,0,0
33,617,District - Cuddalore (16),Total,80+,22857,11426,11431,853,457,396,9807,7566,2241,12110,3374,8736,76,27,49,11,2,9,0,0,0
33,617,District - Cuddalore (16),Total,Age not stated,3217,1526,1691,1879,972,907,1060,494,566,264,54,210,11,5,6,3,1,2,0,0,0
33,617,District - Cuddalore (16),Total,Less than 18,787004,407653,379351,776855,405343,371512,9595,2112,7483,298,74,224,242,116,126,14,8,6,0,0,0
33,617,District - Cuddalore (16),Total,Less than 21,943034,486367,456667,905077,480364,424713,36919,5705,31214,587,119,468,409,163,246,42,16,26,0,0,0
33,617,District - Cuddalore (16),Rural,All ages,1720725,868861,851864,745298,427885,317413,856414,419807,436607,112702,19639,93063,5593,1357,4236,718,173,545,0,0,0
33,617,District - Cuddalore (16),Rural,0-9,283188,149362,133826,283188,149362,133826,0,0,0,0,0,0,0,0,0,0,0,0,0,0,0
33,617,District - Cuddalore (16),Rural,10-14,158234,81141,77093,155952,80462,75490,2074,593,1481,98,27,71,101,54,47,9,5,4,0,0,0
33,617,District - Cuddalore (16),Rural,15-19,158528,81270,77258,144945,79476,65469,13240,1705,11535,212,41,171,122,46,76,9,2,7,0,0,0
33,617,District - Cuddalore (16),Rural,20-24,154796,76772,78024,93517,64815,28702,60294,11797,48497,647,98,549,270,54,216,68,8,60,0,0,0
33,617,District - Cuddalore (16),Rural,25-29,161705,78518,83187,45443,37291,8152,113703,40867,72836,1797,238,1559,653,109,544,109,13,96,0,0,0
33,617,District - Cuddalore (16),Rural,30-34,132567,67402,65165,11888,10033,1855,116657,56766,59891,3190,441,2749,719,136,583,113,26,87,0,0,0
33,617,District - Cuddalore (16),Rural,35-39,136115,64912,71203,3499,2635,864,125979,61402,64577,5636,656,4980,875,181,694,126,38,88,0,0,0
33,617,District - Cuddalore (16),Rural,40-44,113437,56971,56466,1527,985,542,103557,54832,48725,7481,947,6534,792,188,604,80,19,61,0,0,0
33,617,District - Cuddalore (16),Rural,45-49,107758,54109,53649,906,574,332,96092,51997,44095,10014,1365,8649,658,143,515,88,30,58,0,0,0
33,617,District - Cuddalore (16),Rural,50-54,83028,41659,41369,636,330,306,69935,39558,30377,11970,1616,10354,459,146,313,28,9,19,0,0,0
33,617,District - Cuddalore (16),Rural,55-59,67932,33866,34066,545,273,272,54415,31575,22840,12637,1944,10693,306,68,238,29,6,23,0,0,0
33,617,District - Cuddalore (16),Rural,60-64,61305,30527,30778,581,264,317,42491,27284,15207,17947,2899,15048,260,72,188,26,8,18,0,0,0
33,617,District - Cuddalore (16),Rural,65-69,41097,20247,20850,408,175,233,26328,17358,8970,14194,2648,11546,153,61,92,14,5,9,0,0,0
33,617,District - Cuddalore (16),Rural,70-74,30487,15770,14717,383,160,223,16993,12815,4178,12992,2743,10249,111,49,62,8,3,5,0,0,0
33,617,District - Cuddalore (16),Rural,75-79,13920,7620,6300,168,85,83,7505,5836,1669,6191,1673,4518,53,26,27,3,0,3,0,0,0
33,617,District - Cuddalore (16),Rural,80+,14543,7676,6867,529,297,232,6448,5095,1353,7507,2264,5243,53,20,33,6,0,6,0,0,0
33,617,District - Cuddalore (16),Rural,Age not stated,2085,1039,1046,1183,668,515,703,327,376,189,39,150,8,4,4,2,1,1,0,0,0
33,617,District - Cuddalore (16),Rural,Less than 18,533935,277993,255942,527159,276472,250687,6375,1378,4997,227,56,171,163,81,82,11,6,5,0,0,0
33,617,District - Cuddalore (16),Rural,Less than 21,637186,330023,307163,610603,325988,284615,25869,3834,22035,414,82,332,270,109,161,30,10,20,0,0,0
33,617,District - Cuddalore (16),Urban,All ages,885189,442836,442353,378774,212760,166014,450648,221170,229478,51825,7891,43934,3283,844,2439,659,171,488,0,0,0
33,617,District - Cuddalore (16),Urban,0-9,128850,66451,62399,128850,66451,62399,0,0,0,0,0,0,0,0,0,0,0,0,0,0,0
33,617,District - Cuddalore (16),Urban,10-14,77573,39635,37938,76360,39273,37087,1126,330,796,42,12,30,43,18,25,2,2,0,0,0,0
33,617,District - Cuddalore (16),Urban,15-19,80864,41077,39787,74964,40175,34789,5753,855,4898,75,21,54,66,24,42,6,2,4,0,0,0
33,617,District - Cuddalore (16),Urban,20-24,81380,39809,41571,55019,34629,20390,25924,5100,20824,257,32,225,155,40,115,25,8,17,0,0,0
33,617,District - Cuddalore (16),Urban,25-29,79293,37719,41574,26711,20432,6279,51515,17118,34397,680,100,580,318,59,259,69,10,59,0,0,0
33,617,District - Cuddalore (16),Urban,30-34,71084,34234,36850,8318,6578,1740,60915,27398,33517,1282,139,1143,462,99,363,107,20,87,0,0,0
33,617,District - Cuddalore (16),Urban,35-39,75061,34935,40126,3053,2273,780,68944,32225,36719,2376,257,2119,562,151,411,126,29,97,0,0,0
33,617,District - Cuddalore (16),Urban,40-44,67683,34193,33490,1473,1003,470,62325,32667,29658,3296,373,2923,480,115,365,109,35,74,0,0,0
33,617,District - Cuddalore (16),Urban,45-49,60964,31879,29085,905,538,367,55130,30682,24448,4424,509,3915,414,118,296,91,32,59,0,0,0
33,617,District - Cuddalore (16),Urban,50-54,46013,25157,20856,624,322,302,39850,24103,15747,5238,656,4582,263,63,200,38,13,25,0,0,0
33,617,District - Cuddalore (16),Urban,55-59,35514,18855,16659,442,207,235,29170,17837,11333,5673,755,4918,195,51,144,34,5,29,0,0,0
33,617,District - Cuddalore (16),Urban,60-64,29573,14549,15024,422,188,234,21196,13281,7915,7785,1027,6758,149,49,100,21,4,17,0,0,0
33,617,District - Cuddalore (16),Urban,65-69,18608,8674,9934,268,102,166,12151,7628,4523,6093,916,5177,82,21,61,14,7,7,0,0,0
33,617,District - Cuddalore (16),Urban,70-74,15386,7544,7842,229,85,144,8844,6268,2576,6256,1173,5083,47,17,30,10,1,9,0,0,0
33,617,District - Cuddalore (16),Urban,75-79,7897,3888,4009,116,40,76,4089,3040,1049,3670,796,2874,21,11,10,1,1,0,0,0,0
33,617,District - Cuddalore (16),Urban,80+,8314,3750,4564,324,160,164,3359,2471,888,4603,1110,3493,23,7,16,5,2,3,0,0,0
33,617,District - Cuddalore (16),Urban,Age not stated,1132,487,645,696,304,392,357,167,190,75,15,60,3,1,2,1,0,1,0,0,0
33,617,District - Cuddalore (16),Urban,Less than 18,253069,129660,123409,249696,128871,120825,3220,734,2486,71,18,53,79,35,44,3,2,1,0,0,0
33,617,District - Cuddalore (16),Urban,Less than 21,305848,156344,149504,294474,154376,140098,11050,1871,9179,173,37,136,139,54,85,12,6,6,0,0,0
33,618,District - Nagapattinam   (17),Total,All ages,1616450,798127,818323,707812,394637,313175,790368,383504,406864,110305,17957,92348,6785,1739,5046,1180,290,890,0,0,0
33,618,District - Nagapattinam   (17),Total,0-9,244397,124452,119945,244397,124452,119945,0,0,0,0,0,0,0,0,0,0,0,0,0,0,0
33,618,District - Nagapattinam   (17),Total,10-14,146847,73895,72952,145034,73383,71651,1640,448,1192,69,11,58,95,46,49,9,7,2,0,0,0
33,618,District - Nagapattinam   (17),Total,15-19,150388,75955,74433,141404,74584,66820,8745,1291,7454,129,34,95,98,42,56,12,4,8,0,0,0
33,618,District - Nagapattinam   (17),Total,20-24,144723,70426,74297,98469,61817,36652,45555,8495,37060,400,56,344,259,52,207,40,6,34,0,0,0
33,618,District - Nagapattinam   (17),Total,25-29,142089,67936,74153,50034,38880,11154,90196,28803,61393,1137,144,993,585,90,495,137,19,118,0,0,0
33,618,District - Nagapattinam   (17),Total,30-34,121017,59434,61583,16128,13543,2585,101606,45415,56191,2240,270,1970,877,178,699,166,28,138,0,0,0
33,618,District - Nagapattinam   (17),Total,35-39,123042,57366,65676,4742,3591,1151,112649,53012,59637,4320,467,3853,1100,236,864,231,60,171,0,0,0
33,618,District - Nagapattinam   (17),Total,40-44,112404,54451,57953,2180,1461,719,102281,51993,50288,6718,676,6042,1063,279,784,162,42,120,0,0,0
33,618,District - Nagapattinam   (17),Total,45-49,106863,52732,54131,1305,795,510,95124,50622,44502,9387,1035,8352,904,236,668,143,44,99,0,0,0
33,618,District - Nagapattinam   (17),Total,50-54,84542,42097,42445,854,466,388,71616,40027,31589,11347,1397,9950,625,181,444,100,26,74,0,0,0
33,618,District - Nagapattinam   (17),Total,55-59,69468,34869,34599,656,331,325,56262,32751,23511,12099,1654,10445,401,120,281,50,13,37,0,0,0
33,618,District - Nagapattinam   (17),Total,60-64,62446,31240,31206,621,300,321,44466,28291,16175,16978,2529,14449,320,102,218,61,18,43,0,0,0
33,618,District - Nagapattinam   (17),Total,65-69,41539,20203,21336,449,217,232,26737,17453,9284,14144,2463,11681,183,61,122,26,9,17,0,0,0
33,618,District - Nagapattinam   (17),Total,70-74,31951,15838,16113,358,162,196,17744,12912,4832,13704,2712,10992,130,48,82,15,4,11,0,0,0
33,618,District - Nagapattinam   (17),Total,75-79,16075,8187,7888,183,89,94,8320,6281,2039,7489,1783,5706,71,32,39,12,2,10,0,0,0
33,618,District - Nagapattinam   (17),Total,80+,17685,8512,9173,409,212,197,7126,5554,1572,10070,2709,7361,66,31,35,14,6,8,0,0,0
33,618,District - Nagapattinam   (17),Total,Age not stated,974,534,440,589,354,235,301,156,145,74,17,57,8,5,3,2,2,0,0,0,0
33,618,District - Nagapattinam   (17),Total,Less than 18,480062,243116,236946,474783,241925,232858,4968,1075,3893,148,34,114,146,72,74,17,10,7,0,0,0
33,618,District - Nagapattinam   (17),Total,Less than 21,575436,291184,284252,557639,288157,269482,17262,2856,14406,268,59,209,243,100,143,24,12,12,0,0,0
33,618,District - Nagapattinam   (17),Rural,All ages,1251826,619369,632457,551022,308019,243003,609210,295525,313685,85783,14387,71396,5041,1248,3793,770,190,580,0,0,0
33,618,District - Nagapattinam   (17),Rural,0-9,189625,96715,92910,189625,96715,92910,0,0,0,0,0,0,0,0,0,0,0,0,0,0,0
33,618,District - Nagapattinam   (17),Rural,10-14,114064,57764,56300,112696,57377,55319,1237,335,902,55,10,45,71,38,33,5,4,1,0,0,0
33,618,District - Nagapattinam   (17),Rural,15-19,117638,59650,57988,110803,58607,52196,6654,988,5666,100,23,77,72,29,43,9,3,6,0,0,0
33,618,District - Nagapattinam   (17),Rural,20-24,113381,55330,58051,77646,48647,28999,35191,6589,28602,317,51,266,201,37,164,26,6,20,0,0,0
33,618,District - Nagapattinam   (17),Rural,25-29,110784,53120,57664,39358,30625,8733,69984,22307,47677,908,114,794,445,63,382,89,11,78,0,0,0
33,618,District - Nagapattinam   (17),Rural,30-34,92320,45718,46602,12320,10440,1880,77456,34937,42519,1761,201,1560,662,123,539,121,17,104,0,0,0
33,618,District - Nagapattinam   (17),Rural,35-39,93426,43382,50044,3401,2604,797,85751,40208,45543,3314,362,2952,819,165,654,141,43,98,0,0,0
33,618,District - Nagapattinam   (17),Rural,40-44,85839,41101,44738,1489,989,500,78165,39343,38822,5292,544,4748,791,198,593,102,27,75,0,0,0
33,618,District - Nagapattinam   (17),Rural,45-49,82893,40648,42245,848,522,326,73936,39100,34836,7347,829,6518,671,170,501,91,27,64,0,0,0
33,618,District - Nagapattinam   (17),Rural,50-54,65676,32564,33112,560,295,265,55673,30964,24709,8917,1153,7764,457,133,324,69,19,50,0,0,0
33,618,District - Nagapattinam   (17),Rural,55-59,53876,27009,26867,417,213,204,43740,25390,18350,9406,1321,8085,282,77,205,31,8,23,0,0,0
33,618,District - Nagapattinam   (17),Rural,60-64,48683,24608,24075,417,204,213,34667,22241,12426,13326,2071,11255,239,83,156,34,9,25,0,0,0
33,618,District - Nagapattinam   (17),Rural,65-69,32618,16015,16603,304,156,148,20996,13785,7211,11168,2025,9143,130,42,88,20,7,13,0,0,0
33,618,District - Nagapattinam   (17),Rural,70-74,24861,12465,12396,246,117,129,13758,10105,3653,10746,2206,8540,99,35,64,12,2,10,0,0,0
33,618,District - Nagapattinam   (17),Rural,75-79,12165,6295,5870,123,65,58,6370,4820,1550,5620,1388,4232,43,21,22,9,1,8,0,0,0
33,618,District - Nagapattinam   (17),Rural,80+,13205,6564,6641,278,154,124,5412,4302,1110,7452,2074,5378,53,29,24,10,5,5,0,0,0
33,618,District - Nagapattinam   (17),Rural,Age not stated,772,421,351,491,289,202,220,111,109,54,15,39,6,5,1,1,1,0,0,0,0
33,618,District - Nagapattinam   (17),Rural,Less than 18,372801,189568,183233,368821,188675,180146,3749,807,2942,115,26,89,105,54,51,11,6,5,0,0,0
33,618,District - Nagapattinam   (17),Rural,Less than 21,448206,227568,220638,434543,225270,209273,13248,2168,11080,217,46,171,181,76,105,17,8,9,0,0,0
33,618,District - Nagapattinam   (17),Urban,All ages,364624,178758,185866,156790,86618,70172,181158,87979,93179,24522,3570,20952,1744,491,1253,410,100,310,0,0,0
33,618,District - Nagapattinam   (17),Urban,0-9,54772,27737,27035,54772,27737,27035,0,0,0,0,0,0,0,0,0,0,0,0,0,0,0
33,618,District - Nagapattinam   (17),Urban,10-14,32783,16131,16652,32338,16006,16332,403,113,290,14,1,13,24,8,16,4,3,1,0,0,0
33,618,District - Nagapattinam   (17),Urban,15-19,32750,16305,16445,30601,15977,14624,2091,303,1788,29,11,18,26,13,13,3,1,2,0,0,0
33,618,District - Nagapattinam   (17),Urban,20-24,31342,15096,16246,20823,13170,7653,10364,1906,8458,83,5,78,58,15,43,14,0,14,0,0,0
33,618,District - Nagapattinam   (17),Urban,25-29,31305,14816,16489,10676,8255,2421,20212,6496,13716,229,30,199,140,27,113,48,8,40,0,0,0
33,618,District - Nagapattinam   (17),Urban,30-34,28697,13716,14981,3808,3103,705,24150,10478,13672,479,69,410,215,55,160,45,11,34,0,0,0
33,618,District - Nagapattinam   (17),Urban,35-39,29616,13984,15632,1341,987,354,26898,12804,14094,1006,105,901,281,71,210,90,17,73,0,0,0
33,618,District - Nagapattinam   (17),Urban,40-44,26565,13350,13215,691,472,219,24116,12650,11466,1426,132,1294,272,81,191,60,15,45,0,0,0
33,618,District - Nagapattinam   (17),Urban,45-49,23970,12084,11886,457,273,184,21188,11522,9666,2040,206,1834,233,66,167,52,17,35,0,0,0
33,618,District - Nagapattinam   (17),Urban,50-54,18866,9533,9333,294,171,123,15943,9063,6880,2430,244,2186,168,48,120,31,7,24,0,0,0
33,618,District - Nagapattinam   (17),Urban,55-59,15592,7860,7732,239,118,121,12522,7361,5161,2693,333,2360,119,43,76,19,5,14,0,0,0
33,618,District - Nagapattinam   (17),Urban,60-64,13763,6632,7131,204,96,108,9799,6050,3749,3652,458,3194,81,19,62,27,9,18,0,0,0
33,618,District - Nagapattinam   (17),Urban,65-69,8921,4188,4733,145,61,84,5741,3668,2073,2976,438,2538,53,19,34,6,2,4,0,0,0
33,618,District - Nagapattinam   (17),Urban,70-74,7090,3373,3717,112,45,67,3986,2807,1179,2958,506,2452,31,13,18,3,2,1,0,0,0
33,618,District - Nagapattinam   (17),Urban,75-79,3910,1892,2018,60,24,36,1950,1461,489,1869,395,1474,28,11,17,3,1,2,0,0,0
33,618,District - Nagapattinam   (17),Urban,80+,4480,1948,2532,131,58,73,1714,1252,462,2618,635,1983,13,2,11,4,1,3,0,0,0
33,618,District - Nagapattinam   (17),Urban,Age not stated,202,113,89,98,65,33,81,45,36,20,2,18,2,0,2,1,1,0,0,0,0
33,618,District - Nagapattinam   (17),Urban,Less than 18,107261,53548,53713,105962,53250,52712,1219,268,951,33,8,25,41,18,23,6,4,2,0,0,0
33,618,District - Nagapattinam   (17),Urban,Less than 21,127230,63616,63614,123096,62887,60209,4014,688,3326,51,13,38,62,24,38,7,4,3,0,0,0
33,619,District - Thiruvarur (18),Total,All ages,1264277,626693,637584,539600,301870,237730,632041,308639,323402,86345,14683,71662,5344,1259,4085,947,242,705,0,0,0
33,619,District - Thiruvarur (18),Total,0-9,180160,91740,88420,180160,91740,88420,0,0,0,0,0,0,0,0,0,0,0,0,0,0,0
33,619,District - Thiruvarur (18),Total,10-14,110601,56079,54522,108653,55393,53260,1710,601,1109,118,32,86,113,50,63,7,3,4,0,0,0
33,619,District - Thiruvarur (18),Total,15-19,114032,57306,56726,107304,55929,51375,6422,1289,5133,168,48,120,130,39,91,8,1,7,0,0,0
33,619,District - Thiruvarur (18),Total,20-24,111843,54600,57243,78124,48336,29788,33066,6112,26954,380,89,291,241,61,180,32,2,30,0,0,0
33,619,District - Thiruvarur (18),Total,25-29,111244,53269,57975,40864,31921,8943,68961,21103,47858,879,159,720,419,74,345,121,12,109,0,0,0
33,619,District - Thiruvarur (18),Total,30-34,97235,47591,49644,13540,11523,2017,81200,35642,45558,1697,258,1439,664,129,535,134,39,95,0,0,0
33,619,District - Thiruvarur (18),Total,35-39,101152,47325,53827,3832,2917,915,92957,43807,49150,3271,372,2899,926,181,745,166,48,118,0,0,0
33,619,District - Thiruvarur (18),Total,40-44,91506,44606,46900,1667,1097,570,83895,42747,41148,4996,544,4452,810,169,641,138,49,89,0,0,0
33,619,District - Thiruvarur (18),Total,45-49,87225,43449,43776,933,577,356,78382,41893,36489,7187,811,6376,641,149,492,82,19,63,0,0,0
33,619,District - Thiruvarur (18),Total,50-54,68618,34722,33896,669,372,297,58483,33065,25418,8867,1131,7736,530,132,398,69,22,47,0,0,0
33,619,District - Thiruvarur (18),Total,55-59,55419,28230,27189,476,263,213,45234,26442,18792,9364,1429,7935,303,88,215,42,8,34,0,0,0
33,619,District - Thiruvarur (18),Total,60-64,50600,25508,25092,545,298,247,35709,22969,12740,14040,2151,11889,261,75,186,45,15,30,0,0,0
33,619,District - Thiruvarur (18),Total,65-69,33440,16757,16683,499,250,249,21283,14347,6936,11498,2118,9380,134,36,98,26,6,20,0,0,0
33,619,District - Thiruvarur (18),Total,70-74,24859,12544,12315,331,167,164,13414,10031,3383,10998,2307,8691,84,32,52,32,7,25,0,0,0
33,619,District - Thiruvarur (18),Total,75-79,11629,5993,5636,131,60,71,5953,4570,1383,5486,1338,4148,45,23,22,14,2,12,0,0,0
33,619,District - Thiruvarur (18),Total,80+,12551,5915,6636,375,211,164,4884,3814,1070,7229,1866,5363,35,17,18,28,7,21,0,0,0
33,619,District - Thiruvarur (18),Total,Age not stated,2163,1059,1104,1497,816,681,488,207,281,167,30,137,8,4,4,3,2,1,0,0,0
33,619,District - Thiruvarur (18),Total,Less than 18,357411,181384,176027,352708,179951,172757,4281,1291,2990,229,66,163,182,73,109,11,3,8,0,0,0
33,619,District - Thiruvarur (18),Total,Less than 21,430826,218110,212716,417233,215210,202023,12934,2695,10239,363,98,265,279,103,176,17,4,13,0,0,0
33,619,District - Thiruvarur (18),Rural,All ages,1006482,499954,506528,432099,241657,190442,500231,245058,255173,69500,12175,57325,3969,892,3077,683,172,511,0,0,0
33,619,District - Thiruvarur (18),Rural,0-9,143059,72835,70224,143059,72835,70224,0,0,0,0,0,0,0,0,0,0,0,0,0,0,0
33,619,District - Thiruvarur (18),Rural,10-14,88681,45030,43651,87155,44488,42667,1352,483,869,98,24,74,70,33,37,6,2,4,0,0,0
33,619,District - Thiruvarur (18),Rural,15-19,92307,46491,45816,87113,45373,41740,4961,1051,3910,140,40,100,88,26,62,5,1,4,0,0,0
33,619,District - Thiruvarur (18),Rural,20-24,89869,44054,45815,63193,39013,24180,26167,4934,21233,319,73,246,166,32,134,24,2,22,0,0,0
33,619,District - Thiruvarur (18),Rural,25-29,88663,42758,45905,32585,25563,7022,54946,17010,37936,725,133,592,319,43,276,88,9,79,0,0,0
33,619,District - Thiruvarur (18),Rural,30-34,76120,37636,38484,10589,9034,1555,63577,28283,35294,1364,201,1163,501,91,410,89,27,62,0,0,0
33,619,District - Thiruvarur (18),Rural,35-39,79416,37135,42281,2906,2220,686,73053,34463,38590,2638,297,2341,706,124,582,113,31,82,0,0,0
33,619,District - Thiruvarur (18),Rural,40-44,71851,34826,37025,1210,781,429,65939,33450,32489,4003,441,3562,595,119,476,104,35,69,0,0,0
33,619,District - Thiruvarur (18),Rural,45-49,69396,34476,34920,681,404,277,62400,33275,29125,5789,674,5115,472,110,362,54,13,41,0,0,0
33,619,District - Thiruvarur (18),Rural,50-54,54712,27629,27083,482,263,219,46599,26288,20311,7178,957,6221,403,103,300,50,18,32,0,0,0
33,619,District - Thiruvarur (18),Rural,55-59,44014,22473,21541,354,201,153,35947,21000,14947,7466,1199,6267,216,67,149,31,6,25,0,0,0
33,619,District - Thiruvarur (18),Rural,60-64,40546,20446,20100,384,216,168,28469,18342,10127,11466,1820,9646,193,58,135,34,10,24,0,0,0
33,619,District - Thiruvarur (18),Rural,65-69,27112,13619,13493,392,198,194,17153,11593,5560,9442,1798,7644,106,28,78,19,2,17,0,0,0
33,619,District - Thiruvarur (18),Rural,70-74,19957,10182,9775,261,138,123,10731,8089,2642,8869,1924,6945,67,25,42,29,6,23,0,0,0
33,619,District - Thiruvarur (18),Rural,75-79,9059,4698,4361,92,41,51,4635,3566,1069,4283,1070,3213,38,19,19,11,2,9,0,0,0
33,619,District - Thiruvarur (18),Rural,80+,9817,4746,5071,294,163,131,3895,3065,830,5582,1500,4082,23,12,11,23,6,17,0,0,0
33,619,District - Thiruvarur (18),Rural,Age not stated,1903,920,983,1349,726,623,407,166,241,138,24,114,6,2,4,3,2,1,0,0,0
33,619,District - Thiruvarur (18),Rural,Less than 18,285551,145023,140528,281870,143884,137986,3363,1035,2328,192,54,138,118,48,70,8,2,6,0,0,0
33,619,District - Thiruvarur (18),Rural,Less than 21,345212,174916,170296,334586,172582,162004,10131,2183,7948,301,80,221,182,68,114,12,3,9,0,0,0
33,619,District - Thiruvarur (18),Urban,All ages,257795,126739,131056,107501,60213,47288,131810,63581,68229,16845,2508,14337,1375,367,1008,264,70,194,0,0,0
33,619,District - Thiruvarur (18),Urban,0-9,37101,18905,18196,37101,18905,18196,0,0,0,0,0,0,0,0,0,0,0,0,0,0,0
33,619,District - Thiruvarur (18),Urban,10-14,21920,11049,10871,21498,10905,10593,358,118,240,20,8,12,43,17,26,1,1,0,0,0,0
33,619,District - Thiruvarur (18),Urban,15-19,21725,10815,10910,20191,10556,9635,1461,238,1223,28,8,20,42,13,29,3,0,3,0,0,0
33,619,District - Thiruvarur (18),Urban,20-24,21974,10546,11428,14931,9323,5608,6899,1178,5721,61,16,45,75,29,46,8,0,8,0,0,0
33,619,District - Thiruvarur (18),Urban,25-29,22581,10511,12070,8279,6358,1921,14015,4093,9922,154,26,128,100,31,69,33,3,30,0,0,0
33,619,District - Thiruvarur (18),Urban,30-34,21115,9955,11160,2951,2489,462,17623,7359,10264,333,57,276,163,38,125,45,12,33,0,0,0
33,619,District - Thiruvarur (18),Urban,35-39,21736,10190,11546,926,697,229,19904,9344,10560,633,75,558,220,57,163,53,17,36,0,0,0
33,619,District - Thiruvarur (18),Urban,40-44,19655,9780,9875,457,316,141,17956,9297,8659,993,103,890,215,50,165,34,14,20,0,0,0
33,619,District - Thiruvarur (18),Urban,45-49,17829,8973,8856,252,173,79,15982,8618,7364,1398,137,1261,169,39,130,28,6,22,0,0,0
33,619,District - Thiruvarur (18),Urban,50-54,13906,7093,6813,187,109,78,11884,6777,5107,1689,174,1515,127,29,98,19,4,15,0,0,0
33,619,District - Thiruvarur (18),Urban,55-59,11405,5757,5648,122,62,60,9287,5442,3845,1898,230,1668,87,21,66,11,2,9,0,0,0
33,619,District - Thiruvarur (18),Urban,60-64,10054,5062,4992,161,82,79,7240,4627,2613,2574,331,2243,68,17,51,11,5,6,0,0,0
33,619,District - Thiruvarur (18),Urban,65-69,6328,3138,3190,107,52,55,4130,2754,1376,2056,320,1736,28,8,20,7,4,3,0,0,0
33,619,District - Thiruvarur (18),Urban,70-74,4902,2362,2540,70,29,41,2683,1942,741,2129,383,1746,17,7,10,3,1,2,0,0,0
33,619,District - Thiruvarur (18),Urban,75-79,2570,1295,1275,39,19,20,1318,1004,314,1203,268,935,7,4,3,3,0,3,0,0,0
33,619,District - Thiruvarur (18),Urban,80+,2734,1169,1565,81,48,33,989,749,240,1647,366,1281,12,5,7,5,1,4,0,0,0
33,619,District - Thiruvarur (18),Urban,Age not stated,260,139,121,148,90,58,81,41,40,29,6,23,2,2,0,0,0,0,0,0,0
33,619,District - Thiruvarur (18),Urban,Less than 18,71860,36361,35499,70838,36067,34771,918,256,662,37,12,25,64,25,39,3,1,2,0,0,0
33,619,District - Thiruvarur (18),Urban,Less than 21,85614,43194,42420,82647,42628,40019,2803,512,2291,62,18,44,97,35,62,5,1,4,0,0,0
33,620,District - Thanjavur (19),Total,All ages,2405890,1182416,1223474,1032707,577019,455688,1191155,574533,616622,168339,27467,140872,11868,2906,8962,1821,491,1330,0,0,0
33,620,District - Thanjavur (19),Total,0-9,354146,180702,173444,354146,180702,173444,0,0,0,0,0,0,0,0,0,0,0,0,0,0,0
33,620,District - Thanjavur (19),Total,10-14,211614,107954,103660,209118,107282,101836,2294,584,1710,82,25,57,114,60,54,6,3,3,0,0,0
33,620,District - Thanjavur (19),Total,15-19,215061,109179,105882,202371,107211,95160,12326,1861,10465,183,36,147,165,68,97,16,3,13,0,0,0
33,620,District - Thanjavur (19),Total,20-24,207211,100942,106269,144486,89331,55155,61685,11482,50203,552,58,494,425,67,358,63,4,59,0,0,0
33,620,District - Thanjavur (19),Total,25-29,205063,96142,108921,75418,57715,17703,127012,38040,88972,1462,179,1283,1020,185,835,151,23,128,0,0,0
33,620,District - Thanjavur (19),Total,30-34,184497,88544,95953,25564,21172,4392,153875,66565,87310,3230,460,2770,1549,294,1255,279,53,226,0,0,0
33,620,District - Thanjavur (19),Total,35-39,189496,87923,101573,7910,5942,1968,173114,80811,92303,6207,643,5564,1927,423,1504,338,104,234,0,0,0
33,620,District - Thanjavur (19),Total,40-44,172844,83512,89332,3911,2498,1413,157305,79434,77871,9504,1049,8455,1811,433,1378,313,98,215,0,0,0
33,620,District - Thanjavur (19),Total,45-49,165180,81344,83836,2367,1377,990,147217,77906,69311,13832,1621,12211,1529,364,1165,235,76,159,0,0,0
33,620,District - Thanjavur (19),Total,50-54,131292,65209,66083,1735,936,799,111357,61732,49625,16906,2168,14738,1157,331,826,137,42,95,0,0,0
33,620,District - Thanjavur (19),Total,55-59,108648,53781,54867,1154,594,560,87522,50299,37223,19102,2640,16462,767,218,549,103,30,73,0,0,0
33,620,District - Thanjavur (19),Total,60-64,98357,48885,49472,1183,577,606,69157,43914,25243,27340,4201,23139,601,172,429,76,21,55,0,0,0
33,620,District - Thanjavur (19),Total,65-69,63596,30638,32958,817,385,432,40334,26469,13865,22049,3657,18392,349,111,238,47,16,31,0,0,0
33,620,District - Thanjavur (19),Total,70-74,48500,23712,24788,686,324,362,26140,19030,7110,21433,4264,17169,213,87,126,28,7,21,0,0,0
33,620,District - Thanjavur (19),Total,75-79,23750,11834,11916,366,165,201,11871,8956,2915,11365,2654,8711,136,53,83,12,6,6,0,0,0
33,620,District - Thanjavur (19),Total,80+,25092,11307,13785,619,299,320,9406,7185,2221,14955,3781,11174,98,38,60,14,4,10,0,0,0
33,620,District - Thanjavur (19),Total,Age not stated,1543,808,735,856,509,347,540,265,275,137,31,106,7,2,5,3,1,2,0,0,0
33,620,District - Thanjavur (19),Total,Less than 18,691491,352852,338639,683838,351175,332663,7216,1519,5697,209,48,161,212,105,107,16,5,11,0,0,0
33,620,District - Thanjavur (19),Total,Less than 21,829290,421842,407448,804430,417581,386849,24116,4039,20077,377,72,305,338,143,195,29,7,22,0,0,0
33,620,District - Thanjavur (19),Rural,All ages,1554531,765177,789354,676087,379167,296920,757308,364918,392390,112732,19045,93687,7402,1791,5611,1002,256,746,0,0,0
33,620,District - Thanjavur (19),Rural,0-9,233611,119227,114384,233611,119227,114384,0,0,0,0,0,0,0,0,0,0,0,0,0,0,0
33,620,District - Thanjavur (19),Rural,10-14,139746,71375,68371,138147,70932,67215,1459,382,1077,55,16,39,81,43,38,4,2,2,0,0,0
33,620,District - Thanjavur (19),Rural,15-19,140531,72291,68240,132586,71001,61585,7693,1215,6478,135,30,105,104,42,62,13,3,10,0,0,0
33,620,District - Thanjavur (19),Rural,20-24,135029,66549,68480,94591,59018,35573,39767,7449,32318,356,33,323,274,45,229,41,4,37,0,0,0
33,620,District - Thanjavur (19),Rural,25-29,132923,62561,70362,48935,37768,11167,82197,24527,57670,1045,134,911,651,114,537,95,18,77,0,0,0
33,620,District - Thanjavur (19),Rural,30-34,116746,56527,60219,16265,13643,2622,97097,42376,54721,2235,309,1926,1000,178,822,149,21,128,0,0,0
33,620,District - Thanjavur (19),Rural,35-39,119564,55334,64230,4603,3448,1155,109348,51150,58198,4245,441,3804,1199,244,955,169,51,118,0,0,0
33,620,District - Thanjavur (19),Rural,40-44,108135,51798,56337,2054,1272,782,98217,49507,48710,6572,724,5848,1130,248,882,162,47,115,0,0,0
33,620,District - Thanjavur (19),Rural,45-49,105245,51401,53844,1209,687,522,93631,49303,44328,9308,1142,8166,964,230,734,133,39,94,0,0,0
33,620,District - Thanjavur (19),Rural,50-54,83570,40783,42787,887,474,413,70523,38531,31992,11415,1552,9863,680,209,471,65,17,48,0,0,0
33,620,District - Thanjavur (19),Rural,55-59,69790,34080,35710,601,313,288,55840,31737,24103,12824,1858,10966,466,154,312,59,18,41,0,0,0
33,620,District - Thanjavur (19),Rural,60-64,64746,32081,32665,641,329,312,44824,28596,16228,18864,3038,15826,369,102,267,48,16,32,0,0,0
33,620,District - Thanjavur (19),Rural,65-69,42253,20498,21755,446,233,213,26467,17521,8946,15098,2665,12433,215,71,144,27,8,19,0,0,0
33,620,District - Thanjavur (19),Rural,70-74,31712,15680,16032,383,202,181,16785,12441,4344,14399,2983,11416,127,49,78,18,5,13,0,0,0
33,620,District - Thanjavur (19),Rural,75-79,14442,7276,7166,175,90,85,7152,5421,1731,7024,1726,5298,82,35,47,9,4,5,0,0,0
33,620,District - Thanjavur (19),Rural,80+,15465,7177,8288,356,180,176,5977,4598,1379,9067,2370,6697,56,26,30,9,3,6,0,0,0
33,620,District - Thanjavur (19),Rural,Age not stated,1023,539,484,597,350,247,331,164,167,90,24,66,4,1,3,1,0,1,0,0,0
33,620,District - Thanjavur (19),Rural,Less than 18,455774,232984,222790,450954,231881,219073,4519,994,3525,149,36,113,140,69,71,12,4,8,0,0,0
33,620,District - Thanjavur (19),Rural,Less than 21,546154,279224,266930,530422,276470,253952,15227,2600,12627,260,51,209,222,97,125,23,6,17,0,0,0
33,620,District - Thanjavur (19),Urban,All ages,851359,417239,434120,356620,197852,158768,433847,209615,224232,55607,8422,47185,4466,1115,3351,819,235,584,0,0,0
33,620,District - Thanjavur (19),Urban,0-9,120535,61475,59060,120535,61475,59060,0,0,0,0,0,0,0,0,0,0,0,0,0,0,0
33,620,District - Thanjavur (19),Urban,10-14,71868,36579,35289,70971,36350,34621,835,202,633,27,9,18,33,17,16,2,1,1,0,0,0
33,620,District - Thanjavur (19),Urban,15-19,74530,36888,37642,69785,36210,33575,4633,646,3987,48,6,42,61,26,35,3,0,3,0,0,0
33,620,District - Thanjavur (19),Urban,20-24,72182,34393,37789,49895,30313,19582,21918,4033,17885,196,25,171,151,22,129,22,0,22,0,0,0
33,620,District - Thanjavur (19),Urban,25-29,72140,33581,38559,26483,19947,6536,44815,13513,31302,417,45,372,369,71,298,56,5,51,0,0,0
33,620,District - Thanjavur (19),Urban,30-34,67751,32017,35734,9299,7529,1770,56778,24189,32589,995,151,844,549,116,433,130,32,98,0,0,0
33,620,District - Thanjavur (19),Urban,35-39,69932,32589,37343,3307,2494,813,63766,29661,34105,1962,202,1760,728,179,549,169,53,116,0,0,0
33,620,District - Thanjavur (19),Urban,40-44,64709,31714,32995,1857,1226,631,59088,29927,29161,2932,325,2607,681,185,496,151,51,100,0,0,0
33,620,District - Thanjavur (19),Urban,45-49,59935,29943,29992,1158,690,468,53586,28603,24983,4524,479,4045,565,134,431,102,37,65,0,0,0
33,620,District - Thanjavur (19),Urban,50-54,47722,24426,23296,848,462,386,40834,23201,17633,5491,616,4875,477,122,355,72,25,47,0,0,0
33,620,District - Thanjavur (19),Urban,55-59,38858,19701,19157,553,281,272,31682,18562,13120,6278,782,5496,301,64,237,44,12,32,0,0,0
33,620,District - Thanjavur (19),Urban,60-64,33611,16804,16807,542,248,294,24333,15318,9015,8476,1163,7313,232,70,162,28,5,23,0,0,0
33,620,District - Thanjavur (19),Urban,65-69,21343,10140,11203,371,152,219,13867,8948,4919,6951,992,5959,134,40,94,20,8,12,0,0,0
33,620,District - Thanjavur (19),Urban,70-74,16788,8032,8756,303,122,181,9355,6589,2766,7034,1281,5753,86,38,48,10,2,8,0,0,0
33,620,District - Thanjavur (19),Urban,75-79,9308,4558,4750,191,75,116,4719,3535,1184,4341,928,3413,54,18,36,3,2,1,0,0,0
33,620,District - Thanjavur (19),Urban,80+,9627,4130,5497,263,119,144,3429,2587,842,5888,1411,4477,42,12,30,5,1,4,0,0,0
33,620,District - Thanjavur (19),Urban,Age not stated,520,269,251,259,159,100,209,101,108,47,7,40,3,1,2,2,1,1,0,0,0
33,620,District - Thanjavur (19),Urban,Less than 18,235717,119868,115849,232884,119294,113590,2697,525,2172,60,12,48,72,36,36,4,1,3,0,0,0
33,620,District - Thanjavur (19),Urban,Less than 21,283136,142618,140518,274008,141111,132897,8889,1439,7450,117,21,96,116,46,70,6,1,5,0,0,0
33,621,District - Pudukkottai (20),Total,All ages,1618345,803188,815157,710948,397176,313772,798995,387175,411820,99278,16861,82417,7911,1709,6202,1213,267,946,0,0,0
33,621,District - Pudukkottai (20),Total,0-9,265639,135306,130333,265639,135306,130333,0,0,0,0,0,0,0,0,0,0,0,0,0,0,0
33,621,District - Pudukkottai (20),Total,10-14,148042,76358,71684,146447,75902,70545,1461,398,1063,45,14,31,87,43,44,2,1,1,0,0,0
33,621,District - Pudukkottai (20),Total,15-19,143662,73331,70331,134879,72169,62710,8564,1097,7467,117,25,92,96,40,56,6,0,6,0,0,0
33,621,District - Pudukkottai (20),Total,20-24,135603,65659,69944,90077,57848,32229,44835,7699,37136,347,49,298,303,59,244,41,4,37,0,0,0
33,621,District - Pudukkottai (20),Total,25-29,142907,67148,75759,47922,37880,10042,93121,29022,64099,1034,140,894,697,94,603,133,12,121,0,0,0
33,621,District - Pudukkottai (20),Total,30-34,128810,63432,65378,14571,11778,2793,110738,51098,59640,2258,321,1937,1046,189,857,197,46,151,0,0,0
33,621,District - Pudukkottai (20),Total,35-39,128637,61815,66822,4144,2728,1416,118991,58329,60662,3879,435,3444,1397,266,1131,226,57,169,0,0,0
33,621,District - Pudukkottai (20),Total,40-44,112170,56307,55863,2032,1100,932,103221,54286,48935,5517,604,4913,1200,256,944,200,61,139,0,0,0
33,621,District - Pudukkottai (20),Total,45-49,100811,50365,50446,1251,580,671,91000,48720,42280,7452,860,6592,964,186,778,144,19,125,0,0,0
33,621,District - Pudukkottai (20),Total,50-54,79660,39005,40655,875,393,482,68475,37182,31293,9539,1256,8283,684,152,532,87,22,65,0,0,0
33,621,District - Pudukkottai (20),Total,55-59,67145,32572,34573,606,273,333,55218,30578,24640,10798,1593,9205,470,119,351,53,9,44,0,0,0
33,621,District - Pudukkottai (20),Total,60-64,62747,31233,31514,669,298,371,45426,28336,17090,16183,2474,13709,405,105,300,64,20,44,0,0,0
33,621,District - Pudukkottai (20),Total,65-69,42223,20566,21657,448,204,244,27619,17817,9802,13868,2461,11407,261,77,184,27,7,20,0,0,0
33,621,District - Pudukkottai (20),Total,70-74,31037,15660,15377,351,158,193,17258,12660,4598,13243,2778,10465,165,58,107,20,6,14,0,0,0
33,621,District - Pudukkottai (20),Total,75-79,13958,7167,6791,168,77,91,7205,5478,1727,6512,1576,4936,68,34,34,5,2,3,0,0,0
33,621,District - Pudukkottai (20),Total,80+,14405,6815,7590,303,173,130,5613,4350,1263,8420,2265,6155,61,26,35,8,1,7,0,0,0
33,621,District - Pudukkottai (20),Total,Age not stated,889,449,440,566,309,257,250,125,125,66,10,56,7,5,2,0,0,0,0,0,0
33,621,District - Pudukkottai (20),Total,Less than 18,499950,255982,243968,495189,254897,240292,4502,977,3525,121,37,84,135,70,65,3,1,2,0,0,0
33,621,District - Pudukkottai (20),Total,Less than 21,588996,300791,288205,571733,298158,273575,16790,2495,14295,226,44,182,234,93,141,13,1,12,0,0,0
33,621,District - Pudukkottai (20),Rural,All ages,1301991,645505,656486,574534,320573,253961,638935,309112,329823,81298,14245,67053,6351,1399,4952,873,176,697,0,0,0
33,621,District - Pudukkottai (20),Rural,0-9,215973,109799,106174,215973,109799,106174,0,0,0,0,0,0,0,0,0,0,0,0,0,0,0
33,621,District - Pudukkottai (20),Rural,10-14,120303,61968,58335,119031,61596,57435,1165,327,838,35,10,25,70,34,36,2,1,1,0,0,0
33,621,District - Pudukkottai (20),Rural,15-19,116068,59200,56868,109186,58270,50916,6715,877,5838,85,18,67,77,35,42,5,0,5,0,0,0
33,621,District - Pudukkottai (20),Rural,20-24,108661,52871,55790,72176,46616,25560,35936,6166,29770,269,41,228,252,44,208,28,4,24,0,0,0
33,621,District - Pudukkottai (20),Rural,25-29,114783,54087,60696,38274,30472,7802,74985,23411,51574,852,116,736,575,79,496,97,9,88,0,0,0
33,621,District - Pudukkottai (20),Rural,30-34,102159,50563,51596,11308,9235,2073,88016,40879,47137,1840,266,1574,841,149,692,154,34,120,0,0,0
33,621,District - Pudukkottai (20),Rural,35-39,101948,48938,53010,3067,1966,1101,94474,46371,48103,3121,361,2760,1127,205,922,159,35,124,0,0,0
33,621,District - Pudukkottai (20),Rural,40-44,88249,44174,44075,1461,740,721,81297,42676,38621,4406,511,3895,954,216,738,131,31,100,0,0,0
33,621,District - Pudukkottai (20),Rural,45-49,80161,39804,40357,934,412,522,72361,38510,33851,6005,724,5281,754,147,607,107,11,96,0,0,0
33,621,District - Pudukkottai (20),Rural,50-54,63835,30815,33020,655,285,370,54748,29311,25437,7833,1079,6754,544,129,415,55,11,44,0,0,0
33,621,District - Pudukkottai (20),Rural,55-59,54341,25973,28368,448,200,248,44646,24305,20341,8836,1359,7477,373,102,271,38,7,31,0,0,0
33,621,District - Pudukkottai (20),Rural,60-64,51501,25472,26029,522,235,287,37061,23016,14045,13533,2107,11426,333,96,237,52,18,34,0,0,0
33,621,District - Pudukkottai (20),Rural,65-69,35107,17169,17938,351,159,192,22916,14818,8098,11608,2118,9490,210,68,142,22,6,16,0,0,0
33,621,District - Pudukkottai (20),Rural,70-74,25535,12956,12579,285,134,151,14126,10390,3736,10972,2377,8595,137,49,88,15,6,9,0,0,0
33,621,District - Pudukkottai (20),Rural,75-79,11116,5787,5329,133,59,74,5750,4415,1335,5179,1289,3890,50,22,28,4,2,2,0,0,0
33,621,District - Pudukkottai (20),Rural,80+,11494,5553,5941,239,131,108,4539,3542,997,6664,1859,4805,48,20,28,4,1,3,0,0,0
33,621,District - Pudukkottai (20),Rural,Age not stated,757,376,381,491,264,227,200,98,102,60,10,50,6,4,2,0,0,0,0,0,0
33,621,District - Pudukkottai (20),Rural,Less than 18,405968,207488,198480,402267,206620,195647,3498,782,2716,90,27,63,110,58,52,3,1,2,0,0,0
33,621,District - Pudukkottai (20),Rural,Less than 21,478051,243841,234210,464380,241753,222627,13303,1979,11324,168,33,135,188,75,113,12,1,11,0,0,0
33,621,District - Pudukkottai (20),Urban,All ages,316354,157683,158671,136414,76603,59811,160060,78063,81997,17980,2616,15364,1560,310,1250,340,91,249,0,0,0
33,621,District - Pudukkottai (20),Urban,0-9,49666,25507,24159,49666,25507,24159,0,0,0,0,0,0,0,0,0,0,0,0,0,0,0
33,621,District - Pudukkottai (20),Urban,10-14,27739,14390,13349,27416,14306,13110,296,71,225,10,4,6,17,9,8,0,0,0,0,0,0
33,621,District - Pudukkottai (20),Urban,15-19,27594,14131,13463,25693,13899,11794,1849,220,1629,32,7,25,19,5,14,1,0,1,0,0,0
33,621,District - Pudukkottai (20),Urban,20-24,26942,12788,14154,17901,11232,6669,8899,1533,7366,78,8,70,51,15,36,13,0,13,0,0,0
33,621,District - Pudukkottai (20),Urban,25-29,28124,13061,15063,9648,7408,2240,18136,5611,12525,182,24,158,122,15,107,36,3,33,0,0,0
33,621,District - Pudukkottai (20),Urban,30-34,26651,12869,13782,3263,2543,720,22722,10219,12503,418,55,363,205,40,165,43,12,31,0,0,0
33,621,District - Pudukkottai (20),Urban,35-39,26689,12877,13812,1077,762,315,24517,11958,12559,758,74,684,270,61,209,67,22,45,0,0,0
33,621,District - Pudukkottai (20),Urban,40-44,23921,12133,11788,571,360,211,21924,11610,10314,1111,93,1018,246,40,206,69,30,39,0,0,0
33,621,District - Pudukkottai (20),Urban,45-49,20650,10561,10089,317,168,149,18639,10210,8429,1447,136,1311,210,39,171,37,8,29,0,0,0
33,621,District - Pudukkottai (20),Urban,50-54,15825,8190,7635,220,108,112,13727,7871,5856,1706,177,1529,140,23,117,32,11,21,0,0,0
33,621,District - Pudukkottai (20),Urban,55-59,12804,6599,6205,158,73,85,10572,6273,4299,1962,234,1728,97,17,80,15,2,13,0,0,0
33,621,District - Pudukkottai (20),Urban,60-64,11246,5761,5485,147,63,84,8365,5320,3045,2650,367,2283,72,9,63,12,2,10,0,0,0
33,621,District - Pudukkottai (20),Urban,65-69,7116,3397,3719,97,45,52,4703,2999,1704,2260,343,1917,51,9,42,5,1,4,0,0,0
33,621,District - Pudukkottai (20),Urban,70-74,5502,2704,2798,66,24,42,3132,2270,862,2271,401,1870,28,9,19,5,0,5,0,0,0
33,621,District - Pudukkottai (20),Urban,75-79,2842,1380,1462,35,18,17,1455,1063,392,1333,287,1046,18,12,6,1,0,1,0,0,0
33,621,District - Pudukkottai (20),Urban,80+,2911,1262,1649,64,42,22,1074,808,266,1756,406,1350,13,6,7,4,0,4,0,0,0
33,621,District - Pudukkottai (20),Urban,Age not stated,132,73,59,75,45,30,50,27,23,6,0,6,1,1,0,0,0,0,0,0,0
33,621,District - Pudukkottai (20),Urban,Less than 18,93982,48494,45488,92922,48277,44645,1004,195,809,31,10,21,25,12,13,0,0,0,0,0,0
33,621,District - Pudukkottai (20),Urban,Less than 21,110945,56950,53995,107353,56405,50948,3487,516,2971,58,11,47,46,18,28,1,0,1,0,0,0
33,622,District - Sivaganga (21),Total,All ages,1339101,668672,670429,552821,314433,238388,694307,336815,357492,83418,15411,68007,7006,1630,5376,1549,383,1166,0,0,0
33,622,District - Sivaganga (21),Total,0-9,203132,103679,99453,203132,103679,99453,0,0,0,0,0,0,0,0,0,0,0,0,0,0,0
33,622,District - Sivaganga (21),Total,10-14,116999,60084,56915,115267,59608,55659,1620,426,1194,55,21,34,55,29,26,2,0,2,0,0,0
33,622,District - Sivaganga (21),Total,15-19,115327,59511,55816,106356,58172,48184,8789,1289,7500,104,24,80,72,25,47,6,1,5,0,0,0
33,622,District - Sivaganga (21),Total,20-24,112910,55914,56996,71122,48272,22850,41105,7526,33579,366,62,304,254,47,207,63,7,56,0,0,0
33,622,District - Sivaganga (21),Total,25-29,117850,56591,61259,37185,30965,6220,79005,25342,53663,922,157,765,555,99,456,183,28,155,0,0,0
33,622,District - Sivaganga (21),Total,30-34,106559,53055,53504,10535,8712,1823,92896,43817,49079,1970,270,1700,914,191,723,244,65,179,0,0,0
33,622,District - Sivaganga (21),Total,35-39,107551,51680,55871,3087,2050,1037,99746,48901,50845,3266,380,2886,1137,262,875,315,87,228,0,0,0
33,622,District - Sivaganga (21),Total,40-44,92083,46611,45472,1588,881,707,85062,44936,40126,4231,502,3729,968,223,745,234,69,165,0,0,0
33,622,District - Sivaganga (21),Total,45-49,85163,42481,42682,986,478,508,77261,41024,36237,5837,729,5108,895,203,692,184,47,137,0,0,0
33,622,District - Sivaganga (21),Total,50-54,68331,33346,34985,740,329,411,59397,31903,27494,7422,960,6462,674,132,542,98,22,76,0,0,0
33,622,District - Sivaganga (21),Total,55-59,60156,28802,31354,528,227,301,50185,27051,23134,8895,1383,7512,458,112,346,90,29,61,0,0,0
33,622,District - Sivaganga (21),Total,60-64,58513,29415,29098,552,220,332,43528,26757,16771,13947,2303,11644,436,120,316,50,15,35,0,0,0
33,622,District - Sivaganga (21),Total,65-69,38352,18971,19381,392,170,222,26050,16485,9565,11611,2239,9372,255,69,186,44,8,36,0,0,0
33,622,District - Sivaganga (21),Total,70-74,28358,14612,13746,304,124,180,16628,11875,4753,11226,2549,8677,188,62,126,12,2,10,0,0,0
33,622,District - Sivaganga (21),Total,75-79,13045,6880,6165,151,67,84,7134,5230,1904,5684,1555,4129,65,26,39,11,2,9,0,0,0
33,622,District - Sivaganga (21),Total,80+,13707,6521,7186,296,154,142,5518,4076,1442,7810,2264,5546,71,26,45,12,1,11,0,0,0
33,622,District - Sivaganga (21),Total,Age not stated,1065,519,546,600,325,275,383,177,206,72,13,59,9,4,5,1,0,1,0,0,0
33,622,District - Sivaganga (21),Total,Less than 18,388538,199030,189508,383386,197887,185499,4940,1060,3880,115,36,79,92,46,46,5,1,4,0,0,0
33,622,District - Sivaganga (21),Total,Less than 21,461453,236385,225068,444074,233434,210640,16977,2829,14148,218,57,161,166,64,102,18,1,17,0,0,0
33,622,District - Sivaganga (21),Rural,All ages,926256,462210,464046,383398,218607,164791,476275,230576,245699,60800,11697,49103,4834,1109,3725,949,221,728,0,0,0
33,622,District - Sivaganga (21),Rural,0-9,141251,72031,69220,141251,72031,69220,0,0,0,0,0,0,0,0,0,0,0,0,0,0,0
33,622,District - Sivaganga (21),Rural,10-14,80708,41402,39306,79542,41068,38474,1087,300,787,40,15,25,38,19,19,1,0,1,0,0,0
33,622,District - Sivaganga (21),Rural,15-19,80740,41823,38917,74411,40915,33496,6202,873,5329,75,18,57,48,17,31,4,0,4,0,0,0
33,622,District - Sivaganga (21),Rural,20-24,79084,39511,39573,49407,34060,15347,29195,5368,23827,271,47,224,170,31,139,41,5,36,0,0,0
33,622,District - Sivaganga (21),Rural,25-29,81751,39772,41979,25720,21641,4079,54811,17930,36881,700,111,589,409,71,338,111,19,92,0,0,0
33,622,District - Sivaganga (21),Rural,30-34,71901,36281,35620,6988,5771,1217,62670,30144,32526,1425,191,1234,671,134,537,147,41,106,0,0,0
33,622,District - Sivaganga (21),Rural,35-39,71842,34453,37389,1943,1211,732,66544,32756,33788,2398,277,2121,776,167,609,181,42,139,0,0,0
33,622,District - Sivaganga (21),Rural,40-44,60443,30331,30112,1022,526,496,55617,29234,26383,2976,377,2599,677,156,521,151,38,113,0,0,0
33,622,District - Sivaganga (21),Rural,45-49,57513,28087,29426,644,284,360,52037,27097,24940,4125,548,3577,591,130,461,116,28,88,0,0,0
33,622,District - Sivaganga (21),Rural,50-54,47152,22326,24826,487,203,284,40765,21265,19500,5410,753,4657,440,93,347,50,12,38,0,0,0
33,622,District - Sivaganga (21),Rural,55-59,42475,19831,22644,331,133,198,35407,18533,16874,6394,1082,5312,296,70,226,47,13,34,0,0,0
33,622,District - Sivaganga (21),Rural,60-64,42993,21601,21392,394,154,240,31768,19544,12224,10484,1801,8683,308,90,218,39,12,27,0,0,0
33,622,District - Sivaganga (21),Rural,65-69,28164,14085,14079,253,111,142,18994,12137,6857,8698,1780,6918,186,50,136,33,7,26,0,0,0
33,622,District - Sivaganga (21),Rural,70-74,20702,10717,9985,214,94,120,12000,8621,3379,8346,1960,6386,132,40,92,10,2,8,0,0,0
33,622,District - Sivaganga (21),Rural,75-79,9100,4868,4232,91,43,48,4978,3689,1289,3979,1117,2862,43,18,25,9,1,8,0,0,0
33,622,District - Sivaganga (21),Rural,80+,9616,4691,4925,197,102,95,3943,2961,982,5425,1608,3817,43,19,24,8,1,7,0,0,0
33,622,District - Sivaganga (21),Rural,Age not stated,821,400,421,503,260,243,257,124,133,54,12,42,6,4,2,1,0,1,0,0,0
33,622,District - Sivaganga (21),Rural,Less than 18,269598,138049,131549,266102,137286,128816,3349,707,2642,81,26,55,63,30,33,3,0,3,0,0,0
33,622,District - Sivaganga (21),Rural,Less than 21,321283,164696,156587,308976,162653,146323,12023,1958,10065,160,43,117,115,42,73,9,0,9,0,0,0
33,622,District - Sivaganga (21),Urban,All ages,412845,206462,206383,169423,95826,73597,218032,106239,111793,22618,3714,18904,2172,521,1651,600,162,438,0,0,0
33,622,District - Sivaganga (21),Urban,0-9,61881,31648,30233,61881,31648,30233,0,0,0,0,0,0,0,0,0,0,0,0,0,0,0
33,622,District - Sivaganga (21),Urban,10-14,36291,18682,17609,35725,18540,17185,533,126,407,15,6,9,17,10,7,1,0,1,0,0,0
33,622,District - Sivaganga (21),Urban,15-19,34587,17688,16899,31945,17257,14688,2587,416,2171,29,6,23,24,8,16,2,1,1,0,0,0
33,622,District - Sivaganga (21),Urban,20-24,33826,16403,17423,21715,14212,7503,11910,2158,9752,95,15,80,84,16,68,22,2,20,0,0,0
33,622,District - Sivaganga (21),Urban,25-29,36099,16819,19280,11465,9324,2141,24194,7412,16782,222,46,176,146,28,118,72,9,63,0,0,0
33,622,District - Sivaganga (21),Urban,30-34,34658,16774,17884,3547,2941,606,30226,13673,16553,545,79,466,243,57,186,97,24,73,0,0,0
33,622,District - Sivaganga (21),Urban,35-39,35709,17227,18482,1144,839,305,33202,16145,17057,868,103,765,361,95,266,134,45,89,0,0,0
33,622,District - Sivaganga (21),Urban,40-44,31640,16280,15360,566,355,211,29445,15702,13743,1255,125,1130,291,67,224,83,31,52,0,0,0
33,622,District - Sivaganga (21),Urban,45-49,27650,14394,13256,342,194,148,25224,13927,11297,1712,181,1531,304,73,231,68,19,49,0,0,0
33,622,District - Sivaganga (21),Urban,50-54,21179,11020,10159,253,126,127,18632,10638,7994,2012,207,1805,234,39,195,48,10,38,0,0,0
33,622,District - Sivaganga (21),Urban,55-59,17681,8971,8710,197,94,103,14778,8518,6260,2501,301,2200,162,42,120,43,16,27,0,0,0
33,622,District - Sivaganga (21),Urban,60-64,15520,7814,7706,158,66,92,11760,7213,4547,3463,502,2961,128,30,98,11,3,8,0,0,0
33,622,District - Sivaganga (21),Urban,65-69,10188,4886,5302,139,59,80,7056,4348,2708,2913,459,2454,69,19,50,11,1,10,0,0,0
33,622,District - Sivaganga (21),Urban,70-74,7656,3895,3761,90,30,60,4628,3254,1374,2880,589,2291,56,22,34,2,0,2,0,0,0
33,622,District - Sivaganga (21),Urban,75-79,3945,2012,1933,60,24,36,2156,1541,615,1705,438,1267,22,8,14,2,1,1,0,0,0
33,622,District - Sivaganga (21),Urban,80+,4091,1830,2261,99,52,47,1575,1115,460,2385,656,1729,28,7,21,4,0,4,0,0,0
33,622,District - Sivaganga (21),Urban,Age not stated,244,119,125,97,65,32,126,53,73,18,1,17,3,0,3,0,0,0,0,0,0
33,622,District - Sivaganga (21),Urban,Less than 18,118940,60981,57959,117284,60601,56683,1591,353,1238,34,10,24,29,16,13,2,1,1,0,0,0
33,622,District - Sivaganga (21),Urban,Less than 21,140170,71689,68481,135098,70781,64317,4954,871,4083,58,14,44,51,22,29,9,1,8,0,0,0
33,623,District - Madurai (22),Total,All ages,3038252,1526475,1511777,1237113,706302,530811,1590291,782677,807614,191092,32155,158937,15602,4174,11428,4154,1167,2987,0,0,0
33,623,District - Madurai (22),Total,0-9,459896,237740,222156,459896,237740,222156,0,0,0,0,0,0,0,0,0,0,0,0,0,0,0
33,623,District - Madurai (22),Total,10-14,263409,137531,125878,259410,136373,123037,3736,1052,2684,132,44,88,118,56,62,13,6,7,0,0,0
33,623,District - Madurai (22),Total,15-19,260006,134073,125933,236262,130856,105406,23214,3090,20124,288,60,228,216,63,153,26,4,22,0,0,0
33,623,District - Madurai (22),Total,20-24,263146,129177,133969,157126,107226,49900,104264,21635,82629,919,155,764,660,131,529,177,30,147,0,0,0
33,623,District - Madurai (22),Total,25-29,281721,137484,144237,77376,62354,15022,199789,74332,125457,2583,376,2207,1541,335,1206,432,87,345,0,0,0
33,623,District - Madurai (22),Total,30-34,248258,123421,124837,21432,16854,4578,219477,105236,114241,4606,627,3979,2026,497,1529,717,207,510,0,0,0
33,623,District - Madurai (22),Total,35-39,249652,121609,128043,8075,5565,2510,230301,114109,116192,8081,1066,7015,2425,634,1791,770,235,535,0,0,0
33,623,District - Madurai (22),Total,40-44,217404,109784,107620,4613,2813,1800,198732,104757,93975,11140,1387,9753,2272,643,1629,647,184,463,0,0,0
33,623,District - Madurai (22),Total,45-49,198401,100860,97541,3122,1711,1411,177441,96437,81004,15387,2013,13374,1934,546,1388,517,153,364,0,0,0
33,623,District - Madurai (22),Total,50-54,157263,79626,77637,2311,1174,1137,134356,75333,59023,18813,2638,16175,1445,373,1072,338,108,230,0,0,0
33,623,District - Madurai (22),Total,55-59,131628,65680,65948,1721,850,871,107215,61426,45789,21491,3059,18432,996,276,720,205,69,136,0,0,0
33,623,District - Madurai (22),Total,60-64,118626,58665,59961,1500,661,839,85481,52966,32515,30666,4755,25911,842,252,590,137,31,106,0,0,0
33,623,District - Madurai (22),Total,65-69,76076,36604,39472,984,429,555,49620,31712,17908,24898,4289,20609,488,149,339,86,25,61,0,0,0
33,623,District - Madurai (22),Total,70-74,56618,27792,28826,781,346,435,31444,22525,8919,23993,4796,19197,358,112,246,42,13,29,0,0,0
33,623,District - Madurai (22),Total,75-79,26658,13144,13514,378,179,199,13674,9968,3706,12470,2945,9525,119,47,72,17,5,12,0,0,0
33,623,District - Madurai (22),Total,80+,26958,11990,14968,773,366,407,10568,7654,2914,15444,3908,11536,147,55,92,26,7,19,0,0,0
33,623,District - Madurai (22),Total,Age not stated,2532,1295,1237,1353,805,548,979,445,534,181,37,144,15,5,10,4,3,1,0,0,0
33,623,District - Madurai (22),Total,Less than 18,875964,454865,421099,863489,452128,411361,11978,2568,9410,273,74,199,205,88,117,19,7,12,0,0,0
33,623,District - Madurai (22),Total,Less than 21,1041580,538180,503400,997006,531082,465924,43496,6815,36681,584,131,453,434,141,293,60,11,49,0,0,0
33,623,District - Madurai (22),Rural,All ages,1191451,601247,590204,493561,287134,206427,604256,297113,307143,85145,14788,70357,6584,1712,4872,1905,500,1405,0,0,0
33,623,District - Madurai (22),Rural,0-9,188931,98832,90099,188931,98832,90099,0,0,0,0,0,0,0,0,0,0,0,0,0,0,0
33,623,District - Madurai (22),Rural,10-14,109527,57670,51857,107869,57163,50706,1541,457,1084,58,22,36,53,26,27,6,2,4,0,0,0
33,623,District - Madurai (22),Rural,15-19,107486,57410,50076,96822,56017,40805,10410,1336,9074,144,31,113,94,25,69,16,1,15,0,0,0
33,623,District - Madurai (22),Rural,20-24,106044,54109,51935,59272,43818,15454,45906,10136,35770,458,82,376,321,59,262,87,14,73,0,0,0
33,623,District - Madurai (22),Rural,25-29,110087,54669,55418,26330,22063,4267,81489,32188,49301,1346,216,1130,703,153,550,219,49,170,0,0,0
33,623,District - Madurai (22),Rural,30-34,90548,45483,45065,6251,4890,1361,80827,39984,40843,2247,306,1941,865,198,667,358,105,253,0,0,0
33,623,District - Madurai (22),Rural,35-39,93879,44986,48893,2311,1433,878,86423,42734,43689,3837,496,3341,996,242,754,312,81,231,0,0,0
33,623,District - Madurai (22),Rural,40-44,79774,39892,39882,1401,717,684,72101,38170,33931,5037,676,4361,955,255,700,280,74,206,0,0,0
33,623,District - Madurai (22),Rural,45-49,74358,37254,37104,979,485,494,65552,35546,30006,6816,950,5866,792,217,575,219,56,163,0,0,0
33,623,District - Madurai (22),Rural,50-54,58632,28721,29911,766,344,422,48579,26851,21728,8558,1321,7237,573,158,415,156,47,109,0,0,0
33,623,District - Madurai (22),Rural,55-59,49787,23743,26044,557,275,282,39308,21949,17359,9434,1387,8047,403,109,294,85,23,62,0,0,0
33,623,District - Madurai (22),Rural,60-64,47799,22757,25042,522,245,277,32334,20044,12290,14516,2339,12177,354,107,247,73,22,51,0,0,0
33,623,District - Madurai (22),Rural,65-69,31208,14781,16427,330,168,162,19197,12448,6749,11420,2092,9328,210,58,152,51,15,36,0,0,0
33,623,District - Madurai (22),Rural,70-74,23285,11310,11975,256,121,135,11868,8836,3032,10980,2293,8687,159,54,105,22,6,16,0,0,0
33,623,District - Madurai (22),Rural,75-79,9277,4631,4646,93,55,38,4540,3401,1139,4590,1151,3439,45,22,23,9,2,7,0,0,0
33,623,District - Madurai (22),Rural,80+,9742,4430,5312,234,124,110,3805,2863,942,5636,1412,4224,56,28,28,11,3,8,0,0,0
33,623,District - Madurai (22),Rural,Age not stated,1087,569,518,637,384,253,376,170,206,68,14,54,5,1,4,1,0,1,0,0,0
33,623,District - Madurai (22),Rural,Less than 18,361558,190258,171300,356395,189100,167295,4933,1078,3855,134,42,92,86,36,50,10,2,8,0,0,0
33,623,District - Madurai (22),Rural,Less than 21,431139,226831,204308,410617,223653,186964,20000,3043,16957,287,70,217,200,62,138,35,3,32,0,0,0
33,623,District - Madurai (22),Urban,All ages,1846801,925228,921573,743552,419168,324384,986035,485564,500471,105947,17367,88580,9018,2462,6556,2249,667,1582,0,0,0
33,623,District - Madurai (22),Urban,0-9,270965,138908,132057,270965,138908,132057,0,0,0,0,0,0,0,0,0,0,0,0,0,0,0
33,623,District - Madurai (22),Urban,10-14,153882,79861,74021,151541,79210,72331,2195,595,1600,74,22,52,65,30,35,7,4,3,0,0,0
33,623,District - Madurai (22),Urban,15-19,152520,76663,75857,139440,74839,64601,12804,1754,11050,144,29,115,122,38,84,10,3,7,0,0,0
33,623,District - Madurai (22),Urban,20-24,157102,75068,82034,97854,63408,34446,58358,11499,46859,461,73,388,339,72,267,90,16,74,0,0,0
33,623,District - Madurai (22),Urban,25-29,171634,82815,88819,51046,40291,10755,118300,42144,76156,1237,160,1077,838,182,656,213,38,175,0,0,0
33,623,District - Madurai (22),Urban,30-34,157710,77938,79772,15181,11964,3217,138650,65252,73398,2359,321,2038,1161,299,862,359,102,257,0,0,0
33,623,District - Madurai (22),Urban,35-39,155773,76623,79150,5764,4132,1632,143878,71375,72503,4244,570,3674,1429,392,1037,458,154,304,0,0,0
33,623,District - Madurai (22),Urban,40-44,137630,69892,67738,3212,2096,1116,126631,66587,60044,6103,711,5392,1317,388,929,367,110,257,0,0,0
33,623,District - Madurai (22),Urban,45-49,124043,63606,60437,2143,1226,917,111889,60891,50998,8571,1063,7508,1142,329,813,298,97,201,0,0,0
33,623,District - Madurai (22),Urban,50-54,98631,50905,47726,1545,830,715,85777,48482,37295,10255,1317,8938,872,215,657,182,61,121,0,0,0
33,623,District - Madurai (22),Urban,55-59,81841,41937,39904,1164,575,589,67907,39477,28430,12057,1672,10385,593,167,426,120,46,74,0,0,0
33,623,District - Madurai (22),Urban,60-64,70827,35908,34919,978,416,562,53147,32922,20225,16150,2416,13734,488,145,343,64,9,55,0,0,0
33,623,District - Madurai (22),Urban,65-69,44868,21823,23045,654,261,393,30423,19264,11159,13478,2197,11281,278,91,187,35,10,25,0,0,0
33,623,District - Madurai (22),Urban,70-74,33333,16482,16851,525,225,300,19576,13689,5887,13013,2503,10510,199,58,141,20,7,13,0,0,0
33,623,District - Madurai (22),Urban,75-79,17381,8513,8868,285,124,161,9134,6567,2567,7880,1794,6086,74,25,49,8,3,5,0,0,0
33,623,District - Madurai (22),Urban,80+,17216,7560,9656,539,242,297,6763,4791,1972,9808,2496,7312,91,27,64,15,4,11,0,0,0
33,623,District - Madurai (22),Urban,Age not stated,1445,726,719,716,421,295,603,275,328,113,23,90,10,4,6,3,3,0,0,0,0
33,623,District - Madurai (22),Urban,Less than 18,514406,264607,249799,507094,263028,244066,7045,1490,5555,139,32,107,119,52,67,9,5,4,0,0,0
33,623,District - Madurai (22),Urban,Less than 21,610441,311349,299092,586389,307429,278960,23496,3772,19724,297,61,236,234,79,155,25,8,17,0,0,0
33,624,District - Theni   (23),Total,All ages,1245899,625683,620216,489087,284289,204798,657570,325191,332379,90766,13967,76799,6879,1777,5102,1597,459,1138,0,0,0
33,624,District - Theni   (23),Total,0-9,177785,92276,85509,177785,92276,85509,0,0,0,0,0,0,0,0,0,0,0,0,0,0,0
33,624,District - Theni   (23),Total,10-14,112665,59463,53202,110797,58848,51949,1662,531,1131,83,21,62,119,61,58,4,2,2,0,0,0
33,624,District - Theni   (23),Total,15-19,110035,58280,51755,98956,56825,42131,10756,1344,9412,175,52,123,133,56,77,15,3,12,0,0,0
33,624,District - Theni   (23),Total,20-24,106324,53064,53260,59606,43684,15922,45769,9213,36556,512,77,435,352,80,272,85,10,75,0,0,0
33,624,District - Theni   (23),Total,25-29,112114,55166,56948,26814,22704,4110,83041,32029,51012,1342,235,1107,704,142,562,213,56,157,0,0,0
33,624,District - Theni   (23),Total,30-34,97318,47917,49401,6540,5190,1350,87085,42084,45001,2551,349,2202,872,203,669,270,91,179,0,0,0
33,624,District - Theni   (23),Total,35-39,103137,49183,53954,2403,1555,848,95278,46753,48525,4139,521,3618,1012,261,751,305,93,212,0,0,0
33,624,District - Theni   (23),Total,40-44,89747,45095,44652,1527,881,646,81686,43251,38435,5321,636,4685,970,254,716,243,73,170,0,0,0
33,624,District - Theni   (23),Total,45-49,83362,42643,40719,1096,565,531,74176,40947,33229,7093,887,6206,812,195,617,185,49,136,0,0,0
33,624,District - Theni   (23),Total,50-54,64046,32558,31488,817,386,431,53977,30875,23102,8541,1105,7436,605,162,443,106,30,76,0,0,0
33,624,District - Theni   (23),Total,55-59,54400,26366,28034,604,277,327,43662,24743,18919,9680,1225,8455,402,105,297,52,16,36,0,0,0
33,624,District - Theni   (23),Total,60-64,51555,24733,26822,561,256,305,35882,22421,13461,14667,1929,12738,407,117,290,38,10,28,0,0,0
33,624,District - Theni   (23),Total,65-69,33341,15601,17740,335,176,159,20957,13550,7407,11822,1820,10002,187,44,143,40,11,29,0,0,0
33,624,District - Theni   (23),Total,70-74,25507,12037,13470,261,106,155,13321,9786,3535,11743,2086,9657,166,52,114,16,7,9,0,0,0
33,624,District - Theni   (23),Total,75-79,11298,5476,5822,117,59,58,5532,4128,1404,5584,1268,4316,56,19,37,9,2,7,0,0,0
33,624,District - Theni   (23),Total,80+,12120,5230,6890,217,107,110,4388,3351,1037,7426,1743,5683,74,23,51,15,6,9,0,0,0
33,624,District - Theni   (23),Total,Age not stated,1145,595,550,651,394,257,398,185,213,87,13,74,8,3,5,1,0,1,0,0,0
33,624,District - Theni   (23),Total,Less than 18,356795,187237,169558,351348,185904,165444,5063,1177,3886,175,51,124,201,103,98,8,2,6,0,0,0
33,624,District - Theni   (23),Total,Less than 21,424475,221962,202513,403743,218825,184918,20040,2915,17125,354,86,268,313,131,182,25,5,20,0,0,0
33,624,District - Theni   (23),Rural,All ages,575418,290880,284538,226174,133308,92866,303563,150035,153528,41422,6442,34980,3439,858,2581,820,237,583,0,0,0
33,624,District - Theni   (23),Rural,0-9,83606,43532,40074,83606,43532,40074,0,0,0,0,0,0,0,0,0,0,0,0,0,0,0
33,624,District - Theni   (23),Rural,10-14,52522,28254,24268,51665,27973,23692,786,254,532,35,9,26,33,16,17,3,2,1,0,0,0
33,624,District - Theni   (23),Rural,15-19,51914,28051,23863,46400,27332,19068,5356,671,4685,92,27,65,58,19,39,8,2,6,0,0,0
33,624,District - Theni   (23),Rural,20-24,49702,25255,24447,26599,20353,6246,22619,4809,17810,255,43,212,189,43,146,40,7,33,0,0,0
33,624,District - Theni   (23),Rural,25-29,52236,26008,26228,11509,9945,1564,39596,15842,23754,655,111,544,358,73,285,118,37,81,0,0,0
33,624,District - Theni   (23),Rural,30-34,43874,21960,21914,2633,2091,542,39465,19546,19919,1207,175,1032,426,97,329,143,51,92,0,0,0
33,624,District - Theni   (23),Rural,35-39,46744,22351,24393,978,614,364,43251,21345,21906,1886,226,1660,474,121,353,155,45,110,0,0,0
33,624,District - Theni   (23),Rural,40-44,40212,20198,20014,645,352,293,36594,19395,17199,2378,306,2072,479,112,367,116,33,83,0,0,0
33,624,District - Theni   (23),Rural,45-49,37678,19156,18522,456,228,228,33572,18414,15158,3120,392,2728,438,99,339,92,23,69,0,0,0
33,624,District - Theni   (23),Rural,50-54,29030,14634,14396,327,159,168,24443,13838,10605,3888,539,3349,319,87,232,53,11,42,0,0,0
33,624,District - Theni   (23),Rural,55-59,24591,11640,12951,240,109,131,19833,10928,8905,4307,548,3759,189,50,139,22,5,17,0,0,0
33,624,District - Theni   (23),Rural,60-64,24361,11641,12720,263,128,135,17097,10503,6594,6771,940,5831,209,65,144,21,5,16,0,0,0
33,624,District - Theni   (23),Rural,65-69,15766,7421,8345,159,94,65,10008,6477,3531,5476,823,4653,102,22,80,21,5,16,0,0,0
33,624,District - Theni   (23),Rural,70-74,11862,5588,6274,113,50,63,6205,4551,1654,5437,953,4484,94,27,67,13,7,6,0,0,0
33,624,District - Theni   (23),Rural,75-79,5041,2451,2590,49,26,23,2455,1830,625,2503,581,1922,29,13,16,5,1,4,0,0,0
33,624,District - Theni   (23),Rural,80+,5534,2352,3182,98,56,42,2029,1520,509,3361,761,2600,37,12,25,9,3,6,0,0,0
33,624,District - Theni   (23),Rural,Age not stated,745,388,357,434,266,168,254,112,142,51,8,43,5,2,3,1,0,1,0,0,0
33,624,District - Theni   (23),Rural,Less than 18,167355,88886,78469,164771,88258,76513,2432,570,1862,86,28,58,61,28,33,5,2,3,0,0,0
33,624,District - Theni   (23),Rural,Less than 21,199679,105692,93987,189208,104127,85081,10171,1478,8693,167,39,128,120,44,76,13,4,9,0,0,0
33,624,District - Theni   (23),Urban,All ages,670481,334803,335678,262913,150981,111932,354007,175156,178851,49344,7525,41819,3440,919,2521,777,222,555,0,0,0
33,624,District - Theni   (23),Urban,0-9,94179,48744,45435,94179,48744,45435,0,0,0,0,0,0,0,0,0,0,0,0,0,0,0
33,624,District - Theni   (23),Urban,10-14,60143,31209,28934,59132,30875,28257,876,277,599,48,12,36,86,45,41,1,0,1,0,0,0
33,624,District - Theni   (23),Urban,15-19,58121,30229,27892,52556,29493,23063,5400,673,4727,83,25,58,75,37,38,7,1,6,0,0,0
33,624,District - Theni   (23),Urban,20-24,56622,27809,28813,33007,23331,9676,23150,4404,18746,257,34,223,163,37,126,45,3,42,0,0,0
33,624,District - Theni   (23),Urban,25-29,59878,29158,30720,15305,12759,2546,43445,16187,27258,687,124,563,346,69,277,95,19,76,0,0,0
33,624,District - Theni   (23),Urban,30-34,53444,25957,27487,3907,3099,808,47620,22538,25082,1344,174,1170,446,106,340,127,40,87,0,0,0
33,624,District - Theni   (23),Urban,35-39,56393,26832,29561,1425,941,484,52027,25408,26619,2253,295,1958,538,140,398,150,48,102,0,0,0
33,624,District - Theni   (23),Urban,40-44,49535,24897,24638,882,529,353,45092,23856,21236,2943,330,2613,491,142,349,127,40,87,0,0,0
33,624,District - Theni   (23),Urban,45-49,45684,23487,22197,640,337,303,40604,22533,18071,3973,495,3478,374,96,278,93,26,67,0,0,0
33,624,District - Theni   (23),Urban,50-54,35016,17924,17092,490,227,263,29534,17037,12497,4653,566,4087,286,75,211,53,19,34,0,0,0
33,624,District - Theni   (23),Urban,55-59,29809,14726,15083,364,168,196,23829,13815,10014,5373,677,4696,213,55,158,30,11,19,0,0,0
33,624,District - Theni   (23),Urban,60-64,27194,13092,14102,298,128,170,18785,11918,6867,7896,989,6907,198,52,146,17,5,12,0,0,0
33,624,District - Theni   (23),Urban,65-69,17575,8180,9395,176,82,94,10949,7073,3876,6346,997,5349,85,22,63,19,6,13,0,0,0
33,624,District - Theni   (23),Urban,70-74,13645,6449,7196,148,56,92,7116,5235,1881,6306,1133,5173,72,25,47,3,0,3,0,0,0
33,624,District - Theni   (23),Urban,75-79,6257,3025,3232,68,33,35,3077,2298,779,3081,687,2394,27,6,21,4,1,3,0,0,0
33,624,District - Theni   (23),Urban,80+,6586,2878,3708,119,51,68,2359,1831,528,4065,982,3083,37,11,26,6,3,3,0,0,0
33,624,District - Theni   (23),Urban,Age not stated,400,207,193,217,128,89,144,73,71,36,5,31,3,1,2,0,0,0,0,0,0
33,624,District - Theni   (23),Urban,Less than 18,189440,98351,91089,186577,97646,88931,2631,607,2024,89,23,66,140,75,65,3,0,3,0,0,0
33,624,District - Theni   (23),Urban,Less than 21,224796,116270,108526,214535,114698,99837,9869,1437,8432,187,47,140,193,87,106,12,1,11,0,0,0
33,625,District - Virudhunagar (24),Total,All ages,1942288,967709,974579,799021,448333,350688,1001484,494429,507055,126811,21206,105605,12290,3051,9239,2682,690,1992,0,0,0
33,625,District - Virudhunagar (24),Total,0-9,292994,149541,143453,292994,149541,143453,0,0,0,0,0,0,0,0,0,0,0,0,0,0,0
33,625,District - Virudhunagar (24),Total,10-14,172194,88038,84156,170047,87468,82579,1979,510,1469,76,20,56,85,38,47,7,2,5,0,0,0
33,625,District - Virudhunagar (24),Total,15-19,173671,89296,84375,160680,87434,73246,12670,1779,10891,157,30,127,140,52,88,24,1,23,0,0,0
33,625,District - Virudhunagar (24),Total,20-24,171700,84472,87228,104690,70244,34446,65921,14032,51889,494,85,409,453,88,365,142,23,119,0,0,0
33,625,District - Virudhunagar (24),Total,25-29,176979,86734,90245,46305,37366,8939,127714,48821,78893,1480,229,1251,1169,248,921,311,70,241,0,0,0
33,625,District - Virudhunagar (24),Total,30-34,153462,75983,77479,11389,8826,2563,137346,66301,71045,2681,370,2311,1592,370,1222,454,116,338,0,0,0
33,625,District - Virudhunagar (24),Total,35-39,154427,73839,80588,3872,2608,1264,143343,70166,73177,4879,535,4344,1812,402,1410,521,128,393,0,0,0
33,625,District - Virudhunagar (24),Total,40-44,139645,69211,70434,2298,1362,936,127900,66459,61441,7192,861,6331,1857,423,1434,398,106,292,0,0,0
33,625,District - Virudhunagar (24),Total,45-49,127472,64966,62506,1566,803,763,114133,62496,51637,9898,1197,8701,1581,391,1190,294,79,215,0,0,0
33,625,District - Virudhunagar (24),Total,50-54,97578,49778,47800,1174,580,594,83421,47178,36243,11634,1664,9970,1144,299,845,205,57,148,0,0,0
33,625,District - Virudhunagar (24),Total,55-59,80202,39593,40609,871,440,431,65178,36969,28209,13229,1938,11291,818,217,601,106,29,77,0,0,0
33,625,District - Virudhunagar (24),Total,60-64,75502,36036,39466,760,359,401,53351,32406,20945,20608,3052,17556,679,185,494,104,34,70,0,0,0
33,625,District - Virudhunagar (24),Total,65-69,51912,24503,27409,505,240,265,33050,21126,11924,17899,2985,14914,414,135,279,44,17,27,0,0,0
33,625,District - Virudhunagar (24),Total,70-74,37989,18420,19569,384,200,184,20217,14715,5502,17056,3402,13654,296,90,206,36,13,23,0,0,0
33,625,District - Virudhunagar (24),Total,75-79,17639,8876,8763,205,117,88,8639,6546,2093,8647,2144,6503,133,62,71,15,7,8,0,0,0
33,625,District - Virudhunagar (24),Total,80+,17352,7617,9735,360,208,152,6100,4682,1418,10764,2674,8090,110,47,63,18,6,12,0,0,0
33,625,District - Virudhunagar (24),Total,Age not stated,1570,806,764,921,537,384,522,243,279,117,20,97,7,4,3,3,2,1,0,0,0
33,625,District - Virudhunagar (24),Total,Less than 18,566144,289835,276309,559531,288370,271161,6278,1356,4922,174,39,135,145,67,78,16,3,13,0,0,0
33,625,District - Virudhunagar (24),Total,Less than 21,677951,346226,331725,652728,342167,310561,24585,3892,20693,309,64,245,282,100,182,47,3,44,0,0,0
33,625,District - Virudhunagar (24),Rural,All ages,962062,480360,481702,404175,227654,176521,484974,239337,245637,65054,11391,53663,6361,1596,4765,1498,382,1116,0,0,0
33,625,District - Virudhunagar (24),Rural,0-9,150285,76841,73444,150285,76841,73444,0,0,0,0,0,0,0,0,0,0,0,0,0,0,0
33,625,District - Virudhunagar (24),Rural,10-14,86857,44633,42224,85775,44330,41445,988,270,718,45,12,33,47,20,27,2,1,1,0,0,0
33,625,District - Virudhunagar (24),Rural,15-19,90051,46734,43317,82956,45728,37228,6895,959,5936,95,17,78,88,29,59,17,1,16,0,0,0
33,625,District - Virudhunagar (24),Rural,20-24,87899,43573,44326,51985,35543,16442,35273,7908,27365,291,55,236,264,53,211,86,14,72,0,0,0
33,625,District - Virudhunagar (24),Rural,25-29,88970,44132,44838,21849,17744,4105,65495,26090,39405,831,125,706,604,127,477,191,46,145,0,0,0
33,625,District - Virudhunagar (24),Rural,30-34,73759,37181,36578,5083,3869,1214,66172,32870,33302,1446,196,1250,824,191,633,234,55,179,0,0,0
33,625,District - Virudhunagar (24),Rural,35-39,73746,35259,38487,1699,1126,573,68230,33558,34672,2608,292,2316,921,215,706,288,68,220,0,0,0
33,625,District - Virudhunagar (24),Rural,40-44,65485,32123,33362,1126,654,472,59512,30711,28801,3730,491,3239,908,209,699,209,58,151,0,0,0
33,625,District - Virudhunagar (24),Rural,45-49,60665,30654,30011,712,366,346,53866,29362,24504,5127,685,4442,802,202,600,158,39,119,0,0,0
33,625,District - Virudhunagar (24),Rural,50-54,45933,23165,22768,540,266,274,38732,21864,16868,5966,870,5096,579,131,448,116,34,82,0,0,0
33,625,District - Virudhunagar (24),Rural,55-59,38084,18202,19882,407,217,190,30499,16808,13691,6694,1051,5643,418,110,308,66,16,50,0,0,0
33,625,District - Virudhunagar (24),Rural,60-64,37105,17459,19646,357,183,174,25603,15495,10108,10710,1650,9060,373,108,265,62,23,39,0,0,0
33,625,District - Virudhunagar (24),Rural,65-69,25981,12225,13756,244,116,128,16231,10374,5857,9239,1637,7602,240,86,154,27,12,15,0,0,0
33,625,District - Virudhunagar (24),Rural,70-74,19135,9336,9799,204,112,92,9909,7323,2586,8846,1846,7000,158,49,109,18,6,12,0,0,0
33,625,District - Virudhunagar (24),Rural,75-79,8648,4490,4158,115,69,46,4266,3266,1000,4188,1113,3075,69,36,33,10,6,4,0,0,0
33,625,District - Virudhunagar (24),Rural,80+,8425,3818,4607,194,118,76,3001,2335,666,5156,1336,3820,62,27,35,12,2,10,0,0,0
33,625,District - Virudhunagar (24),Rural,Age not stated,1034,535,499,644,372,272,302,144,158,82,15,67,4,3,1,2,1,1,0,0,0
33,625,District - Virudhunagar (24),Rural,Less than 18,288447,148236,140211,285008,147460,137548,3242,716,2526,107,24,83,81,34,47,9,2,7,0,0,0
33,625,District - Virudhunagar (24),Rural,Less than 21,348163,178629,169534,334336,176410,157926,13441,2122,11319,189,39,150,171,56,115,26,2,24,0,0,0
33,625,District - Virudhunagar (24),Urban,All ages,980226,487349,492877,394846,220679,174167,516510,255092,261418,61757,9815,51942,5929,1455,4474,1184,308,876,0,0,0
33,625,District - Virudhunagar (24),Urban,0-9,142709,72700,70009,142709,72700,70009,0,0,0,0,0,0,0,0,0,0,0,0,0,0,0
33,625,District - Virudhunagar (24),Urban,10-14,85337,43405,41932,84272,43138,41134,991,240,751,31,8,23,38,18,20,5,1,4,0,0,0
33,625,District - Virudhunagar (24),Urban,15-19,83620,42562,41058,77724,41706,36018,5775,820,4955,62,13,49,52,23,29,7,0,7,0,0,0
33,625,District - Virudhunagar (24),Urban,20-24,83801,40899,42902,52705,34701,18004,30648,6124,24524,203,30,173,189,35,154,56,9,47,0,0,0
33,625,District - Virudhunagar (24),Urban,25-29,88009,42602,45407,24456,19622,4834,62219,22731,39488,649,104,545,565,121,444,120,24,96,0,0,0
33,625,District - Virudhunagar (24),Urban,30-34,79703,38802,40901,6306,4957,1349,71174,33431,37743,1235,174,1061,768,179,589,220,61,159,0,0,0
33,625,District - Virudhunagar (24),Urban,35-39,80681,38580,42101,2173,1482,691,75113,36608,38505,2271,243,2028,891,187,704,233,60,173,0,0,0
33,625,District - Virudhunagar (24),Urban,40-44,74160,37088,37072,1172,708,464,68388,35748,32640,3462,370,3092,949,214,735,189,48,141,0,0,0
33,625,District - Virudhunagar (24),Urban,45-49,66807,34312,32495,854,437,417,60267,33134,27133,4771,512,4259,779,189,590,136,40,96,0,0,0
33,625,District - Virudhunagar (24),Urban,50-54,51645,26613,25032,634,314,320,44689,25314,19375,5668,794,4874,565,168,397,89,23,66,0,0,0
33,625,District - Virudhunagar (24),Urban,55-59,42118,21391,20727,464,223,241,34679,20161,14518,6535,887,5648,400,107,293,40,13,27,0,0,0
33,625,District - Virudhunagar (24),Urban,60-64,38397,18577,19820,403,176,227,27748,16911,10837,9898,1402,8496,306,77,229,42,11,31,0,0,0
33,625,District - Virudhunagar (24),Urban,65-69,25931,12278,13653,261,124,137,16819,10752,6067,8660,1348,7312,174,49,125,17,5,12,0,0,0
33,625,District - Virudhunagar (24),Urban,70-74,18854,9084,9770,180,88,92,10308,7392,2916,8210,1556,6654,138,41,97,18,7,11,0,0,0
33,625,District - Virudhunagar (24),Urban,75-79,8991,4386,4605,90,48,42,4373,3280,1093,4459,1031,3428,64,26,38,5,1,4,0,0,0
33,625,District - Virudhunagar (24),Urban,80+,8927,3799,5128,166,90,76,3099,2347,752,5608,1338,4270,48,20,28,6,4,2,0,0,0
33,625,District - Virudhunagar (24),Urban,Age not stated,536,271,265,277,165,112,220,99,121,35,5,30,3,1,2,1,1,0,0,0,0
33,625,District - Virudhunagar (24),Urban,Less than 18,277697,141599,136098,274523,140910,133613,3036,640,2396,67,15,52,64,33,31,7,1,6,0,0,0
33,625,District - Virudhunagar (24),Urban,Less than 21,329788,167597,162191,318392,165757,152635,11144,1770,9374,120,25,95,111,44,67,21,1,20,0,0,0
33,626,District - Ramanathapuram (25),Total,All ages,1353445,682658,670787,573251,325987,247264,699847,341174,358673,73634,13896,59738,5350,1267,4083,1363,334,1029,0,0,0
33,626,District - Ramanathapuram (25),Total,0-9,208296,106215,102081,208296,106215,102081,0,0,0,0,0,0,0,0,0,0,0,0,0,0,0
33,626,District - Ramanathapuram (25),Total,10-14,123990,63918,60072,121934,63334,58600,1957,546,1411,68,22,46,29,16,13,2,0,2,0,0,0
33,626,District - Ramanathapuram (25),Total,15-19,126052,64767,61285,114910,63022,51888,10956,1683,9273,108,30,78,64,28,36,14,4,10,0,0,0
33,626,District - Ramanathapuram (25),Total,20-24,123511,61357,62154,74752,51440,23312,48041,9815,38226,390,55,335,252,42,210,76,5,71,0,0,0
33,626,District - Ramanathapuram (25),Total,25-29,126473,62376,64097,35616,29574,6042,89161,32547,56614,985,131,854,545,91,454,166,33,133,0,0,0
33,626,District - Ramanathapuram (25),Total,30-34,109126,55510,53616,8877,7207,1670,97483,47795,49688,1802,268,1534,748,179,569,216,61,155,0,0,0
33,626,District - Ramanathapuram (25),Total,35-39,106987,52939,54048,2531,1754,777,100522,50569,49953,2855,356,2499,829,192,637,250,68,182,0,0,0
33,626,District - Ramanathapuram (25),Total,40-44,90426,45767,44659,1323,792,531,84118,44215,39903,4015,513,3502,761,191,570,209,56,153,0,0,0
33,626,District - Ramanathapuram (25),Total,45-49,83225,42209,41016,854,480,374,76115,40789,35326,5450,771,4679,656,130,526,150,39,111,0,0,0
33,626,District - Ramanathapuram (25),Total,50-54,65130,33046,32084,633,328,305,57156,31525,25631,6796,1064,5732,440,103,337,105,26,79,0,0,0
33,626,District - Ramanathapuram (25),Total,55-59,55183,26873,28310,480,242,238,46674,25304,21370,7643,1237,6406,328,78,250,58,12,46,0,0,0
33,626,District - Ramanathapuram (25),Total,60-64,53313,26810,26503,492,212,280,40009,24368,15641,12440,2129,10311,322,90,232,50,11,39,0,0,0
33,626,District - Ramanathapuram (25),Total,65-69,33550,16659,16891,370,161,209,22716,14373,8343,10258,2072,8186,178,45,133,28,8,20,0,0,0
33,626,District - Ramanathapuram (25),Total,70-74,24237,12345,11892,338,137,201,13969,9927,4042,9810,2236,7574,98,40,58,22,5,17,0,0,0
33,626,District - Ramanathapuram (25),Total,75-79,10509,5417,5092,146,63,83,5561,4041,1520,4752,1293,3459,44,16,28,6,4,2,0,0,0
33,626,District - Ramanathapuram (25),Total,80+,10966,5081,5885,308,163,145,4439,3207,1232,6163,1689,4474,48,21,27,8,1,7,0,0,0
33,626,District - Ramanathapuram (25),Total,Age not stated,2471,1369,1102,1391,863,528,970,470,500,99,30,69,8,5,3,3,1,2,0,0,0
33,626,District - Ramanathapuram (25),Total,Less than 18,406983,208713,198270,400529,207235,193294,6250,1393,4857,133,43,90,63,39,24,8,3,5,0,0,0
33,626,District - Ramanathapuram (25),Total,Less than 21,486733,249159,237574,465676,245435,220241,20659,3603,17056,246,69,177,129,48,81,23,4,19,0,0,0
33,626,District - Ramanathapuram (25),Rural,All ages,942746,474508,468238,396163,225498,170665,488194,237232,250962,53668,10705,42963,3778,858,2920,943,215,728,0,0,0
33,626,District - Ramanathapuram (25),Rural,0-9,143411,73061,70350,143411,73061,70350,0,0,0,0,0,0,0,0,0,0,0,0,0,0,0
33,626,District - Ramanathapuram (25),Rural,10-14,85995,44337,41658,84621,43956,40665,1305,356,949,49,15,34,20,10,10,0,0,0,0,0,0
33,626,District - Ramanathapuram (25),Rural,15-19,87831,45269,42562,80080,44068,36012,7620,1160,6460,80,23,57,42,17,25,9,1,8,0,0,0
33,626,District - Ramanathapuram (25),Rural,20-24,85969,43142,42827,51815,35995,15820,33617,7071,26546,302,42,260,186,31,155,49,3,46,0,0,0
33,626,District - Ramanathapuram (25),Rural,25-29,87939,43681,44258,24658,20564,4094,62003,22929,39074,759,99,660,416,71,345,103,18,85,0,0,0
33,626,District - Ramanathapuram (25),Rural,30-34,74068,37841,36227,5854,4693,1161,66219,32798,33421,1321,191,1130,521,119,402,153,40,113,0,0,0
33,626,District - Ramanathapuram (25),Rural,35-39,72565,35394,37171,1586,1026,560,68141,33927,34214,2077,272,1805,580,126,454,181,43,138,0,0,0
33,626,District - Ramanathapuram (25),Rural,40-44,61418,30707,30711,866,482,384,57027,29677,27350,2865,397,2468,517,114,403,143,37,106,0,0,0
33,626,District - Ramanathapuram (25),Rural,45-49,57910,28794,29116,565,302,263,52917,27800,25117,3865,582,3283,458,85,373,105,25,80,0,0,0
33,626,District - Ramanathapuram (25),Rural,50-54,46123,23156,22967,405,199,206,40420,22016,18404,4910,852,4058,316,71,245,72,18,54,0,0,0
33,626,District - Ramanathapuram (25),Rural,55-59,39829,18949,20880,301,143,158,33799,17796,16003,5449,941,4508,237,60,177,43,9,34,0,0,0
33,626,District - Ramanathapuram (25),Rural,60-64,39808,19895,19913,316,138,178,29869,17985,11884,9355,1699,7656,231,64,167,37,9,28,0,0,0
33,626,District - Ramanathapuram (25),Rural,65-69,25074,12586,12488,245,104,141,17118,10823,6295,7563,1619,5944,127,36,91,21,4,17,0,0,0
33,626,District - Ramanathapuram (25),Rural,70-74,17972,9242,8730,234,92,142,10349,7364,2985,7312,1755,5557,63,29,34,14,2,12,0,0,0
33,626,District - Ramanathapuram (25),Rural,75-79,7523,3939,3584,106,46,60,4010,2915,1095,3369,965,2404,32,9,23,6,4,2,0,0,0
33,626,District - Ramanathapuram (25),Rural,80+,7762,3689,4073,189,95,94,3233,2349,884,4310,1231,3079,26,13,13,4,1,3,0,0,0
33,626,District - Ramanathapuram (25),Rural,Age not stated,1549,826,723,911,534,377,547,266,281,82,22,60,6,3,3,3,1,2,0,0,0
33,626,District - Ramanathapuram (25),Rural,Less than 18,281047,144025,137022,276679,143053,133626,4232,918,3314,93,32,61,40,22,18,3,0,3,0,0,0
33,626,District - Ramanathapuram (25),Rural,Less than 21,337313,172868,164445,322587,170256,152331,14444,2532,11912,182,49,133,87,30,57,13,1,12,0,0,0
33,626,District - Ramanathapuram (25),Urban,All ages,410699,208150,202549,177088,100489,76599,211653,103942,107711,19966,3191,16775,1572,409,1163,420,119,301,0,0,0
33,626,District - Ramanathapuram (25),Urban,0-9,64885,33154,31731,64885,33154,31731,0,0,0,0,0,0,0,0,0,0,0,0,0,0,0
33,626,District - Ramanathapuram (25),Urban,10-14,37995,19581,18414,37313,19378,17935,652,190,462,19,7,12,9,6,3,2,0,2,0,0,0
33,626,District - Ramanathapuram (25),Urban,15-19,38221,19498,18723,34830,18954,15876,3336,523,2813,28,7,21,22,11,11,5,3,2,0,0,0
33,626,District - Ramanathapuram (25),Urban,20-24,37542,18215,19327,22937,15445,7492,14424,2744,11680,88,13,75,66,11,55,27,2,25,0,0,0
33,626,District - Ramanathapuram (25),Urban,25-29,38534,18695,19839,10958,9010,1948,27158,9618,17540,226,32,194,129,20,109,63,15,48,0,0,0
33,626,District - Ramanathapuram (25),Urban,30-34,35058,17669,17389,3023,2514,509,31264,14997,16267,481,77,404,227,60,167,63,21,42,0,0,0
33,626,District - Ramanathapuram (25),Urban,35-39,34422,17545,16877,945,728,217,32381,16642,15739,778,84,694,249,66,183,69,25,44,0,0,0
33,626,District - Ramanathapuram (25),Urban,40-44,29008,15060,13948,457,310,147,27091,14538,12553,1150,116,1034,244,77,167,66,19,47,0,0,0
33,626,District - Ramanathapuram (25),Urban,45-49,25315,13415,11900,289,178,111,23198,12989,10209,1585,189,1396,198,45,153,45,14,31,0,0,0
33,626,District - Ramanathapuram (25),Urban,50-54,19007,9890,9117,228,129,99,16736,9509,7227,1886,212,1674,124,32,92,33,8,25,0,0,0
33,626,District - Ramanathapuram (25),Urban,55-59,15354,7924,7430,179,99,80,12875,7508,5367,2194,296,1898,91,18,73,15,3,12,0,0,0
33,626,District - Ramanathapuram (25),Urban,60-64,13505,6915,6590,176,74,102,10140,6383,3757,3085,430,2655,91,26,65,13,2,11,0,0,0
33,626,District - Ramanathapuram (25),Urban,65-69,8476,4073,4403,125,57,68,5598,3550,2048,2695,453,2242,51,9,42,7,4,3,0,0,0
33,626,District - Ramanathapuram (25),Urban,70-74,6265,3103,3162,104,45,59,3620,2563,1057,2498,481,2017,35,11,24,8,3,5,0,0,0
33,626,District - Ramanathapuram (25),Urban,75-79,2986,1478,1508,40,17,23,1551,1126,425,1383,328,1055,12,7,5,0,0,0,0,0,0
33,626,District - Ramanathapuram (25),Urban,80+,3204,1392,1812,119,68,51,1206,858,348,1853,458,1395,22,8,14,4,0,4,0,0,0
33,626,District - Ramanathapuram (25),Urban,Age not stated,922,543,379,480,329,151,423,204,219,17,8,9,2,2,0,0,0,0,0,0,0
33,626,District - Ramanathapuram (25),Urban,Less than 18,125936,64688,61248,123850,64182,59668,2018,475,1543,40,11,29,23,17,6,5,3,2,0,0,0
33,626,District - Ramanathapuram (25),Urban,Less than 21,149420,76291,73129,143089,75179,67910,6215,1071,5144,64,20,44,42,18,24,10,3,7,0,0,0
33,627,District - Thoothukkudi (26),Total,All ages,1750176,865021,885155,754783,417071,337712,867319,425566,441753,115754,19321,96433,10611,2573,8038,1709,490,1219,0,0,0
33,627,District - Thoothukkudi (26),Total,0-9,271954,138174,133780,271954,138174,133780,0,0,0,0,0,0,0,0,0,0,0,0,0,0,0
33,627,District - Thoothukkudi (26),Total,10-14,156521,80031,76490,154812,79617,75195,1574,371,1203,75,21,54,58,22,36,2,0,2,0,0,0
33,627,District - Thoothukkudi (26),Total,15-19,151939,76599,75340,143371,75327,68044,8380,1220,7160,101,24,77,79,28,51,8,0,8,0,0,0
33,627,District - Thoothukkudi (26),Total,20-24,151330,74026,77304,104192,64694,39498,46381,9228,37153,400,50,350,297,50,247,60,4,56,0,0,0
33,627,District - Thoothukkudi (26),Total,25-29,155973,77423,78550,53404,40646,12758,100418,36390,64028,1043,157,886,907,192,715,201,38,163,0,0,0
33,627,District - Thoothukkudi (26),Total,30-34,135568,67674,67894,14019,11077,2942,117750,55866,61884,2174,342,1832,1327,301,1026,298,88,210,0,0,0
33,627,District - Thoothukkudi (26),Total,35-39,132448,63874,68574,4061,2802,1259,122638,60134,62504,3774,466,3308,1652,372,1280,323,100,223,0,0,0
33,627,District - Thoothukkudi (26),Total,40-44,121103,59454,61649,2238,1365,873,111151,57001,54150,5845,639,5206,1570,360,1210,299,89,210,0,0,0
33,627,District - Thoothukkudi (26),Total,45-49,110258,54863,55395,1399,777,622,99061,52717,46344,8194,986,7208,1412,328,1084,192,55,137,0,0,0
33,627,District - Thoothukkudi (26),Total,50-54,87294,43292,44002,1090,551,539,75191,41151,34040,9902,1306,8596,996,241,755,115,43,72,0,0,0
33,627,District - Thoothukkudi (26),Total,55-59,74886,36135,38751,779,364,415,61584,33966,27618,11670,1595,10075,795,189,606,58,21,37,0,0,0
33,627,District - Thoothukkudi (26),Total,60-64,68424,32182,36242,751,336,415,49995,29058,20937,17022,2582,14440,586,176,410,70,30,40,0,0,0
33,627,District - Thoothukkudi (26),Total,65-69,52731,24143,28588,529,238,291,34369,21040,13329,17374,2727,14647,421,128,293,38,10,28,0,0,0
33,627,District - Thoothukkudi (26),Total,70-74,38621,18082,20539,477,202,275,21133,14608,6525,16701,3173,13528,285,95,190,25,4,21,0,0,0
33,627,District - Thoothukkudi (26),Total,75-79,20377,9726,10651,242,117,125,10130,7285,2845,9879,2268,7611,118,52,66,8,4,4,0,0,0
33,627,District - Thoothukkudi (26),Total,80+,19041,8475,10566,497,242,255,6962,5238,1724,11479,2960,8519,94,32,62,9,3,6,0,0,0
33,627,District - Thoothukkudi (26),Total,Age not stated,1708,868,840,968,542,426,602,293,309,121,25,96,14,7,7,3,1,2,0,0,0
33,627,District - Thoothukkudi (26),Total,Less than 18,519664,264409,255255,514618,263366,251252,4814,969,3845,134,33,101,95,41,54,3,0,3,0,0,0
33,627,District - Thoothukkudi (26),Total,Less than 21,612544,310643,301901,595893,307849,288044,16241,2686,13555,226,52,174,171,55,116,13,1,12,0,0,0
33,627,District - Thoothukkudi (26),Rural,All ages,873374,430361,443013,378851,210735,168116,422443,207037,215406,65290,10953,54337,5952,1404,4548,838,232,606,0,0,0
33,627,District - Thoothukkudi (26),Rural,0-9,135390,69041,66349,135390,69041,66349,0,0,0,0,0,0,0,0,0,0,0,0,0,0,0
33,627,District - Thoothukkudi (26),Rural,10-14,78720,40229,38491,77828,40012,37816,802,188,614,52,14,38,37,15,22,1,0,1,0,0,0
33,627,District - Thoothukkudi (26),Rural,15-19,77774,39452,38322,73075,38781,34294,4589,645,3944,63,16,47,41,10,31,6,0,6,0,0,0
33,627,District - Thoothukkudi (26),Rural,20-24,77206,38559,38647,52713,33577,19136,24058,4917,19141,225,33,192,173,29,144,37,3,34,0,0,0
33,627,District - Thoothukkudi (26),Rural,25-29,77413,39249,38164,26595,20311,6284,49596,18724,30872,615,92,523,504,104,400,103,18,85,0,0,0
33,627,District - Thoothukkudi (26),Rural,30-34,63759,32303,31456,6752,5334,1418,54903,26595,28308,1219,169,1050,729,162,567,156,43,113,0,0,0
33,627,District - Thoothukkudi (26),Rural,35-39,62004,29556,32448,1921,1299,622,56951,27787,29164,2039,233,1806,940,194,746,153,43,110,0,0,0
33,627,District - Thoothukkudi (26),Rural,40-44,56838,27439,29399,1112,630,482,51512,26247,25265,3213,335,2878,869,188,681,132,39,93,0,0,0
33,627,District - Thoothukkudi (26),Rural,45-49,53047,25805,27242,660,346,314,47024,24707,22317,4476,553,3923,797,176,621,90,23,67,0,0,0
33,627,District - Thoothukkudi (26),Rural,50-54,42108,20286,21822,522,254,268,35741,19181,16560,5239,686,4553,550,141,409,56,24,32,0,0,0
33,627,District - Thoothukkudi (26),Rural,55-59,37346,17243,20103,383,185,198,30249,16121,14128,6259,833,5426,432,97,335,23,7,16,0,0,0
33,627,District - Thoothukkudi (26),Rural,60-64,36440,16355,20085,341,147,194,25982,14670,11312,9761,1420,8341,322,101,221,34,17,17,0,0,0
33,627,District - Thoothukkudi (26),Rural,65-69,30198,13554,16644,286,141,145,19269,11687,7582,10352,1639,8713,273,81,192,18,6,12,0,0,0
33,627,District - Thoothukkudi (26),Rural,70-74,22284,10442,11842,255,119,136,11938,8330,3608,9906,1929,7977,168,61,107,17,3,14,0,0,0
33,627,District - Thoothukkudi (26),Rural,75-79,11298,5496,5802,109,62,47,5631,4093,1538,5493,1313,4180,61,26,35,4,2,2,0,0,0
33,627,District - Thoothukkudi (26),Rural,80+,10430,4791,5639,230,123,107,3849,2978,871,6296,1670,4626,49,17,32,6,3,3,0,0,0
33,627,District - Thoothukkudi (26),Rural,Age not stated,1119,561,558,679,373,306,349,167,182,82,18,64,7,2,5,2,1,1,0,0,0
33,627,District - Thoothukkudi (26),Rural,Less than 18,260649,132889,127760,257899,132335,125564,2604,510,2094,92,23,69,53,21,32,1,0,1,0,0,0
33,627,District - Thoothukkudi (26),Rural,Less than 21,308386,157003,151383,299336,155541,143795,8806,1400,7406,139,34,105,97,28,69,8,0,8,0,0,0
33,627,District - Thoothukkudi (26),Urban,All ages,876802,434660,442142,375932,206336,169596,444876,218529,226347,50464,8368,42096,4659,1169,3490,871,258,613,0,0,0
33,627,District - Thoothukkudi (26),Urban,0-9,136564,69133,67431,136564,69133,67431,0,0,0,0,0,0,0,0,0,0,0,0,0,0,0
33,627,District - Thoothukkudi (26),Urban,10-14,77801,39802,37999,76984,39605,37379,772,183,589,23,7,16,21,7,14,1,0,1,0,0,0
33,627,District - Thoothukkudi (26),Urban,15-19,74165,37147,37018,70296,36546,33750,3791,575,3216,38,8,30,38,18,20,2,0,2,0,0,0
33,627,District - Thoothukkudi (26),Urban,20-24,74124,35467,38657,51479,31117,20362,22323,4311,18012,175,17,158,124,21,103,23,1,22,0,0,0
33,627,District - Thoothukkudi (26),Urban,25-29,78560,38174,40386,26809,20335,6474,50822,17666,33156,428,65,363,403,88,315,98,20,78,0,0,0
33,627,District - Thoothukkudi (26),Urban,30-34,71809,35371,36438,7267,5743,1524,62847,29271,33576,955,173,782,598,139,459,142,45,97,0,0,0
33,627,District - Thoothukkudi (26),Urban,35-39,70444,34318,36126,2140,1503,637,65687,32347,33340,1735,233,1502,712,178,534,170,57,113,0,0,0
33,627,District - Thoothukkudi (26),Urban,40-44,64265,32015,32250,1126,735,391,59639,30754,28885,2632,304,2328,701,172,529,167,50,117,0,0,0
33,627,District - Thoothukkudi (26),Urban,45-49,57211,29058,28153,739,431,308,52037,28010,24027,3718,433,3285,615,152,463,102,32,70,0,0,0
33,627,District - Thoothukkudi (26),Urban,50-54,45186,23006,22180,568,297,271,39450,21970,17480,4663,620,4043,446,100,346,59,19,40,0,0,0
33,627,District - Thoothukkudi (26),Urban,55-59,37540,18892,18648,396,179,217,31335,17845,13490,5411,762,4649,363,92,271,35,14,21,0,0,0
33,627,District - Thoothukkudi (26),Urban,60-64,31984,15827,16157,410,189,221,24013,14388,9625,7261,1162,6099,264,75,189,36,13,23,0,0,0
33,627,District - Thoothukkudi (26),Urban,65-69,22533,10589,11944,243,97,146,15100,9353,5747,7022,1088,5934,148,47,101,20,4,16,0,0,0
33,627,District - Thoothukkudi (26),Urban,70-74,16337,7640,8697,222,83,139,9195,6278,2917,6795,1244,5551,117,34,83,8,1,7,0,0,0
33,627,District - Thoothukkudi (26),Urban,75-79,9079,4230,4849,133,55,78,4499,3192,1307,4386,955,3431,57,26,31,4,2,2,0,0,0
33,627,District - Thoothukkudi (26),Urban,80+,8611,3684,4927,267,119,148,3113,2260,853,5183,1290,3893,45,15,30,3,0,3,0,0,0
33,627,District - Thoothukkudi (26),Urban,Age not stated,589,307,282,289,169,120,253,126,127,39,7,32,7,5,2,1,0,1,0,0,0
33,627,District - Thoothukkudi (26),Urban,Less than 18,259015,131520,127495,256719,131031,125688,2210,459,1751,42,10,32,42,20,22,2,0,2,0,0,0
33,627,District - Thoothukkudi (26),Urban,Less than 21,304158,153640,150518,296557,152308,144249,7435,1286,6149,87,18,69,74,27,47,5,1,4,0,0,0
33,628,District - Tirunelveli  (27),Total,All ages,3077233,1520912,1556321,1288156,715626,572530,1566604,768020,798584,203397,32814,170583,15891,3679,12212,3185,773,2412,0,0,0
33,628,District - Tirunelveli  (27),Total,0-9,474463,241938,232525,474463,241938,232525,0,0,0,0,0,0,0,0,0,0,0,0,0,0,0
33,628,District - Tirunelveli  (27),Total,10-14,271801,139133,132668,268585,138277,130308,2992,774,2218,108,28,80,109,52,57,7,2,5,0,0,0
33,628,District - Tirunelveli  (27),Total,15-19,269329,137028,132301,251585,134416,117169,17363,2500,14863,217,53,164,147,54,93,17,5,12,0,0,0
33,628,District - Tirunelveli  (27),Total,20-24,264635,129792,134843,172777,111198,61579,90573,18369,72204,647,93,554,537,116,421,101,16,85,0,0,0
33,628,District - Tirunelveli  (27),Total,25-29,274049,134937,139112,81433,64146,17287,189067,70177,118890,1812,252,1560,1388,295,1093,349,67,282,0,0,0
33,628,District - Tirunelveli  (27),Total,30-34,240296,119492,120804,19161,14803,4358,214953,103585,111368,3684,497,3187,1926,452,1474,572,155,417,0,0,0
33,628,District - Tirunelveli  (27),Total,35-39,232536,112789,119747,6138,3980,2158,216951,107431,109520,6468,689,5779,2431,562,1869,548,127,421,0,0,0
33,628,District - Tirunelveli  (27),Total,40-44,210378,103659,106719,3372,1897,1475,194426,100080,94346,9744,1049,8695,2346,509,1837,490,124,366,0,0,0
33,628,District - Tirunelveli  (27),Total,45-49,192919,95894,97025,2339,1153,1186,174251,92647,81604,13847,1542,12305,2082,452,1630,400,100,300,0,0,0
33,628,District - Tirunelveli  (27),Total,50-54,158940,77764,81176,1711,790,921,137329,74399,62930,18089,2186,15903,1564,328,1236,247,61,186,0,0,0
33,628,District - Tirunelveli  (27),Total,55-59,136585,65612,70973,1360,598,762,112419,61913,50506,21558,2801,18757,1103,253,850,145,47,98,0,0,0
33,628,District - Tirunelveli  (27),Total,60-64,120490,57018,63472,1277,510,767,88496,51960,36536,29656,4306,25350,928,209,719,133,33,100,0,0,0
33,628,District - Tirunelveli  (27),Total,65-69,91295,41956,49339,937,406,531,59910,36647,23263,29805,4730,25075,571,154,417,72,19,53,0,0,0
33,628,District - Tirunelveli  (27),Total,70-74,67050,31490,35560,678,276,402,37117,25491,11626,28805,5592,23213,396,123,273,54,8,46,0,0,0
33,628,District - Tirunelveli  (27),Total,75-79,35551,16526,19025,374,161,213,17635,12565,5070,17350,3737,13613,174,62,112,18,1,17,0,0,0
33,628,District - Tirunelveli  (27),Total,80+,34652,14703,19949,677,317,360,12350,9102,3248,21429,5227,16202,167,50,117,29,7,22,0,0,0
33,628,District - Tirunelveli  (27),Total,Age not stated,2264,1181,1083,1289,760,529,772,380,392,178,32,146,22,8,14,3,1,2,0,0,0
33,628,District - Tirunelveli  (27),Total,Less than 18,907457,463395,444062,897303,461229,436074,9702,2016,7686,245,59,186,194,86,108,13,5,8,0,0,0
33,628,District - Tirunelveli  (27),Total,Less than 21,1072642,546421,526221,1038815,540695,498120,33037,5505,27532,434,92,342,325,121,204,31,8,23,0,0,0
33,628,District - Tirunelveli  (27),Rural,All ages,1557004,768728,788276,661160,366537,294623,779902,382069,397833,106023,17813,88210,8500,1975,6525,1419,334,1085,0,0,0
33,628,District - Tirunelveli  (27),Rural,0-9,246888,125726,121162,246888,125726,121162,0,0,0,0,0,0,0,0,0,0,0,0,0,0,0
33,628,District - Tirunelveli  (27),Rural,10-14,140247,71859,68388,138643,71447,67196,1490,371,1119,54,15,39,57,25,32,3,1,2,0,0,0
33,628,District - Tirunelveli  (27),Rural,15-19,138564,71069,67495,129709,69727,59982,8650,1287,7363,112,28,84,82,24,58,11,3,8,0,0,0
33,628,District - Tirunelveli  (27),Rural,20-24,136119,67368,68751,87800,56998,30802,47582,10237,37345,369,53,316,311,68,243,57,12,45,0,0,0
33,628,District - Tirunelveli  (27),Rural,25-29,140916,70068,70848,39802,31378,8424,99100,38312,60788,1071,157,914,765,184,581,178,37,141,0,0,0
33,628,District - Tirunelveli  (27),Rural,30-34,119540,59838,59702,8592,6515,2077,107616,52749,54867,2051,288,1763,1029,212,817,252,74,178,0,0,0
33,628,District - Tirunelveli  (27),Rural,35-39,114449,55122,59327,2663,1581,1082,106690,52842,53848,3555,362,3193,1292,290,1002,249,47,202,0,0,0
33,628,District - Tirunelveli  (27),Rural,40-44,101936,49932,52004,1565,776,789,93780,48274,45506,5149,573,4576,1240,261,979,202,48,154,0,0,0
33,628,District - Tirunelveli  (27),Rural,45-49,94871,46523,48348,1157,490,667,84994,44866,40128,7409,874,6535,1126,253,873,185,40,145,0,0,0
33,628,District - Tirunelveli  (27),Rural,50-54,77834,37431,40403,837,345,492,66666,35695,30971,9405,1192,8213,828,175,653,98,24,74,0,0,0
33,628,District - Tirunelveli  (27),Rural,55-59,67369,31531,35838,679,268,411,54827,29568,25259,11209,1540,9669,592,135,457,62,20,42,0,0,0
33,628,District - Tirunelveli  (27),Rural,60-64,60731,28254,32477,652,241,411,43914,25495,18419,15626,2376,13250,486,130,356,53,12,41,0,0,0
33,628,District - Tirunelveli  (27),Rural,65-69,47467,21633,25834,491,203,288,30742,18643,12099,15909,2692,13217,300,88,212,25,7,18,0,0,0
33,628,District - Tirunelveli  (27),Rural,70-74,34320,16122,18198,337,130,207,18704,12857,5847,15051,3070,11981,207,63,144,21,2,19,0,0,0
33,628,District - Tirunelveli  (27),Rural,75-79,17501,8281,9220,187,77,110,8670,6197,2473,8543,1974,6569,93,33,60,8,0,8,0,0,0
33,628,District - Tirunelveli  (27),Rural,80+,16865,7256,9609,335,165,170,6034,4459,1575,10407,2599,7808,75,27,48,14,6,8,0,0,0
33,628,District - Tirunelveli  (27),Rural,Age not stated,1387,715,672,823,470,353,443,217,226,103,20,83,17,7,10,1,1,0,0,0,0
33,628,District - Tirunelveli  (27),Rural,Less than 18,469922,240051,229871,464838,238988,225850,4850,991,3859,122,32,90,105,37,68,7,3,4,0,0,0
33,628,District - Tirunelveli  (27),Rural,Less than 21,555229,283500,271729,538244,280595,257649,16562,2796,13766,225,48,177,181,57,124,17,4,13,0,0,0
33,628,District - Tirunelveli  (27),Urban,All ages,1520229,752184,768045,626996,349089,277907,786702,385951,400751,97374,15001,82373,7391,1704,5687,1766,439,1327,0,0,0
33,628,District - Tirunelveli  (27),Urban,0-9,227575,116212,111363,227575,116212,111363,0,0,0,0,0,0,0,0,0,0,0,0,0,0,0
33,628,District - Tirunelveli  (27),Urban,10-14,131554,67274,64280,129942,66830,63112,1502,403,1099,54,13,41,52,27,25,4,1,3,0,0,0
33,628,District - Tirunelveli  (27),Urban,15-19,130765,65959,64806,121876,64689,57187,8713,1213,7500,105,25,80,65,30,35,6,2,4,0,0,0
33,628,District - Tirunelveli  (27),Urban,20-24,128516,62424,66092,84977,54200,30777,42991,8132,34859,278,40,238,226,48,178,44,4,40,0,0,0
33,628,District - Tirunelveli  (27),Urban,25-29,133133,64869,68264,41631,32768,8863,89967,31865,58102,741,95,646,623,111,512,171,30,141,0,0,0
33,628,District - Tirunelveli  (27),Urban,30-34,120756,59654,61102,10569,8288,2281,107337,50836,56501,1633,209,1424,897,240,657,320,81,239,0,0,0
33,628,District - Tirunelveli  (27),Urban,35-39,118087,57667,60420,3475,2399,1076,110261,54589,55672,2913,327,2586,1139,272,867,299,80,219,0,0,0
33,628,District - Tirunelveli  (27),Urban,40-44,108442,53727,54715,1807,1121,686,100646,51806,48840,4595,476,4119,1106,248,858,288,76,212,0,0,0
33,628,District - Tirunelveli  (27),Urban,45-49,98048,49371,48677,1182,663,519,89257,47781,41476,6438,668,5770,956,199,757,215,60,155,0,0,0
33,628,District - Tirunelveli  (27),Urban,50-54,81106,40333,40773,874,445,429,70663,38704,31959,8684,994,7690,736,153,583,149,37,112,0,0,0
33,628,District - Tirunelveli  (27),Urban,55-59,69216,34081,35135,681,330,351,57592,32345,25247,10349,1261,9088,511,118,393,83,27,56,0,0,0
33,628,District - Tirunelveli  (27),Urban,60-64,59759,28764,30995,625,269,356,44582,26465,18117,14030,1930,12100,442,79,363,80,21,59,0,0,0
33,628,District - Tirunelveli  (27),Urban,65-69,43828,20323,23505,446,203,243,29168,18004,11164,13896,2038,11858,271,66,205,47,12,35,0,0,0
33,628,District - Tirunelveli  (27),Urban,70-74,32730,15368,17362,341,146,195,18413,12634,5779,13754,2522,11232,189,60,129,33,6,27,0,0,0
33,628,District - Tirunelveli  (27),Urban,75-79,18050,8245,9805,187,84,103,8965,6368,2597,8807,1763,7044,81,29,52,10,1,9,0,0,0
33,628,District - Tirunelveli  (27),Urban,80+,17787,7447,10340,342,152,190,6316,4643,1673,11022,2628,8394,92,23,69,15,1,14,0,0,0
33,628,District - Tirunelveli  (27),Urban,Age not stated,877,466,411,466,290,176,329,163,166,75,12,63,5,1,4,2,0,2,0,0,0
33,628,District - Tirunelveli  (27),Urban,Less than 18,437535,223344,214191,432465,222241,210224,4852,1025,3827,123,27,96,89,49,40,6,2,4,0,0,0
33,628,District - Tirunelveli  (27),Urban,Less than 21,517413,262921,254492,500571,260100,240471,16475,2709,13766,209,44,165,144,64,80,14,4,10,0,0,0
33,629,District - Kanniyakumari (28),Total,All ages,1870374,926345,944029,774177,431484,342693,977213,473644,503569,109266,18737,90529,8445,2113,6332,1273,367,906,0,0,0
33,629,District - Kanniyakumari (28),Total,0-9,265267,134792,130475,265267,134792,130475,0,0,0,0,0,0,0,0,0,0,0,0,0,0,0
33,629,District - Kanniyakumari (28),Total,10-14,152553,77303,75250,150083,76595,73488,2291,645,1646,94,29,65,83,34,49,2,0,2,0,0,0
33,629,District - Kanniyakumari (28),Total,15-19,147984,75230,72754,140113,73651,66462,7665,1515,6150,118,24,94,81,36,45,7,4,3,0,0,0
33,629,District - Kanniyakumari (28),Total,20-24,155169,75556,79613,114044,68088,45956,40559,7382,33177,344,45,299,195,39,156,27,2,25,0,0,0
33,629,District - Kanniyakumari (28),Total,25-29,166079,80272,85807,64921,50797,14124,99632,29221,70411,894,144,750,528,95,433,104,15,89,0,0,0
33,629,District - Kanniyakumari (28),Total,30-34,154029,76152,77877,19252,16072,3180,131787,59516,72271,1845,293,1552,931,211,720,214,60,154,0,0,0
33,629,District - Kanniyakumari (28),Total,35-39,146970,71861,75109,5699,4145,1554,136748,66940,69808,3064,405,2659,1221,298,923,238,73,165,0,0,0
33,629,District - Kanniyakumari (28),Total,40-44,131835,65340,66495,3260,2027,1233,122319,62438,59881,4777,496,4281,1278,307,971,201,72,129,0,0,0
33,629,District - Kanniyakumari (28),Total,45-49,123714,61620,62094,2358,1212,1146,112865,59258,53607,7118,789,6329,1215,320,895,158,41,117,0,0,0
33,629,District - Kanniyakumari (28),Total,50-54,104227,51148,53079,2241,1007,1234,91484,48744,42740,9491,1156,8335,898,210,688,113,31,82,0,0,0
33,629,District - Kanniyakumari (28),Total,55-59,94053,45540,48513,1767,768,999,79184,42882,36302,12274,1684,10590,740,179,561,88,27,61,0,0,0
33,629,District - Kanniyakumari (28),Total,60-64,79031,38865,40166,1603,668,935,61278,35700,25578,15584,2346,13238,515,133,382,51,18,33,0,0,0
33,629,District - Kanniyakumari (28),Total,65-69,58667,28480,30187,1095,467,628,41451,25276,16175,15749,2606,13143,344,123,221,28,8,20,0,0,0
33,629,District - Kanniyakumari (28),Total,70-74,40898,20314,20584,744,305,439,25621,17051,8570,14300,2874,11426,209,74,135,24,10,14,0,0,0
33,629,District - Kanniyakumari (28),Total,75-79,24627,12025,12602,478,216,262,13656,9523,4133,10384,2258,8126,100,25,75,9,3,6,0,0,0
33,629,District - Kanniyakumari (28),Total,80+,24346,11346,13000,741,358,383,10334,7385,2949,13161,3572,9589,102,29,73,8,2,6,0,0,0
33,629,District - Kanniyakumari (28),Total,Age not stated,925,501,424,511,316,195,339,168,171,69,16,53,5,0,5,1,1,0,0,0,0
33,629,District - Kanniyakumari (28),Total,Less than 18,506978,257569,249409,500707,255998,244709,5968,1472,4496,167,45,122,130,51,79,6,3,3,0,0,0
33,629,District - Kanniyakumari (28),Total,Less than 21,596967,302850,294117,581713,299490,282223,14786,3219,11567,270,60,210,188,76,112,10,5,5,0,0,0
33,629,District - Kanniyakumari (28),Rural,All ages,330572,164938,165634,137593,77208,60385,172089,83743,88346,19258,3577,15681,1423,345,1078,209,65,144,0,0,0
33,629,District - Kanniyakumari (28),Rural,0-9,48385,24664,23721,48385,24664,23721,0,0,0,0,0,0,0,0,0,0,0,0,0,0,0
33,629,District - Kanniyakumari (28),Rural,10-14,27293,13865,13428,26836,13737,13099,433,120,313,12,4,8,11,4,7,1,0,1,0,0,0
33,629,District - Kanniyakumari (28),Rural,15-19,26604,13628,12976,24961,13305,11656,1612,311,1301,22,8,14,7,2,5,2,2,0,0,0,0
33,629,District - Kanniyakumari (28),Rural,20-24,28045,13818,14227,19844,12160,7684,8095,1645,6450,67,6,61,34,7,27,5,0,5,0,0,0
33,629,District - Kanniyakumari (28),Rural,25-29,30445,15098,15347,11346,9025,2321,18799,6016,12783,213,42,171,78,14,64,9,1,8,0,0,0
33,629,District - Kanniyakumari (28),Rural,30-34,27333,13765,13568,3030,2543,487,23710,11110,12600,379,70,309,172,31,141,42,11,31,0,0,0
33,629,District - Kanniyakumari (28),Rural,35-39,25191,12408,12783,842,589,253,23468,11636,11832,634,126,508,214,49,165,33,8,25,0,0,0
33,629,District - Kanniyakumari (28),Rural,40-44,22256,11096,11160,526,328,198,20568,10592,9976,896,114,782,229,49,180,37,13,24,0,0,0
33,629,District - Kanniyakumari (28),Rural,45-49,21237,10382,10855,353,188,165,19307,9973,9334,1343,162,1181,202,48,154,32,11,21,0,0,0
33,629,District - Kanniyakumari (28),Rural,50-54,18070,8783,9287,330,142,188,15873,8347,7526,1704,251,1453,144,38,106,19,5,14,0,0,0
33,629,District - Kanniyakumari (28),Rural,55-59,16612,8195,8417,285,131,154,14022,7699,6323,2175,332,1843,118,27,91,12,6,6,0,0,0
33,629,District - Kanniyakumari (28),Rural,60-64,13542,6753,6789,240,102,138,10566,6142,4424,2638,478,2160,93,30,63,5,1,4,0,0,0
33,629,District - Kanniyakumari (28),Rural,65-69,10183,4958,5225,169,84,85,7174,4356,2818,2773,485,2288,63,31,32,4,2,2,0,0,0
33,629,District - Kanniyakumari (28),Rural,70-74,6921,3446,3475,122,48,74,4327,2891,1436,2434,496,1938,34,10,24,4,1,3,0,0,0
33,629,District - Kanniyakumari (28),Rural,75-79,4184,2093,2091,72,31,41,2304,1633,671,1796,425,1371,10,2,8,2,2,0,0,0,0
33,629,District - Kanniyakumari (28),Rural,80+,4034,1868,2166,135,62,73,1730,1227,503,2156,575,1581,12,3,9,1,1,0,0,0,0
33,629,District - Kanniyakumari (28),Rural,Age not stated,237,118,119,117,69,48,101,45,56,16,3,13,2,0,2,1,1,0,0,0,0
33,629,District - Kanniyakumari (28),Rural,Less than 18,91711,46814,44897,90458,46504,43954,1210,293,917,25,10,15,16,6,10,2,1,1,0,0,0
33,629,District - Kanniyakumari (28),Rural,Less than 21,107967,55006,52961,104839,54321,50518,3062,663,2399,41,12,29,22,8,14,3,2,1,0,0,0
33,629,District - Kanniyakumari (28),Urban,All ages,1539802,761407,778395,636584,354276,282308,805124,389901,415223,90008,15160,74848,7022,1768,5254,1064,302,762,0,0,0
33,629,District - Kanniyakumari (28),Urban,0-9,216882,110128,106754,216882,110128,106754,0,0,0,0,0,0,0,0,0,0,0,0,0,0,0
33,629,District - Kanniyakumari (28),Urban,10-14,125260,63438,61822,123247,62858,60389,1858,525,1333,82,25,57,72,30,42,1,0,1,0,0,0
33,629,District - Kanniyakumari (28),Urban,15-19,121380,61602,59778,115152,60346,54806,6053,1204,4849,96,16,80,74,34,40,5,2,3,0,0,0
33,629,District - Kanniyakumari (28),Urban,20-24,127124,61738,65386,94200,55928,38272,32464,5737,26727,277,39,238,161,32,129,22,2,20,0,0,0
33,629,District - Kanniyakumari (28),Urban,25-29,135634,65174,70460,53575,41772,11803,80833,23205,57628,681,102,579,450,81,369,95,14,81,0,0,0
33,629,District - Kanniyakumari (28),Urban,30-34,126696,62387,64309,16222,13529,2693,108077,48406,59671,1466,223,1243,759,180,579,172,49,123,0,0,0
33,629,District - Kanniyakumari (28),Urban,35-39,121779,59453,62326,4857,3556,1301,113280,55304,57976,2430,279,2151,1007,249,758,205,65,140,0,0,0
33,629,District - Kanniyakumari (28),Urban,40-44,109579,54244,55335,2734,1699,1035,101751,51846,49905,3881,382,3499,1049,258,791,164,59,105,0,0,0
33,629,District - Kanniyakumari (28),Urban,45-49,102477,51238,51239,2005,1024,981,93558,49285,44273,5775,627,5148,1013,272,741,126,30,96,0,0,0
33,629,District - Kanniyakumari (28),Urban,50-54,86157,42365,43792,1911,865,1046,75611,40397,35214,7787,905,6882,754,172,582,94,26,68,0,0,0
33,629,District - Kanniyakumari (28),Urban,55-59,77441,37345,40096,1482,637,845,65162,35183,29979,10099,1352,8747,622,152,470,76,21,55,0,0,0
33,629,District - Kanniyakumari (28),Urban,60-64,65489,32112,33377,1363,566,797,50712,29558,21154,12946,1868,11078,422,103,319,46,17,29,0,0,0
33,629,District - Kanniyakumari (28),Urban,65-69,48484,23522,24962,926,383,543,34277,20920,13357,12976,2121,10855,281,92,189,24,6,18,0,0,0
33,629,District - Kanniyakumari (28),Urban,70-74,33977,16868,17109,622,257,365,21294,14160,7134,11866,2378,9488,175,64,111,20,9,11,0,0,0
33,629,District - Kanniyakumari (28),Urban,75-79,20443,9932,10511,406,185,221,11352,7890,3462,8588,1833,6755,90,23,67,7,1,6,0,0,0
33,629,District - Kanniyakumari (28),Urban,80+,20312,9478,10834,606,296,310,8604,6158,2446,11005,2997,8008,90,26,64,7,1,6,0,0,0
33,629,District - Kanniyakumari (28),Urban,Age not stated,688,383,305,394,247,147,238,123,115,53,13,40,3,0,3,0,0,0,0,0,0
33,629,District - Kanniyakumari (28),Urban,Less than 18,415267,210755,204512,410249,209494,200755,4758,1179,3579,142,35,107,114,45,69,4,2,2,0,0,0
33,629,District - Kanniyakumari (28),Urban,Less than 21,489000,247844,241156,476874,245169,231705,11724,2556,9168,229,48,181,166,68,98,7,3,4,0,0,0
33,630,District - Dharmapuri (29),Total,All ages,1506843,774303,732540,631087,375510,255577,775887,382289,393598,89003,14070,74933,9715,2165,7550,1151,269,882,0,0,0
33,630,District - Dharmapuri (29),Total,0-9,245544,128251,117293,245544,128251,117293,0,0,0,0,0,0,0,0,0,0,0,0,0,0,0
33,630,District - Dharmapuri (29),Total,10-14,147444,80099,67345,145310,79352,65958,1943,668,1275,80,27,53,106,51,55,5,1,4,0,0,0
33,630,District - Dharmapuri (29),Total,15-19,140167,78059,62108,124249,76219,48030,15561,1746,13815,185,53,132,157,41,116,15,0,15,0,0,0
33,630,District - Dharmapuri (29),Total,20-24,134973,70001,64972,71165,55617,15548,62635,14190,48445,549,89,460,544,93,451,80,12,68,0,0,0
33,630,District - Dharmapuri (29),Total,25-29,136058,67769,68289,29577,25489,4088,103778,41840,61938,1486,213,1273,1025,187,838,192,40,152,0,0,0
33,630,District - Dharmapuri (29),Total,30-34,114319,57521,56798,7572,6174,1398,102694,50690,52004,2557,340,2217,1317,265,1052,179,52,127,0,0,0
33,630,District - Dharmapuri (29),Total,35-39,121668,57756,63912,2628,1788,840,112814,55129,57685,4513,499,4014,1512,289,1223,201,51,150,0,0,0
33,630,District - Dharmapuri (29),Total,40-44,101962,52360,49602,1350,754,596,93474,50610,42864,5614,679,4935,1374,287,1087,150,30,120,0,0,0
33,630,District - Dharmapuri (29),Total,45-49,96379,49584,46795,905,484,421,86440,47818,38622,7695,976,6719,1211,273,938,128,33,95,0,0,0
33,630,District - Dharmapuri (29),Total,50-54,69338,35666,33672,605,301,304,59497,34090,25407,8376,1089,7287,791,170,621,69,16,53,0,0,0
33,630,District - Dharmapuri (29),Total,55-59,57583,28577,29006,431,203,228,47672,27055,20617,8895,1172,7723,537,138,399,48,9,39,0,0,0
33,630,District - Dharmapuri (29),Total,60-64,53537,26285,27252,406,167,239,38704,23955,14749,13914,2020,11894,479,136,343,34,7,27,0,0,0
33,630,District - Dharmapuri (29),Total,65-69,34631,16239,18392,349,161,188,22827,14235,8592,11152,1744,9408,283,93,190,20,6,14,0,0,0
33,630,District - Dharmapuri (29),Total,70-74,26216,13085,13131,232,104,128,15127,10918,4209,10646,1985,8661,197,72,125,14,6,8,0,0,0
33,630,District - Dharmapuri (29),Total,75-79,12193,5945,6248,108,47,61,6501,4634,1867,5494,1227,4267,85,36,49,5,1,4,0,0,0
33,630,District - Dharmapuri (29),Total,80+,14038,6681,7357,208,131,77,5937,4568,1369,7791,1944,5847,91,33,58,11,5,6,0,0,0
33,630,District - Dharmapuri (29),Total,Age not stated,793,425,368,448,268,180,283,143,140,56,13,43,6,1,5,0,0,0,0,0,0
33,630,District - Dharmapuri (29),Total,Less than 18,476458,255204,221254,470026,253567,216459,6065,1497,4568,192,65,127,167,74,93,8,1,7,0,0,0
33,630,District - Dharmapuri (29),Total,Less than 21,565091,302647,262444,535252,298612,236640,29087,3831,25256,358,96,262,357,107,250,37,1,36,0,0,0
33,630,District - Dharmapuri (29),Rural,All ages,1245931,643215,602716,521942,312973,208969,641920,316418,325502,73047,11809,61238,8096,1809,6287,926,206,720,0,0,0
33,630,District - Dharmapuri (29),Rural,0-9,205973,107883,98090,205973,107883,98090,0,0,0,0,0,0,0,0,0,0,0,0,0,0,0
33,630,District - Dharmapuri (29),Rural,10-14,123029,67392,55637,121299,66766,54533,1571,561,1010,63,20,43,91,44,47,5,1,4,0,0,0
33,630,District - Dharmapuri (29),Rural,15-19,116819,65870,50949,103138,64279,38859,13375,1511,11864,153,42,111,138,38,100,15,0,15,0,0,0
33,630,District - Dharmapuri (29),Rural,20-24,112109,58954,53155,57696,46364,11332,53440,12427,41013,452,72,380,453,80,373,68,11,57,0,0,0
33,630,District - Dharmapuri (29),Rural,25-29,112165,56334,55831,22792,20026,2766,87099,35936,51163,1258,182,1076,853,153,700,163,37,126,0,0,0
33,630,District - Dharmapuri (29),Rural,30-34,93087,46955,46132,5434,4495,939,84277,41925,42352,2151,277,1874,1086,218,868,139,40,99,0,0,0
33,630,District - Dharmapuri (29),Rural,35-39,99820,47390,52430,1862,1259,603,92855,45435,47420,3689,420,3269,1262,241,1021,152,35,117,0,0,0
33,630,District - Dharmapuri (29),Rural,40-44,83367,42725,40642,976,513,463,76510,41382,35128,4622,568,4054,1139,237,902,120,25,95,0,0,0
33,630,District - Dharmapuri (29),Rural,45-49,79088,40667,38421,666,346,320,71054,39231,31823,6256,832,5424,1008,235,773,104,23,81,0,0,0
33,630,District - Dharmapuri (29),Rural,50-54,56611,29061,27550,431,207,224,48634,27778,20856,6830,929,5901,660,138,522,56,9,47,0,0,0
33,630,District - Dharmapuri (29),Rural,55-59,46818,23099,23719,299,141,158,38860,21854,17006,7182,988,6194,444,112,332,33,4,29,0,0,0
33,630,District - Dharmapuri (29),Rural,60-64,44127,21527,22600,293,118,175,31900,19607,12293,11509,1684,9825,394,112,282,31,6,25,0,0,0
33,630,District - Dharmapuri (29),Rural,65-69,28887,13510,15377,264,120,144,19103,11832,7271,9256,1471,7785,248,81,167,16,6,10,0,0,0
33,630,District - Dharmapuri (29),Rural,70-74,21841,10996,10845,183,84,99,12689,9174,3515,8790,1672,7118,168,62,106,11,4,7,0,0,0
33,630,District - Dharmapuri (29),Rural,75-79,9965,4919,5046,76,34,42,5356,3834,1522,4461,1022,3439,69,28,41,3,1,2,0,0,0
33,630,District - Dharmapuri (29),Rural,80+,11517,5558,5959,154,96,58,4948,3809,1139,6328,1620,4708,77,29,48,10,4,6,0,0,0
33,630,District - Dharmapuri (29),Rural,Age not stated,708,375,333,406,242,164,249,122,127,47,10,37,6,1,5,0,0,0,0,0,0
33,630,District - Dharmapuri (29),Rural,Less than 18,398382,214700,183682,393080,213312,179768,4992,1270,3722,158,52,106,144,65,79,8,1,7,0,0,0
33,630,District - Dharmapuri (29),Rural,Less than 21,472622,254889,217733,447034,251435,195599,24958,3283,21675,293,75,218,306,95,211,31,1,30,0,0,0
33,630,District - Dharmapuri (29),Urban,All ages,260912,131088,129824,109145,62537,46608,133967,65871,68096,15956,2261,13695,1619,356,1263,225,63,162,0,0,0
33,630,District - Dharmapuri (29),Urban,0-9,39571,20368,19203,39571,20368,19203,0,0,0,0,0,0,0,0,0,0,0,0,0,0,0
33,630,District - Dharmapuri (29),Urban,10-14,24415,12707,11708,24011,12586,11425,372,107,265,17,7,10,15,7,8,0,0,0,0,0,0
33,630,District - Dharmapuri (29),Urban,15-19,23348,12189,11159,21111,11940,9171,2186,235,1951,32,11,21,19,3,16,0,0,0,0,0,0
33,630,District - Dharmapuri (29),Urban,20-24,22864,11047,11817,13469,9253,4216,9195,1763,7432,97,17,80,91,13,78,12,1,11,0,0,0
33,630,District - Dharmapuri (29),Urban,25-29,23893,11435,12458,6785,5463,1322,16679,5904,10775,228,31,197,172,34,138,29,3,26,0,0,0
33,630,District - Dharmapuri (29),Urban,30-34,21232,10566,10666,2138,1679,459,18417,8765,9652,406,63,343,231,47,184,40,12,28,0,0,0
33,630,District - Dharmapuri (29),Urban,35-39,21848,10366,11482,766,529,237,19959,9694,10265,824,79,745,250,48,202,49,16,33,0,0,0
33,630,District - Dharmapuri (29),Urban,40-44,18595,9635,8960,374,241,133,16964,9228,7736,992,111,881,235,50,185,30,5,25,0,0,0
33,630,District - Dharmapuri (29),Urban,45-49,17291,8917,8374,239,138,101,15386,8587,6799,1439,144,1295,203,38,165,24,10,14,0,0,0
33,630,District - Dharmapuri (29),Urban,50-54,12727,6605,6122,174,94,80,10863,6312,4551,1546,160,1386,131,32,99,13,7,6,0,0,0
33,630,District - Dharmapuri (29),Urban,55-59,10765,5478,5287,132,62,70,8812,5201,3611,1713,184,1529,93,26,67,15,5,10,0,0,0
33,630,District - Dharmapuri (29),Urban,60-64,9410,4758,4652,113,49,64,6804,4348,2456,2405,336,2069,85,24,61,3,1,2,0,0,0
33,630,District - Dharmapuri (29),Urban,65-69,5744,2729,3015,85,41,44,3724,2403,1321,1896,273,1623,35,12,23,4,0,4,0,0,0
33,630,District - Dharmapuri (29),Urban,70-74,4375,2089,2286,49,20,29,2438,1744,694,1856,313,1543,29,10,19,3,2,1,0,0,0
33,630,District - Dharmapuri (29),Urban,75-79,2228,1026,1202,32,13,19,1145,800,345,1033,205,828,16,8,8,2,0,2,0,0,0
33,630,District - Dharmapuri (29),Urban,80+,2521,1123,1398,54,35,19,989,759,230,1463,324,1139,14,4,10,1,1,0,0,0,0
33,630,District - Dharmapuri (29),Urban,Age not stated,85,50,35,42,26,16,34,21,13,9,3,6,0,0,0,0,0,0,0,0,0
33,630,District - Dharmapuri (29),Urban,Less than 18,78076,40504,37572,76946,40255,36691,1073,227,846,34,13,21,23,9,14,0,0,0,0,0,0
33,630,District - Dharmapuri (29),Urban,Less than 21,92469,47758,44711,88218,47177,41041,4129,548,3581,65,21,44,51,12,39,6,0,6,0,0,0
33,631,District - Krishnagiri (30),Total,All ages,1879809,960232,919577,804948,469244,335704,958637,471535,487102,103368,16684,86684,11615,2494,9121,1241,275,966,0,0,0
33,631,District - Krishnagiri (30),Total,0-9,316405,164436,151969,316405,164436,151969,0,0,0,0,0,0,0,0,0,0,0,0,0,0,0
33,631,District - Krishnagiri (30),Total,10-14,183912,96150,87762,181132,95334,85798,2495,705,1790,115,33,82,164,77,87,6,1,5,0,0,0
33,631,District - Krishnagiri (30),Total,15-19,179439,95949,83490,159048,93526,65522,19905,2301,17604,245,42,203,222,76,146,19,4,15,0,0,0
33,631,District - Krishnagiri (30),Total,20-24,178359,89753,88606,93053,71396,21657,83642,18134,65508,855,101,754,706,118,588,103,4,99,0,0,0
33,631,District - Krishnagiri (30),Total,25-29,176359,86273,90086,36925,31799,5126,135736,53981,81755,2163,234,1929,1325,222,1103,210,37,173,0,0,0
33,631,District - Krishnagiri (30),Total,30-34,147871,74429,73442,9188,7426,1762,133545,66278,67267,3390,398,2992,1562,286,1276,186,41,145,0,0,0
33,631,District - Krishnagiri (30),Total,35-39,150291,72848,77443,3065,2106,959,139383,69754,69629,5703,578,5125,1922,353,1569,218,57,161,0,0,0
33,631,District - Krishnagiri (30),Total,40-44,121357,62462,58895,1578,933,645,111377,60443,50934,6752,756,5996,1518,298,1220,132,32,100,0,0,0
33,631,District - Krishnagiri (30),Total,45-49,113664,58603,55061,1021,560,461,102051,56682,45369,9207,1057,8150,1281,280,1001,104,24,80,0,0,0
33,631,District - Krishnagiri (30),Total,50-54,84032,44552,39480,721,360,361,72124,42556,29568,10214,1391,8823,905,220,685,68,25,43,0,0,0
33,631,District - Krishnagiri (30),Total,55-59,65316,33517,31799,492,219,273,53847,31612,22235,10282,1534,8748,640,141,499,55,11,44,0,0,0
33,631,District - Krishnagiri (30),Total,60-64,58840,29773,29067,532,227,305,43210,27214,15996,14497,2187,12310,558,134,424,43,11,32,0,0,0
33,631,District - Krishnagiri (30),Total,65-69,39094,18994,20100,409,186,223,26444,16674,9770,11883,2026,9857,333,103,230,25,5,20,0,0,0
33,631,District - Krishnagiri (30),Total,70-74,30726,15682,15044,292,126,166,18051,12948,5103,12093,2492,9601,259,103,156,31,13,18,0,0,0
33,631,District - Krishnagiri (30),Total,75-79,14919,7546,7373,137,72,65,8309,5917,2392,6365,1516,4849,95,38,57,13,3,10,0,0,0
33,631,District - Krishnagiri (30),Total,80+,18311,8781,9530,404,221,183,8213,6187,2026,9546,2322,7224,121,44,77,27,7,20,0,0,0
33,631,District - Krishnagiri (30),Total,Age not stated,914,484,430,546,317,229,305,149,156,58,17,41,4,1,3,1,0,1,0,0,0
33,631,District - Krishnagiri (30),Total,Less than 18,604837,316850,287987,596233,314876,281357,8080,1788,6292,249,60,189,263,124,139,12,2,10,0,0,0
33,631,District - Krishnagiri (30),Total,Less than 21,724477,378801,345676,684623,373365,311258,38762,5158,33604,534,95,439,516,178,338,42,5,37,0,0,0
33,631,District - Krishnagiri (30),Rural,All ages,1451446,742444,709002,619458,363767,255691,737987,362596,375391,83583,13898,69685,9489,1993,7496,929,190,739,0,0,0
33,631,District - Krishnagiri (30),Rural,0-9,243024,126724,116300,243024,126724,116300,0,0,0,0,0,0,0,0,0,0,0,0,0,0,0
33,631,District - Krishnagiri (30),Rural,10-14,143830,75489,68341,141687,74838,66849,1912,557,1355,91,28,63,136,65,71,4,1,3,0,0,0
33,631,District - Krishnagiri (30),Rural,15-19,141556,76536,65020,125145,74623,50522,16018,1810,14208,193,34,159,186,66,120,14,3,11,0,0,0
33,631,District - Krishnagiri (30),Rural,20-24,137399,70179,67220,70127,55361,14766,65863,14641,51222,717,81,636,608,93,515,84,3,81,0,0,0
33,631,District - Krishnagiri (30),Rural,25-29,133230,65971,67259,26629,23343,3286,103514,42227,61287,1820,193,1627,1106,178,928,161,30,131,0,0,0
33,631,District - Krishnagiri (30),Rural,30-34,109135,54810,54325,6442,5224,1218,98533,49007,49526,2753,330,2423,1261,217,1044,146,32,114,0,0,0
33,631,District - Krishnagiri (30),Rural,35-39,113129,53821,59308,2099,1398,701,104735,51647,53088,4583,462,4121,1562,275,1287,150,39,111,0,0,0
33,631,District - Krishnagiri (30),Rural,40-44,91942,46766,45176,1072,613,459,84161,45269,38892,5408,635,4773,1206,228,978,95,21,74,0,0,0
33,631,District - Krishnagiri (30),Rural,45-49,88179,45183,42996,700,383,317,79037,43685,35352,7340,872,6468,1034,231,803,68,12,56,0,0,0
33,631,District - Krishnagiri (30),Rural,50-54,65643,34176,31467,501,245,256,56106,32588,23518,8238,1158,7080,749,171,578,49,14,35,0,0,0
33,631,District - Krishnagiri (30),Rural,55-59,51452,26073,25379,322,146,176,42486,24545,17941,8080,1256,6824,521,120,401,43,6,37,0,0,0
33,631,District - Krishnagiri (30),Rural,60-64,47565,24065,23500,369,164,205,34979,21947,13032,11726,1832,9894,453,113,340,38,9,29,0,0,0
33,631,District - Krishnagiri (30),Rural,65-69,32052,15608,16444,285,134,151,21749,13695,8054,9722,1689,8033,279,88,191,17,2,15,0,0,0
33,631,District - Krishnagiri (30),Rural,70-74,25462,13048,12414,212,96,116,14971,10755,4216,10043,2107,7936,211,80,131,25,10,15,0,0,0
33,631,District - Krishnagiri (30),Rural,75-79,12097,6196,5901,105,56,49,6808,4865,1943,5096,1240,3856,76,33,43,12,2,10,0,0,0
33,631,District - Krishnagiri (30),Rural,80+,15059,7437,7622,309,169,140,6904,5261,1643,7725,1967,5758,98,34,64,23,6,17,0,0,0
33,631,District - Krishnagiri (30),Rural,Age not stated,692,362,330,430,250,180,211,97,114,48,14,34,3,1,2,0,0,0,0,0,0
33,631,District - Krishnagiri (30),Rural,Less than 18,468988,246830,222158,462309,245280,217029,6259,1391,4868,192,50,142,221,107,114,7,2,5,0,0,0
33,631,District - Krishnagiri (30),Rural,Less than 21,564157,296680,267477,531824,292339,239485,31430,4109,27321,428,77,351,441,151,290,34,4,30,0,0,0
33,631,District - Krishnagiri (30),Urban,All ages,428363,217788,210575,185490,105477,80013,220650,108939,111711,19785,2786,16999,2126,501,1625,312,85,227,0,0,0
33,631,District - Krishnagiri (30),Urban,0-9,73381,37712,35669,73381,37712,35669,0,0,0,0,0,0,0,0,0,0,0,0,0,0,0
33,631,District - Krishnagiri (30),Urban,10-14,40082,20661,19421,39445,20496,18949,583,148,435,24,5,19,28,12,16,2,0,2,0,0,0
33,631,District - Krishnagiri (30),Urban,15-19,37883,19413,18470,33903,18903,15000,3887,491,3396,52,8,44,36,10,26,5,1,4,0,0,0
33,631,District - Krishnagiri (30),Urban,20-24,40960,19574,21386,22926,16035,6891,17779,3493,14286,138,20,118,98,25,73,19,1,18,0,0,0
33,631,District - Krishnagiri (30),Urban,25-29,43129,20302,22827,10296,8456,1840,32222,11754,20468,343,41,302,219,44,175,49,7,42,0,0,0
33,631,District - Krishnagiri (30),Urban,30-34,38736,19619,19117,2746,2202,544,35012,17271,17741,637,68,569,301,69,232,40,9,31,0,0,0
33,631,District - Krishnagiri (30),Urban,35-39,37162,19027,18135,966,708,258,34648,18107,16541,1120,116,1004,360,78,282,68,18,50,0,0,0
33,631,District - Krishnagiri (30),Urban,40-44,29415,15696,13719,506,320,186,27216,15174,12042,1344,121,1223,312,70,242,37,11,26,0,0,0
33,631,District - Krishnagiri (30),Urban,45-49,25485,13420,12065,321,177,144,23014,12997,10017,1867,185,1682,247,49,198,36,12,24,0,0,0
33,631,District - Krishnagiri (30),Urban,50-54,18389,10376,8013,220,115,105,16018,9968,6050,1976,233,1743,156,49,107,19,11,8,0,0,0
33,631,District - Krishnagiri (30),Urban,55-59,13864,7444,6420,170,73,97,11361,7067,4294,2202,278,1924,119,21,98,12,5,7,0,0,0
33,631,District - Krishnagiri (30),Urban,60-64,11275,5708,5567,163,63,100,8231,5267,2964,2771,355,2416,105,21,84,5,2,3,0,0,0
33,631,District - Krishnagiri (30),Urban,65-69,7042,3386,3656,124,52,72,4695,2979,1716,2161,337,1824,54,15,39,8,3,5,0,0,0
33,631,District - Krishnagiri (30),Urban,70-74,5264,2634,2630,80,30,50,3080,2193,887,2050,385,1665,48,23,25,6,3,3,0,0,0
33,631,District - Krishnagiri (30),Urban,75-79,2822,1350,1472,32,16,16,1501,1052,449,1269,276,993,19,5,14,1,1,0,0,0,0
33,631,District - Krishnagiri (30),Urban,80+,3252,1344,1908,95,52,43,1309,926,383,1821,355,1466,23,10,13,4,1,3,0,0,0
33,631,District - Krishnagiri (30),Urban,Age not stated,222,122,100,116,67,49,94,52,42,10,3,7,1,0,1,1,0,1,0,0,0
33,631,District - Krishnagiri (30),Urban,Less than 18,135849,70020,65829,133924,69596,64328,1821,397,1424,57,10,47,42,17,25,5,0,5,0,0,0
33,631,District - Krishnagiri (30),Urban,Less than 21,160320,82121,78199,152799,81026,71773,7332,1049,6283,106,18,88,75,27,48,8,1,7,0,0,0
33,632,District - Coimbatore (31),Total,All ages,3458045,1729297,1728748,1291100,734992,556108,1917002,949124,967878,222007,37489,184518,24732,6638,18094,3204,1054,2150,0,0,0
33,632,District - Coimbatore (31),Total,0-9,459271,234689,224582,459271,234689,224582,0,0,0,0,0,0,0,0,0,0,0,0,0,0,0
33,632,District - Coimbatore (31),Total,10-14,260540,133207,127333,256250,131942,124308,3976,1147,2829,164,51,113,143,63,80,7,4,3,0,0,0
33,632,District - Coimbatore (31),Total,15-19,259970,132046,127924,237889,128756,109133,21572,3146,18426,287,69,218,211,71,140,11,4,7,0,0,0
33,632,District - Coimbatore (31),Total,20-24,283417,135379,148038,173369,112731,60638,108300,22356,85944,827,127,700,806,151,655,115,14,101,0,0,0
33,632,District - Coimbatore (31),Total,25-29,316319,152371,163948,92573,73990,18583,219343,77617,141726,2121,317,1804,1964,383,1581,318,64,254,0,0,0
33,632,District - Coimbatore (31),Total,30-34,294996,147341,147655,32611,27128,5483,254714,118637,136077,4253,705,3548,2924,720,2204,494,151,343,0,0,0
33,632,District - Coimbatore (31),Total,35-39,302186,147047,155139,13289,10403,2886,276391,134289,142102,7925,1092,6833,3972,1052,2920,609,211,398,0,0,0
33,632,District - Coimbatore (31),Total,40-44,270579,137371,133208,7278,5194,2084,246857,129299,117558,12068,1577,10491,3850,1093,2757,526,208,318,0,0,0
33,632,District - Coimbatore (31),Total,45-49,249460,126822,122638,4610,2980,1630,223471,120348,103123,17416,2333,15083,3515,981,2534,448,180,268,0,0,0
33,632,District - Coimbatore (31),Total,50-54,199610,103844,95766,3438,1941,1497,172465,98178,74287,21060,2962,18098,2395,669,1726,252,94,158,0,0,0
33,632,District - Coimbatore (31),Total,55-59,166796,85496,81300,2491,1290,1201,137694,80131,57563,24712,3520,21192,1725,495,1230,174,60,114,0,0,0
33,632,District - Coimbatore (31),Total,60-64,140882,71836,69046,2145,1029,1116,105596,65477,40119,31636,4898,26738,1407,405,1002,98,27,71,0,0,0
33,632,District - Coimbatore (31),Total,65-69,95528,46274,49254,1354,624,730,64913,40765,24148,28424,4632,23792,780,237,543,57,16,41,0,0,0
33,632,District - Coimbatore (31),Total,70-74,71666,35204,36462,1009,454,555,42139,29412,12727,27986,5196,22790,485,132,353,47,10,37,0,0,0
33,632,District - Coimbatore (31),Total,75-79,40402,19707,20695,615,260,355,21438,15401,6037,18072,3954,14118,262,91,171,15,1,14,0,0,0
33,632,District - Coimbatore (31),Total,80+,42854,18907,23947,1004,498,506,16823,12316,4507,24733,6000,18733,262,84,178,32,9,23,0,0,0
33,632,District - Coimbatore (31),Total,Age not stated,3569,1756,1813,1904,1083,821,1310,605,705,323,56,267,31,11,20,1,1,0,0,0,0
33,632,District - Coimbatore (31),Total,Less than 18,873205,446815,426390,860781,443949,416832,11832,2653,9179,328,92,236,250,114,136,14,7,7,0,0,0
33,632,District - Coimbatore (31),Total,Less than 21,1038794,528519,510275,996934,521382,475552,40760,6834,33926,602,139,463,467,155,312,31,9,22,0,0,0
33,632,District - Coimbatore (31),Rural,All ages,839105,419032,420073,299540,173318,126222,466867,231274,235593,64206,12084,52122,7873,2148,5725,619,208,411,0,0,0
33,632,District - Coimbatore (31),Rural,0-9,103369,52621,50748,103369,52621,50748,0,0,0,0,0,0,0,0,0,0,0,0,0,0,0
33,632,District - Coimbatore (31),Rural,10-14,64514,33020,31494,63510,32716,30794,917,267,650,45,16,29,40,19,21,2,2,0,0,0,0
33,632,District - Coimbatore (31),Rural,15-19,64679,33635,31044,58933,32772,26161,5579,817,4762,79,16,63,84,29,55,4,1,3,0,0,0
33,632,District - Coimbatore (31),Rural,20-24,65602,32218,33384,37748,26073,11675,27302,6050,21252,253,40,213,267,49,218,32,6,26,0,0,0
33,632,District - Coimbatore (31),Rural,25-29,71245,35059,36186,19580,16458,3122,50339,18355,31984,665,105,560,593,128,465,68,13,55,0,0,0
33,632,District - Coimbatore (31),Rural,30-34,65097,32103,32994,7235,6321,914,55636,25348,30288,1245,198,1047,902,210,692,79,26,53,0,0,0
33,632,District - Coimbatore (31),Rural,35-39,71287,33569,37718,3184,2590,594,64502,30304,34198,2272,306,1966,1210,331,879,119,38,81,0,0,0
33,632,District - Coimbatore (31),Rural,40-44,64975,32477,32498,1661,1237,424,58649,30394,28255,3366,473,2893,1217,337,880,82,36,46,0,0,0
33,632,District - Coimbatore (31),Rural,45-49,63040,31704,31336,1063,736,327,55900,29861,26039,4872,757,4115,1121,314,807,84,36,48,0,0,0
33,632,District - Coimbatore (31),Rural,50-54,49584,25443,24141,748,442,306,42306,23864,18442,5691,902,4789,780,217,563,59,18,41,0,0,0
33,632,District - Coimbatore (31),Rural,55-59,42137,21094,21043,497,280,217,34478,19558,14920,6569,1074,5495,559,167,392,34,15,19,0,0,0
33,632,District - Coimbatore (31),Rural,60-64,38077,19068,19009,472,242,230,28032,17179,10853,9087,1494,7593,463,144,319,23,9,14,0,0,0
33,632,District - Coimbatore (31),Rural,65-69,28004,13542,14462,322,170,152,18820,11713,7107,8577,1574,7003,273,82,191,12,3,9,0,0,0
33,632,District - Coimbatore (31),Rural,70-74,21865,10840,11025,223,118,105,12582,8812,3770,8862,1851,7011,184,56,128,14,3,11,0,0,0
33,632,District - Coimbatore (31),Rural,75-79,11851,6029,5822,122,66,56,6345,4639,1706,5301,1294,4007,82,30,52,1,0,1,0,0,0
33,632,District - Coimbatore (31),Rural,80+,12592,6043,6549,187,110,77,5094,3933,1161,7225,1970,5255,81,29,52,5,1,4,0,0,0
33,632,District - Coimbatore (31),Rural,Age not stated,1187,567,620,686,366,320,386,180,206,97,14,83,17,6,11,1,1,0,0,0,0
33,632,District - Coimbatore (31),Rural,Less than 18,206737,105907,100830,203705,105191,98514,2854,650,2204,93,25,68,81,38,43,4,3,1,0,0,0
33,632,District - Coimbatore (31),Rural,Less than 21,247173,126389,120784,236043,124557,111486,10772,1736,9036,182,39,143,168,54,114,8,3,5,0,0,0
33,632,District - Coimbatore (31),Urban,All ages,2618940,1310265,1308675,991560,561674,429886,1450135,717850,732285,157801,25405,132396,16859,4490,12369,2585,846,1739,0,0,0
33,632,District - Coimbatore (31),Urban,0-9,355902,182068,173834,355902,182068,173834,0,0,0,0,0,0,0,0,0,0,0,0,0,0,0
33,632,District - Coimbatore (31),Urban,10-14,196026,100187,95839,192740,99226,93514,3059,880,2179,119,35,84,103,44,59,5,2,3,0,0,0
33,632,District - Coimbatore (31),Urban,15-19,195291,98411,96880,178956,95984,82972,15993,2329,13664,208,53,155,127,42,85,7,3,4,0,0,0
33,632,District - Coimbatore (31),Urban,20-24,217815,103161,114654,135621,86658,48963,80998,16306,64692,574,87,487,539,102,437,83,8,75,0,0,0
33,632,District - Coimbatore (31),Urban,25-29,245074,117312,127762,72993,57532,15461,169004,59262,109742,1456,212,1244,1371,255,1116,250,51,199,0,0,0
33,632,District - Coimbatore (31),Urban,30-34,229899,115238,114661,25376,20807,4569,199078,93289,105789,3008,507,2501,2022,510,1512,415,125,290,0,0,0
33,632,District - Coimbatore (31),Urban,35-39,230899,113478,117421,10105,7813,2292,211889,103985,107904,5653,786,4867,2762,721,2041,490,173,317,0,0,0
33,632,District - Coimbatore (31),Urban,40-44,205604,104894,100710,5617,3957,1660,188208,98905,89303,8702,1104,7598,2633,756,1877,444,172,272,0,0,0
33,632,District - Coimbatore (31),Urban,45-49,186420,95118,91302,3547,2244,1303,167571,90487,77084,12544,1576,10968,2394,667,1727,364,144,220,0,0,0
33,632,District - Coimbatore (31),Urban,50-54,150026,78401,71625,2690,1499,1191,130159,74314,55845,15369,2060,13309,1615,452,1163,193,76,117,0,0,0
33,632,District - Coimbatore (31),Urban,55-59,124659,64402,60257,1994,1010,984,103216,60573,42643,18143,2446,15697,1166,328,838,140,45,95,0,0,0
33,632,District - Coimbatore (31),Urban,60-64,102805,52768,50037,1673,787,886,77564,48298,29266,22549,3404,19145,944,261,683,75,18,57,0,0,0
33,632,District - Coimbatore (31),Urban,65-69,67524,32732,34792,1032,454,578,46093,29052,17041,19847,3058,16789,507,155,352,45,13,32,0,0,0
33,632,District - Coimbatore (31),Urban,70-74,49801,24364,25437,786,336,450,29557,20600,8957,19124,3345,15779,301,76,225,33,7,26,0,0,0
33,632,District - Coimbatore (31),Urban,75-79,28551,13678,14873,493,194,299,15093,10762,4331,12771,2660,10111,180,61,119,14,1,13,0,0,0
33,632,District - Coimbatore (31),Urban,80+,30262,12864,17398,817,388,429,11729,8383,3346,17508,4030,13478,181,55,126,27,8,19,0,0,0
33,632,District - Coimbatore (31),Urban,Age not stated,2382,1189,1193,1218,717,501,924,425,499,226,42,184,14,5,9,0,0,0,0,0,0
33,632,District - Coimbatore (31),Urban,Less than 18,666468,340908,325560,657076,338758,318318,8978,2003,6975,235,67,168,169,76,93,10,4,6,0,0,0
33,632,District - Coimbatore (31),Urban,Less than 21,791621,402130,389491,760891,396825,364066,29988,5098,24890,420,100,320,299,101,198,23,6,17,0,0,0
33,633,District - Tiruppur (32),Total,All ages,2479052,1246159,1232893,916920,524938,391982,1387035,688318,698717,155210,27805,127405,17644,4441,13203,2243,657,1586,0,0,0
33,633,District - Tiruppur (32),Total,0-9,345423,176648,168775,345423,176648,168775,0,0,0,0,0,0,0,0,0,0,0,0,0,0,0
33,633,District - Tiruppur (32),Total,10-14,189996,97580,92416,186889,96712,90177,2904,793,2111,107,27,80,94,46,48,2,2,0,0,0,0
33,633,District - Tiruppur (32),Total,15-19,192942,97452,95490,174095,94801,79294,18496,2562,15934,170,39,131,152,45,107,29,5,24,0,0,0
33,633,District - Tiruppur (32),Total,20-24,212081,99285,112796,116297,79255,37042,94445,19837,74608,605,93,512,625,88,537,109,12,97,0,0,0
33,633,District - Tiruppur (32),Total,25-29,237545,115166,122379,57013,48122,8891,176978,66409,110569,1621,234,1387,1685,341,1344,248,60,188,0,0,0
33,633,District - Tiruppur (32),Total,30-34,214336,108966,105370,18514,16090,2424,189948,91754,98194,3321,498,2823,2169,500,1669,384,124,260,0,0,0
33,633,District - Tiruppur (32),Total,35-39,218643,107933,110710,7148,5944,1204,201871,100399,101472,6393,724,5669,2817,736,2081,414,130,284,0,0,0
33,633,District - Tiruppur (32),Total,40-44,188839,97151,91688,3527,2618,909,172905,92501,80404,9282,1194,8088,2738,698,2040,387,140,247,0,0,0
33,633,District - Tiruppur (32),Total,45-49,172821,89367,83454,2125,1445,680,155505,85658,69847,12623,1612,11011,2337,586,1751,231,66,165,0,0,0
33,633,District - Tiruppur (32),Total,50-54,131766,69044,62722,1386,847,539,113780,65624,48156,14843,2119,12724,1601,418,1183,156,36,120,0,0,0
33,633,District - Tiruppur (32),Total,55-59,108008,54592,53416,963,550,413,89169,51310,37859,16631,2419,14212,1143,280,863,102,33,69,0,0,0
33,633,District - Tiruppur (32),Total,60-64,95347,48193,47154,842,467,375,70853,43811,27042,22616,3648,18968,961,249,712,75,18,57,0,0,0
33,633,District - Tiruppur (32),Total,65-69,66295,32287,34008,593,303,290,45136,28174,16962,19970,3608,16362,554,189,365,42,13,29,0,0,0
33,633,District - Tiruppur (32),Total,70-74,49375,24753,24622,439,220,219,29022,20357,8665,19516,4055,15461,370,113,257,28,8,20,0,0,0
33,633,District - Tiruppur (32),Total,75-79,26479,13740,12739,266,143,123,14384,10523,3861,11606,2997,8609,208,74,134,15,3,12,0,0,0
33,633,District - Tiruppur (32),Total,80+,27404,13163,14241,464,263,201,11002,8314,2688,15744,4504,11240,176,75,101,18,7,11,0,0,0
33,633,District - Tiruppur (32),Total,Age not stated,1752,839,913,936,510,426,637,292,345,162,34,128,14,3,11,3,0,3,0,0,0
33,633,District - Tiruppur (32),Total,Less than 18,648403,332812,315591,638735,330634,308101,9285,2054,7231,205,51,154,161,67,94,17,6,11,0,0,0
33,633,District - Tiruppur (32),Total,Less than 21,773207,392822,380385,737076,387076,350000,35381,5553,29828,379,80,299,327,105,222,44,8,36,0,0,0
33,633,District - Tiruppur (32),Rural,All ages,957941,479309,478632,333025,193431,139594,541685,268695,272990,73920,14681,59239,8368,2203,6165,943,299,644,0,0,0
33,633,District - Tiruppur (32),Rural,0-9,117182,60052,57130,117182,60052,57130,0,0,0,0,0,0,0,0,0,0,0,0,0,0,0
33,633,District - Tiruppur (32),Rural,10-14,73058,37826,35232,71941,37513,34428,1038,281,757,42,14,28,36,17,19,1,1,0,0,0,0
33,633,District - Tiruppur (32),Rural,15-19,73472,37812,35660,66829,36835,29994,6513,943,5570,60,18,42,58,14,44,12,2,10,0,0,0
33,633,District - Tiruppur (32),Rural,20-24,72707,35275,37432,40666,28360,12306,31478,6830,24648,232,38,194,280,38,242,51,9,42,0,0,0
33,633,District - Tiruppur (32),Rural,25-29,80399,39531,40868,20519,17638,2881,58394,21626,36768,670,93,577,733,152,581,83,22,61,0,0,0
33,633,District - Tiruppur (32),Rural,30-34,74332,36977,37355,7489,6700,789,64407,29790,34617,1344,199,1145,930,228,702,162,60,102,0,0,0
33,633,District - Tiruppur (32),Rural,35-39,81524,38868,42656,3213,2765,448,74244,35386,38858,2679,338,2341,1238,321,917,150,58,92,0,0,0
33,633,District - Tiruppur (32),Rural,40-44,73703,36992,36711,1620,1257,363,66762,34766,31996,3846,553,3293,1316,361,955,159,55,104,0,0,0
33,633,District - Tiruppur (32),Rural,45-49,70606,35774,34832,940,673,267,63140,34037,29103,5264,735,4529,1159,304,855,103,25,78,0,0,0
33,633,District - Tiruppur (32),Rural,50-54,56149,28528,27621,616,396,220,48307,26887,21420,6355,1004,5351,802,219,583,69,22,47,0,0,0
33,633,District - Tiruppur (32),Rural,55-59,47969,23263,24706,416,262,154,39642,21683,17959,7286,1154,6132,581,152,429,44,12,32,0,0,0
33,633,District - Tiruppur (32),Rural,60-64,45800,22581,23219,376,242,134,34068,20299,13769,10819,1887,8932,496,139,357,41,14,27,0,0,0
33,633,District - Tiruppur (32),Rural,65-69,34376,16622,17754,278,166,112,23620,14420,9200,10136,1926,8210,310,100,210,32,10,22,0,0,0
33,633,District - Tiruppur (32),Rural,70-74,26343,13388,12955,203,116,87,15634,10927,4707,10278,2271,8007,210,68,142,18,6,12,0,0,0
33,633,District - Tiruppur (32),Rural,75-79,14435,7748,6687,126,84,42,7969,5875,2094,6205,1741,4464,125,45,80,10,3,7,0,0,0
33,633,District - Tiruppur (32),Rural,80+,15082,7661,7421,184,117,67,6186,4813,1373,8618,2687,5931,88,44,44,6,0,6,0,0,0
33,633,District - Tiruppur (32),Rural,Age not stated,804,411,393,427,255,172,283,132,151,86,23,63,6,1,5,2,0,2,0,0,0
33,633,District - Tiruppur (32),Rural,Less than 18,234469,121135,113334,230989,120329,110660,3336,758,2578,78,23,55,60,23,37,6,2,4,0,0,0
33,633,District - Tiruppur (32),Rural,Less than 21,279567,143318,136249,266860,141233,125627,12420,2004,10416,141,39,102,129,39,90,17,3,14,0,0,0
33,633,District - Tiruppur (32),Urban,All ages,1521111,766850,754261,583895,331507,252388,845350,419623,425727,81290,13124,68166,9276,2238,7038,1300,358,942,0,0,0
33,633,District - Tiruppur (32),Urban,0-9,228241,116596,111645,228241,116596,111645,0,0,0,0,0,0,0,0,0,0,0,0,0,0,0
33,633,District - Tiruppur (32),Urban,10-14,116938,59754,57184,114948,59199,55749,1866,512,1354,65,13,52,58,29,29,1,1,0,0,0,0
33,633,District - Tiruppur (32),Urban,15-19,119470,59640,59830,107266,57966,49300,11983,1619,10364,110,21,89,94,31,63,17,3,14,0,0,0
33,633,District - Tiruppur (32),Urban,20-24,139374,64010,75364,75631,50895,24736,62967,13007,49960,373,55,318,345,50,295,58,3,55,0,0,0
33,633,District - Tiruppur (32),Urban,25-29,157146,75635,81511,36494,30484,6010,118584,44783,73801,951,141,810,952,189,763,165,38,127,0,0,0
33,633,District - Tiruppur (32),Urban,30-34,140004,71989,68015,11025,9390,1635,125541,61964,63577,1977,299,1678,1239,272,967,222,64,158,0,0,0
33,633,District - Tiruppur (32),Urban,35-39,137119,69065,68054,3935,3179,756,127627,65013,62614,3714,386,3328,1579,415,1164,264,72,192,0,0,0
33,633,District - Tiruppur (32),Urban,40-44,115136,60159,54977,1907,1361,546,106143,57735,48408,5436,641,4795,1422,337,1085,228,85,143,0,0,0
33,633,District - Tiruppur (32),Urban,45-49,102215,53593,48622,1185,772,413,92365,51621,40744,7359,877,6482,1178,282,896,128,41,87,0,0,0
33,633,District - Tiruppur (32),Urban,50-54,75617,40516,35101,770,451,319,65473,38737,26736,8488,1115,7373,799,199,600,87,14,73,0,0,0
33,633,District - Tiruppur (32),Urban,55-59,60039,31329,28710,547,288,259,49527,29627,19900,9345,1265,8080,562,128,434,58,21,37,0,0,0
33,633,District - Tiruppur (32),Urban,60-64,49547,25612,23935,466,225,241,36785,23512,13273,11797,1761,10036,465,110,355,34,4,30,0,0,0
33,633,District - Tiruppur (32),Urban,65-69,31919,15665,16254,315,137,178,21516,13754,7762,9834,1682,8152,244,89,155,10,3,7,0,0,0
33,633,District - Tiruppur (32),Urban,70-74,23032,11365,11667,236,104,132,13388,9430,3958,9238,1784,7454,160,45,115,10,2,8,0,0,0
33,633,District - Tiruppur (32),Urban,75-79,12044,5992,6052,140,59,81,6415,4648,1767,5401,1256,4145,83,29,54,5,0,5,0,0,0
33,633,District - Tiruppur (32),Urban,80+,12322,5502,6820,280,146,134,4816,3501,1315,7126,1817,5309,88,31,57,12,7,5,0,0,0
33,633,District - Tiruppur (32),Urban,Age not stated,948,428,520,509,255,254,354,160,194,76,11,65,8,2,6,1,0,1,0,0,0
33,633,District - Tiruppur (32),Urban,Less than 18,413934,211677,202257,407746,210305,197441,5949,1296,4653,127,28,99,101,44,57,11,4,7,0,0,0
33,633,District - Tiruppur (32),Urban,Less than 21,493640,249504,244136,470216,245843,224373,22961,3549,19412,238,41,197,198,66,132,27,5,22,0,0,0
