state_code,district_code,area_name,region_type,age_group,total_persons,total_males,total_females,never_married_persons,never_married_males,never_married_females,currently_married_persons,currently_married_males,currently_married_females,widowed_persons,widowed_males,widowed_females,separated_persons,separated_males,separated_females,divorced_persons,divorced_males,divorced_females,unspecified_persons,unspecified_males,unspecified_females
16,000,State - TRIPURA (16),Total,All ages,3673917,1874376,1799541,1654782,934172,720610,1801171,905826,895345,194023,29054,164969,15984,3675,12309,7957,1649,6308,0,0,0
16,000,State - TRIPURA (16),Total,0-9,660301,337046,323255,660301,337046,323255,0,0,0,0,0,0,0,0,0,0,0,0,0,0,0
16,000,State - TRIPURA (16),Total,10-14,357690,183001,174689,352585,181249,171336,4709,1623,3086,239,63,176,115,53,62,42,13,29,0,0,0
16,000,State - TRIPURA (16),Total,15-19,357829,181136,176693,304223,172967,131256,52259,7900,44359,671,138,533,454,95,359,222,36,186,0,0,0
16,000,State - TRIPURA (16),Total,20-24,373177,183779,189398,186136,130642,55494,182951,52485,130466,1715,312,1403,1486,215,1271,889,125,764,0,0,0
16,000,State - TRIPURA (16),Total,25-29,344149,175059,169090,87352,67908,19444,250247,105972,144275,3273,588,2685,2117,389,1728,1160,202,958,0,0,0
16,000,State - TRIPURA (16),Total,30-34,286989,149231,137758,32969,25467,7502,245725,122384,123341,4937,782,4155,2186,399,1787,1172,199,973,0,0,0
16,000,State - TRIPURA (16),Total,35-39,279342,143051,136291,13144,9084,4060,253982,132175,121807,8541,1073,7468,2376,483,1893,1299,236,1063,0,0,0
16,000,State - TRIPURA (16),Total,40-44,238751,124093,114658,5740,3328,2412,217529,118642,98887,12267,1387,10880,2187,501,1686,1028,235,793,0,0,0
16,000,State - TRIPURA (16),Total,45-49,205469,106717,98752,3401,1793,1608,183435,102528,80907,16164,1852,14312,1723,387,1336,746,157,589,0,0,0
16,000,State - TRIPURA (16),Total,50-54,162186,86627,75559,2220,1107,1113,138355,82647,55708,19843,2423,17420,1195,312,883,573,138,435,0,0,0
16,000,State - TRIPURA (16),Total,55-59,116874,61849,55025,1352,634,718,95544,58477,37067,19006,2462,16544,690,188,502,282,88,194,0,0,0
16,000,State - TRIPURA (16),Total,60-64,97129,49611,47518,1252,623,629,70560,45423,25137,24541,3290,21251,533,184,349,243,91,152,0,0,0
16,000,State - TRIPURA (16),Total,65-69,70480,35044,35436,923,501,422,45752,30891,14861,23321,3452,19869,374,154,220,110,46,64,0,0,0
16,000,State - TRIPURA (16),Total,70-74,52324,25535,26789,569,323,246,29006,21286,7720,22415,3743,18672,255,147,108,79,36,43,0,0,0
16,000,State - TRIPURA (16),Total,75-79,30086,14259,15827,289,154,135,14919,11240,3679,14699,2769,11930,131,73,58,48,23,25,0,0,0
16,000,State - TRIPURA (16),Total,80+,39525,17471,22054,1431,791,640,15624,11864,3760,22255,4702,17553,155,90,65,60,24,36,0,0,0
16,000,State - TRIPURA (16),Total,Age not stated,1616,867,749,895,555,340,574,289,285,136,18,118,7,5,2,4,0,4,0,0,0
16,000,State - TRIPURA (16),Total,Less than 18,1228007,628862,599145,1207689,624311,583378,19334,4276,15058,607,141,466,267,107,160,110,27,83,0,0,0
16,000,State - TRIPURA (16),Total,Less than 21,1462382,742263,720119,1368597,725281,643316,91321,16472,74849,1228,254,974,812,178,634,424,78,346,0,0,0
16,000,State - TRIPURA (16),Rural,All ages,2712464,1387173,1325291,1261990,708263,553727,1297628,652191,645437,135119,22586,112533,11437,2793,8644,6290,1340,4950,0,0,0
16,000,State - TRIPURA (16),Rural,0-9,524450,267433,257017,524450,267433,257017,0,0,0,0,0,0,0,0,0,0,0,0,0,0,0
16,000,State - TRIPURA (16),Rural,10-14,282994,144904,138090,279069,143566,135503,3621,1236,2385,181,52,129,88,38,50,35,12,23,0,0,0
16,000,State - TRIPURA (16),Rural,15-19,274888,139377,135511,231725,132490,99235,42071,6655,35416,536,126,410,360,72,288,196,34,162,0,0,0
16,000,State - TRIPURA (16),Rural,20-24,280876,138466,142410,132365,94159,38206,145178,43755,101423,1414,262,1152,1152,173,979,767,117,650,0,0,0
16,000,State - TRIPURA (16),Rural,25-29,252860,129389,123471,57248,44770,12478,190545,83652,106893,2518,490,2028,1580,299,1281,969,178,791,0,0,0
16,000,State - TRIPURA (16),Rural,30-34,204868,107731,97137,19879,15255,4624,178919,91386,87533,3644,622,3022,1513,303,1210,913,165,748,0,0,0
16,000,State - TRIPURA (16),Rural,35-39,196129,101658,94471,7499,5142,2357,179950,95138,84812,6070,837,5233,1626,359,1267,984,182,802,0,0,0
16,000,State - TRIPURA (16),Rural,40-44,164055,85593,78462,2974,1716,1258,150323,82248,68075,8466,1098,7368,1511,360,1151,781,171,610,0,0,0
16,000,State - TRIPURA (16),Rural,45-49,139297,72663,66634,1741,953,788,124815,69810,55005,11019,1484,9535,1156,296,860,566,120,446,0,0,0
16,000,State - TRIPURA (16),Rural,50-54,108302,57982,50320,1039,565,474,92607,55216,37391,13419,1877,11542,829,226,603,408,98,310,0,0,0
16,000,State - TRIPURA (16),Rural,55-59,76947,40066,36881,558,285,273,63118,37697,25421,12574,1877,10697,472,138,334,225,69,156,0,0,0
16,000,State - TRIPURA (16),Rural,60-64,67295,33940,33355,681,354,327,48997,30835,18162,17025,2521,14504,408,149,259,184,81,103,0,0,0
16,000,State - TRIPURA (16),Rural,65-69,50426,25067,25359,583,340,243,32996,21880,11116,16465,2693,13772,285,116,169,97,38,59,0,0,0
16,000,State - TRIPURA (16),Rural,70-74,37764,18698,19066,363,199,164,21230,15402,5828,15881,2938,12943,220,128,92,70,31,39,0,0,0
16,000,State - TRIPURA (16),Rural,75-79,21165,10258,10907,174,89,85,10909,8040,2869,9942,2050,7892,99,57,42,41,22,19,0,0,0
16,000,State - TRIPURA (16),Rural,80+,29113,13380,15733,1046,577,469,11998,9060,2938,15882,3645,12237,135,76,59,52,22,30,0,0,0
16,000,State - TRIPURA (16),Rural,Age not stated,1035,568,467,596,370,226,351,181,170,83,14,69,3,3,0,2,0,2,0,0,0
16,000,State - TRIPURA (16),Rural,Less than 18,969835,496903,472932,953868,493240,460628,15188,3438,11750,477,125,352,209,76,133,93,24,69,0,0,0
16,000,State - TRIPURA (16),Rural,Less than 21,1148740,583176,565564,1073182,568908,504274,73567,13833,59734,988,227,761,633,134,499,370,74,296,0,0,0
16,000,State - TRIPURA (16),Urban,All ages,961453,487203,474250,392792,225909,166883,503543,253635,249908,58904,6468,52436,4547,882,3665,1667,309,1358,0,0,0
16,000,State - TRIPURA (16),Urban,0-9,135851,69613,66238,135851,69613,66238,0,0,0,0,0,0,0,0,0,0,0,0,0,0,0
16,000,State - TRIPURA (16),Urban,10-14,74696,38097,36599,73516,37683,35833,1088,387,701,58,11,47,27,15,12,7,1,6,0,0,0
16,000,State - TRIPURA (16),Urban,15-19,82941,41759,41182,72498,40477,32021,10188,1245,8943,135,12,123,94,23,71,26,2,24,0,0,0
16,000,State - TRIPURA (16),Urban,20-24,92301,45313,46988,53771,36483,17288,37773,8730,29043,301,50,251,334,42,292,122,8,114,0,0,0
16,000,State - TRIPURA (16),Urban,25-29,91289,45670,45619,30104,23138,6966,59702,22320,37382,755,98,657,537,90,447,191,24,167,0,0,0
16,000,State - TRIPURA (16),Urban,30-34,82121,41500,40621,13090,10212,2878,66806,30998,35808,1293,160,1133,673,96,577,259,34,225,0,0,0
16,000,State - TRIPURA (16),Urban,35-39,83213,41393,41820,5645,3942,1703,74032,37037,36995,2471,236,2235,750,124,626,315,54,261,0,0,0
16,000,State - TRIPURA (16),Urban,40-44,74696,38500,36196,2766,1612,1154,67206,36394,30812,3801,289,3512,676,141,535,247,64,183,0,0,0
16,000,State - TRIPURA (16),Urban,45-49,66172,34054,32118,1660,840,820,58620,32718,25902,5145,368,4777,567,91,476,180,37,143,0,0,0
16,000,State - TRIPURA (16),Urban,50-54,53884,28645,25239,1181,542,639,45748,27431,18317,6424,546,5878,366,86,280,165,40,125,0,0,0
16,000,State - TRIPURA (16),Urban,55-59,39927,21783,18144,794,349,445,32426,20780,11646,6432,585,5847,218,50,168,57,19,38,0,0,0
16,000,State - TRIPURA (16),Urban,60-64,29834,15671,14163,571,269,302,21563,14588,6975,7516,769,6747,125,35,90,59,10,49,0,0,0
16,000,State - TRIPURA (16),Urban,65-69,20054,9977,10077,340,161,179,12756,9011,3745,6856,759,6097,89,38,51,13,8,5,0,0,0
16,000,State - TRIPURA (16),Urban,70-74,14560,6837,7723,206,124,82,7776,5884,1892,6534,805,5729,35,19,16,9,5,4,0,0,0
16,000,State - TRIPURA (16),Urban,75-79,8921,4001,4920,115,65,50,4010,3200,810,4757,719,4038,32,16,16,7,1,6,0,0,0
16,000,State - TRIPURA (16),Urban,80+,10412,4091,6321,385,214,171,3626,2804,822,6373,1057,5316,20,14,6,8,2,6,0,0,0
16,000,State - TRIPURA (16),Urban,Age not stated,581,299,282,299,185,114,223,108,115,53,4,49,4,2,2,2,0,2,0,0,0
16,000,State - TRIPURA (16),Urban,Less than 18,258172,131959,126213,253821,131071,122750,4146,838,3308,130,16,114,58,31,27,17,3,14,0,0,0
16,000,State - TRIPURA (16),Urban,Less than 21,313642,159087,154555,295415,156373,139042,17754,2639,15115,240,27,213,179,44,135,54,4,50,0,0,0
16,289,District - West Tripura  (01),Total,All ages,1725739,879428,846311,742900,423524,319376,876810,440788,436022,95796,12922,82874,7215,1624,5591,3018,570,2448,0,0,0
16,289,District - West Tripura  (01),Total,0-9,276455,141408,135047,276455,141408,135047,0,0,0,0,0,0,0,0,0,0,0,0,0,0,0
16,289,District - West Tripura  (01),Total,10-14,155450,79444,76006,153144,78660,74484,2125,732,1393,113,27,86,55,24,31,13,1,12,0,0,0
16,289,District - West Tripura  (01),Total,15-19,167086,84694,82392,142975,81224,61751,23562,3367,20195,291,51,240,182,41,141,76,11,65,0,0,0
16,289,District - West Tripura  (01),Total,20-24,176431,87398,89033,92526,64715,27811,82281,22439,59842,713,127,586,628,89,539,283,28,255,0,0,0
16,289,District - West Tripura  (01),Total,25-29,165002,83840,81162,44944,34938,10006,117192,48435,68757,1497,218,1279,960,190,770,409,59,350,0,0,0
16,289,District - West Tripura  (01),Total,30-34,140470,73022,67448,16888,13019,3869,119758,59402,60356,2323,330,1993,1031,201,830,470,70,400,0,0,0
16,289,District - West Tripura  (01),Total,35-39,136860,69503,67357,6688,4617,2071,124353,64131,60222,4182,450,3732,1129,211,918,508,94,414,0,0,0
16,289,District - West Tripura  (01),Total,40-44,119308,61525,57783,2987,1708,1279,108659,58879,49780,6192,592,5600,1039,249,790,431,97,334,0,0,0
16,289,District - West Tripura  (01),Total,45-49,103081,53235,49846,1727,909,818,92158,51293,40865,8104,814,7290,781,164,617,311,55,256,0,0,0
16,289,District - West Tripura  (01),Total,50-54,82128,43784,38344,1158,577,581,70335,41965,28370,9889,1046,8843,531,145,386,215,51,164,0,0,0
16,289,District - West Tripura  (01),Total,55-59,59265,31507,27758,733,338,395,48632,29950,18682,9485,1108,8377,299,73,226,116,38,78,0,0,0
16,289,District - West Tripura  (01),Total,60-64,48093,24633,23460,615,277,338,35235,22830,12405,11937,1432,10505,216,67,149,90,27,63,0,0,0
16,289,District - West Tripura  (01),Total,65-69,34226,16917,17309,413,212,201,22335,15127,7208,11292,1507,9785,147,53,94,39,18,21,0,0,0
16,289,District - West Tripura  (01),Total,70-74,25947,12403,13544,271,149,122,14390,10467,3923,11168,1727,9441,97,51,46,21,9,12,0,0,0
16,289,District - West Tripura  (01),Total,75-79,15196,7127,8069,159,84,75,7589,5677,1912,7373,1328,6045,58,31,27,17,7,10,0,0,0
16,289,District - West Tripura  (01),Total,80+,19782,8470,11312,701,385,316,7841,5895,1946,11166,2153,9013,57,32,25,17,5,12,0,0,0
16,289,District - West Tripura  (01),Total,Age not stated,959,518,441,516,304,212,365,199,166,71,12,59,5,3,2,2,0,2,0,0,0
16,289,District - West Tripura  (01),Total,Less than 18,529084,270918,258166,519750,268879,250871,8896,1924,6972,265,55,210,125,50,75,48,10,38,0,0,0
16,289,District - West Tripura  (01),Total,Less than 21,639725,324979,314746,597594,317771,279823,41117,7013,34104,539,102,437,338,77,261,137,16,121,0,0,0
16,289,District - West Tripura  (01),Rural,All ages,1048101,536720,511381,469544,266250,203294,518518,260676,257842,54070,8401,45669,4087,1033,3054,1882,360,1522,0,0,0
16,289,District - West Tripura  (01),Rural,0-9,182744,93339,89405,182744,93339,89405,0,0,0,0,0,0,0,0,0,0,0,0,0,0,0
16,289,District - West Tripura  (01),Rural,10-14,103829,53099,50730,102382,52621,49761,1327,443,884,75,21,54,37,13,24,8,1,7,0,0,0
16,289,District - West Tripura  (01),Rural,15-19,108674,55406,53268,92010,52846,39164,16300,2485,13815,197,43,154,114,23,91,53,9,44,0,0,0
16,289,District - West Tripura  (01),Rural,20-24,111283,55426,55857,54492,38946,15546,55693,16308,39385,502,91,411,390,58,332,206,23,183,0,0,0
16,289,District - West Tripura  (01),Rural,25-29,100207,51537,48670,23652,18583,5069,74751,32643,42108,954,150,804,576,119,457,274,42,232,0,0,0
16,289,District - West Tripura  (01),Rural,30-34,82217,43621,38596,7913,6042,1871,72051,37180,34871,1403,220,1183,563,137,426,287,42,245,0,0,0
16,289,District - West Tripura  (01),Rural,35-39,78118,40396,37722,2841,1947,894,71906,37987,33919,2465,276,2189,614,129,485,292,57,235,0,0,0
16,289,District - West Tripura  (01),Rural,40-44,66467,34489,31978,1086,611,475,61106,33291,27815,3450,383,3067,562,153,409,263,51,212,0,0,0
16,289,District - West Tripura  (01),Rural,45-49,56136,29082,27054,576,314,262,50527,28083,22444,4439,545,3894,404,106,298,190,34,156,0,0,0
16,289,District - West Tripura  (01),Rural,50-54,43532,23302,20230,360,208,152,37432,22320,15112,5331,656,4675,286,88,198,123,30,93,0,0,0
16,289,District - West Tripura  (01),Rural,55-59,30806,15907,14899,194,103,91,25365,15044,10321,5021,696,4325,156,43,113,70,21,49,0,0,0
16,289,District - West Tripura  (01),Rural,60-64,26724,13520,13204,212,94,118,19791,12459,7332,6536,899,5637,137,48,89,48,20,28,0,0,0
16,289,District - West Tripura  (01),Rural,65-69,20043,9880,10163,179,106,73,13269,8735,4534,6471,996,5475,95,30,65,29,13,16,0,0,0
16,289,District - West Tripura  (01),Rural,70-74,15525,7530,7995,126,63,63,8822,6270,2552,6487,1152,5335,73,39,34,17,6,11,0,0,0
16,289,District - West Tripura  (01),Rural,75-79,8799,4273,4526,66,34,32,4700,3392,1308,3990,822,3168,33,19,14,10,6,4,0,0,0
16,289,District - West Tripura  (01),Rural,80+,12488,5626,6862,426,227,199,5292,3926,1366,6713,1442,5271,45,26,19,12,5,7,0,0,0
16,289,District - West Tripura  (01),Rural,Age not stated,509,287,222,285,166,119,186,110,76,36,9,27,2,2,0,0,0,0,0,0,0
16,289,District - West Tripura  (01),Rural,Less than 18,350360,179564,170796,344152,178178,165974,5914,1308,4606,180,46,134,80,24,56,34,8,26,0,0,0
16,289,District - West Tripura  (01),Rural,Less than 21,421698,214502,207196,392530,209241,183289,28488,5122,23366,374,84,290,210,42,168,96,13,83,0,0,0
16,289,District - West Tripura  (01),Urban,All ages,677638,342708,334930,273356,157274,116082,358292,180112,178180,41726,4521,37205,3128,591,2537,1136,210,926,0,0,0
16,289,District - West Tripura  (01),Urban,0-9,93711,48069,45642,93711,48069,45642,0,0,0,0,0,0,0,0,0,0,0,0,0,0,0
16,289,District - West Tripura  (01),Urban,10-14,51621,26345,25276,50762,26039,24723,798,289,509,38,6,32,18,11,7,5,0,5,0,0,0
16,289,District - West Tripura  (01),Urban,15-19,58412,29288,29124,50965,28378,22587,7262,882,6380,94,8,86,68,18,50,23,2,21,0,0,0
16,289,District - West Tripura  (01),Urban,20-24,65148,31972,33176,38034,25769,12265,26588,6131,20457,211,36,175,238,31,207,77,5,72,0,0,0
16,289,District - West Tripura  (01),Urban,25-29,64795,32303,32492,21292,16355,4937,42441,15792,26649,543,68,475,384,71,313,135,17,118,0,0,0
16,289,District - West Tripura  (01),Urban,30-34,58253,29401,28852,8975,6977,1998,47707,22222,25485,920,110,810,468,64,404,183,28,155,0,0,0
16,289,District - West Tripura  (01),Urban,35-39,58742,29107,29635,3847,2670,1177,52447,26144,26303,1717,174,1543,515,82,433,216,37,179,0,0,0
16,289,District - West Tripura  (01),Urban,40-44,52841,27036,25805,1901,1097,804,47553,25588,21965,2742,209,2533,477,96,381,168,46,122,0,0,0
16,289,District - West Tripura  (01),Urban,45-49,46945,24153,22792,1151,595,556,41631,23210,18421,3665,269,3396,377,58,319,121,21,100,0,0,0
16,289,District - West Tripura  (01),Urban,50-54,38596,20482,18114,798,369,429,32903,19645,13258,4558,390,4168,245,57,188,92,21,71,0,0,0
16,289,District - West Tripura  (01),Urban,55-59,28459,15600,12859,539,235,304,23267,14906,8361,4464,412,4052,143,30,113,46,17,29,0,0,0
16,289,District - West Tripura  (01),Urban,60-64,21369,11113,10256,403,183,220,15444,10371,5073,5401,533,4868,79,19,60,42,7,35,0,0,0
16,289,District - West Tripura  (01),Urban,65-69,14183,7037,7146,234,106,128,9066,6392,2674,4821,511,4310,52,23,29,10,5,5,0,0,0
16,289,District - West Tripura  (01),Urban,70-74,10422,4873,5549,145,86,59,5568,4197,1371,4681,575,4106,24,12,12,4,3,1,0,0,0
16,289,District - West Tripura  (01),Urban,75-79,6397,2854,3543,93,50,43,2889,2285,604,3383,506,2877,25,12,13,7,1,6,0,0,0
16,289,District - West Tripura  (01),Urban,80+,7294,2844,4450,275,158,117,2549,1969,580,4453,711,3742,12,6,6,5,0,5,0,0,0
16,289,District - West Tripura  (01),Urban,Age not stated,450,231,219,231,138,93,179,89,90,35,3,32,3,1,2,2,0,2,0,0,0
16,289,District - West Tripura  (01),Urban,Less than 18,178724,91354,87370,175598,90701,84897,2982,616,2366,85,9,76,45,26,19,14,2,12,0,0,0
16,289,District - West Tripura  (01),Urban,Less than 21,218027,110477,107550,205064,108530,96534,12629,1891,10738,165,18,147,128,35,93,41,3,38,0,0,0
16,290,District - South Tripura  (02),Total,All ages,876001,447544,428457,386858,219552,167306,437948,219954,217994,45453,6863,38590,3879,830,3049,1863,345,1518,0,0,0
16,290,District - South Tripura  (02),Total,0-9,162220,83048,79172,162220,83048,79172,0,0,0,0,0,0,0,0,0,0,0,0,0,0,0
16,290,District - South Tripura  (02),Total,10-14,89353,45784,43569,87983,45311,42672,1268,436,832,63,20,43,30,15,15,9,2,7,0,0,0
16,290,District - South Tripura  (02),Total,15-19,84783,42870,41913,69780,40532,29248,14673,2266,12407,170,38,132,104,22,82,56,12,44,0,0,0
16,290,District - South Tripura  (02),Total,20-24,87795,43132,44663,38369,28633,9736,48460,14357,34103,410,71,339,348,49,299,208,22,186,0,0,0
16,290,District - South Tripura  (02),Total,25-29,81407,41694,39713,16760,13770,2990,63132,27648,35484,747,137,610,511,96,415,257,43,214,0,0,0
16,290,District - South Tripura  (02),Total,30-34,67247,35231,32016,6107,4865,1242,59260,30070,29190,1134,185,949,486,77,409,260,34,226,0,0,0
16,290,District - South Tripura  (02),Total,35-39,66082,34051,32031,2286,1557,729,60959,32107,28852,1952,225,1727,570,108,462,315,54,261,0,0,0
16,290,District - South Tripura  (02),Total,40-44,55378,28938,26440,919,522,397,50976,27965,23011,2703,290,2413,541,112,429,239,49,190,0,0,0
16,290,District - South Tripura  (02),Total,45-49,47969,24921,23048,618,317,301,43164,24074,19090,3581,414,3167,433,83,350,173,33,140,0,0,0
16,290,District - South Tripura  (02),Total,50-54,37193,19999,17194,387,193,194,31975,19156,12819,4376,557,3819,313,63,250,142,30,112,0,0,0
16,290,District - South Tripura  (02),Total,55-59,27100,14174,12926,228,111,117,22325,13461,8864,4311,536,3775,179,50,129,57,16,41,0,0,0
16,290,District - South Tripura  (02),Total,60-64,22350,11334,11016,279,155,124,16207,10323,5884,5661,791,4870,135,42,93,68,23,45,0,0,0
16,290,District - South Tripura  (02),Total,65-69,17172,8443,8729,264,158,106,11103,7400,3703,5669,836,4833,97,39,58,39,10,29,0,0,0
16,290,District - South Tripura  (02),Total,70-74,12379,5957,6422,101,62,39,6825,4982,1843,5382,878,4504,55,27,28,16,8,8,0,0,0
16,290,District - South Tripura  (02),Total,75-79,7356,3365,3991,44,24,20,3569,2650,919,3704,666,3038,34,23,11,5,2,3,0,0,0
16,290,District - South Tripura  (02),Total,80+,9874,4434,5440,341,185,156,3924,3004,920,5549,1215,4334,42,23,19,18,7,11,0,0,0
16,290,District - South Tripura  (02),Total,Age not stated,343,169,174,172,109,63,128,55,73,41,4,37,1,1,0,1,0,1,0,0,0
16,290,District - South Tripura  (02),Total,Less than 18,301816,155074,146742,296342,153867,142475,5235,1133,4102,150,38,112,69,31,38,20,5,15,0,0,0
16,290,District - South Tripura  (02),Total,Less than 21,356890,181461,175429,331062,176640,154422,25229,4690,20539,310,67,243,184,44,140,105,20,85,0,0,0
16,290,District - South Tripura  (02),Rural,All ages,752970,384787,368183,338785,191250,147535,371405,186491,184914,37797,6021,31776,3336,719,2617,1647,306,1341,0,0,0
16,290,District - South Tripura  (02),Rural,0-9,145056,74159,70897,145056,74159,70897,0,0,0,0,0,0,0,0,0,0,0,0,0,0,0
16,290,District - South Tripura  (02),Rural,10-14,79778,40925,38853,78577,40504,38073,1117,390,727,49,16,33,26,13,13,9,2,7,0,0,0
16,290,District - South Tripura  (02),Rural,15-19,74269,37570,36699,60890,35426,25464,13084,2077,11007,150,37,113,91,18,73,54,12,42,0,0,0
16,290,District - South Tripura  (02),Rural,20-24,75867,37287,38580,32083,24067,8016,42919,13090,29829,367,64,303,312,46,266,186,20,166,0,0,0
16,290,District - South Tripura  (02),Rural,25-29,69805,35715,34090,13394,10956,2438,55091,24515,30576,632,117,515,453,88,365,235,39,196,0,0,0
16,290,District - South Tripura  (02),Rural,30-34,56975,29989,26986,4622,3661,961,50724,26068,24656,972,158,814,429,70,359,228,32,196,0,0,0
16,290,District - South Tripura  (02),Rural,35-39,55232,28601,26631,1668,1103,565,51186,27166,24020,1625,195,1430,478,91,387,275,46,229,0,0,0
16,290,District - South Tripura  (02),Rural,40-44,45775,24001,21774,658,367,291,42229,23235,18994,2227,264,1963,456,92,364,205,43,162,0,0,0
16,290,District - South Tripura  (02),Rural,45-49,39318,20499,18819,435,231,204,35427,19798,15629,2951,374,2577,354,69,285,151,27,124,0,0,0
16,290,District - South Tripura  (02),Rural,50-54,30284,16260,14024,258,129,129,26082,15572,10510,3568,487,3081,259,50,209,117,22,95,0,0,0
16,290,District - South Tripura  (02),Rural,55-59,21898,11339,10559,143,67,76,18107,10748,7359,3447,466,2981,148,43,105,53,15,38,0,0,0
16,290,District - South Tripura  (02),Rural,60-64,18698,9339,9359,218,123,95,13541,8463,5078,4762,693,4069,119,38,81,58,22,36,0,0,0
16,290,District - South Tripura  (02),Rural,65-69,14566,7132,7434,224,131,93,9451,6226,3225,4767,733,4034,85,32,53,39,10,29,0,0,0
16,290,District - South Tripura  (02),Rural,70-74,10538,5093,5445,91,57,34,5833,4214,1619,4547,788,3759,54,27,27,13,7,6,0,0,0
16,290,District - South Tripura  (02),Rural,75-79,6225,2869,3356,36,18,18,3088,2264,824,3065,565,2500,31,20,11,5,2,3,0,0,0
16,290,District - South Tripura  (02),Rural,80+,8417,3873,4544,293,161,132,3427,2623,804,4639,1061,3578,40,21,19,18,7,11,0,0,0
16,290,District - South Tripura  (02),Rural,Age not stated,269,136,133,139,90,49,99,42,57,29,3,26,1,1,0,1,0,1,0,0,0
16,290,District - South Tripura  (02),Rural,Less than 18,269022,138250,130772,264220,137158,127062,4594,1025,3569,126,34,92,62,28,34,20,5,15,0,0,0
16,290,District - South Tripura  (02),Rural,Less than 21,317082,161183,155899,294017,156750,137267,22535,4313,18222,270,62,208,162,38,124,98,20,78,0,0,0
16,290,District - South Tripura  (02),Urban,All ages,123031,62757,60274,48073,28302,19771,66543,33463,33080,7656,842,6814,543,111,432,216,39,177,0,0,0
16,290,District - South Tripura  (02),Urban,0-9,17164,8889,8275,17164,8889,8275,0,0,0,0,0,0,0,0,0,0,0,0,0,0,0
16,290,District - South Tripura  (02),Urban,10-14,9575,4859,4716,9406,4807,4599,151,46,105,14,4,10,4,2,2,0,0,0,0,0,0
16,290,District - South Tripura  (02),Urban,15-19,10514,5300,5214,8890,5106,3784,1589,189,1400,20,1,19,13,4,9,2,0,2,0,0,0
16,290,District - South Tripura  (02),Urban,20-24,11928,5845,6083,6286,4566,1720,5541,1267,4274,43,7,36,36,3,33,22,2,20,0,0,0
16,290,District - South Tripura  (02),Urban,25-29,11602,5979,5623,3366,2814,552,8041,3133,4908,115,20,95,58,8,50,22,4,18,0,0,0
16,290,District - South Tripura  (02),Urban,30-34,10272,5242,5030,1485,1204,281,8536,4002,4534,162,27,135,57,7,50,32,2,30,0,0,0
16,290,District - South Tripura  (02),Urban,35-39,10850,5450,5400,618,454,164,9773,4941,4832,327,30,297,92,17,75,40,8,32,0,0,0
16,290,District - South Tripura  (02),Urban,40-44,9603,4937,4666,261,155,106,8747,4730,4017,476,26,450,85,20,65,34,6,28,0,0,0
16,290,District - South Tripura  (02),Urban,45-49,8651,4422,4229,183,86,97,7737,4276,3461,630,40,590,79,14,65,22,6,16,0,0,0
16,290,District - South Tripura  (02),Urban,50-54,6909,3739,3170,129,64,65,5893,3584,2309,808,70,738,54,13,41,25,8,17,0,0,0
16,290,District - South Tripura  (02),Urban,55-59,5202,2835,2367,85,44,41,4218,2713,1505,864,70,794,31,7,24,4,1,3,0,0,0
16,290,District - South Tripura  (02),Urban,60-64,3652,1995,1657,61,32,29,2666,1860,806,899,98,801,16,4,12,10,1,9,0,0,0
16,290,District - South Tripura  (02),Urban,65-69,2606,1311,1295,40,27,13,1652,1174,478,902,103,799,12,7,5,0,0,0,0,0,0
16,290,District - South Tripura  (02),Urban,70-74,1841,864,977,10,5,5,992,768,224,835,90,745,1,0,1,3,1,2,0,0,0
16,290,District - South Tripura  (02),Urban,75-79,1131,496,635,8,6,2,481,386,95,639,101,538,3,3,0,0,0,0,0,0,0
16,290,District - South Tripura  (02),Urban,80+,1457,561,896,48,24,24,497,381,116,910,154,756,2,2,0,0,0,0,0,0,0
16,290,District - South Tripura  (02),Urban,Age not stated,74,33,41,33,19,14,29,13,16,12,1,11,0,0,0,0,0,0,0,0,0
16,290,District - South Tripura  (02),Urban,Less than 18,32794,16824,15970,32122,16709,15413,641,108,533,24,4,20,7,3,4,0,0,0,0,0,0
16,290,District - South Tripura  (02),Urban,Less than 21,39808,20278,19530,37045,19890,17155,2694,377,2317,40,5,35,22,6,16,7,0,7,0,0,0
16,291,District - Dhalai (03),Total,All ages,378230,194544,183686,181086,99900,81186,177823,90596,87227,17052,3417,13635,1371,361,1010,898,270,628,0,0,0
16,291,District - Dhalai (03),Total,0-9,80931,41133,39798,80931,41133,39798,0,0,0,0,0,0,0,0,0,0,0,0,0,0,0
16,291,District - Dhalai (03),Total,10-14,40924,21153,19771,40365,20942,19423,515,192,323,29,10,19,10,5,5,5,4,1,0,0,0
16,291,District - Dhalai (03),Total,15-19,37351,18864,18487,31318,17797,13521,5859,1031,4828,94,18,76,51,14,37,29,4,25,0,0,0
16,291,District - Dhalai (03),Total,20-24,37906,18533,19373,16616,11475,5141,20776,6947,13829,231,51,180,148,23,125,135,37,98,0,0,0
16,291,District - Dhalai (03),Total,25-29,35174,18107,17067,6953,5260,1693,27490,12672,14818,400,98,302,189,34,155,142,43,99,0,0,0
16,291,District - Dhalai (03),Total,30-34,28117,14815,13302,2445,1809,636,24825,12831,11994,547,108,439,180,39,141,120,28,92,0,0,0
16,291,District - Dhalai (03),Total,35-39,27011,14301,12710,1025,687,338,24810,13367,11443,835,170,665,201,49,152,140,28,112,0,0,0
16,291,District - Dhalai (03),Total,40-44,21904,11835,10069,463,266,197,20111,11316,8795,1067,182,885,170,39,131,93,32,61,0,0,0
16,291,District - Dhalai (03),Total,45-49,18516,9718,8798,259,138,121,16590,9290,7300,1458,230,1228,137,42,95,72,18,54,0,0,0
16,291,District - Dhalai (03),Total,50-54,13895,7410,6485,156,72,84,11917,6997,4920,1697,298,1399,71,22,49,54,21,33,0,0,0
16,291,District - Dhalai (03),Total,55-59,9972,5245,4727,90,40,50,8230,4871,3359,1550,303,1247,68,17,51,34,14,20,0,0,0
16,291,District - Dhalai (03),Total,60-64,9033,4571,4462,86,51,35,6623,4098,2525,2246,385,1861,49,22,27,29,15,14,0,0,0
16,291,District - Dhalai (03),Total,65-69,6600,3368,3232,69,39,30,4422,2897,1525,2064,411,1653,38,18,20,7,3,4,0,0,0
16,291,District - Dhalai (03),Total,70-74,4663,2415,2248,45,23,22,2725,1962,763,1853,401,1452,25,19,6,15,10,5,0,0,0
16,291,District - Dhalai (03),Total,75-79,2568,1281,1287,29,14,15,1382,1001,381,1134,255,879,12,4,8,11,7,4,0,0,0
16,291,District - Dhalai (03),Total,80+,3538,1720,1818,151,92,59,1513,1111,402,1840,497,1343,22,14,8,12,6,6,0,0,0
16,291,District - Dhalai (03),Total,Age not stated,127,75,52,85,62,23,35,13,22,7,0,7,0,0,0,0,0,0,0,0,0
16,291,District - Dhalai (03),Total,Less than 18,143995,73898,70097,141749,73334,68415,2120,526,1594,88,24,64,25,10,15,13,4,9,0,0,0
16,291,District - Dhalai (03),Total,Less than 21,167861,85162,82699,157349,82926,74423,10206,2162,8044,164,37,127,83,20,63,59,17,42,0,0,0
16,291,District - Dhalai (03),Rural,All ages,337731,173773,163958,163823,90112,73711,157192,79975,77217,14748,3125,11623,1154,313,841,814,248,566,0,0,0
16,291,District - Dhalai (03),Rural,0-9,74374,37793,36581,74374,37793,36581,0,0,0,0,0,0,0,0,0,0,0,0,0,0,0
16,291,District - Dhalai (03),Rural,10-14,37550,19431,18119,37028,19239,17789,481,175,306,27,9,18,10,5,5,4,3,1,0,0,0
16,291,District - Dhalai (03),Rural,15-19,33780,17106,16674,28207,16081,12126,5414,990,4424,83,17,66,48,14,34,28,4,24,0,0,0
16,291,District - Dhalai (03),Rural,20-24,33957,16604,17353,14470,9980,4490,19021,6520,12501,212,47,165,129,21,108,125,36,89,0,0,0
16,291,District - Dhalai (03),Rural,25-29,31182,16119,15063,5853,4417,1436,24664,11538,13126,366,92,274,165,32,133,134,40,94,0,0,0
16,291,District - Dhalai (03),Rural,30-34,24585,13015,11570,1927,1400,527,21925,11457,10468,480,98,382,144,32,112,109,28,81,0,0,0
16,291,District - Dhalai (03),Rural,35-39,23447,12430,11017,820,552,268,21626,11654,9972,715,159,556,156,39,117,130,26,104,0,0,0
16,291,District - Dhalai (03),Rural,40-44,18887,10108,8779,338,200,138,17398,9675,7723,934,174,760,141,32,109,76,27,49,0,0,0
16,291,District - Dhalai (03),Rural,45-49,16013,8445,7568,214,117,97,14378,8059,6319,1242,217,1025,116,36,80,63,16,47,0,0,0
16,291,District - Dhalai (03),Rural,50-54,11947,6356,5591,124,58,66,10281,5987,4294,1441,276,1165,58,18,40,43,17,26,0,0,0
16,291,District - Dhalai (03),Rural,55-59,8613,4480,4133,69,31,38,7133,4142,2991,1320,279,1041,58,15,43,33,13,20,0,0,0
16,291,District - Dhalai (03),Rural,60-64,7958,4005,3953,75,45,30,5867,3579,2288,1946,348,1598,44,19,25,26,14,12,0,0,0
16,291,District - Dhalai (03),Rural,65-69,5874,3012,2862,55,31,24,3968,2587,1381,1812,375,1437,32,16,16,7,3,4,0,0,0
16,291,District - Dhalai (03),Rural,70-74,4128,2155,1973,38,20,18,2445,1746,699,1607,360,1247,23,19,4,15,10,5,0,0,0
16,291,District - Dhalai (03),Rural,75-79,2239,1126,1113,26,13,13,1221,873,348,970,229,741,11,4,7,11,7,4,0,0,0
16,291,District - Dhalai (03),Rural,80+,3079,1516,1563,123,75,48,1339,981,358,1588,445,1143,19,11,8,10,4,6,0,0,0
16,291,District - Dhalai (03),Rural,Age not stated,118,72,46,82,60,22,31,12,19,5,0,5,0,0,0,0,0,0,0,0,0
16,291,District - Dhalai (03),Rural,Less than 18,132046,67835,64211,129965,67302,62663,1967,498,1469,78,22,56,25,10,15,11,3,8,0,0,0
16,291,District - Dhalai (03),Rural,Less than 21,153494,77933,75561,143800,75803,67997,9414,2059,7355,147,35,112,77,20,57,56,16,40,0,0,0
16,291,District - Dhalai (03),Urban,All ages,40499,20771,19728,17263,9788,7475,20631,10621,10010,2304,292,2012,217,48,169,84,22,62,0,0,0
16,291,District - Dhalai (03),Urban,0-9,6557,3340,3217,6557,3340,3217,0,0,0,0,0,0,0,0,0,0,0,0,0,0,0
16,291,District - Dhalai (03),Urban,10-14,3374,1722,1652,3337,1703,1634,34,17,17,2,1,1,0,0,0,1,1,0,0,0,0
16,291,District - Dhalai (03),Urban,15-19,3571,1758,1813,3111,1716,1395,445,41,404,11,1,10,3,0,3,1,0,1,0,0,0
16,291,District - Dhalai (03),Urban,20-24,3949,1929,2020,2146,1495,651,1755,427,1328,19,4,15,19,2,17,10,1,9,0,0,0
16,291,District - Dhalai (03),Urban,25-29,3992,1988,2004,1100,843,257,2826,1134,1692,34,6,28,24,2,22,8,3,5,0,0,0
16,291,District - Dhalai (03),Urban,30-34,3532,1800,1732,518,409,109,2900,1374,1526,67,10,57,36,7,29,11,0,11,0,0,0
16,291,District - Dhalai (03),Urban,35-39,3564,1871,1693,205,135,70,3184,1713,1471,120,11,109,45,10,35,10,2,8,0,0,0
16,291,District - Dhalai (03),Urban,40-44,3017,1727,1290,125,66,59,2713,1641,1072,133,8,125,29,7,22,17,5,12,0,0,0
16,291,District - Dhalai (03),Urban,45-49,2503,1273,1230,45,21,24,2212,1231,981,216,13,203,21,6,15,9,2,7,0,0,0
16,291,District - Dhalai (03),Urban,50-54,1948,1054,894,32,14,18,1636,1010,626,256,22,234,13,4,9,11,4,7,0,0,0
16,291,District - Dhalai (03),Urban,55-59,1359,765,594,21,9,12,1097,729,368,230,24,206,10,2,8,1,1,0,0,0,0
16,291,District - Dhalai (03),Urban,60-64,1075,566,509,11,6,5,756,519,237,300,37,263,5,3,2,3,1,2,0,0,0
16,291,District - Dhalai (03),Urban,65-69,726,356,370,14,8,6,454,310,144,252,36,216,6,2,4,0,0,0,0,0,0
16,291,District - Dhalai (03),Urban,70-74,535,260,275,7,3,4,280,216,64,246,41,205,2,0,2,0,0,0,0,0,0
16,291,District - Dhalai (03),Urban,75-79,329,155,174,3,1,2,161,128,33,164,26,138,1,0,1,0,0,0,0,0,0
16,291,District - Dhalai (03),Urban,80+,459,204,255,28,17,11,174,130,44,252,52,200,3,3,0,2,2,0,0,0,0
16,291,District - Dhalai (03),Urban,Age not stated,9,3,6,3,2,1,4,1,3,2,0,2,0,0,0,0,0,0,0,0,0
16,291,District - Dhalai (03),Urban,Less than 18,11949,6063,5886,11784,6032,5752,153,28,125,10,2,8,0,0,0,2,1,1,0,0,0
16,291,District - Dhalai (03),Urban,Less than 21,14367,7229,7138,13549,7123,6426,792,103,689,17,2,15,6,0,6,3,1,2,0,0,0
16,292,District - North Tripura (04),Total,All ages,693947,352860,341087,343938,191196,152742,308590,154488,154102,35722,5852,29870,3519,860,2659,2178,464,1714,0,0,0
16,292,District - North Tripura (04),Total,0-9,140695,71457,69238,140695,71457,69238,0,0,0,0,0,0,0,0,0,0,0,0,0,0,0
16,292,District - North Tripura (04),Total,10-14,71963,36620,35343,71093,36336,34757,801,263,538,34,6,28,20,9,11,15,6,9,0,0,0
16,292,District - North Tripura (04),Total,15-19,68609,34708,33901,60150,33414,26736,8165,1236,6929,116,31,85,117,18,99,61,9,52,0,0,0
16,292,District - North Tripura (04),Total,20-24,71045,34716,36329,38625,25819,12806,31434,8742,22692,361,63,298,362,54,308,263,38,225,0,0,0
16,292,District - North Tripura (04),Total,25-29,62566,31418,31148,18695,13940,4755,42433,17217,25216,629,135,494,457,69,388,352,57,295,0,0,0
16,292,District - North Tripura (04),Total,30-34,51155,26163,24992,7529,5774,1755,41882,20081,21801,933,159,774,489,82,407,322,67,255,0,0,0
16,292,District - North Tripura (04),Total,35-39,49389,25196,24193,3145,2223,922,43860,22570,21290,1572,228,1344,476,115,361,336,60,276,0,0,0
16,292,District - North Tripura (04),Total,40-44,42161,21795,20366,1371,832,539,37783,20482,17301,2305,323,1982,437,101,336,265,57,208,0,0,0
16,292,District - North Tripura (04),Total,45-49,35903,18843,17060,797,429,368,31523,17871,13652,3021,394,2627,372,98,274,190,51,139,0,0,0
16,292,District - North Tripura (04),Total,50-54,28970,15434,13536,519,265,254,24128,14529,9599,3881,522,3359,280,82,198,162,36,126,0,0,0
16,292,District - North Tripura (04),Total,55-59,20537,10923,9614,301,145,156,16357,10195,6162,3660,515,3145,144,48,96,75,20,55,0,0,0
16,292,District - North Tripura (04),Total,60-64,17653,9073,8580,272,140,132,12495,8172,4323,4697,682,4015,133,53,80,56,26,30,0,0,0
16,292,District - North Tripura (04),Total,65-69,12482,6316,6166,177,92,85,7892,5467,2425,4296,698,3598,92,44,48,25,15,10,0,0,0
16,292,District - North Tripura (04),Total,70-74,9335,4760,4575,152,89,63,5066,3875,1191,4012,737,3275,78,50,28,27,9,18,0,0,0
16,292,District - North Tripura (04),Total,75-79,4966,2486,2480,57,32,25,2379,1912,467,2488,520,1968,27,15,12,15,7,8,0,0,0
16,292,District - North Tripura (04),Total,80+,6331,2847,3484,238,129,109,2346,1854,492,3700,837,2863,34,21,13,13,6,7,0,0,0
16,292,District - North Tripura (04),Total,Age not stated,187,105,82,122,80,42,46,22,24,17,2,15,1,1,0,1,0,1,0,0,0
16,292,District - North Tripura (04),Total,Less than 18,253112,128972,124140,249848,128231,121617,3083,693,2390,104,24,80,48,16,32,29,8,21,0,0,0
16,292,District - North Tripura (04),Total,Less than 21,297906,150661,147245,282592,147944,134648,14769,2607,12162,215,48,167,207,37,170,123,25,98,0,0,0
16,292,District - North Tripura (04),Rural,All ages,573662,291893,281769,289838,160651,129187,250513,125049,125464,28504,5039,23465,2860,728,2132,1947,426,1521,0,0,0
16,292,District - North Tripura (04),Rural,0-9,122276,62142,60134,122276,62142,60134,0,0,0,0,0,0,0,0,0,0,0,0,0,0,0
16,292,District - North Tripura (04),Rural,10-14,61837,31449,30388,61082,31202,29880,696,228,468,30,6,24,15,7,8,14,6,8,0,0,0
16,292,District - North Tripura (04),Rural,15-19,58165,29295,28870,50618,28137,22481,7273,1103,6170,106,29,77,107,17,90,61,9,52,0,0,0
16,292,District - North Tripura (04),Rural,20-24,59769,29149,30620,31320,21166,10154,27545,7837,19708,333,60,273,321,48,273,250,38,212,0,0,0
16,292,District - North Tripura (04),Rural,25-29,51666,26018,25648,14349,10814,3535,36039,14956,21083,566,131,435,386,60,326,326,57,269,0,0,0
16,292,District - North Tripura (04),Rural,30-34,41091,21106,19985,5417,4152,1265,34219,16681,17538,789,146,643,377,64,313,289,63,226,0,0,0
16,292,District - North Tripura (04),Rural,35-39,39332,20231,19101,2170,1540,630,35232,18331,16901,1265,207,1058,378,100,278,287,53,234,0,0,0
16,292,District - North Tripura (04),Rural,40-44,32926,16995,15931,892,538,354,29590,16047,13543,1855,277,1578,352,83,269,237,50,187,0,0,0
16,292,District - North Tripura (04),Rural,45-49,27830,14637,13193,516,291,225,24483,13870,10613,2387,348,2039,282,85,197,162,43,119,0,0,0
16,292,District - North Tripura (04),Rural,50-54,22539,12064,10475,297,170,127,18812,11337,7475,3079,458,2621,226,70,156,125,29,96,0,0,0
16,292,District - North Tripura (04),Rural,55-59,15630,8340,7290,152,84,68,12513,7763,4750,2786,436,2350,110,37,73,69,20,49,0,0,0
16,292,District - North Tripura (04),Rural,60-64,13915,7076,6839,176,92,84,9798,6334,3464,3781,581,3200,108,44,64,52,25,27,0,0,0
16,292,District - North Tripura (04),Rural,65-69,9943,5043,4900,125,72,53,6308,4332,1976,3415,589,2826,73,38,35,22,12,10,0,0,0
16,292,District - North Tripura (04),Rural,70-74,7573,3920,3653,108,59,49,4130,3172,958,3240,638,2602,70,43,27,25,8,17,0,0,0
16,292,District - North Tripura (04),Rural,75-79,3902,1990,1912,46,24,22,1900,1511,389,1917,434,1483,24,14,10,15,7,8,0,0,0
16,292,District - North Tripura (04),Rural,80+,5129,2365,2764,204,114,90,1940,1530,410,2942,697,2245,31,18,13,12,6,6,0,0,0
16,292,District - North Tripura (04),Rural,Age not stated,139,73,66,90,54,36,35,17,18,13,2,11,0,0,0,1,0,1,0,0,0
16,292,District - North Tripura (04),Rural,Less than 18,218407,111254,107153,215531,110602,104929,2713,607,2106,93,23,70,42,14,28,28,8,20,0,0,0
16,292,District - North Tripura (04),Rural,Less than 21,256466,129558,126908,242835,127114,115721,13130,2339,10791,197,46,151,184,34,150,120,25,95,0,0,0
16,292,District - North Tripura (04),Urban,All ages,120285,60967,59318,54100,30545,23555,58077,29439,28638,7218,813,6405,659,132,527,231,38,193,0,0,0
16,292,District - North Tripura (04),Urban,0-9,18419,9315,9104,18419,9315,9104,0,0,0,0,0,0,0,0,0,0,0,0,0,0,0
16,292,District - North Tripura (04),Urban,10-14,10126,5171,4955,10011,5134,4877,105,35,70,4,0,4,5,2,3,1,0,1,0,0,0
16,292,District - North Tripura (04),Urban,15-19,10444,5413,5031,9532,5277,4255,892,133,759,10,2,8,10,1,9,0,0,0,0,0,0
16,292,District - North Tripura (04),Urban,20-24,11276,5567,5709,7305,4653,2652,3889,905,2984,28,3,25,41,6,35,13,0,13,0,0,0
16,292,District - North Tripura (04),Urban,25-29,10900,5400,5500,4346,3126,1220,6394,2261,4133,63,4,59,71,9,62,26,0,26,0,0,0
16,292,District - North Tripura (04),Urban,30-34,10064,5057,5007,2112,1622,490,7663,3400,4263,144,13,131,112,18,94,33,4,29,0,0,0
16,292,District - North Tripura (04),Urban,35-39,10057,4965,5092,975,683,292,8628,4239,4389,307,21,286,98,15,83,49,7,42,0,0,0
16,292,District - North Tripura (04),Urban,40-44,9235,4800,4435,479,294,185,8193,4435,3758,450,46,404,85,18,67,28,7,21,0,0,0
16,292,District - North Tripura (04),Urban,45-49,8073,4206,3867,281,138,143,7040,4001,3039,634,46,588,90,13,77,28,8,20,0,0,0
16,292,District - North Tripura (04),Urban,50-54,6431,3370,3061,222,95,127,5316,3192,2124,802,64,738,54,12,42,37,7,30,0,0,0
16,292,District - North Tripura (04),Urban,55-59,4907,2583,2324,149,61,88,3844,2432,1412,874,79,795,34,11,23,6,0,6,0,0,0
16,292,District - North Tripura (04),Urban,60-64,3738,1997,1741,96,48,48,2697,1838,859,916,101,815,25,9,16,4,1,3,0,0,0
16,292,District - North Tripura (04),Urban,65-69,2539,1273,1266,52,20,32,1584,1135,449,881,109,772,19,6,13,3,3,0,0,0,0
16,292,District - North Tripura (04),Urban,70-74,1762,840,922,44,30,14,936,703,233,772,99,673,8,7,1,2,1,1,0,0,0
16,292,District - North Tripura (04),Urban,75-79,1064,496,568,11,8,3,479,401,78,571,86,485,3,1,2,0,0,0,0,0,0
16,292,District - North Tripura (04),Urban,80+,1202,482,720,34,15,19,406,324,82,758,140,618,3,3,0,1,0,1,0,0,0
16,292,District - North Tripura (04),Urban,Age not stated,48,32,16,32,26,6,11,5,6,4,0,4,1,1,0,0,0,0,0,0,0
16,292,District - North Tripura (04),Urban,Less than 18,34705,17718,16987,34317,17629,16688,370,86,284,11,1,10,6,2,4,1,0,1,0,0,0
16,292,District - North Tripura (04),Urban,Less than 21,41440,21103,20337,39757,20830,18927,1639,268,1371,18,2,16,23,3,20,3,0,3,0,0,0
