state_code,district_code,area_name,region_type,age_group,total_persons,total_males,total_females,never_married_persons,never_married_males,never_married_females,currently_married_persons,currently_married_males,currently_married_females,widowed_persons,widowed_males,widowed_females,separated_persons,separated_males,separated_females,divorced_persons,divorced_males,divorced_females,unspecified_persons,unspecified_males,unspecified_females
09,000,State - UTTAR PRADESH (09),Total,All ages,199812341,104480510,95331831,105471588,59353192,46118396,86450758,42265528,44185230,7539857,2683669,4856188,248385,133187,115198,101753,44934,56819,0,0,0
09,000,State - UTTAR PRADESH (09),Total,0-9,45438385,23910805,21527580,45438385,23910805,21527580,0,0,0,0,0,0,0,0,0,0,0,0,0,0,0
09,000,State - UTTAR PRADESH (09),Total,10-14,25869881,13679154,12190727,25317619,13475061,11842558,520568,189727,330841,18642,7746,10896,11177,5680,5497,1875,940,935,0,0,0
09,000,State - UTTAR PRADESH (09),Total,15-19,23040380,12307573,10732807,20668118,11700854,8967264,2317719,584202,1733517,38118,15169,22949,13171,6159,7012,3254,1189,2065,0,0,0
09,000,State - UTTAR PRADESH (09),Total,20-24,17578648,9405485,8173163,8515332,6055288,2460044,8954413,3304649,5649764,72691,30309,42382,25936,11472,14464,10276,3767,6509,0,0,0
09,000,State - UTTAR PRADESH (09),Total,25-29,14579829,7466367,7113462,2368180,1901624,466556,12032730,5482598,6550132,128513,57745,70768,34905,17837,17068,15501,6563,8938,0,0,0
09,000,State - UTTAR PRADESH (09),Total,30-34,12954682,6431401,6523281,751176,617382,133794,11949428,5700816,6248612,203469,87380,116089,34766,18748,16018,15843,7075,8768,0,0,0
09,000,State - UTTAR PRADESH (09),Total,35-39,12556222,6401231,6154991,357900,296138,61762,11819425,5949055,5870370,329645,129871,199774,33949,19099,14850,15303,7068,8235,0,0,0
09,000,State - UTTAR PRADESH (09),Total,40-44,10231402,5395162,4836240,220466,185139,35327,9528569,5021063,4507506,443268,167968,275300,27355,15636,11719,11744,5356,6388,0,0,0
09,000,State - UTTAR PRADESH (09),Total,45-49,8449777,4382148,4067629,142403,118331,24072,7758019,4063075,3694944,522513,186203,336310,18980,10864,8116,7862,3675,4187,0,0,0
09,000,State - UTTAR PRADESH (09),Total,50-54,6587023,3571917,3015106,112111,91923,20188,5811481,3244839,2566642,643410,224386,419024,14179,8050,6129,5842,2719,3123,0,0,0
09,000,State - UTTAR PRADESH (09),Total,55-59,5464146,2626201,2837945,86670,67025,19645,4740669,2336363,2404306,623985,215874,408111,9169,5227,3942,3653,1712,1941,0,0,0
09,000,State - UTTAR PRADESH (09),Total,60-64,5705191,2968771,2736420,145149,100264,44885,4397046,2494181,1902865,1149212,366843,782369,9897,5672,4225,3887,1811,2076,0,0,0
09,000,State - UTTAR PRADESH (09),Total,65-69,3839969,1958472,1881497,140501,90653,49848,2730731,1542376,1188355,960999,321225,639774,5514,3190,2324,2224,1028,1196,0,0,0
09,000,State - UTTAR PRADESH (09),Total,70-74,2832368,1535092,1297276,80683,56105,24578,1688316,1116813,571503,1057780,359036,698744,3875,2352,1523,1714,786,928,0,0,0
09,000,State - UTTAR PRADESH (09),Total,75-79,1249892,638877,611015,41722,27765,13957,721355,426240,295115,484687,183707,300980,1416,852,564,712,313,399,0,0,0
09,000,State - UTTAR PRADESH (09),Total,80+,1812484,935921,876563,177777,112558,65219,824279,510761,313518,807076,310799,496277,2222,1300,922,1130,503,627,0,0,0
09,000,State - UTTAR PRADESH (09),Total,Age not stated,1622062,865933,756129,907396,546277,361119,656010,298770,357240,55849,19408,36441,1874,1049,825,933,429,504,0,0,0
09,000,State - UTTAR PRADESH (09),Total,Less than 18,85334785,45000542,40334243,83973399,44555693,39417706,1297554,417191,880363,42524,17079,25445,18073,9034,9039,3235,1545,1690,0,0,0
09,000,State - UTTAR PRADESH (09),Total,Less than 21,99600945,52792679,46808266,94779196,51378267,43400929,4707029,1366529,3340500,76839,30540,46299,30547,14505,16042,7334,2838,4496,0,0,0
09,000,State - UTTAR PRADESH (09),Rural,All ages,155317278,80992995,74324283,82168438,46077005,36091433,66938792,32553832,34384960,5948921,2219000,3729921,191942,109730,82212,69185,33428,35757,0,0,0
09,000,State - UTTAR PRADESH (09),Rural,0-9,36918679,19384966,17533713,36918679,19384966,17533713,0,0,0,0,0,0,0,0,0,0,0,0,0,0,0
09,000,State - UTTAR PRADESH (09),Rural,10-14,20773940,10962322,9811618,20337762,10802283,9535479,411500,148633,262867,14471,6202,8269,8859,4508,4351,1348,696,652,0,0,0
09,000,State - UTTAR PRADESH (09),Rural,15-19,17779084,9493418,8285666,15802886,8989458,6813428,1933121,485776,1447345,30319,12418,17901,10334,4862,5472,2424,904,1520,0,0,0
09,000,State - UTTAR PRADESH (09),Rural,20-24,12989044,6927701,6061343,5591876,4135174,1456702,7312075,2755029,4557046,57082,24981,32101,20371,9499,10872,7640,3018,4622,0,0,0
09,000,State - UTTAR PRADESH (09),Rural,25-29,10860729,5531452,5329277,1330377,1130496,199881,9391515,4332817,5058698,101011,47997,53014,27017,14977,12040,10809,5165,5644,0,0,0
09,000,State - UTTAR PRADESH (09),Rural,30-34,9810399,4825061,4985338,445604,383188,62416,9168747,4348838,4819909,159309,72280,87029,26289,15485,10804,10450,5270,5180,0,0,0
09,000,State - UTTAR PRADESH (09),Rural,35-39,9523701,4848208,4675493,237171,204880,32291,8995755,4514772,4480983,255293,107900,147393,25623,15623,10000,9859,5033,4826,0,0,0
09,000,State - UTTAR PRADESH (09),Rural,40-44,7685262,4053994,3631268,154644,135954,18690,7164586,3763053,3401533,337747,138403,199344,20776,12786,7990,7509,3798,3711,0,0,0
09,000,State - UTTAR PRADESH (09),Rural,45-49,6278251,3240893,3037358,103075,89778,13297,5767361,2988813,2778548,388470,150895,237575,14367,8850,5517,4978,2557,2421,0,0,0
09,000,State - UTTAR PRADESH (09),Rural,50-54,4912691,2662431,2250260,83268,71856,11412,4330845,2400608,1930237,483831,181443,302388,10888,6586,4302,3859,1938,1921,0,0,0
09,000,State - UTTAR PRADESH (09),Rural,55-59,4166600,1960534,2206066,64703,52671,12032,3625649,1729520,1896129,466693,172777,293916,7121,4328,2793,2434,1238,1196,0,0,0
09,000,State - UTTAR PRADESH (09),Rural,60-64,4555476,2363521,2191955,114557,81953,32604,3516725,1970351,1546374,913251,304982,608269,8064,4804,3260,2879,1431,1448,0,0,0
09,000,State - UTTAR PRADESH (09),Rural,65-69,3116965,1583084,1533881,108159,72130,36029,2222721,1238203,984518,779774,269178,510596,4610,2750,1860,1701,823,878,0,0,0
09,000,State - UTTAR PRADESH (09),Rural,70-74,2317686,1262445,1055241,62823,45514,17309,1378522,910868,467654,871676,303363,568313,3310,2057,1253,1355,643,712,0,0,0
09,000,State - UTTAR PRADESH (09),Rural,75-79,1008251,514186,494065,32054,22097,9957,586028,340165,245863,388482,150970,237512,1151,711,440,536,243,293,0,0,0
09,000,State - UTTAR PRADESH (09),Rural,80+,1448090,754399,693691,125433,80136,45297,660195,412785,247410,659860,260016,399844,1782,1078,704,820,384,436,0,0,0
09,000,State - UTTAR PRADESH (09),Rural,Age not stated,1172430,624380,548050,655367,394471,260896,473447,213601,259846,41652,15195,26457,1380,826,554,584,287,297,0,0,0
09,000,State - UTTAR PRADESH (09),Rural,Less than 18,68639905,36133663,32506242,67549633,35779741,31769892,1040028,331713,708315,33644,13909,19735,14258,7157,7101,2342,1143,1199,0,0,0
09,000,State - UTTAR PRADESH (09),Rural,Less than 21,79459361,42049165,37410196,75462102,40868580,34593522,3906491,1141742,2764749,61037,25056,35981,24217,11600,12617,5514,2187,3327,0,0,0
09,000,State - UTTAR PRADESH (09),Urban,All ages,44495063,23487515,21007548,23303150,13276187,10026963,19511966,9711696,9800270,1590936,464669,1126267,56443,23457,32986,32568,11506,21062,0,0,0
09,000,State - UTTAR PRADESH (09),Urban,0-9,8519706,4525839,3993867,8519706,4525839,3993867,0,0,0,0,0,0,0,0,0,0,0,0,0,0,0
09,000,State - UTTAR PRADESH (09),Urban,10-14,5095941,2716832,2379109,4979857,2672778,2307079,109068,41094,67974,4171,1544,2627,2318,1172,1146,527,244,283,0,0,0
09,000,State - UTTAR PRADESH (09),Urban,15-19,5261296,2814155,2447141,4865232,2711396,2153836,384598,98426,286172,7799,2751,5048,2837,1297,1540,830,285,545,0,0,0
09,000,State - UTTAR PRADESH (09),Urban,20-24,4589604,2477784,2111820,2923456,1920114,1003342,1642338,549620,1092718,15609,5328,10281,5565,1973,3592,2636,749,1887,0,0,0
09,000,State - UTTAR PRADESH (09),Urban,25-29,3719100,1934915,1784185,1037803,771128,266675,2641215,1149781,1491434,27502,9748,17754,7888,2860,5028,4692,1398,3294,0,0,0
09,000,State - UTTAR PRADESH (09),Urban,30-34,3144283,1606340,1537943,305572,234194,71378,2780681,1351978,1428703,44160,15100,29060,8477,3263,5214,5393,1805,3588,0,0,0
09,000,State - UTTAR PRADESH (09),Urban,35-39,3032521,1553023,1479498,120729,91258,29471,2823670,1434283,1389387,74352,21971,52381,8326,3476,4850,5444,2035,3409,0,0,0
09,000,State - UTTAR PRADESH (09),Urban,40-44,2546140,1341168,1204972,65822,49185,16637,2363983,1258010,1105973,105521,29565,75956,6579,2850,3729,4235,1558,2677,0,0,0
09,000,State - UTTAR PRADESH (09),Urban,45-49,2171526,1141255,1030271,39328,28553,10775,1990658,1074262,916396,134043,35308,98735,4613,2014,2599,2884,1118,1766,0,0,0
09,000,State - UTTAR PRADESH (09),Urban,50-54,1674332,909486,764846,28843,20067,8776,1480636,844231,636405,159579,42943,116636,3291,1464,1827,1983,781,1202,0,0,0
09,000,State - UTTAR PRADESH (09),Urban,55-59,1297546,665667,631879,21967,14354,7613,1115020,606843,508177,157292,43097,114195,2048,899,1149,1219,474,745,0,0,0
09,000,State - UTTAR PRADESH (09),Urban,60-64,1149715,605250,544465,30592,18311,12281,880321,523830,356491,235961,61861,174100,1833,868,965,1008,380,628,0,0,0
09,000,State - UTTAR PRADESH (09),Urban,65-69,723004,375388,347616,32342,18523,13819,508010,304173,203837,181225,52047,129178,904,440,464,523,205,318,0,0,0
09,000,State - UTTAR PRADESH (09),Urban,70-74,514682,272647,242035,17860,10591,7269,309794,205945,103849,186104,55673,130431,565,295,270,359,143,216,0,0,0
09,000,State - UTTAR PRADESH (09),Urban,75-79,241641,124691,116950,9668,5668,4000,135327,86075,49252,96205,32737,63468,265,141,124,176,70,106,0,0,0
09,000,State - UTTAR PRADESH (09),Urban,80+,364394,181522,182872,52344,32422,19922,164084,97976,66108,147216,50783,96433,440,222,218,310,119,191,0,0,0
09,000,State - UTTAR PRADESH (09),Urban,Age not stated,449632,241553,208079,252029,151806,100223,182563,85169,97394,14197,4213,9984,494,223,271,349,142,207,0,0,0
09,000,State - UTTAR PRADESH (09),Urban,Less than 18,16694880,8866879,7828001,16423766,8775952,7647814,257526,85478,172048,8880,3170,5710,3815,1877,1938,893,402,491,0,0,0
09,000,State - UTTAR PRADESH (09),Urban,Less than 21,20141584,10743514,9398070,19317094,10509687,8807407,800538,224787,575751,15802,5484,10318,6330,2905,3425,1820,651,1169,0,0,0
09,132,District - Saharanpur (01),Total,All ages,3466382,1834106,1632276,1898932,1076032,822900,1437657,712564,725093,124234,42729,81505,3540,1814,1726,2019,967,1052,0,0,0
09,132,District - Saharanpur (01),Total,0-9,755148,402326,352822,755148,402326,352822,0,0,0,0,0,0,0,0,0,0,0,0,0,0,0
09,132,District - Saharanpur (01),Total,10-14,440575,237231,203344,434305,234902,199403,5854,2160,3694,235,86,149,157,72,85,24,11,13,0,0,0
09,132,District - Saharanpur (01),Total,15-19,429948,230503,199445,404458,224241,180217,24792,5980,18812,510,205,305,151,67,84,37,10,27,0,0,0
09,132,District - Saharanpur (01),Total,20-24,346128,186749,159379,199826,135313,64513,144831,50854,93977,929,361,568,342,142,200,200,79,121,0,0,0
09,132,District - Saharanpur (01),Total,25-29,256890,136149,120741,49482,39176,10306,204955,95844,109111,1641,742,899,485,235,250,327,152,175,0,0,0
09,132,District - Saharanpur (01),Total,30-34,217659,109875,107784,13063,10699,2364,200964,97655,103309,2836,1115,1721,457,232,225,339,174,165,0,0,0
09,132,District - Saharanpur (01),Total,35-39,215799,110339,105460,5826,4850,976,204157,103349,100808,4978,1686,3292,514,280,234,324,174,150,0,0,0
09,132,District - Saharanpur (01),Total,40-44,184543,96431,88112,3593,2973,620,172770,90664,82106,7535,2458,5077,405,220,185,240,116,124,0,0,0
09,132,District - Saharanpur (01),Total,45-49,151735,80209,71526,2323,1921,402,139155,74991,64164,9776,3046,6730,311,170,141,170,81,89,0,0,0
09,132,District - Saharanpur (01),Total,50-54,111586,60220,51366,1664,1343,321,98376,55276,43100,11199,3407,7792,226,137,89,121,57,64,0,0,0
09,132,District - Saharanpur (01),Total,55-59,88565,43623,44942,1194,925,269,75828,38984,36844,11330,3606,7724,135,67,68,78,41,37,0,0,0
09,132,District - Saharanpur (01),Total,60-64,84775,44658,40117,2197,1442,755,64600,37663,26937,17792,5456,12336,136,74,62,50,23,27,0,0,0
09,132,District - Saharanpur (01),Total,65-69,55542,28063,27479,2370,1466,904,38514,21659,16855,14556,4894,9662,66,30,36,36,14,22,0,0,0
09,132,District - Saharanpur (01),Total,70-74,42774,22797,19977,1117,768,349,25116,16203,8913,16475,5792,10683,47,26,21,19,8,11,0,0,0
09,132,District - Saharanpur (01),Total,75-79,20285,10298,9987,433,316,117,11629,6843,4786,8190,3123,5067,20,9,11,13,7,6,0,0,0
09,132,District - Saharanpur (01),Total,80+,30335,15967,14368,2302,1471,831,12946,8126,4820,15018,6332,8686,48,29,19,21,9,12,0,0,0
09,132,District - Saharanpur (01),Total,Age not stated,34095,18668,15427,19631,11900,7731,13170,6313,6857,1234,420,814,40,24,16,20,11,9,0,0,0
09,132,District - Saharanpur (01),Total,Less than 18,1454866,776541,678325,1439902,771554,668348,14148,4651,9497,553,217,336,229,104,125,34,15,19,0,0,0
09,132,District - Saharanpur (01),Total,Less than 21,1719486,920871,798615,1664112,906279,757833,53946,14035,39911,954,363,591,375,163,212,99,31,68,0,0,0
09,132,District - Saharanpur (01),Rural,All ages,2399856,1269803,1130053,1319589,745142,574447,990863,490779,500084,86056,31993,54063,2275,1291,984,1073,598,475,0,0,0
09,132,District - Saharanpur (01),Rural,0-9,543667,290130,253537,543667,290130,253537,0,0,0,0,0,0,0,0,0,0,0,0,0,0,0
09,132,District - Saharanpur (01),Rural,10-14,317027,170729,146298,312672,169096,143576,4065,1511,2554,161,63,98,117,54,63,12,5,7,0,0,0
09,132,District - Saharanpur (01),Rural,15-19,301093,160931,140162,282669,156369,126300,17917,4339,13578,368,166,202,110,51,59,29,6,23,0,0,0
09,132,District - Saharanpur (01),Rural,20-24,229546,123156,106390,121801,83736,38065,106717,38984,67733,654,269,385,237,110,127,137,57,80,0,0,0
09,132,District - Saharanpur (01),Rural,25-29,167803,89264,78539,24049,20046,4003,142126,68388,73738,1160,554,606,290,168,122,178,108,70,0,0,0
09,132,District - Saharanpur (01),Rural,30-34,145912,73196,72716,6577,5684,893,136895,66387,70508,2008,860,1148,271,154,117,161,111,50,0,0,0
09,132,District - Saharanpur (01),Rural,35-39,146486,74901,71585,3410,3032,378,139108,70295,68813,3473,1273,2200,328,194,134,167,107,60,0,0,0
09,132,District - Saharanpur (01),Rural,40-44,125142,65493,59649,2219,1975,244,117486,61394,56092,5070,1901,3169,258,161,97,109,62,47,0,0,0
09,132,District - Saharanpur (01),Rural,45-49,101251,53827,47424,1476,1311,165,93079,50092,42987,6414,2254,4160,197,124,73,85,46,39,0,0,0
09,132,District - Saharanpur (01),Rural,50-54,73233,39674,33559,1077,934,143,64708,36186,28522,7248,2436,4812,144,91,53,56,27,29,0,0,0
09,132,District - Saharanpur (01),Rural,55-59,59005,28609,30396,752,649,103,50743,25298,25445,7386,2594,4792,83,45,38,41,23,18,0,0,0
09,132,District - Saharanpur (01),Rural,60-64,58789,30908,27881,1513,1063,450,44910,25732,19178,12249,4047,8202,84,49,35,33,17,16,0,0,0
09,132,District - Saharanpur (01),Rural,65-69,39483,19836,19647,1577,1049,528,27655,15119,12536,10176,3632,6544,51,27,24,24,9,15,0,0,0
09,132,District - Saharanpur (01),Rural,70-74,31075,16734,14341,778,591,187,18374,11747,6627,11884,4376,7508,28,15,13,11,5,6,0,0,0
09,132,District - Saharanpur (01),Rural,75-79,14675,7437,7238,306,232,74,8545,4864,3681,5805,2332,3473,14,5,9,5,4,1,0,0,0
09,132,District - Saharanpur (01),Rural,80+,22251,11951,10300,1462,938,524,9634,6070,3564,11107,4914,6193,34,24,10,14,5,9,0,0,0
09,132,District - Saharanpur (01),Rural,Age not stated,23418,13027,10391,13584,8307,5277,8901,4373,4528,893,322,571,29,19,10,11,6,5,0,0,0
09,132,District - Saharanpur (01),Rural,Less than 18,1044403,557809,486594,1034140,554326,479814,9681,3228,6453,394,169,225,170,79,91,18,7,11,0,0,0
09,132,District - Saharanpur (01),Rural,Less than 21,1225870,656339,569531,1185475,645554,539921,39368,10369,28999,687,276,411,273,121,152,67,19,48,0,0,0
09,132,District - Saharanpur (01),Urban,All ages,1066526,564303,502223,579343,330890,248453,446794,221785,225009,38178,10736,27442,1265,523,742,946,369,577,0,0,0
09,132,District - Saharanpur (01),Urban,0-9,211481,112196,99285,211481,112196,99285,0,0,0,0,0,0,0,0,0,0,0,0,0,0,0
09,132,District - Saharanpur (01),Urban,10-14,123548,66502,57046,121633,65806,55827,1789,649,1140,74,23,51,40,18,22,12,6,6,0,0,0
09,132,District - Saharanpur (01),Urban,15-19,128855,69572,59283,121789,67872,53917,6875,1641,5234,142,39,103,41,16,25,8,4,4,0,0,0
09,132,District - Saharanpur (01),Urban,20-24,116582,63593,52989,78025,51577,26448,38114,11870,26244,275,92,183,105,32,73,63,22,41,0,0,0
09,132,District - Saharanpur (01),Urban,25-29,89087,46885,42202,25433,19130,6303,62829,27456,35373,481,188,293,195,67,128,149,44,105,0,0,0
09,132,District - Saharanpur (01),Urban,30-34,71747,36679,35068,6486,5015,1471,64069,31268,32801,828,255,573,186,78,108,178,63,115,0,0,0
09,132,District - Saharanpur (01),Urban,35-39,69313,35438,33875,2416,1818,598,65049,33054,31995,1505,413,1092,186,86,100,157,67,90,0,0,0
09,132,District - Saharanpur (01),Urban,40-44,59401,30938,28463,1374,998,376,55284,29270,26014,2465,557,1908,147,59,88,131,54,77,0,0,0
09,132,District - Saharanpur (01),Urban,45-49,50484,26382,24102,847,610,237,46076,24899,21177,3362,792,2570,114,46,68,85,35,50,0,0,0
09,132,District - Saharanpur (01),Urban,50-54,38353,20546,17807,587,409,178,33668,19090,14578,3951,971,2980,82,46,36,65,30,35,0,0,0
09,132,District - Saharanpur (01),Urban,55-59,29560,15014,14546,442,276,166,25085,13686,11399,3944,1012,2932,52,22,30,37,18,19,0,0,0
09,132,District - Saharanpur (01),Urban,60-64,25986,13750,12236,684,379,305,19690,11931,7759,5543,1409,4134,52,25,27,17,6,11,0,0,0
09,132,District - Saharanpur (01),Urban,65-69,16059,8227,7832,793,417,376,10859,6540,4319,4380,1262,3118,15,3,12,12,5,7,0,0,0
09,132,District - Saharanpur (01),Urban,70-74,11699,6063,5636,339,177,162,6742,4456,2286,4591,1416,3175,19,11,8,8,3,5,0,0,0
09,132,District - Saharanpur (01),Urban,75-79,5610,2861,2749,127,84,43,3084,1979,1105,2385,791,1594,6,4,2,8,3,5,0,0,0
09,132,District - Saharanpur (01),Urban,80+,8084,4016,4068,840,533,307,3312,2056,1256,3911,1418,2493,14,5,9,7,4,3,0,0,0
09,132,District - Saharanpur (01),Urban,Age not stated,10677,5641,5036,6047,3593,2454,4269,1940,2329,341,98,243,11,5,6,9,5,4,0,0,0
09,132,District - Saharanpur (01),Urban,Less than 18,410463,218732,191731,405762,217228,188534,4467,1423,3044,159,48,111,59,25,34,16,8,8,0,0,0
09,132,District - Saharanpur (01),Urban,Less than 21,493616,264532,229084,478637,260725,217912,14578,3666,10912,267,87,180,102,42,60,32,12,20,0,0,0
09,133,District - Muzaffarnagar (02),Total,All ages,4143512,2193434,1950078,2257888,1281770,976118,1731014,856656,874358,148233,51790,96443,4323,2202,2121,2054,1016,1038,0,0,0
09,133,District - Muzaffarnagar (02),Total,0-9,942094,506949,435145,942094,506949,435145,0,0,0,0,0,0,0,0,0,0,0,0,0,0,0
09,133,District - Muzaffarnagar (02),Total,10-14,541168,293168,248000,533531,290440,243091,7121,2505,4616,219,85,134,272,124,148,25,14,11,0,0,0
09,133,District - Muzaffarnagar (02),Total,15-19,502400,267392,235008,467510,258955,208555,34014,8080,25934,546,214,332,273,123,150,57,20,37,0,0,0
09,133,District - Muzaffarnagar (02),Total,20-24,389963,208453,181510,211039,142825,68214,177213,64900,112313,1051,448,603,444,204,240,216,76,140,0,0,0
09,133,District - Muzaffarnagar (02),Total,25-29,296132,156963,139169,51391,41546,9845,241829,114067,127762,1942,869,1073,610,298,312,360,183,177,0,0,0
09,133,District - Muzaffarnagar (02),Total,30-34,257483,129033,128450,14534,12453,2081,238860,114842,124018,3174,1253,1921,591,308,283,324,177,147,0,0,0
09,133,District - Muzaffarnagar (02),Total,35-39,256579,131704,124875,7054,6204,850,242768,122960,119808,5859,2032,3827,578,324,254,320,184,136,0,0,0
09,133,District - Muzaffarnagar (02),Total,40-44,217451,113202,104249,4469,3968,501,203802,106029,97773,8454,2806,5648,453,252,201,273,147,126,0,0,0
09,133,District - Muzaffarnagar (02),Total,45-49,180108,95023,85085,2929,2520,409,165753,88848,76905,10941,3402,7539,354,189,165,131,64,67,0,0,0
09,133,District - Muzaffarnagar (02),Total,50-54,135564,72600,62964,2207,1908,299,119957,66373,53584,13024,4121,8903,247,138,109,129,60,69,0,0,0
09,133,District - Muzaffarnagar (02),Total,55-59,110116,54422,55694,1618,1387,231,95286,48776,46510,13008,4177,8831,139,56,83,65,26,39,0,0,0
09,133,District - Muzaffarnagar (02),Total,60-64,104895,54752,50143,2564,1873,691,80878,46315,34563,21252,6470,14782,141,68,73,60,26,34,0,0,0
09,133,District - Muzaffarnagar (02),Total,65-69,71863,35856,36007,2422,1629,793,51461,28336,23125,17877,5843,12034,72,36,36,31,12,19,0,0,0
09,133,District - Muzaffarnagar (02),Total,70-74,55731,30156,25575,1424,1072,352,33846,21876,11970,20369,7166,13203,68,33,35,24,9,15,0,0,0
09,133,District - Muzaffarnagar (02),Total,75-79,27495,14309,13186,710,554,156,15972,9409,6563,10773,4328,6445,24,14,10,16,4,12,0,0,0
09,133,District - Muzaffarnagar (02),Total,80+,38619,20909,17710,2791,1892,899,16550,10605,5945,19229,8386,10843,35,18,17,14,8,6,0,0,0
09,133,District - Muzaffarnagar (02),Total,Age not stated,15851,8543,7308,9601,5595,4006,5704,2735,2969,515,190,325,22,17,5,9,6,3,0,0,0
09,133,District - Muzaffarnagar (02),Total,Less than 18,1787740,960723,827017,1768514,954618,813896,18207,5673,12534,571,225,346,404,187,217,44,20,24,0,0,0
09,133,District - Muzaffarnagar (02),Total,Less than 21,2087404,1122166,965238,2016054,1102811,913243,69597,18639,50958,1012,388,624,628,283,345,113,45,68,0,0,0
09,133,District - Muzaffarnagar (02),Rural,All ages,2952200,1565004,1387196,1615136,917242,697894,1225668,605727,619941,106920,39607,67313,3152,1708,1444,1324,720,604,0,0,0
09,133,District - Muzaffarnagar (02),Rural,0-9,687633,370253,317380,687633,370253,317380,0,0,0,0,0,0,0,0,0,0,0,0,0,0,0
09,133,District - Muzaffarnagar (02),Rural,10-14,395425,214366,181059,389760,212321,177439,5276,1872,3404,155,64,91,214,98,116,20,11,9,0,0,0
09,133,District - Muzaffarnagar (02),Rural,15-19,359548,191176,168372,333092,184710,148382,25795,6199,19596,418,165,253,200,88,112,43,14,29,0,0,0
09,133,District - Muzaffarnagar (02),Rural,20-24,268343,143868,124475,136685,94322,42363,130408,48985,81423,764,340,424,322,155,167,164,66,98,0,0,0
09,133,District - Muzaffarnagar (02),Rural,25-29,203173,107973,95200,30269,25316,4953,170808,81619,89189,1442,677,765,430,232,198,224,129,95,0,0,0
09,133,District - Muzaffarnagar (02),Rural,30-34,179087,89542,89545,9372,8303,1069,166814,79927,86887,2264,954,1310,441,242,199,196,116,80,0,0,0
09,133,District - Muzaffarnagar (02),Rural,35-39,179851,92577,87274,5049,4589,460,169986,86056,83930,4217,1549,2668,404,256,148,195,127,68,0,0,0
09,133,District - Muzaffarnagar (02),Rural,40-44,151569,79037,72532,3315,3041,274,141751,73508,68243,5999,2181,3818,325,196,129,179,111,68,0,0,0
09,133,District - Muzaffarnagar (02),Rural,45-49,124458,65816,58642,2222,1973,249,114451,61141,53310,7473,2518,4955,242,144,98,70,40,30,0,0,0
09,133,District - Muzaffarnagar (02),Rural,50-54,93553,50250,43303,1716,1562,154,82544,45497,37047,9042,3054,5988,173,99,74,78,38,40,0,0,0
09,133,District - Muzaffarnagar (02),Rural,55-59,76847,37655,39192,1233,1098,135,66547,33457,33090,8918,3034,5884,108,47,61,41,19,22,0,0,0
09,133,District - Muzaffarnagar (02),Rural,60-64,75824,39655,36169,2043,1551,492,58321,33061,25260,15300,4968,10332,116,56,60,44,19,25,0,0,0
09,133,District - Muzaffarnagar (02),Rural,65-69,53166,26479,26687,1864,1295,569,38226,20693,17533,12995,4454,8541,58,27,31,23,10,13,0,0,0
09,133,District - Muzaffarnagar (02),Rural,70-74,41945,22902,19043,1148,898,250,25595,16453,9142,15136,5518,9618,50,28,22,16,5,11,0,0,0
09,133,District - Muzaffarnagar (02),Rural,75-79,20699,10863,9836,560,450,110,12258,7052,5206,7847,3346,4501,22,12,10,12,3,9,0,0,0
09,133,District - Muzaffarnagar (02),Rural,80+,29473,16337,13136,2067,1433,634,12791,8251,4540,14574,6632,7942,30,15,15,11,6,5,0,0,0
09,133,District - Muzaffarnagar (02),Rural,Age not stated,11606,6255,5351,7108,4127,2981,4097,1956,2141,376,153,223,17,13,4,8,6,2,0,0,0
09,133,District - Muzaffarnagar (02),Rural,Less than 18,1302663,700429,602234,1288443,695869,592574,13449,4232,9217,422,169,253,313,143,170,36,16,20,0,0,0
09,133,District - Muzaffarnagar (02),Rural,Less than 21,1513415,813981,699434,1459761,799122,660639,52337,14312,38025,755,300,455,474,212,262,88,35,53,0,0,0
09,133,District - Muzaffarnagar (02),Urban,All ages,1191312,628430,562882,642752,364528,278224,505346,250929,254417,41313,12183,29130,1171,494,677,730,296,434,0,0,0
09,133,District - Muzaffarnagar (02),Urban,0-9,254461,136696,117765,254461,136696,117765,0,0,0,0,0,0,0,0,0,0,0,0,0,0,0
09,133,District - Muzaffarnagar (02),Urban,10-14,145743,78802,66941,143771,78119,65652,1845,633,1212,64,21,43,58,26,32,5,3,2,0,0,0
09,133,District - Muzaffarnagar (02),Urban,15-19,142852,76216,66636,134418,74245,60173,8219,1881,6338,128,49,79,73,35,38,14,6,8,0,0,0
09,133,District - Muzaffarnagar (02),Urban,20-24,121620,64585,57035,74354,48503,25851,46805,15915,30890,287,108,179,122,49,73,52,10,42,0,0,0
09,133,District - Muzaffarnagar (02),Urban,25-29,92959,48990,43969,21122,16230,4892,71021,32448,38573,500,192,308,180,66,114,136,54,82,0,0,0
09,133,District - Muzaffarnagar (02),Urban,30-34,78396,39491,38905,5162,4150,1012,72046,34915,37131,910,299,611,150,66,84,128,61,67,0,0,0
09,133,District - Muzaffarnagar (02),Urban,35-39,76728,39127,37601,2005,1615,390,72782,36904,35878,1642,483,1159,174,68,106,125,57,68,0,0,0
09,133,District - Muzaffarnagar (02),Urban,40-44,65882,34165,31717,1154,927,227,62051,32521,29530,2455,625,1830,128,56,72,94,36,58,0,0,0
09,133,District - Muzaffarnagar (02),Urban,45-49,55650,29207,26443,707,547,160,51302,27707,23595,3468,884,2584,112,45,67,61,24,37,0,0,0
09,133,District - Muzaffarnagar (02),Urban,50-54,42011,22350,19661,491,346,145,37413,20876,16537,3982,1067,2915,74,39,35,51,22,29,0,0,0
09,133,District - Muzaffarnagar (02),Urban,55-59,33269,16767,16502,385,289,96,28739,15319,13420,4090,1143,2947,31,9,22,24,7,17,0,0,0
09,133,District - Muzaffarnagar (02),Urban,60-64,29071,15097,13974,521,322,199,22557,13254,9303,5952,1502,4450,25,12,13,16,7,9,0,0,0
09,133,District - Muzaffarnagar (02),Urban,65-69,18697,9377,9320,558,334,224,13235,7643,5592,4882,1389,3493,14,9,5,8,2,6,0,0,0
09,133,District - Muzaffarnagar (02),Urban,70-74,13786,7254,6532,276,174,102,8251,5423,2828,5233,1648,3585,18,5,13,8,4,4,0,0,0
09,133,District - Muzaffarnagar (02),Urban,75-79,6796,3446,3350,150,104,46,3714,2357,1357,2926,982,1944,2,2,0,4,1,3,0,0,0
09,133,District - Muzaffarnagar (02),Urban,80+,9146,4572,4574,724,459,265,3759,2354,1405,4655,1754,2901,5,3,2,3,2,1,0,0,0
09,133,District - Muzaffarnagar (02),Urban,Age not stated,4245,2288,1957,2493,1468,1025,1607,779,828,139,37,102,5,4,1,1,0,1,0,0,0
09,133,District - Muzaffarnagar (02),Urban,Less than 18,485077,260294,224783,480071,258749,221322,4758,1441,3317,149,56,93,91,44,47,8,4,4,0,0,0
09,133,District - Muzaffarnagar (02),Urban,Less than 21,573989,308185,265804,556293,303689,252604,17260,4327,12933,257,88,169,154,71,83,25,10,15,0,0,0
09,134,District - Bijnor (03),Total,All ages,3682713,1921215,1761498,2070087,1146937,923150,1484190,731250,752940,123195,40529,82666,3464,1817,1647,1777,682,1095,0,0,0
09,134,District - Bijnor (03),Total,0-9,827254,439192,388062,827254,439192,388062,0,0,0,0,0,0,0,0,0,0,0,0,0,0,0
09,134,District - Bijnor (03),Total,10-14,486300,254874,231426,478561,252304,226257,7314,2377,4937,254,107,147,148,74,74,23,12,11,0,0,0
09,134,District - Bijnor (03),Total,15-19,480416,245444,234972,451428,238834,212594,28218,6324,21894,538,200,338,183,74,109,49,12,37,0,0,0
09,134,District - Bijnor (03),Total,20-24,355800,192148,163652,210563,141655,68908,143685,49885,93800,992,392,600,345,151,194,215,65,150,0,0,0
09,134,District - Bijnor (03),Total,25-29,254806,132861,121945,46624,36633,9991,205602,95158,110444,1756,709,1047,496,241,255,328,120,208,0,0,0
09,134,District - Bijnor (03),Total,30-34,222943,110631,112312,11621,9332,2289,207804,99877,107927,2751,1065,1686,483,249,234,284,108,176,0,0,0
09,134,District - Bijnor (03),Total,35-39,224991,114551,110440,4699,3734,965,214675,108780,105895,4865,1641,3224,477,278,199,275,118,157,0,0,0
09,134,District - Bijnor (03),Total,40-44,186459,97438,89021,2902,2316,586,175995,92678,83317,6985,2151,4834,401,228,173,176,65,111,0,0,0
09,134,District - Bijnor (03),Total,45-49,151912,79829,72083,2119,1690,429,140433,75158,65275,8948,2752,6196,282,167,115,130,62,68,0,0,0
09,134,District - Bijnor (03),Total,50-54,112605,60782,51823,1552,1222,330,100114,56170,43944,10639,3243,7396,197,111,86,103,36,67,0,0,0
09,134,District - Bijnor (03),Total,55-59,92490,44250,48240,1233,933,300,80146,39900,40246,10919,3309,7610,137,82,55,55,26,29,0,0,0
09,134,District - Bijnor (03),Total,60-64,91036,47508,43528,1745,1126,619,70319,40842,29477,18811,5462,13349,115,58,57,46,20,26,0,0,0
09,134,District - Bijnor (03),Total,65-69,59606,30068,29538,1829,1085,744,42372,24114,18258,15314,4830,10484,62,31,31,29,8,21,0,0,0
09,134,District - Bijnor (03),Total,70-74,43845,23320,20525,1027,659,368,25962,17131,8831,16775,5491,11284,62,29,33,19,10,9,0,0,0
09,134,District - Bijnor (03),Total,75-79,20029,10016,10013,490,324,166,11633,6710,4923,7878,2968,4910,13,9,4,15,5,10,0,0,0
09,134,District - Bijnor (03),Total,80+,30575,15841,14734,2708,1661,1047,13409,8437,4972,14419,5722,8697,25,13,12,14,8,6,0,0,0
09,134,District - Bijnor (03),Total,Age not stated,41646,22462,19184,23732,14237,9495,16509,7709,8800,1351,487,864,38,22,16,16,7,9,0,0,0
09,134,District - Bijnor (03),Total,Less than 18,1603979,840240,763739,1584172,834473,749699,18903,5397,13506,604,232,372,254,119,135,46,19,27,0,0,0
09,134,District - Bijnor (03),Total,Less than 21,1896770,994840,901930,1835660,979533,856127,59587,14708,44879,1040,397,643,385,171,214,98,31,67,0,0,0
09,134,District - Bijnor (03),Rural,All ages,2757401,1438412,1318989,1534448,849602,684846,1126765,554552,572213,92524,32314,60210,2603,1480,1123,1061,464,597,0,0,0
09,134,District - Bijnor (03),Rural,0-9,627990,334157,293833,627990,334157,293833,0,0,0,0,0,0,0,0,0,0,0,0,0,0,0
09,134,District - Bijnor (03),Rural,10-14,370674,194361,176313,364637,192408,172229,5725,1809,3916,188,80,108,109,55,54,15,9,6,0,0,0
09,134,District - Bijnor (03),Rural,15-19,360255,184660,175595,337233,179428,157805,22460,5020,17440,402,148,254,128,57,71,32,7,25,0,0,0
09,134,District - Bijnor (03),Rural,20-24,255335,137316,118019,140182,96029,44153,113994,40801,73193,754,309,445,265,126,139,140,51,89,0,0,0
09,134,District - Bijnor (03),Rural,25-29,183977,95380,88597,25323,20409,4914,156748,74117,82631,1313,555,758,377,205,172,216,94,122,0,0,0
09,134,District - Bijnor (03),Rural,30-34,166143,81336,84807,6344,5261,1083,157171,74947,82224,2090,851,1239,364,201,163,174,76,98,0,0,0
09,134,District - Bijnor (03),Rural,35-39,169557,86435,83122,2954,2433,521,162321,82355,79966,3780,1347,2433,353,227,126,149,73,76,0,0,0
09,134,District - Bijnor (03),Rural,40-44,139287,73107,66180,2006,1666,340,131704,69455,62249,5177,1747,3430,306,197,109,94,42,52,0,0,0
09,134,District - Bijnor (03),Rural,45-49,111576,58806,52770,1534,1285,249,103303,55176,48127,6457,2177,4280,212,132,80,70,36,34,0,0,0
09,134,District - Bijnor (03),Rural,50-54,82551,44570,37981,1164,980,184,73480,40917,32563,7692,2555,5137,160,94,66,55,24,31,0,0,0
09,134,District - Bijnor (03),Rural,55-59,68937,32761,36176,923,746,177,59958,29358,30600,7921,2578,5343,98,61,37,37,18,19,0,0,0
09,134,District - Bijnor (03),Rural,60-64,69425,36258,33167,1338,904,434,54006,30995,23011,13972,4300,9672,86,46,40,23,13,10,0,0,0
09,134,District - Bijnor (03),Rural,65-69,46275,23330,22945,1415,881,534,33097,18576,14521,11702,3848,7854,40,20,20,21,5,16,0,0,0
09,134,District - Bijnor (03),Rural,70-74,33909,18308,15601,796,558,238,20213,13287,6926,12841,4432,8409,49,25,24,10,6,4,0,0,0
09,134,District - Bijnor (03),Rural,75-79,15422,7734,7688,396,269,127,9062,5098,3964,5946,2357,3589,10,8,2,8,2,6,0,0,0
09,134,District - Bijnor (03),Rural,80+,23841,12516,11325,1981,1244,737,10591,6629,3962,11242,4628,6614,19,11,8,8,4,4,0,0,0
09,134,District - Bijnor (03),Rural,Age not stated,32247,17377,14870,18232,10944,7288,12932,6012,6920,1047,402,645,27,15,12,9,4,5,0,0,0
09,134,District - Bijnor (03),Rural,Less than 18,1218479,639563,578916,1202906,635079,567827,14905,4209,10696,456,171,285,182,90,92,30,14,16,0,0,0
09,134,District - Bijnor (03),Rural,Less than 21,1433168,753370,679798,1385026,741287,643739,47028,11636,35392,772,299,473,276,128,148,66,20,46,0,0,0
09,134,District - Bijnor (03),Urban,All ages,925312,482803,442509,535639,297335,238304,357425,176698,180727,30671,8215,22456,861,337,524,716,218,498,0,0,0
09,134,District - Bijnor (03),Urban,0-9,199264,105035,94229,199264,105035,94229,0,0,0,0,0,0,0,0,0,0,0,0,0,0,0
09,134,District - Bijnor (03),Urban,10-14,115626,60513,55113,113924,59896,54028,1589,568,1021,66,27,39,39,19,20,8,3,5,0,0,0
09,134,District - Bijnor (03),Urban,15-19,120161,60784,59377,114195,59406,54789,5758,1304,4454,136,52,84,55,17,38,17,5,12,0,0,0
09,134,District - Bijnor (03),Urban,20-24,100465,54832,45633,70381,45626,24755,29691,9084,20607,238,83,155,80,25,55,75,14,61,0,0,0
09,134,District - Bijnor (03),Urban,25-29,70829,37481,33348,21301,16224,5077,48854,21041,27813,443,154,289,119,36,83,112,26,86,0,0,0
09,134,District - Bijnor (03),Urban,30-34,56800,29295,27505,5277,4071,1206,50633,24930,25703,661,214,447,119,48,71,110,32,78,0,0,0
09,134,District - Bijnor (03),Urban,35-39,55434,28116,27318,1745,1301,444,52354,26425,25929,1085,294,791,124,51,73,126,45,81,0,0,0
09,134,District - Bijnor (03),Urban,40-44,47172,24331,22841,896,650,246,44291,23223,21068,1808,404,1404,95,31,64,82,23,59,0,0,0
09,134,District - Bijnor (03),Urban,45-49,40336,21023,19313,585,405,180,37130,19982,17148,2491,575,1916,70,35,35,60,26,34,0,0,0
09,134,District - Bijnor (03),Urban,50-54,30054,16212,13842,388,242,146,26634,15253,11381,2947,688,2259,37,17,20,48,12,36,0,0,0
09,134,District - Bijnor (03),Urban,55-59,23553,11489,12064,310,187,123,20188,10542,9646,2998,731,2267,39,21,18,18,8,10,0,0,0
09,134,District - Bijnor (03),Urban,60-64,21611,11250,10361,407,222,185,16313,9847,6466,4839,1162,3677,29,12,17,23,7,16,0,0,0
09,134,District - Bijnor (03),Urban,65-69,13331,6738,6593,414,204,210,9275,5538,3737,3612,982,2630,22,11,11,8,3,5,0,0,0
09,134,District - Bijnor (03),Urban,70-74,9936,5012,4924,231,101,130,5749,3844,1905,3934,1059,2875,13,4,9,9,4,5,0,0,0
09,134,District - Bijnor (03),Urban,75-79,4607,2282,2325,94,55,39,2571,1612,959,1932,611,1321,3,1,2,7,3,4,0,0,0
09,134,District - Bijnor (03),Urban,80+,6734,3325,3409,727,417,310,2818,1808,1010,3177,1094,2083,6,2,4,6,4,2,0,0,0
09,134,District - Bijnor (03),Urban,Age not stated,9399,5085,4314,5500,3293,2207,3577,1697,1880,304,85,219,11,7,4,7,3,4,0,0,0
09,134,District - Bijnor (03),Urban,Less than 18,385500,200677,184823,381266,199394,181872,3998,1188,2810,148,61,87,72,29,43,16,5,11,0,0,0
09,134,District - Bijnor (03),Urban,Less than 21,463602,241470,222132,450634,238246,212388,12559,3072,9487,268,98,170,109,43,66,32,11,21,0,0,0
09,135,District - Moradabad (04),Total,All ages,4772006,2503186,2268820,2743540,1525439,1218101,1870772,925978,944794,151819,49073,102746,3996,1983,2013,1879,713,1166,0,0,0
09,135,District - Moradabad (04),Total,0-9,1150140,602486,547654,1150140,602486,547654,0,0,0,0,0,0,0,0,0,0,0,0,0,0,0
09,135,District - Moradabad (04),Total,10-14,654840,347002,307838,643629,342953,300676,10597,3770,6827,348,144,204,222,112,110,44,23,21,0,0,0
09,135,District - Moradabad (04),Total,15-19,593074,313073,280001,545348,300899,244449,46684,11758,34926,720,272,448,250,124,126,72,20,52,0,0,0
09,135,District - Moradabad (04),Total,20-24,438358,237371,200987,238368,162472,75896,197870,73973,123897,1531,667,864,419,196,223,170,63,107,0,0,0
09,135,District - Moradabad (04),Total,25-29,331858,172271,159587,62449,48546,13903,266119,122268,143851,2446,1090,1356,553,251,302,291,116,175,0,0,0
09,135,District - Moradabad (04),Total,30-34,294762,149578,145184,19418,15576,3842,270465,131971,138494,4027,1670,2357,534,252,282,318,109,209,0,0,0
09,135,District - Moradabad (04),Total,35-39,284683,146567,138116,8159,6506,1653,268834,137079,131755,6857,2583,4274,560,290,270,273,109,164,0,0,0
09,135,District - Moradabad (04),Total,40-44,229742,124054,105688,4680,3779,901,214618,116588,98030,9797,3385,6412,435,219,216,212,83,129,0,0,0
09,135,District - Moradabad (04),Total,45-49,179299,93935,85364,2757,2185,572,164393,87950,76443,11708,3593,8115,281,146,135,160,61,99,0,0,0
09,135,District - Moradabad (04),Total,50-54,136156,74496,61660,2154,1658,496,118896,68214,50682,14775,4453,10322,229,130,99,102,41,61,0,0,0
09,135,District - Moradabad (04),Total,55-59,111695,51876,59819,1726,1232,494,95579,46369,49210,14178,4186,9992,137,69,68,75,20,55,0,0,0
09,135,District - Moradabad (04),Total,60-64,115741,60989,54752,2841,1713,1128,85867,51681,34186,26852,7504,19348,135,72,63,46,19,27,0,0,0
09,135,District - Moradabad (04),Total,65-69,65941,33219,32722,2936,1757,1179,45216,26122,19094,17675,5292,12383,80,35,45,34,13,21,0,0,0
09,135,District - Moradabad (04),Total,70-74,45944,24734,21210,1359,868,491,26630,18029,8601,17894,5804,12090,46,29,17,15,4,11,0,0,0
09,135,District - Moradabad (04),Total,75-79,18835,9260,9575,583,345,238,10794,6245,4549,7427,2655,4772,20,10,10,11,5,6,0,0,0
09,135,District - Moradabad (04),Total,80+,31262,15933,15329,3851,2368,1483,14275,8555,5720,13091,4991,8100,26,12,14,19,7,12,0,0,0
09,135,District - Moradabad (04),Total,Age not stated,89676,46342,43334,53142,30096,23046,33935,15406,18529,2493,784,1709,69,36,33,37,20,17,0,0,0
09,135,District - Moradabad (04),Total,Less than 18,2166624,1137628,1028996,2139034,1128761,1010273,26407,8368,18039,746,289,457,362,180,182,75,30,45,0,0,0
09,135,District - Moradabad (04),Total,Less than 21,2532495,1337269,1195226,2433266,1308002,1125264,97020,28329,68691,1479,595,884,577,287,290,153,56,97,0,0,0
09,135,District - Moradabad (04),Rural,All ages,3198383,1680022,1518361,1850887,1027143,823744,1245487,615989,629498,98730,35173,63557,2427,1337,1090,852,380,472,0,0,0
09,135,District - Moradabad (04),Rural,0-9,823496,431908,391588,823496,431908,391588,0,0,0,0,0,0,0,0,0,0,0,0,0,0,0
09,135,District - Moradabad (04),Rural,10-14,462109,245521,216588,454191,242626,211565,7489,2686,4803,261,121,140,142,75,67,26,13,13,0,0,0
09,135,District - Moradabad (04),Rural,15-19,397790,211078,186712,361764,201794,159970,35310,8992,26318,512,202,310,161,79,82,43,11,32,0,0,0
09,135,District - Moradabad (04),Rural,20-24,272547,148438,124109,126333,90832,35501,144797,56920,87877,1055,503,552,269,143,126,93,40,53,0,0,0
09,135,District - Moradabad (04),Rural,25-29,207267,107384,99883,23823,19978,3845,181286,86331,94955,1666,824,842,348,180,168,144,71,73,0,0,0
09,135,District - Moradabad (04),Rural,30-34,189368,95072,94296,7485,6318,1167,178769,87279,91490,2689,1255,1434,304,170,134,121,50,71,0,0,0
09,135,District - Moradabad (04),Rural,35-39,185346,95489,89857,3874,3273,601,176578,90048,86530,4443,1921,2522,336,190,146,115,57,58,0,0,0
09,135,District - Moradabad (04),Rural,40-44,147328,80510,66818,2542,2192,350,138269,75636,62633,6180,2495,3685,253,148,105,84,39,45,0,0,0
09,135,District - Moradabad (04),Rural,45-49,110373,58037,52336,1572,1352,220,101732,54048,47684,6844,2514,4330,162,95,67,63,28,35,0,0,0
09,135,District - Moradabad (04),Rural,50-54,83039,45783,37256,1338,1108,230,72574,41471,31103,8948,3096,5852,138,89,49,41,19,22,0,0,0
09,135,District - Moradabad (04),Rural,55-59,71340,31879,39461,1053,812,241,61438,28100,33338,8732,2909,5823,80,47,33,37,11,26,0,0,0
09,135,District - Moradabad (04),Rural,60-64,78095,41251,36844,1885,1181,704,58278,34591,23687,17824,5425,12399,86,46,40,22,8,14,0,0,0
09,135,District - Moradabad (04),Rural,65-69,45225,22582,22643,1922,1194,728,31160,17531,13629,12077,3829,8248,45,17,28,21,11,10,0,0,0
09,135,District - Moradabad (04),Rural,70-74,31301,17055,14246,878,602,276,18197,12263,5934,12186,4168,8018,31,19,12,9,3,6,0,0,0
09,135,District - Moradabad (04),Rural,75-79,12457,6050,6407,395,256,139,7216,3988,3228,4824,1794,3030,14,7,7,8,5,3,0,0,0
09,135,District - Moradabad (04),Rural,80+,20775,10781,9994,2179,1362,817,9709,5829,3880,8863,3579,5284,16,7,9,8,4,4,0,0,0
09,135,District - Moradabad (04),Rural,Age not stated,60527,31204,29323,36157,20355,15802,22685,10276,12409,1626,538,1088,42,25,17,17,10,7,0,0,0
09,135,District - Moradabad (04),Rural,Less than 18,1531895,806311,725584,1512278,799987,712291,18793,5968,12825,544,225,319,234,114,120,46,17,29,0,0,0
09,135,District - Moradabad (04),Rural,Less than 21,1770146,937572,832574,1696101,915079,781022,72514,21814,50700,1066,457,609,375,192,183,90,30,60,0,0,0
09,135,District - Moradabad (04),Urban,All ages,1573623,823164,750459,892653,498296,394357,625285,309989,315296,53089,13900,39189,1569,646,923,1027,333,694,0,0,0
09,135,District - Moradabad (04),Urban,0-9,326644,170578,156066,326644,170578,156066,0,0,0,0,0,0,0,0,0,0,0,0,0,0,0
09,135,District - Moradabad (04),Urban,10-14,192731,101481,91250,189438,100327,89111,3108,1084,2024,87,23,64,80,37,43,18,10,8,0,0,0
09,135,District - Moradabad (04),Urban,15-19,195284,101995,93289,183584,99105,84479,11374,2766,8608,208,70,138,89,45,44,29,9,20,0,0,0
09,135,District - Moradabad (04),Urban,20-24,165811,88933,76878,112035,71640,40395,53073,17053,36020,476,164,312,150,53,97,77,23,54,0,0,0
09,135,District - Moradabad (04),Urban,25-29,124591,64887,59704,38626,28568,10058,84833,35937,48896,780,266,514,205,71,134,147,45,102,0,0,0
09,135,District - Moradabad (04),Urban,30-34,105394,54506,50888,11933,9258,2675,91696,44692,47004,1338,415,923,230,82,148,197,59,138,0,0,0
09,135,District - Moradabad (04),Urban,35-39,99337,51078,48259,4285,3233,1052,92256,47031,45225,2414,662,1752,224,100,124,158,52,106,0,0,0
09,135,District - Moradabad (04),Urban,40-44,82414,43544,38870,2138,1587,551,76349,40952,35397,3617,890,2727,182,71,111,128,44,84,0,0,0
09,135,District - Moradabad (04),Urban,45-49,68926,35898,33028,1185,833,352,62661,33902,28759,4864,1079,3785,119,51,68,97,33,64,0,0,0
09,135,District - Moradabad (04),Urban,50-54,53117,28713,24404,816,550,266,46322,26743,19579,5827,1357,4470,91,41,50,61,22,39,0,0,0
09,135,District - Moradabad (04),Urban,55-59,40355,19997,20358,673,420,253,34141,18269,15872,5446,1277,4169,57,22,35,38,9,29,0,0,0
09,135,District - Moradabad (04),Urban,60-64,37646,19738,17908,956,532,424,27589,17090,10499,9028,2079,6949,49,26,23,24,11,13,0,0,0
09,135,District - Moradabad (04),Urban,65-69,20716,10637,10079,1014,563,451,14056,8591,5465,5598,1463,4135,35,18,17,13,2,11,0,0,0
09,135,District - Moradabad (04),Urban,70-74,14643,7679,6964,481,266,215,8433,5766,2667,5708,1636,4072,15,10,5,6,1,5,0,0,0
09,135,District - Moradabad (04),Urban,75-79,6378,3210,3168,188,89,99,3578,2257,1321,2603,861,1742,6,3,3,3,0,3,0,0,0
09,135,District - Moradabad (04),Urban,80+,10487,5152,5335,1672,1006,666,4566,2726,1840,4228,1412,2816,10,5,5,11,3,8,0,0,0
09,135,District - Moradabad (04),Urban,Age not stated,29149,15138,14011,16985,9741,7244,11250,5130,6120,867,246,621,27,11,16,20,10,10,0,0,0
09,135,District - Moradabad (04),Urban,Less than 18,634729,331317,303412,626756,328774,297982,7614,2400,5214,202,64,138,128,66,62,29,13,16,0,0,0
09,135,District - Moradabad (04),Urban,Less than 21,762349,399697,362652,737165,392923,344242,24506,6515,17991,413,138,275,202,95,107,63,26,37,0,0,0
09,136,District - Rampur (05),Total,All ages,2335819,1223889,1111930,1370785,760524,610261,887586,438963,448623,74376,22974,51402,1920,986,934,1152,442,710,0,0,0
09,136,District - Rampur (05),Total,0-9,560174,291962,268212,560174,291962,268212,0,0,0,0,0,0,0,0,0,0,0,0,0,0,0
09,136,District - Rampur (05),Total,10-14,334075,175687,158388,329510,174111,155399,4293,1443,2850,144,66,78,116,62,54,12,5,7,0,0,0
09,136,District - Rampur (05),Total,15-19,310566,162859,147707,290177,158242,131935,19935,4441,15494,296,112,184,133,53,80,25,11,14,0,0,0
09,136,District - Rampur (05),Total,20-24,213599,117995,95604,125079,86389,38690,87601,31218,56383,603,254,349,198,95,103,118,39,79,0,0,0
09,136,District - Rampur (05),Total,25-29,157709,82359,75350,33105,26100,7005,123045,55599,67446,1098,473,625,273,131,142,188,56,132,0,0,0
09,136,District - Rampur (05),Total,30-34,143690,72130,71560,10565,8454,2111,130800,62668,68132,1846,803,1043,274,134,140,205,71,134,0,0,0
09,136,District - Rampur (05),Total,35-39,141411,72075,69336,4351,3434,917,133399,67249,66150,3271,1213,2058,221,109,112,169,70,99,0,0,0
09,136,District - Rampur (05),Total,40-44,116321,62593,53728,2419,1921,498,108778,58901,49877,4804,1599,3205,190,113,77,130,59,71,0,0,0
09,136,District - Rampur (05),Total,45-49,89742,47390,42352,1463,1141,322,82523,44377,38146,5511,1753,3758,147,81,66,98,38,60,0,0,0
09,136,District - Rampur (05),Total,50-54,66704,37184,29520,1035,788,247,58130,34192,23938,7342,2098,5244,132,76,56,65,30,35,0,0,0
09,136,District - Rampur (05),Total,55-59,53621,23938,29683,784,549,235,46231,21490,24741,6503,1842,4661,60,34,26,43,23,20,0,0,0
09,136,District - Rampur (05),Total,60-64,60314,32492,27822,1539,975,564,44594,27573,17021,14037,3876,10161,97,52,45,47,16,31,0,0,0
09,136,District - Rampur (05),Total,65-69,32539,16788,15751,1761,1064,697,21692,13084,8608,9036,2613,6423,30,20,10,20,7,13,0,0,0
09,136,District - Rampur (05),Total,70-74,22664,11854,10810,747,469,278,12411,8605,3806,9471,2763,6708,20,12,8,15,5,10,0,0,0
09,136,District - Rampur (05),Total,75-79,8644,4035,4609,312,174,138,4694,2685,2009,3625,1170,2455,7,3,4,6,3,3,0,0,0
09,136,District - Rampur (05),Total,80+,14427,7127,7300,1588,965,623,6268,3889,2379,6548,2262,4286,17,7,10,6,4,2,0,0,0
09,136,District - Rampur (05),Total,Age not stated,9619,5421,4198,6176,3786,2390,3192,1549,1643,241,77,164,5,4,1,5,5,0,0,0,0
09,136,District - Rampur (05),Total,Less than 18,1083875,565288,518587,1071902,561694,510208,11414,3358,8056,349,139,210,184,86,98,26,11,15,0,0,0
09,136,District - Rampur (05),Total,Less than 21,1276237,670763,605474,1232405,658967,573438,42858,11392,31466,616,243,373,296,138,158,62,23,39,0,0,0
09,136,District - Rampur (05),Rural,All ages,1747172,916878,830294,1027579,569354,458225,664485,328086,336399,53020,18318,34702,1434,805,629,654,315,339,0,0,0
09,136,District - Rampur (05),Rural,0-9,440349,229906,210443,440349,229906,210443,0,0,0,0,0,0,0,0,0,0,0,0,0,0,0
09,136,District - Rampur (05),Rural,10-14,260453,137342,123111,256738,136052,120686,3484,1169,2315,118,58,60,102,58,44,11,5,6,0,0,0
09,136,District - Rampur (05),Rural,15-19,232161,122605,109556,215476,118758,96718,16327,3697,12630,231,92,139,110,48,62,17,10,7,0,0,0
09,136,District - Rampur (05),Rural,20-24,150396,83313,67083,79523,57008,22515,70190,25985,44205,450,207,243,152,80,72,81,33,48,0,0,0
09,136,District - Rampur (05),Rural,25-29,110712,57482,53230,15703,13181,2522,93870,43744,50126,843,408,435,198,107,91,98,42,56,0,0,0
09,136,District - Rampur (05),Rural,30-34,105232,52388,52844,4813,4027,786,98753,47550,51203,1361,653,708,198,108,90,107,50,57,0,0,0
09,136,District - Rampur (05),Rural,35-39,104224,53269,50955,2114,1747,367,99492,50370,49122,2367,1020,1347,155,86,69,96,46,50,0,0,0
09,136,District - Rampur (05),Rural,40-44,83902,45525,38377,1341,1140,201,78982,42943,36039,3367,1317,2050,141,88,53,71,37,34,0,0,0
09,136,District - Rampur (05),Rural,45-49,62966,33227,29739,830,695,135,58365,31066,27299,3622,1381,2241,99,61,38,50,24,26,0,0,0
09,136,District - Rampur (05),Rural,50-54,46239,26145,20094,632,527,105,40630,23899,16731,4845,1638,3207,95,59,36,37,22,15,0,0,0
09,136,District - Rampur (05),Rural,55-59,38327,16468,21859,472,355,117,33466,14659,18807,4323,1412,2911,45,29,16,21,13,8,0,0,0
09,136,District - Rampur (05),Rural,60-64,45048,24381,20667,1130,738,392,33773,20533,13240,10043,3055,6988,76,43,33,26,12,14,0,0,0
09,136,District - Rampur (05),Rural,65-69,24616,12670,11946,1316,820,496,16587,9730,6857,6671,2097,4574,26,17,9,16,6,10,0,0,0
09,136,District - Rampur (05),Rural,70-74,17137,9064,8073,573,368,205,9438,6473,2965,7097,2208,4889,18,10,8,11,5,6,0,0,0
09,136,District - Rampur (05),Rural,75-79,6381,3008,3373,246,138,108,3557,1965,1592,2573,901,1672,2,2,0,3,2,1,0,0,0
09,136,District - Rampur (05),Rural,80+,11068,5544,5524,1208,729,479,4924,2993,1931,4917,1811,3106,14,7,7,5,4,1,0,0,0
09,136,District - Rampur (05),Rural,Age not stated,7961,4541,3420,5115,3165,1950,2647,1310,1337,192,60,132,3,2,1,4,4,0,0,0,0
09,136,District - Rampur (05),Rural,Less than 18,844612,441780,402832,834975,438873,396102,9176,2699,6477,284,120,164,156,78,78,21,10,11,0,0,0
09,136,District - Rampur (05),Rural,Less than 21,984486,519334,465152,948942,509478,439464,34760,9505,25255,485,202,283,254,128,126,45,21,24,0,0,0
09,136,District - Rampur (05),Urban,All ages,588647,307011,281636,343206,191170,152036,223101,110877,112224,21356,4656,16700,486,181,305,498,127,371,0,0,0
09,136,District - Rampur (05),Urban,0-9,119825,62056,57769,119825,62056,57769,0,0,0,0,0,0,0,0,0,0,0,0,0,0,0
09,136,District - Rampur (05),Urban,10-14,73622,38345,35277,72772,38059,34713,809,274,535,26,8,18,14,4,10,1,0,1,0,0,0
09,136,District - Rampur (05),Urban,15-19,78405,40254,38151,74701,39484,35217,3608,744,2864,65,20,45,23,5,18,8,1,7,0,0,0
09,136,District - Rampur (05),Urban,20-24,63203,34682,28521,45556,29381,16175,17411,5233,12178,153,47,106,46,15,31,37,6,31,0,0,0
09,136,District - Rampur (05),Urban,25-29,46997,24877,22120,17402,12919,4483,29175,11855,17320,255,65,190,75,24,51,90,14,76,0,0,0
09,136,District - Rampur (05),Urban,30-34,38458,19742,18716,5752,4427,1325,32047,15118,16929,485,150,335,76,26,50,98,21,77,0,0,0
09,136,District - Rampur (05),Urban,35-39,37187,18806,18381,2237,1687,550,33907,16879,17028,904,193,711,66,23,43,73,24,49,0,0,0
09,136,District - Rampur (05),Urban,40-44,32419,17068,15351,1078,781,297,29796,15958,13838,1437,282,1155,49,25,24,59,22,37,0,0,0
09,136,District - Rampur (05),Urban,45-49,26776,14163,12613,633,446,187,24158,13311,10847,1889,372,1517,48,20,28,48,14,34,0,0,0
09,136,District - Rampur (05),Urban,50-54,20465,11039,9426,403,261,142,17500,10293,7207,2497,460,2037,37,17,20,28,8,20,0,0,0
09,136,District - Rampur (05),Urban,55-59,15294,7470,7824,312,194,118,12765,6831,5934,2180,430,1750,15,5,10,22,10,12,0,0,0
09,136,District - Rampur (05),Urban,60-64,15266,8111,7155,409,237,172,10821,7040,3781,3994,821,3173,21,9,12,21,4,17,0,0,0
09,136,District - Rampur (05),Urban,65-69,7923,4118,3805,445,244,201,5105,3354,1751,2365,516,1849,4,3,1,4,1,3,0,0,0
09,136,District - Rampur (05),Urban,70-74,5527,2790,2737,174,101,73,2973,2132,841,2374,555,1819,2,2,0,4,0,4,0,0,0
09,136,District - Rampur (05),Urban,75-79,2263,1027,1236,66,36,30,1137,720,417,1052,269,783,5,1,4,3,1,2,0,0,0
09,136,District - Rampur (05),Urban,80+,3359,1583,1776,380,236,144,1344,896,448,1631,451,1180,3,0,3,1,0,1,0,0,0
09,136,District - Rampur (05),Urban,Age not stated,1658,880,778,1061,621,440,545,239,306,49,17,32,2,2,0,1,1,0,0,0,0
09,136,District - Rampur (05),Urban,Less than 18,239263,123508,115755,236927,122821,114106,2238,659,1579,65,19,46,28,8,20,5,1,4,0,0,0
09,136,District - Rampur (05),Urban,Less than 21,291751,151429,140322,283463,149489,133974,8098,1887,6211,131,41,90,42,10,32,17,2,15,0,0,0
09,137,District - Jyotiba Phule Nagar (06),Total,All ages,1840221,963449,876772,1024534,570452,454082,751510,371195,380315,61825,20668,41157,1612,845,767,740,289,451,0,0,0
09,137,District - Jyotiba Phule Nagar (06),Total,0-9,439206,231124,208082,439206,231124,208082,0,0,0,0,0,0,0,0,0,0,0,0,0,0,0
09,137,District - Jyotiba Phule Nagar (06),Total,10-14,254680,135196,119484,251037,134041,116996,3474,1082,2392,90,40,50,70,31,39,9,2,7,0,0,0
09,137,District - Jyotiba Phule Nagar (06),Total,15-19,230166,121338,108828,210785,116905,93880,19025,4286,14739,239,94,145,106,49,57,11,4,7,0,0,0
09,137,District - Jyotiba Phule Nagar (06),Total,20-24,170851,90956,79895,85079,58791,26288,85007,31853,53154,497,199,298,191,80,111,77,33,44,0,0,0
09,137,District - Jyotiba Phule Nagar (06),Total,25-29,132380,68759,63621,19972,15918,4054,111098,52232,58866,925,425,500,250,133,117,135,51,84,0,0,0
09,137,District - Jyotiba Phule Nagar (06),Total,30-34,116865,58373,58492,5405,4418,987,109583,53170,56413,1551,614,937,214,128,86,112,43,69,0,0,0
09,137,District - Jyotiba Phule Nagar (06),Total,35-39,112962,58110,54852,2357,1929,428,107603,55001,52602,2663,1009,1654,237,129,108,102,42,60,0,0,0
09,137,District - Jyotiba Phule Nagar (06),Total,40-44,90901,48556,42345,1502,1230,272,85306,45899,39407,3823,1294,2529,167,95,72,103,38,65,0,0,0
09,137,District - Jyotiba Phule Nagar (06),Total,45-49,70547,36914,33633,991,829,162,64993,34661,30332,4403,1348,3055,103,55,48,57,21,36,0,0,0
09,137,District - Jyotiba Phule Nagar (06),Total,50-54,53375,29059,24316,710,579,131,46937,26646,20291,5600,1777,3823,77,38,39,51,19,32,0,0,0
09,137,District - Jyotiba Phule Nagar (06),Total,55-59,43818,20564,23254,575,440,135,37833,18403,19430,5327,1680,3647,57,34,23,26,7,19,0,0,0
09,137,District - Jyotiba Phule Nagar (06),Total,60-64,46301,24290,22011,971,656,315,34983,20575,14408,10260,3014,7246,63,34,29,24,11,13,0,0,0
09,137,District - Jyotiba Phule Nagar (06),Total,65-69,28192,14181,14011,867,537,330,19819,11224,8595,7467,2400,5067,25,15,10,14,5,9,0,0,0
09,137,District - Jyotiba Phule Nagar (06),Total,70-74,20857,11276,9581,459,331,128,12219,8246,3973,8153,2685,5468,16,7,9,10,7,3,0,0,0
09,137,District - Jyotiba Phule Nagar (06),Total,75-79,8922,4391,4531,178,126,52,5229,2940,2289,3506,1320,2186,8,4,4,1,1,0,0,0,0
09,137,District - Jyotiba Phule Nagar (06),Total,80+,14384,7338,7046,1003,615,388,6221,3993,2228,7134,2715,4419,22,12,10,4,3,1,0,0,0
09,137,District - Jyotiba Phule Nagar (06),Total,Age not stated,5814,3024,2790,3437,1983,1454,2180,984,1196,187,54,133,6,1,5,4,2,2,0,0,0
09,137,District - Jyotiba Phule Nagar (06),Total,Less than 18,835081,439802,395279,824491,436916,387575,10203,2725,7478,242,97,145,130,58,72,15,6,9,0,0,0
09,137,District - Jyotiba Phule Nagar (06),Total,Less than 21,974402,514878,459524,934623,504175,430448,39068,10409,28659,460,184,276,216,99,117,35,11,24,0,0,0
09,137,District - Jyotiba Phule Nagar (06),Rural,All ages,1381508,724539,656969,763846,425593,338253,569460,281414,288046,46602,16666,29936,1178,660,518,422,206,216,0,0,0
09,137,District - Jyotiba Phule Nagar (06),Rural,0-9,338322,178652,159670,338322,178652,159670,0,0,0,0,0,0,0,0,0,0,0,0,0,0,0
09,137,District - Jyotiba Phule Nagar (06),Rural,10-14,196012,104464,91548,193266,103577,89689,2632,833,1799,65,33,32,43,19,24,6,2,4,0,0,0
09,137,District - Jyotiba Phule Nagar (06),Rural,15-19,170887,90478,80409,155459,86943,68516,15178,3417,11761,172,78,94,74,37,37,4,3,1,0,0,0
09,137,District - Jyotiba Phule Nagar (06),Rural,20-24,122783,65328,57455,54725,38789,15936,67493,26292,41201,363,158,205,146,63,83,56,26,30,0,0,0
09,137,District - Jyotiba Phule Nagar (06),Rural,25-29,95772,49713,46059,10303,8564,1739,84478,40627,43851,727,366,361,189,116,73,75,40,35,0,0,0
09,137,District - Jyotiba Phule Nagar (06),Rural,30-34,86464,43004,43460,2798,2411,387,82234,39938,42296,1211,514,697,155,106,49,66,35,31,0,0,0
09,137,District - Jyotiba Phule Nagar (06),Rural,35-39,84273,43367,40906,1402,1226,176,80640,41191,39449,2012,829,1183,165,92,73,54,29,25,0,0,0
09,137,District - Jyotiba Phule Nagar (06),Rural,40-44,66961,35820,31141,1022,909,113,62978,33781,29197,2789,1037,1752,121,71,50,51,22,29,0,0,0
09,137,District - Jyotiba Phule Nagar (06),Rural,45-49,51383,26845,24538,711,635,76,47423,25091,22332,3141,1068,2073,78,41,37,30,10,20,0,0,0
09,137,District - Jyotiba Phule Nagar (06),Rural,50-54,39122,21401,17721,513,449,64,34483,19480,15003,4040,1430,2610,55,28,27,31,14,17,0,0,0
09,137,District - Jyotiba Phule Nagar (06),Rural,55-59,32787,15167,17620,422,354,68,28471,13459,15012,3841,1323,2518,42,27,15,11,4,7,0,0,0
09,137,District - Jyotiba Phule Nagar (06),Rural,60-64,35411,18666,16745,739,524,215,27087,15725,11362,7522,2382,5140,49,28,21,14,7,7,0,0,0
09,137,District - Jyotiba Phule Nagar (06),Rural,65-69,22209,11118,11091,685,452,233,15772,8734,7038,5721,1915,3806,21,13,8,10,4,6,0,0,0
09,137,District - Jyotiba Phule Nagar (06),Rural,70-74,16581,9006,7575,347,267,80,9822,6566,3256,6393,2162,4231,11,5,6,8,6,2,0,0,0
09,137,District - Jyotiba Phule Nagar (06),Rural,75-79,7121,3526,3595,134,105,29,4288,2353,1935,2691,1064,1627,7,3,4,1,1,0,0,0,0
09,137,District - Jyotiba Phule Nagar (06),Rural,80+,11432,5917,5515,670,414,256,4953,3218,1735,5790,2273,3517,16,10,6,3,2,1,0,0,0
09,137,District - Jyotiba Phule Nagar (06),Rural,Age not stated,3988,2067,1921,2328,1322,1006,1528,709,819,124,34,90,6,1,5,2,1,1,0,0,0
09,137,District - Jyotiba Phule Nagar (06),Rural,Less than 18,640455,338756,301699,632401,336537,295864,7783,2096,5687,179,81,98,82,37,45,10,5,5,0,0,0
09,137,District - Jyotiba Phule Nagar (06),Rural,Less than 21,741636,393348,348288,710112,384664,325448,31016,8450,22566,335,152,183,151,72,79,22,10,12,0,0,0
09,137,District - Jyotiba Phule Nagar (06),Urban,All ages,458713,238910,219803,260688,144859,115829,182050,89781,92269,15223,4002,11221,434,185,249,318,83,235,0,0,0
09,137,District - Jyotiba Phule Nagar (06),Urban,0-9,100884,52472,48412,100884,52472,48412,0,0,0,0,0,0,0,0,0,0,0,0,0,0,0
09,137,District - Jyotiba Phule Nagar (06),Urban,10-14,58668,30732,27936,57771,30464,27307,842,249,593,25,7,18,27,12,15,3,0,3,0,0,0
09,137,District - Jyotiba Phule Nagar (06),Urban,15-19,59279,30860,28419,55326,29962,25364,3847,869,2978,67,16,51,32,12,20,7,1,6,0,0,0
09,137,District - Jyotiba Phule Nagar (06),Urban,20-24,48068,25628,22440,30354,20002,10352,17514,5561,11953,134,41,93,45,17,28,21,7,14,0,0,0
09,137,District - Jyotiba Phule Nagar (06),Urban,25-29,36608,19046,17562,9669,7354,2315,26620,11605,15015,198,59,139,61,17,44,60,11,49,0,0,0
09,137,District - Jyotiba Phule Nagar (06),Urban,30-34,30401,15369,15032,2607,2007,600,27349,13232,14117,340,100,240,59,22,37,46,8,38,0,0,0
09,137,District - Jyotiba Phule Nagar (06),Urban,35-39,28689,14743,13946,955,703,252,26963,13810,13153,651,180,471,72,37,35,48,13,35,0,0,0
09,137,District - Jyotiba Phule Nagar (06),Urban,40-44,23940,12736,11204,480,321,159,22328,12118,10210,1034,257,777,46,24,22,52,16,36,0,0,0
09,137,District - Jyotiba Phule Nagar (06),Urban,45-49,19164,10069,9095,280,194,86,17570,9570,8000,1262,280,982,25,14,11,27,11,16,0,0,0
09,137,District - Jyotiba Phule Nagar (06),Urban,50-54,14253,7658,6595,197,130,67,12454,7166,5288,1560,347,1213,22,10,12,20,5,15,0,0,0
09,137,District - Jyotiba Phule Nagar (06),Urban,55-59,11031,5397,5634,153,86,67,9362,4944,4418,1486,357,1129,15,7,8,15,3,12,0,0,0
09,137,District - Jyotiba Phule Nagar (06),Urban,60-64,10890,5624,5266,232,132,100,7896,4850,3046,2738,632,2106,14,6,8,10,4,6,0,0,0
09,137,District - Jyotiba Phule Nagar (06),Urban,65-69,5983,3063,2920,182,85,97,4047,2490,1557,1746,485,1261,4,2,2,4,1,3,0,0,0
09,137,District - Jyotiba Phule Nagar (06),Urban,70-74,4276,2270,2006,112,64,48,2397,1680,717,1760,523,1237,5,2,3,2,1,1,0,0,0
09,137,District - Jyotiba Phule Nagar (06),Urban,75-79,1801,865,936,44,21,23,941,587,354,815,256,559,1,1,0,0,0,0,0,0,0
09,137,District - Jyotiba Phule Nagar (06),Urban,80+,2952,1421,1531,333,201,132,1268,775,493,1344,442,902,6,2,4,1,1,0,0,0,0
09,137,District - Jyotiba Phule Nagar (06),Urban,Age not stated,1826,957,869,1109,661,448,652,275,377,63,20,43,0,0,0,2,1,1,0,0,0
09,137,District - Jyotiba Phule Nagar (06),Urban,Less than 18,194626,101046,93580,192090,100379,91711,2420,629,1791,63,16,47,48,21,27,5,1,4,0,0,0
09,137,District - Jyotiba Phule Nagar (06),Urban,Less than 21,232766,121530,111236,224511,119511,105000,8052,1959,6093,125,32,93,65,27,38,13,1,12,0,0,0
09,138,District - Meerut (07),Total,All ages,3443689,1825743,1617946,1818740,1040910,777830,1495677,743743,751934,123138,38132,85006,4011,1959,2052,2123,999,1124,0,0,0
09,138,District - Meerut (07),Total,0-9,722652,391028,331624,722652,391028,331624,0,0,0,0,0,0,0,0,0,0,0,0,0,0,0
09,138,District - Meerut (07),Total,10-14,408782,221038,187744,400064,217784,182280,8213,3025,5188,273,110,163,204,105,99,28,14,14,0,0,0
09,138,District - Meerut (07),Total,15-19,410003,218827,191176,376068,210357,165711,33096,8128,24968,566,214,352,219,104,115,54,24,30,0,0,0
09,138,District - Meerut (07),Total,20-24,349971,186639,163332,196535,131813,64722,151678,54165,97513,1139,422,717,401,161,240,218,78,140,0,0,0
09,138,District - Meerut (07),Total,25-29,273709,144739,128970,55876,42961,12915,215048,100606,114442,1922,784,1138,512,223,289,351,165,186,0,0,0
09,138,District - Meerut (07),Total,30-34,224433,114750,109683,14984,11818,3166,205734,101426,104308,2821,1082,1739,559,273,286,335,151,184,0,0,0
09,138,District - Meerut (07),Total,35-39,217090,111968,105122,6521,5229,1292,204728,104699,100029,4953,1583,3370,541,278,263,347,179,168,0,0,0
09,138,District - Meerut (07),Total,40-44,182001,94956,87045,3815,3059,756,170300,89388,80912,7200,2163,5037,461,236,225,225,110,115,0,0,0
09,138,District - Meerut (07),Total,45-49,156951,82327,74624,2622,2080,542,144110,77225,66885,9722,2755,6967,330,177,153,167,90,77,0,0,0
09,138,District - Meerut (07),Total,50-54,120914,65085,55829,2133,1668,465,106662,60005,46657,11746,3211,8535,243,132,111,130,69,61,0,0,0
09,138,District - Meerut (07),Total,55-59,94788,47887,46901,1488,1114,374,81363,43266,38097,11685,3394,8291,167,78,89,85,35,50,0,0,0
09,138,District - Meerut (07),Total,60-64,85490,44739,40751,2369,1550,819,65415,38294,27121,17522,4803,12719,114,62,52,70,30,40,0,0,0
09,138,District - Meerut (07),Total,65-69,56309,28413,27896,2318,1452,866,39808,22801,17007,14075,4109,9966,74,39,35,34,12,22,0,0,0
09,138,District - Meerut (07),Total,70-74,42693,22349,20344,1235,809,426,25710,16740,8970,15664,4757,10907,62,29,33,22,14,8,0,0,0
09,138,District - Meerut (07),Total,75-79,20864,10474,10390,615,424,191,11880,7106,4774,8327,2923,5404,31,15,16,11,6,5,0,0,0
09,138,District - Meerut (07),Total,80+,30769,15749,15020,2845,1850,995,13753,8521,5232,14110,5351,8759,39,17,22,22,10,12,0,0,0
09,138,District - Meerut (07),Total,Age not stated,46270,24775,21495,26600,15914,10686,18179,8348,9831,1413,471,942,54,30,24,24,12,12,0,0,0
09,138,District - Meerut (07),Total,Less than 18,1375625,741636,633989,1353953,734673,619280,20696,6539,14157,615,235,380,314,164,150,47,25,22,0,0,0
09,138,District - Meerut (07),Total,Less than 21,1630877,878728,752149,1562419,859619,702800,66774,18425,48349,1080,401,679,488,236,252,116,47,69,0,0,0
09,138,District - Meerut (07),Rural,All ages,1684507,894920,789587,908823,521802,387021,709429,350755,358674,63541,20904,42637,1880,1017,863,834,442,392,0,0,0
09,138,District - Meerut (07),Rural,0-9,380464,205726,174738,380464,205726,174738,0,0,0,0,0,0,0,0,0,0,0,0,0,0,0
09,138,District - Meerut (07),Rural,10-14,210791,114267,96524,206500,112726,93774,4028,1422,2606,152,58,94,99,54,45,12,7,5,0,0,0
09,138,District - Meerut (07),Rural,15-19,204774,109541,95233,186444,105022,81422,17898,4341,13557,309,116,193,99,51,48,24,11,13,0,0,0
09,138,District - Meerut (07),Rural,20-24,162951,87667,75284,81474,57282,24192,80580,30030,50550,601,235,366,196,80,116,100,40,60,0,0,0
09,138,District - Meerut (07),Rural,25-29,121484,64965,56519,18110,15134,2976,101986,49166,52820,991,453,538,244,117,127,153,95,58,0,0,0
09,138,District - Meerut (07),Rural,30-34,100643,51297,49346,5613,4808,805,93254,45701,47553,1411,576,835,248,145,103,117,67,50,0,0,0
09,138,District - Meerut (07),Rural,35-39,99261,51330,47931,3098,2696,402,93302,47550,45752,2498,879,1619,238,138,100,125,67,58,0,0,0
09,138,District - Meerut (07),Rural,40-44,83122,43641,39481,1985,1757,228,77355,40546,36809,3482,1165,2317,216,129,87,84,44,40,0,0,0
09,138,District - Meerut (07),Rural,45-49,71102,37158,33944,1426,1264,162,64906,34320,30586,4557,1447,3110,162,100,62,51,27,24,0,0,0
09,138,District - Meerut (07),Rural,50-54,55274,29818,25456,1209,1050,159,48362,27009,21353,5547,1667,3880,110,64,46,46,28,18,0,0,0
09,138,District - Meerut (07),Rural,55-59,44447,21987,22460,871,733,138,37887,19477,18410,5574,1725,3849,85,41,44,30,11,19,0,0,0
09,138,District - Meerut (07),Rural,60-64,42270,21876,20394,1474,1052,422,31756,18252,13504,8955,2524,6431,53,33,20,32,15,17,0,0,0
09,138,District - Meerut (07),Rural,65-69,29502,14593,14909,1498,1014,484,20516,11317,9199,7435,2239,5196,35,18,17,18,5,13,0,0,0
09,138,District - Meerut (07),Rural,70-74,23137,11996,11141,767,563,204,13664,8745,4919,8659,2660,5999,35,18,17,12,10,2,0,0,0
09,138,District - Meerut (07),Rural,75-79,11296,5691,5605,358,283,75,6474,3722,2752,4444,1676,2768,15,8,7,5,2,3,0,0,0
09,138,District - Meerut (07),Rural,80+,17223,9002,8221,1517,1044,473,7621,4761,2860,8055,3182,4873,15,6,9,15,9,6,0,0,0
09,138,District - Meerut (07),Rural,Age not stated,26766,14365,12401,16015,9648,6367,9840,4396,5444,871,302,569,30,15,15,10,4,6,0,0,0
09,138,District - Meerut (07),Rural,Less than 18,714834,385633,329201,703897,382218,321679,10437,3195,7242,335,126,209,148,84,64,17,10,7,0,0,0
09,138,District - Meerut (07),Rural,Less than 21,839290,452883,386407,802653,442724,359929,35762,9807,25955,591,216,375,227,115,112,57,21,36,0,0,0
09,138,District - Meerut (07),Urban,All ages,1759182,930823,828359,909917,519108,390809,786248,392988,393260,59597,17228,42369,2131,942,1189,1289,557,732,0,0,0
09,138,District - Meerut (07),Urban,0-9,342188,185302,156886,342188,185302,156886,0,0,0,0,0,0,0,0,0,0,0,0,0,0,0
09,138,District - Meerut (07),Urban,10-14,197991,106771,91220,193564,105058,88506,4185,1603,2582,121,52,69,105,51,54,16,7,9,0,0,0
09,138,District - Meerut (07),Urban,15-19,205229,109286,95943,189624,105335,84289,15198,3787,11411,257,98,159,120,53,67,30,13,17,0,0,0
09,138,District - Meerut (07),Urban,20-24,187020,98972,88048,115061,74531,40530,71098,24135,46963,538,187,351,205,81,124,118,38,80,0,0,0
09,138,District - Meerut (07),Urban,25-29,152225,79774,72451,37766,27827,9939,113062,51440,61622,931,331,600,268,106,162,198,70,128,0,0,0
09,138,District - Meerut (07),Urban,30-34,123790,63453,60337,9371,7010,2361,112480,55725,56755,1410,506,904,311,128,183,218,84,134,0,0,0
09,138,District - Meerut (07),Urban,35-39,117829,60638,57191,3423,2533,890,111426,57149,54277,2455,704,1751,303,140,163,222,112,110,0,0,0
09,138,District - Meerut (07),Urban,40-44,98879,51315,47564,1830,1302,528,92945,48842,44103,3718,998,2720,245,107,138,141,66,75,0,0,0
09,138,District - Meerut (07),Urban,45-49,85849,45169,40680,1196,816,380,79204,42905,36299,5165,1308,3857,168,77,91,116,63,53,0,0,0
09,138,District - Meerut (07),Urban,50-54,65640,35267,30373,924,618,306,58300,32996,25304,6199,1544,4655,133,68,65,84,41,43,0,0,0
09,138,District - Meerut (07),Urban,55-59,50341,25900,24441,617,381,236,43476,23789,19687,6111,1669,4442,82,37,45,55,24,31,0,0,0
09,138,District - Meerut (07),Urban,60-64,43220,22863,20357,895,498,397,33659,20042,13617,8567,2279,6288,61,29,32,38,15,23,0,0,0
09,138,District - Meerut (07),Urban,65-69,26807,13820,12987,820,438,382,19292,11484,7808,6640,1870,4770,39,21,18,16,7,9,0,0,0
09,138,District - Meerut (07),Urban,70-74,19556,10353,9203,468,246,222,12046,7995,4051,7005,2097,4908,27,11,16,10,4,6,0,0,0
09,138,District - Meerut (07),Urban,75-79,9568,4783,4785,257,141,116,5406,3384,2022,3883,1247,2636,16,7,9,6,4,2,0,0,0
09,138,District - Meerut (07),Urban,80+,13546,6747,6799,1328,806,522,6132,3760,2372,6055,2169,3886,24,11,13,7,1,6,0,0,0
09,138,District - Meerut (07),Urban,Age not stated,19504,10410,9094,10585,6266,4319,8339,3952,4387,542,169,373,24,15,9,14,8,6,0,0,0
09,138,District - Meerut (07),Urban,Less than 18,660791,356003,304788,650056,352455,297601,10259,3344,6915,280,109,171,166,80,86,30,15,15,0,0,0
09,138,District - Meerut (07),Urban,Less than 21,791587,425845,365742,759766,416895,342871,31012,8618,22394,489,185,304,261,121,140,59,26,33,0,0,0
09,139,District - Baghpat (08),Total,All ages,1303048,700070,602978,684215,399777,284438,566624,281134,285490,50131,18030,32101,1467,788,679,611,341,270,0,0,0
09,139,District - Baghpat (08),Total,0-9,282452,153700,128752,282452,153700,128752,0,0,0,0,0,0,0,0,0,0,0,0,0,0,0
09,139,District - Baghpat (08),Total,10-14,161111,87376,73735,158365,86375,71990,2582,921,1661,93,39,54,69,39,30,2,2,0,0,0,0
09,139,District - Baghpat (08),Total,15-19,153974,83792,70182,140707,80646,60061,13024,3049,9975,148,53,95,81,37,44,14,7,7,0,0,0
09,139,District - Baghpat (08),Total,20-24,123306,67490,55816,62843,45188,17655,59859,22071,37788,385,145,240,155,59,96,64,27,37,0,0,0
09,139,District - Baghpat (08),Total,25-29,96297,52531,43766,16536,14365,2171,78848,37723,41125,591,274,317,216,112,104,106,57,49,0,0,0
09,139,District - Baghpat (08),Total,30-34,81294,41895,39399,5507,5039,468,74418,36261,38157,1084,432,652,182,95,87,103,68,35,0,0,0
09,139,District - Baghpat (08),Total,35-39,78331,41130,37201,3092,2877,215,73179,37461,35718,1765,614,1151,198,114,84,97,64,33,0,0,0
09,139,District - Baghpat (08),Total,40-44,66497,35130,31367,1991,1860,131,61625,32277,29348,2655,853,1802,166,104,62,60,36,24,0,0,0
09,139,District - Baghpat (08),Total,45-49,57154,29770,27384,1400,1304,96,52231,27321,24910,3371,1063,2308,111,62,49,41,20,21,0,0,0
09,139,District - Baghpat (08),Total,50-54,46671,25090,21581,1122,1036,86,41203,22683,18520,4215,1303,2912,97,55,42,34,13,21,0,0,0
09,139,District - Baghpat (08),Total,55-59,38137,19203,18934,843,776,67,32932,17053,15879,4283,1334,2949,56,31,25,23,9,14,0,0,0
09,139,District - Baghpat (08),Total,60-64,36126,19023,17103,1149,957,192,28182,15982,12200,6727,2043,4684,42,25,17,26,16,10,0,0,0
09,139,District - Baghpat (08),Total,65-69,25955,12983,12972,1117,855,262,18956,10185,8771,5837,1917,3920,38,21,17,7,5,2,0,0,0
09,139,District - Baghpat (08),Total,70-74,21481,11888,9593,748,655,93,13494,8626,4868,7208,2594,4614,20,11,9,11,2,9,0,0,0
09,139,District - Baghpat (08),Total,75-79,11037,5998,5039,400,352,48,6627,3892,2735,3988,1742,2246,13,6,7,9,6,3,0,0,0
09,139,District - Baghpat (08),Total,80+,15141,8692,6449,1230,945,285,6398,4203,2195,7488,3523,3965,20,16,4,5,5,0,0,0,0
09,139,District - Baghpat (08),Total,Age not stated,8084,4379,3705,4713,2847,1866,3066,1426,1640,293,101,192,3,1,2,9,4,5,0,0,0
09,139,District - Baghpat (08),Total,Less than 18,536494,291045,245449,529085,288751,240334,7112,2165,4947,185,70,115,106,54,52,6,5,1,0,0,0
09,139,District - Baghpat (08),Total,Less than 21,628281,341757,286524,602224,334610,267614,25518,6927,18591,334,120,214,183,88,95,22,12,10,0,0,0
09,139,District - Baghpat (08),Rural,All ages,1028023,553807,474216,539664,316611,223053,446264,221327,224937,40513,14973,25540,1131,635,496,451,261,190,0,0,0
09,139,District - Baghpat (08),Rural,0-9,223212,121563,101649,223212,121563,101649,0,0,0,0,0,0,0,0,0,0,0,0,0,0,0
09,139,District - Baghpat (08),Rural,10-14,127645,69198,58447,125346,68371,56975,2160,762,1398,83,34,49,54,29,25,2,2,0,0,0,0
09,139,District - Baghpat (08),Rural,15-19,121895,66376,55519,110857,63740,47117,10831,2552,8279,125,48,77,72,32,40,10,4,6,0,0,0
09,139,District - Baghpat (08),Rural,20-24,95805,52897,42908,47658,34933,12725,47642,17766,29876,323,126,197,131,51,80,51,21,30,0,0,0
09,139,District - Baghpat (08),Rural,25-29,74345,40951,33394,12485,11089,1396,61160,29503,31657,470,228,242,156,88,68,74,43,31,0,0,0
09,139,District - Baghpat (08),Rural,30-34,62977,32500,30477,4483,4148,335,57441,27882,29559,850,350,500,132,70,62,71,50,21,0,0,0
09,139,District - Baghpat (08),Rural,35-39,60942,32179,28763,2650,2488,162,56636,29024,27612,1431,526,905,150,89,61,75,52,23,0,0,0
09,139,District - Baghpat (08),Rural,40-44,51681,27392,24289,1722,1622,100,47674,24934,22740,2116,725,1391,124,83,41,45,28,17,0,0,0
09,139,District - Baghpat (08),Rural,45-49,44668,23294,21374,1204,1127,77,40693,21215,19478,2660,885,1775,84,52,32,27,15,12,0,0,0
09,139,District - Baghpat (08),Rural,50-54,36637,19721,16916,981,916,65,32282,17699,14583,3274,1049,2225,78,48,30,22,9,13,0,0,0
09,139,District - Baghpat (08),Rural,55-59,30348,15263,15085,745,699,46,26171,13443,12728,3370,1089,2281,43,24,19,19,8,11,0,0,0
09,139,District - Baghpat (08),Rural,60-64,29178,15310,13868,1003,842,161,22778,12794,9984,5345,1642,3703,34,21,13,18,11,7,0,0,0
09,139,District - Baghpat (08),Rural,65-69,21466,10771,10695,994,772,222,15703,8408,7295,4734,1568,3166,29,19,10,6,4,2,0,0,0
09,139,District - Baghpat (08),Rural,70-74,17984,10019,7965,679,601,78,11303,7210,4093,5976,2196,3780,15,10,5,11,2,9,0,0,0
09,139,District - Baghpat (08),Rural,75-79,9277,5061,4216,369,329,40,5590,3260,2330,3301,1463,1838,10,5,5,7,4,3,0,0,0
09,139,District - Baghpat (08),Rural,80+,12763,7411,5352,1065,826,239,5489,3614,1875,6188,2953,3235,16,13,3,5,5,0,0,0,0
09,139,District - Baghpat (08),Rural,Age not stated,7200,3901,3299,4211,2545,1666,2711,1261,1450,267,91,176,3,1,2,8,3,5,0,0,0
09,139,District - Baghpat (08),Rural,Less than 18,424650,230439,194211,418379,228530,189849,6019,1801,4218,161,63,98,86,41,45,5,4,1,0,0,0
09,139,District - Baghpat (08),Rural,Less than 21,496661,270319,226342,475171,264393,210778,21036,5738,15298,286,108,178,150,71,79,18,9,9,0,0,0
09,139,District - Baghpat (08),Urban,All ages,275025,146263,128762,144551,83166,61385,120360,59807,60553,9618,3057,6561,336,153,183,160,80,80,0,0,0
09,139,District - Baghpat (08),Urban,0-9,59240,32137,27103,59240,32137,27103,0,0,0,0,0,0,0,0,0,0,0,0,0,0,0
09,139,District - Baghpat (08),Urban,10-14,33466,18178,15288,33019,18004,15015,422,159,263,10,5,5,15,10,5,0,0,0,0,0,0
09,139,District - Baghpat (08),Urban,15-19,32079,17416,14663,29850,16906,12944,2193,497,1696,23,5,18,9,5,4,4,3,1,0,0,0
09,139,District - Baghpat (08),Urban,20-24,27501,14593,12908,15185,10255,4930,12217,4305,7912,62,19,43,24,8,16,13,6,7,0,0,0
09,139,District - Baghpat (08),Urban,25-29,21952,11580,10372,4051,3276,775,17688,8220,9468,121,46,75,60,24,36,32,14,18,0,0,0
09,139,District - Baghpat (08),Urban,30-34,18317,9395,8922,1024,891,133,16977,8379,8598,234,82,152,50,25,25,32,18,14,0,0,0
09,139,District - Baghpat (08),Urban,35-39,17389,8951,8438,442,389,53,16543,8437,8106,334,88,246,48,25,23,22,12,10,0,0,0
09,139,District - Baghpat (08),Urban,40-44,14816,7738,7078,269,238,31,13951,7343,6608,539,128,411,42,21,21,15,8,7,0,0,0
09,139,District - Baghpat (08),Urban,45-49,12486,6476,6010,196,177,19,11538,6106,5432,711,178,533,27,10,17,14,5,9,0,0,0
09,139,District - Baghpat (08),Urban,50-54,10034,5369,4665,141,120,21,8921,4984,3937,941,254,687,19,7,12,12,4,8,0,0,0
09,139,District - Baghpat (08),Urban,55-59,7789,3940,3849,98,77,21,6761,3610,3151,913,245,668,13,7,6,4,1,3,0,0,0
09,139,District - Baghpat (08),Urban,60-64,6948,3713,3235,146,115,31,5404,3188,2216,1382,401,981,8,4,4,8,5,3,0,0,0
09,139,District - Baghpat (08),Urban,65-69,4489,2212,2277,123,83,40,3253,1777,1476,1103,349,754,9,2,7,1,1,0,0,0,0
09,139,District - Baghpat (08),Urban,70-74,3497,1869,1628,69,54,15,2191,1416,775,1232,398,834,5,1,4,0,0,0,0,0,0
09,139,District - Baghpat (08),Urban,75-79,1760,937,823,31,23,8,1037,632,405,687,279,408,3,1,2,2,2,0,0,0,0
09,139,District - Baghpat (08),Urban,80+,2378,1281,1097,165,119,46,909,589,320,1300,570,730,4,3,1,0,0,0,0,0,0
09,139,District - Baghpat (08),Urban,Age not stated,884,478,406,502,302,200,355,165,190,26,10,16,0,0,0,1,1,0,0,0,0
09,139,District - Baghpat (08),Urban,Less than 18,111844,60606,51238,110706,60221,50485,1093,364,729,24,7,17,20,13,7,1,1,0,0,0,0
09,139,District - Baghpat (08),Urban,Less than 21,131620,71438,60182,127053,70217,56836,4482,1189,3293,48,12,36,33,17,16,4,3,1,0,0,0
09,140,District - Ghaziabad (09),Total,All ages,4681645,2488834,2192811,2427009,1394280,1032729,2102639,1048066,1054573,144297,42745,101552,4912,2386,2526,2788,1357,1431,0,0,0
09,140,District - Ghaziabad (09),Total,0-9,979911,530069,449842,979911,530069,449842,0,0,0,0,0,0,0,0,0,0,0,0,0,0,0
09,140,District - Ghaziabad (09),Total,10-14,534134,290604,243530,514923,282655,232268,18070,7530,10540,803,234,569,270,147,123,68,38,30,0,0,0
09,140,District - Ghaziabad (09),Total,15-19,515525,280752,234773,467067,266547,200520,46998,13670,33328,1074,340,734,302,161,141,84,34,50,0,0,0
09,140,District - Ghaziabad (09),Total,20-24,465391,246246,219145,257821,173044,84777,204714,72200,132514,2069,668,1401,528,219,309,259,115,144,0,0,0
09,140,District - Ghaziabad (09),Total,25-29,396108,202286,193822,81780,60581,21199,309763,139930,169833,3424,1249,2175,745,339,406,396,187,209,0,0,0
09,140,District - Ghaziabad (09),Total,30-34,341608,173241,168367,25560,18460,7100,310052,152537,157515,4809,1655,3154,696,346,350,491,243,248,0,0,0
09,140,District - Ghaziabad (09),Total,35-39,325096,168008,157088,12451,8735,3716,304089,156499,147590,7425,2194,5231,669,338,331,462,242,220,0,0,0
09,140,District - Ghaziabad (09),Total,40-44,261397,139748,121649,7271,5042,2229,243809,131569,112240,9493,2719,6774,491,249,242,333,169,164,0,0,0
09,140,District - Ghaziabad (09),Total,45-49,211770,113675,98095,4726,3258,1468,194566,106848,87718,11933,3309,8624,341,168,173,204,92,112,0,0,0
09,140,District - Ghaziabad (09),Total,50-54,157067,85628,71439,3662,2457,1205,139155,79223,59932,13876,3766,10110,231,105,126,143,77,66,0,0,0
09,140,District - Ghaziabad (09),Total,55-59,120163,61816,58347,2891,1914,977,103241,56005,47236,13761,3767,9994,172,85,87,98,45,53,0,0,0
09,140,District - Ghaziabad (09),Total,60-64,106643,56408,50235,4371,2643,1728,82294,48476,33818,19748,5177,14571,145,76,69,85,36,49,0,0,0
09,140,District - Ghaziabad (09),Total,65-69,66942,34684,32258,4261,2495,1766,46999,27775,19224,15553,4355,11198,94,42,52,35,17,18,0,0,0
09,140,District - Ghaziabad (09),Total,70-74,47920,25549,22371,2283,1402,881,29708,19356,10352,15849,4750,11099,57,31,26,23,10,13,0,0,0
09,140,District - Ghaziabad (09),Total,75-79,22782,11880,10902,1066,652,414,13291,8287,5004,8387,2929,5458,21,6,15,17,6,11,0,0,0
09,140,District - Ghaziabad (09),Total,80+,38446,19461,18985,5473,3444,2029,19155,11043,8112,13740,4934,8806,45,24,21,33,16,17,0,0,0
09,140,District - Ghaziabad (09),Total,Age not stated,90742,48779,41963,51492,30882,20610,36735,17118,19617,2353,699,1654,105,50,55,57,30,27,0,0,0
09,140,District - Ghaziabad (09),Total,Less than 18,1819432,985501,833931,1781597,971085,810512,35858,13688,22170,1423,427,996,444,241,203,110,60,50,0,0,0
09,140,District - Ghaziabad (09),Total,Less than 21,2148213,1165252,982961,2045596,1133104,912492,99396,30997,68399,2349,713,1636,676,350,326,196,88,108,0,0,0
09,140,District - Ghaziabad (09),Rural,All ages,1519098,808222,710876,832006,477365,354641,629193,312765,316428,55268,16685,38583,1781,941,840,850,466,384,0,0,0
09,140,District - Ghaziabad (09),Rural,0-9,354422,191142,163280,354422,191142,163280,0,0,0,0,0,0,0,0,0,0,0,0,0,0,0
09,140,District - Ghaziabad (09),Rural,10-14,192011,104198,87813,186386,101911,84475,5281,2166,3115,245,68,177,85,48,37,14,5,9,0,0,0
09,140,District - Ghaziabad (09),Rural,15-19,182205,98847,83358,165152,94104,71048,16526,4530,11996,393,147,246,105,56,49,29,10,19,0,0,0
09,140,District - Ghaziabad (09),Rural,20-24,152866,82481,70385,76163,53677,22486,75628,28403,47225,766,272,494,201,84,117,108,45,63,0,0,0
09,140,District - Ghaziabad (09),Rural,25-29,113434,60457,52977,18024,14348,3676,93851,45430,48421,1160,476,684,261,129,132,138,74,64,0,0,0
09,140,District - Ghaziabad (09),Rural,30-34,91842,47052,44790,6109,4777,1332,83814,41455,42359,1546,594,952,245,140,105,128,86,42,0,0,0
09,140,District - Ghaziabad (09),Rural,35-39,89703,46475,43228,3419,2645,774,83410,42820,40590,2499,786,1713,239,139,100,136,85,51,0,0,0
09,140,District - Ghaziabad (09),Rural,40-44,74146,39167,34979,2168,1679,489,68481,36382,32099,3204,943,2261,185,104,81,108,59,49,0,0,0
09,140,District - Ghaziabad (09),Rural,45-49,61174,32230,28944,1612,1231,381,55359,29708,25651,4031,1198,2833,122,68,54,50,25,25,0,0,0
09,140,District - Ghaziabad (09),Rural,50-54,46485,24991,21494,1216,928,288,40358,22647,17711,4783,1347,3436,87,44,43,41,25,16,0,0,0
09,140,District - Ghaziabad (09),Rural,55-59,37217,18222,18995,1006,763,243,31391,16123,15268,4723,1289,3434,69,31,38,28,16,12,0,0,0
09,140,District - Ghaziabad (09),Rural,60-64,36431,18683,17748,1414,953,461,27188,15652,11536,7744,2033,5711,58,33,25,27,12,15,0,0,0
09,140,District - Ghaziabad (09),Rural,65-69,24723,12096,12627,1319,848,471,16884,9481,7403,6467,1743,4724,44,19,25,9,5,4,0,0,0
09,140,District - Ghaziabad (09),Rural,70-74,19358,9996,9362,782,539,243,11365,7318,4047,7174,2117,5057,27,16,11,10,6,4,0,0,0
09,140,District - Ghaziabad (09),Rural,75-79,8996,4529,4467,377,258,119,5118,3063,2055,3491,1205,2286,4,1,3,6,2,4,0,0,0
09,140,District - Ghaziabad (09),Rural,80+,14579,7301,7278,1596,1042,554,6578,3982,2596,6383,2263,4120,16,10,6,6,4,2,0,0,0
09,140,District - Ghaziabad (09),Rural,Age not stated,19506,10355,9151,10841,6520,4321,7961,3605,4356,659,204,455,33,19,14,12,7,5,0,0,0
09,140,District - Ghaziabad (09),Rural,Less than 18,655776,354211,301565,644515,350033,294482,10607,3936,6671,483,150,333,145,80,65,26,12,14,0,0,0
09,140,District - Ghaziabad (09),Rural,Less than 21,770910,417153,353757,734468,406083,328385,35319,10656,24663,834,273,561,223,118,105,66,23,43,0,0,0
09,140,District - Ghaziabad (09),Urban,All ages,3162547,1680612,1481935,1595003,916915,678088,1473446,735301,738145,89029,26060,62969,3131,1445,1686,1938,891,1047,0,0,0
09,140,District - Ghaziabad (09),Urban,0-9,625489,338927,286562,625489,338927,286562,0,0,0,0,0,0,0,0,0,0,0,0,0,0,0
09,140,District - Ghaziabad (09),Urban,10-14,342123,186406,155717,328537,180744,147793,12789,5364,7425,558,166,392,185,99,86,54,33,21,0,0,0
09,140,District - Ghaziabad (09),Urban,15-19,333320,181905,151415,301915,172443,129472,30472,9140,21332,681,193,488,197,105,92,55,24,31,0,0,0
09,140,District - Ghaziabad (09),Urban,20-24,312525,163765,148760,181658,119367,62291,129086,43797,85289,1303,396,907,327,135,192,151,70,81,0,0,0
09,140,District - Ghaziabad (09),Urban,25-29,282674,141829,140845,63756,46233,17523,215912,94500,121412,2264,773,1491,484,210,274,258,113,145,0,0,0
09,140,District - Ghaziabad (09),Urban,30-34,249766,126189,123577,19451,13683,5768,226238,111082,115156,3263,1061,2202,451,206,245,363,157,206,0,0,0
09,140,District - Ghaziabad (09),Urban,35-39,235393,121533,113860,9032,6090,2942,220679,113679,107000,4926,1408,3518,430,199,231,326,157,169,0,0,0
09,140,District - Ghaziabad (09),Urban,40-44,187251,100581,86670,5103,3363,1740,175328,95187,80141,6289,1776,4513,306,145,161,225,110,115,0,0,0
09,140,District - Ghaziabad (09),Urban,45-49,150596,81445,69151,3114,2027,1087,139207,77140,62067,7902,2111,5791,219,100,119,154,67,87,0,0,0
09,140,District - Ghaziabad (09),Urban,50-54,110582,60637,49945,2446,1529,917,98797,56576,42221,9093,2419,6674,144,61,83,102,52,50,0,0,0
09,140,District - Ghaziabad (09),Urban,55-59,82946,43594,39352,1885,1151,734,71850,39882,31968,9038,2478,6560,103,54,49,70,29,41,0,0,0
09,140,District - Ghaziabad (09),Urban,60-64,70212,37725,32487,2957,1690,1267,55106,32824,22282,12004,3144,8860,87,43,44,58,24,34,0,0,0
09,140,District - Ghaziabad (09),Urban,65-69,42219,22588,19631,2942,1647,1295,30115,18294,11821,9086,2612,6474,50,23,27,26,12,14,0,0,0
09,140,District - Ghaziabad (09),Urban,70-74,28562,15553,13009,1501,863,638,18343,12038,6305,8675,2633,6042,30,15,15,13,4,9,0,0,0
09,140,District - Ghaziabad (09),Urban,75-79,13786,7351,6435,689,394,295,8173,5224,2949,4896,1724,3172,17,5,12,11,4,7,0,0,0
09,140,District - Ghaziabad (09),Urban,80+,23867,12160,11707,3877,2402,1475,12577,7061,5516,7357,2671,4686,29,14,15,27,12,15,0,0,0
09,140,District - Ghaziabad (09),Urban,Age not stated,71236,38424,32812,40651,24362,16289,28774,13513,15261,1694,495,1199,72,31,41,45,23,22,0,0,0
09,140,District - Ghaziabad (09),Urban,Less than 18,1163656,631290,532366,1137082,621052,516030,25251,9752,15499,940,277,663,299,161,138,84,48,36,0,0,0
09,140,District - Ghaziabad (09),Urban,Less than 21,1377303,748099,629204,1311128,727021,584107,64077,20341,43736,1515,440,1075,453,232,221,130,65,65,0,0,0
09,141,District - Gautam Buddha Nagar (10),Total,All ages,1648115,890214,757901,818994,479242,339752,780761,396542,384219,46155,13390,32765,1436,673,763,769,367,402,0,0,0
09,141,District - Gautam Buddha Nagar (10),Total,0-9,352541,191455,161086,352541,191455,161086,0,0,0,0,0,0,0,0,0,0,0,0,0,0,0
09,141,District - Gautam Buddha Nagar (10),Total,10-14,179980,97983,81997,175582,96328,79254,4176,1555,2621,134,46,88,71,42,29,17,12,5,0,0,0
09,141,District - Gautam Buddha Nagar (10),Total,15-19,169550,93910,75640,148584,88187,60397,20625,5602,15023,227,70,157,92,35,57,22,16,6,0,0,0
09,141,District - Gautam Buddha Nagar (10),Total,20-24,165170,90615,74555,78440,56954,21486,85978,33398,52580,511,156,355,183,77,106,58,30,28,0,0,0
09,141,District - Gautam Buddha Nagar (10),Total,25-29,148407,77966,70441,24245,19224,5021,123017,58300,64717,891,311,580,183,87,96,71,44,27,0,0,0
09,141,District - Gautam Buddha Nagar (10),Total,30-34,127334,66707,60627,6291,4878,1413,119420,61241,58179,1292,424,868,215,104,111,116,60,56,0,0,0
09,141,District - Gautam Buddha Nagar (10),Total,35-39,115586,61732,53854,2677,1958,719,110466,59023,51443,2124,605,1519,192,83,109,127,63,64,0,0,0
09,141,District - Gautam Buddha Nagar (10),Total,40-44,89999,49273,40726,1511,1122,389,85382,47273,38109,2842,768,2074,142,65,77,122,45,77,0,0,0
09,141,District - Gautam Buddha Nagar (10),Total,45-49,70048,38497,31551,955,709,246,65581,36796,28785,3341,918,2423,107,48,59,64,26,38,0,0,0
09,141,District - Gautam Buddha Nagar (10),Total,50-54,50451,28005,22446,754,542,212,45672,26367,19305,3908,1048,2860,69,30,39,48,18,30,0,0,0
09,141,District - Gautam Buddha Nagar (10),Total,55-59,38178,19458,18720,577,385,192,33534,17946,15588,3985,1093,2892,42,19,23,40,15,25,0,0,0
09,141,District - Gautam Buddha Nagar (10),Total,60-64,34691,17872,16819,806,502,304,27839,15773,12066,5983,1566,4417,39,23,16,24,8,16,0,0,0
09,141,District - Gautam Buddha Nagar (10),Total,65-69,23731,11987,11744,883,541,342,17683,10048,7635,5119,1378,3741,29,12,17,17,8,9,0,0,0
09,141,District - Gautam Buddha Nagar (10),Total,70-74,18020,9420,8600,442,290,152,11868,7562,4306,5682,1549,4133,15,11,4,13,8,5,0,0,0
09,141,District - Gautam Buddha Nagar (10),Total,75-79,9449,4829,4620,229,151,78,5850,3555,2295,3362,1119,2243,5,2,3,3,2,1,0,0,0
09,141,District - Gautam Buddha Nagar (10),Total,80+,14342,7206,7136,1334,853,481,7339,4373,2966,5641,1965,3676,20,13,7,8,2,6,0,0,0
09,141,District - Gautam Buddha Nagar (10),Total,Age not stated,40638,23299,17339,23143,15163,7980,16331,7730,8601,1113,374,739,32,22,10,19,10,9,0,0,0
09,141,District - Gautam Buddha Nagar (10),Total,Less than 18,631781,343886,287895,620491,340195,280296,10885,3532,7353,264,86,178,115,55,60,26,18,8,0,0,0
09,141,District - Gautam Buddha Nagar (10),Total,Less than 21,742310,405660,336650,701765,393461,308304,39833,11927,27906,459,144,315,203,95,108,50,33,17,0,0,0
09,141,District - Gautam Buddha Nagar (10),Rural,All ages,673806,359605,314201,351040,204102,146938,298465,147987,150478,23388,7029,16359,652,335,317,261,152,109,0,0,0
09,141,District - Gautam Buddha Nagar (10),Rural,0-9,155148,84887,70261,155148,84887,70261,0,0,0,0,0,0,0,0,0,0,0,0,0,0,0
09,141,District - Gautam Buddha Nagar (10),Rural,10-14,80886,43747,37139,78854,43009,35845,1927,690,1237,64,24,40,32,19,13,9,5,4,0,0,0
09,141,District - Gautam Buddha Nagar (10),Rural,15-19,77702,41971,35731,66330,38825,27505,11191,3084,8107,130,42,88,41,13,28,10,7,3,0,0,0
09,141,District - Gautam Buddha Nagar (10),Rural,20-24,67261,35929,31332,26687,19689,6998,40198,16090,24108,242,86,156,101,44,57,33,20,13,0,0,0
09,141,District - Gautam Buddha Nagar (10),Rural,25-29,51154,26945,24209,5310,4571,739,45267,22126,23141,449,176,273,94,49,45,34,23,11,0,0,0
09,141,District - Gautam Buddha Nagar (10),Rural,30-34,41242,21241,20001,1613,1375,238,38880,19584,19296,611,204,407,94,50,44,44,28,16,0,0,0
09,141,District - Gautam Buddha Nagar (10),Rural,35-39,38772,20119,18653,922,790,132,36717,18954,17763,1021,319,702,79,35,44,33,21,12,0,0,0
09,141,District - Gautam Buddha Nagar (10),Rural,40-44,31953,16878,15075,625,547,78,29874,15893,13981,1377,392,985,56,36,20,21,10,11,0,0,0
09,141,District - Gautam Buddha Nagar (10),Rural,45-49,26615,14060,12555,439,379,60,24451,13146,11305,1663,496,1167,46,27,19,16,12,4,0,0,0
09,141,District - Gautam Buddha Nagar (10),Rural,50-54,20092,10866,9226,377,323,54,17694,9986,7708,1978,538,1440,28,13,15,15,6,9,0,0,0
09,141,District - Gautam Buddha Nagar (10),Rural,55-59,15819,7848,7971,279,225,54,13600,7050,6550,1913,561,1352,17,8,9,10,4,6,0,0,0
09,141,District - Gautam Buddha Nagar (10),Rural,60-64,15195,7848,7347,443,305,138,11811,6728,5083,2913,797,2116,15,10,5,13,8,5,0,0,0
09,141,District - Gautam Buddha Nagar (10),Rural,65-69,10630,5085,5545,486,322,164,7499,4057,3442,2629,699,1930,10,5,5,6,2,4,0,0,0
09,141,District - Gautam Buddha Nagar (10),Rural,70-74,8706,4406,4300,263,186,77,5343,3378,1965,3091,835,2256,6,5,1,3,2,1,0,0,0
09,141,District - Gautam Buddha Nagar (10),Rural,75-79,4405,2157,2248,127,87,40,2671,1523,1148,1602,545,1057,3,1,2,2,1,1,0,0,0
09,141,District - Gautam Buddha Nagar (10),Rural,80+,7188,3592,3596,604,404,200,3506,2080,1426,3065,1102,1963,9,6,3,4,0,4,0,0,0
09,141,District - Gautam Buddha Nagar (10),Rural,Age not stated,21038,12026,9012,12533,8178,4355,7836,3618,4218,640,213,427,21,14,7,8,3,5,0,0,0
09,141,District - Gautam Buddha Nagar (10),Rural,Less than 18,281941,153479,128462,276256,151683,124573,5476,1713,3763,142,50,92,52,24,28,15,9,6,0,0,0
09,141,District - Gautam Buddha Nagar (10),Rural,Less than 21,331467,180046,151421,310289,173635,136654,20818,6271,14547,236,81,155,98,44,54,26,15,11,0,0,0
09,141,District - Gautam Buddha Nagar (10),Urban,All ages,974309,530609,443700,467954,275140,192814,482296,248555,233741,22767,6361,16406,784,338,446,508,215,293,0,0,0
09,141,District - Gautam Buddha Nagar (10),Urban,0-9,197393,106568,90825,197393,106568,90825,0,0,0,0,0,0,0,0,0,0,0,0,0,0,0
09,141,District - Gautam Buddha Nagar (10),Urban,10-14,99094,54236,44858,96728,53319,43409,2249,865,1384,70,22,48,39,23,16,8,7,1,0,0,0
09,141,District - Gautam Buddha Nagar (10),Urban,15-19,91848,51939,39909,82254,49362,32892,9434,2518,6916,97,28,69,51,22,29,12,9,3,0,0,0
09,141,District - Gautam Buddha Nagar (10),Urban,20-24,97909,54686,43223,51753,37265,14488,45780,17308,28472,269,70,199,82,33,49,25,10,15,0,0,0
09,141,District - Gautam Buddha Nagar (10),Urban,25-29,97253,51021,46232,18935,14653,4282,77750,36174,41576,442,135,307,89,38,51,37,21,16,0,0,0
09,141,District - Gautam Buddha Nagar (10),Urban,30-34,86092,45466,40626,4678,3503,1175,80540,41657,38883,681,220,461,121,54,67,72,32,40,0,0,0
09,141,District - Gautam Buddha Nagar (10),Urban,35-39,76814,41613,35201,1755,1168,587,73749,40069,33680,1103,286,817,113,48,65,94,42,52,0,0,0
09,141,District - Gautam Buddha Nagar (10),Urban,40-44,58046,32395,25651,886,575,311,55508,31380,24128,1465,376,1089,86,29,57,101,35,66,0,0,0
09,141,District - Gautam Buddha Nagar (10),Urban,45-49,43433,24437,18996,516,330,186,41130,23650,17480,1678,422,1256,61,21,40,48,14,34,0,0,0
09,141,District - Gautam Buddha Nagar (10),Urban,50-54,30359,17139,13220,377,219,158,27978,16381,11597,1930,510,1420,41,17,24,33,12,21,0,0,0
09,141,District - Gautam Buddha Nagar (10),Urban,55-59,22359,11610,10749,298,160,138,19934,10896,9038,2072,532,1540,25,11,14,30,11,19,0,0,0
09,141,District - Gautam Buddha Nagar (10),Urban,60-64,19496,10024,9472,363,197,166,16028,9045,6983,3070,769,2301,24,13,11,11,0,11,0,0,0
09,141,District - Gautam Buddha Nagar (10),Urban,65-69,13101,6902,6199,397,219,178,10184,5991,4193,2490,679,1811,19,7,12,11,6,5,0,0,0
09,141,District - Gautam Buddha Nagar (10),Urban,70-74,9314,5014,4300,179,104,75,6525,4184,2341,2591,714,1877,9,6,3,10,6,4,0,0,0
09,141,District - Gautam Buddha Nagar (10),Urban,75-79,5044,2672,2372,102,64,38,3179,2032,1147,1760,574,1186,2,1,1,1,1,0,0,0,0
09,141,District - Gautam Buddha Nagar (10),Urban,80+,7154,3614,3540,730,449,281,3833,2293,1540,2576,863,1713,11,7,4,4,2,2,0,0,0
09,141,District - Gautam Buddha Nagar (10),Urban,Age not stated,19600,11273,8327,10610,6985,3625,8495,4112,4383,473,161,312,11,8,3,11,7,4,0,0,0
09,141,District - Gautam Buddha Nagar (10),Urban,Less than 18,349840,190407,159433,344235,188512,155723,5409,1819,3590,122,36,86,63,31,32,11,9,2,0,0,0
09,141,District - Gautam Buddha Nagar (10),Urban,Less than 21,410843,225614,185229,391476,219826,171650,19015,5656,13359,223,63,160,105,51,54,24,18,6,0,0,0
09,142,District - Bulandshahr  (11),Total,All ages,3499171,1845260,1653911,1863295,1068592,794703,1489117,733156,755961,140267,40338,99929,4669,2284,2385,1823,890,933,0,0,0
09,142,District - Bulandshahr  (11),Total,0-9,790566,426713,363853,790566,426713,363853,0,0,0,0,0,0,0,0,0,0,0,0,0,0,0
09,142,District - Bulandshahr  (11),Total,10-14,445650,239722,205928,438654,237229,201425,6560,2325,4235,236,78,158,170,74,96,30,16,14,0,0,0
09,142,District - Bulandshahr  (11),Total,15-19,415829,225525,190304,381591,217654,163937,33480,7601,25879,507,175,332,209,82,127,42,13,29,0,0,0
09,142,District - Bulandshahr  (11),Total,20-24,337996,183643,154353,169651,122240,47411,166482,60722,105760,1117,403,714,561,201,360,185,77,108,0,0,0
09,142,District - Bulandshahr  (11),Total,25-29,256213,134535,121678,38497,32010,6487,214657,101201,113456,2052,824,1228,702,335,367,305,165,140,0,0,0
09,142,District - Bulandshahr  (11),Total,30-34,219835,110714,109121,10523,9001,1522,205193,100038,105155,3107,1165,1942,716,355,361,296,155,141,0,0,0
09,142,District - Bulandshahr  (11),Total,35-39,209700,107099,102601,4524,3899,625,198889,100951,97938,5352,1754,3598,644,344,300,291,151,140,0,0,0
09,142,District - Bulandshahr  (11),Total,40-44,177821,93234,84587,2819,2418,401,166505,88033,78472,7740,2391,5349,523,280,243,234,112,122,0,0,0
09,142,District - Bulandshahr  (11),Total,45-49,146593,75153,71440,1718,1447,271,134819,70716,64103,9582,2734,6848,340,185,155,134,71,63,0,0,0
09,142,District - Bulandshahr  (11),Total,50-54,117701,62321,55380,1413,1177,236,103291,57550,45741,12654,3419,9235,254,136,118,89,39,50,0,0,0
09,142,District - Bulandshahr  (11),Total,55-59,95500,45494,50006,1046,800,246,81548,41190,40358,12679,3393,9286,168,80,88,59,31,28,0,0,0
09,142,District - Bulandshahr  (11),Total,60-64,93437,47023,46414,1737,1198,539,69723,40324,29399,21765,5390,16375,154,83,71,58,28,30,0,0,0
09,142,District - Bulandshahr  (11),Total,65-69,61857,29238,32619,1864,1179,685,42974,23507,19467,16904,4490,12414,90,52,38,25,10,15,0,0,0
09,142,District - Bulandshahr  (11),Total,70-74,49339,24690,24649,985,717,268,28486,18499,9987,19791,5436,14355,56,29,27,21,9,12,0,0,0
09,142,District - Bulandshahr  (11),Total,75-79,22302,10561,11741,485,318,167,12330,7179,5151,9451,3048,6403,18,12,6,18,4,14,0,0,0
09,142,District - Bulandshahr  (11),Total,80+,32672,15526,17146,2445,1580,865,13831,8566,5265,16348,5355,10993,33,21,12,15,4,11,0,0,0
09,142,District - Bulandshahr  (11),Total,Age not stated,26160,14069,12091,14777,9012,5765,10349,4754,5595,982,283,699,31,15,16,21,5,16,0,0,0
09,142,District - Bulandshahr  (11),Total,Less than 18,1485612,800020,685592,1468165,794588,673577,16562,5108,11454,560,182,378,276,117,159,49,25,24,0,0,0
09,142,District - Bulandshahr  (11),Total,Less than 21,1752337,947006,805331,1678067,927435,750632,72605,18987,53618,1049,338,711,502,205,297,114,41,73,0,0,0
09,142,District - Bulandshahr  (11),Rural,All ages,2631742,1390490,1241252,1398200,805269,592931,1119022,550485,568537,109619,32193,77426,3574,1843,1731,1327,700,627,0,0,0
09,142,District - Bulandshahr  (11),Rural,0-9,606548,327881,278667,606548,327881,278667,0,0,0,0,0,0,0,0,0,0,0,0,0,0,0
09,142,District - Bulandshahr  (11),Rural,10-14,340945,183490,157455,335914,181715,154199,4716,1651,3065,176,61,115,117,51,66,22,12,10,0,0,0
09,142,District - Bulandshahr  (11),Rural,15-19,311861,170265,141596,284878,164158,120720,26408,5908,20500,395,132,263,149,57,92,31,10,21,0,0,0
09,142,District - Bulandshahr  (11),Rural,20-24,248786,136284,112502,116860,87355,29505,130520,48404,82116,830,305,525,424,154,270,152,66,86,0,0,0
09,142,District - Bulandshahr  (11),Rural,25-29,188268,99344,88924,24415,21271,3144,161491,77003,84488,1596,655,941,547,280,267,219,135,84,0,0,0
09,142,District - Bulandshahr  (11),Rural,30-34,162986,82335,80651,7207,6412,795,152654,74576,78078,2373,934,1439,542,293,249,210,120,90,0,0,0
09,142,District - Bulandshahr  (11),Rural,35-39,155001,79460,75541,3298,2945,353,146895,74681,72214,4109,1428,2681,496,291,205,203,115,88,0,0,0
09,142,District - Bulandshahr  (11),Rural,40-44,130970,68872,62098,2121,1902,219,122439,64757,57682,5839,1909,3930,405,219,186,166,85,81,0,0,0
09,142,District - Bulandshahr  (11),Rural,45-49,107443,55001,52442,1323,1160,163,98585,51449,47136,7172,2187,4985,264,151,113,99,54,45,0,0,0
09,142,District - Bulandshahr  (11),Rural,50-54,87302,46097,41205,1102,963,139,76292,42255,34037,9643,2737,6906,197,108,89,68,34,34,0,0,0
09,142,District - Bulandshahr  (11),Rural,55-59,71999,33769,38230,808,648,160,61407,30386,31021,9606,2646,6960,136,66,70,42,23,19,0,0,0
09,142,District - Bulandshahr  (11),Rural,60-64,72822,36370,36452,1262,916,346,54189,31057,23132,17209,4309,12900,119,68,51,43,20,23,0,0,0
09,142,District - Bulandshahr  (11),Rural,65-69,49075,23016,26059,1249,840,409,34193,18505,15688,13538,3618,9920,75,44,31,20,9,11,0,0,0
09,142,District - Bulandshahr  (11),Rural,70-74,39238,19642,19596,710,563,147,22696,14755,7941,15769,4293,11476,46,23,23,17,8,9,0,0,0
09,142,District - Bulandshahr  (11),Rural,75-79,17750,8336,9414,352,238,114,9813,5648,4165,7559,2435,5124,16,12,4,10,3,7,0,0,0
09,142,District - Bulandshahr  (11),Rural,80+,25709,12202,13507,1661,1085,576,10826,6741,4085,13185,4356,8829,26,17,9,11,3,8,0,0,0
09,142,District - Bulandshahr  (11),Rural,Age not stated,15039,8126,6913,8492,5217,3275,5898,2709,3189,620,188,432,15,9,6,14,3,11,0,0,0
09,142,District - Bulandshahr  (11),Rural,Less than 18,1135813,612922,522891,1122992,609002,513990,12168,3684,8484,430,138,292,187,79,108,36,19,17,0,0,0
09,142,District - Bulandshahr  (11),Rural,Less than 21,1334756,723461,611295,1276344,708099,568245,57172,14922,42250,794,260,534,357,147,210,89,33,56,0,0,0
09,142,District - Bulandshahr  (11),Urban,All ages,867429,454770,412659,465095,263323,201772,370095,182671,187424,30648,8145,22503,1095,441,654,496,190,306,0,0,0
09,142,District - Bulandshahr  (11),Urban,0-9,184018,98832,85186,184018,98832,85186,0,0,0,0,0,0,0,0,0,0,0,0,0,0,0
09,142,District - Bulandshahr  (11),Urban,10-14,104705,56232,48473,102740,55514,47226,1844,674,1170,60,17,43,53,23,30,8,4,4,0,0,0
09,142,District - Bulandshahr  (11),Urban,15-19,103968,55260,48708,96713,53496,43217,7072,1693,5379,112,43,69,60,25,35,11,3,8,0,0,0
09,142,District - Bulandshahr  (11),Urban,20-24,89210,47359,41851,52791,34885,17906,35962,12318,23644,287,98,189,137,47,90,33,11,22,0,0,0
09,142,District - Bulandshahr  (11),Urban,25-29,67945,35191,32754,14082,10739,3343,53166,24198,28968,456,169,287,155,55,100,86,30,56,0,0,0
09,142,District - Bulandshahr  (11),Urban,30-34,56849,28379,28470,3316,2589,727,52539,25462,27077,734,231,503,174,62,112,86,35,51,0,0,0
09,142,District - Bulandshahr  (11),Urban,35-39,54699,27639,27060,1226,954,272,51994,26270,25724,1243,326,917,148,53,95,88,36,52,0,0,0
09,142,District - Bulandshahr  (11),Urban,40-44,46851,24362,22489,698,516,182,44066,23276,20790,1901,482,1419,118,61,57,68,27,41,0,0,0
09,142,District - Bulandshahr  (11),Urban,45-49,39150,20152,18998,395,287,108,36234,19267,16967,2410,547,1863,76,34,42,35,17,18,0,0,0
09,142,District - Bulandshahr  (11),Urban,50-54,30399,16224,14175,311,214,97,26999,15295,11704,3011,682,2329,57,28,29,21,5,16,0,0,0
09,142,District - Bulandshahr  (11),Urban,55-59,23501,11725,11776,238,152,86,20141,10804,9337,3073,747,2326,32,14,18,17,8,9,0,0,0
09,142,District - Bulandshahr  (11),Urban,60-64,20615,10653,9962,475,282,193,15534,9267,6267,4556,1081,3475,35,15,20,15,8,7,0,0,0
09,142,District - Bulandshahr  (11),Urban,65-69,12782,6222,6560,615,339,276,8781,5002,3779,3366,872,2494,15,8,7,5,1,4,0,0,0
09,142,District - Bulandshahr  (11),Urban,70-74,10101,5048,5053,275,154,121,5790,3744,2046,4022,1143,2879,10,6,4,4,1,3,0,0,0
09,142,District - Bulandshahr  (11),Urban,75-79,4552,2225,2327,133,80,53,2517,1531,986,1892,613,1279,2,0,2,8,1,7,0,0,0
09,142,District - Bulandshahr  (11),Urban,80+,6963,3324,3639,784,495,289,3005,1825,1180,3163,999,2164,7,4,3,4,1,3,0,0,0
09,142,District - Bulandshahr  (11),Urban,Age not stated,11121,5943,5178,6285,3795,2490,4451,2045,2406,362,95,267,16,6,10,7,2,5,0,0,0
09,142,District - Bulandshahr  (11),Urban,Less than 18,349799,187098,162701,345173,185586,159587,4394,1424,2970,130,44,86,89,38,51,13,6,7,0,0,0
09,142,District - Bulandshahr  (11),Urban,Less than 21,417581,223545,194036,401723,219336,182387,15433,4065,11368,255,78,177,145,58,87,25,8,17,0,0,0
09,143,District - Aligarh (12),Total,All ages,3673889,1951996,1721893,1972116,1136315,835801,1554481,768343,786138,141544,44419,97125,4147,2195,1952,1601,724,877,0,0,0
09,143,District - Aligarh (12),Total,0-9,837047,446969,390078,837047,446969,390078,0,0,0,0,0,0,0,0,0,0,0,0,0,0,0
09,143,District - Aligarh (12),Total,10-14,477701,257258,220443,467383,253363,214020,9645,3573,6072,336,144,192,305,162,143,32,16,16,0,0,0
09,143,District - Aligarh (12),Total,15-19,440738,243605,197133,392334,231142,161192,47298,12005,35293,740,264,476,320,167,153,46,27,19,0,0,0
09,143,District - Aligarh (12),Total,20-24,351936,194317,157619,170107,124374,45733,179532,68930,110602,1557,644,913,546,270,276,194,99,95,0,0,0
09,143,District - Aligarh (12),Total,25-29,270867,142765,128102,45414,36899,8515,222025,104294,117731,2637,1163,1474,545,286,259,246,123,123,0,0,0
09,143,District - Aligarh (12),Total,30-34,230162,117030,113132,14075,11719,2356,211243,103247,107996,4058,1650,2408,553,304,249,233,110,123,0,0,0
09,143,District - Aligarh (12),Total,35-39,221953,114234,107719,6688,5653,1035,208158,105762,102396,6362,2436,3926,500,272,228,245,111,134,0,0,0
09,143,District - Aligarh (12),Total,40-44,184331,98247,86084,4113,3489,624,170909,91385,79524,8718,3065,5653,395,217,178,196,91,105,0,0,0
09,143,District - Aligarh (12),Total,45-49,150962,78774,72188,2516,2098,418,137842,73210,64632,10197,3267,6930,293,161,132,114,38,76,0,0,0
09,143,District - Aligarh (12),Total,50-54,119703,64562,55141,1981,1630,351,104282,58736,45546,13101,4029,9072,253,130,123,86,37,49,0,0,0
09,143,District - Aligarh (12),Total,55-59,95569,46667,48902,1491,1133,358,81366,41791,39575,12529,3667,8862,126,54,72,57,22,35,0,0,0
09,143,District - Aligarh (12),Total,60-64,92349,47245,45104,2078,1433,645,69369,40193,29176,20727,5535,15192,118,68,50,57,16,41,0,0,0
09,143,District - Aligarh (12),Total,65-69,60706,29595,31111,1972,1249,723,42430,23718,18712,16210,4582,11628,65,36,29,29,10,19,0,0,0
09,143,District - Aligarh (12),Total,70-74,48129,24471,23658,1250,852,398,28169,18198,9971,18643,5398,13245,42,18,24,25,5,20,0,0,0
09,143,District - Aligarh (12),Total,75-79,22348,10865,11483,706,445,261,12754,7456,5298,8855,2946,5909,19,11,8,14,7,7,0,0,0
09,143,District - Aligarh (12),Total,80+,33863,16525,17338,3215,2078,1137,14975,9189,5786,15630,5238,10392,27,13,14,16,7,9,0,0,0
09,143,District - Aligarh (12),Total,Age not stated,35525,18867,16658,19746,11789,7957,14484,6656,7828,1244,391,853,40,26,14,11,5,6,0,0,0
09,143,District - Aligarh (12),Total,Less than 18,1578924,848499,730425,1553015,840030,712985,24599,7892,16707,782,298,484,472,248,224,56,31,25,0,0,0
09,143,District - Aligarh (12),Total,Less than 21,1860104,1006199,853905,1761936,977371,784565,95836,27834,68002,1454,542,912,760,393,367,118,59,59,0,0,0
09,143,District - Aligarh (12),Rural,All ages,2456698,1308923,1147775,1316122,761687,554435,1038323,512963,525360,98641,32255,66386,2743,1581,1162,869,437,432,0,0,0
09,143,District - Aligarh (12),Rural,0-9,585182,312725,272457,585182,312725,272457,0,0,0,0,0,0,0,0,0,0,0,0,0,0,0
09,143,District - Aligarh (12),Rural,10-14,330812,178683,152129,324072,176177,147895,6281,2290,3991,222,91,131,221,116,105,16,9,7,0,0,0
09,143,District - Aligarh (12),Rural,15-19,291865,162653,129212,256293,153456,102837,34833,8885,25948,508,186,322,204,107,97,27,19,8,0,0,0
09,143,District - Aligarh (12),Rural,20-24,223236,124026,99210,92879,72395,20484,128816,50926,77890,1073,458,615,356,184,172,112,63,49,0,0,0
09,143,District - Aligarh (12),Rural,25-29,172609,91774,80835,21532,19105,2427,148757,71511,77246,1821,861,960,357,215,142,142,82,60,0,0,0
09,143,District - Aligarh (12),Rural,30-34,149494,76015,73479,7400,6644,756,138862,67900,70962,2752,1177,1575,356,226,130,124,68,56,0,0,0
09,143,District - Aligarh (12),Rural,35-39,144664,75008,69656,4187,3782,405,135733,69207,66526,4296,1769,2527,323,191,132,125,59,66,0,0,0
09,143,District - Aligarh (12),Rural,40-44,119522,64193,55329,2796,2531,265,110553,59216,51337,5809,2237,3572,268,161,107,96,48,48,0,0,0
09,143,District - Aligarh (12),Rural,45-49,96795,50440,46355,1749,1569,180,88238,46417,41821,6564,2318,4246,182,113,69,62,23,39,0,0,0
09,143,District - Aligarh (12),Rural,50-54,77530,42106,35424,1377,1232,145,67354,37882,29472,8585,2877,5708,169,95,74,45,20,25,0,0,0
09,143,District - Aligarh (12),Rural,55-59,62449,30148,32301,1046,883,163,53125,26632,26493,8159,2577,5582,89,41,48,30,15,15,0,0,0
09,143,District - Aligarh (12),Rural,60-64,63201,32036,31165,1490,1114,376,47126,26910,20216,14461,3944,10517,89,58,31,35,10,25,0,0,0
09,143,District - Aligarh (12),Rural,65-69,43084,20565,22519,1360,912,448,29980,16258,13722,11680,3360,8320,44,28,16,20,7,13,0,0,0
09,143,District - Aligarh (12),Rural,70-74,35124,17832,17292,903,659,244,20336,13145,7191,13842,4013,9829,30,13,17,13,2,11,0,0,0
09,143,District - Aligarh (12),Rural,75-79,16188,7760,8428,475,333,142,9277,5274,4003,6415,2144,4271,12,5,7,9,4,5,0,0,0
09,143,District - Aligarh (12),Rural,80+,24180,11868,12312,1904,1256,648,10557,6593,3964,11690,4003,7687,20,11,9,9,5,4,0,0,0
09,143,District - Aligarh (12),Rural,Age not stated,20763,11091,9672,11477,6914,4563,8495,3917,4578,764,240,524,23,17,6,4,3,1,0,0,0
09,143,District - Aligarh (12),Rural,Less than 18,1093116,588953,504163,1075603,583298,492305,16627,5260,11367,525,203,322,331,173,158,30,19,11,0,0,0
09,143,District - Aligarh (12),Rural,Less than 21,1276464,692733,583731,1204888,671517,533371,69994,20527,49467,998,379,619,520,271,249,64,39,25,0,0,0
09,143,District - Aligarh (12),Urban,All ages,1217191,643073,574118,655994,374628,281366,516158,255380,260778,42903,12164,30739,1404,614,790,732,287,445,0,0,0
09,143,District - Aligarh (12),Urban,0-9,251865,134244,117621,251865,134244,117621,0,0,0,0,0,0,0,0,0,0,0,0,0,0,0
09,143,District - Aligarh (12),Urban,10-14,146889,78575,68314,143311,77186,66125,3364,1283,2081,114,53,61,84,46,38,16,7,9,0,0,0
09,143,District - Aligarh (12),Urban,15-19,148873,80952,67921,136041,77686,58355,12465,3120,9345,232,78,154,116,60,56,19,8,11,0,0,0
09,143,District - Aligarh (12),Urban,20-24,128700,70291,58409,77228,51979,25249,50716,18004,32712,484,186,298,190,86,104,82,36,46,0,0,0
09,143,District - Aligarh (12),Urban,25-29,98258,50991,47267,23882,17794,6088,73268,32783,40485,816,302,514,188,71,117,104,41,63,0,0,0
09,143,District - Aligarh (12),Urban,30-34,80668,41015,39653,6675,5075,1600,72381,35347,37034,1306,473,833,197,78,119,109,42,67,0,0,0
09,143,District - Aligarh (12),Urban,35-39,77289,39226,38063,2501,1871,630,72425,36555,35870,2066,667,1399,177,81,96,120,52,68,0,0,0
09,143,District - Aligarh (12),Urban,40-44,64809,34054,30755,1317,958,359,60356,32169,28187,2909,828,2081,127,56,71,100,43,57,0,0,0
09,143,District - Aligarh (12),Urban,45-49,54167,28334,25833,767,529,238,49604,26793,22811,3633,949,2684,111,48,63,52,15,37,0,0,0
09,143,District - Aligarh (12),Urban,50-54,42173,22456,19717,604,398,206,36928,20854,16074,4516,1152,3364,84,35,49,41,17,24,0,0,0
09,143,District - Aligarh (12),Urban,55-59,33120,16519,16601,445,250,195,28241,15159,13082,4370,1090,3280,37,13,24,27,7,20,0,0,0
09,143,District - Aligarh (12),Urban,60-64,29148,15209,13939,588,319,269,22243,13283,8960,6266,1591,4675,29,10,19,22,6,16,0,0,0
09,143,District - Aligarh (12),Urban,65-69,17622,9030,8592,612,337,275,12450,7460,4990,4530,1222,3308,21,8,13,9,3,6,0,0,0
09,143,District - Aligarh (12),Urban,70-74,13005,6639,6366,347,193,154,7833,5053,2780,4801,1385,3416,12,5,7,12,3,9,0,0,0
09,143,District - Aligarh (12),Urban,75-79,6160,3105,3055,231,112,119,3477,2182,1295,2440,802,1638,7,6,1,5,3,2,0,0,0
09,143,District - Aligarh (12),Urban,80+,9683,4657,5026,1311,822,489,4418,2596,1822,3940,1235,2705,7,2,5,7,2,5,0,0,0
09,143,District - Aligarh (12),Urban,Age not stated,14762,7776,6986,8269,4875,3394,5989,2739,3250,480,151,329,17,9,8,7,2,5,0,0,0
09,143,District - Aligarh (12),Urban,Less than 18,485808,259546,226262,477412,256732,220680,7972,2632,5340,257,95,162,141,75,66,26,12,14,0,0,0
09,143,District - Aligarh (12),Urban,Less than 21,583640,313466,270174,557048,305854,251194,25842,7307,18535,456,163,293,240,122,118,54,20,34,0,0,0
09,144,District - Mahamaya Nagar (13),Total,All ages,1564708,836127,728581,833306,483722,349584,665328,330178,335150,63866,21033,42833,1653,916,737,555,278,277,0,0,0
09,144,District - Mahamaya Nagar (13),Total,0-9,359853,193321,166532,359853,193321,166532,0,0,0,0,0,0,0,0,0,0,0,0,0,0,0
09,144,District - Mahamaya Nagar (13),Total,10-14,206514,111687,94827,203360,110492,92868,2945,1100,1845,98,40,58,101,49,52,10,6,4,0,0,0
09,144,District - Mahamaya Nagar (13),Total,15-19,186229,103845,82384,166693,98987,67706,19188,4698,14490,223,88,135,112,66,46,13,6,7,0,0,0
09,144,District - Mahamaya Nagar (13),Total,20-24,145453,80483,64970,66717,49841,16876,77920,30275,47645,542,237,305,202,98,104,72,32,40,0,0,0
09,144,District - Mahamaya Nagar (13),Total,25-29,113108,60188,52920,16811,14383,2428,94941,45135,49806,1027,485,542,241,139,102,88,46,42,0,0,0
09,144,District - Mahamaya Nagar (13),Total,30-34,98193,50151,48042,5698,5111,587,90513,44090,46423,1673,770,903,223,127,96,86,53,33,0,0,0
09,144,District - Mahamaya Nagar (13),Total,35-39,95734,49463,46271,3083,2848,235,89512,45246,44266,2850,1194,1656,204,130,74,85,45,40,0,0,0
09,144,District - Mahamaya Nagar (13),Total,40-44,79954,43349,36605,2100,1930,170,73685,39676,34009,3949,1614,2335,161,98,63,59,31,28,0,0,0
09,144,District - Mahamaya Nagar (13),Total,45-49,65256,34024,31232,1347,1257,90,59259,31139,28120,4487,1541,2946,125,70,55,38,17,21,0,0,0
09,144,District - Mahamaya Nagar (13),Total,50-54,52549,28849,23700,1002,920,82,45594,25931,19663,5836,1942,3894,82,44,38,35,12,23,0,0,0
09,144,District - Mahamaya Nagar (13),Total,55-59,41813,20225,21588,704,613,91,35624,17860,17764,5390,1704,3686,67,38,29,28,10,18,0,0,0
09,144,District - Mahamaya Nagar (13),Total,60-64,41877,21658,20219,929,737,192,31215,18246,12969,9660,2636,7024,56,30,26,17,9,8,0,0,0
09,144,District - Mahamaya Nagar (13),Total,65-69,27128,13161,13967,779,537,242,18945,10440,8505,7371,2173,5198,25,7,18,8,4,4,0,0,0
09,144,District - Mahamaya Nagar (13),Total,70-74,22601,11551,11050,537,420,117,12914,8456,4458,9121,2667,6454,24,6,18,5,2,3,0,0,0
09,144,District - Mahamaya Nagar (13),Total,75-79,10097,4917,5180,304,214,90,5522,3268,2254,4255,1426,2829,11,7,4,5,2,3,0,0,0
09,144,District - Mahamaya Nagar (13),Total,80+,14018,6909,7109,1066,685,381,5714,3761,1953,7219,2455,4764,14,6,8,5,2,3,0,0,0
09,144,District - Mahamaya Nagar (13),Total,Age not stated,4331,2346,1985,2323,1426,897,1837,857,980,165,61,104,5,1,4,1,1,0,0,0,0
09,144,District - Mahamaya Nagar (13),Total,Less than 18,678319,366636,311683,669824,363885,305939,8089,2564,5525,225,89,136,166,90,76,15,8,7,0,0,0
09,144,District - Mahamaya Nagar (13),Total,Less than 21,797458,434150,363308,757267,422484,334783,39425,11327,28098,477,191,286,252,129,123,37,19,18,0,0,0
09,144,District - Mahamaya Nagar (13),Rural,All ages,1232015,659814,572201,657836,382729,275107,521781,259009,262772,50689,17105,33584,1297,750,547,412,221,191,0,0,0
09,144,District - Mahamaya Nagar (13),Rural,0-9,289965,155786,134179,289965,155786,134179,0,0,0,0,0,0,0,0,0,0,0,0,0,0,0
09,144,District - Mahamaya Nagar (13),Rural,10-14,166191,89902,76289,163724,88970,74754,2309,857,1452,78,34,44,72,36,36,8,5,3,0,0,0
09,144,District - Mahamaya Nagar (13),Rural,15-19,146752,82237,64515,130443,78149,52294,16032,3962,12070,178,71,107,89,52,37,10,3,7,0,0,0
09,144,District - Mahamaya Nagar (13),Rural,20-24,112128,62497,49631,47587,36939,10648,63878,25244,38634,455,205,250,153,82,71,55,27,28,0,0,0
09,144,District - Mahamaya Nagar (13),Rural,25-29,87050,46562,40488,11307,10036,1271,74672,35980,38692,815,396,419,189,112,77,67,38,29,0,0,0
09,144,District - Mahamaya Nagar (13),Rural,30-34,76164,38950,37214,4177,3844,333,70427,34327,36100,1314,632,682,180,104,76,66,43,23,0,0,0
09,144,District - Mahamaya Nagar (13),Rural,35-39,74358,38539,35819,2414,2266,148,69483,35137,34346,2241,995,1246,162,109,53,58,32,26,0,0,0
09,144,District - Mahamaya Nagar (13),Rural,40-44,61654,33632,28022,1711,1605,106,56712,30587,26125,3069,1336,1733,122,80,42,40,24,16,0,0,0
09,144,District - Mahamaya Nagar (13),Rural,45-49,49978,26126,23852,1126,1067,59,45317,23748,21569,3415,1244,2171,94,55,39,26,12,14,0,0,0
09,144,District - Mahamaya Nagar (13),Rural,50-54,40287,22227,18060,820,772,48,34888,19848,15040,4484,1561,2923,69,37,32,26,9,17,0,0,0
09,144,District - Mahamaya Nagar (13),Rural,55-59,32366,15592,16774,573,515,58,27593,13687,13906,4123,1348,2775,54,32,22,23,10,13,0,0,0
09,144,District - Mahamaya Nagar (13),Rural,60-64,33116,17056,16060,786,642,144,24615,14267,10348,7652,2112,5540,49,26,23,14,9,5,0,0,0
09,144,District - Mahamaya Nagar (13),Rural,65-69,21894,10509,11385,627,444,183,15335,8327,7008,5905,1728,4177,19,6,13,8,4,4,0,0,0
09,144,District - Mahamaya Nagar (13),Rural,70-74,18581,9501,9080,459,367,92,10621,6923,3698,7478,2204,5274,20,6,14,3,1,2,0,0,0
09,144,District - Mahamaya Nagar (13),Rural,75-79,8271,4026,4245,245,180,65,4561,2670,1891,3453,1167,2286,9,7,2,3,2,1,0,0,0
09,144,District - Mahamaya Nagar (13),Rural,80+,11449,5682,5767,824,536,288,4666,3108,1558,5942,2031,3911,12,5,7,5,2,3,0,0,0
09,144,District - Mahamaya Nagar (13),Rural,Age not stated,1811,990,821,1048,611,437,672,337,335,87,41,46,4,1,3,0,0,0,0,0,0
09,144,District - Mahamaya Nagar (13),Rural,Less than 18,544877,294767,250110,538070,292572,245498,6487,2045,4442,182,75,107,125,68,57,13,7,6,0,0,0
09,144,District - Mahamaya Nagar (13),Rural,Less than 21,638145,347923,290222,604779,338161,266618,32763,9491,23272,384,157,227,190,100,90,29,14,15,0,0,0
09,144,District - Mahamaya Nagar (13),Urban,All ages,332693,176313,156380,175470,100993,74477,143547,71169,72378,13177,3928,9249,356,166,190,143,57,86,0,0,0
09,144,District - Mahamaya Nagar (13),Urban,0-9,69888,37535,32353,69888,37535,32353,0,0,0,0,0,0,0,0,0,0,0,0,0,0,0
09,144,District - Mahamaya Nagar (13),Urban,10-14,40323,21785,18538,39636,21522,18114,636,243,393,20,6,14,29,13,16,2,1,1,0,0,0
09,144,District - Mahamaya Nagar (13),Urban,15-19,39477,21608,17869,36250,20838,15412,3156,736,2420,45,17,28,23,14,9,3,3,0,0,0,0
09,144,District - Mahamaya Nagar (13),Urban,20-24,33325,17986,15339,19130,12902,6228,14042,5031,9011,87,32,55,49,16,33,17,5,12,0,0,0
09,144,District - Mahamaya Nagar (13),Urban,25-29,26058,13626,12432,5504,4347,1157,20269,9155,11114,212,89,123,52,27,25,21,8,13,0,0,0
09,144,District - Mahamaya Nagar (13),Urban,30-34,22029,11201,10828,1521,1267,254,20086,9763,10323,359,138,221,43,23,20,20,10,10,0,0,0
09,144,District - Mahamaya Nagar (13),Urban,35-39,21376,10924,10452,669,582,87,20029,10109,9920,609,199,410,42,21,21,27,13,14,0,0,0
09,144,District - Mahamaya Nagar (13),Urban,40-44,18300,9717,8583,389,325,64,16973,9089,7884,880,278,602,39,18,21,19,7,12,0,0,0
09,144,District - Mahamaya Nagar (13),Urban,45-49,15278,7898,7380,221,190,31,13942,7391,6551,1072,297,775,31,15,16,12,5,7,0,0,0
09,144,District - Mahamaya Nagar (13),Urban,50-54,12262,6622,5640,182,148,34,10706,6083,4623,1352,381,971,13,7,6,9,3,6,0,0,0
09,144,District - Mahamaya Nagar (13),Urban,55-59,9447,4633,4814,131,98,33,8031,4173,3858,1267,356,911,13,6,7,5,0,5,0,0,0
09,144,District - Mahamaya Nagar (13),Urban,60-64,8761,4602,4159,143,95,48,6600,3979,2621,2008,524,1484,7,4,3,3,0,3,0,0,0
09,144,District - Mahamaya Nagar (13),Urban,65-69,5234,2652,2582,152,93,59,3610,2113,1497,1466,445,1021,6,1,5,0,0,0,0,0,0
09,144,District - Mahamaya Nagar (13),Urban,70-74,4020,2050,1970,78,53,25,2293,1533,760,1643,463,1180,4,0,4,2,1,1,0,0,0
09,144,District - Mahamaya Nagar (13),Urban,75-79,1826,891,935,59,34,25,961,598,363,802,259,543,2,0,2,2,0,2,0,0,0
09,144,District - Mahamaya Nagar (13),Urban,80+,2569,1227,1342,242,149,93,1048,653,395,1277,424,853,2,1,1,0,0,0,0,0,0
09,144,District - Mahamaya Nagar (13),Urban,Age not stated,2520,1356,1164,1275,815,460,1165,520,645,78,20,58,1,0,1,1,1,0,0,0,0
09,144,District - Mahamaya Nagar (13),Urban,Less than 18,133442,71869,61573,131754,71313,60441,1602,519,1083,43,14,29,41,22,19,2,1,1,0,0,0
09,144,District - Mahamaya Nagar (13),Urban,Less than 21,159313,86227,73086,152488,84323,68165,6662,1836,4826,93,34,59,62,29,33,8,5,3,0,0,0
09,145,District - Mathura (14),Total,All ages,2547184,1367125,1180059,1341093,782906,558187,1109059,550850,558209,93394,31482,61912,2584,1370,1214,1054,517,537,0,0,0
09,145,District - Mathura (14),Total,0-9,584740,313513,271227,584740,313513,271227,0,0,0,0,0,0,0,0,0,0,0,0,0,0,0
09,145,District - Mathura (14),Total,10-14,323302,175600,147702,315964,172879,143085,6975,2547,4428,250,118,132,91,48,43,22,8,14,0,0,0
09,145,District - Mathura (14),Total,15-19,287026,161202,125824,243669,149058,94611,42720,11871,30849,470,188,282,137,68,69,30,17,13,0,0,0
09,145,District - Mathura (14),Total,20-24,229509,127354,102155,95866,73298,22568,132102,53385,78717,1136,486,650,300,137,163,105,48,57,0,0,0
09,145,District - Mathura (14),Total,25-29,176109,93081,83028,24238,20652,3586,149604,71432,78172,1770,746,1024,341,174,167,156,77,79,0,0,0
09,145,District - Mathura (14),Total,30-34,152018,77783,74235,8419,7372,1047,140511,69111,71400,2586,1025,1561,333,184,149,169,91,78,0,0,0
09,145,District - Mathura (14),Total,35-39,151854,78864,72990,4946,4358,588,142021,72605,69416,4400,1623,2777,323,189,134,164,89,75,0,0,0
09,145,District - Mathura (14),Total,40-44,126474,68040,58434,3512,3146,366,116931,62593,54338,5632,2081,3551,285,155,130,114,65,49,0,0,0
09,145,District - Mathura (14),Total,45-49,105392,56200,49192,2543,2265,278,96028,51484,44544,6554,2327,4227,187,90,97,80,34,46,0,0,0
09,145,District - Mathura (14),Total,50-54,82623,45172,37451,2205,1921,284,72262,40426,31836,7928,2709,5219,170,92,78,58,24,34,0,0,0
09,145,District - Mathura (14),Total,55-59,66685,34162,32523,1682,1396,286,57031,30102,26929,7847,2602,5245,83,42,41,42,20,22,0,0,0
09,145,District - Mathura (14),Total,60-64,63730,33356,30374,2313,1730,583,48162,27716,20446,13126,3843,9283,99,55,44,30,12,18,0,0,0
09,145,District - Mathura (14),Total,65-69,42040,21130,20910,1951,1428,523,29336,16429,12907,10676,3234,7442,61,36,25,16,3,13,0,0,0
09,145,District - Mathura (14),Total,70-74,33313,17449,15864,1364,1030,334,19953,12691,7262,11946,3705,8241,35,18,17,15,5,10,0,0,0
09,145,District - Mathura (14),Total,75-79,16255,8355,7900,798,592,206,9066,5472,3594,6370,2278,4092,16,10,6,5,3,2,0,0,0
09,145,District - Mathura (14),Total,80+,23208,12072,11136,2664,1860,804,10727,6624,4103,9769,3559,6210,37,25,12,11,4,7,0,0,0
09,145,District - Mathura (14),Total,Age not stated,82906,43792,39114,44219,26408,17811,35630,16362,19268,2934,958,1976,86,47,39,37,17,20,0,0,0
09,145,District - Mathura (14),Total,Less than 18,1081154,585633,495521,1059755,578843,480912,20687,6469,14218,512,223,289,164,80,84,36,18,18,0,0,0
09,145,District - Mathura (14),Total,Less than 21,1261956,687818,574138,1180913,662400,518513,79640,24797,54843,1037,441,596,298,149,149,68,31,37,0,0,0
09,145,District - Mathura (14),Rural,All ages,1791191,962028,829163,955021,557267,397754,768543,380391,388152,65485,23148,42337,1567,910,657,575,312,263,0,0,0
09,145,District - Mathura (14),Rural,0-9,433902,232191,201711,433902,232191,201711,0,0,0,0,0,0,0,0,0,0,0,0,0,0,0
09,145,District - Mathura (14),Rural,10-14,237232,128678,108554,232018,126790,105228,4976,1772,3204,166,80,86,57,29,28,15,7,8,0,0,0
09,145,District - Mathura (14),Rural,15-19,201369,114074,87295,167476,104462,63014,33446,9414,24032,348,142,206,80,44,36,19,12,7,0,0,0
09,145,District - Mathura (14),Rural,20-24,154337,86517,67820,55179,45109,10070,98064,40911,57153,848,382,466,190,87,103,56,28,28,0,0,0
09,145,District - Mathura (14),Rural,25-29,116613,61517,55096,12067,10936,1131,102958,49840,53118,1287,565,722,214,124,90,87,52,35,0,0,0
09,145,District - Mathura (14),Rural,30-34,102002,51828,50174,4889,4440,449,94968,46438,48530,1852,772,1080,199,125,74,94,53,41,0,0,0
09,145,District - Mathura (14),Rural,35-39,103020,53668,49352,3201,2897,304,96446,49359,47087,3086,1228,1858,207,135,72,80,49,31,0,0,0
09,145,District - Mathura (14),Rural,40-44,85069,46039,39030,2331,2165,166,78630,42183,36447,3875,1544,2331,173,110,63,60,37,23,0,0,0
09,145,District - Mathura (14),Rural,45-49,69422,36942,32480,1643,1505,138,63236,33661,29575,4391,1690,2701,112,66,46,40,20,20,0,0,0
09,145,District - Mathura (14),Rural,50-54,54687,29994,24693,1436,1294,142,47746,26658,21088,5374,1977,3397,98,52,46,33,13,20,0,0,0
09,145,District - Mathura (14),Rural,55-59,44709,22470,22239,1025,887,138,38330,19689,18641,5289,1857,3432,42,26,16,23,11,12,0,0,0
09,145,District - Mathura (14),Rural,60-64,44238,23042,21196,1518,1160,358,33470,19050,14420,9180,2790,6390,53,34,19,17,8,9,0,0,0
09,145,District - Mathura (14),Rural,65-69,29813,14875,14938,1329,977,352,20835,11463,9372,7610,2417,5193,31,16,15,8,2,6,0,0,0
09,145,District - Mathura (14),Rural,70-74,23823,12440,11383,836,637,199,14331,9033,5298,8620,2755,5865,24,11,13,12,4,8,0,0,0
09,145,District - Mathura (14),Rural,75-79,11404,5813,5591,498,362,136,6450,3836,2614,4446,1610,2836,7,4,3,3,1,2,0,0,0
09,145,District - Mathura (14),Rural,80+,16179,8441,7738,1633,1129,504,7646,4728,2918,6875,2568,4307,18,13,5,7,3,4,0,0,0
09,145,District - Mathura (14),Rural,Age not stated,63372,33499,29873,34040,20326,13714,27011,12356,14655,2238,771,1467,62,34,28,21,12,9,0,0,0
09,145,District - Mathura (14),Rural,Less than 18,793895,429970,363925,777972,424999,352973,15444,4745,10699,357,162,195,97,50,47,25,14,11,0,0,0
09,145,District - Mathura (14),Rural,Less than 21,919232,501515,417717,856678,481602,375076,61565,19460,42105,760,334,426,185,96,89,44,23,21,0,0,0
09,145,District - Mathura (14),Urban,All ages,755993,405097,350896,386072,225639,160433,340516,170459,170057,27909,8334,19575,1017,460,557,479,205,274,0,0,0
09,145,District - Mathura (14),Urban,0-9,150838,81322,69516,150838,81322,69516,0,0,0,0,0,0,0,0,0,0,0,0,0,0,0
09,145,District - Mathura (14),Urban,10-14,86070,46922,39148,83946,46089,37857,1999,775,1224,84,38,46,34,19,15,7,1,6,0,0,0
09,145,District - Mathura (14),Urban,15-19,85657,47128,38529,76193,44596,31597,9274,2457,6817,122,46,76,57,24,33,11,5,6,0,0,0
09,145,District - Mathura (14),Urban,20-24,75172,40837,34335,40687,28189,12498,34038,12474,21564,288,104,184,110,50,60,49,20,29,0,0,0
09,145,District - Mathura (14),Urban,25-29,59496,31564,27932,12171,9716,2455,46646,21592,25054,483,181,302,127,50,77,69,25,44,0,0,0
09,145,District - Mathura (14),Urban,30-34,50016,25955,24061,3530,2932,598,45543,22673,22870,734,253,481,134,59,75,75,38,37,0,0,0
09,145,District - Mathura (14),Urban,35-39,48834,25196,23638,1745,1461,284,45575,23246,22329,1314,395,919,116,54,62,84,40,44,0,0,0
09,145,District - Mathura (14),Urban,40-44,41405,22001,19404,1181,981,200,38301,20410,17891,1757,537,1220,112,45,67,54,28,26,0,0,0
09,145,District - Mathura (14),Urban,45-49,35970,19258,16712,900,760,140,32792,17823,14969,2163,637,1526,75,24,51,40,14,26,0,0,0
09,145,District - Mathura (14),Urban,50-54,27936,15178,12758,769,627,142,24516,13768,10748,2554,732,1822,72,40,32,25,11,14,0,0,0
09,145,District - Mathura (14),Urban,55-59,21976,11692,10284,657,509,148,18701,10413,8288,2558,745,1813,41,16,25,19,9,10,0,0,0
09,145,District - Mathura (14),Urban,60-64,19492,10314,9178,795,570,225,14692,8666,6026,3946,1053,2893,46,21,25,13,4,9,0,0,0
09,145,District - Mathura (14),Urban,65-69,12227,6255,5972,622,451,171,8501,4966,3535,3066,817,2249,30,20,10,8,1,7,0,0,0
09,145,District - Mathura (14),Urban,70-74,9490,5009,4481,528,393,135,5622,3658,1964,3326,950,2376,11,7,4,3,1,2,0,0,0
09,145,District - Mathura (14),Urban,75-79,4851,2542,2309,300,230,70,2616,1636,980,1924,668,1256,9,6,3,2,2,0,0,0,0
09,145,District - Mathura (14),Urban,80+,7029,3631,3398,1031,731,300,3081,1896,1185,2894,991,1903,19,12,7,4,1,3,0,0,0
09,145,District - Mathura (14),Urban,Age not stated,19534,10293,9241,10179,6082,4097,8619,4006,4613,696,187,509,24,13,11,16,5,11,0,0,0
09,145,District - Mathura (14),Urban,Less than 18,287259,155663,131596,281783,153844,127939,5243,1724,3519,155,61,94,67,30,37,11,4,7,0,0,0
09,145,District - Mathura (14),Urban,Less than 21,342724,186303,156421,324235,180798,143437,18075,5337,12738,277,107,170,113,53,60,24,8,16,0,0,0
09,146,District - Agra (15),Total,All ages,4418797,2364953,2053844,2355714,1364315,991399,1908170,946732,961438,149694,51384,98310,3491,1703,1788,1728,819,909,0,0,0
09,146,District - Agra (15),Total,0-9,985135,531164,453971,985135,531164,453971,0,0,0,0,0,0,0,0,0,0,0,0,0,0,0
09,146,District - Agra (15),Total,10-14,574120,312729,261391,559772,307124,252648,13586,5280,8306,455,189,266,250,116,134,57,20,37,0,0,0
09,146,District - Agra (15),Total,15-19,541732,299209,242523,478132,281303,196829,62325,17349,44976,940,389,551,262,128,134,73,40,33,0,0,0
09,146,District - Agra (15),Total,20-24,430604,235306,195298,208985,148381,60604,219134,85913,133221,1902,735,1167,393,181,212,190,96,94,0,0,0
09,146,District - Agra (15),Total,25-29,340312,177936,162376,59102,46619,12483,277270,129711,147559,3231,1272,1959,468,210,258,241,124,117,0,0,0
09,146,District - Agra (15),Total,30-34,285605,146707,138898,19116,15560,3556,260766,128760,132006,4962,2003,2959,484,246,238,277,138,139,0,0,0
09,146,District - Agra (15),Total,35-39,279919,142702,137217,9600,7985,1615,261630,131400,130230,7946,2937,5009,467,251,216,276,129,147,0,0,0
09,146,District - Agra (15),Total,40-44,232888,124667,108221,6112,5100,1012,215548,115526,100022,10677,3780,6897,368,173,195,183,88,95,0,0,0
09,146,District - Agra (15),Total,45-49,192843,100914,91929,3971,3275,696,176394,93407,82987,12105,4065,8040,241,111,130,132,56,76,0,0,0
09,146,District - Agra (15),Total,50-54,149262,82471,66791,3207,2597,610,131105,74771,56334,14667,4963,9704,190,100,90,93,40,53,0,0,0
09,146,District - Agra (15),Total,55-59,114518,57800,56718,2383,1799,584,98081,51306,46775,13870,4611,9259,116,57,59,68,27,41,0,0,0
09,146,District - Agra (15),Total,60-64,103798,55063,48735,3393,2309,1084,79099,46169,32930,21143,6504,14639,113,60,53,50,21,29,0,0,0
09,146,District - Agra (15),Total,65-69,66897,33966,32931,3222,2118,1104,47502,26689,20813,16097,5122,10975,45,22,23,31,15,16,0,0,0
09,146,District - Agra (15),Total,70-74,51979,27785,24194,2022,1365,657,31299,20224,11075,18597,6166,12431,40,21,19,21,9,12,0,0,0
09,146,District - Agra (15),Total,75-79,23553,12106,11447,1058,673,385,13673,8217,5456,8796,3203,5593,17,10,7,9,3,6,0,0,0
09,146,District - Agra (15),Total,80+,37866,19629,18237,5294,3366,1928,18408,10868,7540,14103,5367,8736,35,16,19,26,12,14,0,0,0
09,146,District - Agra (15),Total,Age not stated,7766,4799,2967,5210,3577,1633,2350,1142,1208,203,78,125,2,1,1,1,1,0,0,0,0
09,146,District - Agra (15),Total,Less than 18,1883546,1021665,861881,1848735,1009683,839052,33318,11333,21985,996,413,583,404,194,210,93,42,51,0,0,0
09,146,District - Agra (15),Total,Less than 21,2228187,1214328,1013859,2102395,1174202,928193,123177,39004,84173,1836,756,1080,611,291,320,168,75,93,0,0,0
09,146,District - Agra (15),Rural,All ages,2394602,1285184,1109418,1291425,749113,542312,1018260,504247,514013,82524,30582,51942,1718,894,824,675,348,327,0,0,0
09,146,District - Agra (15),Rural,0-9,594553,320305,274248,594553,320305,274248,0,0,0,0,0,0,0,0,0,0,0,0,0,0,0
09,146,District - Agra (15),Rural,10-14,331398,180071,151327,324418,177379,147039,6609,2533,4076,205,85,120,141,65,76,25,9,16,0,0,0
09,146,District - Agra (15),Rural,15-19,286062,158950,127112,244975,147540,97435,40433,11113,29320,488,208,280,134,72,62,32,17,15,0,0,0
09,146,District - Agra (15),Rural,20-24,217186,119473,97713,79343,62435,16908,136545,56454,80091,1019,436,583,189,95,94,90,53,37,0,0,0
09,146,District - Agra (15),Rural,25-29,173950,91443,82507,17837,15942,1895,154051,74601,79450,1760,749,1011,217,99,118,85,52,33,0,0,0
09,146,District - Agra (15),Rural,30-34,147774,75781,71993,7098,6371,727,137648,68053,69595,2697,1178,1519,222,122,100,109,57,52,0,0,0
09,146,District - Agra (15),Rural,35-39,142596,74150,68446,4468,4074,394,133630,68192,65438,4182,1703,2479,214,125,89,102,56,46,0,0,0
09,146,District - Agra (15),Rural,40-44,114910,62109,52801,3191,2919,272,106081,56911,49170,5405,2159,3246,183,92,91,50,28,22,0,0,0
09,146,District - Agra (15),Rural,45-49,92705,48650,44055,2213,2027,186,84514,44313,40201,5815,2232,3583,117,61,56,46,17,29,0,0,0
09,146,District - Agra (15),Rural,50-54,73547,40632,32915,1791,1633,158,64115,36118,27997,7512,2814,4698,87,49,38,42,18,24,0,0,0
09,146,District - Agra (15),Rural,55-59,58888,29176,29712,1331,1156,175,50214,25297,24917,7246,2684,4562,65,28,37,32,11,21,0,0,0
09,146,District - Agra (15),Rural,60-64,55980,29674,26306,2127,1599,528,41985,24150,17835,11785,3877,7908,62,38,24,21,10,11,0,0,0
09,146,District - Agra (15),Rural,65-69,37891,18891,19000,2025,1442,583,26541,14352,12189,9287,3077,6210,27,14,13,11,6,5,0,0,0
09,146,District - Agra (15),Rural,70-74,30633,16449,14184,1216,928,288,17823,11489,6334,11556,4013,7543,25,14,11,13,5,8,0,0,0
09,146,District - Agra (15),Rural,75-79,13408,6887,6521,595,439,156,7653,4451,3202,5144,1988,3156,12,7,5,4,2,2,0,0,0
09,146,District - Agra (15),Rural,80+,20068,10623,9445,2142,1469,673,9570,5798,3772,8323,3338,4985,21,12,9,12,6,6,0,0,0
09,146,District - Agra (15),Rural,Age not stated,3053,1920,1133,2102,1455,647,848,422,426,100,41,59,2,1,1,1,1,0,0,0,0
09,146,District - Agra (15),Rural,Less than 18,1100023,596493,503530,1081391,590339,491052,17901,5827,12074,473,200,273,220,110,110,38,17,21,0,0,0
09,146,District - Agra (15),Rural,Less than 21,1278418,697069,581349,1199124,671555,527569,77950,24908,53042,941,403,538,329,168,161,74,35,39,0,0,0
09,146,District - Agra (15),Urban,All ages,2024195,1079769,944426,1064289,615202,449087,889910,442485,447425,67170,20802,46368,1773,809,964,1053,471,582,0,0,0
09,146,District - Agra (15),Urban,0-9,390582,210859,179723,390582,210859,179723,0,0,0,0,0,0,0,0,0,0,0,0,0,0,0
09,146,District - Agra (15),Urban,10-14,242722,132658,110064,235354,129745,105609,6977,2747,4230,250,104,146,109,51,58,32,11,21,0,0,0
09,146,District - Agra (15),Urban,15-19,255670,140259,115411,233157,133763,99394,21892,6236,15656,452,181,271,128,56,72,41,23,18,0,0,0
09,146,District - Agra (15),Urban,20-24,213418,115833,97585,129642,85946,43696,82589,29459,53130,883,299,584,204,86,118,100,43,57,0,0,0
09,146,District - Agra (15),Urban,25-29,166362,86493,79869,41265,30677,10588,123219,55110,68109,1471,523,948,251,111,140,156,72,84,0,0,0
09,146,District - Agra (15),Urban,30-34,137831,70926,66905,12018,9189,2829,123118,60707,62411,2265,825,1440,262,124,138,168,81,87,0,0,0
09,146,District - Agra (15),Urban,35-39,137323,68552,68771,5132,3911,1221,128000,63208,64792,3764,1234,2530,253,126,127,174,73,101,0,0,0
09,146,District - Agra (15),Urban,40-44,117978,62558,55420,2921,2181,740,109467,58615,50852,5272,1621,3651,185,81,104,133,60,73,0,0,0
09,146,District - Agra (15),Urban,45-49,100138,52264,47874,1758,1248,510,91880,49094,42786,6290,1833,4457,124,50,74,86,39,47,0,0,0
09,146,District - Agra (15),Urban,50-54,75715,41839,33876,1416,964,452,66990,38653,28337,7155,2149,5006,103,51,52,51,22,29,0,0,0
09,146,District - Agra (15),Urban,55-59,55630,28624,27006,1052,643,409,47867,26009,21858,6624,1927,4697,51,29,22,36,16,20,0,0,0
09,146,District - Agra (15),Urban,60-64,47818,25389,22429,1266,710,556,37114,22019,15095,9358,2627,6731,51,22,29,29,11,18,0,0,0
09,146,District - Agra (15),Urban,65-69,29006,15075,13931,1197,676,521,20961,12337,8624,6810,2045,4765,18,8,10,20,9,11,0,0,0
09,146,District - Agra (15),Urban,70-74,21346,11336,10010,806,437,369,13476,8735,4741,7041,2153,4888,15,7,8,8,4,4,0,0,0
09,146,District - Agra (15),Urban,75-79,10145,5219,4926,463,234,229,6020,3766,2254,3652,1215,2437,5,3,2,5,1,4,0,0,0
09,146,District - Agra (15),Urban,80+,17798,9006,8792,3152,1897,1255,8838,5070,3768,5780,2029,3751,14,4,10,14,6,8,0,0,0
09,146,District - Agra (15),Urban,Age not stated,4713,2879,1834,3108,2122,986,1502,720,782,103,37,66,0,0,0,0,0,0,0,0,0
09,146,District - Agra (15),Urban,Less than 18,783523,425172,358351,767344,419344,348000,15417,5506,9911,523,213,310,184,84,100,55,25,30,0,0,0
09,146,District - Agra (15),Urban,Less than 21,949769,517259,432510,903271,502647,400624,45227,14096,31131,895,353,542,282,123,159,94,40,54,0,0,0
09,147,District - Firozabad (16),Total,All ages,2498156,1332046,1166110,1353036,779530,573506,1047974,517915,530059,93704,32851,60853,2550,1350,1200,892,400,492,0,0,0
09,147,District - Firozabad (16),Total,0-9,565555,301421,264134,565555,301421,264134,0,0,0,0,0,0,0,0,0,0,0,0,0,0,0
09,147,District - Firozabad (16),Total,10-14,337910,182555,155355,331288,180177,151111,6187,2166,4021,244,108,136,166,92,74,25,12,13,0,0,0
09,147,District - Firozabad (16),Total,15-19,304306,169211,135095,273289,161364,111925,30302,7542,22760,499,193,306,182,96,86,34,16,18,0,0,0
09,147,District - Firozabad (16),Total,20-24,232863,128839,104024,113644,82720,30924,117774,45478,72296,1095,482,613,260,117,143,90,42,48,0,0,0
09,147,District - Firozabad (16),Total,25-29,180520,95120,85400,28888,23740,5148,149375,70290,79085,1764,841,923,368,196,172,125,53,72,0,0,0
09,147,District - Firozabad (16),Total,30-34,155936,79044,76892,9229,7846,1383,143258,69664,73594,2951,1275,1676,335,189,146,163,70,93,0,0,0
09,147,District - Firozabad (16),Total,35-39,154622,78829,75793,4553,3994,559,144602,72537,72065,4982,2046,2936,344,185,159,141,67,74,0,0,0
09,147,District - Firozabad (16),Total,40-44,129512,69484,60028,2967,2661,306,119588,64016,55572,6593,2622,3971,276,143,133,88,42,46,0,0,0
09,147,District - Firozabad (16),Total,45-49,103660,53974,49686,1797,1573,224,94299,49640,44659,7300,2619,4681,196,111,85,68,31,37,0,0,0
09,147,District - Firozabad (16),Total,50-54,81757,44853,36904,1375,1186,189,71249,40499,30750,8957,3075,5882,133,75,58,43,18,25,0,0,0
09,147,District - Firozabad (16),Total,55-59,62733,30989,31744,1069,840,229,53739,27468,26271,7812,2630,5182,82,37,45,31,14,17,0,0,0
09,147,District - Firozabad (16),Total,60-64,60032,31687,28345,1607,1141,466,44860,26487,18373,13456,4009,9447,84,38,46,25,12,13,0,0,0
09,147,District - Firozabad (16),Total,65-69,38759,19043,19716,1528,1027,501,27071,14802,12269,10100,3185,6915,42,18,24,18,11,7,0,0,0
09,147,District - Firozabad (16),Total,70-74,31731,16763,14968,1018,663,355,18453,12126,6327,12213,3954,8259,27,17,10,20,3,17,0,0,0
09,147,District - Firozabad (16),Total,75-79,14424,7345,7079,780,510,270,8211,4797,3414,5424,2031,3393,6,4,2,3,3,0,0,0,0
09,147,District - Firozabad (16),Total,80+,23253,11948,11305,2951,1877,1074,10635,6507,4128,9627,3542,6085,28,19,9,12,3,9,0,0,0
09,147,District - Firozabad (16),Total,Age not stated,20583,10941,9642,11498,6790,4708,8371,3896,4475,687,239,448,21,13,8,6,3,3,0,0,0
09,147,District - Firozabad (16),Total,Less than 18,1087250,585202,502048,1070604,579884,490720,15800,4932,10868,532,219,313,269,146,123,45,21,24,0,0,0
09,147,District - Firozabad (16),Total,Less than 21,1282319,695628,586691,1217701,676410,541291,63038,18534,44504,1077,423,654,424,221,203,79,40,39,0,0,0
09,147,District - Firozabad (16),Rural,All ages,1664987,891872,773115,900168,521891,378277,696148,344566,351582,66558,24256,42302,1683,942,741,430,217,213,0,0,0
09,147,District - Firozabad (16),Rural,0-9,390481,208374,182107,390481,208374,182107,0,0,0,0,0,0,0,0,0,0,0,0,0,0,0
09,147,District - Firozabad (16),Rural,10-14,230517,124897,105620,226500,123443,103057,3746,1317,2429,142,62,80,116,67,49,13,8,5,0,0,0
09,147,District - Firozabad (16),Rural,15-19,198846,111954,86892,177995,106736,71259,20409,5027,15382,330,131,199,97,54,43,15,6,9,0,0,0
09,147,District - Firozabad (16),Rural,20-24,149110,83670,65440,66685,50997,15688,81506,32233,49273,725,346,379,151,71,80,43,23,20,0,0,0
09,147,District - Firozabad (16),Rural,25-29,116354,61862,54492,15397,13504,1893,99474,47574,51900,1186,620,566,244,137,107,53,27,26,0,0,0
09,147,District - Firozabad (16),Rural,30-34,102637,52293,50344,5584,5050,534,94767,46152,48615,1981,909,1072,230,143,87,75,39,36,0,0,0
09,147,District - Firozabad (16),Rural,35-39,101198,52159,49039,3121,2877,244,94359,47616,46743,3408,1498,1910,234,129,105,76,39,37,0,0,0
09,147,District - Firozabad (16),Rural,40-44,84845,45935,38910,2195,2049,146,77942,41808,36134,4478,1950,2528,186,106,80,44,22,22,0,0,0
09,147,District - Firozabad (16),Rural,45-49,67180,34882,32298,1338,1238,100,60820,31664,29156,4866,1888,2978,125,76,49,31,16,15,0,0,0
09,147,District - Firozabad (16),Rural,50-54,53816,29714,24102,1034,950,84,46581,26452,20129,6082,2249,3833,99,53,46,20,10,10,0,0,0
09,147,District - Firozabad (16),Rural,55-59,42099,20418,21681,769,664,105,36005,17843,18162,5245,1870,3375,65,34,31,15,7,8,0,0,0
09,147,District - Firozabad (16),Rural,60-64,42020,22049,19971,1217,906,311,31069,18125,12944,9661,2982,6679,60,27,33,13,9,4,0,0,0
09,147,District - Firozabad (16),Rural,65-69,27944,13499,14445,1116,786,330,19398,10351,9047,7390,2343,5047,30,13,17,10,6,4,0,0,0
09,147,District - Firozabad (16),Rural,70-74,23728,12485,11243,707,504,203,13600,8896,4704,9391,3072,6319,18,11,7,12,2,10,0,0,0
09,147,District - Firozabad (16),Rural,75-79,10525,5285,5240,456,317,139,6050,3445,2605,4015,1520,2495,2,1,1,2,2,0,0,0,0
09,147,District - Firozabad (16),Rural,80+,16446,8470,7976,1647,1090,557,7397,4650,2747,7377,2715,4662,18,14,4,7,1,6,0,0,0
09,147,District - Firozabad (16),Rural,Age not stated,7241,3926,3315,3926,2406,1520,3025,1413,1612,281,101,180,8,6,2,1,0,1,0,0,0
09,147,District - Firozabad (16),Rural,Less than 18,741913,400652,341261,731693,397362,334331,9685,3041,6644,349,144,205,167,96,71,19,9,10,0,0,0
09,147,District - Firozabad (16),Rural,Less than 21,869450,474120,395330,825470,460903,364567,42981,12769,30212,698,281,417,261,144,117,40,23,17,0,0,0
09,147,District - Firozabad (16),Urban,All ages,833169,440174,392995,452868,257639,195229,351826,173349,178477,27146,8595,18551,867,408,459,462,183,279,0,0,0
09,147,District - Firozabad (16),Urban,0-9,175074,93047,82027,175074,93047,82027,0,0,0,0,0,0,0,0,0,0,0,0,0,0,0
09,147,District - Firozabad (16),Urban,10-14,107393,57658,49735,104788,56734,48054,2441,849,1592,102,46,56,50,25,25,12,4,8,0,0,0
09,147,District - Firozabad (16),Urban,15-19,105460,57257,48203,95294,54628,40666,9893,2515,7378,169,62,107,85,42,43,19,10,9,0,0,0
09,147,District - Firozabad (16),Urban,20-24,83753,45169,38584,46959,31723,15236,36268,13245,23023,370,136,234,109,46,63,47,19,28,0,0,0
09,147,District - Firozabad (16),Urban,25-29,64166,33258,30908,13491,10236,3255,49901,22716,27185,578,221,357,124,59,65,72,26,46,0,0,0
09,147,District - Firozabad (16),Urban,30-34,53299,26751,26548,3645,2796,849,48491,23512,24979,970,366,604,105,46,59,88,31,57,0,0,0
09,147,District - Firozabad (16),Urban,35-39,53424,26670,26754,1432,1117,315,50243,24921,25322,1574,548,1026,110,56,54,65,28,37,0,0,0
09,147,District - Firozabad (16),Urban,40-44,44667,23549,21118,772,612,160,41646,22208,19438,2115,672,1443,90,37,53,44,20,24,0,0,0
09,147,District - Firozabad (16),Urban,45-49,36480,19092,17388,459,335,124,33479,17976,15503,2434,731,1703,71,35,36,37,15,22,0,0,0
09,147,District - Firozabad (16),Urban,50-54,27941,15139,12802,341,236,105,24668,14047,10621,2875,826,2049,34,22,12,23,8,15,0,0,0
09,147,District - Firozabad (16),Urban,55-59,20634,10571,10063,300,176,124,17734,9625,8109,2567,760,1807,17,3,14,16,7,9,0,0,0
09,147,District - Firozabad (16),Urban,60-64,18012,9638,8374,390,235,155,13791,8362,5429,3795,1027,2768,24,11,13,12,3,9,0,0,0
09,147,District - Firozabad (16),Urban,65-69,10815,5544,5271,412,241,171,7673,4451,3222,2710,842,1868,12,5,7,8,5,3,0,0,0
09,147,District - Firozabad (16),Urban,70-74,8003,4278,3725,311,159,152,4853,3230,1623,2822,882,1940,9,6,3,8,1,7,0,0,0
09,147,District - Firozabad (16),Urban,75-79,3899,2060,1839,324,193,131,2161,1352,809,1409,511,898,4,3,1,1,1,0,0,0,0
09,147,District - Firozabad (16),Urban,80+,6807,3478,3329,1304,787,517,3238,1857,1381,2250,827,1423,10,5,5,5,2,3,0,0,0
09,147,District - Firozabad (16),Urban,Age not stated,13342,7015,6327,7572,4384,3188,5346,2483,2863,406,138,268,13,7,6,5,3,2,0,0,0
09,147,District - Firozabad (16),Urban,Less than 18,345337,184550,160787,338911,182522,156389,6115,1891,4224,183,75,108,102,50,52,26,12,14,0,0,0
09,147,District - Firozabad (16),Urban,Less than 21,412869,221508,191361,392231,215507,176724,20057,5765,14292,379,142,237,163,77,86,39,17,22,0,0,0
09,148,District - Mainpuri (17),Total,All ages,1868529,993377,875152,997080,573940,423140,791097,389183,401914,78043,29045,48998,1863,1014,849,446,195,251,0,0,0
09,148,District - Mainpuri (17),Total,0-9,420408,223865,196543,420408,223865,196543,0,0,0,0,0,0,0,0,0,0,0,0,0,0,0
09,148,District - Mainpuri (17),Total,10-14,248639,134025,114614,244357,132437,111920,3974,1446,2528,163,68,95,127,63,64,18,11,7,0,0,0
09,148,District - Mainpuri (17),Total,15-19,225912,125137,100775,205097,120104,84993,20367,4833,15534,319,136,183,112,58,54,17,6,11,0,0,0
09,148,District - Mainpuri (17),Total,20-24,168574,92796,75778,81419,59710,21709,86178,32652,53526,757,343,414,176,75,101,44,16,28,0,0,0
09,148,District - Mainpuri (17),Total,25-29,130127,68374,61753,19746,16633,3113,108702,50925,57777,1389,676,713,227,117,110,63,23,40,0,0,0
09,148,District - Mainpuri (17),Total,30-34,115549,58221,57328,7126,6264,862,105734,50731,55003,2372,1036,1336,246,150,96,71,40,31,0,0,0
09,148,District - Mainpuri (17),Total,35-39,115031,58970,56061,3678,3311,367,107188,53848,53340,3830,1634,2196,274,154,120,61,23,38,0,0,0
09,148,District - Mainpuri (17),Total,40-44,95536,51374,44162,2368,2200,168,87751,46928,40823,5129,2087,3042,234,134,100,54,25,29,0,0,0
09,148,District - Mainpuri (17),Total,45-49,76205,39714,36491,1527,1383,144,69005,36062,32943,5521,2185,3336,117,68,49,35,16,19,0,0,0
09,148,District - Mainpuri (17),Total,50-54,61644,33300,28344,1136,1024,112,53480,29730,23750,6886,2475,4411,120,61,59,22,10,12,0,0,0
09,148,District - Mainpuri (17),Total,55-59,52074,24312,27762,845,707,138,45032,21359,23673,6132,2215,3917,48,27,21,17,4,13,0,0,0
09,148,District - Mainpuri (17),Total,60-64,57552,30414,27138,1378,1061,317,43692,25305,18387,12374,3982,8392,89,54,35,19,12,7,0,0,0
09,148,District - Mainpuri (17),Total,65-69,35031,17636,17395,1131,831,300,24878,13701,11177,8984,3086,5898,34,16,18,4,2,2,0,0,0
09,148,District - Mainpuri (17),Total,70-74,28126,15323,12803,847,626,221,16489,10864,5625,10758,3819,6939,22,11,11,10,3,7,0,0,0
09,148,District - Mainpuri (17),Total,75-79,11963,6094,5869,432,298,134,6979,3982,2997,4537,1805,2732,13,8,5,2,1,1,0,0,0
09,148,District - Mainpuri (17),Total,80+,19248,10110,9138,1833,1223,610,8747,5472,3275,8644,3401,5243,16,11,5,8,3,5,0,0,0
09,148,District - Mainpuri (17),Total,Age not stated,6910,3712,3198,3752,2263,1489,2901,1345,1556,248,97,151,8,7,1,1,0,1,0,0,0
09,148,District - Mainpuri (17),Total,Less than 18,807060,433421,373639,796500,429970,366530,9982,3185,6797,360,157,203,190,93,97,28,16,12,0,0,0
09,148,District - Mainpuri (17),Total,Less than 21,949657,514096,435561,905006,501220,403786,43619,12418,31201,699,296,403,286,141,145,47,21,26,0,0,0
09,148,District - Mainpuri (17),Rural,All ages,1580087,842374,737713,846429,488335,358094,665517,327335,338182,66302,25673,40629,1520,875,645,319,156,163,0,0,0
09,148,District - Mainpuri (17),Rural,0-9,362560,192859,169701,362560,192859,169701,0,0,0,0,0,0,0,0,0,0,0,0,0,0,0
09,148,District - Mainpuri (17),Rural,10-14,213479,115038,98441,209862,113711,96151,3366,1204,2162,134,60,74,104,56,48,13,7,6,0,0,0
09,148,District - Mainpuri (17),Rural,15-19,190406,105951,84455,172393,101628,70765,17627,4150,13477,272,119,153,99,49,50,15,5,10,0,0,0
09,148,District - Mainpuri (17),Rural,20-24,139418,77530,61888,64752,48858,15894,73872,28301,45571,623,293,330,142,64,78,29,14,15,0,0,0
09,148,District - Mainpuri (17),Rural,25-29,107654,56850,50804,14822,13017,1805,91426,43113,48313,1190,601,589,175,100,75,41,19,22,0,0,0
09,148,District - Mainpuri (17),Rural,30-34,96547,48835,47712,5794,5217,577,88549,42537,46012,1955,921,1034,194,126,68,55,34,21,0,0,0
09,148,District - Mainpuri (17),Rural,35-39,96194,49578,46616,3157,2891,266,89577,45089,44488,3213,1454,1759,210,125,85,37,19,18,0,0,0
09,148,District - Mainpuri (17),Rural,40-44,79539,43142,36397,2076,1958,118,72955,39175,33780,4282,1872,2410,191,120,71,35,17,18,0,0,0
09,148,District - Mainpuri (17),Rural,45-49,62738,32744,29994,1344,1232,112,56734,29515,27219,4532,1923,2609,98,60,38,30,14,16,0,0,0
09,148,District - Mainpuri (17),Rural,50-54,51091,27733,23358,1015,931,84,44190,24543,19647,5769,2198,3571,103,55,48,14,6,8,0,0,0
09,148,District - Mainpuri (17),Rural,55-59,43512,20121,23391,729,623,106,37687,17537,20150,5045,1935,3110,39,23,16,12,3,9,0,0,0
09,148,District - Mainpuri (17),Rural,60-64,49593,26326,23267,1244,979,265,37640,21729,15911,10613,3561,7052,79,47,32,17,10,7,0,0,0
09,148,District - Mainpuri (17),Rural,65-69,30258,15178,15080,1014,752,262,21488,11703,9785,7722,2705,5017,32,16,16,2,2,0,0,0,0
09,148,District - Mainpuri (17),Rural,70-74,24489,13411,11078,745,563,182,14379,9476,4903,9334,3358,5976,22,11,11,9,3,6,0,0,0
09,148,District - Mainpuri (17),Rural,75-79,10362,5266,5096,357,259,98,6099,3416,2683,3893,1582,2311,11,8,3,2,1,1,0,0,0
09,148,District - Mainpuri (17),Rural,80+,16806,8905,7901,1523,1029,494,7732,4849,2883,7530,3016,4514,14,9,5,7,2,5,0,0,0
09,148,District - Mainpuri (17),Rural,Age not stated,5441,2907,2534,3042,1828,1214,2196,998,1198,195,75,120,7,6,1,1,0,1,0,0,0
09,148,District - Mainpuri (17),Rural,Less than 18,692854,371981,320873,683891,369090,314801,8476,2661,5815,306,138,168,158,80,78,23,12,11,0,0,0
09,148,District - Mainpuri (17),Rural,Less than 21,812646,440430,372216,774039,429268,344771,37735,10762,26973,593,262,331,241,122,119,38,16,22,0,0,0
09,148,District - Mainpuri (17),Urban,All ages,288442,151003,137439,150651,85605,65046,125580,61848,63732,11741,3372,8369,343,139,204,127,39,88,0,0,0
09,148,District - Mainpuri (17),Urban,0-9,57848,31006,26842,57848,31006,26842,0,0,0,0,0,0,0,0,0,0,0,0,0,0,0
09,148,District - Mainpuri (17),Urban,10-14,35160,18987,16173,34495,18726,15769,608,242,366,29,8,21,23,7,16,5,4,1,0,0,0
09,148,District - Mainpuri (17),Urban,15-19,35506,19186,16320,32704,18476,14228,2740,683,2057,47,17,30,13,9,4,2,1,1,0,0,0
09,148,District - Mainpuri (17),Urban,20-24,29156,15266,13890,16667,10852,5815,12306,4351,7955,134,50,84,34,11,23,15,2,13,0,0,0
09,148,District - Mainpuri (17),Urban,25-29,22473,11524,10949,4924,3616,1308,17276,7812,9464,199,75,124,52,17,35,22,4,18,0,0,0
09,148,District - Mainpuri (17),Urban,30-34,19002,9386,9616,1332,1047,285,17185,8194,8991,417,115,302,52,24,28,16,6,10,0,0,0
09,148,District - Mainpuri (17),Urban,35-39,18837,9392,9445,521,420,101,17611,8759,8852,617,180,437,64,29,35,24,4,20,0,0,0
09,148,District - Mainpuri (17),Urban,40-44,15997,8232,7765,292,242,50,14796,7753,7043,847,215,632,43,14,29,19,8,11,0,0,0
09,148,District - Mainpuri (17),Urban,45-49,13467,6970,6497,183,151,32,12271,6547,5724,989,262,727,19,8,11,5,2,3,0,0,0
09,148,District - Mainpuri (17),Urban,50-54,10553,5567,4986,121,93,28,9290,5187,4103,1117,277,840,17,6,11,8,4,4,0,0,0
09,148,District - Mainpuri (17),Urban,55-59,8562,4191,4371,116,84,32,7345,3822,3523,1087,280,807,9,4,5,5,1,4,0,0,0
09,148,District - Mainpuri (17),Urban,60-64,7959,4088,3871,134,82,52,6052,3576,2476,1761,421,1340,10,7,3,2,2,0,0,0,0
09,148,District - Mainpuri (17),Urban,65-69,4773,2458,2315,117,79,38,3390,1998,1392,1262,381,881,2,0,2,2,0,2,0,0,0
09,148,District - Mainpuri (17),Urban,70-74,3637,1912,1725,102,63,39,2110,1388,722,1424,461,963,0,0,0,1,0,1,0,0,0
09,148,District - Mainpuri (17),Urban,75-79,1601,828,773,75,39,36,880,566,314,644,223,421,2,0,2,0,0,0,0,0,0
09,148,District - Mainpuri (17),Urban,80+,2442,1205,1237,310,194,116,1015,623,392,1114,385,729,2,2,0,1,1,0,0,0,0
09,148,District - Mainpuri (17),Urban,Age not stated,1469,805,664,710,435,275,705,347,358,53,22,31,1,1,0,0,0,0,0,0,0
09,148,District - Mainpuri (17),Urban,Less than 18,114206,61440,52766,112609,60880,51729,1506,524,982,54,19,35,32,13,19,5,4,1,0,0,0
09,148,District - Mainpuri (17),Urban,Less than 21,137011,73666,63345,130967,71952,59015,5884,1656,4228,106,34,72,45,19,26,9,5,4,0,0,0
09,149,District - Budaun (18),Total,All ages,3681896,1967759,1714137,2067020,1186255,880765,1464356,724803,739553,145811,54291,91520,3617,1924,1693,1092,486,606,0,0,0
09,149,District - Budaun (18),Total,0-9,962593,509746,452847,962593,509746,452847,0,0,0,0,0,0,0,0,0,0,0,0,0,0,0
09,149,District - Budaun (18),Total,10-14,512987,278533,234454,500556,273807,226749,11765,4436,7329,443,186,257,180,82,98,43,22,21,0,0,0
09,149,District - Budaun (18),Total,15-19,413443,227996,185447,351929,210070,141859,60316,17386,42930,950,408,542,206,111,95,42,21,21,0,0,0
09,149,District - Budaun (18),Total,20-24,302587,167002,135585,118188,88931,29257,181998,76880,105118,1913,976,937,363,160,203,125,55,70,0,0,0
09,149,District - Budaun (18),Total,25-29,244441,130016,114425,35409,29927,5482,205424,98143,107281,2939,1619,1320,528,264,264,141,63,78,0,0,0
09,149,District - Budaun (18),Total,30-34,220039,113817,106222,15769,13949,1820,199030,97033,101997,4608,2516,2092,490,255,235,142,64,78,0,0,0
09,149,District - Budaun (18),Total,35-39,215782,113763,102019,9832,8979,853,197713,100568,97145,7586,3893,3693,495,263,232,156,60,96,0,0,0
09,149,District - Budaun (18),Total,40-44,175475,97231,78244,6690,6175,515,158341,86118,72223,9952,4658,5294,387,227,160,105,53,52,0,0,0
09,149,District - Budaun (18),Total,45-49,137112,72388,64724,4290,3936,354,121743,63697,58046,10751,4579,6172,246,135,111,82,41,41,0,0,0
09,149,District - Budaun (18),Total,50-54,107723,60496,47227,3592,3184,408,89910,51729,38181,13929,5428,8501,210,119,91,82,36,46,0,0,0
09,149,District - Budaun (18),Total,55-59,86865,40981,45884,2570,2197,373,71036,34033,37003,13083,4652,8431,144,87,57,32,12,20,0,0,0
09,149,District - Budaun (18),Total,60-64,94836,49976,44860,4012,3133,879,65570,38892,26678,25051,7834,17217,148,90,58,55,27,28,0,0,0
09,149,District - Budaun (18),Total,65-69,55065,27149,27916,2998,2158,840,34477,19504,14973,17487,5424,12063,79,57,22,24,6,18,0,0,0
09,149,District - Budaun (18),Total,70-74,39650,20195,19455,1774,1333,441,20517,13438,7079,17294,5389,11905,48,27,21,17,8,9,0,0,0
09,149,District - Budaun (18),Total,75-79,15168,7168,8000,891,631,260,7734,4346,3388,6518,2179,4339,19,10,9,6,2,4,0,0,0
09,149,District - Budaun (18),Total,80+,24887,11974,12913,3242,2129,1113,10915,6252,4663,10696,3574,7122,21,12,9,13,7,6,0,0,0
09,149,District - Budaun (18),Total,Age not stated,73243,39328,33915,42685,25970,16715,27867,12348,15519,2611,976,1635,53,25,28,27,9,18,0,0,0
09,149,District - Budaun (18),Total,Less than 18,1730373,928660,801713,1698432,917837,780595,30614,10228,20386,976,416,560,287,145,142,64,34,30,0,0,0
09,149,District - Budaun (18),Total,Less than 21,1985389,1072222,913167,1867413,1031878,835535,115453,39218,76235,1930,841,1089,474,231,243,119,54,65,0,0,0
09,149,District - Budaun (18),Rural,All ages,3037301,1630376,1406925,1703805,982395,721410,1209208,598924,610284,120814,47093,73721,2745,1594,1151,729,370,359,0,0,0
09,149,District - Budaun (18),Rural,0-9,816473,433097,383376,816473,433097,383376,0,0,0,0,0,0,0,0,0,0,0,0,0,0,0
09,149,District - Budaun (18),Rural,10-14,428966,233834,195132,418257,229705,188552,10154,3879,6275,377,165,212,145,66,79,33,19,14,0,0,0
09,149,District - Budaun (18),Rural,15-19,333878,185775,148103,279147,169610,109537,53737,15702,38035,791,350,441,169,94,75,34,19,15,0,0,0
09,149,District - Budaun (18),Rural,20-24,241284,133509,107775,82362,64908,17454,156896,67547,89349,1667,879,788,266,131,135,93,44,49,0,0,0
09,149,District - Budaun (18),Rural,25-29,198233,106016,92217,24378,21632,2746,170870,82675,88195,2511,1436,1075,388,229,159,86,44,42,0,0,0
09,149,District - Budaun (18),Rural,30-34,179392,93163,86229,12335,11222,1113,162667,79432,83235,3949,2257,1692,352,206,146,89,46,43,0,0,0
09,149,District - Budaun (18),Rural,35-39,176415,93642,82773,8446,7863,583,161102,82060,79042,6401,3469,2932,371,208,163,95,42,53,0,0,0
09,149,District - Budaun (18),Rural,40-44,142522,79790,62732,5929,5552,377,127999,69882,58117,8226,4128,4098,295,183,112,73,45,28,0,0,0
09,149,District - Budaun (18),Rural,45-49,110293,58367,51926,3870,3599,271,97457,50663,46794,8728,3965,4763,183,109,74,55,31,24,0,0,0
09,149,District - Budaun (18),Rural,50-54,86946,49353,37593,3194,2906,288,72168,41602,30566,11365,4720,6645,167,100,67,52,25,27,0,0,0
09,149,District - Budaun (18),Rural,55-59,70245,33049,37196,2272,1973,299,57358,27022,30336,10492,3971,6521,108,75,33,15,8,7,0,0,0
09,149,District - Budaun (18),Rural,60-64,78923,41888,37035,3585,2857,728,54352,32128,22224,20825,6804,14021,118,77,41,43,22,21,0,0,0
09,149,District - Budaun (18),Rural,65-69,46079,22787,23292,2646,1943,703,28692,16106,12586,14654,4682,9972,70,52,18,17,4,13,0,0,0
09,149,District - Budaun (18),Rural,70-74,33213,17016,16197,1545,1196,349,17098,11177,5921,14519,4613,9906,38,23,15,13,7,6,0,0,0
09,149,District - Budaun (18),Rural,75-79,12484,5915,6569,755,548,207,6471,3564,2907,5237,1793,3444,18,10,8,3,0,3,0,0,0
09,149,District - Budaun (18),Rural,80+,20769,10071,10698,2689,1800,889,9143,5232,3911,8910,3022,5888,20,12,8,7,5,2,0,0,0
09,149,District - Budaun (18),Rural,Age not stated,61186,33104,28082,35922,21984,13938,23044,10253,12791,2162,839,1323,37,19,18,21,9,12,0,0,0
09,149,District - Budaun (18),Rural,Less than 18,1452563,782241,670322,1424828,772732,652096,26630,8998,17632,820,359,461,235,121,114,50,31,19,0,0,0
09,149,District - Budaun (18),Rural,Less than 21,1656836,898212,758624,1552678,861901,690777,102049,35330,66719,1639,742,897,379,194,185,91,45,46,0,0,0
09,149,District - Budaun (18),Urban,All ages,644595,337383,307212,363215,203860,159355,255148,125879,129269,24997,7198,17799,872,330,542,363,116,247,0,0,0
09,149,District - Budaun (18),Urban,0-9,146120,76649,69471,146120,76649,69471,0,0,0,0,0,0,0,0,0,0,0,0,0,0,0
09,149,District - Budaun (18),Urban,10-14,84021,44699,39322,82299,44102,38197,1611,557,1054,66,21,45,35,16,19,10,3,7,0,0,0
09,149,District - Budaun (18),Urban,15-19,79565,42221,37344,72782,40460,32322,6579,1684,4895,159,58,101,37,17,20,8,2,6,0,0,0
09,149,District - Budaun (18),Urban,20-24,61303,33493,27810,35826,24023,11803,25102,9333,15769,246,97,149,97,29,68,32,11,21,0,0,0
09,149,District - Budaun (18),Urban,25-29,46208,24000,22208,11031,8295,2736,34554,15468,19086,428,183,245,140,35,105,55,19,36,0,0,0
09,149,District - Budaun (18),Urban,30-34,40647,20654,19993,3434,2727,707,36363,17601,18762,659,259,400,138,49,89,53,18,35,0,0,0
09,149,District - Budaun (18),Urban,35-39,39367,20121,19246,1386,1116,270,36611,18508,18103,1185,424,761,124,55,69,61,18,43,0,0,0
09,149,District - Budaun (18),Urban,40-44,32953,17441,15512,761,623,138,30342,16236,14106,1726,530,1196,92,44,48,32,8,24,0,0,0
09,149,District - Budaun (18),Urban,45-49,26819,14021,12798,420,337,83,24286,13034,11252,2023,614,1409,63,26,37,27,10,17,0,0,0
09,149,District - Budaun (18),Urban,50-54,20777,11143,9634,398,278,120,17742,10127,7615,2564,708,1856,43,19,24,30,11,19,0,0,0
09,149,District - Budaun (18),Urban,55-59,16620,7932,8688,298,224,74,13678,7011,6667,2591,681,1910,36,12,24,17,4,13,0,0,0
09,149,District - Budaun (18),Urban,60-64,15913,8088,7825,427,276,151,11218,6764,4454,4226,1030,3196,30,13,17,12,5,7,0,0,0
09,149,District - Budaun (18),Urban,65-69,8986,4362,4624,352,215,137,5785,3398,2387,2833,742,2091,9,5,4,7,2,5,0,0,0
09,149,District - Budaun (18),Urban,70-74,6437,3179,3258,229,137,92,3419,2261,1158,2775,776,1999,10,4,6,4,1,3,0,0,0
09,149,District - Budaun (18),Urban,75-79,2684,1253,1431,136,83,53,1263,782,481,1281,386,895,1,0,1,3,2,1,0,0,0
09,149,District - Budaun (18),Urban,80+,4118,1903,2215,553,329,224,1772,1020,752,1786,552,1234,1,0,1,6,2,4,0,0,0
09,149,District - Budaun (18),Urban,Age not stated,12057,6224,5833,6763,3986,2777,4823,2095,2728,449,137,312,16,6,10,6,0,6,0,0,0
09,149,District - Budaun (18),Urban,Less than 18,277810,146419,131391,273604,145105,128499,3984,1230,2754,156,57,99,52,24,28,14,3,11,0,0,0
09,149,District - Budaun (18),Urban,Less than 21,328553,174010,154543,314735,169977,144758,13404,3888,9516,291,99,192,95,37,58,28,9,19,0,0,0
09,150,District - Bareilly (19),Total,All ages,4448359,2357665,2090694,2486377,1407775,1078602,1794756,891848,902908,160051,54472,105579,5124,2729,2395,2051,841,1210,0,0,0
09,150,District - Bareilly (19),Total,0-9,1033241,545125,488116,1033241,545125,488116,0,0,0,0,0,0,0,0,0,0,0,0,0,0,0
09,150,District - Bareilly (19),Total,10-14,601983,319897,282086,588071,314919,273152,13089,4601,8488,538,241,297,238,122,116,47,14,33,0,0,0
09,150,District - Bareilly (19),Total,15-19,548631,295579,253052,492223,280865,211358,55050,14140,40910,1021,411,610,254,131,123,83,32,51,0,0,0
09,150,District - Bareilly (19),Total,20-24,397387,218544,178843,203613,143520,60093,190938,73821,117117,2034,877,1157,592,254,338,210,72,138,0,0,0
09,150,District - Bareilly (19),Total,25-29,312723,163238,149485,58834,46214,12620,249779,115139,134640,3163,1428,1735,666,334,332,281,123,158,0,0,0
09,150,District - Bareilly (19),Total,30-34,279395,142355,137040,20228,16591,3637,253202,123065,130137,4942,2202,2740,693,356,337,330,141,189,0,0,0
09,150,District - Bareilly (19),Total,35-39,276235,143969,132266,9942,8285,1657,257262,131911,125351,7991,3248,4743,719,400,319,321,125,196,0,0,0
09,150,District - Bareilly (19),Total,40-44,224268,122786,101482,6544,5564,980,205924,112474,93450,10934,4285,6649,598,351,247,268,112,156,0,0,0
09,150,District - Bareilly (19),Total,45-49,172335,92350,79985,3936,3301,635,155550,84425,71125,12333,4342,7991,358,203,155,158,79,79,0,0,0
09,150,District - Bareilly (19),Total,50-54,129749,72129,57620,3173,2611,562,111563,64396,47167,14633,4921,9712,291,168,123,89,33,56,0,0,0
09,150,District - Bareilly (19),Total,55-59,106364,50526,55838,2343,1810,533,89266,43989,45277,14509,4607,9902,177,87,90,69,33,36,0,0,0
09,150,District - Bareilly (19),Total,60-64,114605,60248,54357,3595,2584,1011,83355,49269,34086,27361,8232,19129,228,136,92,66,27,39,0,0,0
09,150,District - Bareilly (19),Total,65-69,67221,34755,32466,3212,2055,1157,44057,26409,17648,19817,6208,13609,99,69,30,36,14,22,0,0,0
09,150,District - Bareilly (19),Total,70-74,44817,23847,20970,1859,1284,575,24627,16764,7863,18239,5752,12487,68,38,30,24,9,15,0,0,0
09,150,District - Bareilly (19),Total,75-79,16613,8164,8449,784,497,287,8735,5184,3551,7070,2470,4600,17,9,8,7,4,3,0,0,0
09,150,District - Bareilly (19),Total,80+,34772,16747,18025,5795,3624,2171,16567,8923,7644,12348,4165,8183,41,27,14,21,8,13,0,0,0
09,150,District - Bareilly (19),Total,Age not stated,88020,47406,40614,48984,28926,20058,35792,17338,18454,3118,1083,2035,85,44,41,41,15,26,0,0,0
09,150,District - Bareilly (19),Total,Less than 18,1966780,1041203,925577,1932960,1030492,902468,32254,10014,22240,1111,468,643,371,196,175,84,33,51,0,0,0
09,150,District - Bareilly (19),Total,Less than 21,2307914,1230897,1077017,2195165,1196425,998740,109798,33205,76593,2127,875,1252,642,324,318,182,68,114,0,0,0
09,150,District - Bareilly (19),Rural,All ages,2879950,1530356,1349594,1629499,922634,706865,1141957,566735,575222,104053,38465,65588,3360,2020,1340,1081,502,579,0,0,0
09,150,District - Bareilly (19),Rural,0-9,725084,382621,342463,725084,382621,342463,0,0,0,0,0,0,0,0,0,0,0,0,0,0,0
09,150,District - Bareilly (19),Rural,10-14,413650,220091,193559,404613,216851,187762,8503,2990,5513,338,150,188,166,91,75,30,9,21,0,0,0
09,150,District - Bareilly (19),Rural,15-19,351804,191373,160431,312486,180998,131488,38435,9982,28453,666,285,381,168,87,81,49,21,28,0,0,0
09,150,District - Bareilly (19),Rural,20-24,237200,131222,105978,102143,76735,25408,133167,53624,79543,1366,632,734,390,176,214,134,55,79,0,0,0
09,150,District - Bareilly (19),Rural,25-29,190982,99346,91636,23564,20170,3394,164760,77808,86952,2067,1032,1035,432,257,175,159,79,80,0,0,0
09,150,District - Bareilly (19),Rural,30-34,176404,89743,86661,9247,8198,1049,163253,79568,83685,3289,1614,1675,453,278,175,162,85,77,0,0,0
09,150,District - Bareilly (19),Rural,35-39,174277,91796,82481,5588,5026,562,163022,84049,78973,5051,2362,2689,462,291,171,154,68,86,0,0,0
09,150,District - Bareilly (19),Rural,40-44,137196,76350,60846,4069,3702,367,125845,69259,56586,6787,3074,3713,367,252,115,128,63,65,0,0,0
09,150,District - Bareilly (19),Rural,45-49,101461,54830,46631,2513,2304,209,91369,49332,42037,7285,3022,4263,216,132,84,78,40,38,0,0,0
09,150,District - Bareilly (19),Rural,50-54,75506,42562,32944,2185,1953,232,64466,37130,27336,8614,3328,5286,201,135,66,40,16,24,0,0,0
09,150,District - Bareilly (19),Rural,55-59,64831,29612,35219,1538,1292,246,54504,25135,29369,8641,3098,5543,112,68,44,36,19,17,0,0,0
09,150,District - Bareilly (19),Rural,60-64,77030,40526,36504,2569,1978,591,55634,32370,23264,18629,6060,12569,158,100,58,40,18,22,0,0,0
09,150,District - Bareilly (19),Rural,65-69,45367,23344,22023,2156,1478,678,29179,17234,11945,13923,4560,9363,84,63,21,25,9,16,0,0,0
09,150,District - Bareilly (19),Rural,70-74,29828,15780,14048,1275,956,319,15641,10672,4969,12836,4110,8726,58,35,23,18,7,11,0,0,0
09,150,District - Bareilly (19),Rural,75-79,10306,4948,5358,511,358,153,5280,3000,2280,4498,1581,2917,12,7,5,5,2,3,0,0,0
09,150,District - Bareilly (19),Rural,80+,20903,9988,10915,2959,1895,1064,9553,5198,4355,8351,2871,5480,32,20,12,8,4,4,0,0,0
09,150,District - Bareilly (19),Rural,Age not stated,48121,26224,21897,26999,16119,10880,19346,9384,9962,1712,686,1026,49,28,21,15,7,8,0,0,0
09,150,District - Bareilly (19),Rural,Less than 18,1355277,718857,636420,1333290,711786,621504,20958,6595,14363,717,310,407,260,145,115,52,21,31,0,0,0
09,150,District - Bareilly (19),Rural,Less than 21,1567076,838444,728632,1488761,813924,674837,76354,23648,52706,1405,602,803,440,222,218,116,48,68,0,0,0
09,150,District - Bareilly (19),Urban,All ages,1568409,827309,741100,856878,485141,371737,652799,325113,327686,55998,16007,39991,1764,709,1055,970,339,631,0,0,0
09,150,District - Bareilly (19),Urban,0-9,308157,162504,145653,308157,162504,145653,0,0,0,0,0,0,0,0,0,0,0,0,0,0,0
09,150,District - Bareilly (19),Urban,10-14,188333,99806,88527,183458,98068,85390,4586,1611,2975,200,91,109,72,31,41,17,5,12,0,0,0
09,150,District - Bareilly (19),Urban,15-19,196827,104206,92621,179737,99867,79870,16615,4158,12457,355,126,229,86,44,42,34,11,23,0,0,0
09,150,District - Bareilly (19),Urban,20-24,160187,87322,72865,101470,66785,34685,57771,20197,37574,668,245,423,202,78,124,76,17,59,0,0,0
09,150,District - Bareilly (19),Urban,25-29,121741,63892,57849,35270,26044,9226,85019,37331,47688,1096,396,700,234,77,157,122,44,78,0,0,0
09,150,District - Bareilly (19),Urban,30-34,102991,52612,50379,10981,8393,2588,89949,43497,46452,1653,588,1065,240,78,162,168,56,112,0,0,0
09,150,District - Bareilly (19),Urban,35-39,101958,52173,49785,4354,3259,1095,94240,47862,46378,2940,886,2054,257,109,148,167,57,110,0,0,0
09,150,District - Bareilly (19),Urban,40-44,87072,46436,40636,2475,1862,613,80079,43215,36864,4147,1211,2936,231,99,132,140,49,91,0,0,0
09,150,District - Bareilly (19),Urban,45-49,70874,37520,33354,1423,997,426,64181,35093,29088,5048,1320,3728,142,71,71,80,39,41,0,0,0
09,150,District - Bareilly (19),Urban,50-54,54243,29567,24676,988,658,330,47097,27266,19831,6019,1593,4426,90,33,57,49,17,32,0,0,0
09,150,District - Bareilly (19),Urban,55-59,41533,20914,20619,805,518,287,34762,18854,15908,5868,1509,4359,65,19,46,33,14,19,0,0,0
09,150,District - Bareilly (19),Urban,60-64,37575,19722,17853,1026,606,420,27721,16899,10822,8732,2172,6560,70,36,34,26,9,17,0,0,0
09,150,District - Bareilly (19),Urban,65-69,21854,11411,10443,1056,577,479,14878,9175,5703,5894,1648,4246,15,6,9,11,5,6,0,0,0
09,150,District - Bareilly (19),Urban,70-74,14989,8067,6922,584,328,256,8986,6092,2894,5403,1642,3761,10,3,7,6,2,4,0,0,0
09,150,District - Bareilly (19),Urban,75-79,6307,3216,3091,273,139,134,3455,2184,1271,2572,889,1683,5,2,3,2,2,0,0,0,0
09,150,District - Bareilly (19),Urban,80+,13869,6759,7110,2836,1729,1107,7014,3725,3289,3997,1294,2703,9,7,2,13,4,9,0,0,0
09,150,District - Bareilly (19),Urban,Age not stated,39899,21182,18717,21985,12807,9178,16446,7954,8492,1406,397,1009,36,16,20,26,8,18,0,0,0
09,150,District - Bareilly (19),Urban,Less than 18,611503,322346,289157,599670,318706,280964,11296,3419,7877,394,158,236,111,51,60,32,12,20,0,0,0
09,150,District - Bareilly (19),Urban,Less than 21,740838,392453,348385,706404,382501,323903,33444,9557,23887,722,273,449,202,102,100,66,20,46,0,0,0
09,151,District - Pilibhit (20),Total,All ages,2031007,1072002,959005,1110019,625800,484219,842527,417686,424841,74793,26589,48204,2664,1462,1202,1004,465,539,0,0,0
09,151,District - Pilibhit (20),Total,0-9,455633,238619,217014,455633,238619,217014,0,0,0,0,0,0,0,0,0,0,0,0,0,0,0
09,151,District - Pilibhit (20),Total,10-14,280962,147848,133114,276474,146193,130281,4172,1506,2666,147,57,90,142,77,65,27,15,12,0,0,0
09,151,District - Pilibhit (20),Total,15-19,251854,136569,115285,231137,131469,99668,20147,4844,15303,366,163,203,167,77,90,37,16,21,0,0,0
09,151,District - Pilibhit (20),Total,20-24,182983,100416,82567,93408,66645,26763,88388,33229,55159,776,366,410,308,145,163,103,31,72,0,0,0
09,151,District - Pilibhit (20),Total,25-29,149044,78261,70783,25808,21165,4643,121318,56147,65171,1392,697,695,368,185,183,158,67,91,0,0,0
09,151,District - Pilibhit (20),Total,30-34,134080,68201,65879,8585,7249,1336,122823,59617,63206,2132,1066,1066,370,193,177,170,76,94,0,0,0
09,151,District - Pilibhit (20),Total,35-39,130238,67857,62381,3944,3422,522,122413,62620,59793,3346,1528,1818,384,212,172,151,75,76,0,0,0
09,151,District - Pilibhit (20),Total,40-44,104170,56571,47599,2427,2129,298,96703,52207,44496,4617,1988,2629,310,189,121,113,58,55,0,0,0
09,151,District - Pilibhit (20),Total,45-49,81185,43198,37987,1480,1277,203,74163,39759,34404,5308,2023,3285,171,106,65,63,33,30,0,0,0
09,151,District - Pilibhit (20),Total,50-54,60906,33713,27193,1158,990,168,53155,30243,22912,6405,2373,4032,133,80,53,55,27,28,0,0,0
09,151,District - Pilibhit (20),Total,55-59,52169,23914,28255,914,753,161,44859,20952,23907,6268,2136,4132,96,60,36,32,13,19,0,0,0
09,151,District - Pilibhit (20),Total,60-64,59693,31403,28290,1692,1217,475,44265,25834,18431,13589,4254,9335,96,64,32,51,34,17,0,0,0
09,151,District - Pilibhit (20),Total,65-69,35550,18490,17060,1508,1013,495,23621,14127,9494,10345,3309,7036,55,32,23,21,9,12,0,0,0
09,151,District - Pilibhit (20),Total,70-74,23735,12671,11064,850,589,261,13082,8880,4202,9761,3176,6585,32,20,12,10,6,4,0,0,0
09,151,District - Pilibhit (20),Total,75-79,9086,4438,4648,474,303,171,4813,2849,1964,3785,1279,2506,10,6,4,4,1,3,0,0,0
09,151,District - Pilibhit (20),Total,80+,15137,7446,7691,2034,1326,708,6721,3994,2727,6358,2109,4249,18,14,4,6,3,3,0,0,0
09,151,District - Pilibhit (20),Total,Age not stated,4582,2387,2195,2493,1441,1052,1884,878,1006,198,65,133,4,2,2,3,1,2,0,0,0
09,151,District - Pilibhit (20),Total,Less than 18,889893,468180,421713,878998,464551,414447,10246,3325,6921,376,160,216,229,117,112,44,27,17,0,0,0
09,151,District - Pilibhit (20),Total,Less than 21,1048969,557439,491530,1004176,544297,459879,43585,12589,30996,732,321,411,387,193,194,89,39,50,0,0,0
09,151,District - Pilibhit (20),Rural,All ages,1679592,886789,792803,917552,516560,400992,697453,345685,351768,61633,22910,38723,2199,1260,939,755,374,381,0,0,0
09,151,District - Pilibhit (20),Rural,0-9,388849,203374,185475,388849,203374,185475,0,0,0,0,0,0,0,0,0,0,0,0,0,0,0
09,151,District - Pilibhit (20),Rural,10-14,238383,125211,113172,234569,123812,110757,3549,1274,2275,124,46,78,121,67,54,20,12,8,0,0,0
09,151,District - Pilibhit (20),Rural,15-19,206193,112351,93842,188186,107931,80255,17526,4202,13324,319,144,175,135,61,74,27,13,14,0,0,0
09,151,District - Pilibhit (20),Rural,20-24,146021,80088,65933,68431,50380,18051,76575,29234,47341,670,322,348,257,127,130,88,25,63,0,0,0
09,151,District - Pilibhit (20),Rural,25-29,120807,63337,57470,16946,14418,2528,102258,48081,54177,1177,622,555,307,158,149,119,58,61,0,0,0
09,151,District - Pilibhit (20),Rural,30-34,109907,55726,54181,5856,5087,769,101823,49480,52343,1801,936,865,296,162,134,131,61,70,0,0,0
09,151,District - Pilibhit (20),Rural,35-39,107147,56101,51046,3004,2684,320,100952,51823,49129,2774,1361,1413,308,178,130,109,55,54,0,0,0
09,151,District - Pilibhit (20),Rural,40-44,84371,46059,38312,1895,1707,188,78432,42437,35995,3717,1706,2011,252,161,91,75,48,27,0,0,0
09,151,District - Pilibhit (20),Rural,45-49,64565,34538,30027,1210,1081,129,59025,31608,27417,4142,1729,2413,143,95,48,45,25,20,0,0,0
09,151,District - Pilibhit (20),Rural,50-54,48095,26786,21309,944,843,101,42030,23860,18170,4960,1985,2975,113,72,41,48,26,22,0,0,0
09,151,District - Pilibhit (20),Rural,55-59,42165,19044,23121,762,653,109,36379,16526,19853,4920,1801,3119,81,55,26,23,9,14,0,0,0
09,151,District - Pilibhit (20),Rural,60-64,50010,26328,23682,1461,1073,388,37109,21474,15635,11314,3694,7620,87,60,27,39,27,12,0,0,0
09,151,District - Pilibhit (20),Rural,65-69,30097,15694,14403,1274,872,402,20020,11926,8094,8741,2862,5879,45,27,18,17,7,10,0,0,0
09,151,District - Pilibhit (20),Rural,70-74,20011,10780,9231,724,519,205,10941,7452,3489,8308,2785,5523,30,19,11,8,5,3,0,0,0
09,151,District - Pilibhit (20),Rural,75-79,7621,3714,3907,391,255,136,4060,2377,1683,3160,1076,2084,7,5,2,3,1,2,0,0,0
09,151,District - Pilibhit (20),Rural,80+,12395,6115,6280,1449,957,492,5561,3353,2208,5368,1792,3576,14,11,3,3,2,1,0,0,0
09,151,District - Pilibhit (20),Rural,Age not stated,2955,1543,1412,1601,914,687,1213,578,635,138,49,89,3,2,1,0,0,0,0,0,0
09,151,District - Pilibhit (20),Rural,Less than 18,753934,396429,357505,744719,393362,351357,8671,2810,5861,321,136,185,192,100,92,31,21,10,0,0,0
09,151,District - Pilibhit (20),Rural,Less than 21,882348,469006,413342,843469,457514,385955,37855,11019,26836,634,279,355,322,162,160,68,32,36,0,0,0
09,151,District - Pilibhit (20),Urban,All ages,351415,185213,166202,192467,109240,83227,145074,72001,73073,13160,3679,9481,465,202,263,249,91,158,0,0,0
09,151,District - Pilibhit (20),Urban,0-9,66784,35245,31539,66784,35245,31539,0,0,0,0,0,0,0,0,0,0,0,0,0,0,0
09,151,District - Pilibhit (20),Urban,10-14,42579,22637,19942,41905,22381,19524,623,232,391,23,11,12,21,10,11,7,3,4,0,0,0
09,151,District - Pilibhit (20),Urban,15-19,45661,24218,21443,42951,23538,19413,2621,642,1979,47,19,28,32,16,16,10,3,7,0,0,0
09,151,District - Pilibhit (20),Urban,20-24,36962,20328,16634,24977,16265,8712,11813,3995,7818,106,44,62,51,18,33,15,6,9,0,0,0
09,151,District - Pilibhit (20),Urban,25-29,28237,14924,13313,8862,6747,2115,19060,8066,10994,215,75,140,61,27,34,39,9,30,0,0,0
09,151,District - Pilibhit (20),Urban,30-34,24173,12475,11698,2729,2162,567,21000,10137,10863,331,130,201,74,31,43,39,15,24,0,0,0
09,151,District - Pilibhit (20),Urban,35-39,23091,11756,11335,940,738,202,21461,10797,10664,572,167,405,76,34,42,42,20,22,0,0,0
09,151,District - Pilibhit (20),Urban,40-44,19799,10512,9287,532,422,110,18271,9770,8501,900,282,618,58,28,30,38,10,28,0,0,0
09,151,District - Pilibhit (20),Urban,45-49,16620,8660,7960,270,196,74,15138,8151,6987,1166,294,872,28,11,17,18,8,10,0,0,0
09,151,District - Pilibhit (20),Urban,50-54,12811,6927,5884,214,147,67,11125,6383,4742,1445,388,1057,20,8,12,7,1,6,0,0,0
09,151,District - Pilibhit (20),Urban,55-59,10004,4870,5134,152,100,52,8480,4426,4054,1348,335,1013,15,5,10,9,4,5,0,0,0
09,151,District - Pilibhit (20),Urban,60-64,9683,5075,4608,231,144,87,7156,4360,2796,2275,560,1715,9,4,5,12,7,5,0,0,0
09,151,District - Pilibhit (20),Urban,65-69,5453,2796,2657,234,141,93,3601,2201,1400,1604,447,1157,10,5,5,4,2,2,0,0,0
09,151,District - Pilibhit (20),Urban,70-74,3724,1891,1833,126,70,56,2141,1428,713,1453,391,1062,2,1,1,2,1,1,0,0,0
09,151,District - Pilibhit (20),Urban,75-79,1465,724,741,83,48,35,753,472,281,625,203,422,3,1,2,1,0,1,0,0,0
09,151,District - Pilibhit (20),Urban,80+,2742,1331,1411,585,369,216,1160,641,519,990,317,673,4,3,1,3,1,2,0,0,0
09,151,District - Pilibhit (20),Urban,Age not stated,1627,844,783,892,527,365,671,300,371,60,16,44,1,0,1,3,1,2,0,0,0
09,151,District - Pilibhit (20),Urban,Less than 18,135959,71751,64208,134279,71189,63090,1575,515,1060,55,24,31,37,17,20,13,6,7,0,0,0
09,151,District - Pilibhit (20),Urban,Less than 21,166621,88433,78188,160707,86783,73924,5730,1570,4160,98,42,56,65,31,34,21,7,14,0,0,0
09,152,District - Shahjahanpur (21),Total,All ages,3006538,1606403,1400135,1654495,947870,706625,1228742,609953,618789,118628,46172,72456,3485,1904,1581,1188,504,684,0,0,0
09,152,District - Shahjahanpur (21),Total,0-9,738794,389849,348945,738794,389849,348945,0,0,0,0,0,0,0,0,0,0,0,0,0,0,0
09,152,District - Shahjahanpur (21),Total,10-14,412455,220583,191872,404582,217669,186913,7349,2682,4667,333,134,199,172,87,85,19,11,8,0,0,0
09,152,District - Shahjahanpur (21),Total,15-19,340138,188118,152020,299011,177498,121513,40288,10265,30023,623,256,367,178,86,92,38,13,25,0,0,0
09,152,District - Shahjahanpur (21),Total,20-24,252123,137914,114209,111130,81160,29970,139290,55974,83316,1254,594,660,338,143,195,111,43,68,0,0,0
09,152,District - Shahjahanpur (21),Total,25-29,217727,115185,102542,36695,30293,6402,177877,83214,94663,2489,1368,1121,492,248,244,174,62,112,0,0,0
09,152,District - Shahjahanpur (21),Total,30-34,196749,101453,95296,15204,13328,1876,177001,85718,91283,3822,2032,1790,530,294,236,192,81,111,0,0,0
09,152,District - Shahjahanpur (21),Total,35-39,189656,101121,88535,8731,7816,915,174133,89816,84317,6122,3115,3007,487,286,201,183,88,95,0,0,0
09,152,District - Shahjahanpur (21),Total,40-44,148594,82160,66434,5755,5270,485,134384,72815,61569,7929,3810,4119,389,211,178,137,54,83,0,0,0
09,152,District - Shahjahanpur (21),Total,45-49,117238,63187,54051,3690,3328,362,104261,55833,48428,8924,3826,5098,265,160,105,98,40,58,0,0,0
09,152,District - Shahjahanpur (21),Total,50-54,89422,50335,39087,3115,2819,296,75331,43071,32260,10727,4302,6425,184,111,73,65,32,33,0,0,0
09,152,District - Shahjahanpur (21),Total,55-59,74498,35642,38856,2279,1996,283,61997,29761,32236,10063,3790,6273,116,72,44,43,23,20,0,0,0
09,152,District - Shahjahanpur (21),Total,60-64,85936,45478,40458,3754,3000,754,61161,35261,25900,20825,7106,13719,143,84,59,53,27,26,0,0,0
09,152,District - Shahjahanpur (21),Total,65-69,52310,27498,24812,2773,2059,714,33404,19887,13517,16033,5492,10541,75,47,28,25,13,12,0,0,0
09,152,District - Shahjahanpur (21),Total,70-74,34617,18811,15806,1624,1264,360,18242,12494,5748,14682,5012,9670,50,37,13,19,4,15,0,0,0
09,152,District - Shahjahanpur (21),Total,75-79,12615,6404,6211,669,490,179,6482,3891,2591,5442,2013,3429,15,8,7,7,2,5,0,0,0
09,152,District - Shahjahanpur (21),Total,80+,19345,9732,9613,2503,1692,811,8289,5024,3265,8517,2992,5525,25,19,6,11,5,6,0,0,0
09,152,District - Shahjahanpur (21),Total,Age not stated,24321,12933,11388,14186,8339,5847,9253,4247,5006,843,330,513,26,11,15,13,6,7,0,0,0
09,152,District - Shahjahanpur (21),Total,Less than 18,1360271,725075,635196,1339834,718516,621318,19398,6107,13291,728,288,440,276,144,132,35,20,15,0,0,0
09,152,District - Shahjahanpur (21),Total,Less than 21,1571740,844568,727172,1489737,818831,670906,80181,24940,55241,1306,553,753,430,209,221,86,35,51,0,0,0
09,152,District - Shahjahanpur (21),Rural,All ages,2412446,1293714,1118732,1330980,764259,566721,983669,488139,495530,94522,39421,55101,2588,1547,1041,687,348,339,0,0,0
09,152,District - Shahjahanpur (21),Rural,0-9,623181,328469,294712,623181,328469,294712,0,0,0,0,0,0,0,0,0,0,0,0,0,0,0
09,152,District - Shahjahanpur (21),Rural,10-14,340309,182604,157705,333731,180204,153527,6149,2212,3937,279,108,171,136,71,65,14,9,5,0,0,0
09,152,District - Shahjahanpur (21),Rural,15-19,265630,148405,117225,229716,139110,90606,35249,8997,26252,506,218,288,134,70,64,25,10,15,0,0,0
09,152,District - Shahjahanpur (21),Rural,20-24,191054,104991,86063,71562,55570,15992,118131,48759,69372,1057,526,531,237,103,134,67,33,34,0,0,0
09,152,District - Shahjahanpur (21),Rural,25-29,168040,88903,79137,21461,18892,2569,144030,68557,75473,2091,1208,883,359,203,156,99,43,56,0,0,0
09,152,District - Shahjahanpur (21),Rural,30-34,155327,79950,75377,10194,9322,872,141446,68527,72919,3185,1797,1388,395,246,149,107,58,49,0,0,0
09,152,District - Shahjahanpur (21),Rural,35-39,149899,80662,69237,6701,6220,481,137726,71407,66319,5033,2763,2270,350,223,127,89,49,40,0,0,0
09,152,District - Shahjahanpur (21),Rural,40-44,115734,64742,50992,4730,4460,270,104374,56785,47589,6258,3286,2972,297,177,120,75,34,41,0,0,0
09,152,District - Shahjahanpur (21),Rural,45-49,89420,48656,40764,3117,2924,193,79262,42337,36925,6793,3241,3552,189,128,61,59,26,33,0,0,0
09,152,District - Shahjahanpur (21),Rural,50-54,68395,38860,29535,2693,2516,177,57326,32616,24710,8211,3619,4592,134,86,48,31,23,8,0,0,0
09,152,District - Shahjahanpur (21),Rural,55-59,57926,27393,30533,1978,1784,194,48233,22331,25902,7595,3202,4393,86,55,31,34,21,13,0,0,0
09,152,District - Shahjahanpur (21),Rural,60-64,70646,37910,32736,3314,2750,564,50386,28909,21477,16797,6158,10639,111,73,38,38,20,18,0,0,0
09,152,District - Shahjahanpur (21),Rural,65-69,42602,22645,19957,2375,1825,550,27065,16064,11001,13082,4705,8377,62,42,20,18,9,9,0,0,0
09,152,District - Shahjahanpur (21),Rural,70-74,27983,15352,12631,1445,1157,288,14561,9948,4613,11918,4208,7710,46,35,11,13,4,9,0,0,0
09,152,District - Shahjahanpur (21),Rural,75-79,9934,5057,4877,584,440,144,5102,2986,2116,4233,1622,2611,10,7,3,5,2,3,0,0,0
09,152,District - Shahjahanpur (21),Rural,80+,15444,7918,7526,1912,1328,584,6722,4091,2631,6782,2477,4305,21,18,3,7,4,3,0,0,0
09,152,District - Shahjahanpur (21),Rural,Age not stated,20922,11197,9725,12286,7288,4998,7907,3613,4294,702,283,419,21,10,11,6,3,3,0,0,0
09,152,District - Shahjahanpur (21),Rural,Less than 18,1128582,602659,525923,1111295,597162,514133,16450,5123,11327,595,240,355,215,118,97,27,16,11,0,0,0
09,152,District - Shahjahanpur (21),Rural,Less than 21,1291402,695676,595726,1220258,673015,547243,69671,21992,47679,1082,473,609,330,168,162,61,28,33,0,0,0
09,152,District - Shahjahanpur (21),Urban,All ages,594092,312689,281403,323515,183611,139904,245073,121814,123259,24106,6751,17355,897,357,540,501,156,345,0,0,0
09,152,District - Shahjahanpur (21),Urban,0-9,115613,61380,54233,115613,61380,54233,0,0,0,0,0,0,0,0,0,0,0,0,0,0,0
09,152,District - Shahjahanpur (21),Urban,10-14,72146,37979,34167,70851,37465,33386,1200,470,730,54,26,28,36,16,20,5,2,3,0,0,0
09,152,District - Shahjahanpur (21),Urban,15-19,74508,39713,34795,69295,38388,30907,5039,1268,3771,117,38,79,44,16,28,13,3,10,0,0,0
09,152,District - Shahjahanpur (21),Urban,20-24,61069,32923,28146,39568,25590,13978,21159,7215,13944,197,68,129,101,40,61,44,10,34,0,0,0
09,152,District - Shahjahanpur (21),Urban,25-29,49687,26282,23405,15234,11401,3833,33847,14657,19190,398,160,238,133,45,88,75,19,56,0,0,0
09,152,District - Shahjahanpur (21),Urban,30-34,41422,21503,19919,5010,4006,1004,35555,17191,18364,637,235,402,135,48,87,85,23,62,0,0,0
09,152,District - Shahjahanpur (21),Urban,35-39,39757,20459,19298,2030,1596,434,36407,18409,17998,1089,352,737,137,63,74,94,39,55,0,0,0
09,152,District - Shahjahanpur (21),Urban,40-44,32860,17418,15442,1025,810,215,30010,16030,13980,1671,524,1147,92,34,58,62,20,42,0,0,0
09,152,District - Shahjahanpur (21),Urban,45-49,27818,14531,13287,573,404,169,24999,13496,11503,2131,585,1546,76,32,44,39,14,25,0,0,0
09,152,District - Shahjahanpur (21),Urban,50-54,21027,11475,9552,422,303,119,18005,10455,7550,2516,683,1833,50,25,25,34,9,25,0,0,0
09,152,District - Shahjahanpur (21),Urban,55-59,16572,8249,8323,301,212,89,13764,7430,6334,2468,588,1880,30,17,13,9,2,7,0,0,0
09,152,District - Shahjahanpur (21),Urban,60-64,15290,7568,7722,440,250,190,10775,6352,4423,4028,948,3080,32,11,21,15,7,8,0,0,0
09,152,District - Shahjahanpur (21),Urban,65-69,9708,4853,4855,398,234,164,6339,3823,2516,2951,787,2164,13,5,8,7,4,3,0,0,0
09,152,District - Shahjahanpur (21),Urban,70-74,6634,3459,3175,179,107,72,3681,2546,1135,2764,804,1960,4,2,2,6,0,6,0,0,0
09,152,District - Shahjahanpur (21),Urban,75-79,2681,1347,1334,85,50,35,1380,905,475,1209,391,818,5,1,4,2,0,2,0,0,0
09,152,District - Shahjahanpur (21),Urban,80+,3901,1814,2087,591,364,227,1567,933,634,1735,515,1220,4,1,3,4,1,3,0,0,0
09,152,District - Shahjahanpur (21),Urban,Age not stated,3399,1736,1663,1900,1051,849,1346,634,712,141,47,94,5,1,4,7,3,4,0,0,0
09,152,District - Shahjahanpur (21),Urban,Less than 18,231689,122416,109273,228539,121354,107185,2948,984,1964,133,48,85,61,26,35,8,4,4,0,0,0
09,152,District - Shahjahanpur (21),Urban,Less than 21,280338,148892,131446,269479,145816,123663,10510,2948,7562,224,80,144,100,41,59,25,7,18,0,0,0
09,153,District - Kheri (22),Total,All ages,4021243,2123187,1898056,2138578,1207479,931099,1718094,852108,865986,156274,59032,97242,6012,3482,2530,2285,1086,1199,0,0,0
09,153,District - Kheri (22),Total,0-9,976083,509344,466739,976083,509344,466739,0,0,0,0,0,0,0,0,0,0,0,0,0,0,0
09,153,District - Kheri (22),Total,10-14,539036,286821,252215,528468,282995,245473,9923,3515,6408,411,187,224,221,116,105,13,8,5,0,0,0
09,153,District - Kheri (22),Total,15-19,443334,245411,197923,394464,233013,161451,47657,11880,35777,857,352,505,282,145,137,74,21,53,0,0,0
09,153,District - Kheri (22),Total,20-24,328438,177959,150479,139621,104265,35356,186105,72460,113645,1763,807,956,668,316,352,281,111,170,0,0,0
09,153,District - Kheri (22),Total,25-29,295706,153480,142226,39954,33229,6725,251104,117884,133220,3305,1685,1620,929,497,432,414,185,229,0,0,0
09,153,District - Kheri (22),Total,30-34,272638,137048,135590,14134,12016,2118,251975,121780,130195,5286,2538,2748,886,527,359,357,187,170,0,0,0
09,153,District - Kheri (22),Total,35-39,263707,138648,125059,7096,6096,1000,247067,128006,119061,8347,3851,4496,863,528,335,334,167,167,0,0,0
09,153,District - Kheri (22),Total,40-44,202155,110073,92082,4249,3710,539,186800,101397,85403,10219,4432,5787,618,389,229,269,145,124,0,0,0
09,153,District - Kheri (22),Total,45-49,158111,83738,74373,2616,2240,376,143556,76654,66902,11336,4492,6844,453,278,175,150,74,76,0,0,0
09,153,District - Kheri (22),Total,50-54,118798,65628,53170,2125,1788,337,102864,58385,44479,13371,5195,8176,344,213,131,94,47,47,0,0,0
09,153,District - Kheri (22),Total,55-59,102234,47175,55059,1575,1222,353,87860,41207,46653,12549,4602,7947,187,110,77,63,34,29,0,0,0
09,153,District - Kheri (22),Total,60-64,116606,61240,55366,3138,2146,992,87396,50265,37131,25758,8651,17107,233,149,84,81,29,52,0,0,0
09,153,District - Kheri (22),Total,65-69,72318,37322,34996,2733,1759,974,49169,28666,20503,20255,6784,13471,114,81,33,47,32,15,0,0,0
09,153,District - Kheri (22),Total,70-74,49804,26827,22977,1465,1016,449,28134,18811,9323,20099,6934,13165,71,48,23,35,18,17,0,0,0
09,153,District - Kheri (22),Total,75-79,19982,9925,10057,742,504,238,11181,6474,4707,8007,2919,5088,36,23,13,16,5,11,0,0,0
09,153,District - Kheri (22),Total,80+,31090,16029,15061,2974,1933,1041,14446,8887,5559,13596,5172,8424,49,27,22,25,10,15,0,0,0
09,153,District - Kheri (22),Total,Age not stated,31203,16519,14684,17141,10203,6938,12857,5837,7020,1115,431,684,58,35,23,32,13,19,0,0,0
09,153,District - Kheri (22),Total,Less than 18,1789734,946682,843052,1763058,938195,824863,25334,7885,17449,942,397,545,358,184,174,42,21,21,0,0,0
09,153,District - Kheri (22),Total,Less than 21,2059019,1099456,959563,1959108,1069173,889935,97354,29157,68197,1727,741,986,661,328,333,169,57,112,0,0,0
09,153,District - Kheri (22),Rural,All ages,3560208,1880679,1679529,1896137,1069944,826193,1518948,752874,766074,137923,53681,84242,5298,3201,2097,1902,979,923,0,0,0
09,153,District - Kheri (22),Rural,0-9,885153,461321,423832,885153,461321,423832,0,0,0,0,0,0,0,0,0,0,0,0,0,0,0
09,153,District - Kheri (22),Rural,10-14,483864,257324,226540,474357,253901,220456,8931,3152,5779,369,166,203,197,99,98,10,6,4,0,0,0
09,153,District - Kheri (22),Rural,15-19,388102,215801,172301,343629,204503,139126,43394,10829,32565,765,320,445,250,129,121,64,20,44,0,0,0
09,153,District - Kheri (22),Rural,20-24,283072,153448,129624,111735,85886,25849,168919,66413,102506,1595,752,843,584,295,289,239,102,137,0,0,0
09,153,District - Kheri (22),Rural,25-29,257536,133623,123913,29756,25659,4097,223660,105793,117867,2947,1536,1411,824,464,360,349,171,178,0,0,0
09,153,District - Kheri (22),Rural,30-34,239845,120387,119458,11046,9618,1428,222996,107752,115244,4729,2354,2375,771,490,281,303,173,130,0,0,0
09,153,District - Kheri (22),Rural,35-39,232019,122468,109551,5983,5220,763,217612,113055,104557,7408,3571,3837,754,478,276,262,144,118,0,0,0
09,153,District - Kheri (22),Rural,40-44,176286,96337,79949,3683,3262,421,162823,88499,74324,9013,4082,4931,550,367,183,217,127,90,0,0,0
09,153,District - Kheri (22),Rural,45-49,136464,72501,63963,2307,2022,285,123881,66103,57778,9757,4058,5699,396,253,143,123,65,58,0,0,0
09,153,District - Kheri (22),Rural,50-54,101843,56507,45336,1880,1614,266,88066,49988,38078,11527,4671,6856,292,191,101,78,43,35,0,0,0
09,153,District - Kheri (22),Rural,55-59,88651,40393,48258,1401,1114,287,76335,35083,41252,10699,4065,6634,161,100,61,55,31,24,0,0,0
09,153,District - Kheri (22),Rural,60-64,104174,54719,49455,2901,2008,893,78116,44649,33467,22871,7893,14978,218,141,77,68,28,40,0,0,0
09,153,District - Kheri (22),Rural,65-69,64826,33480,31346,2513,1645,868,44133,25575,18558,18038,6160,11878,104,74,30,38,26,12,0,0,0
09,153,District - Kheri (22),Rural,70-74,44697,24231,20466,1348,942,406,25290,16862,8428,17962,6366,11596,66,45,21,31,16,15,0,0,0
09,153,District - Kheri (22),Rural,75-79,17817,8884,8933,663,453,210,10054,5786,4268,7053,2619,4434,34,21,13,13,5,8,0,0,0
09,153,District - Kheri (22),Rural,80+,28054,14484,13570,2618,1708,910,13174,8068,5106,12193,4673,7520,46,25,21,23,10,13,0,0,0
09,153,District - Kheri (22),Rural,Age not stated,27805,14771,13034,15164,9068,6096,11564,5267,6297,997,395,602,51,29,22,29,12,17,0,0,0
09,153,District - Kheri (22),Rural,Less than 18,1611032,851892,759140,1587121,844269,742852,22701,7084,15617,853,358,495,321,163,158,36,18,18,0,0,0
09,153,District - Kheri (22),Rural,Less than 21,1844860,985296,859564,1753933,957547,796386,88639,26727,61912,1554,676,878,586,292,294,148,54,94,0,0,0
09,153,District - Kheri (22),Urban,All ages,461035,242508,218527,242441,137535,104906,199146,99234,99912,18351,5351,13000,714,281,433,383,107,276,0,0,0
09,153,District - Kheri (22),Urban,0-9,90930,48023,42907,90930,48023,42907,0,0,0,0,0,0,0,0,0,0,0,0,0,0,0
09,153,District - Kheri (22),Urban,10-14,55172,29497,25675,54111,29094,25017,992,363,629,42,21,21,24,17,7,3,2,1,0,0,0
09,153,District - Kheri (22),Urban,15-19,55232,29610,25622,50835,28510,22325,4263,1051,3212,92,32,60,32,16,16,10,1,9,0,0,0
09,153,District - Kheri (22),Urban,20-24,45366,24511,20855,27886,18379,9507,17186,6047,11139,168,55,113,84,21,63,42,9,33,0,0,0
09,153,District - Kheri (22),Urban,25-29,38170,19857,18313,10198,7570,2628,27444,12091,15353,358,149,209,105,33,72,65,14,51,0,0,0
09,153,District - Kheri (22),Urban,30-34,32793,16661,16132,3088,2398,690,28979,14028,14951,557,184,373,115,37,78,54,14,40,0,0,0
09,153,District - Kheri (22),Urban,35-39,31688,16180,15508,1113,876,237,29455,14951,14504,939,280,659,109,50,59,72,23,49,0,0,0
09,153,District - Kheri (22),Urban,40-44,25869,13736,12133,566,448,118,23977,12898,11079,1206,350,856,68,22,46,52,18,34,0,0,0
09,153,District - Kheri (22),Urban,45-49,21647,11237,10410,309,218,91,19675,10551,9124,1579,434,1145,57,25,32,27,9,18,0,0,0
09,153,District - Kheri (22),Urban,50-54,16955,9121,7834,245,174,71,14798,8397,6401,1844,524,1320,52,22,30,16,4,12,0,0,0
09,153,District - Kheri (22),Urban,55-59,13583,6782,6801,174,108,66,11525,6124,5401,1850,537,1313,26,10,16,8,3,5,0,0,0
09,153,District - Kheri (22),Urban,60-64,12432,6521,5911,237,138,99,9280,5616,3664,2887,758,2129,15,8,7,13,1,12,0,0,0
09,153,District - Kheri (22),Urban,65-69,7492,3842,3650,220,114,106,5036,3091,1945,2217,624,1593,10,7,3,9,6,3,0,0,0
09,153,District - Kheri (22),Urban,70-74,5107,2596,2511,117,74,43,2844,1949,895,2137,568,1569,5,3,2,4,2,2,0,0,0
09,153,District - Kheri (22),Urban,75-79,2165,1041,1124,79,51,28,1127,688,439,954,300,654,2,2,0,3,0,3,0,0,0
09,153,District - Kheri (22),Urban,80+,3036,1545,1491,356,225,131,1272,819,453,1403,499,904,3,2,1,2,0,2,0,0,0
09,153,District - Kheri (22),Urban,Age not stated,3398,1748,1650,1977,1135,842,1293,570,723,118,36,82,7,6,1,3,1,2,0,0,0
09,153,District - Kheri (22),Urban,Less than 18,178702,94790,83912,175937,93926,82011,2633,801,1832,89,39,50,37,21,16,6,3,3,0,0,0
09,153,District - Kheri (22),Urban,Less than 21,214159,114160,99999,205175,111626,93549,8715,2430,6285,173,65,108,75,36,39,21,3,18,0,0,0
09,154,District - Sitapur (23),Total,All ages,4483992,2375264,2108728,2395761,1358604,1037157,1896998,938305,958693,180427,71723,108704,7776,4990,2786,3030,1642,1388,0,0,0
09,154,District - Sitapur (23),Total,0-9,1093135,568278,524857,1093135,568278,524857,0,0,0,0,0,0,0,0,0,0,0,0,0,0,0
09,154,District - Sitapur (23),Total,10-14,598997,319733,279264,586342,314912,271430,11760,4374,7386,537,238,299,316,187,129,42,22,20,0,0,0
09,154,District - Sitapur (23),Total,15-19,479827,266593,213234,426850,252741,174109,51440,13179,38261,1067,461,606,353,168,185,117,44,73,0,0,0
09,154,District - Sitapur (23),Total,20-24,365104,199726,165378,160852,120048,40804,201121,78038,123083,1967,1049,918,833,447,386,331,144,187,0,0,0
09,154,District - Sitapur (23),Total,25-29,325320,170617,154703,49852,41620,8232,269914,125819,144095,3845,2170,1675,1180,729,451,529,279,250,0,0,0
09,154,District - Sitapur (23),Total,30-34,300981,152975,148006,19469,16901,2568,274075,131808,142267,5834,3241,2593,1123,747,376,480,278,202,0,0,0
09,154,District - Sitapur (23),Total,35-39,292422,155207,137215,10587,9350,1237,271232,140105,131127,9076,4739,4337,1095,753,342,432,260,172,0,0,0
09,154,District - Sitapur (23),Total,40-44,228462,125446,103016,6684,5953,731,208931,112956,95975,11612,5728,5884,869,602,267,366,207,159,0,0,0
09,154,District - Sitapur (23),Total,45-49,179122,95637,83485,4251,3741,510,161168,85648,75520,12909,5713,7196,581,404,177,213,131,82,0,0,0
09,154,District - Sitapur (23),Total,50-54,135632,75846,59786,3259,2838,421,116524,66329,50195,15277,6296,8981,417,295,122,155,88,67,0,0,0
09,154,District - Sitapur (23),Total,55-59,111093,51908,59185,2205,1793,412,94494,44368,50126,14049,5532,8517,258,170,88,87,45,42,0,0,0
09,154,District - Sitapur (23),Total,60-64,127554,65829,61725,3871,2781,1090,95704,53240,42464,27561,9572,17989,301,179,122,117,57,60,0,0,0
09,154,District - Sitapur (23),Total,65-69,86674,44294,42380,3514,2371,1143,59540,33777,25763,23382,7989,15393,181,123,58,57,34,23,0,0,0
09,154,District - Sitapur (23),Total,70-74,62272,33426,28846,2201,1542,659,35364,23431,11933,24542,8342,16200,117,84,33,48,27,21,0,0,0
09,154,District - Sitapur (23),Total,75-79,25686,12745,12941,1056,700,356,14359,8216,6143,10221,3802,6419,34,20,14,16,7,9,0,0,0
09,154,District - Sitapur (23),Total,80+,39407,19941,19466,4034,2671,1363,17923,10812,7111,17361,6395,10966,67,52,15,22,11,11,0,0,0
09,154,District - Sitapur (23),Total,Age not stated,32304,17063,15241,17599,10364,7235,13449,6205,7244,1187,456,731,51,30,21,18,8,10,0,0,0
09,154,District - Sitapur (23),Total,Less than 18,1988152,1051405,936747,1958602,1041171,917431,27785,9409,18376,1188,505,683,490,273,217,87,47,40,0,0,0
09,154,District - Sitapur (23),Total,Less than 21,2287142,1221769,1065373,2176702,1187283,989419,107145,32967,74178,2164,960,1204,878,458,420,253,101,152,0,0,0
09,154,District - Sitapur (23),Rural,All ages,3953208,2098123,1855085,2104406,1195840,908566,1679283,830407,848876,160059,65773,94286,6928,4602,2326,2532,1501,1031,0,0,0
09,154,District - Sitapur (23),Rural,0-9,985491,512150,473341,985491,512150,473341,0,0,0,0,0,0,0,0,0,0,0,0,0,0,0
09,154,District - Sitapur (23),Rural,10-14,534311,285631,248680,523026,281322,241704,10529,3927,6602,441,199,242,276,163,113,39,20,19,0,0,0
09,154,District - Sitapur (23),Rural,15-19,415050,232361,182689,366759,219772,146987,46980,12008,34972,904,398,506,306,142,164,101,41,60,0,0,0
09,154,District - Sitapur (23),Rural,20-24,309470,169703,139767,124271,96733,27538,182486,71509,110977,1705,920,785,738,415,323,270,126,144,0,0,0
09,154,District - Sitapur (23),Rural,25-29,282290,148206,134084,37091,32381,4710,240310,112901,127409,3419,1987,1432,1033,677,356,437,260,177,0,0,0
09,154,District - Sitapur (23),Rural,30-34,264916,134656,130260,15609,13955,1654,242685,116734,125951,5237,3015,2222,989,693,296,396,259,137,0,0,0
09,154,District - Sitapur (23),Rural,35-39,257346,137130,120216,9023,8184,839,238907,123581,115326,8068,4425,3643,987,699,288,361,241,120,0,0,0
09,154,District - Sitapur (23),Rural,40-44,199783,110540,89243,5904,5394,510,182540,99073,83467,10251,5321,4930,788,564,224,300,188,112,0,0,0
09,154,District - Sitapur (23),Rural,45-49,154958,83012,71946,3801,3425,376,139341,73848,65493,11116,5250,5866,527,378,149,173,111,62,0,0,0
09,154,District - Sitapur (23),Rural,50-54,117197,65955,51242,2928,2609,319,100476,57231,43245,13277,5756,7521,379,276,103,137,83,54,0,0,0
09,154,District - Sitapur (23),Rural,55-59,96603,44802,51801,2005,1671,334,82243,37951,44292,12057,4985,7072,228,156,72,70,39,31,0,0,0
09,154,District - Sitapur (23),Rural,60-64,114043,58859,55184,3367,2489,878,85800,47393,38407,24505,8768,15737,266,159,107,105,50,55,0,0,0
09,154,District - Sitapur (23),Rural,65-69,77806,39888,37918,2938,2067,871,53759,30344,23415,20892,7333,13559,166,112,54,51,32,19,0,0,0
09,154,District - Sitapur (23),Rural,70-74,56181,30237,25944,1927,1378,549,31895,21120,10775,22210,7636,14574,108,77,31,41,26,15,0,0,0
09,154,District - Sitapur (23),Rural,75-79,23114,11462,11652,928,626,302,12967,7330,5637,9172,3481,5691,32,18,14,15,7,8,0,0,0
09,154,District - Sitapur (23),Rural,80+,35209,17941,17268,3353,2241,1112,16055,9769,6286,15719,5874,9845,61,46,15,21,11,10,0,0,0
09,154,District - Sitapur (23),Rural,Age not stated,29440,15590,13850,15985,9443,6542,12310,5688,6622,1086,425,661,44,27,17,15,7,8,0,0,0
09,154,District - Sitapur (23),Rural,Less than 18,1777767,941387,836380,1751422,932251,819171,24845,8430,16415,997,430,567,424,233,191,79,43,36,0,0,0
09,154,District - Sitapur (23),Rural,Less than 21,2033485,1088400,945085,1932827,1056721,876106,97841,30357,67484,1825,825,1000,776,403,373,216,94,122,0,0,0
09,154,District - Sitapur (23),Urban,All ages,530784,277141,253643,291355,162764,128591,217715,107898,109817,20368,5950,14418,848,388,460,498,141,357,0,0,0
09,154,District - Sitapur (23),Urban,0-9,107644,56128,51516,107644,56128,51516,0,0,0,0,0,0,0,0,0,0,0,0,0,0,0
09,154,District - Sitapur (23),Urban,10-14,64686,34102,30584,63316,33590,29726,1231,447,784,96,39,57,40,24,16,3,2,1,0,0,0
09,154,District - Sitapur (23),Urban,15-19,64777,34232,30545,60091,32969,27122,4460,1171,3289,163,63,100,47,26,21,16,3,13,0,0,0
09,154,District - Sitapur (23),Urban,20-24,55634,30023,25611,36581,23315,13266,18635,6529,12106,262,129,133,95,32,63,61,18,43,0,0,0
09,154,District - Sitapur (23),Urban,25-29,43030,22411,20619,12761,9239,3522,29604,12918,16686,426,183,243,147,52,95,92,19,73,0,0,0
09,154,District - Sitapur (23),Urban,30-34,36065,18319,17746,3860,2946,914,31390,15074,16316,597,226,371,134,54,80,84,19,65,0,0,0
09,154,District - Sitapur (23),Urban,35-39,35076,18077,16999,1564,1166,398,32325,16524,15801,1008,314,694,108,54,54,71,19,52,0,0,0
09,154,District - Sitapur (23),Urban,40-44,28679,14906,13773,780,559,221,26391,13883,12508,1361,407,954,81,38,43,66,19,47,0,0,0
09,154,District - Sitapur (23),Urban,45-49,24164,12625,11539,450,316,134,21827,11800,10027,1793,463,1330,54,26,28,40,20,20,0,0,0
09,154,District - Sitapur (23),Urban,50-54,18435,9891,8544,331,229,102,16048,9098,6950,2000,540,1460,38,19,19,18,5,13,0,0,0
09,154,District - Sitapur (23),Urban,55-59,14490,7106,7384,200,122,78,12251,6417,5834,1992,547,1445,30,14,16,17,6,11,0,0,0
09,154,District - Sitapur (23),Urban,60-64,13511,6970,6541,504,292,212,9904,5847,4057,3056,804,2252,35,20,15,12,7,5,0,0,0
09,154,District - Sitapur (23),Urban,65-69,8868,4406,4462,576,304,272,5781,3433,2348,2490,656,1834,15,11,4,6,2,4,0,0,0
09,154,District - Sitapur (23),Urban,70-74,6091,3189,2902,274,164,110,3469,2311,1158,2332,706,1626,9,7,2,7,1,6,0,0,0
09,154,District - Sitapur (23),Urban,75-79,2572,1283,1289,128,74,54,1392,886,506,1049,321,728,2,2,0,1,0,1,0,0,0
09,154,District - Sitapur (23),Urban,80+,4198,2000,2198,681,430,251,1868,1043,825,1642,521,1121,6,6,0,1,0,1,0,0,0
09,154,District - Sitapur (23),Urban,Age not stated,2864,1473,1391,1614,921,693,1139,517,622,101,31,70,7,3,4,3,1,2,0,0,0
09,154,District - Sitapur (23),Urban,Less than 18,210385,110018,100367,207180,108920,98260,2940,979,1961,191,75,116,66,40,26,8,4,4,0,0,0
09,154,District - Sitapur (23),Urban,Less than 21,253657,133369,120288,243875,130562,113313,9304,2610,6694,339,135,204,102,55,47,37,7,30,0,0,0
09,155,District - Hardoi (24),Total,All ages,4092845,2191442,1901403,2197130,1269841,927289,1714001,848432,865569,173437,67770,105667,6335,4264,2071,1942,1135,807,0,0,0
09,155,District - Hardoi (24),Total,0-9,962897,506436,456461,962897,506436,456461,0,0,0,0,0,0,0,0,0,0,0,0,0,0,0
09,155,District - Hardoi (24),Total,10-14,550471,293653,256818,539726,289721,250005,10009,3590,6419,457,199,258,244,125,119,35,18,17,0,0,0
09,155,District - Hardoi (24),Total,15-19,456067,259446,196621,409737,247763,161974,45087,11141,33946,904,385,519,272,133,139,67,24,43,0,0,0
09,155,District - Hardoi (24),Total,20-24,337130,189818,147312,154696,118906,35790,179888,69622,110266,1768,878,890,598,325,273,180,87,93,0,0,0
09,155,District - Hardoi (24),Total,25-29,291799,156252,135547,47678,41112,6566,239638,112436,127202,3296,1948,1348,906,589,317,281,167,114,0,0,0
09,155,District - Hardoi (24),Total,30-34,266253,136816,129437,19355,17225,2130,240337,115624,124713,5321,3117,2204,961,682,279,279,168,111,0,0,0
09,155,District - Hardoi (24),Total,35-39,262120,139474,122646,11382,10370,1012,240986,123519,117467,8519,4713,3806,917,657,260,316,215,101,0,0,0
09,155,District - Hardoi (24),Total,40-44,209814,115691,94123,7400,6751,649,190462,102614,87848,10983,5651,5332,766,541,225,203,134,69,0,0,0
09,155,District - Hardoi (24),Total,45-49,167119,89453,77666,4530,4163,367,149683,79194,70489,12261,5639,6622,480,358,122,165,99,66,0,0,0
09,155,District - Hardoi (24),Total,50-54,128186,71629,56557,3565,3242,323,109414,61845,47569,14749,6229,8520,341,251,90,117,62,55,0,0,0
09,155,District - Hardoi (24),Total,55-59,107299,50642,56657,2480,2129,351,90857,42972,47885,13664,5342,8322,224,159,65,74,40,34,0,0,0
09,155,District - Hardoi (24),Total,60-64,128356,65880,62476,4828,3648,1180,94322,52461,41861,28841,9520,19321,272,202,70,93,49,44,0,0,0
09,155,District - Hardoi (24),Total,65-69,83927,43257,40670,4526,3113,1413,55242,32265,22977,23970,7753,16217,144,97,47,45,29,16,0,0,0
09,155,District - Hardoi (24),Total,70-74,56867,29972,26895,2405,1770,635,30994,20608,10386,23352,7521,15831,87,63,24,29,10,19,0,0,0
09,155,District - Hardoi (24),Total,75-79,21841,10729,11112,1013,711,302,11501,6726,4775,9276,3257,6019,33,24,9,18,11,7,0,0,0
09,155,District - Hardoi (24),Total,80+,33512,16611,16901,3992,2692,1300,14435,8659,5776,15014,5223,9791,47,24,23,24,13,11,0,0,0
09,155,District - Hardoi (24),Total,Age not stated,29187,15683,13504,16920,10089,6831,11146,5156,5990,1062,395,667,43,34,9,16,9,7,0,0,0
09,155,District - Hardoi (24),Total,Less than 18,1794529,956945,837584,1768791,948349,820442,24237,7942,16295,1056,435,621,382,188,194,63,31,32,0,0,0
09,155,District - Hardoi (24),Total,Less than 21,2077256,1123412,953844,1979998,1094257,885741,94572,27987,66585,1875,785,1090,670,332,338,141,51,90,0,0,0
09,155,District - Hardoi (24),Rural,All ages,3551039,1906147,1644892,1905477,1104128,801349,1486626,736037,750589,151831,61076,90755,5575,3902,1673,1530,1004,526,0,0,0
09,155,District - Hardoi (24),Rural,0-9,854469,449512,404957,854469,449512,404957,0,0,0,0,0,0,0,0,0,0,0,0,0,0,0
09,155,District - Hardoi (24),Rural,10-14,483930,258437,225493,474563,254985,219578,8715,3139,5576,404,183,221,221,114,107,27,16,11,0,0,0
09,155,District - Hardoi (24),Rural,15-19,388678,223106,165572,347498,212739,134759,40093,9885,30208,795,346,449,237,112,125,55,24,31,0,0,0
09,155,District - Hardoi (24),Rural,20-24,282929,160068,122861,121009,96353,24656,159746,62569,97177,1529,783,746,500,282,218,145,81,64,0,0,0
09,155,District - Hardoi (24),Rural,25-29,249173,133685,115488,35949,32192,3757,209311,99037,110274,2874,1758,1116,805,542,263,234,156,78,0,0,0
09,155,District - Hardoi (24),Rural,30-34,229915,118309,111606,15636,14269,1367,208550,100429,108121,4676,2840,1836,847,631,216,206,140,66,0,0,0
09,155,District - Hardoi (24),Rural,35-39,225911,120913,104998,9775,9097,678,207608,106689,100919,7491,4326,3165,794,611,183,243,190,53,0,0,0
09,155,District - Hardoi (24),Rural,40-44,179616,99732,79884,6545,6077,468,162734,87907,74827,9511,5142,4369,673,495,178,153,111,42,0,0,0
09,155,District - Hardoi (24),Rural,45-49,141452,76074,65378,4081,3820,261,126449,66769,59680,10376,5072,5304,422,325,97,124,88,36,0,0,0
09,155,District - Hardoi (24),Rural,50-54,108898,61304,47594,3234,2995,239,92667,52428,40239,12599,5601,6998,304,227,77,94,53,41,0,0,0
09,155,District - Hardoi (24),Rural,55-59,91647,42981,48666,2252,1984,268,77567,36076,41491,11576,4741,6835,198,146,52,54,34,20,0,0,0
09,155,District - Hardoi (24),Rural,60-64,113541,58223,55318,4375,3382,993,83417,46020,37397,25418,8580,16838,254,195,59,77,46,31,0,0,0
09,155,District - Hardoi (24),Rural,65-69,74452,38407,36045,3976,2800,1176,49034,28501,20533,21268,6991,14277,135,90,45,39,25,14,0,0,0
09,155,District - Hardoi (24),Rural,70-74,50730,26856,23874,2151,1616,535,27568,18324,9244,20908,6853,14055,75,54,21,28,9,19,0,0,0
09,155,District - Hardoi (24),Rural,75-79,19296,9449,9847,905,653,252,10182,5897,4285,8163,2868,5295,30,22,8,16,9,7,0,0,0
09,155,District - Hardoi (24),Rural,80+,29199,14506,14693,3320,2282,1038,12561,7563,4998,13256,4625,8631,41,23,18,21,13,8,0,0,0
09,155,District - Hardoi (24),Rural,Age not stated,27203,14585,12618,15739,9372,6367,10424,4804,5620,987,367,620,39,33,6,14,9,5,0,0,0
09,155,District - Hardoi (24),Rural,Less than 18,1579921,843874,736047,1557545,836365,721180,21062,6920,14142,926,395,531,337,165,172,51,29,22,0,0,0
09,155,District - Hardoi (24),Rural,Less than 21,1818435,985821,832614,1731902,959678,772224,84176,25088,59088,1652,716,936,591,291,300,114,48,66,0,0,0
09,155,District - Hardoi (24),Urban,All ages,541806,285295,256511,291653,165713,125940,227375,112395,114980,21606,6694,14912,760,362,398,412,131,281,0,0,0
09,155,District - Hardoi (24),Urban,0-9,108428,56924,51504,108428,56924,51504,0,0,0,0,0,0,0,0,0,0,0,0,0,0,0
09,155,District - Hardoi (24),Urban,10-14,66541,35216,31325,65163,34736,30427,1294,451,843,53,16,37,23,11,12,8,2,6,0,0,0
09,155,District - Hardoi (24),Urban,15-19,67389,36340,31049,62239,35024,27215,4994,1256,3738,109,39,70,35,21,14,12,0,12,0,0,0
09,155,District - Hardoi (24),Urban,20-24,54201,29750,24451,33687,22553,11134,20142,7053,13089,239,95,144,98,43,55,35,6,29,0,0,0
09,155,District - Hardoi (24),Urban,25-29,42626,22567,20059,11729,8920,2809,30327,13399,16928,422,190,232,101,47,54,47,11,36,0,0,0
09,155,District - Hardoi (24),Urban,30-34,36338,18507,17831,3719,2956,763,31787,15195,16592,645,277,368,114,51,63,73,28,45,0,0,0
09,155,District - Hardoi (24),Urban,35-39,36209,18561,17648,1607,1273,334,33378,16830,16548,1028,387,641,123,46,77,73,25,48,0,0,0
09,155,District - Hardoi (24),Urban,40-44,30198,15959,14239,855,674,181,27728,14707,13021,1472,509,963,93,46,47,50,23,27,0,0,0
09,155,District - Hardoi (24),Urban,45-49,25667,13379,12288,449,343,106,23234,12425,10809,1885,567,1318,58,33,25,41,11,30,0,0,0
09,155,District - Hardoi (24),Urban,50-54,19288,10325,8963,331,247,84,16747,9417,7330,2150,628,1522,37,24,13,23,9,14,0,0,0
09,155,District - Hardoi (24),Urban,55-59,15652,7661,7991,228,145,83,13290,6896,6394,2088,601,1487,26,13,13,20,6,14,0,0,0
09,155,District - Hardoi (24),Urban,60-64,14815,7657,7158,453,266,187,10905,6441,4464,3423,940,2483,18,7,11,16,3,13,0,0,0
09,155,District - Hardoi (24),Urban,65-69,9475,4850,4625,550,313,237,6208,3764,2444,2702,762,1940,9,7,2,6,4,2,0,0,0
09,155,District - Hardoi (24),Urban,70-74,6137,3116,3021,254,154,100,3426,2284,1142,2444,668,1776,12,9,3,1,1,0,0,0,0
09,155,District - Hardoi (24),Urban,75-79,2545,1280,1265,108,58,50,1319,829,490,1113,389,724,3,2,1,2,2,0,0,0,0
09,155,District - Hardoi (24),Urban,80+,4313,2105,2208,672,410,262,1874,1096,778,1758,598,1160,6,1,5,3,0,3,0,0,0
09,155,District - Hardoi (24),Urban,Age not stated,1984,1098,886,1181,717,464,722,352,370,75,28,47,4,1,3,2,0,2,0,0,0
09,155,District - Hardoi (24),Urban,Less than 18,214608,113071,101537,211246,111984,99262,3175,1022,2153,130,40,90,45,23,22,12,2,10,0,0,0
09,155,District - Hardoi (24),Urban,Less than 21,258821,137591,121230,248096,134579,113517,10396,2899,7497,223,69,154,79,41,38,27,3,24,0,0,0
09,156,District - Unnao (25),Total,All ages,3108367,1630087,1478280,1630681,924073,706608,1332158,653878,678280,138075,47866,90209,5764,3455,2309,1689,815,874,0,0,0
09,156,District - Unnao (25),Total,0-9,649029,338181,310848,649029,338181,310848,0,0,0,0,0,0,0,0,0,0,0,0,0,0,0
09,156,District - Unnao (25),Total,10-14,395969,207965,188004,388157,205144,183013,7301,2573,4728,333,152,181,143,76,67,35,20,15,0,0,0
09,156,District - Unnao (25),Total,15-19,367432,197870,169562,339319,190881,148438,27167,6610,20557,658,270,388,213,86,127,75,23,52,0,0,0
09,156,District - Unnao (25),Total,20-24,269249,152404,116845,149249,110177,39072,118144,41465,76679,1127,463,664,573,246,327,156,53,103,0,0,0
09,156,District - Unnao (25),Total,25-29,212027,111444,100583,39800,33255,6545,169067,76601,92466,2067,1006,1061,830,460,370,263,122,141,0,0,0
09,156,District - Unnao (25),Total,30-34,196611,97015,99596,12940,11127,1813,179097,83587,95510,3481,1649,1832,839,515,324,254,137,117,0,0,0
09,156,District - Unnao (25),Total,35-39,202394,103750,98644,6132,5322,810,189189,95092,94097,6004,2696,3308,804,516,288,265,124,141,0,0,0
09,156,District - Unnao (25),Total,40-44,171204,91253,79951,3888,3398,490,157988,83704,74284,8401,3538,4863,737,512,225,190,101,89,0,0,0
09,156,District - Unnao (25),Total,45-49,136642,72555,64087,2416,2073,343,123990,66294,57696,9612,3774,5838,496,343,153,128,71,57,0,0,0
09,156,District - Unnao (25),Total,50-54,103114,56822,46292,1823,1563,260,89733,50930,38803,11110,4053,7057,351,227,124,97,49,48,0,0,0
09,156,District - Unnao (25),Total,55-59,87838,40771,47067,1362,1095,267,75445,35700,39745,10815,3845,6970,171,99,72,45,32,13,0,0,0
09,156,District - Unnao (25),Total,60-64,100257,50688,49569,2110,1485,625,75370,42236,33134,22492,6790,15702,230,147,83,55,30,25,0,0,0
09,156,District - Unnao (25),Total,65-69,66631,33313,33318,1857,1205,652,45756,26386,19370,18858,5632,13226,123,80,43,37,10,27,0,0,0
09,156,District - Unnao (25),Total,70-74,47838,24619,23219,1177,773,404,27060,17929,9131,19490,5849,13641,87,56,31,24,12,12,0,0,0
09,156,District - Unnao (25),Total,75-79,19857,9767,10090,576,376,200,10909,6513,4396,8338,2857,5481,25,16,9,9,5,4,0,0,0
09,156,District - Unnao (25),Total,80+,27927,13824,14103,2895,1807,1088,12026,7491,4535,12952,4503,8449,42,20,22,12,3,9,0,0,0
09,156,District - Unnao (25),Total,Age not stated,54348,27846,26502,27951,16211,11740,23916,10767,13149,2337,789,1548,100,56,44,44,23,21,0,0,0
09,156,District - Unnao (25),Total,Less than 18,1268967,663548,605419,1250286,657470,592816,17604,5605,11999,769,320,449,236,119,117,72,34,38,0,0,0
09,156,District - Unnao (25),Total,Less than 21,1497512,793828,703684,1437631,777136,660495,57950,15890,42060,1309,540,769,478,207,271,144,55,89,0,0,0
09,156,District - Unnao (25),Rural,All ages,2576721,1351897,1224824,1356175,768041,588134,1097447,538415,559032,117017,41724,75293,4839,3055,1784,1243,662,581,0,0,0
09,156,District - Unnao (25),Rural,0-9,551991,287188,264803,551991,287188,264803,0,0,0,0,0,0,0,0,0,0,0,0,0,0,0
09,156,District - Unnao (25),Rural,10-14,335544,176138,159406,329077,173807,155270,6046,2126,3920,277,126,151,120,63,57,24,16,8,0,0,0
09,156,District - Unnao (25),Rural,15-19,303833,164150,139683,280448,158359,122089,22597,5477,17120,557,229,328,179,70,109,52,15,37,0,0,0
09,156,District - Unnao (25),Rural,20-24,214739,122458,92281,114074,86563,27511,99135,35249,63886,948,401,547,462,201,261,120,44,76,0,0,0
09,156,District - Unnao (25),Rural,25-29,169518,89380,80138,28115,24347,3768,138761,63637,75124,1749,876,873,698,418,280,195,102,93,0,0,0
09,156,District - Unnao (25),Rural,30-34,159614,78336,81278,9469,8346,1123,146372,67990,78382,2897,1432,1465,689,454,235,187,114,73,0,0,0
09,156,District - Unnao (25),Rural,35-39,165737,85218,80519,4881,4334,547,154956,77957,76999,5057,2380,2677,665,456,209,178,91,87,0,0,0
09,156,District - Unnao (25),Rural,40-44,139453,74730,64723,3234,2891,343,128422,68160,60262,7022,3135,3887,633,457,176,142,87,55,0,0,0
09,156,District - Unnao (25),Rural,45-49,110252,58682,51570,2034,1781,253,99837,53252,46585,7876,3294,4582,412,296,116,93,59,34,0,0,0
09,156,District - Unnao (25),Rural,50-54,83251,46021,37230,1521,1337,184,72298,40950,31348,9059,3492,5567,296,201,95,77,41,36,0,0,0
09,156,District - Unnao (25),Rural,55-59,72431,33104,39327,1137,942,195,62332,28758,33574,8778,3285,5493,150,93,57,34,26,8,0,0,0
09,156,District - Unnao (25),Rural,60-64,85660,43240,42420,1826,1315,511,64482,35840,28642,19105,5921,13184,199,137,62,48,27,21,0,0,0
09,156,District - Unnao (25),Rural,65-69,57405,28660,28745,1571,1044,527,39388,22606,16782,16297,4923,11374,116,77,39,33,10,23,0,0,0
09,156,District - Unnao (25),Rural,70-74,41596,21394,20202,1009,674,335,23414,15493,7921,17076,5169,11907,79,51,28,18,7,11,0,0,0
09,156,District - Unnao (25),Rural,75-79,17110,8415,8695,470,325,145,9471,5611,3860,7141,2461,4680,22,14,8,6,4,2,0,0,0
09,156,District - Unnao (25),Rural,80+,23777,11807,11970,2297,1427,870,10238,6438,3800,11199,3924,7275,35,17,18,8,1,7,0,0,0
09,156,District - Unnao (25),Rural,Age not stated,44810,22976,21834,23021,13361,9660,19698,8871,10827,1979,676,1303,84,50,34,28,18,10,0,0,0
09,156,District - Unnao (25),Rural,Less than 18,1074365,561374,512991,1059048,556368,502680,14423,4609,9814,653,273,380,194,98,96,47,26,21,0,0,0
09,156,District - Unnao (25),Rural,Less than 21,1260332,668400,591932,1210367,654461,555906,48363,13272,35091,1103,458,645,397,169,228,102,40,62,0,0,0
09,156,District - Unnao (25),Urban,All ages,531646,278190,253456,274506,156032,118474,234711,115463,119248,21058,6142,14916,925,400,525,446,153,293,0,0,0
09,156,District - Unnao (25),Urban,0-9,97038,50993,46045,97038,50993,46045,0,0,0,0,0,0,0,0,0,0,0,0,0,0,0
09,156,District - Unnao (25),Urban,10-14,60425,31827,28598,59080,31337,27743,1255,447,808,56,26,30,23,13,10,11,4,7,0,0,0
09,156,District - Unnao (25),Urban,15-19,63599,33720,29879,58871,32522,26349,4570,1133,3437,101,41,60,34,16,18,23,8,15,0,0,0
09,156,District - Unnao (25),Urban,20-24,54510,29946,24564,35175,23614,11561,19009,6216,12793,179,62,117,111,45,66,36,9,27,0,0,0
09,156,District - Unnao (25),Urban,25-29,42509,22064,20445,11685,8908,2777,30306,12964,17342,318,130,188,132,42,90,68,20,48,0,0,0
09,156,District - Unnao (25),Urban,30-34,36997,18679,18318,3471,2781,690,32725,15597,17128,584,217,367,150,61,89,67,23,44,0,0,0
09,156,District - Unnao (25),Urban,35-39,36657,18532,18125,1251,988,263,34233,17135,17098,947,316,631,139,60,79,87,33,54,0,0,0
09,156,District - Unnao (25),Urban,40-44,31751,16523,15228,654,507,147,29566,15544,14022,1379,403,976,104,55,49,48,14,34,0,0,0
09,156,District - Unnao (25),Urban,45-49,26390,13873,12517,382,292,90,24153,13042,11111,1736,480,1256,84,47,37,35,12,23,0,0,0
09,156,District - Unnao (25),Urban,50-54,19863,10801,9062,302,226,76,17435,9980,7455,2051,561,1490,55,26,29,20,8,12,0,0,0
09,156,District - Unnao (25),Urban,55-59,15407,7667,7740,225,153,72,13113,6942,6171,2037,560,1477,21,6,15,11,6,5,0,0,0
09,156,District - Unnao (25),Urban,60-64,14597,7448,7149,284,170,114,10888,6396,4492,3387,869,2518,31,10,21,7,3,4,0,0,0
09,156,District - Unnao (25),Urban,65-69,9226,4653,4573,286,161,125,6368,3780,2588,2561,709,1852,7,3,4,4,0,4,0,0,0
09,156,District - Unnao (25),Urban,70-74,6242,3225,3017,168,99,69,3646,2436,1210,2414,680,1734,8,5,3,6,5,1,0,0,0
09,156,District - Unnao (25),Urban,75-79,2747,1352,1395,106,51,55,1438,902,536,1197,396,801,3,2,1,3,1,2,0,0,0
09,156,District - Unnao (25),Urban,80+,4150,2017,2133,598,380,218,1788,1053,735,1753,579,1174,7,3,4,4,2,2,0,0,0
09,156,District - Unnao (25),Urban,Age not stated,9538,4870,4668,4930,2850,2080,4218,1896,2322,358,113,245,16,6,10,16,5,11,0,0,0
09,156,District - Unnao (25),Urban,Less than 18,194602,102174,92428,191238,101102,90136,3181,996,2185,116,47,69,42,21,21,25,8,17,0,0,0
09,156,District - Unnao (25),Urban,Less than 21,237180,125428,111752,227264,122675,104589,9587,2618,6969,206,82,124,81,38,43,42,15,27,0,0,0
09,157,District - Lucknow (26),Total,All ages,4589838,2394476,2195362,2313588,1306297,1007291,2080550,1028239,1052311,181973,53498,128475,9106,4459,4647,4621,1983,2638,0,0,0
09,157,District - Lucknow (26),Total,0-9,811992,424639,387353,811992,424639,387353,0,0,0,0,0,0,0,0,0,0,0,0,0,0,0
09,157,District - Lucknow (26),Total,10-14,503053,263466,239587,490958,259036,231922,11297,4077,7220,481,195,286,255,127,128,62,31,31,0,0,0
09,157,District - Lucknow (26),Total,15-19,517301,276360,240941,476949,266144,210805,38977,9688,29289,867,326,541,371,156,215,137,46,91,0,0,0
09,157,District - Lucknow (26),Total,20-24,457020,244128,212892,291877,190169,101708,162306,52977,109329,1600,539,1061,867,332,535,370,111,259,0,0,0
09,157,District - Lucknow (26),Total,25-29,388923,197727,191196,116448,83221,33227,267637,112567,155070,2842,1044,1798,1364,643,721,632,252,380,0,0,0
09,157,District - Lucknow (26),Total,30-34,331460,167275,164185,37048,27603,9445,287672,137012,150660,4618,1687,2931,1370,639,731,752,334,418,0,0,0
09,157,District - Lucknow (26),Total,35-39,326408,166817,159591,14971,10915,4056,300988,152254,148734,8245,2552,5693,1404,730,674,800,366,434,0,0,0
09,157,District - Lucknow (26),Total,40-44,269533,141389,128144,7777,5541,2236,248443,131660,116783,11604,3325,8279,1106,592,514,603,271,332,0,0,0
09,157,District - Lucknow (26),Total,45-49,234285,122147,112138,4573,3075,1498,213513,114540,98973,15078,3972,11106,723,376,347,398,184,214,0,0,0
09,157,District - Lucknow (26),Total,50-54,182442,98131,84311,3288,2092,1196,161198,91136,70062,17188,4551,12637,486,222,264,282,130,152,0,0,0
09,157,District - Lucknow (26),Total,55-59,143430,72873,70557,2412,1439,973,123369,66443,56926,17154,4736,12418,338,177,161,157,78,79,0,0,0
09,157,District - Lucknow (26),Total,60-64,135829,70521,65308,4711,2628,2083,104051,60293,43758,26574,7336,19238,341,195,146,152,69,83,0,0,0
09,157,District - Lucknow (26),Total,65-69,91307,47623,43684,6154,3414,2740,62173,37486,24687,22702,6556,16146,173,107,66,105,60,45,0,0,0
09,157,District - Lucknow (26),Total,70-74,62089,32787,29302,2702,1553,1149,36964,24590,12374,22276,6577,15699,94,51,43,53,16,37,0,0,0
09,157,District - Lucknow (26),Total,75-79,28645,14701,13944,1154,663,491,15949,10155,5794,11485,3860,7625,40,21,19,17,2,15,0,0,0
09,157,District - Lucknow (26),Total,80+,41516,20378,21138,5669,3565,2104,18776,11126,7650,16952,5625,11327,70,45,25,49,17,32,0,0,0
09,157,District - Lucknow (26),Total,Age not stated,64605,33514,31091,34905,20600,14305,27237,12235,15002,2307,617,1690,104,46,58,52,16,36,0,0,0
09,157,District - Lucknow (26),Total,Less than 18,1618634,847909,770725,1591107,838865,752242,25971,8384,17587,1017,393,624,430,214,216,109,53,56,0,0,0
09,157,District - Lucknow (26),Total,Less than 21,1958254,1032967,925287,1873673,1009350,864323,81702,22485,59217,1748,659,1089,829,368,461,302,105,197,0,0,0
09,157,District - Lucknow (26),Rural,All ages,1550842,813752,737090,826911,464820,362091,654706,324132,330574,63857,21482,42375,3835,2395,1440,1533,923,610,0,0,0
09,157,District - Lucknow (26),Rural,0-9,334007,173365,160642,334007,173365,160642,0,0,0,0,0,0,0,0,0,0,0,0,0,0,0
09,157,District - Lucknow (26),Rural,10-14,206239,107564,98675,201920,105940,95980,3991,1467,2524,200,90,110,106,54,52,22,13,9,0,0,0
09,157,District - Lucknow (26),Rural,15-19,188108,100795,87313,171275,96618,74657,16223,3936,12287,376,145,231,167,72,95,67,24,43,0,0,0
09,157,District - Lucknow (26),Rural,20-24,138308,76581,61727,72007,52561,19446,65049,23481,41568,659,278,381,420,197,223,173,64,109,0,0,0
09,157,District - Lucknow (26),Rural,25-29,113288,59420,53868,20304,16808,3496,91010,41569,49441,1124,533,591,608,370,238,242,140,102,0,0,0
09,157,District - Lucknow (26),Rural,30-34,100801,50775,50026,6233,5304,929,92022,44128,47894,1758,843,915,559,345,214,229,155,74,0,0,0
09,157,District - Lucknow (26),Rural,35-39,100733,52989,47744,2788,2367,421,94181,48850,45331,2953,1216,1737,575,405,170,236,151,85,0,0,0
09,157,District - Lucknow (26),Rural,40-44,78909,43148,35761,1662,1395,267,72781,39834,32947,3869,1520,2349,420,289,131,177,110,67,0,0,0
09,157,District - Lucknow (26),Rural,45-49,62534,33768,28766,1022,833,189,56539,30989,25550,4595,1680,2915,267,184,83,111,82,29,0,0,0
09,157,District - Lucknow (26),Rural,50-54,45575,24807,20768,754,603,151,39607,22367,17240,4945,1663,3282,179,114,65,90,60,30,0,0,0
09,157,District - Lucknow (26),Rural,55-59,38804,17857,20947,564,427,137,33273,15733,17540,4805,1575,3230,125,93,32,37,29,8,0,0,0
09,157,District - Lucknow (26),Rural,60-64,48213,24112,24101,1664,1004,660,36350,19920,16430,9972,3030,6942,175,121,54,52,37,15,0,0,0
09,157,District - Lucknow (26),Rural,65-69,33695,17197,16498,1871,1070,801,22581,13302,9279,9097,2721,6376,93,64,29,53,40,13,0,0,0
09,157,District - Lucknow (26),Rural,70-74,22778,11940,10838,802,499,303,12955,8700,4255,8949,2704,6245,53,32,21,19,5,14,0,0,0
09,157,District - Lucknow (26),Rural,75-79,9175,4560,4615,397,253,144,5141,3067,2074,3617,1230,2387,16,9,7,4,1,3,0,0,0
09,157,District - Lucknow (26),Rural,80+,14333,6954,7379,1513,969,544,6422,3888,2534,6348,2062,4286,37,26,11,13,9,4,0,0,0
09,157,District - Lucknow (26),Rural,Age not stated,15342,7920,7422,8128,4804,3324,6581,2901,3680,590,192,398,35,20,15,8,3,5,0,0,0
09,157,District - Lucknow (26),Rural,Less than 18,654216,340899,313317,644128,337475,306653,9417,3119,6298,445,184,261,183,99,84,43,22,21,0,0,0
09,157,District - Lucknow (26),Rural,Less than 21,772265,406476,365789,736798,396497,340301,34180,9443,24737,766,304,462,377,177,200,144,55,89,0,0,0
09,157,District - Lucknow (26),Urban,All ages,3038996,1580724,1458272,1486677,841477,645200,1425844,704107,721737,118116,32016,86100,5271,2064,3207,3088,1060,2028,0,0,0
09,157,District - Lucknow (26),Urban,0-9,477985,251274,226711,477985,251274,226711,0,0,0,0,0,0,0,0,0,0,0,0,0,0,0
09,157,District - Lucknow (26),Urban,10-14,296814,155902,140912,289038,153096,135942,7306,2610,4696,281,105,176,149,73,76,40,18,22,0,0,0
09,157,District - Lucknow (26),Urban,15-19,329193,175565,153628,305674,169526,136148,22754,5752,17002,491,181,310,204,84,120,70,22,48,0,0,0
09,157,District - Lucknow (26),Urban,20-24,318712,167547,151165,219870,137608,82262,97257,29496,67761,941,261,680,447,135,312,197,47,150,0,0,0
09,157,District - Lucknow (26),Urban,25-29,275635,138307,137328,96144,66413,29731,176627,70998,105629,1718,511,1207,756,273,483,390,112,278,0,0,0
09,157,District - Lucknow (26),Urban,30-34,230659,116500,114159,30815,22299,8516,195650,92884,102766,2860,844,2016,811,294,517,523,179,344,0,0,0
09,157,District - Lucknow (26),Urban,35-39,225675,113828,111847,12183,8548,3635,206807,103404,103403,5292,1336,3956,829,325,504,564,215,349,0,0,0
09,157,District - Lucknow (26),Urban,40-44,190624,98241,92383,6115,4146,1969,175662,91826,83836,7735,1805,5930,686,303,383,426,161,265,0,0,0
09,157,District - Lucknow (26),Urban,45-49,171751,88379,83372,3551,2242,1309,156974,83551,73423,10483,2292,8191,456,192,264,287,102,185,0,0,0
09,157,District - Lucknow (26),Urban,50-54,136867,73324,63543,2534,1489,1045,121591,68769,52822,12243,2888,9355,307,108,199,192,70,122,0,0,0
09,157,District - Lucknow (26),Urban,55-59,104626,55016,49610,1848,1012,836,90096,50710,39386,12349,3161,9188,213,84,129,120,49,71,0,0,0
09,157,District - Lucknow (26),Urban,60-64,87616,46409,41207,3047,1624,1423,67701,40373,27328,16602,4306,12296,166,74,92,100,32,68,0,0,0
09,157,District - Lucknow (26),Urban,65-69,57612,30426,27186,4283,2344,1939,39592,24184,15408,13605,3835,9770,80,43,37,52,20,32,0,0,0
09,157,District - Lucknow (26),Urban,70-74,39311,20847,18464,1900,1054,846,24009,15890,8119,13327,3873,9454,41,19,22,34,11,23,0,0,0
09,157,District - Lucknow (26),Urban,75-79,19470,10141,9329,757,410,347,10808,7088,3720,7868,2630,5238,24,12,12,13,1,12,0,0,0
09,157,District - Lucknow (26),Urban,80+,27183,13424,13759,4156,2596,1560,12354,7238,5116,10604,3563,7041,33,19,14,36,8,28,0,0,0
09,157,District - Lucknow (26),Urban,Age not stated,49263,25594,23669,26777,15796,10981,20656,9334,11322,1717,425,1292,69,26,43,44,13,31,0,0,0
09,157,District - Lucknow (26),Urban,Less than 18,964418,507010,457408,946979,501390,445589,16554,5265,11289,572,209,363,247,115,132,66,31,35,0,0,0
09,157,District - Lucknow (26),Urban,Less than 21,1185989,626491,559498,1136875,612853,524022,47522,13042,34480,982,355,627,452,191,261,158,50,108,0,0,0
09,158,District - Rae Bareli (27),Total,All ages,3405559,1752542,1653017,1761916,971059,790857,1478967,722471,756496,152333,52386,99947,9470,5288,4182,2873,1338,1535,0,0,0
09,158,District - Rae Bareli (27),Total,0-9,723583,375789,347794,723583,375789,347794,0,0,0,0,0,0,0,0,0,0,0,0,0,0,0
09,158,District - Rae Bareli (27),Total,10-14,444282,231007,213275,436628,228327,208301,7101,2438,4663,309,123,186,218,106,112,26,13,13,0,0,0
09,158,District - Rae Bareli (27),Total,15-19,411194,212048,199146,378678,204444,174234,31391,7162,24229,688,253,435,371,164,207,66,25,41,0,0,0
09,158,District - Rae Bareli (27),Total,20-24,294180,157798,136382,150419,106630,43789,141139,50069,91070,1284,537,747,1048,447,601,290,115,175,0,0,0
09,158,District - Rae Bareli (27),Total,25-29,242768,123712,119056,37938,30531,7407,200664,91117,109547,2275,1091,1184,1447,776,671,444,197,247,0,0,0
09,158,District - Rae Bareli (27),Total,30-34,222547,108479,114068,10937,8868,2069,206150,96914,109236,3600,1677,1923,1387,802,585,473,218,255,0,0,0
09,158,District - Rae Bareli (27),Total,35-39,219825,111729,108096,4798,3812,986,207259,104356,102903,5934,2514,3420,1362,820,542,472,227,245,0,0,0
09,158,District - Rae Bareli (27),Total,40-44,181243,94727,86516,2752,2210,542,168785,88300,80485,8294,3395,4899,1094,666,428,318,156,162,0,0,0
09,158,District - Rae Bareli (27),Total,45-49,152968,79073,73895,1776,1396,380,140019,73309,66710,10204,3793,6411,738,460,278,231,115,116,0,0,0
09,158,District - Rae Bareli (27),Total,50-54,118369,64095,54274,1267,987,280,103767,58181,45586,12604,4504,8100,551,326,225,180,97,83,0,0,0
09,158,District - Rae Bareli (27),Total,55-59,96835,46203,50632,1056,752,304,83387,40994,42393,11943,4205,7738,351,205,146,98,47,51,0,0,0
09,158,District - Rae Bareli (27),Total,60-64,107260,53270,53990,2121,1346,775,80615,44379,36236,24000,7278,16722,397,208,189,127,59,68,0,0,0
09,158,District - Rae Bareli (27),Total,65-69,74228,36542,37686,2310,1378,932,50299,28485,21814,21353,6525,14828,209,124,85,57,30,27,0,0,0
09,158,District - Rae Bareli (27),Total,70-74,54747,27852,26895,1149,731,418,30158,19971,10187,23242,7027,16215,143,96,47,55,27,28,0,0,0
09,158,District - Rae Bareli (27),Total,75-79,23204,11372,11832,517,338,179,12644,7463,5181,9976,3535,6441,55,33,22,12,3,9,0,0,0
09,158,District - Rae Bareli (27),Total,80+,31940,15527,16413,2430,1444,986,13062,8207,4855,16344,5826,10518,83,43,40,21,7,14,0,0,0
09,158,District - Rae Bareli (27),Total,Age not stated,6386,3319,3067,3557,2076,1481,2527,1126,1401,283,103,180,16,12,4,3,2,1,0,0,0
09,158,District - Rae Bareli (27),Total,Less than 18,1419298,734617,684681,1399900,728446,671454,18183,5664,12519,785,294,491,380,191,189,50,22,28,0,0,0
09,158,District - Rae Bareli (27),Total,Less than 21,1668225,867659,800566,1599779,849302,750477,66099,17447,48652,1363,493,870,823,359,464,161,58,103,0,0,0
09,158,District - Rae Bareli (27),Rural,All ages,3097564,1592449,1505115,1602507,881818,720689,1342951,655044,687907,140720,49255,91465,8800,5052,3748,2586,1280,1306,0,0,0
09,158,District - Rae Bareli (27),Rural,0-9,671099,348242,322857,671099,348242,322857,0,0,0,0,0,0,0,0,0,0,0,0,0,0,0
09,158,District - Rae Bareli (27),Rural,10-14,410435,213216,197219,403354,210737,192617,6566,2252,4314,289,118,171,202,96,106,24,13,11,0,0,0
09,158,District - Rae Bareli (27),Rural,15-19,372899,192239,180660,342660,185159,157501,29190,6662,22528,644,241,403,342,152,190,63,25,38,0,0,0
09,158,District - Rae Bareli (27),Rural,20-24,259950,139657,120293,126701,91754,34947,130793,46849,83944,1190,507,683,995,436,559,271,111,160,0,0,0
09,158,District - Rae Bareli (27),Rural,25-29,215870,109699,106171,29038,24112,4926,183015,83617,99398,2094,1042,1052,1329,736,593,394,192,202,0,0,0
09,158,District - Rae Bareli (27),Rural,30-34,201125,97644,103481,8592,7099,1493,187520,87968,99552,3305,1598,1707,1280,769,511,428,210,218,0,0,0
09,158,District - Rae Bareli (27),Rural,35-39,199484,101516,97968,4042,3261,781,188322,94886,93436,5443,2377,3066,1250,775,475,427,217,210,0,0,0
09,158,District - Rae Bareli (27),Rural,40-44,163094,85654,77440,2357,1926,431,151880,79718,72162,7553,3214,4339,1027,649,378,277,147,130,0,0,0
09,158,District - Rae Bareli (27),Rural,45-49,135647,70359,65288,1541,1241,300,124014,65010,59004,9206,3570,5636,685,431,254,201,107,94,0,0,0
09,158,District - Rae Bareli (27),Rural,50-54,104250,56260,47990,1113,887,226,91127,50784,40343,11345,4184,7161,505,312,193,160,93,67,0,0,0
09,158,District - Rae Bareli (27),Rural,55-59,86763,40692,46071,935,678,257,74609,35878,38731,10796,3893,6903,330,197,133,93,46,47,0,0,0
09,158,District - Rae Bareli (27),Rural,60-64,99324,49113,50211,1994,1264,730,74586,40778,33808,22251,6814,15437,378,201,177,115,56,59,0,0,0
09,158,District - Rae Bareli (27),Rural,65-69,69241,33983,35258,2147,1290,857,46852,26379,20473,19993,6165,13828,196,121,75,53,28,25,0,0,0
09,158,District - Rae Bareli (27),Rural,70-74,51258,26107,25151,1069,692,377,28209,18658,9551,21790,6637,15153,139,94,45,51,26,25,0,0,0
09,158,District - Rae Bareli (27),Rural,75-79,21620,10592,11028,475,313,162,11801,6945,4856,9281,3299,5982,53,32,21,10,3,7,0,0,0
09,158,District - Rae Bareli (27),Rural,80+,29718,14486,15232,2179,1300,879,12169,7643,4526,15278,5499,9779,75,40,35,17,4,13,0,0,0
09,158,District - Rae Bareli (27),Rural,Age not stated,5787,2990,2797,3211,1863,1348,2298,1017,1281,262,97,165,14,11,3,2,2,0,0,0,0
09,158,District - Rae Bareli (27),Rural,Less than 18,1310984,678106,632878,1293074,672393,620681,16780,5236,11544,731,280,451,351,175,176,48,22,26,0,0,0
09,158,District - Rae Bareli (27),Rural,Less than 21,1534256,797676,736580,1470592,780521,690071,61466,16294,45172,1276,467,809,770,337,433,152,57,95,0,0,0
09,158,District - Rae Bareli (27),Urban,All ages,307995,160093,147902,159409,89241,70168,136016,67427,68589,11613,3131,8482,670,236,434,287,58,229,0,0,0
09,158,District - Rae Bareli (27),Urban,0-9,52484,27547,24937,52484,27547,24937,0,0,0,0,0,0,0,0,0,0,0,0,0,0,0
09,158,District - Rae Bareli (27),Urban,10-14,33847,17791,16056,33274,17590,15684,535,186,349,20,5,15,16,10,6,2,0,2,0,0,0
09,158,District - Rae Bareli (27),Urban,15-19,38295,19809,18486,36018,19285,16733,2201,500,1701,44,12,32,29,12,17,3,0,3,0,0,0
09,158,District - Rae Bareli (27),Urban,20-24,34230,18141,16089,23718,14876,8842,10346,3220,7126,94,30,64,53,11,42,19,4,15,0,0,0
09,158,District - Rae Bareli (27),Urban,25-29,26898,14013,12885,8900,6419,2481,17649,7500,10149,181,49,132,118,40,78,50,5,45,0,0,0
09,158,District - Rae Bareli (27),Urban,30-34,21422,10835,10587,2345,1769,576,18630,8946,9684,295,79,216,107,33,74,45,8,37,0,0,0
09,158,District - Rae Bareli (27),Urban,35-39,20341,10213,10128,756,551,205,18937,9470,9467,491,137,354,112,45,67,45,10,35,0,0,0
09,158,District - Rae Bareli (27),Urban,40-44,18149,9073,9076,395,284,111,16905,8582,8323,741,181,560,67,17,50,41,9,32,0,0,0
09,158,District - Rae Bareli (27),Urban,45-49,17321,8714,8607,235,155,80,16005,8299,7706,998,223,775,53,29,24,30,8,22,0,0,0
09,158,District - Rae Bareli (27),Urban,50-54,14119,7835,6284,154,100,54,12640,7397,5243,1259,320,939,46,14,32,20,4,16,0,0,0
09,158,District - Rae Bareli (27),Urban,55-59,10072,5511,4561,121,74,47,8778,5116,3662,1147,312,835,21,8,13,5,1,4,0,0,0
09,158,District - Rae Bareli (27),Urban,60-64,7936,4157,3779,127,82,45,6029,3601,2428,1749,464,1285,19,7,12,12,3,9,0,0,0
09,158,District - Rae Bareli (27),Urban,65-69,4987,2559,2428,163,88,75,3447,2106,1341,1360,360,1000,13,3,10,4,2,2,0,0,0
09,158,District - Rae Bareli (27),Urban,70-74,3489,1745,1744,80,39,41,1949,1313,636,1452,390,1062,4,2,2,4,1,3,0,0,0
09,158,District - Rae Bareli (27),Urban,75-79,1584,780,804,42,25,17,843,518,325,695,236,459,2,1,1,2,0,2,0,0,0
09,158,District - Rae Bareli (27),Urban,80+,2222,1041,1181,251,144,107,893,564,329,1066,327,739,8,3,5,4,3,1,0,0,0
09,158,District - Rae Bareli (27),Urban,Age not stated,599,329,270,346,213,133,229,109,120,21,6,15,2,1,1,1,0,1,0,0,0
09,158,District - Rae Bareli (27),Urban,Less than 18,108314,56511,51803,106826,56053,50773,1403,428,975,54,14,40,29,16,13,2,0,2,0,0,0
09,158,District - Rae Bareli (27),Urban,Less than 21,133969,69983,63986,129187,68781,60406,4633,1153,3480,87,26,61,53,22,31,9,1,8,0,0,0
09,159,District - Farrukhabad (28),Total,All ages,1885204,1006240,878964,1025783,589553,436230,781233,388256,392977,75456,27154,48302,2122,1044,1078,610,233,377,0,0,0
09,159,District - Farrukhabad (28),Total,0-9,439624,233537,206087,439624,233537,206087,0,0,0,0,0,0,0,0,0,0,0,0,0,0,0
09,159,District - Farrukhabad (28),Total,10-14,247785,133243,114542,243709,131697,112012,3866,1442,2424,124,58,66,81,43,38,5,3,2,0,0,0
09,159,District - Farrukhabad (28),Total,15-19,225816,124132,101684,204456,118954,85502,20960,5016,15944,291,118,173,92,39,53,17,5,12,0,0,0
09,159,District - Farrukhabad (28),Total,20-24,173248,95595,77653,86040,62036,24004,86280,33140,53140,696,325,371,183,73,110,49,21,28,0,0,0
09,159,District - Farrukhabad (28),Total,25-29,138111,73558,64553,25053,20484,4569,111319,52187,59132,1313,697,616,321,146,175,105,44,61,0,0,0
09,159,District - Farrukhabad (28),Total,30-34,121666,62666,59000,9011,7856,1155,110101,53603,56498,2095,1011,1084,361,163,198,98,33,65,0,0,0
09,159,District - Farrukhabad (28),Total,35-39,116768,61255,55513,4554,4114,440,108072,55242,52830,3744,1701,2043,305,167,138,93,31,62,0,0,0
09,159,District - Farrukhabad (28),Total,40-44,95112,51425,43687,2948,2708,240,86900,46441,40459,4924,2097,2827,268,144,124,72,35,37,0,0,0
09,159,District - Farrukhabad (28),Total,45-49,77607,41102,36505,1874,1676,198,69804,37108,32696,5711,2211,3500,158,84,74,60,23,37,0,0,0
09,159,District - Farrukhabad (28),Total,50-54,60943,33423,27520,1445,1282,163,52483,29653,22830,6858,2412,4446,124,64,60,33,12,21,0,0,0
09,159,District - Farrukhabad (28),Total,55-59,50915,24524,26391,1057,887,170,43279,21249,22030,6478,2342,4136,83,43,40,18,3,15,0,0,0
09,159,District - Farrukhabad (28),Total,60-64,54997,28881,26116,1306,1071,235,40872,23808,17064,12722,3960,8762,66,30,36,31,12,19,0,0,0
09,159,District - Farrukhabad (28),Total,65-69,33457,17216,16241,1048,806,242,22796,13377,9419,9566,3008,6558,34,17,17,13,8,5,0,0,0
09,159,District - Farrukhabad (28),Total,70-74,23738,12854,10884,707,585,122,13117,9008,4109,9888,3243,6645,21,17,4,5,1,4,0,0,0
09,159,District - Farrukhabad (28),Total,75-79,9641,4924,4717,315,247,68,5133,3142,1991,4185,1531,2654,5,4,1,3,0,3,0,0,0
09,159,District - Farrukhabad (28),Total,80+,13104,6508,6596,1204,771,433,5110,3318,1792,6768,2410,4358,15,7,8,7,2,5,0,0,0
09,159,District - Farrukhabad (28),Total,Age not stated,2672,1397,1275,1432,842,590,1141,522,619,93,30,63,5,3,2,1,0,1,0,0,0
09,159,District - Farrukhabad (28),Total,Less than 18,823727,440987,382740,813005,437539,375466,10261,3241,7020,318,136,182,128,64,64,15,7,8,0,0,0
09,159,District - Farrukhabad (28),Total,Less than 21,967529,521702,445827,922793,508760,414033,43901,12589,31312,586,241,345,222,103,119,27,9,18,0,0,0
09,159,District - Farrukhabad (28),Rural,All ages,1469019,785301,683718,806174,462984,343190,602192,299090,303102,58698,22223,36475,1570,838,732,385,166,219,0,0,0
09,159,District - Farrukhabad (28),Rural,0-9,359450,190509,168941,359450,190509,168941,0,0,0,0,0,0,0,0,0,0,0,0,0,0,0
09,159,District - Farrukhabad (28),Rural,10-14,199303,107105,92198,196052,105887,90165,3087,1138,1949,99,49,50,61,29,32,4,2,2,0,0,0
09,159,District - Farrukhabad (28),Rural,15-19,173983,95903,78080,156259,91620,64639,17411,4159,13252,229,93,136,72,28,44,12,3,9,0,0,0
09,159,District - Farrukhabad (28),Rural,20-24,128915,71189,57726,58014,43307,14707,70176,27534,42642,554,268,286,138,62,76,33,18,15,0,0,0
09,159,District - Farrukhabad (28),Rural,25-29,103843,55459,48384,15862,13577,2285,86638,41138,45500,1052,608,444,229,110,119,62,26,36,0,0,0
09,159,District - Farrukhabad (28),Rural,30-34,92753,47824,44929,6281,5718,563,84475,41090,43385,1676,858,818,255,133,122,66,25,41,0,0,0
09,159,District - Farrukhabad (28),Rural,35-39,89500,47276,42224,3506,3256,250,82807,42443,40364,2896,1409,1487,226,141,85,65,27,38,0,0,0
09,159,District - Farrukhabad (28),Rural,40-44,71847,39404,32443,2358,2237,121,65528,35288,30240,3718,1739,1979,199,117,82,44,23,21,0,0,0
09,159,District - Farrukhabad (28),Rural,45-49,57567,30673,26894,1564,1444,120,51583,27363,24220,4273,1787,2486,115,66,49,32,13,19,0,0,0
09,159,District - Farrukhabad (28),Rural,50-54,45142,24975,20167,1188,1103,85,38719,21874,16845,5123,1937,3186,96,53,43,16,8,8,0,0,0
09,159,District - Farrukhabad (28),Rural,55-59,38331,18301,20030,865,751,114,32569,15629,16940,4823,1883,2940,65,36,29,9,2,7,0,0,0
09,159,District - Farrukhabad (28),Rural,60-64,43158,22729,20429,1082,933,149,32068,18536,13532,9939,3228,6711,48,22,26,21,10,11,0,0,0
09,159,District - Farrukhabad (28),Rural,65-69,26531,13595,12936,859,683,176,17922,10409,7513,7712,2480,5232,27,16,11,11,7,4,0,0,0
09,159,District - Farrukhabad (28),Rural,70-74,18956,10331,8625,582,508,74,10370,7110,3260,7981,2697,5284,20,16,4,3,0,3,0,0,0
09,159,District - Farrukhabad (28),Rural,75-79,7440,3800,3640,257,205,52,3970,2387,1583,3208,1206,2002,3,2,1,2,0,2,0,0,0
09,159,District - Farrukhabad (28),Rural,80+,10274,5165,5109,876,588,288,4036,2616,1420,5345,1955,3390,12,4,8,5,2,3,0,0,0
09,159,District - Farrukhabad (28),Rural,Age not stated,2026,1063,963,1119,658,461,833,376,457,70,26,44,4,3,1,0,0,0,0,0,0
09,159,District - Farrukhabad (28),Rural,Less than 18,665238,355878,309360,656664,353156,303508,8217,2565,5652,250,110,140,96,43,53,11,4,7,0,0,0
09,159,District - Farrukhabad (28),Rural,Less than 21,773754,416843,356911,736735,406027,330708,36358,10542,25816,467,194,273,174,74,100,20,6,14,0,0,0
09,159,District - Farrukhabad (28),Urban,All ages,416185,220939,195246,219609,126569,93040,179041,89166,89875,16758,4931,11827,552,206,346,225,67,158,0,0,0
09,159,District - Farrukhabad (28),Urban,0-9,80174,43028,37146,80174,43028,37146,0,0,0,0,0,0,0,0,0,0,0,0,0,0,0
09,159,District - Farrukhabad (28),Urban,10-14,48482,26138,22344,47657,25810,21847,779,304,475,25,9,16,20,14,6,1,1,0,0,0,0
09,159,District - Farrukhabad (28),Urban,15-19,51833,28229,23604,48197,27334,20863,3549,857,2692,62,25,37,20,11,9,5,2,3,0,0,0
09,159,District - Farrukhabad (28),Urban,20-24,44333,24406,19927,28026,18729,9297,16104,5606,10498,142,57,85,45,11,34,16,3,13,0,0,0
09,159,District - Farrukhabad (28),Urban,25-29,34268,18099,16169,9191,6907,2284,24681,11049,13632,261,89,172,92,36,56,43,18,25,0,0,0
09,159,District - Farrukhabad (28),Urban,30-34,28913,14842,14071,2730,2138,592,25626,12513,13113,419,153,266,106,30,76,32,8,24,0,0,0
09,159,District - Farrukhabad (28),Urban,35-39,27268,13979,13289,1048,858,190,25265,12799,12466,848,292,556,79,26,53,28,4,24,0,0,0
09,159,District - Farrukhabad (28),Urban,40-44,23265,12021,11244,590,471,119,21372,11153,10219,1206,358,848,69,27,42,28,12,16,0,0,0
09,159,District - Farrukhabad (28),Urban,45-49,20040,10429,9611,310,232,78,18221,9745,8476,1438,424,1014,43,18,25,28,10,18,0,0,0
09,159,District - Farrukhabad (28),Urban,50-54,15801,8448,7353,257,179,78,13764,7779,5985,1735,475,1260,28,11,17,17,4,13,0,0,0
09,159,District - Farrukhabad (28),Urban,55-59,12584,6223,6361,192,136,56,10710,5620,5090,1655,459,1196,18,7,11,9,1,8,0,0,0
09,159,District - Farrukhabad (28),Urban,60-64,11839,6152,5687,224,138,86,8804,5272,3532,2783,732,2051,18,8,10,10,2,8,0,0,0
09,159,District - Farrukhabad (28),Urban,65-69,6926,3621,3305,189,123,66,4874,2968,1906,1854,528,1326,7,1,6,2,1,1,0,0,0
09,159,District - Farrukhabad (28),Urban,70-74,4782,2523,2259,125,77,48,2747,1898,849,1907,546,1361,1,1,0,2,1,1,0,0,0
09,159,District - Farrukhabad (28),Urban,75-79,2201,1124,1077,58,42,16,1163,755,408,977,325,652,2,2,0,1,0,1,0,0,0
09,159,District - Farrukhabad (28),Urban,80+,2830,1343,1487,328,183,145,1074,702,372,1423,455,968,3,3,0,2,0,2,0,0,0
09,159,District - Farrukhabad (28),Urban,Age not stated,646,334,312,313,184,129,308,146,162,23,4,19,1,0,1,1,0,1,0,0,0
09,159,District - Farrukhabad (28),Urban,Less than 18,158489,85109,73380,156341,84383,71958,2044,676,1368,68,26,42,32,21,11,4,3,1,0,0,0
09,159,District - Farrukhabad (28),Urban,Less than 21,193775,104859,88916,186058,102733,83325,7543,2047,5496,119,47,72,48,29,19,7,3,4,0,0,0
09,160,District - Kannauj (29),Total,All ages,1656616,881776,774840,914820,524005,390815,670719,332666,338053,68371,23753,44618,2063,1079,984,643,273,370,0,0,0
09,160,District - Kannauj (29),Total,0-9,379330,200057,179273,379330,200057,179273,0,0,0,0,0,0,0,0,0,0,0,0,0,0,0
09,160,District - Kannauj (29),Total,10-14,220063,116828,103235,216882,115597,101285,2964,1133,1831,118,47,71,86,46,40,13,5,8,0,0,0
09,160,District - Kannauj (29),Total,15-19,203316,111409,91907,189316,108087,81229,13597,3140,10457,259,121,138,121,56,65,23,5,18,0,0,0
09,160,District - Kannauj (29),Total,20-24,148929,84082,64847,81961,59838,22123,66152,23902,42250,564,252,312,202,75,127,50,15,35,0,0,0
09,160,District - Kannauj (29),Total,25-29,118278,63061,55217,22857,19295,3562,93989,43095,50894,1071,503,568,265,124,141,96,44,52,0,0,0
09,160,District - Kannauj (29),Total,30-34,105975,54278,51697,7711,6865,846,96017,46279,49738,1856,938,918,282,144,138,109,52,57,0,0,0
09,160,District - Kannauj (29),Total,35-39,103919,54381,49538,3933,3614,319,96436,49102,47334,3146,1459,1687,304,166,138,100,40,60,0,0,0
09,160,District - Kannauj (29),Total,40-44,84919,46362,38557,2576,2403,173,77798,41991,35807,4224,1779,2445,238,152,86,83,37,46,0,0,0
09,160,District - Kannauj (29),Total,45-49,66215,35737,30478,1717,1580,137,59526,32154,27372,4764,1881,2883,159,94,65,49,28,21,0,0,0
09,160,District - Kannauj (29),Total,50-54,50659,27788,22871,1225,1131,94,43648,24473,19175,5615,2092,3523,135,76,59,36,16,20,0,0,0
09,160,District - Kannauj (29),Total,55-59,43702,20509,23193,877,779,98,37339,17815,19524,5390,1873,3517,77,36,41,19,6,13,0,0,0
09,160,District - Kannauj (29),Total,60-64,52192,26820,25372,1600,1268,332,38451,21936,16515,12018,3551,8467,96,53,43,27,12,15,0,0,0
09,160,District - Kannauj (29),Total,65-69,31896,16157,15739,1379,1016,363,21166,12365,8801,9290,2747,6543,42,26,16,19,3,16,0,0,0
09,160,District - Kannauj (29),Total,70-74,22765,12004,10761,808,657,151,12520,8481,4039,9398,2848,6550,29,13,16,10,5,5,0,0,0
09,160,District - Kannauj (29),Total,75-79,9184,4481,4703,303,250,53,4956,2933,2023,3910,1288,2622,12,8,4,3,2,1,0,0,0
09,160,District - Kannauj (29),Total,80+,13137,6583,6554,1075,750,325,5374,3479,1895,6675,2345,4330,9,8,1,4,1,3,0,0,0
09,160,District - Kannauj (29),Total,Age not stated,2137,1239,898,1270,818,452,786,388,398,73,29,44,6,2,4,2,2,0,0,0,0
09,160,District - Kannauj (29),Total,Less than 18,722364,382744,339620,714784,380164,334620,7127,2370,4757,278,122,156,152,81,71,23,7,16,0,0,0
09,160,District - Kannauj (29),Total,Less than 21,850609,456055,394554,819597,447551,372046,30173,8142,22031,544,232,312,254,120,134,41,10,31,0,0,0
09,160,District - Kannauj (29),Rural,All ages,1375775,734245,641530,759071,436054,323017,557093,276401,280692,57592,20683,36909,1603,910,693,416,197,219,0,0,0
09,160,District - Kannauj (29),Rural,0-9,319403,168282,151121,319403,168282,151121,0,0,0,0,0,0,0,0,0,0,0,0,0,0,0
09,160,District - Kannauj (29),Rural,10-14,185311,98336,86975,182689,97332,85357,2445,925,1520,102,41,61,66,34,32,9,4,5,0,0,0
09,160,District - Kannauj (29),Rural,15-19,167907,92650,75257,155982,89824,66158,11613,2674,8939,218,105,113,83,42,41,11,5,6,0,0,0
09,160,District - Kannauj (29),Rural,20-24,120156,68404,51752,63407,47598,15809,56099,20509,35590,466,226,240,152,60,92,32,11,21,0,0,0
09,160,District - Kannauj (29),Rural,25-29,96938,51905,45033,17273,15074,2199,78513,36260,42253,884,430,454,203,107,96,65,34,31,0,0,0
09,160,District - Kannauj (29),Rural,30-34,87553,44924,42629,6141,5601,540,79554,38333,41221,1573,827,746,218,128,90,67,35,32,0,0,0
09,160,District - Kannauj (29),Rural,35-39,86023,45167,40856,3357,3131,226,79711,40572,39139,2654,1300,1354,233,133,100,68,31,37,0,0,0
09,160,District - Kannauj (29),Rural,40-44,69973,38555,31418,2265,2138,127,63967,34693,29274,3498,1570,1928,188,128,60,55,26,29,0,0,0
09,160,District - Kannauj (29),Rural,45-49,53952,29246,24706,1517,1427,90,48411,26102,22309,3862,1616,2246,134,84,50,28,17,11,0,0,0
09,160,District - Kannauj (29),Rural,50-54,41434,22936,18498,1098,1030,68,35597,19998,15599,4613,1827,2786,104,69,35,22,12,10,0,0,0
09,160,District - Kannauj (29),Rural,55-59,36024,16800,19224,761,690,71,30802,14480,16322,4386,1593,2793,61,31,30,14,6,8,0,0,0
09,160,District - Kannauj (29),Rural,60-64,44159,22759,21400,1450,1164,286,32487,18453,14034,10123,3089,7034,79,44,35,20,9,11,0,0,0
09,160,District - Kannauj (29),Rural,65-69,27373,13858,13515,1237,924,313,18100,10498,7602,7985,2411,5574,36,23,13,15,2,13,0,0,0
09,160,District - Kannauj (29),Rural,70-74,19596,10414,9182,713,606,107,10761,7314,3447,8089,2479,5610,26,12,14,7,3,4,0,0,0
09,160,District - Kannauj (29),Rural,75-79,7827,3805,4022,260,224,36,4207,2477,1730,3349,1097,2252,10,6,4,1,1,0,0,0,0
09,160,District - Kannauj (29),Rural,80+,11038,5570,5468,809,571,238,4470,2938,1532,5751,2054,3697,7,7,0,1,0,1,0,0,0
09,160,District - Kannauj (29),Rural,Age not stated,1108,634,474,709,438,271,356,175,181,39,18,21,3,2,1,1,1,0,0,0,0
09,160,District - Kannauj (29),Rural,Less than 18,607165,321750,285415,600866,319621,281245,5934,1956,3978,240,106,134,112,61,51,13,6,7,0,0,0
09,160,District - Kannauj (29),Rural,Less than 21,711481,382036,329445,685089,374771,310318,25721,6959,18762,461,206,255,187,91,96,23,9,14,0,0,0
09,160,District - Kannauj (29),Urban,All ages,280841,147531,133310,155749,87951,67798,113626,56265,57361,10779,3070,7709,460,169,291,227,76,151,0,0,0
09,160,District - Kannauj (29),Urban,0-9,59927,31775,28152,59927,31775,28152,0,0,0,0,0,0,0,0,0,0,0,0,0,0,0
09,160,District - Kannauj (29),Urban,10-14,34752,18492,16260,34193,18265,15928,519,208,311,16,6,10,20,12,8,4,1,3,0,0,0
09,160,District - Kannauj (29),Urban,15-19,35409,18759,16650,33334,18263,15071,1984,466,1518,41,16,25,38,14,24,12,0,12,0,0,0
09,160,District - Kannauj (29),Urban,20-24,28773,15678,13095,18554,12240,6314,10053,3393,6660,98,26,72,50,15,35,18,4,14,0,0,0
09,160,District - Kannauj (29),Urban,25-29,21340,11156,10184,5584,4221,1363,15476,6835,8641,187,73,114,62,17,45,31,10,21,0,0,0
09,160,District - Kannauj (29),Urban,30-34,18422,9354,9068,1570,1264,306,16463,7946,8517,283,111,172,64,16,48,42,17,25,0,0,0
09,160,District - Kannauj (29),Urban,35-39,17896,9214,8682,576,483,93,16725,8530,8195,492,159,333,71,33,38,32,9,23,0,0,0
09,160,District - Kannauj (29),Urban,40-44,14946,7807,7139,311,265,46,13831,7298,6533,726,209,517,50,24,26,28,11,17,0,0,0
09,160,District - Kannauj (29),Urban,45-49,12263,6491,5772,200,153,47,11115,6052,5063,902,265,637,25,10,15,21,11,10,0,0,0
09,160,District - Kannauj (29),Urban,50-54,9225,4852,4373,127,101,26,8051,4475,3576,1002,265,737,31,7,24,14,4,10,0,0,0
09,160,District - Kannauj (29),Urban,55-59,7678,3709,3969,116,89,27,6537,3335,3202,1004,280,724,16,5,11,5,0,5,0,0,0
09,160,District - Kannauj (29),Urban,60-64,8033,4061,3972,150,104,46,5964,3483,2481,1895,462,1433,17,9,8,7,3,4,0,0,0
09,160,District - Kannauj (29),Urban,65-69,4523,2299,2224,142,92,50,3066,1867,1199,1305,336,969,6,3,3,4,1,3,0,0,0
09,160,District - Kannauj (29),Urban,70-74,3169,1590,1579,95,51,44,1759,1167,592,1309,369,940,3,1,2,3,2,1,0,0,0
09,160,District - Kannauj (29),Urban,75-79,1357,676,681,43,26,17,749,456,293,561,191,370,2,2,0,2,1,1,0,0,0
09,160,District - Kannauj (29),Urban,80+,2099,1013,1086,266,179,87,904,541,363,924,291,633,2,1,1,3,1,2,0,0,0
09,160,District - Kannauj (29),Urban,Age not stated,1029,605,424,561,380,181,430,213,217,34,11,23,3,0,3,1,1,0,0,0,0
09,160,District - Kannauj (29),Urban,Less than 18,115199,60994,54205,113918,60543,53375,1193,414,779,38,16,22,40,20,20,10,1,9,0,0,0
09,160,District - Kannauj (29),Urban,Less than 21,139128,74019,65109,134508,72780,61728,4452,1183,3269,83,26,57,67,29,38,18,1,17,0,0,0
09,161,District - Etawah (30),Total,All ages,1581810,845856,735954,817212,476366,340846,693822,343142,350680,68247,25098,43149,1971,1017,954,558,233,325,0,0,0
09,161,District - Etawah (30),Total,0-9,332126,177256,154870,332126,177256,154870,0,0,0,0,0,0,0,0,0,0,0,0,0,0,0
09,161,District - Etawah (30),Total,10-14,197030,105538,91492,193971,104480,89491,2856,968,1888,102,42,60,92,42,50,9,6,3,0,0,0
09,161,District - Etawah (30),Total,15-19,187175,103521,83654,170794,99878,70916,15983,3462,12521,263,116,147,118,57,61,17,8,9,0,0,0
09,161,District - Etawah (30),Total,20-24,146839,81975,64864,74348,55466,18882,71649,26145,45504,608,262,346,186,81,105,48,21,27,0,0,0
09,161,District - Etawah (30),Total,25-29,116463,61570,54893,20877,17646,3231,94089,43243,50846,1157,519,638,268,139,129,72,23,49,0,0,0
09,161,District - Etawah (30),Total,30-34,103767,53032,50735,7302,6469,833,94162,45528,48634,1937,861,1076,267,129,138,99,45,54,0,0,0
09,161,District - Etawah (30),Total,35-39,101681,52666,49015,4014,3670,344,94139,47454,46685,3157,1329,1828,277,173,104,94,40,54,0,0,0
09,161,District - Etawah (30),Total,40-44,86333,46682,39651,2768,2562,206,78995,42190,36805,4282,1784,2498,225,121,104,63,25,38,0,0,0
09,161,District - Etawah (30),Total,45-49,70245,37350,32895,1718,1598,120,63595,33749,29846,4731,1899,2832,156,86,70,45,18,27,0,0,0
09,161,District - Etawah (30),Total,50-54,56113,30951,25162,1433,1335,98,48807,27414,21393,5716,2124,3592,131,66,65,26,12,14,0,0,0
09,161,District - Etawah (30),Total,55-59,45758,22479,23279,1030,910,120,39178,19540,19638,5442,1968,3474,84,50,34,24,11,13,0,0,0
09,161,District - Etawah (30),Total,60-64,48380,25582,22798,1518,1258,260,36669,21009,15660,10099,3280,6819,69,24,45,25,11,14,0,0,0
09,161,District - Etawah (30),Total,65-69,33333,16777,16556,1366,1044,322,23492,12955,10537,8421,2753,5668,44,22,22,10,3,7,0,0,0
09,161,District - Etawah (30),Total,70-74,26335,14512,11823,876,741,135,15626,10410,5216,9792,3339,6453,32,16,16,9,6,3,0,0,0
09,161,District - Etawah (30),Total,75-79,11618,6044,5574,394,309,85,6608,3985,2623,4603,1746,2857,7,3,4,6,1,5,0,0,0
09,161,District - Etawah (30),Total,80+,16249,8667,7582,1398,968,430,6991,4641,2350,7840,3050,4790,10,5,5,10,3,7,0,0,0
09,161,District - Etawah (30),Total,Age not stated,2365,1254,1111,1279,776,503,983,449,534,97,26,71,5,3,2,1,0,1,0,0,0
09,161,District - Etawah (30),Total,Less than 18,642412,344282,298130,634215,341809,292406,7752,2279,5473,272,115,157,154,67,87,19,12,7,0,0,0
09,161,District - Etawah (30),Total,Less than 21,760824,411522,349302,725958,402476,323482,34076,8705,25371,501,204,297,253,119,134,36,18,18,0,0,0
09,161,District - Etawah (30),Rural,All ages,1215511,652740,562771,632617,370310,262307,527854,260945,266909,53361,20586,32775,1361,755,606,318,144,174,0,0,0
09,161,District - Etawah (30),Rural,0-9,266126,141915,124211,266126,141915,124211,0,0,0,0,0,0,0,0,0,0,0,0,0,0,0
09,161,District - Etawah (30),Rural,10-14,155625,83261,72364,153310,82484,70826,2178,718,1460,73,32,41,59,24,35,5,3,2,0,0,0
09,161,District - Etawah (30),Rural,15-19,143454,79972,63482,130187,77094,53093,12982,2747,10235,198,90,108,74,36,38,13,5,8,0,0,0
09,161,District - Etawah (30),Rural,20-24,108649,61581,47068,50634,39880,10754,57392,21418,35974,453,206,247,136,62,74,34,15,19,0,0,0
09,161,District - Etawah (30),Rural,25-29,86105,45951,40154,12968,11656,1312,72016,33745,38271,898,430,468,188,107,81,35,13,22,0,0,0
09,161,District - Etawah (30),Rural,30-34,78144,39961,38183,5015,4655,360,71376,34471,36905,1508,708,800,192,99,93,53,28,25,0,0,0
09,161,District - Etawah (30),Rural,35-39,76523,39981,36542,3120,2932,188,70732,35766,34966,2431,1125,1306,192,135,57,48,23,25,0,0,0
09,161,District - Etawah (30),Rural,40-44,64667,35406,29261,2220,2111,109,59007,31701,27306,3254,1486,1768,150,90,60,36,18,18,0,0,0
09,161,District - Etawah (30),Rural,45-49,51466,27480,23986,1420,1356,64,46357,24485,21872,3561,1571,1990,105,59,46,23,9,14,0,0,0
09,161,District - Etawah (30),Rural,50-54,41310,23063,18247,1219,1159,60,35667,20085,15582,4321,1761,2560,91,52,39,12,6,6,0,0,0
09,161,District - Etawah (30),Rural,55-59,33931,16384,17547,863,786,77,28961,13994,14967,4038,1562,2476,56,35,21,13,7,6,0,0,0
09,161,District - Etawah (30),Rural,60-64,37742,19976,17766,1324,1120,204,28448,16141,12307,7905,2689,5216,49,19,30,16,7,9,0,0,0
09,161,District - Etawah (30),Rural,65-69,26676,13319,13357,1188,938,250,18669,10105,8564,6782,2258,4524,29,17,12,8,1,7,0,0,0
09,161,District - Etawah (30),Rural,70-74,21197,11793,9404,766,665,101,12499,8360,4139,7899,2752,5147,24,10,14,9,6,3,0,0,0
09,161,District - Etawah (30),Rural,75-79,9317,4799,4518,332,266,66,5309,3121,2188,3666,1408,2258,6,3,3,4,1,3,0,0,0
09,161,District - Etawah (30),Rural,80+,13020,7053,5967,1080,775,305,5613,3783,1830,6312,2489,3823,6,4,2,9,2,7,0,0,0
09,161,District - Etawah (30),Rural,Age not stated,1559,845,714,845,518,327,648,305,343,62,19,43,4,3,1,0,0,0,0,0,0
09,161,District - Etawah (30),Rural,Less than 18,509424,273115,236309,503134,271252,231882,5976,1722,4254,202,93,109,99,41,58,13,7,6,0,0,0
09,161,District - Etawah (30),Rural,Less than 21,598939,324660,274279,570724,317354,253370,27655,7062,20593,372,161,211,163,72,91,25,11,14,0,0,0
09,161,District - Etawah (30),Urban,All ages,366299,193116,173183,184595,106056,78539,165968,82197,83771,14886,4512,10374,610,262,348,240,89,151,0,0,0
09,161,District - Etawah (30),Urban,0-9,66000,35341,30659,66000,35341,30659,0,0,0,0,0,0,0,0,0,0,0,0,0,0,0
09,161,District - Etawah (30),Urban,10-14,41405,22277,19128,40661,21996,18665,678,250,428,29,10,19,33,18,15,4,3,1,0,0,0
09,161,District - Etawah (30),Urban,15-19,43721,23549,20172,40607,22784,17823,3001,715,2286,65,26,39,44,21,23,4,3,1,0,0,0
09,161,District - Etawah (30),Urban,20-24,38190,20394,17796,23714,15586,8128,14257,4727,9530,155,56,99,50,19,31,14,6,8,0,0,0
09,161,District - Etawah (30),Urban,25-29,30358,15619,14739,7909,5990,1919,22073,9498,12575,259,89,170,80,32,48,37,10,27,0,0,0
09,161,District - Etawah (30),Urban,30-34,25623,13071,12552,2287,1814,473,22786,11057,11729,429,153,276,75,30,45,46,17,29,0,0,0
09,161,District - Etawah (30),Urban,35-39,25158,12685,12473,894,738,156,23407,11688,11719,726,204,522,85,38,47,46,17,29,0,0,0
09,161,District - Etawah (30),Urban,40-44,21666,11276,10390,548,451,97,19988,10489,9499,1028,298,730,75,31,44,27,7,20,0,0,0
09,161,District - Etawah (30),Urban,45-49,18779,9870,8909,298,242,56,17238,9264,7974,1170,328,842,51,27,24,22,9,13,0,0,0
09,161,District - Etawah (30),Urban,50-54,14803,7888,6915,214,176,38,13140,7329,5811,1395,363,1032,40,14,26,14,6,8,0,0,0
09,161,District - Etawah (30),Urban,55-59,11827,6095,5732,167,124,43,10217,5546,4671,1404,406,998,28,15,13,11,4,7,0,0,0
09,161,District - Etawah (30),Urban,60-64,10638,5606,5032,194,138,56,8221,4868,3353,2194,591,1603,20,5,15,9,4,5,0,0,0
09,161,District - Etawah (30),Urban,65-69,6657,3458,3199,178,106,72,4823,2850,1973,1639,495,1144,15,5,10,2,2,0,0,0,0
09,161,District - Etawah (30),Urban,70-74,5138,2719,2419,110,76,34,3127,2050,1077,1893,587,1306,8,6,2,0,0,0,0,0,0
09,161,District - Etawah (30),Urban,75-79,2301,1245,1056,62,43,19,1299,864,435,937,338,599,1,0,1,2,0,2,0,0,0
09,161,District - Etawah (30),Urban,80+,3229,1614,1615,318,193,125,1378,858,520,1528,561,967,4,1,3,1,1,0,0,0,0
09,161,District - Etawah (30),Urban,Age not stated,806,409,397,434,258,176,335,144,191,35,7,28,1,0,1,1,0,1,0,0,0
09,161,District - Etawah (30),Urban,Less than 18,132988,71167,61821,131081,70557,60524,1776,557,1219,70,22,48,55,26,29,6,5,1,0,0,0
09,161,District - Etawah (30),Urban,Less than 21,161885,86862,75023,155234,85122,70112,6421,1643,4778,129,43,86,90,47,43,11,7,4,0,0,0
09,162,District - Auraiya (31),Total,All ages,1379545,740040,639505,723396,420895,302501,594871,295381,299490,59215,22699,36516,1689,900,789,374,165,209,0,0,0
09,162,District - Auraiya (31),Total,0-9,295722,156453,139269,295722,156453,139269,0,0,0,0,0,0,0,0,0,0,0,0,0,0,0
09,162,District - Auraiya (31),Total,10-14,174575,93257,81318,172326,92394,79932,2119,800,1319,67,29,38,60,33,27,3,1,2,0,0,0
09,162,District - Auraiya (31),Total,15-19,163715,91335,72380,152333,88814,63519,11124,2397,8727,179,86,93,72,36,36,7,2,5,0,0,0
09,162,District - Auraiya (31),Total,20-24,122372,69603,52769,65256,49443,15813,56455,19889,36566,468,198,270,157,63,94,36,10,26,0,0,0
09,162,District - Auraiya (31),Total,25-29,99952,53368,46584,18134,15926,2208,80600,36871,43729,925,435,490,247,115,132,46,21,25,0,0,0
09,162,District - Auraiya (31),Total,30-34,90680,46029,44651,6093,5635,458,82789,39530,43259,1512,721,791,230,121,109,56,22,34,0,0,0
09,162,District - Auraiya (31),Total,35-39,92491,48320,44171,3582,3375,207,85687,43432,42255,2874,1324,1550,279,157,122,69,32,37,0,0,0
09,162,District - Auraiya (31),Total,40-44,76535,41793,34742,2282,2173,109,70235,37746,32489,3771,1726,2045,192,120,72,55,28,27,0,0,0
09,162,District - Auraiya (31),Total,45-49,61057,33151,27906,1558,1475,83,55248,29831,25417,4065,1736,2329,155,94,61,31,15,16,0,0,0
09,162,District - Auraiya (31),Total,50-54,47169,26168,21001,1152,1107,45,41078,23079,17999,4824,1925,2899,95,50,45,20,7,13,0,0,0
09,162,District - Auraiya (31),Total,55-59,39720,19290,20430,835,773,62,34115,16688,17427,4694,1783,2911,62,37,25,14,9,5,0,0,0
09,162,District - Auraiya (31),Total,60-64,42930,22683,20247,1177,1002,175,32483,18629,13854,9184,3005,6179,70,37,33,16,10,6,0,0,0
09,162,District - Auraiya (31),Total,65-69,28386,14552,13834,926,726,200,19640,11218,8422,7785,2592,5193,29,15,14,6,1,5,0,0,0
09,162,District - Auraiya (31),Total,70-74,21644,11903,9741,614,559,55,12569,8412,4157,8426,2912,5514,28,16,12,7,4,3,0,0,0
09,162,District - Auraiya (31),Total,75-79,9651,5006,4645,257,228,29,5431,3221,2210,3957,1553,2404,3,3,0,3,1,2,0,0,0
09,162,District - Auraiya (31),Total,80+,12554,6906,5648,847,630,217,5224,3602,1622,6468,2669,3799,10,3,7,5,2,3,0,0,0
09,162,District - Auraiya (31),Total,Age not stated,392,223,169,302,182,120,74,36,38,16,5,11,0,0,0,0,0,0,0,0,0
09,162,District - Auraiya (31),Total,Less than 18,569695,303710,265985,563958,301802,262156,5432,1763,3669,197,93,104,100,50,50,8,2,6,0,0,0
09,162,District - Auraiya (31),Total,Less than 21,671848,363175,308673,646624,356750,289874,24670,6175,18495,366,162,204,169,83,86,19,5,14,0,0,0
09,162,District - Auraiya (31),Rural,All ages,1145323,616494,528829,604139,352567,251572,489631,243294,246337,49930,19735,30195,1348,767,581,275,131,144,0,0,0
09,162,District - Auraiya (31),Rural,0-9,250751,132586,118165,250751,132586,118165,0,0,0,0,0,0,0,0,0,0,0,0,0,0,0
09,162,District - Auraiya (31),Rural,10-14,146773,78315,68458,144938,77612,67326,1729,648,1081,54,26,28,50,28,22,2,1,1,0,0,0
09,162,District - Auraiya (31),Rural,15-19,136074,76272,59802,126463,74149,52314,9385,2013,7372,157,75,82,63,33,30,6,2,4,0,0,0
09,162,District - Auraiya (31),Rural,20-24,99125,57199,41926,51158,40061,11097,47428,16900,30528,380,173,207,132,56,76,27,9,18,0,0,0
09,162,District - Auraiya (31),Rural,25-29,81435,43798,37637,13948,12606,1342,66522,30710,35812,747,374,373,187,92,95,31,16,15,0,0,0
09,162,District - Auraiya (31),Rural,30-34,74435,37816,36619,5036,4729,307,67934,32324,35610,1242,640,602,183,106,77,40,17,23,0,0,0
09,162,District - Auraiya (31),Rural,35-39,76291,40173,36118,3099,2937,162,70514,35882,34632,2405,1193,1212,220,134,86,53,27,26,0,0,0
09,162,District - Auraiya (31),Rural,40-44,62418,34470,27948,1999,1919,80,57100,30914,26186,3128,1510,1618,153,106,47,38,21,17,0,0,0
09,162,District - Auraiya (31),Rural,45-49,49256,26820,22436,1378,1310,68,44367,23902,20465,3367,1520,1847,121,77,44,23,11,12,0,0,0
09,162,District - Auraiya (31),Rural,50-54,38058,21220,16838,1029,996,33,33023,18531,14492,3920,1648,2272,73,40,33,13,5,8,0,0,0
09,162,District - Auraiya (31),Rural,55-59,32480,15661,16819,748,700,48,27839,13392,14447,3833,1530,2303,49,32,17,11,7,4,0,0,0
09,162,District - Auraiya (31),Rural,60-64,36250,19148,17102,1055,907,148,27322,15590,11732,7801,2608,5193,60,35,25,12,8,4,0,0,0
09,162,District - Auraiya (31),Rural,65-69,24155,12415,11740,801,651,150,16623,9480,7143,6701,2272,4429,24,11,13,6,1,5,0,0,0
09,162,District - Auraiya (31),Rural,70-74,18552,10209,8343,553,512,41,10641,7121,3520,7328,2559,4769,25,14,11,5,3,2,0,0,0
09,162,District - Auraiya (31),Rural,75-79,8169,4239,3930,232,211,21,4624,2739,1885,3309,1287,2022,1,1,0,3,1,2,0,0,0
09,162,District - Auraiya (31),Rural,80+,10767,5960,4807,688,521,167,4524,3119,1405,5543,2316,3227,7,2,5,5,2,3,0,0,0
09,162,District - Auraiya (31),Rural,Age not stated,334,193,141,263,160,103,56,29,27,15,4,11,0,0,0,0,0,0,0,0,0
09,162,District - Auraiya (31),Rural,Less than 18,480510,256096,224414,475792,254525,221267,4461,1444,3017,167,82,85,84,43,41,6,2,4,0,0,0
09,162,District - Auraiya (31),Rural,Less than 21,564704,305682,259022,543465,300264,243201,20768,5194,15574,311,146,165,145,74,71,15,4,11,0,0,0
09,162,District - Auraiya (31),Urban,All ages,234222,123546,110676,119257,68328,50929,105240,52087,53153,9285,2964,6321,341,133,208,99,34,65,0,0,0
09,162,District - Auraiya (31),Urban,0-9,44971,23867,21104,44971,23867,21104,0,0,0,0,0,0,0,0,0,0,0,0,0,0,0
09,162,District - Auraiya (31),Urban,10-14,27802,14942,12860,27388,14782,12606,390,152,238,13,3,10,10,5,5,1,0,1,0,0,0
09,162,District - Auraiya (31),Urban,15-19,27641,15063,12578,25870,14665,11205,1739,384,1355,22,11,11,9,3,6,1,0,1,0,0,0
09,162,District - Auraiya (31),Urban,20-24,23247,12404,10843,14098,9382,4716,9027,2989,6038,88,25,63,25,7,18,9,1,8,0,0,0
09,162,District - Auraiya (31),Urban,25-29,18517,9570,8947,4186,3320,866,14078,6161,7917,178,61,117,60,23,37,15,5,10,0,0,0
09,162,District - Auraiya (31),Urban,30-34,16245,8213,8032,1057,906,151,14855,7206,7649,270,81,189,47,15,32,16,5,11,0,0,0
09,162,District - Auraiya (31),Urban,35-39,16200,8147,8053,483,438,45,15173,7550,7623,469,131,338,59,23,36,16,5,11,0,0,0
09,162,District - Auraiya (31),Urban,40-44,14117,7323,6794,283,254,29,13135,6832,6303,643,216,427,39,14,25,17,7,10,0,0,0
09,162,District - Auraiya (31),Urban,45-49,11801,6331,5470,180,165,15,10881,5929,4952,698,216,482,34,17,17,8,4,4,0,0,0
09,162,District - Auraiya (31),Urban,50-54,9111,4948,4163,123,111,12,8055,4548,3507,904,277,627,22,10,12,7,2,5,0,0,0
09,162,District - Auraiya (31),Urban,55-59,7240,3629,3611,87,73,14,6276,3296,2980,861,253,608,13,5,8,3,2,1,0,0,0
09,162,District - Auraiya (31),Urban,60-64,6680,3535,3145,122,95,27,5161,3039,2122,1383,397,986,10,2,8,4,2,2,0,0,0
09,162,District - Auraiya (31),Urban,65-69,4231,2137,2094,125,75,50,3017,1738,1279,1084,320,764,5,4,1,0,0,0,0,0,0
09,162,District - Auraiya (31),Urban,70-74,3092,1694,1398,61,47,14,1928,1291,637,1098,353,745,3,2,1,2,1,1,0,0,0
09,162,District - Auraiya (31),Urban,75-79,1482,767,715,25,17,8,807,482,325,648,266,382,2,2,0,0,0,0,0,0,0
09,162,District - Auraiya (31),Urban,80+,1787,946,841,159,109,50,700,483,217,925,353,572,3,1,2,0,0,0,0,0,0
09,162,District - Auraiya (31),Urban,Age not stated,58,30,28,39,22,17,18,7,11,1,1,0,0,0,0,0,0,0,0,0,0
09,162,District - Auraiya (31),Urban,Less than 18,89185,47614,41571,88166,47277,40889,971,319,652,30,11,19,16,7,9,2,0,2,0,0,0
09,162,District - Auraiya (31),Urban,Less than 21,107144,57493,49651,103159,56486,46673,3902,981,2921,55,16,39,24,9,15,4,1,3,0,0,0
09,163,District - Kanpur Dehat (32),Total,All ages,1796184,963255,832929,937948,545482,392466,777195,386422,390773,77669,29692,47977,2630,1326,1304,742,333,409,0,0,0
09,163,District - Kanpur Dehat (32),Total,0-9,368586,194970,173616,368586,194970,173616,0,0,0,0,0,0,0,0,0,0,0,0,0,0,0
09,163,District - Kanpur Dehat (32),Total,10-14,224203,119454,104749,220434,118042,102392,3471,1266,2205,164,68,96,115,67,48,19,11,8,0,0,0
09,163,District - Kanpur Dehat (32),Total,15-19,215614,118324,97290,200940,114726,86214,14227,3402,10825,311,133,178,121,56,65,15,7,8,0,0,0
09,163,District - Kanpur Dehat (32),Total,20-24,159770,92160,67610,91095,68303,22792,67771,23481,44290,601,266,335,244,94,150,59,16,43,0,0,0
09,163,District - Kanpur Dehat (32),Total,25-29,132647,71048,61599,26014,22704,3310,104897,47536,57361,1276,609,667,359,156,203,101,43,58,0,0,0
09,163,District - Kanpur Dehat (32),Total,30-34,119479,61469,58010,8957,8130,827,107966,52149,55817,2093,969,1124,347,167,180,116,54,62,0,0,0
09,163,District - Kanpur Dehat (32),Total,35-39,118899,62360,56539,4736,4348,388,110152,56196,53956,3470,1537,1933,411,224,187,130,55,75,0,0,0
09,163,District - Kanpur Dehat (32),Total,40-44,98381,53754,44627,3139,2926,213,90303,48518,41785,4543,2105,2438,301,162,139,95,43,52,0,0,0
09,163,District - Kanpur Dehat (32),Total,45-49,79159,42697,36462,2051,1900,151,71619,38368,33251,5207,2269,2938,211,121,90,71,39,32,0,0,0
09,163,District - Kanpur Dehat (32),Total,50-54,60784,33836,26948,1716,1608,108,52959,29772,23187,5905,2351,3554,159,87,72,45,18,27,0,0,0
09,163,District - Kanpur Dehat (32),Total,55-59,51861,25178,26683,1174,1043,131,44952,21831,23121,5602,2225,3377,110,66,44,23,13,10,0,0,0
09,163,District - Kanpur Dehat (32),Total,60-64,58856,30696,28160,1996,1635,361,44720,24966,19754,11995,4021,7974,115,59,56,30,15,15,0,0,0
09,163,District - Kanpur Dehat (32),Total,65-69,40922,20879,20043,1895,1437,458,28627,15998,12629,10324,3413,6911,58,23,35,18,8,10,0,0,0
09,163,District - Kanpur Dehat (32),Total,70-74,31002,17223,13779,1202,1016,186,18194,12195,5999,11554,3982,7572,42,23,19,10,7,3,0,0,0
09,163,District - Kanpur Dehat (32),Total,75-79,13860,7316,6544,568,436,132,7988,4791,3197,5288,2081,3207,13,7,6,3,1,2,0,0,0
09,163,District - Kanpur Dehat (32),Total,80+,18987,10135,8852,1629,1146,483,8131,5359,2772,9200,3615,5585,21,12,9,6,3,3,0,0,0
09,163,District - Kanpur Dehat (32),Total,Age not stated,3174,1756,1418,1816,1112,704,1218,594,624,136,48,88,3,2,1,1,0,1,0,0,0
09,163,District - Kanpur Dehat (32),Total,Less than 18,723378,384037,339341,714236,380931,333305,8553,2838,5715,380,155,225,184,98,86,25,15,10,0,0,0
09,163,District - Kanpur Dehat (32),Total,Less than 21,858491,462407,396084,826488,453617,372871,30993,8343,22650,658,273,385,305,152,153,47,22,25,0,0,0
09,163,District - Kanpur Dehat (32),Rural,All ages,1622761,871508,751253,848201,494060,354141,700960,348507,352453,70622,27441,43181,2337,1201,1136,641,299,342,0,0,0
09,163,District - Kanpur Dehat (32),Rural,0-9,335371,177235,158136,335371,177235,158136,0,0,0,0,0,0,0,0,0,0,0,0,0,0,0
09,163,District - Kanpur Dehat (32),Rural,10-14,203629,108572,95057,200225,107289,92936,3142,1153,1989,139,60,79,107,62,45,16,8,8,0,0,0
09,163,District - Kanpur Dehat (32),Rural,15-19,194300,106943,87357,181000,103664,77336,12887,3096,9791,285,125,160,114,52,62,14,6,8,0,0,0
09,163,District - Kanpur Dehat (32),Rural,20-24,142839,82688,60151,80416,60961,19455,61610,21380,40230,546,251,295,215,80,135,52,16,36,0,0,0
09,163,District - Kanpur Dehat (32),Rural,25-29,119189,64013,55176,22802,20171,2631,94824,43102,51722,1150,557,593,322,142,180,91,41,50,0,0,0
09,163,District - Kanpur Dehat (32),Rural,30-34,107506,55395,52111,8050,7364,686,97170,46953,50217,1890,888,1002,300,142,158,96,48,48,0,0,0
09,163,District - Kanpur Dehat (32),Rural,35-39,107125,56343,50782,4363,4024,339,99168,50642,48526,3131,1418,1713,353,209,144,110,50,60,0,0,0
09,163,District - Kanpur Dehat (32),Rural,40-44,88125,48293,39832,2903,2717,186,80733,43428,37305,4129,1960,2169,274,149,125,86,39,47,0,0,0
09,163,District - Kanpur Dehat (32),Rural,45-49,70805,38277,32528,1927,1797,130,63957,34216,29741,4676,2122,2554,185,108,77,60,34,26,0,0,0
09,163,District - Kanpur Dehat (32),Rural,50-54,54443,30445,23998,1616,1523,93,47349,26657,20692,5309,2171,3138,133,79,54,36,15,21,0,0,0
09,163,District - Kanpur Dehat (32),Rural,55-59,46732,22623,24109,1106,988,118,40475,19514,20961,5030,2047,2983,102,62,40,19,12,7,0,0,0
09,163,District - Kanpur Dehat (32),Rural,60-64,53620,28050,25570,1884,1555,329,40706,22699,18007,10897,3727,7170,105,55,50,28,14,14,0,0,0
09,163,District - Kanpur Dehat (32),Rural,65-69,37581,19162,18419,1769,1361,408,26288,14609,11679,9454,3166,6288,53,19,34,17,7,10,0,0,0
09,163,District - Kanpur Dehat (32),Rural,70-74,28461,15849,12612,1125,958,167,16715,11202,5513,10572,3661,6911,41,23,18,8,5,3,0,0,0
09,163,District - Kanpur Dehat (32),Rural,75-79,12728,6729,5999,515,404,111,7376,4414,2962,4823,1904,2919,12,6,6,2,1,1,0,0,0
09,163,District - Kanpur Dehat (32),Rural,80+,17396,9295,8101,1459,1031,428,7445,4911,2534,8467,3339,5128,19,11,8,6,3,3,0,0,0
09,163,District - Kanpur Dehat (32),Rural,Age not stated,2911,1596,1315,1670,1018,652,1115,531,584,124,45,79,2,2,0,0,0,0,0,0,0
09,163,District - Kanpur Dehat (32),Rural,Less than 18,656929,348798,308131,648667,345968,302699,7727,2584,5143,340,144,196,174,91,83,21,11,10,0,0,0
09,163,District - Kanpur Dehat (32),Rural,Less than 21,778317,419532,358785,749255,411527,337728,28145,7594,20551,592,253,339,284,140,144,41,18,23,0,0,0
09,163,District - Kanpur Dehat (32),Urban,All ages,173423,91747,81676,89747,51422,38325,76235,37915,38320,7047,2251,4796,293,125,168,101,34,67,0,0,0
09,163,District - Kanpur Dehat (32),Urban,0-9,33215,17735,15480,33215,17735,15480,0,0,0,0,0,0,0,0,0,0,0,0,0,0,0
09,163,District - Kanpur Dehat (32),Urban,10-14,20574,10882,9692,20209,10753,9456,329,113,216,25,8,17,8,5,3,3,3,0,0,0,0
09,163,District - Kanpur Dehat (32),Urban,15-19,21314,11381,9933,19940,11062,8878,1340,306,1034,26,8,18,7,4,3,1,1,0,0,0,0
09,163,District - Kanpur Dehat (32),Urban,20-24,16931,9472,7459,10679,7342,3337,6161,2101,4060,55,15,40,29,14,15,7,0,7,0,0,0
09,163,District - Kanpur Dehat (32),Urban,25-29,13458,7035,6423,3212,2533,679,10073,4434,5639,126,52,74,37,14,23,10,2,8,0,0,0
09,163,District - Kanpur Dehat (32),Urban,30-34,11973,6074,5899,907,766,141,10796,5196,5600,203,81,122,47,25,22,20,6,14,0,0,0
09,163,District - Kanpur Dehat (32),Urban,35-39,11774,6017,5757,373,324,49,10984,5554,5430,339,119,220,58,15,43,20,5,15,0,0,0
09,163,District - Kanpur Dehat (32),Urban,40-44,10256,5461,4795,236,209,27,9570,5090,4480,414,145,269,27,13,14,9,4,5,0,0,0
09,163,District - Kanpur Dehat (32),Urban,45-49,8354,4420,3934,124,103,21,7662,4152,3510,531,147,384,26,13,13,11,5,6,0,0,0
09,163,District - Kanpur Dehat (32),Urban,50-54,6341,3391,2950,100,85,15,5610,3115,2495,596,180,416,26,8,18,9,3,6,0,0,0
09,163,District - Kanpur Dehat (32),Urban,55-59,5129,2555,2574,68,55,13,4477,2317,2160,572,178,394,8,4,4,4,1,3,0,0,0
09,163,District - Kanpur Dehat (32),Urban,60-64,5236,2646,2590,112,80,32,4014,2267,1747,1098,294,804,10,4,6,2,1,1,0,0,0
09,163,District - Kanpur Dehat (32),Urban,65-69,3341,1717,1624,126,76,50,2339,1389,950,870,247,623,5,4,1,1,1,0,0,0,0
09,163,District - Kanpur Dehat (32),Urban,70-74,2541,1374,1167,77,58,19,1479,993,486,982,321,661,1,0,1,2,2,0,0,0,0
09,163,District - Kanpur Dehat (32),Urban,75-79,1132,587,545,53,32,21,612,377,235,465,177,288,1,1,0,1,0,1,0,0,0
09,163,District - Kanpur Dehat (32),Urban,80+,1591,840,751,170,115,55,686,448,238,733,276,457,2,1,1,0,0,0,0,0,0
09,163,District - Kanpur Dehat (32),Urban,Age not stated,263,160,103,146,94,52,103,63,40,12,3,9,1,0,1,1,0,1,0,0,0
09,163,District - Kanpur Dehat (32),Urban,Less than 18,66449,35239,31210,65569,34963,30606,826,254,572,40,11,29,10,7,3,4,4,0,0,0,0
09,163,District - Kanpur Dehat (32),Urban,Less than 21,80174,42875,37299,77233,42090,35143,2848,749,2099,66,20,46,21,12,9,6,4,2,0,0,0
09,164,District - Kanpur Nagar (33),Total,All ages,4581268,2459806,2121462,2300006,1342314,957692,2078900,1044578,1034322,190867,67680,123187,7851,3629,4222,3644,1605,2039,0,0,0
09,164,District - Kanpur Nagar (33),Total,0-9,763888,408061,355827,763888,408061,355827,0,0,0,0,0,0,0,0,0,0,0,0,0,0,0
09,164,District - Kanpur Nagar (33),Total,10-14,485666,259605,226061,474885,255258,219627,10148,4057,6091,411,174,237,172,82,90,50,34,16,0,0,0
09,164,District - Kanpur Nagar (33),Total,15-19,527586,286198,241388,495524,277308,218216,30962,8441,22521,799,317,482,216,99,117,85,33,52,0,0,0
09,164,District - Kanpur Nagar (33),Total,20-24,464532,257096,207436,317180,210684,106496,144852,45525,99327,1641,619,1022,589,196,393,270,72,198,0,0,0
09,164,District - Kanpur Nagar (33),Total,25-29,388739,206483,182256,125729,95049,30680,258421,109638,148783,3104,1271,1833,1032,387,645,453,138,315,0,0,0
09,164,District - Kanpur Nagar (33),Total,30-34,339466,176809,162657,44197,35085,9112,288203,138743,149460,5348,2292,3056,1191,493,698,527,196,331,0,0,0
09,164,District - Kanpur Nagar (33),Total,35-39,337110,176713,160397,20283,16561,3722,305896,155828,150068,9113,3507,5606,1229,556,673,589,261,328,0,0,0
09,164,District - Kanpur Nagar (33),Total,40-44,286182,155324,130858,12556,10461,2095,259552,139300,120252,12544,4811,7733,1082,533,549,448,219,229,0,0,0
09,164,District - Kanpur Nagar (33),Total,45-49,246796,133466,113330,7901,6671,1230,221917,120634,101283,15820,5571,10249,783,413,370,375,177,198,0,0,0
09,164,District - Kanpur Nagar (33),Total,50-54,190405,106752,83653,5450,4497,953,165753,95094,70659,18367,6691,11676,551,298,253,284,172,112,0,0,0
09,164,District - Kanpur Nagar (33),Total,55-59,152367,78288,74079,3991,3190,801,130243,68839,61404,17618,5968,11650,343,200,143,172,91,81,0,0,0
09,164,District - Kanpur Nagar (33),Total,60-64,145808,78142,67666,5038,3663,1375,112012,65225,46787,28256,8973,19283,331,190,141,171,91,80,0,0,0
09,164,District - Kanpur Nagar (33),Total,65-69,95530,51229,44301,4978,3314,1664,67181,40040,27141,23128,7748,15380,154,78,76,89,49,40,0,0,0
09,164,District - Kanpur Nagar (33),Total,70-74,67665,37761,29904,3016,2157,859,41140,27519,13621,23385,8017,15368,73,39,34,51,29,22,0,0,0
09,164,District - Kanpur Nagar (33),Total,75-79,31341,16851,14490,1598,1101,497,17661,11162,6499,12018,4549,7469,41,27,14,23,12,11,0,0,0
09,164,District - Kanpur Nagar (33),Total,80+,48679,25154,23525,7841,5163,2678,21814,12931,8883,18932,7012,11920,53,29,24,39,19,20,0,0,0
09,164,District - Kanpur Nagar (33),Total,Age not stated,9508,5874,3634,5951,4091,1860,3145,1602,1543,383,160,223,11,9,2,18,12,6,0,0,0
09,164,District - Kanpur Nagar (33),Total,Less than 18,1554677,829753,724924,1531346,821074,710272,22059,8119,13940,907,373,534,280,137,143,85,50,35,0,0,0
09,164,District - Kanpur Nagar (33),Total,Less than 21,1912777,1030043,882734,1842068,1009488,832580,68368,19605,48763,1640,637,1003,507,229,278,194,84,110,0,0,0
09,164,District - Kanpur Nagar (33),Rural,All ages,1565623,837260,728363,824020,477315,346705,671137,333232,337905,67624,25301,42323,2259,1127,1132,583,285,298,0,0,0
09,164,District - Kanpur Nagar (33),Rural,0-9,315765,167363,148402,315765,167363,148402,0,0,0,0,0,0,0,0,0,0,0,0,0,0,0
09,164,District - Kanpur Nagar (33),Rural,10-14,191961,101576,90385,189250,100490,88760,2564,1019,1545,106,51,55,33,12,21,8,4,4,0,0,0
09,164,District - Kanpur Nagar (33),Rural,15-19,191445,104344,87101,180427,101727,78700,10680,2480,8200,263,105,158,56,25,31,19,7,12,0,0,0
09,164,District - Kanpur Nagar (33),Rural,20-24,144958,82818,62140,87808,63993,23815,56404,18553,37851,518,197,321,174,57,117,54,18,36,0,0,0
09,164,District - Kanpur Nagar (33),Rural,25-29,115832,62559,53273,25160,21643,3517,89200,40225,48975,1054,510,544,331,143,188,87,38,49,0,0,0
09,164,District - Kanpur Nagar (33),Rural,30-34,103210,52958,50252,8282,7355,927,92805,44579,48226,1696,810,886,342,168,174,85,46,39,0,0,0
09,164,District - Kanpur Nagar (33),Rural,35-39,101851,53226,48625,3984,3622,362,94481,48048,46433,2938,1311,1627,349,190,159,99,55,44,0,0,0
09,164,District - Kanpur Nagar (33),Rural,40-44,85667,46524,39143,2540,2351,189,78849,42260,36589,3895,1711,2184,322,166,156,61,36,25,0,0,0
09,164,District - Kanpur Nagar (33),Rural,45-49,69084,37332,31752,1768,1622,146,62527,33746,28781,4537,1829,2708,207,115,92,45,20,25,0,0,0
09,164,District - Kanpur Nagar (33),Rural,50-54,53002,29525,23477,1253,1148,105,46353,26144,20209,5206,2118,3088,153,93,60,37,22,15,0,0,0
09,164,District - Kanpur Nagar (33),Rural,55-59,45268,21125,24143,945,829,116,39311,18403,20908,4913,1835,3078,81,48,33,18,10,8,0,0,0
09,164,District - Kanpur Nagar (33),Rural,60-64,53859,27995,25864,1587,1303,284,41601,23104,18497,10536,3524,7012,103,51,52,32,13,19,0,0,0
09,164,District - Kanpur Nagar (33),Rural,65-69,37156,19300,17856,1541,1117,424,26159,15068,11091,9386,3080,6306,52,28,24,18,7,11,0,0,0
09,164,District - Kanpur Nagar (33),Rural,70-74,27288,15124,12164,952,781,171,16110,10797,5313,10187,3529,6658,27,12,15,12,5,7,0,0,0
09,164,District - Kanpur Nagar (33),Rural,75-79,11692,6182,5510,396,303,93,6672,4115,2557,4608,1754,2854,13,9,4,3,1,2,0,0,0
09,164,District - Kanpur Nagar (33),Rural,80+,16391,8569,7822,1544,1093,451,7108,4551,2557,7721,2915,4806,13,7,6,5,3,2,0,0,0
09,164,District - Kanpur Nagar (33),Rural,Age not stated,1194,740,454,818,575,243,313,140,173,60,22,38,3,3,0,0,0,0,0,0,0
09,164,District - Kanpur Nagar (33),Rural,Less than 18,622502,329872,292630,616257,327567,288690,5889,2152,3737,277,117,160,65,30,35,14,6,8,0,0,0
09,164,District - Kanpur Nagar (33),Rural,Less than 21,746734,400979,345755,721571,394462,327109,24477,6249,18228,519,201,318,126,50,76,41,17,24,0,0,0
09,164,District - Kanpur Nagar (33),Urban,All ages,3015645,1622546,1393099,1475986,864999,610987,1407763,711346,696417,123243,42379,80864,5592,2502,3090,3061,1320,1741,0,0,0
09,164,District - Kanpur Nagar (33),Urban,0-9,448123,240698,207425,448123,240698,207425,0,0,0,0,0,0,0,0,0,0,0,0,0,0,0
09,164,District - Kanpur Nagar (33),Urban,10-14,293705,158029,135676,285635,154768,130867,7584,3038,4546,305,123,182,139,70,69,42,30,12,0,0,0
09,164,District - Kanpur Nagar (33),Urban,15-19,336141,181854,154287,315097,175581,139516,20282,5961,14321,536,212,324,160,74,86,66,26,40,0,0,0
09,164,District - Kanpur Nagar (33),Urban,20-24,319574,174278,145296,229372,146691,82681,88448,26972,61476,1123,422,701,415,139,276,216,54,162,0,0,0
09,164,District - Kanpur Nagar (33),Urban,25-29,272907,143924,128983,100569,73406,27163,169221,69413,99808,2050,761,1289,701,244,457,366,100,266,0,0,0
09,164,District - Kanpur Nagar (33),Urban,30-34,236256,123851,112405,35915,27730,8185,195398,94164,101234,3652,1482,2170,849,325,524,442,150,292,0,0,0
09,164,District - Kanpur Nagar (33),Urban,35-39,235259,123487,111772,16299,12939,3360,211415,107780,103635,6175,2196,3979,880,366,514,490,206,284,0,0,0
09,164,District - Kanpur Nagar (33),Urban,40-44,200515,108800,91715,10016,8110,1906,180703,97040,83663,8649,3100,5549,760,367,393,387,183,204,0,0,0
09,164,District - Kanpur Nagar (33),Urban,45-49,177712,96134,81578,6133,5049,1084,159390,86888,72502,11283,3742,7541,576,298,278,330,157,173,0,0,0
09,164,District - Kanpur Nagar (33),Urban,50-54,137403,77227,60176,4197,3349,848,119400,68950,50450,13161,4573,8588,398,205,193,247,150,97,0,0,0
09,164,District - Kanpur Nagar (33),Urban,55-59,107099,57163,49936,3046,2361,685,90932,50436,40496,12705,4133,8572,262,152,110,154,81,73,0,0,0
09,164,District - Kanpur Nagar (33),Urban,60-64,91949,50147,41802,3451,2360,1091,70411,42121,28290,17720,5449,12271,228,139,89,139,78,61,0,0,0
09,164,District - Kanpur Nagar (33),Urban,65-69,58374,31929,26445,3437,2197,1240,41022,24972,16050,13742,4668,9074,102,50,52,71,42,29,0,0,0
09,164,District - Kanpur Nagar (33),Urban,70-74,40377,22637,17740,2064,1376,688,25030,16722,8308,13198,4488,8710,46,27,19,39,24,15,0,0,0
09,164,District - Kanpur Nagar (33),Urban,75-79,19649,10669,8980,1202,798,404,10989,7047,3942,7410,2795,4615,28,18,10,20,11,9,0,0,0
09,164,District - Kanpur Nagar (33),Urban,80+,32288,16585,15703,6297,4070,2227,14706,8380,6326,11211,4097,7114,40,22,18,34,16,18,0,0,0
09,164,District - Kanpur Nagar (33),Urban,Age not stated,8314,5134,3180,5133,3516,1617,2832,1462,1370,323,138,185,8,6,2,18,12,6,0,0,0
09,164,District - Kanpur Nagar (33),Urban,Less than 18,932175,499881,432294,915089,493507,421582,16170,5967,10203,630,256,374,215,107,108,71,44,27,0,0,0
09,164,District - Kanpur Nagar (33),Urban,Less than 21,1166043,629064,536979,1120497,615026,505471,43891,13356,30535,1121,436,685,381,179,202,153,67,86,0,0,0
09,165,District - Jalaun  (34),Total,All ages,1689974,906092,783882,815992,479494,336498,797426,396805,400621,74175,28714,45461,1796,839,957,585,240,345,0,0,0
09,165,District - Jalaun  (34),Total,0-9,337654,179579,158075,337654,179579,158075,0,0,0,0,0,0,0,0,0,0,0,0,0,0,0
09,165,District - Jalaun  (34),Total,10-14,195572,105015,90557,192743,103894,88849,2659,1037,1622,89,50,39,73,29,44,8,5,3,0,0,0
09,165,District - Jalaun  (34),Total,15-19,186139,104190,81949,168445,100388,68057,17352,3674,13678,245,90,155,84,36,48,13,2,11,0,0,0
09,165,District - Jalaun  (34),Total,20-24,151585,85145,66440,69753,53933,15820,81021,30847,50174,590,274,316,164,72,92,57,19,38,0,0,0
09,165,District - Jalaun  (34),Total,25-29,131867,70593,61274,21007,18383,2624,109287,51464,57823,1238,604,634,257,111,146,78,31,47,0,0,0
09,165,District - Jalaun  (34),Total,30-34,115546,59202,56344,7465,6776,689,105793,51328,54465,1971,952,1019,230,105,125,87,41,46,0,0,0
09,165,District - Jalaun  (34),Total,35-39,115757,60242,55515,4492,4200,292,107577,54399,53178,3348,1476,1872,261,131,130,79,36,43,0,0,0
09,165,District - Jalaun  (34),Total,40-44,97633,52507,45126,2891,2736,155,90269,47816,42453,4177,1810,2367,207,104,103,89,41,48,0,0,0
09,165,District - Jalaun  (34),Total,45-49,81154,43471,37683,2075,1971,104,74080,39340,34740,4786,2062,2724,156,76,80,57,22,35,0,0,0
09,165,District - Jalaun  (34),Total,50-54,63912,34970,28942,1517,1416,101,56435,31195,25240,5814,2292,3522,109,53,56,37,14,23,0,0,0
09,165,District - Jalaun  (34),Total,55-59,53368,26911,26457,1215,1118,97,46399,23524,22875,5666,2236,3430,70,29,41,18,4,14,0,0,0
09,165,District - Jalaun  (34),Total,60-64,53136,27922,25214,1542,1279,263,41483,23098,18385,10023,3507,6516,67,31,36,21,7,14,0,0,0
09,165,District - Jalaun  (34),Total,65-69,39249,19918,19331,1430,1099,331,28407,15528,12879,9349,3261,6088,48,24,24,15,6,9,0,0,0
09,165,District - Jalaun  (34),Total,70-74,31240,17244,13996,815,704,111,19005,12453,6552,11376,4063,7313,34,19,15,10,5,5,0,0,0
09,165,District - Jalaun  (34),Total,75-79,15039,7898,7141,412,349,63,8818,5292,3526,5791,2247,3544,11,6,5,7,4,3,0,0,0
09,165,District - Jalaun  (34),Total,80+,19010,10134,8876,1276,902,374,8090,5459,2631,9615,3757,5858,21,13,8,8,3,5,0,0,0
09,165,District - Jalaun  (34),Total,Age not stated,2113,1151,962,1260,767,493,751,351,400,97,33,64,4,0,4,1,0,1,0,0,0
09,165,District - Jalaun  (34),Total,Less than 18,644591,345811,298780,637000,343360,293640,7225,2294,4931,232,99,133,123,52,71,11,6,5,0,0,0
09,165,District - Jalaun  (34),Total,Less than 21,763243,414123,349120,726262,404363,321899,36256,9466,26790,501,204,297,190,78,112,34,12,22,0,0,0
09,165,District - Jalaun  (34),Rural,All ages,1271074,683656,587418,607944,358565,249379,604631,300978,303653,56895,23289,33606,1233,638,595,371,186,185,0,0,0
09,165,District - Jalaun  (34),Rural,0-9,261572,138938,122634,261572,138938,122634,0,0,0,0,0,0,0,0,0,0,0,0,0,0,0
09,165,District - Jalaun  (34),Rural,10-14,148578,79611,68967,146483,78768,67715,1973,781,1192,65,37,28,51,20,31,6,5,1,0,0,0
09,165,District - Jalaun  (34),Rural,15-19,136334,77091,59243,122221,74069,48152,13862,2922,10940,184,72,112,60,27,33,7,1,6,0,0,0
09,165,District - Jalaun  (34),Rural,20-24,109740,62176,47564,44964,36867,8097,64202,25031,39171,437,207,230,103,55,48,34,16,18,0,0,0
09,165,District - Jalaun  (34),Rural,25-29,97487,52381,45106,12810,11823,987,83531,39967,43564,931,481,450,166,85,81,49,25,24,0,0,0
09,165,District - Jalaun  (34),Rural,30-34,86205,44283,41922,5073,4777,296,79416,38630,40786,1516,769,747,154,77,77,46,30,16,0,0,0
09,165,District - Jalaun  (34),Rural,35-39,86306,45215,41091,3470,3313,157,80117,40565,39552,2501,1222,1279,170,90,80,48,25,23,0,0,0
09,165,District - Jalaun  (34),Rural,40-44,72448,39200,33248,2314,2222,92,66858,35405,31453,3068,1461,1607,149,81,68,59,31,28,0,0,0
09,165,District - Jalaun  (34),Rural,45-49,59969,32294,27675,1698,1640,58,54576,28917,25659,3548,1660,1888,108,61,47,39,16,23,0,0,0
09,165,District - Jalaun  (34),Rural,50-54,47164,25924,21240,1272,1205,67,41524,22834,18690,4271,1833,2438,71,39,32,26,13,13,0,0,0
09,165,District - Jalaun  (34),Rural,55-59,39834,19983,19851,1015,948,67,34608,17251,17357,4146,1754,2392,52,26,26,13,4,9,0,0,0
09,165,District - Jalaun  (34),Rural,60-64,40806,21510,19296,1204,1036,168,31902,17625,14277,7633,2820,4813,49,22,27,18,7,11,0,0,0
09,165,District - Jalaun  (34),Rural,65-69,30822,15608,15214,1089,877,212,22401,12053,10348,7283,2653,4630,39,21,18,10,4,6,0,0,0
09,165,District - Jalaun  (34),Rural,70-74,25102,14006,11096,654,583,71,15354,10017,5337,9058,3386,5672,31,17,14,5,3,2,0,0,0
09,165,District - Jalaun  (34),Rural,75-79,12109,6387,5722,344,300,44,7195,4259,2936,4553,1818,2735,10,6,4,7,4,3,0,0,0
09,165,District - Jalaun  (34),Rural,80+,15264,8299,6965,944,686,258,6675,4512,2163,7624,3088,4536,17,11,6,4,2,2,0,0,0
09,165,District - Jalaun  (34),Rural,Age not stated,1334,750,584,817,513,304,437,209,228,77,28,49,3,0,3,0,0,0,0,0,0
09,165,District - Jalaun  (34),Rural,Less than 18,492382,264152,228230,486648,262282,224366,5462,1748,3714,174,76,98,91,40,51,7,6,1,0,0,0
09,165,District - Jalaun  (34),Rural,Less than 21,578423,314391,264032,549064,306547,242517,28827,7619,21208,375,157,218,133,57,76,24,11,13,0,0,0
09,165,District - Jalaun  (34),Urban,All ages,418900,222436,196464,208048,120929,87119,192795,95827,96968,17280,5425,11855,563,201,362,214,54,160,0,0,0
09,165,District - Jalaun  (34),Urban,0-9,76082,40641,35441,76082,40641,35441,0,0,0,0,0,0,0,0,0,0,0,0,0,0,0
09,165,District - Jalaun  (34),Urban,10-14,46994,25404,21590,46260,25126,21134,686,256,430,24,13,11,22,9,13,2,0,2,0,0,0
09,165,District - Jalaun  (34),Urban,15-19,49805,27099,22706,46224,26319,19905,3490,752,2738,61,18,43,24,9,15,6,1,5,0,0,0
09,165,District - Jalaun  (34),Urban,20-24,41845,22969,18876,24789,17066,7723,16819,5816,11003,153,67,86,61,17,44,23,3,20,0,0,0
09,165,District - Jalaun  (34),Urban,25-29,34380,18212,16168,8197,6560,1637,25756,11497,14259,307,123,184,91,26,65,29,6,23,0,0,0
09,165,District - Jalaun  (34),Urban,30-34,29341,14919,14422,2392,1999,393,26377,12698,13679,455,183,272,76,28,48,41,11,30,0,0,0
09,165,District - Jalaun  (34),Urban,35-39,29451,15027,14424,1022,887,135,27460,13834,13626,847,254,593,91,41,50,31,11,20,0,0,0
09,165,District - Jalaun  (34),Urban,40-44,25185,13307,11878,577,514,63,23411,12411,11000,1109,349,760,58,23,35,30,10,20,0,0,0
09,165,District - Jalaun  (34),Urban,45-49,21185,11177,10008,377,331,46,19504,10423,9081,1238,402,836,48,15,33,18,6,12,0,0,0
09,165,District - Jalaun  (34),Urban,50-54,16748,9046,7702,245,211,34,14911,8361,6550,1543,459,1084,38,14,24,11,1,10,0,0,0
09,165,District - Jalaun  (34),Urban,55-59,13534,6928,6606,200,170,30,11791,6273,5518,1520,482,1038,18,3,15,5,0,5,0,0,0
09,165,District - Jalaun  (34),Urban,60-64,12330,6412,5918,338,243,95,9581,5473,4108,2390,687,1703,18,9,9,3,0,3,0,0,0
09,165,District - Jalaun  (34),Urban,65-69,8427,4310,4117,341,222,119,6006,3475,2531,2066,608,1458,9,3,6,5,2,3,0,0,0
09,165,District - Jalaun  (34),Urban,70-74,6138,3238,2900,161,121,40,3651,2436,1215,2318,677,1641,3,2,1,5,2,3,0,0,0
09,165,District - Jalaun  (34),Urban,75-79,2930,1511,1419,68,49,19,1623,1033,590,1238,429,809,1,0,1,0,0,0,0,0,0
09,165,District - Jalaun  (34),Urban,80+,3746,1835,1911,332,216,116,1415,947,468,1991,669,1322,4,2,2,4,1,3,0,0,0
09,165,District - Jalaun  (34),Urban,Age not stated,779,401,378,443,254,189,314,142,172,20,5,15,1,0,1,1,0,1,0,0,0
09,165,District - Jalaun  (34),Urban,Less than 18,152209,81659,70550,150352,81078,69274,1763,546,1217,58,23,35,32,12,20,4,0,4,0,0,0
09,165,District - Jalaun  (34),Urban,Less than 21,184820,99732,85088,177198,97816,79382,7429,1847,5582,126,47,79,57,21,36,10,1,9,0,0,0
09,166,District - Jhansi (35),Total,All ages,1998603,1057436,941167,918212,531877,386335,995701,498186,497515,80918,25518,55400,2643,1394,1249,1129,461,668,0,0,0
09,166,District - Jhansi (35),Total,0-9,378675,202709,175966,378675,202709,175966,0,0,0,0,0,0,0,0,0,0,0,0,0,0,0
09,166,District - Jhansi (35),Total,10-14,220752,118060,102692,216430,116436,99994,4088,1521,2567,132,52,80,91,48,43,11,3,8,0,0,0
09,166,District - Jhansi (35),Total,15-19,206224,111925,94299,180977,106301,74676,24790,5474,19316,328,91,237,105,52,53,24,7,17,0,0,0
09,166,District - Jhansi (35),Total,20-24,193696,103562,90134,85441,61625,23816,107170,41484,65686,742,321,421,248,111,137,95,21,74,0,0,0
09,166,District - Jhansi (35),Total,25-29,171954,90997,80957,28438,22726,5712,141479,67342,74137,1499,686,813,365,182,183,173,61,112,0,0,0
09,166,District - Jhansi (35),Total,30-34,151261,77341,73920,8577,7286,1291,139597,68747,70850,2491,1025,1466,419,194,225,177,89,88,0,0,0
09,166,District - Jhansi (35),Total,35-39,142728,74869,67859,3963,3424,539,134455,69691,64764,3703,1434,2269,422,242,180,185,78,107,0,0,0
09,166,District - Jhansi (35),Total,40-44,117139,62343,54796,2468,2176,292,109355,58153,51202,4879,1779,3100,298,178,120,139,57,82,0,0,0
09,166,District - Jhansi (35),Total,45-49,99600,52536,47064,1639,1416,223,91929,49071,42858,5718,1887,3831,217,117,100,97,45,52,0,0,0
09,166,District - Jhansi (35),Total,50-54,76567,42018,34549,1157,960,197,68724,38864,29860,6463,2072,4391,156,90,66,67,32,35,0,0,0
09,166,District - Jhansi (35),Total,55-59,62054,30905,31149,849,675,174,54513,28043,26470,6540,2107,4433,110,60,50,42,20,22,0,0,0
09,166,District - Jhansi (35),Total,60-64,60939,31456,29483,1263,884,379,48327,27392,20935,11212,3107,8105,93,53,40,44,20,24,0,0,0
09,166,District - Jhansi (35),Total,65-69,41150,20391,20759,1153,773,380,30177,16784,13393,9747,2797,6950,51,30,21,22,7,15,0,0,0
09,166,District - Jhansi (35),Total,70-74,32071,16658,15413,713,463,250,19688,12858,6830,11621,3311,8310,32,18,14,17,8,9,0,0,0
09,166,District - Jhansi (35),Total,75-79,15532,7564,7968,430,283,147,8953,5405,3548,6126,1863,4263,11,8,3,12,5,7,0,0,0
09,166,District - Jhansi (35),Total,80+,20018,9670,10348,1872,1158,714,8729,5614,3115,9381,2883,6498,17,9,8,19,6,13,0,0,0
09,166,District - Jhansi (35),Total,Age not stated,8243,4432,3811,4167,2582,1585,3727,1743,1984,336,103,233,8,2,6,5,2,3,0,0,0
09,166,District - Jhansi (35),Total,Less than 18,721549,386920,334629,710128,383358,326770,10924,3369,7555,327,105,222,151,81,70,19,7,12,0,0,0
09,166,District - Jhansi (35),Total,Less than 21,856610,460291,396319,805462,446186,359276,50203,13767,36436,653,208,445,239,118,121,53,12,41,0,0,0
09,166,District - Jhansi (35),Rural,All ages,1165119,615629,549490,523941,302399,221542,592150,295025,297125,47150,17095,30055,1413,881,532,465,229,236,0,0,0
09,166,District - Jhansi (35),Rural,0-9,236752,126309,110443,236752,126309,110443,0,0,0,0,0,0,0,0,0,0,0,0,0,0,0
09,166,District - Jhansi (35),Rural,10-14,137249,73020,64229,134656,72011,62645,2453,945,1508,82,35,47,53,28,25,5,1,4,0,0,0
09,166,District - Jhansi (35),Rural,15-19,117551,64450,53101,99710,60484,39226,17583,3867,13716,190,61,129,58,34,24,10,4,6,0,0,0
09,166,District - Jhansi (35),Rural,20-24,104081,55364,48717,31555,25267,6288,71857,29768,42089,479,237,242,143,77,66,47,15,32,0,0,0
09,166,District - Jhansi (35),Rural,25-29,93174,48708,44466,7949,7099,850,84030,40954,43076,955,510,445,177,113,64,63,32,31,0,0,0
09,166,District - Jhansi (35),Rural,30-34,86667,43359,43308,3232,2985,247,81629,39501,42128,1545,721,824,196,115,81,65,37,28,0,0,0
09,166,District - Jhansi (35),Rural,35-39,83240,43925,39315,2081,1917,164,78644,40814,37830,2227,1023,1204,219,137,82,69,34,35,0,0,0
09,166,District - Jhansi (35),Rural,40-44,66926,36036,30890,1392,1322,70,62596,33374,29222,2724,1197,1527,163,115,48,51,28,23,0,0,0
09,166,District - Jhansi (35),Rural,45-49,54847,29157,25690,930,867,63,50739,26918,23821,3018,1270,1748,114,76,38,46,26,20,0,0,0
09,166,District - Jhansi (35),Rural,50-54,41788,23171,18617,705,652,53,37547,21129,16418,3422,1318,2104,88,61,27,26,11,15,0,0,0
09,166,District - Jhansi (35),Rural,55-59,34555,16665,17890,488,424,64,30663,14886,15777,3318,1302,2016,66,42,24,20,11,9,0,0,0
09,166,District - Jhansi (35),Rural,60-64,37105,19188,17917,758,567,191,29800,16494,13306,6464,2076,4388,62,39,23,21,12,9,0,0,0
09,166,District - Jhansi (35),Rural,65-69,26123,12905,13218,661,486,175,19396,10488,8908,6020,1906,4114,35,20,15,11,5,6,0,0,0
09,166,District - Jhansi (35),Rural,70-74,20618,10987,9631,396,290,106,12877,8415,4462,7312,2263,5049,20,13,7,13,6,7,0,0,0
09,166,District - Jhansi (35),Rural,75-79,9738,4838,4900,227,174,53,5758,3410,2348,3736,1244,2492,9,7,2,8,3,5,0,0,0
09,166,District - Jhansi (35),Rural,80+,11678,5917,5761,872,554,318,5247,3462,1785,5544,1893,3651,7,4,3,8,4,4,0,0,0
09,166,District - Jhansi (35),Rural,Age not stated,3027,1630,1397,1577,991,586,1331,600,731,114,39,75,3,0,3,2,0,2,0,0,0
09,166,District - Jhansi (35),Rural,Less than 18,444834,238149,206685,437682,235909,201773,6861,2117,4744,194,70,124,87,50,37,10,3,7,0,0,0
09,166,District - Jhansi (35),Rural,Less than 21,520324,279535,240789,484549,269263,215286,35226,10048,25178,388,143,245,134,75,59,27,6,21,0,0,0
09,166,District - Jhansi (35),Urban,All ages,833484,441807,391677,394271,229478,164793,403551,203161,200390,33768,8423,25345,1230,513,717,664,232,432,0,0,0
09,166,District - Jhansi (35),Urban,0-9,141923,76400,65523,141923,76400,65523,0,0,0,0,0,0,0,0,0,0,0,0,0,0,0
09,166,District - Jhansi (35),Urban,10-14,83503,45040,38463,81774,44425,37349,1635,576,1059,50,17,33,38,20,18,6,2,4,0,0,0
09,166,District - Jhansi (35),Urban,15-19,88673,47475,41198,81267,45817,35450,7207,1607,5600,138,30,108,47,18,29,14,3,11,0,0,0
09,166,District - Jhansi (35),Urban,20-24,89615,48198,41417,53886,36358,17528,35313,11716,23597,263,84,179,105,34,71,48,6,42,0,0,0
09,166,District - Jhansi (35),Urban,25-29,78780,42289,36491,20489,15627,4862,57449,26388,31061,544,176,368,188,69,119,110,29,81,0,0,0
09,166,District - Jhansi (35),Urban,30-34,64594,33982,30612,5345,4301,1044,57968,29246,28722,946,304,642,223,79,144,112,52,60,0,0,0
09,166,District - Jhansi (35),Urban,35-39,59488,30944,28544,1882,1507,375,55811,28877,26934,1476,411,1065,203,105,98,116,44,72,0,0,0
09,166,District - Jhansi (35),Urban,40-44,50213,26307,23906,1076,854,222,46759,24779,21980,2155,582,1573,135,63,72,88,29,59,0,0,0
09,166,District - Jhansi (35),Urban,45-49,44753,23379,21374,709,549,160,41190,22153,19037,2700,617,2083,103,41,62,51,19,32,0,0,0
09,166,District - Jhansi (35),Urban,50-54,34779,18847,15932,452,308,144,31177,17735,13442,3041,754,2287,68,29,39,41,21,20,0,0,0
09,166,District - Jhansi (35),Urban,55-59,27499,14240,13259,361,251,110,23850,13157,10693,3222,805,2417,44,18,26,22,9,13,0,0,0
09,166,District - Jhansi (35),Urban,60-64,23834,12268,11566,505,317,188,18527,10898,7629,4748,1031,3717,31,14,17,23,8,15,0,0,0
09,166,District - Jhansi (35),Urban,65-69,15027,7486,7541,492,287,205,10781,6296,4485,3727,891,2836,16,10,6,11,2,9,0,0,0
09,166,District - Jhansi (35),Urban,70-74,11453,5671,5782,317,173,144,6811,4443,2368,4309,1048,3261,12,5,7,4,2,2,0,0,0
09,166,District - Jhansi (35),Urban,75-79,5794,2726,3068,203,109,94,3195,1995,1200,2390,619,1771,2,1,1,4,2,2,0,0,0
09,166,District - Jhansi (35),Urban,80+,8340,3753,4587,1000,604,396,3482,2152,1330,3837,990,2847,10,5,5,11,2,9,0,0,0
09,166,District - Jhansi (35),Urban,Age not stated,5216,2802,2414,2590,1591,999,2396,1143,1253,222,64,158,5,2,3,3,2,1,0,0,0
09,166,District - Jhansi (35),Urban,Less than 18,276715,148771,127944,272446,147449,124997,4063,1252,2811,133,35,98,64,31,33,9,4,5,0,0,0
09,166,District - Jhansi (35),Urban,Less than 21,336286,180756,155530,320913,176923,143990,14977,3719,11258,265,65,200,105,43,62,26,6,20,0,0,0
09,167,District - Lalitpur (36),Total,All ages,1221592,641011,580581,598068,336696,261372,576854,287588,289266,44189,15212,28977,1928,1234,694,553,281,272,0,0,0
09,167,District - Lalitpur (36),Total,0-9,303806,158289,145517,303806,158289,145517,0,0,0,0,0,0,0,0,0,0,0,0,0,0,0
09,167,District - Lalitpur (36),Total,10-14,159906,85307,74599,156489,84035,72454,3272,1210,2062,69,21,48,68,36,32,8,5,3,0,0,0
09,167,District - Lalitpur (36),Total,15-19,120035,64722,55313,89147,56295,32852,30584,8307,22277,210,67,143,76,46,30,18,7,11,0,0,0
09,167,District - Lalitpur (36),Total,20-24,112480,58160,54320,28622,21833,6789,83015,35916,47099,529,253,276,241,130,111,73,28,45,0,0,0
09,167,District - Lalitpur (36),Total,25-29,97324,51412,45912,8566,7138,1428,87397,43512,43885,934,488,446,337,226,111,90,48,42,0,0,0
09,167,District - Lalitpur (36),Total,30-34,82949,42206,40743,2680,2354,326,78529,38976,39553,1379,666,713,269,160,109,92,50,42,0,0,0
09,167,District - Lalitpur (36),Total,35-39,74157,39155,35002,1340,1203,137,70519,36895,33624,1979,855,1124,242,156,86,77,46,31,0,0,0
09,167,District - Lalitpur (36),Total,40-44,59444,32220,27224,891,802,89,55721,30160,25561,2562,1098,1464,214,137,77,56,23,33,0,0,0
09,167,District - Lalitpur (36),Total,45-49,48530,25342,23188,658,591,67,44761,23542,21219,2944,1092,1852,130,99,31,37,18,19,0,0,0
09,167,District - Lalitpur (36),Total,50-54,38750,21184,17566,596,532,64,34278,19221,15057,3731,1333,2398,112,77,35,33,21,12,0,0,0
09,167,District - Lalitpur (36),Total,55-59,32306,15721,16585,453,400,53,28158,14007,14151,3607,1255,2352,72,53,19,16,6,10,0,0,0
09,167,District - Lalitpur (36),Total,60-64,32586,17186,15400,817,607,210,24804,14411,10393,6870,2109,4761,77,51,26,18,8,10,0,0,0
09,167,District - Lalitpur (36),Total,65-69,21609,10749,10860,671,483,188,15544,8591,6953,5348,1641,3707,40,30,10,6,4,2,0,0,0
09,167,District - Lalitpur (36),Total,70-74,16983,8976,8007,468,371,97,9970,6665,3305,6501,1911,4590,29,22,7,15,7,8,0,0,0
09,167,District - Lalitpur (36),Total,75-79,7480,3609,3871,211,158,53,4411,2559,1852,2846,886,1960,7,4,3,5,2,3,0,0,0
09,167,District - Lalitpur (36),Total,80+,9952,5018,4934,839,528,311,4547,2994,1553,4548,1484,3064,12,6,6,6,6,0,0,0,0
09,167,District - Lalitpur (36),Total,Age not stated,3295,1755,1540,1814,1077,737,1344,622,722,132,53,79,2,1,1,3,2,1,0,0,0
09,167,District - Lalitpur (36),Total,Less than 18,534851,283003,251848,522045,279316,242729,12489,3560,8929,195,59,136,105,59,46,17,9,8,0,0,0
09,167,District - Lalitpur (36),Total,Less than 21,615848,325395,290453,560627,307159,253468,54544,17952,36592,430,158,272,204,106,98,43,20,23,0,0,0
09,167,District - Lalitpur (36),Rural,All ages,1046214,549478,496736,512608,288222,224386,494050,246420,247630,37533,13524,24009,1612,1084,528,411,228,183,0,0,0
09,167,District - Lalitpur (36),Rural,0-9,270093,140604,129489,270093,140604,129489,0,0,0,0,0,0,0,0,0,0,0,0,0,0,0
09,167,District - Lalitpur (36),Rural,10-14,140567,75006,65561,137436,73846,63590,3000,1107,1893,62,17,45,62,32,30,7,4,3,0,0,0
09,167,District - Lalitpur (36),Rural,15-19,100656,54423,46233,71937,46462,25475,28453,7853,20600,186,59,127,65,42,23,15,7,8,0,0,0
09,167,District - Lalitpur (36),Rural,20-24,94381,48715,45666,18983,15402,3581,74652,32934,41718,478,233,245,217,123,94,51,23,28,0,0,0
09,167,District - Lalitpur (36),Rural,25-29,81588,43269,38319,4998,4441,557,75421,38135,37286,820,452,368,283,200,83,66,41,25,0,0,0
09,167,District - Lalitpur (36),Rural,30-34,69774,35521,34253,1801,1633,168,66533,33107,33426,1163,606,557,211,136,75,66,39,27,0,0,0
09,167,District - Lalitpur (36),Rural,35-39,61914,32834,29080,1043,963,80,58936,30919,28017,1678,777,901,204,141,63,53,34,19,0,0,0
09,167,District - Lalitpur (36),Rural,40-44,49510,26945,22565,717,670,47,46433,25160,21273,2155,990,1165,165,107,58,40,18,22,0,0,0
09,167,District - Lalitpur (36),Rural,45-49,39983,20909,19074,562,523,39,36857,19295,17562,2425,990,1435,110,87,23,29,14,15,0,0,0
09,167,District - Lalitpur (36),Rural,50-54,31992,17586,14406,510,468,42,28271,15839,12432,3091,1194,1897,94,67,27,26,18,8,0,0,0
09,167,District - Lalitpur (36),Rural,55-59,26820,12877,13943,399,362,37,23347,11367,11980,2996,1095,1901,64,48,16,14,5,9,0,0,0
09,167,District - Lalitpur (36),Rural,60-64,27892,14754,13138,709,546,163,21182,12274,8908,5922,1883,4039,63,44,19,16,7,9,0,0,0
09,167,District - Lalitpur (36),Rural,65-69,18554,9194,9360,528,412,116,13398,7298,6100,4590,1453,3137,32,27,5,6,4,2,0,0,0
09,167,District - Lalitpur (36),Rural,70-74,14790,7927,6863,409,331,78,8664,5845,2819,5683,1726,3957,25,21,4,9,4,5,0,0,0
09,167,District - Lalitpur (36),Rural,75-79,6307,3035,3272,174,141,33,3746,2140,1606,2377,749,1628,6,3,3,4,2,2,0,0,0
09,167,District - Lalitpur (36),Rural,80+,8407,4292,4115,674,439,235,3925,2588,1337,3791,1253,2538,11,6,5,6,6,0,0,0,0
09,167,District - Lalitpur (36),Rural,Age not stated,2986,1587,1399,1635,979,656,1232,559,673,116,47,69,0,0,0,3,2,1,0,0,0
09,167,District - Lalitpur (36),Rural,Less than 18,470543,249035,221508,458666,245607,213059,11599,3317,8282,171,51,120,93,52,41,14,8,6,0,0,0
09,167,District - Lalitpur (36),Rural,Less than 21,538756,284699,254057,487659,267518,220141,50491,16925,33566,384,139,245,184,98,86,38,19,19,0,0,0
09,167,District - Lalitpur (36),Urban,All ages,175378,91533,83845,85460,48474,36986,82804,41168,41636,6656,1688,4968,316,150,166,142,53,89,0,0,0
09,167,District - Lalitpur (36),Urban,0-9,33713,17685,16028,33713,17685,16028,0,0,0,0,0,0,0,0,0,0,0,0,0,0,0
09,167,District - Lalitpur (36),Urban,10-14,19339,10301,9038,19053,10189,8864,272,103,169,7,4,3,6,4,2,1,1,0,0,0,0
09,167,District - Lalitpur (36),Urban,15-19,19379,10299,9080,17210,9833,7377,2131,454,1677,24,8,16,11,4,7,3,0,3,0,0,0
09,167,District - Lalitpur (36),Urban,20-24,18099,9445,8654,9639,6431,3208,8363,2982,5381,51,20,31,24,7,17,22,5,17,0,0,0
09,167,District - Lalitpur (36),Urban,25-29,15736,8143,7593,3568,2697,871,11976,5377,6599,114,36,78,54,26,28,24,7,17,0,0,0
09,167,District - Lalitpur (36),Urban,30-34,13175,6685,6490,879,721,158,11996,5869,6127,216,60,156,58,24,34,26,11,15,0,0,0
09,167,District - Lalitpur (36),Urban,35-39,12243,6321,5922,297,240,57,11583,5976,5607,301,78,223,38,15,23,24,12,12,0,0,0
09,167,District - Lalitpur (36),Urban,40-44,9934,5275,4659,174,132,42,9288,5000,4288,407,108,299,49,30,19,16,5,11,0,0,0
09,167,District - Lalitpur (36),Urban,45-49,8547,4433,4114,96,68,28,7904,4247,3657,519,102,417,20,12,8,8,4,4,0,0,0
09,167,District - Lalitpur (36),Urban,50-54,6758,3598,3160,86,64,22,6007,3382,2625,640,139,501,18,10,8,7,3,4,0,0,0
09,167,District - Lalitpur (36),Urban,55-59,5486,2844,2642,54,38,16,4811,2640,2171,611,160,451,8,5,3,2,1,1,0,0,0
09,167,District - Lalitpur (36),Urban,60-64,4694,2432,2262,108,61,47,3622,2137,1485,948,226,722,14,7,7,2,1,1,0,0,0
09,167,District - Lalitpur (36),Urban,65-69,3055,1555,1500,143,71,72,2146,1293,853,758,188,570,8,3,5,0,0,0,0,0,0
09,167,District - Lalitpur (36),Urban,70-74,2193,1049,1144,59,40,19,1306,820,486,818,185,633,4,1,3,6,3,3,0,0,0
09,167,District - Lalitpur (36),Urban,75-79,1173,574,599,37,17,20,665,419,246,469,137,332,1,1,0,1,0,1,0,0,0
09,167,District - Lalitpur (36),Urban,80+,1545,726,819,165,89,76,622,406,216,757,231,526,1,0,1,0,0,0,0,0,0
09,167,District - Lalitpur (36),Urban,Age not stated,309,168,141,179,98,81,112,63,49,16,6,10,2,1,1,0,0,0,0,0,0
09,167,District - Lalitpur (36),Urban,Less than 18,64308,33968,30340,63379,33709,29670,890,243,647,24,8,16,12,7,5,3,1,2,0,0,0
09,167,District - Lalitpur (36),Urban,Less than 21,77092,40696,36396,72968,39641,33327,4053,1027,3026,46,19,27,20,8,12,5,1,4,0,0,0
09,168,District - Hamirpur (37),Total,All ages,1104285,593537,510748,555734,325803,229931,501387,249498,251889,45198,17328,27870,1495,752,743,471,156,315,0,0,0
09,168,District - Hamirpur (37),Total,0-9,229851,121705,108146,229851,121705,108146,0,0,0,0,0,0,0,0,0,0,0,0,0,0,0
09,168,District - Hamirpur (37),Total,10-14,137661,73057,64604,135706,72397,63309,1793,580,1213,84,38,46,66,38,28,12,4,8,0,0,0
09,168,District - Hamirpur (37),Total,15-19,120501,67663,52838,110767,65560,45207,9525,2003,7522,147,65,82,51,28,23,11,7,4,0,0,0
09,168,District - Hamirpur (37),Total,20-24,93214,54530,38684,47275,37938,9337,45383,16351,29032,388,175,213,137,58,79,31,8,23,0,0,0
09,168,District - Hamirpur (37),Total,25-29,79547,43271,36276,14330,12852,1478,64242,29959,34283,747,367,380,173,74,99,55,19,36,0,0,0
09,168,District - Hamirpur (37),Total,30-34,73314,37519,35795,5148,4724,424,66670,32133,34537,1230,545,685,208,98,110,58,19,39,0,0,0
09,168,District - Hamirpur (37),Total,35-39,71822,37619,34203,2779,2582,197,66781,34062,32719,1970,844,1126,218,110,108,74,21,53,0,0,0
09,168,District - Hamirpur (37),Total,40-44,62580,33093,29487,1860,1745,115,57697,30039,27658,2782,1192,1590,172,95,77,69,22,47,0,0,0
09,168,District - Hamirpur (37),Total,45-49,52652,28234,24418,1239,1153,86,48256,25703,22553,2983,1287,1696,128,71,57,46,20,26,0,0,0
09,168,District - Hamirpur (37),Total,50-54,41655,22881,18774,873,818,55,37186,20612,16574,3459,1395,2064,106,43,63,31,13,18,0,0,0
09,168,District - Hamirpur (37),Total,55-59,34213,17150,17063,635,569,66,30129,15233,14896,3359,1298,2061,66,44,22,24,6,18,0,0,0
09,168,District - Hamirpur (37),Total,60-64,34401,18046,16355,1010,779,231,27542,15220,12322,5760,2004,3756,70,39,31,19,4,15,0,0,0
09,168,District - Hamirpur (37),Total,65-69,26275,13387,12888,997,710,287,19543,10670,8873,5686,1990,3696,33,13,20,16,4,12,0,0,0
09,168,District - Hamirpur (37),Total,70-74,20966,11596,9370,617,485,132,13317,8640,4677,6985,2447,4538,34,18,16,13,6,7,0,0,0
09,168,District - Hamirpur (37),Total,75-79,10212,5451,4761,329,257,72,6297,3810,2487,3567,1370,2197,15,12,3,4,2,2,0,0,0
09,168,District - Hamirpur (37),Total,80+,13387,7231,6156,1218,835,383,6191,4105,2086,5960,2281,3679,13,9,4,5,1,4,0,0,0
09,168,District - Hamirpur (37),Total,Age not stated,2034,1104,930,1100,694,406,835,378,457,91,30,61,5,2,3,3,0,3,0,0,0
09,168,District - Hamirpur (37),Total,Less than 18,441809,235216,206593,436809,233600,203209,4714,1474,3240,170,74,96,97,58,39,19,10,9,0,0,0
09,168,District - Hamirpur (37),Total,Less than 21,515472,278846,236626,494639,273684,220955,20320,4931,15389,336,140,196,147,80,67,30,11,19,0,0,0
09,168,District - Hamirpur (37),Rural,All ages,894437,481373,413064,449711,263580,186131,406375,202221,204154,36911,14822,22089,1140,632,508,300,118,182,0,0,0
09,168,District - Hamirpur (37),Rural,0-9,190493,100508,89985,190493,100508,89985,0,0,0,0,0,0,0,0,0,0,0,0,0,0,0
09,168,District - Hamirpur (37),Rural,10-14,112917,59791,53126,111341,59265,52076,1453,465,988,67,29,38,50,29,21,6,3,3,0,0,0
09,168,District - Hamirpur (37),Rural,15-19,96303,54275,42028,88195,52510,35685,7955,1691,6264,111,49,62,38,22,16,4,3,1,0,0,0
09,168,District - Hamirpur (37),Rural,20-24,73106,43209,29897,34940,29131,5809,37718,13877,23841,324,146,178,103,51,52,21,4,17,0,0,0
09,168,District - Hamirpur (37),Rural,25-29,62958,34438,28520,10163,9410,753,52035,24642,27393,595,306,289,133,65,68,32,15,17,0,0,0
09,168,District - Hamirpur (37),Rural,30-34,58604,30018,28586,3935,3664,271,53494,25800,27694,992,463,529,147,77,70,36,14,22,0,0,0
09,168,District - Hamirpur (37),Rural,35-39,57059,30021,27038,2268,2144,124,53030,27049,25981,1545,717,828,167,93,74,49,18,31,0,0,0
09,168,District - Hamirpur (37),Rural,40-44,49766,26431,23335,1591,1506,85,45761,23804,21957,2234,1025,1209,131,79,52,49,17,32,0,0,0
09,168,District - Hamirpur (37),Rural,45-49,41829,22433,19396,1064,1002,62,38276,20279,17997,2356,1072,1284,101,64,37,32,16,16,0,0,0
09,168,District - Hamirpur (37),Rural,50-54,33148,18263,14885,748,713,35,29567,16323,13244,2729,1177,1552,79,37,42,25,13,12,0,0,0
09,168,District - Hamirpur (37),Rural,55-59,27695,13775,13920,561,514,47,24466,12149,12317,2597,1068,1529,55,38,17,16,6,10,0,0,0
09,168,District - Hamirpur (37),Rural,60-64,28619,14991,13628,853,674,179,23021,12574,10447,4673,1707,2966,60,33,27,12,3,9,0,0,0
09,168,District - Hamirpur (37),Rural,65-69,22297,11402,10895,866,630,236,16681,9035,7646,4720,1725,2995,23,10,13,7,2,5,0,0,0
09,168,District - Hamirpur (37),Rural,70-74,17875,9983,7892,529,425,104,11418,7399,4019,5901,2144,3757,23,13,10,4,2,2,0,0,0
09,168,District - Hamirpur (37),Rural,75-79,8680,4657,4023,270,222,48,5404,3233,2171,2988,1188,1800,15,12,3,3,2,1,0,0,0
09,168,District - Hamirpur (37),Rural,80+,11358,6235,5123,963,667,296,5385,3583,1802,4997,1978,3019,10,7,3,3,0,3,0,0,0
09,168,District - Hamirpur (37),Rural,Age not stated,1730,943,787,931,595,336,711,318,393,82,28,54,5,2,3,1,0,1,0,0,0
09,168,District - Hamirpur (37),Rural,Less than 18,363285,192958,170327,359230,191630,167600,3840,1222,2618,132,56,76,75,45,30,8,5,3,0,0,0
09,168,District - Hamirpur (37),Rural,Less than 21,421589,227834,193755,404205,223494,180711,16991,4161,12830,267,109,158,111,64,47,15,6,9,0,0,0
09,168,District - Hamirpur (37),Urban,All ages,209848,112164,97684,106023,62223,43800,95012,47277,47735,8287,2506,5781,355,120,235,171,38,133,0,0,0
09,168,District - Hamirpur (37),Urban,0-9,39358,21197,18161,39358,21197,18161,0,0,0,0,0,0,0,0,0,0,0,0,0,0,0
09,168,District - Hamirpur (37),Urban,10-14,24744,13266,11478,24365,13132,11233,340,115,225,17,9,8,16,9,7,6,1,5,0,0,0
09,168,District - Hamirpur (37),Urban,15-19,24198,13388,10810,22572,13050,9522,1570,312,1258,36,16,20,13,6,7,7,4,3,0,0,0
09,168,District - Hamirpur (37),Urban,20-24,20108,11321,8787,12335,8807,3528,7665,2474,5191,64,29,35,34,7,27,10,4,6,0,0,0
09,168,District - Hamirpur (37),Urban,25-29,16589,8833,7756,4167,3442,725,12207,5317,6890,152,61,91,40,9,31,23,4,19,0,0,0
09,168,District - Hamirpur (37),Urban,30-34,14710,7501,7209,1213,1060,153,13176,6333,6843,238,82,156,61,21,40,22,5,17,0,0,0
09,168,District - Hamirpur (37),Urban,35-39,14763,7598,7165,511,438,73,13751,7013,6738,425,127,298,51,17,34,25,3,22,0,0,0
09,168,District - Hamirpur (37),Urban,40-44,12814,6662,6152,269,239,30,11936,6235,5701,548,167,381,41,16,25,20,5,15,0,0,0
09,168,District - Hamirpur (37),Urban,45-49,10823,5801,5022,175,151,24,9980,5424,4556,627,215,412,27,7,20,14,4,10,0,0,0
09,168,District - Hamirpur (37),Urban,50-54,8507,4618,3889,125,105,20,7619,4289,3330,730,218,512,27,6,21,6,0,6,0,0,0
09,168,District - Hamirpur (37),Urban,55-59,6518,3375,3143,74,55,19,5663,3084,2579,762,230,532,11,6,5,8,0,8,0,0,0
09,168,District - Hamirpur (37),Urban,60-64,5782,3055,2727,157,105,52,4521,2646,1875,1087,297,790,10,6,4,7,1,6,0,0,0
09,168,District - Hamirpur (37),Urban,65-69,3978,1985,1993,131,80,51,2862,1635,1227,966,265,701,10,3,7,9,2,7,0,0,0
09,168,District - Hamirpur (37),Urban,70-74,3091,1613,1478,88,60,28,1899,1241,658,1084,303,781,11,5,6,9,4,5,0,0,0
09,168,District - Hamirpur (37),Urban,75-79,1532,794,738,59,35,24,893,577,316,579,182,397,0,0,0,1,0,1,0,0,0
09,168,District - Hamirpur (37),Urban,80+,2029,996,1033,255,168,87,806,522,284,963,303,660,3,2,1,2,1,1,0,0,0
09,168,District - Hamirpur (37),Urban,Age not stated,304,161,143,169,99,70,124,60,64,9,2,7,0,0,0,2,0,2,0,0,0
09,168,District - Hamirpur (37),Urban,Less than 18,78524,42258,36266,77579,41970,35609,874,252,622,38,18,20,22,13,9,11,5,6,0,0,0
09,168,District - Hamirpur (37),Urban,Less than 21,93883,51012,42871,90434,50190,40244,3329,770,2559,69,31,38,36,16,20,15,5,10,0,0,0
09,169,District - Mahoba (38),Total,All ages,875958,466358,409600,436132,251074,185058,403291,200842,202449,35016,13585,21431,1144,670,474,375,187,188,0,0,0
09,169,District - Mahoba (38),Total,0-9,190659,100466,90193,190659,100466,90193,0,0,0,0,0,0,0,0,0,0,0,0,0,0,0
09,169,District - Mahoba (38),Total,10-14,111656,59534,52122,109529,58758,50771,1995,707,1288,81,35,46,43,28,15,8,6,2,0,0,0
09,169,District - Mahoba (38),Total,15-19,90352,49797,40555,80094,47451,32643,10070,2277,7793,151,57,94,30,9,21,7,3,4,0,0,0
09,169,District - Mahoba (38),Total,20-24,71018,39445,31573,29492,23160,6332,41004,16038,24966,388,178,210,95,50,45,39,19,20,0,0,0
09,169,District - Mahoba (38),Total,25-29,63382,33571,29811,8934,7801,1133,53569,25335,28234,683,328,355,154,86,68,42,21,21,0,0,0
09,169,District - Mahoba (38),Total,30-34,58154,29454,28700,3204,2865,339,53673,25966,27707,1038,482,556,187,112,75,52,29,23,0,0,0
09,169,District - Mahoba (38),Total,35-39,56690,29737,26953,1864,1672,192,52897,27225,25672,1718,714,1004,154,100,54,57,26,31,0,0,0
09,169,District - Mahoba (38),Total,40-44,47364,25504,21860,1245,1159,86,43911,23325,20586,2033,928,1105,135,69,66,40,23,17,0,0,0
09,169,District - Mahoba (38),Total,45-49,39186,20993,18193,776,715,61,36055,19217,16838,2223,981,1242,102,60,42,30,20,10,0,0,0
09,169,District - Mahoba (38),Total,50-54,30728,17012,13716,670,608,62,27311,15216,12095,2648,1125,1523,74,53,21,25,10,15,0,0,0
09,169,District - Mahoba (38),Total,55-59,25406,12540,12866,511,447,64,22358,11045,11313,2479,1015,1464,40,24,16,18,9,9,0,0,0
09,169,District - Mahoba (38),Total,60-64,26877,14176,12701,830,596,234,21461,11931,9530,4526,1623,2903,39,16,23,21,10,11,0,0,0
09,169,District - Mahoba (38),Total,65-69,20037,10155,9882,825,587,238,14860,8014,6846,4314,1529,2785,29,20,9,9,5,4,0,0,0
09,169,District - Mahoba (38),Total,70-74,16093,8910,7183,518,390,128,10365,6701,3664,5169,1795,3374,29,19,10,12,5,7,0,0,0
09,169,District - Mahoba (38),Total,75-79,8045,4217,3828,312,218,94,4894,2939,1955,2826,1053,1773,8,7,1,5,0,5,0,0,0
09,169,District - Mahoba (38),Total,80+,10207,5382,4825,888,595,293,4941,3180,1761,4355,1594,2761,16,12,4,7,1,6,0,0,0
09,169,District - Mahoba (38),Total,Age not stated,10104,5465,4639,5781,3586,2195,3927,1726,2201,384,148,236,9,5,4,3,0,3,0,0,0
09,169,District - Mahoba (38),Total,Less than 18,358073,190107,167966,352694,188423,164271,5146,1578,3568,164,65,99,57,33,24,12,8,4,0,0,0
09,169,District - Mahoba (38),Total,Less than 21,412644,221283,191361,391852,215472,176380,20357,5628,14729,328,127,201,85,42,43,22,14,8,0,0,0
09,169,District - Mahoba (38),Rural,All ages,690577,368009,322568,340947,196343,144604,320795,159756,161039,27684,11221,16463,894,548,346,257,141,116,0,0,0
09,169,District - Mahoba (38),Rural,0-9,153888,80970,72918,153888,80970,72918,0,0,0,0,0,0,0,0,0,0,0,0,0,0,0
09,169,District - Mahoba (38),Rural,10-14,89005,47430,41575,87320,46813,40507,1591,566,1025,57,27,30,31,19,12,6,5,1,0,0,0
09,169,District - Mahoba (38),Rural,15-19,69297,38484,30813,60822,36526,24296,8335,1905,6430,114,45,69,21,5,16,5,3,2,0,0,0
09,169,District - Mahoba (38),Rural,20-24,54160,30180,23980,19886,16417,3469,33864,13563,20301,310,145,165,72,39,33,28,16,12,0,0,0
09,169,District - Mahoba (38),Rural,25-29,49026,26022,23004,5678,5166,512,42674,20498,22176,521,265,256,129,77,52,24,16,8,0,0,0
09,169,District - Mahoba (38),Rural,30-34,45595,23056,22539,2259,2063,196,42337,20474,21863,815,403,412,147,94,53,37,22,15,0,0,0
09,169,District - Mahoba (38),Rural,35-39,44186,23251,20935,1447,1317,130,41248,21260,19988,1336,577,759,120,81,39,35,16,19,0,0,0
09,169,District - Mahoba (38),Rural,40-44,36874,19886,16988,988,932,56,34201,18132,16069,1559,752,807,100,54,46,26,16,10,0,0,0
09,169,District - Mahoba (38),Rural,45-49,30288,16317,13971,644,604,40,27861,14840,13021,1681,809,872,85,52,33,17,12,5,0,0,0
09,169,District - Mahoba (38),Rural,50-54,23707,13111,10596,557,522,35,21041,11617,9424,2034,920,1114,56,42,14,19,10,9,0,0,0
09,169,District - Mahoba (38),Rural,55-59,19978,9761,10217,416,375,41,17658,8568,9090,1857,789,1068,33,21,12,14,8,6,0,0,0
09,169,District - Mahoba (38),Rural,60-64,21891,11525,10366,682,501,181,17611,9661,7950,3551,1342,2209,30,12,18,17,9,8,0,0,0
09,169,District - Mahoba (38),Rural,65-69,16599,8416,8183,637,481,156,12404,6615,5789,3525,1298,2227,25,18,7,8,4,4,0,0,0
09,169,District - Mahoba (38),Rural,70-74,13368,7491,5877,419,323,96,8719,5630,3089,4205,1522,2683,18,13,5,7,3,4,0,0,0
09,169,District - Mahoba (38),Rural,75-79,6659,3512,3147,247,178,69,4082,2445,1637,2319,884,1435,6,5,1,5,0,5,0,0,0
09,169,District - Mahoba (38),Rural,80+,8248,4406,3842,682,459,223,4053,2613,1440,3494,1322,2172,13,11,2,6,1,5,0,0,0
09,169,District - Mahoba (38),Rural,Age not stated,7808,4191,3617,4375,2696,1679,3116,1369,1747,306,121,185,8,5,3,3,0,3,0,0,0
09,169,District - Mahoba (38),Rural,Less than 18,285946,151802,134144,281666,150467,131199,4111,1257,2854,118,49,69,42,22,20,9,7,2,0,0,0
09,169,District - Mahoba (38),Rural,Less than 21,327485,175747,151738,310312,170876,139436,16847,4727,12120,250,103,147,60,28,32,16,13,3,0,0,0
09,169,District - Mahoba (38),Urban,All ages,185381,98349,87032,95185,54731,40454,82496,41086,41410,7332,2364,4968,250,122,128,118,46,72,0,0,0
09,169,District - Mahoba (38),Urban,0-9,36771,19496,17275,36771,19496,17275,0,0,0,0,0,0,0,0,0,0,0,0,0,0,0
09,169,District - Mahoba (38),Urban,10-14,22651,12104,10547,22209,11945,10264,404,141,263,24,8,16,12,9,3,2,1,1,0,0,0
09,169,District - Mahoba (38),Urban,15-19,21055,11313,9742,19272,10925,8347,1735,372,1363,37,12,25,9,4,5,2,0,2,0,0,0
09,169,District - Mahoba (38),Urban,20-24,16858,9265,7593,9606,6743,2863,7140,2475,4665,78,33,45,23,11,12,11,3,8,0,0,0
09,169,District - Mahoba (38),Urban,25-29,14356,7549,6807,3256,2635,621,10895,4837,6058,162,63,99,25,9,16,18,5,13,0,0,0
09,169,District - Mahoba (38),Urban,30-34,12559,6398,6161,945,802,143,11336,5492,5844,223,79,144,40,18,22,15,7,8,0,0,0
09,169,District - Mahoba (38),Urban,35-39,12504,6486,6018,417,355,62,11649,5965,5684,382,137,245,34,19,15,22,10,12,0,0,0
09,169,District - Mahoba (38),Urban,40-44,10490,5618,4872,257,227,30,9710,5193,4517,474,176,298,35,15,20,14,7,7,0,0,0
09,169,District - Mahoba (38),Urban,45-49,8898,4676,4222,132,111,21,8194,4377,3817,542,172,370,17,8,9,13,8,5,0,0,0
09,169,District - Mahoba (38),Urban,50-54,7021,3901,3120,113,86,27,6270,3599,2671,614,205,409,18,11,7,6,0,6,0,0,0
09,169,District - Mahoba (38),Urban,55-59,5428,2779,2649,95,72,23,4700,2477,2223,622,226,396,7,3,4,4,1,3,0,0,0
09,169,District - Mahoba (38),Urban,60-64,4986,2651,2335,148,95,53,3850,2270,1580,975,281,694,9,4,5,4,1,3,0,0,0
09,169,District - Mahoba (38),Urban,65-69,3438,1739,1699,188,106,82,2456,1399,1057,789,231,558,4,2,2,1,1,0,0,0,0
09,169,District - Mahoba (38),Urban,70-74,2725,1419,1306,99,67,32,1646,1071,575,964,273,691,11,6,5,5,2,3,0,0,0
09,169,District - Mahoba (38),Urban,75-79,1386,705,681,65,40,25,812,494,318,507,169,338,2,2,0,0,0,0,0,0,0
09,169,District - Mahoba (38),Urban,80+,1959,976,983,206,136,70,888,567,321,861,272,589,3,1,2,1,0,1,0,0,0
09,169,District - Mahoba (38),Urban,Age not stated,2296,1274,1022,1406,890,516,811,357,454,78,27,51,1,0,1,0,0,0,0,0,0
09,169,District - Mahoba (38),Urban,Less than 18,72127,38305,33822,71028,37956,33072,1035,321,714,46,16,30,15,11,4,3,1,2,0,0,0
09,169,District - Mahoba (38),Urban,Less than 21,85159,45536,39623,81540,44596,36944,3510,901,2609,78,24,54,25,14,11,6,1,5,0,0,0
09,170,District - Banda (39),Total,All ages,1799410,965876,833534,947894,553242,394652,777743,385504,392239,71153,26178,44975,2065,795,1270,555,157,398,0,0,0
09,170,District - Banda (39),Total,0-9,431761,227170,204591,431761,227170,204591,0,0,0,0,0,0,0,0,0,0,0,0,0,0,0
09,170,District - Banda (39),Total,10-14,238071,126811,111260,234963,125678,109285,2944,1057,1887,105,44,61,52,30,22,7,2,5,0,0,0
09,170,District - Banda (39),Total,15-19,180054,103999,76055,163977,100717,63260,15758,3160,12598,240,89,151,67,31,36,12,2,10,0,0,0
09,170,District - Banda (39),Total,20-24,142223,83118,59105,68871,57244,11627,72520,25547,46973,648,275,373,143,42,101,41,10,31,0,0,0
09,170,District - Banda (39),Total,25-29,128323,68309,60014,21998,19937,2061,104600,47613,56987,1381,654,727,269,85,184,75,20,55,0,0,0
09,170,District - Banda (39),Total,30-34,119393,60601,58792,7621,7019,602,109132,52420,56712,2262,1035,1227,302,108,194,76,19,57,0,0,0
09,170,District - Banda (39),Total,35-39,115510,60190,55320,4147,3808,339,107430,54757,52673,3522,1472,2050,328,130,198,83,23,60,0,0,0
09,170,District - Banda (39),Total,40-44,96312,51931,44381,2588,2397,191,88934,47581,41353,4439,1813,2626,292,125,167,59,15,44,0,0,0
09,170,District - Banda (39),Total,45-49,77312,41209,36103,1542,1430,112,70851,37855,32996,4693,1840,2853,177,68,109,49,16,33,0,0,0
09,170,District - Banda (39),Total,50-54,60522,33576,26946,1095,1019,76,53682,30405,23277,5576,2092,3484,128,49,79,41,11,30,0,0,0
09,170,District - Banda (39),Total,55-59,49002,23866,25136,843,763,80,42906,21186,21720,5143,1872,3271,78,32,46,32,13,19,0,0,0
09,170,District - Banda (39),Total,60-64,52866,27250,25616,1544,1164,380,41599,22879,18720,9600,3159,6441,98,39,59,25,9,16,0,0,0
09,170,District - Banda (39),Total,65-69,40371,20642,19729,1545,1155,390,29767,16481,13286,8984,2980,6004,60,22,38,15,4,11,0,0,0
09,170,District - Banda (39),Total,70-74,31755,17674,14081,904,744,160,19539,13163,6376,11252,3742,7510,42,22,20,18,3,15,0,0,0
09,170,District - Banda (39),Total,75-79,14078,7493,6585,365,314,51,8456,5213,3243,5234,1956,3278,11,5,6,12,5,7,0,0,0
09,170,District - Banda (39),Total,80+,16716,9162,7554,1119,796,323,7712,5285,2427,7864,3072,4792,13,5,8,8,4,4,0,0,0
09,170,District - Banda (39),Total,Age not stated,5141,2875,2266,3011,1887,1124,1913,902,1011,210,83,127,5,2,3,2,1,1,0,0,0
09,170,District - Banda (39),Total,Less than 18,781075,416112,364963,773299,413597,359702,7417,2359,5058,260,102,158,87,51,36,12,3,9,0,0,0
09,170,District - Banda (39),Total,Less than 21,892819,484156,408663,858251,475706,382545,33868,8181,25687,521,191,330,154,73,81,25,5,20,0,0,0
09,170,District - Banda (39),Rural,All ages,1523655,819243,704412,806100,471003,335097,655178,324526,330652,60293,22948,37345,1660,654,1006,424,112,312,0,0,0
09,170,District - Banda (39),Rural,0-9,378212,198934,179278,378212,198934,179278,0,0,0,0,0,0,0,0,0,0,0,0,0,0,0
09,170,District - Banda (39),Rural,10-14,205476,109390,96086,202761,108388,94373,2576,936,1640,89,40,49,44,24,20,6,2,4,0,0,0
09,170,District - Banda (39),Rural,15-19,149003,87047,61956,134960,84166,50794,13775,2775,11000,207,78,129,51,27,24,10,1,9,0,0,0
09,170,District - Banda (39),Rural,20-24,115922,68387,47535,52214,45455,6759,63004,22649,40355,551,242,309,118,32,86,35,9,26,0,0,0
09,170,District - Banda (39),Rural,25-29,105730,56426,49304,15796,14929,867,88467,40828,47639,1200,583,617,205,67,138,62,19,43,0,0,0
09,170,District - Banda (39),Rural,30-34,99914,50567,49347,5861,5520,341,91798,44021,47777,1960,923,1037,242,91,151,53,12,41,0,0,0
09,170,District - Banda (39),Rural,35-39,96460,50433,46027,3459,3211,248,89711,45795,43916,2956,1297,1659,270,115,155,64,15,49,0,0,0
09,170,District - Banda (39),Rural,40-44,79717,43094,36623,2171,2035,136,73534,39356,34178,3740,1597,2143,234,101,133,38,5,33,0,0,0
09,170,District - Banda (39),Rural,45-49,63434,33838,29596,1330,1250,80,58076,30932,27144,3847,1589,2258,145,56,89,36,11,25,0,0,0
09,170,District - Banda (39),Rural,50-54,49580,27558,22022,967,915,52,43896,24796,19100,4580,1801,2779,108,41,67,29,5,24,0,0,0
09,170,District - Banda (39),Rural,55-59,40455,19392,21063,738,683,55,35485,17113,18372,4147,1563,2584,59,23,36,26,10,16,0,0,0
09,170,District - Banda (39),Rural,60-64,45413,23332,22081,1402,1067,335,35828,19491,16337,8087,2737,5350,76,29,47,20,8,12,0,0,0
09,170,District - Banda (39),Rural,65-69,35100,17942,17158,1355,1027,328,25963,14263,11700,7722,2628,5094,50,20,30,10,4,6,0,0,0
09,170,District - Banda (39),Rural,70-74,27843,15645,12198,835,707,128,17192,11587,5605,9768,3330,6438,34,19,15,14,2,12,0,0,0
09,170,District - Banda (39),Rural,75-79,12241,6562,5679,339,297,42,7399,4519,2880,4483,1738,2745,8,3,5,12,5,7,0,0,0
09,170,District - Banda (39),Rural,80+,14482,8070,6412,969,710,259,6730,4630,2100,6765,2723,4042,11,4,7,7,3,4,0,0,0
09,170,District - Banda (39),Rural,Age not stated,4673,2626,2047,2731,1709,1022,1744,835,909,191,79,112,5,2,3,2,1,1,0,0,0
09,170,District - Banda (39),Rural,Less than 18,676625,360651,315974,669893,358450,311443,6431,2068,4363,219,90,129,72,41,31,10,2,8,0,0,0
09,170,District - Banda (39),Rural,Less than 21,768212,417326,350886,737929,409815,328114,29687,7274,22413,451,172,279,124,61,63,21,4,17,0,0,0
09,170,District - Banda (39),Urban,All ages,275755,146633,129122,141794,82239,59555,122565,60978,61587,10860,3230,7630,405,141,264,131,45,86,0,0,0
09,170,District - Banda (39),Urban,0-9,53549,28236,25313,53549,28236,25313,0,0,0,0,0,0,0,0,0,0,0,0,0,0,0
09,170,District - Banda (39),Urban,10-14,32595,17421,15174,32202,17290,14912,368,121,247,16,4,12,8,6,2,1,0,1,0,0,0
09,170,District - Banda (39),Urban,15-19,31051,16952,14099,29017,16551,12466,1983,385,1598,33,11,22,16,4,12,2,1,1,0,0,0
09,170,District - Banda (39),Urban,20-24,26301,14731,11570,16657,11789,4868,9516,2898,6618,97,33,64,25,10,15,6,1,5,0,0,0
09,170,District - Banda (39),Urban,25-29,22593,11883,10710,6202,5008,1194,16133,6785,9348,181,71,110,64,18,46,13,1,12,0,0,0
09,170,District - Banda (39),Urban,30-34,19479,10034,9445,1760,1499,261,17334,8399,8935,302,112,190,60,17,43,23,7,16,0,0,0
09,170,District - Banda (39),Urban,35-39,19050,9757,9293,688,597,91,17719,8962,8757,566,175,391,58,15,43,19,8,11,0,0,0
09,170,District - Banda (39),Urban,40-44,16595,8837,7758,417,362,55,15400,8225,7175,699,216,483,58,24,34,21,10,11,0,0,0
09,170,District - Banda (39),Urban,45-49,13878,7371,6507,212,180,32,12775,6923,5852,846,251,595,32,12,20,13,5,8,0,0,0
09,170,District - Banda (39),Urban,50-54,10942,6018,4924,128,104,24,9786,5609,4177,996,291,705,20,8,12,12,6,6,0,0,0
09,170,District - Banda (39),Urban,55-59,8547,4474,4073,105,80,25,7421,4073,3348,996,309,687,19,9,10,6,3,3,0,0,0
09,170,District - Banda (39),Urban,60-64,7453,3918,3535,142,97,45,5771,3388,2383,1513,422,1091,22,10,12,5,1,4,0,0,0
09,170,District - Banda (39),Urban,65-69,5271,2700,2571,190,128,62,3804,2218,1586,1262,352,910,10,2,8,5,0,5,0,0,0
09,170,District - Banda (39),Urban,70-74,3912,2029,1883,69,37,32,2347,1576,771,1484,412,1072,8,3,5,4,1,3,0,0,0
09,170,District - Banda (39),Urban,75-79,1837,931,906,26,17,9,1057,694,363,751,218,533,3,2,1,0,0,0,0,0,0
09,170,District - Banda (39),Urban,80+,2234,1092,1142,150,86,64,982,655,327,1099,349,750,2,1,1,1,1,0,0,0,0
09,170,District - Banda (39),Urban,Age not stated,468,249,219,280,178,102,169,67,102,19,4,15,0,0,0,0,0,0,0,0,0
09,170,District - Banda (39),Urban,Less than 18,104450,55461,48989,103406,55147,48259,986,291,695,41,12,29,15,10,5,2,1,1,0,0,0
09,170,District - Banda (39),Urban,Less than 21,124607,66830,57777,120322,65891,54431,4181,907,3274,70,19,51,30,12,18,4,1,3,0,0,0
09,171,District - Chitrakoot (40),Total,All ages,991730,527721,464009,530402,302767,227635,425251,210754,214497,34860,13675,21185,1026,463,563,191,62,129,0,0,0
09,171,District - Chitrakoot (40),Total,0-9,254744,133407,121337,254744,133407,121337,0,0,0,0,0,0,0,0,0,0,0,0,0,0,0
09,171,District - Chitrakoot (40),Total,10-14,136346,72079,64267,134448,71375,63073,1812,665,1147,54,27,27,30,11,19,2,1,1,0,0,0
09,171,District - Chitrakoot (40),Total,15-19,99594,56814,42780,89933,54747,35186,9480,1996,7484,145,53,92,30,14,16,6,4,2,0,0,0
09,171,District - Chitrakoot (40),Total,20-24,77556,43587,33969,31449,26200,5249,45673,17187,28486,335,165,170,85,30,55,14,5,9,0,0,0
09,171,District - Chitrakoot (40),Total,25-29,69806,36441,33365,8305,7485,820,60560,28518,32042,763,374,389,151,59,92,27,5,22,0,0,0
09,171,District - Chitrakoot (40),Total,30-34,65591,32902,32689,2872,2607,265,61355,29691,31664,1181,537,644,157,61,96,26,6,20,0,0,0
09,171,District - Chitrakoot (40),Total,35-39,60746,31724,29022,1442,1325,117,57387,29589,27798,1731,729,1002,155,69,86,31,12,19,0,0,0
09,171,District - Chitrakoot (40),Total,40-44,48739,26186,22553,923,846,77,45527,24422,21105,2152,855,1297,111,52,59,26,11,15,0,0,0
09,171,District - Chitrakoot (40),Total,45-49,39152,20588,18564,624,563,61,36151,19090,17061,2280,881,1399,85,49,36,12,5,7,0,0,0
09,171,District - Chitrakoot (40),Total,50-54,30818,17073,13745,524,475,49,27461,15482,11979,2762,1092,1670,63,20,43,8,4,4,0,0,0
09,171,District - Chitrakoot (40),Total,55-59,25491,12323,13168,470,427,43,22531,10902,11629,2436,958,1478,39,31,8,15,5,10,0,0,0
09,171,District - Chitrakoot (40),Total,60-64,28269,14585,13684,846,662,184,22553,12178,10375,4808,1715,3093,53,29,24,9,1,8,0,0,0
09,171,District - Chitrakoot (40),Total,65-69,21124,11115,10009,761,584,177,15846,8865,6981,4494,1656,2838,21,10,11,2,0,2,0,0,0
09,171,District - Chitrakoot (40),Total,70-74,15718,9062,6656,516,443,73,9795,6610,3185,5378,1992,3386,24,16,8,5,1,4,0,0,0
09,171,District - Chitrakoot (40),Total,75-79,6908,3732,3176,239,208,31,4276,2544,1732,2385,975,1410,6,4,2,2,1,1,0,0,0
09,171,District - Chitrakoot (40),Total,80+,8341,4631,3710,627,413,214,3836,2579,1257,3863,1631,2232,11,7,4,4,1,3,0,0,0
09,171,District - Chitrakoot (40),Total,Age not stated,2787,1472,1315,1679,1000,679,1008,436,572,93,35,58,5,1,4,2,0,2,0,0,0
09,171,District - Chitrakoot (40),Total,Less than 18,453774,240234,213540,449293,238733,210560,4288,1423,2865,151,62,89,40,15,25,2,1,1,0,0,0
09,171,District - Chitrakoot (40),Total,Less than 21,513231,275485,237746,492178,270028,222150,20698,5312,15386,273,111,162,72,27,45,10,7,3,0,0,0
09,171,District - Chitrakoot (40),Rural,All ages,895398,476794,418604,479549,273617,205932,383847,190146,193701,31013,12575,18438,842,404,438,147,52,95,0,0,0
09,171,District - Chitrakoot (40),Rural,0-9,234999,122993,112006,234999,122993,112006,0,0,0,0,0,0,0,0,0,0,0,0,0,0,0
09,171,District - Chitrakoot (40),Rural,10-14,124287,65779,58508,122560,65124,57436,1653,622,1031,45,22,23,27,10,17,2,1,1,0,0,0
09,171,District - Chitrakoot (40),Rural,15-19,88508,50804,37704,79559,48879,30680,8786,1861,6925,134,48,86,25,12,13,4,4,0,0,0,0
09,171,District - Chitrakoot (40),Rural,20-24,68402,38488,29914,25955,22304,3651,42048,15994,26054,312,156,156,75,29,46,12,5,7,0,0,0
09,171,District - Chitrakoot (40),Rural,25-29,62144,32373,29771,6375,5907,468,54956,26071,28885,678,341,337,116,49,67,19,5,14,0,0,0
09,171,District - Chitrakoot (40),Rural,30-34,58886,29427,29459,2271,2100,171,55405,26774,28631,1069,497,572,123,51,72,18,5,13,0,0,0
09,171,District - Chitrakoot (40),Rural,35-39,54426,28489,25937,1217,1127,90,51561,26639,24922,1496,653,843,128,60,68,24,10,14,0,0,0
09,171,District - Chitrakoot (40),Rural,40-44,43207,23277,19930,821,762,59,40395,21677,18718,1892,787,1105,81,43,38,18,8,10,0,0,0
09,171,District - Chitrakoot (40),Rural,45-49,34558,18192,16366,568,513,55,31929,16826,15103,1980,806,1174,73,43,30,8,4,4,0,0,0
09,171,District - Chitrakoot (40),Rural,50-54,27068,15034,12034,474,434,40,24151,13596,10555,2383,983,1400,54,18,36,6,3,3,0,0,0
09,171,District - Chitrakoot (40),Rural,55-59,22772,10897,11875,432,396,36,20189,9609,10580,2105,862,1243,33,27,6,13,3,10,0,0,0
09,171,District - Chitrakoot (40),Rural,60-64,25742,13317,12425,789,621,168,20647,11089,9558,4251,1578,2673,47,28,19,8,1,7,0,0,0
09,171,District - Chitrakoot (40),Rural,65-69,19403,10264,9139,690,533,157,14639,8176,6463,4054,1547,2507,18,8,10,2,0,2,0,0,0
09,171,District - Chitrakoot (40),Rural,70-74,14435,8368,6067,482,417,65,9049,6086,2963,4878,1850,3028,21,14,7,5,1,4,0,0,0
09,171,District - Chitrakoot (40),Rural,75-79,6345,3456,2889,213,188,25,3960,2354,1606,2164,909,1255,6,4,2,2,1,1,0,0,0
09,171,District - Chitrakoot (40),Rural,80+,7568,4236,3332,555,370,185,3517,2356,1161,3482,1502,1980,10,7,3,4,1,3,0,0,0
09,171,District - Chitrakoot (40),Rural,Age not stated,2648,1400,1248,1589,949,640,962,416,546,90,34,56,5,1,4,2,0,2,0,0,0
09,171,District - Chitrakoot (40),Rural,Less than 18,415269,219976,195293,411203,218591,192612,3894,1316,2578,134,55,79,36,13,23,2,1,1,0,0,0
09,171,District - Chitrakoot (40),Rural,Less than 21,467718,251329,216389,448299,246243,202056,19099,4956,14143,249,99,150,63,24,39,8,7,1,0,0,0
09,171,District - Chitrakoot (40),Urban,All ages,96332,50927,45405,50853,29150,21703,41404,20608,20796,3847,1100,2747,184,59,125,44,10,34,0,0,0
09,171,District - Chitrakoot (40),Urban,0-9,19745,10414,9331,19745,10414,9331,0,0,0,0,0,0,0,0,0,0,0,0,0,0,0
09,171,District - Chitrakoot (40),Urban,10-14,12059,6300,5759,11888,6251,5637,159,43,116,9,5,4,3,1,2,0,0,0,0,0,0
09,171,District - Chitrakoot (40),Urban,15-19,11086,6010,5076,10374,5868,4506,694,135,559,11,5,6,5,2,3,2,0,2,0,0,0
09,171,District - Chitrakoot (40),Urban,20-24,9154,5099,4055,5494,3896,1598,3625,1193,2432,23,9,14,10,1,9,2,0,2,0,0,0
09,171,District - Chitrakoot (40),Urban,25-29,7662,4068,3594,1930,1578,352,5604,2447,3157,85,33,52,35,10,25,8,0,8,0,0,0
09,171,District - Chitrakoot (40),Urban,30-34,6705,3475,3230,601,507,94,5950,2917,3033,112,40,72,34,10,24,8,1,7,0,0,0
09,171,District - Chitrakoot (40),Urban,35-39,6320,3235,3085,225,198,27,5826,2950,2876,235,76,159,27,9,18,7,2,5,0,0,0
09,171,District - Chitrakoot (40),Urban,40-44,5532,2909,2623,102,84,18,5132,2745,2387,260,68,192,30,9,21,8,3,5,0,0,0
09,171,District - Chitrakoot (40),Urban,45-49,4594,2396,2198,56,50,6,4222,2264,1958,300,75,225,12,6,6,4,1,3,0,0,0
09,171,District - Chitrakoot (40),Urban,50-54,3750,2039,1711,50,41,9,3310,1886,1424,379,109,270,9,2,7,2,1,1,0,0,0
09,171,District - Chitrakoot (40),Urban,55-59,2719,1426,1293,38,31,7,2342,1293,1049,331,96,235,6,4,2,2,2,0,0,0,0
09,171,District - Chitrakoot (40),Urban,60-64,2527,1268,1259,57,41,16,1906,1089,817,557,137,420,6,1,5,1,0,1,0,0,0
09,171,District - Chitrakoot (40),Urban,65-69,1721,851,870,71,51,20,1207,689,518,440,109,331,3,2,1,0,0,0,0,0,0
09,171,District - Chitrakoot (40),Urban,70-74,1283,694,589,34,26,8,746,524,222,500,142,358,3,2,1,0,0,0,0,0,0
09,171,District - Chitrakoot (40),Urban,75-79,563,276,287,26,20,6,316,190,126,221,66,155,0,0,0,0,0,0,0,0,0
09,171,District - Chitrakoot (40),Urban,80+,773,395,378,72,43,29,319,223,96,381,129,252,1,0,1,0,0,0,0,0,0
09,171,District - Chitrakoot (40),Urban,Age not stated,139,72,67,90,51,39,46,20,26,3,1,2,0,0,0,0,0,0,0,0,0
09,171,District - Chitrakoot (40),Urban,Less than 18,38505,20258,18247,38090,20142,17948,394,107,287,17,7,10,4,2,2,0,0,0,0,0,0
09,171,District - Chitrakoot (40),Urban,Less than 21,45513,24156,21357,43879,23785,20094,1599,356,1243,24,12,12,9,3,6,2,0,2,0,0,0
09,172,District - Fatehpur (41),Total,All ages,2632733,1384722,1248011,1393591,790805,602786,1119535,550678,568857,114662,41244,73418,3694,1613,2081,1251,382,869,0,0,0
09,172,District - Fatehpur (41),Total,0-9,581490,305268,276222,581490,305268,276222,0,0,0,0,0,0,0,0,0,0,0,0,0,0,0
09,172,District - Fatehpur (41),Total,10-14,343215,180601,162614,338414,178832,159582,4533,1653,2880,150,57,93,106,55,51,12,4,8,0,0,0
09,172,District - Fatehpur (41),Total,15-19,300863,160891,139972,280706,156292,124414,19584,4362,15222,430,171,259,121,65,56,22,1,21,0,0,0
09,172,District - Fatehpur (41),Total,20-24,217301,123116,94185,122458,92024,30434,93581,30633,62948,838,312,526,320,121,199,104,26,78,0,0,0
09,172,District - Fatehpur (41),Total,25-29,181961,95341,86620,35476,30335,5141,144005,63993,80012,1817,782,1035,482,173,309,181,58,123,0,0,0
09,172,District - Fatehpur (41),Total,30-34,169221,83619,85602,11008,9570,1438,154449,72467,81982,3011,1273,1738,546,242,304,207,67,140,0,0,0
09,172,District - Fatehpur (41),Total,35-39,168726,86048,82678,4864,4223,641,157965,79377,78588,5142,2111,3031,553,266,287,202,71,131,0,0,0
09,172,District - Fatehpur (41),Total,40-44,145099,76042,69057,2845,2461,384,134400,70564,63836,7241,2768,4473,455,204,251,158,45,113,0,0,0
09,172,District - Fatehpur (41),Total,45-49,120785,64018,56767,1996,1717,279,110036,58919,51117,8294,3198,5096,358,153,205,101,31,70,0,0,0
09,172,District - Fatehpur (41),Total,50-54,93577,50763,42814,1445,1260,185,82085,45882,36203,9736,3480,6256,227,108,119,84,33,51,0,0,0
09,172,District - Fatehpur (41),Total,55-59,77375,37359,40016,1145,926,219,66687,33043,33644,9340,3314,6026,146,61,85,57,15,42,0,0,0
09,172,District - Fatehpur (41),Total,60-64,82244,42437,39807,1932,1401,531,62804,35469,27335,17293,5495,11798,166,63,103,49,9,40,0,0,0
09,172,District - Fatehpur (41),Total,65-69,57963,29393,28570,1833,1252,581,40575,23028,17547,15432,5069,10363,91,36,55,32,8,24,0,0,0
09,172,District - Fatehpur (41),Total,70-74,42665,23312,19353,1052,810,242,24917,16820,8097,16607,5638,10969,68,38,30,21,6,15,0,0,0
09,172,District - Fatehpur (41),Total,75-79,18464,9655,8809,517,389,128,10391,6314,4077,7525,2937,4588,22,11,11,9,4,5,0,0,0
09,172,District - Fatehpur (41),Total,80+,23259,12310,10949,1768,1178,590,9977,6600,3377,11485,4519,6966,19,9,10,10,4,6,0,0,0
09,172,District - Fatehpur (41),Total,Age not stated,8525,4549,3976,4642,2867,1775,3546,1554,1992,321,120,201,14,8,6,2,0,2,0,0,0
09,172,District - Fatehpur (41),Total,Less than 18,1109703,582134,527569,1097867,578188,519679,11211,3680,7531,429,168,261,178,93,85,18,5,13,0,0,0
09,172,District - Fatehpur (41),Total,Less than 21,1292925,685762,607163,1249183,674813,574370,42602,10507,32095,801,294,507,291,142,149,48,6,42,0,0,0
09,172,District - Fatehpur (41),Rural,All ages,2310740,1215690,1095050,1225727,695306,530421,978974,480950,498024,101796,37653,64143,3228,1462,1766,1015,319,696,0,0,0
09,172,District - Fatehpur (41),Rural,0-9,521059,273264,247795,521059,273264,247795,0,0,0,0,0,0,0,0,0,0,0,0,0,0,0
09,172,District - Fatehpur (41),Rural,10-14,305616,160828,144788,301371,159238,142133,4001,1485,2516,134,51,83,98,50,48,12,4,8,0,0,0
09,172,District - Fatehpur (41),Rural,15-19,261863,140269,121594,244094,136204,107890,17265,3856,13409,383,153,230,101,56,45,20,0,20,0,0,0
09,172,District - Fatehpur (41),Rural,20-24,185307,105601,79706,101376,77880,23496,82841,27307,55534,732,283,449,272,106,166,86,25,61,0,0,0
09,172,District - Fatehpur (41),Rural,25-29,156085,81770,74315,27843,24451,3392,126087,56399,69688,1588,709,879,422,162,260,145,49,96,0,0,0
09,172,District - Fatehpur (41),Rural,30-34,146533,72337,74196,8675,7725,950,134562,63178,71384,2674,1163,1511,464,216,248,158,55,103,0,0,0
09,172,District - Fatehpur (41),Rural,35-39,146303,74733,71570,3980,3516,464,137176,68986,68190,4512,1936,2576,471,237,234,164,58,106,0,0,0
09,172,District - Fatehpur (41),Rural,40-44,125602,65902,59700,2453,2161,292,116219,60955,55264,6407,2561,3846,397,185,212,126,40,86,0,0,0
09,172,District - Fatehpur (41),Rural,45-49,104161,55135,49026,1789,1566,223,94752,50489,44263,7222,2918,4304,318,138,180,80,24,56,0,0,0
09,172,District - Fatehpur (41),Rural,50-54,81004,43856,37148,1303,1146,157,70938,39433,31505,8493,3149,5344,205,103,102,65,25,40,0,0,0
09,172,District - Fatehpur (41),Rural,55-59,67645,32509,35136,1032,863,169,58339,28586,29753,8100,2996,5104,129,55,74,45,9,36,0,0,0
09,172,District - Fatehpur (41),Rural,60-64,73294,37765,35529,1788,1304,484,55993,31382,24611,15312,5010,10302,156,60,96,45,9,36,0,0,0
09,172,District - Fatehpur (41),Rural,65-69,52070,26439,25631,1692,1173,519,36447,20560,15887,13820,4665,9155,81,33,48,30,8,22,0,0,0
09,172,District - Fatehpur (41),Rural,70-74,38629,21157,17472,990,770,220,22579,15188,7391,14978,5158,9820,62,35,27,20,6,14,0,0,0
09,172,District - Fatehpur (41),Rural,75-79,16774,8792,7982,484,371,113,9488,5739,3749,6773,2669,4104,21,10,11,8,3,5,0,0,0
09,172,District - Fatehpur (41),Rural,80+,21003,11172,9831,1555,1055,500,9040,5985,3055,10382,4120,6262,17,8,9,9,4,5,0,0,0
09,172,District - Fatehpur (41),Rural,Age not stated,7792,4161,3631,4243,2619,1624,3247,1422,1825,286,112,174,14,8,6,2,0,2,0,0,0
09,172,District - Fatehpur (41),Rural,Less than 18,988636,518373,470263,978286,514860,463426,9786,3275,6511,388,150,238,160,84,76,16,4,12,0,0,0
09,172,District - Fatehpur (41),Rural,Less than 21,1146640,608340,538300,1108012,598638,509374,37612,9306,28306,716,266,450,256,125,131,44,5,39,0,0,0
09,172,District - Fatehpur (41),Urban,All ages,321993,169032,152961,167864,95499,72365,140561,69728,70833,12866,3591,9275,466,151,315,236,63,173,0,0,0
09,172,District - Fatehpur (41),Urban,0-9,60431,32004,28427,60431,32004,28427,0,0,0,0,0,0,0,0,0,0,0,0,0,0,0
09,172,District - Fatehpur (41),Urban,10-14,37599,19773,17826,37043,19594,17449,532,168,364,16,6,10,8,5,3,0,0,0,0,0,0
09,172,District - Fatehpur (41),Urban,15-19,39000,20622,18378,36612,20088,16524,2319,506,1813,47,18,29,20,9,11,2,1,1,0,0,0
09,172,District - Fatehpur (41),Urban,20-24,31994,17515,14479,21082,14144,6938,10740,3326,7414,106,29,77,48,15,33,18,1,17,0,0,0
09,172,District - Fatehpur (41),Urban,25-29,25876,13571,12305,7633,5884,1749,17918,7594,10324,229,73,156,60,11,49,36,9,27,0,0,0
09,172,District - Fatehpur (41),Urban,30-34,22688,11282,11406,2333,1845,488,19887,9289,10598,337,110,227,82,26,56,49,12,37,0,0,0
09,172,District - Fatehpur (41),Urban,35-39,22423,11315,11108,884,707,177,20789,10391,10398,630,175,455,82,29,53,38,13,25,0,0,0
09,172,District - Fatehpur (41),Urban,40-44,19497,10140,9357,392,300,92,18181,9609,8572,834,207,627,58,19,39,32,5,27,0,0,0
09,172,District - Fatehpur (41),Urban,45-49,16624,8883,7741,207,151,56,15284,8430,6854,1072,280,792,40,15,25,21,7,14,0,0,0
09,172,District - Fatehpur (41),Urban,50-54,12573,6907,5666,142,114,28,11147,6449,4698,1243,331,912,22,5,17,19,8,11,0,0,0
09,172,District - Fatehpur (41),Urban,55-59,9730,4850,4880,113,63,50,8348,4457,3891,1240,318,922,17,6,11,12,6,6,0,0,0
09,172,District - Fatehpur (41),Urban,60-64,8950,4672,4278,144,97,47,6811,4087,2724,1981,485,1496,10,3,7,4,0,4,0,0,0
09,172,District - Fatehpur (41),Urban,65-69,5893,2954,2939,141,79,62,4128,2468,1660,1612,404,1208,10,3,7,2,0,2,0,0,0
09,172,District - Fatehpur (41),Urban,70-74,4036,2155,1881,62,40,22,2338,1632,706,1629,480,1149,6,3,3,1,0,1,0,0,0
09,172,District - Fatehpur (41),Urban,75-79,1690,863,827,33,18,15,903,575,328,752,268,484,1,1,0,1,1,0,0,0,0
09,172,District - Fatehpur (41),Urban,80+,2256,1138,1118,213,123,90,937,615,322,1103,399,704,2,1,1,1,0,1,0,0,0
09,172,District - Fatehpur (41),Urban,Age not stated,733,388,345,399,248,151,299,132,167,35,8,27,0,0,0,0,0,0,0,0,0
09,172,District - Fatehpur (41),Urban,Less than 18,121067,63761,57306,119581,63328,56253,1425,405,1020,41,18,23,18,9,9,2,1,1,0,0,0
09,172,District - Fatehpur (41),Urban,Less than 21,146285,77422,68863,141171,76175,64996,4990,1201,3789,85,28,57,35,17,18,4,1,3,0,0,0
09,173,District - Pratapgarh (42),Total,All ages,3209141,1606085,1603056,1641135,885484,755651,1433381,671043,762338,127824,46164,81660,4944,2655,2289,1857,739,1118,0,0,0
09,173,District - Pratapgarh (42),Total,0-9,692795,360840,331955,692795,360840,331955,0,0,0,0,0,0,0,0,0,0,0,0,0,0,0
09,173,District - Pratapgarh (42),Total,10-14,434350,225198,209152,420475,219517,200958,13170,5371,7799,492,200,292,187,96,91,26,14,12,0,0,0
09,173,District - Pratapgarh (42),Total,15-19,391921,194794,197127,350967,183199,167768,39677,11044,28633,988,427,561,232,106,126,57,18,39,0,0,0
09,173,District - Pratapgarh (42),Total,20-24,262655,131349,131306,118652,80665,37987,142069,49945,92124,1281,486,795,460,197,263,193,56,137,0,0,0
09,173,District - Pratapgarh (42),Total,25-29,220848,104917,115931,25829,19998,5831,192026,83672,108354,2075,827,1248,635,310,325,283,110,173,0,0,0
09,173,District - Pratapgarh (42),Total,30-34,203114,93884,109230,7866,5853,2013,191080,86308,104772,3149,1205,1944,747,409,338,272,109,163,0,0,0
09,173,District - Pratapgarh (42),Total,35-39,198196,94396,103800,3490,2414,1076,188940,89855,99085,4850,1663,3187,661,366,295,255,98,157,0,0,0
09,173,District - Pratapgarh (42),Total,40-44,163046,79873,83173,2090,1459,631,153393,75696,77697,6776,2347,4429,565,295,270,222,76,146,0,0,0
09,173,District - Pratapgarh (42),Total,45-49,139371,67580,71791,1429,996,433,129496,63652,65844,7926,2637,5289,381,233,148,139,62,77,0,0,0
09,173,District - Pratapgarh (42),Total,50-54,111651,57433,54218,1165,799,366,100006,52995,47011,10062,3406,6656,311,187,124,107,46,61,0,0,0
09,173,District - Pratapgarh (42),Total,55-59,95320,44340,50980,1026,623,403,84074,40009,44065,9927,3533,6394,207,132,75,86,43,43,0,0,0
09,173,District - Pratapgarh (42),Total,60-64,100044,50611,49433,1762,1022,740,79417,43230,36187,18552,6193,12359,228,128,100,85,38,47,0,0,0
09,173,District - Pratapgarh (42),Total,65-69,69828,34636,35192,1855,999,856,51441,27787,23654,16343,5752,10591,137,73,64,52,25,27,0,0,0
09,173,District - Pratapgarh (42),Total,70-74,54327,28850,25477,1313,744,569,33275,21124,12151,19594,6890,12704,103,70,33,42,22,20,0,0,0
09,173,District - Pratapgarh (42),Total,75-79,25433,12943,12490,992,545,447,15165,8656,6509,9234,3715,5519,31,20,11,11,7,4,0,0,0
09,173,District - Pratapgarh (42),Total,80+,35494,18370,17124,3029,1673,1356,16207,9927,6280,16189,6733,9456,50,29,21,19,8,11,0,0,0
09,173,District - Pratapgarh (42),Total,Age not stated,10748,6071,4677,6400,4138,2262,3945,1772,2173,386,150,236,9,4,5,8,7,1,0,0,0
09,173,District - Pratapgarh (42),Total,Less than 18,1371116,706555,664561,1341067,695443,645624,28538,10463,18075,1154,479,675,309,148,161,48,22,26,0,0,0
09,173,District - Pratapgarh (42),Total,Less than 21,1600085,822584,777501,1515395,796241,719154,82157,25266,56891,1880,781,1099,530,251,279,123,45,78,0,0,0
09,173,District - Pratapgarh (42),Rural,All ages,3033899,1515583,1518316,1552266,836083,716183,1353936,632024,721912,121277,44214,77063,4724,2566,2158,1696,696,1000,0,0,0
09,173,District - Pratapgarh (42),Rural,0-9,660255,343839,316416,660255,343839,316416,0,0,0,0,0,0,0,0,0,0,0,0,0,0,0
09,173,District - Pratapgarh (42),Rural,10-14,414174,214589,199585,401133,209246,191887,12385,5049,7336,459,189,270,174,92,82,23,13,10,0,0,0
09,173,District - Pratapgarh (42),Rural,15-19,370547,183700,186847,331577,172725,158852,37792,10462,27330,913,399,514,214,97,117,51,17,34,0,0,0
09,173,District - Pratapgarh (42),Rural,20-24,245066,122069,122997,107909,73742,34167,135359,47631,87728,1185,455,730,436,188,248,177,53,124,0,0,0
09,173,District - Pratapgarh (42),Rural,25-29,206349,97545,108804,22098,17282,4816,181433,79072,102361,1937,784,1153,616,300,316,265,107,158,0,0,0
09,173,District - Pratapgarh (42),Rural,30-34,190525,87582,102943,6721,5038,1683,179905,80907,98998,2936,1138,1798,718,399,319,245,100,145,0,0,0
09,173,District - Pratapgarh (42),Rural,35-39,186594,88573,98021,3092,2147,945,178107,84407,93700,4540,1573,2967,628,356,272,227,90,137,0,0,0
09,173,District - Pratapgarh (42),Rural,40-44,153060,74675,78385,1892,1323,569,144051,70759,73292,6375,2234,4141,541,289,252,201,70,131,0,0,0
09,173,District - Pratapgarh (42),Rural,45-49,130841,63321,67520,1307,926,381,121592,59589,62003,7443,2519,4924,369,228,141,130,59,71,0,0,0
09,173,District - Pratapgarh (42),Rural,50-54,104826,53766,51060,1056,741,315,93888,49557,44331,9491,3245,6246,297,178,119,94,45,49,0,0,0
09,173,District - Pratapgarh (42),Rural,55-59,89891,41727,48164,923,573,350,79344,37595,41749,9353,3393,5960,198,129,69,73,37,36,0,0,0
09,173,District - Pratapgarh (42),Rural,60-64,94937,47970,46967,1670,977,693,75406,40923,34483,17562,5909,11653,217,123,94,82,38,44,0,0,0
09,173,District - Pratapgarh (42),Rural,65-69,66584,32979,33605,1734,938,796,49115,26445,22670,15553,5501,10052,132,71,61,50,24,26,0,0,0
09,173,District - Pratapgarh (42),Rural,70-74,52018,27651,24367,1231,702,529,31845,20202,11643,18799,6657,12142,101,68,33,42,22,20,0,0,0
09,173,District - Pratapgarh (42),Rural,75-79,24372,12411,11961,932,519,413,14580,8289,6291,8821,3579,5242,28,17,11,11,7,4,0,0,0
09,173,District - Pratapgarh (42),Rural,80+,33958,17607,16351,2835,1563,1272,15505,9510,5995,15553,6498,9055,47,28,19,18,8,10,0,0,0
09,173,District - Pratapgarh (42),Rural,Age not stated,9902,5579,4323,5901,3802,2099,3629,1627,2002,357,141,216,8,3,5,7,6,1,0,0,0
09,173,District - Pratapgarh (42),Rural,Less than 18,1305736,672401,633335,1277407,661934,615473,26936,9859,17077,1067,447,620,284,140,144,42,21,21,0,0,0
09,173,District - Pratapgarh (42),Rural,Less than 21,1520992,781205,739787,1440431,756219,684212,78211,23971,54240,1744,738,1006,493,234,259,113,43,70,0,0,0
09,173,District - Pratapgarh (42),Urban,All ages,175242,90502,84740,88869,49401,39468,79445,39019,40426,6547,1950,4597,220,89,131,161,43,118,0,0,0
09,173,District - Pratapgarh (42),Urban,0-9,32540,17001,15539,32540,17001,15539,0,0,0,0,0,0,0,0,0,0,0,0,0,0,0
09,173,District - Pratapgarh (42),Urban,10-14,20176,10609,9567,19342,10271,9071,785,322,463,33,11,22,13,4,9,3,1,2,0,0,0
09,173,District - Pratapgarh (42),Urban,15-19,21374,11094,10280,19390,10474,8916,1885,582,1303,75,28,47,18,9,9,6,1,5,0,0,0
09,173,District - Pratapgarh (42),Urban,20-24,17589,9280,8309,10743,6923,3820,6710,2314,4396,96,31,65,24,9,15,16,3,13,0,0,0
09,173,District - Pratapgarh (42),Urban,25-29,14499,7372,7127,3731,2716,1015,10593,4600,5993,138,43,95,19,10,9,18,3,15,0,0,0
09,173,District - Pratapgarh (42),Urban,30-34,12589,6302,6287,1145,815,330,11175,5401,5774,213,67,146,29,10,19,27,9,18,0,0,0
09,173,District - Pratapgarh (42),Urban,35-39,11602,5823,5779,398,267,131,10833,5448,5385,310,90,220,33,10,23,28,8,20,0,0,0
09,173,District - Pratapgarh (42),Urban,40-44,9986,5198,4788,198,136,62,9342,4937,4405,401,113,288,24,6,18,21,6,15,0,0,0
09,173,District - Pratapgarh (42),Urban,45-49,8530,4259,4271,122,70,52,7904,4063,3841,483,118,365,12,5,7,9,3,6,0,0,0
09,173,District - Pratapgarh (42),Urban,50-54,6825,3667,3158,109,58,51,6118,3438,2680,571,161,410,14,9,5,13,1,12,0,0,0
09,173,District - Pratapgarh (42),Urban,55-59,5429,2613,2816,103,50,53,4730,2414,2316,574,140,434,9,3,6,13,6,7,0,0,0
09,173,District - Pratapgarh (42),Urban,60-64,5107,2641,2466,92,45,47,4011,2307,1704,990,284,706,11,5,6,3,0,3,0,0,0
09,173,District - Pratapgarh (42),Urban,65-69,3244,1657,1587,121,61,60,2326,1342,984,790,251,539,5,2,3,2,1,1,0,0,0
09,173,District - Pratapgarh (42),Urban,70-74,2309,1199,1110,82,42,40,1430,922,508,795,233,562,2,2,0,0,0,0,0,0,0
09,173,District - Pratapgarh (42),Urban,75-79,1061,532,529,60,26,34,585,367,218,413,136,277,3,3,0,0,0,0,0,0,0
09,173,District - Pratapgarh (42),Urban,80+,1536,763,773,194,110,84,702,417,285,636,235,401,3,1,2,1,0,1,0,0,0
09,173,District - Pratapgarh (42),Urban,Age not stated,846,492,354,499,336,163,316,145,171,29,9,20,1,1,0,1,1,0,0,0,0
09,173,District - Pratapgarh (42),Urban,Less than 18,65380,34154,31226,63660,33509,30151,1602,604,998,87,32,55,25,8,17,6,1,5,0,0,0
09,173,District - Pratapgarh (42),Urban,Less than 21,79093,41379,37714,74964,40022,34942,3946,1295,2651,136,43,93,37,17,20,10,2,8,0,0,0
09,174,District - Kaushambi (43),Total,All ages,1599596,838485,761111,888532,498171,390361,651669,319612,332057,56630,19496,37134,1884,876,1008,881,330,551,0,0,0
09,174,District - Kaushambi (43),Total,0-9,401825,208923,192902,401825,208923,192902,0,0,0,0,0,0,0,0,0,0,0,0,0,0,0
09,174,District - Kaushambi (43),Total,10-14,221913,116681,105232,216708,114718,101990,4868,1798,3070,198,88,110,107,60,47,32,17,15,0,0,0
09,174,District - Kaushambi (43),Total,15-19,177921,96436,81485,162816,92530,70286,14623,3695,10928,373,166,207,79,31,48,30,14,16,0,0,0
09,174,District - Kaushambi (43),Total,20-24,123514,70064,53450,63228,48902,14326,59436,20835,38601,595,220,375,186,85,101,69,22,47,0,0,0
09,174,District - Kaushambi (43),Total,25-29,108926,55911,53015,17293,14855,2438,90221,40518,49703,1072,400,672,220,88,132,120,50,70,0,0,0
09,174,District - Kaushambi (43),Total,30-34,101545,50459,51086,5342,4389,953,94037,45203,48834,1777,705,1072,267,119,148,122,43,79,0,0,0
09,174,District - Kaushambi (43),Total,35-39,95843,49407,46436,2134,1647,487,90630,46640,43990,2686,966,1720,253,112,141,140,42,98,0,0,0
09,174,District - Kaushambi (43),Total,40-44,76437,40251,36186,1155,889,266,71511,38003,33508,3445,1217,2228,231,113,118,95,29,66,0,0,0
09,174,District - Kaushambi (43),Total,45-49,62576,32418,30158,798,602,196,57739,30428,27311,3810,1292,2518,162,69,93,67,27,40,0,0,0
09,174,District - Kaushambi (43),Total,50-54,47190,25920,21270,709,506,203,41763,23821,17942,4561,1523,3038,95,44,51,62,26,36,0,0,0
09,174,District - Kaushambi (43),Total,55-59,40525,18330,22195,593,414,179,35657,16424,19233,4181,1448,2733,62,32,30,32,12,20,0,0,0
09,174,District - Kaushambi (43),Total,60-64,46908,24078,22830,1243,770,473,36462,20527,15935,9076,2716,6360,82,46,36,45,19,26,0,0,0
09,174,District - Kaushambi (43),Total,65-69,31324,15819,15505,1200,712,488,22402,12595,9807,7638,2472,5166,55,27,28,29,13,16,0,0,0
09,174,District - Kaushambi (43),Total,70-74,22307,12175,10132,791,505,286,13268,8875,4393,8196,2767,5429,35,21,14,17,7,10,0,0,0
09,174,District - Kaushambi (43),Total,75-79,9213,4700,4513,499,297,202,5437,3125,2312,3260,1266,1994,9,7,2,8,5,3,0,0,0
09,174,District - Kaushambi (43),Total,80+,13089,7000,6089,1738,1125,613,6241,3837,2404,5081,2025,3056,21,11,10,8,2,6,0,0,0
09,174,District - Kaushambi (43),Total,Age not stated,18540,9913,8627,10460,6387,4073,7374,3288,4086,681,225,456,20,11,9,5,2,3,0,0,0
09,174,District - Kaushambi (43),Total,Less than 18,734282,383704,350578,723119,379798,343321,10528,3607,6921,447,200,247,141,72,69,47,27,20,0,0,0
09,174,District - Kaushambi (43),Total,Less than 21,840668,445069,395599,807964,435666,372298,31643,8947,22696,757,314,443,230,108,122,74,34,40,0,0,0
09,174,District - Kaushambi (43),Rural,All ages,1475140,773335,701805,819709,459603,360106,600693,294371,306322,52229,18234,33995,1718,818,900,791,309,482,0,0,0
09,174,District - Kaushambi (43),Rural,0-9,374400,194586,179814,374400,194586,179814,0,0,0,0,0,0,0,0,0,0,0,0,0,0,0
09,174,District - Kaushambi (43),Rural,10-14,205603,108206,97397,200700,106358,94342,4578,1688,2890,193,85,108,103,58,45,29,17,12,0,0,0
09,174,District - Kaushambi (43),Rural,15-19,162828,88467,74361,148760,84830,63930,13617,3437,10180,354,158,196,68,29,39,29,13,16,0,0,0
09,174,District - Kaushambi (43),Rural,20-24,112010,63685,48325,55982,43847,12135,55256,19534,35722,548,210,338,158,73,85,66,21,45,0,0,0
09,174,District - Kaushambi (43),Rural,25-29,99393,50903,48490,14936,12943,1993,83165,37452,45713,993,382,611,192,80,112,107,46,61,0,0,0
09,174,District - Kaushambi (43),Rural,30-34,93256,46251,47005,4712,3891,821,86547,41545,45002,1655,666,989,240,112,128,102,37,65,0,0,0
09,174,District - Kaushambi (43),Rural,35-39,88029,45429,42600,1912,1481,431,83312,42902,40410,2451,898,1553,231,107,124,123,41,82,0,0,0
09,174,District - Kaushambi (43),Rural,40-44,69909,36857,33052,1047,810,237,65397,34780,30617,3156,1132,2024,223,109,114,86,26,60,0,0,0
09,174,District - Kaushambi (43),Rural,45-49,56978,29486,27492,732,554,178,52572,27638,24934,3468,1204,2264,148,64,84,58,26,32,0,0,0
09,174,District - Kaushambi (43),Rural,50-54,43115,23657,19458,668,485,183,38123,21693,16430,4177,1413,2764,89,40,49,58,26,32,0,0,0
09,174,District - Kaushambi (43),Rural,55-59,37301,16759,20542,566,395,171,32822,14981,17841,3825,1342,2483,59,30,29,29,11,18,0,0,0
09,174,District - Kaushambi (43),Rural,60-64,43590,22378,21212,1172,727,445,33898,19033,14865,8401,2556,5845,78,44,34,41,18,23,0,0,0
09,174,District - Kaushambi (43),Rural,65-69,29068,14716,14352,1121,668,453,20847,11696,9151,7022,2314,4708,51,26,25,27,12,15,0,0,0
09,174,District - Kaushambi (43),Rural,70-74,20785,11378,9407,756,484,272,12387,8292,4095,7594,2576,5018,32,19,13,16,7,9,0,0,0
09,174,District - Kaushambi (43),Rural,75-79,8562,4372,4190,467,279,188,5065,2901,2164,3015,1182,1833,8,6,2,7,4,3,0,0,0
09,174,District - Kaushambi (43),Rural,80+,12227,6552,5675,1633,1064,569,5864,3583,2281,4704,1893,2811,18,10,8,8,2,6,0,0,0
09,174,District - Kaushambi (43),Rural,Age not stated,18086,9653,8433,10145,6201,3944,7243,3216,4027,673,223,450,20,11,9,5,2,3,0,0,0
09,174,District - Kaushambi (43),Rural,Less than 18,681426,356242,325184,671029,352600,318429,9793,3353,6440,430,193,237,131,70,61,43,26,17,0,0,0
09,174,District - Kaushambi (43),Rural,Less than 21,778318,412314,366004,747822,403514,344308,29495,8364,21131,720,302,418,211,101,110,70,33,37,0,0,0
09,174,District - Kaushambi (43),Urban,All ages,124456,65150,59306,68823,38568,30255,50976,25241,25735,4401,1262,3139,166,58,108,90,21,69,0,0,0
09,174,District - Kaushambi (43),Urban,0-9,27425,14337,13088,27425,14337,13088,0,0,0,0,0,0,0,0,0,0,0,0,0,0,0
09,174,District - Kaushambi (43),Urban,10-14,16310,8475,7835,16008,8360,7648,290,110,180,5,3,2,4,2,2,3,0,3,0,0,0
09,174,District - Kaushambi (43),Urban,15-19,15093,7969,7124,14056,7700,6356,1006,258,748,19,8,11,11,2,9,1,1,0,0,0,0
09,174,District - Kaushambi (43),Urban,20-24,11504,6379,5125,7246,5055,2191,4180,1301,2879,47,10,37,28,12,16,3,1,2,0,0,0
09,174,District - Kaushambi (43),Urban,25-29,9533,5008,4525,2357,1912,445,7056,3066,3990,79,18,61,28,8,20,13,4,9,0,0,0
09,174,District - Kaushambi (43),Urban,30-34,8289,4208,4081,630,498,132,7490,3658,3832,122,39,83,27,7,20,20,6,14,0,0,0
09,174,District - Kaushambi (43),Urban,35-39,7814,3978,3836,222,166,56,7318,3738,3580,235,68,167,22,5,17,17,1,16,0,0,0
09,174,District - Kaushambi (43),Urban,40-44,6528,3394,3134,108,79,29,6114,3223,2891,289,85,204,8,4,4,9,3,6,0,0,0
09,174,District - Kaushambi (43),Urban,45-49,5598,2932,2666,66,48,18,5167,2790,2377,342,88,254,14,5,9,9,1,8,0,0,0
09,174,District - Kaushambi (43),Urban,50-54,4075,2263,1812,41,21,20,3640,2128,1512,384,110,274,6,4,2,4,0,4,0,0,0
09,174,District - Kaushambi (43),Urban,55-59,3224,1571,1653,27,19,8,2835,1443,1392,356,106,250,3,2,1,3,1,2,0,0,0
09,174,District - Kaushambi (43),Urban,60-64,3318,1700,1618,71,43,28,2564,1494,1070,675,160,515,4,2,2,4,1,3,0,0,0
09,174,District - Kaushambi (43),Urban,65-69,2256,1103,1153,79,44,35,1555,899,656,616,158,458,4,1,3,2,1,1,0,0,0
09,174,District - Kaushambi (43),Urban,70-74,1522,797,725,35,21,14,881,583,298,602,191,411,3,2,1,1,0,1,0,0,0
09,174,District - Kaushambi (43),Urban,75-79,651,328,323,32,18,14,372,224,148,245,84,161,1,1,0,1,1,0,0,0,0
09,174,District - Kaushambi (43),Urban,80+,862,448,414,105,61,44,377,254,123,377,132,245,3,1,2,0,0,0,0,0,0
09,174,District - Kaushambi (43),Urban,Age not stated,454,260,194,315,186,129,131,72,59,8,2,6,0,0,0,0,0,0,0,0,0
09,174,District - Kaushambi (43),Urban,Less than 18,52856,27462,25394,52090,27198,24892,735,254,481,17,7,10,10,2,8,4,1,3,0,0,0
09,174,District - Kaushambi (43),Urban,Less than 21,62350,32755,29595,60142,32152,27990,2148,583,1565,37,12,25,19,7,12,4,1,3,0,0,0
09,175,District - Allahabad  (44),Total,All ages,5954391,3131807,2822584,3131282,1771076,1360206,2610089,1285202,1324887,204231,71527,132704,5862,2837,3025,2927,1165,1762,0,0,0
09,175,District - Allahabad  (44),Total,0-9,1318180,696404,621776,1318180,696404,621776,0,0,0,0,0,0,0,0,0,0,0,0,0,0,0
09,175,District - Allahabad  (44),Total,10-14,754726,397464,357262,732552,389124,343428,20867,7759,13108,928,384,544,279,145,134,100,52,48,0,0,0
09,175,District - Allahabad  (44),Total,15-19,694755,372911,321844,621549,353146,268403,71255,18978,52277,1481,570,911,359,169,190,111,48,63,0,0,0
09,175,District - Allahabad  (44),Total,20-24,541676,294863,246813,272993,195140,77853,265042,98364,166678,2752,973,1779,628,292,336,261,94,167,0,0,0
09,175,District - Allahabad  (44),Total,25-29,455067,235055,220012,86316,67485,18831,363114,165370,197744,4452,1689,2763,782,360,422,403,151,252,0,0,0
09,175,District - Allahabad  (44),Total,30-34,392999,197830,195169,27713,21677,6036,357711,173378,184333,6386,2272,4114,774,350,424,415,153,262,0,0,0
09,175,District - Allahabad  (44),Total,35-39,377195,193427,183768,12013,8919,3094,354111,180714,173397,9857,3250,6607,788,383,405,426,161,265,0,0,0
09,175,District - Allahabad  (44),Total,40-44,305313,159422,145891,6675,4994,1681,285146,149947,135199,12538,4071,8467,601,280,321,353,130,223,0,0,0
09,175,District - Allahabad  (44),Total,45-49,259717,134804,124913,4189,3003,1186,239826,126644,113182,14968,4809,10159,489,239,250,245,109,136,0,0,0
09,175,District - Allahabad  (44),Total,50-54,200019,108208,91811,3281,2255,1026,178701,99895,78806,17508,5794,11714,351,175,176,178,89,89,0,0,0
09,175,District - Allahabad  (44),Total,55-59,166945,81915,85030,2840,1845,995,146438,74155,72283,17357,5756,11601,209,118,91,101,41,60,0,0,0
09,175,District - Allahabad  (44),Total,60-64,165873,86585,79288,4061,2458,1603,131971,74499,57472,29502,9469,20033,222,116,106,117,43,74,0,0,0
09,175,District - Allahabad  (44),Total,65-69,111881,58103,53778,4275,2512,1763,82046,46760,35286,25363,8729,16634,130,74,56,67,28,39,0,0,0
09,175,District - Allahabad  (44),Total,70-74,78881,43772,35109,2752,1680,1072,49560,32547,17013,26415,9472,16943,104,56,48,50,17,33,0,0,0
09,175,District - Allahabad  (44),Total,75-79,36694,19346,17348,1791,1069,722,22078,13099,8979,12765,5152,7613,39,20,19,21,6,15,0,0,0
09,175,District - Allahabad  (44),Total,80+,57844,30648,27196,7854,4895,2959,28982,16926,12056,20884,8758,12126,66,39,27,58,30,28,0,0,0
09,175,District - Allahabad  (44),Total,Age not stated,36626,21050,15576,22248,14470,7778,13241,6167,7074,1075,379,696,41,21,20,21,13,8,0,0,0
09,175,District - Allahabad  (44),Total,Less than 18,2494317,1317096,1177221,2446154,1300365,1145789,45701,15679,30022,1831,732,1099,476,242,234,155,78,77,0,0,0
09,175,District - Allahabad  (44),Total,Less than 21,2923736,1553308,1370428,2773370,1507760,1265610,146173,43833,102340,3136,1201,1935,798,395,403,259,119,140,0,0,0
09,175,District - Allahabad  (44),Rural,All ages,4481518,2340959,2140559,2383444,1334291,1049153,1942572,948723,993849,149252,54876,94376,4371,2253,2118,1879,816,1063,0,0,0
09,175,District - Allahabad  (44),Rural,0-9,1076112,567390,508722,1076112,567390,508722,0,0,0,0,0,0,0,0,0,0,0,0,0,0,0
09,175,District - Allahabad  (44),Rural,10-14,606758,318366,288392,588793,311653,277140,16894,6230,10664,769,329,440,224,112,112,78,42,36,0,0,0
09,175,District - Allahabad  (44),Rural,15-19,524707,280003,244704,463998,263833,200165,59177,15546,43631,1164,459,705,287,129,158,81,36,45,0,0,0
09,175,District - Allahabad  (44),Rural,20-24,380384,204925,175459,159555,120472,39083,218044,83387,134657,2116,761,1355,489,235,254,180,70,110,0,0,0
09,175,District - Allahabad  (44),Rural,25-29,320565,162944,157621,36281,30577,5704,279993,130587,149406,3400,1343,2057,619,314,305,272,123,149,0,0,0
09,175,District - Allahabad  (44),Rural,30-34,281542,138941,142601,10712,8602,2110,265255,128210,137045,4761,1737,3024,548,282,266,266,110,156,0,0,0
09,175,District - Allahabad  (44),Rural,35-39,271196,137937,133259,5199,3817,1382,257896,131187,126709,7266,2531,4735,563,294,269,272,108,164,0,0,0
09,175,District - Allahabad  (44),Rural,40-44,216562,112337,104225,3132,2421,711,203794,106519,97275,9024,3111,5913,421,213,208,191,73,118,0,0,0
09,175,District - Allahabad  (44),Rural,45-49,180457,93306,87151,2100,1572,528,167481,87821,79660,10397,3660,6737,341,182,159,138,71,67,0,0,0
09,175,District - Allahabad  (44),Rural,50-54,136154,73332,62822,1794,1269,525,122046,67619,54427,11935,4243,7692,266,140,126,113,61,52,0,0,0
09,175,District - Allahabad  (44),Rural,55-59,116614,55057,61557,1657,1116,541,103016,49675,53341,11742,4152,7590,142,92,50,57,22,35,0,0,0
09,175,District - Allahabad  (44),Rural,60-64,123294,63683,59611,2844,1715,1129,98516,54598,43918,21682,7248,14434,171,93,78,81,29,52,0,0,0
09,175,District - Allahabad  (44),Rural,65-69,84490,43508,40982,3140,1882,1258,62143,34801,27342,19061,6747,12314,105,59,46,41,19,22,0,0,0
09,175,District - Allahabad  (44),Rural,70-74,59413,33121,26292,1926,1216,710,37408,24434,12974,19968,7417,12551,77,41,36,34,13,21,0,0,0
09,175,District - Allahabad  (44),Rural,75-79,27096,14152,12944,1283,780,503,16492,9443,7049,9278,3910,5368,29,15,14,14,4,10,0,0,0
09,175,District - Allahabad  (44),Rural,80+,43287,23184,20103,5178,3204,1974,22311,13049,9262,15704,6878,8826,53,31,22,41,22,19,0,0,0
09,175,District - Allahabad  (44),Rural,Age not stated,32887,18773,14114,19740,12772,6968,12106,5617,6489,985,350,635,36,21,15,20,13,7,0,0,0
09,175,District - Allahabad  (44),Rural,Less than 18,2007969,1057175,950794,1969299,1043845,925454,36689,12469,24220,1480,615,865,384,186,198,117,60,57,0,0,0
09,175,District - Allahabad  (44),Rural,Less than 21,2320060,1227796,1092264,2195526,1190122,1005404,121195,36294,84901,2511,984,1527,634,305,329,194,91,103,0,0,0
09,175,District - Allahabad  (44),Urban,All ages,1472873,790848,682025,747838,436785,311053,667517,336479,331038,54979,16651,38328,1491,584,907,1048,349,699,0,0,0
09,175,District - Allahabad  (44),Urban,0-9,242068,129014,113054,242068,129014,113054,0,0,0,0,0,0,0,0,0,0,0,0,0,0,0
09,175,District - Allahabad  (44),Urban,10-14,147968,79098,68870,143759,77471,66288,3973,1529,2444,159,55,104,55,33,22,22,10,12,0,0,0
09,175,District - Allahabad  (44),Urban,15-19,170048,92908,77140,157551,89313,68238,12078,3432,8646,317,111,206,72,40,32,30,12,18,0,0,0
09,175,District - Allahabad  (44),Urban,20-24,161292,89938,71354,113438,74668,38770,46998,14977,32021,636,212,424,139,57,82,81,24,57,0,0,0
09,175,District - Allahabad  (44),Urban,25-29,134502,72111,62391,50035,36908,13127,83121,34783,48338,1052,346,706,163,46,117,131,28,103,0,0,0
09,175,District - Allahabad  (44),Urban,30-34,111457,58889,52568,17001,13075,3926,92456,45168,47288,1625,535,1090,226,68,158,149,43,106,0,0,0
09,175,District - Allahabad  (44),Urban,35-39,105999,55490,50509,6814,5102,1712,96215,49527,46688,2591,719,1872,225,89,136,154,53,101,0,0,0
09,175,District - Allahabad  (44),Urban,40-44,88751,47085,41666,3543,2573,970,81352,43428,37924,3514,960,2554,180,67,113,162,57,105,0,0,0
09,175,District - Allahabad  (44),Urban,45-49,79260,41498,37762,2089,1431,658,72345,38823,33522,4571,1149,3422,148,57,91,107,38,69,0,0,0
09,175,District - Allahabad  (44),Urban,50-54,63865,34876,28989,1487,986,501,56655,32276,24379,5573,1551,4022,85,35,50,65,28,37,0,0,0
09,175,District - Allahabad  (44),Urban,55-59,50331,26858,23473,1183,729,454,43422,24480,18942,5615,1604,4011,67,26,41,44,19,25,0,0,0
09,175,District - Allahabad  (44),Urban,60-64,42579,22902,19677,1217,743,474,33455,19901,13554,7820,2221,5599,51,23,28,36,14,22,0,0,0
09,175,District - Allahabad  (44),Urban,65-69,27391,14595,12796,1135,630,505,19903,11959,7944,6302,1982,4320,25,15,10,26,9,17,0,0,0
09,175,District - Allahabad  (44),Urban,70-74,19468,10651,8817,826,464,362,12152,8113,4039,6447,2055,4392,27,15,12,16,4,12,0,0,0
09,175,District - Allahabad  (44),Urban,75-79,9598,5194,4404,508,289,219,5586,3656,1930,3487,1242,2245,10,5,5,7,2,5,0,0,0
09,175,District - Allahabad  (44),Urban,80+,14557,7464,7093,2676,1691,985,6671,3877,2794,5180,1880,3300,13,8,5,17,8,9,0,0,0
09,175,District - Allahabad  (44),Urban,Age not stated,3739,2277,1462,2508,1698,810,1135,550,585,90,29,61,5,0,5,1,0,1,0,0,0
09,175,District - Allahabad  (44),Urban,Less than 18,486348,259921,226427,476855,256520,220335,9012,3210,5802,351,117,234,92,56,36,38,18,20,0,0,0
09,175,District - Allahabad  (44),Urban,Less than 21,603676,325512,278164,577844,317638,260206,24978,7539,17439,625,217,408,164,90,74,65,28,37,0,0,0
09,176,District - Bara Banki (45),Total,All ages,3260699,1707073,1553626,1732606,965789,766817,1377049,681067,695982,140756,54036,86720,7126,4573,2553,3162,1608,1554,0,0,0
09,176,District - Bara Banki (45),Total,0-9,765758,396429,369329,765758,396429,369329,0,0,0,0,0,0,0,0,0,0,0,0,0,0,0
09,176,District - Bara Banki (45),Total,10-14,418506,219305,199201,408223,215548,192675,9617,3416,6201,460,223,237,169,94,75,37,24,13,0,0,0
09,176,District - Bara Banki (45),Total,15-19,361364,190581,170783,319329,179367,139962,40790,10697,30093,846,342,504,295,141,154,104,34,70,0,0,0
09,176,District - Bara Banki (45),Total,20-24,270794,146348,124446,122141,87650,34491,146005,57402,88603,1479,715,764,827,434,393,342,147,195,0,0,0
09,176,District - Bara Banki (45),Total,25-29,226913,118991,107922,36256,29526,6730,186395,87005,99390,2708,1525,1183,1077,697,380,477,238,239,0,0,0
09,176,District - Bara Banki (45),Total,30-34,209023,105983,103040,13760,11501,2259,189761,91336,98425,3993,2193,1800,1030,716,314,479,237,242,0,0,0
09,176,District - Bara Banki (45),Total,35-39,205910,108721,97189,7589,6418,1171,190313,97980,92333,6525,3369,3156,1004,695,309,479,259,220,0,0,0
09,176,District - Bara Banki (45),Total,40-44,164567,89946,74621,4476,3878,598,150364,81231,69133,8540,4080,4460,803,543,260,384,214,170,0,0,0
09,176,District - Bara Banki (45),Total,45-49,129994,69769,60225,2875,2424,451,116712,62665,54047,9669,4173,5496,527,382,145,211,125,86,0,0,0
09,176,District - Bara Banki (45),Total,50-54,99185,54717,44468,2292,1865,427,84708,47865,36843,11636,4655,6981,393,245,148,156,87,69,0,0,0
09,176,District - Bara Banki (45),Total,55-59,83878,39130,44748,1728,1300,428,70832,33450,37382,10990,4168,6822,238,155,83,90,57,33,0,0,0
09,176,District - Bara Banki (45),Total,60-64,98833,50452,48381,3287,2265,1022,73026,40613,32413,22077,7316,14761,309,189,120,134,69,65,0,0,0
09,176,District - Bara Banki (45),Total,65-69,67786,34704,33082,3088,1949,1139,45057,26058,18999,19401,6572,12829,152,86,66,88,39,49,0,0,0
09,176,District - Bara Banki (45),Total,70-74,46845,24490,22355,1619,1110,509,26045,17070,8975,19027,6230,12797,96,56,40,58,24,34,0,0,0
09,176,District - Bara Banki (45),Total,75-79,19146,9464,9682,821,535,286,10252,6044,4208,8013,2853,5160,33,22,11,27,10,17,0,0,0
09,176,District - Bara Banki (45),Total,80+,29596,14553,15043,3445,2167,1278,13068,7658,5410,12992,4681,8311,49,30,19,42,17,25,0,0,0
09,176,District - Bara Banki (45),Total,Age not stated,62601,33490,29111,35919,21857,14062,24104,10577,13527,2400,941,1459,124,88,36,54,27,27,0,0,0
09,176,District - Bara Banki (45),Total,Less than 18,1404642,730843,673799,1380415,722829,657586,22892,7390,15502,983,437,546,286,152,134,66,35,31,0,0,0
09,176,District - Bara Banki (45),Total,Less than 21,1631709,854421,777288,1545448,827368,718080,83626,25879,57747,1719,739,980,695,350,345,221,85,136,0,0,0
09,176,District - Bara Banki (45),Rural,All ages,2929896,1533455,1396441,1551665,864182,687483,1241209,613217,627992,127710,50248,77462,6595,4349,2246,2717,1459,1258,0,0,0
09,176,District - Bara Banki (45),Rural,0-9,698677,361481,337196,698677,361481,337196,0,0,0,0,0,0,0,0,0,0,0,0,0,0,0
09,176,District - Bara Banki (45),Rural,10-14,378785,198215,180570,369383,194808,174575,8787,3092,5695,428,208,220,155,86,69,32,21,11,0,0,0
09,176,District - Bara Banki (45),Rural,15-19,321275,169643,151632,282182,159190,122992,37965,9976,27989,760,312,448,278,135,143,90,30,60,0,0,0
09,176,District - Bara Banki (45),Rural,20-24,238320,128586,109734,101229,73908,27321,134695,53485,81210,1330,653,677,762,406,356,304,134,170,0,0,0
09,176,District - Bara Banki (45),Rural,25-29,201334,105464,95870,28464,23814,4650,168991,79353,89638,2472,1417,1055,997,663,334,410,217,193,0,0,0
09,176,District - Bara Banki (45),Rural,30-34,186762,94620,92142,11276,9636,1640,170485,82020,88465,3645,2064,1581,956,684,272,400,216,184,0,0,0
09,176,District - Bara Banki (45),Rural,35-39,184127,97503,86624,6552,5637,915,170323,87787,82536,5932,3187,2745,923,655,268,397,237,160,0,0,0
09,176,District - Bara Banki (45),Rural,40-44,146426,80333,66093,3926,3457,469,133759,72331,61428,7674,3824,3850,740,523,217,327,198,129,0,0,0
09,176,District - Bara Banki (45),Rural,45-49,114679,61604,53075,2579,2221,358,102860,55055,47805,8572,3855,4717,484,362,122,184,111,73,0,0,0
09,176,District - Bara Banki (45),Rural,50-54,87599,48508,39091,2078,1733,345,74670,42169,32501,10360,4297,6063,356,231,125,135,78,57,0,0,0
09,176,District - Bara Banki (45),Rural,55-59,74670,34525,40145,1556,1196,360,63088,29297,33791,9731,3838,5893,218,144,74,77,50,27,0,0,0
09,176,District - Bara Banki (45),Rural,60-64,90241,46144,44097,3074,2155,919,66786,36972,29814,19964,6766,13198,294,187,107,123,64,59,0,0,0
09,176,District - Bara Banki (45),Rural,65-69,62253,31861,30392,2866,1831,1035,41334,23768,17566,17832,6144,11688,142,82,60,79,36,43,0,0,0
09,176,District - Bara Banki (45),Rural,70-74,43030,22524,20506,1477,1031,446,23905,15630,8275,17501,5785,11716,94,55,39,53,23,30,0,0,0
09,176,District - Bara Banki (45),Rural,75-79,17500,8672,8828,752,494,258,9375,5491,3884,7316,2657,4659,32,22,10,25,8,17,0,0,0
09,176,District - Bara Banki (45),Rural,80+,27115,13388,13727,2965,1897,1068,12093,7089,5004,11974,4358,7616,47,29,18,36,15,21,0,0,0
09,176,District - Bara Banki (45),Rural,Age not stated,57103,30384,26719,32629,19693,12936,22093,9702,12391,2219,883,1336,117,85,32,45,21,24,0,0,0
09,176,District - Bara Banki (45),Rural,Less than 18,1274280,662737,611543,1252096,655411,596685,20962,6750,14212,903,405,498,260,139,121,59,32,27,0,0,0
09,176,District - Bara Banki (45),Rural,Less than 21,1475026,772095,702931,1394960,746847,648113,77657,24162,53495,1567,681,886,645,328,317,197,77,120,0,0,0
09,176,District - Bara Banki (45),Urban,All ages,330803,173618,157185,180941,101607,79334,135840,67850,67990,13046,3788,9258,531,224,307,445,149,296,0,0,0
09,176,District - Bara Banki (45),Urban,0-9,67081,34948,32133,67081,34948,32133,0,0,0,0,0,0,0,0,0,0,0,0,0,0,0
09,176,District - Bara Banki (45),Urban,10-14,39721,21090,18631,38840,20740,18100,830,324,506,32,15,17,14,8,6,5,3,2,0,0,0
09,176,District - Bara Banki (45),Urban,15-19,40089,20938,19151,37147,20177,16970,2825,721,2104,86,30,56,17,6,11,14,4,10,0,0,0
09,176,District - Bara Banki (45),Urban,20-24,32474,17762,14712,20912,13742,7170,11310,3917,7393,149,62,87,65,28,37,38,13,25,0,0,0
09,176,District - Bara Banki (45),Urban,25-29,25579,13527,12052,7792,5712,2080,17404,7652,9752,236,108,128,80,34,46,67,21,46,0,0,0
09,176,District - Bara Banki (45),Urban,30-34,22261,11363,10898,2484,1865,619,19276,9316,9960,348,129,219,74,32,42,79,21,58,0,0,0
09,176,District - Bara Banki (45),Urban,35-39,21783,11218,10565,1037,781,256,19990,10193,9797,593,182,411,81,40,41,82,22,60,0,0,0
09,176,District - Bara Banki (45),Urban,40-44,18141,9613,8528,550,421,129,16605,8900,7705,866,256,610,63,20,43,57,16,41,0,0,0
09,176,District - Bara Banki (45),Urban,45-49,15315,8165,7150,296,203,93,13852,7610,6242,1097,318,779,43,20,23,27,14,13,0,0,0
09,176,District - Bara Banki (45),Urban,50-54,11586,6209,5377,214,132,82,10038,5696,4342,1276,358,918,37,14,23,21,9,12,0,0,0
09,176,District - Bara Banki (45),Urban,55-59,9208,4605,4603,172,104,68,7744,4153,3591,1259,330,929,20,11,9,13,7,6,0,0,0
09,176,District - Bara Banki (45),Urban,60-64,8592,4308,4284,213,110,103,6240,3641,2599,2113,550,1563,15,2,13,11,5,6,0,0,0
09,176,District - Bara Banki (45),Urban,65-69,5533,2843,2690,222,118,104,3723,2290,1433,1569,428,1141,10,4,6,9,3,6,0,0,0
09,176,District - Bara Banki (45),Urban,70-74,3815,1966,1849,142,79,63,2140,1440,700,1526,445,1081,2,1,1,5,1,4,0,0,0
09,176,District - Bara Banki (45),Urban,75-79,1646,792,854,69,41,28,877,553,324,697,196,501,1,0,1,2,2,0,0,0,0
09,176,District - Bara Banki (45),Urban,80+,2481,1165,1316,480,270,210,975,569,406,1018,323,695,2,1,1,6,2,4,0,0,0
09,176,District - Bara Banki (45),Urban,Age not stated,5498,3106,2392,3290,2164,1126,2011,875,1136,181,58,123,7,3,4,9,6,3,0,0,0
09,176,District - Bara Banki (45),Urban,Less than 18,130362,68106,62256,128319,67418,60901,1930,640,1290,80,32,48,26,13,13,7,3,4,0,0,0
09,176,District - Bara Banki (45),Urban,Less than 21,156683,82326,74357,150488,80521,69967,5969,1717,4252,152,58,94,50,22,28,24,8,16,0,0,0
09,177,District - Faizabad (46),Total,All ages,2470996,1259628,1211368,1262936,687322,575614,1088989,526817,562172,110411,40838,69573,6261,3550,2711,2399,1101,1298,0,0,0
09,177,District - Faizabad (46),Total,0-9,538470,278910,259560,538470,278910,259560,0,0,0,0,0,0,0,0,0,0,0,0,0,0,0
09,177,District - Faizabad (46),Total,10-14,317092,163715,153377,309129,160826,148303,7510,2694,4816,258,103,155,173,82,91,22,10,12,0,0,0
09,177,District - Faizabad (46),Total,15-19,290637,146066,144571,256387,137102,119285,33293,8613,24680,565,194,371,330,140,190,62,17,45,0,0,0
09,177,District - Faizabad (46),Total,20-24,213055,108201,104854,93181,62827,30354,117771,44442,73329,1052,447,605,786,366,420,265,119,146,0,0,0
09,177,District - Faizabad (46),Total,25-29,175578,87695,87883,24457,18696,5761,147907,67409,80498,1917,922,995,948,510,438,349,158,191,0,0,0
09,177,District - Faizabad (46),Total,30-34,158575,77039,81536,7722,6013,1709,146723,69107,77616,2913,1270,1643,826,471,355,391,178,213,0,0,0
09,177,District - Faizabad (46),Total,35-39,154799,78415,76384,3864,2998,866,145110,72890,72220,4623,1832,2791,859,531,328,343,164,179,0,0,0
09,177,District - Faizabad (46),Total,40-44,125304,64461,60843,2331,1861,470,116047,59778,56269,5989,2294,3695,657,413,244,280,115,165,0,0,0
09,177,District - Faizabad (46),Total,45-49,104470,53803,50667,1694,1338,356,94700,49402,45298,7440,2702,4738,459,276,183,177,85,92,0,0,0
09,177,District - Faizabad (46),Total,50-54,83657,43962,39695,1521,1226,295,72584,39162,33422,9091,3310,5781,352,216,136,109,48,61,0,0,0
09,177,District - Faizabad (46),Total,55-59,71318,34577,36741,1198,906,292,60597,30023,30574,9208,3451,5757,210,143,67,105,54,51,0,0,0
09,177,District - Faizabad (46),Total,60-64,76720,38679,38041,2157,1514,643,57621,31356,26265,16574,5592,10982,268,166,102,100,51,49,0,0,0
09,177,District - Faizabad (46),Total,65-69,55430,28504,26926,2158,1402,756,37819,21527,16292,15225,5443,9782,160,98,62,68,34,34,0,0,0
09,177,District - Faizabad (46),Total,70-74,39800,21162,18638,1260,907,353,22210,14452,7758,16182,5714,10468,98,60,38,50,29,21,0,0,0
09,177,District - Faizabad (46),Total,75-79,16942,8590,8352,731,499,232,8970,5287,3683,7180,2765,4415,43,28,15,18,11,7,0,0,0
09,177,District - Faizabad (46),Total,80+,23465,11985,11480,2270,1454,816,9942,6049,3893,11187,4444,6743,38,22,16,28,16,12,0,0,0
09,177,District - Faizabad (46),Total,Age not stated,25684,13864,11820,14406,8843,5563,10185,4626,5559,1007,355,652,54,28,26,32,12,20,0,0,0
09,177,District - Faizabad (46),Total,Less than 18,1033963,531973,501990,1013868,525483,488385,19090,6089,13001,641,236,405,322,149,173,42,16,26,0,0,0
09,177,District - Faizabad (46),Total,Less than 21,1209020,621089,587931,1141148,600819,540329,65912,19505,46407,1145,418,727,676,298,378,139,49,90,0,0,0
09,177,District - Faizabad (46),Rural,All ages,2130743,1079257,1051486,1086272,586235,500037,941019,452181,488838,95826,36569,59257,5607,3293,2314,2019,979,1040,0,0,0
09,177,District - Faizabad (46),Rural,0-9,480963,248672,232291,480963,248672,232291,0,0,0,0,0,0,0,0,0,0,0,0,0,0,0
09,177,District - Faizabad (46),Rural,10-14,280986,144737,136249,274003,142197,131806,6599,2367,4232,210,90,120,159,75,84,15,8,7,0,0,0
09,177,District - Faizabad (46),Rural,15-19,250442,124831,125611,219202,116679,102523,30410,7841,22569,482,168,314,302,128,174,46,15,31,0,0,0
09,177,District - Faizabad (46),Rural,20-24,177712,89021,88691,69722,47684,22038,106117,40489,65628,905,399,506,726,341,385,242,108,134,0,0,0
09,177,District - Faizabad (46),Rural,25-29,146761,72521,74240,15295,12146,3149,128664,58909,69755,1643,833,810,859,487,372,300,146,154,0,0,0
09,177,District - Faizabad (46),Rural,30-34,134846,64586,70260,4936,3933,1003,126341,58911,67430,2510,1143,1367,727,435,292,332,164,168,0,0,0
09,177,District - Faizabad (46),Rural,35-39,131772,66403,65369,2560,2001,559,124184,62095,62089,3995,1675,2320,745,487,258,288,145,143,0,0,0
09,177,District - Faizabad (46),Rural,40-44,105892,54247,51645,1575,1281,294,98473,50425,48048,5025,2051,2974,586,386,200,233,104,129,0,0,0
09,177,District - Faizabad (46),Rural,45-49,87369,44717,42652,1148,905,243,79456,41103,38353,6215,2388,3827,409,256,153,141,65,76,0,0,0
09,177,District - Faizabad (46),Rural,50-54,70276,36771,33505,983,807,176,61174,32786,28388,7730,2945,4785,299,192,107,90,41,49,0,0,0
09,177,District - Faizabad (46),Rural,55-59,60683,28897,31786,758,572,186,51892,25110,26782,7752,3031,4721,194,136,58,87,48,39,0,0,0
09,177,District - Faizabad (46),Rural,60-64,67410,33742,33668,1533,1047,486,50989,27474,23515,14561,5021,9540,244,155,89,83,45,38,0,0,0
09,177,District - Faizabad (46),Rural,65-69,48977,25134,23843,1603,1008,595,33627,19059,14568,13535,4941,8594,151,93,58,61,33,28,0,0,0
09,177,District - Faizabad (46),Rural,70-74,34922,18530,16392,803,551,252,19654,12740,6914,14331,5159,9172,93,57,36,41,23,18,0,0,0
09,177,District - Faizabad (46),Rural,75-79,14687,7355,7332,414,266,148,7886,4579,3307,6331,2474,3857,40,26,14,16,10,6,0,0,0
09,177,District - Faizabad (46),Rural,80+,20147,10241,9906,1542,935,607,8626,5278,3348,9924,3995,5929,32,19,13,23,14,9,0,0,0
09,177,District - Faizabad (46),Rural,Age not stated,16898,8852,8046,9232,5551,3681,6927,3015,3912,677,256,421,41,20,21,21,10,11,0,0,0
09,177,District - Faizabad (46),Rural,Less than 18,917208,470744,446464,899344,464990,434354,17004,5403,11601,540,204,336,292,135,157,28,12,16,0,0,0
09,177,District - Faizabad (46),Rural,Less than 21,1065669,545422,520247,1003974,526935,477039,59995,17802,42193,976,369,607,616,273,343,108,43,65,0,0,0
09,177,District - Faizabad (46),Urban,All ages,340253,180371,159882,176664,101087,75577,147970,74636,73334,14585,4269,10316,654,257,397,380,122,258,0,0,0
09,177,District - Faizabad (46),Urban,0-9,57507,30238,27269,57507,30238,27269,0,0,0,0,0,0,0,0,0,0,0,0,0,0,0
09,177,District - Faizabad (46),Urban,10-14,36106,18978,17128,35126,18629,16497,911,327,584,48,13,35,14,7,7,7,2,5,0,0,0
09,177,District - Faizabad (46),Urban,15-19,40195,21235,18960,37185,20423,16762,2883,772,2111,83,26,57,28,12,16,16,2,14,0,0,0
09,177,District - Faizabad (46),Urban,20-24,35343,19180,16163,23459,15143,8316,11654,3953,7701,147,48,99,60,25,35,23,11,12,0,0,0
09,177,District - Faizabad (46),Urban,25-29,28817,15174,13643,9162,6550,2612,19243,8500,10743,274,89,185,89,23,66,49,12,37,0,0,0
09,177,District - Faizabad (46),Urban,30-34,23729,12453,11276,2786,2080,706,20382,10196,10186,403,127,276,99,36,63,59,14,45,0,0,0
09,177,District - Faizabad (46),Urban,35-39,23027,12012,11015,1304,997,307,20926,10795,10131,628,157,471,114,44,70,55,19,36,0,0,0
09,177,District - Faizabad (46),Urban,40-44,19412,10214,9198,756,580,176,17574,9353,8221,964,243,721,71,27,44,47,11,36,0,0,0
09,177,District - Faizabad (46),Urban,45-49,17101,9086,8015,546,433,113,15244,8299,6945,1225,314,911,50,20,30,36,20,16,0,0,0
09,177,District - Faizabad (46),Urban,50-54,13381,7191,6190,538,419,119,11410,6376,5034,1361,365,996,53,24,29,19,7,12,0,0,0
09,177,District - Faizabad (46),Urban,55-59,10635,5680,4955,440,334,106,8705,4913,3792,1456,420,1036,16,7,9,18,6,12,0,0,0
09,177,District - Faizabad (46),Urban,60-64,9310,4937,4373,624,467,157,6632,3882,2750,2013,571,1442,24,11,13,17,6,11,0,0,0
09,177,District - Faizabad (46),Urban,65-69,6453,3370,3083,555,394,161,4192,2468,1724,1690,502,1188,9,5,4,7,1,6,0,0,0
09,177,District - Faizabad (46),Urban,70-74,4878,2632,2246,457,356,101,2556,1712,844,1851,555,1296,5,3,2,9,6,3,0,0,0
09,177,District - Faizabad (46),Urban,75-79,2255,1235,1020,317,233,84,1084,708,376,849,291,558,3,2,1,2,1,1,0,0,0
09,177,District - Faizabad (46),Urban,80+,3318,1744,1574,728,519,209,1316,771,545,1263,449,814,6,3,3,5,2,3,0,0,0
09,177,District - Faizabad (46),Urban,Age not stated,8786,5012,3774,5174,3292,1882,3258,1611,1647,330,99,231,13,8,5,11,2,9,0,0,0
09,177,District - Faizabad (46),Urban,Less than 18,116755,61229,55526,114524,60493,54031,2086,686,1400,101,32,69,30,14,16,14,4,10,0,0,0
09,177,District - Faizabad (46),Urban,Less than 21,143351,75667,67684,137174,73884,63290,5917,1703,4214,169,49,120,60,25,35,31,6,25,0,0,0
09,178,District - Ambedkar Nagar (47),Total,All ages,2397888,1212410,1185478,1254064,672917,581147,1044028,499443,544585,94201,36955,57246,3903,2334,1569,1692,761,931,0,0,0
09,178,District - Ambedkar Nagar (47),Total,0-9,516290,267015,249275,516290,267015,249275,0,0,0,0,0,0,0,0,0,0,0,0,0,0,0
09,178,District - Ambedkar Nagar (47),Total,10-14,314511,161299,153212,307643,158817,148826,6430,2289,4141,237,97,140,174,82,92,27,14,13,0,0,0
09,178,District - Ambedkar Nagar (47),Total,15-19,295632,146637,148995,268771,139734,129037,26056,6562,19494,544,219,325,206,100,106,55,22,33,0,0,0
09,178,District - Ambedkar Nagar (47),Total,20-24,208988,103438,105550,105178,67021,38157,102507,35881,66626,719,284,435,418,199,219,166,53,113,0,0,0
09,178,District - Ambedkar Nagar (47),Total,25-29,164073,80772,83301,24524,18803,5721,137507,61003,76504,1253,564,689,523,304,219,266,98,168,0,0,0
09,178,District - Ambedkar Nagar (47),Total,30-34,148295,69859,78436,6805,5246,1559,138723,63384,75339,1980,803,1177,518,307,211,269,119,150,0,0,0
09,178,District - Ambedkar Nagar (47),Total,35-39,147499,73214,74285,2865,2162,703,140583,69347,71236,3304,1267,2037,501,324,177,246,114,132,0,0,0
09,178,District - Ambedkar Nagar (47),Total,40-44,119923,60617,59306,1690,1296,394,113252,57328,55924,4411,1666,2745,395,245,150,175,82,93,0,0,0
09,178,District - Ambedkar Nagar (47),Total,45-49,99512,51377,48135,1089,835,254,92686,48277,44409,5324,2017,3307,288,185,103,125,63,62,0,0,0
09,178,District - Ambedkar Nagar (47),Total,50-54,77499,40734,36765,939,730,209,69869,37405,32464,6387,2416,3971,209,131,78,95,52,43,0,0,0
09,178,District - Ambedkar Nagar (47),Total,55-59,68179,33070,35109,810,587,223,60118,29495,30623,7013,2841,4172,181,115,66,57,32,25,0,0,0
09,178,District - Ambedkar Nagar (47),Total,60-64,76704,38611,38093,1988,1253,735,61062,32266,28796,13385,4922,8463,202,134,68,67,36,31,0,0,0
09,178,District - Ambedkar Nagar (47),Total,65-69,58321,30502,27819,2348,1374,974,41861,23534,18327,13946,5479,8467,109,80,29,57,35,22,0,0,0
09,178,District - Ambedkar Nagar (47),Total,70-74,41651,23140,18511,1132,754,378,25061,16432,8629,15333,5868,9465,86,64,22,39,22,17,0,0,0
09,178,District - Ambedkar Nagar (47),Total,75-79,18650,9815,8835,627,403,224,10588,6289,4299,7396,3095,4301,27,22,5,12,6,6,0,0,0
09,178,District - Ambedkar Nagar (47),Total,80+,26230,13678,12552,2433,1409,1024,11388,7072,4316,12337,5158,7179,50,31,19,22,8,14,0,0,0
09,178,District - Ambedkar Nagar (47),Total,Age not stated,15931,8632,7299,8932,5478,3454,6337,2879,3458,632,259,373,16,11,5,14,5,9,0,0,0
09,178,District - Ambedkar Nagar (47),Total,Less than 18,1012908,518737,494171,995981,513174,482807,15980,5160,10820,608,233,375,286,144,142,53,26,27,0,0,0
09,178,District - Ambedkar Nagar (47),Total,Less than 21,1189625,606354,583271,1134782,590695,544087,53219,14969,38250,1025,412,613,476,228,248,123,50,73,0,0,0
09,178,District - Ambedkar Nagar (47),Rural,All ages,2117158,1067762,1049396,1096462,586946,509516,931350,444087,487263,84498,33930,50568,3491,2147,1344,1357,652,705,0,0,0
09,178,District - Ambedkar Nagar (47),Rural,0-9,459872,237919,221953,459872,237919,221953,0,0,0,0,0,0,0,0,0,0,0,0,0,0,0
09,178,District - Ambedkar Nagar (47),Rural,10-14,279314,143013,136301,273065,140748,132317,5857,2093,3764,217,89,128,154,71,83,21,12,9,0,0,0
09,178,District - Ambedkar Nagar (47),Rural,15-19,259092,128120,130972,234563,121860,112703,23804,5951,17853,496,202,294,182,88,94,47,19,28,0,0,0
09,178,District - Ambedkar Nagar (47),Rural,20-24,179942,88332,91610,85085,54709,30376,93698,33143,60555,650,260,390,378,181,197,131,39,92,0,0,0
09,178,District - Ambedkar Nagar (47),Rural,25-29,142523,69625,72898,17621,13799,3822,123115,54950,68165,1106,506,600,466,282,184,215,88,127,0,0,0
09,178,District - Ambedkar Nagar (47),Rural,30-34,130367,60942,69425,4961,3824,1137,122978,56004,66974,1753,723,1030,459,282,177,216,109,107,0,0,0
09,178,District - Ambedkar Nagar (47),Rural,35-39,129786,64184,65602,2300,1753,547,123917,60889,63028,2933,1154,1779,449,301,148,187,87,100,0,0,0
09,178,District - Ambedkar Nagar (47),Rural,40-44,105313,53055,52258,1389,1089,300,99592,50181,49411,3854,1497,2357,345,217,128,133,71,62,0,0,0
09,178,District - Ambedkar Nagar (47),Rural,45-49,87314,44869,42445,931,727,204,81363,42087,39276,4674,1831,2843,251,171,80,95,53,42,0,0,0
09,178,District - Ambedkar Nagar (47),Rural,50-54,68071,35747,32324,824,650,174,61431,32737,28694,5550,2196,3354,189,122,67,77,42,35,0,0,0
09,178,District - Ambedkar Nagar (47),Rural,55-59,60209,29089,31120,724,529,195,53212,25853,27359,6061,2569,3492,163,108,55,49,30,19,0,0,0
09,178,District - Ambedkar Nagar (47),Rural,60-64,69386,34787,34599,1766,1138,628,55439,28988,26451,11935,4500,7435,185,126,59,61,35,26,0,0,0
09,178,District - Ambedkar Nagar (47),Rural,65-69,53161,27875,25286,2069,1239,830,38288,21428,16860,12650,5098,7552,107,78,29,47,32,15,0,0,0
09,178,District - Ambedkar Nagar (47),Rural,70-74,38131,21229,16902,994,681,313,22997,15036,7961,14021,5429,8592,81,62,19,38,21,17,0,0,0
09,178,District - Ambedkar Nagar (47),Rural,75-79,17053,9012,8041,558,365,193,9745,5770,3975,6715,2853,3862,25,20,5,10,4,6,0,0,0
09,178,District - Ambedkar Nagar (47),Rural,80+,23859,12506,11353,2070,1207,863,10401,6471,3930,11321,4793,6528,47,28,19,20,7,13,0,0,0
09,178,District - Ambedkar Nagar (47),Rural,Age not stated,13765,7458,6307,7670,4709,2961,5513,2506,3007,562,230,332,10,10,0,10,3,7,0,0,0
09,178,District - Ambedkar Nagar (47),Rural,Less than 18,899528,460485,439043,884217,455450,428767,14460,4673,9787,555,214,341,253,126,127,43,22,21,0,0,0
09,178,District - Ambedkar Nagar (47),Rural,Less than 21,1052999,536096,516903,1002848,521772,481076,48691,13701,34990,932,379,553,427,204,223,101,40,61,0,0,0
09,178,District - Ambedkar Nagar (47),Urban,All ages,280730,144648,136082,157602,85971,71631,112678,55356,57322,9703,3025,6678,412,187,225,335,109,226,0,0,0
09,178,District - Ambedkar Nagar (47),Urban,0-9,56418,29096,27322,56418,29096,27322,0,0,0,0,0,0,0,0,0,0,0,0,0,0,0
09,178,District - Ambedkar Nagar (47),Urban,10-14,35197,18286,16911,34578,18069,16509,573,196,377,20,8,12,20,11,9,6,2,4,0,0,0
09,178,District - Ambedkar Nagar (47),Urban,15-19,36540,18517,18023,34208,17874,16334,2252,611,1641,48,17,31,24,12,12,8,3,5,0,0,0
09,178,District - Ambedkar Nagar (47),Urban,20-24,29046,15106,13940,20093,12312,7781,8809,2738,6071,69,24,45,40,18,22,35,14,21,0,0,0
09,178,District - Ambedkar Nagar (47),Urban,25-29,21550,11147,10403,6903,5004,1899,14392,6053,8339,147,58,89,57,22,35,51,10,41,0,0,0
09,178,District - Ambedkar Nagar (47),Urban,30-34,17928,8917,9011,1844,1422,422,15745,7380,8365,227,80,147,59,25,34,53,10,43,0,0,0
09,178,District - Ambedkar Nagar (47),Urban,35-39,17713,9030,8683,565,409,156,16666,8458,8208,371,113,258,52,23,29,59,27,32,0,0,0
09,178,District - Ambedkar Nagar (47),Urban,40-44,14610,7562,7048,301,207,94,13660,7147,6513,557,169,388,50,28,22,42,11,31,0,0,0
09,178,District - Ambedkar Nagar (47),Urban,45-49,12198,6508,5690,158,108,50,11323,6190,5133,650,186,464,37,14,23,30,10,20,0,0,0
09,178,District - Ambedkar Nagar (47),Urban,50-54,9428,4987,4441,115,80,35,8438,4668,3770,837,220,617,20,9,11,18,10,8,0,0,0
09,178,District - Ambedkar Nagar (47),Urban,55-59,7970,3981,3989,86,58,28,6906,3642,3264,952,272,680,18,7,11,8,2,6,0,0,0
09,178,District - Ambedkar Nagar (47),Urban,60-64,7318,3824,3494,222,115,107,5623,3278,2345,1450,422,1028,17,8,9,6,1,5,0,0,0
09,178,District - Ambedkar Nagar (47),Urban,65-69,5160,2627,2533,279,135,144,3573,2106,1467,1296,381,915,2,2,0,10,3,7,0,0,0
09,178,District - Ambedkar Nagar (47),Urban,70-74,3520,1911,1609,138,73,65,2064,1396,668,1312,439,873,5,2,3,1,1,0,0,0,0
09,178,District - Ambedkar Nagar (47),Urban,75-79,1597,803,794,69,38,31,843,519,324,681,242,439,2,2,0,2,2,0,0,0,0
09,178,District - Ambedkar Nagar (47),Urban,80+,2371,1172,1199,363,202,161,987,601,386,1016,365,651,3,3,0,2,1,1,0,0,0
09,178,District - Ambedkar Nagar (47),Urban,Age not stated,2166,1174,992,1262,769,493,824,373,451,70,29,41,6,1,5,4,2,2,0,0,0
09,178,District - Ambedkar Nagar (47),Urban,Less than 18,113380,58252,55128,111764,57724,54040,1520,487,1033,53,19,34,33,18,15,10,4,6,0,0,0
09,178,District - Ambedkar Nagar (47),Urban,Less than 21,136626,70258,66368,131934,68923,63011,4528,1268,3260,93,33,60,49,24,25,22,10,12,0,0,0
09,179,District - Sultanpur (48),Total,All ages,3797117,1914586,1882531,1923226,1040557,882669,1703094,809120,893974,160592,59449,101143,7572,4337,3235,2633,1123,1510,0,0,0
09,179,District - Sultanpur (48),Total,0-9,844950,438983,405967,844950,438983,405967,0,0,0,0,0,0,0,0,0,0,0,0,0,0,0
09,179,District - Sultanpur (48),Total,10-14,501628,258893,242735,491136,255231,235905,9788,3347,6441,357,147,210,298,144,154,49,24,25,0,0,0
09,179,District - Sultanpur (48),Total,15-19,447781,224726,223055,396647,212247,184400,49820,11974,37846,839,309,530,396,166,230,79,30,49,0,0,0
09,179,District - Sultanpur (48),Total,20-24,316021,156531,159490,125899,86494,39405,187563,68934,118629,1420,612,808,844,387,457,295,104,191,0,0,0
09,179,District - Sultanpur (48),Total,25-29,266495,129232,137263,26952,21364,5588,235692,106013,129679,2357,1082,1275,1104,619,485,390,154,236,0,0,0
09,179,District - Sultanpur (48),Total,30-34,242916,113909,129007,8468,6654,1814,229202,104821,124381,3782,1634,2148,1052,618,434,412,182,230,0,0,0
09,179,District - Sultanpur (48),Total,35-39,235665,115986,119679,4252,3213,1039,223750,109449,114301,6285,2552,3733,994,595,399,384,177,207,0,0,0
09,179,District - Sultanpur (48),Total,40-44,190261,96569,93692,2631,2112,519,178336,90673,87663,8219,3170,5049,773,475,298,302,139,163,0,0,0
09,179,District - Sultanpur (48),Total,45-49,159380,80270,79110,1745,1402,343,147119,74818,72301,9741,3596,6145,594,372,222,181,82,99,0,0,0
09,179,District - Sultanpur (48),Total,50-54,127558,66678,60880,1432,1150,282,112882,60566,52316,12656,4620,8036,433,274,159,155,68,87,0,0,0
09,179,District - Sultanpur (48),Total,55-59,109754,51582,58172,1193,899,294,95825,45916,49909,12362,4537,7825,288,186,102,86,44,42,0,0,0
09,179,District - Sultanpur (48),Total,60-64,122071,61392,60679,2798,1777,1021,94420,51039,43381,24430,8340,16090,306,189,117,117,47,70,0,0,0
09,179,District - Sultanpur (48),Total,65-69,88011,44601,43410,3193,1946,1247,62209,34638,27571,22335,7851,14484,199,134,65,75,32,43,0,0,0
09,179,District - Sultanpur (48),Total,70-74,64721,34637,30084,1607,1061,546,37862,24648,13214,25035,8803,16232,168,104,64,49,21,28,0,0,0
09,179,District - Sultanpur (48),Total,75-79,28330,14379,13951,819,508,311,16114,9351,6763,11343,4495,6848,34,20,14,20,5,15,0,0,0
09,179,District - Sultanpur (48),Total,80+,39719,20238,19481,3069,1827,1242,17591,10837,6754,18965,7526,11439,61,36,25,33,12,21,0,0,0
09,179,District - Sultanpur (48),Total,Age not stated,11856,5980,5876,6435,3689,2746,4921,2096,2825,466,175,291,28,18,10,6,2,4,0,0,0
09,179,District - Sultanpur (48),Total,Less than 18,1625158,837553,787605,1597293,829097,768196,26424,7844,18580,875,336,539,486,240,246,80,36,44,0,0,0
09,179,District - Sultanpur (48),Total,Less than 21,1890786,971845,918941,1787719,942301,845418,100336,28427,71909,1637,635,1002,907,408,499,187,74,113,0,0,0
09,179,District - Sultanpur (48),Rural,All ages,3597201,1810496,1786705,1820659,983160,837499,1613380,764587,848793,153453,57454,95999,7273,4226,3047,2436,1069,1367,0,0,0
09,179,District - Sultanpur (48),Rural,0-9,808453,419777,388676,808453,419777,388676,0,0,0,0,0,0,0,0,0,0,0,0,0,0,0
09,179,District - Sultanpur (48),Rural,10-14,478434,246700,231734,468351,243192,225159,9401,3203,6198,346,143,203,290,140,150,46,22,24,0,0,0
09,179,District - Sultanpur (48),Rural,15-19,423301,211898,211403,373834,199813,174021,48195,11598,36597,812,298,514,383,159,224,77,30,47,0,0,0
09,179,District - Sultanpur (48),Rural,20-24,295168,145441,149727,112519,77844,34675,180211,66539,113672,1352,584,768,807,376,431,279,98,181,0,0,0
09,179,District - Sultanpur (48),Rural,25-29,249885,120673,129212,22639,18178,4461,223598,100713,122885,2231,1031,1200,1062,604,458,355,147,208,0,0,0
09,179,District - Sultanpur (48),Rural,30-34,228720,106791,121929,7348,5816,1532,216374,98609,117765,3610,1586,2024,999,602,397,389,178,211,0,0,0
09,179,District - Sultanpur (48),Rural,35-39,222345,109361,112984,3906,2983,923,211163,103162,108001,5979,2472,3507,953,578,375,344,166,178,0,0,0
09,179,District - Sultanpur (48),Rural,40-44,178564,90614,87950,2433,1972,461,167310,84972,82338,7802,3077,4725,741,462,279,278,131,147,0,0,0
09,179,District - Sultanpur (48),Rural,45-49,148973,74814,74159,1624,1320,304,137376,69572,67804,9240,3480,5760,569,364,205,164,78,86,0,0,0
09,179,District - Sultanpur (48),Rural,50-54,119292,62146,57146,1341,1088,253,105413,56284,49129,11978,4446,7532,422,267,155,138,61,77,0,0,0
09,179,District - Sultanpur (48),Rural,55-59,103631,48389,55242,1119,861,258,90481,42935,47546,11680,4368,7312,272,184,88,79,41,38,0,0,0
09,179,District - Sultanpur (48),Rural,60-64,116774,58632,58142,2688,1714,974,90321,48622,41699,23352,8062,15290,301,187,114,112,47,65,0,0,0
09,179,District - Sultanpur (48),Rural,65-69,84538,42818,41720,3031,1847,1184,59868,33239,26629,21382,7576,13806,186,126,60,71,30,41,0,0,0
09,179,District - Sultanpur (48),Rural,70-74,62290,33408,28882,1521,1005,516,36476,23736,12740,24077,8542,15535,168,104,64,48,21,27,0,0,0
09,179,District - Sultanpur (48),Rural,75-79,27217,13796,13421,776,482,294,15477,8949,6528,10911,4340,6571,34,20,14,19,5,14,0,0,0
09,179,District - Sultanpur (48),Rural,80+,38125,19446,18679,2866,1701,1165,16921,10422,6499,18246,7275,10971,60,36,24,32,12,20,0,0,0
09,179,District - Sultanpur (48),Rural,Age not stated,11491,5792,5699,6210,3567,2643,4795,2032,2763,455,174,281,26,17,9,5,2,3,0,0,0
09,179,District - Sultanpur (48),Rural,Less than 18,1550998,798687,752311,1524193,790562,733631,25411,7532,17879,847,326,521,472,233,239,75,34,41,0,0,0
09,179,District - Sultanpur (48),Rural,Less than 21,1800592,924378,876214,1701094,895796,805298,96857,27502,69355,1581,614,967,879,395,484,181,71,110,0,0,0
09,179,District - Sultanpur (48),Urban,All ages,199916,104090,95826,102567,57397,45170,89714,44533,45181,7139,1995,5144,299,111,188,197,54,143,0,0,0
09,179,District - Sultanpur (48),Urban,0-9,36497,19206,17291,36497,19206,17291,0,0,0,0,0,0,0,0,0,0,0,0,0,0,0
09,179,District - Sultanpur (48),Urban,10-14,23194,12193,11001,22785,12039,10746,387,144,243,11,4,7,8,4,4,3,2,1,0,0,0
09,179,District - Sultanpur (48),Urban,15-19,24480,12828,11652,22813,12434,10379,1625,376,1249,27,11,16,13,7,6,2,0,2,0,0,0
09,179,District - Sultanpur (48),Urban,20-24,20853,11090,9763,13380,8650,4730,7352,2395,4957,68,28,40,37,11,26,16,6,10,0,0,0
09,179,District - Sultanpur (48),Urban,25-29,16610,8559,8051,4313,3186,1127,12094,5300,6794,126,51,75,42,15,27,35,7,28,0,0,0
09,179,District - Sultanpur (48),Urban,30-34,14196,7118,7078,1120,838,282,12828,6212,6616,172,48,124,53,16,37,23,4,19,0,0,0
09,179,District - Sultanpur (48),Urban,35-39,13320,6625,6695,346,230,116,12587,6287,6300,306,80,226,41,17,24,40,11,29,0,0,0
09,179,District - Sultanpur (48),Urban,40-44,11697,5955,5742,198,140,58,11026,5701,5325,417,93,324,32,13,19,24,8,16,0,0,0
09,179,District - Sultanpur (48),Urban,45-49,10407,5456,4951,121,82,39,9743,5246,4497,501,116,385,25,8,17,17,4,13,0,0,0
09,179,District - Sultanpur (48),Urban,50-54,8266,4532,3734,91,62,29,7469,4282,3187,678,174,504,11,7,4,17,7,10,0,0,0
09,179,District - Sultanpur (48),Urban,55-59,6123,3193,2930,74,38,36,5344,2981,2363,682,169,513,16,2,14,7,3,4,0,0,0
09,179,District - Sultanpur (48),Urban,60-64,5297,2760,2537,110,63,47,4099,2417,1682,1078,278,800,5,2,3,5,0,5,0,0,0
09,179,District - Sultanpur (48),Urban,65-69,3473,1783,1690,162,99,63,2341,1399,942,953,275,678,13,8,5,4,2,2,0,0,0
09,179,District - Sultanpur (48),Urban,70-74,2431,1229,1202,86,56,30,1386,912,474,958,261,697,0,0,0,1,0,1,0,0,0
09,179,District - Sultanpur (48),Urban,75-79,1113,583,530,43,26,17,637,402,235,432,155,277,0,0,0,1,0,1,0,0,0
09,179,District - Sultanpur (48),Urban,80+,1594,792,802,203,126,77,670,415,255,719,251,468,1,0,1,1,0,1,0,0,0
09,179,District - Sultanpur (48),Urban,Age not stated,365,188,177,225,122,103,126,64,62,11,1,10,2,1,1,1,0,1,0,0,0
09,179,District - Sultanpur (48),Urban,Less than 18,74160,38866,35294,73100,38535,34565,1013,312,701,28,10,18,14,7,7,5,2,3,0,0,0
09,179,District - Sultanpur (48),Urban,Less than 21,90194,47467,42727,86625,46505,40120,3479,925,2554,56,21,35,28,13,15,6,3,3,0,0,0
09,180,District - Bahraich (49),Total,All ages,3487731,1843884,1643847,1845867,1041730,804137,1513828,751691,762137,121653,47337,74316,4178,2335,1843,2205,791,1414,0,0,0
09,180,District - Bahraich (49),Total,0-9,946341,491286,455055,946341,491286,455055,0,0,0,0,0,0,0,0,0,0,0,0,0,0,0
09,180,District - Bahraich (49),Total,10-14,453980,244855,209125,440332,239189,201143,13010,5353,7657,457,221,236,150,82,68,31,10,21,0,0,0
09,180,District - Bahraich (49),Total,15-19,342884,193005,149879,286925,176950,109975,54766,15544,39222,851,393,458,232,97,135,110,21,89,0,0,0
09,180,District - Bahraich (49),Total,20-24,273936,145611,128325,97648,75338,22310,174035,69291,104744,1490,701,789,468,216,252,295,65,230,0,0,0
09,180,District - Bahraich (49),Total,25-29,258605,132082,126523,30769,25585,5184,224099,104639,119460,2672,1369,1303,647,336,311,418,153,265,0,0,0
09,180,District - Bahraich (49),Total,30-34,236337,120100,116237,12055,9964,2091,219192,107541,111651,4157,2112,2045,610,360,250,323,123,200,0,0,0
09,180,District - Bahraich (49),Total,35-39,219336,115279,104057,6216,5109,1107,206243,106935,99308,5994,2752,3242,574,357,217,309,126,183,0,0,0
09,180,District - Bahraich (49),Total,40-44,166933,92292,74641,3794,3149,645,154820,85319,69501,7657,3473,4184,439,270,169,223,81,142,0,0,0
09,180,District - Bahraich (49),Total,45-49,131740,68666,63074,2337,1911,426,120850,63219,57631,8127,3313,4814,290,174,116,136,49,87,0,0,0
09,180,District - Bahraich (49),Total,50-54,102146,57317,44829,1811,1461,350,89512,51517,37995,10491,4156,6335,234,142,92,98,41,57,0,0,0
09,180,District - Bahraich (49),Total,55-59,85500,39069,46431,1289,975,314,74894,34516,40378,9129,3473,5656,133,77,56,55,28,27,0,0,0
09,180,District - Bahraich (49),Total,60-64,100223,52509,47714,2563,1675,888,77862,43992,33870,19545,6707,12838,167,96,71,86,39,47,0,0,0
09,180,District - Bahraich (49),Total,65-69,66879,35093,31786,2286,1480,806,48376,27902,20474,16079,5640,10439,94,51,43,44,20,24,0,0,0
09,180,District - Bahraich (49),Total,70-74,46701,26314,20387,1329,869,460,28425,19405,9020,16851,5990,10861,64,35,29,32,15,17,0,0,0
09,180,District - Bahraich (49),Total,75-79,18518,9565,8953,581,342,239,11112,6525,4587,6787,2679,4108,26,13,13,12,6,6,0,0,0
09,180,District - Bahraich (49),Total,80+,26275,13840,12435,2249,1407,842,12927,8167,4760,11035,4233,6802,38,23,15,26,10,16,0,0,0
09,180,District - Bahraich (49),Total,Age not stated,11397,7001,4396,7342,5040,2302,3705,1826,1879,331,125,206,12,6,6,7,4,3,0,0,0
09,180,District - Bahraich (49),Total,Less than 18,1610384,854998,755386,1578478,843042,735436,30599,11339,19260,980,469,511,259,129,130,68,19,49,0,0,0
09,180,District - Bahraich (49),Total,Less than 21,1832367,980217,852150,1719127,942070,777057,110703,37032,73671,1777,817,960,534,253,281,226,45,181,0,0,0
09,180,District - Bahraich (49),Rural,All ages,3203687,1695122,1508565,1690936,954335,736601,1395915,693236,702679,111154,44633,66521,3821,2211,1610,1861,707,1154,0,0,0
09,180,District - Bahraich (49),Rural,0-9,886608,460089,426519,886608,460089,426519,0,0,0,0,0,0,0,0,0,0,0,0,0,0,0
09,180,District - Bahraich (49),Rural,10-14,419604,226695,192909,406980,221436,185544,12041,4971,7070,415,202,213,141,78,63,27,8,19,0,0,0
09,180,District - Bahraich (49),Rural,15-19,308112,174426,133686,255303,159187,96116,51721,14767,36954,780,365,415,207,88,119,101,19,82,0,0,0
09,180,District - Bahraich (49),Rural,20-24,245578,130257,115321,80223,63644,16579,163338,65690,97648,1341,660,681,420,203,217,256,60,196,0,0,0
09,180,District - Bahraich (49),Rural,25-29,235281,119945,115336,23971,20596,3375,207899,97602,110297,2435,1284,1151,604,326,278,372,137,235,0,0,0
09,180,District - Bahraich (49),Rural,30-34,217106,110352,106754,9803,8311,1492,202637,99587,103050,3827,1993,1834,564,347,217,275,114,161,0,0,0
09,180,District - Bahraich (49),Rural,35-39,200464,105642,94822,5279,4462,817,188947,98119,90828,5474,2613,2861,526,338,188,238,110,128,0,0,0
09,180,District - Bahraich (49),Rural,40-44,151660,84332,67328,3378,2883,495,140771,77842,62929,6924,3281,3643,402,251,151,185,75,110,0,0,0
09,180,District - Bahraich (49),Rural,45-49,118766,61907,56859,2080,1744,336,109035,56819,52216,7281,3137,4144,267,164,103,103,43,60,0,0,0
09,180,District - Bahraich (49),Rural,50-54,92285,52004,40281,1633,1362,271,80937,46584,34353,9428,3892,5536,203,129,74,84,37,47,0,0,0
09,180,District - Bahraich (49),Rural,55-59,77795,35224,42571,1169,909,260,68396,30991,37405,8077,3230,4847,109,70,39,44,24,20,0,0,0
09,180,District - Bahraich (49),Rural,60-64,92871,48744,44127,2395,1584,811,72409,40698,31711,17837,6334,11503,158,94,64,72,34,38,0,0,0
09,180,District - Bahraich (49),Rural,65-69,62484,32810,29674,2113,1389,724,45447,26046,19401,14798,5308,9490,87,49,38,39,18,21,0,0,0
09,180,District - Bahraich (49),Rural,70-74,43838,24858,18980,1247,828,419,26785,18281,8504,15716,5702,10014,61,34,27,29,13,16,0,0,0
09,180,District - Bahraich (49),Rural,75-79,17284,8966,8318,537,326,211,10432,6099,4333,6280,2523,3757,25,13,12,10,5,5,0,0,0
09,180,District - Bahraich (49),Rural,80+,24498,12982,11516,2025,1280,745,12143,7672,4471,10272,4000,6272,36,22,14,22,8,14,0,0,0
09,180,District - Bahraich (49),Rural,Age not stated,9453,5889,3564,6192,4305,1887,2977,1468,1509,269,109,160,11,5,6,4,2,2,0,0,0
09,180,District - Bahraich (49),Rural,Less than 18,1496173,795083,701090,1466569,783916,682653,28407,10600,17807,896,433,463,239,118,121,62,16,46,0,0,0
09,180,District - Bahraich (49),Rural,Less than 21,1694941,907678,787263,1588371,871440,716931,104251,35204,69047,1625,759,866,487,234,253,207,41,166,0,0,0
09,180,District - Bahraich (49),Urban,All ages,284044,148762,135282,154931,87395,67536,117913,58455,59458,10499,2704,7795,357,124,233,344,84,260,0,0,0
09,180,District - Bahraich (49),Urban,0-9,59733,31197,28536,59733,31197,28536,0,0,0,0,0,0,0,0,0,0,0,0,0,0,0
09,180,District - Bahraich (49),Urban,10-14,34376,18160,16216,33352,17753,15599,969,382,587,42,19,23,9,4,5,4,2,2,0,0,0
09,180,District - Bahraich (49),Urban,15-19,34772,18579,16193,31622,17763,13859,3045,777,2268,71,28,43,25,9,16,9,2,7,0,0,0
09,180,District - Bahraich (49),Urban,20-24,28358,15354,13004,17425,11694,5731,10697,3601,7096,149,41,108,48,13,35,39,5,34,0,0,0
09,180,District - Bahraich (49),Urban,25-29,23324,12137,11187,6798,4989,1809,16200,7037,9163,237,85,152,43,10,33,46,16,30,0,0,0
09,180,District - Bahraich (49),Urban,30-34,19231,9748,9483,2252,1653,599,16555,7954,8601,330,119,211,46,13,33,48,9,39,0,0,0
09,180,District - Bahraich (49),Urban,35-39,18872,9637,9235,937,647,290,17296,8816,8480,520,139,381,48,19,29,71,16,55,0,0,0
09,180,District - Bahraich (49),Urban,40-44,15273,7960,7313,416,266,150,14049,7477,6572,733,192,541,37,19,18,38,6,32,0,0,0
09,180,District - Bahraich (49),Urban,45-49,12974,6759,6215,257,167,90,11815,6400,5415,846,176,670,23,10,13,33,6,27,0,0,0
09,180,District - Bahraich (49),Urban,50-54,9861,5313,4548,178,99,79,8575,4933,3642,1063,264,799,31,13,18,14,4,10,0,0,0
09,180,District - Bahraich (49),Urban,55-59,7705,3845,3860,120,66,54,6498,3525,2973,1052,243,809,24,7,17,11,4,7,0,0,0
09,180,District - Bahraich (49),Urban,60-64,7352,3765,3587,168,91,77,5453,3294,2159,1708,373,1335,9,2,7,14,5,9,0,0,0
09,180,District - Bahraich (49),Urban,65-69,4395,2283,2112,173,91,82,2929,1856,1073,1281,332,949,7,2,5,5,2,3,0,0,0
09,180,District - Bahraich (49),Urban,70-74,2863,1456,1407,82,41,41,1640,1124,516,1135,288,847,3,1,2,3,2,1,0,0,0
09,180,District - Bahraich (49),Urban,75-79,1234,599,635,44,16,28,680,426,254,507,156,351,1,0,1,2,1,1,0,0,0
09,180,District - Bahraich (49),Urban,80+,1777,858,919,224,127,97,784,495,289,763,233,530,2,1,1,4,2,2,0,0,0
09,180,District - Bahraich (49),Urban,Age not stated,1944,1112,832,1150,735,415,728,358,370,62,16,46,1,1,0,3,2,1,0,0,0
09,180,District - Bahraich (49),Urban,Less than 18,114211,59915,54296,111909,59126,52783,2192,739,1453,84,36,48,20,11,9,6,3,3,0,0,0
09,180,District - Bahraich (49),Urban,Less than 21,137426,72539,64887,130756,70630,60126,6452,1828,4624,152,58,94,47,19,28,19,4,15,0,0,0
09,181,District - Shrawasti (50),Total,All ages,1117361,593897,523464,561588,320204,241384,512843,254283,258560,41118,18458,22660,1261,727,534,551,225,326,0,0,0
09,181,District - Shrawasti (50),Total,0-9,304662,159101,145561,304662,159101,145561,0,0,0,0,0,0,0,0,0,0,0,0,0,0,0
09,181,District - Shrawasti (50),Total,10-14,141375,77538,63837,136957,76020,60937,4228,1429,2799,104,47,57,74,36,38,12,6,6,0,0,0
09,181,District - Shrawasti (50),Total,15-19,102531,57991,44540,76742,50050,26692,25429,7768,17661,242,128,114,85,39,46,33,6,27,0,0,0
09,181,District - Shrawasti (50),Total,20-24,88622,46179,42443,23150,18679,4471,64712,27099,37613,515,286,229,159,86,73,86,29,57,0,0,0
09,181,District - Shrawasti (50),Total,25-29,86253,44141,42112,7435,6462,973,77654,37021,40633,882,519,363,186,106,80,96,33,63,0,0,0
09,181,District - Shrawasti (50),Total,30-34,76251,38866,37385,3031,2656,375,71530,35276,36254,1419,782,637,186,120,66,85,32,53,0,0,0
09,181,District - Shrawasti (50),Total,35-39,70059,36849,33210,1653,1437,216,66220,34233,31987,1968,1064,904,143,76,67,75,39,36,0,0,0
09,181,District - Shrawasti (50),Total,40-44,54330,30032,24298,1180,1046,134,50352,27468,22884,2613,1410,1203,134,84,50,51,24,27,0,0,0
09,181,District - Shrawasti (50),Total,45-49,44458,22851,21607,722,611,111,40798,20739,20059,2815,1428,1387,85,55,30,38,18,20,0,0,0
09,181,District - Shrawasti (50),Total,50-54,35493,20464,15029,603,517,86,30819,18108,12711,3993,1791,2202,56,38,18,22,10,12,0,0,0
09,181,District - Shrawasti (50),Total,55-59,27699,13167,14532,413,340,73,24125,11360,12765,3114,1439,1675,33,20,13,14,8,6,0,0,0
09,181,District - Shrawasti (50),Total,60-64,29638,16407,13231,730,552,178,22423,13287,9136,6434,2541,3893,41,22,19,10,5,5,0,0,0
09,181,District - Shrawasti (50),Total,65-69,20020,10217,9803,603,417,186,14460,7740,6720,4919,2036,2883,31,21,10,7,3,4,0,0,0
09,181,District - Shrawasti (50),Total,70-74,15846,9250,6596,397,289,108,9579,6704,2875,5838,2241,3597,22,10,12,10,6,4,0,0,0
09,181,District - Shrawasti (50),Total,75-79,6097,3233,2864,197,133,64,3651,2089,1562,2234,1005,1229,9,4,5,6,2,4,0,0,0
09,181,District - Shrawasti (50),Total,80+,9186,5092,4094,699,470,229,4603,2931,1672,3869,1682,2187,11,7,4,4,2,2,0,0,0
09,181,District - Shrawasti (50),Total,Age not stated,4841,2519,2322,2414,1424,990,2260,1031,1229,159,59,100,6,3,3,2,2,0,0,0,0
09,181,District - Shrawasti (50),Total,Less than 18,507774,272639,235135,494853,268347,226506,12544,4103,8441,239,124,115,113,56,57,25,9,16,0,0,0
09,181,District - Shrawasti (50),Total,Less than 21,577765,311567,266198,530000,294507,235493,46969,16681,30288,513,261,252,207,98,109,76,20,56,0,0,0
09,181,District - Shrawasti (50),Rural,All ages,1078712,573681,505031,540700,308555,232145,496527,246175,250352,39737,18019,21718,1229,718,511,519,214,305,0,0,0
09,181,District - Shrawasti (50),Rural,0-9,295960,154602,141358,295960,154602,141358,0,0,0,0,0,0,0,0,0,0,0,0,0,0,0
09,181,District - Shrawasti (50),Rural,10-14,136472,74956,61516,132146,73467,58679,4140,1400,2740,102,47,55,72,36,36,12,6,6,0,0,0
09,181,District - Shrawasti (50),Rural,15-19,97770,55481,42289,72566,47705,24861,24855,7607,17248,236,125,111,80,38,42,33,6,27,0,0,0
09,181,District - Shrawasti (50),Rural,20-24,84840,44148,40692,21124,17305,3819,62978,26448,36530,499,281,218,157,86,71,82,28,54,0,0,0
09,181,District - Shrawasti (50),Rural,25-29,83227,42557,40670,6759,5944,815,75335,35967,39368,862,510,352,182,104,78,89,32,57,0,0,0
09,181,District - Shrawasti (50),Rural,30-34,73782,37646,36136,2846,2518,328,69287,34207,35080,1386,772,614,181,118,63,82,31,51,0,0,0
09,181,District - Shrawasti (50),Rural,35-39,67484,35524,31960,1578,1377,201,63798,32998,30800,1902,1039,863,139,75,64,67,35,32,0,0,0
09,181,District - Shrawasti (50),Rural,40-44,52289,28924,23365,1141,1016,125,48456,26432,22024,2515,1369,1146,130,83,47,47,24,23,0,0,0
09,181,District - Shrawasti (50),Rural,45-49,42844,22016,20828,702,596,106,39320,19956,19364,2700,1392,1308,85,55,30,37,17,20,0,0,0
09,181,District - Shrawasti (50),Rural,50-54,34179,19737,14442,580,498,82,29689,17438,12251,3833,1753,2080,55,38,17,22,10,12,0,0,0
09,181,District - Shrawasti (50),Rural,55-59,26728,12691,14037,402,332,70,23282,10922,12360,2997,1409,1588,33,20,13,14,8,6,0,0,0
09,181,District - Shrawasti (50),Rural,60-64,28690,15885,12805,703,536,167,21729,12856,8873,6210,2469,3741,40,21,19,8,3,5,0,0,0
09,181,District - Shrawasti (50),Rural,65-69,19453,9930,9523,587,408,179,14080,7516,6564,4750,1982,2768,30,21,9,6,3,3,0,0,0
09,181,District - Shrawasti (50),Rural,70-74,15426,9023,6403,388,282,106,9329,6536,2793,5679,2190,3489,20,9,11,10,6,4,0,0,0
09,181,District - Shrawasti (50),Rural,75-79,5934,3153,2781,193,130,63,3556,2028,1528,2172,990,1182,9,4,5,4,1,3,0,0,0
09,181,District - Shrawasti (50),Rural,80+,8920,4956,3964,669,449,220,4493,2863,1630,3744,1635,2109,10,7,3,4,2,2,0,0,0
09,181,District - Shrawasti (50),Rural,Age not stated,4714,2452,2262,2356,1390,966,2200,1001,1199,150,56,94,6,3,3,2,2,0,0,0,0
09,181,District - Shrawasti (50),Rural,Less than 18,491431,264114,227317,478792,259899,218893,12270,4027,8243,233,123,110,111,56,55,25,9,16,0,0,0
09,181,District - Shrawasti (50),Rural,Less than 21,558254,301359,256895,511554,284615,226939,45923,16370,29553,501,257,244,200,97,103,76,20,56,0,0,0
09,181,District - Shrawasti (50),Urban,All ages,38649,20216,18433,20888,11649,9239,16316,8108,8208,1381,439,942,32,9,23,32,11,21,0,0,0
09,181,District - Shrawasti (50),Urban,0-9,8702,4499,4203,8702,4499,4203,0,0,0,0,0,0,0,0,0,0,0,0,0,0,0
09,181,District - Shrawasti (50),Urban,10-14,4903,2582,2321,4811,2553,2258,88,29,59,2,0,2,2,0,2,0,0,0,0,0,0
09,181,District - Shrawasti (50),Urban,15-19,4761,2510,2251,4176,2345,1831,574,161,413,6,3,3,5,1,4,0,0,0,0,0,0
09,181,District - Shrawasti (50),Urban,20-24,3782,2031,1751,2026,1374,652,1734,651,1083,16,5,11,2,0,2,4,1,3,0,0,0
09,181,District - Shrawasti (50),Urban,25-29,3026,1584,1442,676,518,158,2319,1054,1265,20,9,11,4,2,2,7,1,6,0,0,0
09,181,District - Shrawasti (50),Urban,30-34,2469,1220,1249,185,138,47,2243,1069,1174,33,10,23,5,2,3,3,1,2,0,0,0
09,181,District - Shrawasti (50),Urban,35-39,2575,1325,1250,75,60,15,2422,1235,1187,66,25,41,4,1,3,8,4,4,0,0,0
09,181,District - Shrawasti (50),Urban,40-44,2041,1108,933,39,30,9,1896,1036,860,98,41,57,4,1,3,4,0,4,0,0,0
09,181,District - Shrawasti (50),Urban,45-49,1614,835,779,20,15,5,1478,783,695,115,36,79,0,0,0,1,1,0,0,0,0
09,181,District - Shrawasti (50),Urban,50-54,1314,727,587,23,19,4,1130,670,460,160,38,122,1,0,1,0,0,0,0,0,0
09,181,District - Shrawasti (50),Urban,55-59,971,476,495,11,8,3,843,438,405,117,30,87,0,0,0,0,0,0,0,0,0
09,181,District - Shrawasti (50),Urban,60-64,948,522,426,27,16,11,694,431,263,224,72,152,1,1,0,2,2,0,0,0,0
09,181,District - Shrawasti (50),Urban,65-69,567,287,280,16,9,7,380,224,156,169,54,115,1,0,1,1,0,1,0,0,0
09,181,District - Shrawasti (50),Urban,70-74,420,227,193,9,7,2,250,168,82,159,51,108,2,1,1,0,0,0,0,0,0
09,181,District - Shrawasti (50),Urban,75-79,163,80,83,4,3,1,95,61,34,62,15,47,0,0,0,2,1,1,0,0,0
09,181,District - Shrawasti (50),Urban,80+,266,136,130,30,21,9,110,68,42,125,47,78,1,0,1,0,0,0,0,0,0
09,181,District - Shrawasti (50),Urban,Age not stated,127,67,60,58,34,24,60,30,30,9,3,6,0,0,0,0,0,0,0,0,0
09,181,District - Shrawasti (50),Urban,Less than 18,16343,8525,7818,16061,8448,7613,274,76,198,6,1,5,2,0,2,0,0,0,0,0,0
09,181,District - Shrawasti (50),Urban,Less than 21,19511,10208,9303,18446,9892,8554,1046,311,735,12,4,8,7,1,6,0,0,0,0,0,0
09,182,District - Balrampur (51),Total,All ages,2148665,1114721,1033944,1149999,632455,517544,915504,445226,470278,78931,34806,44125,2975,1694,1281,1256,540,716,0,0,0
09,182,District - Balrampur (51),Total,0-9,581404,299814,281590,581404,299814,281590,0,0,0,0,0,0,0,0,0,0,0,0,0,0,0
09,182,District - Balrampur (51),Total,10-14,289199,153657,135542,282646,151367,131279,6219,2128,4091,175,75,100,135,71,64,24,16,8,0,0,0
09,182,District - Balrampur (51),Total,15-19,223567,117153,106414,186213,106149,80064,36752,10704,26048,416,211,205,152,76,76,34,13,21,0,0,0
09,182,District - Balrampur (51),Total,20-24,169110,87080,82030,59664,43614,16050,108188,42840,65348,785,408,377,326,159,167,147,59,88,0,0,0
09,182,District - Balrampur (51),Total,25-29,151933,76408,75525,16368,13467,2901,133466,61834,71632,1445,785,660,435,245,190,219,77,142,0,0,0
09,182,District - Balrampur (51),Total,30-34,132088,65056,67032,5817,4903,914,123442,58708,64734,2213,1132,1081,416,234,182,200,79,121,0,0,0
09,182,District - Balrampur (51),Total,35-39,126517,64276,62241,3158,2674,484,119405,59623,59782,3391,1688,1703,391,224,167,172,67,105,0,0,0
09,182,District - Balrampur (51),Total,40-44,99190,52924,46266,2088,1820,268,92177,48741,43436,4446,2091,2355,327,199,128,152,73,79,0,0,0
09,182,District - Balrampur (51),Total,45-49,84544,42644,41900,1386,1204,182,77498,38794,38704,5346,2473,2873,218,127,91,96,46,50,0,0,0
09,182,District - Balrampur (51),Total,50-54,67624,37581,30043,1065,925,140,59280,33271,26009,7041,3249,3792,180,107,73,58,29,29,0,0,0
09,182,District - Balrampur (51),Total,55-59,57200,27712,29488,861,696,165,49558,23887,25671,6640,3049,3591,96,59,37,45,21,24,0,0,0
09,182,District - Balrampur (51),Total,60-64,59015,32259,26756,1670,1127,543,44948,26025,18923,12218,4997,7221,140,93,47,39,17,22,0,0,0
09,182,District - Balrampur (51),Total,65-69,41034,21632,19402,1565,1003,562,29118,16216,12902,10261,4358,5903,70,44,26,20,11,9,0,0,0
09,182,District - Balrampur (51),Total,70-74,29730,17297,12433,781,533,248,17289,11927,5362,11588,4789,6799,46,31,15,26,17,9,0,0,0
09,182,District - Balrampur (51),Total,75-79,12011,6225,5786,379,251,128,6922,3969,2953,4689,1989,2700,13,10,3,8,6,2,0,0,0
09,182,District - Balrampur (51),Total,80+,17333,9343,7990,1288,795,493,7963,5114,2849,8044,3415,4629,24,11,13,14,8,6,0,0,0
09,182,District - Balrampur (51),Total,Age not stated,7166,3660,3506,3646,2113,1533,3279,1445,1834,233,97,136,6,4,2,2,1,1,0,0,0
09,182,District - Balrampur (51),Total,Less than 18,1008103,525754,482349,988996,519521,469475,18427,5906,12521,428,198,230,215,109,106,37,20,17,0,0,0
09,182,District - Balrampur (51),Total,Less than 21,1147926,600291,547635,1077651,576673,500978,68970,22981,45989,821,400,421,386,190,196,98,47,51,0,0,0
09,182,District - Balrampur (51),Rural,All ages,1982274,1027943,954331,1057827,581302,476525,847817,411653,436164,72678,32842,39836,2800,1635,1165,1152,511,641,0,0,0
09,182,District - Balrampur (51),Rural,0-9,545616,281358,264258,545616,281358,264258,0,0,0,0,0,0,0,0,0,0,0,0,0,0,0
09,182,District - Balrampur (51),Rural,10-14,268098,142665,125433,261870,140500,121370,5922,2015,3907,159,70,89,125,65,60,22,15,7,0,0,0
09,182,District - Balrampur (51),Rural,15-19,202759,106219,96540,166930,95620,71310,35265,10316,24949,390,199,191,141,71,70,33,13,20,0,0,0
09,182,District - Balrampur (51),Rural,20-24,152690,78157,74533,49457,36878,12579,102054,40681,61373,729,385,344,316,158,158,134,55,79,0,0,0
09,182,District - Balrampur (51),Rural,25-29,138803,69436,69367,12715,10703,2012,124134,57680,66454,1336,737,599,413,241,172,205,75,130,0,0,0
09,182,District - Balrampur (51),Rural,30-34,121213,59540,61673,4782,4062,720,113807,54106,59701,2056,1077,979,382,221,161,186,74,112,0,0,0
09,182,District - Balrampur (51),Rural,35-39,115904,58860,57044,2760,2361,399,109501,54625,54876,3122,1596,1526,364,217,147,157,61,96,0,0,0
09,182,District - Balrampur (51),Rural,40-44,90606,48420,42186,1906,1678,228,84180,44497,39683,4072,1983,2089,309,191,118,139,71,68,0,0,0
09,182,District - Balrampur (51),Rural,45-49,77109,38811,38298,1282,1128,154,70704,35202,35502,4835,2315,2520,203,122,81,85,44,41,0,0,0
09,182,District - Balrampur (51),Rural,50-54,61732,34485,27247,991,871,120,54126,30427,23699,6396,3058,3338,168,103,65,51,26,25,0,0,0
09,182,District - Balrampur (51),Rural,55-59,52574,25322,27252,808,662,146,45629,21727,23902,6004,2855,3149,93,59,34,40,19,21,0,0,0
09,182,District - Balrampur (51),Rural,60-64,54854,30074,24780,1583,1079,504,41841,24158,17683,11262,4729,6533,135,92,43,33,16,17,0,0,0
09,182,District - Balrampur (51),Rural,65-69,38351,20227,18124,1493,970,523,27294,15105,12189,9478,4100,5378,66,41,25,20,11,9,0,0,0
09,182,District - Balrampur (51),Rural,70-74,27898,16326,11572,746,512,234,16275,11229,5046,10809,4538,6271,43,30,13,25,17,8,0,0,0
09,182,District - Balrampur (51),Rural,75-79,11223,5829,5394,346,231,115,6502,3705,2797,4354,1877,2477,13,10,3,8,6,2,0,0,0
09,182,District - Balrampur (51),Rural,80+,16184,8807,7377,1184,734,450,7502,4826,2676,7461,3229,4232,23,10,13,14,8,6,0,0,0
09,182,District - Balrampur (51),Rural,Age not stated,6660,3407,3253,3358,1955,1403,3081,1354,1727,215,94,121,6,4,2,0,0,0,0,0,0
09,182,District - Balrampur (51),Rural,Less than 18,938913,490047,448866,920658,484078,436580,17628,5665,11963,393,185,208,199,100,99,35,19,16,0,0,0
09,182,District - Balrampur (51),Rural,Less than 21,1065427,557261,508166,998278,534555,463723,65929,22103,43826,767,379,388,361,179,182,92,45,47,0,0,0
09,182,District - Balrampur (51),Urban,All ages,166391,86778,79613,92172,51153,41019,67687,33573,34114,6253,1964,4289,175,59,116,104,29,75,0,0,0
09,182,District - Balrampur (51),Urban,0-9,35788,18456,17332,35788,18456,17332,0,0,0,0,0,0,0,0,0,0,0,0,0,0,0
09,182,District - Balrampur (51),Urban,10-14,21101,10992,10109,20776,10867,9909,297,113,184,16,5,11,10,6,4,2,1,1,0,0,0
09,182,District - Balrampur (51),Urban,15-19,20808,10934,9874,19283,10529,8754,1487,388,1099,26,12,14,11,5,6,1,0,1,0,0,0
09,182,District - Balrampur (51),Urban,20-24,16420,8923,7497,10207,6736,3471,6134,2159,3975,56,23,33,10,1,9,13,4,9,0,0,0
09,182,District - Balrampur (51),Urban,25-29,13130,6972,6158,3653,2764,889,9332,4154,5178,109,48,61,22,4,18,14,2,12,0,0,0
09,182,District - Balrampur (51),Urban,30-34,10875,5516,5359,1035,841,194,9635,4602,5033,157,55,102,34,13,21,14,5,9,0,0,0
09,182,District - Balrampur (51),Urban,35-39,10613,5416,5197,398,313,85,9904,4998,4906,269,92,177,27,7,20,15,6,9,0,0,0
09,182,District - Balrampur (51),Urban,40-44,8584,4504,4080,182,142,40,7997,4244,3753,374,108,266,18,8,10,13,2,11,0,0,0
09,182,District - Balrampur (51),Urban,45-49,7435,3833,3602,104,76,28,6794,3592,3202,511,158,353,15,5,10,11,2,9,0,0,0
09,182,District - Balrampur (51),Urban,50-54,5892,3096,2796,74,54,20,5154,2844,2310,645,191,454,12,4,8,7,3,4,0,0,0
09,182,District - Balrampur (51),Urban,55-59,4626,2390,2236,53,34,19,3929,2160,1769,636,194,442,3,0,3,5,2,3,0,0,0
09,182,District - Balrampur (51),Urban,60-64,4161,2185,1976,87,48,39,3107,1867,1240,956,268,688,5,1,4,6,1,5,0,0,0
09,182,District - Balrampur (51),Urban,65-69,2683,1405,1278,72,33,39,1824,1111,713,783,258,525,4,3,1,0,0,0,0,0,0
09,182,District - Balrampur (51),Urban,70-74,1832,971,861,35,21,14,1014,698,316,779,251,528,3,1,2,1,0,1,0,0,0
09,182,District - Balrampur (51),Urban,75-79,788,396,392,33,20,13,420,264,156,335,112,223,0,0,0,0,0,0,0,0,0
09,182,District - Balrampur (51),Urban,80+,1149,536,613,104,61,43,461,288,173,583,186,397,1,1,0,0,0,0,0,0,0
09,182,District - Balrampur (51),Urban,Age not stated,506,253,253,288,158,130,198,91,107,18,3,15,0,0,0,2,1,1,0,0,0
09,182,District - Balrampur (51),Urban,Less than 18,69190,35707,33483,68338,35443,32895,799,241,558,35,13,22,16,9,7,2,1,1,0,0,0
09,182,District - Balrampur (51),Urban,Less than 21,82499,43030,39469,79373,42118,37255,3041,878,2163,54,21,33,25,11,14,6,2,4,0,0,0
09,183,District - Gonda (52),Total,All ages,3433919,1787146,1646773,1764098,979603,784495,1527846,748278,779568,135889,55883,80006,4517,2673,1844,1569,709,860,0,0,0
09,183,District - Gonda (52),Total,0-9,852961,444190,408771,852961,444190,408771,0,0,0,0,0,0,0,0,0,0,0,0,0,0,0
09,183,District - Gonda (52),Total,10-14,455948,240736,215212,442775,235275,207500,12557,5163,7394,376,184,192,210,100,110,30,14,16,0,0,0
09,183,District - Gonda (52),Total,15-19,374033,199296,174737,308841,179201,129640,63991,19517,44474,884,420,464,248,129,119,69,29,40,0,0,0
09,183,District - Gonda (52),Total,20-24,286212,148915,137297,95136,70040,25096,188886,77743,111143,1473,800,673,545,267,278,172,65,107,0,0,0
09,183,District - Gonda (52),Total,25-29,253924,127786,126138,25479,20755,4724,225080,105212,119868,2453,1309,1144,656,396,260,256,114,142,0,0,0
09,183,District - Gonda (52),Total,30-34,223509,111053,112456,8950,7398,1552,209778,101181,108597,3924,2001,1923,605,363,242,252,110,142,0,0,0
09,183,District - Gonda (52),Total,35-39,209818,107416,102402,4975,4199,776,197949,99962,97987,6121,2799,3322,565,352,213,208,104,104,0,0,0
09,183,District - Gonda (52),Total,40-44,164034,87301,76733,3307,2846,461,151932,80527,71405,8155,3564,4591,465,292,173,175,72,103,0,0,0
09,183,District - Gonda (52),Total,45-49,137542,69641,67901,2335,2007,328,125295,63466,61829,9493,3920,5573,308,195,113,111,53,58,0,0,0
09,183,District - Gonda (52),Total,50-54,110883,61058,49825,1832,1566,266,96305,54188,42117,12415,5095,7320,258,178,80,73,31,42,0,0,0
09,183,District - Gonda (52),Total,55-59,89995,42750,47245,1438,1173,265,77447,36963,40484,10880,4489,6391,166,96,70,64,29,35,0,0,0
09,183,District - Gonda (52),Total,60-64,98213,52107,46106,2543,1838,705,74552,42357,32195,20873,7764,13109,184,115,69,61,33,28,0,0,0
09,183,District - Gonda (52),Total,65-69,65760,34330,31430,2194,1498,696,46283,25982,20301,17133,6760,10373,112,67,45,38,23,15,0,0,0
09,183,District - Gonda (52),Total,70-74,49303,27596,21707,1470,1073,397,28253,18897,9356,19462,7559,11903,89,52,37,29,15,14,0,0,0
09,183,District - Gonda (52),Total,75-79,20138,10350,9788,666,465,201,11496,6554,4942,7932,3300,4632,38,29,9,6,2,4,0,0,0
09,183,District - Gonda (52),Total,80+,30292,15908,14384,2453,1529,924,13840,8577,5263,13933,5761,8172,47,29,18,19,12,7,0,0,0
09,183,District - Gonda (52),Total,Age not stated,11354,6713,4641,6743,4550,2193,4202,1989,2213,382,158,224,21,13,8,6,3,3,0,0,0
09,183,District - Gonda (52),Total,Less than 18,1538085,806922,731163,1503618,794266,709352,33133,12003,21130,935,451,484,345,177,168,54,25,29,0,0,0
09,183,District - Gonda (52),Total,Less than 21,1770463,932648,837815,1646855,889002,757853,121140,42468,78672,1720,824,896,610,298,312,138,56,82,0,0,0
09,183,District - Gonda (52),Rural,All ages,3208890,1669058,1539832,1644331,911874,732457,1431389,700328,731061,127537,53633,73904,4237,2553,1684,1396,670,726,0,0,0
09,183,District - Gonda (52),Rural,0-9,809913,421567,388346,809913,421567,388346,0,0,0,0,0,0,0,0,0,0,0,0,0,0,0
09,183,District - Gonda (52),Rural,10-14,429435,226763,202672,416764,221494,195270,12083,4982,7101,360,181,179,201,93,108,27,13,14,0,0,0
09,183,District - Gonda (52),Rural,15-19,345345,183977,161368,282401,164447,117954,61805,18977,42828,840,402,438,232,122,110,67,29,38,0,0,0
09,183,District - Gonda (52),Rural,20-24,262330,135840,126490,79908,60023,19885,180358,74716,105642,1394,776,618,515,262,253,155,63,92,0,0,0
09,183,District - Gonda (52),Rural,25-29,235195,117961,117234,20260,16885,3375,211766,99315,112451,2322,1269,1053,616,381,235,231,111,120,0,0,0
09,183,District - Gonda (52),Rural,30-34,208376,103426,104950,7564,6345,1219,196328,94704,101624,3695,1925,1770,567,349,218,222,103,119,0,0,0
09,183,District - Gonda (52),Rural,35-39,195101,100046,95055,4444,3788,656,184235,93115,91120,5725,2710,3015,519,334,185,178,99,79,0,0,0
09,183,District - Gonda (52),Rural,40-44,151181,80792,70389,3042,2649,393,139987,74366,65621,7568,3437,4131,434,274,160,150,66,84,0,0,0
09,183,District - Gonda (52),Rural,45-49,125789,63576,62213,2191,1901,290,114484,57718,56766,8732,3730,5002,287,181,106,95,46,49,0,0,0
09,183,District - Gonda (52),Rural,50-54,102050,56174,45876,1725,1495,230,88534,49608,38926,11482,4868,6614,244,172,72,65,31,34,0,0,0
09,183,District - Gonda (52),Rural,55-59,83922,39594,44328,1376,1141,235,72311,34067,38244,10026,4269,5757,154,90,64,55,27,28,0,0,0
09,183,District - Gonda (52),Rural,60-64,92909,49348,43561,2474,1794,680,70611,39952,30659,19593,7461,12132,172,110,62,59,31,28,0,0,0
09,183,District - Gonda (52),Rural,65-69,62532,32659,29873,2112,1450,662,44065,24611,19454,16214,6513,9701,106,64,42,35,21,14,0,0,0
09,183,District - Gonda (52),Rural,70-74,47053,26425,20628,1415,1040,375,27035,18056,8979,18488,7265,11223,88,51,37,27,13,14,0,0,0
09,183,District - Gonda (52),Rural,75-79,19208,9879,9329,643,452,191,11023,6258,4765,7501,3139,4362,36,28,8,5,2,3,0,0,0
09,183,District - Gonda (52),Rural,80+,28787,15183,13604,2222,1399,823,13242,8205,5037,13258,5538,7720,46,29,17,19,12,7,0,0,0
09,183,District - Gonda (52),Rural,Age not stated,9764,5848,3916,5877,4004,1873,3522,1678,1844,339,150,189,20,13,7,6,3,3,0,0,0
09,183,District - Gonda (52),Rural,Less than 18,1451699,761502,690197,1418610,749287,669323,31823,11594,20229,885,431,454,330,166,164,51,24,27,0,0,0
09,183,District - Gonda (52),Rural,Less than 21,1665545,877062,788483,1546394,834682,711712,116815,41250,75565,1628,793,835,576,282,294,132,55,77,0,0,0
09,183,District - Gonda (52),Urban,All ages,225029,118088,106941,119767,67729,52038,96457,47950,48507,8352,2250,6102,280,120,160,173,39,134,0,0,0
09,183,District - Gonda (52),Urban,0-9,43048,22623,20425,43048,22623,20425,0,0,0,0,0,0,0,0,0,0,0,0,0,0,0
09,183,District - Gonda (52),Urban,10-14,26513,13973,12540,26011,13781,12230,474,181,293,16,3,13,9,7,2,3,1,2,0,0,0
09,183,District - Gonda (52),Urban,15-19,28688,15319,13369,26440,14754,11686,2186,540,1646,44,18,26,16,7,9,2,0,2,0,0,0
09,183,District - Gonda (52),Urban,20-24,23882,13075,10807,15228,10017,5211,8528,3027,5501,79,24,55,30,5,25,17,2,15,0,0,0
09,183,District - Gonda (52),Urban,25-29,18729,9825,8904,5219,3870,1349,13314,5897,7417,131,40,91,40,15,25,25,3,22,0,0,0
09,183,District - Gonda (52),Urban,30-34,15133,7627,7506,1386,1053,333,13450,6477,6973,229,76,153,38,14,24,30,7,23,0,0,0
09,183,District - Gonda (52),Urban,35-39,14717,7370,7347,531,411,120,13714,6847,6867,396,89,307,46,18,28,30,5,25,0,0,0
09,183,District - Gonda (52),Urban,40-44,12853,6509,6344,265,197,68,11945,6161,5784,587,127,460,31,18,13,25,6,19,0,0,0
09,183,District - Gonda (52),Urban,45-49,11753,6065,5688,144,106,38,10811,5748,5063,761,190,571,21,14,7,16,7,9,0,0,0
09,183,District - Gonda (52),Urban,50-54,8833,4884,3949,107,71,36,7771,4580,3191,933,227,706,14,6,8,8,0,8,0,0,0
09,183,District - Gonda (52),Urban,55-59,6073,3156,2917,62,32,30,5136,2896,2240,854,220,634,12,6,6,9,2,7,0,0,0
09,183,District - Gonda (52),Urban,60-64,5304,2759,2545,69,44,25,3941,2405,1536,1280,303,977,12,5,7,2,2,0,0,0,0
09,183,District - Gonda (52),Urban,65-69,3228,1671,1557,82,48,34,2218,1371,847,919,247,672,6,3,3,3,2,1,0,0,0
09,183,District - Gonda (52),Urban,70-74,2250,1171,1079,55,33,22,1218,841,377,974,294,680,1,1,0,2,2,0,0,0,0
09,183,District - Gonda (52),Urban,75-79,930,471,459,23,13,10,473,296,177,431,161,270,2,1,1,1,0,1,0,0,0
09,183,District - Gonda (52),Urban,80+,1505,725,780,231,130,101,598,372,226,675,223,452,1,0,1,0,0,0,0,0,0
09,183,District - Gonda (52),Urban,Age not stated,1590,865,725,866,546,320,680,311,369,43,8,35,1,0,1,0,0,0,0,0,0
09,183,District - Gonda (52),Urban,Less than 18,86386,45420,40966,85008,44979,40029,1310,409,901,50,20,30,15,11,4,3,1,2,0,0,0
09,183,District - Gonda (52),Urban,Less than 21,104918,55586,49332,100461,54320,46141,4325,1218,3107,92,31,61,34,16,18,6,1,5,0,0,0
09,184,District - Siddharthnagar (53),Total,All ages,2559297,1295095,1264202,1368110,732330,635780,1096552,520815,575737,90840,40041,50799,2631,1376,1255,1164,533,631,0,0,0
09,184,District - Siddharthnagar (53),Total,0-9,704761,364379,340382,704761,364379,340382,0,0,0,0,0,0,0,0,0,0,0,0,0,0,0
09,184,District - Siddharthnagar (53),Total,10-14,347043,178250,168793,338825,175446,163379,7848,2632,5216,205,93,112,146,68,78,19,11,8,0,0,0
09,184,District - Siddharthnagar (53),Total,15-19,267015,131641,135374,224213,119682,104531,42117,11664,30453,475,206,269,165,72,93,45,17,28,0,0,0
09,184,District - Siddharthnagar (53),Total,20-24,195854,95507,100347,64373,45499,18874,130311,49494,80817,759,349,410,293,125,168,118,40,78,0,0,0
09,184,District - Siddharthnagar (53),Total,25-29,175723,84427,91296,15445,12203,3242,158388,71331,87057,1370,636,734,324,163,161,196,94,102,0,0,0
09,184,District - Siddharthnagar (53),Total,30-34,151764,71947,79817,4866,3861,1005,144274,66868,77406,2098,956,1142,336,173,163,190,89,101,0,0,0
09,184,District - Siddharthnagar (53),Total,35-39,144438,70583,73855,2425,1891,534,138288,67152,71136,3284,1322,1962,297,152,145,144,66,78,0,0,0
09,184,District - Siddharthnagar (53),Total,40-44,111945,57329,54616,1548,1253,295,105674,53995,51679,4361,1884,2477,236,133,103,126,64,62,0,0,0
09,184,District - Siddharthnagar (53),Total,45-49,95855,47708,48147,1145,922,223,89197,44320,44877,5201,2298,2903,226,131,95,86,37,49,0,0,0
09,184,District - Siddharthnagar (53),Total,50-54,76414,41282,35132,1040,858,182,68356,37219,31137,6794,3082,3712,151,92,59,73,31,42,0,0,0
09,184,District - Siddharthnagar (53),Total,55-59,71019,32585,38434,888,699,189,62845,28615,34230,7134,3193,3941,110,60,50,42,18,24,0,0,0
09,184,District - Siddharthnagar (53),Total,60-64,83925,44985,38940,1767,1305,462,66489,36888,29601,15463,6679,8784,143,78,65,63,35,28,0,0,0
09,184,District - Siddharthnagar (53),Total,65-69,55096,30233,24863,1515,1049,466,40093,23222,16871,13378,5898,7480,83,49,34,27,15,12,0,0,0
09,184,District - Siddharthnagar (53),Total,70-74,37752,22294,15458,855,608,247,22482,15434,7048,14327,6196,8131,70,49,21,18,7,11,0,0,0
09,184,District - Siddharthnagar (53),Total,75-79,15108,8198,6910,403,278,125,8710,5167,3543,5966,2738,3228,19,9,10,10,6,4,0,0,0
09,184,District - Siddharthnagar (53),Total,80+,20663,11229,9434,1387,835,552,9392,5926,3466,9849,4445,5404,29,20,9,6,3,3,0,0,0
09,184,District - Siddharthnagar (53),Total,Age not stated,4922,2518,2404,2654,1562,1092,2088,888,1200,176,66,110,3,2,1,1,0,1,0,0,0
09,184,District - Siddharthnagar (53),Total,Less than 18,1216986,623620,593366,1194054,616465,577589,22167,6817,15350,508,217,291,224,105,119,33,16,17,0,0,0
09,184,District - Siddharthnagar (53),Total,Less than 21,1377045,703929,673116,1296509,678882,617627,79171,24446,54725,901,391,510,379,172,207,85,38,47,0,0,0
09,184,District - Siddharthnagar (53),Rural,All ages,2398606,1212141,1186465,1279798,683995,595803,1029781,488019,541762,85492,38321,47171,2451,1304,1147,1084,502,582,0,0,0
09,184,District - Siddharthnagar (53),Rural,0-9,667175,344862,322313,667175,344862,322313,0,0,0,0,0,0,0,0,0,0,0,0,0,0,0
09,184,District - Siddharthnagar (53),Rural,10-14,326227,167599,158628,318501,164956,153545,7377,2478,4899,190,89,101,141,65,76,18,11,7,0,0,0
09,184,District - Siddharthnagar (53),Rural,15-19,247283,121606,125677,206435,110135,96300,40206,11194,29012,441,192,249,158,69,89,43,16,27,0,0,0
09,184,District - Siddharthnagar (53),Rural,20-24,180573,87378,93195,55887,39812,16075,123601,47073,76528,702,334,368,275,121,154,108,38,70,0,0,0
09,184,District - Siddharthnagar (53),Rural,25-29,163294,78067,85227,12887,10261,2626,148664,66963,81701,1275,601,674,290,152,138,178,90,88,0,0,0
09,184,District - Siddharthnagar (53),Rural,30-34,141226,66651,74575,4174,3305,869,134588,62182,72406,1973,913,1060,313,168,145,178,83,95,0,0,0
09,184,District - Siddharthnagar (53),Rural,35-39,134855,65597,69258,2191,1710,481,129213,62426,66787,3038,1257,1781,275,140,135,138,64,74,0,0,0
09,184,District - Siddharthnagar (53),Rural,40-44,104286,53362,50924,1444,1174,270,98440,50202,48238,4073,1804,2269,218,125,93,111,57,54,0,0,0
09,184,District - Siddharthnagar (53),Rural,45-49,89338,44355,44983,1082,872,210,83119,41141,41978,4853,2188,2665,202,120,82,82,34,48,0,0,0
09,184,District - Siddharthnagar (53),Rural,50-54,71273,38517,32756,987,820,167,63755,34642,29113,6317,2935,3382,146,90,56,68,30,38,0,0,0
09,184,District - Siddharthnagar (53),Rural,55-59,66623,30446,36177,842,666,176,59013,26667,32346,6627,3039,3588,100,56,44,41,18,23,0,0,0
09,184,District - Siddharthnagar (53),Rural,60-64,79569,42724,36845,1680,1249,431,63125,34957,28168,14567,6411,8156,136,74,62,61,33,28,0,0,0
09,184,District - Siddharthnagar (53),Rural,65-69,52304,28761,23543,1450,1006,444,38112,22031,16081,12636,5663,6973,81,48,33,25,13,12,0,0,0
09,184,District - Siddharthnagar (53),Rural,70-74,35911,21307,14604,821,592,229,21398,14717,6681,13608,5945,7663,67,46,21,17,7,10,0,0,0
09,184,District - Siddharthnagar (53),Rural,75-79,14297,7763,6534,378,266,112,8216,4859,3357,5676,2624,3052,18,9,9,9,5,4,0,0,0
09,184,District - Siddharthnagar (53),Rural,80+,19547,10671,8876,1278,778,500,8891,5610,3281,9344,4261,5083,28,19,9,6,3,3,0,0,0
09,184,District - Siddharthnagar (53),Rural,Age not stated,4825,2475,2350,2586,1531,1055,2063,877,1186,172,65,107,3,2,1,1,0,1,0,0,0
09,184,District - Siddharthnagar (53),Rural,Less than 18,1146913,587634,559279,1125195,580825,544370,20998,6487,14511,471,204,267,218,102,116,31,16,15,0,0,0
09,184,District - Siddharthnagar (53),Rural,Less than 21,1294628,661470,633158,1217865,637459,580406,75484,23443,52041,835,367,468,364,165,199,80,36,44,0,0,0
09,184,District - Siddharthnagar (53),Urban,All ages,160691,82954,77737,88312,48335,39977,66771,32796,33975,5348,1720,3628,180,72,108,80,31,49,0,0,0
09,184,District - Siddharthnagar (53),Urban,0-9,37586,19517,18069,37586,19517,18069,0,0,0,0,0,0,0,0,0,0,0,0,0,0,0
09,184,District - Siddharthnagar (53),Urban,10-14,20816,10651,10165,20324,10490,9834,471,154,317,15,4,11,5,3,2,1,0,1,0,0,0
09,184,District - Siddharthnagar (53),Urban,15-19,19732,10035,9697,17778,9547,8231,1911,470,1441,34,14,20,7,3,4,2,1,1,0,0,0
09,184,District - Siddharthnagar (53),Urban,20-24,15281,8129,7152,8486,5687,2799,6710,2421,4289,57,15,42,18,4,14,10,2,8,0,0,0
09,184,District - Siddharthnagar (53),Urban,25-29,12429,6360,6069,2558,1942,616,9724,4368,5356,95,35,60,34,11,23,18,4,14,0,0,0
09,184,District - Siddharthnagar (53),Urban,30-34,10538,5296,5242,692,556,136,9686,4686,5000,125,43,82,23,5,18,12,6,6,0,0,0
09,184,District - Siddharthnagar (53),Urban,35-39,9583,4986,4597,234,181,53,9075,4726,4349,246,65,181,22,12,10,6,2,4,0,0,0
09,184,District - Siddharthnagar (53),Urban,40-44,7659,3967,3692,104,79,25,7234,3793,3441,288,80,208,18,8,10,15,7,8,0,0,0
09,184,District - Siddharthnagar (53),Urban,45-49,6517,3353,3164,63,50,13,6078,3179,2899,348,110,238,24,11,13,4,3,1,0,0,0
09,184,District - Siddharthnagar (53),Urban,50-54,5141,2765,2376,53,38,15,4601,2577,2024,477,147,330,5,2,3,5,1,4,0,0,0
09,184,District - Siddharthnagar (53),Urban,55-59,4396,2139,2257,46,33,13,3832,1948,1884,507,154,353,10,4,6,1,0,1,0,0,0
09,184,District - Siddharthnagar (53),Urban,60-64,4356,2261,2095,87,56,31,3364,1931,1433,896,268,628,7,4,3,2,2,0,0,0,0
09,184,District - Siddharthnagar (53),Urban,65-69,2792,1472,1320,65,43,22,1981,1191,790,742,235,507,2,1,1,2,2,0,0,0,0
09,184,District - Siddharthnagar (53),Urban,70-74,1841,987,854,34,16,18,1084,717,367,719,251,468,3,3,0,1,0,1,0,0,0
09,184,District - Siddharthnagar (53),Urban,75-79,811,435,376,25,12,13,494,308,186,290,114,176,1,0,1,1,1,0,0,0,0
09,184,District - Siddharthnagar (53),Urban,80+,1116,558,558,109,57,52,501,316,185,505,184,321,1,1,0,0,0,0,0,0,0
09,184,District - Siddharthnagar (53),Urban,Age not stated,97,43,54,68,31,37,25,11,14,4,1,3,0,0,0,0,0,0,0,0,0
09,184,District - Siddharthnagar (53),Urban,Less than 18,70073,35986,34087,68859,35640,33219,1169,330,839,37,13,24,6,3,3,2,0,2,0,0,0
09,184,District - Siddharthnagar (53),Urban,Less than 21,82417,42459,39958,78644,41423,37221,3687,1003,2684,66,24,42,15,7,8,5,2,3,0,0,0
09,185,District - Basti (54),Total,All ages,2464464,1255272,1209192,1293105,701738,591367,1067457,508046,559411,99821,42940,56881,3071,1976,1095,1010,572,438,0,0,0
09,185,District - Basti (54),Total,0-9,584153,302491,281662,584153,302491,281662,0,0,0,0,0,0,0,0,0,0,0,0,0,0,0
09,185,District - Basti (54),Total,10-14,332828,172020,160808,325762,169401,156361,6694,2437,4257,190,84,106,162,84,78,20,14,6,0,0,0
09,185,District - Basti (54),Total,15-19,282348,142241,140107,251220,134486,116734,30442,7414,23028,481,239,242,171,88,83,34,14,20,0,0,0
09,185,District - Basti (54),Total,20-24,202836,100983,101853,85079,58541,26538,116590,41918,74672,782,345,437,286,144,142,99,35,64,0,0,0
09,185,District - Basti (54),Total,25-29,171872,83929,87943,20717,16520,4197,149142,66374,82768,1426,691,735,421,256,165,166,88,78,0,0,0
09,185,District - Basti (54),Total,30-34,154207,72961,81246,6273,5125,1148,145168,66559,78609,2247,948,1299,369,251,118,150,78,72,0,0,0
09,185,District - Basti (54),Total,35-39,149121,73981,75140,3268,2739,529,141588,69340,72248,3733,1564,2169,392,259,133,140,79,61,0,0,0
09,185,District - Basti (54),Total,40-44,117130,60543,56587,2130,1827,303,109420,56262,53158,5133,2152,2981,341,231,110,106,71,35,0,0,0
09,185,District - Basti (54),Total,45-49,98807,49901,48906,1586,1345,241,90788,45805,44983,6129,2546,3583,228,157,71,76,48,28,0,0,0
09,185,District - Basti (54),Total,50-54,80664,43194,37470,1396,1235,161,70962,38377,32585,8059,3414,4645,186,129,57,61,39,22,0,0,0
09,185,District - Basti (54),Total,55-59,71742,34049,37693,1185,977,208,62407,29446,32961,7959,3486,4473,146,106,40,45,34,11,0,0,0
09,185,District - Basti (54),Total,60-64,81023,43199,37824,2001,1537,464,62354,34732,27622,16465,6786,9679,155,114,41,48,30,18,0,0,0
09,185,District - Basti (54),Total,65-69,53706,28966,24740,1622,1199,423,37925,21710,16215,14046,5974,8072,88,68,20,25,15,10,0,0,0
09,185,District - Basti (54),Total,70-74,38989,22436,16553,1067,845,222,22436,15019,7417,15394,6506,8888,69,50,19,23,16,7,0,0,0
09,185,District - Basti (54),Total,75-79,16265,8824,7441,507,384,123,8975,5248,3727,6753,3171,3582,25,18,7,5,3,2,0,0,0
09,185,District - Basti (54),Total,80+,21502,11816,9686,1581,996,585,9139,5884,3255,10744,4911,5833,28,18,10,10,7,3,0,0,0
09,185,District - Basti (54),Total,Age not stated,7271,3738,3533,3558,2090,1468,3427,1521,1906,280,123,157,4,3,1,2,1,1,0,0,0
09,185,District - Basti (54),Total,Less than 18,1091467,561520,529947,1073687,555843,517844,16967,5277,11690,515,243,272,265,137,128,33,20,13,0,0,0
09,185,District - Basti (54),Total,Less than 21,1260391,648240,612151,1197080,629874,567206,61918,17701,44217,923,425,498,399,207,192,71,33,38,0,0,0
09,185,District - Basti (54),Rural,All ages,2326367,1182846,1143521,1222257,661660,560597,1005939,477489,528450,94320,41250,53070,2906,1903,1003,945,544,401,0,0,0
09,185,District - Basti (54),Rural,0-9,559580,289560,270020,559580,289560,270020,0,0,0,0,0,0,0,0,0,0,0,0,0,0,0
09,185,District - Basti (54),Rural,10-14,317527,163907,153620,310725,161387,149338,6448,2349,4099,180,80,100,156,79,77,18,12,6,0,0,0
09,185,District - Basti (54),Rural,15-19,265195,133047,132148,235137,125551,109586,29403,7167,22236,457,229,228,165,86,79,33,14,19,0,0,0
09,185,District - Basti (54),Rural,20-24,188130,93272,94858,75309,52386,22923,111715,40383,71332,739,333,406,271,136,135,96,34,62,0,0,0
09,185,District - Basti (54),Rural,25-29,160029,77760,82269,17264,13968,3296,140848,62788,78060,1357,668,689,400,249,151,160,87,73,0,0,0
09,185,District - Basti (54),Rural,30-34,143951,67770,76181,5277,4333,944,136066,62213,73853,2126,910,1216,342,239,103,140,75,65,0,0,0
09,185,District - Basti (54),Rural,35-39,139442,69024,70418,2962,2486,476,132473,64718,67755,3518,1501,2017,365,247,118,124,72,52,0,0,0
09,185,District - Basti (54),Rural,40-44,109188,56281,52907,1966,1698,268,101987,52237,49750,4818,2060,2758,321,219,102,96,67,29,0,0,0
09,185,District - Basti (54),Rural,45-49,91900,46309,45591,1497,1285,212,84451,42399,42052,5668,2425,3243,213,155,58,71,45,26,0,0,0
09,185,District - Basti (54),Rural,50-54,75290,40343,34947,1328,1180,148,66178,35721,30457,7559,3286,4273,170,121,49,55,35,20,0,0,0
09,185,District - Basti (54),Rural,55-59,67263,31776,35487,1133,947,186,58535,27366,31169,7412,3325,4087,140,104,36,43,34,9,0,0,0
09,185,District - Basti (54),Rural,60-64,77074,41133,35941,1948,1500,448,59351,32959,26392,15575,6531,9044,153,114,39,47,29,18,0,0,0
09,185,District - Basti (54),Rural,65-69,51215,27644,23571,1574,1172,402,36212,20644,15568,13318,5747,7571,86,66,20,25,15,10,0,0,0
09,185,District - Basti (54),Rural,70-74,37301,21536,15765,1045,833,212,21485,14377,7108,14681,6261,8420,68,50,18,22,15,7,0,0,0
09,185,District - Basti (54),Rural,75-79,15476,8427,7049,484,366,118,8572,5000,3572,6393,3042,3351,24,17,7,3,2,1,0,0,0
09,185,District - Basti (54),Rural,80+,20601,11360,9241,1514,950,564,8808,5655,3153,10241,4730,5511,28,18,10,10,7,3,0,0,0
09,185,District - Basti (54),Rural,Age not stated,7205,3697,3508,3514,2058,1456,3407,1513,1894,278,122,156,4,3,1,2,1,1,0,0,0
09,185,District - Basti (54),Rural,Less than 18,1041633,535230,506403,1024558,529768,494790,16298,5079,11219,492,235,257,254,130,124,31,18,13,0,0,0
09,185,District - Basti (54),Rural,Less than 21,1199397,615890,583507,1138303,598124,540179,59765,17128,42637,878,408,470,383,199,184,68,31,37,0,0,0
09,185,District - Basti (54),Urban,All ages,138097,72426,65671,70848,40078,30770,61518,30557,30961,5501,1690,3811,165,73,92,65,28,37,0,0,0
09,185,District - Basti (54),Urban,0-9,24573,12931,11642,24573,12931,11642,0,0,0,0,0,0,0,0,0,0,0,0,0,0,0
09,185,District - Basti (54),Urban,10-14,15301,8113,7188,15037,8014,7023,246,88,158,10,4,6,6,5,1,2,2,0,0,0,0
09,185,District - Basti (54),Urban,15-19,17153,9194,7959,16083,8935,7148,1039,247,792,24,10,14,6,2,4,1,0,1,0,0,0
09,185,District - Basti (54),Urban,20-24,14706,7711,6995,9770,6155,3615,4875,1535,3340,43,12,31,15,8,7,3,1,2,0,0,0
09,185,District - Basti (54),Urban,25-29,11843,6169,5674,3453,2552,901,8294,3586,4708,69,23,46,21,7,14,6,1,5,0,0,0
09,185,District - Basti (54),Urban,30-34,10256,5191,5065,996,792,204,9102,4346,4756,121,38,83,27,12,15,10,3,7,0,0,0
09,185,District - Basti (54),Urban,35-39,9679,4957,4722,306,253,53,9115,4622,4493,215,63,152,27,12,15,16,7,9,0,0,0
09,185,District - Basti (54),Urban,40-44,7942,4262,3680,164,129,35,7433,4025,3408,315,92,223,20,12,8,10,4,6,0,0,0
09,185,District - Basti (54),Urban,45-49,6907,3592,3315,89,60,29,6337,3406,2931,461,121,340,15,2,13,5,3,2,0,0,0
09,185,District - Basti (54),Urban,50-54,5374,2851,2523,68,55,13,4784,2656,2128,500,128,372,16,8,8,6,4,2,0,0,0
09,185,District - Basti (54),Urban,55-59,4479,2273,2206,52,30,22,3872,2080,1792,547,161,386,6,2,4,2,0,2,0,0,0
09,185,District - Basti (54),Urban,60-64,3949,2066,1883,53,37,16,3003,1773,1230,890,255,635,2,0,2,1,1,0,0,0,0
09,185,District - Basti (54),Urban,65-69,2491,1322,1169,48,27,21,1713,1066,647,728,227,501,2,2,0,0,0,0,0,0,0
09,185,District - Basti (54),Urban,70-74,1688,900,788,22,12,10,951,642,309,713,245,468,1,0,1,1,1,0,0,0,0
09,185,District - Basti (54),Urban,75-79,789,397,392,23,18,5,403,248,155,360,129,231,1,1,0,2,1,1,0,0,0
09,185,District - Basti (54),Urban,80+,901,456,445,67,46,21,331,229,102,503,181,322,0,0,0,0,0,0,0,0,0
09,185,District - Basti (54),Urban,Age not stated,66,41,25,44,32,12,20,8,12,2,1,1,0,0,0,0,0,0,0,0,0
09,185,District - Basti (54),Urban,Less than 18,49834,26290,23544,49129,26075,23054,669,198,471,23,8,15,11,7,4,2,2,0,0,0,0
09,185,District - Basti (54),Urban,Less than 21,60994,32350,28644,58777,31750,27027,2153,573,1580,45,17,28,16,8,8,3,2,1,0,0,0
09,186,District - Sant Kabir Nagar (55),Total,All ages,1715183,869656,845527,919514,496485,423029,731305,346602,384703,61952,25268,36684,1651,984,667,761,317,444,0,0,0
09,186,District - Sant Kabir Nagar (55),Total,0-9,421506,217742,203764,421506,217742,203764,0,0,0,0,0,0,0,0,0,0,0,0,0,0,0
09,186,District - Sant Kabir Nagar (55),Total,10-14,234206,120818,113388,230376,119430,110946,3600,1277,2323,117,55,62,105,54,51,8,2,6,0,0,0
09,186,District - Sant Kabir Nagar (55),Total,15-19,195757,98046,97711,177342,93717,83625,18025,4169,13856,263,101,162,111,56,55,16,3,13,0,0,0
09,186,District - Sant Kabir Nagar (55),Total,20-24,138422,69436,68986,61115,42677,18438,76601,26486,50115,453,185,268,178,69,109,75,19,56,0,0,0
09,186,District - Sant Kabir Nagar (55),Total,25-29,118477,57448,61029,13734,11196,2538,103600,45707,57893,776,348,428,237,146,91,130,51,79,0,0,0
09,186,District - Sant Kabir Nagar (55),Total,30-34,106463,50045,56418,3871,3197,674,100868,46094,54774,1423,594,829,186,112,74,115,48,67,0,0,0
09,186,District - Sant Kabir Nagar (55),Total,35-39,101251,49764,51487,1877,1531,346,96781,47185,49596,2268,875,1393,218,124,94,107,49,58,0,0,0
09,186,District - Sant Kabir Nagar (55),Total,40-44,78857,40208,38649,1189,988,201,74441,37917,36524,3003,1175,1828,135,97,38,89,31,58,0,0,0
09,186,District - Sant Kabir Nagar (55),Total,45-49,65824,32958,32866,786,685,101,61200,30773,30427,3668,1397,2271,114,73,41,56,30,26,0,0,0
09,186,District - Sant Kabir Nagar (55),Total,50-54,52557,28010,24547,684,612,72,47240,25516,21724,4513,1807,2706,83,55,28,37,20,17,0,0,0
09,186,District - Sant Kabir Nagar (55),Total,55-59,49376,22386,26990,598,498,100,43869,19802,24067,4806,2014,2792,78,58,20,25,14,11,0,0,0
09,186,District - Sant Kabir Nagar (55),Total,60-64,58324,31042,27282,1253,892,361,46607,26000,20607,10336,4071,6265,89,59,30,39,20,19,0,0,0
09,186,District - Sant Kabir Nagar (55),Total,65-69,38373,20555,17818,1154,784,370,28069,16035,12034,9074,3693,5381,51,31,20,25,12,13,0,0,0
09,186,District - Sant Kabir Nagar (55),Total,70-74,26615,15526,11089,613,453,160,16175,11062,5113,9778,3978,5800,33,23,10,16,10,6,0,0,0
09,186,District - Sant Kabir Nagar (55),Total,75-79,10845,5834,5011,234,178,56,6385,3805,2580,4205,1838,2367,13,12,1,8,1,7,0,0,0
09,186,District - Sant Kabir Nagar (55),Total,80+,14412,7800,6612,917,590,327,6329,4103,2226,7138,3090,4048,15,12,3,13,5,8,0,0,0
09,186,District - Sant Kabir Nagar (55),Total,Age not stated,3918,2038,1880,2265,1315,950,1515,671,844,131,47,84,5,3,2,2,2,0,0,0,0
09,186,District - Sant Kabir Nagar (55),Total,Less than 18,776319,398348,377971,766446,395281,371165,9402,2855,6547,286,121,165,174,89,85,11,2,9,0,0,0
09,186,District - Sant Kabir Nagar (55),Total,Less than 21,894155,459042,435113,856031,448614,407417,37310,10090,27220,517,201,316,261,130,131,36,7,29,0,0,0
09,186,District - Sant Kabir Nagar (55),Rural,All ages,1586652,802609,784043,849327,457515,391812,677351,320001,357350,57753,23867,33886,1523,926,597,698,300,398,0,0,0
09,186,District - Sant Kabir Nagar (55),Rural,0-9,393356,203049,190307,393356,203049,190307,0,0,0,0,0,0,0,0,0,0,0,0,0,0,0
09,186,District - Sant Kabir Nagar (55),Rural,10-14,217700,112076,105624,214146,110798,103348,3340,1172,2168,104,51,53,102,53,49,8,2,6,0,0,0
09,186,District - Sant Kabir Nagar (55),Rural,15-19,179773,89699,90074,162484,85673,76811,16931,3877,13054,246,96,150,97,50,47,15,3,12,0,0,0
09,186,District - Sant Kabir Nagar (55),Rural,20-24,126064,62913,63151,53704,37795,15909,71705,24857,46848,419,174,245,165,68,97,71,19,52,0,0,0
09,186,District - Sant Kabir Nagar (55),Rural,25-29,108470,52260,56210,11537,9462,2075,95879,42287,53592,716,328,388,218,134,84,120,49,71,0,0,0
09,186,District - Sant Kabir Nagar (55),Rural,30-34,97905,45805,52100,3366,2785,581,92967,42331,50636,1310,544,766,165,104,61,97,41,56,0,0,0
09,186,District - Sant Kabir Nagar (55),Rural,35-39,93081,45602,47479,1713,1405,308,88976,43207,45769,2094,825,1269,201,119,82,97,46,51,0,0,0
09,186,District - Sant Kabir Nagar (55),Rural,40-44,72341,36773,35568,1105,921,184,68264,34631,33633,2768,1100,1668,125,90,35,79,31,48,0,0,0
09,186,District - Sant Kabir Nagar (55),Rural,45-49,60464,30196,30268,741,649,92,56197,28144,28053,3371,1305,2066,104,69,35,51,29,22,0,0,0
09,186,District - Sant Kabir Nagar (55),Rural,50-54,48330,25727,22603,643,576,67,43415,23378,20037,4157,1702,2455,78,51,27,37,20,17,0,0,0
09,186,District - Sant Kabir Nagar (55),Rural,55-59,45739,20552,25187,568,472,96,40665,18140,22525,4410,1873,2537,72,53,19,24,14,10,0,0,0
09,186,District - Sant Kabir Nagar (55),Rural,60-64,54918,29226,25692,1204,862,342,43934,24427,19507,9660,3863,5797,83,56,27,37,18,19,0,0,0
09,186,District - Sant Kabir Nagar (55),Rural,65-69,36068,19383,16685,1093,749,344,26430,15074,11356,8471,3518,4953,49,30,19,25,12,13,0,0,0
09,186,District - Sant Kabir Nagar (55),Rural,70-74,25141,14675,10466,590,441,149,15279,10434,4845,9225,3768,5457,32,23,9,15,9,6,0,0,0
09,186,District - Sant Kabir Nagar (55),Rural,75-79,10197,5486,4711,223,170,53,6015,3576,2439,3939,1728,2211,12,11,1,8,1,7,0,0,0
09,186,District - Sant Kabir Nagar (55),Rural,80+,13625,7389,6236,852,550,302,6002,3875,2127,6744,2948,3796,15,12,3,12,4,8,0,0,0
09,186,District - Sant Kabir Nagar (55),Rural,Age not stated,3480,1798,1682,2002,1158,844,1352,591,761,119,44,75,5,3,2,2,2,0,0,0,0
09,186,District - Sant Kabir Nagar (55),Rural,Less than 18,722089,370029,352060,712906,367206,345700,8746,2623,6123,263,114,149,163,84,79,11,2,9,0,0,0
09,186,District - Sant Kabir Nagar (55),Rural,Less than 21,829945,425342,404603,794136,415571,378565,35062,9453,25609,473,189,284,239,122,117,35,7,28,0,0,0
09,186,District - Sant Kabir Nagar (55),Urban,All ages,128531,67047,61484,70187,38970,31217,53954,26601,27353,4199,1401,2798,128,58,70,63,17,46,0,0,0
09,186,District - Sant Kabir Nagar (55),Urban,0-9,28150,14693,13457,28150,14693,13457,0,0,0,0,0,0,0,0,0,0,0,0,0,0,0
09,186,District - Sant Kabir Nagar (55),Urban,10-14,16506,8742,7764,16230,8632,7598,260,105,155,13,4,9,3,1,2,0,0,0,0,0,0
09,186,District - Sant Kabir Nagar (55),Urban,15-19,15984,8347,7637,14858,8044,6814,1094,292,802,17,5,12,14,6,8,1,0,1,0,0,0
09,186,District - Sant Kabir Nagar (55),Urban,20-24,12358,6523,5835,7411,4882,2529,4896,1629,3267,34,11,23,13,1,12,4,0,4,0,0,0
09,186,District - Sant Kabir Nagar (55),Urban,25-29,10007,5188,4819,2197,1734,463,7721,3420,4301,60,20,40,19,12,7,10,2,8,0,0,0
09,186,District - Sant Kabir Nagar (55),Urban,30-34,8558,4240,4318,505,412,93,7901,3763,4138,113,50,63,21,8,13,18,7,11,0,0,0
09,186,District - Sant Kabir Nagar (55),Urban,35-39,8170,4162,4008,164,126,38,7805,3978,3827,174,50,124,17,5,12,10,3,7,0,0,0
09,186,District - Sant Kabir Nagar (55),Urban,40-44,6516,3435,3081,84,67,17,6177,3286,2891,235,75,160,10,7,3,10,0,10,0,0,0
09,186,District - Sant Kabir Nagar (55),Urban,45-49,5360,2762,2598,45,36,9,5003,2629,2374,297,92,205,10,4,6,5,1,4,0,0,0
09,186,District - Sant Kabir Nagar (55),Urban,50-54,4227,2283,1944,41,36,5,3825,2138,1687,356,105,251,5,4,1,0,0,0,0,0,0
09,186,District - Sant Kabir Nagar (55),Urban,55-59,3637,1834,1803,30,26,4,3204,1662,1542,396,141,255,6,5,1,1,0,1,0,0,0
09,186,District - Sant Kabir Nagar (55),Urban,60-64,3406,1816,1590,49,30,19,2673,1573,1100,676,208,468,6,3,3,2,2,0,0,0,0
09,186,District - Sant Kabir Nagar (55),Urban,65-69,2305,1172,1133,61,35,26,1639,961,678,603,175,428,2,1,1,0,0,0,0,0,0
09,186,District - Sant Kabir Nagar (55),Urban,70-74,1474,851,623,23,12,11,896,628,268,553,210,343,1,0,1,1,1,0,0,0,0
09,186,District - Sant Kabir Nagar (55),Urban,75-79,648,348,300,11,8,3,370,229,141,266,110,156,1,1,0,0,0,0,0,0,0
09,186,District - Sant Kabir Nagar (55),Urban,80+,787,411,376,65,40,25,327,228,99,394,142,252,0,0,0,1,1,0,0,0,0
09,186,District - Sant Kabir Nagar (55),Urban,Age not stated,438,240,198,263,157,106,163,80,83,12,3,9,0,0,0,0,0,0,0,0,0
09,186,District - Sant Kabir Nagar (55),Urban,Less than 18,54230,28319,25911,53540,28075,25465,656,232,424,23,7,16,11,5,6,0,0,0,0,0,0
09,186,District - Sant Kabir Nagar (55),Urban,Less than 21,64210,33700,30510,61895,33043,28852,2248,637,1611,44,12,32,22,8,14,1,0,1,0,0,0
09,187,District - Mahrajganj (56),Total,All ages,2684703,1381754,1302949,1351169,739650,611519,1238185,604397,633788,91497,35728,55769,2788,1495,1293,1064,484,580,0,0,0
09,187,District - Mahrajganj (56),Total,0-9,639567,331274,308293,639567,331274,308293,0,0,0,0,0,0,0,0,0,0,0,0,0,0,0
09,187,District - Mahrajganj (56),Total,10-14,359522,184890,174632,349395,181494,167901,9599,3153,6446,251,109,142,247,119,128,30,15,15,0,0,0
09,187,District - Mahrajganj (56),Total,15-19,288136,152063,136073,243334,139626,103708,44100,12138,31962,457,190,267,202,95,107,43,14,29,0,0,0
09,187,District - Mahrajganj (56),Total,20-24,209779,108066,101713,72990,54343,18647,135501,53169,82332,892,374,518,259,119,140,137,61,76,0,0,0
09,187,District - Mahrajganj (56),Total,25-29,197489,97409,100080,17142,13966,3176,178336,82538,95798,1487,622,865,350,205,145,174,78,96,0,0,0
09,187,District - Mahrajganj (56),Total,30-34,179837,87796,92041,4897,3847,1050,172092,82776,89316,2335,917,1418,361,188,173,152,68,84,0,0,0
09,187,District - Mahrajganj (56),Total,35-39,171047,86599,84448,2130,1578,552,164888,83448,81440,3554,1307,2247,331,189,142,144,77,67,0,0,0
09,187,District - Mahrajganj (56),Total,40-44,131504,69127,62377,1171,884,287,125681,66482,59199,4296,1580,2716,244,139,105,112,42,70,0,0,0
09,187,District - Mahrajganj (56),Total,45-49,112726,57086,55640,907,698,209,105833,54038,51795,5716,2205,3511,209,113,96,61,32,29,0,0,0
09,187,District - Mahrajganj (56),Total,50-54,88542,47860,40682,712,536,176,80304,44310,35994,7312,2912,4400,147,75,72,67,27,40,0,0,0
09,187,District - Mahrajganj (56),Total,55-59,75567,36423,39144,654,453,201,67047,32830,34217,7713,3062,4651,118,63,55,35,15,20,0,0,0
09,187,District - Mahrajganj (56),Total,60-64,73754,39735,34019,1347,813,534,58699,33697,25002,13546,5126,8420,120,76,44,42,23,19,0,0,0
09,187,District - Mahrajganj (56),Total,65-69,52378,26746,25632,1491,897,594,38531,21216,17315,12274,4597,7677,61,30,31,21,6,15,0,0,0
09,187,District - Mahrajganj (56),Total,70-74,38840,21908,16932,761,461,300,23730,16044,7686,14277,5359,8918,50,32,18,22,12,10,0,0,0
09,187,District - Mahrajganj (56),Total,75-79,16853,8608,8245,460,268,192,10028,5666,4362,6337,2659,3678,22,12,10,6,3,3,0,0,0
09,187,District - Mahrajganj (56),Total,80+,24639,13300,11339,2204,1334,870,12157,7543,4614,10227,4394,5833,43,25,18,8,4,4,0,0,0
09,187,District - Mahrajganj (56),Total,Age not stated,24523,12864,11659,12007,7178,4829,11659,5349,6310,823,315,508,24,15,9,10,7,3,0,0,0
09,187,District - Mahrajganj (56),Total,Less than 18,1176215,608281,567934,1149972,600234,549738,25281,7613,17668,550,238,312,360,175,185,52,21,31,0,0,0
09,187,District - Mahrajganj (56),Total,Less than 21,1349361,702368,646993,1264878,675811,589067,82865,25852,57013,991,413,578,520,248,272,107,44,63,0,0,0
09,187,District - Mahrajganj (56),Rural,All ages,2549973,1312126,1237847,1281793,701343,580450,1178017,574652,603365,86752,34354,52398,2394,1311,1083,1017,466,551,0,0,0
09,187,District - Mahrajganj (56),Rural,0-9,613066,317560,295506,613066,317560,295506,0,0,0,0,0,0,0,0,0,0,0,0,0,0,0
09,187,District - Mahrajganj (56),Rural,10-14,342689,176195,166494,332962,172942,160020,9232,3026,6206,233,101,132,235,112,123,27,14,13,0,0,0
09,187,District - Mahrajganj (56),Rural,15-19,271778,143567,128211,228487,131522,96965,42619,11757,30862,438,184,254,193,90,103,41,14,27,0,0,0
09,187,District - Mahrajganj (56),Rural,20-24,196931,101257,95674,65478,49404,16074,130255,51330,78925,828,353,475,238,111,127,132,59,73,0,0,0
09,187,District - Mahrajganj (56),Rural,25-29,186527,91851,94676,14687,12106,2581,169947,78887,91060,1417,596,821,310,187,123,166,75,91,0,0,0
09,187,District - Mahrajganj (56),Rural,30-34,170076,82947,87129,4291,3371,920,163132,78469,84663,2218,883,1335,288,158,130,147,66,81,0,0,0
09,187,District - Mahrajganj (56),Rural,35-39,161871,81918,79953,1952,1444,508,156135,78983,77152,3375,1248,2127,271,168,103,138,75,63,0,0,0
09,187,District - Mahrajganj (56),Rural,40-44,123988,65178,58810,1101,828,273,118539,62678,55861,4055,1524,2531,188,107,81,105,41,64,0,0,0
09,187,District - Mahrajganj (56),Rural,45-49,106430,53815,52615,846,658,188,99976,50902,49074,5372,2127,3245,179,99,80,57,29,28,0,0,0
09,187,District - Mahrajganj (56),Rural,50-54,83727,45278,38449,677,509,168,76001,41884,34117,6867,2796,4071,116,63,53,66,26,40,0,0,0
09,187,District - Mahrajganj (56),Rural,55-59,71685,34482,37203,626,437,189,63692,31041,32651,7235,2936,4299,98,53,45,34,15,19,0,0,0
09,187,District - Mahrajganj (56),Rural,60-64,70309,37889,32420,1273,770,503,56055,32118,23937,12839,4914,7925,100,64,36,42,23,19,0,0,0
09,187,District - Mahrajganj (56),Rural,65-69,50040,25567,24473,1399,843,556,36942,20269,16673,11627,4427,7200,52,23,29,20,5,15,0,0,0
09,187,District - Mahrajganj (56),Rural,70-74,37209,21068,16141,723,441,282,22810,15419,7391,13610,5169,8441,45,28,17,21,11,10,0,0,0
09,187,District - Mahrajganj (56),Rural,75-79,16157,8237,7920,436,255,181,9642,5408,4234,6055,2561,3494,18,10,8,6,3,3,0,0,0
09,187,District - Mahrajganj (56),Rural,80+,23517,12730,10787,2046,1238,808,11649,7242,4407,9776,4223,5553,39,23,16,7,4,3,0,0,0
09,187,District - Mahrajganj (56),Rural,Age not stated,23973,12587,11386,11743,7015,4728,11391,5239,6152,807,312,495,24,15,9,8,6,2,0,0,0
09,187,District - Mahrajganj (56),Rural,Less than 18,1123290,581026,542264,1098061,573307,524754,24319,7308,17011,517,225,292,345,166,179,48,20,28,0,0,0
09,187,District - Mahrajganj (56),Rural,Less than 21,1286003,669466,616537,1204497,643791,560706,79973,25004,54969,933,392,541,498,236,262,102,43,59,0,0,0
09,187,District - Mahrajganj (56),Urban,All ages,134730,69628,65102,69376,38307,31069,60168,29745,30423,4745,1374,3371,394,184,210,47,18,29,0,0,0
09,187,District - Mahrajganj (56),Urban,0-9,26501,13714,12787,26501,13714,12787,0,0,0,0,0,0,0,0,0,0,0,0,0,0,0
09,187,District - Mahrajganj (56),Urban,10-14,16833,8695,8138,16433,8552,7881,367,127,240,18,8,10,12,7,5,3,1,2,0,0,0
09,187,District - Mahrajganj (56),Urban,15-19,16358,8496,7862,14847,8104,6743,1481,381,1100,19,6,13,9,5,4,2,0,2,0,0,0
09,187,District - Mahrajganj (56),Urban,20-24,12848,6809,6039,7512,4939,2573,5246,1839,3407,64,21,43,21,8,13,5,2,3,0,0,0
09,187,District - Mahrajganj (56),Urban,25-29,10962,5558,5404,2455,1860,595,8389,3651,4738,70,26,44,40,18,22,8,3,5,0,0,0
09,187,District - Mahrajganj (56),Urban,30-34,9761,4849,4912,606,476,130,8960,4307,4653,117,34,83,73,30,43,5,2,3,0,0,0
09,187,District - Mahrajganj (56),Urban,35-39,9176,4681,4495,178,134,44,8753,4465,4288,179,59,120,60,21,39,6,2,4,0,0,0
09,187,District - Mahrajganj (56),Urban,40-44,7516,3949,3567,70,56,14,7142,3804,3338,241,56,185,56,32,24,7,1,6,0,0,0
09,187,District - Mahrajganj (56),Urban,45-49,6296,3271,3025,61,40,21,5857,3136,2721,344,78,266,30,14,16,4,3,1,0,0,0
09,187,District - Mahrajganj (56),Urban,50-54,4815,2582,2233,35,27,8,4303,2426,1877,445,116,329,31,12,19,1,1,0,0,0,0
09,187,District - Mahrajganj (56),Urban,55-59,3882,1941,1941,28,16,12,3355,1789,1566,478,126,352,20,10,10,1,0,1,0,0,0
09,187,District - Mahrajganj (56),Urban,60-64,3445,1846,1599,74,43,31,2644,1579,1065,707,212,495,20,12,8,0,0,0,0,0,0
09,187,District - Mahrajganj (56),Urban,65-69,2338,1179,1159,92,54,38,1589,947,642,647,170,477,9,7,2,1,1,0,0,0,0
09,187,District - Mahrajganj (56),Urban,70-74,1631,840,791,38,20,18,920,625,295,667,190,477,5,4,1,1,1,0,0,0,0
09,187,District - Mahrajganj (56),Urban,75-79,696,371,325,24,13,11,386,258,128,282,98,184,4,2,2,0,0,0,0,0,0
09,187,District - Mahrajganj (56),Urban,80+,1122,570,552,158,96,62,508,301,207,451,171,280,4,2,2,1,0,1,0,0,0
09,187,District - Mahrajganj (56),Urban,Age not stated,550,277,273,264,163,101,268,110,158,16,3,13,0,0,0,2,1,1,0,0,0
09,187,District - Mahrajganj (56),Urban,Less than 18,52925,27255,25670,51911,26927,24984,962,305,657,33,13,20,15,9,6,4,1,3,0,0,0
09,187,District - Mahrajganj (56),Urban,Less than 21,63358,32902,30456,60381,32020,28361,2892,848,2044,58,21,37,22,12,10,5,1,4,0,0,0
09,188,District - Gorakhpur (57),Total,All ages,4440895,2277777,2163118,2265081,1253260,1011821,2007134,961236,1045898,162601,60067,102534,4192,2299,1893,1887,915,972,0,0,0
09,188,District - Gorakhpur (57),Total,0-9,946042,495531,450511,946042,495531,450511,0,0,0,0,0,0,0,0,0,0,0,0,0,0,0
09,188,District - Gorakhpur (57),Total,10-14,562933,291537,271396,548614,286129,262485,13467,5023,8444,461,198,263,333,165,168,58,22,36,0,0,0
09,188,District - Gorakhpur (57),Total,15-19,519152,270711,248441,465135,256795,208340,52687,13358,39329,924,370,554,321,147,174,85,41,44,0,0,0
09,188,District - Gorakhpur (57),Total,20-24,390991,201681,189310,191570,132055,59515,197252,68764,128488,1557,586,971,420,185,235,192,91,101,0,0,0
09,188,District - Gorakhpur (57),Total,25-29,336512,165183,171329,53767,41846,11921,279311,121890,157421,2597,1035,1562,561,304,257,276,108,168,0,0,0
09,188,District - Gorakhpur (57),Total,30-34,294608,141488,153120,15036,11708,3328,274604,127885,146719,4118,1436,2682,578,329,249,272,130,142,0,0,0
09,188,District - Gorakhpur (57),Total,35-39,280595,138491,142104,6025,4582,1443,267407,131451,135956,6372,2025,4347,524,307,217,267,126,141,0,0,0
09,188,District - Gorakhpur (57),Total,40-44,224153,114521,109632,3456,2624,832,211532,108747,102785,8551,2797,5754,399,244,155,215,109,106,0,0,0
09,188,District - Gorakhpur (57),Total,45-49,192758,96153,96605,2156,1640,516,179677,90860,88817,10541,3445,7096,262,147,115,122,61,61,0,0,0
09,188,District - Gorakhpur (57),Total,50-54,155433,82899,72534,1845,1368,477,139828,76798,63030,13429,4545,8884,219,122,97,112,66,46,0,0,0
09,188,District - Gorakhpur (57),Total,55-59,131158,63280,67878,1584,1125,459,115973,57128,58845,13381,4894,8487,147,94,53,73,39,34,0,0,0
09,188,District - Gorakhpur (57),Total,60-64,130889,69118,61771,2643,1665,978,104862,59289,45573,23172,8045,15127,154,86,68,58,33,25,0,0,0
09,188,District - Gorakhpur (57),Total,65-69,92929,47742,45187,2817,1649,1168,69549,38329,31220,20416,7672,12744,109,72,37,38,20,18,0,0,0
09,188,District - Gorakhpur (57),Total,70-74,71085,40065,31020,1703,1092,611,44794,29727,15067,24467,9171,15296,66,42,24,55,33,22,0,0,0
09,188,District - Gorakhpur (57),Total,75-79,32462,17424,15038,1018,650,368,19744,11758,7986,11653,4990,6663,29,15,14,18,11,7,0,0,0
09,188,District - Gorakhpur (57),Total,80+,45721,24712,21009,4548,2703,1845,21403,13598,7805,19699,8371,11328,44,26,18,27,14,13,0,0,0
09,188,District - Gorakhpur (57),Total,Age not stated,33474,17241,16233,17122,10098,7024,15044,6631,8413,1263,487,776,26,14,12,19,11,8,0,0,0
09,188,District - Gorakhpur (57),Total,Less than 18,1823680,948820,874860,1789144,937482,851662,32865,10612,22253,1054,433,621,521,255,266,96,38,58,0,0,0
09,188,District - Gorakhpur (57),Total,Less than 21,2145257,1120922,1024335,2035570,1088860,946710,106882,30896,75986,1851,724,1127,774,360,414,180,82,98,0,0,0
09,188,District - Gorakhpur (57),Rural,All ages,3604766,1838726,1766040,1848629,1017272,831357,1617900,768222,849678,133366,50532,82834,3440,1954,1486,1431,746,685,0,0,0
09,188,District - Gorakhpur (57),Rural,0-9,807837,422360,385477,807837,422360,385477,0,0,0,0,0,0,0,0,0,0,0,0,0,0,0
09,188,District - Gorakhpur (57),Rural,10-14,472075,243709,228366,460465,239370,221095,10927,4025,6902,369,169,200,271,129,142,43,16,27,0,0,0
09,188,District - Gorakhpur (57),Rural,15-19,419097,217690,201407,373421,206129,167292,44616,11117,33499,728,291,437,262,119,143,70,34,36,0,0,0
09,188,District - Gorakhpur (57),Rural,20-24,303743,155203,148540,133631,95190,38441,168400,59322,109078,1214,456,758,351,159,192,147,76,71,0,0,0
09,188,District - Gorakhpur (57),Rural,25-29,263065,127489,135576,30919,25222,5697,229378,101059,128319,2099,864,1235,459,258,201,210,86,124,0,0,0
09,188,District - Gorakhpur (57),Rural,30-34,232612,110208,122404,8515,6775,1740,220188,101887,118301,3251,1161,2090,451,273,178,207,112,95,0,0,0
09,188,District - Gorakhpur (57),Rural,35-39,221317,108443,112874,3779,2931,848,211841,103475,108366,5095,1675,3420,410,263,147,192,99,93,0,0,0
09,188,District - Gorakhpur (57),Rural,40-44,174611,88742,85869,2355,1856,499,165020,84256,80764,6741,2329,4412,333,212,121,162,89,73,0,0,0
09,188,District - Gorakhpur (57),Rural,45-49,148949,73301,75648,1540,1233,307,138858,69062,69796,8247,2837,5410,223,127,96,81,42,39,0,0,0
09,188,District - Gorakhpur (57),Rural,50-54,120905,64149,56756,1406,1067,339,108602,59143,49459,10637,3780,6857,178,105,73,82,54,28,0,0,0
09,188,District - Gorakhpur (57),Rural,55-59,103926,48985,54941,1247,921,326,91908,43889,48019,10592,4061,6531,123,82,41,56,32,24,0,0,0
09,188,District - Gorakhpur (57),Rural,60-64,107384,56499,50885,2059,1354,705,86011,48224,37787,19137,6817,12320,129,74,55,48,30,18,0,0,0
09,188,District - Gorakhpur (57),Rural,65-69,77312,39329,37983,2129,1311,818,57983,31379,26604,17069,6554,10515,99,67,32,32,18,14,0,0,0
09,188,District - Gorakhpur (57),Rural,70-74,59859,33744,26115,1323,870,453,37671,24983,12688,20758,7826,12932,61,37,24,46,28,18,0,0,0
09,188,District - Gorakhpur (57),Rural,75-79,26962,14356,12606,780,518,262,16447,9658,6789,9692,4157,5535,28,14,14,15,9,6,0,0,0
09,188,District - Gorakhpur (57),Rural,80+,37796,20560,17236,3358,2018,1340,17711,11370,6341,16667,7139,9528,38,22,16,22,11,11,0,0,0
09,188,District - Gorakhpur (57),Rural,Age not stated,27316,13959,13357,13865,8147,5718,12339,5373,6966,1070,416,654,24,13,11,18,10,8,0,0,0
09,188,District - Gorakhpur (57),Rural,Less than 18,1536504,797356,739148,1508412,788244,720168,26753,8522,18231,836,355,481,428,204,224,75,31,44,0,0,0
09,188,District - Gorakhpur (57),Rural,Less than 21,1792251,933943,858308,1699299,907003,792296,90697,25997,64700,1475,585,890,639,292,347,141,66,75,0,0,0
09,188,District - Gorakhpur (57),Urban,All ages,836129,439051,397078,416452,235988,180464,389234,193014,196220,29235,9535,19700,752,345,407,456,169,287,0,0,0
09,188,District - Gorakhpur (57),Urban,0-9,138205,73171,65034,138205,73171,65034,0,0,0,0,0,0,0,0,0,0,0,0,0,0,0
09,188,District - Gorakhpur (57),Urban,10-14,90858,47828,43030,88149,46759,41390,2540,998,1542,92,29,63,62,36,26,15,6,9,0,0,0
09,188,District - Gorakhpur (57),Urban,15-19,100055,53021,47034,91714,50666,41048,8071,2241,5830,196,79,117,59,28,31,15,7,8,0,0,0
09,188,District - Gorakhpur (57),Urban,20-24,87248,46478,40770,57939,36865,21074,28852,9442,19410,343,130,213,69,26,43,45,15,30,0,0,0
09,188,District - Gorakhpur (57),Urban,25-29,73447,37694,35753,22848,16624,6224,49933,20831,29102,498,171,327,102,46,56,66,22,44,0,0,0
09,188,District - Gorakhpur (57),Urban,30-34,61996,31280,30716,6521,4933,1588,54416,25998,28418,867,275,592,127,56,71,65,18,47,0,0,0
09,188,District - Gorakhpur (57),Urban,35-39,59278,30048,29230,2246,1651,595,55566,27976,27590,1277,350,927,114,44,70,75,27,48,0,0,0
09,188,District - Gorakhpur (57),Urban,40-44,49542,25779,23763,1101,768,333,46512,24491,22021,1810,468,1342,66,32,34,53,20,33,0,0,0
09,188,District - Gorakhpur (57),Urban,45-49,43809,22852,20957,616,407,209,40819,21798,19021,2294,608,1686,39,20,19,41,19,22,0,0,0
09,188,District - Gorakhpur (57),Urban,50-54,34528,18750,15778,439,301,138,31226,17655,13571,2792,765,2027,41,17,24,30,12,18,0,0,0
09,188,District - Gorakhpur (57),Urban,55-59,27232,14295,12937,337,204,133,24065,13239,10826,2789,833,1956,24,12,12,17,7,10,0,0,0
09,188,District - Gorakhpur (57),Urban,60-64,23505,12619,10886,584,311,273,18851,11065,7786,4035,1228,2807,25,12,13,10,3,7,0,0,0
09,188,District - Gorakhpur (57),Urban,65-69,15617,8413,7204,688,338,350,11566,6950,4616,3347,1118,2229,10,5,5,6,2,4,0,0,0
09,188,District - Gorakhpur (57),Urban,70-74,11226,6321,4905,380,222,158,7123,4744,2379,3709,1345,2364,5,5,0,9,5,4,0,0,0
09,188,District - Gorakhpur (57),Urban,75-79,5500,3068,2432,238,132,106,3297,2100,1197,1961,833,1128,1,1,0,3,2,1,0,0,0
09,188,District - Gorakhpur (57),Urban,80+,7925,4152,3773,1190,685,505,3692,2228,1464,3032,1232,1800,6,4,2,5,3,2,0,0,0
09,188,District - Gorakhpur (57),Urban,Age not stated,6158,3282,2876,3257,1951,1306,2705,1258,1447,193,71,122,2,1,1,1,1,0,0,0,0
09,188,District - Gorakhpur (57),Urban,Less than 18,287176,151464,135712,280732,149238,131494,6112,2090,4022,218,78,140,93,51,42,21,7,14,0,0,0
09,188,District - Gorakhpur (57),Urban,Less than 21,353006,186979,166027,336271,181857,154414,16185,4899,11286,376,139,237,135,68,67,39,16,23,0,0,0
09,189,District - Kushinagar (58),Total,All ages,3564544,1818055,1746489,1852942,1011477,841465,1592414,762062,830352,115370,42615,72755,2551,1301,1250,1267,600,667,0,0,0
09,189,District - Kushinagar (58),Total,0-9,853499,442274,411225,853499,442274,411225,0,0,0,0,0,0,0,0,0,0,0,0,0,0,0
09,189,District - Kushinagar (58),Total,10-14,464583,238590,225993,450553,233605,216948,13469,4729,8740,344,150,194,171,85,86,46,21,25,0,0,0
09,189,District - Kushinagar (58),Total,15-19,387712,201269,186443,343756,189737,154019,42969,11123,31846,691,273,418,239,112,127,57,24,33,0,0,0
09,189,District - Kushinagar (58),Total,20-24,274817,141103,133714,120918,86619,34299,152408,53915,98493,1126,410,716,239,107,132,126,52,74,0,0,0
09,189,District - Kushinagar (58),Total,25-29,256231,124218,132013,29202,23800,5402,224536,99440,125096,2006,739,1267,299,152,147,188,87,101,0,0,0
09,189,District - Kushinagar (58),Total,30-34,234653,112086,122567,7860,6272,1588,223309,104551,118758,3005,1051,1954,308,140,168,171,72,99,0,0,0
09,189,District - Kushinagar (58),Total,35-39,219380,108853,110527,3111,2365,746,211339,104821,106518,4456,1408,3048,309,178,131,165,81,84,0,0,0
09,189,District - Kushinagar (58),Total,40-44,171680,88814,82866,1895,1443,452,163658,85196,78462,5759,1982,3777,244,130,114,124,63,61,0,0,0
09,189,District - Kushinagar (58),Total,45-49,147064,72995,74069,1308,958,350,138394,69409,68985,7076,2473,4603,188,108,80,98,47,51,0,0,0
09,189,District - Kushinagar (58),Total,50-54,115263,62187,53076,1135,836,299,105094,57946,47148,8852,3304,5548,113,63,50,69,38,31,0,0,0
09,189,District - Kushinagar (58),Total,55-59,99196,46256,52940,971,650,321,89096,42207,46889,8971,3324,5647,104,49,55,54,26,28,0,0,0
09,189,District - Kushinagar (58),Total,60-64,103606,54805,48801,1948,1169,779,83990,47370,36620,17486,6176,11310,120,56,64,62,34,28,0,0,0
09,189,District - Kushinagar (58),Total,65-69,72485,37022,35463,2034,1167,867,54858,30027,24831,15489,5767,9722,76,46,30,28,15,13,0,0,0
09,189,District - Kushinagar (58),Total,70-74,52039,29218,22821,1065,650,415,33258,22079,11179,17645,6451,11194,47,29,18,24,9,15,0,0,0
09,189,District - Kushinagar (58),Total,75-79,22337,11412,10925,591,358,233,13993,7908,6085,7721,3130,4591,19,9,10,13,7,6,0,0,0
09,189,District - Kushinagar (58),Total,80+,35447,18756,16691,3618,2166,1452,18684,11146,7538,13103,5421,7682,25,13,12,17,10,7,0,0,0
09,189,District - Kushinagar (58),Total,Age not stated,54552,28197,26355,29478,17408,12070,23359,10195,13164,1640,556,1084,50,24,26,25,14,11,0,0,0
09,189,District - Kushinagar (58),Total,Less than 18,1556353,802272,754081,1525393,792320,733073,29791,9446,20345,801,332,469,295,139,156,73,35,38,0,0,0
09,189,District - Kushinagar (58),Total,Less than 21,1790280,928959,861321,1701209,902229,798980,87138,25910,61228,1337,547,790,468,218,250,128,55,73,0,0,0
09,189,District - Kushinagar (58),Rural,All ages,3396437,1730377,1666060,1764294,961921,802373,1519047,725859,793188,109479,40767,68712,2419,1250,1169,1198,580,618,0,0,0
09,189,District - Kushinagar (58),Rural,0-9,819546,424552,394994,819546,424552,394994,0,0,0,0,0,0,0,0,0,0,0,0,0,0,0
09,189,District - Kushinagar (58),Rural,10-14,444632,228109,216523,431176,223340,207836,12924,4524,8400,323,142,181,164,82,82,45,21,24,0,0,0
09,189,District - Kushinagar (58),Rural,15-19,368282,191108,177174,325961,179994,145967,41375,10721,30654,664,263,401,231,108,123,51,22,29,0,0,0
09,189,District - Kushinagar (58),Rural,20-24,258992,132598,126394,111070,80166,30904,146512,51892,94620,1065,389,676,224,100,124,121,51,70,0,0,0
09,189,District - Kushinagar (58),Rural,25-29,243448,117602,125846,26064,21374,4690,215025,95297,119728,1899,704,1195,282,143,139,178,84,94,0,0,0
09,189,District - Kushinagar (58),Rural,30-34,223145,106326,116819,7053,5627,1426,212802,99497,113305,2840,998,1842,289,134,155,161,70,91,0,0,0
09,189,District - Kushinagar (58),Rural,35-39,208558,103309,105249,2876,2189,687,201091,99540,101551,4145,1328,2817,289,172,117,157,80,77,0,0,0
09,189,District - Kushinagar (58),Rural,40-44,162715,84121,78594,1774,1357,417,155199,80709,74490,5399,1872,3527,226,123,103,117,60,57,0,0,0
09,189,District - Kushinagar (58),Rural,45-49,139164,68915,70249,1211,892,319,131109,65542,65567,6571,2332,4239,181,105,76,92,44,48,0,0,0
09,189,District - Kushinagar (58),Rural,50-54,109341,58993,50348,1074,786,288,99756,54946,44810,8338,3164,5174,107,60,47,66,37,29,0,0,0
09,189,District - Kushinagar (58),Rural,55-59,94375,43866,50509,919,619,300,84890,39997,44893,8415,3179,5236,102,47,55,49,24,25,0,0,0
09,189,District - Kushinagar (58),Rural,60-64,99270,52533,46737,1854,1120,734,80620,45403,35217,16624,5923,10701,115,55,60,57,32,25,0,0,0
09,189,District - Kushinagar (58),Rural,65-69,69589,35520,34069,1922,1104,818,52775,28817,23958,14792,5538,9254,72,46,26,28,15,13,0,0,0
09,189,District - Kushinagar (58),Rural,70-74,50017,28165,21852,1004,617,387,32054,21298,10756,16890,6212,10678,45,29,16,24,9,15,0,0,0
09,189,District - Kushinagar (58),Rural,75-79,21537,10999,10538,560,340,220,13551,7633,5918,7395,3010,4385,18,9,9,13,7,6,0,0,0
09,189,District - Kushinagar (58),Rural,80+,34029,18008,16021,3381,2027,1354,17988,10754,7234,12618,5204,7414,25,13,12,17,10,7,0,0,0
09,189,District - Kushinagar (58),Rural,Age not stated,49797,25653,24144,26849,15817,11032,21376,9289,12087,1501,509,992,49,24,25,22,14,8,0,0,0
09,189,District - Kushinagar (58),Rural,Less than 18,1490956,768198,722758,1461284,758660,702624,28560,9051,19509,760,318,442,283,135,148,69,34,35,0,0,0
09,189,District - Kushinagar (58),Rural,Less than 21,1712299,888065,824234,1626617,862358,764259,83838,24922,58916,1273,522,751,450,210,240,121,53,68,0,0,0
09,189,District - Kushinagar (58),Urban,All ages,168107,87678,80429,88648,49556,39092,73367,36203,37164,5891,1848,4043,132,51,81,69,20,49,0,0,0
09,189,District - Kushinagar (58),Urban,0-9,33953,17722,16231,33953,17722,16231,0,0,0,0,0,0,0,0,0,0,0,0,0,0,0
09,189,District - Kushinagar (58),Urban,10-14,19951,10481,9470,19377,10265,9112,545,205,340,21,8,13,7,3,4,1,0,1,0,0,0
09,189,District - Kushinagar (58),Urban,15-19,19430,10161,9269,17795,9743,8052,1594,402,1192,27,10,17,8,4,4,6,2,4,0,0,0
09,189,District - Kushinagar (58),Urban,20-24,15825,8505,7320,9848,6453,3395,5896,2023,3873,61,21,40,15,7,8,5,1,4,0,0,0
09,189,District - Kushinagar (58),Urban,25-29,12783,6616,6167,3138,2426,712,9511,4143,5368,107,35,72,17,9,8,10,3,7,0,0,0
09,189,District - Kushinagar (58),Urban,30-34,11508,5760,5748,807,645,162,10507,5054,5453,165,53,112,19,6,13,10,2,8,0,0,0
09,189,District - Kushinagar (58),Urban,35-39,10822,5544,5278,235,176,59,10248,5281,4967,311,80,231,20,6,14,8,1,7,0,0,0
09,189,District - Kushinagar (58),Urban,40-44,8965,4693,4272,121,86,35,8459,4487,3972,360,110,250,18,7,11,7,3,4,0,0,0
09,189,District - Kushinagar (58),Urban,45-49,7900,4080,3820,97,66,31,7285,3867,3418,505,141,364,7,3,4,6,3,3,0,0,0
09,189,District - Kushinagar (58),Urban,50-54,5922,3194,2728,61,50,11,5338,3000,2338,514,140,374,6,3,3,3,1,2,0,0,0
09,189,District - Kushinagar (58),Urban,55-59,4821,2390,2431,52,31,21,4206,2210,1996,556,145,411,2,2,0,5,2,3,0,0,0
09,189,District - Kushinagar (58),Urban,60-64,4336,2272,2064,94,49,45,3370,1967,1403,862,253,609,5,1,4,5,2,3,0,0,0
09,189,District - Kushinagar (58),Urban,65-69,2896,1502,1394,112,63,49,2083,1210,873,697,229,468,4,0,4,0,0,0,0,0,0
09,189,District - Kushinagar (58),Urban,70-74,2022,1053,969,61,33,28,1204,781,423,755,239,516,2,0,2,0,0,0,0,0,0
09,189,District - Kushinagar (58),Urban,75-79,800,413,387,31,18,13,442,275,167,326,120,206,1,0,1,0,0,0,0,0,0
09,189,District - Kushinagar (58),Urban,80+,1418,748,670,237,139,98,696,392,304,485,217,268,0,0,0,0,0,0,0,0,0
09,189,District - Kushinagar (58),Urban,Age not stated,4755,2544,2211,2629,1591,1038,1983,906,1077,139,47,92,1,0,1,3,0,3,0,0,0
09,189,District - Kushinagar (58),Urban,Less than 18,65397,34074,31323,64109,33660,30449,1231,395,836,41,14,27,12,4,8,4,1,3,0,0,0
09,189,District - Kushinagar (58),Urban,Less than 21,77981,40894,37087,74592,39871,34721,3300,988,2312,64,25,39,18,8,10,7,2,5,0,0,0
09,190,District - Deoria (59),Total,All ages,3100946,1537436,1563510,1611351,868728,742623,1369948,625848,744100,116051,41078,74973,2598,1330,1268,998,452,546,0,0,0
09,190,District - Deoria (59),Total,0-9,702359,364908,337451,702359,364908,337451,0,0,0,0,0,0,0,0,0,0,0,0,0,0,0
09,190,District - Deoria (59),Total,10-14,408594,209615,198979,399373,206487,192886,8705,2910,5795,255,102,153,221,96,125,40,20,20,0,0,0
09,190,District - Deoria (59),Total,15-19,363661,181260,182401,329439,172903,156536,33369,7990,25379,590,248,342,205,94,111,58,25,33,0,0,0
09,190,District - Deoria (59),Total,20-24,253930,124295,129635,123716,82363,41353,128971,41467,87504,892,328,564,252,109,143,99,28,71,0,0,0
09,190,District - Deoria (59),Total,25-29,217792,99832,117960,29360,23080,6280,186436,75969,110467,1543,572,971,309,157,152,144,54,90,0,0,0
09,190,District - Deoria (59),Total,30-34,194742,87256,107486,7268,5826,1442,184609,80385,104224,2404,799,1605,321,187,134,140,59,81,0,0,0
09,190,District - Deoria (59),Total,35-39,187573,86782,100791,2768,2164,604,180462,83301,97161,3896,1093,2803,299,151,148,148,73,75,0,0,0
09,190,District - Deoria (59),Total,40-44,152078,73380,78698,1633,1293,340,144870,70310,74560,5250,1607,3643,242,126,116,83,44,39,0,0,0
09,190,District - Deoria (59),Total,45-49,130315,61822,68493,1081,816,265,122265,58835,63430,6705,2026,4679,185,103,82,79,42,37,0,0,0
09,190,District - Deoria (59),Total,50-54,106963,54858,52105,1027,802,225,96900,51106,45794,8821,2846,5975,161,81,80,54,23,31,0,0,0
09,190,District - Deoria (59),Total,55-59,91447,42568,48879,867,637,230,81581,38739,42842,8854,3118,5736,107,56,51,38,18,20,0,0,0
09,190,District - Deoria (59),Total,60-64,97082,49159,47923,1719,1077,642,78605,42534,36071,16624,5469,11155,96,54,42,38,25,13,0,0,0
09,190,District - Deoria (59),Total,65-69,71787,35999,35788,1742,1025,717,53991,29226,24765,15951,5691,10260,83,44,39,20,13,7,0,0,0
09,190,District - Deoria (59),Total,70-74,55783,30895,24888,1073,719,354,34936,22940,11996,19712,7200,12512,35,21,14,27,15,12,0,0,0
09,190,District - Deoria (59),Total,75-79,24868,12906,11962,624,366,258,15066,8799,6267,9136,3718,5418,32,18,14,10,5,5,0,0,0
09,190,District - Deoria (59),Total,80+,33289,17509,15780,2710,1575,1135,15413,9749,5664,15107,6151,8956,42,26,16,17,8,9,0,0,0
09,190,District - Deoria (59),Total,Age not stated,8683,4392,4291,4592,2687,1905,3769,1588,2181,311,110,201,8,7,1,3,0,3,0,0,0
09,190,District - Deoria (59),Total,Less than 18,1335469,685850,649619,1313356,679048,634308,21043,6339,14704,661,277,384,342,153,189,67,33,34,0,0,0
09,190,District - Deoria (59),Total,Less than 21,1553967,796287,757680,1483479,777016,706463,68779,18566,50213,1090,435,655,500,220,280,119,50,69,0,0,0
09,190,District - Deoria (59),Rural,All ages,2784143,1373111,1411032,1448455,777505,670950,1227552,556350,671202,104992,37656,67336,2279,1189,1090,865,411,454,0,0,0
09,190,District - Deoria (59),Rural,0-9,640341,332331,308010,640341,332331,308010,0,0,0,0,0,0,0,0,0,0,0,0,0,0,0
09,190,District - Deoria (59),Rural,10-14,370808,189808,181000,362468,186970,175498,7885,2647,5238,230,88,142,190,85,105,35,18,17,0,0,0
09,190,District - Deoria (59),Rural,15-19,325946,161567,164379,294740,154045,140695,30426,7188,23238,539,227,312,187,84,103,54,23,31,0,0,0
09,190,District - Deoria (59),Rural,20-24,222845,107582,115263,104070,69417,34653,117677,37741,79936,789,300,489,220,99,121,89,25,64,0,0,0
09,190,District - Deoria (59),Rural,25-29,192117,86892,105225,23143,18301,4842,167221,67877,99344,1372,524,848,259,139,120,122,51,71,0,0,0
09,190,District - Deoria (59),Rural,30-34,172578,76308,96270,5809,4630,1179,164232,70735,93497,2144,730,1414,280,160,120,113,53,60,0,0,0
09,190,District - Deoria (59),Rural,35-39,166455,76184,90271,2325,1795,530,160258,73189,87069,3494,1001,2493,255,134,121,123,65,58,0,0,0
09,190,District - Deoria (59),Rural,40-44,134522,64297,70225,1384,1101,283,128219,61614,66605,4630,1429,3201,214,112,102,75,41,34,0,0,0
09,190,District - Deoria (59),Rural,45-49,115385,54267,61118,952,728,224,108292,51572,56720,5911,1835,4076,163,95,68,67,37,30,0,0,0
09,190,District - Deoria (59),Rural,50-54,95262,48596,46666,911,721,190,86283,45195,41088,7875,2585,5290,145,73,72,48,22,26,0,0,0
09,190,District - Deoria (59),Rural,55-59,81853,37709,44144,773,576,197,73027,34230,38797,7920,2832,5088,100,54,46,33,17,16,0,0,0
09,190,District - Deoria (59),Rural,60-64,88019,44468,43551,1601,1004,597,71266,38388,32878,15032,5003,10029,85,50,35,35,23,12,0,0,0
09,190,District - Deoria (59),Rural,65-69,65534,32779,32755,1640,966,674,49237,26485,22752,14560,5277,9283,79,40,39,18,11,7,0,0,0
09,190,District - Deoria (59),Rural,70-74,51246,28397,22849,989,663,326,32110,21051,11059,18089,6650,11439,31,18,13,27,15,12,0,0,0
09,190,District - Deoria (59),Rural,75-79,22727,11787,10940,567,331,236,13784,8035,5749,8340,3400,4940,27,17,10,9,4,5,0,0,0
09,190,District - Deoria (59),Rural,80+,30497,16102,14395,2490,1449,1041,14177,8949,5228,13779,5675,8104,37,23,14,14,6,8,0,0,0
09,190,District - Deoria (59),Rural,Age not stated,8008,4037,3971,4252,2477,1775,3458,1454,2004,288,100,188,7,6,1,3,0,3,0,0,0
09,190,District - Deoria (59),Rural,Less than 18,1213330,621980,591350,1193400,615857,577543,18968,5708,13260,601,248,353,299,136,163,62,31,31,0,0,0
09,190,District - Deoria (59),Rural,Less than 21,1407412,719354,688058,1343084,701861,641223,62791,16862,45929,986,391,595,442,194,248,109,46,63,0,0,0
09,190,District - Deoria (59),Urban,All ages,316803,164325,152478,162896,91223,71673,142396,69498,72898,11059,3422,7637,319,141,178,133,41,92,0,0,0
09,190,District - Deoria (59),Urban,0-9,62018,32577,29441,62018,32577,29441,0,0,0,0,0,0,0,0,0,0,0,0,0,0,0
09,190,District - Deoria (59),Urban,10-14,37786,19807,17979,36905,19517,17388,820,263,557,25,14,11,31,11,20,5,2,3,0,0,0
09,190,District - Deoria (59),Urban,15-19,37715,19693,18022,34699,18858,15841,2943,802,2141,51,21,30,18,10,8,4,2,2,0,0,0
09,190,District - Deoria (59),Urban,20-24,31085,16713,14372,19646,12946,6700,11294,3726,7568,103,28,75,32,10,22,10,3,7,0,0,0
09,190,District - Deoria (59),Urban,25-29,25675,12940,12735,6217,4779,1438,19215,8092,11123,171,48,123,50,18,32,22,3,19,0,0,0
09,190,District - Deoria (59),Urban,30-34,22164,10948,11216,1459,1196,263,20377,9650,10727,260,69,191,41,27,14,27,6,21,0,0,0
09,190,District - Deoria (59),Urban,35-39,21118,10598,10520,443,369,74,20204,10112,10092,402,92,310,44,17,27,25,8,17,0,0,0
09,190,District - Deoria (59),Urban,40-44,17556,9083,8473,249,192,57,16651,8696,7955,620,178,442,28,14,14,8,3,5,0,0,0
09,190,District - Deoria (59),Urban,45-49,14930,7555,7375,129,88,41,13973,7263,6710,794,191,603,22,8,14,12,5,7,0,0,0
09,190,District - Deoria (59),Urban,50-54,11701,6262,5439,116,81,35,10617,5911,4706,946,261,685,16,8,8,6,1,5,0,0,0
09,190,District - Deoria (59),Urban,55-59,9594,4859,4735,94,61,33,8554,4509,4045,934,286,648,7,2,5,5,1,4,0,0,0
09,190,District - Deoria (59),Urban,60-64,9063,4691,4372,118,73,45,7339,4146,3193,1592,466,1126,11,4,7,3,2,1,0,0,0
09,190,District - Deoria (59),Urban,65-69,6253,3220,3033,102,59,43,4754,2741,2013,1391,414,977,4,4,0,2,2,0,0,0,0
09,190,District - Deoria (59),Urban,70-74,4537,2498,2039,84,56,28,2826,1889,937,1623,550,1073,4,3,1,0,0,0,0,0,0
09,190,District - Deoria (59),Urban,75-79,2141,1119,1022,57,35,22,1282,764,518,796,318,478,5,1,4,1,1,0,0,0,0
09,190,District - Deoria (59),Urban,80+,2792,1407,1385,220,126,94,1236,800,436,1328,476,852,5,3,2,3,2,1,0,0,0
09,190,District - Deoria (59),Urban,Age not stated,675,355,320,340,210,130,311,134,177,23,10,13,1,1,0,0,0,0,0,0,0
09,190,District - Deoria (59),Urban,Less than 18,122139,63870,58269,119956,63191,56765,2075,631,1444,60,29,31,43,17,26,5,2,3,0,0,0
09,190,District - Deoria (59),Urban,Less than 21,146555,76933,69622,140395,75155,65240,5988,1704,4284,104,44,60,58,26,32,10,4,6,0,0,0
09,191,District - Azamgarh (60),Total,All ages,4613913,2285004,2328909,2451159,1314496,1136663,1983394,906352,1077042,172151,60582,111569,4891,2629,2262,2318,945,1373,0,0,0
09,191,District - Azamgarh (60),Total,0-9,1064147,552791,511356,1064147,552791,511356,0,0,0,0,0,0,0,0,0,0,0,0,0,0,0
09,191,District - Azamgarh (60),Total,10-14,626528,319795,306733,616576,316466,300110,9412,3084,6328,294,126,168,223,108,115,23,11,12,0,0,0
09,191,District - Azamgarh (60),Total,15-19,558680,275558,283122,511517,265417,246100,46142,9762,36380,694,250,444,261,104,157,66,25,41,0,0,0
09,191,District - Azamgarh (60),Total,20-24,376175,183985,192190,182272,122944,59328,192091,60422,131669,1060,342,718,508,216,292,244,61,183,0,0,0
09,191,District - Azamgarh (60),Total,25-29,304713,140716,163997,38294,30539,7755,263397,109021,154376,1945,664,1281,732,371,361,345,121,224,0,0,0
09,191,District - Azamgarh (60),Total,30-34,274935,121342,153593,9428,7208,2220,261257,112663,148594,3257,997,2260,619,328,291,374,146,228,0,0,0
09,191,District - Azamgarh (60),Total,35-39,270743,125340,145403,3816,2826,990,260609,120556,140053,5374,1490,3884,618,346,272,326,122,204,0,0,0
09,191,District - Azamgarh (60),Total,40-44,224540,106644,117896,2292,1739,553,213720,102306,111414,7813,2225,5588,479,271,208,236,103,133,0,0,0
09,191,District - Azamgarh (60),Total,45-49,195658,94284,101374,1595,1222,373,183794,89809,93985,9704,2958,6746,382,212,170,183,83,100,0,0,0
09,191,District - Azamgarh (60),Total,50-54,156924,79965,76959,1324,1026,298,142305,74670,67635,12868,4035,8833,278,160,118,149,74,75,0,0,0
09,191,District - Azamgarh (60),Total,55-59,135144,63546,71598,1222,880,342,120185,57842,62343,13446,4652,8794,208,127,81,83,45,38,0,0,0
09,191,District - Azamgarh (60),Total,60-64,140854,71747,69107,2163,1440,723,113699,61916,51783,24683,8199,16484,210,137,73,99,55,44,0,0,0
09,191,District - Azamgarh (60),Total,65-69,104246,52696,51550,2184,1341,843,78114,42605,35509,23748,8624,15124,126,84,42,74,42,32,0,0,0
09,191,District - Azamgarh (60),Total,70-74,79536,43854,35682,1124,798,326,49373,32510,16863,28872,10439,18433,113,78,35,54,29,25,0,0,0
09,191,District - Azamgarh (60),Total,75-79,36029,18818,17211,553,397,156,21416,12626,8790,13994,5751,8243,45,31,14,21,13,8,0,0,0
09,191,District - Azamgarh (60),Total,80+,47221,24720,22501,2653,1586,1067,20752,13474,7278,23721,9607,14114,64,41,23,31,12,19,0,0,0
09,191,District - Azamgarh (60),Total,Age not stated,17840,9203,8637,9999,5876,4123,7128,3086,4042,678,223,455,25,15,10,10,3,7,0,0,0
09,191,District - Azamgarh (60),Total,Less than 18,2035364,1041973,993391,2008950,1034370,974580,25212,7114,18098,771,292,479,376,169,207,55,28,27,0,0,0
09,191,District - Azamgarh (60),Total,Less than 21,2365007,1205936,1159071,2268037,1182307,1085730,94935,22853,72082,1312,474,838,593,257,336,130,45,85,0,0,0
09,191,District - Azamgarh (60),Rural,All ages,4220512,2082707,2137805,2227526,1192619,1034907,1826046,829559,996487,160403,57154,103249,4532,2501,2031,2005,874,1131,0,0,0
09,191,District - Azamgarh (60),Rural,0-9,979322,508786,470536,979322,508786,470536,0,0,0,0,0,0,0,0,0,0,0,0,0,0,0
09,191,District - Azamgarh (60),Rural,10-14,573710,292885,280825,564544,289804,274740,8658,2844,5814,278,122,156,208,105,103,22,10,12,0,0,0
09,191,District - Azamgarh (60),Rural,15-19,507798,249427,258371,463651,239969,223682,43205,9102,34103,640,236,404,241,97,144,61,23,38,0,0,0
09,191,District - Azamgarh (60),Rural,20-24,336344,162731,173613,155495,105860,49635,179172,56294,122878,972,317,655,475,202,273,230,58,172,0,0,0
09,191,District - Azamgarh (60),Rural,25-29,275671,125899,149772,30699,24908,5791,242204,99919,142285,1790,605,1185,683,356,327,295,111,184,0,0,0
09,191,District - Azamgarh (60),Rural,30-34,250034,109160,140874,7646,5891,1755,238536,101901,136635,2968,920,2048,569,315,254,315,133,182,0,0,0
09,191,District - Azamgarh (60),Rural,35-39,247332,113508,133824,3261,2423,838,238244,109262,128982,4986,1389,3597,559,324,235,282,110,172,0,0,0
09,191,District - Azamgarh (60),Rural,40-44,204653,96584,108069,1979,1522,457,194918,92648,102270,7134,2068,5066,437,254,183,185,92,93,0,0,0
09,191,District - Azamgarh (60),Rural,45-49,178494,85542,92952,1441,1112,329,167707,81383,86324,8850,2770,6080,348,201,147,148,76,72,0,0,0
09,191,District - Azamgarh (60),Rural,50-54,143896,73020,70876,1214,949,265,130439,68081,62358,11852,3767,8085,261,153,108,130,70,60,0,0,0
09,191,District - Azamgarh (60),Rural,55-59,124558,58207,66351,1137,823,314,110808,52858,57950,12342,4362,7980,196,120,76,75,44,31,0,0,0
09,191,District - Azamgarh (60),Rural,60-64,131350,66755,64595,1997,1352,645,106070,57467,48603,22996,7753,15243,198,132,66,89,51,38,0,0,0
09,191,District - Azamgarh (60),Rural,65-69,97813,49414,48399,1991,1238,753,73412,39903,33509,22223,8149,14074,122,83,39,65,41,24,0,0,0
09,191,District - Azamgarh (60),Rural,70-74,74766,41313,33453,1032,747,285,46367,30533,15834,27206,9927,17279,110,77,33,51,29,22,0,0,0
09,191,District - Azamgarh (60),Rural,75-79,33865,17682,16183,521,379,142,20162,11820,8342,13122,5441,7681,40,29,11,20,13,7,0,0,0
09,191,District - Azamgarh (60),Rural,80+,44463,23351,21112,2402,1449,953,19566,12736,6830,22406,9118,13288,61,38,23,28,10,18,0,0,0
09,191,District - Azamgarh (60),Rural,Age not stated,16443,8443,8000,9194,5407,3787,6578,2808,3770,638,210,428,24,15,9,9,3,6,0,0,0
09,191,District - Azamgarh (60),Rural,Less than 18,1867482,955731,911751,1843110,948707,894403,23255,6555,16700,718,281,437,349,162,187,50,26,24,0,0,0
09,191,District - Azamgarh (60),Rural,Less than 21,2164801,1102629,1062172,2074095,1080595,993500,88817,21300,67517,1215,449,766,551,243,308,123,42,81,0,0,0
09,191,District - Azamgarh (60),Urban,All ages,393401,202297,191104,223633,121877,101756,157348,76793,80555,11748,3428,8320,359,128,231,313,71,242,0,0,0
09,191,District - Azamgarh (60),Urban,0-9,84825,44005,40820,84825,44005,40820,0,0,0,0,0,0,0,0,0,0,0,0,0,0,0
09,191,District - Azamgarh (60),Urban,10-14,52818,26910,25908,52032,26662,25370,754,240,514,16,4,12,15,3,12,1,1,0,0,0,0
09,191,District - Azamgarh (60),Urban,15-19,50882,26131,24751,47866,25448,22418,2937,660,2277,54,14,40,20,7,13,5,2,3,0,0,0
09,191,District - Azamgarh (60),Urban,20-24,39831,21254,18577,26777,17084,9693,12919,4128,8791,88,25,63,33,14,19,14,3,11,0,0,0
09,191,District - Azamgarh (60),Urban,25-29,29042,14817,14225,7595,5631,1964,21193,9102,12091,155,59,96,49,15,34,50,10,40,0,0,0
09,191,District - Azamgarh (60),Urban,30-34,24901,12182,12719,1782,1317,465,22721,10762,11959,289,77,212,50,13,37,59,13,46,0,0,0
09,191,District - Azamgarh (60),Urban,35-39,23411,11832,11579,555,403,152,22365,11294,11071,388,101,287,59,22,37,44,12,32,0,0,0
09,191,District - Azamgarh (60),Urban,40-44,19887,10060,9827,313,217,96,18802,9658,9144,679,157,522,42,17,25,51,11,40,0,0,0
09,191,District - Azamgarh (60),Urban,45-49,17164,8742,8422,154,110,44,16087,8426,7661,854,188,666,34,11,23,35,7,28,0,0,0
09,191,District - Azamgarh (60),Urban,50-54,13028,6945,6083,110,77,33,11866,6589,5277,1016,268,748,17,7,10,19,4,15,0,0,0
09,191,District - Azamgarh (60),Urban,55-59,10586,5339,5247,85,57,28,9377,4984,4393,1104,290,814,12,7,5,8,1,7,0,0,0
09,191,District - Azamgarh (60),Urban,60-64,9504,4992,4512,166,88,78,7629,4449,3180,1687,446,1241,12,5,7,10,4,6,0,0,0
09,191,District - Azamgarh (60),Urban,65-69,6433,3282,3151,193,103,90,4702,2702,2000,1525,475,1050,4,1,3,9,1,8,0,0,0
09,191,District - Azamgarh (60),Urban,70-74,4770,2541,2229,92,51,41,3006,1977,1029,1666,512,1154,3,1,2,3,0,3,0,0,0
09,191,District - Azamgarh (60),Urban,75-79,2164,1136,1028,32,18,14,1254,806,448,872,310,562,5,2,3,1,0,1,0,0,0
09,191,District - Azamgarh (60),Urban,80+,2758,1369,1389,251,137,114,1186,738,448,1315,489,826,3,3,0,3,2,1,0,0,0
09,191,District - Azamgarh (60),Urban,Age not stated,1397,760,637,805,469,336,550,278,272,40,13,27,1,0,1,1,0,1,0,0,0
09,191,District - Azamgarh (60),Urban,Less than 18,167882,86242,81640,165840,85663,80177,1957,559,1398,53,11,42,27,7,20,5,2,3,0,0,0
09,191,District - Azamgarh (60),Urban,Less than 21,200206,103307,96899,193942,101712,92230,6118,1553,4565,97,25,72,42,14,28,7,3,4,0,0,0
09,192,District - Mau (61),Total,All ages,2205968,1114709,1091259,1197231,646681,550550,929641,439710,489931,75562,26893,48669,2112,1034,1078,1422,391,1031,0,0,0
09,192,District - Mau (61),Total,0-9,516317,267932,248385,516317,267932,248385,0,0,0,0,0,0,0,0,0,0,0,0,0,0,0
09,192,District - Mau (61),Total,10-14,293821,150624,143197,288572,148844,139728,4977,1651,3326,156,60,96,89,57,32,27,12,15,0,0,0
09,192,District - Mau (61),Total,15-19,262360,132784,129576,242180,128095,114085,19720,4522,15198,325,118,207,106,44,62,29,5,24,0,0,0
09,192,District - Mau (61),Total,20-24,182717,93229,89488,100155,66395,33760,81637,26525,55112,576,196,380,220,81,139,129,32,97,0,0,0
09,192,District - Mau (61),Total,25-29,147523,71085,76438,25431,19466,5965,120602,51074,69528,1018,367,651,267,125,142,205,53,152,0,0,0
09,192,District - Mau (61),Total,30-34,133595,61695,71900,6537,4750,1787,124949,56241,68708,1577,499,1078,307,145,162,225,60,165,0,0,0
09,192,District - Mau (61),Total,35-39,131547,63442,68105,2560,1710,850,125858,60761,65097,2661,796,1865,262,122,140,206,53,153,0,0,0
09,192,District - Mau (61),Total,40-44,109034,54379,54655,1343,905,438,103618,52266,51352,3673,1054,2619,232,119,113,168,35,133,0,0,0
09,192,District - Mau (61),Total,45-49,93167,46445,46722,898,624,274,87522,44302,43220,4473,1412,3061,137,72,65,137,35,102,0,0,0
09,192,District - Mau (61),Total,50-54,74321,39208,35113,726,487,239,67603,36798,30805,5810,1854,3956,106,48,58,76,21,55,0,0,0
09,192,District - Mau (61),Total,55-59,62932,29716,33216,661,437,224,56354,27285,29069,5753,1903,3850,103,64,39,61,27,34,0,0,0
09,192,District - Mau (61),Total,60-64,64987,33419,31568,1123,683,440,52987,29166,23821,10715,3499,7216,106,52,54,56,19,37,0,0,0
09,192,District - Mau (61),Total,65-69,47373,24173,23200,1145,635,510,35984,19855,16129,10135,3625,6510,73,43,30,36,15,21,0,0,0
09,192,District - Mau (61),Total,70-74,35759,20058,15701,672,450,222,22551,14857,7694,12444,4700,7744,61,37,24,31,14,17,0,0,0
09,192,District - Mau (61),Total,75-79,16557,8706,7851,352,222,130,10129,5916,4213,6055,2560,3495,10,5,5,11,3,8,0,0,0
09,192,District - Mau (61),Total,80+,21331,11328,10003,1563,924,639,9934,6296,3638,9798,4092,5706,24,14,10,12,2,10,0,0,0
09,192,District - Mau (61),Total,Age not stated,12627,6486,6141,6996,4122,2874,5216,2195,3021,393,158,235,9,6,3,13,5,8,0,0,0
09,192,District - Mau (61),Total,Less than 18,970905,499205,471700,957829,495283,462546,12513,3684,8829,372,139,233,151,84,67,40,15,25,0,0,0
09,192,District - Mau (61),Total,Less than 21,1129259,580957,548302,1087033,569952,517081,41239,10634,30605,645,226,419,259,122,137,83,23,60,0,0,0
09,192,District - Mau (61),Rural,All ages,1706760,858843,847917,902741,488438,414303,739842,346316,393526,61731,22902,38829,1653,881,772,793,306,487,0,0,0
09,192,District - Mau (61),Rural,0-9,400037,208324,191713,400037,208324,191713,0,0,0,0,0,0,0,0,0,0,0,0,0,0,0
09,192,District - Mau (61),Rural,10-14,226251,116094,110157,221972,114646,107326,4059,1341,2718,128,50,78,72,46,26,20,11,9,0,0,0
09,192,District - Mau (61),Rural,15-19,198667,100318,98349,182090,96452,85638,16192,3719,12473,268,101,167,96,42,54,21,4,17,0,0,0
09,192,District - Mau (61),Rural,20-24,132994,66943,66051,65860,44980,20880,66415,21705,44710,467,166,301,173,70,103,79,22,57,0,0,0
09,192,District - Mau (61),Rural,25-29,111479,52758,58721,14605,11865,2740,95737,40444,55293,801,299,502,220,111,109,116,39,77,0,0,0
09,192,District - Mau (61),Rural,30-34,103004,46872,56132,3806,2949,857,97625,43355,54270,1232,400,832,227,122,105,114,46,68,0,0,0
09,192,District - Mau (61),Rural,35-39,102157,48756,53401,1561,1166,395,98170,46800,51370,2123,651,1472,195,99,96,108,40,68,0,0,0
09,192,District - Mau (61),Rural,40-44,84225,41634,42591,868,650,218,80235,39994,40241,2869,864,2005,171,97,74,82,29,53,0,0,0
09,192,District - Mau (61),Rural,45-49,72055,35477,36578,640,493,147,67782,33727,34055,3467,1172,2295,100,59,41,66,26,40,0,0,0
09,192,District - Mau (61),Rural,50-54,58337,30575,27762,548,395,153,53119,28571,24548,4547,1548,2999,81,42,39,42,19,23,0,0,0
09,192,District - Mau (61),Rural,55-59,50456,23523,26933,531,375,156,45322,21512,23810,4487,1561,2926,83,55,28,33,20,13,0,0,0
09,192,District - Mau (61),Rural,60-64,53514,27377,26137,919,597,322,43756,23721,20035,8716,2997,5719,85,45,40,38,17,21,0,0,0
09,192,District - Mau (61),Rural,65-69,39760,20230,19530,954,545,409,30319,16501,13818,8398,3132,5266,63,39,24,26,13,13,0,0,0
09,192,District - Mau (61),Rural,70-74,30299,17110,13189,560,389,171,19221,12630,6591,10444,4047,6397,50,31,19,24,13,11,0,0,0
09,192,District - Mau (61),Rural,75-79,13993,7346,6647,296,198,98,8625,4944,3681,5053,2196,2857,10,5,5,9,3,6,0,0,0
09,192,District - Mau (61),Rural,80+,18201,9714,8487,1293,769,524,8507,5367,3140,8374,3565,4809,19,12,7,8,1,7,0,0,0
09,192,District - Mau (61),Rural,Age not stated,11331,5792,5539,6201,3645,2556,4758,1985,2773,357,153,204,8,6,2,7,3,4,0,0,0
09,192,District - Mau (61),Rural,Less than 18,748872,385811,363061,738316,382635,355681,10097,2975,7122,302,116,186,129,72,57,28,13,15,0,0,0
09,192,District - Mau (61),Rural,Less than 21,867058,446606,420452,832428,437569,394859,33820,8719,25101,529,192,337,221,107,114,60,19,41,0,0,0
09,192,District - Mau (61),Urban,All ages,499208,255866,243342,294490,158243,136247,189799,93394,96405,13831,3991,9840,459,153,306,629,85,544,0,0,0
09,192,District - Mau (61),Urban,0-9,116280,59608,56672,116280,59608,56672,0,0,0,0,0,0,0,0,0,0,0,0,0,0,0
09,192,District - Mau (61),Urban,10-14,67570,34530,33040,66600,34198,32402,918,310,608,28,10,18,17,11,6,7,1,6,0,0,0
09,192,District - Mau (61),Urban,15-19,63693,32466,31227,60090,31643,28447,3528,803,2725,57,17,40,10,2,8,8,1,7,0,0,0
09,192,District - Mau (61),Urban,20-24,49723,26286,23437,34295,21415,12880,15222,4820,10402,109,30,79,47,11,36,50,10,40,0,0,0
09,192,District - Mau (61),Urban,25-29,36044,18327,17717,10826,7601,3225,24865,10630,14235,217,68,149,47,14,33,89,14,75,0,0,0
09,192,District - Mau (61),Urban,30-34,30591,14823,15768,2731,1801,930,27324,12886,14438,345,99,246,80,23,57,111,14,97,0,0,0
09,192,District - Mau (61),Urban,35-39,29390,14686,14704,999,544,455,27688,13961,13727,538,145,393,67,23,44,98,13,85,0,0,0
09,192,District - Mau (61),Urban,40-44,24809,12745,12064,475,255,220,23383,12272,11111,804,190,614,61,22,39,86,6,80,0,0,0
09,192,District - Mau (61),Urban,45-49,21112,10968,10144,258,131,127,19740,10575,9165,1006,240,766,37,13,24,71,9,62,0,0,0
09,192,District - Mau (61),Urban,50-54,15984,8633,7351,178,92,86,14484,8227,6257,1263,306,957,25,6,19,34,2,32,0,0,0
09,192,District - Mau (61),Urban,55-59,12476,6193,6283,130,62,68,11032,5773,5259,1266,342,924,20,9,11,28,7,21,0,0,0
09,192,District - Mau (61),Urban,60-64,11473,6042,5431,204,86,118,9231,5445,3786,1999,502,1497,21,7,14,18,2,16,0,0,0
09,192,District - Mau (61),Urban,65-69,7613,3943,3670,191,90,101,5665,3354,2311,1737,493,1244,10,4,6,10,2,8,0,0,0
09,192,District - Mau (61),Urban,70-74,5460,2948,2512,112,61,51,3330,2227,1103,2000,653,1347,11,6,5,7,1,6,0,0,0
09,192,District - Mau (61),Urban,75-79,2564,1360,1204,56,24,32,1504,972,532,1002,364,638,0,0,0,2,0,2,0,0,0
09,192,District - Mau (61),Urban,80+,3130,1614,1516,270,155,115,1427,929,498,1424,527,897,5,2,3,4,1,3,0,0,0
09,192,District - Mau (61),Urban,Age not stated,1296,694,602,795,477,318,458,210,248,36,5,31,1,0,1,6,2,4,0,0,0
09,192,District - Mau (61),Urban,Less than 18,222033,113394,108639,219513,112648,106865,2416,709,1707,70,23,47,22,12,10,12,2,10,0,0,0
09,192,District - Mau (61),Urban,Less than 21,262201,134351,127850,254605,132383,122222,7419,1915,5504,116,34,82,38,15,23,23,4,19,0,0,0
09,193,District - Ballia (62),Total,All ages,3239774,1672902,1566872,1654381,925450,728931,1462843,702320,760523,118233,43159,75074,3064,1487,1577,1253,486,767,0,0,0
09,193,District - Ballia (62),Total,0-9,715067,376042,339025,715067,376042,339025,0,0,0,0,0,0,0,0,0,0,0,0,0,0,0
09,193,District - Ballia (62),Total,10-14,408496,214040,194456,395917,209203,186714,12016,4585,7431,334,138,196,186,94,92,43,20,23,0,0,0
09,193,District - Ballia (62),Total,15-19,366063,195130,170933,327110,184316,142794,38066,10453,27613,625,241,384,216,100,116,46,20,26,0,0,0
09,193,District - Ballia (62),Total,20-24,257479,135719,121760,129386,91910,37476,126615,43289,83326,1109,379,730,255,110,145,114,31,83,0,0,0
09,193,District - Ballia (62),Total,25-29,228829,113109,115720,37237,30580,6657,189193,81666,107527,1907,680,1227,350,135,215,142,48,94,0,0,0
09,193,District - Ballia (62),Total,30-34,210745,100887,109858,10295,8264,2031,196926,91371,105555,2978,1019,1959,374,176,198,172,57,115,0,0,0
09,193,District - Ballia (62),Total,35-39,204228,100582,103646,3995,3035,960,195119,95755,99364,4588,1561,3027,361,170,191,165,61,104,0,0,0
09,193,District - Ballia (62),Total,40-44,167532,86321,81211,2452,1822,630,158435,82167,76268,6168,2102,4066,337,172,165,140,58,82,0,0,0
09,193,District - Ballia (62),Total,45-49,141857,70660,71197,1528,1103,425,133070,67041,66029,6913,2344,4569,240,126,114,106,46,60,0,0,0
09,193,District - Ballia (62),Total,50-54,114257,61376,52881,1396,985,411,103232,57062,46170,9335,3198,6137,200,100,100,94,31,63,0,0,0
09,193,District - Ballia (62),Total,55-59,97946,45609,52337,1288,892,396,87272,41353,45919,9192,3276,5916,148,68,80,46,20,26,0,0,0
09,193,District - Ballia (62),Total,60-64,102962,54221,48741,1828,1163,665,83308,47039,36269,17599,5896,11703,148,84,64,79,39,40,0,0,0
09,193,District - Ballia (62),Total,65-69,71961,36642,35319,1902,1105,797,54832,29890,24942,15117,5591,9526,76,42,34,34,14,20,0,0,0
09,193,District - Ballia (62),Total,70-74,55294,31165,24129,1168,744,424,35880,23619,12261,18143,6733,11410,71,50,21,32,19,13,0,0,0
09,193,District - Ballia (62),Total,75-79,24880,13150,11730,636,389,247,15619,9133,6486,8584,3607,4977,30,15,15,11,6,5,0,0,0
09,193,District - Ballia (62),Total,80+,35328,18886,16442,2866,1768,1098,17968,11111,6857,14438,5970,8468,43,30,13,13,7,6,0,0,0
09,193,District - Ballia (62),Total,Age not stated,36850,19363,17487,20310,12129,8181,15292,6786,8506,1203,424,779,29,15,14,16,9,7,0,0,0
09,193,District - Ballia (62),Total,Less than 18,1348227,708133,640094,1319610,698261,621349,27547,9430,18117,707,267,440,301,146,155,62,29,33,0,0,0
09,193,District - Ballia (62),Total,Less than 21,1568813,828543,740270,1489701,804349,685352,77262,23439,53823,1284,493,791,457,215,242,109,47,62,0,0,0
09,193,District - Ballia (62),Rural,All ages,2935665,1514018,1421647,1497913,836717,661196,1327295,636026,691269,106883,39595,67288,2466,1236,1230,1108,444,664,0,0,0
09,193,District - Ballia (62),Rural,0-9,654975,344415,310560,654975,344415,310560,0,0,0,0,0,0,0,0,0,0,0,0,0,0,0
09,193,District - Ballia (62),Rural,10-14,372778,195178,177600,361197,190758,170439,11069,4189,6880,311,129,182,164,86,78,37,16,21,0,0,0
09,193,District - Ballia (62),Rural,15-19,329665,175753,153912,293857,165798,128059,34996,9615,25381,578,233,345,192,89,103,42,18,24,0,0,0
09,193,District - Ballia (62),Rural,20-24,229031,120287,108744,111810,79999,31811,115890,39812,76078,1018,347,671,211,99,112,102,30,72,0,0,0
09,193,District - Ballia (62),Rural,25-29,204826,100702,104124,30987,25621,5366,171699,74306,97393,1740,622,1118,279,109,170,121,44,77,0,0,0
09,193,District - Ballia (62),Rural,30-34,189665,90396,99269,8655,6940,1715,177872,82334,95538,2697,928,1769,289,141,148,152,53,99,0,0,0
09,193,District - Ballia (62),Rural,35-39,184150,90365,93785,3479,2639,840,176131,86118,90013,4115,1415,2700,279,137,142,146,56,90,0,0,0
09,193,District - Ballia (62),Rural,40-44,150744,77568,73176,2175,1608,567,142630,73841,68789,5563,1932,3631,260,138,122,116,49,67,0,0,0
09,193,District - Ballia (62),Rural,45-49,127445,63248,64197,1363,976,387,119655,60014,59641,6148,2118,4030,183,99,84,96,41,55,0,0,0
09,193,District - Ballia (62),Rural,50-54,103072,55388,47684,1278,903,375,93159,51431,41728,8393,2942,5451,160,83,77,82,29,53,0,0,0
09,193,District - Ballia (62),Rural,55-59,88720,41232,47488,1172,823,349,79158,37329,41829,8231,3007,5224,116,54,62,43,19,24,0,0,0
09,193,District - Ballia (62),Rural,60-64,93754,49507,44247,1682,1079,603,76054,42918,33136,15826,5404,10422,123,70,53,69,36,33,0,0,0
09,193,District - Ballia (62),Rural,65-69,65828,33481,32347,1757,1033,724,50270,27233,23037,13701,5164,8537,66,37,29,34,14,20,0,0,0
09,193,District - Ballia (62),Rural,70-74,50702,28670,22032,1080,696,384,33056,21738,11318,16474,6172,10302,63,46,17,29,18,11,0,0,0
09,193,District - Ballia (62),Rural,75-79,22798,12053,10745,590,360,230,14433,8395,6038,7743,3280,4463,21,12,9,11,6,5,0,0,0
09,193,District - Ballia (62),Rural,80+,32660,17528,15132,2644,1639,1005,16755,10360,6395,13215,5499,7716,33,23,10,13,7,6,0,0,0
09,193,District - Ballia (62),Rural,Age not stated,34852,18247,16605,19212,11430,7782,14468,6393,8075,1130,403,727,27,13,14,15,8,7,0,0,0
09,193,District - Ballia (62),Rural,Less than 18,1230705,646279,584426,1204448,637247,567201,25282,8623,16659,655,254,401,266,131,135,54,24,30,0,0,0
09,193,District - Ballia (62),Rural,Less than 21,1428027,753970,674057,1355440,731750,623690,70899,21516,49383,1191,471,720,399,192,207,98,41,57,0,0,0
09,193,District - Ballia (62),Urban,All ages,304109,158884,145225,156468,88733,67735,135548,66294,69254,11350,3564,7786,598,251,347,145,42,103,0,0,0
09,193,District - Ballia (62),Urban,0-9,60092,31627,28465,60092,31627,28465,0,0,0,0,0,0,0,0,0,0,0,0,0,0,0
09,193,District - Ballia (62),Urban,10-14,35718,18862,16856,34720,18445,16275,947,396,551,23,9,14,22,8,14,6,4,2,0,0,0
09,193,District - Ballia (62),Urban,15-19,36398,19377,17021,33253,18518,14735,3070,838,2232,47,8,39,24,11,13,4,2,2,0,0,0
09,193,District - Ballia (62),Urban,20-24,28448,15432,13016,17576,11911,5665,10725,3477,7248,91,32,59,44,11,33,12,1,11,0,0,0
09,193,District - Ballia (62),Urban,25-29,24003,12407,11596,6250,4959,1291,17494,7360,10134,167,58,109,71,26,45,21,4,17,0,0,0
09,193,District - Ballia (62),Urban,30-34,21080,10491,10589,1640,1324,316,19054,9037,10017,281,91,190,85,35,50,20,4,16,0,0,0
09,193,District - Ballia (62),Urban,35-39,20078,10217,9861,516,396,120,18988,9637,9351,473,146,327,82,33,49,19,5,14,0,0,0
09,193,District - Ballia (62),Urban,40-44,16788,8753,8035,277,214,63,15805,8326,7479,605,170,435,77,34,43,24,9,15,0,0,0
09,193,District - Ballia (62),Urban,45-49,14412,7412,7000,165,127,38,13415,7027,6388,765,226,539,57,27,30,10,5,5,0,0,0
09,193,District - Ballia (62),Urban,50-54,11185,5988,5197,118,82,36,10073,5631,4442,942,256,686,40,17,23,12,2,10,0,0,0
09,193,District - Ballia (62),Urban,55-59,9226,4377,4849,116,69,47,8114,4024,4090,961,269,692,32,14,18,3,1,2,0,0,0
09,193,District - Ballia (62),Urban,60-64,9208,4714,4494,146,84,62,7254,4121,3133,1773,492,1281,25,14,11,10,3,7,0,0,0
09,193,District - Ballia (62),Urban,65-69,6133,3161,2972,145,72,73,4562,2657,1905,1416,427,989,10,5,5,0,0,0,0,0,0
09,193,District - Ballia (62),Urban,70-74,4592,2495,2097,88,48,40,2824,1881,943,1669,561,1108,8,4,4,3,1,2,0,0,0
09,193,District - Ballia (62),Urban,75-79,2082,1097,985,46,29,17,1186,738,448,841,327,514,9,3,6,0,0,0,0,0,0
09,193,District - Ballia (62),Urban,80+,2668,1358,1310,222,129,93,1213,751,462,1223,471,752,10,7,3,0,0,0,0,0,0
09,193,District - Ballia (62),Urban,Age not stated,1998,1116,882,1098,699,399,824,393,431,73,21,52,2,2,0,1,1,0,0,0,0
09,193,District - Ballia (62),Urban,Less than 18,117522,61854,55668,115162,61014,54148,2265,807,1458,52,13,39,35,15,20,8,5,3,0,0,0
09,193,District - Ballia (62),Urban,Less than 21,140786,74573,66213,134261,72599,61662,6363,1923,4440,93,22,71,58,23,35,11,6,5,0,0,0
09,194,District - Jaunpur (63),Total,All ages,4494204,2220465,2273739,2326394,1261970,1064424,1984906,897767,1087139,176249,57375,118874,4568,2434,2134,2087,919,1168,0,0,0
09,194,District - Jaunpur (63),Total,0-9,1021230,532207,489023,1021230,532207,489023,0,0,0,0,0,0,0,0,0,0,0,0,0,0,0
09,194,District - Jaunpur (63),Total,10-14,598761,309313,289448,585135,304535,280600,12826,4414,8412,476,185,291,279,153,126,45,26,19,0,0,0
09,194,District - Jaunpur (63),Total,15-19,527840,264143,263697,469912,250910,219002,56515,12684,43831,971,351,620,372,177,195,70,21,49,0,0,0
09,194,District - Jaunpur (63),Total,20-24,372524,179487,193037,156654,108743,47911,213613,69918,143695,1523,541,982,502,203,299,232,82,150,0,0,0
09,194,District - Jaunpur (63),Total,25-29,306098,139897,166201,33352,26498,6854,269399,112164,157235,2388,790,1598,634,318,316,325,127,198,0,0,0
09,194,District - Jaunpur (63),Total,30-34,271404,120650,150754,9202,7035,2167,257451,111890,145561,3857,1264,2593,582,316,266,312,145,167,0,0,0
09,194,District - Jaunpur (63),Total,35-39,260235,119668,140567,4028,2943,1085,249115,114497,134618,6247,1796,4451,566,306,260,279,126,153,0,0,0
09,194,District - Jaunpur (63),Total,40-44,211534,100282,111252,2342,1775,567,200329,95831,104498,8230,2344,5886,416,238,178,217,94,123,0,0,0
09,194,District - Jaunpur (63),Total,45-49,183853,87028,96825,1718,1297,421,171406,82434,88972,10268,3061,7207,307,163,144,154,73,81,0,0,0
09,194,District - Jaunpur (63),Total,50-54,150584,75970,74614,1431,1094,337,135639,70588,65051,13171,4108,9063,222,130,92,121,50,71,0,0,0
09,194,District - Jaunpur (63),Total,55-59,133442,61267,72175,1400,969,431,117820,55673,62147,13976,4480,9496,168,106,62,78,39,39,0,0,0
09,194,District - Jaunpur (63),Total,60-64,142298,70881,71417,2623,1677,946,113352,61222,52130,26055,7822,18233,191,118,73,77,42,35,0,0,0
09,194,District - Jaunpur (63),Total,65-69,102215,50787,51428,2888,1731,1157,75165,41327,33838,23995,7626,16369,113,70,43,54,33,21,0,0,0
09,194,District - Jaunpur (63),Total,70-74,75520,40162,35358,1805,1185,620,46383,30000,16383,27209,8905,18304,73,45,28,50,27,23,0,0,0
09,194,District - Jaunpur (63),Total,75-79,35840,17858,17982,1477,876,601,20575,11861,8714,13734,5083,8651,38,29,9,16,9,7,0,0,0
09,194,District - Jaunpur (63),Total,80+,50080,25073,25007,5128,3023,2105,22695,13645,9050,22173,8362,13811,53,28,25,31,15,16,0,0,0
09,194,District - Jaunpur (63),Total,Age not stated,50746,25792,24954,26069,15472,10597,22623,9619,13004,1976,657,1319,52,34,18,26,10,16,0,0,0
09,194,District - Jaunpur (63),Total,Less than 18,1947856,1006195,941661,1915013,995999,919014,31183,9502,21681,1093,397,696,485,256,229,82,41,41,0,0,0
09,194,District - Jaunpur (63),Total,Less than 21,2257960,1159620,1098340,2141305,1129806,1011499,113784,28680,85104,1930,700,1230,775,372,403,166,62,104,0,0,0
09,194,District - Jaunpur (63),Rural,All ages,4147624,2041217,2106407,2139301,1157758,981543,1838580,826176,1012404,163822,54175,109647,4122,2269,1853,1799,839,960,0,0,0
09,194,District - Jaunpur (63),Rural,0-9,951020,495484,455536,951020,495484,455536,0,0,0,0,0,0,0,0,0,0,0,0,0,0,0
09,194,District - Jaunpur (63),Rural,10-14,557407,287778,269629,544680,283335,261345,11991,4105,7886,443,172,271,250,140,110,43,26,17,0,0,0
09,194,District - Jaunpur (63),Rural,15-19,484491,241614,242877,429627,229161,200466,53568,11947,41621,903,332,571,333,156,177,60,18,42,0,0,0
09,194,District - Jaunpur (63),Rural,20-24,335956,160151,175805,133320,93501,39819,200579,65881,134698,1400,508,892,455,184,271,202,77,125,0,0,0
09,194,District - Jaunpur (63),Rural,25-29,277117,125037,152080,25647,20700,4947,248387,103184,145203,2218,738,1480,573,297,276,292,118,174,0,0,0
09,194,District - Jaunpur (63),Rural,30-34,247747,108856,138891,7282,5587,1695,236168,101664,134504,3533,1181,2352,498,289,209,266,135,131,0,0,0
09,194,District - Jaunpur (63),Rural,35-39,238149,108447,129702,3393,2495,898,228274,103883,124391,5736,1667,4069,511,291,220,235,111,124,0,0,0
09,194,District - Jaunpur (63),Rural,40-44,193325,90916,102409,1997,1525,472,183280,86901,96379,7499,2183,5316,373,224,149,176,83,93,0,0,0
09,194,District - Jaunpur (63),Rural,45-49,168428,79053,89375,1524,1157,367,157219,74842,82377,9289,2837,6452,276,153,123,120,64,56,0,0,0
09,194,District - Jaunpur (63),Rural,50-54,138574,69642,68932,1331,1025,306,124923,64617,60306,12017,3830,8187,203,126,77,100,44,56,0,0,0
09,194,District - Jaunpur (63),Rural,55-59,123604,56241,67363,1279,903,376,109363,51039,58324,12734,4162,8572,160,103,57,68,34,34,0,0,0
09,194,District - Jaunpur (63),Rural,60-64,133710,66547,67163,2458,1589,869,106772,57394,49378,24230,7416,16814,180,111,69,70,37,33,0,0,0
09,194,District - Jaunpur (63),Rural,65-69,96192,47754,48438,2667,1602,1065,71004,38875,32129,22366,7179,15187,106,66,40,49,32,17,0,0,0
09,194,District - Jaunpur (63),Rural,70-74,71375,38036,33339,1678,1112,566,43930,28363,15567,25650,8491,17159,68,43,25,49,27,22,0,0,0
09,194,District - Jaunpur (63),Rural,75-79,33891,16905,16986,1385,834,551,19531,11205,8326,12926,4833,8093,34,25,9,15,8,7,0,0,0
09,194,District - Jaunpur (63),Rural,80+,47303,23791,23512,4717,2784,1933,21568,12958,8610,20938,8007,12931,51,27,24,29,15,14,0,0,0
09,194,District - Jaunpur (63),Rural,Age not stated,49335,24965,24370,25296,14964,10332,22023,9318,12705,1940,639,1301,51,34,17,25,10,15,0,0,0
09,194,District - Jaunpur (63),Rural,Less than 18,1811067,934971,876096,1780227,925468,854759,29310,8857,20453,1020,374,646,434,233,201,76,39,37,0,0,0
09,194,District - Jaunpur (63),Rural,Less than 21,2092951,1073567,1019384,1982682,1045430,937252,107625,27083,80542,1793,659,1134,702,336,366,149,59,90,0,0,0
09,194,District - Jaunpur (63),Urban,All ages,346580,179248,167332,187093,104212,82881,146326,71591,74735,12427,3200,9227,446,165,281,288,80,208,0,0,0
09,194,District - Jaunpur (63),Urban,0-9,70210,36723,33487,70210,36723,33487,0,0,0,0,0,0,0,0,0,0,0,0,0,0,0
09,194,District - Jaunpur (63),Urban,10-14,41354,21535,19819,40455,21200,19255,835,309,526,33,13,20,29,13,16,2,0,2,0,0,0
09,194,District - Jaunpur (63),Urban,15-19,43349,22529,20820,40285,21749,18536,2947,737,2210,68,19,49,39,21,18,10,3,7,0,0,0
09,194,District - Jaunpur (63),Urban,20-24,36568,19336,17232,23334,15242,8092,13034,4037,8997,123,33,90,47,19,28,30,5,25,0,0,0
09,194,District - Jaunpur (63),Urban,25-29,28981,14860,14121,7705,5798,1907,21012,8980,12032,170,52,118,61,21,40,33,9,24,0,0,0
09,194,District - Jaunpur (63),Urban,30-34,23657,11794,11863,1920,1448,472,21283,10226,11057,324,83,241,84,27,57,46,10,36,0,0,0
09,194,District - Jaunpur (63),Urban,35-39,22086,11221,10865,635,448,187,20841,10614,10227,511,129,382,55,15,40,44,15,29,0,0,0
09,194,District - Jaunpur (63),Urban,40-44,18209,9366,8843,345,250,95,17049,8930,8119,731,161,570,43,14,29,41,11,30,0,0,0
09,194,District - Jaunpur (63),Urban,45-49,15425,7975,7450,194,140,54,14187,7592,6595,979,224,755,31,10,21,34,9,25,0,0,0
09,194,District - Jaunpur (63),Urban,50-54,12010,6328,5682,100,69,31,10716,5971,4745,1154,278,876,19,4,15,21,6,15,0,0,0
09,194,District - Jaunpur (63),Urban,55-59,9838,5026,4812,121,66,55,8457,4634,3823,1242,318,924,8,3,5,10,5,5,0,0,0
09,194,District - Jaunpur (63),Urban,60-64,8588,4334,4254,165,88,77,6580,3828,2752,1825,406,1419,11,7,4,7,5,2,0,0,0
09,194,District - Jaunpur (63),Urban,65-69,6023,3033,2990,221,129,92,4161,2452,1709,1629,447,1182,7,4,3,5,1,4,0,0,0
09,194,District - Jaunpur (63),Urban,70-74,4145,2126,2019,127,73,54,2453,1637,816,1559,414,1145,5,2,3,1,0,1,0,0,0
09,194,District - Jaunpur (63),Urban,75-79,1949,953,996,92,42,50,1044,656,388,808,250,558,4,4,0,1,1,0,0,0,0
09,194,District - Jaunpur (63),Urban,80+,2777,1282,1495,411,239,172,1127,687,440,1235,355,880,2,1,1,2,0,2,0,0,0
09,194,District - Jaunpur (63),Urban,Age not stated,1411,827,584,773,508,265,600,301,299,36,18,18,1,0,1,1,0,1,0,0,0
09,194,District - Jaunpur (63),Urban,Less than 18,136789,71224,65565,134786,70531,64255,1873,645,1228,73,23,50,51,23,28,6,2,4,0,0,0
09,194,District - Jaunpur (63),Urban,Less than 21,165009,86053,78956,158623,84376,74247,6159,1597,4562,137,41,96,73,36,37,17,3,14,0,0,0
09,195,District - Ghazipur (64),Total,All ages,3620268,1855075,1765193,1874019,1040965,833054,1605462,765214,840248,135589,46590,88999,3413,1635,1778,1785,671,1114,0,0,0
09,195,District - Ghazipur (64),Total,0-9,835427,437741,397686,835427,437741,397686,0,0,0,0,0,0,0,0,0,0,0,0,0,0,0
09,195,District - Ghazipur (64),Total,10-14,461695,240337,221358,450638,236480,214158,10489,3613,6876,321,127,194,204,95,109,43,22,21,0,0,0
09,195,District - Ghazipur (64),Total,15-19,404767,213785,190982,361922,203713,158209,41867,9719,32148,694,233,461,219,100,119,65,20,45,0,0,0
09,195,District - Ghazipur (64),Total,20-24,289036,150812,138224,134568,97467,37101,152858,52774,100084,1135,383,752,316,127,189,159,61,98,0,0,0
09,195,District - Ghazipur (64),Total,25-29,243668,118695,124973,33096,27300,5796,208033,90464,117569,1878,665,1213,427,195,232,234,71,163,0,0,0
09,195,District - Ghazipur (64),Total,30-34,223921,106239,117682,8638,6805,1833,211491,98116,113375,3125,1024,2101,424,206,218,243,88,155,0,0,0
09,195,District - Ghazipur (64),Total,35-39,215910,105210,110700,3641,2653,988,206836,100845,105991,4817,1432,3385,374,181,193,242,99,143,0,0,0
09,195,District - Ghazipur (64),Total,40-44,179083,90606,88477,2073,1519,554,169874,86874,83000,6587,1975,4612,356,176,180,193,62,131,0,0,0
09,195,District - Ghazipur (64),Total,45-49,155216,76856,78360,1411,1059,352,145435,73133,72302,7949,2461,5488,264,132,132,157,71,86,0,0,0
09,195,District - Ghazipur (64),Total,50-54,127005,66818,60187,1255,898,357,114878,62388,52490,10541,3395,7146,210,91,119,121,46,75,0,0,0
09,195,District - Ghazipur (64),Total,55-59,110155,51882,58273,1136,778,358,98068,47352,50716,10744,3655,7089,147,74,73,60,23,37,0,0,0
09,195,District - Ghazipur (64),Total,60-64,114712,59518,55194,2043,1278,765,92408,51728,40680,20016,6383,13633,165,94,71,80,35,45,0,0,0
09,195,District - Ghazipur (64),Total,65-69,80381,40976,39405,2201,1321,880,60131,33383,26748,17889,6207,11682,103,46,57,57,19,38,0,0,0
09,195,District - Ghazipur (64),Total,70-74,59655,32749,26906,1098,716,382,37226,24503,12723,21211,7464,13747,81,50,31,39,16,23,0,0,0
09,195,District - Ghazipur (64),Total,75-79,27032,14083,12949,628,377,251,16432,9786,6646,9923,3892,6031,29,16,13,20,12,8,0,0,0
09,195,District - Ghazipur (64),Total,80+,37333,19387,17946,3080,1879,1201,17429,10880,6549,16751,6592,10159,43,23,20,30,13,17,0,0,0
09,195,District - Ghazipur (64),Total,Age not stated,55272,29381,25891,31164,18981,12183,22007,9656,12351,2008,702,1306,51,29,22,42,13,29,0,0,0
09,195,District - Ghazipur (64),Total,Less than 18,1546918,809316,737602,1520342,801062,719280,25403,7794,17609,776,282,494,323,146,177,74,32,42,0,0,0
09,195,District - Ghazipur (64),Total,Less than 21,1790701,939392,851309,1703192,915855,787337,85528,22807,62721,1346,457,889,496,221,275,139,52,87,0,0,0
09,195,District - Ghazipur (64),Rural,All ages,3345908,1711651,1634257,1727261,958262,768999,1488626,707562,781064,125463,43724,81739,3063,1507,1556,1495,596,899,0,0,0
09,195,District - Ghazipur (64),Rural,0-9,778674,407893,370781,778674,407893,370781,0,0,0,0,0,0,0,0,0,0,0,0,0,0,0
09,195,District - Ghazipur (64),Rural,10-14,429291,223260,206031,418812,219611,199201,9942,3415,6527,305,122,183,193,91,102,39,21,18,0,0,0
09,195,District - Ghazipur (64),Rural,15-19,371242,196046,175196,330832,186538,144294,39483,9174,30309,662,225,437,204,90,114,61,19,42,0,0,0
09,195,District - Ghazipur (64),Rural,20-24,262029,136131,125898,117300,85945,31355,143235,49644,93591,1064,365,699,295,121,174,135,56,79,0,0,0
09,195,District - Ghazipur (64),Rural,25-29,222046,107614,114432,27083,22693,4390,192672,84073,108599,1729,610,1119,374,175,199,188,63,125,0,0,0
09,195,District - Ghazipur (64),Rural,30-34,205282,96805,108477,7028,5528,1500,194796,90044,104752,2880,959,1921,376,192,184,202,82,120,0,0,0
09,195,District - Ghazipur (64),Rural,35-39,198280,96264,102016,3104,2240,864,190265,92445,97820,4393,1329,3064,323,166,157,195,84,111,0,0,0
09,195,District - Ghazipur (64),Rural,40-44,164686,83064,81622,1829,1349,480,156386,79659,76727,6017,1848,4169,309,162,147,145,46,99,0,0,0
09,195,District - Ghazipur (64),Rural,45-49,142619,70477,72142,1243,942,301,133846,67071,66775,7168,2279,4889,232,122,110,130,63,67,0,0,0
09,195,District - Ghazipur (64),Rural,50-54,116876,61411,55465,1156,833,323,105841,57299,48542,9593,3159,6434,188,82,106,98,38,60,0,0,0
09,195,District - Ghazipur (64),Rural,55-59,101843,47714,54129,1071,736,335,90824,43501,47323,9762,3389,6373,134,68,66,52,20,32,0,0,0
09,195,District - Ghazipur (64),Rural,60-64,106987,55464,51523,1936,1220,716,86305,48126,38179,18520,5996,12524,156,89,67,70,33,37,0,0,0
09,195,District - Ghazipur (64),Rural,65-69,75249,38306,36943,2095,1256,839,56444,31168,25276,16560,5822,10738,96,43,53,54,17,37,0,0,0
09,195,District - Ghazipur (64),Rural,70-74,56072,30879,25193,1042,688,354,35079,23096,11983,19838,7032,12806,76,47,29,37,16,21,0,0,0
09,195,District - Ghazipur (64),Rural,75-79,25355,13178,12177,600,364,236,15437,9121,6316,9274,3666,5608,25,15,10,19,12,7,0,0,0
09,195,District - Ghazipur (64),Rural,80+,35228,18345,16883,2918,1783,1135,16510,10295,6215,15737,6237,9500,34,17,17,29,13,16,0,0,0
09,195,District - Ghazipur (64),Rural,Age not stated,54149,28800,25349,30538,18643,11895,21561,9431,12130,1961,686,1275,48,27,21,41,13,28,0,0,0
09,195,District - Ghazipur (64),Rural,Less than 18,1437875,751948,685927,1412825,744174,668651,23942,7339,16603,737,271,466,303,134,169,68,30,38,0,0,0
09,195,District - Ghazipur (64),Rural,Less than 21,1660245,870554,789691,1577702,848275,729427,80668,21581,59087,1284,443,841,465,206,259,126,49,77,0,0,0
09,195,District - Ghazipur (64),Urban,All ages,274360,143424,130936,146758,82703,64055,116836,57652,59184,10126,2866,7260,350,128,222,290,75,215,0,0,0
09,195,District - Ghazipur (64),Urban,0-9,56753,29848,26905,56753,29848,26905,0,0,0,0,0,0,0,0,0,0,0,0,0,0,0
09,195,District - Ghazipur (64),Urban,10-14,32404,17077,15327,31826,16869,14957,547,198,349,16,5,11,11,4,7,4,1,3,0,0,0
09,195,District - Ghazipur (64),Urban,15-19,33525,17739,15786,31090,17175,13915,2384,545,1839,32,8,24,15,10,5,4,1,3,0,0,0
09,195,District - Ghazipur (64),Urban,20-24,27007,14681,12326,17268,11522,5746,9623,3130,6493,71,18,53,21,6,15,24,5,19,0,0,0
09,195,District - Ghazipur (64),Urban,25-29,21622,11081,10541,6013,4607,1406,15361,6391,8970,149,55,94,53,20,33,46,8,38,0,0,0
09,195,District - Ghazipur (64),Urban,30-34,18639,9434,9205,1610,1277,333,16695,8072,8623,245,65,180,48,14,34,41,6,35,0,0,0
09,195,District - Ghazipur (64),Urban,35-39,17630,8946,8684,537,413,124,16571,8400,8171,424,103,321,51,15,36,47,15,32,0,0,0
09,195,District - Ghazipur (64),Urban,40-44,14397,7542,6855,244,170,74,13488,7215,6273,570,127,443,47,14,33,48,16,32,0,0,0
09,195,District - Ghazipur (64),Urban,45-49,12597,6379,6218,168,117,51,11589,6062,5527,781,182,599,32,10,22,27,8,19,0,0,0
09,195,District - Ghazipur (64),Urban,50-54,10129,5407,4722,99,65,34,9037,5089,3948,948,236,712,22,9,13,23,8,15,0,0,0
09,195,District - Ghazipur (64),Urban,55-59,8312,4168,4144,65,42,23,7244,3851,3393,982,266,716,13,6,7,8,3,5,0,0,0
09,195,District - Ghazipur (64),Urban,60-64,7725,4054,3671,107,58,49,6103,3602,2501,1496,387,1109,9,5,4,10,2,8,0,0,0
09,195,District - Ghazipur (64),Urban,65-69,5132,2670,2462,106,65,41,3687,2215,1472,1329,385,944,7,3,4,3,2,1,0,0,0
09,195,District - Ghazipur (64),Urban,70-74,3583,1870,1713,56,28,28,2147,1407,740,1373,432,941,5,3,2,2,0,2,0,0,0
09,195,District - Ghazipur (64),Urban,75-79,1677,905,772,28,13,15,995,665,330,649,226,423,4,1,3,1,0,1,0,0,0
09,195,District - Ghazipur (64),Urban,80+,2105,1042,1063,162,96,66,919,585,334,1014,355,659,9,6,3,1,0,1,0,0,0
09,195,District - Ghazipur (64),Urban,Age not stated,1123,581,542,626,338,288,446,225,221,47,16,31,3,2,1,1,0,1,0,0,0
09,195,District - Ghazipur (64),Urban,Less than 18,109043,57368,51675,107517,56888,50629,1461,455,1006,39,11,28,20,12,8,6,2,4,0,0,0
09,195,District - Ghazipur (64),Urban,Less than 21,130456,68838,61618,125490,67580,57910,4860,1226,3634,62,14,48,31,15,16,13,3,10,0,0,0
09,196,District - Chandauli (65),Total,All ages,1952756,1017905,934851,976985,548398,428587,904214,445199,459015,69020,23165,45855,1747,856,891,790,287,503,0,0,0
09,196,District - Chandauli (65),Total,0-9,455976,238688,217288,455976,238688,217288,0,0,0,0,0,0,0,0,0,0,0,0,0,0,0
09,196,District - Chandauli (65),Total,10-14,247411,130193,117218,242597,128527,114070,4622,1585,3037,110,40,70,70,38,32,12,3,9,0,0,0
09,196,District - Chandauli (65),Total,15-19,212657,114913,97744,182033,107966,74067,30190,6776,23414,318,121,197,97,45,52,19,5,14,0,0,0
09,196,District - Chandauli (65),Total,20-24,164182,87445,76737,65719,49586,16133,97561,37508,60053,633,249,384,177,75,102,92,27,65,0,0,0
09,196,District - Chandauli (65),Total,25-29,142469,71964,70505,16436,13531,2905,124615,57855,66760,1032,402,630,252,127,125,134,49,85,0,0,0
09,196,District - Chandauli (65),Total,30-34,129836,64041,65795,4146,3384,762,123605,59832,63773,1700,649,1051,258,123,135,127,53,74,0,0,0
09,196,District - Chandauli (65),Total,35-39,122337,62276,60061,1542,1178,364,117784,60082,57702,2661,859,1802,230,112,118,120,45,75,0,0,0
09,196,District - Chandauli (65),Total,40-44,100490,52965,47525,931,700,231,95660,50992,44668,3608,1149,2459,196,84,112,95,40,55,0,0,0
09,196,District - Chandauli (65),Total,45-49,84337,43212,41125,577,432,145,79400,41393,38007,4192,1308,2884,108,58,50,60,21,39,0,0,0
09,196,District - Chandauli (65),Total,50-54,66695,36319,30376,481,359,122,60726,34193,26533,5335,1693,3642,106,59,47,47,15,32,0,0,0
09,196,District - Chandauli (65),Total,55-59,57291,27179,30112,447,309,138,51436,25063,26373,5322,1760,3562,66,39,27,20,8,12,0,0,0
09,196,District - Chandauli (65),Total,60-64,60222,31226,28996,742,448,294,48994,27568,21426,10387,3167,7220,77,35,42,22,8,14,0,0,0
09,196,District - Chandauli (65),Total,65-69,42092,21589,20503,675,410,265,31803,18041,13762,9550,3105,6445,48,27,21,16,6,10,0,0,0
09,196,District - Chandauli (65),Total,70-74,30426,16682,13744,404,245,159,19272,12888,6384,10707,3530,7177,32,16,16,11,3,8,0,0,0
09,196,District - Chandauli (65),Total,75-79,13952,7276,6676,197,132,65,8458,5132,3326,5282,2002,3280,10,8,2,5,2,3,0,0,0
09,196,District - Chandauli (65),Total,80+,17089,9013,8076,1210,723,487,7863,5228,2635,7996,3053,4943,15,8,7,5,1,4,0,0,0
09,196,District - Chandauli (65),Total,Age not stated,5294,2924,2370,2872,1780,1092,2225,1063,1162,187,78,109,5,2,3,5,1,4,0,0,0
09,196,District - Chandauli (65),Total,Less than 18,832785,438529,394256,817954,434398,383556,14376,3940,10436,317,122,195,120,64,56,18,5,13,0,0,0
09,196,District - Chandauli (65),Total,Less than 21,964751,510310,454441,907039,494489,412550,56840,15483,41357,604,225,379,215,100,115,53,13,40,0,0,0
09,196,District - Chandauli (65),Rural,All ages,1710203,890630,819573,848751,475711,373040,799298,393168,406130,60085,20767,39318,1444,752,692,625,232,393,0,0,0
09,196,District - Chandauli (65),Rural,0-9,406300,212427,193873,406300,212427,193873,0,0,0,0,0,0,0,0,0,0,0,0,0,0,0
09,196,District - Chandauli (65),Rural,10-14,217623,114617,103006,213285,113139,100146,4176,1413,2763,101,38,63,54,26,28,7,1,6,0,0,0
09,196,District - Chandauli (65),Rural,15-19,183009,99241,83768,155025,92841,62184,27628,6252,21376,257,105,152,84,39,45,15,4,11,0,0,0
09,196,District - Chandauli (65),Rural,20-24,140090,74218,65872,51307,39606,11701,88024,34296,53728,544,227,317,143,66,77,72,23,49,0,0,0
09,196,District - Chandauli (65),Rural,25-29,123528,62188,61340,11680,9856,1824,110668,51828,58840,873,359,514,201,108,93,106,37,69,0,0,0
09,196,District - Chandauli (65),Rural,30-34,113455,55784,57671,2907,2362,545,108806,52692,56114,1436,577,859,210,112,98,96,41,55,0,0,0
09,196,District - Chandauli (65),Rural,35-39,106794,54515,52279,1107,842,265,103168,52772,50396,2246,769,1477,177,93,84,96,39,57,0,0,0
09,196,District - Chandauli (65),Rural,40-44,87017,45932,41085,707,542,165,83080,44272,38808,2997,1014,1983,156,71,85,77,33,44,0,0,0
09,196,District - Chandauli (65),Rural,45-49,72637,37171,35466,470,353,117,68524,35590,32934,3502,1156,2346,93,54,39,48,18,30,0,0,0
09,196,District - Chandauli (65),Rural,50-54,57536,31291,26245,396,308,88,52530,29423,23107,4489,1496,2993,89,54,35,32,10,22,0,0,0
09,196,District - Chandauli (65),Rural,55-59,50272,23409,26863,377,267,110,45314,21563,23751,4503,1535,2968,60,37,23,18,7,11,0,0,0
09,196,District - Chandauli (65),Rural,60-64,54121,28105,26016,647,391,256,44261,24813,19448,9124,2862,6262,72,33,39,17,6,11,0,0,0
09,196,District - Chandauli (65),Rural,65-69,37878,19428,18450,580,358,222,28837,16248,12589,8400,2790,5610,46,26,20,15,6,9,0,0,0
09,196,District - Chandauli (65),Rural,70-74,27405,15115,12290,345,216,129,17489,11692,5797,9530,3189,6341,30,15,15,11,3,8,0,0,0
09,196,District - Chandauli (65),Rural,75-79,12532,6521,6011,160,101,59,7675,4620,3055,4682,1790,2892,10,8,2,5,2,3,0,0,0
09,196,District - Chandauli (65),Rural,80+,15491,8190,7301,1008,592,416,7217,4799,2418,7246,2790,4456,15,8,7,5,1,4,0,0,0
09,196,District - Chandauli (65),Rural,Age not stated,4515,2478,2037,2450,1510,940,1901,895,1006,155,70,85,4,2,2,5,1,4,0,0,0
09,196,District - Chandauli (65),Rural,Less than 18,735809,387566,348243,722336,383838,338498,13094,3568,9526,270,109,161,97,48,49,12,3,9,0,0,0
09,196,District - Chandauli (65),Rural,Less than 21,848564,448992,399572,796108,434480,361628,51727,14222,37505,508,201,307,179,80,99,42,9,33,0,0,0
09,196,District - Chandauli (65),Urban,All ages,242553,127275,115278,128234,72687,55547,104916,52031,52885,8935,2398,6537,303,104,199,165,55,110,0,0,0
09,196,District - Chandauli (65),Urban,0-9,49676,26261,23415,49676,26261,23415,0,0,0,0,0,0,0,0,0,0,0,0,0,0,0
09,196,District - Chandauli (65),Urban,10-14,29788,15576,14212,29312,15388,13924,446,172,274,9,2,7,16,12,4,5,2,3,0,0,0
09,196,District - Chandauli (65),Urban,15-19,29648,15672,13976,27008,15125,11883,2562,524,2038,61,16,45,13,6,7,4,1,3,0,0,0
09,196,District - Chandauli (65),Urban,20-24,24092,13227,10865,14412,9980,4432,9537,3212,6325,89,22,67,34,9,25,20,4,16,0,0,0
09,196,District - Chandauli (65),Urban,25-29,18941,9776,9165,4756,3675,1081,13947,6027,7920,159,43,116,51,19,32,28,12,16,0,0,0
09,196,District - Chandauli (65),Urban,30-34,16381,8257,8124,1239,1022,217,14799,7140,7659,264,72,192,48,11,37,31,12,19,0,0,0
09,196,District - Chandauli (65),Urban,35-39,15543,7761,7782,435,336,99,14616,7310,7306,415,90,325,53,19,34,24,6,18,0,0,0
09,196,District - Chandauli (65),Urban,40-44,13473,7033,6440,224,158,66,12580,6720,5860,611,135,476,40,13,27,18,7,11,0,0,0
09,196,District - Chandauli (65),Urban,45-49,11700,6041,5659,107,79,28,10876,5803,5073,690,152,538,15,4,11,12,3,9,0,0,0
09,196,District - Chandauli (65),Urban,50-54,9159,5028,4131,85,51,34,8196,4770,3426,846,197,649,17,5,12,15,5,10,0,0,0
09,196,District - Chandauli (65),Urban,55-59,7019,3770,3249,70,42,28,6122,3500,2622,819,225,594,6,2,4,2,1,1,0,0,0
09,196,District - Chandauli (65),Urban,60-64,6101,3121,2980,95,57,38,4733,2755,1978,1263,305,958,5,2,3,5,2,3,0,0,0
09,196,District - Chandauli (65),Urban,65-69,4214,2161,2053,95,52,43,2966,1793,1173,1150,315,835,2,1,1,1,0,1,0,0,0
09,196,District - Chandauli (65),Urban,70-74,3021,1567,1454,59,29,30,1783,1196,587,1177,341,836,2,1,1,0,0,0,0,0,0
09,196,District - Chandauli (65),Urban,75-79,1420,755,665,37,31,6,783,512,271,600,212,388,0,0,0,0,0,0,0,0,0
09,196,District - Chandauli (65),Urban,80+,1598,823,775,202,131,71,646,429,217,750,263,487,0,0,0,0,0,0,0,0,0
09,196,District - Chandauli (65),Urban,Age not stated,779,446,333,422,270,152,324,168,156,32,8,24,1,0,1,0,0,0,0,0,0
09,196,District - Chandauli (65),Urban,Less than 18,96976,50963,46013,95618,50560,45058,1282,372,910,47,13,34,23,16,7,6,2,4,0,0,0
09,196,District - Chandauli (65),Urban,Less than 21,116187,61318,54869,110931,60009,50922,5113,1261,3852,96,24,72,36,20,16,11,4,7,0,0,0
09,197,District - Varanasi (66),Total,All ages,3676841,1921857,1754984,1872457,1062777,809680,1666778,815326,851452,131226,40902,90324,4079,1924,2155,2301,928,1373,0,0,0
09,197,District - Varanasi (66),Total,0-9,745637,394692,350945,745637,394692,350945,0,0,0,0,0,0,0,0,0,0,0,0,0,0,0
09,197,District - Varanasi (66),Total,10-14,453183,237732,215451,443566,234163,209403,9104,3362,5742,293,95,198,176,88,88,44,24,20,0,0,0
09,197,District - Varanasi (66),Total,15-19,428313,229883,198430,386603,220470,166133,40844,9085,31759,598,217,381,193,84,109,75,27,48,0,0,0
09,197,District - Varanasi (66),Total,20-24,346716,186901,159815,186320,132380,53940,158547,53895,104652,1144,377,767,460,170,290,245,79,166,0,0,0
09,197,District - Varanasi (66),Total,25-29,286608,145860,140748,57117,44395,12722,226401,100323,126078,2104,719,1385,619,284,335,367,139,228,0,0,0
09,197,District - Varanasi (66),Total,30-34,252459,125106,127353,14999,11712,3287,232922,111749,121173,3555,1199,2356,617,302,315,366,144,222,0,0,0
09,197,District - Varanasi (66),Total,35-39,239271,120862,118409,5415,4039,1376,227426,114836,112590,5504,1579,3925,577,269,308,349,139,210,0,0,0
09,197,District - Varanasi (66),Total,40-44,196584,102243,94341,2895,2101,794,185404,97622,87782,7552,2164,5388,468,245,223,265,111,154,0,0,0
09,197,District - Varanasi (66),Total,45-49,167756,86568,81188,1926,1378,548,156221,82453,73768,9115,2522,6593,306,140,166,188,75,113,0,0,0
09,197,District - Varanasi (66),Total,50-54,131369,70542,60827,1474,1022,452,118513,66085,52428,11036,3261,7775,211,109,102,135,65,70,0,0,0
09,197,District - Varanasi (66),Total,55-59,108139,53683,54456,1283,809,474,95456,49456,46000,11191,3316,7875,133,70,63,76,32,44,0,0,0
09,197,District - Varanasi (66),Total,60-64,104006,53584,50422,2144,1321,823,83527,47073,36454,18171,5103,13068,98,55,43,66,32,34,0,0,0
09,197,District - Varanasi (66),Total,65-69,74761,39016,35745,2298,1347,951,55413,32390,23023,16950,5231,11719,67,36,31,33,12,21,0,0,0
09,197,District - Varanasi (66),Total,70-74,53242,28651,24591,1299,802,497,33255,21940,11315,18599,5859,12740,56,32,24,33,18,15,0,0,0
09,197,District - Varanasi (66),Total,75-79,25623,13394,12229,837,499,338,15011,9380,5631,9734,3494,6240,27,13,14,14,8,6,0,0,0
09,197,District - Varanasi (66),Total,80+,34409,17601,16808,3705,2271,1434,15999,9879,6120,14637,5423,9214,42,13,29,26,15,11,0,0,0
09,197,District - Varanasi (66),Total,Age not stated,28765,15539,13226,14939,9376,5563,12735,5798,6937,1043,343,700,29,14,15,19,8,11,0,0,0
09,197,District - Varanasi (66),Total,Less than 18,1458500,770185,688315,1434502,762664,671838,22981,7123,15858,666,225,441,279,136,143,72,37,35,0,0,0
09,197,District - Varanasi (66),Total,Less than 21,1724413,914825,809588,1640370,893341,747029,82201,20832,61369,1187,390,797,479,202,277,176,60,116,0,0,0
09,197,District - Varanasi (66),Rural,All ages,2079790,1076526,1003264,1046572,589401,457171,954915,461094,493821,75015,24324,50691,2259,1179,1080,1029,528,501,0,0,0
09,197,District - Varanasi (66),Rural,0-9,459638,242918,216720,459638,242918,216720,0,0,0,0,0,0,0,0,0,0,0,0,0,0,0
09,197,District - Varanasi (66),Rural,10-14,273401,142844,130557,267903,140862,127041,5243,1876,3367,152,51,101,84,44,40,19,11,8,0,0,0
09,197,District - Varanasi (66),Rural,15-19,239709,128948,110761,211181,122855,88326,28054,5923,22131,323,108,215,105,45,60,46,17,29,0,0,0
09,197,District - Varanasi (66),Rural,20-24,180298,95254,85044,73651,56860,16791,105572,38009,67563,653,221,432,273,110,163,149,54,95,0,0,0
09,197,District - Varanasi (66),Rural,25-29,150247,74623,75624,14810,12486,2324,133768,61459,72309,1119,407,712,378,189,189,172,82,90,0,0,0
09,197,District - Varanasi (66),Rural,30-34,138429,66644,71785,3823,3108,715,132165,62615,69550,1942,652,1290,349,183,166,150,86,64,0,0,0
09,197,District - Varanasi (66),Rural,35-39,131040,65711,65329,1524,1175,349,126086,63387,62699,2989,905,2084,304,169,135,137,75,62,0,0,0
09,197,District - Varanasi (66),Rural,40-44,105830,54640,51190,897,707,190,100624,52516,48108,3991,1229,2762,221,135,86,97,53,44,0,0,0
09,197,District - Varanasi (66),Rural,45-49,87870,44888,42982,629,478,151,82256,42864,39392,4742,1414,3328,158,90,68,85,42,43,0,0,0
09,197,District - Varanasi (66),Rural,50-54,68888,36470,32418,455,359,96,62436,34185,28251,5821,1828,3993,116,60,56,60,38,22,0,0,0
09,197,District - Varanasi (66),Rural,55-59,58600,27963,30637,444,320,124,52186,25747,26439,5864,1833,4031,71,44,27,35,19,16,0,0,0
09,197,District - Varanasi (66),Rural,60-64,60228,30331,29897,1069,685,384,48711,26541,22170,10365,3053,7312,55,34,21,28,18,10,0,0,0
09,197,District - Varanasi (66),Rural,65-69,44664,22867,21797,1125,682,443,33261,18930,14331,10220,3222,6998,47,27,20,11,6,5,0,0,0
09,197,District - Varanasi (66),Rural,70-74,32012,17175,14837,561,372,189,19902,13048,6854,11494,3722,7772,41,23,18,14,10,4,0,0,0
09,197,District - Varanasi (66),Rural,75-79,15028,7661,7367,367,242,125,8903,5341,3562,5735,2066,3669,16,7,9,7,5,2,0,0,0
09,197,District - Varanasi (66),Rural,80+,20228,10320,9908,1620,995,625,9451,5863,3588,9116,3443,5673,27,11,16,14,8,6,0,0,0
09,197,District - Varanasi (66),Rural,Age not stated,13680,7269,6411,6875,4297,2578,6297,2790,3507,489,170,319,14,8,6,5,4,1,0,0,0
09,197,District - Varanasi (66),Rural,Less than 18,882129,465427,416702,867505,461114,406391,14098,4104,9994,353,117,236,140,74,66,33,18,15,0,0,0
09,197,District - Varanasi (66),Rural,Less than 21,1025336,542872,482464,968662,528681,439981,55653,13838,41815,659,213,446,258,107,151,104,33,71,0,0,0
09,197,District - Varanasi (66),Urban,All ages,1597051,845331,751720,825885,473376,352509,711863,354232,357631,56211,16578,39633,1820,745,1075,1272,400,872,0,0,0
09,197,District - Varanasi (66),Urban,0-9,285999,151774,134225,285999,151774,134225,0,0,0,0,0,0,0,0,0,0,0,0,0,0,0
09,197,District - Varanasi (66),Urban,10-14,179782,94888,84894,175663,93301,82362,3861,1486,2375,141,44,97,92,44,48,25,13,12,0,0,0
09,197,District - Varanasi (66),Urban,15-19,188604,100935,87669,175422,97615,77807,12790,3162,9628,275,109,166,88,39,49,29,10,19,0,0,0
09,197,District - Varanasi (66),Urban,20-24,166418,91647,74771,112669,75520,37149,52975,15886,37089,491,156,335,187,60,127,96,25,71,0,0,0
09,197,District - Varanasi (66),Urban,25-29,136361,71237,65124,42307,31909,10398,92633,38864,53769,985,312,673,241,95,146,195,57,138,0,0,0
09,197,District - Varanasi (66),Urban,30-34,114030,58462,55568,11176,8604,2572,100757,49134,51623,1613,547,1066,268,119,149,216,58,158,0,0,0
09,197,District - Varanasi (66),Urban,35-39,108231,55151,53080,3891,2864,1027,101340,51449,49891,2515,674,1841,273,100,173,212,64,148,0,0,0
09,197,District - Varanasi (66),Urban,40-44,90754,47603,43151,1998,1394,604,84780,45106,39674,3561,935,2626,247,110,137,168,58,110,0,0,0
09,197,District - Varanasi (66),Urban,45-49,79886,41680,38206,1297,900,397,73965,39589,34376,4373,1108,3265,148,50,98,103,33,70,0,0,0
09,197,District - Varanasi (66),Urban,50-54,62481,34072,28409,1019,663,356,56077,31900,24177,5215,1433,3782,95,49,46,75,27,48,0,0,0
09,197,District - Varanasi (66),Urban,55-59,49539,25720,23819,839,489,350,43270,23709,19561,5327,1483,3844,62,26,36,41,13,28,0,0,0
09,197,District - Varanasi (66),Urban,60-64,43778,23253,20525,1075,636,439,34816,20532,14284,7806,2050,5756,43,21,22,38,14,24,0,0,0
09,197,District - Varanasi (66),Urban,65-69,30097,16149,13948,1173,665,508,22152,13460,8692,6730,2009,4721,20,9,11,22,6,16,0,0,0
09,197,District - Varanasi (66),Urban,70-74,21230,11476,9754,738,430,308,13353,8892,4461,7105,2137,4968,15,9,6,19,8,11,0,0,0
09,197,District - Varanasi (66),Urban,75-79,10595,5733,4862,470,257,213,6108,4039,2069,3999,1428,2571,11,6,5,7,3,4,0,0,0
09,197,District - Varanasi (66),Urban,80+,14181,7281,6900,2085,1276,809,6548,4016,2532,5521,1980,3541,15,2,13,12,7,5,0,0,0
09,197,District - Varanasi (66),Urban,Age not stated,15085,8270,6815,8064,5079,2985,6438,3008,3430,554,173,381,15,6,9,14,4,10,0,0,0
09,197,District - Varanasi (66),Urban,Less than 18,576371,304758,271613,566997,301550,265447,8883,3019,5864,313,108,205,139,62,77,39,19,20,0,0,0
09,197,District - Varanasi (66),Urban,Less than 21,699077,371953,327124,671708,364660,307048,26548,6994,19554,528,177,351,221,95,126,72,27,45,0,0,0
09,198,District - Sant Ravidas Nagar (Bhadohi) (67),Total,All ages,1578213,807099,771114,819511,455663,363848,707125,333143,373982,49956,17455,32501,1141,616,525,480,222,258,0,0,0
09,198,District - Sant Ravidas Nagar (Bhadohi) (67),Total,0-9,378736,199091,179645,378736,199091,179645,0,0,0,0,0,0,0,0,0,0,0,0,0,0,0
09,198,District - Sant Ravidas Nagar (Bhadohi) (67),Total,10-14,213157,112249,100908,208172,110273,97899,4735,1854,2881,134,60,74,107,56,51,9,6,3,0,0,0
09,198,District - Sant Ravidas Nagar (Bhadohi) (67),Total,15-19,183671,97372,86299,160051,91589,68462,23252,5607,17645,249,112,137,102,58,44,17,6,11,0,0,0
09,198,District - Sant Ravidas Nagar (Bhadohi) (67),Total,20-24,139249,70831,68418,50907,38376,12531,87704,32179,55525,464,199,265,123,54,69,51,23,28,0,0,0
09,198,District - Sant Ravidas Nagar (Bhadohi) (67),Total,25-29,117481,56730,60751,10703,8808,1895,105714,47453,58261,835,354,481,143,76,67,86,39,47,0,0,0
09,198,District - Sant Ravidas Nagar (Bhadohi) (67),Total,30-34,103167,48354,54813,2846,2220,626,98791,45492,53299,1291,511,780,162,97,65,77,34,43,0,0,0
09,198,District - Sant Ravidas Nagar (Bhadohi) (67),Total,35-39,92583,45519,47064,1189,860,329,89286,43914,45372,1911,647,1264,130,68,62,67,30,37,0,0,0
09,198,District - Sant Ravidas Nagar (Bhadohi) (67),Total,40-44,73835,36688,37147,672,525,147,70261,35197,35064,2732,869,1863,118,71,47,52,26,26,0,0,0
09,198,District - Sant Ravidas Nagar (Bhadohi) (67),Total,45-49,62158,31181,30977,441,322,119,58422,29771,28651,3173,1021,2152,81,42,39,41,25,16,0,0,0
09,198,District - Sant Ravidas Nagar (Bhadohi) (67),Total,50-54,47913,25186,22727,364,263,101,43563,23555,20008,3902,1326,2576,56,30,26,28,12,16,0,0,0
09,198,District - Sant Ravidas Nagar (Bhadohi) (67),Total,55-59,41227,19028,22199,365,262,103,36926,17399,19527,3893,1344,2549,31,20,11,12,3,9,0,0,0
09,198,District - Sant Ravidas Nagar (Bhadohi) (67),Total,60-64,44039,22595,21444,600,367,233,36384,20034,16350,7007,2168,4839,34,19,15,14,7,7,0,0,0
09,198,District - Sant Ravidas Nagar (Bhadohi) (67),Total,65-69,30341,15427,14914,598,355,243,23265,12924,10341,6445,2136,4309,21,8,13,12,4,8,0,0,0
09,198,District - Sant Ravidas Nagar (Bhadohi) (67),Total,70-74,22130,11941,10189,362,236,126,14141,9087,5054,7606,2605,5001,18,11,7,3,2,1,0,0,0
09,198,District - Sant Ravidas Nagar (Bhadohi) (67),Total,75-79,10331,5317,5014,291,180,111,6333,3736,2597,3701,1400,2301,3,1,2,3,0,3,0,0,0
09,198,District - Sant Ravidas Nagar (Bhadohi) (67),Total,80+,13939,7281,6658,988,595,393,6466,4019,2447,6473,2660,3813,8,5,3,4,2,2,0,0,0
09,198,District - Sant Ravidas Nagar (Bhadohi) (67),Total,Age not stated,4256,2309,1947,2226,1341,885,1882,922,960,140,43,97,4,0,4,4,3,1,0,0,0
09,198,District - Sant Ravidas Nagar (Bhadohi) (67),Total,Less than 18,706316,371669,334647,693745,367542,326203,12076,3894,8182,298,130,168,179,94,85,18,9,9,0,0,0
09,198,District - Sant Ravidas Nagar (Bhadohi) (67),Total,Less than 21,815898,430012,385886,768411,416413,351998,46707,13236,33471,504,220,284,244,130,114,32,13,19,0,0,0
09,198,District - Sant Ravidas Nagar (Bhadohi) (67),Rural,All ages,1348911,686589,662322,693538,385077,308461,610913,285305,325608,43182,15482,27700,948,548,400,330,177,153,0,0,0
09,198,District - Sant Ravidas Nagar (Bhadohi) (67),Rural,0-9,327293,172346,154947,327293,172346,154947,0,0,0,0,0,0,0,0,0,0,0,0,0,0,0
09,198,District - Sant Ravidas Nagar (Bhadohi) (67),Rural,10-14,183422,96714,86708,179030,94991,84039,4163,1608,2555,125,56,69,96,53,43,8,6,2,0,0,0
09,198,District - Sant Ravidas Nagar (Bhadohi) (67),Rural,15-19,155031,82011,73020,133757,76818,56939,20949,5037,15912,225,100,125,89,50,39,11,6,5,0,0,0
09,198,District - Sant Ravidas Nagar (Bhadohi) (67),Rural,20-24,116528,58258,58270,37833,29177,8656,78149,28841,49308,405,176,229,104,45,59,37,19,18,0,0,0
09,198,District - Sant Ravidas Nagar (Bhadohi) (67),Rural,25-29,99250,47064,52186,6938,5766,1172,91406,40872,50534,732,328,404,113,65,48,61,33,28,0,0,0
09,198,District - Sant Ravidas Nagar (Bhadohi) (67),Rural,30-34,87655,40484,47171,2031,1588,443,84316,38330,45986,1123,457,666,134,84,50,51,25,26,0,0,0
09,198,District - Sant Ravidas Nagar (Bhadohi) (67),Rural,35-39,78436,38223,40213,946,682,264,75728,36895,38833,1619,562,1057,103,62,41,40,22,18,0,0,0
09,198,District - Sant Ravidas Nagar (Bhadohi) (67),Rural,40-44,62378,30678,31700,547,434,113,59371,29411,29960,2332,751,1581,97,65,32,31,17,14,0,0,0
09,198,District - Sant Ravidas Nagar (Bhadohi) (67),Rural,45-49,52554,26138,26416,373,278,95,49389,24909,24480,2696,893,1803,65,37,28,31,21,10,0,0,0
09,198,District - Sant Ravidas Nagar (Bhadohi) (67),Rural,50-54,40806,21327,19479,319,240,79,37107,19868,17239,3315,1183,2132,47,28,19,18,8,10,0,0,0
09,198,District - Sant Ravidas Nagar (Bhadohi) (67),Rural,55-59,35587,16279,19308,317,238,79,31966,14836,17130,3272,1183,2089,25,19,6,7,3,4,0,0,0
09,198,District - Sant Ravidas Nagar (Bhadohi) (67),Rural,60-64,38670,19784,18886,531,328,203,32119,17535,14584,5979,1897,4082,28,17,11,13,7,6,0,0,0
09,198,District - Sant Ravidas Nagar (Bhadohi) (67),Rural,65-69,26810,13612,13198,521,311,210,20663,11407,9256,5595,1883,3712,21,8,13,10,3,7,0,0,0
09,198,District - Sant Ravidas Nagar (Bhadohi) (67),Rural,70-74,19585,10627,8958,314,205,109,12620,8084,4536,6635,2327,4308,13,9,4,3,2,1,0,0,0
09,198,District - Sant Ravidas Nagar (Bhadohi) (67),Rural,75-79,9182,4744,4438,253,163,90,5663,3326,2337,3261,1254,2007,3,1,2,2,0,2,0,0,0
09,198,District - Sant Ravidas Nagar (Bhadohi) (67),Rural,80+,12326,6460,5866,811,488,323,5755,3572,2183,5750,2393,3357,7,5,2,3,2,1,0,0,0
09,198,District - Sant Ravidas Nagar (Bhadohi) (67),Rural,Age not stated,3398,1840,1558,1724,1024,700,1549,774,775,118,39,79,3,0,3,4,3,1,0,0,0
09,198,District - Sant Ravidas Nagar (Bhadohi) (67),Rural,Less than 18,607830,320288,287542,596710,316659,280051,10670,3413,7257,277,120,157,160,87,73,13,9,4,0,0,0
09,198,District - Sant Ravidas Nagar (Bhadohi) (67),Rural,Less than 21,699303,368587,330716,656704,356376,300328,41902,11884,30018,456,198,258,217,117,100,24,12,12,0,0,0
09,198,District - Sant Ravidas Nagar (Bhadohi) (67),Urban,All ages,229302,120510,108792,125973,70586,55387,96212,47838,48374,6774,1973,4801,193,68,125,150,45,105,0,0,0
09,198,District - Sant Ravidas Nagar (Bhadohi) (67),Urban,0-9,51443,26745,24698,51443,26745,24698,0,0,0,0,0,0,0,0,0,0,0,0,0,0,0
09,198,District - Sant Ravidas Nagar (Bhadohi) (67),Urban,10-14,29735,15535,14200,29142,15282,13860,572,246,326,9,4,5,11,3,8,1,0,1,0,0,0
09,198,District - Sant Ravidas Nagar (Bhadohi) (67),Urban,15-19,28640,15361,13279,26294,14771,11523,2303,570,1733,24,12,12,13,8,5,6,0,6,0,0,0
09,198,District - Sant Ravidas Nagar (Bhadohi) (67),Urban,20-24,22721,12573,10148,13074,9199,3875,9555,3338,6217,59,23,36,19,9,10,14,4,10,0,0,0
09,198,District - Sant Ravidas Nagar (Bhadohi) (67),Urban,25-29,18231,9666,8565,3765,3042,723,14308,6581,7727,103,26,77,30,11,19,25,6,19,0,0,0
09,198,District - Sant Ravidas Nagar (Bhadohi) (67),Urban,30-34,15512,7870,7642,815,632,183,14475,7162,7313,168,54,114,28,13,15,26,9,17,0,0,0
09,198,District - Sant Ravidas Nagar (Bhadohi) (67),Urban,35-39,14147,7296,6851,243,178,65,13558,7019,6539,292,85,207,27,6,21,27,8,19,0,0,0
09,198,District - Sant Ravidas Nagar (Bhadohi) (67),Urban,40-44,11457,6010,5447,125,91,34,10890,5786,5104,400,118,282,21,6,15,21,9,12,0,0,0
09,198,District - Sant Ravidas Nagar (Bhadohi) (67),Urban,45-49,9604,5043,4561,68,44,24,9033,4862,4171,477,128,349,16,5,11,10,4,6,0,0,0
09,198,District - Sant Ravidas Nagar (Bhadohi) (67),Urban,50-54,7107,3859,3248,45,23,22,6456,3687,2769,587,143,444,9,2,7,10,4,6,0,0,0
09,198,District - Sant Ravidas Nagar (Bhadohi) (67),Urban,55-59,5640,2749,2891,48,24,24,4960,2563,2397,621,161,460,6,1,5,5,0,5,0,0,0
09,198,District - Sant Ravidas Nagar (Bhadohi) (67),Urban,60-64,5369,2811,2558,69,39,30,4265,2499,1766,1028,271,757,6,2,4,1,0,1,0,0,0
09,198,District - Sant Ravidas Nagar (Bhadohi) (67),Urban,65-69,3531,1815,1716,77,44,33,2602,1517,1085,850,253,597,0,0,0,2,1,1,0,0,0
09,198,District - Sant Ravidas Nagar (Bhadohi) (67),Urban,70-74,2545,1314,1231,48,31,17,1521,1003,518,971,278,693,5,2,3,0,0,0,0,0,0
09,198,District - Sant Ravidas Nagar (Bhadohi) (67),Urban,75-79,1149,573,576,38,17,21,670,410,260,440,146,294,0,0,0,1,0,1,0,0,0
09,198,District - Sant Ravidas Nagar (Bhadohi) (67),Urban,80+,1613,821,792,177,107,70,711,447,264,723,267,456,1,0,1,1,0,1,0,0,0
09,198,District - Sant Ravidas Nagar (Bhadohi) (67),Urban,Age not stated,858,469,389,502,317,185,333,148,185,22,4,18,1,0,1,0,0,0,0,0,0
09,198,District - Sant Ravidas Nagar (Bhadohi) (67),Urban,Less than 18,98486,51381,47105,97035,50883,46152,1406,481,925,21,10,11,19,7,12,5,0,5,0,0,0
09,198,District - Sant Ravidas Nagar (Bhadohi) (67),Urban,Less than 21,116595,61425,55170,111707,60037,51670,4805,1352,3453,48,22,26,27,13,14,8,1,7,0,0,0
09,199,District - Mirzapur (68),Total,All ages,2496970,1312302,1184668,1274034,721203,552831,1132923,561014,571909,86851,28531,58320,2297,1170,1127,865,384,481,0,0,0
09,199,District - Mirzapur (68),Total,0-9,594832,312596,282236,594832,312596,282236,0,0,0,0,0,0,0,0,0,0,0,0,0,0,0
09,199,District - Mirzapur (68),Total,10-14,324099,171021,153078,317232,168439,148793,6524,2435,4089,196,69,127,132,71,61,15,7,8,0,0,0
09,199,District - Mirzapur (68),Total,15-19,268119,148076,120043,234174,140334,93840,33377,7520,25857,409,155,254,129,55,74,30,12,18,0,0,0
09,199,District - Mirzapur (68),Total,20-24,217387,118268,99119,86499,67770,18729,129662,50013,79649,848,327,521,278,120,158,100,38,62,0,0,0
09,199,District - Mirzapur (68),Total,25-29,186091,95703,90388,20383,17195,3188,163723,77659,86064,1512,628,884,325,155,170,148,66,82,0,0,0
09,199,District - Mirzapur (68),Total,30-34,167921,83678,84243,5526,4477,1049,159520,78032,81488,2402,926,1476,327,180,147,146,63,83,0,0,0
09,199,District - Mirzapur (68),Total,35-39,155729,80427,75302,2295,1771,524,149334,77155,72179,3682,1287,2395,296,152,144,122,62,60,0,0,0
09,199,District - Mirzapur (68),Total,40-44,124960,66054,58906,1345,1022,323,118316,63233,55083,4953,1613,3340,248,136,112,98,50,48,0,0,0
09,199,District - Mirzapur (68),Total,45-49,103567,53770,49797,882,684,198,96758,51101,45657,5719,1877,3842,154,83,71,54,25,29,0,0,0
09,199,District - Mirzapur (68),Total,50-54,80605,43799,36806,653,484,169,72622,40928,31694,7159,2302,4857,126,68,58,45,17,28,0,0,0
09,199,District - Mirzapur (68),Total,55-59,66739,31842,34897,550,382,168,59597,29340,30257,6471,2063,4408,88,46,42,33,11,22,0,0,0
09,199,District - Mirzapur (68),Total,60-64,70371,36302,34069,1145,698,447,56950,31904,25046,12178,3647,8531,79,42,37,19,11,8,0,0,0
09,199,District - Mirzapur (68),Total,65-69,50090,25221,24869,1133,707,426,37886,21079,16807,11002,3404,7598,47,23,24,22,8,14,0,0,0
09,199,District - Mirzapur (68),Total,70-74,37776,20259,17517,696,460,236,23780,15663,8117,13253,4109,9144,33,20,13,14,7,7,0,0,0
09,199,District - Mirzapur (68),Total,75-79,17699,8952,8747,419,272,147,10870,6454,4416,6384,2213,4171,15,9,6,11,4,7,0,0,0
09,199,District - Mirzapur (68),Total,80+,23493,12119,11374,2028,1219,809,11007,7074,3933,10440,3817,6623,14,9,5,4,0,4,0,0,0
09,199,District - Mirzapur (68),Total,Age not stated,7492,4215,3277,4242,2693,1549,2997,1424,1573,243,94,149,6,1,5,4,3,1,0,0,0
09,199,District - Mirzapur (68),Total,Less than 18,1083434,573575,509859,1065915,568039,497876,16842,5265,11577,460,160,300,192,98,94,25,13,12,0,0,0
09,199,District - Mirzapur (68),Total,Less than 21,1250465,667296,583169,1181304,647999,533305,67941,18823,49118,820,294,526,330,153,177,70,27,43,0,0,0
09,199,District - Mirzapur (68),Rural,All ages,2149403,1127138,1022265,1094295,616992,477303,978996,484189,494807,73515,24605,48910,1945,1047,898,652,305,347,0,0,0
09,199,District - Mirzapur (68),Rural,0-9,526009,276229,249780,526009,276229,249780,0,0,0,0,0,0,0,0,0,0,0,0,0,0,0
09,199,District - Mirzapur (68),Rural,10-14,283901,149629,134272,277984,147431,130553,5624,2071,3553,163,56,107,116,64,52,14,7,7,0,0,0
09,199,District - Mirzapur (68),Rural,15-19,227722,125795,101927,197190,118931,78259,30071,6677,23394,328,130,198,113,48,65,20,9,11,0,0,0
09,199,District - Mirzapur (68),Rural,20-24,182012,97954,84058,64913,52206,12707,116038,45314,70724,742,289,453,239,111,128,80,34,46,0,0,0
09,199,District - Mirzapur (68),Rural,25-29,157091,80384,76707,13099,11385,1714,142316,68267,74049,1282,536,746,269,139,130,125,57,68,0,0,0
09,199,District - Mirzapur (68),Rural,30-34,143360,71099,72261,3582,2980,602,137330,67103,70227,2077,809,1268,267,159,108,104,48,56,0,0,0
09,199,District - Mirzapur (68),Rural,35-39,132764,68670,64094,1603,1235,368,127778,66170,61608,3043,1088,1955,254,137,117,86,40,46,0,0,0
09,199,District - Mirzapur (68),Rural,40-44,105779,55873,49906,960,738,222,100431,53586,46845,4111,1385,2726,208,126,82,69,38,31,0,0,0
09,199,District - Mirzapur (68),Rural,45-49,87150,45302,41848,642,518,124,81695,43084,38611,4658,1617,3041,122,66,56,33,17,16,0,0,0
09,199,District - Mirzapur (68),Rural,50-54,67762,36825,30937,503,379,124,61308,34429,26879,5808,1941,3867,108,61,47,35,15,20,0,0,0
09,199,District - Mirzapur (68),Rural,55-59,56643,26755,29888,455,322,133,50861,24689,26172,5219,1692,3527,79,43,36,29,9,20,0,0,0
09,199,District - Mirzapur (68),Rural,60-64,60708,31280,29428,950,593,357,49558,27563,21995,10119,3077,7042,67,37,30,14,10,4,0,0,0
09,199,District - Mirzapur (68),Rural,65-69,43838,21973,21865,939,593,346,33415,18393,15022,9426,2959,6467,43,21,22,15,7,8,0,0,0
09,199,District - Mirzapur (68),Rural,70-74,33311,17904,15407,597,405,192,21089,13861,7228,11583,3613,7970,30,18,12,12,7,5,0,0,0
09,199,District - Mirzapur (68),Rural,75-79,15682,7930,7752,354,233,121,9747,5735,4012,5559,1950,3609,13,8,5,9,4,5,0,0,0
09,199,District - Mirzapur (68),Rural,80+,20647,10700,9947,1656,1005,651,9746,6292,3454,9228,3395,5833,13,8,5,4,0,4,0,0,0
09,199,District - Mirzapur (68),Rural,Age not stated,5024,2836,2188,2859,1809,1050,1989,955,1034,169,68,101,4,1,3,3,3,0,0,0,0
09,199,District - Mirzapur (68),Rural,Less than 18,950875,503018,447857,935586,498279,437307,14726,4507,10219,374,134,240,169,88,81,20,10,10,0,0,0
09,199,District - Mirzapur (68),Rural,Less than 21,1091011,581509,509502,1028963,564184,464779,61025,16919,44106,679,247,432,289,137,152,55,22,33,0,0,0
09,199,District - Mirzapur (68),Urban,All ages,347567,185164,162403,179739,104211,75528,153927,76825,77102,13336,3926,9410,352,123,229,213,79,134,0,0,0
09,199,District - Mirzapur (68),Urban,0-9,68823,36367,32456,68823,36367,32456,0,0,0,0,0,0,0,0,0,0,0,0,0,0,0
09,199,District - Mirzapur (68),Urban,10-14,40198,21392,18806,39248,21008,18240,900,364,536,33,13,20,16,7,9,1,0,1,0,0,0
09,199,District - Mirzapur (68),Urban,15-19,40397,22281,18116,36984,21403,15581,3306,843,2463,81,25,56,16,7,9,10,3,7,0,0,0
09,199,District - Mirzapur (68),Urban,20-24,35375,20314,15061,21586,15564,6022,13624,4699,8925,106,38,68,39,9,30,20,4,16,0,0,0
09,199,District - Mirzapur (68),Urban,25-29,29000,15319,13681,7284,5810,1474,21407,9392,12015,230,92,138,56,16,40,23,9,14,0,0,0
09,199,District - Mirzapur (68),Urban,30-34,24561,12579,11982,1944,1497,447,22190,10929,11261,325,117,208,60,21,39,42,15,27,0,0,0
09,199,District - Mirzapur (68),Urban,35-39,22965,11757,11208,692,536,156,21556,10985,10571,639,199,440,42,15,27,36,22,14,0,0,0
09,199,District - Mirzapur (68),Urban,40-44,19181,10181,9000,385,284,101,17885,9647,8238,842,228,614,40,10,30,29,12,17,0,0,0
09,199,District - Mirzapur (68),Urban,45-49,16417,8468,7949,240,166,74,15063,8017,7046,1061,260,801,32,17,15,21,8,13,0,0,0
09,199,District - Mirzapur (68),Urban,50-54,12843,6974,5869,150,105,45,11314,6499,4815,1351,361,990,18,7,11,10,2,8,0,0,0
09,199,District - Mirzapur (68),Urban,55-59,10096,5087,5009,95,60,35,8736,4651,4085,1252,371,881,9,3,6,4,2,2,0,0,0
09,199,District - Mirzapur (68),Urban,60-64,9663,5022,4641,195,105,90,7392,4341,3051,2059,570,1489,12,5,7,5,1,4,0,0,0
09,199,District - Mirzapur (68),Urban,65-69,6252,3248,3004,194,114,80,4471,2686,1785,1576,445,1131,4,2,2,7,1,6,0,0,0
09,199,District - Mirzapur (68),Urban,70-74,4465,2355,2110,99,55,44,2691,1802,889,1670,496,1174,3,2,1,2,0,2,0,0,0
09,199,District - Mirzapur (68),Urban,75-79,2017,1022,995,65,39,26,1123,719,404,825,263,562,2,1,1,2,0,2,0,0,0
09,199,District - Mirzapur (68),Urban,80+,2846,1419,1427,372,214,158,1261,782,479,1212,422,790,1,1,0,0,0,0,0,0,0
09,199,District - Mirzapur (68),Urban,Age not stated,2468,1379,1089,1383,884,499,1008,469,539,74,26,48,2,0,2,1,0,1,0,0,0
09,199,District - Mirzapur (68),Urban,Less than 18,132559,70557,62002,130329,69760,60569,2116,758,1358,86,26,60,23,10,13,5,3,2,0,0,0
09,199,District - Mirzapur (68),Urban,Less than 21,159454,85787,73667,152341,83815,68526,6916,1904,5012,141,47,94,41,16,25,15,5,10,0,0,0
09,200,District - Sonbhadra (69),Total,All ages,1862559,971344,891215,955660,527438,428222,851507,424283,427224,52497,18309,34188,2235,1065,1170,660,249,411,0,0,0
09,200,District - Sonbhadra (69),Total,0-9,469101,243082,226019,469101,243082,226019,0,0,0,0,0,0,0,0,0,0,0,0,0,0,0
09,200,District - Sonbhadra (69),Total,10-14,247413,128302,119111,243087,126727,116360,4080,1458,2622,97,48,49,139,65,74,10,4,6,0,0,0
09,200,District - Sonbhadra (69),Total,15-19,188531,102164,86367,163281,96875,66406,24859,5146,19713,218,74,144,147,64,83,26,5,21,0,0,0
09,200,District - Sonbhadra (69),Total,20-24,156577,81176,75401,56676,42766,13910,98858,37965,60893,653,272,381,301,140,161,89,33,56,0,0,0
09,200,District - Sonbhadra (69),Total,25-29,142316,72521,69795,14117,11438,2679,126561,60414,66147,1197,467,730,318,156,162,123,46,77,0,0,0
09,200,District - Sonbhadra (69),Total,30-34,125082,62469,62613,3234,2572,662,119690,59054,60636,1730,653,1077,318,151,167,110,39,71,0,0,0
09,200,District - Sonbhadra (69),Total,35-39,118578,61553,57025,1084,833,251,114497,59726,54771,2645,837,1808,260,122,138,92,35,57,0,0,0
09,200,District - Sonbhadra (69),Total,40-44,94827,49966,44861,624,461,163,90728,48293,42435,3178,1074,2104,229,110,119,68,28,40,0,0,0
09,200,District - Sonbhadra (69),Total,45-49,80427,41850,38577,386,263,123,76162,40307,35855,3707,1200,2507,134,64,70,38,16,22,0,0,0
09,200,District - Sonbhadra (69),Total,50-54,61723,34328,27395,293,187,106,56737,32576,24161,4555,1502,3053,107,50,57,31,13,18,0,0,0
09,200,District - Sonbhadra (69),Total,55-59,48475,24873,23602,265,162,103,44078,23228,20850,4042,1440,2602,76,34,42,14,9,5,0,0,0
09,200,District - Sonbhadra (69),Total,60-64,45873,23897,21976,515,291,224,38176,21384,16792,7079,2182,4897,78,30,48,25,10,15,0,0,0
09,200,District - Sonbhadra (69),Total,65-69,32937,17157,15780,473,279,194,25874,14589,11285,6524,2256,4268,56,31,25,10,2,8,0,0,0
09,200,District - Sonbhadra (69),Total,70-74,23628,13471,10157,299,176,123,16001,10708,5293,7274,2556,4718,42,29,13,12,2,10,0,0,0
09,200,District - Sonbhadra (69),Total,75-79,10952,5608,5344,189,102,87,7097,4128,2969,3653,1371,2282,10,5,5,3,2,1,0,0,0
09,200,District - Sonbhadra (69),Total,80+,14278,7904,6374,995,598,397,7368,4935,2433,5894,2356,3538,14,11,3,7,4,3,0,0,0
09,200,District - Sonbhadra (69),Total,Age not stated,1841,1023,818,1041,626,415,741,372,369,51,21,30,6,3,3,2,1,1,0,0,0
09,200,District - Sonbhadra (69),Total,Less than 18,832960,434132,398828,821273,430692,390581,11224,3246,7978,228,90,138,213,97,116,22,7,15,0,0,0
09,200,District - Sonbhadra (69),Total,Less than 21,947774,496324,451450,897579,483112,414467,49322,12870,36452,465,171,294,358,160,198,50,11,39,0,0,0
09,200,District - Sonbhadra (69),Rural,All ages,1548217,803345,744872,797565,437277,360288,703328,348704,354624,44800,16166,28634,1971,978,993,553,220,333,0,0,0
09,200,District - Sonbhadra (69),Rural,0-9,411665,212388,199277,411665,212388,199277,0,0,0,0,0,0,0,0,0,0,0,0,0,0,0
09,200,District - Sonbhadra (69),Rural,10-14,210991,108969,102022,207296,107622,99674,3482,1244,2238,79,40,39,124,59,65,10,4,6,0,0,0
09,200,District - Sonbhadra (69),Rural,15-19,150936,81987,68949,128519,77367,51152,22074,4488,17586,188,68,120,134,59,75,21,5,16,0,0,0
09,200,District - Sonbhadra (69),Rural,20-24,123840,63621,60219,36118,29100,7018,86802,34102,52700,580,259,321,263,130,133,77,30,47,0,0,0
09,200,District - Sonbhadra (69),Rural,25-29,116426,58922,57504,7569,6404,1165,107430,51907,55523,1045,428,617,279,145,134,103,38,65,0,0,0
09,200,District - Sonbhadra (69),Rural,30-34,102542,51162,51380,1834,1467,367,98853,48920,49933,1479,601,878,283,139,144,93,35,58,0,0,0
09,200,District - Sonbhadra (69),Rural,35-39,95922,49854,46068,687,529,158,92719,48424,44295,2214,755,1459,230,115,115,72,31,41,0,0,0
09,200,District - Sonbhadra (69),Rural,40-44,74304,39450,34854,430,318,112,71033,38064,32969,2591,945,1646,192,99,93,58,24,34,0,0,0
09,200,District - Sonbhadra (69),Rural,45-49,61492,31818,29674,294,202,92,58101,30515,27586,2943,1025,1918,122,61,61,32,15,17,0,0,0
09,200,District - Sonbhadra (69),Rural,50-54,46245,25289,20956,212,136,76,42326,23869,18457,3593,1230,2363,89,43,46,25,11,14,0,0,0
09,200,District - Sonbhadra (69),Rural,55-59,38462,18510,19952,195,123,72,34996,17191,17805,3196,1159,2037,65,29,36,10,8,2,0,0,0
09,200,District - Sonbhadra (69),Rural,60-64,40177,20737,19440,411,239,172,33582,18558,15024,6090,1903,4187,71,27,44,23,10,13,0,0,0
09,200,District - Sonbhadra (69),Rural,65-69,29599,15277,14322,370,216,154,23461,13048,10413,5706,1982,3724,53,29,24,9,2,7,0,0,0
09,200,District - Sonbhadra (69),Rural,70-74,21511,12358,9153,246,149,97,14706,9829,4877,6509,2351,4158,40,27,13,10,2,8,0,0,0
09,200,District - Sonbhadra (69),Rural,75-79,9996,5134,4862,150,87,63,6565,3779,2786,3271,1264,2007,8,3,5,2,1,1,0,0,0
09,200,District - Sonbhadra (69),Rural,80+,12755,7128,5627,754,446,308,6704,4528,2176,5279,2141,3138,12,10,2,6,3,3,0,0,0
09,200,District - Sonbhadra (69),Rural,Age not stated,1354,741,613,815,484,331,494,238,256,37,15,22,6,3,3,2,1,1,0,0,0
09,200,District - Sonbhadra (69),Rural,Less than 18,716673,372256,344417,706698,369349,337349,9573,2733,6840,191,79,112,191,88,103,20,7,13,0,0,0
09,200,District - Sonbhadra (69),Rural,Less than 21,807994,421643,386351,763461,409906,353555,43766,11424,32342,399,155,244,325,148,177,43,10,33,0,0,0
09,200,District - Sonbhadra (69),Urban,All ages,314342,167999,146343,158095,90161,67934,148179,75579,72600,7697,2143,5554,264,87,177,107,29,78,0,0,0
09,200,District - Sonbhadra (69),Urban,0-9,57436,30694,26742,57436,30694,26742,0,0,0,0,0,0,0,0,0,0,0,0,0,0,0
09,200,District - Sonbhadra (69),Urban,10-14,36422,19333,17089,35791,19105,16686,598,214,384,18,8,10,15,6,9,0,0,0,0,0,0
09,200,District - Sonbhadra (69),Urban,15-19,37595,20177,17418,34762,19508,15254,2785,658,2127,30,6,24,13,5,8,5,0,5,0,0,0
09,200,District - Sonbhadra (69),Urban,20-24,32737,17555,15182,20558,13666,6892,12056,3863,8193,73,13,60,38,10,28,12,3,9,0,0,0
09,200,District - Sonbhadra (69),Urban,25-29,25890,13599,12291,6548,5034,1514,19131,8507,10624,152,39,113,39,11,28,20,8,12,0,0,0
09,200,District - Sonbhadra (69),Urban,30-34,22540,11307,11233,1400,1105,295,20837,10134,10703,251,52,199,35,12,23,17,4,13,0,0,0
09,200,District - Sonbhadra (69),Urban,35-39,22656,11699,10957,397,304,93,21778,11302,10476,431,82,349,30,7,23,20,4,16,0,0,0
09,200,District - Sonbhadra (69),Urban,40-44,20523,10516,10007,194,143,51,19695,10229,9466,587,129,458,37,11,26,10,4,6,0,0,0
09,200,District - Sonbhadra (69),Urban,45-49,18935,10032,8903,92,61,31,18061,9792,8269,764,175,589,12,3,9,6,1,5,0,0,0
09,200,District - Sonbhadra (69),Urban,50-54,15478,9039,6439,81,51,30,14411,8707,5704,962,272,690,18,7,11,6,2,4,0,0,0
09,200,District - Sonbhadra (69),Urban,55-59,10013,6363,3650,70,39,31,9082,6037,3045,846,281,565,11,5,6,4,1,3,0,0,0
09,200,District - Sonbhadra (69),Urban,60-64,5696,3160,2536,104,52,52,4594,2826,1768,989,279,710,7,3,4,2,0,2,0,0,0
09,200,District - Sonbhadra (69),Urban,65-69,3338,1880,1458,103,63,40,2413,1541,872,818,274,544,3,2,1,1,0,1,0,0,0
09,200,District - Sonbhadra (69),Urban,70-74,2117,1113,1004,53,27,26,1295,879,416,765,205,560,2,2,0,2,0,2,0,0,0
09,200,District - Sonbhadra (69),Urban,75-79,956,474,482,39,15,24,532,349,183,382,107,275,2,2,0,1,1,0,0,0,0
09,200,District - Sonbhadra (69),Urban,80+,1523,776,747,241,152,89,664,407,257,615,215,400,2,1,1,1,1,0,0,0,0
09,200,District - Sonbhadra (69),Urban,Age not stated,487,282,205,226,142,84,247,134,113,14,6,8,0,0,0,0,0,0,0,0,0
09,200,District - Sonbhadra (69),Urban,Less than 18,116287,61876,54411,114575,61343,53232,1651,513,1138,37,11,26,22,9,13,2,0,2,0,0,0
09,200,District - Sonbhadra (69),Urban,Less than 21,139780,74681,65099,134118,73206,60912,5556,1446,4110,66,16,50,33,12,21,7,1,6,0,0,0
09,201,District - Etah (70),Total,All ages,1774480,947339,827141,957607,553761,403846,742640,366963,375677,71830,25381,46449,1890,1008,882,513,226,287,0,0,0
09,201,District - Etah (70),Total,0-9,418764,223675,195089,418764,223675,195089,0,0,0,0,0,0,0,0,0,0,0,0,0,0,0
09,201,District - Etah (70),Total,10-14,240411,131179,109232,236410,129747,106663,3738,1318,2420,139,46,93,101,58,43,23,10,13,0,0,0
09,201,District - Etah (70),Total,15-19,210531,117601,92930,188741,112082,76659,21328,5313,16015,315,132,183,130,66,64,17,8,9,0,0,0
09,201,District - Etah (70),Total,20-24,156459,86313,70146,71972,53206,18766,83556,32685,50871,681,317,364,204,84,120,46,21,25,0,0,0
09,201,District - Etah (70),Total,25-29,123207,64812,58395,18261,15590,2671,103341,48457,54884,1251,602,649,275,127,148,79,36,43,0,0,0
09,201,District - Etah (70),Total,30-34,111075,56365,54710,6756,5963,793,101930,49270,52660,2072,954,1118,248,137,111,69,41,28,0,0,0
09,201,District - Etah (70),Total,35-39,108848,56028,52820,3596,3263,333,101508,51103,50405,3398,1469,1929,277,166,111,69,27,42,0,0,0
09,201,District - Etah (70),Total,40-44,91334,49380,41954,2415,2238,177,84136,45129,39007,4522,1878,2644,198,108,90,63,27,36,0,0,0
09,201,District - Etah (70),Total,45-49,72450,37880,34570,1490,1357,133,65793,34523,31270,4987,1905,3082,146,80,66,34,15,19,0,0,0
09,201,District - Etah (70),Total,50-54,57899,31779,26120,1181,1054,127,50014,28270,21744,6571,2383,4188,96,59,37,37,13,24,0,0,0
09,201,District - Etah (70),Total,55-59,47424,22576,24848,817,707,110,40467,19748,20719,6050,2073,3977,68,38,30,22,10,12,0,0,0
09,201,District - Etah (70),Total,60-64,48138,25412,22726,1210,923,287,35575,21013,14562,11271,3431,7840,63,36,27,19,9,10,0,0,0
09,201,District - Etah (70),Total,65-69,30789,14906,15883,1115,784,331,21407,11472,9935,8224,2630,5594,35,17,18,8,3,5,0,0,0
09,201,District - Etah (70),Total,70-74,25188,13351,11837,723,536,187,14279,9609,4670,10150,3191,6959,19,12,7,17,3,14,0,0,0
09,201,District - Etah (70),Total,75-79,10766,5150,5616,340,244,96,6116,3405,2711,4295,1494,2801,12,7,5,3,0,3,0,0,0
09,201,District - Etah (70),Total,80+,17223,8895,8328,1593,1095,498,7867,4963,2904,7744,2824,4920,14,10,4,5,3,2,0,0,0
09,201,District - Etah (70),Total,Age not stated,3974,2037,1937,2223,1297,926,1585,685,900,160,52,108,4,3,1,2,0,2,0,0,0
09,201,District - Etah (70),Total,Less than 18,787953,426209,361744,777568,422900,354668,9839,3074,6765,337,122,215,180,100,80,29,13,16,0,0,0
09,201,District - Etah (70),Total,Less than 21,921071,501754,419317,875664,488103,387561,44417,13212,31205,665,273,392,279,144,135,46,22,24,0,0,0
09,201,District - Etah (70),Rural,All ages,1506338,805589,700749,815483,472445,343038,627294,309693,317601,61617,22404,39213,1551,865,686,393,182,211,0,0,0
09,201,District - Etah (70),Rural,0-9,363715,194154,169561,363715,194154,169561,0,0,0,0,0,0,0,0,0,0,0,0,0,0,0
09,201,District - Etah (70),Rural,10-14,207637,113260,94377,204208,112030,92178,3206,1136,2070,120,40,80,84,46,38,19,8,11,0,0,0
09,201,District - Etah (70),Rural,15-19,177980,100175,77805,158842,95296,63546,18760,4712,14048,270,108,162,96,53,43,12,6,6,0,0,0
09,201,District - Etah (70),Rural,20-24,128821,71426,57395,55540,42377,13163,72522,28698,43824,554,260,294,169,74,95,36,17,19,0,0,0
09,201,District - Etah (70),Rural,25-29,102044,53654,48390,13344,11784,1560,87353,41201,46152,1070,533,537,215,106,109,62,30,32,0,0,0
09,201,District - Etah (70),Rural,30-34,93295,47288,46007,5396,4879,517,85844,41403,44441,1799,857,942,201,116,85,55,33,22,0,0,0
09,201,District - Etah (70),Rural,35-39,91637,47321,44316,3117,2877,240,85344,42955,42389,2886,1319,1567,241,146,95,49,24,25,0,0,0
09,201,District - Etah (70),Rural,40-44,76444,41593,34851,2146,2015,131,70245,37777,32468,3852,1690,2162,159,91,68,42,20,22,0,0,0
09,201,District - Etah (70),Rural,45-49,59812,31324,28488,1311,1218,93,54192,28344,25848,4165,1677,2488,116,73,43,28,12,16,0,0,0
09,201,District - Etah (70),Rural,50-54,47963,26499,21464,1049,955,94,41291,23373,17918,5519,2112,3407,78,50,28,26,9,17,0,0,0
09,201,District - Etah (70),Rural,55-59,39731,18727,21004,734,645,89,33872,16246,17626,5043,1792,3251,65,37,28,17,7,10,0,0,0
09,201,District - Etah (70),Rural,60-64,41206,21767,19439,1093,854,239,30316,17855,12461,9728,3020,6708,54,30,24,15,8,7,0,0,0
09,201,District - Etah (70),Rural,65-69,26567,12829,13738,987,713,274,18453,9774,8679,7091,2324,4767,29,15,14,7,3,4,0,0,0
09,201,District - Etah (70),Rural,70-74,22056,11745,10311,654,494,160,12478,8402,4076,8890,2836,6054,18,11,7,16,2,14,0,0,0
09,201,District - Etah (70),Rural,75-79,9334,4418,4916,298,218,80,5333,2909,2424,3689,1285,2404,11,6,5,3,0,3,0,0,0
09,201,District - Etah (70),Rural,80+,15024,7818,7206,1320,920,400,6880,4378,2502,6807,2507,4300,13,10,3,4,3,1,0,0,0
09,201,District - Etah (70),Rural,Age not stated,3072,1591,1481,1729,1016,713,1205,530,675,134,44,90,2,1,1,2,0,2,0,0,0
09,201,District - Etah (70),Rural,Less than 18,680875,368514,312361,672052,365680,306372,8366,2643,5723,291,103,188,142,77,65,24,11,13,0,0,0
09,201,District - Etah (70),Rural,Less than 21,792724,432526,360198,752780,420394,332386,39120,11768,27352,567,230,337,220,116,104,37,18,19,0,0,0
09,201,District - Etah (70),Urban,All ages,268142,141750,126392,142124,81316,60808,115346,57270,58076,10213,2977,7236,339,143,196,120,44,76,0,0,0
09,201,District - Etah (70),Urban,0-9,55049,29521,25528,55049,29521,25528,0,0,0,0,0,0,0,0,0,0,0,0,0,0,0
09,201,District - Etah (70),Urban,10-14,32774,17919,14855,32202,17717,14485,532,182,350,19,6,13,17,12,5,4,2,2,0,0,0
09,201,District - Etah (70),Urban,15-19,32551,17426,15125,29899,16786,13113,2568,601,1967,45,24,21,34,13,21,5,2,3,0,0,0
09,201,District - Etah (70),Urban,20-24,27638,14887,12751,16432,10829,5603,11034,3987,7047,127,57,70,35,10,25,10,4,6,0,0,0
09,201,District - Etah (70),Urban,25-29,21163,11158,10005,4917,3806,1111,15988,7256,8732,181,69,112,60,21,39,17,6,11,0,0,0
09,201,District - Etah (70),Urban,30-34,17780,9077,8703,1360,1084,276,16086,7867,8219,273,97,176,47,21,26,14,8,6,0,0,0
09,201,District - Etah (70),Urban,35-39,17211,8707,8504,479,386,93,16164,8148,8016,512,150,362,36,20,16,20,3,17,0,0,0
09,201,District - Etah (70),Urban,40-44,14890,7787,7103,269,223,46,13891,7352,6539,670,188,482,39,17,22,21,7,14,0,0,0
09,201,District - Etah (70),Urban,45-49,12638,6556,6082,179,139,40,11601,6179,5422,822,228,594,30,7,23,6,3,3,0,0,0
09,201,District - Etah (70),Urban,50-54,9936,5280,4656,132,99,33,8723,4897,3826,1052,271,781,18,9,9,11,4,7,0,0,0
09,201,District - Etah (70),Urban,55-59,7693,3849,3844,83,62,21,6595,3502,3093,1007,281,726,3,1,2,5,3,2,0,0,0
09,201,District - Etah (70),Urban,60-64,6932,3645,3287,117,69,48,5259,3158,2101,1543,411,1132,9,6,3,4,1,3,0,0,0
09,201,District - Etah (70),Urban,65-69,4222,2077,2145,128,71,57,2954,1698,1256,1133,306,827,6,2,4,1,0,1,0,0,0
09,201,District - Etah (70),Urban,70-74,3132,1606,1526,69,42,27,1801,1207,594,1260,355,905,1,1,0,1,1,0,0,0,0
09,201,District - Etah (70),Urban,75-79,1432,732,700,42,26,16,783,496,287,606,209,397,1,1,0,0,0,0,0,0,0
09,201,District - Etah (70),Urban,80+,2199,1077,1122,273,175,98,987,585,402,937,317,620,1,0,1,1,0,1,0,0,0
09,201,District - Etah (70),Urban,Age not stated,902,446,456,494,281,213,380,155,225,26,8,18,2,2,0,0,0,0,0,0,0
09,201,District - Etah (70),Urban,Less than 18,107078,57695,49383,105516,57220,48296,1473,431,1042,46,19,27,38,23,15,5,2,3,0,0,0
09,201,District - Etah (70),Urban,Less than 21,128347,69228,59119,122884,67709,55175,5297,1444,3853,98,43,55,59,28,31,9,4,5,0,0,0
09,202,District - Kanshiram Nagar (71),Total,All ages,1436719,764165,672554,794426,455305,339121,579277,286978,292299,60612,20700,39912,1875,980,895,529,202,327,0,0,0
09,202,District - Kanshiram Nagar (71),Total,0-9,357856,189584,168272,357856,189584,168272,0,0,0,0,0,0,0,0,0,0,0,0,0,0,0
09,202,District - Kanshiram Nagar (71),Total,10-14,199792,107678,92114,197067,106843,90224,2547,767,1780,113,36,77,57,29,28,8,3,5,0,0,0
09,202,District - Kanshiram Nagar (71),Total,15-19,168442,92803,75639,150325,88635,61690,17791,4040,13751,231,93,138,76,31,45,19,4,15,0,0,0
09,202,District - Kanshiram Nagar (71),Total,20-24,122499,67386,55113,53297,40092,13205,68462,26995,41467,508,215,293,192,72,120,40,12,28,0,0,0
09,202,District - Kanshiram Nagar (71),Total,25-29,97731,52001,45730,14418,12363,2055,82067,39015,43052,928,467,461,244,119,125,74,37,37,0,0,0
09,202,District - Kanshiram Nagar (71),Total,30-34,87032,44534,42498,5320,4804,516,79677,38738,40939,1654,806,848,300,157,143,81,29,52,0,0,0
09,202,District - Kanshiram Nagar (71),Total,35-39,84839,43926,40913,3259,2997,262,78513,39554,38959,2721,1197,1524,284,150,134,62,28,34,0,0,0
09,202,District - Kanshiram Nagar (71),Total,40-44,72447,39755,32692,2353,2200,153,65822,35619,30203,3986,1770,2216,230,140,90,56,26,30,0,0,0
09,202,District - Kanshiram Nagar (71),Total,45-49,56934,30026,26908,1353,1272,81,51105,26897,24208,4283,1759,2524,156,86,70,37,12,25,0,0,0
09,202,District - Kanshiram Nagar (71),Total,50-54,45712,25369,20343,1069,999,70,38822,22262,16560,5686,2037,3649,101,56,45,34,15,19,0,0,0
09,202,District - Kanshiram Nagar (71),Total,55-59,36788,17447,19341,670,605,65,30876,15027,15849,5157,1766,3391,66,40,26,19,9,10,0,0,0
09,202,District - Kanshiram Nagar (71),Total,60-64,39684,20664,19020,1295,983,312,27636,16538,11098,10640,3085,7555,83,53,30,30,5,25,0,0,0
09,202,District - Kanshiram Nagar (71),Total,65-69,24184,11664,12520,1146,815,331,15754,8777,6977,7228,2047,5181,31,17,14,25,8,17,0,0,0
09,202,District - Kanshiram Nagar (71),Total,70-74,18776,9653,9123,549,428,121,9906,6760,3146,8273,2446,5827,22,13,9,26,6,20,0,0,0
09,202,District - Kanshiram Nagar (71),Total,75-79,7287,3362,3925,158,118,40,3899,2174,1725,3214,1062,2152,8,6,2,8,2,6,0,0,0
09,202,District - Kanshiram Nagar (71),Total,80+,11003,5295,5708,714,478,236,4484,2960,1524,5778,1840,3938,17,11,6,10,6,4,0,0,0
09,202,District - Kanshiram Nagar (71),Total,Age not stated,5713,3018,2695,3577,2089,1488,1916,855,1061,212,74,138,8,0,8,0,0,0,0,0,0
09,202,District - Kanshiram Nagar (71),Total,Less than 18,660675,353296,307379,652418,351056,301362,7892,2094,5798,256,95,161,97,47,50,12,4,8,0,0,0
09,202,District - Kanshiram Nagar (71),Total,Less than 21,765444,412699,352745,728573,402085,326488,36137,10334,25803,506,194,312,188,77,111,40,9,31,0,0,0
09,202,District - Kanshiram Nagar (71),Rural,All ages,1148512,612556,535956,636251,365520,270731,461477,228606,232871,48989,17453,31536,1428,828,600,367,149,218,0,0,0
09,202,District - Kanshiram Nagar (71),Rural,0-9,294676,155854,138822,294676,155854,138822,0,0,0,0,0,0,0,0,0,0,0,0,0,0,0
09,202,District - Kanshiram Nagar (71),Rural,10-14,162672,87764,74908,160503,87099,73404,2019,610,1409,92,29,63,50,23,27,8,3,5,0,0,0
09,202,District - Kanshiram Nagar (71),Rural,15-19,132978,74024,58954,117785,70495,47290,14942,3422,11520,176,76,100,60,27,33,15,4,11,0,0,0
09,202,District - Kanshiram Nagar (71),Rural,20-24,93981,51949,42032,36746,28986,7760,56664,22712,33952,407,183,224,139,59,80,25,9,16,0,0,0
09,202,District - Kanshiram Nagar (71),Rural,25-29,75848,40559,35289,9373,8456,917,65512,31577,33935,738,401,337,185,102,83,40,23,17,0,0,0
09,202,District - Kanshiram Nagar (71),Rural,30-34,68404,35019,33385,3983,3708,275,62795,30477,32318,1337,680,657,237,134,103,52,20,32,0,0,0
09,202,District - Kanshiram Nagar (71),Rural,35-39,67038,34830,32208,2646,2493,153,61941,31156,30785,2204,1036,1168,210,128,82,37,17,20,0,0,0
09,202,District - Kanshiram Nagar (71),Rural,40-44,57453,31725,25728,2013,1926,87,52038,28143,23895,3192,1516,1676,175,122,53,35,18,17,0,0,0
09,202,District - Kanshiram Nagar (71),Rural,45-49,44874,23895,20979,1183,1139,44,40102,21157,18945,3448,1517,1931,117,73,44,24,9,15,0,0,0
09,202,District - Kanshiram Nagar (71),Rural,50-54,35748,19960,15788,925,887,38,30190,17292,12898,4531,1724,2807,75,43,32,27,14,13,0,0,0
09,202,District - Kanshiram Nagar (71),Rural,55-59,28960,13651,15309,575,535,40,24198,11597,12601,4119,1475,2644,53,36,17,15,8,7,0,0,0
09,202,District - Kanshiram Nagar (71),Rural,60-64,31802,16662,15140,1094,854,240,22064,13165,8899,8556,2599,5957,60,40,20,28,4,24,0,0,0
09,202,District - Kanshiram Nagar (71),Rural,65-69,19550,9416,10134,921,675,246,12721,7011,5710,5862,1708,4154,25,14,11,21,8,13,0,0,0
09,202,District - Kanshiram Nagar (71),Rural,70-74,15370,7925,7445,428,353,75,8062,5507,2555,6837,2048,4789,20,12,8,23,5,18,0,0,0
09,202,District - Kanshiram Nagar (71),Rural,75-79,5966,2744,3222,136,105,31,3193,1746,1447,2623,885,1738,6,6,0,8,2,6,0,0,0
09,202,District - Kanshiram Nagar (71),Rural,80+,8920,4330,4590,540,367,173,3653,2430,1223,4706,1519,3187,12,9,3,9,5,4,0,0,0
09,202,District - Kanshiram Nagar (71),Rural,Age not stated,4272,2249,2023,2724,1588,1136,1383,604,779,161,57,104,4,0,4,0,0,0,0,0,0
09,202,District - Kanshiram Nagar (71),Rural,Less than 18,539509,288713,250796,532864,286907,245957,6351,1686,4665,201,78,123,82,38,44,11,4,7,0,0,0
09,202,District - Kanshiram Nagar (71),Rural,Less than 21,621058,335578,285480,590251,326574,263677,30224,8773,21451,399,158,241,151,64,87,33,9,24,0,0,0
09,202,District - Kanshiram Nagar (71),Urban,All ages,288207,151609,136598,158175,89785,68390,117800,58372,59428,11623,3247,8376,447,152,295,162,53,109,0,0,0
09,202,District - Kanshiram Nagar (71),Urban,0-9,63180,33730,29450,63180,33730,29450,0,0,0,0,0,0,0,0,0,0,0,0,0,0,0
09,202,District - Kanshiram Nagar (71),Urban,10-14,37120,19914,17206,36564,19744,16820,528,157,371,21,7,14,7,6,1,0,0,0,0,0,0
09,202,District - Kanshiram Nagar (71),Urban,15-19,35464,18779,16685,32540,18140,14400,2849,618,2231,55,17,38,16,4,12,4,0,4,0,0,0
09,202,District - Kanshiram Nagar (71),Urban,20-24,28518,15437,13081,16551,11106,5445,11798,4283,7515,101,32,69,53,13,40,15,3,12,0,0,0
09,202,District - Kanshiram Nagar (71),Urban,25-29,21883,11442,10441,5045,3907,1138,16555,7438,9117,190,66,124,59,17,42,34,14,20,0,0,0
09,202,District - Kanshiram Nagar (71),Urban,30-34,18628,9515,9113,1337,1096,241,16882,8261,8621,317,126,191,63,23,40,29,9,20,0,0,0
09,202,District - Kanshiram Nagar (71),Urban,35-39,17801,9096,8705,613,504,109,16572,8398,8174,517,161,356,74,22,52,25,11,14,0,0,0
09,202,District - Kanshiram Nagar (71),Urban,40-44,14994,8030,6964,340,274,66,13784,7476,6308,794,254,540,55,18,37,21,8,13,0,0,0
09,202,District - Kanshiram Nagar (71),Urban,45-49,12060,6131,5929,170,133,37,11003,5740,5263,835,242,593,39,13,26,13,3,10,0,0,0
09,202,District - Kanshiram Nagar (71),Urban,50-54,9964,5409,4555,144,112,32,8632,4970,3662,1155,313,842,26,13,13,7,1,6,0,0,0
09,202,District - Kanshiram Nagar (71),Urban,55-59,7828,3796,4032,95,70,25,6678,3430,3248,1038,291,747,13,4,9,4,1,3,0,0,0
09,202,District - Kanshiram Nagar (71),Urban,60-64,7882,4002,3880,201,129,72,5572,3373,2199,2084,486,1598,23,13,10,2,1,1,0,0,0
09,202,District - Kanshiram Nagar (71),Urban,65-69,4634,2248,2386,225,140,85,3033,1766,1267,1366,339,1027,6,3,3,4,0,4,0,0,0
09,202,District - Kanshiram Nagar (71),Urban,70-74,3406,1728,1678,121,75,46,1844,1253,591,1436,398,1038,2,1,1,3,1,2,0,0,0
09,202,District - Kanshiram Nagar (71),Urban,75-79,1321,618,703,22,13,9,706,428,278,591,177,414,2,0,2,0,0,0,0,0,0
09,202,District - Kanshiram Nagar (71),Urban,80+,2083,965,1118,174,111,63,831,530,301,1072,321,751,5,2,3,1,1,0,0,0,0
09,202,District - Kanshiram Nagar (71),Urban,Age not stated,1441,769,672,853,501,352,533,251,282,51,17,34,4,0,4,0,0,0,0,0,0
09,202,District - Kanshiram Nagar (71),Urban,Less than 18,121166,64583,56583,119554,64149,55405,1541,408,1133,55,17,38,15,9,6,1,0,1,0,0,0
09,202,District - Kanshiram Nagar (71),Urban,Less than 21,144386,77121,67265,138322,75511,62811,5913,1561,4352,107,36,71,37,13,24,7,0,7,0,0,0
