state_code,district_code,area_name,region_type,age_group,total_persons,total_males,total_females,never_married_persons,never_married_males,never_married_females,currently_married_persons,currently_married_males,currently_married_females,widowed_persons,widowed_males,widowed_females,separated_persons,separated_males,separated_females,divorced_persons,divorced_males,divorced_females,unspecified_persons,unspecified_males,unspecified_females
05,000,State - UTTARAKHAND (05),Total,All ages,10086292,5137773,4948519,5057886,2841151,2216735,4514826,2185211,2329615,489495,102280,387215,17802,6770,11032,6283,2361,3922,0,0,0
05,000,State - UTTARAKHAND (05),Total,0-9,1983665,1049167,934498,1983665,1049167,934498,0,0,0,0,0,0,0,0,0,0,0,0,0,0,0
05,000,State - UTTARAKHAND (05),Total,10-14,1145343,603274,542069,1131477,598373,533104,12632,4406,8226,580,175,405,593,296,297,61,24,37,0,0,0
05,000,State - UTTARAKHAND (05),Total,15-19,1124110,588483,535627,1054801,575072,479729,67442,12767,54675,1073,300,773,665,293,372,129,51,78,0,0,0
05,000,State - UTTARAKHAND (05),Total,20-24,970068,484614,485454,571077,377441,193636,394763,106006,288757,2397,596,1801,1336,419,917,495,152,343,0,0,0
05,000,State - UTTARAKHAND (05),Total,25-29,810184,397363,412821,184302,143116,41186,617677,251996,365681,5460,1313,4147,1892,647,1245,853,291,562,0,0,0
05,000,State - UTTARAKHAND (05),Total,30-34,698300,345427,352873,49444,38894,10550,635722,303352,332370,9902,2019,7883,2247,823,1424,985,339,646,0,0,0
05,000,State - UTTARAKHAND (05),Total,35-39,665500,330834,334666,18539,14095,4444,626130,312262,313868,17337,3126,14211,2444,934,1510,1050,417,633,0,0,0
05,000,State - UTTARAKHAND (05),Total,40-44,566709,285531,281178,10890,8269,2621,527189,271633,255556,25697,4457,21240,2150,866,1284,783,306,477,0,0,0
05,000,State - UTTARAKHAND (05),Total,45-49,489377,247982,241395,7530,5749,1781,445236,235403,209833,34229,5875,28354,1796,714,1082,586,241,345,0,0,0
05,000,State - UTTARAKHAND (05),Total,50-54,397158,202024,195134,5674,4285,1389,346538,189708,156830,43093,7356,35737,1426,499,927,427,176,251,0,0,0
05,000,State - UTTARAKHAND (05),Total,55-59,318461,151865,166596,4015,2987,1028,268662,140130,128532,44612,8280,36332,894,358,536,278,110,168,0,0,0
05,000,State - UTTARAKHAND (05),Total,60-64,329056,163220,165836,7696,5160,2536,243764,143200,100564,76286,14359,61927,1053,395,658,257,106,151,0,0,0
05,000,State - UTTARAKHAND (05),Total,65-69,218759,108412,110347,8282,5217,3065,146152,89511,56641,63666,13412,50254,534,216,318,125,56,69,0,0,0
05,000,State - UTTARAKHAND (05),Total,70-74,163443,80970,82473,3907,2696,1211,92530,63399,29131,66519,14682,51837,373,145,228,114,48,66,0,0,0
05,000,State - UTTARAKHAND (05),Total,75-79,84646,40837,43809,1381,994,387,43529,29760,13769,39509,9989,29520,176,78,98,51,16,35,0,0,0
05,000,State - UTTARAKHAND (05),Total,80+,104905,48458,56447,5744,3646,2098,40458,28534,11924,58433,16179,42254,191,74,117,79,25,54,0,0,0
05,000,State - UTTARAKHAND (05),Total,Age not stated,16608,9312,7296,9462,5990,3472,6402,3144,3258,702,162,540,32,13,19,10,3,7,0,0,0
05,000,State - UTTARAKHAND (05),Total,Less than 18,3800110,2002090,1798020,3764983,1991447,1773536,32785,9756,23029,1283,372,911,945,463,482,114,52,62,0,0,0
05,000,State - UTTARAKHAND (05),Total,Less than 21,4491954,2362796,2129158,4347583,2332422,2015161,140504,29026,111478,2107,586,1521,1500,667,833,260,95,165,0,0,0
05,000,State - UTTARAKHAND (05),Rural,All ages,7036954,3519042,3517912,3541418,1961990,1579428,3106697,1474266,1632431,372162,76514,295648,13039,4857,8182,3638,1415,2223,0,0,0
05,000,State - UTTARAKHAND (05),Rural,0-9,1447875,761192,686683,1447875,761192,686683,0,0,0,0,0,0,0,0,0,0,0,0,0,0,0
05,000,State - UTTARAKHAND (05),Rural,10-14,835418,434578,400840,825941,431326,394615,8647,2951,5696,432,122,310,360,167,193,38,12,26,0,0,0
05,000,State - UTTARAKHAND (05),Rural,15-19,792898,407069,385829,740821,397729,343092,50751,8924,41827,797,207,590,441,175,266,88,34,54,0,0,0
05,000,State - UTTARAKHAND (05),Rural,20-24,648027,312431,335596,351948,235110,116838,293010,76490,216520,1766,429,1337,964,290,674,339,112,227,0,0,0
05,000,State - UTTARAKHAND (05),Rural,25-29,529754,253277,276477,99649,80132,19517,424285,171561,252724,3988,933,3055,1329,461,868,503,190,313,0,0,0
05,000,State - UTTARAKHAND (05),Rural,30-34,459156,221890,237266,26067,20993,5074,423645,198704,224941,7352,1413,5939,1549,574,975,543,206,337,0,0,0
05,000,State - UTTARAKHAND (05),Rural,35-39,441348,215242,226106,9903,7704,2199,416639,204410,212229,12537,2251,10286,1721,641,1080,548,236,312,0,0,0
05,000,State - UTTARAKHAND (05),Rural,40-44,378652,187060,191592,6130,4813,1317,351997,178261,173736,18498,3187,15311,1596,629,967,431,170,261,0,0,0
05,000,State - UTTARAKHAND (05),Rural,45-49,325900,160955,164945,4319,3457,862,295522,152650,142872,24393,4187,20206,1346,529,817,320,132,188,0,0,0
05,000,State - UTTARAKHAND (05),Rural,50-54,270074,133037,137037,3124,2516,608,233949,124699,109250,31635,5344,26291,1119,379,740,247,99,148,0,0,0
05,000,State - UTTARAKHAND (05),Rural,55-59,221366,100962,120404,2238,1795,443,185562,92901,92661,32714,5929,26785,700,278,422,152,59,93,0,0,0
05,000,State - UTTARAKHAND (05),Rural,60-64,244791,119263,125528,5065,3472,1593,179330,104405,74925,59382,11013,48369,849,310,539,165,63,102,0,0,0
05,000,State - UTTARAKHAND (05),Rural,65-69,163102,78840,84262,5411,3413,1998,107377,65084,42293,49800,10132,39668,429,176,253,85,35,50,0,0,0
05,000,State - UTTARAKHAND (05),Rural,70-74,124907,60605,64302,2399,1689,710,69387,47433,21954,52733,11336,41397,303,115,188,85,32,53,0,0,0
05,000,State - UTTARAKHAND (05),Rural,75-79,64561,30697,33864,826,614,212,32821,22424,10397,30734,7585,23149,145,63,82,35,11,24,0,0,0
05,000,State - UTTARAKHAND (05),Rural,80+,78653,36196,42457,3513,2208,1305,30024,21574,8450,44903,12332,32571,161,61,100,52,21,31,0,0,0
05,000,State - UTTARAKHAND (05),Rural,Age not stated,10472,5748,4724,6189,3827,2362,3751,1795,1956,498,114,384,27,9,18,7,3,4,0,0,0
05,000,State - UTTARAKHAND (05),Rural,Less than 18,2762388,1441753,1320635,2737970,1434650,1303320,22797,6553,16244,963,256,707,584,263,321,74,31,43,0,0,0
05,000,State - UTTARAKHAND (05),Rural,Less than 21,3237887,1682431,1555456,3130372,1661320,1469052,104804,20248,84556,1552,405,1147,981,396,585,178,62,116,0,0,0
05,000,State - UTTARAKHAND (05),Urban,All ages,3049338,1618731,1430607,1516468,879161,637307,1408129,710945,697184,117333,25766,91567,4763,1913,2850,2645,946,1699,0,0,0
05,000,State - UTTARAKHAND (05),Urban,0-9,535790,287975,247815,535790,287975,247815,0,0,0,0,0,0,0,0,0,0,0,0,0,0,0
05,000,State - UTTARAKHAND (05),Urban,10-14,309925,168696,141229,305536,167047,138489,3985,1455,2530,148,53,95,233,129,104,23,12,11,0,0,0
05,000,State - UTTARAKHAND (05),Urban,15-19,331212,181414,149798,313980,177343,136637,16691,3843,12848,276,93,183,224,118,106,41,17,24,0,0,0
05,000,State - UTTARAKHAND (05),Urban,20-24,322041,172183,149858,219129,142331,76798,101753,29516,72237,631,167,464,372,129,243,156,40,116,0,0,0
05,000,State - UTTARAKHAND (05),Urban,25-29,280430,144086,136344,84653,62984,21669,193392,80435,112957,1472,380,1092,563,186,377,350,101,249,0,0,0
05,000,State - UTTARAKHAND (05),Urban,30-34,239144,123537,115607,23377,17901,5476,212077,104648,107429,2550,606,1944,698,249,449,442,133,309,0,0,0
05,000,State - UTTARAKHAND (05),Urban,35-39,224152,115592,108560,8636,6391,2245,209491,107852,101639,4800,875,3925,723,293,430,502,181,321,0,0,0
05,000,State - UTTARAKHAND (05),Urban,40-44,188057,98471,89586,4760,3456,1304,175192,93372,81820,7199,1270,5929,554,237,317,352,136,216,0,0,0
05,000,State - UTTARAKHAND (05),Urban,45-49,163477,87027,76450,3211,2292,919,149714,82753,66961,9836,1688,8148,450,185,265,266,109,157,0,0,0
05,000,State - UTTARAKHAND (05),Urban,50-54,127084,68987,58097,2550,1769,781,112589,65009,47580,11458,2012,9446,307,120,187,180,77,103,0,0,0
05,000,State - UTTARAKHAND (05),Urban,55-59,97095,50903,46192,1777,1192,585,83100,47229,35871,11898,2351,9547,194,80,114,126,51,75,0,0,0
05,000,State - UTTARAKHAND (05),Urban,60-64,84265,43957,40308,2631,1688,943,64434,38795,25639,16904,3346,13558,204,85,119,92,43,49,0,0,0
05,000,State - UTTARAKHAND (05),Urban,65-69,55657,29572,26085,2871,1804,1067,38775,24427,14348,13866,3280,10586,105,40,65,40,21,19,0,0,0
05,000,State - UTTARAKHAND (05),Urban,70-74,38536,20365,18171,1508,1007,501,23143,15966,7177,13786,3346,10440,70,30,40,29,16,13,0,0,0
05,000,State - UTTARAKHAND (05),Urban,75-79,20085,10140,9945,555,380,175,10708,7336,3372,8775,2404,6371,31,15,16,16,5,11,0,0,0
05,000,State - UTTARAKHAND (05),Urban,80+,26252,12262,13990,2231,1438,793,10434,6960,3474,13530,3847,9683,30,13,17,27,4,23,0,0,0
05,000,State - UTTARAKHAND (05),Urban,Age not stated,6136,3564,2572,3273,2163,1110,2651,1349,1302,204,48,156,5,4,1,3,0,3,0,0,0
05,000,State - UTTARAKHAND (05),Urban,Less than 18,1037722,560337,477385,1027013,556797,470216,9988,3203,6785,320,116,204,361,200,161,40,21,19,0,0,0
05,000,State - UTTARAKHAND (05),Urban,Less than 21,1254067,680365,573702,1217211,671102,546109,35700,8778,26922,555,181,374,519,271,248,82,33,49,0,0,0
05,056,District - Uttarkashi (01),Total,All ages,330086,168597,161489,164951,90881,74070,149675,74095,75580,14800,3327,11473,535,235,300,125,59,66,0,0,0
05,056,District - Uttarkashi (01),Total,0-9,68440,35610,32830,68440,35610,32830,0,0,0,0,0,0,0,0,0,0,0,0,0,0,0
05,056,District - Uttarkashi (01),Total,10-14,40872,21165,19707,40438,21015,19423,415,148,267,11,2,9,6,0,6,2,0,2,0,0,0
05,056,District - Uttarkashi (01),Total,15-19,36173,18761,17412,33133,18037,15096,2998,709,2289,24,8,16,16,5,11,2,2,0,0,0,0
05,056,District - Uttarkashi (01),Total,20-24,31081,15614,15467,15418,10381,5037,15539,5193,10346,81,19,62,33,15,18,10,6,4,0,0,0
05,056,District - Uttarkashi (01),Total,25-29,25860,13012,12848,4202,3312,890,21440,9639,11801,159,41,118,48,15,33,11,5,6,0,0,0
05,056,District - Uttarkashi (01),Total,30-34,22029,11161,10868,999,762,237,20698,10322,10376,266,51,215,55,21,34,11,5,6,0,0,0
05,056,District - Uttarkashi (01),Total,35-39,20941,10508,10433,379,308,71,20015,10096,9919,467,77,390,63,21,42,17,6,11,0,0,0
05,056,District - Uttarkashi (01),Total,40-44,17754,9024,8730,262,215,47,16715,8661,8054,707,112,595,58,32,26,12,4,8,0,0,0
05,056,District - Uttarkashi (01),Total,45-49,15273,7770,7503,229,188,41,14005,7356,6649,957,186,771,69,35,34,13,5,8,0,0,0
05,056,District - Uttarkashi (01),Total,50-54,12832,6652,6180,189,170,19,11230,6193,5037,1343,257,1086,56,24,32,14,8,6,0,0,0
05,056,District - Uttarkashi (01),Total,55-59,9958,5048,4910,171,151,20,8426,4588,3838,1319,290,1029,36,16,20,6,3,3,0,0,0
05,056,District - Uttarkashi (01),Total,60-64,11509,5621,5888,267,201,66,8506,4874,3632,2683,517,2166,42,22,20,11,7,4,0,0,0
05,056,District - Uttarkashi (01),Total,65-69,6805,3365,3440,261,176,85,4394,2665,1729,2113,506,1607,31,15,16,6,3,3,0,0,0
05,056,District - Uttarkashi (01),Total,70-74,4978,2472,2506,113,78,35,2790,1903,887,2056,481,1575,13,6,7,6,4,2,0,0,0
05,056,District - Uttarkashi (01),Total,75-79,2509,1289,1220,41,30,11,1300,909,391,1159,343,816,7,7,0,2,0,2,0,0,0
05,056,District - Uttarkashi (01),Total,80+,2654,1291,1363,165,97,68,1054,763,291,1432,429,1003,2,1,1,1,1,0,0,0,0
05,056,District - Uttarkashi (01),Total,Age not stated,418,234,184,244,150,94,150,76,74,23,8,15,0,0,0,1,0,1,0,0,0
05,056,District - Uttarkashi (01),Total,Less than 18,131642,68379,63263,130381,68008,62373,1214,358,856,28,9,19,16,3,13,3,1,2,0,0,0
05,056,District - Uttarkashi (01),Total,Less than 21,152609,79055,73554,146789,77582,69207,5737,1450,4287,48,11,37,29,9,20,6,3,3,0,0,0
05,056,District - Uttarkashi (01),Rural,All ages,305781,155375,150406,152914,83859,69055,138215,68050,70165,14039,3191,10848,503,226,277,110,49,61,0,0,0
05,056,District - Uttarkashi (01),Rural,0-9,64383,33382,31001,64383,33382,31001,0,0,0,0,0,0,0,0,0,0,0,0,0,0,0
05,056,District - Uttarkashi (01),Rural,10-14,38077,19585,18492,37673,19447,18226,386,136,250,10,2,8,6,0,6,2,0,2,0,0,0
05,056,District - Uttarkashi (01),Rural,15-19,33389,17271,16118,30526,16598,13928,2825,658,2167,21,8,13,15,5,10,2,2,0,0,0,0
05,056,District - Uttarkashi (01),Rural,20-24,28783,14350,14433,13835,9348,4487,14830,4963,9867,76,19,57,32,14,18,10,6,4,0,0,0
05,056,District - Uttarkashi (01),Rural,25-29,23751,11976,11775,3589,2873,716,19956,9045,10911,149,40,109,47,14,33,10,4,6,0,0,0
05,056,District - Uttarkashi (01),Rural,30-34,20013,10109,9904,833,635,198,18878,9402,9476,245,49,196,50,21,29,7,2,5,0,0,0
05,056,District - Uttarkashi (01),Rural,35-39,19085,9559,9526,343,278,65,18243,9185,9058,430,72,358,55,19,36,14,5,9,0,0,0
05,056,District - Uttarkashi (01),Rural,40-44,16152,8136,8016,231,189,42,15194,7805,7389,661,107,554,55,32,23,11,3,8,0,0,0
05,056,District - Uttarkashi (01),Rural,45-49,13842,6957,6885,209,172,37,12661,6568,6093,896,179,717,64,33,31,12,5,7,0,0,0
05,056,District - Uttarkashi (01),Rural,50-54,11708,5985,5723,168,153,15,10205,5555,4650,1271,247,1024,51,23,28,13,7,6,0,0,0
05,056,District - Uttarkashi (01),Rural,55-59,9243,4582,4661,148,131,17,7804,4156,3648,1251,277,974,34,15,19,6,3,3,0,0,0
05,056,District - Uttarkashi (01),Rural,60-64,11005,5368,5637,244,189,55,8131,4642,3489,2578,509,2069,42,22,20,10,6,4,0,0,0
05,056,District - Uttarkashi (01),Rural,65-69,6474,3207,3267,243,164,79,4169,2536,1633,2025,489,1536,31,15,16,6,3,3,0,0,0
05,056,District - Uttarkashi (01),Rural,70-74,4692,2315,2377,104,71,33,2618,1775,843,1952,460,1492,13,6,7,5,3,2,0,0,0
05,056,District - Uttarkashi (01),Rural,75-79,2362,1215,1147,35,25,10,1214,857,357,1106,327,779,6,6,0,1,0,1,0,0,0
05,056,District - Uttarkashi (01),Rural,80+,2466,1182,1284,141,79,62,975,704,271,1348,398,950,2,1,1,0,0,0,0,0,0
05,056,District - Uttarkashi (01),Rural,Age not stated,356,196,160,209,125,84,126,63,63,20,8,12,0,0,0,1,0,1,0,0,0
05,056,District - Uttarkashi (01),Rural,Less than 18,123127,63672,59455,121958,63332,58626,1124,327,797,26,9,17,16,3,13,3,1,2,0,0,0
05,056,District - Uttarkashi (01),Rural,Less than 21,142456,73475,68981,136937,72090,64847,5443,1362,4081,42,11,31,28,9,19,6,3,3,0,0,0
05,056,District - Uttarkashi (01),Urban,All ages,24305,13222,11083,12037,7022,5015,11460,6045,5415,761,136,625,32,9,23,15,10,5,0,0,0
05,056,District - Uttarkashi (01),Urban,0-9,4057,2228,1829,4057,2228,1829,0,0,0,0,0,0,0,0,0,0,0,0,0,0,0
05,056,District - Uttarkashi (01),Urban,10-14,2795,1580,1215,2765,1568,1197,29,12,17,1,0,1,0,0,0,0,0,0,0,0,0
05,056,District - Uttarkashi (01),Urban,15-19,2784,1490,1294,2607,1439,1168,173,51,122,3,0,3,1,0,1,0,0,0,0,0,0
05,056,District - Uttarkashi (01),Urban,20-24,2298,1264,1034,1583,1033,550,709,230,479,5,0,5,1,1,0,0,0,0,0,0,0
05,056,District - Uttarkashi (01),Urban,25-29,2109,1036,1073,613,439,174,1484,594,890,10,1,9,1,1,0,1,1,0,0,0,0
05,056,District - Uttarkashi (01),Urban,30-34,2016,1052,964,166,127,39,1820,920,900,21,2,19,5,0,5,4,3,1,0,0,0
05,056,District - Uttarkashi (01),Urban,35-39,1856,949,907,36,30,6,1772,911,861,37,5,32,8,2,6,3,1,2,0,0,0
05,056,District - Uttarkashi (01),Urban,40-44,1602,888,714,31,26,5,1521,856,665,46,5,41,3,0,3,1,1,0,0,0,0
05,056,District - Uttarkashi (01),Urban,45-49,1431,813,618,20,16,4,1344,788,556,61,7,54,5,2,3,1,0,1,0,0,0
05,056,District - Uttarkashi (01),Urban,50-54,1124,667,457,21,17,4,1025,638,387,72,10,62,5,1,4,1,1,0,0,0,0
05,056,District - Uttarkashi (01),Urban,55-59,715,466,249,23,20,3,622,432,190,68,13,55,2,1,1,0,0,0,0,0,0
05,056,District - Uttarkashi (01),Urban,60-64,504,253,251,23,12,11,375,232,143,105,8,97,0,0,0,1,1,0,0,0,0
05,056,District - Uttarkashi (01),Urban,65-69,331,158,173,18,12,6,225,129,96,88,17,71,0,0,0,0,0,0,0,0,0
05,056,District - Uttarkashi (01),Urban,70-74,286,157,129,9,7,2,172,128,44,104,21,83,0,0,0,1,1,0,0,0,0
05,056,District - Uttarkashi (01),Urban,75-79,147,74,73,6,5,1,86,52,34,53,16,37,1,1,0,1,0,1,0,0,0
05,056,District - Uttarkashi (01),Urban,80+,188,109,79,24,18,6,79,59,20,84,31,53,0,0,0,1,1,0,0,0,0
05,056,District - Uttarkashi (01),Urban,Age not stated,62,38,24,35,25,10,24,13,11,3,0,3,0,0,0,0,0,0,0,0,0
05,056,District - Uttarkashi (01),Urban,Less than 18,8515,4707,3808,8423,4676,3747,90,31,59,2,0,2,0,0,0,0,0,0,0,0,0
05,056,District - Uttarkashi (01),Urban,Less than 21,10153,5580,4573,9852,5492,4360,294,88,206,6,0,6,1,0,1,0,0,0,0,0,0
05,057,District - Chamoli (02),Total,All ages,391605,193991,197614,189475,104176,85299,178165,85403,92762,23245,4178,19067,594,194,400,126,40,86,0,0,0
05,057,District - Chamoli (02),Total,0-9,76121,39980,36141,76121,39980,36141,0,0,0,0,0,0,0,0,0,0,0,0,0,0,0
05,057,District - Chamoli (02),Total,10-14,44204,22624,21580,43744,22476,21268,425,139,286,21,4,17,13,5,8,1,0,1,0,0,0
05,057,District - Chamoli (02),Total,15-19,41293,21003,20290,38828,20554,18274,2403,430,1973,44,9,35,16,8,8,2,2,0,0,0,0
05,057,District - Chamoli (02),Total,20-24,36521,16964,19557,20571,13125,7446,15802,3803,11999,98,19,79,39,13,26,11,4,7,0,0,0
05,057,District - Chamoli (02),Total,25-29,31576,14798,16778,6545,5219,1326,24751,9528,15223,219,32,187,43,13,30,18,6,12,0,0,0
05,057,District - Chamoli (02),Total,30-34,26701,13077,13624,1496,1213,283,24673,11796,12877,443,46,397,74,20,54,15,2,13,0,0,0
05,057,District - Chamoli (02),Total,35-39,24664,12221,12443,384,298,86,23455,11814,11641,719,79,640,90,27,63,16,3,13,0,0,0
05,057,District - Chamoli (02),Total,40-44,22196,10980,11216,243,186,57,20692,10615,10077,1160,147,1013,83,26,57,18,6,12,0,0,0
05,057,District - Chamoli (02),Total,45-49,19621,9629,9992,193,158,35,17795,9263,8532,1543,183,1360,70,20,50,20,5,15,0,0,0
05,057,District - Chamoli (02),Total,50-54,16848,8184,8664,166,136,30,14492,7740,6752,2131,289,1842,46,15,31,13,4,9,0,0,0
05,057,District - Chamoli (02),Total,55-59,13083,6113,6970,125,100,25,10645,5654,4991,2271,343,1928,36,11,25,6,5,1,0,0,0
05,057,District - Chamoli (02),Total,60-64,13218,6387,6831,187,145,42,9462,5637,3825,3535,592,2943,32,12,20,2,1,1,0,0,0
05,057,District - Chamoli (02),Total,65-69,9289,4390,4899,159,117,42,5998,3655,2343,3111,608,2503,21,10,11,0,0,0,0,0,0
05,057,District - Chamoli (02),Total,70-74,7317,3465,3852,80,64,16,3963,2740,1223,3257,654,2603,15,6,9,2,1,1,0,0,0
05,057,District - Chamoli (02),Total,75-79,3880,1829,2051,34,28,6,1820,1322,498,2018,475,1543,7,3,4,1,1,0,0,0,0
05,057,District - Chamoli (02),Total,80+,4238,1842,2396,165,89,76,1426,1061,365,2638,688,1950,8,4,4,1,0,1,0,0,0
05,057,District - Chamoli (02),Total,Age not stated,835,505,330,434,288,146,363,206,157,37,10,27,1,1,0,0,0,0,0,0,0
05,057,District - Chamoli (02),Total,Less than 18,145484,75521,69963,144253,75179,69074,1156,323,833,52,10,42,21,8,13,2,1,1,0,0,0
05,057,District - Chamoli (02),Total,Less than 21,169835,87473,82362,164757,86498,78259,4955,939,4016,82,19,63,36,15,21,5,2,3,0,0,0
05,057,District - Chamoli (02),Rural,All ages,332209,160369,171840,160713,86840,73873,149791,69461,80330,21070,3864,17206,518,166,352,117,38,79,0,0,0
05,057,District - Chamoli (02),Rural,0-9,65733,34252,31481,65733,34252,31481,0,0,0,0,0,0,0,0,0,0,0,0,0,0,0
05,057,District - Chamoli (02),Rural,10-14,38161,19271,18890,37778,19152,18626,357,113,244,18,3,15,7,3,4,1,0,1,0,0,0
05,057,District - Chamoli (02),Rural,15-19,35236,17525,17711,33108,17180,15928,2083,334,1749,32,4,28,11,5,6,2,2,0,0,0,0
05,057,District - Chamoli (02),Rural,20-24,30607,13621,16986,16585,10410,6175,13893,3181,10712,86,16,70,32,10,22,11,4,7,0,0,0
05,057,District - Chamoli (02),Rural,25-29,25478,11447,14031,4726,3755,971,20511,7646,12865,191,31,160,33,9,24,17,6,11,0,0,0
05,057,District - Chamoli (02),Rural,30-34,21450,10129,11321,1059,846,213,19922,9222,10700,386,41,345,69,18,51,14,2,12,0,0,0
05,057,District - Chamoli (02),Rural,35-39,19956,9567,10389,289,221,68,18956,9251,9705,620,70,550,76,22,54,15,3,12,0,0,0
05,057,District - Chamoli (02),Rural,40-44,18182,8543,9639,182,140,42,16922,8252,8670,988,123,865,75,24,51,15,4,11,0,0,0
05,057,District - Chamoli (02),Rural,45-49,16294,7615,8679,151,119,32,14738,7305,7433,1323,168,1155,64,18,46,18,5,13,0,0,0
05,057,District - Chamoli (02),Rural,50-54,14365,6694,7671,125,100,25,12282,6312,5970,1905,266,1639,41,12,29,12,4,8,0,0,0
05,057,District - Chamoli (02),Rural,55-59,11409,5083,6326,86,71,15,9232,4684,4548,2052,312,1740,33,11,22,6,5,1,0,0,0
05,057,District - Chamoli (02),Rural,60-64,12009,5733,6276,147,112,35,8566,5045,3521,3264,563,2701,30,12,18,2,1,1,0,0,0
05,057,District - Chamoli (02),Rural,65-69,8493,3984,4509,123,90,33,5472,3312,2160,2878,573,2305,20,9,11,0,0,0,0,0,0
05,057,District - Chamoli (02),Rural,70-74,6718,3162,3556,68,53,15,3608,2487,1121,3027,615,2412,13,6,7,2,1,1,0,0,0
05,057,District - Chamoli (02),Rural,75-79,3570,1675,1895,31,26,5,1670,1206,464,1862,440,1422,6,2,4,1,1,0,0,0,0
05,057,District - Chamoli (02),Rural,80+,3830,1660,2170,142,72,70,1277,955,322,2403,629,1774,7,4,3,1,0,1,0,0,0
05,057,District - Chamoli (02),Rural,Age not stated,718,408,310,380,241,139,302,156,146,35,10,25,1,1,0,0,0,0,0,0,0
05,057,District - Chamoli (02),Rural,Less than 18,125484,64407,61077,124458,64137,60321,970,259,711,41,5,36,13,5,8,2,1,1,0,0,0
05,057,District - Chamoli (02),Rural,Less than 21,146066,74208,71858,141658,73440,68218,4314,745,3569,66,12,54,23,9,14,5,2,3,0,0,0
05,057,District - Chamoli (02),Urban,All ages,59396,33622,25774,28762,17336,11426,28374,15942,12432,2175,314,1861,76,28,48,9,2,7,0,0,0
05,057,District - Chamoli (02),Urban,0-9,10388,5728,4660,10388,5728,4660,0,0,0,0,0,0,0,0,0,0,0,0,0,0,0
05,057,District - Chamoli (02),Urban,10-14,6043,3353,2690,5966,3324,2642,68,26,42,3,1,2,6,2,4,0,0,0,0,0,0
05,057,District - Chamoli (02),Urban,15-19,6057,3478,2579,5720,3374,2346,320,96,224,12,5,7,5,3,2,0,0,0,0,0,0
05,057,District - Chamoli (02),Urban,20-24,5914,3343,2571,3986,2715,1271,1909,622,1287,12,3,9,7,3,4,0,0,0,0,0,0
05,057,District - Chamoli (02),Urban,25-29,6098,3351,2747,1819,1464,355,4240,1882,2358,28,1,27,10,4,6,1,0,1,0,0,0
05,057,District - Chamoli (02),Urban,30-34,5251,2948,2303,437,367,70,4751,2574,2177,57,5,52,5,2,3,1,0,1,0,0,0
05,057,District - Chamoli (02),Urban,35-39,4708,2654,2054,95,77,18,4499,2563,1936,99,9,90,14,5,9,1,0,1,0,0,0
05,057,District - Chamoli (02),Urban,40-44,4014,2437,1577,61,46,15,3770,2363,1407,172,24,148,8,2,6,3,2,1,0,0,0
05,057,District - Chamoli (02),Urban,45-49,3327,2014,1313,42,39,3,3057,1958,1099,220,15,205,6,2,4,2,0,2,0,0,0
05,057,District - Chamoli (02),Urban,50-54,2483,1490,993,41,36,5,2210,1428,782,226,23,203,5,3,2,1,0,1,0,0,0
05,057,District - Chamoli (02),Urban,55-59,1674,1030,644,39,29,10,1413,970,443,219,31,188,3,0,3,0,0,0,0,0,0
05,057,District - Chamoli (02),Urban,60-64,1209,654,555,40,33,7,896,592,304,271,29,242,2,0,2,0,0,0,0,0,0
05,057,District - Chamoli (02),Urban,65-69,796,406,390,36,27,9,526,343,183,233,35,198,1,1,0,0,0,0,0,0,0
05,057,District - Chamoli (02),Urban,70-74,599,303,296,12,11,1,355,253,102,230,39,191,2,0,2,0,0,0,0,0,0
05,057,District - Chamoli (02),Urban,75-79,310,154,156,3,2,1,150,116,34,156,35,121,1,1,0,0,0,0,0,0,0
05,057,District - Chamoli (02),Urban,80+,408,182,226,23,17,6,149,106,43,235,59,176,1,0,1,0,0,0,0,0,0
05,057,District - Chamoli (02),Urban,Age not stated,117,97,20,54,47,7,61,50,11,2,0,2,0,0,0,0,0,0,0,0,0
05,057,District - Chamoli (02),Urban,Less than 18,20000,11114,8886,19795,11042,8753,186,64,122,11,5,6,8,3,5,0,0,0,0,0,0
05,057,District - Chamoli (02),Urban,Less than 21,23769,13265,10504,23099,13058,10041,641,194,447,16,7,9,13,6,7,0,0,0,0,0,0
05,058,District - Rudraprayag (03),Total,All ages,242285,114589,127696,116296,63128,53168,109833,49226,60607,15767,2148,13619,329,73,256,60,14,46,0,0,0
05,058,District - Rudraprayag (03),Total,0-9,47515,24923,22592,47515,24923,22592,0,0,0,0,0,0,0,0,0,0,0,0,0,0,0
05,058,District - Rudraprayag (03),Total,10-14,28519,14554,13965,28155,14423,13732,338,125,213,15,2,13,5,3,2,6,1,5,0,0,0
05,058,District - Rudraprayag (03),Total,15-19,25905,12898,13007,24272,12649,11623,1596,238,1358,25,5,20,2,2,0,10,4,6,0,0,0
05,058,District - Rudraprayag (03),Total,20-24,21601,9163,12438,11222,7158,4064,10291,1996,8295,70,7,63,13,1,12,5,1,4,0,0,0
05,058,District - Rudraprayag (03),Total,25-29,18308,7942,10366,3116,2595,521,14991,5321,9670,164,19,145,29,5,24,8,2,6,0,0,0
05,058,District - Rudraprayag (03),Total,30-34,15629,7055,8574,648,516,132,14650,6507,8143,288,27,261,37,4,33,6,1,5,0,0,0
05,058,District - Rudraprayag (03),Total,35-39,15035,6791,8244,166,114,52,14289,6620,7669,532,41,491,42,13,29,6,3,3,0,0,0
05,058,District - Rudraprayag (03),Total,40-44,12917,5980,6937,94,65,29,12023,5851,6172,745,51,694,48,12,36,7,1,6,0,0,0
05,058,District - Rudraprayag (03),Total,45-49,11398,5129,6269,88,69,19,10254,4957,5297,1006,96,910,46,7,39,4,0,4,0,0,0
05,058,District - Rudraprayag (03),Total,50-54,10138,4504,5634,49,32,17,8657,4341,4316,1395,123,1272,34,8,26,3,0,3,0,0,0
05,058,District - Rudraprayag (03),Total,55-59,8142,3404,4738,33,25,8,6703,3224,3479,1383,151,1232,22,4,18,1,0,1,0,0,0
05,058,District - Rudraprayag (03),Total,60-64,9379,4271,5108,181,102,79,6720,3860,2860,2459,305,2154,19,4,15,0,0,0,0,0,0
05,058,District - Rudraprayag (03),Total,65-69,6537,2908,3629,251,144,107,4053,2466,1587,2223,295,1928,9,2,7,1,1,0,0,0,0
05,058,District - Rudraprayag (03),Total,70-74,5165,2304,2861,77,47,30,2742,1887,855,2330,364,1966,16,6,10,0,0,0,0,0,0
05,058,District - Rudraprayag (03),Total,75-79,2677,1223,1454,12,9,3,1262,941,321,1398,273,1125,3,0,3,2,0,2,0,0,0
05,058,District - Rudraprayag (03),Total,80+,2948,1292,1656,151,91,60,1089,818,271,1703,381,1322,4,2,2,1,0,1,0,0,0
05,058,District - Rudraprayag (03),Total,Age not stated,472,248,224,266,166,100,175,74,101,31,8,23,0,0,0,0,0,0,0,0,0
05,058,District - Rudraprayag (03),Total,Less than 18,92045,47636,44409,91169,47368,43801,825,254,571,33,6,27,5,3,2,13,5,8,0,0,0
05,058,District - Rudraprayag (03),Total,Less than 21,106884,54570,52314,103455,54002,49453,3355,550,2805,49,8,41,9,5,4,16,5,11,0,0,0
05,058,District - Rudraprayag (03),Rural,All ages,232360,108740,123620,111701,60273,51428,104836,46272,58564,15444,2115,13329,320,66,254,59,14,45,0,0,0
05,058,District - Rudraprayag (03),Rural,0-9,45914,24012,21902,45914,24012,21902,0,0,0,0,0,0,0,0,0,0,0,0,0,0,0
05,058,District - Rudraprayag (03),Rural,10-14,27526,14022,13504,27186,13904,13282,316,113,203,14,1,13,4,3,1,6,1,5,0,0,0
05,058,District - Rudraprayag (03),Rural,15-19,24917,12318,12599,23332,12079,11253,1548,228,1320,25,5,20,2,2,0,10,4,6,0,0,0
05,058,District - Rudraprayag (03),Rural,20-24,20653,8594,12059,10591,6689,3902,9980,1897,8083,65,7,58,12,0,12,5,1,4,0,0,0
05,058,District - Rudraprayag (03),Rural,25-29,17281,7338,9943,2827,2337,490,14259,4976,9283,159,19,140,28,4,24,8,2,6,0,0,0
05,058,District - Rudraprayag (03),Rural,30-34,14730,6507,8223,583,460,123,13825,6015,7810,280,27,253,37,4,33,5,1,4,0,0,0
05,058,District - Rudraprayag (03),Rural,35-39,14230,6325,7905,148,102,46,13524,6167,7357,510,40,470,42,13,29,6,3,3,0,0,0
05,058,District - Rudraprayag (03),Rural,40-44,12231,5552,6679,82,55,27,11368,5435,5933,726,49,677,48,12,36,7,1,6,0,0,0
05,058,District - Rudraprayag (03),Rural,45-49,10789,4756,6033,77,59,18,9695,4597,5098,968,94,874,45,6,39,4,0,4,0,0,0
05,058,District - Rudraprayag (03),Rural,50-54,9664,4198,5466,46,29,17,8224,4038,4186,1357,123,1234,34,8,26,3,0,3,0,0,0
05,058,District - Rudraprayag (03),Rural,55-59,7869,3215,4654,28,20,8,6467,3044,3423,1351,147,1204,22,4,18,1,0,1,0,0,0
05,058,District - Rudraprayag (03),Rural,60-64,9177,4149,5028,174,98,76,6560,3746,2814,2424,301,2123,19,4,15,0,0,0,0,0,0
05,058,District - Rudraprayag (03),Rural,65-69,6398,2832,3566,239,137,102,3956,2400,1556,2194,293,1901,8,1,7,1,1,0,0,0,0
05,058,District - Rudraprayag (03),Rural,70-74,5073,2260,2813,75,45,30,2682,1850,832,2302,361,1941,14,4,10,0,0,0,0,0,0
05,058,District - Rudraprayag (03),Rural,75-79,2621,1190,1431,11,8,3,1226,913,313,1380,269,1111,2,0,2,2,0,2,0,0,0
05,058,District - Rudraprayag (03),Rural,80+,2841,1240,1601,141,86,55,1038,782,256,1658,371,1287,3,1,2,1,0,1,0,0,0
05,058,District - Rudraprayag (03),Rural,Age not stated,446,232,214,247,153,94,168,71,97,31,8,23,0,0,0,0,0,0,0,0,0
05,058,District - Rudraprayag (03),Rural,Less than 18,88876,45859,43017,88042,45608,42434,785,238,547,32,5,27,4,3,1,13,5,8,0,0,0
05,058,District - Rudraprayag (03),Rural,Less than 21,103110,52432,50678,99795,51902,47893,3243,513,2730,48,7,41,8,5,3,16,5,11,0,0,0
05,058,District - Rudraprayag (03),Urban,All ages,9925,5849,4076,4595,2855,1740,4997,2954,2043,323,33,290,9,7,2,1,0,1,0,0,0
05,058,District - Rudraprayag (03),Urban,0-9,1601,911,690,1601,911,690,0,0,0,0,0,0,0,0,0,0,0,0,0,0,0
05,058,District - Rudraprayag (03),Urban,10-14,993,532,461,969,519,450,22,12,10,1,1,0,1,0,1,0,0,0,0,0,0
05,058,District - Rudraprayag (03),Urban,15-19,988,580,408,940,570,370,48,10,38,0,0,0,0,0,0,0,0,0,0,0,0
05,058,District - Rudraprayag (03),Urban,20-24,948,569,379,631,469,162,311,99,212,5,0,5,1,1,0,0,0,0,0,0,0
05,058,District - Rudraprayag (03),Urban,25-29,1027,604,423,289,258,31,732,345,387,5,0,5,1,1,0,0,0,0,0,0,0
05,058,District - Rudraprayag (03),Urban,30-34,899,548,351,65,56,9,825,492,333,8,0,8,0,0,0,1,0,1,0,0,0
05,058,District - Rudraprayag (03),Urban,35-39,805,466,339,18,12,6,765,453,312,22,1,21,0,0,0,0,0,0,0,0,0
05,058,District - Rudraprayag (03),Urban,40-44,686,428,258,12,10,2,655,416,239,19,2,17,0,0,0,0,0,0,0,0,0
05,058,District - Rudraprayag (03),Urban,45-49,609,373,236,11,10,1,559,360,199,38,2,36,1,1,0,0,0,0,0,0,0
05,058,District - Rudraprayag (03),Urban,50-54,474,306,168,3,3,0,433,303,130,38,0,38,0,0,0,0,0,0,0,0,0
05,058,District - Rudraprayag (03),Urban,55-59,273,189,84,5,5,0,236,180,56,32,4,28,0,0,0,0,0,0,0,0,0
05,058,District - Rudraprayag (03),Urban,60-64,202,122,80,7,4,3,160,114,46,35,4,31,0,0,0,0,0,0,0,0,0
05,058,District - Rudraprayag (03),Urban,65-69,139,76,63,12,7,5,97,66,31,29,2,27,1,1,0,0,0,0,0,0,0
05,058,District - Rudraprayag (03),Urban,70-74,92,44,48,2,2,0,60,37,23,28,3,25,2,2,0,0,0,0,0,0,0
05,058,District - Rudraprayag (03),Urban,75-79,56,33,23,1,1,0,36,28,8,18,4,14,1,0,1,0,0,0,0,0,0
05,058,District - Rudraprayag (03),Urban,80+,107,52,55,10,5,5,51,36,15,45,10,35,1,1,0,0,0,0,0,0,0
05,058,District - Rudraprayag (03),Urban,Age not stated,26,16,10,19,13,6,7,3,4,0,0,0,0,0,0,0,0,0,0,0,0
05,058,District - Rudraprayag (03),Urban,Less than 18,3169,1777,1392,3127,1760,1367,40,16,24,1,1,0,1,0,1,0,0,0,0,0,0
05,058,District - Rudraprayag (03),Urban,Less than 21,3774,2138,1636,3660,2100,1560,112,37,75,1,1,0,1,0,1,0,0,0,0,0,0
05,059,District - Tehri Garhwal (04),Total,All ages,618931,297986,320945,304181,165275,138906,277511,126746,150765,36126,5641,30485,930,266,664,183,58,125,0,0,0
05,059,District - Tehri Garhwal (04),Total,0-9,125175,65910,59265,125175,65910,59265,0,0,0,0,0,0,0,0,0,0,0,0,0,0,0
05,059,District - Tehri Garhwal (04),Total,10-14,75138,38660,36478,74349,38405,35944,724,228,496,37,11,26,25,14,11,3,2,1,0,0,0
05,059,District - Tehri Garhwal (04),Total,15-19,68849,34005,34844,64584,33265,31319,4171,713,3458,66,15,51,24,10,14,4,2,2,0,0,0
05,059,District - Tehri Garhwal (04),Total,20-24,53782,23593,30189,27595,17818,9777,26008,5735,20273,124,21,103,44,16,28,11,3,8,0,0,0
05,059,District - Tehri Garhwal (04),Total,25-29,45380,20172,25208,7262,6012,1250,37647,14068,23579,357,69,288,91,19,72,23,4,19,0,0,0
05,059,District - Tehri Garhwal (04),Total,30-34,39339,18048,21291,1678,1352,326,36855,16587,20268,685,77,608,99,24,75,22,8,14,0,0,0
05,059,District - Tehri Garhwal (04),Total,35-39,37698,17590,20108,597,465,132,35813,16966,18847,1132,122,1010,123,27,96,33,10,23,0,0,0
05,059,District - Tehri Garhwal (04),Total,40-44,33401,15749,17652,383,292,91,31203,15265,15938,1672,148,1524,124,38,86,19,6,13,0,0,0
05,059,District - Tehri Garhwal (04),Total,45-49,28933,13695,15238,314,253,61,26279,13178,13101,2229,236,1993,87,20,67,24,8,16,0,0,0
05,059,District - Tehri Garhwal (04),Total,50-54,25379,11878,13501,242,190,52,21863,11300,10563,3176,370,2806,84,16,68,14,2,12,0,0,0
05,059,District - Tehri Garhwal (04),Total,55-59,19904,8914,10990,160,126,34,16616,8319,8297,3070,441,2629,51,24,27,7,4,3,0,0,0
05,059,District - Tehri Garhwal (04),Total,60-64,22682,10160,12522,337,243,94,16566,9123,7443,5690,766,4924,82,25,57,7,3,4,0,0,0
05,059,District - Tehri Garhwal (04),Total,65-69,15661,7081,8580,339,217,122,10291,6114,4177,4988,735,4253,36,10,26,7,5,2,0,0,0
05,059,District - Tehri Garhwal (04),Total,70-74,12581,5640,6941,164,126,38,6946,4585,2361,5442,918,4524,23,11,12,6,0,6,0,0,0
05,059,District - Tehri Garhwal (04),Total,75-79,6942,3230,3712,54,40,14,3508,2458,1050,3369,728,2641,10,4,6,1,0,1,0,0,0
05,059,District - Tehri Garhwal (04),Total,80+,6849,3033,3816,269,161,108,2528,1894,634,4028,971,3057,22,6,16,2,1,1,0,0,0
05,059,District - Tehri Garhwal (04),Total,Age not stated,1238,628,610,679,400,279,493,213,280,61,13,48,5,2,3,0,0,0,0,0,0
05,059,District - Tehri Garhwal (04),Total,Less than 18,243199,126096,117103,241191,125516,115675,1887,536,1351,78,20,58,37,20,17,6,4,2,0,0,0
05,059,District - Tehri Garhwal (04),Total,Less than 21,282128,144398,137730,273241,142770,130471,8702,1567,7135,119,29,90,58,28,30,8,4,4,0,0,0
05,059,District - Tehri Garhwal (04),Rural,All ages,548792,259381,289411,269371,144457,124914,244347,109335,135012,34045,5297,28748,866,241,625,163,51,112,0,0,0
05,059,District - Tehri Garhwal (04),Rural,0-9,113025,59263,53762,113025,59263,53762,0,0,0,0,0,0,0,0,0,0,0,0,0,0,0
05,059,District - Tehri Garhwal (04),Rural,10-14,67415,34351,33064,66704,34122,32582,649,203,446,34,10,24,25,14,11,3,2,1,0,0,0
05,059,District - Tehri Garhwal (04),Rural,15-19,61440,29791,31649,57502,29140,28362,3849,627,3222,61,12,49,24,10,14,4,2,2,0,0,0
05,059,District - Tehri Garhwal (04),Rural,20-24,46801,19705,27096,22784,14593,8191,23855,5077,18778,113,18,95,39,14,25,10,3,7,0,0,0
05,059,District - Tehri Garhwal (04),Rural,25-29,39167,16943,22224,5463,4565,898,33266,12293,20973,331,62,269,86,19,67,21,4,17,0,0,0
05,059,District - Tehri Garhwal (04),Rural,30-34,33389,15067,18322,1194,939,255,31462,14034,17428,624,67,557,90,21,69,19,6,13,0,0,0
05,059,District - Tehri Garhwal (04),Rural,35-39,31774,14399,17375,408,302,106,30187,13958,16229,1039,107,932,113,23,90,27,9,18,0,0,0
05,059,District - Tehri Garhwal (04),Rural,40-44,28446,12945,15501,266,193,73,26527,12591,13936,1524,124,1400,112,32,80,17,5,12,0,0,0
05,059,District - Tehri Garhwal (04),Rural,45-49,24945,11345,13600,227,175,52,22566,10926,11640,2051,219,1832,80,18,62,21,7,14,0,0,0
05,059,District - Tehri Garhwal (04),Rural,50-54,22422,10099,12323,167,125,42,19182,9612,9570,2979,344,2635,81,16,65,13,2,11,0,0,0
05,059,District - Tehri Garhwal (04),Rural,55-59,17896,7671,10225,110,86,24,14866,7151,7715,2866,408,2458,48,23,25,6,3,3,0,0,0
05,059,District - Tehri Garhwal (04),Rural,60-64,21382,9457,11925,285,202,83,15578,8509,7069,5437,723,4714,76,21,55,6,2,4,0,0,0
05,059,District - Tehri Garhwal (04),Rural,65-69,14749,6612,8137,276,170,106,9689,5730,3959,4744,699,4045,33,8,25,7,5,2,0,0,0
05,059,District - Tehri Garhwal (04),Rural,70-74,11943,5334,6609,121,92,29,6576,4347,2229,5218,885,4333,22,10,12,6,0,6,0,0,0
05,059,District - Tehri Garhwal (04),Rural,75-79,6528,3033,3495,39,28,11,3302,2313,989,3176,688,2488,10,4,6,1,0,1,0,0,0
05,059,District - Tehri Garhwal (04),Rural,80+,6375,2816,3559,200,110,90,2356,1781,575,3795,918,2877,22,6,16,2,1,1,0,0,0
05,059,District - Tehri Garhwal (04),Rural,Age not stated,1095,550,545,600,352,248,437,183,254,53,13,40,5,2,3,0,0,0,0,0,0
05,059,District - Tehri Garhwal (04),Rural,Less than 18,218913,112677,106236,217096,112162,104934,1703,475,1228,71,16,55,37,20,17,6,4,2,0,0,0
05,059,District - Tehri Garhwal (04),Rural,Less than 21,253176,128280,124896,244992,126867,118125,8009,1357,6652,110,25,85,57,27,30,8,4,4,0,0,0
05,059,District - Tehri Garhwal (04),Urban,All ages,70139,38605,31534,34810,20818,13992,33164,17411,15753,2081,344,1737,64,25,39,20,7,13,0,0,0
05,059,District - Tehri Garhwal (04),Urban,0-9,12150,6647,5503,12150,6647,5503,0,0,0,0,0,0,0,0,0,0,0,0,0,0,0
05,059,District - Tehri Garhwal (04),Urban,10-14,7723,4309,3414,7645,4283,3362,75,25,50,3,1,2,0,0,0,0,0,0,0,0,0
05,059,District - Tehri Garhwal (04),Urban,15-19,7409,4214,3195,7082,4125,2957,322,86,236,5,3,2,0,0,0,0,0,0,0,0,0
05,059,District - Tehri Garhwal (04),Urban,20-24,6981,3888,3093,4811,3225,1586,2153,658,1495,11,3,8,5,2,3,1,0,1,0,0,0
05,059,District - Tehri Garhwal (04),Urban,25-29,6213,3229,2984,1799,1447,352,4381,1775,2606,26,7,19,5,0,5,2,0,2,0,0,0
05,059,District - Tehri Garhwal (04),Urban,30-34,5950,2981,2969,484,413,71,5393,2553,2840,61,10,51,9,3,6,3,2,1,0,0,0
05,059,District - Tehri Garhwal (04),Urban,35-39,5924,3191,2733,189,163,26,5626,3008,2618,93,15,78,10,4,6,6,1,5,0,0,0
05,059,District - Tehri Garhwal (04),Urban,40-44,4955,2804,2151,117,99,18,4676,2674,2002,148,24,124,12,6,6,2,1,1,0,0,0
05,059,District - Tehri Garhwal (04),Urban,45-49,3988,2350,1638,87,78,9,3713,2252,1461,178,17,161,7,2,5,3,1,2,0,0,0
05,059,District - Tehri Garhwal (04),Urban,50-54,2957,1779,1178,75,65,10,2681,1688,993,197,26,171,3,0,3,1,0,1,0,0,0
05,059,District - Tehri Garhwal (04),Urban,55-59,2008,1243,765,50,40,10,1750,1168,582,204,33,171,3,1,2,1,1,0,0,0,0
05,059,District - Tehri Garhwal (04),Urban,60-64,1300,703,597,52,41,11,988,614,374,253,43,210,6,4,2,1,1,0,0,0,0
05,059,District - Tehri Garhwal (04),Urban,65-69,912,469,443,63,47,16,602,384,218,244,36,208,3,2,1,0,0,0,0,0,0
05,059,District - Tehri Garhwal (04),Urban,70-74,638,306,332,43,34,9,370,238,132,224,33,191,1,1,0,0,0,0,0,0,0
05,059,District - Tehri Garhwal (04),Urban,75-79,414,197,217,15,12,3,206,145,61,193,40,153,0,0,0,0,0,0,0,0,0
05,059,District - Tehri Garhwal (04),Urban,80+,474,217,257,69,51,18,172,113,59,233,53,180,0,0,0,0,0,0,0,0,0
05,059,District - Tehri Garhwal (04),Urban,Age not stated,143,78,65,79,48,31,56,30,26,8,0,8,0,0,0,0,0,0,0,0,0
05,059,District - Tehri Garhwal (04),Urban,Less than 18,24286,13419,10867,24095,13354,10741,184,61,123,7,4,3,0,0,0,0,0,0,0,0,0
05,059,District - Tehri Garhwal (04),Urban,Less than 21,28952,16118,12834,28249,15903,12346,693,210,483,9,4,5,1,1,0,0,0,0,0,0,0
05,060,District - Dehradun (05),Total,All ages,1696694,892199,804495,825138,475450,349688,796796,398311,398485,69575,16150,53425,3357,1525,1832,1828,763,1065,0,0,0
05,060,District - Dehradun (05),Total,0-9,294707,156731,137976,294707,156731,137976,0,0,0,0,0,0,0,0,0,0,0,0,0,0,0
05,060,District - Dehradun (05),Total,10-14,167882,90496,77386,165371,89563,75808,2287,829,1458,94,33,61,113,63,50,17,8,9,0,0,0
05,060,District - Dehradun (05),Total,15-19,175683,95753,79930,166077,93464,72613,9280,2178,7102,159,39,120,131,60,71,36,12,24,0,0,0
05,060,District - Dehradun (05),Total,20-24,175063,91310,83753,117630,75444,42186,56752,15652,41100,355,101,254,231,84,147,95,29,66,0,0,0
05,060,District - Dehradun (05),Total,25-29,155182,79238,75944,46902,35066,11836,106957,43756,63201,717,196,521,393,142,251,213,78,135,0,0,0
05,060,District - Dehradun (05),Total,30-34,132014,68397,63617,13134,10103,3031,116699,57668,59031,1404,342,1062,492,195,297,285,89,196,0,0,0
05,060,District - Dehradun (05),Total,35-39,122004,62487,59517,5058,3744,1314,113701,57918,55783,2419,468,1951,495,218,277,331,139,192,0,0,0
05,060,District - Dehradun (05),Total,40-44,102221,52977,49244,2855,2130,725,95107,49884,45223,3599,646,2953,415,206,209,245,111,134,0,0,0
05,060,District - Dehradun (05),Total,45-49,89807,47175,42632,2064,1551,513,82100,44395,37705,5119,975,4144,334,159,175,190,95,95,0,0,0
05,060,District - Dehradun (05),Total,50-54,71671,38141,33530,1556,1152,404,63538,35680,27858,6210,1128,5082,227,111,116,140,70,70,0,0,0
05,060,District - Dehradun (05),Total,55-59,56734,28750,27984,1102,788,314,48752,26546,22206,6649,1299,5350,142,74,68,89,43,46,0,0,0
05,060,District - Dehradun (05),Total,60-64,54482,28365,26117,1598,1110,488,42584,24952,17632,10052,2178,7874,166,84,82,82,41,41,0,0,0
05,060,District - Dehradun (05),Total,65-69,36156,19567,16589,1565,980,585,25965,16438,9527,8496,2078,6418,92,52,40,38,19,19,0,0,0
05,060,District - Dehradun (05),Total,70-74,25919,14004,11915,786,548,238,16043,11097,4946,9000,2303,6697,63,37,26,27,19,8,0,0,0
05,060,District - Dehradun (05),Total,75-79,13761,7087,6674,338,243,95,7455,5161,2294,5920,1657,4263,31,21,10,17,5,12,0,0,0
05,060,District - Dehradun (05),Total,80+,17557,8406,9151,1210,813,397,7124,4923,2201,9181,2650,6531,22,15,7,20,5,15,0,0,0
05,060,District - Dehradun (05),Total,Age not stated,5851,3315,2536,3185,2020,1165,2452,1234,1218,201,57,144,10,4,6,3,0,3,0,0,0
05,060,District - Dehradun (05),Total,Less than 18,564944,302539,262405,558861,300553,258308,5685,1816,3869,185,56,129,184,101,83,29,13,16,0,0,0
05,060,District - Dehradun (05),Total,Less than 21,678475,364354,314121,658240,359288,298952,19570,4822,14748,331,90,241,267,130,137,67,24,43,0,0,0
05,060,District - Dehradun (05),Rural,All ages,754753,392891,361862,381789,216742,165047,339536,167349,172187,31165,7680,23485,1533,779,754,730,341,389,0,0,0
05,060,District - Dehradun (05),Rural,0-9,145647,76326,69321,145647,76326,69321,0,0,0,0,0,0,0,0,0,0,0,0,0,0,0
05,060,District - Dehradun (05),Rural,10-14,81002,42883,38119,79894,42459,37435,1006,381,625,46,15,31,48,24,24,8,4,4,0,0,0
05,060,District - Dehradun (05),Rural,15-19,80943,43311,37632,76288,42261,34027,4494,1008,3486,79,18,61,60,18,42,22,6,16,0,0,0
05,060,District - Dehradun (05),Rural,20-24,77328,39440,37888,49103,31850,17253,27889,7474,20415,178,58,120,105,41,64,53,17,36,0,0,0
05,060,District - Dehradun (05),Rural,25-29,65856,33162,32694,17462,13473,3989,47773,19475,28298,347,101,246,181,77,104,93,36,57,0,0,0
05,060,District - Dehradun (05),Rural,30-34,55641,28429,27212,4720,3749,971,49935,24372,25563,656,168,488,212,98,114,118,42,76,0,0,0
05,060,District - Dehradun (05),Rural,35-39,50997,26171,24826,1893,1503,390,47711,24289,23422,1062,224,838,212,101,111,119,54,65,0,0,0
05,060,District - Dehradun (05),Rural,40-44,41302,21679,19623,1136,931,205,38356,20323,18033,1534,282,1252,188,93,95,88,50,38,0,0,0
05,060,District - Dehradun (05),Rural,45-49,36059,18843,17216,842,725,117,32801,17538,15263,2193,443,1750,153,92,61,70,45,25,0,0,0
05,060,District - Dehradun (05),Rural,50-54,28615,15002,13613,580,507,73,25179,13886,11293,2698,515,2183,112,64,48,46,30,16,0,0,0
05,060,District - Dehradun (05),Rural,55-59,23501,11641,11860,423,357,66,20107,10591,9516,2879,642,2237,61,36,25,31,15,16,0,0,0
05,060,District - Dehradun (05),Rural,60-64,25366,13306,12060,807,614,193,19582,11452,8130,4868,1175,3693,79,49,30,30,16,14,0,0,0
05,060,District - Dehradun (05),Rural,65-69,15864,8748,7116,777,509,268,11059,7182,3877,3968,1013,2955,45,38,7,15,6,9,0,0,0
05,060,District - Dehradun (05),Rural,70-74,11316,6072,5244,335,250,85,6760,4694,2066,4169,1093,3076,35,22,13,17,13,4,0,0,0
05,060,District - Dehradun (05),Rural,75-79,5649,2976,2673,143,116,27,2986,2087,899,2492,756,1736,20,14,6,8,3,5,0,0,0
05,060,District - Dehradun (05),Rural,80+,7487,3680,3807,469,331,138,3073,2178,895,3920,1156,2764,15,11,4,10,4,6,0,0,0
05,060,District - Dehradun (05),Rural,Age not stated,2180,1222,958,1270,781,489,825,419,406,76,21,55,7,1,6,2,0,2,0,0,0
05,060,District - Dehradun (05),Rural,Less than 18,273937,144201,129736,271259,143314,127945,2501,822,1679,87,24,63,76,35,41,14,6,8,0,0,0
05,060,District - Dehradun (05),Rural,Less than 21,326256,172215,154041,316401,169907,146494,9532,2208,7324,167,43,124,119,45,74,37,12,25,0,0,0
05,060,District - Dehradun (05),Urban,All ages,941941,499308,442633,443349,258708,184641,457260,230962,226298,38410,8470,29940,1824,746,1078,1098,422,676,0,0,0
05,060,District - Dehradun (05),Urban,0-9,149060,80405,68655,149060,80405,68655,0,0,0,0,0,0,0,0,0,0,0,0,0,0,0
05,060,District - Dehradun (05),Urban,10-14,86880,47613,39267,85477,47104,38373,1281,448,833,48,18,30,65,39,26,9,4,5,0,0,0
05,060,District - Dehradun (05),Urban,15-19,94740,52442,42298,89789,51203,38586,4786,1170,3616,80,21,59,71,42,29,14,6,8,0,0,0
05,060,District - Dehradun (05),Urban,20-24,97735,51870,45865,68527,43594,24933,28863,8178,20685,177,43,134,126,43,83,42,12,30,0,0,0
05,060,District - Dehradun (05),Urban,25-29,89326,46076,43250,29440,21593,7847,59184,24281,34903,370,95,275,212,65,147,120,42,78,0,0,0
05,060,District - Dehradun (05),Urban,30-34,76373,39968,36405,8414,6354,2060,66764,33296,33468,748,174,574,280,97,183,167,47,120,0,0,0
05,060,District - Dehradun (05),Urban,35-39,71007,36316,34691,3165,2241,924,65990,33629,32361,1357,244,1113,283,117,166,212,85,127,0,0,0
05,060,District - Dehradun (05),Urban,40-44,60919,31298,29621,1719,1199,520,56751,29561,27190,2065,364,1701,227,113,114,157,61,96,0,0,0
05,060,District - Dehradun (05),Urban,45-49,53748,28332,25416,1222,826,396,49299,26857,22442,2926,532,2394,181,67,114,120,50,70,0,0,0
05,060,District - Dehradun (05),Urban,50-54,43056,23139,19917,976,645,331,38359,21794,16565,3512,613,2899,115,47,68,94,40,54,0,0,0
05,060,District - Dehradun (05),Urban,55-59,33233,17109,16124,679,431,248,28645,15955,12690,3770,657,3113,81,38,43,58,28,30,0,0,0
05,060,District - Dehradun (05),Urban,60-64,29116,15059,14057,791,496,295,23002,13500,9502,5184,1003,4181,87,35,52,52,25,27,0,0,0
05,060,District - Dehradun (05),Urban,65-69,20292,10819,9473,788,471,317,14906,9256,5650,4528,1065,3463,47,14,33,23,13,10,0,0,0
05,060,District - Dehradun (05),Urban,70-74,14603,7932,6671,451,298,153,9283,6403,2880,4831,1210,3621,28,15,13,10,6,4,0,0,0
05,060,District - Dehradun (05),Urban,75-79,8112,4111,4001,195,127,68,4469,3074,1395,3428,901,2527,11,7,4,9,2,7,0,0,0
05,060,District - Dehradun (05),Urban,80+,10070,4726,5344,741,482,259,4051,2745,1306,5261,1494,3767,7,4,3,10,1,9,0,0,0
05,060,District - Dehradun (05),Urban,Age not stated,3671,2093,1578,1915,1239,676,1627,815,812,125,36,89,3,3,0,1,0,1,0,0,0
05,060,District - Dehradun (05),Urban,Less than 18,291007,158338,132669,287602,157239,130363,3184,994,2190,98,32,66,108,66,42,15,7,8,0,0,0
05,060,District - Dehradun (05),Urban,Less than 21,352219,192139,160080,341839,189381,152458,10038,2614,7424,164,47,117,148,85,63,30,12,18,0,0,0
05,061,District - Garhwal (06),Total,All ages,687271,326829,360442,324809,178839,145970,311448,139727,171721,49284,7611,41673,1390,542,848,340,110,230,0,0,0
05,061,District - Garhwal (06),Total,0-9,124621,65204,59417,124621,65204,59417,0,0,0,0,0,0,0,0,0,0,0,0,0,0,0
05,061,District - Garhwal (06),Total,10-14,76575,39320,37255,75820,39095,36725,689,197,492,31,10,21,32,18,14,3,0,3,0,0,0
05,061,District - Garhwal (06),Total,15-19,74266,37469,36797,70324,36855,33469,3826,574,3252,65,15,50,47,22,25,4,3,1,0,0,0
05,061,District - Garhwal (06),Total,20-24,58033,25524,32509,34444,22042,12402,23338,3446,19892,140,18,122,92,15,77,19,3,16,0,0,0
05,061,District - Garhwal (06),Total,25-29,47270,20116,27154,11476,9399,2077,35297,10630,24667,316,43,273,130,35,95,51,9,42,0,0,0
05,061,District - Garhwal (06),Total,30-34,43999,19830,24169,3304,2751,553,39734,16866,22868,747,117,630,162,77,85,52,19,33,0,0,0
05,061,District - Garhwal (06),Total,35-39,42649,19548,23101,1172,916,256,39968,18366,21602,1245,160,1085,193,75,118,71,31,40,0,0,0
05,061,District - Garhwal (06),Total,40-44,38575,17698,20877,714,531,183,35587,16794,18793,2072,273,1799,165,81,84,37,19,18,0,0,0
05,061,District - Garhwal (06),Total,45-49,34960,16207,18753,446,341,105,31432,15450,15982,2883,326,2557,173,80,93,26,10,16,0,0,0
05,061,District - Garhwal (06),Total,50-54,32338,14827,17511,348,256,92,27779,14037,13742,4045,486,3559,137,44,93,29,4,25,0,0,0
05,061,District - Garhwal (06),Total,55-59,26888,12047,14841,207,154,53,22225,11356,10869,4366,505,3861,75,26,49,15,6,9,0,0,0
05,061,District - Garhwal (06),Total,60-64,27603,12765,14838,437,308,129,20002,11481,8521,7074,944,6130,81,30,51,9,2,7,0,0,0
05,061,District - Garhwal (06),Total,65-69,20626,9414,11212,449,307,142,13439,8079,5360,6689,1011,5678,40,16,24,9,1,8,0,0,0
05,061,District - Garhwal (06),Total,70-74,17114,7481,9633,181,131,50,9165,6098,3067,7737,1243,6494,24,8,16,7,1,6,0,0,0
05,061,District - Garhwal (06),Total,75-79,9828,4250,5578,85,65,20,4707,3248,1459,5017,934,4083,16,2,14,3,1,2,0,0,0
05,061,District - Garhwal (06),Total,80+,11048,4658,6390,312,180,132,3923,2951,972,6789,1515,5274,20,11,9,4,1,3,0,0,0
05,061,District - Garhwal (06),Total,Age not stated,878,471,407,469,304,165,337,154,183,68,11,57,3,2,1,1,0,1,0,0,0
05,061,District - Garhwal (06),Total,Less than 18,246421,127683,118738,244434,127164,117270,1848,462,1386,73,20,53,62,36,26,4,1,3,0,0,0
05,061,District - Garhwal (06),Total,Less than 21,289892,148719,141173,281726,147440,134286,7937,1201,6736,118,29,89,104,46,58,7,3,4,0,0,0
05,061,District - Garhwal (06),Rural,All ages,574568,268029,306539,268839,146089,122750,259592,114555,145037,44600,6815,37785,1265,484,781,272,86,186,0,0,0
05,061,District - Garhwal (06),Rural,0-9,105514,54862,50652,105514,54862,50652,0,0,0,0,0,0,0,0,0,0,0,0,0,0,0
05,061,District - Garhwal (06),Rural,10-14,64869,32867,32002,64260,32687,31573,554,158,396,29,9,20,23,13,10,3,0,3,0,0,0
05,061,District - Garhwal (06),Rural,15-19,62087,30665,31422,58607,30165,28442,3381,468,2913,60,15,45,36,15,21,3,2,1,0,0,0
05,061,District - Garhwal (06),Rural,20-24,46746,19534,27212,26189,16751,9438,20330,2753,17577,122,13,109,87,14,73,18,3,15,0,0,0
05,061,District - Garhwal (06),Rural,25-29,37810,15641,22169,8286,7018,1268,29088,8548,20540,276,38,238,119,30,89,41,7,34,0,0,0
05,061,District - Garhwal (06),Rural,30-34,35104,15623,19481,2412,2032,380,31842,13393,18449,662,108,554,149,74,75,39,16,23,0,0,0
05,061,District - Garhwal (06),Rural,35-39,34280,15494,18786,857,676,181,32122,14583,17539,1073,147,926,178,68,110,50,20,30,0,0,0
05,061,District - Garhwal (06),Rural,40-44,31222,13983,17239,526,390,136,28698,13253,15445,1816,248,1568,150,75,75,32,17,15,0,0,0
05,061,District - Garhwal (06),Rural,45-49,28575,12851,15724,330,254,76,25551,12229,13322,2513,287,2226,160,72,88,21,9,12,0,0,0
05,061,District - Garhwal (06),Rural,50-54,27031,12021,15010,225,171,54,23079,11385,11694,3578,424,3154,126,39,87,23,2,21,0,0,0
05,061,District - Garhwal (06),Rural,55-59,22901,9852,13049,137,106,31,18792,9271,9521,3892,446,3446,68,24,44,12,5,7,0,0,0
05,061,District - Garhwal (06),Rural,60-64,24600,11138,13462,333,230,103,17697,10039,7658,6485,839,5646,77,28,49,8,2,6,0,0,0
05,061,District - Garhwal (06),Rural,65-69,18624,8356,10268,362,238,124,12094,7199,4895,6120,902,5218,39,16,23,9,1,8,0,0,0
05,061,District - Garhwal (06),Rural,70-74,15618,6742,8876,121,79,42,8308,5529,2779,7164,1130,6034,19,4,15,6,0,6,0,0,0
05,061,District - Garhwal (06),Rural,75-79,8921,3832,5089,63,48,15,4262,2939,1323,4578,842,3736,15,2,13,3,1,2,0,0,0
05,061,District - Garhwal (06),Rural,80+,9929,4173,5756,219,122,97,3523,2686,837,6167,1356,4811,16,8,8,4,1,3,0,0,0
05,061,District - Garhwal (06),Rural,Age not stated,737,395,342,398,260,138,271,122,149,65,11,54,3,2,1,0,0,0,0,0,0
05,061,District - Garhwal (06),Rural,Less than 18,208405,106880,101525,206759,106466,100293,1529,368,1161,68,19,49,45,26,19,4,1,3,0,0,0
05,061,District - Garhwal (06),Rural,Less than 21,244180,123559,120621,236978,122507,114471,7008,991,6017,106,26,80,82,33,49,6,2,4,0,0,0
05,061,District - Garhwal (06),Urban,All ages,112703,58800,53903,55970,32750,23220,51856,25172,26684,4684,796,3888,125,58,67,68,24,44,0,0,0
05,061,District - Garhwal (06),Urban,0-9,19107,10342,8765,19107,10342,8765,0,0,0,0,0,0,0,0,0,0,0,0,0,0,0
05,061,District - Garhwal (06),Urban,10-14,11706,6453,5253,11560,6408,5152,135,39,96,2,1,1,9,5,4,0,0,0,0,0,0
05,061,District - Garhwal (06),Urban,15-19,12179,6804,5375,11717,6690,5027,445,106,339,5,0,5,11,7,4,1,1,0,0,0,0
05,061,District - Garhwal (06),Urban,20-24,11287,5990,5297,8255,5291,2964,3008,693,2315,18,5,13,5,1,4,1,0,1,0,0,0
05,061,District - Garhwal (06),Urban,25-29,9460,4475,4985,3190,2381,809,6209,2082,4127,40,5,35,11,5,6,10,2,8,0,0,0
05,061,District - Garhwal (06),Urban,30-34,8895,4207,4688,892,719,173,7892,3473,4419,85,9,76,13,3,10,13,3,10,0,0,0
05,061,District - Garhwal (06),Urban,35-39,8369,4054,4315,315,240,75,7846,3783,4063,172,13,159,15,7,8,21,11,10,0,0,0
05,061,District - Garhwal (06),Urban,40-44,7353,3715,3638,188,141,47,6889,3541,3348,256,25,231,15,6,9,5,2,3,0,0,0
05,061,District - Garhwal (06),Urban,45-49,6385,3356,3029,116,87,29,5881,3221,2660,370,39,331,13,8,5,5,1,4,0,0,0
05,061,District - Garhwal (06),Urban,50-54,5307,2806,2501,123,85,38,4700,2652,2048,467,62,405,11,5,6,6,2,4,0,0,0
05,061,District - Garhwal (06),Urban,55-59,3987,2195,1792,70,48,22,3433,2085,1348,474,59,415,7,2,5,3,1,2,0,0,0
05,061,District - Garhwal (06),Urban,60-64,3003,1627,1376,104,78,26,2305,1442,863,589,105,484,4,2,2,1,0,1,0,0,0
05,061,District - Garhwal (06),Urban,65-69,2002,1058,944,87,69,18,1345,880,465,569,109,460,1,0,1,0,0,0,0,0,0
05,061,District - Garhwal (06),Urban,70-74,1496,739,757,60,52,8,857,569,288,573,113,460,5,4,1,1,1,0,0,0,0
05,061,District - Garhwal (06),Urban,75-79,907,418,489,22,17,5,445,309,136,439,92,347,1,0,1,0,0,0,0,0,0
05,061,District - Garhwal (06),Urban,80+,1119,485,634,93,58,35,400,265,135,622,159,463,4,3,1,0,0,0,0,0,0
05,061,District - Garhwal (06),Urban,Age not stated,141,76,65,71,44,27,66,32,34,3,0,3,0,0,0,1,0,1,0,0,0
05,061,District - Garhwal (06),Urban,Less than 18,38016,20803,17213,37675,20698,16977,319,94,225,5,1,4,17,10,7,0,0,0,0,0,0
05,061,District - Garhwal (06),Urban,Less than 21,45712,25160,20552,44748,24933,19815,929,210,719,12,3,9,22,13,9,1,1,0,0,0,0
05,062,District - Pithoragarh (07),Total,All ages,483439,239306,244133,221889,126379,95510,228835,107425,121410,31372,5086,26286,1121,356,765,222,60,162,0,0,0
05,062,District - Pithoragarh (07),Total,0-9,92485,50416,42069,92485,50416,42069,0,0,0,0,0,0,0,0,0,0,0,0,0,0,0
05,062,District - Pithoragarh (07),Total,10-14,52906,27704,25202,52311,27500,24811,531,180,351,33,7,26,30,17,13,1,0,1,0,0,0
05,062,District - Pithoragarh (07),Total,15-19,49280,25482,23798,44329,24783,19546,4855,673,4182,59,10,49,33,15,18,4,1,3,0,0,0
05,062,District - Pithoragarh (07),Total,20-24,41913,19430,22483,20371,14430,5941,21290,4955,16335,158,24,134,72,17,55,22,4,18,0,0,0
05,062,District - Pithoragarh (07),Total,25-29,36910,17133,19777,6935,5507,1428,29510,11553,17957,356,50,306,89,19,70,20,4,16,0,0,0
05,062,District - Pithoragarh (07),Total,30-34,32813,15593,17220,2014,1530,484,29988,13949,16039,653,68,585,127,37,90,31,9,22,0,0,0
05,062,District - Pithoragarh (07),Total,35-39,30470,14323,16147,776,509,267,28495,13635,14860,1037,117,920,134,49,85,28,13,15,0,0,0
05,062,District - Pithoragarh (07),Total,40-44,28291,13446,14845,495,339,156,25983,12877,13106,1645,175,1470,143,47,96,25,8,17,0,0,0
05,062,District - Pithoragarh (07),Total,45-49,25175,11887,13288,310,216,94,22613,11391,11222,2116,240,1876,109,33,76,27,7,20,0,0,0
05,062,District - Pithoragarh (07),Total,50-54,22604,10943,11661,248,156,92,19400,10414,8986,2842,341,2501,98,30,68,16,2,14,0,0,0
05,062,District - Pithoragarh (07),Total,55-59,17793,8197,9596,180,111,69,14591,7672,6919,2938,388,2550,69,25,44,15,1,14,0,0,0
05,062,District - Pithoragarh (07),Total,60-64,18099,8599,9500,313,189,124,12963,7708,5255,4703,666,4037,100,30,70,20,6,14,0,0,0
05,062,District - Pithoragarh (07),Total,65-69,12442,6017,6425,302,194,108,8125,5070,3055,3967,736,3231,45,16,29,3,1,2,0,0,0
05,062,District - Pithoragarh (07),Total,70-74,9851,4571,5280,153,106,47,5394,3691,1703,4266,764,3502,31,6,25,7,4,3,0,0,0
05,062,District - Pithoragarh (07),Total,75-79,5512,2538,2974,74,37,37,2688,1886,802,2726,605,2121,22,10,12,2,0,2,0,0,0
05,062,District - Pithoragarh (07),Total,80+,6216,2654,3562,235,125,110,2129,1639,490,3834,885,2949,17,5,12,1,0,1,0,0,0
05,062,District - Pithoragarh (07),Total,Age not stated,679,373,306,358,231,127,280,132,148,39,10,29,2,0,2,0,0,0,0,0,0
05,062,District - Pithoragarh (07),Total,Less than 18,175714,94050,81664,173744,93556,80188,1842,454,1388,75,12,63,51,28,23,2,0,2,0,0,0
05,062,District - Pithoragarh (07),Total,Less than 21,204442,108315,96127,195379,106814,88565,8863,1441,7422,121,23,98,73,35,38,6,2,4,0,0,0
05,062,District - Pithoragarh (07),Rural,All ages,413834,202930,210904,187217,105735,81482,196744,92046,104698,28609,4759,23850,1062,335,727,202,55,147,0,0,0
05,062,District - Pithoragarh (07),Rural,0-9,79734,43066,36668,79734,43066,36668,0,0,0,0,0,0,0,0,0,0,0,0,0,0,0
05,062,District - Pithoragarh (07),Rural,10-14,45230,23345,21885,44733,23180,21553,444,145,299,31,7,24,21,13,8,1,0,1,0,0,0
05,062,District - Pithoragarh (07),Rural,15-19,41443,21068,20375,36953,20481,16472,4412,566,3846,51,9,42,24,12,12,3,0,3,0,0,0
05,062,District - Pithoragarh (07),Rural,20-24,35297,16045,19252,16195,11738,4457,18871,4266,14605,143,23,120,67,14,53,21,4,17,0,0,0
05,062,District - Pithoragarh (07),Rural,25-29,30773,14356,16417,5264,4250,1014,25094,10038,15056,308,46,262,88,18,70,19,4,15,0,0,0
05,062,District - Pithoragarh (07),Rural,30-34,27173,12953,14220,1481,1132,349,24970,11716,13254,574,61,513,119,35,84,29,9,20,0,0,0
05,062,District - Pithoragarh (07),Rural,35-39,25386,11908,13478,600,396,204,23730,11350,12380,903,102,801,128,48,80,25,12,13,0,0,0
05,062,District - Pithoragarh (07),Rural,40-44,24014,11380,12634,401,282,119,22023,10888,11135,1430,158,1272,136,45,91,24,7,17,0,0,0
05,062,District - Pithoragarh (07),Rural,45-49,21422,9977,11445,254,186,68,19186,9532,9654,1853,222,1631,106,32,74,23,5,18,0,0,0
05,062,District - Pithoragarh (07),Rural,50-54,19549,9279,10270,207,139,68,16658,8783,7875,2577,327,2250,95,28,67,12,2,10,0,0,0
05,062,District - Pithoragarh (07),Rural,55-59,15580,7008,8572,152,99,53,12702,6530,6172,2647,353,2294,65,25,40,14,1,13,0,0,0
05,062,District - Pithoragarh (07),Rural,60-64,16536,7817,8719,273,176,97,11773,6971,4802,4371,634,3737,100,30,70,19,6,13,0,0,0
05,062,District - Pithoragarh (07),Rural,65-69,11326,5446,5880,248,159,89,7358,4573,2785,3674,698,2976,43,15,28,3,1,2,0,0,0
05,062,District - Pithoragarh (07),Rural,70-74,9042,4186,4856,136,99,37,4921,3368,1553,3948,710,3238,30,5,25,7,4,3,0,0,0
05,062,District - Pithoragarh (07),Rural,75-79,5035,2313,2722,59,31,28,2432,1699,733,2521,573,1948,21,10,11,2,0,2,0,0,0
05,062,District - Pithoragarh (07),Rural,80+,5700,2453,3247,205,112,93,1934,1509,425,3544,827,2717,17,5,12,0,0,0,0,0,0
05,062,District - Pithoragarh (07),Rural,Age not stated,594,330,264,322,209,113,236,112,124,34,9,25,2,0,2,0,0,0,0,0,0
05,062,District - Pithoragarh (07),Rural,Less than 18,150525,79633,70892,148822,79231,69591,1601,370,1231,65,11,54,35,21,14,2,0,2,0,0,0
05,062,District - Pithoragarh (07),Rural,Less than 21,174636,91353,83283,166483,90110,76373,7986,1193,6793,108,22,86,54,27,27,5,1,4,0,0,0
05,062,District - Pithoragarh (07),Urban,All ages,69605,36376,33229,34672,20644,14028,32091,15379,16712,2763,327,2436,59,21,38,20,5,15,0,0,0
05,062,District - Pithoragarh (07),Urban,0-9,12751,7350,5401,12751,7350,5401,0,0,0,0,0,0,0,0,0,0,0,0,0,0,0
05,062,District - Pithoragarh (07),Urban,10-14,7676,4359,3317,7578,4320,3258,87,35,52,2,0,2,9,4,5,0,0,0,0,0,0
05,062,District - Pithoragarh (07),Urban,15-19,7837,4414,3423,7376,4302,3074,443,107,336,8,1,7,9,3,6,1,1,0,0,0,0
05,062,District - Pithoragarh (07),Urban,20-24,6616,3385,3231,4176,2692,1484,2419,689,1730,15,1,14,5,3,2,1,0,1,0,0,0
05,062,District - Pithoragarh (07),Urban,25-29,6137,2777,3360,1671,1257,414,4416,1515,2901,48,4,44,1,1,0,1,0,1,0,0,0
05,062,District - Pithoragarh (07),Urban,30-34,5640,2640,3000,533,398,135,5018,2233,2785,79,7,72,8,2,6,2,0,2,0,0,0
05,062,District - Pithoragarh (07),Urban,35-39,5084,2415,2669,176,113,63,4765,2285,2480,134,15,119,6,1,5,3,1,2,0,0,0
05,062,District - Pithoragarh (07),Urban,40-44,4277,2066,2211,94,57,37,3960,1989,1971,215,17,198,7,2,5,1,1,0,0,0,0
05,062,District - Pithoragarh (07),Urban,45-49,3753,1910,1843,56,30,26,3427,1859,1568,263,18,245,3,1,2,4,2,2,0,0,0
05,062,District - Pithoragarh (07),Urban,50-54,3055,1664,1391,41,17,24,2742,1631,1111,265,14,251,3,2,1,4,0,4,0,0,0
05,062,District - Pithoragarh (07),Urban,55-59,2213,1189,1024,28,12,16,1889,1142,747,291,35,256,4,0,4,1,0,1,0,0,0
05,062,District - Pithoragarh (07),Urban,60-64,1563,782,781,40,13,27,1190,737,453,332,32,300,0,0,0,1,0,1,0,0,0
05,062,District - Pithoragarh (07),Urban,65-69,1116,571,545,54,35,19,767,497,270,293,38,255,2,1,1,0,0,0,0,0,0
05,062,District - Pithoragarh (07),Urban,70-74,809,385,424,17,7,10,473,323,150,318,54,264,1,1,0,0,0,0,0,0,0
05,062,District - Pithoragarh (07),Urban,75-79,477,225,252,15,6,9,256,187,69,205,32,173,1,0,1,0,0,0,0,0,0
05,062,District - Pithoragarh (07),Urban,80+,516,201,315,30,13,17,195,130,65,290,58,232,0,0,0,1,0,1,0,0,0
05,062,District - Pithoragarh (07),Urban,Age not stated,85,43,42,36,22,14,44,20,24,5,1,4,0,0,0,0,0,0,0,0,0
05,062,District - Pithoragarh (07),Urban,Less than 18,25189,14417,10772,24922,14325,10597,241,84,157,10,1,9,16,7,9,0,0,0,0,0,0
05,062,District - Pithoragarh (07),Urban,Less than 21,29806,16962,12844,28896,16704,12192,877,248,629,13,1,12,19,8,11,1,1,0,0,0,0
05,063,District - Bageshwar (08),Total,All ages,259898,124326,135572,120856,66254,54602,121440,54882,66558,16697,2978,13719,769,190,579,136,22,114,0,0,0
05,063,District - Bageshwar (08),Total,0-9,51582,26871,24711,51582,26871,24711,0,0,0,0,0,0,0,0,0,0,0,0,0,0,0
05,063,District - Bageshwar (08),Total,10-14,29092,14777,14315,28733,14691,14042,330,80,250,15,2,13,14,4,10,0,0,0,0,0,0
05,063,District - Bageshwar (08),Total,15-19,26961,13714,13247,24737,13432,11305,2171,265,1906,37,11,26,15,6,9,1,0,1,0,0,0
05,063,District - Bageshwar (08),Total,20-24,21272,9294,11978,10302,7098,3204,10843,2174,8669,64,9,55,52,11,41,11,2,9,0,0,0
05,063,District - Bageshwar (08),Total,25-29,18581,7954,10627,3078,2506,572,15261,5406,9855,178,23,155,54,18,36,10,1,9,0,0,0
05,063,District - Bageshwar (08),Total,30-34,16589,7444,9145,876,667,209,15267,6716,8551,344,38,306,81,21,60,21,2,19,0,0,0
05,063,District - Bageshwar (08),Total,35-39,16260,7311,8949,358,239,119,15227,6979,8248,557,64,493,99,24,75,19,5,14,0,0,0
05,063,District - Bageshwar (08),Total,40-44,14482,6591,7891,229,158,71,13289,6312,6977,852,92,760,92,26,66,20,3,17,0,0,0
05,063,District - Bageshwar (08),Total,45-49,13238,6173,7065,166,106,60,11922,5912,6010,1045,126,919,97,28,69,8,1,7,0,0,0
05,063,District - Bageshwar (08),Total,50-54,11653,5480,6173,124,74,50,10044,5216,4828,1387,175,1212,84,13,71,14,2,12,0,0,0
05,063,District - Bageshwar (08),Total,55-59,9839,4422,5417,92,63,29,8191,4101,4090,1492,243,1249,59,14,45,5,1,4,0,0,0
05,063,District - Bageshwar (08),Total,60-64,11028,5205,5823,168,101,67,8180,4651,3529,2614,439,2175,56,13,43,10,1,9,0,0,0
05,063,District - Bageshwar (08),Total,65-69,7216,3471,3745,122,72,50,4811,2971,1840,2259,423,1836,20,5,15,4,0,4,0,0,0
05,063,District - Bageshwar (08),Total,70-74,5514,2590,2924,49,34,15,3107,2078,1029,2328,472,1856,23,3,20,7,3,4,0,0,0
05,063,District - Bageshwar (08),Total,75-79,3025,1427,1598,20,14,6,1512,1077,435,1474,333,1141,15,3,12,4,0,4,0,0,0
05,063,District - Bageshwar (08),Total,80+,3397,1518,1879,121,74,47,1225,916,309,2041,526,1515,8,1,7,2,1,1,0,0,0
05,063,District - Bageshwar (08),Total,Age not stated,169,84,85,99,54,45,60,28,32,10,2,8,0,0,0,0,0,0,0,0,0
05,063,District - Bageshwar (08),Total,Less than 18,97442,50294,47148,96483,50077,46406,897,198,699,36,9,27,25,10,15,1,0,1,0,0,0
05,063,District - Bageshwar (08),Total,Less than 21,112489,57510,54979,108197,56919,51278,4198,565,3633,56,14,42,37,12,25,1,0,1,0,0,0
05,063,District - Bageshwar (08),Rural,All ages,250819,119615,131204,116435,63675,52760,117268,52810,64458,16238,2927,13311,748,183,565,130,20,110,0,0,0
05,063,District - Bageshwar (08),Rural,0-9,50066,26048,24018,50066,26048,24018,0,0,0,0,0,0,0,0,0,0,0,0,0,0,0
05,063,District - Bageshwar (08),Rural,10-14,28168,14267,13901,27818,14183,13635,321,78,243,15,2,13,14,4,10,0,0,0,0,0,0
05,063,District - Bageshwar (08),Rural,15-19,25952,13146,12806,23779,12876,10903,2122,253,1869,35,11,24,15,6,9,1,0,1,0,0,0
05,063,District - Bageshwar (08),Rural,20-24,20411,8870,11541,9693,6730,2963,10597,2118,8479,60,9,51,50,11,39,11,2,9,0,0,0
05,063,District - Bageshwar (08),Rural,25-29,17810,7593,10217,2828,2317,511,14745,5236,9509,175,22,153,52,17,35,10,1,9,0,0,0
05,063,District - Bageshwar (08),Rural,30-34,15824,7057,8767,790,593,197,14607,6407,8200,329,36,293,79,19,60,19,2,17,0,0,0
05,063,District - Bageshwar (08),Rural,35-39,15567,6982,8585,336,220,116,14595,6673,7922,525,63,462,94,22,72,17,4,13,0,0,0
05,063,District - Bageshwar (08),Rural,40-44,13865,6287,7578,211,144,67,12723,6024,6699,820,90,730,91,26,65,20,3,17,0,0,0
05,063,District - Bageshwar (08),Rural,45-49,12726,5902,6824,154,97,57,11465,5651,5814,1003,125,878,96,28,68,8,1,7,0,0,0
05,063,District - Bageshwar (08),Rural,50-54,11215,5216,5999,118,71,47,9660,4957,4703,1340,174,1166,83,12,71,14,2,12,0,0,0
05,063,District - Bageshwar (08),Rural,55-59,9552,4275,5277,88,61,27,7949,3962,3987,1452,238,1214,58,13,45,5,1,4,0,0,0
05,063,District - Bageshwar (08),Rural,60-64,10778,5078,5700,159,96,63,8004,4536,3468,2549,432,2117,56,13,43,10,1,9,0,0,0
05,063,District - Bageshwar (08),Rural,65-69,7056,3396,3660,114,68,46,4704,2904,1800,2216,419,1797,18,5,13,4,0,4,0,0,0
05,063,District - Bageshwar (08),Rural,70-74,5384,2539,2845,45,31,14,3043,2041,1002,2269,462,1807,22,3,19,5,2,3,0,0,0
05,063,District - Bageshwar (08),Rural,75-79,2953,1389,1564,19,13,6,1474,1049,425,1442,324,1118,14,3,11,4,0,4,0,0,0
05,063,District - Bageshwar (08),Rural,80+,3324,1486,1838,119,73,46,1199,893,306,1998,518,1480,6,1,5,2,1,1,0,0,0
05,063,District - Bageshwar (08),Rural,Age not stated,168,84,84,98,54,44,60,28,32,10,2,8,0,0,0,0,0,0,0,0,0
05,063,District - Bageshwar (08),Rural,Less than 18,94402,48628,45774,93471,48421,45050,869,188,681,36,9,27,25,10,15,1,0,1,0,0,0
05,063,District - Bageshwar (08),Rural,Less than 21,108857,55528,53329,104657,54953,49704,4109,549,3560,53,14,39,37,12,25,1,0,1,0,0,0
05,063,District - Bageshwar (08),Urban,All ages,9079,4711,4368,4421,2579,1842,4172,2072,2100,459,51,408,21,7,14,6,2,4,0,0,0
05,063,District - Bageshwar (08),Urban,0-9,1516,823,693,1516,823,693,0,0,0,0,0,0,0,0,0,0,0,0,0,0,0
05,063,District - Bageshwar (08),Urban,10-14,924,510,414,915,508,407,9,2,7,0,0,0,0,0,0,0,0,0,0,0,0
05,063,District - Bageshwar (08),Urban,15-19,1009,568,441,958,556,402,49,12,37,2,0,2,0,0,0,0,0,0,0,0,0
05,063,District - Bageshwar (08),Urban,20-24,861,424,437,609,368,241,246,56,190,4,0,4,2,0,2,0,0,0,0,0,0
05,063,District - Bageshwar (08),Urban,25-29,771,361,410,250,189,61,516,170,346,3,1,2,2,1,1,0,0,0,0,0,0
05,063,District - Bageshwar (08),Urban,30-34,765,387,378,86,74,12,660,309,351,15,2,13,2,2,0,2,0,2,0,0,0
05,063,District - Bageshwar (08),Urban,35-39,693,329,364,22,19,3,632,306,326,32,1,31,5,2,3,2,1,1,0,0,0
05,063,District - Bageshwar (08),Urban,40-44,617,304,313,18,14,4,566,288,278,32,2,30,1,0,1,0,0,0,0,0,0
05,063,District - Bageshwar (08),Urban,45-49,512,271,241,12,9,3,457,261,196,42,1,41,1,0,1,0,0,0,0,0,0
05,063,District - Bageshwar (08),Urban,50-54,438,264,174,6,3,3,384,259,125,47,1,46,1,1,0,0,0,0,0,0,0
05,063,District - Bageshwar (08),Urban,55-59,287,147,140,4,2,2,242,139,103,40,5,35,1,1,0,0,0,0,0,0,0
05,063,District - Bageshwar (08),Urban,60-64,250,127,123,9,5,4,176,115,61,65,7,58,0,0,0,0,0,0,0,0,0
05,063,District - Bageshwar (08),Urban,65-69,160,75,85,8,4,4,107,67,40,43,4,39,2,0,2,0,0,0,0,0,0
05,063,District - Bageshwar (08),Urban,70-74,130,51,79,4,3,1,64,37,27,59,10,49,1,0,1,2,1,1,0,0,0
05,063,District - Bageshwar (08),Urban,75-79,72,38,34,1,1,0,38,28,10,32,9,23,1,0,1,0,0,0,0,0,0
05,063,District - Bageshwar (08),Urban,80+,73,32,41,2,1,1,26,23,3,43,8,35,2,0,2,0,0,0,0,0,0
05,063,District - Bageshwar (08),Urban,Age not stated,1,0,1,1,0,1,0,0,0,0,0,0,0,0,0,0,0,0,0,0,0
05,063,District - Bageshwar (08),Urban,Less than 18,3040,1666,1374,3012,1656,1356,28,10,18,0,0,0,0,0,0,0,0,0,0,0,0
05,063,District - Bageshwar (08),Urban,Less than 21,3632,1982,1650,3540,1966,1574,89,16,73,3,0,3,0,0,0,0,0,0,0,0,0
05,064,"District - Almora
 (09)",Total,All ages,622506,291081,331425,298844,160800,138044,275260,123004,152256,46375,6829,39546,1705,378,1327,322,70,252,0,0,0
05,064,"District - Almora
 (09)",Total,0-9,117756,60737,57019,117756,60737,57019,0,0,0,0,0,0,0,0,0,0,0,0,0,0,0
05,064,"District - Almora
 (09)",Total,10-14,70771,35973,34798,70182,35799,34383,521,155,366,36,7,29,29,11,18,3,1,2,0,0,0
05,064,"District - Almora
 (09)",Total,15-19,69317,33684,35633,65629,33270,32359,3576,386,3190,74,12,62,34,16,18,4,0,4,0,0,0
05,064,"District - Almora
 (09)",Total,20-24,52038,22527,29511,29636,19162,10474,22134,3321,18813,159,27,132,89,13,76,20,4,16,0,0,0
05,064,"District - Almora
 (09)",Total,25-29,41713,17646,24067,9033,7127,1906,32136,10424,21712,387,57,330,124,28,96,33,10,23,0,0,0
05,064,"District - Almora
 (09)",Total,30-34,37950,16806,21144,2503,1963,540,34423,14684,19739,796,110,686,176,40,136,52,9,43,0,0,0
05,064,"District - Almora
 (09)",Total,35-39,37658,16824,20834,958,686,272,35098,15925,19173,1325,144,1181,222,54,168,55,15,40,0,0,0
05,064,"District - Almora
 (09)",Total,40-44,34611,15659,18952,592,412,180,31745,14972,16773,2006,220,1786,229,46,183,39,9,30,0,0,0
05,064,"District - Almora
 (09)",Total,45-49,31019,13859,17160,416,271,145,27544,13231,14313,2849,309,2540,181,44,137,29,4,25,0,0,0
05,064,"District - Almora
 (09)",Total,50-54,28559,12986,15573,315,217,98,24172,12276,11896,3860,453,3407,186,33,153,26,7,19,0,0,0
05,064,"District - Almora
 (09)",Total,55-59,23982,10384,13598,222,130,92,19516,9727,9789,4113,494,3619,113,32,81,18,1,17,0,0,0
05,064,"District - Almora
 (09)",Total,60-64,27017,11905,15112,367,224,143,18573,10648,7925,7917,1004,6913,137,24,113,23,5,18,0,0,0
05,064,"District - Almora
 (09)",Total,65-69,18455,8153,10302,307,183,124,11433,7018,4415,6629,932,5697,78,18,60,8,2,6,0,0,0
05,064,"District - Almora
 (09)",Total,70-74,14385,6536,7849,168,121,47,7519,5273,2246,6640,1130,5510,53,11,42,5,1,4,0,0,0
05,064,"District - Almora
 (09)",Total,75-79,7692,3400,4292,81,57,24,3627,2563,1064,3962,774,3188,21,5,16,1,1,0,0,0,0
05,064,"District - Almora
 (09)",Total,80+,8904,3597,5307,285,170,115,2989,2273,716,5594,1151,4443,31,3,28,5,0,5,0,0,0
05,064,"District - Almora
 (09)",Total,Age not stated,679,405,274,394,271,123,254,128,126,28,5,23,2,0,2,1,1,0,0,0,0
05,064,"District - Almora
 (09)",Total,Less than 18,231059,117541,113518,229449,117153,112296,1476,356,1120,88,16,72,42,15,27,4,1,3,0,0,0
05,064,"District - Almora
 (09)",Total,Less than 21,270255,136089,134166,262763,135191,127572,7265,843,6422,140,25,115,77,29,48,10,1,9,0,0,0
05,064,"District - Almora
 (09)",Rural,All ages,560192,257359,302833,268735,143083,125652,246166,107467,138699,43384,6398,36986,1613,348,1265,294,63,231,0,0,0
05,064,"District - Almora
 (09)",Rural,0-9,109143,56105,53038,109143,56105,53038,0,0,0,0,0,0,0,0,0,0,0,0,0,0,0
05,064,"District - Almora
 (09)",Rural,10-14,65337,33017,32320,64798,32864,31934,479,138,341,34,7,27,24,8,16,2,0,2,0,0,0
05,064,"District - Almora
 (09)",Rural,15-19,62708,30015,32693,59232,29664,29568,3371,328,3043,73,12,61,28,11,17,4,0,4,0,0,0
05,064,"District - Almora
 (09)",Rural,20-24,44942,18374,26568,24088,15452,8636,20605,2885,17720,149,24,125,80,9,71,20,4,16,0,0,0
05,064,"District - Almora
 (09)",Rural,25-29,35930,14530,21400,6795,5552,1243,28643,8893,19750,346,50,296,116,26,90,30,9,21,0,0,0
05,064,"District - Almora
 (09)",Rural,30-34,32610,13905,18705,1751,1417,334,29924,12352,17572,728,92,636,163,35,128,44,9,35,0,0,0
05,064,"District - Almora
 (09)",Rural,35-39,32692,14221,18471,672,486,186,30582,13540,17042,1184,133,1051,207,49,158,47,13,34,0,0,0
05,064,"District - Almora
 (09)",Rural,40-44,30214,13295,16919,419,307,112,27696,12727,14969,1843,210,1633,218,43,175,38,8,30,0,0,0
05,064,"District - Almora
 (09)",Rural,45-49,27237,11895,15342,293,207,86,24166,11353,12813,2577,287,2290,174,44,130,27,4,23,0,0,0
05,064,"District - Almora
 (09)",Rural,50-54,25478,11282,14196,214,161,53,21499,10662,10837,3561,421,3140,179,32,147,25,6,19,0,0,0
05,064,"District - Almora
 (09)",Rural,55-59,21698,9146,12552,136,96,40,17639,8561,9078,3798,458,3340,110,31,79,15,0,15,0,0,0
05,064,"District - Almora
 (09)",Rural,60-64,25320,11049,14271,277,182,95,17358,9885,7473,7529,954,6575,133,23,110,23,5,18,0,0,0
05,064,"District - Almora
 (09)",Rural,65-69,17326,7603,9723,216,137,79,10754,6576,4178,6271,870,5401,77,18,59,8,2,6,0,0,0
05,064,"District - Almora
 (09)",Rural,70-74,13599,6144,7455,120,97,23,7068,4953,2115,6355,1082,5273,51,11,40,5,1,4,0,0,0
05,064,"District - Almora
 (09)",Rural,75-79,7207,3177,4030,56,45,11,3401,2399,1002,3729,727,3002,20,5,15,1,1,0,0,0,0
05,064,"District - Almora
 (09)",Rural,80+,8225,3322,4903,238,136,102,2773,2117,656,5179,1066,4113,31,3,28,4,0,4,0,0,0
05,064,"District - Almora
 (09)",Rural,Age not stated,526,279,247,287,175,112,208,98,110,28,5,23,2,0,2,1,1,0,0,0,0
05,064,"District - Almora
 (09)",Rural,Less than 18,213342,108020,105322,211879,107690,104189,1340,304,1036,85,16,69,35,10,25,3,0,3,0,0,0
05,064,"District - Almora
 (09)",Rural,Less than 21,247862,123731,124131,240838,122971,117867,6816,715,6101,134,24,110,65,21,44,9,0,9,0,0,0
05,064,"District - Almora
 (09)",Urban,All ages,62314,33722,28592,30109,17717,12392,29094,15537,13557,2991,431,2560,92,30,62,28,7,21,0,0,0
05,064,"District - Almora
 (09)",Urban,0-9,8613,4632,3981,8613,4632,3981,0,0,0,0,0,0,0,0,0,0,0,0,0,0,0
05,064,"District - Almora
 (09)",Urban,10-14,5434,2956,2478,5384,2935,2449,42,17,25,2,0,2,5,3,2,1,1,0,0,0,0
05,064,"District - Almora
 (09)",Urban,15-19,6609,3669,2940,6397,3606,2791,205,58,147,1,0,1,6,5,1,0,0,0,0,0,0
05,064,"District - Almora
 (09)",Urban,20-24,7096,4153,2943,5548,3710,1838,1529,436,1093,10,3,7,9,4,5,0,0,0,0,0,0
05,064,"District - Almora
 (09)",Urban,25-29,5783,3116,2667,2238,1575,663,3493,1531,1962,41,7,34,8,2,6,3,1,2,0,0,0
05,064,"District - Almora
 (09)",Urban,30-34,5340,2901,2439,752,546,206,4499,2332,2167,68,18,50,13,5,8,8,0,8,0,0,0
05,064,"District - Almora
 (09)",Urban,35-39,4966,2603,2363,286,200,86,4516,2385,2131,141,11,130,15,5,10,8,2,6,0,0,0
05,064,"District - Almora
 (09)",Urban,40-44,4397,2364,2033,173,105,68,4049,2245,1804,163,10,153,11,3,8,1,1,0,0,0,0
05,064,"District - Almora
 (09)",Urban,45-49,3782,1964,1818,123,64,59,3378,1878,1500,272,22,250,7,0,7,2,0,2,0,0,0
05,064,"District - Almora
 (09)",Urban,50-54,3081,1704,1377,101,56,45,2673,1614,1059,299,32,267,7,1,6,1,1,0,0,0,0
05,064,"District - Almora
 (09)",Urban,55-59,2284,1238,1046,86,34,52,1877,1166,711,315,36,279,3,1,2,3,1,2,0,0,0
05,064,"District - Almora
 (09)",Urban,60-64,1697,856,841,90,42,48,1215,763,452,388,50,338,4,1,3,0,0,0,0,0,0
05,064,"District - Almora
 (09)",Urban,65-69,1129,550,579,91,46,45,679,442,237,358,62,296,1,0,1,0,0,0,0,0,0
05,064,"District - Almora
 (09)",Urban,70-74,786,392,394,48,24,24,451,320,131,285,48,237,2,0,2,0,0,0,0,0,0
05,064,"District - Almora
 (09)",Urban,75-79,485,223,262,25,12,13,226,164,62,233,47,186,1,0,1,0,0,0,0,0,0
05,064,"District - Almora
 (09)",Urban,80+,679,275,404,47,34,13,216,156,60,415,85,330,0,0,0,1,0,1,0,0,0
05,064,"District - Almora
 (09)",Urban,Age not stated,153,126,27,107,96,11,46,30,16,0,0,0,0,0,0,0,0,0,0,0,0
05,064,"District - Almora
 (09)",Urban,Less than 18,17717,9521,8196,17570,9463,8107,136,52,84,3,0,3,7,5,2,1,1,0,0,0,0
05,064,"District - Almora
 (09)",Urban,Less than 21,22393,12358,10035,21925,12220,9705,449,128,321,6,1,5,12,8,4,1,1,0,0,0,0
05,065,District - Champawat (10),Total,All ages,259648,131125,128523,130426,73429,56997,113925,54821,59104,14718,2736,11982,502,126,376,77,13,64,0,0,0
05,065,District - Champawat (10),Total,0-9,54899,29113,25786,54899,29113,25786,0,0,0,0,0,0,0,0,0,0,0,0,0,0,0
05,065,District - Champawat (10),Total,10-14,31848,16331,15517,31593,16252,15341,232,73,159,13,1,12,10,5,5,0,0,0,0,0,0
05,065,District - Champawat (10),Total,15-19,27603,14383,13220,25738,14163,11575,1833,212,1621,19,3,16,12,5,7,1,0,1,0,0,0
05,065,District - Champawat (10),Total,20-24,22473,11235,11238,12055,8926,3129,10311,2297,8014,66,6,60,36,6,30,5,0,5,0,0,0
05,065,District - Champawat (10),Total,25-29,20093,9676,10417,3896,3282,614,15942,6353,9589,191,27,164,55,13,42,9,1,8,0,0,0
05,065,District - Champawat (10),Total,30-34,17166,8496,8670,962,779,183,15846,7658,8188,282,39,243,62,16,46,14,4,10,0,0,0
05,065,District - Champawat (10),Total,35-39,16667,7942,8725,288,210,78,15693,7631,8062,606,81,525,69,18,51,11,2,9,0,0,0
05,065,District - Champawat (10),Total,40-44,14364,7240,7124,181,138,43,13296,6980,6316,819,103,716,59,19,40,9,0,9,0,0,0
05,065,District - Champawat (10),Total,45-49,12525,6351,6174,120,90,30,11371,6103,5268,976,142,834,51,14,37,7,2,5,0,0,0
05,065,District - Champawat (10),Total,50-54,10088,5042,5046,85,61,24,8702,4789,3913,1249,184,1065,43,7,36,9,1,8,0,0,0
05,065,District - Champawat (10),Total,55-59,8361,3887,4474,73,59,14,6941,3566,3375,1311,253,1058,31,6,25,5,3,2,0,0,0
05,065,District - Champawat (10),Total,60-64,9190,4597,4593,154,101,53,6325,4026,2299,2667,461,2206,40,9,31,4,0,4,0,0,0
05,065,District - Champawat (10),Total,65-69,5571,2683,2888,145,102,43,3387,2164,1223,2019,409,1610,18,8,10,2,0,2,0,0,0
05,065,District - Champawat (10),Total,70-74,4191,1967,2224,52,31,21,2173,1558,615,1955,378,1577,10,0,10,1,0,1,0,0,0
05,065,District - Champawat (10),Total,75-79,2078,990,1088,9,8,1,990,726,264,1074,256,818,5,0,5,0,0,0,0,0,0
05,065,District - Champawat (10),Total,80+,2434,1136,1298,103,71,32,860,673,187,1470,392,1078,1,0,1,0,0,0,0,0,0
05,065,District - Champawat (10),Total,Age not stated,97,56,41,73,43,30,23,12,11,1,1,0,0,0,0,0,0,0,0,0,0
05,065,District - Champawat (10),Total,Less than 18,103885,54378,49507,103208,54198,49010,642,171,471,23,2,21,12,7,5,0,0,0,0,0,0
05,065,District - Champawat (10),Total,Less than 21,119510,62385,57125,115811,61926,53885,3629,443,3186,40,5,35,28,11,17,2,0,2,0,0,0
05,065,District - Champawat (10),Rural,All ages,221305,110842,110463,110676,61986,48690,97069,46314,50755,13051,2425,10626,444,108,336,65,9,56,0,0,0
05,065,District - Champawat (10),Rural,0-9,47802,25202,22600,47802,25202,22600,0,0,0,0,0,0,0,0,0,0,0,0,0,0,0
05,065,District - Champawat (10),Rural,10-14,27486,14024,13462,27264,13952,13312,202,67,135,12,1,11,8,4,4,0,0,0,0,0,0
05,065,District - Champawat (10),Rural,15-19,23242,12003,11239,21575,11817,9758,1637,179,1458,17,2,15,12,5,7,1,0,1,0,0,0
05,065,District - Champawat (10),Rural,20-24,18653,9228,9425,9510,7262,2248,9053,1955,7098,57,6,51,29,5,24,4,0,4,0,0,0
05,065,District - Champawat (10),Rural,25-29,16918,8068,8850,2885,2510,375,13815,5529,8286,165,16,149,46,12,34,7,1,6,0,0,0
05,065,District - Champawat (10),Rural,30-34,14397,7130,7267,674,550,124,13412,6530,6882,243,35,208,57,13,44,11,2,9,0,0,0
05,065,District - Champawat (10),Rural,35-39,13919,6590,7329,198,146,52,13117,6354,6763,536,75,461,57,13,44,11,2,9,0,0,0
05,065,District - Champawat (10),Rural,40-44,11876,5964,5912,121,92,29,11010,5771,5239,685,85,600,53,16,37,7,0,7,0,0,0
05,065,District - Champawat (10),Rural,45-49,10330,5134,5196,89,71,18,9356,4931,4425,834,120,714,46,12,34,5,0,5,0,0,0
05,065,District - Champawat (10),Rural,50-54,8389,4059,4330,60,44,16,7226,3855,3371,1057,153,904,38,6,32,8,1,7,0,0,0
05,065,District - Champawat (10),Rural,55-59,7236,3241,3995,58,45,13,5990,2971,3019,1154,216,938,29,6,23,5,3,2,0,0,0
05,065,District - Champawat (10),Rural,60-64,8266,4130,4136,130,87,43,5672,3621,2051,2424,414,2010,36,8,28,4,0,4,0,0,0
05,065,District - Champawat (10),Rural,65-69,4965,2374,2591,117,80,37,2991,1912,1079,1838,374,1464,18,8,10,1,0,1,0,0,0
05,065,District - Champawat (10),Rural,70-74,3745,1750,1995,45,28,17,1932,1383,549,1758,339,1419,9,0,9,1,0,1,0,0,0
05,065,District - Champawat (10),Rural,75-79,1879,893,986,9,8,1,886,653,233,979,232,747,5,0,5,0,0,0,0,0,0
05,065,District - Champawat (10),Rural,80+,2131,1009,1122,85,58,27,754,595,159,1291,356,935,1,0,1,0,0,0,0,0,0
05,065,District - Champawat (10),Rural,Age not stated,71,43,28,54,34,20,16,8,8,1,1,0,0,0,0,0,0,0,0,0,0
05,065,District - Champawat (10),Rural,Less than 18,89834,46766,43068,89246,46606,42640,557,152,405,21,2,19,10,6,4,0,0,0,0,0,0
05,065,District - Champawat (10),Rural,Less than 21,102785,53337,49448,99515,52951,46564,3205,372,2833,37,4,33,26,10,16,2,0,2,0,0,0
05,065,District - Champawat (10),Urban,All ages,38343,20283,18060,19750,11443,8307,16856,8507,8349,1667,311,1356,58,18,40,12,4,8,0,0,0
05,065,District - Champawat (10),Urban,0-9,7097,3911,3186,7097,3911,3186,0,0,0,0,0,0,0,0,0,0,0,0,0,0,0
05,065,District - Champawat (10),Urban,10-14,4362,2307,2055,4329,2300,2029,30,6,24,1,0,1,2,1,1,0,0,0,0,0,0
05,065,District - Champawat (10),Urban,15-19,4361,2380,1981,4163,2346,1817,196,33,163,2,1,1,0,0,0,0,0,0,0,0,0
05,065,District - Champawat (10),Urban,20-24,3820,2007,1813,2545,1664,881,1258,342,916,9,0,9,7,1,6,1,0,1,0,0,0
05,065,District - Champawat (10),Urban,25-29,3175,1608,1567,1011,772,239,2127,824,1303,26,11,15,9,1,8,2,0,2,0,0,0
05,065,District - Champawat (10),Urban,30-34,2769,1366,1403,288,229,59,2434,1128,1306,39,4,35,5,3,2,3,2,1,0,0,0
05,065,District - Champawat (10),Urban,35-39,2748,1352,1396,90,64,26,2576,1277,1299,70,6,64,12,5,7,0,0,0,0,0,0
05,065,District - Champawat (10),Urban,40-44,2488,1276,1212,60,46,14,2286,1209,1077,134,18,116,6,3,3,2,0,2,0,0,0
05,065,District - Champawat (10),Urban,45-49,2195,1217,978,31,19,12,2015,1172,843,142,22,120,5,2,3,2,2,0,0,0,0
05,065,District - Champawat (10),Urban,50-54,1699,983,716,25,17,8,1476,934,542,192,31,161,5,1,4,1,0,1,0,0,0
05,065,District - Champawat (10),Urban,55-59,1125,646,479,15,14,1,951,595,356,157,37,120,2,0,2,0,0,0,0,0,0
05,065,District - Champawat (10),Urban,60-64,924,467,457,24,14,10,653,405,248,243,47,196,4,1,3,0,0,0,0,0,0
05,065,District - Champawat (10),Urban,65-69,606,309,297,28,22,6,396,252,144,181,35,146,0,0,0,1,0,1,0,0,0
05,065,District - Champawat (10),Urban,70-74,446,217,229,7,3,4,241,175,66,197,39,158,1,0,1,0,0,0,0,0,0
05,065,District - Champawat (10),Urban,75-79,199,97,102,0,0,0,104,73,31,95,24,71,0,0,0,0,0,0,0,0,0
05,065,District - Champawat (10),Urban,80+,303,127,176,18,13,5,106,78,28,179,36,143,0,0,0,0,0,0,0,0,0
05,065,District - Champawat (10),Urban,Age not stated,26,13,13,19,9,10,7,4,3,0,0,0,0,0,0,0,0,0,0,0,0
05,065,District - Champawat (10),Urban,Less than 18,14051,7612,6439,13962,7592,6370,85,19,66,2,0,2,2,1,1,0,0,0,0,0,0
05,065,District - Champawat (10),Urban,Less than 21,16725,9048,7677,16296,8975,7321,424,71,353,3,1,2,2,1,1,0,0,0,0,0,0
05,066,District - Nainital (11),Total,All ages,954605,493666,460939,482245,273537,208708,427173,210677,216496,42958,8611,34347,1683,651,1032,546,190,356,0,0,0
05,066,District - Nainital (11),Total,0-9,180673,95152,85521,180673,95152,85521,0,0,0,0,0,0,0,0,0,0,0,0,0,0,0
05,066,District - Nainital (11),Total,10-14,102103,53986,48117,100681,53433,47248,1258,483,775,70,25,45,88,42,46,6,3,3,0,0,0
05,066,District - Nainital (11),Total,15-19,103405,54781,48624,97554,53590,43964,5637,1108,4529,106,38,68,87,38,49,21,7,14,0,0,0
05,066,District - Nainital (11),Total,20-24,94692,48516,46176,61998,40454,21544,32265,7947,24318,235,60,175,148,47,101,46,8,38,0,0,0
05,066,District - Nainital (11),Total,25-29,81675,40627,41048,24398,18575,5823,56449,21850,34599,583,120,463,172,57,115,73,25,48,0,0,0
05,066,District - Nainital (11),Total,30-34,70335,35823,34512,7448,5811,1637,61622,29716,31906,948,187,761,222,75,147,95,34,61,0,0,0
05,066,District - Nainital (11),Total,35-39,66697,33618,33079,2531,1882,649,62219,31333,30886,1649,285,1364,221,90,131,77,28,49,0,0,0
05,066,District - Nainital (11),Total,40-44,56202,28929,27273,1317,947,370,52137,27486,24651,2484,384,2100,193,80,113,71,32,39,0,0,0
05,066,District - Nainital (11),Total,45-49,49861,25713,24148,841,593,248,45322,24476,20846,3486,554,2932,164,70,94,48,20,28,0,0,0
05,066,District - Nainital (11),Total,50-54,39708,20963,18745,589,403,186,34836,19835,15001,4112,663,3449,127,45,82,44,17,27,0,0,0
05,066,District - Nainital (11),Total,55-59,30292,15215,15077,434,288,146,25554,14116,11438,4195,772,3423,82,34,48,27,5,22,0,0,0
05,066,District - Nainital (11),Total,60-64,28803,15004,13799,754,489,265,21287,13285,8002,6672,1193,5479,74,32,42,16,5,11,0,0,0
05,066,District - Nainital (11),Total,65-69,18837,9646,9191,916,572,344,12534,7914,4620,5334,1140,4194,43,15,28,10,5,5,0,0,0
05,066,District - Nainital (11),Total,70-74,13368,6844,6524,404,263,141,7795,5493,2302,5132,1075,4057,30,12,18,7,1,6,0,0,0
05,066,District - Nainital (11),Total,75-79,7010,3517,3493,146,94,52,3734,2636,1098,3117,781,2336,11,6,5,2,0,2,0,0,0
05,066,District - Nainital (11),Total,80+,9035,4274,4761,581,370,211,3693,2578,1115,4741,1320,3421,17,6,11,3,0,3,0,0,0
05,066,District - Nainital (11),Total,Age not stated,1909,1058,851,980,621,359,831,421,410,94,14,80,4,2,2,0,0,0,0,0,0
05,066,District - Nainital (11),Total,Less than 18,344030,181317,162713,340694,180215,160479,3036,982,2054,147,51,96,135,61,74,18,8,10,0,0,0
05,066,District - Nainital (11),Total,Less than 21,408794,215689,193105,396532,213009,183523,11801,2498,9303,217,77,140,210,92,118,34,13,21,0,0,0
05,066,District - Nainital (11),Rural,All ages,582871,299257,283614,293444,165693,127751,260201,127314,132887,27855,5711,22144,1095,427,668,276,112,164,0,0,0
05,066,District - Nainital (11),Rural,0-9,115368,60522,54846,115368,60522,54846,0,0,0,0,0,0,0,0,0,0,0,0,0,0,0
05,066,District - Nainital (11),Rural,10-14,64333,33586,30747,63487,33269,30218,761,285,476,49,18,31,32,13,19,4,1,3,0,0,0
05,066,District - Nainital (11),Rural,15-19,62634,32994,29640,58854,32284,26570,3644,660,2984,73,26,47,49,18,31,14,6,8,0,0,0
05,066,District - Nainital (11),Rural,20-24,55651,28165,27486,34326,23046,11280,21069,5058,16011,141,32,109,89,24,65,26,5,21,0,0,0
05,066,District - Nainital (11),Rural,25-29,48167,23675,24492,12587,9922,2665,35046,13623,21423,381,70,311,116,42,74,37,18,19,0,0,0
05,066,District - Nainital (11),Rural,30-34,41395,21065,20330,3721,3001,720,36867,17868,18999,618,123,495,145,53,92,44,20,24,0,0,0
05,066,District - Nainital (11),Rural,35-39,39140,19632,19508,1133,867,266,36821,18506,18315,1003,183,820,150,58,92,33,18,15,0,0,0
05,066,District - Nainital (11),Rural,40-44,33150,17004,16146,656,481,175,30826,16187,14639,1501,258,1243,134,62,72,33,16,17,0,0,0
05,066,District - Nainital (11),Rural,45-49,29488,15114,14374,420,331,89,26790,14367,12423,2144,362,1782,109,43,66,25,11,14,0,0,0
05,066,District - Nainital (11),Rural,50-54,23639,12344,11295,306,248,58,20683,11620,9063,2543,437,2106,85,31,54,22,8,14,0,0,0
05,066,District - Nainital (11),Rural,55-59,18581,9073,9508,230,176,54,15652,8380,7272,2628,491,2137,59,24,35,12,2,10,0,0,0
05,066,District - Nainital (11),Rural,60-64,18566,9672,8894,472,321,151,13603,8524,5079,4427,799,3628,54,25,29,10,3,7,0,0,0
05,066,District - Nainital (11),Rural,65-69,12093,6091,6002,584,364,220,7956,4967,2989,3515,744,2771,30,12,18,8,4,4,0,0,0
05,066,District - Nainital (11),Rural,70-74,8863,4512,4351,246,172,74,5084,3582,1502,3506,747,2759,22,11,11,5,0,5,0,0,0
05,066,District - Nainital (11),Rural,75-79,4592,2302,2290,87,64,23,2417,1706,711,2080,527,1553,7,5,2,1,0,1,0,0,0
05,066,District - Nainital (11),Rural,80+,6009,2848,3161,328,221,107,2485,1739,746,3183,884,2299,11,4,7,2,0,2,0,0,0
05,066,District - Nainital (11),Rural,Age not stated,1202,658,544,639,404,235,497,242,255,63,10,53,3,2,1,0,0,0,0,0,0
05,066,District - Nainital (11),Rural,Less than 18,217170,113646,103524,215177,113012,102165,1822,570,1252,103,38,65,56,21,35,12,5,7,0,0,0
05,066,District - Nainital (11),Rural,Less than 21,255348,133855,121493,247581,132295,115286,7508,1467,6041,141,50,91,96,34,62,22,9,13,0,0,0
05,066,District - Nainital (11),Urban,All ages,371734,194409,177325,188801,107844,80957,166972,83363,83609,15103,2900,12203,588,224,364,270,78,192,0,0,0
05,066,District - Nainital (11),Urban,0-9,65305,34630,30675,65305,34630,30675,0,0,0,0,0,0,0,0,0,0,0,0,0,0,0
05,066,District - Nainital (11),Urban,10-14,37770,20400,17370,37194,20164,17030,497,198,299,21,7,14,56,29,27,2,2,0,0,0,0
05,066,District - Nainital (11),Urban,15-19,40771,21787,18984,38700,21306,17394,1993,448,1545,33,12,21,38,20,18,7,1,6,0,0,0
05,066,District - Nainital (11),Urban,20-24,39041,20351,18690,27672,17408,10264,11196,2889,8307,94,28,66,59,23,36,20,3,17,0,0,0
05,066,District - Nainital (11),Urban,25-29,33508,16952,16556,11811,8653,3158,21403,8227,13176,202,50,152,56,15,41,36,7,29,0,0,0
05,066,District - Nainital (11),Urban,30-34,28940,14758,14182,3727,2810,917,24755,11848,12907,330,64,266,77,22,55,51,14,37,0,0,0
05,066,District - Nainital (11),Urban,35-39,27557,13986,13571,1398,1015,383,25398,12827,12571,646,102,544,71,32,39,44,10,34,0,0,0
05,066,District - Nainital (11),Urban,40-44,23052,11925,11127,661,466,195,21311,11299,10012,983,126,857,59,18,41,38,16,22,0,0,0
05,066,District - Nainital (11),Urban,45-49,20373,10599,9774,421,262,159,18532,10109,8423,1342,192,1150,55,27,28,23,9,14,0,0,0
05,066,District - Nainital (11),Urban,50-54,16069,8619,7450,283,155,128,14153,8215,5938,1569,226,1343,42,14,28,22,9,13,0,0,0
05,066,District - Nainital (11),Urban,55-59,11711,6142,5569,204,112,92,9902,5736,4166,1567,281,1286,23,10,13,15,3,12,0,0,0
05,066,District - Nainital (11),Urban,60-64,10237,5332,4905,282,168,114,7684,4761,2923,2245,394,1851,20,7,13,6,2,4,0,0,0
05,066,District - Nainital (11),Urban,65-69,6744,3555,3189,332,208,124,4578,2947,1631,1819,396,1423,13,3,10,2,1,1,0,0,0
05,066,District - Nainital (11),Urban,70-74,4505,2332,2173,158,91,67,2711,1911,800,1626,328,1298,8,1,7,2,1,1,0,0,0
05,066,District - Nainital (11),Urban,75-79,2418,1215,1203,59,30,29,1317,930,387,1037,254,783,4,1,3,1,0,1,0,0,0
05,066,District - Nainital (11),Urban,80+,3026,1426,1600,253,149,104,1208,839,369,1558,436,1122,6,2,4,1,0,1,0,0,0
05,066,District - Nainital (11),Urban,Age not stated,707,400,307,341,217,124,334,179,155,31,4,27,1,0,1,0,0,0,0,0,0
05,066,District - Nainital (11),Urban,Less than 18,126860,67671,59189,125517,67203,58314,1214,412,802,44,13,31,79,40,39,6,3,3,0,0,0
05,066,District - Nainital (11),Urban,Less than 21,153446,81834,71612,148951,80714,68237,4293,1031,3262,76,27,49,114,58,56,12,4,8,0,0,0
05,067,District - Udham Singh Nagar (12),Total,All ages,1648902,858783,790119,870478,488002,382476,714778,354473,360305,60057,14790,45267,2582,1118,1464,1007,400,607,0,0,0
05,067,District - Udham Singh Nagar (12),Total,0-9,337374,177997,159377,337374,177997,159377,0,0,0,0,0,0,0,0,0,0,0,0,0,0,0
05,067,District - Udham Singh Nagar (12),Total,10-14,201649,106586,95063,199136,105670,93466,2287,825,1462,105,35,70,110,52,58,11,4,7,0,0,0
05,067,District - Udham Singh Nagar (12),Total,15-19,201030,106686,94344,188481,104058,84423,12215,2511,9704,198,61,137,121,49,72,15,7,8,0,0,0
05,067,District - Udham Singh Nagar (12),Total,20-24,168034,87566,80468,99395,65981,33414,67884,21364,46520,384,97,287,266,89,177,105,35,70,0,0,0
05,067,District - Udham Singh Nagar (12),Total,25-29,134527,68188,66339,27475,21011,6464,105625,46713,58912,906,259,647,336,139,197,185,66,119,0,0,0
05,067,District - Udham Singh Nagar (12),Total,30-34,115610,57961,57649,6664,5179,1485,106825,52151,54674,1606,422,1184,340,147,193,175,62,113,0,0,0
05,067,District - Udham Singh Nagar (12),Total,35-39,111419,56996,54423,2521,1931,590,105542,54250,51292,2812,584,2228,383,159,224,161,72,89,0,0,0
05,067,District - Udham Singh Nagar (12),Total,40-44,90638,47460,43178,1365,1038,327,84983,45422,39561,3872,818,3054,315,141,174,103,41,62,0,0,0
05,067,District - Udham Singh Nagar (12),Total,45-49,74703,39779,34924,803,614,189,68842,38028,30814,4757,990,3767,217,105,112,84,42,42,0,0,0
05,067,District - Udham Singh Nagar (12),Total,50-54,54650,29327,25323,593,447,146,48452,27589,20863,5404,1191,4213,164,80,84,37,20,17,0,0,0
05,067,District - Udham Singh Nagar (12),Total,55-59,43716,21174,22542,410,308,102,37837,19536,18301,5335,1269,4066,100,47,53,34,14,20,0,0,0
05,067,District - Udham Singh Nagar (12),Total,60-64,45123,23435,21688,1310,788,522,33968,20376,13592,9702,2209,7493,112,51,61,31,11,20,0,0,0
05,067,District - Udham Singh Nagar (12),Total,65-69,27585,14056,13529,1721,963,758,18597,11284,7313,7200,1781,5419,54,24,30,13,4,9,0,0,0
05,067,District - Udham Singh Nagar (12),Total,70-74,19089,10023,9066,793,485,308,10925,7587,3338,7320,1924,5396,34,20,14,17,7,10,0,0,0
05,067,District - Udham Singh Nagar (12),Total,75-79,8552,4154,4398,157,102,55,4688,2984,1704,3687,1060,2627,12,5,7,8,3,5,0,0,0
05,067,District - Udham Singh Nagar (12),Total,80+,13508,6424,7084,1016,638,378,5732,3680,2052,6720,2087,4633,15,9,6,25,10,15,0,0,0
05,067,District - Udham Singh Nagar (12),Total,Age not stated,1695,971,724,1264,792,472,376,173,203,49,3,46,3,1,2,3,2,1,0,0,0
05,067,District - Udham Singh Nagar (12),Total,Less than 18,658166,347015,311151,651758,345021,306737,5992,1838,4154,235,70,165,165,78,87,16,8,8,0,0,0
05,067,District - Udham Singh Nagar (12),Total,Less than 21,786622,415797,370825,759336,409569,349767,26572,5984,20588,394,113,281,278,117,161,42,14,28,0,0,0
05,067,District - Udham Singh Nagar (12),Rural,All ages,1062142,550470,511672,557785,311243,246542,461881,227895,233986,40208,10284,29924,1700,792,908,568,256,312,0,0,0
05,067,District - Udham Singh Nagar (12),Rural,0-9,220415,116103,104312,220415,116103,104312,0,0,0,0,0,0,0,0,0,0,0,0,0,0,0
05,067,District - Udham Singh Nagar (12),Rural,10-14,133272,70122,63150,131673,69561,62112,1452,510,942,75,24,51,68,26,42,4,1,3,0,0,0
05,067,District - Udham Singh Nagar (12),Rural,15-19,129564,68411,61153,121116,66667,54449,8241,1680,6561,132,34,98,69,26,43,6,4,2,0,0,0
05,067,District - Udham Singh Nagar (12),Rural,20-24,104427,54222,50205,58609,39461,19148,45307,14598,30709,272,74,198,177,65,112,62,24,38,0,0,0
05,067,District - Udham Singh Nagar (12),Rural,25-29,83014,41838,41176,14677,11325,3352,67423,30189,37234,598,181,417,217,102,115,99,41,58,0,0,0
05,067,District - Udham Singh Nagar (12),Rural,30-34,72965,36241,36724,3661,2895,766,67911,32935,34976,1081,267,814,221,106,115,91,38,53,0,0,0
05,067,District - Udham Singh Nagar (12),Rural,35-39,70627,36030,34597,1466,1138,328,66972,34332,32640,1869,410,1459,237,109,128,83,41,42,0,0,0
05,067,District - Udham Singh Nagar (12),Rural,40-44,57386,29802,27584,838,663,175,53772,28463,25309,2501,548,1953,220,103,117,55,25,30,0,0,0
05,067,District - Udham Singh Nagar (12),Rural,45-49,46510,24635,21875,488,380,108,42857,23518,19339,2982,643,2339,135,71,64,48,23,25,0,0,0
05,067,District - Udham Singh Nagar (12),Rural,50-54,34227,18149,16078,382,296,86,30406,17026,13380,3294,750,2544,123,63,60,22,14,8,0,0,0
05,067,District - Udham Singh Nagar (12),Rural,55-59,28268,13139,15129,278,219,59,24600,12064,12536,3300,808,2492,71,37,34,19,11,8,0,0,0
05,067,District - Udham Singh Nagar (12),Rural,60-64,31302,16275,15027,840,518,322,23918,14138,9780,6441,1571,4870,81,38,43,22,10,12,0,0,0
05,067,District - Udham Singh Nagar (12),Rural,65-69,19353,9859,9494,1065,598,467,13283,7970,5313,4956,1270,3686,37,17,20,12,4,8,0,0,0
05,067,District - Udham Singh Nagar (12),Rural,70-74,13579,7228,6351,498,311,187,7902,5505,2397,5142,1388,3754,24,18,6,13,6,7,0,0,0
05,067,District - Udham Singh Nagar (12),Rural,75-79,6145,2976,3169,109,72,37,3431,2161,1270,2589,737,1852,8,3,5,8,3,5,0,0,0
05,067,District - Udham Singh Nagar (12),Rural,80+,9672,4647,5025,599,386,213,4111,2669,1442,4932,1576,3356,9,7,2,21,9,12,0,0,0
05,067,District - Udham Singh Nagar (12),Rural,Age not stated,1416,793,623,1071,650,421,295,137,158,44,3,41,3,1,2,3,2,1,0,0,0
05,067,District - Udham Singh Nagar (12),Rural,Less than 18,431136,226696,204440,426988,225452,201536,3878,1161,2717,167,41,126,97,39,58,6,3,3,0,0,0
05,067,District - Udham Singh Nagar (12),Rural,Less than 21,512701,270037,242664,494386,265898,228488,17854,3998,13856,270,70,200,170,64,106,21,7,14,0,0,0
05,067,District - Udham Singh Nagar (12),Urban,All ages,586760,308313,278447,312693,176759,135934,252897,126578,126319,19849,4506,15343,882,326,556,439,144,295,0,0,0
05,067,District - Udham Singh Nagar (12),Urban,0-9,116959,61894,55065,116959,61894,55065,0,0,0,0,0,0,0,0,0,0,0,0,0,0,0
05,067,District - Udham Singh Nagar (12),Urban,10-14,68377,36464,31913,67463,36109,31354,835,315,520,30,11,19,42,26,16,7,3,4,0,0,0
05,067,District - Udham Singh Nagar (12),Urban,15-19,71466,38275,33191,67365,37391,29974,3974,831,3143,66,27,39,52,23,29,9,3,6,0,0,0
05,067,District - Udham Singh Nagar (12),Urban,20-24,63607,33344,30263,40786,26520,14266,22577,6766,15811,112,23,89,89,24,65,43,11,32,0,0,0
05,067,District - Udham Singh Nagar (12),Urban,25-29,51513,26350,25163,12798,9686,3112,38202,16524,21678,308,78,230,119,37,82,86,25,61,0,0,0
05,067,District - Udham Singh Nagar (12),Urban,30-34,42645,21720,20925,3003,2284,719,38914,19216,19698,525,155,370,119,41,78,84,24,60,0,0,0
05,067,District - Udham Singh Nagar (12),Urban,35-39,40792,20966,19826,1055,793,262,38570,19918,18652,943,174,769,146,50,96,78,31,47,0,0,0
05,067,District - Udham Singh Nagar (12),Urban,40-44,33252,17658,15594,527,375,152,31211,16959,14252,1371,270,1101,95,38,57,48,16,32,0,0,0
05,067,District - Udham Singh Nagar (12),Urban,45-49,28193,15144,13049,315,234,81,25985,14510,11475,1775,347,1428,82,34,48,36,19,17,0,0,0
05,067,District - Udham Singh Nagar (12),Urban,50-54,20423,11178,9245,211,151,60,18046,10563,7483,2110,441,1669,41,17,24,15,6,9,0,0,0
05,067,District - Udham Singh Nagar (12),Urban,55-59,15448,8035,7413,132,89,43,13237,7472,5765,2035,461,1574,29,10,19,15,3,12,0,0,0
05,067,District - Udham Singh Nagar (12),Urban,60-64,13821,7160,6661,470,270,200,10050,6238,3812,3261,638,2623,31,13,18,9,1,8,0,0,0
05,067,District - Udham Singh Nagar (12),Urban,65-69,8232,4197,4035,656,365,291,5314,3314,2000,2244,511,1733,17,7,10,1,0,1,0,0,0
05,067,District - Udham Singh Nagar (12),Urban,70-74,5510,2795,2715,295,174,121,3023,2082,941,2178,536,1642,10,2,8,4,1,3,0,0,0
05,067,District - Udham Singh Nagar (12),Urban,75-79,2407,1178,1229,48,30,18,1257,823,434,1098,323,775,4,2,2,0,0,0,0,0,0
05,067,District - Udham Singh Nagar (12),Urban,80+,3836,1777,2059,417,252,165,1621,1011,610,1788,511,1277,6,2,4,4,1,3,0,0,0
05,067,District - Udham Singh Nagar (12),Urban,Age not stated,279,178,101,193,142,51,81,36,45,5,0,5,0,0,0,0,0,0,0,0,0
05,067,District - Udham Singh Nagar (12),Urban,Less than 18,227030,120319,106711,224770,119569,105201,2114,677,1437,68,29,39,68,39,29,10,5,5,0,0,0
05,067,District - Udham Singh Nagar (12),Urban,Less than 21,273921,145760,128161,264950,143671,121279,8718,1986,6732,124,43,81,108,53,55,21,7,14,0,0,0
05,068,District - Hardwar (13),Total,All ages,1890422,1005295,885127,1008298,575001,433297,809987,406421,403566,68521,22195,46326,2305,1116,1189,1311,562,749,0,0,0
05,068,District - Hardwar (13),Total,0-9,412317,220523,191794,412317,220523,191794,0,0,0,0,0,0,0,0,0,0,0,0,0,0,0
05,068,District - Hardwar (13),Total,10-14,223784,121098,102686,220964,120051,100913,2595,944,1651,99,36,63,118,62,56,8,5,3,0,0,0
05,068,District - Hardwar (13),Total,15-19,224345,119864,104481,211115,116952,94163,12881,2770,10111,197,74,123,127,57,70,25,11,14,0,0,0
05,068,District - Hardwar (13),Total,20-24,193565,103878,89687,110440,75422,35018,82306,28123,54183,463,188,275,221,92,129,135,53,82,0,0,0
05,068,District - Hardwar (13),Total,25-29,153109,80861,72248,29984,23505,6479,121671,56755,64916,927,377,550,328,144,184,199,80,119,0,0,0
05,068,District - Hardwar (13),Total,30-34,128126,65736,62390,7718,6268,1450,118442,58732,59710,1440,495,945,320,146,174,206,95,111,0,0,0
05,068,District - Hardwar (13),Total,35-39,123338,64675,58663,3351,2793,558,116615,60729,55886,2837,904,1933,310,159,151,225,90,135,0,0,0
05,068,District - Hardwar (13),Total,40-44,101057,53798,47259,2160,1818,342,94429,50514,43915,4064,1288,2776,226,112,114,178,66,112,0,0,0
05,068,District - Hardwar (13),Total,45-49,82864,44615,38249,1540,1299,241,75757,41663,34094,5263,1512,3751,198,99,99,106,42,64,0,0,0
05,068,District - Hardwar (13),Total,50-54,60690,33097,27593,1170,991,179,53373,30298,23075,5939,1696,4243,140,73,67,68,39,29,0,0,0
05,068,District - Hardwar (13),Total,55-59,49769,24310,25459,806,684,122,42665,21725,20940,6170,1832,4338,78,45,33,50,24,26,0,0,0
05,068,District - Hardwar (13),Total,60-64,50923,26906,24017,1623,1159,464,38628,22579,16049,10518,3085,7433,112,59,53,42,24,18,0,0,0
05,068,District - Hardwar (13),Total,65-69,33579,17661,15918,1745,1190,555,23125,13673,9452,8638,2758,5880,47,25,22,24,15,9,0,0,0
05,068,District - Hardwar (13),Total,70-74,23971,13073,10898,887,662,225,13968,9409,4559,9056,2976,6080,38,19,19,22,7,15,0,0,0
05,068,District - Hardwar (13),Total,75-79,11180,5903,5277,330,267,63,6238,3849,2389,4588,1770,2818,16,12,4,8,5,3,0,0,0
05,068,District - Hardwar (13),Total,80+,16117,8333,7784,1131,767,364,6686,4365,2321,8262,3184,5078,24,11,13,14,6,8,0,0,0
05,068,District - Hardwar (13),Total,Age not stated,1688,964,724,1017,650,367,608,293,315,60,20,40,2,1,1,1,0,1,0,0,0
05,068,District - Hardwar (13),Total,Less than 18,766079,409641,356438,759358,407439,351919,6285,2008,4277,230,91,139,190,93,97,16,10,6,0,0,0
05,068,District - Hardwar (13),Total,Less than 21,910019,488442,421577,881357,481414,399943,27920,6723,21197,392,143,249,294,138,156,56,24,32,0,0,0
05,068,District - Hardwar (13),Rural,All ages,1197328,633784,563544,661799,372315,289484,491051,245398,245653,42454,15048,27406,1372,702,670,652,321,331,0,0,0
05,068,District - Hardwar (13),Rural,0-9,285131,152049,133082,285131,152049,133082,0,0,0,0,0,0,0,0,0,0,0,0,0,0,0
05,068,District - Hardwar (13),Rural,10-14,154542,83238,71304,152673,82546,70127,1720,624,1096,65,23,42,80,42,38,4,3,1,0,0,0
05,068,District - Hardwar (13),Rural,15-19,149343,78551,70792,139949,76517,63432,9144,1935,7209,138,51,87,96,42,54,16,6,10,0,0,0
05,068,District - Hardwar (13),Rural,20-24,117728,62283,55445,60440,41780,18660,56731,20265,36466,304,130,174,165,69,96,88,39,49,0,0,0
05,068,District - Hardwar (13),Rural,25-29,87799,46710,41089,12260,10235,2025,74666,36070,38596,562,257,305,200,91,109,111,57,54,0,0,0
05,068,District - Hardwar (13),Rural,30-34,74465,37675,36790,3188,2744,444,70090,34458,35632,926,339,587,158,77,81,103,57,46,0,0,0
05,068,District - Hardwar (13),Rural,35-39,73695,38364,35331,1560,1369,191,70079,36222,33857,1783,625,1158,172,96,76,101,52,49,0,0,0
05,068,District - Hardwar (13),Rural,40-44,60612,32490,28122,1061,946,115,56882,30542,26340,2469,905,1564,116,66,50,84,31,53,0,0,0
05,068,District - Hardwar (13),Rural,45-49,47683,25931,21752,785,681,104,43690,24135,19555,3056,1038,2018,114,60,54,38,17,21,0,0,0
05,068,District - Hardwar (13),Rural,50-54,33772,18709,15063,526,472,54,29666,17008,12658,3475,1163,2312,71,45,26,34,21,13,0,0,0
05,068,District - Hardwar (13),Rural,55-59,27632,13036,14596,364,328,36,23762,11536,12226,3444,1133,2311,42,29,13,20,10,10,0,0,0
05,068,District - Hardwar (13),Rural,60-64,30484,16091,14393,924,647,277,22888,13297,9591,6585,2099,4486,66,37,29,21,11,10,0,0,0
05,068,District - Hardwar (13),Rural,65-69,20381,10332,10049,1047,699,348,13892,7823,6069,5401,1788,3613,30,14,16,11,8,3,0,0,0
05,068,District - Hardwar (13),Rural,70-74,15335,8361,6974,485,361,124,8885,5919,2966,5923,2064,3859,29,15,14,13,2,11,0,0,0
05,068,District - Hardwar (13),Rural,75-79,7099,3726,3373,165,130,35,4120,2442,1678,2800,1143,1657,11,9,2,3,2,1,0,0,0
05,068,District - Hardwar (13),Rural,80+,10664,5680,4984,627,422,205,4526,2966,1560,5485,2277,3208,21,10,11,5,5,0,0,0,0
05,068,District - Hardwar (13),Rural,Age not stated,963,558,405,614,389,225,310,156,154,38,13,25,1,0,1,0,0,0,0,0,0
05,068,District - Hardwar (13),Rural,Less than 18,527237,280668,246569,522815,279219,243596,4118,1319,2799,161,61,100,135,64,71,8,5,3,0,0,0
05,068,District - Hardwar (13),Rural,Less than 21,620454,330421,290033,600151,325429,274722,19777,4778,14999,270,97,173,216,100,116,40,17,23,0,0,0
05,068,District - Hardwar (13),Urban,All ages,693094,371511,321583,346499,202686,143813,318936,161023,157913,26067,7147,18920,933,414,519,659,241,418,0,0,0
05,068,District - Hardwar (13),Urban,0-9,127186,68474,58712,127186,68474,58712,0,0,0,0,0,0,0,0,0,0,0,0,0,0,0
05,068,District - Hardwar (13),Urban,10-14,69242,37860,31382,68291,37505,30786,875,320,555,34,13,21,38,20,18,4,2,2,0,0,0
05,068,District - Hardwar (13),Urban,15-19,75002,41313,33689,71166,40435,30731,3737,835,2902,59,23,36,31,15,16,9,5,4,0,0,0
05,068,District - Hardwar (13),Urban,20-24,75837,41595,34242,50000,33642,16358,25575,7858,17717,159,58,101,56,23,33,47,14,33,0,0,0
05,068,District - Hardwar (13),Urban,25-29,65310,34151,31159,17724,13270,4454,47005,20685,26320,365,120,245,128,53,75,88,23,65,0,0,0
05,068,District - Hardwar (13),Urban,30-34,53661,28061,25600,4530,3524,1006,48352,24274,24078,514,156,358,162,69,93,103,38,65,0,0,0
05,068,District - Hardwar (13),Urban,35-39,49643,26311,23332,1791,1424,367,46536,24507,22029,1054,279,775,138,63,75,124,38,86,0,0,0
05,068,District - Hardwar (13),Urban,40-44,40445,21308,19137,1099,872,227,37547,19972,17575,1595,383,1212,110,46,64,94,35,59,0,0,0
05,068,District - Hardwar (13),Urban,45-49,35181,18684,16497,755,618,137,32067,17528,14539,2207,474,1733,84,39,45,68,25,43,0,0,0
05,068,District - Hardwar (13),Urban,50-54,26918,14388,12530,644,519,125,23707,13290,10417,2464,533,1931,69,28,41,34,18,16,0,0,0
05,068,District - Hardwar (13),Urban,55-59,22137,11274,10863,442,356,86,18903,10189,8714,2726,699,2027,36,16,20,30,14,16,0,0,0
05,068,District - Hardwar (13),Urban,60-64,20439,10815,9624,699,512,187,15740,9282,6458,3933,986,2947,46,22,24,21,13,8,0,0,0
05,068,District - Hardwar (13),Urban,65-69,13198,7329,5869,698,491,207,9233,5850,3383,3237,970,2267,17,11,6,13,7,6,0,0,0
05,068,District - Hardwar (13),Urban,70-74,8636,4712,3924,402,301,101,5083,3490,1593,3133,912,2221,9,4,5,9,5,4,0,0,0
05,068,District - Hardwar (13),Urban,75-79,4081,2177,1904,165,137,28,2118,1407,711,1788,627,1161,5,3,2,5,3,2,0,0,0
05,068,District - Hardwar (13),Urban,80+,5453,2653,2800,504,345,159,2160,1399,761,2777,907,1870,3,1,2,9,1,8,0,0,0
05,068,District - Hardwar (13),Urban,Age not stated,725,406,319,403,261,142,298,137,161,22,7,15,1,1,0,1,0,1,0,0,0
05,068,District - Hardwar (13),Urban,Less than 18,238842,128973,109869,236543,128220,108323,2167,689,1478,69,30,39,55,29,26,8,5,3,0,0,0
05,068,District - Hardwar (13),Urban,Less than 21,289565,158021,131544,281206,155985,125221,8143,1945,6198,122,46,76,78,38,40,16,7,9,0,0,0
