state_code,district_code,area_name,region_type,age_group,total_persons,total_males,total_females,never_married_persons,never_married_males,never_married_females,currently_married_persons,currently_married_males,currently_married_females,widowed_persons,widowed_males,widowed_females,separated_persons,separated_males,separated_females,divorced_persons,divorced_males,divorced_females,unspecified_persons,unspecified_males,unspecified_females
19,000,State - WEST BENGAL (19),Total,All ages,91276115,46809027,44467088,39945035,22930879,17014156,46394483,23084775,23309708,4459606,667422,3792184,314506,89210,225296,162485,36741,125744,0,0,0
19,000,State - WEST BENGAL (19),Total,0-9,15580952,7960625,7620327,15580952,7960625,7620327,0,0,0,0,0,0,0,0,0,0,0,0,0,0,0
19,000,State - WEST BENGAL (19),Total,10-14,9156523,4677506,4479017,8968831,4605359,4363472,174562,67363,107199,7022,2000,5022,4822,2258,2564,1286,526,760,0,0,0
19,000,State - WEST BENGAL (19),Total,15-19,9058031,4702325,4355706,7592878,4476118,3116760,1432835,218843,1213992,16647,3701,12946,10063,2825,7238,5608,838,4770,0,0,0
19,000,State - WEST BENGAL (19),Total,20-24,8758322,4422630,4335692,4131499,3109346,1022153,4552683,1299195,3253488,30950,6099,24851,26210,5323,20887,16980,2667,14313,0,0,0
19,000,State - WEST BENGAL (19),Total,25-29,7997909,4044904,3953005,1834704,1490506,344198,6047767,2531606,3516161,56682,10394,46288,36289,8041,28248,22467,4357,18110,0,0,0
19,000,State - WEST BENGAL (19),Total,30-34,6841590,3464659,3376931,700953,554461,146492,5988941,2880738,3108203,88911,14740,74171,39738,9782,29956,23047,4938,18109,0,0,0
19,000,State - WEST BENGAL (19),Total,35-39,7012646,3523361,3489285,350444,251950,98494,6436032,3232021,3204011,156562,21920,134642,44934,11715,33219,24674,5755,18919,0,0,0
19,000,State - WEST BENGAL (19),Total,40-44,6153060,3219604,2933456,208237,137683,70554,5633795,3034614,2599181,248170,31026,217144,41227,11039,30188,21631,5242,16389,0,0,0
19,000,State - WEST BENGAL (19),Total,45-49,5335719,2814212,2521507,141727,87591,54136,4815183,2670631,2144552,327636,42395,285241,34672,9578,25094,16501,4017,12484,0,0,0
19,000,State - WEST BENGAL (19),Total,50-54,4257880,2317232,1940648,102238,59717,42521,3694864,2190091,1504773,422919,56619,366300,25888,7778,18110,11971,3027,8944,0,0,0
19,000,State - WEST BENGAL (19),Total,55-59,3268650,1746903,1521747,67770,39271,28499,2719971,1637045,1082926,456701,63115,393586,17020,5554,11466,7188,1918,5270,0,0,0
19,000,State - WEST BENGAL (19),Total,60-64,2745454,1406401,1339053,56290,31754,24536,2008643,1283827,724816,662300,84842,577458,13251,4611,8640,4970,1367,3603,0,0,0
19,000,State - WEST BENGAL (19),Total,65-69,1982993,991280,991713,40116,23058,17058,1299577,876724,422853,632089,86964,545125,8504,3667,4837,2707,867,1840,0,0,0
19,000,State - WEST BENGAL (19),Total,70-74,1390607,686881,703726,26131,15523,10608,784558,578338,206220,572886,89533,483353,5446,2932,2514,1586,555,1031,0,0,0
19,000,State - WEST BENGAL (19),Total,75-79,739767,360216,379551,14802,9084,5718,377531,286668,90863,343955,62408,281547,2801,1795,1006,678,261,417,0,0,0
19,000,State - WEST BENGAL (19),Total,80+,883561,406536,477025,66537,39796,26741,382291,273717,108574,430503,90546,339957,3253,2150,1103,977,327,650,0,0,0
19,000,State - WEST BENGAL (19),Total,Age not stated,112451,63752,48699,60926,39037,21889,45250,23354,21896,5673,1120,4553,388,162,226,214,79,135,0,0,0
19,000,State - WEST BENGAL (19),Total,Less than 18,29999403,15407767,14591636,29390949,15246980,14143969,578610,151889,426721,17275,4199,13076,9210,3786,5424,3359,913,2446,0,0,0
19,000,State - WEST BENGAL (19),Total,Less than 21,35957778,18383613,17574165,33352571,17906855,15445716,2544201,461920,2082281,30584,6928,23656,20048,6071,13977,10374,1839,8535,0,0,0
19,000,State - WEST BENGAL (19),Rural,All ages,62183113,31844945,30338168,27647792,15838382,11809410,31322811,15515630,15807181,2906013,417553,2488460,190725,48863,141862,115772,24517,91255,0,0,0
19,000,State - WEST BENGAL (19),Rural,0-9,11481586,5855522,5626064,11481586,5855522,5626064,0,0,0,0,0,0,0,0,0,0,0,0,0,0,0
19,000,State - WEST BENGAL (19),Rural,10-14,6677094,3401028,3276066,6550649,3353034,3197615,118102,44964,73138,4379,1239,3140,3069,1434,1635,895,357,538,0,0,0
19,000,State - WEST BENGAL (19),Rural,15-19,6442695,3359604,3083091,5304010,3192094,2111916,1116033,162791,953242,11313,2382,8931,6830,1760,5070,4509,577,3932,0,0,0
19,000,State - WEST BENGAL (19),Rural,20-24,6042721,3062672,2980049,2550784,2042085,508699,3439733,1011210,2428523,21405,4107,17298,17425,3220,14205,13374,2050,11324,0,0,0
19,000,State - WEST BENGAL (19),Rural,25-29,5354996,2723495,2631501,980760,842601,138159,4296988,1866383,2430605,38584,6811,31773,22143,4482,17661,16521,3218,13303,0,0,0
19,000,State - WEST BENGAL (19),Rural,30-34,4452270,2255183,2197087,319310,260143,59167,4035797,1977678,2058119,58238,9002,49236,22906,5017,17889,16019,3343,12676,0,0,0
19,000,State - WEST BENGAL (19),Rural,35-39,4596701,2306077,2290624,147066,104504,42562,4304740,2178257,2126483,102052,13624,88428,25813,5941,19872,17030,3751,13279,0,0,0
19,000,State - WEST BENGAL (19),Rural,40-44,4024731,2100597,1924134,82330,53011,29319,3741466,2019473,1721993,161906,19311,142595,24165,5544,18621,14864,3258,11606,0,0,0
19,000,State - WEST BENGAL (19),Rural,45-49,3422477,1807534,1614943,54530,33014,21516,3128122,1740631,1387491,208149,26573,181576,20194,4755,15439,11482,2561,8921,0,0,0
19,000,State - WEST BENGAL (19),Rural,50-54,2693913,1469321,1224592,37102,21271,15831,2366478,1407161,959317,266703,35094,231609,15285,3887,11398,8345,1908,6437,0,0,0
19,000,State - WEST BENGAL (19),Rural,55-59,2048869,1086200,962669,24320,14059,10261,1717360,1028710,688650,291781,39362,252419,10385,2847,7538,5023,1222,3801,0,0,0
19,000,State - WEST BENGAL (19),Rural,60-64,1746446,881516,864930,22271,12319,9952,1272022,812395,459627,440037,53236,386801,8583,2666,5917,3533,900,2633,0,0,0
19,000,State - WEST BENGAL (19),Rural,65-69,1280414,625865,654549,17155,9811,7344,823731,556846,266885,431814,56250,375564,5779,2369,3410,1935,589,1346,0,0,0
19,000,State - WEST BENGAL (19),Rural,70-74,876931,421658,455273,9912,5625,4287,483796,357332,126464,378383,56335,322048,3773,2012,1761,1067,354,713,0,0,0
19,000,State - WEST BENGAL (19),Rural,75-79,456033,217061,238972,5495,3184,2311,228374,174115,54259,219743,38280,181463,1986,1310,676,435,172,263,0,0,0
19,000,State - WEST BENGAL (19),Rural,80+,536855,245245,291610,35445,20744,14701,229963,167318,62645,268643,55434,213209,2195,1543,652,609,206,403,0,0,0
19,000,State - WEST BENGAL (19),Rural,Age not stated,48381,26367,22014,25067,15361,9706,20106,10366,9740,2883,513,2370,194,76,118,131,51,80,0,0,0
19,000,State - WEST BENGAL (19),Rural,Less than 18,21925137,11250345,10674792,21481584,11139604,10341980,423714,105094,318620,11364,2677,8687,5938,2362,3576,2537,608,1929,0,0,0
19,000,State - WEST BENGAL (19),Rural,Less than 21,26121741,13347184,12774557,24119831,12993585,11126246,1959859,344066,1615793,20340,4408,15932,13452,3808,9644,8259,1317,6942,0,0,0
19,000,State - WEST BENGAL (19),Urban,All ages,29093002,14964082,14128920,12297243,7092497,5204746,15071672,7569145,7502527,1553593,249869,1303724,123781,40347,83434,46713,12224,34489,0,0,0
19,000,State - WEST BENGAL (19),Urban,0-9,4099366,2105103,1994263,4099366,2105103,1994263,0,0,0,0,0,0,0,0,0,0,0,0,0,0,0
19,000,State - WEST BENGAL (19),Urban,10-14,2479429,1276478,1202951,2418182,1252325,1165857,56460,22399,34061,2643,761,1882,1753,824,929,391,169,222,0,0,0
19,000,State - WEST BENGAL (19),Urban,15-19,2615336,1342721,1272615,2288868,1284024,1004844,316802,56052,260750,5334,1319,4015,3233,1065,2168,1099,261,838,0,0,0
19,000,State - WEST BENGAL (19),Urban,20-24,2715601,1359958,1355643,1580715,1067261,513454,1112950,287985,824965,9545,1992,7553,8785,2103,6682,3606,617,2989,0,0,0
19,000,State - WEST BENGAL (19),Urban,25-29,2642913,1321409,1321504,853944,647905,206039,1750779,665223,1085556,18098,3583,14515,14146,3559,10587,5946,1139,4807,0,0,0
19,000,State - WEST BENGAL (19),Urban,30-34,2389320,1209476,1179844,381643,294318,87325,1953144,903060,1050084,30673,5738,24935,16832,4765,12067,7028,1595,5433,0,0,0
19,000,State - WEST BENGAL (19),Urban,35-39,2415945,1217284,1198661,203378,147446,55932,2131292,1053764,1077528,54510,8296,46214,19121,5774,13347,7644,2004,5640,0,0,0
19,000,State - WEST BENGAL (19),Urban,40-44,2128329,1119007,1009322,125907,84672,41235,1892329,1015141,877188,86264,11715,74549,17062,5495,11567,6767,1984,4783,0,0,0
19,000,State - WEST BENGAL (19),Urban,45-49,1913242,1006678,906564,87197,54577,32620,1687061,930000,757061,119487,15822,103665,14478,4823,9655,5019,1456,3563,0,0,0
19,000,State - WEST BENGAL (19),Urban,50-54,1563967,847911,716056,65136,38446,26690,1328386,782930,545456,156216,21525,134691,10603,3891,6712,3626,1119,2507,0,0,0
19,000,State - WEST BENGAL (19),Urban,55-59,1219781,660703,559078,43450,25212,18238,1002611,608335,394276,164920,23753,141167,6635,2707,3928,2165,696,1469,0,0,0
19,000,State - WEST BENGAL (19),Urban,60-64,999008,524885,474123,34019,19435,14584,736621,471432,265189,222263,31606,190657,4668,1945,2723,1437,467,970,0,0,0
19,000,State - WEST BENGAL (19),Urban,65-69,702579,365415,337164,22961,13247,9714,475846,319878,155968,200275,30714,169561,2725,1298,1427,772,278,494,0,0,0
19,000,State - WEST BENGAL (19),Urban,70-74,513676,265223,248453,16219,9898,6321,300762,221006,79756,194503,33198,161305,1673,920,753,519,201,318,0,0,0
19,000,State - WEST BENGAL (19),Urban,75-79,283734,143155,140579,9307,5900,3407,149157,112553,36604,124212,24128,100084,815,485,330,243,89,154,0,0,0
19,000,State - WEST BENGAL (19),Urban,80+,346706,161291,185415,31092,19052,12040,152328,106399,45929,161860,35112,126748,1058,607,451,368,121,247,0,0,0
19,000,State - WEST BENGAL (19),Urban,Age not stated,64070,37385,26685,35859,23676,12183,25144,12988,12156,2790,607,2183,194,86,108,83,28,55,0,0,0
19,000,State - WEST BENGAL (19),Urban,Less than 18,8074266,4157422,3916844,7909365,4107376,3801989,154896,46795,108101,5911,1522,4389,3272,1424,1848,822,305,517,0,0,0
19,000,State - WEST BENGAL (19),Urban,Less than 21,9836037,5036429,4799608,9232740,4913270,4319470,584342,117854,466488,10244,2520,7724,6596,2263,4333,2115,522,1593,0,0,0
19,327,District - Darjiling  (01),Total,All ages,1846823,937259,909564,865796,474053,391743,878819,437201,441618,87199,19740,67459,11079,4458,6621,3930,1807,2123,0,0,0
19,327,District - Darjiling  (01),Total,0-9,293137,150162,142975,293137,150162,142975,0,0,0,0,0,0,0,0,0,0,0,0,0,0,0
19,327,District - Darjiling  (01),Total,10-14,188142,95990,92152,184971,94792,90179,2887,1101,1786,126,29,97,140,61,79,18,7,11,0,0,0
19,327,District - Darjiling  (01),Total,15-19,188383,96495,91888,168302,92424,75878,19512,3909,15603,284,68,216,222,75,147,63,19,44,0,0,0
19,327,District - Darjiling  (01),Total,20-24,184729,90723,94006,104431,66362,38069,78608,23851,54757,657,159,498,762,242,520,271,109,162,0,0,0
19,327,District - Darjiling  (01),Total,25-29,176830,86600,90230,51536,34410,17126,122276,51228,71048,1390,351,1039,1201,445,756,427,166,261,0,0,0
19,327,District - Darjiling  (01),Total,30-34,149366,73972,75394,21713,13611,8102,123335,59064,64271,2301,489,1812,1479,582,897,538,226,312,0,0,0
19,327,District - Darjiling  (01),Total,35-39,145287,71779,73508,12398,7073,5325,126477,63037,63440,4155,727,3428,1616,660,956,641,282,359,0,0,0
19,327,District - Darjiling  (01),Total,40-44,123783,63704,60079,8086,4441,3645,107517,57352,50165,6078,1020,5058,1514,591,923,588,300,288,0,0,0
19,327,District - Darjiling  (01),Total,45-49,104852,53900,50952,5662,2977,2685,89617,48892,40725,7865,1328,6537,1239,482,757,469,221,248,0,0,0
19,327,District - Darjiling  (01),Total,50-54,86320,45686,40634,4409,2206,2203,70918,41053,29865,9662,1842,7820,980,414,566,351,171,180,0,0,0
19,327,District - Darjiling  (01),Total,55-59,62319,32778,29541,2904,1413,1491,49011,29016,19995,9520,1943,7577,673,286,387,211,120,91,0,0,0
19,327,District - Darjiling  (01),Total,60-64,52160,27078,25082,2479,1165,1314,36973,23140,13833,12056,2477,9579,499,212,287,153,84,69,0,0,0
19,327,District - Darjiling  (01),Total,65-69,34984,18547,16437,1691,834,857,22752,15124,7628,10135,2393,7742,324,159,165,82,37,45,0,0,0
19,327,District - Darjiling  (01),Total,70-74,24956,13269,11687,1154,567,587,14207,10060,4147,9339,2497,6842,201,115,86,55,30,25,0,0,0
19,327,District - Darjiling  (01),Total,75-79,13851,7444,6407,590,269,321,7044,5184,1860,6079,1912,4167,112,63,49,26,16,10,0,0,0
19,327,District - Darjiling  (01),Total,80+,15389,7880,7509,1188,668,520,6627,4655,1972,7441,2480,4961,105,63,42,28,14,14,0,0,0
19,327,District - Darjiling  (01),Total,Age not stated,2335,1252,1083,1145,679,466,1058,535,523,111,25,86,12,8,4,9,5,4,0,0,0
19,327,District - Darjiling  (01),Total,Less than 18,592694,303443,289251,583021,300650,282371,9071,2607,6464,313,72,241,244,98,146,45,16,29,0,0,0
19,327,District - Darjiling  (01),Total,Less than 21,711054,362817,348237,674326,354494,319832,35605,7990,27615,529,130,399,468,163,305,126,40,86,0,0,0
19,327,District - Darjiling  (01),Rural,All ages,1118860,566965,551895,537123,292653,244470,520021,256710,263311,51938,13282,38656,7284,3078,4206,2494,1242,1252,0,0,0
19,327,District - Darjiling  (01),Rural,0-9,190318,96967,93351,190318,96967,93351,0,0,0,0,0,0,0,0,0,0,0,0,0,0,0
19,327,District - Darjiling  (01),Rural,10-14,118050,59905,58145,116077,59122,56955,1786,720,1066,80,20,60,97,39,58,10,4,6,0,0,0
19,327,District - Darjiling  (01),Rural,15-19,120321,61456,58865,106882,58617,48265,13062,2723,10339,183,50,133,151,56,95,43,10,33,0,0,0
19,327,District - Darjiling  (01),Rural,20-24,115814,57038,58776,62014,40224,21790,52722,16522,36200,424,98,326,504,146,358,150,48,102,0,0,0
19,327,District - Darjiling  (01),Rural,25-29,105933,52130,53803,27434,18462,8972,76529,32991,43538,907,249,658,792,307,485,271,121,150,0,0,0
19,327,District - Darjiling  (01),Rural,30-34,85760,42547,43213,10990,6831,4159,72057,34824,37233,1420,330,1090,942,396,546,351,166,185,0,0,0
19,327,District - Darjiling  (01),Rural,35-39,83305,41364,41941,6427,3585,2842,73020,36650,36370,2469,489,1980,1011,457,554,378,183,195,0,0,0
19,327,District - Darjiling  (01),Rural,40-44,71023,36259,34764,4407,2379,2028,61663,32607,29056,3671,693,2978,912,378,534,370,202,168,0,0,0
19,327,District - Darjiling  (01),Rural,45-49,59511,30292,29219,3158,1678,1480,50471,27226,23245,4772,910,3862,802,317,485,308,161,147,0,0,0
19,327,District - Darjiling  (01),Rural,50-54,49861,26086,23775,2633,1336,1297,40558,23081,17477,5774,1251,4523,672,297,375,224,121,103,0,0,0
19,327,District - Darjiling  (01),Rural,55-59,35636,18568,17068,1751,871,880,27678,16101,11577,5601,1311,4290,462,202,260,144,83,61,0,0,0
19,327,District - Darjiling  (01),Rural,60-64,30610,15997,14613,1594,778,816,21280,13299,7981,7275,1700,5575,353,155,198,108,65,43,0,0,0
19,327,District - Darjiling  (01),Rural,65-69,20510,10833,9677,1113,562,551,12957,8489,4468,6134,1635,4499,251,124,127,55,23,32,0,0,0
19,327,District - Darjiling  (01),Rural,70-74,14494,7854,6640,753,379,374,8093,5711,2382,5456,1647,3809,157,94,63,35,23,12,0,0,0
19,327,District - Darjiling  (01),Rural,75-79,8062,4469,3593,388,182,206,4002,2926,1076,3557,1292,2265,94,54,40,21,15,6,0,0,0
19,327,District - Darjiling  (01),Rural,80+,8615,4606,4009,663,356,307,3702,2597,1105,4155,1592,2563,75,49,26,20,12,8,0,0,0
19,327,District - Darjiling  (01),Rural,Age not stated,1037,594,443,521,324,197,441,243,198,60,15,45,9,7,2,6,5,1,0,0,0
19,327,District - Darjiling  (01),Rural,Less than 18,379732,193289,186443,373634,191476,182158,5697,1688,4009,205,52,153,166,63,103,30,10,20,0,0,0
19,327,District - Darjiling  (01),Rural,Less than 21,455060,231213,223847,430488,225492,204996,23836,5499,18337,329,88,241,325,112,213,82,22,60,0,0,0
19,327,District - Darjiling  (01),Urban,All ages,727963,370294,357669,328673,181400,147273,358798,180491,178307,35261,6458,28803,3795,1380,2415,1436,565,871,0,0,0
19,327,District - Darjiling  (01),Urban,0-9,102819,53195,49624,102819,53195,49624,0,0,0,0,0,0,0,0,0,0,0,0,0,0,0
19,327,District - Darjiling  (01),Urban,10-14,70092,36085,34007,68894,35670,33224,1101,381,720,46,9,37,43,22,21,8,3,5,0,0,0
19,327,District - Darjiling  (01),Urban,15-19,68062,35039,33023,61420,33807,27613,6450,1186,5264,101,18,83,71,19,52,20,9,11,0,0,0
19,327,District - Darjiling  (01),Urban,20-24,68915,33685,35230,42417,26138,16279,25886,7329,18557,233,61,172,258,96,162,121,61,60,0,0,0
19,327,District - Darjiling  (01),Urban,25-29,70897,34470,36427,24102,15948,8154,45747,18237,27510,483,102,381,409,138,271,156,45,111,0,0,0
19,327,District - Darjiling  (01),Urban,30-34,63606,31425,32181,10723,6780,3943,51278,24240,27038,881,159,722,537,186,351,187,60,127,0,0,0
19,327,District - Darjiling  (01),Urban,35-39,61982,30415,31567,5971,3488,2483,53457,26387,27070,1686,238,1448,605,203,402,263,99,164,0,0,0
19,327,District - Darjiling  (01),Urban,40-44,52760,27445,25315,3679,2062,1617,45854,24745,21109,2407,327,2080,602,213,389,218,98,120,0,0,0
19,327,District - Darjiling  (01),Urban,45-49,45341,23608,21733,2504,1299,1205,39146,21666,17480,3093,418,2675,437,165,272,161,60,101,0,0,0
19,327,District - Darjiling  (01),Urban,50-54,36459,19600,16859,1776,870,906,30360,17972,12388,3888,591,3297,308,117,191,127,50,77,0,0,0
19,327,District - Darjiling  (01),Urban,55-59,26683,14210,12473,1153,542,611,21333,12915,8418,3919,632,3287,211,84,127,67,37,30,0,0,0
19,327,District - Darjiling  (01),Urban,60-64,21550,11081,10469,885,387,498,15693,9841,5852,4781,777,4004,146,57,89,45,19,26,0,0,0
19,327,District - Darjiling  (01),Urban,65-69,14474,7714,6760,578,272,306,9795,6635,3160,4001,758,3243,73,35,38,27,14,13,0,0,0
19,327,District - Darjiling  (01),Urban,70-74,10462,5415,5047,401,188,213,6114,4349,1765,3883,850,3033,44,21,23,20,7,13,0,0,0
19,327,District - Darjiling  (01),Urban,75-79,5789,2975,2814,202,87,115,3042,2258,784,2522,620,1902,18,9,9,5,1,4,0,0,0
19,327,District - Darjiling  (01),Urban,80+,6774,3274,3500,525,312,213,2925,2058,867,3286,888,2398,30,14,16,8,2,6,0,0,0
19,327,District - Darjiling  (01),Urban,Age not stated,1298,658,640,624,355,269,617,292,325,51,10,41,3,1,2,3,0,3,0,0,0
19,327,District - Darjiling  (01),Urban,Less than 18,212962,110154,102808,209387,109174,100213,3374,919,2455,108,20,88,78,35,43,15,6,9,0,0,0
19,327,District - Darjiling  (01),Urban,Less than 21,255994,131604,124390,243838,129002,114836,11769,2491,9278,200,42,158,143,51,92,44,18,26,0,0,0
19,328,District - Jalpaiguri  (02),Total,All ages,3872846,1983064,1889782,1826736,1026104,800632,1822034,909973,912061,203242,40425,162817,15592,4823,10769,5242,1739,3503,0,0,0
19,328,District - Jalpaiguri  (02),Total,0-9,679742,347531,332211,679742,347531,332211,0,0,0,0,0,0,0,0,0,0,0,0,0,0,0
19,328,District - Jalpaiguri  (02),Total,10-14,406444,206398,200046,400395,204147,196248,5581,2087,3494,270,87,183,175,70,105,23,7,16,0,0,0
19,328,District - Jalpaiguri  (02),Total,15-19,418483,213181,205302,370117,205206,164911,47179,7659,39520,695,162,533,389,132,257,103,22,81,0,0,0
19,328,District - Jalpaiguri  (02),Total,20-24,406785,204429,202356,215339,150459,64880,188068,53239,134829,1615,384,1231,1272,262,1010,491,85,406,0,0,0
19,328,District - Jalpaiguri  (02),Total,25-29,348053,178839,169214,88801,69135,19666,253382,108209,145173,3290,821,2469,1866,476,1390,714,198,516,0,0,0
19,328,District - Jalpaiguri  (02),Total,30-34,260607,133551,127056,30172,23147,7025,223206,108590,114616,4617,1044,3573,1940,549,1391,672,221,451,0,0,0
19,328,District - Jalpaiguri  (02),Total,35-39,280678,139301,141377,15001,10244,4757,253727,126267,127460,8895,1811,7084,2207,687,1520,848,292,556,0,0,0
19,328,District - Jalpaiguri  (02),Total,40-44,263429,132235,131194,8400,5258,3142,237328,123590,113738,14795,2510,12285,2143,616,1527,763,261,502,0,0,0
19,328,District - Jalpaiguri  (02),Total,45-49,230735,119466,111269,5401,3216,2185,202767,111792,90975,20104,3684,16420,1831,541,1290,632,233,399,0,0,0
19,328,District - Jalpaiguri  (02),Total,50-54,179013,98427,80586,3524,2003,1521,149768,91450,58318,24016,4406,19610,1287,407,880,418,161,257,0,0,0
19,328,District - Jalpaiguri  (02),Total,55-59,129912,70949,58963,2264,1314,950,102659,64615,38044,23884,4606,19278,898,332,566,207,82,125,0,0,0
19,328,District - Jalpaiguri  (02),Total,60-64,100521,52786,47735,1798,1057,741,68696,46185,22511,29195,5224,23971,665,250,415,167,70,97,0,0,0
19,328,District - Jalpaiguri  (02),Total,65-69,68820,35423,33397,1341,764,577,41701,29592,12109,25245,4804,20441,441,217,224,92,46,46,0,0,0
19,328,District - Jalpaiguri  (02),Total,70-74,44061,22459,21602,700,404,296,23403,17820,5583,19689,4093,15596,215,115,100,54,27,27,0,0,0
19,328,District - Jalpaiguri  (02),Total,75-79,24475,12553,11922,377,222,155,11737,9332,2405,12214,2910,9304,126,77,49,21,12,9,0,0,0
19,328,District - Jalpaiguri  (02),Total,80+,28865,14296,14569,2135,1225,910,11999,9120,2879,14567,3841,10726,128,88,40,36,22,14,0,0,0
19,328,District - Jalpaiguri  (02),Total,Age not stated,2223,1240,983,1229,772,457,833,426,407,151,38,113,9,4,5,1,0,1,0,0,0
19,328,District - Jalpaiguri  (02),Total,Less than 18,1331227,679369,651858,1311596,674032,637564,18563,5003,13560,680,180,500,337,139,198,51,15,36,0,0,0
19,328,District - Jalpaiguri  (02),Total,Less than 21,1599393,813382,786011,1511009,796785,714224,86185,16018,70167,1223,301,922,775,242,533,201,36,165,0,0,0
19,328,District - Jalpaiguri  (02),Rural,All ages,2812495,1437286,1375209,1363272,760611,602661,1287762,639969,647793,146890,31933,114957,10778,3431,7347,3793,1342,2451,0,0,0
19,328,District - Jalpaiguri  (02),Rural,0-9,515437,263242,252195,515437,263242,252195,0,0,0,0,0,0,0,0,0,0,0,0,0,0,0
19,328,District - Jalpaiguri  (02),Rural,10-14,308351,156282,152069,303928,154642,149286,4070,1501,2569,209,74,135,130,60,70,14,5,9,0,0,0
19,328,District - Jalpaiguri  (02),Rural,15-19,318503,161810,156693,282051,155743,126308,35580,5827,29753,516,125,391,275,100,175,81,15,66,0,0,0
19,328,District - Jalpaiguri  (02),Rural,20-24,302332,152584,149748,157426,110783,46643,142417,41239,101178,1215,311,904,899,182,717,375,69,306,0,0,0
19,328,District - Jalpaiguri  (02),Rural,25-29,246230,126927,119303,59209,45982,13227,182727,79773,102954,2521,672,1849,1268,352,916,505,148,357,0,0,0
19,328,District - Jalpaiguri  (02),Rural,30-34,176719,90347,86372,18629,13879,4750,152937,75100,77837,3394,824,2570,1287,371,916,472,173,299,0,0,0
19,328,District - Jalpaiguri  (02),Rural,35-39,194264,95684,98580,9337,6073,3264,176209,87401,88808,6631,1506,5125,1496,481,1015,591,223,368,0,0,0
19,328,District - Jalpaiguri  (02),Rural,40-44,187406,92668,94738,5340,3231,2109,168837,86709,82128,11220,2115,9105,1467,418,1049,542,195,347,0,0,0
19,328,District - Jalpaiguri  (02),Rural,45-49,163662,84352,79310,3460,2052,1408,143370,78661,64709,15113,3083,12030,1251,375,876,468,181,287,0,0,0
19,328,District - Jalpaiguri  (02),Rural,50-54,126555,69680,56875,2236,1300,936,105282,64311,40971,17828,3642,14186,896,303,593,313,124,189,0,0,0
19,328,District - Jalpaiguri  (02),Rural,55-59,90945,49654,41291,1371,824,547,71252,44803,26449,17526,3733,13793,637,228,409,159,66,93,0,0,0
19,328,District - Jalpaiguri  (02),Rural,60-64,69287,36303,32984,1146,684,462,46454,31280,15174,21082,4108,16974,489,183,306,116,48,68,0,0,0
19,328,District - Jalpaiguri  (02),Rural,65-69,46557,23869,22688,868,513,355,27403,19479,7924,17892,3671,14221,321,164,157,73,42,31,0,0,0
19,328,District - Jalpaiguri  (02),Rural,70-74,29364,14973,14391,415,248,167,15153,11518,3635,13587,3098,10489,166,85,81,43,24,19,0,0,0
19,328,District - Jalpaiguri  (02),Rural,75-79,16404,8479,7925,207,118,89,7689,6125,1564,8398,2167,6231,97,60,37,13,9,4,0,0,0
19,328,District - Jalpaiguri  (02),Rural,80+,19114,9677,9437,1449,829,620,7894,5989,1905,9650,2773,6877,94,66,28,27,20,7,0,0,0
19,328,District - Jalpaiguri  (02),Rural,Age not stated,1365,755,610,763,468,295,488,253,235,108,31,77,5,3,2,1,0,1,0,0,0
19,328,District - Jalpaiguri  (02),Rural,Less than 18,1010844,514848,495996,996360,510908,485452,13702,3678,10024,507,144,363,239,107,132,36,11,25,0,0,0
19,328,District - Jalpaiguri  (02),Rural,Less than 21,1213766,616469,597297,1147179,603804,543375,64980,12221,52759,910,233,677,546,185,361,151,26,125,0,0,0
19,328,District - Jalpaiguri  (02),Urban,All ages,1060351,545778,514573,463464,265493,197971,534272,270004,264268,56352,8492,47860,4814,1392,3422,1449,397,1052,0,0,0
19,328,District - Jalpaiguri  (02),Urban,0-9,164305,84289,80016,164305,84289,80016,0,0,0,0,0,0,0,0,0,0,0,0,0,0,0
19,328,District - Jalpaiguri  (02),Urban,10-14,98093,50116,47977,96467,49505,46962,1511,586,925,61,13,48,45,10,35,9,2,7,0,0,0
19,328,District - Jalpaiguri  (02),Urban,15-19,99980,51371,48609,88066,49463,38603,11599,1832,9767,179,37,142,114,32,82,22,7,15,0,0,0
19,328,District - Jalpaiguri  (02),Urban,20-24,104453,51845,52608,57913,39676,18237,45651,12000,33651,400,73,327,373,80,293,116,16,100,0,0,0
19,328,District - Jalpaiguri  (02),Urban,25-29,101823,51912,49911,29592,23153,6439,70655,28436,42219,769,149,620,598,124,474,209,50,159,0,0,0
19,328,District - Jalpaiguri  (02),Urban,30-34,83888,43204,40684,11543,9268,2275,70269,33490,36779,1223,220,1003,653,178,475,200,48,152,0,0,0
19,328,District - Jalpaiguri  (02),Urban,35-39,86414,43617,42797,5664,4171,1493,77518,38866,38652,2264,305,1959,711,206,505,257,69,188,0,0,0
19,328,District - Jalpaiguri  (02),Urban,40-44,76023,39567,36456,3060,2027,1033,68491,36881,31610,3575,395,3180,676,198,478,221,66,155,0,0,0
19,328,District - Jalpaiguri  (02),Urban,45-49,67073,35114,31959,1941,1164,777,59397,33131,26266,4991,601,4390,580,166,414,164,52,112,0,0,0
19,328,District - Jalpaiguri  (02),Urban,50-54,52458,28747,23711,1288,703,585,44486,27139,17347,6188,764,5424,391,104,287,105,37,68,0,0,0
19,328,District - Jalpaiguri  (02),Urban,55-59,38967,21295,17672,893,490,403,31407,19812,11595,6358,873,5485,261,104,157,48,16,32,0,0,0
19,328,District - Jalpaiguri  (02),Urban,60-64,31234,16483,14751,652,373,279,22242,14905,7337,8113,1116,6997,176,67,109,51,22,29,0,0,0
19,328,District - Jalpaiguri  (02),Urban,65-69,22263,11554,10709,473,251,222,14298,10113,4185,7353,1133,6220,120,53,67,19,4,15,0,0,0
19,328,District - Jalpaiguri  (02),Urban,70-74,14697,7486,7211,285,156,129,8250,6302,1948,6102,995,5107,49,30,19,11,3,8,0,0,0
19,328,District - Jalpaiguri  (02),Urban,75-79,8071,4074,3997,170,104,66,4048,3207,841,3816,743,3073,29,17,12,8,3,5,0,0,0
19,328,District - Jalpaiguri  (02),Urban,80+,9751,4619,5132,686,396,290,4105,3131,974,4917,1068,3849,34,22,12,9,2,7,0,0,0
19,328,District - Jalpaiguri  (02),Urban,Age not stated,858,485,373,466,304,162,345,173,172,43,7,36,4,1,3,0,0,0,0,0,0
19,328,District - Jalpaiguri  (02),Urban,Less than 18,320383,164521,155862,315236,163124,152112,4861,1325,3536,173,36,137,98,32,66,15,4,11,0,0,0
19,328,District - Jalpaiguri  (02),Urban,Less than 21,385627,196913,188714,363830,192981,170849,21205,3797,17408,313,68,245,229,57,172,50,10,40,0,0,0
19,329,District - Koch Bihar  (03),Total,All ages,2819086,1451542,1367544,1267200,736838,530362,1397150,693450,703700,142392,18096,124296,9998,2541,7457,2346,617,1729,0,0,0
19,329,District - Koch Bihar  (03),Total,0-9,505170,259122,246048,505170,259122,246048,0,0,0,0,0,0,0,0,0,0,0,0,0,0,0
19,329,District - Koch Bihar  (03),Total,10-14,299043,152091,146952,294004,150278,143726,4650,1665,2985,218,67,151,151,74,77,20,7,13,0,0,0
19,329,District - Koch Bihar  (03),Total,15-19,295924,155156,140768,247288,148378,98910,47701,6573,41128,567,111,456,294,85,209,74,9,65,0,0,0
19,329,District - Koch Bihar  (03),Total,20-24,280811,145285,135526,131115,104242,26873,147705,40681,107024,938,180,758,830,148,682,223,34,189,0,0,0
19,329,District - Koch Bihar  (03),Total,25-29,242372,126075,116297,53555,46912,6643,185804,78605,107199,1654,295,1359,1063,210,853,296,53,243,0,0,0
19,329,District - Koch Bihar  (03),Total,30-34,186298,94876,91422,16872,14612,2260,165729,79648,86081,2351,331,2020,1043,203,840,303,82,221,0,0,0
19,329,District - Koch Bihar  (03),Total,35-39,203866,101156,102710,7036,5622,1414,190643,94633,96010,4510,528,3982,1336,286,1050,341,87,254,0,0,0
19,329,District - Koch Bihar  (03),Total,40-44,194647,97663,96984,3236,2321,915,181261,94060,87201,8312,871,7441,1502,335,1167,336,76,260,0,0,0
19,329,District - Koch Bihar  (03),Total,45-49,159835,82956,76879,1982,1262,720,145401,80244,65157,11019,1110,9909,1183,267,916,250,73,177,0,0,0
19,329,District - Koch Bihar  (03),Total,50-54,135761,74615,61146,1224,745,479,117768,71893,45875,15666,1664,14002,921,255,666,182,58,124,0,0,0
19,329,District - Koch Bihar  (03),Total,55-59,96738,52746,43992,745,425,320,78682,50285,28397,16600,1811,14789,576,172,404,135,53,82,0,0,0
19,329,District - Koch Bihar  (03),Total,60-64,80714,41846,38868,826,422,404,56672,38819,17853,22702,2427,20275,442,146,296,72,32,40,0,0,0
19,329,District - Koch Bihar  (03),Total,65-69,54612,27319,27293,667,377,290,33731,24365,9366,19883,2428,17455,281,123,158,50,26,24,0,0,0
19,329,District - Koch Bihar  (03),Total,70-74,35869,17535,18334,350,196,154,19536,14994,4542,15794,2233,13561,162,99,63,27,13,14,0,0,0
19,329,District - Koch Bihar  (03),Total,75-79,20344,9985,10359,237,139,98,10182,8160,2022,9813,1622,8191,96,59,37,16,5,11,0,0,0
19,329,District - Koch Bihar  (03),Total,80+,24723,11773,12950,1564,920,644,10824,8366,2458,12205,2400,9805,110,78,32,20,9,11,0,0,0
19,329,District - Koch Bihar  (03),Total,Age not stated,2359,1343,1016,1329,865,464,861,459,402,160,18,142,8,1,7,1,0,1,0,0,0
19,329,District - Koch Bihar  (03),Total,Less than 18,977708,502564,475144,958189,498129,460060,18609,4176,14433,583,127,456,276,119,157,51,13,38,0,0,0
19,329,District - Koch Bihar  (03),Total,Less than 21,1168549,600255,568294,1084475,586228,498247,82352,13623,68729,977,196,781,611,185,426,134,23,111,0,0,0
19,329,District - Koch Bihar  (03),Rural,All ages,2529652,1304916,1224736,1149294,668412,480882,1244953,617755,627198,124715,15949,108766,8763,2267,6496,1927,533,1394,0,0,0
19,329,District - Koch Bihar  (03),Rural,0-9,467455,239634,227821,467455,239634,227821,0,0,0,0,0,0,0,0,0,0,0,0,0,0,0
19,329,District - Koch Bihar  (03),Rural,10-14,275827,140265,135562,271272,138643,132629,4199,1487,2712,204,65,139,135,65,70,17,5,12,0,0,0
19,329,District - Koch Bihar  (03),Rural,15-19,271242,142670,128572,225549,136333,89216,44853,6147,38706,508,105,403,267,77,190,65,8,57,0,0,0
19,329,District - Koch Bihar  (03),Rural,20-24,253607,132034,121573,114704,93409,21295,137141,38299,98842,837,160,677,740,136,604,185,30,155,0,0,0
19,329,District - Koch Bihar  (03),Rural,25-29,215634,112790,102844,44129,39589,4540,168854,72700,96154,1467,262,1205,934,192,742,250,47,203,0,0,0
19,329,District - Koch Bihar  (03),Rural,30-34,163082,83498,79584,12635,11196,1439,147271,71763,75508,2050,292,1758,877,177,700,249,70,179,0,0,0
19,329,District - Koch Bihar  (03),Rural,35-39,179492,89035,90457,4972,4047,925,169172,84219,84953,3936,452,3484,1130,238,892,282,79,203,0,0,0
19,329,District - Koch Bihar  (03),Rural,40-44,172172,86417,85755,2168,1622,546,161080,83653,77427,7336,773,6563,1323,304,1019,265,65,200,0,0,0
19,329,District - Koch Bihar  (03),Rural,45-49,139514,72542,66972,1239,825,414,127489,70457,57032,9561,960,8601,1025,240,785,200,60,140,0,0,0
19,329,District - Koch Bihar  (03),Rural,50-54,118661,65315,53346,749,494,255,103160,63063,40097,13801,1494,12307,810,218,592,141,46,95,0,0,0
19,329,District - Koch Bihar  (03),Rural,55-59,83619,45490,38129,418,263,155,67955,43413,24542,14610,1611,12999,522,156,366,114,47,67,0,0,0
19,329,District - Koch Bihar  (03),Rural,60-64,70519,36481,34038,573,294,279,49209,33844,15365,20269,2181,18088,407,135,272,61,27,34,0,0,0
19,329,District - Koch Bihar  (03),Rural,65-69,47358,23714,23644,499,288,211,29016,21136,7880,17545,2152,15393,253,113,140,45,25,20,0,0,0
19,329,District - Koch Bihar  (03),Rural,70-74,30934,15111,15823,253,139,114,16777,12928,3849,13735,1941,11794,149,93,56,20,10,10,0,0,0
19,329,District - Koch Bihar  (03),Rural,75-79,17372,8555,8817,176,100,76,8688,6982,1706,8404,1413,6991,90,55,35,14,5,9,0,0,0
19,329,District - Koch Bihar  (03),Rural,80+,21109,10190,10919,1328,770,558,9360,7270,2090,10307,2073,8234,96,68,28,18,9,9,0,0,0
19,329,District - Koch Bihar  (03),Rural,Age not stated,2055,1175,880,1175,766,409,729,394,335,145,15,130,5,0,5,1,0,1,0,0,0
19,329,District - Koch Bihar  (03),Rural,Less than 18,902700,464039,438661,884576,459983,424593,17294,3816,13478,531,123,408,254,107,147,45,10,35,0,0,0
19,329,District - Koch Bihar  (03),Rural,Less than 21,1077001,553695,523306,998325,540595,457730,77127,12729,64398,886,187,699,548,166,382,115,18,97,0,0,0
19,329,District - Koch Bihar  (03),Urban,All ages,289434,146626,142808,117906,68426,49480,152197,75695,76502,17677,2147,15530,1235,274,961,419,84,335,0,0,0
19,329,District - Koch Bihar  (03),Urban,0-9,37715,19488,18227,37715,19488,18227,0,0,0,0,0,0,0,0,0,0,0,0,0,0,0
19,329,District - Koch Bihar  (03),Urban,10-14,23216,11826,11390,22732,11635,11097,451,178,273,14,2,12,16,9,7,3,2,1,0,0,0
19,329,District - Koch Bihar  (03),Urban,15-19,24682,12486,12196,21739,12045,9694,2848,426,2422,59,6,53,27,8,19,9,1,8,0,0,0
19,329,District - Koch Bihar  (03),Urban,20-24,27204,13251,13953,16411,10833,5578,10564,2382,8182,101,20,81,90,12,78,38,4,34,0,0,0
19,329,District - Koch Bihar  (03),Urban,25-29,26738,13285,13453,9426,7323,2103,16950,5905,11045,187,33,154,129,18,111,46,6,40,0,0,0
19,329,District - Koch Bihar  (03),Urban,30-34,23216,11378,11838,4237,3416,821,18458,7885,10573,301,39,262,166,26,140,54,12,42,0,0,0
19,329,District - Koch Bihar  (03),Urban,35-39,24374,12121,12253,2064,1575,489,21471,10414,11057,574,76,498,206,48,158,59,8,51,0,0,0
19,329,District - Koch Bihar  (03),Urban,40-44,22475,11246,11229,1068,699,369,20181,10407,9774,976,98,878,179,31,148,71,11,60,0,0,0
19,329,District - Koch Bihar  (03),Urban,45-49,20321,10414,9907,743,437,306,17912,9787,8125,1458,150,1308,158,27,131,50,13,37,0,0,0
19,329,District - Koch Bihar  (03),Urban,50-54,17100,9300,7800,475,251,224,14608,8830,5778,1865,170,1695,111,37,74,41,12,29,0,0,0
19,329,District - Koch Bihar  (03),Urban,55-59,13119,7256,5863,327,162,165,10727,6872,3855,1990,200,1790,54,16,38,21,6,15,0,0,0
19,329,District - Koch Bihar  (03),Urban,60-64,10195,5365,4830,253,128,125,7463,4975,2488,2433,246,2187,35,11,24,11,5,6,0,0,0
19,329,District - Koch Bihar  (03),Urban,65-69,7254,3605,3649,168,89,79,4715,3229,1486,2338,276,2062,28,10,18,5,1,4,0,0,0
19,329,District - Koch Bihar  (03),Urban,70-74,4935,2424,2511,97,57,40,2759,2066,693,2059,292,1767,13,6,7,7,3,4,0,0,0
19,329,District - Koch Bihar  (03),Urban,75-79,2972,1430,1542,61,39,22,1494,1178,316,1409,209,1200,6,4,2,2,0,2,0,0,0
19,329,District - Koch Bihar  (03),Urban,80+,3614,1583,2031,236,150,86,1464,1096,368,1898,327,1571,14,10,4,2,0,2,0,0,0
19,329,District - Koch Bihar  (03),Urban,Age not stated,304,168,136,154,99,55,132,65,67,15,3,12,3,1,2,0,0,0,0,0,0
19,329,District - Koch Bihar  (03),Urban,Less than 18,75008,38525,36483,73613,38146,35467,1315,360,955,52,4,48,22,12,10,6,3,3,0,0,0
19,329,District - Koch Bihar  (03),Urban,Less than 21,91548,46560,44988,86150,45633,40517,5225,894,4331,91,9,82,63,19,44,19,5,14,0,0,0
19,330,District - Uttar Dinajpur (04),Total,All ages,3007134,1551066,1456068,1592164,890889,701275,1291690,640811,650879,113030,17096,95934,6483,1459,5024,3767,811,2956,0,0,0
19,330,District - Uttar Dinajpur (04),Total,0-9,718929,368699,350230,718929,368699,350230,0,0,0,0,0,0,0,0,0,0,0,0,0,0,0
19,330,District - Uttar Dinajpur (04),Total,10-14,396320,202042,194278,390458,199886,190572,5460,2007,3453,208,62,146,156,70,86,38,17,21,0,0,0
19,330,District - Uttar Dinajpur (04),Total,15-19,313924,165132,148792,274756,158713,116043,38325,6210,32115,443,106,337,249,83,166,151,20,131,0,0,0
19,330,District - Uttar Dinajpur (04),Total,20-24,260807,135557,125250,127791,98499,29292,131085,36686,94399,888,179,709,594,126,468,449,67,382,0,0,0
19,330,District - Uttar Dinajpur (04),Total,25-29,226053,113360,112693,47249,40331,6918,175704,72489,103215,1760,307,1453,747,130,617,593,103,490,0,0,0
19,330,District - Uttar Dinajpur (04),Total,30-34,191617,95013,96604,15740,13228,2512,171838,81119,90719,2756,415,2341,771,149,622,512,102,410,0,0,0
19,330,District - Uttar Dinajpur (04),Total,35-39,197364,99623,97741,6784,5174,1610,184736,93620,91116,4388,552,3836,889,153,736,567,124,443,0,0,0
19,330,District - Uttar Dinajpur (04),Total,40-44,173989,92681,81308,3132,2158,974,162361,89471,72890,7169,777,6392,836,165,671,491,110,381,0,0,0
19,330,District - Uttar Dinajpur (04),Total,45-49,141889,74903,66986,1558,1028,530,130490,72638,57852,8889,1031,7858,624,132,492,328,74,254,0,0,0
19,330,District - Uttar Dinajpur (04),Total,50-54,113510,62295,51215,1039,592,447,100050,60136,39914,11624,1382,10242,552,120,432,245,65,180,0,0,0
19,330,District - Uttar Dinajpur (04),Total,55-59,82754,43890,38864,634,343,291,69978,41841,28137,11670,1588,10082,343,83,260,129,35,94,0,0,0
19,330,District - Uttar Dinajpur (04),Total,60-64,74055,38634,35421,752,386,366,54430,35673,18757,18465,2464,16001,293,74,219,115,37,78,0,0,0
19,330,District - Uttar Dinajpur (04),Total,65-69,50582,26163,24419,594,303,291,33006,23223,9783,16722,2556,14166,189,56,133,71,25,46,0,0,0
19,330,District - Uttar Dinajpur (04),Total,70-74,31819,16324,15495,373,184,189,18058,13724,4334,13231,2349,10882,121,51,70,36,16,20,0,0,0
19,330,District - Uttar Dinajpur (04),Total,75-79,13873,6991,6882,209,118,91,7340,5581,1759,6257,1257,5000,51,27,24,16,8,8,0,0,0
19,330,District - Uttar Dinajpur (04),Total,80+,18562,9173,9389,1515,883,632,8439,6179,2260,8520,2064,6456,66,40,26,22,7,15,0,0,0
19,330,District - Uttar Dinajpur (04),Total,Age not stated,1087,586,501,651,364,287,390,214,176,40,7,33,2,0,2,4,1,3,0,0,0
19,330,District - Uttar Dinajpur (04),Total,Less than 18,1307110,671629,635481,1289838,666684,623154,16404,4666,11738,500,134,366,269,117,152,99,28,71,0,0,0
19,330,District - Uttar Dinajpur (04),Total,Less than 21,1503193,773752,729441,1428687,759666,669021,72790,13633,59157,860,207,653,560,189,371,296,57,239,0,0,0
19,330,District - Uttar Dinajpur (04),Rural,All ages,2644906,1362469,1282437,1417061,789270,627791,1123367,556843,566524,95700,14469,81231,5384,1177,4207,3394,710,2684,0,0,0
19,330,District - Uttar Dinajpur (04),Rural,0-9,653374,334865,318509,653374,334865,318509,0,0,0,0,0,0,0,0,0,0,0,0,0,0,0
19,330,District - Uttar Dinajpur (04),Rural,10-14,355686,180295,175391,350558,178426,172132,4783,1738,3045,172,52,120,136,62,74,37,17,20,0,0,0
19,330,District - Uttar Dinajpur (04),Rural,15-19,281105,147386,133719,245480,141581,103899,34866,5625,29241,404,94,310,215,70,145,140,16,124,0,0,0
19,330,District - Uttar Dinajpur (04),Rural,20-24,227650,118761,108889,107888,84765,23123,118100,33660,84440,746,161,585,494,111,383,422,64,358,0,0,0
19,330,District - Uttar Dinajpur (04),Rural,25-29,194678,98082,96596,36971,32443,4528,155069,65181,89888,1480,255,1225,606,108,498,552,95,457,0,0,0
19,330,District - Uttar Dinajpur (04),Rural,30-34,162240,80413,81827,11155,9534,1621,147765,70340,77425,2239,338,1901,631,114,517,450,87,363,0,0,0
19,330,District - Uttar Dinajpur (04),Rural,35-39,168362,84734,83628,4496,3432,1064,158995,80643,78352,3642,447,3195,732,110,622,497,102,395,0,0,0
19,330,District - Uttar Dinajpur (04),Rural,40-44,149079,79055,70024,1937,1327,610,140005,76866,63139,6020,640,5380,682,127,555,435,95,340,0,0,0
19,330,District - Uttar Dinajpur (04),Rural,45-49,121998,64276,57722,899,587,312,112766,62666,50100,7515,847,6668,528,111,417,290,65,225,0,0,0
19,330,District - Uttar Dinajpur (04),Rural,50-54,97206,53309,43897,601,333,268,86055,51669,34386,9884,1161,8723,446,89,357,220,57,163,0,0,0
19,330,District - Uttar Dinajpur (04),Rural,55-59,70772,37339,33433,363,193,170,60152,35714,24438,9859,1336,8523,282,65,217,116,31,85,0,0,0
19,330,District - Uttar Dinajpur (04),Rural,60-64,63985,33274,30711,521,253,268,47108,30822,16286,16001,2110,13891,252,58,194,103,31,72,0,0,0
19,330,District - Uttar Dinajpur (04),Rural,65-69,43600,22549,21051,435,206,229,28558,20085,8473,14382,2191,12191,165,47,118,60,20,40,0,0,0
19,330,District - Uttar Dinajpur (04),Rural,70-74,27098,13964,13134,286,135,151,15412,11733,3679,11255,2037,9218,111,45,66,34,14,20,0,0,0
19,330,District - Uttar Dinajpur (04),Rural,75-79,11468,5811,5657,166,88,78,6150,4638,1512,5092,1053,4039,46,24,22,14,8,6,0,0,0
19,330,District - Uttar Dinajpur (04),Rural,80+,15607,7812,7795,1318,759,559,7234,5269,1965,6977,1741,5236,57,36,21,21,7,14,0,0,0
19,330,District - Uttar Dinajpur (04),Rural,Age not stated,998,544,454,613,343,270,349,194,155,32,6,26,1,0,1,3,1,2,0,0,0
19,330,District - Uttar Dinajpur (04),Rural,Less than 18,1181586,605469,576117,1166112,601070,565042,14700,4153,10547,444,116,328,239,103,136,91,27,64,0,0,0
19,330,District - Uttar Dinajpur (04),Rural,Less than 21,1355783,696176,659607,1288180,683453,604727,66091,12326,53765,743,179,564,488,165,323,281,53,228,0,0,0
19,330,District - Uttar Dinajpur (04),Urban,All ages,362228,188597,173631,175103,101619,73484,168323,83968,84355,17330,2627,14703,1099,282,817,373,101,272,0,0,0
19,330,District - Uttar Dinajpur (04),Urban,0-9,65555,33834,31721,65555,33834,31721,0,0,0,0,0,0,0,0,0,0,0,0,0,0,0
19,330,District - Uttar Dinajpur (04),Urban,10-14,40634,21747,18887,39900,21460,18440,677,269,408,36,10,26,20,8,12,1,0,1,0,0,0
19,330,District - Uttar Dinajpur (04),Urban,15-19,32819,17746,15073,29276,17132,12144,3459,585,2874,39,12,27,34,13,21,11,4,7,0,0,0
19,330,District - Uttar Dinajpur (04),Urban,20-24,33157,16796,16361,19903,13734,6169,12985,3026,9959,142,18,124,100,15,85,27,3,24,0,0,0
19,330,District - Uttar Dinajpur (04),Urban,25-29,31375,15278,16097,10278,7888,2390,20635,7308,13327,280,52,228,141,22,119,41,8,33,0,0,0
19,330,District - Uttar Dinajpur (04),Urban,30-34,29377,14600,14777,4585,3694,891,24073,10779,13294,517,77,440,140,35,105,62,15,47,0,0,0
19,330,District - Uttar Dinajpur (04),Urban,35-39,29002,14889,14113,2288,1742,546,25741,12977,12764,746,105,641,157,43,114,70,22,48,0,0,0
19,330,District - Uttar Dinajpur (04),Urban,40-44,24910,13626,11284,1195,831,364,22356,12605,9751,1149,137,1012,154,38,116,56,15,41,0,0,0
19,330,District - Uttar Dinajpur (04),Urban,45-49,19891,10627,9264,659,441,218,17724,9972,7752,1374,184,1190,96,21,75,38,9,29,0,0,0
19,330,District - Uttar Dinajpur (04),Urban,50-54,16304,8986,7318,438,259,179,13995,8467,5528,1740,221,1519,106,31,75,25,8,17,0,0,0
19,330,District - Uttar Dinajpur (04),Urban,55-59,11982,6551,5431,271,150,121,9826,6127,3699,1811,252,1559,61,18,43,13,4,9,0,0,0
19,330,District - Uttar Dinajpur (04),Urban,60-64,10070,5360,4710,231,133,98,7322,4851,2471,2464,354,2110,41,16,25,12,6,6,0,0,0
19,330,District - Uttar Dinajpur (04),Urban,65-69,6982,3614,3368,159,97,62,4448,3138,1310,2340,365,1975,24,9,15,11,5,6,0,0,0
19,330,District - Uttar Dinajpur (04),Urban,70-74,4721,2360,2361,87,49,38,2646,1991,655,1976,312,1664,10,6,4,2,2,0,0,0,0
19,330,District - Uttar Dinajpur (04),Urban,75-79,2405,1180,1225,43,30,13,1190,943,247,1165,204,961,5,3,2,2,0,2,0,0,0
19,330,District - Uttar Dinajpur (04),Urban,80+,2955,1361,1594,197,124,73,1205,910,295,1543,323,1220,9,4,5,1,0,1,0,0,0
19,330,District - Uttar Dinajpur (04),Urban,Age not stated,89,42,47,38,21,17,41,20,21,8,1,7,1,0,1,1,0,1,0,0,0
19,330,District - Uttar Dinajpur (04),Urban,Less than 18,125524,66160,59364,123726,65614,58112,1704,513,1191,56,18,38,30,14,16,8,1,7,0,0,0
19,330,District - Uttar Dinajpur (04),Urban,Less than 21,147410,77576,69834,140507,76213,64294,6699,1307,5392,117,28,89,72,24,48,15,4,11,0,0,0
19,331,District - Dakshin Dinajpur (05),Total,All ages,1676276,857199,819077,726090,419881,306209,852349,422328,430021,88156,12497,75659,6257,1604,4653,3424,889,2535,0,0,0
19,331,District - Dakshin Dinajpur (05),Total,0-9,284898,145460,139438,284898,145460,139438,0,0,0,0,0,0,0,0,0,0,0,0,0,0,0
19,331,District - Dakshin Dinajpur (05),Total,10-14,184947,94151,90796,181179,92762,88417,3511,1300,2211,156,44,112,79,35,44,22,10,12,0,0,0
19,331,District - Dakshin Dinajpur (05),Total,15-19,173247,91640,81607,142634,87340,55294,29802,4146,25656,432,81,351,246,56,190,133,17,116,0,0,0
19,331,District - Dakshin Dinajpur (05),Total,20-24,154886,78486,76400,67472,53937,13535,85709,24256,61453,752,132,620,559,100,459,394,61,333,0,0,0
19,331,District - Dakshin Dinajpur (05),Total,25-29,139305,70029,69276,27312,23702,3610,109533,45872,63661,1297,232,1065,677,124,553,486,99,387,0,0,0
19,331,District - Dakshin Dinajpur (05),Total,30-34,119348,58537,60811,9424,7959,1465,106618,49956,56662,1966,292,1674,810,189,621,530,141,389,0,0,0
19,331,District - Dakshin Dinajpur (05),Total,35-39,130156,63626,66530,4449,3373,1076,120743,59389,61354,3513,481,3032,919,231,688,532,152,380,0,0,0
19,331,District - Dakshin Dinajpur (05),Total,40-44,116812,60862,55950,2397,1684,713,107802,58243,49559,5371,613,4758,800,197,603,442,125,317,0,0,0
19,331,District - Dakshin Dinajpur (05),Total,45-49,99666,52664,47002,1445,900,545,90182,50722,39460,7090,796,6294,637,159,478,312,87,225,0,0,0
19,331,District - Dakshin Dinajpur (05),Total,50-54,78870,42785,36085,1026,578,448,68093,40923,27170,9022,1090,7932,521,130,391,208,64,144,0,0,0
19,331,District - Dakshin Dinajpur (05),Total,55-59,58572,31058,27514,727,406,321,48079,29306,18773,9306,1223,8083,330,81,249,130,42,88,0,0,0
19,331,District - Dakshin Dinajpur (05),Total,60-64,52288,26926,25362,659,328,331,36722,24749,11973,14510,1722,12788,282,85,197,115,42,73,0,0,0
19,331,District - Dakshin Dinajpur (05),Total,65-69,34945,17425,17520,427,197,230,21560,15389,6171,12728,1742,10986,178,80,98,52,17,35,0,0,0
19,331,District - Dakshin Dinajpur (05),Total,70-74,22706,11250,11456,267,142,125,12182,9386,2796,10119,1645,8474,112,66,46,26,11,15,0,0,0
19,331,District - Dakshin Dinajpur (05),Total,75-79,10612,5191,5421,133,87,46,5219,4119,1100,5205,950,4255,46,31,15,9,4,5,0,0,0
19,331,District - Dakshin Dinajpur (05),Total,80+,13430,6258,7172,922,563,359,5842,4206,1636,6582,1435,5147,55,38,17,29,16,13,0,0,0
19,331,District - Dakshin Dinajpur (05),Total,Age not stated,1588,851,737,719,463,256,752,366,386,107,19,88,6,2,4,4,1,3,0,0,0
19,331,District - Dakshin Dinajpur (05),Total,Less than 18,573014,294899,278115,559846,291730,268116,12492,2990,9502,420,94,326,184,66,118,72,19,53,0,0,0
19,331,District - Dakshin Dinajpur (05),Total,Less than 21,683467,350721,332746,629648,341540,288108,52373,8876,43497,752,155,597,455,111,344,239,39,200,0,0,0
19,331,District - Dakshin Dinajpur (05),Rural,All ages,1439981,737771,702210,631872,364907,266965,726352,359997,366355,73462,10711,62751,5231,1350,3881,3064,806,2258,0,0,0
19,331,District - Dakshin Dinajpur (05),Rural,0-9,255629,130467,125162,255629,130467,125162,0,0,0,0,0,0,0,0,0,0,0,0,0,0,0
19,331,District - Dakshin Dinajpur (05),Rural,10-14,164410,83879,80531,161164,82676,78488,3034,1122,1912,124,38,86,69,34,35,19,9,10,0,0,0
19,331,District - Dakshin Dinajpur (05),Rural,15-19,152425,80909,71516,124728,77062,47666,26978,3712,23266,371,68,303,217,50,167,131,17,114,0,0,0
19,331,District - Dakshin Dinajpur (05),Rural,20-24,134431,68429,66002,55471,45703,9768,77392,22450,54942,681,121,560,519,94,425,368,61,307,0,0,0
19,331,District - Dakshin Dinajpur (05),Rural,25-29,118964,60213,58751,20396,18193,2203,96401,41620,54781,1142,201,941,575,106,469,450,93,357,0,0,0
19,331,District - Dakshin Dinajpur (05),Rural,30-34,100325,49298,51027,6250,5295,955,91247,43471,47776,1699,240,1459,664,164,500,465,128,337,0,0,0
19,331,District - Dakshin Dinajpur (05),Rural,35-39,110373,53858,56515,2827,2144,683,103218,50946,52272,3093,439,2654,751,189,562,484,140,344,0,0,0
19,331,District - Dakshin Dinajpur (05),Rural,40-44,98377,51460,46917,1450,1033,417,91341,49611,41730,4533,537,3996,660,170,490,393,109,284,0,0,0
19,331,District - Dakshin Dinajpur (05),Rural,45-49,82755,43858,38897,841,540,301,75215,42451,32764,5908,680,5228,519,112,407,272,75,197,0,0,0
19,331,District - Dakshin Dinajpur (05),Rural,50-54,65171,35434,29737,518,310,208,56491,33998,22493,7575,962,6613,410,105,305,177,59,118,0,0,0
19,331,District - Dakshin Dinajpur (05),Rural,55-59,47661,25102,22559,368,218,150,38970,23707,15263,7931,1066,6865,279,71,208,113,40,73,0,0,0
19,331,District - Dakshin Dinajpur (05),Rural,60-64,43300,22185,21115,395,180,215,30085,20400,9685,12484,1496,10988,240,75,165,96,34,62,0,0,0
19,331,District - Dakshin Dinajpur (05),Rural,65-69,28469,14104,14365,262,117,145,17265,12380,4885,10746,1524,9222,151,66,85,45,17,28,0,0,0
19,331,District - Dakshin Dinajpur (05),Rural,70-74,18161,8993,9168,180,98,82,9614,7414,2200,8249,1416,6833,99,59,40,19,6,13,0,0,0
19,331,District - Dakshin Dinajpur (05),Rural,75-79,8119,4017,4102,92,57,35,3987,3145,842,3995,784,3211,38,28,10,7,3,4,0,0,0
19,331,District - Dakshin Dinajpur (05),Rural,80+,10164,4880,5284,742,452,290,4513,3267,1246,4850,1121,3729,37,26,11,22,14,8,0,0,0
19,331,District - Dakshin Dinajpur (05),Rural,Age not stated,1247,685,562,559,362,197,601,303,298,81,18,63,3,1,2,3,1,2,0,0,0
19,331,District - Dakshin Dinajpur (05),Rural,Less than 18,511198,263468,247730,499545,260686,238859,11070,2622,8448,355,80,275,160,62,98,68,18,50,0,0,0
19,331,District - Dakshin Dinajpur (05),Rural,Less than 21,608075,312503,295572,559379,304217,255162,47422,8014,39408,642,133,509,404,101,303,228,38,190,0,0,0
19,331,District - Dakshin Dinajpur (05),Urban,All ages,236295,119428,116867,94218,54974,39244,125997,62331,63666,14694,1786,12908,1026,254,772,360,83,277,0,0,0
19,331,District - Dakshin Dinajpur (05),Urban,0-9,29269,14993,14276,29269,14993,14276,0,0,0,0,0,0,0,0,0,0,0,0,0,0,0
19,331,District - Dakshin Dinajpur (05),Urban,10-14,20537,10272,10265,20015,10086,9929,477,178,299,32,6,26,10,1,9,3,1,2,0,0,0
19,331,District - Dakshin Dinajpur (05),Urban,15-19,20822,10731,10091,17906,10278,7628,2824,434,2390,61,13,48,29,6,23,2,0,2,0,0,0
19,331,District - Dakshin Dinajpur (05),Urban,20-24,20455,10057,10398,12001,8234,3767,8317,1806,6511,71,11,60,40,6,34,26,0,26,0,0,0
19,331,District - Dakshin Dinajpur (05),Urban,25-29,20341,9816,10525,6916,5509,1407,13132,4252,8880,155,31,124,102,18,84,36,6,30,0,0,0
19,331,District - Dakshin Dinajpur (05),Urban,30-34,19023,9239,9784,3174,2664,510,15371,6485,8886,267,52,215,146,25,121,65,13,52,0,0,0
19,331,District - Dakshin Dinajpur (05),Urban,35-39,19783,9768,10015,1622,1229,393,17525,8443,9082,420,42,378,168,42,126,48,12,36,0,0,0
19,331,District - Dakshin Dinajpur (05),Urban,40-44,18435,9402,9033,947,651,296,16461,8632,7829,838,76,762,140,27,113,49,16,33,0,0,0
19,331,District - Dakshin Dinajpur (05),Urban,45-49,16911,8806,8105,604,360,244,14967,8271,6696,1182,116,1066,118,47,71,40,12,28,0,0,0
19,331,District - Dakshin Dinajpur (05),Urban,50-54,13699,7351,6348,508,268,240,11602,6925,4677,1447,128,1319,111,25,86,31,5,26,0,0,0
19,331,District - Dakshin Dinajpur (05),Urban,55-59,10911,5956,4955,359,188,171,9109,5599,3510,1375,157,1218,51,10,41,17,2,15,0,0,0
19,331,District - Dakshin Dinajpur (05),Urban,60-64,8988,4741,4247,264,148,116,6637,4349,2288,2026,226,1800,42,10,32,19,8,11,0,0,0
19,331,District - Dakshin Dinajpur (05),Urban,65-69,6476,3321,3155,165,80,85,4295,3009,1286,1982,218,1764,27,14,13,7,0,7,0,0,0
19,331,District - Dakshin Dinajpur (05),Urban,70-74,4545,2257,2288,87,44,43,2568,1972,596,1870,229,1641,13,7,6,7,5,2,0,0,0
19,331,District - Dakshin Dinajpur (05),Urban,75-79,2493,1174,1319,41,30,11,1232,974,258,1210,166,1044,8,3,5,2,1,1,0,0,0
19,331,District - Dakshin Dinajpur (05),Urban,80+,3266,1378,1888,180,111,69,1329,939,390,1732,314,1418,18,12,6,7,2,5,0,0,0
19,331,District - Dakshin Dinajpur (05),Urban,Age not stated,341,166,175,160,101,59,151,63,88,26,1,25,3,1,2,1,0,1,0,0,0
19,331,District - Dakshin Dinajpur (05),Urban,Less than 18,61816,31431,30385,60301,31044,29257,1422,368,1054,65,14,51,24,4,20,4,1,3,0,0,0
19,331,District - Dakshin Dinajpur (05),Urban,Less than 21,75392,38218,37174,70269,37323,32946,4951,862,4089,110,22,88,51,10,41,11,1,10,0,0,0
19,332,District - Maldah  (06),Total,All ages,3988845,2051541,1937304,1978566,1112664,865902,1833694,912837,920857,160027,22533,137494,8750,1984,6766,7808,1523,6285,0,0,0
19,332,District - Maldah  (06),Total,0-9,891485,455752,435733,891485,455752,435733,0,0,0,0,0,0,0,0,0,0,0,0,0,0,0
19,332,District - Maldah  (06),Total,10-14,504830,257234,247596,496363,254216,242147,7936,2835,5101,268,67,201,192,90,102,71,26,45,0,0,0
19,332,District - Maldah  (06),Total,15-19,423386,222799,200587,344309,210772,133537,77587,11767,65820,710,121,589,412,107,305,368,32,336,0,0,0
19,332,District - Maldah  (06),Total,20-24,373432,190476,182956,151612,119896,31716,218549,70027,148522,1391,225,1166,919,176,743,961,152,809,0,0,0
19,332,District - Maldah  (06),Total,25-29,317871,161639,156232,53358,44504,8854,259789,116309,143480,2492,388,2104,1047,206,841,1185,232,953,0,0,0
19,332,District - Maldah  (06),Total,30-34,258444,130697,127747,17479,13639,3840,235312,116151,119161,3631,511,3120,967,178,789,1055,218,837,0,0,0
19,332,District - Maldah  (06),Total,35-39,267942,134130,133812,7951,5298,2653,251180,127587,123593,6485,782,5703,1193,235,958,1133,228,905,0,0,0
19,332,District - Maldah  (06),Total,40-44,237806,125743,112063,4287,2464,1823,220489,121761,98728,10902,1098,9804,1105,209,896,1023,211,812,0,0,0
19,332,District - Maldah  (06),Total,45-49,191091,101193,89898,2387,1260,1127,174379,98204,76175,12761,1380,11381,895,203,692,669,146,523,0,0,0
19,332,District - Maldah  (06),Total,50-54,154046,84388,69658,1735,825,910,134230,81337,52893,16819,1975,14844,705,148,557,557,103,454,0,0,0
19,332,District - Maldah  (06),Total,55-59,111462,58905,52557,1039,522,517,93104,56143,36961,16590,2100,14490,432,89,343,297,51,246,0,0,0
19,332,District - Maldah  (06),Total,60-64,98075,50256,47819,1073,483,590,71330,46612,24718,25064,3000,22064,391,115,276,217,46,171,0,0,0
19,332,District - Maldah  (06),Total,65-69,67923,33908,34015,863,430,433,43726,30186,13540,22975,3171,19804,213,82,131,146,39,107,0,0,0
19,332,District - Maldah  (06),Total,70-74,43904,21786,22118,512,231,281,24270,18304,5966,18911,3171,15740,141,65,76,70,15,55,0,0,0
19,332,District - Maldah  (06),Total,75-79,19220,9378,9842,262,122,140,9804,7334,2470,9076,1870,7206,60,39,21,18,13,5,0,0,0
19,332,District - Maldah  (06),Total,80+,25492,11970,13522,2390,1384,1006,11174,7883,3291,11822,2653,9169,73,41,32,33,9,24,0,0,0
19,332,District - Maldah  (06),Total,Age not stated,2436,1287,1149,1461,866,595,835,397,438,130,21,109,5,1,4,5,2,3,0,0,0
19,332,District - Maldah  (06),Total,Less than 18,1648196,848379,799817,1617056,841015,776041,29839,7041,22798,686,136,550,402,150,252,213,37,176,0,0,0
19,332,District - Maldah  (06),Total,Less than 21,1924288,986093,938195,1784340,960235,824105,137144,25276,111868,1314,256,1058,813,237,576,677,89,588,0,0,0
19,332,District - Maldah  (06),Rural,All ages,3447185,1768336,1678849,1719756,963622,756134,1577526,782358,795168,135738,19399,116339,7213,1616,5597,6952,1341,5611,0,0,0
19,332,District - Maldah  (06),Rural,0-9,783414,399036,384378,783414,399036,384378,0,0,0,0,0,0,0,0,0,0,0,0,0,0,0
19,332,District - Maldah  (06),Rural,10-14,450334,229325,221009,442870,226654,216216,7013,2515,4498,219,56,163,169,78,91,63,22,41,0,0,0
19,332,District - Maldah  (06),Rural,15-19,369380,195038,174342,298966,184273,114693,69117,10537,58580,609,105,504,356,96,260,332,27,305,0,0,0
19,332,District - Maldah  (06),Rural,20-24,319756,162530,157226,123508,99364,24144,193394,62683,130711,1211,197,1014,768,148,620,875,138,737,0,0,0
19,332,District - Maldah  (06),Rural,25-29,271870,137847,134023,41011,34651,6360,226853,102479,124374,2101,335,1766,837,167,670,1068,215,853,0,0,0
19,332,District - Maldah  (06),Rural,30-34,219309,110731,108578,12639,9797,2842,201833,100172,101661,3101,432,2669,809,145,664,927,185,742,0,0,0
19,332,District - Maldah  (06),Rural,35-39,227511,113433,114078,5714,3729,1985,214258,108644,105614,5536,668,4868,981,190,791,1022,202,820,0,0,0
19,332,District - Maldah  (06),Rural,40-44,201545,106226,95319,3042,1674,1368,187433,103264,84169,9274,936,8338,895,169,726,901,183,718,0,0,0
19,332,District - Maldah  (06),Rural,45-49,160782,84563,76219,1647,844,803,147214,82260,64954,10628,1184,9444,710,150,560,583,125,458,0,0,0
19,332,District - Maldah  (06),Rural,50-54,130142,71051,59091,1138,520,618,113862,68637,45225,14065,1681,12384,587,126,461,490,87,403,0,0,0
19,332,District - Maldah  (06),Rural,55-59,94246,49411,44835,685,335,350,78878,47133,31745,14063,1834,12229,360,67,293,260,42,218,0,0,0
19,332,District - Maldah  (06),Rural,60-64,83751,42706,41045,773,345,428,61016,39639,21377,21440,2583,18857,325,96,229,197,43,154,0,0,0
19,332,District - Maldah  (06),Rural,65-69,58347,28966,29381,651,324,327,37646,25805,11841,19743,2737,17006,180,65,115,127,35,92,0,0,0
19,332,District - Maldah  (06),Rural,70-74,37479,18504,18975,385,177,208,20711,15506,5205,16199,2751,13448,124,55,69,60,15,45,0,0,0
19,332,District - Maldah  (06),Rural,75-79,16142,7868,8274,194,85,109,8266,6145,2121,7613,1592,6021,53,34,19,16,12,4,0,0,0
19,332,District - Maldah  (06),Rural,80+,21403,10164,11239,2031,1176,855,9448,6656,2792,9842,2295,7547,56,29,27,26,8,18,0,0,0
19,332,District - Maldah  (06),Rural,Age not stated,1774,937,837,1088,638,450,584,283,301,94,13,81,3,1,2,5,2,3,0,0,0
19,332,District - Maldah  (06),Rural,Less than 18,1454627,747660,706967,1427058,741107,685951,26459,6276,20183,576,116,460,346,130,216,188,31,157,0,0,0
19,332,District - Maldah  (06),Rural,Less than 21,1693689,866734,826955,1569048,843572,725476,122218,22663,99555,1110,214,896,700,208,492,613,77,536,0,0,0
19,332,District - Maldah  (06),Urban,All ages,541660,283205,258455,258810,149042,109768,256168,130479,125689,24289,3134,21155,1537,368,1169,856,182,674,0,0,0
19,332,District - Maldah  (06),Urban,0-9,108071,56716,51355,108071,56716,51355,0,0,0,0,0,0,0,0,0,0,0,0,0,0,0
19,332,District - Maldah  (06),Urban,10-14,54496,27909,26587,53493,27562,25931,923,320,603,49,11,38,23,12,11,8,4,4,0,0,0
19,332,District - Maldah  (06),Urban,15-19,54006,27761,26245,45343,26499,18844,8470,1230,7240,101,16,85,56,11,45,36,5,31,0,0,0
19,332,District - Maldah  (06),Urban,20-24,53676,27946,25730,28104,20532,7572,25155,7344,17811,180,28,152,151,28,123,86,14,72,0,0,0
19,332,District - Maldah  (06),Urban,25-29,46001,23792,22209,12347,9853,2494,32936,13830,19106,391,53,338,210,39,171,117,17,100,0,0,0
19,332,District - Maldah  (06),Urban,30-34,39135,19966,19169,4840,3842,998,33479,15979,17500,530,79,451,158,33,125,128,33,95,0,0,0
19,332,District - Maldah  (06),Urban,35-39,40431,20697,19734,2237,1569,668,36922,18943,17979,949,114,835,212,45,167,111,26,85,0,0,0
19,332,District - Maldah  (06),Urban,40-44,36261,19517,16744,1245,790,455,33056,18497,14559,1628,162,1466,210,40,170,122,28,94,0,0,0
19,332,District - Maldah  (06),Urban,45-49,30309,16630,13679,740,416,324,27165,15944,11221,2133,196,1937,185,53,132,86,21,65,0,0,0
19,332,District - Maldah  (06),Urban,50-54,23904,13337,10567,597,305,292,20368,12700,7668,2754,294,2460,118,22,96,67,16,51,0,0,0
19,332,District - Maldah  (06),Urban,55-59,17216,9494,7722,354,187,167,14226,9010,5216,2527,266,2261,72,22,50,37,9,28,0,0,0
19,332,District - Maldah  (06),Urban,60-64,14324,7550,6774,300,138,162,10314,6973,3341,3624,417,3207,66,19,47,20,3,17,0,0,0
19,332,District - Maldah  (06),Urban,65-69,9576,4942,4634,212,106,106,6080,4381,1699,3232,434,2798,33,17,16,19,4,15,0,0,0
19,332,District - Maldah  (06),Urban,70-74,6425,3282,3143,127,54,73,3559,2798,761,2712,420,2292,17,10,7,10,0,10,0,0,0
19,332,District - Maldah  (06),Urban,75-79,3078,1510,1568,68,37,31,1538,1189,349,1463,278,1185,7,5,2,2,1,1,0,0,0
19,332,District - Maldah  (06),Urban,80+,4089,1806,2283,359,208,151,1726,1227,499,1980,358,1622,17,12,5,7,1,6,0,0,0
19,332,District - Maldah  (06),Urban,Age not stated,662,350,312,373,228,145,251,114,137,36,8,28,2,0,2,0,0,0,0,0,0
19,332,District - Maldah  (06),Urban,Less than 18,193569,100719,92850,189998,99908,90090,3380,765,2615,110,20,90,56,20,36,25,6,19,0,0,0
19,332,District - Maldah  (06),Urban,Less than 21,230599,119359,111240,215292,116663,98629,14926,2613,12313,204,42,162,113,29,84,64,12,52,0,0,0
19,333,District - Murshidabad  (07),Total,All ages,7103807,3627564,3476243,3351640,1888403,1463237,3427537,1697746,1729791,289714,34592,255122,17811,3634,14177,17105,3189,13916,0,0,0
19,333,District - Murshidabad  (07),Total,0-9,1481390,752887,728503,1481390,752887,728503,0,0,0,0,0,0,0,0,0,0,0,0,0,0,0
19,333,District - Murshidabad  (07),Total,10-14,843488,428602,414886,828082,423286,404796,14527,5008,9519,423,117,306,336,149,187,120,42,78,0,0,0
19,333,District - Murshidabad  (07),Total,15-19,786792,408705,378087,625720,382829,242891,157875,25328,132547,1362,258,1104,908,177,731,927,113,814,0,0,0
19,333,District - Murshidabad  (07),Total,20-24,707320,358789,348531,263037,210571,52466,437085,146996,290089,2723,503,2220,1992,315,1677,2483,404,2079,0,0,0
19,333,District - Murshidabad  (07),Total,25-29,571574,289877,281697,83934,70789,13145,478832,217514,261318,4179,706,3473,2093,376,1717,2536,492,2044,0,0,0
19,333,District - Murshidabad  (07),Total,30-34,469431,237803,231628,27966,22253,5713,430734,213825,216909,6218,912,5306,2101,376,1725,2412,437,1975,0,0,0
19,333,District - Murshidabad  (07),Total,35-39,478875,241537,237338,13118,9253,3865,450700,230254,220446,10425,1137,9288,2272,424,1848,2360,469,1891,0,0,0
19,333,District - Murshidabad  (07),Total,40-44,425001,222644,202357,7373,4804,2569,395978,215355,180623,17288,1671,15617,2264,416,1848,2098,398,1700,0,0,0
19,333,District - Murshidabad  (07),Total,45-49,344287,181408,162879,4640,2782,1858,316604,175879,140725,19917,2135,17782,1745,341,1404,1381,271,1110,0,0,0
19,333,District - Murshidabad  (07),Total,50-54,281335,152274,129061,3298,1836,1462,249158,147108,102050,26373,2815,23558,1420,285,1135,1086,230,856,0,0,0
19,333,District - Murshidabad  (07),Total,55-59,210112,110554,99558,2072,1077,995,178970,106051,72919,27588,3117,24471,841,188,653,641,121,520,0,0,0
19,333,District - Murshidabad  (07),Total,60-64,185829,93551,92278,1945,967,978,138034,88025,50009,44510,4282,40228,822,173,649,518,104,414,0,0,0
19,333,District - Murshidabad  (07),Total,65-69,131202,63544,67658,1476,735,741,85437,58063,27374,43598,4583,39015,439,123,316,252,40,212,0,0,0
19,333,District - Murshidabad  (07),Total,70-74,89694,42127,47567,967,497,470,49573,36633,12940,38727,4834,33893,291,131,160,136,32,104,0,0,0
19,333,District - Murshidabad  (07),Total,75-79,42383,19239,23144,503,266,237,21045,15832,5213,20664,3060,17604,116,63,53,55,18,37,0,0,0
19,333,District - Murshidabad  (07),Total,80+,50858,21767,29091,3720,2113,1607,21394,15121,6273,25500,4430,21070,160,90,70,84,13,71,0,0,0
19,333,District - Murshidabad  (07),Total,Age not stated,4236,2256,1980,2399,1458,941,1591,754,837,219,32,187,11,7,4,16,5,11,0,0,0
19,333,District - Murshidabad  (07),Total,Less than 18,2787045,1426085,1360960,2723303,1411955,1311348,61311,13539,47772,1233,269,964,736,239,497,462,83,379,0,0,0
19,333,District - Murshidabad  (07),Total,Less than 21,3302206,1681072,1621134,3024059,1627283,1396776,272408,52675,219733,2393,485,1908,1733,398,1335,1613,231,1382,0,0,0
19,333,District - Murshidabad  (07),Rural,All ages,5703115,2917822,2785293,2657339,1504450,1152889,2789992,1380733,1409259,227968,27185,200783,13707,2792,10915,14109,2662,11447,0,0,0
19,333,District - Murshidabad  (07),Rural,0-9,1189169,604565,584604,1189169,604565,584604,0,0,0,0,0,0,0,0,0,0,0,0,0,0,0
19,333,District - Murshidabad  (07),Rural,10-14,682727,347296,335431,669825,342908,326917,12191,4134,8057,329,94,235,278,121,157,104,39,65,0,0,0
19,333,District - Murshidabad  (07),Rural,15-19,630936,330478,300458,494820,308776,186044,133448,21263,112185,1122,204,918,742,141,601,804,94,710,0,0,0
19,333,District - Murshidabad  (07),Rural,20-24,567285,288562,278723,198372,164575,33797,362960,122976,239984,2229,408,1821,1591,255,1336,2133,348,1785,0,0,0
19,333,District - Murshidabad  (07),Rural,25-29,459998,233379,226619,59837,51945,7892,393074,180143,212931,3354,573,2781,1595,294,1301,2138,424,1714,0,0,0
19,333,District - Murshidabad  (07),Rural,30-34,375181,190153,185028,18290,14790,3500,348443,173985,174458,4937,733,4204,1568,282,1286,1943,363,1580,0,0,0
19,333,District - Murshidabad  (07),Rural,35-39,383611,193792,189819,8394,5990,2404,363547,186217,177330,8085,873,7212,1673,308,1365,1912,404,1508,0,0,0
19,333,District - Murshidabad  (07),Rural,40-44,340363,178841,161522,4556,2980,1576,319159,173950,145209,13228,1276,11952,1719,308,1411,1701,327,1374,0,0,0
19,333,District - Murshidabad  (07),Rural,45-49,274614,144924,129690,2782,1681,1101,254362,141121,113241,15021,1655,13366,1318,251,1067,1131,216,915,0,0,0
19,333,District - Murshidabad  (07),Rural,50-54,223773,121687,102086,1897,1062,835,200023,118069,81954,19901,2156,17745,1082,217,865,870,183,687,0,0,0
19,333,District - Murshidabad  (07),Rural,55-59,167077,87788,79289,1198,650,548,143763,84525,59238,20958,2381,18577,643,134,509,515,98,417,0,0,0
19,333,District - Murshidabad  (07),Rural,60-64,150119,75772,74347,1243,662,581,112607,71510,41097,35178,3380,31798,673,140,533,418,80,338,0,0,0
19,333,District - Murshidabad  (07),Rural,65-69,106286,51241,55045,993,502,491,69595,46999,22596,35137,3609,31528,359,100,259,202,31,171,0,0,0
19,333,District - Murshidabad  (07),Rural,70-74,72852,34158,38694,657,318,339,40532,29859,10673,31314,3845,27469,241,108,133,108,28,80,0,0,0
19,333,District - Murshidabad  (07),Rural,75-79,34108,15489,18619,346,183,163,17159,12831,4328,16460,2406,14054,96,55,41,47,14,33,0,0,0
19,333,District - Murshidabad  (07),Rural,80+,41412,17804,23608,2959,1671,1288,17736,12488,5248,20527,3564,16963,121,72,49,69,9,60,0,0,0
19,333,District - Murshidabad  (07),Rural,Age not stated,3604,1893,1711,2001,1192,809,1393,663,730,188,28,160,8,6,2,14,4,10,0,0,0
19,333,District - Murshidabad  (07),Rural,Less than 18,2242908,1149921,1092987,2188746,1138113,1050633,52166,11336,40830,992,213,779,600,187,413,404,72,332,0,0,0
19,333,District - Murshidabad  (07),Rural,Less than 21,2656605,1355932,1300673,2422083,1310746,1111337,229734,44270,185464,1958,396,1562,1416,318,1098,1414,202,1212,0,0,0
19,333,District - Murshidabad  (07),Urban,All ages,1400692,709742,690950,694301,383953,310348,637545,317013,320532,61746,7407,54339,4104,842,3262,2996,527,2469,0,0,0
19,333,District - Murshidabad  (07),Urban,0-9,292221,148322,143899,292221,148322,143899,0,0,0,0,0,0,0,0,0,0,0,0,0,0,0
19,333,District - Murshidabad  (07),Urban,10-14,160761,81306,79455,158257,80378,77879,2336,874,1462,94,23,71,58,28,30,16,3,13,0,0,0
19,333,District - Murshidabad  (07),Urban,15-19,155856,78227,77629,130900,74053,56847,24427,4065,20362,240,54,186,166,36,130,123,19,104,0,0,0
19,333,District - Murshidabad  (07),Urban,20-24,140035,70227,69808,64665,45996,18669,74125,24020,50105,494,95,399,401,60,341,350,56,294,0,0,0
19,333,District - Murshidabad  (07),Urban,25-29,111576,56498,55078,24097,18844,5253,85758,37371,48387,825,133,692,498,82,416,398,68,330,0,0,0
19,333,District - Murshidabad  (07),Urban,30-34,94250,47650,46600,9676,7463,2213,82291,39840,42451,1281,179,1102,533,94,439,469,74,395,0,0,0
19,333,District - Murshidabad  (07),Urban,35-39,95264,47745,47519,4724,3263,1461,87153,44037,43116,2340,264,2076,599,116,483,448,65,383,0,0,0
19,333,District - Murshidabad  (07),Urban,40-44,84638,43803,40835,2817,1824,993,76819,41405,35414,4060,395,3665,545,108,437,397,71,326,0,0,0
19,333,District - Murshidabad  (07),Urban,45-49,69673,36484,33189,1858,1101,757,62242,34758,27484,4896,480,4416,427,90,337,250,55,195,0,0,0
19,333,District - Murshidabad  (07),Urban,50-54,57562,30587,26975,1401,774,627,49135,29039,20096,6472,659,5813,338,68,270,216,47,169,0,0,0
19,333,District - Murshidabad  (07),Urban,55-59,43035,22766,20269,874,427,447,35207,21526,13681,6630,736,5894,198,54,144,126,23,103,0,0,0
19,333,District - Murshidabad  (07),Urban,60-64,35710,17779,17931,702,305,397,25427,16515,8912,9332,902,8430,149,33,116,100,24,76,0,0,0
19,333,District - Murshidabad  (07),Urban,65-69,24916,12303,12613,483,233,250,15842,11064,4778,8461,974,7487,80,23,57,50,9,41,0,0,0
19,333,District - Murshidabad  (07),Urban,70-74,16842,7969,8873,310,179,131,9041,6774,2267,7413,989,6424,50,23,27,28,4,24,0,0,0
19,333,District - Murshidabad  (07),Urban,75-79,8275,3750,4525,157,83,74,3886,3001,885,4204,654,3550,20,8,12,8,4,4,0,0,0
19,333,District - Murshidabad  (07),Urban,80+,9446,3963,5483,761,442,319,3658,2633,1025,4973,866,4107,39,18,21,15,4,11,0,0,0
19,333,District - Murshidabad  (07),Urban,Age not stated,632,363,269,398,266,132,198,91,107,31,4,27,3,1,2,2,1,1,0,0,0
19,333,District - Murshidabad  (07),Urban,Less than 18,544137,276164,267973,534557,273842,260715,9145,2203,6942,241,56,185,136,52,84,58,11,47,0,0,0
19,333,District - Murshidabad  (07),Urban,Less than 21,645601,325140,320461,601976,316537,285439,42674,8405,34269,435,89,346,317,80,237,199,29,170,0,0,0
19,334,District - Birbhum (08),Total,All ages,3502404,1790920,1711484,1518553,872652,645901,1786362,888508,897854,177003,25253,151750,10781,2578,8203,9705,1929,7776,0,0,0
19,334,District - Birbhum (08),Total,0-9,652274,332783,319491,652274,332783,319491,0,0,0,0,0,0,0,0,0,0,0,0,0,0,0
19,334,District - Birbhum (08),Total,10-14,372912,191145,181767,366201,188460,177741,6242,2545,3697,233,44,189,183,84,99,53,12,41,0,0,0
19,334,District - Birbhum (08),Total,15-19,353567,189216,164351,287601,179540,108061,64291,9397,54894,673,127,546,486,104,382,516,48,468,0,0,0
19,334,District - Birbhum (08),Total,20-24,330649,166434,164215,125598,102310,23288,200902,63439,137463,1532,262,1270,1255,224,1031,1362,199,1163,0,0,0
19,334,District - Birbhum (08),Total,25-29,299253,151632,147621,46111,39672,6439,247511,110969,136542,2688,431,2257,1446,270,1176,1497,290,1207,0,0,0
19,334,District - Birbhum (08),Total,30-34,258200,130578,127622,16360,13541,2819,235076,115866,119210,4030,616,3414,1414,303,1111,1320,252,1068,0,0,0
19,334,District - Birbhum (08),Total,35-39,260187,129523,130664,7800,5827,1973,242775,122210,120565,6804,874,5930,1453,317,1136,1355,295,1060,0,0,0
19,334,District - Birbhum (08),Total,40-44,230784,120000,110784,4540,3138,1402,212968,115003,97965,10841,1300,9541,1272,285,987,1163,274,889,0,0,0
19,334,District - Birbhum (08),Total,45-49,202888,105791,97097,3194,2092,1102,183803,101514,82289,13909,1742,12167,1060,241,819,922,202,720,0,0,0
19,334,District - Birbhum (08),Total,50-54,159749,85734,74015,1982,1209,773,138428,81890,56538,17989,2339,15650,742,168,574,608,128,480,0,0,0
19,334,District - Birbhum (08),Total,55-59,122840,64098,58742,1348,831,517,101437,60466,40971,19175,2553,16622,513,151,362,367,97,270,0,0,0
19,334,District - Birbhum (08),Total,60-64,105292,51711,53581,1222,671,551,72513,47098,25415,30815,3738,27077,455,149,306,287,55,232,0,0,0
19,334,District - Birbhum (08),Total,65-69,71160,34064,37096,937,565,372,42337,29707,12630,27486,3633,23853,242,116,126,158,43,115,0,0,0
19,334,District - Birbhum (08),Total,70-74,43046,20109,22937,450,255,195,21667,16354,5313,20732,3394,17338,142,85,57,55,21,34,0,0,0
19,334,District - Birbhum (08),Total,75-79,18970,8670,10300,220,134,86,8470,6532,1938,10209,1961,8248,54,40,14,17,3,14,0,0,0
19,334,District - Birbhum (08),Total,80+,18406,8213,10193,1555,911,644,7042,5055,1987,9735,2203,7532,55,37,18,19,7,12,0,0,0
19,334,District - Birbhum (08),Total,Age not stated,2227,1219,1008,1160,713,447,900,463,437,152,36,116,9,4,5,6,3,3,0,0,0
19,334,District - Birbhum (08),Total,Less than 18,1232029,636533,595496,1207676,630405,577271,23116,5833,17283,622,119,503,381,145,236,234,31,203,0,0,0
19,334,District - Birbhum (08),Total,Less than 21,1464794,754280,710514,1347157,732986,614171,114568,20742,93826,1235,216,1019,942,229,713,892,107,785,0,0,0
19,334,District - Birbhum (08),Rural,All ages,3052956,1561976,1490980,1330857,763831,567026,1552962,772382,780580,151504,21903,129601,8980,2156,6824,8653,1704,6949,0,0,0
19,334,District - Birbhum (08),Rural,0-9,582767,296949,285818,582767,296949,285818,0,0,0,0,0,0,0,0,0,0,0,0,0,0,0
19,334,District - Birbhum (08),Rural,10-14,332016,170111,161905,326104,167754,158350,5504,2240,3264,197,33,164,164,74,90,47,10,37,0,0,0
19,334,District - Birbhum (08),Rural,15-19,310481,167079,143402,251500,158419,93081,57487,8412,49075,591,111,480,429,96,333,474,41,433,0,0,0
19,334,District - Birbhum (08),Rural,20-24,287747,145010,142737,104229,86948,17281,179847,57460,122387,1351,229,1122,1068,191,877,1252,182,1070,0,0,0
19,334,District - Birbhum (08),Rural,25-29,258948,131626,127322,35817,31388,4429,218315,99394,118921,2307,364,1943,1194,224,970,1315,256,1059,0,0,0
19,334,District - Birbhum (08),Rural,30-34,222291,112649,109642,12088,10076,2012,204478,101569,102909,3411,528,2883,1146,251,895,1168,225,943,0,0,0
19,334,District - Birbhum (08),Rural,35-39,224095,111628,112467,5752,4275,1477,210287,106118,104169,5672,725,4947,1178,254,924,1206,256,950,0,0,0
19,334,District - Birbhum (08),Rural,40-44,198881,103684,95197,3352,2335,1017,184449,99746,84703,9014,1128,7886,1046,233,813,1020,242,778,0,0,0
19,334,District - Birbhum (08),Rural,45-49,174063,91098,82965,2354,1557,797,158399,87637,70762,11597,1529,10068,889,198,691,824,177,647,0,0,0
19,334,District - Birbhum (08),Rural,50-54,136489,73306,63183,1438,889,549,118693,70117,48576,15208,2054,13154,613,139,474,537,107,430,0,0,0
19,334,District - Birbhum (08),Rural,55-59,104497,54357,50140,991,633,358,86467,51293,35174,16279,2215,14064,432,129,303,328,87,241,0,0,0
19,334,District - Birbhum (08),Rural,60-64,90493,44139,46354,947,525,422,62013,40150,21863,26898,3291,23607,383,122,261,252,51,201,0,0,0
19,334,District - Birbhum (08),Rural,65-69,60713,28591,32122,717,424,293,35568,24841,10727,24073,3188,20885,212,99,113,143,39,104,0,0,0
19,334,District - Birbhum (08),Rural,70-74,36602,16854,19748,339,190,149,18057,13616,4441,18031,2954,15077,125,74,51,50,20,30,0,0,0
19,334,District - Birbhum (08),Rural,75-79,15862,7135,8727,163,93,70,6928,5324,1604,8711,1681,7030,46,35,11,14,2,12,0,0,0
19,334,District - Birbhum (08),Rural,80+,15128,6728,8400,1282,755,527,5744,4093,1651,8038,1841,6197,46,33,13,18,6,12,0,0,0
19,334,District - Birbhum (08),Rural,Age not stated,1883,1032,851,1017,621,396,726,372,354,126,32,94,9,4,5,5,3,2,0,0,0
19,334,District - Birbhum (08),Rural,Less than 18,1097093,566795,530298,1075467,561377,514090,20537,5163,15374,539,100,439,338,129,209,212,26,186,0,0,0
19,334,District - Birbhum (08),Rural,Less than 21,1300761,670297,630464,1195412,651186,544226,102629,18630,83999,1076,181,895,827,207,620,817,93,724,0,0,0
19,334,District - Birbhum (08),Urban,All ages,449448,228944,220504,187696,108821,78875,233400,116126,117274,25499,3350,22149,1801,422,1379,1052,225,827,0,0,0
19,334,District - Birbhum (08),Urban,0-9,69507,35834,33673,69507,35834,33673,0,0,0,0,0,0,0,0,0,0,0,0,0,0,0
19,334,District - Birbhum (08),Urban,10-14,40896,21034,19862,40097,20706,19391,738,305,433,36,11,25,19,10,9,6,2,4,0,0,0
19,334,District - Birbhum (08),Urban,15-19,43086,22137,20949,36101,21121,14980,6804,985,5819,82,16,66,57,8,49,42,7,35,0,0,0
19,334,District - Birbhum (08),Urban,20-24,42902,21424,21478,21369,15362,6007,21055,5979,15076,181,33,148,187,33,154,110,17,93,0,0,0
19,334,District - Birbhum (08),Urban,25-29,40305,20006,20299,10294,8284,2010,29196,11575,17621,381,67,314,252,46,206,182,34,148,0,0,0
19,334,District - Birbhum (08),Urban,30-34,35909,17929,17980,4272,3465,807,30598,14297,16301,619,88,531,268,52,216,152,27,125,0,0,0
19,334,District - Birbhum (08),Urban,35-39,36092,17895,18197,2048,1552,496,32488,16092,16396,1132,149,983,275,63,212,149,39,110,0,0,0
19,334,District - Birbhum (08),Urban,40-44,31903,16316,15587,1188,803,385,28519,15257,13262,1827,172,1655,226,52,174,143,32,111,0,0,0
19,334,District - Birbhum (08),Urban,45-49,28825,14693,14132,840,535,305,25404,13877,11527,2312,213,2099,171,43,128,98,25,73,0,0,0
19,334,District - Birbhum (08),Urban,50-54,23260,12428,10832,544,320,224,19735,11773,7962,2781,285,2496,129,29,100,71,21,50,0,0,0
19,334,District - Birbhum (08),Urban,55-59,18343,9741,8602,357,198,159,14970,9173,5797,2896,338,2558,81,22,59,39,10,29,0,0,0
19,334,District - Birbhum (08),Urban,60-64,14799,7572,7227,275,146,129,10500,6948,3552,3917,447,3470,72,27,45,35,4,31,0,0,0
19,334,District - Birbhum (08),Urban,65-69,10447,5473,4974,220,141,79,6769,4866,1903,3413,445,2968,30,17,13,15,4,11,0,0,0
19,334,District - Birbhum (08),Urban,70-74,6444,3255,3189,111,65,46,3610,2738,872,2701,440,2261,17,11,6,5,1,4,0,0,0
19,334,District - Birbhum (08),Urban,75-79,3108,1535,1573,57,41,16,1542,1208,334,1498,280,1218,8,5,3,3,1,2,0,0,0
19,334,District - Birbhum (08),Urban,80+,3278,1485,1793,273,156,117,1298,962,336,1697,362,1335,9,4,5,1,1,0,0,0,0
19,334,District - Birbhum (08),Urban,Age not stated,344,187,157,143,92,51,174,91,83,26,4,22,0,0,0,1,0,1,0,0,0
19,334,District - Birbhum (08),Urban,Less than 18,134936,69738,65198,132209,69028,63181,2579,670,1909,83,19,64,43,16,27,22,5,17,0,0,0
19,334,District - Birbhum (08),Urban,Less than 21,164033,83983,80050,151745,81800,69945,11939,2112,9827,159,35,124,115,22,93,75,14,61,0,0,0
19,335,District - Barddhaman  (09),Total,All ages,7717563,3966889,3750674,3240462,1890537,1349925,4030092,2006000,2024092,406404,60011,346393,26331,7093,19238,14274,3248,11026,0,0,0
19,335,District - Barddhaman  (09),Total,0-9,1222223,625685,596538,1222223,625685,596538,0,0,0,0,0,0,0,0,0,0,0,0,0,0,0
19,335,District - Barddhaman  (09),Total,10-14,724818,371927,352891,709519,366014,343505,14189,5533,8656,656,179,477,345,155,190,109,46,63,0,0,0
19,335,District - Barddhaman  (09),Total,15-19,760051,396683,363368,639392,378729,260663,117767,17301,100466,1578,355,1223,845,229,616,469,69,400,0,0,0
19,335,District - Barddhaman  (09),Total,20-24,747485,378406,369079,359672,272707,86965,381060,104454,276606,2942,558,2384,2345,450,1895,1466,237,1229,0,0,0
19,335,District - Barddhaman  (09),Total,25-29,694843,353766,341077,164078,137336,26742,519819,214400,305419,5542,946,4596,3287,675,2612,2117,409,1708,0,0,0
19,335,District - Barddhaman  (09),Total,30-34,615277,312098,303179,60314,50367,9947,539845,258940,280905,9189,1506,7683,3710,824,2886,2219,461,1758,0,0,0
19,335,District - Barddhaman  (09),Total,35-39,620820,312049,308771,27976,21860,6116,570813,286510,284303,16023,2209,13814,3811,922,2889,2197,548,1649,0,0,0
19,335,District - Barddhaman  (09),Total,40-44,547461,287628,259833,15565,11483,4082,501570,271589,229981,24821,3088,21733,3576,989,2587,1929,479,1450,0,0,0
19,335,District - Barddhaman  (09),Total,45-49,481985,256120,225865,10640,7258,3382,433873,243375,190498,33156,4318,28838,2894,820,2074,1422,349,1073,0,0,0
19,335,District - Barddhaman  (09),Total,50-54,376986,204631,172355,7063,4584,2479,324781,193534,131247,42090,5646,36444,2068,610,1458,984,257,727,0,0,0
19,335,District - Barddhaman  (09),Total,55-59,290236,155703,134533,4401,2715,1686,239166,146114,93052,44865,6290,38575,1259,440,819,545,144,401,0,0,0
19,335,District - Barddhaman  (09),Total,60-64,233209,117615,115594,3729,2152,1577,165977,107179,58798,62205,7870,54335,933,314,619,365,100,265,0,0,0
19,335,District - Barddhaman  (09),Total,65-69,160458,79275,81183,2873,1737,1136,102428,69690,32738,54413,7547,46866,544,241,303,200,60,140,0,0,0
19,335,District - Barddhaman  (09),Total,70-74,112641,55340,57301,1706,1053,653,61332,46229,15103,49134,7834,41300,339,184,155,130,40,90,0,0,0
19,335,District - Barddhaman  (09),Total,75-79,56433,26730,29703,970,592,378,27271,20899,6372,27976,5092,22884,175,128,47,41,19,22,0,0,0
19,335,District - Barddhaman  (09),Total,80+,62950,28048,34902,5421,3212,2209,26063,18233,7830,31245,6479,24766,159,102,57,62,22,40,0,0,0
19,335,District - Barddhaman  (09),Total,Age not stated,9687,5185,4502,4920,3053,1867,4138,2020,2118,569,94,475,41,10,31,19,8,11,0,0,0
19,335,District - Barddhaman  (09),Total,Less than 18,2382669,1226898,1155771,2333589,1213972,1119617,46482,12170,34312,1627,401,1226,686,276,410,285,79,206,0,0,0
19,335,District - Barddhaman  (09),Total,Less than 21,2890447,1482933,1407514,2674595,1444615,1229980,210390,37046,173344,2920,648,2272,1667,471,1196,875,153,722,0,0,0
19,335,District - Barddhaman  (09),Rural,All ages,4639264,2373787,2265477,1896693,1109512,787181,2467089,1224977,1242112,249843,33096,216747,16010,4088,11922,9629,2114,7515,0,0,0
19,335,District - Barddhaman  (09),Rural,0-9,751261,382875,368386,751261,382875,368386,0,0,0,0,0,0,0,0,0,0,0,0,0,0,0
19,335,District - Barddhaman  (09),Rural,10-14,450430,230766,219664,441386,227251,214135,8368,3285,5083,397,104,293,209,96,113,70,30,40,0,0,0
19,335,District - Barddhaman  (09),Rural,15-19,460631,241786,218845,376530,230032,146498,82205,11365,70840,1001,218,783,554,130,424,341,41,300,0,0,0
19,335,District - Barddhaman  (09),Rural,20-24,441100,223275,217825,185289,151468,33821,251530,71040,180490,1742,323,1419,1491,274,1217,1048,170,878,0,0,0
19,335,District - Barddhaman  (09),Rural,25-29,408532,207256,201276,76764,68024,8740,325126,138028,187098,3309,526,2783,1934,388,1546,1399,290,1109,0,0,0
19,335,District - Barddhaman  (09),Rural,30-34,364699,183653,181046,26036,22350,3686,329843,159772,170071,5267,785,4482,2118,445,1673,1435,301,1134,0,0,0
19,335,District - Barddhaman  (09),Rural,35-39,373568,187126,186442,12048,9414,2634,348500,175678,172822,9400,1197,8203,2194,484,1710,1426,353,1073,0,0,0
19,335,District - Barddhaman  (09),Rural,40-44,329612,172271,157341,6772,4972,1800,304774,164770,140004,14629,1677,12952,2161,555,1606,1276,297,979,0,0,0
19,335,District - Barddhaman  (09),Rural,45-49,288961,153889,135072,4921,3350,1571,261842,147502,114340,19397,2332,17065,1791,474,1317,1010,231,779,0,0,0
19,335,District - Barddhaman  (09),Rural,50-54,222876,121985,100891,3275,2131,1144,193090,116236,76854,24542,3132,21410,1295,342,953,674,144,530,0,0,0
19,335,District - Barddhaman  (09),Rural,55-59,168205,89856,78349,2044,1318,726,138189,84748,53441,26770,3434,23336,816,263,553,386,93,293,0,0,0
19,335,District - Barddhaman  (09),Rural,60-64,136392,67644,68748,1905,1124,781,95480,61960,33520,38144,4303,33841,608,188,420,255,69,186,0,0,0
19,335,District - Barddhaman  (09),Rural,65-69,96087,45216,50871,1518,969,549,59008,39871,19137,35078,4193,30885,339,140,199,144,43,101,0,0,0
19,335,District - Barddhaman  (09),Rural,70-74,68266,31265,37001,825,540,285,35275,26269,9006,31837,4298,27539,239,132,107,90,26,64,0,0,0
19,335,District - Barddhaman  (09),Rural,75-79,34984,15689,19295,463,283,180,16197,12451,3746,18166,2849,15317,130,95,35,28,11,17,0,0,0
19,335,District - Barddhaman  (09),Rural,80+,38694,16569,22125,3147,1842,1305,15567,10971,4596,19843,3674,16169,106,74,32,31,8,23,0,0,0
19,335,District - Barddhaman  (09),Rural,Age not stated,4966,2666,2300,2509,1569,940,2095,1031,1064,321,51,270,25,8,17,16,7,9,0,0,0
19,335,District - Barddhaman  (09),Rural,Less than 18,1466625,754187,712438,1434760,746271,688489,30226,7457,22769,1022,245,777,424,167,257,193,47,146,0,0,0
19,335,District - Barddhaman  (09),Rural,Less than 21,1772251,908012,864239,1624791,883034,741757,143954,24220,119734,1794,381,1413,1090,282,808,622,95,527,0,0,0
19,335,District - Barddhaman  (09),Urban,All ages,3078299,1593102,1485197,1343769,781025,562744,1563003,781023,781980,156561,26915,129646,10321,3005,7316,4645,1134,3511,0,0,0
19,335,District - Barddhaman  (09),Urban,0-9,470962,242810,228152,470962,242810,228152,0,0,0,0,0,0,0,0,0,0,0,0,0,0,0
19,335,District - Barddhaman  (09),Urban,10-14,274388,141161,133227,268133,138763,129370,5821,2248,3573,259,75,184,136,59,77,39,16,23,0,0,0
19,335,District - Barddhaman  (09),Urban,15-19,299420,154897,144523,262862,148697,114165,35562,5936,29626,577,137,440,291,99,192,128,28,100,0,0,0
19,335,District - Barddhaman  (09),Urban,20-24,306385,155131,151254,174383,121239,53144,129530,33414,96116,1200,235,965,854,176,678,418,67,351,0,0,0
19,335,District - Barddhaman  (09),Urban,25-29,286311,146510,139801,87314,69312,18002,194693,76372,118321,2233,420,1813,1353,287,1066,718,119,599,0,0,0
19,335,District - Barddhaman  (09),Urban,30-34,250578,128445,122133,34278,28017,6261,210002,99168,110834,3922,721,3201,1592,379,1213,784,160,624,0,0,0
19,335,District - Barddhaman  (09),Urban,35-39,247252,124923,122329,15928,12446,3482,222313,110832,111481,6623,1012,5611,1617,438,1179,771,195,576,0,0,0
19,335,District - Barddhaman  (09),Urban,40-44,217849,115357,102492,8793,6511,2282,196796,106819,89977,10192,1411,8781,1415,434,981,653,182,471,0,0,0
19,335,District - Barddhaman  (09),Urban,45-49,193024,102231,90793,5719,3908,1811,172031,95873,76158,13759,1986,11773,1103,346,757,412,118,294,0,0,0
19,335,District - Barddhaman  (09),Urban,50-54,154110,82646,71464,3788,2453,1335,131691,77298,54393,17548,2514,15034,773,268,505,310,113,197,0,0,0
19,335,District - Barddhaman  (09),Urban,55-59,122031,65847,56184,2357,1397,960,100977,61366,39611,18095,2856,15239,443,177,266,159,51,108,0,0,0
19,335,District - Barddhaman  (09),Urban,60-64,96817,49971,46846,1824,1028,796,70497,45219,25278,24061,3567,20494,325,126,199,110,31,79,0,0,0
19,335,District - Barddhaman  (09),Urban,65-69,64371,34059,30312,1355,768,587,43420,29819,13601,19335,3354,15981,205,101,104,56,17,39,0,0,0
19,335,District - Barddhaman  (09),Urban,70-74,44375,24075,20300,881,513,368,26057,19960,6097,17297,3536,13761,100,52,48,40,14,26,0,0,0
19,335,District - Barddhaman  (09),Urban,75-79,21449,11041,10408,507,309,198,11074,8448,2626,9810,2243,7567,45,33,12,13,8,5,0,0,0
19,335,District - Barddhaman  (09),Urban,80+,24256,11479,12777,2274,1370,904,10496,7262,3234,11402,2805,8597,53,28,25,31,14,17,0,0,0
19,335,District - Barddhaman  (09),Urban,Age not stated,4721,2519,2202,2411,1484,927,2043,989,1054,248,43,205,16,2,14,3,1,2,0,0,0
19,335,District - Barddhaman  (09),Urban,Less than 18,916044,472711,443333,898829,467701,431128,16256,4713,11543,605,156,449,262,109,153,92,32,60,0,0,0
19,335,District - Barddhaman  (09),Urban,Less than 21,1118196,574921,543275,1049804,561581,488223,66436,12826,53610,1126,267,859,577,189,388,253,58,195,0,0,0
19,336,District - Nadia  (10),Total,All ages,5167600,2653768,2513832,2126478,1251056,875422,2743938,1361061,1382877,268800,34350,234450,21144,5410,15734,7240,1891,5349,0,0,0
19,336,District - Nadia  (10),Total,0-9,783986,399334,384652,783986,399334,384652,0,0,0,0,0,0,0,0,0,0,0,0,0,0,0
19,336,District - Nadia  (10),Total,10-14,492315,251588,240727,484079,248493,235586,7737,2923,4814,270,75,195,187,86,101,42,11,31,0,0,0
19,336,District - Nadia  (10),Total,15-19,505495,264003,241492,418340,252747,165593,85615,10966,74649,748,159,589,566,102,464,226,29,197,0,0,0
19,336,District - Nadia  (10),Total,20-24,505782,257352,248430,235655,186229,49426,266150,70426,195724,1489,278,1211,1753,297,1456,735,122,613,0,0,0
19,336,District - Nadia  (10),Total,25-29,458250,233991,224259,106360,90966,15394,345326,141827,203499,2858,466,2392,2624,482,2142,1082,250,832,0,0,0
19,336,District - Nadia  (10),Total,30-34,383899,195585,188314,39988,33725,6263,335769,160297,175472,4450,710,3740,2603,563,2040,1089,290,799,0,0,0
19,336,District - Nadia  (10),Total,35-39,411793,206710,205083,18644,14435,4209,381036,190149,190887,7929,1044,6885,3055,758,2297,1129,324,805,0,0,0
19,336,District - Nadia  (10),Total,40-44,375410,195909,179501,10914,7604,3310,347407,185822,161585,13277,1465,11812,2817,741,2076,995,277,718,0,0,0
19,336,District - Nadia  (10),Total,45-49,313884,166575,147309,7058,4489,2569,287036,159298,127738,16757,2010,14747,2333,581,1752,700,197,503,0,0,0
19,336,District - Nadia  (10),Total,50-54,257395,142486,114909,5512,3289,2223,226856,135932,90924,22810,2677,20133,1719,446,1273,498,142,356,0,0,0
19,336,District - Nadia  (10),Total,55-59,191060,103708,87352,3682,2159,1523,160802,98076,62726,25063,3037,22026,1209,338,871,304,98,206,0,0,0
19,336,District - Nadia  (10),Total,60-64,162203,83419,78784,3174,1874,1300,120687,77148,43539,37292,4051,33241,855,289,566,195,57,138,0,0,0
19,336,District - Nadia  (10),Total,65-69,119829,58361,61468,2399,1447,952,78486,52280,26206,38248,4345,33903,583,240,343,113,49,64,0,0,0
19,336,District - Nadia  (10),Total,70-74,91260,43351,47909,1493,951,542,50666,37425,13241,38662,4768,33894,379,183,196,60,24,36,0,0,0
19,336,District - Nadia  (10),Total,75-79,50267,23508,26759,889,603,286,24971,19260,5711,24185,3503,20682,199,130,69,23,12,11,0,0,0
19,336,District - Nadia  (10),Total,80+,62403,26525,35878,3013,1826,1187,24512,18785,5727,34582,5733,28849,252,172,80,44,9,35,0,0,0
19,336,District - Nadia  (10),Total,Age not stated,2369,1363,1006,1292,885,407,882,447,435,180,29,151,10,2,8,5,0,5,0,0,0
19,336,District - Nadia  (10),Total,Less than 18,1568834,805914,762920,1535672,798632,737040,31862,6953,24909,752,168,584,416,137,279,132,24,108,0,0,0
19,336,District - Nadia  (10),Total,Less than 21,1905877,974722,931155,1753801,950933,802868,149249,23197,126052,1338,289,1049,1083,247,836,406,56,350,0,0,0
19,336,District - Nadia  (10),Rural,All ages,3728727,1921112,1807615,1562514,917719,644795,1968507,975879,992628,179762,22845,156917,12884,3369,9515,5060,1300,3760,0,0,0
19,336,District - Nadia  (10),Rural,0-9,604983,307885,297098,604983,307885,297098,0,0,0,0,0,0,0,0,0,0,0,0,0,0,0
19,336,District - Nadia  (10),Rural,10-14,379881,193999,185882,373685,191715,181970,5847,2156,3691,178,53,125,142,65,77,29,10,19,0,0,0
19,336,District - Nadia  (10),Rural,15-19,381588,201097,180491,311848,192058,119790,68621,8836,59785,537,115,422,396,67,329,186,21,165,0,0,0
19,336,District - Nadia  (10),Rural,20-24,371206,190440,180766,160675,132663,28012,207668,57281,150387,1100,206,894,1187,196,991,576,94,482,0,0,0
19,336,District - Nadia  (10),Rural,25-29,326176,167216,158960,63900,56725,7175,257795,109681,148114,2033,313,1720,1642,309,1333,806,188,618,0,0,0
19,336,District - Nadia  (10),Rural,30-34,265795,135681,130114,21144,18319,2825,239367,116378,122989,3008,457,2551,1531,333,1198,745,194,551,0,0,0
19,336,District - Nadia  (10),Rural,35-39,289685,145766,143919,9150,7219,1931,272648,137148,135500,5331,700,4631,1786,469,1317,770,230,540,0,0,0
19,336,District - Nadia  (10),Rural,40-44,264006,138811,125195,4965,3521,1444,247791,133678,114113,8949,996,7953,1641,438,1203,660,178,482,0,0,0
19,336,District - Nadia  (10),Rural,45-49,213567,114910,98657,2886,1909,977,198207,111209,86998,10683,1326,9357,1329,336,993,462,130,332,0,0,0
19,336,District - Nadia  (10),Rural,50-54,173752,97508,76244,2084,1309,775,155740,94056,61684,14547,1774,12773,1056,277,779,325,92,233,0,0,0
19,336,District - Nadia  (10),Rural,55-59,126197,68311,57886,1242,755,487,108070,65355,42715,15990,1945,14045,693,195,498,202,61,141,0,0,0
19,336,District - Nadia  (10),Rural,60-64,110124,56194,53930,1287,745,542,83226,52537,30689,24958,2702,22256,516,170,346,137,40,97,0,0,0
19,336,District - Nadia  (10),Rural,65-69,81452,38968,42484,1056,651,405,53636,35221,18415,26294,2899,23395,390,164,226,76,33,43,0,0,0
19,336,District - Nadia  (10),Rural,70-74,62753,29610,33143,562,345,217,35263,25898,9365,26622,3216,23406,267,136,131,39,15,24,0,0,0
19,336,District - Nadia  (10),Rural,75-79,33559,15609,17950,309,191,118,16953,12996,3957,16146,2321,13825,136,93,43,15,8,7,0,0,0
19,336,District - Nadia  (10),Rural,80+,42432,18190,24242,1832,1080,752,17138,13183,3955,23267,3802,19465,166,119,47,29,6,23,0,0,0
19,336,District - Nadia  (10),Rural,Age not stated,1571,917,654,906,629,277,537,266,271,119,20,99,6,2,4,3,0,3,0,0,0
19,336,District - Nadia  (10),Rural,Less than 18,1206870,620302,586568,1180778,614817,565961,25174,5247,19927,514,120,394,299,99,200,105,19,86,0,0,0
19,336,District - Nadia  (10),Rural,Less than 21,1460163,748432,711731,1338768,729298,609470,119361,18712,100649,944,208,736,763,172,591,327,42,285,0,0,0
19,336,District - Nadia  (10),Urban,All ages,1438873,732656,706217,563964,333337,230627,775431,385182,390249,89038,11505,77533,8260,2041,6219,2180,591,1589,0,0,0
19,336,District - Nadia  (10),Urban,0-9,179003,91449,87554,179003,91449,87554,0,0,0,0,0,0,0,0,0,0,0,0,0,0,0
19,336,District - Nadia  (10),Urban,10-14,112434,57589,54845,110394,56778,53616,1890,767,1123,92,22,70,45,21,24,13,1,12,0,0,0
19,336,District - Nadia  (10),Urban,15-19,123907,62906,61001,106492,60689,45803,16994,2130,14864,211,44,167,170,35,135,40,8,32,0,0,0
19,336,District - Nadia  (10),Urban,20-24,134576,66912,67664,74980,53566,21414,58482,13145,45337,389,72,317,566,101,465,159,28,131,0,0,0
19,336,District - Nadia  (10),Urban,25-29,132074,66775,65299,42460,34241,8219,87531,32146,55385,825,153,672,982,173,809,276,62,214,0,0,0
19,336,District - Nadia  (10),Urban,30-34,118104,59904,58200,18844,15406,3438,96402,43919,52483,1442,253,1189,1072,230,842,344,96,248,0,0,0
19,336,District - Nadia  (10),Urban,35-39,122108,60944,61164,9494,7216,2278,108388,53001,55387,2598,344,2254,1269,289,980,359,94,265,0,0,0
19,336,District - Nadia  (10),Urban,40-44,111404,57098,54306,5949,4083,1866,99616,52144,47472,4328,469,3859,1176,303,873,335,99,236,0,0,0
19,336,District - Nadia  (10),Urban,45-49,100317,51665,48652,4172,2580,1592,88829,48089,40740,6074,684,5390,1004,245,759,238,67,171,0,0,0
19,336,District - Nadia  (10),Urban,50-54,83643,44978,38665,3428,1980,1448,71116,41876,29240,8263,903,7360,663,169,494,173,50,123,0,0,0
19,336,District - Nadia  (10),Urban,55-59,64863,35397,29466,2440,1404,1036,52732,32721,20011,9073,1092,7981,516,143,373,102,37,65,0,0,0
19,336,District - Nadia  (10),Urban,60-64,52079,27225,24854,1887,1129,758,37461,24611,12850,12334,1349,10985,339,119,220,58,17,41,0,0,0
19,336,District - Nadia  (10),Urban,65-69,38377,19393,18984,1343,796,547,24850,17059,7791,11954,1446,10508,193,76,117,37,16,21,0,0,0
19,336,District - Nadia  (10),Urban,70-74,28507,13741,14766,931,606,325,15403,11527,3876,12040,1552,10488,112,47,65,21,9,12,0,0,0
19,336,District - Nadia  (10),Urban,75-79,16708,7899,8809,580,412,168,8018,6264,1754,8039,1182,6857,63,37,26,8,4,4,0,0,0
19,336,District - Nadia  (10),Urban,80+,19971,8335,11636,1181,746,435,7374,5602,1772,11315,1931,9384,86,53,33,15,3,12,0,0,0
19,336,District - Nadia  (10),Urban,Age not stated,798,446,352,386,256,130,345,181,164,61,9,52,4,0,4,2,0,2,0,0,0
19,336,District - Nadia  (10),Urban,Less than 18,361964,185612,176352,354894,183815,171079,6688,1706,4982,238,48,190,117,38,79,27,5,22,0,0,0
19,336,District - Nadia  (10),Urban,Less than 21,445714,226290,219424,415033,221635,193398,29888,4485,25403,394,81,313,320,75,245,79,14,65,0,0,0
19,337,District - North Twenty Four Parganas (11),Total,All ages,10009781,5119389,4890392,4128363,2388592,1739771,5310449,2636314,2674135,510007,78692,431315,43053,11653,31400,17909,4138,13771,0,0,0
19,337,District - North Twenty Four Parganas (11),Total,0-9,1430548,731393,699155,1430548,731393,699155,0,0,0,0,0,0,0,0,0,0,0,0,0,0,0
19,337,District - North Twenty Four Parganas (11),Total,10-14,876441,448930,427511,853890,440300,413590,20946,8042,12904,870,255,615,587,267,320,148,66,82,0,0,0
19,337,District - North Twenty Four Parganas (11),Total,15-19,928370,472771,455599,780215,448781,331434,144430,23117,121313,1869,457,1412,1277,323,954,579,93,486,0,0,0
19,337,District - North Twenty Four Parganas (11),Total,20-24,961606,480072,481534,501266,354690,146576,451865,123896,327969,3202,610,2592,3438,618,2820,1835,258,1577,0,0,0
19,337,District - North Twenty Four Parganas (11),Total,25-29,907911,455845,452066,259287,201385,57902,635119,251956,383163,5866,1067,4799,5087,1005,4082,2552,432,2120,0,0,0
19,337,District - North Twenty Four Parganas (11),Total,30-34,788781,396950,391831,111726,87265,24461,659660,306163,353497,9138,1631,7507,5740,1365,4375,2517,526,1991,0,0,0
19,337,District - North Twenty Four Parganas (11),Total,35-39,815657,404930,410727,59368,43465,15903,730925,356791,374134,16103,2419,13684,6418,1586,4832,2843,669,2174,0,0,0
19,337,District - North Twenty Four Parganas (11),Total,40-44,725029,376689,348340,36071,24292,11779,655156,346837,308319,25661,3466,22195,5745,1487,4258,2396,607,1789,0,0,0
19,337,District - North Twenty Four Parganas (11),Total,45-49,639529,336089,303440,24129,14957,9172,573558,314746,258812,35254,4623,30631,4786,1273,3513,1802,490,1312,0,0,0
19,337,District - North Twenty Four Parganas (11),Total,50-54,521948,284300,237648,17814,10440,7374,452082,266013,186069,47156,6422,40734,3596,1062,2534,1300,363,937,0,0,0
19,337,District - North Twenty Four Parganas (11),Total,55-59,405620,218807,186813,11375,6522,4853,339257,204166,135091,52002,7112,44890,2230,774,1456,756,233,523,0,0,0
19,337,District - North Twenty Four Parganas (11),Total,60-64,336726,176696,160030,9084,5140,3944,253046,161228,91818,72522,9606,62916,1612,584,1028,462,138,324,0,0,0
19,337,District - North Twenty Four Parganas (11),Total,65-69,241918,124044,117874,6176,3534,2642,165513,110217,55296,68949,9723,59226,1006,458,548,274,112,162,0,0,0
19,337,District - North Twenty Four Parganas (11),Total,70-74,178592,90784,87808,4293,2602,1691,105611,76906,28705,67845,10852,56993,679,359,320,164,65,99,0,0,0
19,337,District - North Twenty Four Parganas (11),Total,75-79,99905,49624,50281,2453,1529,924,52961,39919,13042,44090,7964,36126,319,189,130,82,23,59,0,0,0
19,337,District - North Twenty Four Parganas (11),Total,80+,136434,63950,72484,13274,8054,5220,63913,43216,20697,58595,12343,46252,484,282,202,168,55,113,0,0,0
19,337,District - North Twenty Four Parganas (11),Total,Age not stated,14766,7515,7251,7394,4243,3151,6407,3101,3306,885,142,743,49,21,28,31,8,23,0,0,0
19,337,District - North Twenty Four Parganas (11),Total,Less than 18,2837135,1455106,1382029,2768353,1436676,1331677,65244,17341,47903,2037,526,1511,1143,461,682,358,102,256,0,0,0
19,337,District - North Twenty Four Parganas (11),Total,Less than 21,3462853,1761848,1701005,3201963,1712411,1489552,253882,47690,206192,3442,831,2611,2500,709,1791,1066,207,859,0,0,0
19,337,District - North Twenty Four Parganas (11),Rural,All ages,4277619,2196554,2081065,1839242,1065286,773956,2225652,1100243,1125409,188118,25521,162597,15824,3834,11990,8783,1670,7113,0,0,0
19,337,District - North Twenty Four Parganas (11),Rural,0-9,725239,369353,355886,725239,369353,355886,0,0,0,0,0,0,0,0,0,0,0,0,0,0,0
19,337,District - North Twenty Four Parganas (11),Rural,10-14,433364,220760,212604,423459,217104,206355,9283,3434,5849,307,80,227,247,113,134,68,29,39,0,0,0
19,337,District - North Twenty Four Parganas (11),Rural,15-19,460466,233929,226537,368878,220508,148370,89723,13054,76669,816,169,647,658,150,508,391,48,343,0,0,0
19,337,District - North Twenty Four Parganas (11),Rural,20-24,456237,231189,225048,191285,151933,39352,260462,78520,181942,1535,279,1256,1725,293,1432,1230,164,1066,0,0,0
19,337,District - North Twenty Four Parganas (11),Rural,25-29,385809,201155,184654,74851,64685,10166,304882,135486,169396,2512,407,2105,2084,346,1738,1480,231,1249,0,0,0
19,337,District - North Twenty Four Parganas (11),Rural,30-34,303316,155920,147396,23677,20001,3676,272930,134797,138133,3564,514,3050,1951,407,1544,1194,201,993,0,0,0
19,337,District - North Twenty Four Parganas (11),Rural,35-39,317805,158465,159340,10351,7958,2393,297995,149037,148958,6087,761,5326,2079,449,1630,1293,260,1033,0,0,0
19,337,District - North Twenty Four Parganas (11),Rural,40-44,281098,146384,134714,5305,3811,1494,263096,140774,122322,9747,1157,8590,1895,421,1474,1055,221,834,0,0,0
19,337,District - North Twenty Four Parganas (11),Rural,45-49,235553,125667,109886,3182,2134,1048,217519,121497,96022,12522,1504,11018,1560,365,1195,770,167,603,0,0,0
19,337,District - North Twenty Four Parganas (11),Rural,50-54,186119,103002,83117,2120,1364,756,165872,99233,66639,16419,1998,14421,1159,281,878,549,126,423,0,0,0
19,337,District - North Twenty Four Parganas (11),Rural,55-59,139995,75643,64352,1320,816,504,119243,72294,46949,18360,2222,16138,771,230,541,301,81,220,0,0,0
19,337,District - North Twenty Four Parganas (11),Rural,60-64,118223,61390,56833,1312,741,571,88995,57365,31630,27116,3028,24088,622,218,404,178,38,140,0,0,0
19,337,District - North Twenty Four Parganas (11),Rural,65-69,86606,43053,43553,1079,617,462,57829,38962,18867,27173,3250,23923,415,179,236,110,45,65,0,0,0
19,337,District - North Twenty Four Parganas (11),Rural,70-74,62119,30120,31999,646,361,285,35915,26145,9770,25200,3430,21770,300,162,138,58,22,36,0,0,0
19,337,District - North Twenty Four Parganas (11),Rural,75-79,33897,16263,17634,426,244,182,17546,13359,4187,15762,2564,13198,133,85,48,30,11,19,0,0,0
19,337,District - North Twenty Four Parganas (11),Rural,80+,48054,22356,25698,4242,2551,1691,22802,15528,7274,20739,4128,16611,206,127,79,65,22,43,0,0,0
19,337,District - North Twenty Four Parganas (11),Rural,Age not stated,3719,1905,1814,1870,1105,765,1560,758,802,259,30,229,19,8,11,11,4,7,0,0,0
19,337,District - North Twenty Four Parganas (11),Rural,Less than 18,1421746,726641,695105,1384960,718188,666772,35245,8022,27223,819,188,631,509,197,312,213,46,167,0,0,0
19,337,District - North Twenty Four Parganas (11),Rural,Less than 21,1730287,876493,853794,1573669,848888,724781,153199,26874,126325,1458,298,1160,1258,325,933,703,108,595,0,0,0
19,337,District - North Twenty Four Parganas (11),Urban,All ages,5732162,2922835,2809327,2289121,1323306,965815,3084797,1536071,1548726,321889,53171,268718,27229,7819,19410,9126,2468,6658,0,0,0
19,337,District - North Twenty Four Parganas (11),Urban,0-9,705309,362040,343269,705309,362040,343269,0,0,0,0,0,0,0,0,0,0,0,0,0,0,0
19,337,District - North Twenty Four Parganas (11),Urban,10-14,443077,228170,214907,430431,223196,207235,11663,4608,7055,563,175,388,340,154,186,80,37,43,0,0,0
19,337,District - North Twenty Four Parganas (11),Urban,15-19,467904,238842,229062,411337,228273,183064,54707,10063,44644,1053,288,765,619,173,446,188,45,143,0,0,0
19,337,District - North Twenty Four Parganas (11),Urban,20-24,505369,248883,256486,309981,202757,107224,191403,45376,146027,1667,331,1336,1713,325,1388,605,94,511,0,0,0
19,337,District - North Twenty Four Parganas (11),Urban,25-29,522102,254690,267412,184436,136700,47736,330237,116470,213767,3354,660,2694,3003,659,2344,1072,201,871,0,0,0
19,337,District - North Twenty Four Parganas (11),Urban,30-34,485465,241030,244435,88049,67264,20785,386730,171366,215364,5574,1117,4457,3789,958,2831,1323,325,998,0,0,0
19,337,District - North Twenty Four Parganas (11),Urban,35-39,497852,246465,251387,49017,35507,13510,432930,207754,225176,10016,1658,8358,4339,1137,3202,1550,409,1141,0,0,0
19,337,District - North Twenty Four Parganas (11),Urban,40-44,443931,230305,213626,30766,20481,10285,392060,206063,185997,15914,2309,13605,3850,1066,2784,1341,386,955,0,0,0
19,337,District - North Twenty Four Parganas (11),Urban,45-49,403976,210422,193554,20947,12823,8124,356039,193249,162790,22732,3119,19613,3226,908,2318,1032,323,709,0,0,0
19,337,District - North Twenty Four Parganas (11),Urban,50-54,335829,181298,154531,15694,9076,6618,286210,166780,119430,30737,4424,26313,2437,781,1656,751,237,514,0,0,0
19,337,District - North Twenty Four Parganas (11),Urban,55-59,265625,143164,122461,10055,5706,4349,220014,131872,88142,33642,4890,28752,1459,544,915,455,152,303,0,0,0
19,337,District - North Twenty Four Parganas (11),Urban,60-64,218503,115306,103197,7772,4399,3373,164051,103863,60188,45406,6578,38828,990,366,624,284,100,184,0,0,0
19,337,District - North Twenty Four Parganas (11),Urban,65-69,155312,80991,74321,5097,2917,2180,107684,71255,36429,41776,6473,35303,591,279,312,164,67,97,0,0,0
19,337,District - North Twenty Four Parganas (11),Urban,70-74,116473,60664,55809,3647,2241,1406,69696,50761,18935,42645,7422,35223,379,197,182,106,43,63,0,0,0
19,337,District - North Twenty Four Parganas (11),Urban,75-79,66008,33361,32647,2027,1285,742,35415,26560,8855,28328,5400,22928,186,104,82,52,12,40,0,0,0
19,337,District - North Twenty Four Parganas (11),Urban,80+,88380,41594,46786,9032,5503,3529,41111,27688,13423,37856,8215,29641,278,155,123,103,33,70,0,0,0
19,337,District - North Twenty Four Parganas (11),Urban,Age not stated,11047,5610,5437,5524,3138,2386,4847,2343,2504,626,112,514,30,13,17,20,4,16,0,0,0
19,337,District - North Twenty Four Parganas (11),Urban,Less than 18,1415389,728465,686924,1383393,718488,664905,29999,9319,20680,1218,338,880,634,264,370,145,56,89,0,0,0
19,337,District - North Twenty Four Parganas (11),Urban,Less than 21,1732566,885355,847211,1628294,863523,764771,100683,20816,79867,1984,533,1451,1242,384,858,363,99,264,0,0,0
19,338,District - Hugli  (12),Total,All ages,5519145,2814653,2704492,2223062,1293620,929442,2958642,1472943,1485699,307666,39783,267883,21221,6279,14942,8554,2028,6526,0,0,0
19,338,District - Hugli  (12),Total,0-9,786317,401820,384497,786317,401820,384497,0,0,0,0,0,0,0,0,0,0,0,0,0,0,0
19,338,District - Hugli  (12),Total,10-14,480627,244663,235964,470761,240874,229887,9136,3554,5582,400,87,313,264,127,137,66,21,45,0,0,0
19,338,District - Hugli  (12),Total,15-19,507641,259008,248633,436619,248488,188131,69367,10148,59219,914,179,735,529,154,375,212,39,173,0,0,0
19,338,District - Hugli  (12),Total,20-24,505273,250851,254422,260051,193166,66885,241390,57010,184380,1584,265,1319,1556,304,1252,692,106,586,0,0,0
19,338,District - Hugli  (12),Total,25-29,486631,242070,244561,130800,108550,22250,349138,132271,216867,3342,548,2794,2288,496,1792,1063,205,858,0,0,0
19,338,District - Hugli  (12),Total,30-34,447694,223936,223758,52969,43618,9351,384997,178479,206518,5699,802,4897,2785,752,2033,1244,285,959,0,0,0
19,338,District - Hugli  (12),Total,35-39,466417,234150,232267,26184,19672,6512,424898,212028,212870,10668,1235,9433,3303,882,2421,1364,333,1031,0,0,0
19,338,District - Hugli  (12),Total,40-44,405739,211297,194442,15508,10573,4935,369455,197897,171558,16701,1712,14989,2834,795,2039,1241,320,921,0,0,0
19,338,District - Hugli  (12),Total,45-49,368356,194087,174269,11362,7168,4194,330758,183563,147195,22783,2398,20385,2471,728,1743,982,230,752,0,0,0
19,338,District - Hugli  (12),Total,50-54,291306,159040,132266,8809,5127,3682,251684,149902,101782,28286,3186,25100,1862,643,1219,665,182,483,0,0,0
19,338,District - Hugli  (12),Total,55-59,227351,123047,104304,6092,3625,2467,188561,115193,73368,31048,3684,27364,1224,425,799,426,120,306,0,0,0
19,338,District - Hugli  (12),Total,60-64,184593,95595,88998,4551,2744,1807,135969,87481,48488,42918,4969,37949,870,321,549,285,80,205,0,0,0
19,338,District - Hugli  (12),Total,65-69,137113,69058,68055,3186,1974,1212,91126,61630,29496,42159,5192,36967,519,226,293,123,36,87,0,0,0
19,338,District - Hugli  (12),Total,70-74,101175,49680,51495,2249,1476,773,56911,42403,14508,41566,5580,35986,345,177,168,104,44,60,0,0,0
19,338,District - Hugli  (12),Total,75-79,56939,27418,29521,1319,880,439,28710,22247,6463,26689,4152,22537,182,125,57,39,14,25,0,0,0
19,338,District - Hugli  (12),Total,80+,62344,26962,35382,4324,2647,1677,25129,18437,6692,32676,5751,26925,172,117,55,43,10,33,0,0,0
19,338,District - Hugli  (12),Total,Age not stated,3629,1971,1658,1961,1218,743,1413,700,713,233,43,190,17,7,10,5,3,2,0,0,0
19,338,District - Hugli  (12),Total,Less than 18,1560403,797952,762451,1531220,789745,741475,27595,7752,19843,964,199,765,472,211,261,152,45,107,0,0,0
19,338,District - Hugli  (12),Total,Less than 21,1893515,962192,931323,1764977,940428,824549,125403,21031,104372,1663,321,1342,1050,326,724,422,86,336,0,0,0
19,338,District - Hugli  (12),Rural,All ages,3390646,1722945,1667701,1372764,798697,574067,1817566,899559,918007,183911,20733,163178,11227,2858,8369,5178,1098,4080,0,0,0
19,338,District - Hugli  (12),Rural,0-9,510788,260550,250238,510788,260550,250238,0,0,0,0,0,0,0,0,0,0,0,0,0,0,0
19,338,District - Hugli  (12),Rural,10-14,313493,158418,155075,307610,156129,151481,5456,2153,3303,239,51,188,145,69,76,43,16,27,0,0,0
19,338,District - Hugli  (12),Rural,15-19,329488,167911,161577,278996,161022,117974,49473,6700,42773,552,95,457,319,74,245,148,20,128,0,0,0
19,338,District - Hugli  (12),Rural,20-24,317620,157813,159807,148665,117506,31159,166602,39912,126690,1006,162,844,885,168,717,462,65,397,0,0,0
19,338,District - Hugli  (12),Rural,25-29,295403,147125,148278,68001,59651,8350,223474,86836,136638,2070,305,1765,1209,217,992,649,116,533,0,0,0
19,338,District - Hugli  (12),Rural,30-34,270283,134536,135747,24707,21052,3655,239867,112542,127325,3544,418,3126,1427,353,1074,738,171,567,0,0,0
19,338,District - Hugli  (12),Rural,35-39,285387,142772,142615,11031,8283,2748,265201,133243,131958,6632,677,5955,1710,390,1320,813,179,634,0,0,0
19,338,District - Hugli  (12),Rural,40-44,246346,128623,117723,6237,4235,2002,227658,123022,104636,10230,872,9358,1515,341,1174,706,153,553,0,0,0
19,338,District - Hugli  (12),Rural,45-49,219235,117044,102191,4413,2794,1619,199357,112484,86873,13575,1318,12257,1282,317,965,608,131,477,0,0,0
19,338,District - Hugli  (12),Rural,50-54,166173,91637,74536,3209,1859,1350,145389,87772,57617,16236,1667,14569,936,242,694,403,97,306,0,0,0
19,338,District - Hugli  (12),Rural,55-59,128354,69449,58905,2159,1302,857,107196,65998,41198,18123,1932,16191,620,158,462,256,59,197,0,0,0
19,338,District - Hugli  (12),Rural,60-64,102817,52084,50733,1625,1021,604,75082,48343,26739,25460,2534,22926,479,147,332,171,39,132,0,0,0
19,338,District - Hugli  (12),Rural,65-69,79053,38436,40617,1194,750,444,51519,34785,16734,25977,2766,23211,288,119,169,75,16,59,0,0,0
19,338,District - Hugli  (12),Rural,70-74,57464,26716,30748,719,459,260,31197,23225,7972,25300,2905,22395,195,107,88,53,20,33,0,0,0
19,338,District - Hugli  (12),Rural,75-79,32197,14659,17538,433,292,141,15771,12175,3596,15863,2108,13755,108,77,31,22,7,15,0,0,0
19,338,District - Hugli  (12),Rural,80+,34798,14259,20539,2047,1244,803,13644,10027,3617,18982,2905,16077,98,76,22,27,7,20,0,0,0
19,338,District - Hugli  (12),Rural,Age not stated,1747,913,834,930,548,382,680,342,338,122,18,104,11,3,8,4,2,2,0,0,0
19,338,District - Hugli  (12),Rural,Less than 18,1015301,517468,497833,996422,512389,484033,17923,4822,13101,586,116,470,264,112,152,106,29,77,0,0,0
19,338,District - Hugli  (12),Rural,Less than 21,1229337,622611,606726,1139292,608306,530986,88134,13901,74233,1010,178,832,612,171,441,289,55,234,0,0,0
19,338,District - Hugli  (12),Urban,All ages,2128499,1091708,1036791,850298,494923,355375,1141076,573384,567692,123755,19050,104705,9994,3421,6573,3376,930,2446,0,0,0
19,338,District - Hugli  (12),Urban,0-9,275529,141270,134259,275529,141270,134259,0,0,0,0,0,0,0,0,0,0,0,0,0,0,0
19,338,District - Hugli  (12),Urban,10-14,167134,86245,80889,163151,84745,78406,3680,1401,2279,161,36,125,119,58,61,23,5,18,0,0,0
19,338,District - Hugli  (12),Urban,15-19,178153,91097,87056,157623,87466,70157,19894,3448,16446,362,84,278,210,80,130,64,19,45,0,0,0
19,338,District - Hugli  (12),Urban,20-24,187653,93038,94615,111386,75660,35726,74788,17098,57690,578,103,475,671,136,535,230,41,189,0,0,0
19,338,District - Hugli  (12),Urban,25-29,191228,94945,96283,62799,48899,13900,125664,45435,80229,1272,243,1029,1079,279,800,414,89,325,0,0,0
19,338,District - Hugli  (12),Urban,30-34,177411,89400,88011,28262,22566,5696,145130,65937,79193,2155,384,1771,1358,399,959,506,114,392,0,0,0
19,338,District - Hugli  (12),Urban,35-39,181030,91378,89652,15153,11389,3764,159697,78785,80912,4036,558,3478,1593,492,1101,551,154,397,0,0,0
19,338,District - Hugli  (12),Urban,40-44,159393,82674,76719,9271,6338,2933,141797,74875,66922,6471,840,5631,1319,454,865,535,167,368,0,0,0
19,338,District - Hugli  (12),Urban,45-49,149121,77043,72078,6949,4374,2575,131401,71079,60322,9208,1080,8128,1189,411,778,374,99,275,0,0,0
19,338,District - Hugli  (12),Urban,50-54,125133,67403,57730,5600,3268,2332,106295,62130,44165,12050,1519,10531,926,401,525,262,85,177,0,0,0
19,338,District - Hugli  (12),Urban,55-59,98997,53598,45399,3933,2323,1610,81365,49195,32170,12925,1752,11173,604,267,337,170,61,109,0,0,0
19,338,District - Hugli  (12),Urban,60-64,81776,43511,38265,2926,1723,1203,60887,39138,21749,17458,2435,15023,391,174,217,114,41,73,0,0,0
19,338,District - Hugli  (12),Urban,65-69,58060,30622,27438,1992,1224,768,39607,26845,12762,16182,2426,13756,231,107,124,48,20,28,0,0,0
19,338,District - Hugli  (12),Urban,70-74,43711,22964,20747,1530,1017,513,25714,19178,6536,16266,2675,13591,150,70,80,51,24,27,0,0,0
19,338,District - Hugli  (12),Urban,75-79,24742,12759,11983,886,588,298,12939,10072,2867,10826,2044,8782,74,48,26,17,7,10,0,0,0
19,338,District - Hugli  (12),Urban,80+,27546,12703,14843,2277,1403,874,11485,8410,3075,13694,2846,10848,74,41,33,16,3,13,0,0,0
19,338,District - Hugli  (12),Urban,Age not stated,1882,1058,824,1031,670,361,733,358,375,111,25,86,6,4,2,1,1,0,0,0,0
19,338,District - Hugli  (12),Urban,Less than 18,545102,280484,264618,534798,277356,257442,9672,2930,6742,378,83,295,208,99,109,46,16,30,0,0,0
19,338,District - Hugli  (12),Urban,Less than 21,664178,339581,324597,625685,332122,293563,37269,7130,30139,653,143,510,438,155,283,133,31,102,0,0,0
19,339,District - Bankura  (13),Total,All ages,3596674,1838095,1758579,1516482,885367,631115,1857168,922693,934475,207613,26868,180745,8956,2039,6917,6455,1128,5327,0,0,0
19,339,District - Bankura  (13),Total,0-9,611146,312449,298697,611146,312449,298697,0,0,0,0,0,0,0,0,0,0,0,0,0,0,0
19,339,District - Bankura  (13),Total,10-14,357373,183159,174214,352010,181040,170970,5002,1988,3014,199,57,142,107,53,54,55,21,34,0,0,0
19,339,District - Bankura  (13),Total,15-19,340595,184570,156025,288462,177679,110783,51165,6709,44456,558,103,455,228,59,169,182,20,162,0,0,0
19,339,District - Bankura  (13),Total,20-24,325766,166383,159383,145362,118749,26613,177924,47267,130657,1183,176,1007,733,121,612,564,70,494,0,0,0
19,339,District - Bankura  (13),Total,25-29,307455,155697,151758,63665,55408,8257,239477,99625,139852,2479,353,2126,1011,171,840,823,140,683,0,0,0
19,339,District - Bankura  (13),Total,30-34,275893,138457,137436,22306,18392,3914,247666,119216,128450,3940,485,3455,1071,211,860,910,153,757,0,0,0
19,339,District - Bankura  (13),Total,35-39,282390,142733,139657,10973,7776,3197,262293,133702,128591,6813,817,5996,1323,259,1064,988,179,809,0,0,0
19,339,District - Bankura  (13),Total,40-44,241398,126590,114808,6489,4158,2331,222188,120810,101378,10607,1223,9384,1269,265,1004,845,134,711,0,0,0
19,339,District - Bankura  (13),Total,45-49,215083,113050,102033,4467,2740,1727,194739,108233,86506,14157,1716,12441,1013,238,775,707,123,584,0,0,0
19,339,District - Bankura  (13),Total,50-54,167831,89309,78522,3020,1814,1206,145885,84969,60916,17655,2283,15372,717,142,575,554,101,453,0,0,0
19,339,District - Bankura  (13),Total,55-59,136177,70408,65769,2020,1191,829,112735,66351,46384,20576,2681,17895,489,117,372,357,68,289,0,0,0
19,339,District - Bankura  (13),Total,60-64,117980,56509,61471,1670,960,710,82908,51879,31029,32807,3528,29279,375,99,276,220,43,177,0,0,0
19,339,District - Bankura  (13),Total,65-69,90450,41668,48782,1143,698,445,55410,36955,18455,33488,3873,29615,286,105,181,123,37,86,0,0,0
19,339,District - Bankura  (13),Total,70-74,62546,28730,33816,724,439,285,32565,24344,8221,29032,3842,25190,159,85,74,66,20,46,0,0,0
19,339,District - Bankura  (13),Total,75-79,31841,14299,17542,345,228,117,14926,11500,3426,16451,2502,13949,85,59,26,34,10,24,0,0,0
19,339,District - Bankura  (13),Total,80+,31009,13132,17877,1652,1000,652,11710,8859,2851,17539,3211,14328,85,54,31,23,8,15,0,0,0
19,339,District - Bankura  (13),Total,Age not stated,1741,952,789,1028,646,382,575,286,289,129,18,111,5,1,4,4,1,3,0,0,0
19,339,District - Bankura  (13),Total,Less than 18,1169195,605227,563968,1150717,600511,550206,17632,4482,13150,527,119,408,193,82,111,126,33,93,0,0,0
19,339,District - Bankura  (13),Total,Less than 21,1388002,718866,669136,1293977,703981,589996,92224,14513,77711,973,182,791,487,136,351,341,54,287,0,0,0
19,339,District - Bankura  (13),Rural,All ages,3296901,1685777,1611124,1394086,813666,580420,1700021,844632,855389,188872,24625,164247,7945,1812,6133,5977,1042,4935,0,0,0
19,339,District - Bankura  (13),Rural,0-9,571138,292050,279088,571138,292050,279088,0,0,0,0,0,0,0,0,0,0,0,0,0,0,0
19,339,District - Bankura  (13),Rural,10-14,332467,170257,162210,327622,168332,159290,4526,1804,2722,170,51,119,98,49,49,51,21,30,0,0,0
19,339,District - Bankura  (13),Rural,15-19,314160,171008,143152,265447,164658,100789,47826,6187,41639,514,94,420,206,52,154,167,17,150,0,0,0
19,339,District - Bankura  (13),Rural,20-24,298448,152712,145736,129646,107642,22004,166526,44736,121790,1080,164,916,660,105,555,536,65,471,0,0,0
19,339,District - Bankura  (13),Rural,25-29,280927,142501,138426,54839,48383,6456,222163,93523,128640,2255,316,1939,910,154,756,760,125,635,0,0,0
19,339,District - Bankura  (13),Rural,30-34,251193,126076,125117,18355,15202,3153,227471,110108,117363,3577,430,3147,945,191,754,845,145,700,0,0,0
19,339,District - Bankura  (13),Rural,35-39,257125,130217,126908,8823,6185,2638,240116,122914,117202,6101,722,5379,1172,231,941,913,165,748,0,0,0
19,339,District - Bankura  (13),Rural,40-44,219026,114887,104139,5227,3298,1929,202437,110130,92307,9482,1109,8373,1105,226,879,775,124,651,0,0,0
19,339,District - Bankura  (13),Rural,45-49,194672,102473,92199,3577,2209,1368,176817,98367,78450,12751,1580,11171,879,207,672,648,110,538,0,0,0
19,339,District - Bankura  (13),Rural,50-54,151228,80601,70627,2373,1431,942,131816,76827,54989,15901,2125,13776,627,125,502,511,93,418,0,0,0
19,339,District - Bankura  (13),Rural,55-59,122494,63159,59335,1602,957,645,101529,59553,41976,18593,2479,16114,440,104,336,330,66,264,0,0,0
19,339,District - Bankura  (13),Rural,60-64,107034,51007,56027,1389,815,574,74999,46814,28185,30099,3251,26848,343,89,254,204,38,166,0,0,0
19,339,District - Bankura  (13),Rural,65-69,82040,37502,44538,934,569,365,50024,33231,16793,30708,3569,27139,260,99,161,114,34,80,0,0,0
19,339,District - Bankura  (13),Rural,70-74,56833,25906,30927,587,359,228,29400,21925,7475,26638,3524,23114,143,78,65,65,20,45,0,0,0
19,339,District - Bankura  (13),Rural,75-79,28797,12847,15950,280,181,99,13419,10321,3098,14986,2282,12704,79,53,26,33,10,23,0,0,0
19,339,District - Bankura  (13),Rural,80+,27885,11774,16111,1408,856,552,10477,7949,2528,15904,2913,12991,75,48,27,21,8,13,0,0,0
19,339,District - Bankura  (13),Rural,Age not stated,1434,800,634,839,539,300,475,243,232,113,16,97,3,1,2,4,1,3,0,0,0
19,339,District - Bankura  (13),Rural,Less than 18,1089156,564075,525081,1072207,559782,512425,16183,4081,12102,477,108,369,175,74,101,114,30,84,0,0,0
19,339,District - Bankura  (13),Rural,Less than 21,1290498,668999,621499,1202602,655202,547400,86255,13460,72795,881,165,716,441,122,319,319,50,269,0,0,0
19,339,District - Bankura  (13),Urban,All ages,299773,152318,147455,122396,71701,50695,157147,78061,79086,18741,2243,16498,1011,227,784,478,86,392,0,0,0
19,339,District - Bankura  (13),Urban,0-9,40008,20399,19609,40008,20399,19609,0,0,0,0,0,0,0,0,0,0,0,0,0,0,0
19,339,District - Bankura  (13),Urban,10-14,24906,12902,12004,24388,12708,11680,476,184,292,29,6,23,9,4,5,4,0,4,0,0,0
19,339,District - Bankura  (13),Urban,15-19,26435,13562,12873,23015,13021,9994,3339,522,2817,44,9,35,22,7,15,15,3,12,0,0,0
19,339,District - Bankura  (13),Urban,20-24,27318,13671,13647,15716,11107,4609,11398,2531,8867,103,12,91,73,16,57,28,5,23,0,0,0
19,339,District - Bankura  (13),Urban,25-29,26528,13196,13332,8826,7025,1801,17314,6102,11212,224,37,187,101,17,84,63,15,48,0,0,0
19,339,District - Bankura  (13),Urban,30-34,24700,12381,12319,3951,3190,761,20195,9108,11087,363,55,308,126,20,106,65,8,57,0,0,0
19,339,District - Bankura  (13),Urban,35-39,25265,12516,12749,2150,1591,559,22177,10788,11389,712,95,617,151,28,123,75,14,61,0,0,0
19,339,District - Bankura  (13),Urban,40-44,22372,11703,10669,1262,860,402,19751,10680,9071,1125,114,1011,164,39,125,70,10,60,0,0,0
19,339,District - Bankura  (13),Urban,45-49,20411,10577,9834,890,531,359,17922,9866,8056,1406,136,1270,134,31,103,59,13,46,0,0,0
19,339,District - Bankura  (13),Urban,50-54,16603,8708,7895,647,383,264,14069,8142,5927,1754,158,1596,90,17,73,43,8,35,0,0,0
19,339,District - Bankura  (13),Urban,55-59,13683,7249,6434,418,234,184,11206,6798,4408,1983,202,1781,49,13,36,27,2,25,0,0,0
19,339,District - Bankura  (13),Urban,60-64,10946,5502,5444,281,145,136,7909,5065,2844,2708,277,2431,32,10,22,16,5,11,0,0,0
19,339,District - Bankura  (13),Urban,65-69,8410,4166,4244,209,129,80,5386,3724,1662,2780,304,2476,26,6,20,9,3,6,0,0,0
19,339,District - Bankura  (13),Urban,70-74,5713,2824,2889,137,80,57,3165,2419,746,2394,318,2076,16,7,9,1,0,1,0,0,0
19,339,District - Bankura  (13),Urban,75-79,3044,1452,1592,65,47,18,1507,1179,328,1465,220,1245,6,6,0,1,0,1,0,0,0
19,339,District - Bankura  (13),Urban,80+,3124,1358,1766,244,144,100,1233,910,323,1635,298,1337,10,6,4,2,0,2,0,0,0
19,339,District - Bankura  (13),Urban,Age not stated,307,152,155,189,107,82,100,43,57,16,2,14,2,0,2,0,0,0,0,0,0
19,339,District - Bankura  (13),Urban,Less than 18,80039,41152,38887,78510,40729,37781,1449,401,1048,50,11,39,18,8,10,12,3,9,0,0,0
19,339,District - Bankura  (13),Urban,Less than 21,97504,49867,47637,91375,48779,42596,5969,1053,4916,92,17,75,46,14,32,22,4,18,0,0,0
19,340,District - Puruliya (14),Total,All ages,2930115,1496996,1433119,1344471,765891,578580,1413109,699367,713742,158932,29033,129899,6532,1516,5016,7071,1189,5882,0,0,0
19,340,District - Puruliya (14),Total,0-9,592165,303022,289143,592165,303022,289143,0,0,0,0,0,0,0,0,0,0,0,0,0,0,0
19,340,District - Puruliya (14),Total,10-14,314565,160266,154299,309289,158299,150990,4934,1842,3092,204,57,147,102,54,48,36,14,22,0,0,0
19,340,District - Puruliya (14),Total,15-19,278243,150466,127777,236635,143660,92975,40585,6618,33967,579,118,461,232,49,183,212,21,191,0,0,0
19,340,District - Puruliya (14),Total,20-24,253676,129160,124516,113301,88104,25197,138090,40690,97400,1104,206,898,605,95,510,576,65,511,0,0,0
19,340,District - Puruliya (14),Total,25-29,239408,121056,118352,48758,40658,8100,187095,79783,107312,1999,345,1654,711,142,569,845,128,717,0,0,0
19,340,District - Puruliya (14),Total,30-34,208452,104372,104080,18289,14626,3663,185201,88932,96269,3189,512,2677,843,138,705,930,164,766,0,0,0
19,340,District - Puruliya (14),Total,35-39,212899,108056,104843,8776,6326,2450,196599,100501,96098,5513,881,4632,938,179,759,1073,169,904,0,0,0
19,340,District - Puruliya (14),Total,40-44,185066,96531,88535,4816,3258,1558,169958,91676,78282,8405,1259,7146,911,183,728,976,155,821,0,0,0
19,340,District - Puruliya (14),Total,45-49,158359,82767,75592,3006,2017,989,142779,78536,64243,11135,1935,9200,647,143,504,792,136,656,0,0,0
19,340,District - Puruliya (14),Total,50-54,126346,66449,59897,1918,1278,640,109206,62474,46732,14196,2451,11745,454,129,325,572,117,455,0,0,0
19,340,District - Puruliya (14),Total,55-59,102878,51084,51794,1379,933,446,84531,47066,37465,16226,2913,13313,355,95,260,387,77,310,0,0,0
19,340,District - Puruliya (14),Total,60-64,98346,46947,51399,1250,768,482,68668,41600,27068,27794,4422,23372,305,88,217,329,69,260,0,0,0
19,340,District - Puruliya (14),Total,65-69,70536,33978,36558,960,613,347,42971,28674,14297,26239,4570,21669,188,83,105,178,38,140,0,0,0
19,340,District - Puruliya (14),Total,70-74,45096,21788,23308,509,303,206,23534,17280,6254,20847,4119,16728,121,65,56,85,21,64,0,0,0
19,340,District - Puruliya (14),Total,75-79,20809,9806,11003,227,126,101,9781,7312,2469,10704,2319,8385,64,42,22,33,7,26,0,0,0
19,340,District - Puruliya (14),Total,80+,20155,9582,10573,1363,824,539,8105,5846,2259,10601,2877,7724,49,29,20,37,6,31,0,0,0
19,340,District - Puruliya (14),Total,Age not stated,3116,1666,1450,1830,1076,754,1072,537,535,197,49,148,7,2,5,10,2,8,0,0,0
19,340,District - Puruliya (14),Total,Less than 18,1074482,554707,519775,1057313,550191,507122,16307,4285,12022,556,127,429,196,81,115,110,23,87,0,0,0
19,340,District - Puruliya (14),Total,Less than 21,1248482,645153,603329,1172914,630637,542277,73696,14127,59569,1041,223,818,452,115,337,379,51,328,0,0,0
19,340,District - Puruliya (14),Rural,All ages,2556801,1304208,1252593,1170072,665236,504836,1234446,610610,623836,140171,25974,114197,5602,1295,4307,6510,1093,5417,0,0,0
19,340,District - Puruliya (14),Rural,0-9,526431,268862,257569,526431,268862,257569,0,0,0,0,0,0,0,0,0,0,0,0,0,0,0
19,340,District - Puruliya (14),Rural,10-14,277625,141383,136242,273030,139705,133325,4297,1569,2728,180,50,130,85,46,39,33,13,20,0,0,0
19,340,District - Puruliya (14),Rural,15-19,241158,131076,110082,203914,125031,78883,36338,5883,30455,511,101,410,197,41,156,198,20,178,0,0,0
19,340,District - Puruliya (14),Rural,20-24,218969,111516,107453,93669,74340,19329,123284,36852,86432,956,182,774,528,83,445,532,59,473,0,0,0
19,340,District - Puruliya (14),Rural,25-29,206885,104534,102351,38985,32755,6230,164786,71243,93543,1733,289,1444,608,126,482,773,121,652,0,0,0
19,340,District - Puruliya (14),Rural,30-34,179835,89858,89977,14127,11225,2902,161397,77912,83485,2769,447,2322,710,122,588,832,152,680,0,0,0
19,340,District - Puruliya (14),Rural,35-39,184442,93682,90760,6830,4843,1987,171063,87760,83303,4777,777,4000,803,151,652,969,151,818,0,0,0
19,340,District - Puruliya (14),Rural,40-44,160298,83391,76907,3678,2423,1255,147686,79560,68126,7265,1113,6152,770,155,615,899,140,759,0,0,0
19,340,District - Puruliya (14),Rural,45-49,136356,71133,65223,2299,1545,754,123171,67627,55544,9615,1724,7891,537,115,422,734,122,612,0,0,0
19,340,District - Puruliya (14),Rural,50-54,109276,57298,51978,1456,986,470,94573,53911,40662,12315,2190,10125,395,105,290,537,106,431,0,0,0
19,340,District - Puruliya (14),Rural,55-59,88995,43529,45466,1034,715,319,73125,40105,33020,14166,2561,11605,307,75,232,363,73,290,0,0,0
19,340,District - Puruliya (14),Rural,60-64,86883,41263,45620,1008,622,386,60512,36487,24025,24780,4013,20767,271,76,195,312,65,247,0,0,0
19,340,District - Puruliya (14),Rural,65-69,62512,29932,32580,747,487,260,37763,25147,12616,23656,4187,19469,174,75,99,172,36,136,0,0,0
19,340,District - Puruliya (14),Rural,70-74,39695,19048,20647,407,243,164,20463,14983,5480,18636,3743,14893,110,59,51,79,20,59,0,0,0
19,340,District - Puruliya (14),Rural,75-79,18092,8460,9632,179,106,73,8418,6274,2144,9406,2037,7369,57,36,21,32,7,25,0,0,0
19,340,District - Puruliya (14),Rural,80+,17237,8131,9106,1081,645,436,6821,4927,1894,9252,2524,6728,46,29,17,37,6,31,0,0,0
19,340,District - Puruliya (14),Rural,Age not stated,2112,1112,1000,1197,703,494,749,370,379,154,36,118,4,1,3,8,2,6,0,0,0
19,340,District - Puruliya (14),Rural,Less than 18,949873,490148,459725,934725,486240,448485,14390,3708,10682,497,111,386,162,68,94,99,21,78,0,0,0
19,340,District - Puruliya (14),Rural,Less than 21,1100223,568501,531722,1032725,555615,477110,65853,12544,53309,912,194,718,380,99,281,353,49,304,0,0,0
19,340,District - Puruliya (14),Urban,All ages,373314,192788,180526,174399,100655,73744,178663,88757,89906,18761,3059,15702,930,221,709,561,96,465,0,0,0
19,340,District - Puruliya (14),Urban,0-9,65734,34160,31574,65734,34160,31574,0,0,0,0,0,0,0,0,0,0,0,0,0,0,0
19,340,District - Puruliya (14),Urban,10-14,36940,18883,18057,36259,18594,17665,637,273,364,24,7,17,17,8,9,3,1,2,0,0,0
19,340,District - Puruliya (14),Urban,15-19,37085,19390,17695,32721,18629,14092,4247,735,3512,68,17,51,35,8,27,14,1,13,0,0,0
19,340,District - Puruliya (14),Urban,20-24,34707,17644,17063,19632,13764,5868,14806,3838,10968,148,24,124,77,12,65,44,6,38,0,0,0
19,340,District - Puruliya (14),Urban,25-29,32523,16522,16001,9773,7903,1870,22309,8540,13769,266,56,210,103,16,87,72,7,65,0,0,0
19,340,District - Puruliya (14),Urban,30-34,28617,14514,14103,4162,3401,761,23804,11020,12784,420,65,355,133,16,117,98,12,86,0,0,0
19,340,District - Puruliya (14),Urban,35-39,28457,14374,14083,1946,1483,463,25536,12741,12795,736,104,632,135,28,107,104,18,86,0,0,0
19,340,District - Puruliya (14),Urban,40-44,24768,13140,11628,1138,835,303,22272,12116,10156,1140,146,994,141,28,113,77,15,62,0,0,0
19,340,District - Puruliya (14),Urban,45-49,22003,11634,10369,707,472,235,19608,10909,8699,1520,211,1309,110,28,82,58,14,44,0,0,0
19,340,District - Puruliya (14),Urban,50-54,17070,9151,7919,462,292,170,14633,8563,6070,1881,261,1620,59,24,35,35,11,24,0,0,0
19,340,District - Puruliya (14),Urban,55-59,13883,7555,6328,345,218,127,11406,6961,4445,2060,352,1708,48,20,28,24,4,20,0,0,0
19,340,District - Puruliya (14),Urban,60-64,11463,5684,5779,242,146,96,8156,5113,3043,3014,409,2605,34,12,22,17,4,13,0,0,0
19,340,District - Puruliya (14),Urban,65-69,8024,4046,3978,213,126,87,5208,3527,1681,2583,383,2200,14,8,6,6,2,4,0,0,0
19,340,District - Puruliya (14),Urban,70-74,5401,2740,2661,102,60,42,3071,2297,774,2211,376,1835,11,6,5,6,1,5,0,0,0
19,340,District - Puruliya (14),Urban,75-79,2717,1346,1371,48,20,28,1363,1038,325,1298,282,1016,7,6,1,1,0,1,0,0,0
19,340,District - Puruliya (14),Urban,80+,2918,1451,1467,282,179,103,1284,919,365,1349,353,996,3,0,3,0,0,0,0,0,0
19,340,District - Puruliya (14),Urban,Age not stated,1004,554,450,633,373,260,323,167,156,43,13,30,3,1,2,2,0,2,0,0,0
19,340,District - Puruliya (14),Urban,Less than 18,124609,64559,60050,122588,63951,58637,1917,577,1340,59,16,43,34,13,21,11,2,9,0,0,0
19,340,District - Puruliya (14),Urban,Less than 21,148259,76652,71607,140189,75022,65167,7843,1583,6260,129,29,100,72,16,56,26,2,24,0,0,0
19,341,District - Haora  (15),Total,All ages,4850029,2500819,2349210,2111953,1217887,894066,2478925,1241112,1237813,237590,34760,202830,15212,5537,9675,6349,1523,4826,0,0,0
19,341,District - Haora  (15),Total,0-9,762830,389528,373302,762830,389528,373302,0,0,0,0,0,0,0,0,0,0,0,0,0,0,0
19,341,District - Haora  (15),Total,10-14,442820,226893,215927,431742,222340,209402,10348,4270,6078,388,108,280,284,146,138,58,29,29,0,0,0
19,341,District - Haora  (15),Total,15-19,473223,241434,231789,412233,230843,181390,59551,10166,49385,826,211,615,453,171,282,160,43,117,0,0,0
19,341,District - Haora  (15),Total,20-24,469745,235349,234396,253021,181361,71660,213557,53222,160335,1475,357,1118,1143,319,824,549,90,459,0,0,0
19,341,District - Haora  (15),Total,25-29,438546,219710,218836,122425,99546,22879,310865,118955,191910,2665,549,2116,1753,493,1260,838,167,671,0,0,0
19,341,District - Haora  (15),Total,30-34,399263,205505,193758,50944,41161,9783,340714,162707,178007,4653,803,3850,2009,627,1382,943,207,736,0,0,0
19,341,District - Haora  (15),Total,35-39,396845,204183,192662,24821,18466,6355,360360,183520,176840,8371,1194,7177,2281,762,1519,1012,241,771,0,0,0
19,341,District - Haora  (15),Total,40-44,333497,178863,154634,14471,9901,4570,303481,166392,137089,12674,1617,11057,1987,717,1270,884,236,648,0,0,0
19,341,District - Haora  (15),Total,45-49,293699,158182,135517,10113,6526,3587,263648,148722,114926,17467,2128,15339,1772,629,1143,699,177,522,0,0,0
19,341,District - Haora  (15),Total,50-54,230490,126904,103586,7391,4482,2909,198691,118722,79969,22618,2998,19620,1297,571,726,493,131,362,0,0,0
19,341,District - Haora  (15),Total,55-59,175479,95245,80234,4929,3010,1919,145325,88609,56716,24154,3212,20942,772,334,438,299,80,219,0,0,0
19,341,District - Haora  (15),Total,60-64,144972,75810,69162,4015,2431,1584,106825,68817,38008,33398,4255,29143,575,264,311,159,43,116,0,0,0
19,341,District - Haora  (15),Total,65-69,107733,54909,52824,2904,1768,1136,72114,48701,23413,32282,4253,28029,338,163,175,95,24,71,0,0,0
19,341,District - Haora  (15),Total,70-74,80000,40164,39836,1964,1276,688,45822,33854,11968,31898,4875,27023,258,143,115,58,16,42,0,0,0
19,341,District - Haora  (15),Total,75-79,43527,21549,21978,1050,725,325,22711,17385,5326,19606,3343,16263,122,84,38,38,12,26,0,0,0
19,341,District - Haora  (15),Total,80+,50903,22963,27940,3885,2394,1491,22060,15655,6405,24763,4792,19971,141,100,41,54,22,32,0,0,0
19,341,District - Haora  (15),Total,Age not stated,6457,3628,2829,3215,2129,1086,2853,1415,1438,352,65,287,27,14,13,10,5,5,0,0,0
19,341,District - Haora  (15),Total,Less than 18,1476988,755632,721356,1448027,746472,701555,27450,8642,18808,909,230,679,488,235,253,114,53,61,0,0,0
19,341,District - Haora  (15),Total,Less than 21,1793336,913087,880249,1678984,890706,788278,111493,21515,89978,1592,402,1190,952,378,574,315,86,229,0,0,0
19,341,District - Haora  (15),Rural,All ages,1775885,909519,866366,772520,446912,325608,910313,451068,459245,86407,9963,76444,4310,1107,3203,2335,469,1866,0,0,0
19,341,District - Haora  (15),Rural,0-9,297506,151424,146082,297506,151424,146082,0,0,0,0,0,0,0,0,0,0,0,0,0,0,0
19,341,District - Haora  (15),Rural,10-14,170131,86370,83761,166267,84797,81470,3644,1488,2156,123,36,87,84,45,39,13,4,9,0,0,0
19,341,District - Haora  (15),Rural,15-19,183231,93055,90176,155681,88783,66898,27034,4142,22892,307,72,235,142,42,100,67,16,51,0,0,0
19,341,District - Haora  (15),Rural,20-24,176035,88234,87801,83874,65150,18724,91063,22884,68179,501,104,397,351,61,290,246,35,211,0,0,0
19,341,District - Haora  (15),Rural,25-29,160207,80600,79607,37590,32840,4750,120863,47444,73419,926,160,766,523,97,426,305,59,246,0,0,0
19,341,District - Haora  (15),Rural,30-34,142275,73586,68689,14071,12007,2064,125662,61156,64506,1643,246,1397,561,109,452,338,68,270,0,0,0
19,341,District - Haora  (15),Rural,35-39,141564,73095,68469,5914,4490,1424,131768,68073,63695,2902,318,2584,625,147,478,355,67,288,0,0,0
19,341,District - Haora  (15),Rural,40-44,116479,62328,54151,3049,2100,949,108218,59613,48605,4333,404,3929,557,138,419,322,73,249,0,0,0
19,341,District - Haora  (15),Rural,45-49,99398,53457,45941,2124,1342,782,90797,51443,39354,5782,531,5251,439,93,346,256,48,208,0,0,0
19,341,District - Haora  (15),Rural,50-54,76250,41844,34406,1453,887,566,66970,40062,26908,7304,763,6541,334,93,241,189,39,150,0,0,0
19,341,District - Haora  (15),Rural,55-59,58378,31195,27183,939,583,356,48897,29621,19276,8239,920,7319,192,48,144,111,23,88,0,0,0
19,341,District - Haora  (15),Rural,60-64,49124,24686,24438,860,526,334,36113,22983,13130,11930,1104,10826,172,60,112,49,13,36,0,0,0
19,341,District - Haora  (15),Rural,65-69,39825,19442,20383,722,418,304,26280,17709,8571,12665,1263,11402,123,43,80,35,9,26,0,0,0
19,341,District - Haora  (15),Rural,70-74,29253,13748,15505,396,260,136,16285,11993,4292,12459,1446,11013,93,46,47,20,3,17,0,0,0
19,341,District - Haora  (15),Rural,75-79,16211,7706,8505,187,121,66,8335,6478,1857,7627,1063,6564,52,40,12,10,4,6,0,0,0
19,341,District - Haora  (15),Rural,80+,18472,7859,10613,1119,656,463,7701,5637,2064,9579,1515,8064,57,44,13,16,7,9,0,0,0
19,341,District - Haora  (15),Rural,Age not stated,1546,890,656,768,528,240,683,342,341,87,18,69,5,1,4,3,1,2,0,0,0
19,341,District - Haora  (15),Rural,Less than 18,572474,291378,281096,561351,288069,273282,10637,3161,7476,321,74,247,135,63,72,30,11,19,0,0,0
19,341,District - Haora  (15),Rural,Less than 21,694486,351620,342866,644222,342651,301571,49288,8703,40585,557,136,421,288,99,189,131,31,100,0,0,0
19,341,District - Haora  (15),Urban,All ages,3074144,1591300,1482844,1339433,770975,568458,1568612,790044,778568,151183,24797,126386,10902,4430,6472,4014,1054,2960,0,0,0
19,341,District - Haora  (15),Urban,0-9,465324,238104,227220,465324,238104,227220,0,0,0,0,0,0,0,0,0,0,0,0,0,0,0
19,341,District - Haora  (15),Urban,10-14,272689,140523,132166,265475,137543,127932,6704,2782,3922,265,72,193,200,101,99,45,25,20,0,0,0
19,341,District - Haora  (15),Urban,15-19,289992,148379,141613,256552,142060,114492,32517,6024,26493,519,139,380,311,129,182,93,27,66,0,0,0
19,341,District - Haora  (15),Urban,20-24,293710,147115,146595,169147,116211,52936,122494,30338,92156,974,253,721,792,258,534,303,55,248,0,0,0
19,341,District - Haora  (15),Urban,25-29,278339,139110,139229,84835,66706,18129,190002,71511,118491,1739,389,1350,1230,396,834,533,108,425,0,0,0
19,341,District - Haora  (15),Urban,30-34,256988,131919,125069,36873,29154,7719,215052,101551,113501,3010,557,2453,1448,518,930,605,139,466,0,0,0
19,341,District - Haora  (15),Urban,35-39,255281,131088,124193,18907,13976,4931,228592,115447,113145,5469,876,4593,1656,615,1041,657,174,483,0,0,0
19,341,District - Haora  (15),Urban,40-44,217018,116535,100483,11422,7801,3621,195263,106779,88484,8341,1213,7128,1430,579,851,562,163,399,0,0,0
19,341,District - Haora  (15),Urban,45-49,194301,104725,89576,7989,5184,2805,172851,97279,75572,11685,1597,10088,1333,536,797,443,129,314,0,0,0
19,341,District - Haora  (15),Urban,50-54,154240,85060,69180,5938,3595,2343,131721,78660,53061,15314,2235,13079,963,478,485,304,92,212,0,0,0
19,341,District - Haora  (15),Urban,55-59,117101,64050,53051,3990,2427,1563,96428,58988,37440,15915,2292,13623,580,286,294,188,57,131,0,0,0
19,341,District - Haora  (15),Urban,60-64,95848,51124,44724,3155,1905,1250,70712,45834,24878,21468,3151,18317,403,204,199,110,30,80,0,0,0
19,341,District - Haora  (15),Urban,65-69,67908,35467,32441,2182,1350,832,45834,30992,14842,19617,2990,16627,215,120,95,60,15,45,0,0,0
19,341,District - Haora  (15),Urban,70-74,50747,26416,24331,1568,1016,552,29537,21861,7676,19439,3429,16010,165,97,68,38,13,25,0,0,0
19,341,District - Haora  (15),Urban,75-79,27316,13843,13473,863,604,259,14376,10907,3469,11979,2280,9699,70,44,26,28,8,20,0,0,0
19,341,District - Haora  (15),Urban,80+,32431,15104,17327,2766,1738,1028,14359,10018,4341,15184,3277,11907,84,56,28,38,15,23,0,0,0
19,341,District - Haora  (15),Urban,Age not stated,4911,2738,2173,2447,1601,846,2170,1073,1097,265,47,218,22,13,9,7,4,3,0,0,0
19,341,District - Haora  (15),Urban,Less than 18,904514,464254,440260,886676,458403,428273,16813,5481,11332,588,156,432,353,172,181,84,42,42,0,0,0
19,341,District - Haora  (15),Urban,Less than 21,1098850,561467,537383,1034762,548055,486707,62205,12812,49393,1035,266,769,664,279,385,184,55,129,0,0,0
19,342,District - Kolkata (16),Total,All ages,4496694,2356766,2139928,1855143,1076637,778506,2357203,1217422,1139781,254945,50076,204869,21754,10200,11554,7649,2431,5218,0,0,0
19,342,District - Kolkata (16),Total,0-9,511380,264527,246853,511380,264527,246853,0,0,0,0,0,0,0,0,0,0,0,0,0,0,0
19,342,District - Kolkata (16),Total,10-14,336850,176065,160785,325967,171648,154319,9821,3976,5845,537,174,363,446,223,223,79,44,35,0,0,0
19,342,District - Kolkata (16),Total,15-19,370514,193986,176528,333652,184750,148902,35148,8643,26505,981,265,716,598,279,319,135,49,86,0,0,0
19,342,District - Kolkata (16),Total,20-24,400295,206756,193539,269293,170308,98985,127645,35468,92177,1526,361,1165,1375,538,837,456,81,375,0,0,0
19,342,District - Kolkata (16),Total,25-29,406350,207402,198948,161663,114372,47291,238934,91341,147593,2624,615,2009,2327,915,1412,802,159,643,0,0,0
19,342,District - Kolkata (16),Total,30-34,380075,196471,183604,79157,57567,21590,292194,136364,155830,4720,1064,3656,2884,1208,1676,1120,268,852,0,0,0
19,342,District - Kolkata (16),Total,35-39,385735,197996,187739,46567,32676,13891,326598,161961,164637,8069,1514,6555,3233,1450,1783,1268,395,873,0,0,0
19,342,District - Kolkata (16),Total,40-44,347243,187074,160169,31710,21328,10382,298698,161625,137073,12681,2299,10382,3032,1401,1631,1122,421,701,0,0,0
19,342,District - Kolkata (16),Total,45-49,320261,171269,148992,22700,14601,8099,275754,151908,123846,18356,3182,15174,2536,1262,1274,915,316,599,0,0,0
19,342,District - Kolkata (16),Total,50-54,270623,148476,122147,17425,10808,6617,225644,132009,93635,24990,4448,20542,1942,977,965,622,234,388,0,0,0
19,342,District - Kolkata (16),Total,55-59,214992,117306,97686,11969,7312,4657,175040,104410,70630,26354,4755,21599,1196,659,537,433,170,263,0,0,0
19,342,District - Kolkata (16),Total,60-64,182158,97420,84738,9739,5747,3992,135247,84488,50759,35986,6549,29437,917,533,384,269,103,166,0,0,0
19,342,District - Kolkata (16),Total,65-69,124809,65346,59463,6268,3636,2632,86571,55488,31083,31331,5867,25464,494,289,205,145,66,79,0,0,0
19,342,District - Kolkata (16),Total,70-74,97003,50819,46184,4730,2876,1854,58742,41238,17504,33071,6436,26635,336,213,123,124,56,68,0,0,0
19,342,District - Kolkata (16),Total,75-79,56360,29080,27280,2841,1765,1076,30787,22270,8517,22503,4923,17580,168,98,70,61,24,37,0,0,0
19,342,District - Kolkata (16),Total,80+,68824,33331,35493,6948,4337,2611,31245,21432,9813,30358,7415,22943,203,114,89,70,33,37,0,0,0
19,342,District - Kolkata (16),Total,Age not stated,23222,13442,9780,13134,8379,4755,9135,4801,4334,858,209,649,67,41,26,28,12,16,0,0,0
19,342,District - Kolkata (16),Total,Less than 18,1057582,550338,507244,1032270,541306,490964,23258,8257,15001,1154,330,824,758,372,386,142,73,69,0,0,0
19,342,District - Kolkata (16),Total,Less than 21,1313363,682856,630507,1241817,663622,578195,68030,17990,50040,1919,523,1396,1309,613,696,288,108,180,0,0,0
19,342,District - Kolkata (16),Rural,All ages,0,0,0,0,0,0,0,0,0,0,0,0,0,0,0,0,0,0,0,0,0
19,342,District - Kolkata (16),Rural,0-9,0,0,0,0,0,0,0,0,0,0,0,0,0,0,0,0,0,0,0,0,0
19,342,District - Kolkata (16),Rural,10-14,0,0,0,0,0,0,0,0,0,0,0,0,0,0,0,0,0,0,0,0,0
19,342,District - Kolkata (16),Rural,15-19,0,0,0,0,0,0,0,0,0,0,0,0,0,0,0,0,0,0,0,0,0
19,342,District - Kolkata (16),Rural,20-24,0,0,0,0,0,0,0,0,0,0,0,0,0,0,0,0,0,0,0,0,0
19,342,District - Kolkata (16),Rural,25-29,0,0,0,0,0,0,0,0,0,0,0,0,0,0,0,0,0,0,0,0,0
19,342,District - Kolkata (16),Rural,30-34,0,0,0,0,0,0,0,0,0,0,0,0,0,0,0,0,0,0,0,0,0
19,342,District - Kolkata (16),Rural,35-39,0,0,0,0,0,0,0,0,0,0,0,0,0,0,0,0,0,0,0,0,0
19,342,District - Kolkata (16),Rural,40-44,0,0,0,0,0,0,0,0,0,0,0,0,0,0,0,0,0,0,0,0,0
19,342,District - Kolkata (16),Rural,45-49,0,0,0,0,0,0,0,0,0,0,0,0,0,0,0,0,0,0,0,0,0
19,342,District - Kolkata (16),Rural,50-54,0,0,0,0,0,0,0,0,0,0,0,0,0,0,0,0,0,0,0,0,0
19,342,District - Kolkata (16),Rural,55-59,0,0,0,0,0,0,0,0,0,0,0,0,0,0,0,0,0,0,0,0,0
19,342,District - Kolkata (16),Rural,60-64,0,0,0,0,0,0,0,0,0,0,0,0,0,0,0,0,0,0,0,0,0
19,342,District - Kolkata (16),Rural,65-69,0,0,0,0,0,0,0,0,0,0,0,0,0,0,0,0,0,0,0,0,0
19,342,District - Kolkata (16),Rural,70-74,0,0,0,0,0,0,0,0,0,0,0,0,0,0,0,0,0,0,0,0,0
19,342,District - Kolkata (16),Rural,75-79,0,0,0,0,0,0,0,0,0,0,0,0,0,0,0,0,0,0,0,0,0
19,342,District - Kolkata (16),Rural,80+,0,0,0,0,0,0,0,0,0,0,0,0,0,0,0,0,0,0,0,0,0
19,342,District - Kolkata (16),Rural,Age not stated,0,0,0,0,0,0,0,0,0,0,0,0,0,0,0,0,0,0,0,0,0
19,342,District - Kolkata (16),Rural,Less than 18,0,0,0,0,0,0,0,0,0,0,0,0,0,0,0,0,0,0,0,0,0
19,342,District - Kolkata (16),Rural,Less than 21,0,0,0,0,0,0,0,0,0,0,0,0,0,0,0,0,0,0,0,0,0
19,342,District - Kolkata (16),Urban,All ages,4496694,2356766,2139928,1855143,1076637,778506,2357203,1217422,1139781,254945,50076,204869,21754,10200,11554,7649,2431,5218,0,0,0
19,342,District - Kolkata (16),Urban,0-9,511380,264527,246853,511380,264527,246853,0,0,0,0,0,0,0,0,0,0,0,0,0,0,0
19,342,District - Kolkata (16),Urban,10-14,336850,176065,160785,325967,171648,154319,9821,3976,5845,537,174,363,446,223,223,79,44,35,0,0,0
19,342,District - Kolkata (16),Urban,15-19,370514,193986,176528,333652,184750,148902,35148,8643,26505,981,265,716,598,279,319,135,49,86,0,0,0
19,342,District - Kolkata (16),Urban,20-24,400295,206756,193539,269293,170308,98985,127645,35468,92177,1526,361,1165,1375,538,837,456,81,375,0,0,0
19,342,District - Kolkata (16),Urban,25-29,406350,207402,198948,161663,114372,47291,238934,91341,147593,2624,615,2009,2327,915,1412,802,159,643,0,0,0
19,342,District - Kolkata (16),Urban,30-34,380075,196471,183604,79157,57567,21590,292194,136364,155830,4720,1064,3656,2884,1208,1676,1120,268,852,0,0,0
19,342,District - Kolkata (16),Urban,35-39,385735,197996,187739,46567,32676,13891,326598,161961,164637,8069,1514,6555,3233,1450,1783,1268,395,873,0,0,0
19,342,District - Kolkata (16),Urban,40-44,347243,187074,160169,31710,21328,10382,298698,161625,137073,12681,2299,10382,3032,1401,1631,1122,421,701,0,0,0
19,342,District - Kolkata (16),Urban,45-49,320261,171269,148992,22700,14601,8099,275754,151908,123846,18356,3182,15174,2536,1262,1274,915,316,599,0,0,0
19,342,District - Kolkata (16),Urban,50-54,270623,148476,122147,17425,10808,6617,225644,132009,93635,24990,4448,20542,1942,977,965,622,234,388,0,0,0
19,342,District - Kolkata (16),Urban,55-59,214992,117306,97686,11969,7312,4657,175040,104410,70630,26354,4755,21599,1196,659,537,433,170,263,0,0,0
19,342,District - Kolkata (16),Urban,60-64,182158,97420,84738,9739,5747,3992,135247,84488,50759,35986,6549,29437,917,533,384,269,103,166,0,0,0
19,342,District - Kolkata (16),Urban,65-69,124809,65346,59463,6268,3636,2632,86571,55488,31083,31331,5867,25464,494,289,205,145,66,79,0,0,0
19,342,District - Kolkata (16),Urban,70-74,97003,50819,46184,4730,2876,1854,58742,41238,17504,33071,6436,26635,336,213,123,124,56,68,0,0,0
19,342,District - Kolkata (16),Urban,75-79,56360,29080,27280,2841,1765,1076,30787,22270,8517,22503,4923,17580,168,98,70,61,24,37,0,0,0
19,342,District - Kolkata (16),Urban,80+,68824,33331,35493,6948,4337,2611,31245,21432,9813,30358,7415,22943,203,114,89,70,33,37,0,0,0
19,342,District - Kolkata (16),Urban,Age not stated,23222,13442,9780,13134,8379,4755,9135,4801,4334,858,209,649,67,41,26,28,12,16,0,0,0
19,342,District - Kolkata (16),Urban,Less than 18,1057582,550338,507244,1032270,541306,490964,23258,8257,15001,1154,330,824,758,372,386,142,73,69,0,0,0
19,342,District - Kolkata (16),Urban,Less than 21,1313363,682856,630507,1241817,663622,578195,68030,17990,50040,1919,523,1396,1309,613,696,288,108,180,0,0,0
19,343,District - South Twenty Four Parganas (17),Total,All ages,8161961,4173778,3988183,3618621,2056963,1561658,4158524,2055718,2102806,343726,50508,293218,28180,7673,20507,12910,2916,9994,0,0,0
19,343,District - South Twenty Four Parganas (17),Total,0-9,1505933,766810,739123,1505933,766810,739123,0,0,0,0,0,0,0,0,0,0,0,0,0,0,0
19,343,District - South Twenty Four Parganas (17),Total,10-14,843807,430349,413458,821429,421469,399960,20846,8266,12580,791,255,536,586,290,296,155,69,86,0,0,0
19,343,District - South Twenty Four Parganas (17),Total,15-19,837800,424440,413360,681110,397777,283333,153461,25847,127614,1583,392,1191,1099,324,775,547,100,447,0,0,0
19,343,District - South Twenty Four Parganas (17),Total,20-24,822249,409187,413062,340090,260437,79653,475322,147371,327951,2770,618,2152,2540,515,2025,1527,246,1281,0,0,0
19,343,District - South Twenty Four Parganas (17),Total,25-29,754154,382071,372083,140303,116285,24018,603812,263716,340096,4619,947,3672,3472,739,2733,1948,384,1564,0,0,0
19,343,District - South Twenty Four Parganas (17),Total,30-34,613297,314686,298611,51615,41947,9668,549409,270285,279124,6778,1227,5551,3580,825,2755,1915,402,1513,0,0,0
19,343,District - South Twenty Four Parganas (17),Total,35-39,604107,307950,296157,24614,18433,6181,561812,286376,275436,11686,1716,9970,4044,999,3045,1951,426,1525,0,0,0
19,343,District - South Twenty Four Parganas (17),Total,40-44,499013,263158,235855,13538,9421,4117,462726,250224,212502,17777,2276,15501,3412,853,2559,1560,384,1176,0,0,0
19,343,District - South Twenty Four Parganas (17),Total,45-49,435057,229862,205195,8999,5958,3041,397233,219865,177368,24697,3022,21675,2952,721,2231,1176,296,880,0,0,0
19,343,District - South Twenty Four Parganas (17),Total,50-54,332735,179740,152995,6036,3673,2363,292881,171333,121548,30883,3924,26959,2106,612,1494,829,198,631,0,0,0
19,343,District - South Twenty Four Parganas (17),Total,55-59,260900,138514,122386,4143,2542,1601,220607,130990,89617,34242,4377,29865,1444,479,965,464,126,338,0,0,0
19,343,District - South Twenty Four Parganas (17),Total,60-64,219190,112654,106536,3639,2115,1524,165174,104126,61048,48995,5965,43030,1049,349,700,333,99,234,0,0,0
19,343,District - South Twenty Four Parganas (17),Total,65-69,165457,84274,81183,2807,1565,1242,113013,75880,37133,48652,6440,42212,777,310,467,208,79,129,0,0,0
19,343,District - South Twenty Four Parganas (17),Total,70-74,114121,56635,57486,1866,1075,791,67060,48621,18439,44591,6624,37967,491,274,217,113,41,72,0,0,0
19,343,District - South Twenty Four Parganas (17),Total,75-79,62014,30600,31414,1052,612,440,33569,24901,8668,27064,4902,22162,263,161,102,66,24,42,0,0,0
19,343,District - South Twenty Four Parganas (17),Total,80+,81141,36783,44358,5952,3435,2517,36736,25410,11326,38050,7706,30344,312,202,110,91,30,61,0,0,0
19,343,District - South Twenty Four Parganas (17),Total,Age not stated,10986,6065,4921,5495,3409,2086,4863,2507,2356,548,117,431,53,20,33,27,12,15,0,0,0
19,343,District - South Twenty Four Parganas (17),Total,Less than 18,2830290,1446167,1384123,2763299,1427076,1336223,63804,18021,45783,1765,485,1280,1081,466,615,341,119,222,0,0,0
19,343,District - South Twenty Four Parganas (17),Total,Less than 21,3390096,1715814,1674282,3110462,1659851,1450611,273383,54281,219102,3048,767,2281,2208,712,1496,995,203,792,0,0,0
19,343,District - South Twenty Four Parganas (17),Rural,All ages,6074188,3109219,2964969,2743837,1555650,1188187,3057736,1510239,1547497,243508,35997,207511,19605,5237,14368,9502,2096,7406,0,0,0
19,343,District - South Twenty Four Parganas (17),Rural,0-9,1183643,602129,581514,1183643,602129,581514,0,0,0,0,0,0,0,0,0,0,0,0,0,0,0
19,343,District - South Twenty Four Parganas (17),Rural,10-14,657350,334540,322810,640487,327934,312553,15708,6139,9569,585,191,394,446,220,226,124,56,68,0,0,0
19,343,District - South Twenty Four Parganas (17),Rural,15-19,642234,325804,316430,516347,304593,211754,123412,20576,102836,1209,300,909,827,252,575,439,83,356,0,0,0
19,343,District - South Twenty Four Parganas (17),Rural,20-24,618682,310109,308573,239292,189702,49590,374246,119367,254879,2056,470,1586,1862,377,1485,1226,193,1033,0,0,0
19,343,District - South Twenty Four Parganas (17),Rural,25-29,556772,285201,271571,90256,77218,13038,459257,206461,252796,3374,705,2669,2444,528,1916,1441,289,1152,0,0,0
19,343,District - South Twenty Four Parganas (17),Rural,30-34,439683,227191,212492,29886,24781,5105,401196,200752,200444,4776,836,3940,2441,553,1888,1384,269,1115,0,0,0
19,343,District - South Twenty Four Parganas (17),Rural,35-39,430818,220291,210527,13538,10191,3347,405133,208015,197118,8096,1171,6925,2647,629,2018,1404,285,1119,0,0,0
19,343,District - South Twenty Four Parganas (17),Rural,40-44,353699,186450,167249,7262,5083,2179,330855,179026,151829,12185,1560,10625,2302,533,1769,1095,248,847,0,0,0
19,343,District - South Twenty Four Parganas (17),Rural,45-49,306448,161892,144556,4699,3184,1515,282289,155973,126316,16637,2067,14570,1978,454,1524,845,214,631,0,0,0
19,343,District - South Twenty Four Parganas (17),Rural,50-54,232934,125758,107176,3063,1930,1133,207026,120583,86443,20823,2699,18124,1422,392,1030,600,154,446,0,0,0
19,343,District - South Twenty Four Parganas (17),Rural,55-59,184167,97400,86767,2215,1395,820,156973,92528,64445,23644,3077,20567,1003,307,696,332,93,239,0,0,0
19,343,District - South Twenty Four Parganas (17),Rural,60-64,155775,79445,76330,2058,1171,887,118053,73762,44291,34653,4189,30464,770,253,517,241,70,171,0,0,0
19,343,District - South Twenty Four Parganas (17),Rural,65-69,120345,60788,59557,1747,946,801,82098,54830,27268,35773,4728,31045,574,222,352,153,62,91,0,0,0
19,343,District - South Twenty Four Parganas (17),Rural,70-74,81713,40182,41531,1100,593,507,48023,34536,13487,32123,4818,27305,377,203,174,90,32,58,0,0,0
19,343,District - South Twenty Four Parganas (17),Rural,75-79,44462,21629,22833,624,347,277,23947,17641,6306,19628,3494,16134,217,133,84,46,14,32,0,0,0
19,343,District - South Twenty Four Parganas (17),Rural,80+,58338,26472,31866,3980,2241,1739,26452,18418,8034,27585,5620,21965,257,167,90,64,26,38,0,0,0
19,343,District - South Twenty Four Parganas (17),Rural,Age not stated,7125,3938,3187,3640,2212,1428,3068,1632,1436,361,72,289,38,14,24,18,8,10,0,0,0
19,343,District - South Twenty Four Parganas (17),Rural,Less than 18,2211045,1128805,1082240,2158725,1114257,1044468,49895,13722,36173,1336,371,965,815,357,458,274,98,176,0,0,0
19,343,District - South Twenty Four Parganas (17),Rural,Less than 21,2637253,1334329,1302924,2414553,1289942,1124611,217956,43086,174870,2274,582,1692,1662,550,1112,808,169,639,0,0,0
19,343,District - South Twenty Four Parganas (17),Urban,All ages,2087773,1064559,1023214,874784,501313,373471,1100788,545479,555309,100218,14511,85707,8575,2436,6139,3408,820,2588,0,0,0
19,343,District - South Twenty Four Parganas (17),Urban,0-9,322290,164681,157609,322290,164681,157609,0,0,0,0,0,0,0,0,0,0,0,0,0,0,0
19,343,District - South Twenty Four Parganas (17),Urban,10-14,186457,95809,90648,180942,93535,87407,5138,2127,3011,206,64,142,140,70,70,31,13,18,0,0,0
19,343,District - South Twenty Four Parganas (17),Urban,15-19,195566,98636,96930,164763,93184,71579,30049,5271,24778,374,92,282,272,72,200,108,17,91,0,0,0
19,343,District - South Twenty Four Parganas (17),Urban,20-24,203567,99078,104489,100798,70735,30063,101076,28004,73072,714,148,566,678,138,540,301,53,248,0,0,0
19,343,District - South Twenty Four Parganas (17),Urban,25-29,197382,96870,100512,50047,39067,10980,144555,57255,87300,1245,242,1003,1028,211,817,507,95,412,0,0,0
19,343,District - South Twenty Four Parganas (17),Urban,30-34,173614,87495,86119,21729,17166,4563,148213,69533,78680,2002,391,1611,1139,272,867,531,133,398,0,0,0
19,343,District - South Twenty Four Parganas (17),Urban,35-39,173289,87659,85630,11076,8242,2834,156679,78361,78318,3590,545,3045,1397,370,1027,547,141,406,0,0,0
19,343,District - South Twenty Four Parganas (17),Urban,40-44,145314,76708,68606,6276,4338,1938,131871,71198,60673,5592,716,4876,1110,320,790,465,136,329,0,0,0
19,343,District - South Twenty Four Parganas (17),Urban,45-49,128609,67970,60639,4300,2774,1526,114944,63892,51052,8060,955,7105,974,267,707,331,82,249,0,0,0
19,343,District - South Twenty Four Parganas (17),Urban,50-54,99801,53982,45819,2973,1743,1230,85855,50750,35105,10060,1225,8835,684,220,464,229,44,185,0,0,0
19,343,District - South Twenty Four Parganas (17),Urban,55-59,76733,41114,35619,1928,1147,781,63634,38462,25172,10598,1300,9298,441,172,269,132,33,99,0,0,0
19,343,District - South Twenty Four Parganas (17),Urban,60-64,63415,33209,30206,1581,944,637,47121,30364,16757,14342,1776,12566,279,96,183,92,29,63,0,0,0
19,343,District - South Twenty Four Parganas (17),Urban,65-69,45112,23486,21626,1060,619,441,30915,21050,9865,12879,1712,11167,203,88,115,55,17,38,0,0,0
19,343,District - South Twenty Four Parganas (17),Urban,70-74,32408,16453,15955,766,482,284,19037,14085,4952,12468,1806,10662,114,71,43,23,9,14,0,0,0
19,343,District - South Twenty Four Parganas (17),Urban,75-79,17552,8971,8581,428,265,163,9622,7260,2362,7436,1408,6028,46,28,18,20,10,10,0,0,0
19,343,District - South Twenty Four Parganas (17),Urban,80+,22803,10311,12492,1972,1194,778,10284,6992,3292,10465,2086,8379,55,35,20,27,4,23,0,0,0
19,343,District - South Twenty Four Parganas (17),Urban,Age not stated,3861,2127,1734,1855,1197,658,1795,875,920,187,45,142,15,6,9,9,4,5,0,0,0
19,343,District - South Twenty Four Parganas (17),Urban,Less than 18,619245,317362,301883,604574,312819,291755,13909,4299,9610,429,114,315,266,109,157,67,21,46,0,0,0
19,343,District - South Twenty Four Parganas (17),Urban,Less than 21,752843,381485,371358,695909,369909,326000,55427,11195,44232,774,185,589,546,162,384,187,34,153,0,0,0
19,344,District - Paschim Medinipur (18),Total,All ages,5913457,3007885,2905572,2491351,1426363,1064988,3101204,1532894,1568310,289473,41559,247914,19660,4893,14767,11769,2176,9593,0,0,0
19,344,District - Paschim Medinipur (18),Total,0-9,1002909,510884,492025,1002909,510884,492025,0,0,0,0,0,0,0,0,0,0,0,0,0,0,0
19,344,District - Paschim Medinipur (18),Total,10-14,585212,297486,287726,571995,292160,279835,12274,4965,7309,535,167,368,297,141,156,111,53,58,0,0,0
19,344,District - Paschim Medinipur (18),Total,15-19,579423,301240,278183,473910,286644,187266,103484,14082,89402,1136,266,870,578,190,388,315,58,257,0,0,0
19,344,District - Paschim Medinipur (18),Total,20-24,558646,278273,280373,244005,193329,50676,310203,84124,226079,2024,421,1603,1387,252,1135,1027,147,880,0,0,0
19,344,District - Paschim Medinipur (18),Total,25-29,517781,258178,259603,99956,82533,17423,410616,174356,236260,3794,648,3146,2040,418,1622,1375,223,1152,0,0,0
19,344,District - Paschim Medinipur (18),Total,30-34,446133,222062,224071,33708,24943,8765,402848,195488,207360,5816,886,4930,2244,454,1790,1517,291,1226,0,0,0
19,344,District - Paschim Medinipur (18),Total,35-39,464706,228199,236507,17251,10136,7115,432719,215891,216828,10382,1316,9066,2648,549,2099,1706,307,1399,0,0,0
19,344,District - Paschim Medinipur (18),Total,40-44,402453,208586,193867,11160,5704,5456,371428,200270,171158,15876,1868,14008,2364,477,1887,1625,267,1358,0,0,0
19,344,District - Paschim Medinipur (18),Total,45-49,350958,185030,165928,8224,3811,4413,319005,177952,141053,20000,2551,17449,2265,453,1812,1464,263,1201,0,0,0
19,344,District - Paschim Medinipur (18),Total,50-54,272769,149157,123612,5584,2497,3087,239615,142765,96850,24838,3338,21500,1675,357,1318,1057,200,857,0,0,0
19,344,District - Paschim Medinipur (18),Total,55-59,210090,111730,98360,3629,1695,1934,176813,105955,70858,27728,3693,24035,1240,268,972,680,119,561,0,0,0
19,344,District - Paschim Medinipur (18),Total,60-64,174579,87211,87368,2823,1322,1501,128225,80400,47825,42064,5074,36990,1042,310,732,425,105,320,0,0,0
19,344,District - Paschim Medinipur (18),Total,65-69,133636,65456,68180,2093,1091,1002,86821,58374,28447,43744,5616,38128,771,313,458,207,62,145,0,0,0
19,344,District - Paschim Medinipur (18),Total,70-74,92011,43774,48237,1101,541,560,51263,37347,13916,39023,5573,33450,493,277,216,131,36,95,0,0,0
19,344,District - Paschim Medinipur (18),Total,75-79,50464,23869,26595,639,341,298,25236,19150,6086,24266,4167,20099,277,191,86,46,20,26,0,0,0
19,344,District - Paschim Medinipur (18),Total,80+,56630,26575,30055,3323,1925,1398,25226,18558,6668,27712,5839,21873,309,236,73,60,17,43,0,0,0
19,344,District - Paschim Medinipur (18),Total,Age not stated,15057,10175,4882,9041,6807,2234,5428,3217,2211,535,136,399,30,7,23,23,8,15,0,0,0
19,344,District - Paschim Medinipur (18),Total,Less than 18,1924585,987210,937375,1882118,975961,906157,40418,10597,29821,1246,316,930,559,251,308,244,85,159,0,0,0
19,344,District - Paschim Medinipur (18),Total,Less than 21,2302015,1173262,1128753,2119328,1142625,976703,178796,29617,149179,2115,510,1605,1145,377,768,631,133,498,0,0,0
19,344,District - Paschim Medinipur (18),Rural,All ages,5190771,2641721,2549050,2186814,1252320,934494,2728275,1347851,1380424,248486,35531,212955,16658,4120,12538,10538,1899,8639,0,0,0
19,344,District - Paschim Medinipur (18),Rural,0-9,902394,459841,442553,902394,459841,442553,0,0,0,0,0,0,0,0,0,0,0,0,0,0,0
19,344,District - Paschim Medinipur (18),Rural,10-14,525083,267185,257898,513549,262540,251009,10753,4350,6403,437,126,311,251,124,127,93,45,48,0,0,0
19,344,District - Paschim Medinipur (18),Rural,15-19,514887,268489,246398,418319,255462,162857,94842,12609,82233,948,212,736,492,158,334,286,48,238,0,0,0
19,344,District - Paschim Medinipur (18),Rural,20-24,489640,244400,245240,204075,166720,37355,281751,76999,204752,1704,334,1370,1173,211,962,937,136,801,0,0,0
19,344,District - Paschim Medinipur (18),Rural,25-29,452104,225703,226401,78757,66618,12139,367234,158017,209217,3217,530,2687,1664,337,1327,1232,201,1031,0,0,0
19,344,District - Paschim Medinipur (18),Rural,30-34,387639,193457,194182,24772,18317,6455,354817,173808,181009,4844,715,4129,1862,364,1498,1344,253,1091,0,0,0
19,344,District - Paschim Medinipur (18),Rural,35-39,405178,199164,206014,12661,7108,5553,380132,190249,189883,8668,1090,7578,2192,451,1741,1525,266,1259,0,0,0
19,344,District - Paschim Medinipur (18),Rural,40-44,349878,181681,168197,8239,3988,4251,324968,175515,149453,13229,1562,11667,1982,382,1600,1460,234,1226,0,0,0
19,344,District - Paschim Medinipur (18),Rural,45-49,302973,160553,142420,6148,2696,3452,277002,155081,121921,16645,2199,14446,1880,353,1527,1298,224,1074,0,0,0
19,344,District - Paschim Medinipur (18),Rural,50-54,233684,128146,105538,4087,1731,2356,206607,123158,83449,20631,2807,17824,1418,285,1133,941,165,776,0,0,0
19,344,District - Paschim Medinipur (18),Rural,55-59,179911,95428,84483,2629,1180,1449,152009,90741,61268,23569,3179,20390,1086,221,865,618,107,511,0,0,0
19,344,District - Paschim Medinipur (18),Rural,60-64,151327,75639,75688,2125,980,1145,111382,69875,41507,36507,4412,32095,922,273,649,391,99,292,0,0,0
19,344,District - Paschim Medinipur (18),Rural,65-69,115957,56439,59518,1571,824,747,75057,50427,24630,38436,4844,33592,709,293,416,184,51,133,0,0,0
19,344,District - Paschim Medinipur (18),Rural,70-74,79836,37859,41977,819,408,411,44305,32292,12013,34131,4869,29262,465,260,205,116,30,86,0,0,0
19,344,District - Paschim Medinipur (18),Rural,75-79,43575,20451,23124,468,248,220,21668,16447,5221,21140,3558,17582,257,180,77,42,18,24,0,0,0
19,344,District - Paschim Medinipur (18),Rural,80+,48913,23033,25880,2724,1576,1148,21884,16202,5682,23972,5018,18954,282,222,60,51,15,36,0,0,0
19,344,District - Paschim Medinipur (18),Rural,Age not stated,7792,4253,3539,3477,2083,1394,3864,2081,1783,408,76,332,23,6,17,20,7,13,0,0,0
19,344,District - Paschim Medinipur (18),Rural,Less than 18,1727476,886987,840489,1689477,877111,812366,36275,9347,26928,1040,246,794,472,213,259,212,70,142,0,0,0
19,344,District - Paschim Medinipur (18),Rural,Less than 21,2061041,1051745,1009296,1894583,1024426,870157,163145,26488,136657,1770,397,1373,977,321,656,566,113,453,0,0,0
19,344,District - Paschim Medinipur (18),Urban,All ages,722686,366164,356522,304537,174043,130494,372929,185043,187886,40987,6028,34959,3002,773,2229,1231,277,954,0,0,0
19,344,District - Paschim Medinipur (18),Urban,0-9,100515,51043,49472,100515,51043,49472,0,0,0,0,0,0,0,0,0,0,0,0,0,0,0
19,344,District - Paschim Medinipur (18),Urban,10-14,60129,30301,29828,58446,29620,28826,1521,615,906,98,41,57,46,17,29,18,8,10,0,0,0
19,344,District - Paschim Medinipur (18),Urban,15-19,64536,32751,31785,55591,31182,24409,8642,1473,7169,188,54,134,86,32,54,29,10,19,0,0,0
19,344,District - Paschim Medinipur (18),Urban,20-24,69006,33873,35133,39930,26609,13321,28452,7125,21327,320,87,233,214,41,173,90,11,79,0,0,0
19,344,District - Paschim Medinipur (18),Urban,25-29,65677,32475,33202,21199,15915,5284,43382,16339,27043,577,118,459,376,81,295,143,22,121,0,0,0
19,344,District - Paschim Medinipur (18),Urban,30-34,58494,28605,29889,8936,6626,2310,48031,21680,26351,972,171,801,382,90,292,173,38,135,0,0,0
19,344,District - Paschim Medinipur (18),Urban,35-39,59528,29035,30493,4590,3028,1562,52587,25642,26945,1714,226,1488,456,98,358,181,41,140,0,0,0
19,344,District - Paschim Medinipur (18),Urban,40-44,52575,26905,25670,2921,1716,1205,46460,24755,21705,2647,306,2341,382,95,287,165,33,132,0,0,0
19,344,District - Paschim Medinipur (18),Urban,45-49,47985,24477,23508,2076,1115,961,42003,22871,19132,3355,352,3003,385,100,285,166,39,127,0,0,0
19,344,District - Paschim Medinipur (18),Urban,50-54,39085,21011,18074,1497,766,731,33008,19607,13401,4207,531,3676,257,72,185,116,35,81,0,0,0
19,344,District - Paschim Medinipur (18),Urban,55-59,30179,16302,13877,1000,515,485,24804,15214,9590,4159,514,3645,154,47,107,62,12,50,0,0,0
19,344,District - Paschim Medinipur (18),Urban,60-64,23252,11572,11680,698,342,356,16843,10525,6318,5557,662,4895,120,37,83,34,6,28,0,0,0
19,344,District - Paschim Medinipur (18),Urban,65-69,17679,9017,8662,522,267,255,11764,7947,3817,5308,772,4536,62,20,42,23,11,12,0,0,0
19,344,District - Paschim Medinipur (18),Urban,70-74,12175,5915,6260,282,133,149,6958,5055,1903,4892,704,4188,28,17,11,15,6,9,0,0,0
19,344,District - Paschim Medinipur (18),Urban,75-79,6889,3418,3471,171,93,78,3568,2703,865,3126,609,2517,20,11,9,4,2,2,0,0,0
19,344,District - Paschim Medinipur (18),Urban,80+,7717,3542,4175,599,349,250,3342,2356,986,3740,821,2919,27,14,13,9,2,7,0,0,0
19,344,District - Paschim Medinipur (18),Urban,Age not stated,7265,5922,1343,5564,4724,840,1564,1136,428,127,60,67,7,1,6,3,1,2,0,0,0
19,344,District - Paschim Medinipur (18),Urban,Less than 18,197109,100223,96886,192641,98850,93791,4143,1250,2893,206,70,136,87,38,49,32,15,17,0,0,0
19,344,District - Paschim Medinipur (18),Urban,Less than 21,240974,121517,119457,224745,118199,106546,15651,3129,12522,345,113,232,168,56,112,65,20,45,0,0,0
19,345,District - Purba Medinipur (19),Total,All ages,5095875,2629834,2466041,2161904,1256482,905422,2695594,1336397,1359197,213687,31550,182137,15712,3836,11876,8978,1569,7409,0,0,0
19,345,District - Purba Medinipur (19),Total,0-9,864490,442777,421713,864490,442777,421713,0,0,0,0,0,0,0,0,0,0,0,0,0,0,0
19,345,District - Purba Medinipur (19),Total,10-14,505569,258527,247042,496497,254895,241602,8535,3456,5079,270,69,201,205,83,122,62,24,38,0,0,0
19,345,District - Purba Medinipur (19),Total,15-19,522970,271400,251570,431583,260818,170765,89990,10257,79733,709,162,547,452,126,326,236,37,199,0,0,0
19,345,District - Purba Medinipur (19),Total,20-24,508380,260662,247718,223388,183990,39398,281766,76092,205674,1155,225,930,1152,221,931,919,134,785,0,0,0
19,345,District - Purba Medinipur (19),Total,25-29,465269,237067,228202,85553,74012,11541,374735,162181,212554,2144,379,1765,1549,268,1281,1288,227,1061,0,0,0
19,345,District - Purba Medinipur (19),Total,30-34,389515,199510,190005,24211,18860,5351,358790,179648,179142,3469,504,2965,1744,286,1458,1301,212,1089,0,0,0
19,345,District - Purba Medinipur (19),Total,35-39,386922,195730,191192,10733,6841,3892,366998,187595,179403,5830,683,5147,1995,376,1619,1366,235,1131,0,0,0
19,345,District - Purba Medinipur (19),Total,40-44,324500,171747,152753,6544,3693,2851,306024,166637,139387,8934,893,8041,1844,317,1527,1154,207,947,0,0,0
19,345,District - Purba Medinipur (19),Total,45-49,283305,148900,134405,4760,2549,2211,263557,144548,119009,12320,1306,11014,1789,364,1425,879,133,746,0,0,0
19,345,District - Purba Medinipur (19),Total,50-54,220847,120536,100311,3429,1731,1698,199126,116648,82478,16226,1733,14493,1324,302,1022,742,122,620,0,0,0
19,345,District - Purba Medinipur (19),Total,55-59,179158,96373,82785,2418,1236,1182,155214,92392,62822,20110,2420,17690,996,243,753,420,82,338,0,0,0
19,345,District - Purba Medinipur (19),Total,60-64,142564,73737,68827,1862,1022,840,110547,69180,41367,29002,3219,25783,869,256,613,284,60,224,0,0,0
19,345,District - Purba Medinipur (19),Total,65-69,116826,58518,58308,1311,790,521,80874,53186,27688,33812,4228,29584,691,283,408,138,31,107,0,0,0
19,345,District - Purba Medinipur (19),Total,70-74,80107,40957,39150,723,455,268,48156,35416,12740,30675,4814,25861,461,245,216,92,27,65,0,0,0
19,345,District - Purba Medinipur (19),Total,75-79,47480,24282,23198,486,326,160,25767,19751,6016,20904,3999,16905,286,189,97,37,17,20,0,0,0
19,345,District - Purba Medinipur (19),Total,80+,55043,27355,27688,2393,1475,918,24251,18701,5550,28010,6894,21116,335,267,68,54,18,36,0,0,0
19,345,District - Purba Medinipur (19),Total,Age not stated,2930,1756,1174,1523,1012,511,1264,709,555,117,22,95,20,10,10,6,3,3,0,0,0
19,345,District - Purba Medinipur (19),Total,Less than 18,1668217,859715,808502,1637846,851838,786008,29153,7534,21619,701,167,534,389,141,248,128,35,93,0,0,0
19,345,District - Purba Medinipur (19),Total,Less than 21,2012848,1030508,982340,1856052,1007829,848223,154230,22080,132150,1250,286,964,838,233,605,478,80,398,0,0,0
19,345,District - Purba Medinipur (19),Rural,All ages,4503161,2322562,2180599,1902676,1105628,797048,2390271,1183825,1206446,189020,28437,160583,13320,3276,10044,7874,1396,6478,0,0,0
19,345,District - Purba Medinipur (19),Rural,0-9,770640,394828,375812,770640,394828,375812,0,0,0,0,0,0,0,0,0,0,0,0,0,0,0
19,345,District - Purba Medinipur (19),Rural,10-14,449869,229992,219877,441756,226702,215054,7640,3129,4511,229,65,164,184,74,110,60,22,38,0,0,0
19,345,District - Purba Medinipur (19),Rural,15-19,460459,238623,221836,378074,229143,148931,81168,9193,71975,614,144,470,387,108,279,216,35,181,0,0,0
19,345,District - Purba Medinipur (19),Rural,20-24,446162,228036,218126,190702,159190,31512,252628,68330,184298,1031,198,833,980,189,791,821,129,692,0,0,0
19,345,District - Purba Medinipur (19),Rural,25-29,409926,209210,200716,72013,63049,8964,333586,145383,188203,1876,349,1527,1324,230,1094,1127,199,928,0,0,0
19,345,District - Purba Medinipur (19),Rural,30-34,342645,175589,167056,19859,15491,4368,317216,159229,157987,2995,437,2558,1436,240,1196,1139,192,947,0,0,0
19,345,District - Purba Medinipur (19),Rural,35-39,340116,171971,168145,8801,5538,3263,323478,165302,158176,4994,612,4382,1653,313,1340,1190,206,984,0,0,0
19,345,District - Purba Medinipur (19),Rural,40-44,285443,151161,134282,5344,2999,2345,270016,146979,123037,7561,763,6798,1533,248,1285,989,172,817,0,0,0
19,345,District - Purba Medinipur (19),Rural,45-49,248415,130611,117804,3901,2087,1814,231835,126969,104866,10427,1144,9283,1477,287,1190,775,124,651,0,0,0
19,345,District - Purba Medinipur (19),Rural,50-54,193763,105674,88089,2772,1399,1373,175271,102378,72893,13949,1538,12411,1127,251,876,644,108,536,0,0,0
19,345,District - Purba Medinipur (19),Rural,55-59,157720,84521,73199,1991,1051,940,137014,81078,55936,17500,2126,15374,840,194,646,375,72,303,0,0,0
19,345,District - Purba Medinipur (19),Rural,60-64,126683,65307,61376,1510,853,657,98408,61325,37083,25763,2851,22912,758,228,530,244,50,194,0,0,0
19,345,District - Purba Medinipur (19),Rural,65-69,104697,52222,52475,1049,644,405,72509,47449,25060,30402,3844,26558,615,257,358,122,28,94,0,0,0
19,345,District - Purba Medinipur (19),Rural,70-74,72015,36793,35222,583,373,210,43321,31781,11540,27611,4397,23214,412,216,196,88,26,62,0,0,0
19,345,District - Purba Medinipur (19),Rural,75-79,42722,21925,20797,394,265,129,23251,17857,5394,18789,3616,15173,257,173,84,31,14,17,0,0,0
19,345,District - Purba Medinipur (19),Rural,80+,49480,24741,24739,2093,1285,808,21846,16847,4999,25174,6335,18839,320,258,62,47,16,31,0,0,0
19,345,District - Purba Medinipur (19),Rural,Age not stated,2406,1358,1048,1194,731,463,1084,596,488,105,18,87,17,10,7,6,3,3,0,0,0
19,345,District - Purba Medinipur (19),Rural,Less than 18,1483883,764865,719018,1456681,757760,698921,26141,6795,19346,603,154,449,341,124,217,117,32,85,0,0,0
19,345,District - Purba Medinipur (19),Rural,Less than 21,1785462,913423,872039,1644532,893158,751374,138677,19726,118951,1086,258,828,727,205,522,440,76,364,0,0,0
19,345,District - Purba Medinipur (19),Urban,All ages,592714,307272,285442,259228,150854,108374,305323,152572,152751,24667,3113,21554,2392,560,1832,1104,173,931,0,0,0
19,345,District - Purba Medinipur (19),Urban,0-9,93850,47949,45901,93850,47949,45901,0,0,0,0,0,0,0,0,0,0,0,0,0,0,0
19,345,District - Purba Medinipur (19),Urban,10-14,55700,28535,27165,54741,28193,26548,895,327,568,41,4,37,21,9,12,2,2,0,0,0,0
19,345,District - Purba Medinipur (19),Urban,15-19,62511,32777,29734,53509,31675,21834,8822,1064,7758,95,18,77,65,18,47,20,2,18,0,0,0
19,345,District - Purba Medinipur (19),Urban,20-24,62218,32626,29592,32686,24800,7886,29138,7762,21376,124,27,97,172,32,140,98,5,93,0,0,0
19,345,District - Purba Medinipur (19),Urban,25-29,55343,27857,27486,13540,10963,2577,41149,16798,24351,268,30,238,225,38,187,161,28,133,0,0,0
19,345,District - Purba Medinipur (19),Urban,30-34,46870,23921,22949,4352,3369,983,41574,20419,21155,474,67,407,308,46,262,162,20,142,0,0,0
19,345,District - Purba Medinipur (19),Urban,35-39,46806,23759,23047,1932,1303,629,43520,22293,21227,836,71,765,342,63,279,176,29,147,0,0,0
19,345,District - Purba Medinipur (19),Urban,40-44,39057,20586,18471,1200,694,506,36008,19658,16350,1373,130,1243,311,69,242,165,35,130,0,0,0
19,345,District - Purba Medinipur (19),Urban,45-49,34890,18289,16601,859,462,397,31722,17579,14143,1893,162,1731,312,77,235,104,9,95,0,0,0
19,345,District - Purba Medinipur (19),Urban,50-54,27084,14862,12222,657,332,325,23855,14270,9585,2277,195,2082,197,51,146,98,14,84,0,0,0
19,345,District - Purba Medinipur (19),Urban,55-59,21438,11852,9586,427,185,242,18200,11314,6886,2610,294,2316,156,49,107,45,10,35,0,0,0
19,345,District - Purba Medinipur (19),Urban,60-64,15881,8430,7451,352,169,183,12139,7855,4284,3239,368,2871,111,28,83,40,10,30,0,0,0
19,345,District - Purba Medinipur (19),Urban,65-69,12129,6296,5833,262,146,116,8365,5737,2628,3410,384,3026,76,26,50,16,3,13,0,0,0
19,345,District - Purba Medinipur (19),Urban,70-74,8092,4164,3928,140,82,58,4835,3635,1200,3064,417,2647,49,29,20,4,1,3,0,0,0
19,345,District - Purba Medinipur (19),Urban,75-79,4758,2357,2401,92,61,31,2516,1894,622,2115,383,1732,29,16,13,6,3,3,0,0,0
19,345,District - Purba Medinipur (19),Urban,80+,5563,2614,2949,300,190,110,2405,1854,551,2836,559,2277,15,9,6,7,2,5,0,0,0
19,345,District - Purba Medinipur (19),Urban,Age not stated,524,398,126,329,281,48,180,113,67,12,4,8,3,0,3,0,0,0,0,0,0
19,345,District - Purba Medinipur (19),Urban,Less than 18,184334,94850,89484,181165,94078,87087,3012,739,2273,98,13,85,48,17,31,11,3,8,0,0,0
19,345,District - Purba Medinipur (19),Urban,Less than 21,227386,117085,110301,211520,114671,96849,15553,2354,13199,164,28,136,111,28,83,38,4,34,0,0,0
